"","trace_name","quantile","score1.n","score1.w","score1_adj.n","score1_adj.w","score2.n","score2.w","score2_adj.n","score2_adj.w"
"1","1010498",0.9999,0.918918918918919,37,0.903225806451613,31,0.100899959292454,39,0.0775213770903426,39
"2","1010508",0.9999,1,1,1,1,0.00263157894736842,40,0.00263157894736842,40
"3","1010540",0.9999,0.975,40,0.973684210526316,38,0.481561781469557,40,0.455011393872658,40
"4","1010562",0.9999,NA,0,NA,0,0,28,0,28
"5","1010567",0.9999,NA,0,NA,0,0,25,0,25
"6","1010611",0.9999,0.966666666666667,30,0.964285714285714,28,0.0558491202996326,39,0.0511501993111189,39
"7","1010614",0.9999,0.925,40,0.911764705882353,34,0.189031275519612,40,0.147392620057427,40
"8","1010690",0.9999,NA,0,NA,0,0,38,0,38
"9","1010714",0.9999,0.975,40,0.973684210526316,38,0.28503994186436,40,0.269279072299142,40
"10","1010723",0.9999,NA,0,NA,0,0,40,0,40
"11","1010730",0.9999,1,5,1,5,0.0104051802247472,40,0.0104051802247472,40
"12","1010794",0.9999,0.95,40,0.944444444444444,36,0.484884753519254,40,0.436338241891347,40
"13","1013889",0.9999,1,1,1,1,0.000595238095238095,40,0.000595238095238095,40
"14","1013891",0.9999,1,7,1,7,0.0109692441704637,40,0.0109692441704637,40
"15","1013911",0.9999,1,1,1,1,0.000595238095238095,40,0.000595238095238095,40
"16","1013935",0.9999,1,13,1,13,0.0166666666666667,40,0.0166666666666667,40
"17","1013936",0.9999,1,13,1,13,0.0178743618831537,40,0.0178743618831537,40
"18","1013944",0.9999,NA,0,NA,0,0,39,0,39
"19","1013965",0.9999,1,9,1,9,0.00919253510716925,40,0.00919253510716925,40
"20","1013976",0.9999,NA,0,NA,0,0,40,0,40
"21","1013982",0.9999,1,10,1,10,0.0117042653520523,40,0.0117042653520523,40
"22","1013990",0.9999,1,10,1,10,0.00840592334494774,40,0.00840592334494774,40
"23","1014019",0.9999,NA,0,NA,0,0,40,0,40
"24","1014046",0.9999,1,4,1,4,0.00535714285714286,40,0.00535714285714286,40
"25","1014048",0.9999,1,7,1,7,0.0125871080139373,40,0.0125871080139373,40
"26","1014056",0.9999,1,10,1,10,0.0219856575642168,40,0.0219856575642168,40
"27","1014060",0.9999,1,11,1,11,0.0136766334440753,40,0.0136766334440753,40
"28","1014077",0.9999,1,4,1,4,0.00416666666666667,40,0.00416666666666667,40
"29","1014094",0.9999,1,4,1,4,0.00772058823529412,40,0.00772058823529412,40
"30","1014096",0.9999,1,1,1,1,0.00182926829268293,40,0.00182926829268293,40
"31","1014098",0.9999,1,20,1,20,0.0290995293466224,40,0.0290995293466224,40
"32","1014119",0.9999,1,28,1,28,0.0263993758179805,40,0.0263993758179805,40
"33","1014128",0.9999,NA,0,NA,0,0,40,0,40
"34","1014150",0.9999,1,40,1,40,0.197117018264994,40,0.197117018264994,40
"35","1014155",0.9999,NA,0,NA,0,0,39,0,39
"36","1014163",0.9999,1,2,1,2,0.00182926829268293,40,0.00182926829268293,40
"37","1014164",0.9999,1,39,1,39,0.0536132522350971,40,0.0536132522350971,40
"38","1014172",0.9999,NA,0,NA,0,0,40,0,40
"39","1014213",0.9999,NA,0,NA,0,0,40,0,40
"40","1014271",0.9999,1,8,1,8,0.00933184927087366,40,0.00933184927087366,40
"41","1014286",0.9999,1,40,1,40,0.218887513452731,40,0.218887513452731,40
"42","1014294",0.9999,1,40,1,40,0.386547174037063,40,0.386547174037063,40
"43","1014302",0.9999,1,6,1,6,0.00873223514211886,40,0.00873223514211886,40
"44","1014304",0.9999,1,10,1,10,0.0155696290143965,40,0.0155696290143965,40
"45","1014307",0.9999,1,11,1,11,0.0117801771871539,40,0.0117801771871539,40
"46","1014312",0.9999,1,7,1,7,0.00659117305458769,40,0.00659117305458769,40
"47","1014361",0.9999,1,40,1,40,0.211315250674961,40,0.211315250674961,40
"48","1014363",0.9999,1,28,1,28,0.127603386012652,40,0.127603386012652,40
"49","1014365",0.9999,1,26,1,26,0.160207353584708,40,0.160207353584708,40
"50","1014371",0.9999,1,40,1,40,0.260489506436401,40,0.260489506436401,40
"51","1014403",0.9999,1,1,1,1,0.00290697674418605,40,0.00290697674418605,40
"52","1014420",0.9999,1,22,1,22,0.0416377380890994,40,0.0416377380890994,40
"53","1014435",0.9999,1,8,1,8,0.0182474625625047,40,0.0182474625625047,40
"54","1014447",0.9999,NA,0,NA,0,0,40,0,40
"55","1014469",0.9999,1,1,1,1,0.00119047619047619,40,0.00119047619047619,40
"56","1014484",0.9999,1,13,1,13,0.036377672714882,40,0.036377672714882,40
"57","1014493",0.9999,1,14,1,14,0.0156615843123217,40,0.0156615843123217,40
"58","1014550",0.9999,NA,0,NA,0,0,40,0,40
"59","1014566",0.9999,1,5,1,5,0.00495395368481018,40,0.00495395368481018,40
"60","1014582",0.9999,1,22,1,22,0.056063122923588,40,0.056063122923588,40
"61","1014593",0.9999,1,4,1,4,0.00535714285714286,40,0.00535714285714286,40
"62","1014600",0.9999,NA,0,NA,0,0,40,0,40
"63","1014610",0.9999,NA,0,NA,0,0,40,0,40
"64","1014611",0.9999,NA,0,NA,0,0,40,0,40
"65","1014612",0.9999,1,19,1,19,0.0262242389865759,40,0.0262242389865759,40
"66","1014627",0.9999,1,1,1,1,0.00238095238095238,40,0.00238095238095238,40
"67","1014653",0.9999,0.974358974358974,39,0.972972972972973,37,0.186962956676249,40,0.170833924418185,40
"68","1014655",0.9999,1,29,1,29,0.0770992923553552,40,0.0770992923553552,40
"69","1014660",0.9999,0.925,40,0.942857142857143,35,0.552685724923783,40,0.496741944605003,40
"70","1014685",0.9999,0.933333333333333,30,0.923076923076923,26,0.156864373677224,39,0.145986362799213,39
"71","1014696",0.9999,0.975,40,0.973684210526316,38,0.417187109392435,40,0.398260827341153,40
"72","1014697",0.9999,1,40,1,40,0.389861840086015,40,0.389861840086015,40
"73","1014721",0.9999,1,40,1,40,0.431089309241483,40,0.431089309241483,40
"74","1014734",0.9999,1,29,1,29,0.0667966629541365,40,0.0667966629541365,40
"75","1014736",0.9999,1,6,1,6,0.00784784938879766,40,0.00784784938879766,40
"76","1014746",0.9999,0.870967741935484,31,0.88,25,0.195325145243362,38,0.176907766087837,38
"77","1014794",0.9999,1,1,1,1,0.000862068965517241,40,0.000862068965517241,40
"78","1014804",0.9999,NA,0,NA,0,0,39,0,39
"79","1014822",0.9999,NA,0,NA,0,0,40,0,40
"80","1014853",0.9999,NA,0,NA,0,0,36,0,36
"81","1014858",0.9999,0.904761904761905,21,0.944444444444444,18,0.113967265534603,38,0.0818035228445445,38
"82","1014873",0.9999,NA,0,NA,0,0,33,0,33
"83","1014876",0.9999,NA,0,NA,0,0,38,0,38
"84","1014881",0.9999,1,31,1,31,0.078516780166111,40,0.078516780166111,40
"85","1014887",0.9999,NA,0,NA,0,0,34,0,34
"86","1014890",0.9999,NA,0,NA,0,0,36,0,36
"87","1014892",0.9999,1,1,1,1,0.0087719298245614,38,0.0087719298245614,38
"88","1014905",0.9999,NA,0,NA,0,0,40,0,40
"89","1014964",0.9999,0.941176470588235,17,0.933333333333333,15,0.0357640158173695,40,0.0309875930531418,40
"90","1015048",0.9999,0.975,40,0.973684210526316,38,0.40007483647591,40,0.378469302370376,40
"91","1015164",0.9999,0.975,40,0.973684210526316,38,0.396298696789198,40,0.353298696789198,40
"92","1015170",0.9999,1,40,1,40,0.445499149040847,40,0.445499149040847,40
"93","1015176",0.9999,1,16,1,16,0.0279627545417019,40,0.0279627545417019,40
"94","1015199",0.9999,NA,0,NA,0,0,40,0,40
"95","1015204",0.9999,1,40,1,40,0.257088365235206,40,0.257088365235206,40
"96","1015242",0.9999,0.95,40,0.972972972972973,37,0.440773276011219,40,0.424346993959937,40
"97","1015259",0.9999,0.909090909090909,11,0.888888888888889,9,0.0210333952727462,39,0.0132633875027384,39
"98","1015271",0.9999,0.95,40,0.944444444444444,36,0.099085621220126,40,0.0772602243947292,40
"99","1015283",0.9999,1,26,1,26,0.0926039210452166,39,0.0926039210452166,39
"100","1015295",0.9999,NA,0,NA,0,0,40,0,40
"101","1015303",0.9999,0.975,40,0.973684210526316,38,0.394748889455511,40,0.380584802768204,40
"102","1015323",0.9999,1,40,1,40,0.44072577096057,40,0.44072577096057,40
"103","1015390",0.9999,1,40,1,40,0.477967220558637,40,0.477967220558637,40
"104","1015398",0.9999,NA,0,NA,0,0,40,0,40
"105","1015412",0.9999,NA,0,NA,0,0,40,0,40
"106","1015414",0.9999,1,40,1,40,0.511628743132308,40,0.511628743132308,40
"107","1015430",0.9999,1,40,1,40,0.172184538935477,40,0.172184538935477,40
"108","1015431",0.9999,NA,0,NA,0,0,40,0,40
"109","1015434",0.9999,NA,0,NA,0,0,39,0,39
"110","1015435",0.9999,1,40,1,40,0.48164693404704,40,0.48164693404704,40
"111","1015441",0.9999,NA,0,NA,0,0,35,0,35
"112","1015455",0.9999,0.95,40,0.944444444444444,36,0.450452856488378,40,0.40098589052751,40
"113","1015481",0.9999,NA,0,NA,0,0,35,0,35
"114","1015497",0.9999,NA,0,NA,0,0,40,0,40
"115","1015521",0.9999,NA,0,NA,0,0,33,0,33
"116","1015525",0.9999,1,28,1,28,0.0807349941926919,40,0.0807349941926919,40
"117","1015542",0.9999,0.975,40,0.973684210526316,38,0.290272331154684,40,0.272415188297541,40
"118","1015562",0.9999,0.95,40,0.944444444444444,36,0.256479360951021,40,0.232473679132839,40
"119","1015566",0.9999,1,40,1,40,0.265365567821741,40,0.265365567821741,40
"120","1015574",0.9999,0.925,40,0.911764705882353,34,0.277745890494603,39,0.237850660276792,39
"121","1015575",0.9999,0.948717948717949,39,0.945945945945946,37,0.153638208229942,40,0.142347885649297,40
"122","1015586",0.9999,1,40,1,40,0.577397818947669,40,0.577397818947669,40
"123","1015594",0.9999,1,40,1,40,0.498932623868063,40,0.498932623868063,40
"124","1015597",0.9999,0.975,40,0.975,40,0.473782167410867,39,0.473782167410867,39
"125","1015621",0.9999,0.975,40,0.973684210526316,38,0.410999724391321,39,0.388086467435511,39
"126","1015626",0.9999,1,40,1,40,0.592938299196232,40,0.592938299196232,40
"127","1015651",0.9999,1,40,1,40,0.896530989824237,40,0.896530989824237,40
"128","1015673",0.9999,NA,0,NA,0,0,40,0,40
"129","1015680",0.9999,NA,0,NA,0,0,40,0,40
"130","1015683",0.9999,1,40,1,40,0.433304002760524,40,0.433304002760524,40
"131","1015691",0.9999,1,4,1,4,0.0147567336270802,38,0.0147567336270802,38
"132","1016",0.9999,0.92,25,0.904761904761905,21,0.0608505716534519,39,0.0453566569659888,39
"133","1016028",0.9999,0.8,5,0.8,5,0.00431555127440637,39,0.00431555127440637,39
"134","1016045",0.9999,0.975,40,0.973684210526316,38,0.234893736262332,40,0.228276089203509,40
"135","1016091",0.9999,1,31,1,31,0.0462066315557271,40,0.0462066315557271,40
"136","1016100",0.9999,1,1,1,1,0.000712250712250712,39,0.000712250712250712,39
"137","1016137",0.9999,1,40,1,40,0.469302225833367,40,0.469302225833367,40
"138","1016185",0.9999,1,40,1,40,0.344815017108495,40,0.344815017108495,40
"139","1016200",0.9999,NA,0,NA,0,0,37,0,37
"140","1016236",0.9999,NA,0,NA,0,0,40,0,40
"141","1016238",0.9999,1,1,1,1,0.000711237553342816,38,0.000711237553342816,38
"142","1016271",0.9999,0.958333333333333,24,0.956521739130435,23,0.0992762303636917,40,0.0814190875065488,40
"143","1016290",0.9999,1,40,1,40,0.385144051467643,40,0.385144051467643,40
"144","1016319",0.9999,1,40,1,40,0.150201727248602,40,0.150201727248602,40
"145","1016323",0.9999,1,24,1,24,0.0456608277259754,40,0.0456608277259754,40
"146","1016328",0.9999,1,40,1,40,0.14484360409778,40,0.14484360409778,40
"147","1016338",0.9999,1,40,1,40,0.85849907493062,40,0.85849907493062,40
"148","1016339",0.9999,1,40,1,40,0.37863417484806,40,0.37863417484806,40
"149","1016362",0.9999,1,40,1,40,0.137981208143243,40,0.137981208143243,40
"150","1016365",0.9999,1,40,1,40,0.146390157807309,40,0.146390157807309,40
"151","1016379",0.9999,0.975,40,0.973684210526316,38,0.243440982116412,40,0.229804618480048,40
"152","1016383",0.9999,1,40,1,40,0.385931700626469,40,0.385931700626469,40
"153","1016388",0.9999,1,40,1,40,0.49226312562203,40,0.49226312562203,40
"154","1016391",0.9999,NA,0,NA,0,NA,0,NA,0
"155","1016395",0.9999,1,40,1,40,0.576369102682701,40,0.576369102682701,40
"156","1016421",0.9999,1,40,1,40,0.586559318139404,40,0.586559318139404,40
"157","1016426",0.9999,1,40,1,40,0.663755760666597,40,0.663755760666597,40
"158","1016471",0.9999,0.975,40,0.973684210526316,38,0.268115405620087,40,0.245766133270815,40
"159","1016486",0.9999,NA,0,NA,0,0,39,0,39
"160","1016488",0.9999,0.925,40,0.911764705882353,34,0.610818988758018,40,0.501112549364079,40
"161","1016493",0.9999,0.918918918918919,37,0.9375,32,0.130220772733821,39,0.104019136854766,39
"162","1016494",0.9999,0.975,40,0.973684210526316,38,0.164504215542522,40,0.159911412512219,40
"163","1016513",0.9999,0.975,40,0.973684210526316,38,0.281378770260792,40,0.269723364855386,40
"164","1016514",0.9999,0.975,40,0.975,40,0.327113295822222,40,0.327113295822222,40
"165","1016519",0.9999,1,40,1,40,0.50908990057494,40,0.50908990057494,40
"166","1016525",0.9999,0.973684210526316,38,0.972222222222222,36,0.225536553804005,40,0.194223422490874,40
"167","1016527",0.9999,1,40,1,40,0.26784672391942,40,0.26784672391942,40
"168","1016648",0.9999,NA,0,NA,0,0,6,0,6
"169","1016659",0.9999,0.975,40,0.973684210526316,38,0.44232170525935,39,0.415948078885724,39
"170","1016682",0.9999,0.95,40,0.944444444444444,36,0.31484956627885,39,0.262785998916422,39
"171","1016774",0.9999,NA,0,NA,0,0,40,0,40
"172","1016776",0.9999,NA,0,NA,0,0,40,0,40
"173","1016794",0.9999,1,13,1,13,0.0210431172122855,40,0.0210431172122855,40
"174","1016801",0.9999,NA,0,NA,0,0,35,0,35
"175","1016822",0.9999,NA,0,NA,0,0,39,0,39
"176","1016830",0.9999,NA,0,NA,0,0,39,0,39
"177","1016840",0.9999,NA,0,NA,0,0,40,0,40
"178","1016953",0.9999,0.931034482758621,29,0.92,25,0.100344350645219,39,0.0905206170311629,39
"179","1017015",0.9999,NA,0,NA,0,0,39,0,39
"180","1017021",0.9999,1,31,1,31,0.0792049069159027,40,0.0792049069159027,40
"181","1017025",0.9999,NA,0,NA,0,0,39,0,39
"182","1017066",0.9999,0.916666666666667,12,0.916666666666667,12,0.0239992486146332,39,0.0239992486146332,39
"183","1017069",0.9999,0.975,40,0.973684210526316,38,0.18564756331658,39,0.18023877741999,39
"184","1017084",0.9999,0.975,40,0.973684210526316,38,0.524766927667375,40,0.495357922038857,40
"185","1017087",0.9999,0.975,40,0.973684210526316,38,0.524281123925375,40,0.496803646447898,40
"186","1017089",0.9999,0.975,40,0.973684210526316,38,0.371935534161365,40,0.349018867494698,40
"187","1017096",0.9999,1,4,1,4,0.00511342694972726,40,0.00511342694972726,40
"188","1017103",0.9999,0.944444444444444,36,0.9375,32,0.166417227232076,39,0.152107862234855,39
"189","1017122",0.9999,0.974358974358974,39,0.972972972972973,37,0.526159420289855,40,0.498792270531401,40
"190","1017125",0.9999,1,40,1,40,0.541845298281092,40,0.541845298281092,40
"191","1017142",0.9999,1,40,1,40,0.781119265498824,40,0.781119265498824,40
"192","1017283",0.9999,0.975,40,0.973684210526316,38,0.388400657448718,39,0.357480597116893,39
"193","1017306",0.9999,0.95,40,0.944444444444444,36,0.419426790196825,40,0.370141075911111,40
"194","1017312",0.9999,1,1,1,1,0.00170940170940171,39,0.00170940170940171,39
"195","1017330",0.9999,NA,0,NA,0,0,39,0,39
"196","1017353",0.9999,1,40,1,40,0.453959677167255,40,0.453959677167255,40
"197","1017354",0.9999,1,40,1,40,0.166690569078753,40,0.166690569078753,40
"198","1017364",0.9999,NA,0,NA,0,0,40,0,40
"199","1017520",0.9999,0.95,40,0.944444444444444,36,0.307582208333843,40,0.275939892316527,40
"200","1017547",0.9999,0.975,40,0.975,40,0.339106996332761,40,0.339106996332761,40
"201","1017554",0.9999,0.954545454545455,22,0.95,20,0.0417269238501144,40,0.0340588566232237,40
"202","1017567",0.9999,NA,0,NA,0,0,39,0,39
"203","1017695",0.9999,1,40,1,40,0.340630712467952,40,0.340630712467952,40
"204","1017719",0.9999,0.95,40,0.944444444444444,36,0.264515687591258,40,0.229890198832704,40
"205","1017721",0.9999,0.9,40,0.909090909090909,33,0.473650203599177,40,0.396901951850925,40
"206","1017730",0.9999,1,4,1,4,0.01121875,40,0.01121875,40
"207","1017790",0.9999,NA,0,NA,0,0,32,0,32
"208","1017816",0.9999,NA,0,NA,0,0,40,0,40
"209","1017821",0.9999,NA,0,NA,0,0,40,0,40
"210","1017830",0.9999,1,40,1,40,0.349773711525958,40,0.349773711525958,40
"211","1017833",0.9999,NA,0,NA,0,0,40,0,40
"212","1017835",0.9999,1,1,1,1,0.00174418604651163,40,0.00174418604651163,40
"213","1017862",0.9999,1,1,1,1,0.00116279069767442,40,0.00116279069767442,40
"214","1017863",0.9999,NA,0,NA,0,0,40,0,40
"215","1017982",0.9999,NA,0,NA,0,0,25,0,25
"216","1018041",0.9999,NA,0,NA,0,0,22,0,22
"217","1018062",0.9999,1,13,1,13,0.0300550360831879,38,0.0300550360831879,38
"218","1018070",0.9999,1,40,1,40,0.391775001100057,40,0.391775001100057,40
"219","1018099",0.9999,0.909090909090909,33,0.928571428571429,28,0.296115384980464,39,0.271574235439314,39
"220","1018111",0.9999,0.975,40,0.973684210526316,38,0.204990991840552,40,0.195687014567824,40
"221","1018135",0.9999,0.975,40,0.973684210526316,38,0.209178797259596,39,0.203569822900622,39
"222","1018200",0.9999,NA,0,NA,0,0,37,0,37
"223","1018206",0.9999,NA,0,NA,0,0,40,0,40
"224","1018440",0.9999,0.95,40,0.944444444444444,36,0.299197700284768,38,0.275975582490282,38
"225","1018486",0.9999,0.925,40,0.911764705882353,34,0.282194734147196,38,0.236862990810359,38
"226","1019543",0.9999,1,40,1,40,0.836797252594749,40,0.836797252594749,40
"227","1019571",0.9999,1,40,1,40,0.709521604420513,40,0.709521604420513,40
"228","1020",0.9999,NA,0,NA,0,0,39,0,39
"229","1020003",0.9999,0.9375,32,0.928571428571429,28,0.136235878480838,40,0.109768075450535,40
"230","1020037",0.9999,0.894736842105263,38,0.866666666666667,30,0.228742932898002,39,0.175401805456378,39
"231","1020042",0.9999,1,40,1,40,0.154141889063503,40,0.154141889063503,40
"232","1020047",0.9999,1,40,1,40,0.531914893617021,40,0.531914893617021,40
"233","1020050",0.9999,1,40,1,40,0.519272637308263,40,0.519272637308263,40
"234","1020276",0.9999,1,6,1,6,0.0109514772976311,39,0.0109514772976311,39
"235","1020278",0.9999,0.975,40,0.973684210526316,38,0.313957501086284,39,0.299530325533788,39
"236","1020321",0.9999,NA,0,NA,0,0,36,0,36
"237","1020323",0.9999,NA,0,NA,0,0,34,0,34
"238","1020327",0.9999,1,30,1,30,0.19694874166045,40,0.19694874166045,40
"239","1020333",0.9999,NA,0,NA,0,0,35,0,35
"240","1020341",0.9999,NA,0,NA,0,0,36,0,36
"241","1020348",0.9999,NA,0,NA,0,0,35,0,35
"242","1021005",0.9999,1,2,1,2,0.00245491671637682,37,0.00245491671637682,37
"243","1021016",0.9999,NA,0,NA,0,0,37,0,37
"244","1021017",0.9999,1,3,1,3,0.00288550323176362,38,0.00288550323176362,38
"245","1021035",0.9999,1,3,1,3,0.0116971207087486,40,0.0116971207087486,40
"246","1021045",0.9999,NA,0,NA,0,0,37,0,37
"247","1021047",0.9999,NA,0,NA,0,0,37,0,37
"248","1021070",0.9999,NA,0,NA,0,0,37,0,37
"249","1021078",0.9999,0.975,40,0.973684210526316,38,0.764415368900663,40,0.727547732033026,40
"250","1021093",0.9999,1,40,1,40,0.649568593323587,40,0.649568593323587,40
"251","1021255",0.9999,1,40,1,40,0.875185013876041,40,0.875185013876041,40
"252","1021289",0.9999,1,40,1,40,0.346158503806056,40,0.346158503806056,40
"253","1021290",0.9999,1,40,1,40,0.463447005481278,40,0.463447005481278,40
"254","1021292",0.9999,1,40,1,40,0.31193084803403,40,0.31193084803403,40
"255","1021295",0.9999,1,40,1,40,0.337686922417346,40,0.337686922417346,40
"256","1021315",0.9999,1,40,1,40,0.940131822386679,40,0.940131822386679,40
"257","1021316",0.9999,NA,0,NA,0,0,38,0,38
"258","1021327",0.9999,1,40,1,40,0.597386177895331,40,0.597386177895331,40
"259","1021329",0.9999,1,40,1,40,0.866228660331343,40,0.866228660331343,40
"260","1021488",0.9999,1,40,1,40,0.190912279308448,40,0.190912279308448,40
"261","1021523",0.9999,0.91304347826087,23,0.9,20,0.0771949086833379,39,0.0535941366954691,39
"262","1021532",0.9999,0.95,40,0.944444444444444,36,0.279220801392343,40,0.238741375926504,40
"263","1021552",0.9999,0.975,40,0.973684210526316,38,0.383673975068795,40,0.361392869078011,40
"264","1021587",0.9999,1,40,1,40,0.709537820061076,40,0.709537820061076,40
"265","1021590",0.9999,1,3,1,3,0.00400297619047619,40,0.00400297619047619,40
"266","1021617",0.9999,NA,0,NA,0,0,39,0,39
"267","1021845",0.9999,1,40,1,40,0.537095282146161,40,0.537095282146161,40
"268","1021960",0.9999,1,40,1,40,0.585806574066287,40,0.585806574066287,40
"269","1021967",0.9999,NA,0,NA,0,0,39,0,39
"270","1022000",0.9999,1,40,1,40,0.525136073669823,40,0.525136073669823,40
"271","1022001",0.9999,NA,0,NA,0,0,39,0,39
"272","1022033",0.9999,0.95,40,0.944444444444444,36,0.490153281987988,40,0.432922889831125,40
"273","1022052",0.9999,0.975,40,0.973684210526316,38,0.570208361706515,40,0.540843282341436,40
"274","1022062",0.9999,0.925,40,0.911764705882353,34,0.592867782722617,40,0.502063746941464,40
"275","1022085",0.9999,0.975,40,0.973684210526316,38,0.690505624428965,40,0.653323806247147,40
"276","1022086",0.9999,0.974358974358974,39,0.972972972972973,37,0.234067952650798,40,0.216760260343105,40
"277","1022116",0.9999,NA,0,NA,0,0,34,0,34
"278","1022120",0.9999,NA,0,NA,0,0,40,0,40
"279","1022123",0.9999,0.958333333333333,24,0.956521739130435,23,0.0508682280555679,39,0.0502577274450673,39
"280","1022132",0.9999,NA,0,NA,0,0,40,0,40
"281","1022223",0.9999,1,40,1,40,0.38696693948459,40,0.38696693948459,40
"282","1022228",0.9999,1,40,1,40,0.427832646842224,40,0.427832646842224,40
"283","1022229",0.9999,1,40,1,40,0.264116504769558,40,0.264116504769558,40
"284","1022241",0.9999,0.96875,32,0.96875,32,0.248674242424242,40,0.248674242424242,40
"285","1022246",0.9999,0.975,40,0.973684210526316,38,0.087591320660111,39,0.078304908147892,39
"286","1022294",0.9999,0.947368421052632,38,0.941176470588235,34,0.241937671285052,38,0.228611014261945,38
"287","1022297",0.9999,1,40,1,40,0.189608636616646,40,0.189608636616646,40
"288","1022341",0.9999,NA,0,NA,0,0,8,0,8
"289","1022354",0.9999,NA,0,NA,0,0,1,0,1
"290","1022357",0.9999,NA,0,NA,0,0,27,0,27
"291","1022358",0.9999,NA,0,NA,0,NA,0,NA,0
"292","1022387",0.9999,NA,0,NA,0,NA,0,NA,0
"293","1022395",0.9999,0.975,40,0.973684210526316,38,0.437444242323136,40,0.414944242323136,40
"294","1022404",0.9999,0.95,40,0.973684210526316,38,0.453783080792194,40,0.434665433733371,40
"295","1022415",0.9999,1,40,1,40,0.891154848900678,40,0.891154848900678,40
"296","1022432",0.9999,0.975,40,0.973684210526316,38,0.639874760419123,40,0.60563562998434,40
"297","1022433",0.9999,NA,0,NA,0,0,40,0,40
"298","1022439",0.9999,NA,0,NA,0,0,40,0,40
"299","1022460",0.9999,1,40,1,40,0.460483780275299,40,0.460483780275299,40
"300","1022462",0.9999,0.925,40,0.942857142857143,35,0.583892910604976,40,0.527062316803907,40
"301","1022518",0.9999,1,40,1,40,0.326599787809041,40,0.326599787809041,40
"302","1022527",0.9999,1,40,1,40,0.284717875727183,40,0.284717875727183,40
"303","1022528",0.9999,1,40,1,40,0.303518958878158,40,0.303518958878158,40
"304","1022534",0.9999,0.974358974358974,39,0.972972972972973,37,0.302549271962236,40,0.284328118116082,40
"305","1023330",0.9999,0.916666666666667,12,0.9,10,0.0206060990649048,39,0.0163609901686331,39
"306","1023350",0.9999,NA,0,NA,0,0,40,0,40
"307","1023351",0.9999,1,30,1,30,0.09310809005129,40,0.09310809005129,40
"308","1023355",0.9999,NA,0,NA,0,0,40,0,40
"309","1023365",0.9999,NA,0,NA,0,0,38,0,38
"310","1023385",0.9999,0.9,40,0.909090909090909,33,0.33684720990431,39,0.286206184263285,39
"311","1023388",0.9999,0.903225806451613,31,0.88,25,0.155420337328966,38,0.124992705750019,38
"312","1023389",0.9999,0.970588235294118,34,0.96875,32,0.141464326348839,39,0.133451505836018,39
"313","1023467",0.9999,1,40,1,40,0.165200657428895,40,0.165200657428895,40
"314","1023485",0.9999,0.8,5,0.75,4,0.00493061299512912,39,0.00322121128572741,39
"315","1023505",0.9999,NA,0,NA,0,0,39,0,39
"316","1023543",0.9999,0.925,40,0.942857142857143,35,0.338583467751439,40,0.299193346783698,40
"317","1023568",0.9999,0.961538461538462,26,0.961538461538462,26,0.056778996112557,39,0.056778996112557,39
"318","1023610",0.9999,0.975,40,0.973684210526316,38,0.417502718028952,40,0.396290596816831,40
"319","1023641",0.9999,1,40,1,40,0.490102228958936,40,0.490102228958936,40
"320","1023645",0.9999,1,40,1,40,0.24617228380306,40,0.24617228380306,40
"321","1023647",0.9999,1,40,1,40,0.401026722528648,40,0.401026722528648,40
"322","1023652",0.9999,1,40,1,40,0.377452398897821,40,0.377452398897821,40
"323","1023685",0.9999,0.975,40,0.973684210526316,38,0.353267385212625,40,0.334117747770304,40
"324","1023795",0.9999,1,40,1,40,0.285685147539438,40,0.285685147539438,40
"325","1023797",0.9999,1,40,1,40,0.55289491542597,40,0.55289491542597,40
"326","1024069",0.9999,0.975,40,0.973684210526316,38,0.881007192648035,40,0.836858256477822,40
"327","1024081",0.9999,1,40,1,40,0.443541838733176,40,0.443541838733176,40
"328","1024089",0.9999,1,40,1,40,0.257658638963923,40,0.257658638963923,40
"329","1024093",0.9999,NA,0,NA,0,0,40,0,40
"330","1024095",0.9999,1,40,1,40,0.717387524302882,40,0.717387524302882,40
"331","1025295",0.9999,1,40,1,40,0.229064140810649,40,0.229064140810649,40
"332","1025320",0.9999,NA,0,NA,0,0,40,0,40
"333","1025323",0.9999,1,23,1,23,0.0874916260499785,39,0.0874916260499785,39
"334","1025336",0.9999,NA,0,NA,0,0,33,0,33
"335","1025645",0.9999,0.975,40,0.973684210526316,38,0.280934264122228,40,0.263381072632867,40
"336","1025647",0.9999,0.975,40,0.973684210526316,38,0.229985815602837,40,0.215624113475177,40
"337","1025650",0.9999,0.975,40,0.973684210526316,38,0.166736402666097,39,0.156370881662278,39
"338","1026159",0.9999,0.975,40,0.973684210526316,38,0.90360802754651,40,0.855830249768733,40
"339","1026535",0.9999,1,40,1,40,0.152482269503546,40,0.152482269503546,40
"340","1027295",0.9999,NA,0,NA,0,0,35,0,35
"341","1027322",0.9999,0.95,40,0.972972972972973,37,0.447449502004248,40,0.42762807343282,40
"342","1027323",0.9999,1,40,1,40,0.558167646284593,40,0.558167646284593,40
"343","1027340",0.9999,0.96875,32,0.966666666666667,30,0.289046584314379,40,0.276703394350221,40
"344","1027346",0.9999,1,30,1,30,0.220499841368636,40,0.220499841368636,40
"345","1027356",0.9999,0.956521739130435,23,0.956521739130435,23,0.166476106205555,38,0.166476106205555,38
"346","1027360",0.9999,1,27,1,27,0.147373618010018,40,0.147373618010018,40
"347","1027366",0.9999,1,40,1,40,0.140509474728625,40,0.140509474728625,40
"348","1027376",0.9999,0.925,40,0.941176470588235,34,0.309144109074761,40,0.273580662105064,40
"349","1027386",0.9999,0.95,40,0.972972972972973,37,0.231800224257677,40,0.20760667587058,40
"350","1027389",0.9999,1,40,1,40,0.207737149422077,40,0.207737149422077,40
"351","1027390",0.9999,0.95,40,0.972222222222222,36,0.12213429584809,40,0.10963429584809,40
"352","1027470",0.9999,1,16,1,16,0.0418734829667324,40,0.0418734829667324,40
"353","1027484",0.9999,0.95,40,0.945945945945946,37,0.429658846662544,40,0.381026510006951,40
"354","1027515",0.9999,0.973684210526316,38,0.972222222222222,36,0.135756257770889,40,0.131517001092608,40
"355","1027680",0.9999,NA,0,NA,0,0,37,0,37
"356","1028001",0.9999,NA,0,NA,0,0,28,0,28
"357","103",0.9999,NA,0,NA,0,0,11,0,11
"358","1033969",0.9999,1,40,1,40,0.101716502422032,40,0.101716502422032,40
"359","1033970",0.9999,1,24,1,24,0.0388580000779752,40,0.0388580000779752,40
"360","1034109",0.9999,1,40,1,40,0.134746096003913,40,0.134746096003913,40
"361","1034117",0.9999,1,1,1,1,0.00163800163800164,37,0.00163800163800164,37
"362","1034121",0.9999,NA,0,NA,0,0,36,0,36
"363","1034122",0.9999,1,7,1,7,0.0166308407583435,40,0.0166308407583435,40
"364","1034130",0.9999,NA,0,NA,0,0,36,0,36
"365","1034182",0.9999,0.777777777777778,9,0.857142857142857,7,0.0314903229206768,38,0.0242307947900053,38
"366","1034876",0.9999,1,1,1,1,0.000609756097560976,40,0.000609756097560976,40
"367","1034889",0.9999,1,1,1,1,0.00304878048780488,40,0.00304878048780488,40
"368","1034904",0.9999,1,1,1,1,0.00125,40,0.00125,40
"369","1034912",0.9999,NA,0,NA,0,0,40,0,40
"370","1034915",0.9999,1,2,1,2,0.00442612942612943,39,0.00442612942612943,39
"371","1034925",0.9999,1,4,1,4,0.00304878048780488,40,0.00304878048780488,40
"372","1034949",0.9999,1,14,1,14,0.0286877375673107,40,0.0286877375673107,40
"373","1034969",0.9999,1,1,1,1,0.000694444444444444,40,0.000694444444444444,40
"374","1034975",0.9999,1,19,1,19,0.0436708768873403,40,0.0436708768873403,40
"375","1034978",0.9999,1,11,1,11,0.0164663740730814,40,0.0164663740730814,40
"376","1034989",0.9999,NA,0,NA,0,0,39,0,39
"377","1035084",0.9999,1,3,1,3,0.00296234772978959,40,0.00296234772978959,40
"378","1035087",0.9999,1,20,1,20,0.0660295627042649,40,0.0660295627042649,40
"379","1035093",0.9999,1,25,1,25,0.0876937984496124,40,0.0876937984496124,40
"380","1035109",0.9999,1,6,1,6,0.00495728357008845,40,0.00495728357008845,40
"381","1035116",0.9999,1,1,1,1,0.000609756097560976,40,0.000609756097560976,40
"382","1035120",0.9999,1,4,1,4,0.00670731707317073,40,0.00670731707317073,40
"383","1035147",0.9999,1,4,1,4,0.00484901277584204,40,0.00484901277584204,40
"384","1035150",0.9999,1,4,1,4,0.00307926829268293,40,0.00307926829268293,40
"385","1035159",0.9999,1,7,1,7,0.0109030197444832,40,0.0109030197444832,40
"386","1035166",0.9999,1,1,1,1,0.000609756097560976,40,0.000609756097560976,40
"387","1035184",0.9999,1,4,1,4,0.0030640243902439,40,0.0030640243902439,40
"388","1035188",0.9999,1,40,1,40,0.389370255348516,40,0.389370255348516,40
"389","1035198",0.9999,1,40,1,40,0.458000749391043,40,0.458000749391043,40
"390","1035200",0.9999,1,40,1,40,0.262880866114562,40,0.262880866114562,40
"391","1035214",0.9999,1,4,1,4,0.00548925667828107,40,0.00548925667828107,40
"392","1035224",0.9999,1,5,1,5,0.00365853658536585,40,0.00365853658536585,40
"393","1035298",0.9999,1,13,1,13,0.0266405342624855,40,0.0266405342624855,40
"394","1035300",0.9999,1,4,1,4,0.0048780487804878,40,0.0048780487804878,40
"395","1035321",0.9999,1,1,1,1,0.00121951219512195,40,0.00121951219512195,40
"396","1035330",0.9999,1,7,1,7,0.0076961605467703,40,0.0076961605467703,40
"397","1035340",0.9999,1,1,1,1,0.000609756097560976,40,0.000609756097560976,40
"398","1035379",0.9999,1,34,1,34,0.0876479938251561,40,0.0876479938251561,40
"399","1035387",0.9999,1,1,1,1,0.000609756097560976,40,0.000609756097560976,40
"400","1035390",0.9999,1,6,1,6,0.00792682926829268,40,0.00792682926829268,40
"401","1035399",0.9999,NA,0,NA,0,0,40,0,40
"402","1035441",0.9999,1,40,1,40,0.223907272069707,40,0.223907272069707,40
"403","1035445",0.9999,1,40,1,40,0.246835156908459,40,0.246835156908459,40
"404","1035454",0.9999,1,40,1,40,0.205265942034001,40,0.205265942034001,40
"405","1035460",0.9999,1,40,1,40,0.229255319425721,40,0.229255319425721,40
"406","1035482",0.9999,0.975,40,0.973684210526316,38,0.109853430770513,40,0.0960276731947558,40
"407","1035486",0.9999,0.975,40,0.973684210526316,38,0.235725175202731,39,0.219157513473779,39
"408","1035526",0.9999,0.95,40,0.944444444444444,36,0.202004809474915,38,0.186821379435797,38
"409","1035531",0.9999,0.925,40,0.941176470588235,34,0.259235988912713,40,0.210201734732985,40
"410","1035546",0.9999,0.974358974358974,39,0.972972972972973,37,0.20573204956903,40,0.200357996538727,40
"411","1035553",0.9999,0.944444444444444,36,0.9375,32,0.131965137381357,39,0.100715137381357,39
"412","1035557",0.9999,0.973684210526316,38,0.972222222222222,36,0.118880644468905,39,0.116476798315059,39
"413","1035559",0.9999,0.975,40,0.973684210526316,38,0.544063137520187,40,0.516545939271282,40
"414","1035564",0.9999,1,40,1,40,0.522246354013166,40,0.522246354013166,40
"415","1036155",0.9999,0.95,40,0.947368421052632,38,0.483439020023276,40,0.458970934916893,40
"416","1037700",0.9999,1,40,1,40,0.812853892821031,40,0.812853892821031,40
"417","1038",0.9999,1,10,1,10,0.0309263641521706,40,0.0309263641521706,40
"418","1038239",0.9999,NA,0,NA,0,0,40,0,40
"419","1038297",0.9999,0.975,40,0.973684210526316,38,0.377503995121273,40,0.34964685226413,40
"420","1038310",0.9999,0.948717948717949,39,0.942857142857143,35,0.453687038561925,40,0.411501487626374,40
"421","1038334",0.9999,0.925,40,0.911764705882353,34,0.333148594665139,40,0.272890658157202,40
"422","1038344",0.9999,0.96,25,0.956521739130435,23,0.033300683580226,39,0.0302481805277229,39
"423","1038366",0.9999,0.9,40,0.882352941176471,34,0.250217694345673,39,0.216260686083881,39
"424","1038371",0.9999,0.95,40,0.944444444444444,36,0.622648721962411,40,0.555826119019782,40
"425","1038394",0.9999,1,1,1,1,0.000892857142857143,40,0.000892857142857143,40
"426","1038406",0.9999,NA,0,NA,0,0,40,0,40
"427","1038414",0.9999,NA,0,NA,0,0,40,0,40
"428","1038422",0.9999,0.95,40,0.947368421052632,38,0.239326843481655,39,0.226506330661142,39
"429","1038450",0.9999,1,39,1,39,0.163495380494797,40,0.163495380494797,40
"430","1038457",0.9999,1,2,1,2,0.0034965034965035,39,0.0034965034965035,39
"431","1038458",0.9999,1,27,1,27,0.0467368784987634,39,0.0467368784987634,39
"432","1038468",0.9999,0.975,40,0.973684210526316,38,0.357889369265661,40,0.329433148067505,40
"433","1038474",0.9999,NA,0,NA,0,0,37,0,37
"434","1038476",0.9999,NA,0,NA,0,0,38,0,38
"435","1038481",0.9999,1,40,1,40,0.416925013789199,40,0.416925013789199,40
"436","1038482",0.9999,1,40,1,40,0.488930681995996,40,0.488930681995996,40
"437","1038525",0.9999,0.941176470588235,34,0.933333333333333,30,0.160336979811222,40,0.133041122531529,40
"438","1038542",0.9999,0.925,40,0.911764705882353,34,0.40870657802318,40,0.335891892708495,40
"439","1038595",0.9999,NA,0,NA,0,0,40,0,40
"440","1038623",0.9999,NA,0,NA,0,0,40,0,40
"441","1038652",0.9999,1,40,1,40,0.607585659075777,40,0.607585659075777,40
"442","1038653",0.9999,0.944444444444444,18,0.9375,16,0.0905126986870528,39,0.0738569897236515,39
"443","1038719",0.9999,1,40,1,40,0.543949860210644,40,0.543949860210644,40
"444","1038740",0.9999,1,36,1,36,0.100265629205605,40,0.100265629205605,40
"445","1038754",0.9999,0.975,40,0.973684210526316,38,0.169530921677438,40,0.161673778820295,40
"446","1038756",0.9999,0.975,40,0.973684210526316,38,0.424643727101091,40,0.405240132329849,40
"447","1038788",0.9999,NA,0,NA,0,0,39,0,39
"448","1038952",0.9999,1,23,1,23,0.0718184658092121,40,0.0718184658092121,40
"449","1038953",0.9999,NA,0,NA,0,0,40,0,40
"450","1038957",0.9999,NA,0,NA,0,0,40,0,40
"451","1039015",0.9999,0.975,40,0.973684210526316,38,0.581206513974262,40,0.553113079630828,40
"452","1039028",0.9999,1,40,1,40,0.442819760236378,40,0.442819760236378,40
"453","1039053",0.9999,1,40,1,40,0.5028976538732,40,0.5028976538732,40
"454","1039071",0.9999,NA,0,NA,0,0,11,0,11
"455","1039210",0.9999,1,40,1,40,0.210809190314919,40,0.210809190314919,40
"456","1039213",0.9999,1,38,1,38,0.092955198318098,40,0.092955198318098,40
"457","1039286",0.9999,1,40,1,40,0.112186410984146,40,0.112186410984146,40
"458","1039287",0.9999,1,40,1,40,0.247083945540847,40,0.247083945540847,40
"459","1039304",0.9999,0.975,40,0.973684210526316,38,0.252077174434863,40,0.232319109918735,40
"460","1039309",0.9999,NA,0,NA,0,0,40,0,40
"461","1039318",0.9999,1,15,1,15,0.0384838002263724,40,0.0384838002263724,40
"462","1039319",0.9999,0.96,25,0.956521739130435,23,0.0351177889708549,40,0.0335300873579516,40
"463","1039379",0.9999,1,1,1,1,0.0046875,40,0.0046875,40
"464","1039422",0.9999,0.925,40,0.942857142857143,35,0.27381641821518,39,0.233912572061334,39
"465","1039471",0.9999,1,40,1,40,0.590905077911653,40,0.590905077911653,40
"466","1039487",0.9999,1,40,1,40,0.839569639557592,40,0.839569639557592,40
"467","1039491",0.9999,1,40,1,40,0.724918772851274,40,0.724918772851274,40
"468","1039499",0.9999,1,40,1,40,0.246044927886463,40,0.246044927886463,40
"469","1039513",0.9999,NA,0,NA,0,0,11,0,11
"470","1039530",0.9999,NA,0,NA,0,0,30,0,30
"471","1039551",0.9999,1,40,1,40,0.620425374558808,40,0.620425374558808,40
"472","1039562",0.9999,0.975,40,0.973684210526316,38,0.642590221869951,40,0.611957810802758,40
"473","1039570",0.9999,1,40,1,40,0.31069132292034,40,0.31069132292034,40
"474","1039572",0.9999,1,40,1,40,0.444579131006235,40,0.444579131006235,40
"475","1039577",0.9999,NA,0,NA,0,0,40,0,40
"476","1039579",0.9999,1,40,1,40,0.391961751071587,40,0.391961751071587,40
"477","1039587",0.9999,NA,0,NA,0,0,39,0,39
"478","1039619",0.9999,1,11,1,11,0.0231473371589651,40,0.0231473371589651,40
"479","1039633",0.9999,1,40,1,40,0.0943589048445532,40,0.0943589048445532,40
"480","1039646",0.9999,1,40,1,40,0.182575139274331,40,0.182575139274331,40
"481","1039650",0.9999,1,40,1,40,0.216796126456491,40,0.216796126456491,40
"482","1039660",0.9999,1,40,1,40,0.170746165922545,40,0.170746165922545,40
"483","1039680",0.9999,1,40,1,40,0.27366265235073,40,0.27366265235073,40
"484","1039693",0.9999,1,40,1,40,0.379900289621252,40,0.379900289621252,40
"485","1039701",0.9999,1,40,1,40,0.210549289002089,40,0.210549289002089,40
"486","1039761",0.9999,1,40,1,40,0.302708521941275,40,0.302708521941275,40
"487","1039771",0.9999,1,40,1,40,0.143230396201229,40,0.143230396201229,40
"488","1039773",0.9999,1,40,1,40,0.366073397677531,40,0.366073397677531,40
"489","1039784",0.9999,0.948717948717949,39,0.942857142857143,35,0.167792777045623,40,0.156923050367073,40
"490","1039838",0.9999,1,35,1,35,0.106142816941279,40,0.106142816941279,40
"491","1039842",0.9999,0.916666666666667,24,0.9,20,0.088400326250496,38,0.0589237456013772,38
"492","1039849",0.9999,0.967741935483871,31,0.96551724137931,29,0.132596290431547,40,0.123339661643668,40
"493","1039882",0.9999,1,21,1,21,0.0299217292195534,39,0.0299217292195534,39
"494","1041010",0.9999,1,40,1,40,0.279925512460012,40,0.279925512460012,40
"495","1041037",0.9999,NA,0,NA,0,0,40,0,40
"496","1041042",0.9999,0.975,40,0.973684210526316,38,0.388446945145631,40,0.367649843696355,40
"497","1041045",0.9999,1,12,1,12,0.0341335437944517,40,0.0341335437944517,40
"498","1041049",0.9999,1,39,1,39,0.13730980182507,40,0.13730980182507,40
"499","1041065",0.9999,1,40,1,40,0.631324110671937,40,0.631324110671937,40
"500","1044637",0.9999,0.975,40,0.973684210526316,38,0.577423732467211,40,0.542122806541285,40
"501","1046143",0.9999,1,25,1,25,0.102514749075539,40,0.102514749075539,40
"502","1046156",0.9999,1,39,1,39,0.197690030224935,40,0.197690030224935,40
"503","1046159",0.9999,1,21,1,21,0.0722559537529387,39,0.0722559537529387,39
"504","1046460",0.9999,1,20,1,20,0.046503122143441,40,0.046503122143441,40
"505","1046618",0.9999,1,40,1,40,0.500538614579725,40,0.500538614579725,40
"506","1046682",0.9999,1,40,1,40,0.162711249916062,40,0.162711249916062,40
"507","1047151",0.9999,1,40,1,40,0.388663965458865,40,0.388663965458865,40
"508","1047360",0.9999,1,40,1,40,0.198709920147932,40,0.198709920147932,40
"509","1047487",0.9999,0.975,40,0.973684210526316,38,0.431774992717592,40,0.407237177591542,40
"510","1047502",0.9999,0.975,40,0.973684210526316,38,0.314897072238857,40,0.299041160908808,40
"511","1047519",0.9999,0.973684210526316,38,0.972222222222222,36,0.125016116037695,39,0.113591384854899,39
"512","1047529",0.9999,0.975,40,0.973684210526316,38,0.412915412954113,39,0.388029881818582,39
"513","1047533",0.9999,1,30,1,30,0.0260535807653212,40,0.0260535807653212,40
"514","1047545",0.9999,1,40,1,40,0.541508110643902,40,0.541508110643902,40
"515","1047548",0.9999,1,40,1,40,0.504684416279521,40,0.504684416279521,40
"516","1047549",0.9999,1,40,1,40,0.569522910744399,40,0.569522910744399,40
"517","1047552",0.9999,1,40,1,40,0.575608457248287,40,0.575608457248287,40
"518","1047553",0.9999,1,40,1,40,0.587227974247796,40,0.587227974247796,40
"519","1047556",0.9999,1,40,1,40,0.489022714194694,40,0.489022714194694,40
"520","1047559",0.9999,1,40,1,40,0.535623144420594,40,0.535623144420594,40
"521","1047562",0.9999,1,40,1,40,0.433841857491338,40,0.433841857491338,40
"522","1047563",0.9999,1,40,1,40,0.541345846976386,40,0.541345846976386,40
"523","1047564",0.9999,1,40,1,40,0.594169232859365,40,0.594169232859365,40
"524","1047579",0.9999,1,40,1,40,0.477045505023513,40,0.477045505023513,40
"525","1047600",0.9999,1,40,1,40,0.468108714539705,40,0.468108714539705,40
"526","1047621",0.9999,0.95,40,0.944444444444444,36,0.435965441319268,40,0.397531635172696,40
"527","1047626",0.9999,1,40,1,40,0.390531551535066,40,0.390531551535066,40
"528","1047627",0.9999,1,40,1,40,0.604464794061585,40,0.604464794061585,40
"529","1047630",0.9999,1,40,1,40,0.413337272913477,40,0.413337272913477,40
"530","1047708",0.9999,1,40,1,40,0.554995374653099,40,0.554995374653099,40
"531","1047715",0.9999,1,40,1,40,0.788432521327988,40,0.788432521327988,40
"532","1047746",0.9999,1,40,1,40,0.638783533765032,40,0.638783533765032,40
"533","1047751",0.9999,1,40,1,40,0.83872571692877,40,0.83872571692877,40
"534","1047761",0.9999,1,40,1,40,0.601888169390482,40,0.601888169390482,40
"535","1047779",0.9999,1,40,1,40,0.791813135985199,40,0.791813135985199,40
"536","1047793",0.9999,1,40,1,40,0.379965505243923,40,0.379965505243923,40
"537","1047809",0.9999,1,1,1,1,0.000609756097560976,40,0.000609756097560976,40
"538","1047823",0.9999,1,40,1,40,0.485509355807853,40,0.485509355807853,40
"539","1047990",0.9999,1,40,1,40,0.331063216118075,40,0.331063216118075,40
"540","1048236",0.9999,1,37,1,37,0.198206740060365,40,0.198206740060365,40
"541","104831",0.9999,1,40,1,40,0.68729770531401,40,0.68729770531401,40
"542","1048353",0.9999,NA,0,NA,0,0,40,0,40
"543","1049367",0.9999,1,40,1,40,0.835118529012681,40,0.835118529012681,40
"544","1050028",0.9999,NA,0,NA,0,0,35,0,35
"545","1050030",0.9999,NA,0,NA,0,0,30,0,30
"546","1050073",0.9999,0.95,40,0.944444444444444,36,0.3734253500446,40,0.325431469813877,40
"547","1050074",0.9999,0.975,40,0.973684210526316,38,0.388697790352719,40,0.360172149327078,40
"548","1050091",0.9999,0.923076923076923,39,0.941176470588235,34,0.193260382107814,37,0.179746868594301,37
"549","1050107",0.9999,0.975,40,0.973684210526316,38,0.259173623761859,40,0.243075138913374,40
"550","1050135",0.9999,0.975,40,0.973684210526316,38,0.418116922861207,40,0.386688351432636,40
"551","1050209",0.9999,1,40,1,40,0.805929951690821,40,0.805929951690821,40
"552","1050280",0.9999,1,40,1,40,0.322338442963157,40,0.322338442963157,40
"553","1050286",0.9999,0.95,40,0.944444444444444,36,0.143217629473017,40,0.121201500440759,40
"554","1050309",0.9999,0.975,40,0.973684210526316,38,0.285733198055897,40,0.277415225705667,40
"555","1050323",0.9999,1,4,1,4,0.00501602564102564,40,0.00501602564102564,40
"556","1050337",0.9999,0.95,40,0.972222222222222,36,0.207913607395097,40,0.187103948304187,40
"557","1050388",0.9999,0.96551724137931,29,0.962962962962963,27,0.0702796983057164,39,0.064670723946742,39
"558","1050440",0.9999,NA,0,NA,0,0,40,0,40
"559","1050442",0.9999,0.975,40,0.973684210526316,38,0.552158531017915,40,0.525184846807389,40
"560","1051420",0.9999,1,40,1,40,0.813665643825726,40,0.813665643825726,40
"561","1051423",0.9999,1,40,1,40,0.835528868933463,40,0.835528868933463,40
"562","1052215",0.9999,0.95,40,0.944444444444444,36,0.376778050997347,40,0.338317447692994,40
"563","1052236",0.9999,0.925,40,0.942857142857143,35,0.179981821914578,39,0.150067292000048,39
"564","1052238",0.9999,0.947368421052632,38,0.941176470588235,34,0.132367725999539,39,0.114303800677549,39
"565","1052239",0.9999,0.975,40,0.973684210526316,38,0.283711496089637,40,0.267305246089637,40
"566","1052249",0.9999,1,38,1,38,0.131738563121487,40,0.131738563121487,40
"567","1052264",0.9999,1,40,1,40,0.344485110677728,40,0.344485110677728,40
"568","1053341",0.9999,0.95,40,0.944444444444444,36,0.392961416438914,40,0.34476697199447,40
"569","1053364",0.9999,1,40,1,40,0.186834801366051,40,0.186834801366051,40
"570","1053366",0.9999,1,40,1,40,0.189397018266356,40,0.189397018266356,40
"571","1053379",0.9999,1,2,1,2,0.0145429362880886,38,0.0145429362880886,38
"572","1053400",0.9999,NA,0,NA,0,0,37,0,37
"573","1053440",0.9999,NA,0,NA,0,0,38,0,38
"574","1053442",0.9999,NA,0,NA,0,0,37,0,37
"575","1053445",0.9999,NA,0,NA,0,0,39,0,39
"576","1053473",0.9999,1,4,1,4,0.00812728937728938,39,0.00812728937728938,39
"577","1053480",0.9999,NA,0,NA,0,0,40,0,40
"578","1053491",0.9999,NA,0,NA,0,0,38,0,38
"579","1053517",0.9999,NA,0,NA,0,0,40,0,40
"580","1053519",0.9999,NA,0,NA,0,0,40,0,40
"581","1053520",0.9999,NA,0,NA,0,0,40,0,40
"582","1053527",0.9999,NA,0,NA,0,0,40,0,40
"583","1053533",0.9999,NA,0,NA,0,0,40,0,40
"584","1053544",0.9999,0.975,40,0.973684210526316,38,0.243517421592359,40,0.236874909515064,40
"585","1053545",0.9999,1,16,1,16,0.0235106737713045,40,0.0235106737713045,40
"586","1053547",0.9999,NA,0,NA,0,0,39,0,39
"587","1053571",0.9999,1,40,1,40,0.176544073281621,40,0.176544073281621,40
"588","1053604",0.9999,0.9,20,0.882352941176471,17,0.0407828788954919,40,0.0275556463579146,40
"589","1053608",0.9999,0.96,25,0.956521739130435,23,0.0711902104263409,40,0.0562708555876312,40
"590","1053625",0.9999,0.9,40,0.96875,32,0.21553579062302,39,0.177262347618394,39
"591","1053633",0.9999,NA,0,NA,0,0,12,0,12
"592","1053645",0.9999,NA,0,NA,0,0,40,0,40
"593","1053664",0.9999,1,2,1,2,0.00390625,40,0.00390625,40
"594","1053692",0.9999,0.971428571428571,35,0.96969696969697,33,0.202595186974392,40,0.189454161333366,40
"595","1053694",0.9999,NA,0,NA,0,0,39,0,39
"596","1053707",0.9999,NA,0,NA,0,0,40,0,40
"597","1053719",0.9999,NA,0,NA,0,0,40,0,40
"598","1053726",0.9999,1,3,1,3,0.00359159750149739,40,0.00359159750149739,40
"599","1053733",0.9999,NA,0,NA,0,0,39,0,39
"600","1053734",0.9999,0.939393939393939,33,0.96551724137931,29,0.156858696031645,40,0.13193070063994,40
"601","1053742",0.9999,NA,0,NA,0,0,27,0,27
"602","1053744",0.9999,1,40,1,40,0.357650679042949,40,0.357650679042949,40
"603","1053754",0.9999,NA,0,NA,0,0,35,0,35
"604","1053759",0.9999,NA,0,NA,0,0,40,0,40
"605","1053768",0.9999,0.975,40,0.973684210526316,38,0.256945583840698,40,0.249539568803104,40
"606","1053773",0.9999,1,2,1,2,0.00260328239954726,38,0.00260328239954726,38
"607","1053781",0.9999,NA,0,NA,0,0,40,0,40
"608","1053797",0.9999,1,5,1,5,0.0236559139784946,39,0.0236559139784946,39
"609","1053802",0.9999,NA,0,NA,0,0,38,0,38
"610","1053851",0.9999,NA,0,NA,0,0,40,0,40
"611","1053855",0.9999,NA,0,NA,0,0,39,0,39
"612","1053856",0.9999,0.9375,32,0.964285714285714,28,0.144198122771072,40,0.116273443283892,40
"613","1053859",0.9999,1,9,1,9,0.0209572886068278,40,0.0209572886068278,40
"614","1053861",0.9999,NA,0,NA,0,0,37,0,37
"615","1053873",0.9999,1,40,1,40,0.189465817281885,40,0.189465817281885,40
"616","1053882",0.9999,NA,0,NA,0,0,40,0,40
"617","1053891",0.9999,0.975,40,0.973684210526316,38,0.195016851956955,40,0.174918812741269,40
"618","1053907",0.9999,0.75,4,0.75,4,0.028584229390681,40,0.028584229390681,40
"619","1053910",0.9999,NA,0,NA,0,0,37,0,37
"620","1053943",0.9999,0.857142857142857,21,0.866666666666667,15,0.0604531417048493,39,0.0462592952529383,39
"621","1053975",0.9999,NA,0,NA,0,0,40,0,40
"622","1053981",0.9999,0.974358974358974,39,0.972972972972973,37,0.317072075825582,40,0.288846269373969,40
"623","1054001",0.9999,1,32,1,32,0.0570301599174686,40,0.0570301599174686,40
"624","1054030",0.9999,0.975,40,0.973684210526316,38,0.111528682629988,40,0.102356228926284,40
"625","1054050",0.9999,NA,0,NA,0,0,40,0,40
"626","1054087",0.9999,1,7,1,7,0.0110604816639299,40,0.0110604816639299,40
"627","1054088",0.9999,1,40,1,40,0.151132841243051,40,0.151132841243051,40
"628","1054113",0.9999,NA,0,NA,0,0,39,0,39
"629","1054120",0.9999,0.888888888888889,9,0.857142857142857,7,0.0414303369638357,39,0.0367182032194439,39
"630","1054122",0.9999,NA,0,NA,0,0,40,0,40
"631","1054130",0.9999,NA,0,NA,0,0,40,0,40
"632","1054149",0.9999,NA,0,NA,0,0,40,0,40
"633","1054178",0.9999,NA,0,NA,0,0,38,0,38
"634","1054189",0.9999,NA,0,NA,0,0,39,0,39
"635","1054190",0.9999,NA,0,NA,0,0,40,0,40
"636","1054195",0.9999,NA,0,NA,0,0,39,0,39
"637","1054211",0.9999,NA,0,NA,0,0,40,0,40
"638","1054215",0.9999,NA,0,NA,0,0,40,0,40
"639","1054221",0.9999,1,39,1,39,0.20720685721044,40,0.20720685721044,40
"640","1054238",0.9999,1,7,1,7,0.0133753791011856,39,0.0133753791011856,39
"641","1054311",0.9999,0.972972972972973,37,0.971428571428571,35,0.118936124044388,39,0.103907293226084,39
"642","1054327",0.9999,NA,0,NA,0,0,40,0,40
"643","1054348",0.9999,NA,0,NA,0,0,38,0,38
"644","1054349",0.9999,1,6,1,6,0.0112703828429635,35,0.0112703828429635,35
"645","1054358",0.9999,0.975,40,0.975,40,0.34534600401459,40,0.34534600401459,40
"646","1054367",0.9999,0.96969696969697,33,0.967741935483871,31,0.0927521281145631,40,0.0856956765016599,40
"647","1054372",0.9999,0.928571428571429,14,0.928571428571429,14,0.0151533365506171,38,0.0151533365506171,38
"648","1054408",0.9999,NA,0,NA,0,0,39,0,39
"649","1054421",0.9999,NA,0,NA,0,0,40,0,40
"650","1054460",0.9999,1,1,1,1,0.0017921146953405,36,0.0017921146953405,36
"651","1054487",0.9999,NA,0,NA,0,0,39,0,39
"652","1054488",0.9999,NA,0,NA,0,0,40,0,40
"653","1054497",0.9999,NA,0,NA,0,0,40,0,40
"654","1054523",0.9999,NA,0,NA,0,0,39,0,39
"655","1054527",0.9999,NA,0,NA,0,0,40,0,40
"656","1054538",0.9999,0.952380952380952,21,0.947368421052632,19,0.0604091483586061,40,0.0553871542237087,40
"657","1054543",0.9999,NA,0,NA,0,0,39,0,39
"658","1054544",0.9999,1,9,1,9,0.021052979390681,40,0.021052979390681,40
"659","1054548",0.9999,NA,0,NA,0,0,40,0,40
"660","1054572",0.9999,1,26,1,26,0.0840675598342943,40,0.0840675598342943,40
"661","1054576",0.9999,1,40,1,40,0.320890722315215,40,0.320890722315215,40
"662","1054611",0.9999,1,30,1,30,0.0484972468168033,40,0.0484972468168033,40
"663","1054613",0.9999,1,31,1,31,0.0446554363484786,40,0.0446554363484786,40
"664","1054623",0.9999,0.888888888888889,36,0.903225806451613,31,0.239237825741621,39,0.221325294724251,39
"665","1054645",0.9999,NA,0,NA,0,0,39,0,39
"666","1054674",0.9999,1,40,1,40,0.553860930936105,40,0.553860930936105,40
"667","1054722",0.9999,1,4,1,4,0.0111446492575525,40,0.0111446492575525,40
"668","1054749",0.9999,0.9,10,0.9,10,0.0387241379310345,40,0.0387241379310345,40
"669","1054762",0.9999,NA,0,NA,0,0,40,0,40
"670","1054774",0.9999,NA,0,NA,0,0,40,0,40
"671","1054785",0.9999,1,19,1,19,0.0320327292490808,40,0.0320327292490808,40
"672","1054793",0.9999,NA,0,NA,0,0,40,0,40
"673","1054800",0.9999,1,2,1,2,0.0184731934731935,39,0.0184731934731935,39
"674","1054802",0.9999,NA,0,NA,0,0,40,0,40
"675","1054829",0.9999,1,40,1,40,0.490119488128276,40,0.490119488128276,40
"676","1054963",0.9999,NA,0,NA,0,0,37,0,37
"677","1054964",0.9999,NA,0,NA,0,0,36,0,36
"678","1054972",0.9999,NA,0,NA,0,0,38,0,38
"679","1054982",0.9999,NA,0,NA,0,0,28,0,28
"680","1055023",0.9999,1,37,1,37,0.137575310280406,40,0.137575310280406,40
"681","1055024",0.9999,1,40,1,40,0.409579678882361,40,0.409579678882361,40
"682","1055029",0.9999,0.925,40,0.911764705882353,34,0.408838622405111,40,0.340484598977558,40
"683","1055033",0.9999,0.975,40,0.973684210526316,38,0.279784921651746,40,0.262719704260441,40
"684","1055060",0.9999,0.975,40,0.973684210526316,38,0.40248675666845,39,0.379021333203026,39
"685","1055074",0.9999,0.925,40,0.911764705882353,34,0.344925007339868,38,0.287072041592165,38
"686","1055078",0.9999,0.975,40,0.973684210526316,38,0.468124164903867,40,0.43348364202805,40
"687","1055125",0.9999,1,40,1,40,0.282803710485874,40,0.282803710485874,40
"688","1055168",0.9999,NA,0,NA,0,0,38,0,38
"689","1055221",0.9999,1,40,1,40,0.291362946955052,40,0.291362946955052,40
"690","1055249",0.9999,1,22,1,22,0.0394901616762712,40,0.0394901616762712,40
"691","1055258",0.9999,NA,0,NA,0,0,40,0,40
"692","1055297",0.9999,0.972972972972973,37,0.971428571428571,35,0.207701628754031,40,0.201625524007714,40
"693","1055314",0.9999,0.975,40,0.973684210526316,38,0.216058160996823,40,0.211988393554963,40
"694","1055327",0.9999,0.975,40,0.973684210526316,38,0.176788269889053,40,0.170330398492157,40
"695","1055358",0.9999,0.975,40,0.973684210526316,38,0.166006964892112,40,0.158052419437566,40
"696","1055359",0.9999,1,40,1,40,0.453245087330481,40,0.453245087330481,40
"697","1055417",0.9999,0.975,40,0.973684210526316,38,0.312221912830571,40,0.292340960449619,40
"698","1055444",0.9999,NA,0,NA,0,0,38,0,38
"699","1055457",0.9999,NA,0,NA,0,0,40,0,40
"700","1061035",0.9999,0.925,40,0.911764705882353,34,0.309002675756799,40,0.251760612264735,40
"701","1061043",0.9999,0.925,40,0.911764705882353,34,0.195491622574956,39,0.16671178172615,39
"702","1061050",0.9999,0.95,40,0.944444444444444,36,0.344885131416463,39,0.303916355568654,39
"703","1061058",0.9999,0.925,40,0.911764705882353,34,0.459764973104304,40,0.375487670229131,40
"704","1061059",0.9999,0.975,40,0.973684210526316,38,0.335065675752859,40,0.31149424718143,40
"705","1061067",0.9999,1,40,1,40,0.323556888188388,40,0.323556888188388,40
"706","1061115",0.9999,0.95,40,0.944444444444444,36,0.630828783276601,39,0.567992926323097,39
"707","1061150",0.9999,1,40,1,40,0.431623500988826,40,0.431623500988826,40
"708","1061166",0.9999,1,40,1,40,0.635688240283167,40,0.635688240283167,40
"709","1061169",0.9999,1,40,1,40,0.661774487413032,40,0.661774487413032,40
"710","1061172",0.9999,1,40,1,40,0.752442850446963,40,0.752442850446963,40
"711","1061179",0.9999,1,19,1,19,0.0805313588850174,40,0.0805313588850174,40
"712","1061185",0.9999,1,40,1,40,0.513969847981476,40,0.513969847981476,40
"713","1061191",0.9999,1,40,1,40,0.575489575435867,40,0.575489575435867,40
"714","1061194",0.9999,1,40,1,40,0.506792929292929,40,0.506792929292929,40
"715","1061213",0.9999,1,40,1,40,0.664930031209101,40,0.664930031209101,40
"716","1061214",0.9999,1,40,1,40,0.438794355142005,40,0.438794355142005,40
"717","1061222",0.9999,1,40,1,40,0.364238983811352,40,0.364238983811352,40
"718","1061228",0.9999,0.975,40,0.973684210526316,38,0.594706890643939,40,0.553040223977272,40
"719","1061230",0.9999,1,40,1,40,0.412697102572971,40,0.412697102572971,40
"720","1061237",0.9999,1,40,1,40,0.473058490503933,40,0.473058490503933,40
"721","1061240",0.9999,0.975,40,0.973684210526316,38,0.558585472666868,40,0.520949109030504,40
"722","1061245",0.9999,0.975,40,0.973684210526316,38,0.596253719706506,40,0.569378719706506,40
"723","1061252",0.9999,1,40,1,40,0.870647347346579,40,0.870647347346579,40
"724","1061281",0.9999,1,40,1,40,0.870888043278929,40,0.870888043278929,40
"725","1061295",0.9999,1,40,1,40,0.607023085177577,40,0.607023085177577,40
"726","1061314",0.9999,0.975,40,0.973684210526316,38,0.417632044339648,40,0.394345007302611,40
"727","1061349",0.9999,0.975,40,0.973684210526316,38,0.546005822470921,40,0.504642186107285,40
"728","1061362",0.9999,1,40,1,40,0.616947279736112,40,0.616947279736112,40
"729","1061371",0.9999,0.975,40,0.975,40,0.376195358114507,40,0.376195358114507,40
"730","1061375",0.9999,0.975,40,0.973684210526316,38,0.649895091212187,40,0.623704615021711,40
"731","1061381",0.9999,1,40,1,40,0.613709078752198,40,0.613709078752198,40
"732","1061421",0.9999,1,40,1,40,0.54220031635562,40,0.54220031635562,40
"733","1061440",0.9999,0.925,40,0.941176470588235,34,0.505253930298057,40,0.429682140976268,40
"734","1061452",0.9999,1,40,1,40,0.473542048909453,40,0.473542048909453,40
"735","1061695",0.9999,NA,0,NA,0,0,40,0,40
"736","1061696",0.9999,NA,0,NA,0,0,40,0,40
"737","1061711",0.9999,NA,0,NA,0,0,40,0,40
"738","1061730",0.9999,NA,0,NA,0,0,40,0,40
"739","1061749",0.9999,NA,0,NA,0,0,40,0,40
"740","1061753",0.9999,NA,0,NA,0,0,40,0,40
"741","1061755",0.9999,NA,0,NA,0,0,40,0,40
"742","1061758",0.9999,NA,0,NA,0,0,40,0,40
"743","1061764",0.9999,NA,0,NA,0,0,40,0,40
"744","1061771",0.9999,NA,0,NA,0,0,40,0,40
"745","1061772",0.9999,NA,0,NA,0,0,40,0,40
"746","1061775",0.9999,NA,0,NA,0,0,40,0,40
"747","1061798",0.9999,NA,0,NA,0,0,31,0,31
"748","1061812",0.9999,0.975,40,0.973684210526316,38,0.235753654774836,40,0.225817757338938,40
"749","1061815",0.9999,1,40,1,40,0.569904896940545,40,0.569904896940545,40
"750","1061841",0.9999,1,40,1,40,0.363559077005234,40,0.363559077005234,40
"751","1061860",0.9999,NA,0,NA,0,0,40,0,40
"752","1061861",0.9999,1,32,1,32,0.122479514204306,40,0.122479514204306,40
"753","1061891",0.9999,0.948717948717949,39,0.942857142857143,35,0.234933489304813,40,0.204630459001783,40
"754","1061906",0.9999,0.975,40,0.973684210526316,38,0.418390954989034,40,0.402949778518446,40
"755","1061914",0.9999,1,40,1,40,0.358360498681742,40,0.358360498681742,40
"756","1061921",0.9999,1,40,1,40,0.330229278173361,40,0.330229278173361,40
"757","1061928",0.9999,1,40,1,40,0.386535422366994,40,0.386535422366994,40
"758","1061948",0.9999,NA,0,NA,0,0,29,0,29
"759","1061966",0.9999,NA,0,NA,0,0,36,0,36
"760","1061976",0.9999,1,40,1,40,0.758585144053233,40,0.758585144053233,40
"761","1061977",0.9999,0.95,40,0.944444444444444,36,0.23150547632103,39,0.200195435760296,39
"762","1062003",0.9999,0.975,40,0.973684210526316,38,0.228556598316707,40,0.216056598316707,40
"763","1062074",0.9999,0.975,40,0.973684210526316,38,0.371196576524828,40,0.34418044749257,40
"764","1062078",0.9999,0.975,40,0.973684210526316,38,0.469882638082388,40,0.447927509877259,40
"765","1062117",0.9999,0.96,25,0.956521739130435,23,0.042750305231013,40,0.0386783355340433,40
"766","1062120",0.9999,1,5,1,5,0.0084349593495935,40,0.0084349593495935,40
"767","1062141",0.9999,0.935483870967742,31,0.925925925925926,27,0.0940844014239482,38,0.0769435068254494,38
"768","1062153",0.9999,NA,0,NA,0,0,40,0,40
"769","1062196",0.9999,1,40,1,40,0.989893617021277,40,0.989893617021277,40
"770","1062197",0.9999,0.925,40,0.945945945945946,37,0.906914893617021,40,0.857978723404255,40
"771","1062202",0.9999,1,40,1,40,0.978723404255319,40,0.978723404255319,40
"772","1062205",0.9999,1,40,1,40,0.979255319148936,40,0.979255319148936,40
"773","1062216",0.9999,1,40,1,40,0.544079555966697,40,0.544079555966697,40
"774","1062302",0.9999,1,40,1,40,0.446344246492805,40,0.446344246492805,40
"775","1062329",0.9999,NA,0,NA,0,0,40,0,40
"776","1062370",0.9999,0.975,40,0.973684210526316,38,0.33864481149077,40,0.317381075227034,40
"777","1062386",0.9999,NA,0,NA,0,0,39,0,39
"778","1062413",0.9999,1,40,1,40,0.250641986050759,40,0.250641986050759,40
"779","1062445",0.9999,1,4,1,4,0.00537227794343544,40,0.00537227794343544,40
"780","1062446",0.9999,NA,0,NA,0,0,40,0,40
"781","1062459",0.9999,1,3,1,3,0.00786713286713287,39,0.00786713286713287,39
"782","1062465",0.9999,1,40,1,40,0.204676757669709,40,0.204676757669709,40
"783","1062478",0.9999,0.95,40,0.944444444444444,36,0.263048914623264,39,0.214020165594515,39
"784","1062511",0.9999,1,1,1,1,0.0010752688172043,31,0.0010752688172043,31
"785","1063296",0.9999,NA,0,NA,0,NA,0,NA,0
"786","1063380",0.9999,NA,0,NA,0,0,32,0,32
"787","1064344",0.9999,0.974358974358974,39,0.972972972972973,37,0.204181509708335,39,0.197077710859696,39
"788","1064352",0.9999,1,30,1,30,0.180274176263933,40,0.180274176263933,40
"789","1064405",0.9999,0.8,5,0.75,4,0.0184294871794872,39,0.0176282051282051,39
"790","1064423",0.9999,0.970588235294118,34,0.96875,32,0.0582692144594971,39,0.0534615221518048,39
"791","1064456",0.9999,1,12,1,12,0.0258482247360717,40,0.0258482247360717,40
"792","1064491",0.9999,0.948717948717949,39,0.972222222222222,36,0.225929164685958,40,0.211535225292019,40
"793","1064532",0.9999,0.975,40,0.973684210526316,38,0.469976717279137,40,0.448764596067015,40
"794","1065694",0.9999,1,40,1,40,0.510580643624352,40,0.510580643624352,40
"795","1065739",0.9999,NA,0,NA,0,0,40,0,40
"796","1065834",0.9999,0.975,40,0.973684210526316,38,0.772597708873745,40,0.734299836533319,40
"797","1065843",0.9999,1,40,1,40,0.322991828553808,40,0.322991828553808,40
"798","1065850",0.9999,1,40,1,40,0.736308740112873,40,0.736308740112873,40
"799","1065852",0.9999,1,40,1,40,0.638333109273507,40,0.638333109273507,40
"800","1065859",0.9999,1,40,1,40,0.53205643390426,40,0.53205643390426,40
"801","1071367",0.9999,1,11,1,11,0.0278855033460297,39,0.0278855033460297,39
"802","1071389",0.9999,1,38,1,38,0.106661320614754,40,0.106661320614754,40
"803","1071395",0.9999,1,40,1,40,0.277172967129107,40,0.277172967129107,40
"804","1071432",0.9999,1,1,1,1,0.00155400155400155,39,0.00155400155400155,39
"805","1071433",0.9999,NA,0,NA,0,0,38,0,38
"806","1071447",0.9999,0.975,40,0.973684210526316,38,0.359840357570137,40,0.345055411333578,40
"807","1071455",0.9999,1,29,1,29,0.0912053512761044,40,0.0912053512761044,40
"808","1071460",0.9999,0.975,40,0.973684210526316,38,0.763829787234042,40,0.724468085106383,40
"809","1071481",0.9999,0.962962962962963,27,0.96,25,0.0728709665600874,39,0.0669185856077064,39
"810","1071496",0.9999,1,6,1,6,0.0207839912280702,40,0.0207839912280702,40
"811","1071508",0.9999,NA,0,NA,0,0,29,0,29
"812","1071509",0.9999,1,40,1,40,0.204233028701095,40,0.204233028701095,40
"813","1071517",0.9999,1,26,1,26,0.0469532303320919,40,0.0469532303320919,40
"814","1071533",0.9999,1,40,1,40,0.572056013497729,40,0.572056013497729,40
"815","1071546",0.9999,NA,0,NA,0,0,40,0,40
"816","1071552",0.9999,NA,0,NA,0,0,40,0,40
"817","1071578",0.9999,NA,0,NA,0,0,40,0,40
"818","1071605",0.9999,0.975,40,0.973684210526316,38,0.314721250971251,40,0.293887917637918,40
"819","1071614",0.9999,1,40,1,40,1,40,1,40
"820","1071641",0.9999,1,4,1,4,0.0521076446773041,39,0.0521076446773041,39
"821","1071653",0.9999,NA,0,NA,0,0,40,0,40
"822","1071665",0.9999,NA,0,NA,0,0,40,0,40
"823","1071670",0.9999,1,40,1,40,0.166050747556634,40,0.166050747556634,40
"824","1071677",0.9999,1,40,1,40,1,40,1,40
"825","1071695",0.9999,1,40,1,40,1,40,1,40
"826","1071773",0.9999,NA,0,NA,0,0,39,0,39
"827","1071785",0.9999,0.975,40,0.973684210526316,38,0.36390902886935,40,0.342853629149855,40
"828","1071899",0.9999,1,40,1,40,0.899537465309898,40,0.899537465309898,40
"829","1071941",0.9999,1,40,1,40,0.298447789044472,40,0.298447789044472,40
"830","1071946",0.9999,0.975,40,0.973684210526316,38,0.535004055422102,40,0.508892944310991,40
"831","1071969",0.9999,0.975,40,0.973684210526316,38,0.575523836859559,40,0.553857170192893,40
"832","1071979",0.9999,1,40,1,40,0.382894969019348,40,0.382894969019348,40
"833","1072011",0.9999,1,40,1,40,0.169370783709406,40,0.169370783709406,40
"834","1072040",0.9999,1,40,1,40,0.537326526130874,40,0.537326526130874,40
"835","1072041",0.9999,0.974358974358974,39,0.972972972972973,37,0.349249920577152,40,0.331426620688634,40
"836","1072045",0.9999,NA,0,NA,0,0,39,0,39
"837","1072120",0.9999,1,40,1,40,0.287248760819088,40,0.287248760819088,40
"838","1072251",0.9999,0.971428571428571,35,0.96969696969697,33,0.0598035534710083,39,0.0543645480320028,39
"839","1072285",0.9999,0.925,40,0.941176470588235,34,0.512516173855893,38,0.434603397964552,38
"840","1072286",0.9999,0.925,40,0.941176470588235,34,0.368486697464207,40,0.310304103848146,40
"841","1072300",0.9999,0.95,40,0.944444444444444,36,0.268984045377006,40,0.237071624800271,40
"842","1072312",0.9999,0.921052631578947,38,0.90625,32,0.262823355322088,40,0.2249445674433,40
"843","1072327",0.9999,0.925,40,0.911764705882353,34,0.450596589713629,39,0.349413864709564,39
"844","1072336",0.9999,0.9,40,0.939393939393939,33,0.426506140917906,40,0.374552359405301,40
"845","1081317",0.9999,NA,0,NA,0,0,26,0,26
"846","108900",0.9999,1,40,1,40,0.547611989459815,40,0.547611989459815,40
"847","108926",0.9999,1,40,1,40,0.570270092226614,40,0.570270092226614,40
"848","1093811",0.9999,1,40,1,40,0.218434521843906,40,0.218434521843906,40
"849","1093812",0.9999,1,40,1,40,0.440454637447577,40,0.440454637447577,40
"850","1094079",0.9999,1,40,1,40,0.457952952561924,40,0.457952952561924,40
"851","1095327",0.9999,1,40,1,40,0.706219718067544,40,0.706219718067544,40
"852","1095421",0.9999,0.975,40,0.973684210526316,38,0.496550961564433,40,0.472741437754909,40
"853","1095628",0.9999,0.975,40,0.973684210526316,38,0.515799497305808,40,0.497811692427759,40
"854","1096255",0.9999,NA,0,NA,0,0,40,0,40
"855","1096256",0.9999,1,40,1,40,0.540989961544545,40,0.540989961544545,40
"856","1096313",0.9999,1,40,1,40,0.4499481033796,40,0.4499481033796,40
"857","1096677",0.9999,1,37,1,37,0.160686977750931,40,0.160686977750931,40
"858","1096687",0.9999,1,40,1,40,0.382139622564679,40,0.382139622564679,40
"859","1096700",0.9999,1,40,1,40,0.365745477992153,40,0.365745477992153,40
"860","1097284",0.9999,1,40,1,40,0.283608864713912,40,0.283608864713912,40
"861","1097316",0.9999,NA,0,NA,0,0,39,0,39
"862","1097850",0.9999,1,1,1,1,0.00174418604651163,40,0.00174418604651163,40
"863","1097891",0.9999,1,40,1,40,0.61623026359945,40,0.61623026359945,40
"864","1098080",0.9999,NA,0,NA,0,0,40,0,40
"865","1098131",0.9999,0.975,40,0.973684210526316,38,0.332560824188731,40,0.323258498607336,40
"866","1099054",0.9999,NA,0,NA,0,0,27,0,27
"867","1099057",0.9999,NA,0,NA,0,0,30,0,30
"868","1099344",0.9999,NA,0,NA,0,0,31,0,31
"869","1099345",0.9999,NA,0,NA,0,0,29,0,29
"870","1099371",0.9999,NA,0,NA,0,0,31,0,31
"871","1099393",0.9999,NA,0,NA,0,0,34,0,34
"872","1099403",0.9999,NA,0,NA,0,0,32,0,32
"873","1099548",0.9999,NA,0,NA,0,0,40,0,40
"874","1099742",0.9999,1,40,1,40,0.334045802999252,40,0.334045802999252,40
"875","1099788",0.9999,1,38,1,38,0.18145603874502,40,0.18145603874502,40
"876","1099794",0.9999,0.967741935483871,31,0.96551724137931,29,0.056237772805291,40,0.054423022514931,40
"877","1099815",0.9999,1,40,1,40,0.283792511653891,40,0.283792511653891,40
"878","1099823",0.9999,1,20,1,20,0.0622773548564769,40,0.0622773548564769,40
"879","1099836",0.9999,1,40,1,40,0.224570919983749,40,0.224570919983749,40
"880","1099847",0.9999,NA,0,NA,0,0,39,0,39
"881","1099872",0.9999,1,36,1,36,0.132225006733401,40,0.132225006733401,40
"882","1099882",0.9999,1,40,1,40,0.290136971052389,40,0.290136971052389,40
"883","1099891",0.9999,1,40,1,40,0.37443448997284,40,0.37443448997284,40
"884","1099897",0.9999,1,34,1,34,0.121754357613491,40,0.121754357613491,40
"885","1099974",0.9999,NA,0,NA,0,0,39,0,39
"886","1101836",0.9999,NA,0,NA,0,0,38,0,38
"887","1101844",0.9999,NA,0,NA,0,0,40,0,40
"888","1101847",0.9999,0.975,40,0.973684210526316,38,0.289932766922547,40,0.271022510512291,40
"889","1101851",0.9999,NA,0,NA,0,0,40,0,40
"890","1101874",0.9999,NA,0,NA,0,0,40,0,40
"891","1102004",0.9999,1,40,1,40,0.286372336966883,40,0.286372336966883,40
"892","1102194",0.9999,1,33,1,33,0.166384301828724,40,0.166384301828724,40
"893","1102204",0.9999,0.975,40,0.973684210526316,38,0.329478495637825,40,0.310629289288619,40
"894","1102205",0.9999,NA,0,NA,0,0,40,0,40
"895","1102390",0.9999,1,40,1,40,0.463912210657344,40,0.463912210657344,40
"896","1102418",0.9999,1,37,1,37,0.0681911491149195,40,0.0681911491149195,40
"897","1102419",0.9999,NA,0,NA,0,0,40,0,40
"898","1102437",0.9999,1,40,1,40,0.158419251815633,40,0.158419251815633,40
"899","1102551",0.9999,1,40,1,40,0.407088567746463,40,0.407088567746463,40
"900","1102592",0.9999,NA,0,NA,0,0,40,0,40
"901","1102632",0.9999,0.974358974358974,39,0.972972972972973,37,0.237556788845881,40,0.228738607027699,40
"902","1102634",0.9999,0.975,40,0.973684210526316,38,0.372201181658013,40,0.34622078950115,40
"903","1102640",0.9999,NA,0,NA,0,0,40,0,40
"904","1102675",0.9999,1,15,1,15,0.0358352538956086,40,0.0358352538956086,40
"905","1103217",0.9999,1,40,1,40,0.514898971428025,40,0.514898971428025,40
"906","1103237",0.9999,1,40,1,40,0.726917942141115,40,0.726917942141115,40
"907","1104",0.9999,NA,0,NA,0,0,40,0,40
"908","1104038",0.9999,1,40,1,40,0.249169707915454,40,0.249169707915454,40
"909","1104179",0.9999,NA,0,NA,0,0,35,0,35
"910","1104193",0.9999,NA,0,NA,0,0,36,0,36
"911","1105663",0.9999,1,40,1,40,0.428282611248991,40,0.428282611248991,40
"912","1107614",0.9999,0.973684210526316,38,0.972222222222222,36,0.332194054615395,40,0.304242355152068,40
"913","1107615",0.9999,0.975,40,0.973684210526316,38,0.614195571400994,40,0.587171761877185,40
"914","1107631",0.9999,NA,0,NA,0,0,40,0,40
"915","1108",0.9999,1,12,1,12,0.0293198965219089,40,0.0293198965219089,40
"916","1108201",0.9999,1,40,1,40,0.192896424695205,40,0.192896424695205,40
"917","1109272",0.9999,1,40,1,40,0.469309947299078,40,0.469309947299078,40
"918","1110396",0.9999,NA,0,NA,0,0,28,0,28
"919","1110595",0.9999,1,40,1,40,0.43576064518622,40,0.43576064518622,40
"920","1110622",0.9999,0.975,40,0.973684210526316,38,0.634231758579585,40,0.610001960599787,40
"921","1110687",0.9999,0.975,40,0.973684210526316,38,0.509602655786479,40,0.470316941500765,40
"922","1110693",0.9999,0.909090909090909,33,0.888888888888889,27,0.144283724284819,39,0.1170573664133,39
"923","1110732",0.9999,NA,0,NA,0,0,39,0,39
"924","1110734",0.9999,NA,0,NA,0,0,38,0,38
"925","1110739",0.9999,NA,0,NA,0,0,40,0,40
"926","1110791",0.9999,1,19,1,19,0.0532184413825046,40,0.0532184413825046,40
"927","1110795",0.9999,1,40,1,40,0.271730666760812,40,0.271730666760812,40
"928","1110801",0.9999,0.897435897435897,39,0.90625,32,0.234996590937431,39,0.207475115499289,39
"929","1110819",0.9999,0.975,40,0.973684210526316,38,0.510978070830182,40,0.482947767799879,40
"930","1110833",0.9999,1,40,1,40,0.159545471701368,40,0.159545471701368,40
"931","1110838",0.9999,0.95,40,0.944444444444444,36,0.406574016819035,40,0.350928855528713,40
"932","1110851",0.9999,0.975,40,0.973684210526316,38,0.183582830168294,40,0.176893990552625,40
"933","1110862",0.9999,0.975,40,0.973684210526316,38,0.537475218891439,40,0.506068968891439,40
"934","1110880",0.9999,0.975,40,0.973684210526316,38,0.490072078565148,39,0.462877051370121,39
"935","1110914",0.9999,NA,0,NA,0,0,39,0,39
"936","1110941",0.9999,0.95,40,0.944444444444444,36,0.178336418804974,39,0.170428941666728,39
"937","1110963",0.9999,0.975,40,0.973684210526316,38,0.351991313295688,40,0.333866313295688,40
"938","1110968",0.9999,0.975,40,0.973684210526316,38,0.202334183162222,40,0.191187566620869,40
"939","1110976",0.9999,NA,0,NA,0,0,40,0,40
"940","1113179",0.9999,0.964285714285714,28,0.961538461538462,26,0.175392144225549,40,0.164975477558883,40
"941","1114415",0.9999,1,40,1,40,0.715757223422224,40,0.715757223422224,40
"942","1114514",0.9999,1,40,1,40,0.221990951566522,40,0.221990951566522,40
"943","1114524",0.9999,1,40,1,40,0.180083038725046,40,0.180083038725046,40
"944","1114530",0.9999,NA,0,NA,0,0,40,0,40
"945","1114531",0.9999,0.9,40,0.875,32,0.270041794759745,40,0.19320207701781,40
"946","1114542",0.9999,0.975,40,0.973684210526316,38,0.231550993353323,39,0.216865678668008,39
"947","1114546",0.9999,0.972972972972973,37,0.971428571428571,35,0.155286551956433,40,0.146692801956433,40
"948","1114633",0.9999,NA,0,NA,0,0,36,0,36
"949","1114638",0.9999,0.975,40,0.973684210526316,38,0.300311965641844,39,0.288245600634303,39
"950","1114644",0.9999,0.925,40,0.911764705882353,34,0.298550688237413,39,0.265309623746348,39
"951","1114663",0.9999,0.975,40,0.973684210526316,38,0.40712389839969,40,0.382372037357506,40
"952","1114694",0.9999,1,1,1,1,0.000862068965517241,40,0.000862068965517241,40
"953","1114709",0.9999,0.95,40,0.972222222222222,36,0.286510261622491,40,0.267715809275407,40
"954","1114751",0.9999,0.923076923076923,39,0.941176470588235,34,0.274501608845119,40,0.256812771946723,40
"955","1114781",0.9999,0.95,40,0.944444444444444,36,0.389843364402109,39,0.325695094371486,39
"956","1114809",0.9999,1,1,1,1,0.00357142857142857,40,0.00357142857142857,40
"957","1114815",0.9999,0.944444444444444,18,0.9375,16,0.0653550078953305,39,0.0571095571095571,39
"958","1114852",0.9999,NA,0,NA,0,0,39,0,39
"959","1114878",0.9999,NA,0,NA,0,0,40,0,40
"960","1114903",0.9999,NA,0,NA,0,0,40,0,40
"961","1115003",0.9999,0.95,40,0.945945945945946,37,0.469602230363924,40,0.428851985984647,40
"962","1115012",0.9999,NA,0,NA,0,0,40,0,40
"963","1115022",0.9999,0.918918918918919,37,0.903225806451613,31,0.170269466266024,39,0.130682270616536,39
"964","1115045",0.9999,0.9,40,0.90625,32,0.507100186670257,39,0.418522098092169,39
"965","1116190",0.9999,1,12,1,12,0.0624206349206349,40,0.0624206349206349,40
"966","1116207",0.9999,0.9,10,0.9,10,0.0108974358974359,39,0.0108974358974359,39
"967","1116308",0.9999,0.909090909090909,11,0.888888888888889,9,0.0362091453554868,39,0.0286723835973367,39
"968","1116315",0.9999,NA,0,NA,0,0,31,0,31
"969","1116505",0.9999,0.925,40,0.942857142857143,35,0.497332559850905,40,0.430936452909066,40
"970","1116518",0.9999,0.975,40,0.973684210526316,38,0.195649656825686,40,0.190649656825686,40
"971","1116744",0.9999,1,11,1,11,0.0226889275865248,40,0.0226889275865248,40
"972","1116773",0.9999,1,40,1,40,0.341811473550928,40,0.341811473550928,40
"973","1116801",0.9999,1,40,1,40,0.286508481788906,40,0.286508481788906,40
"974","1116803",0.9999,NA,0,NA,0,0,32,0,32
"975","1116836",0.9999,NA,0,NA,0,0,40,0,40
"976","1116837",0.9999,0.975,40,0.973684210526316,38,0.298284850332038,40,0.280101286583958,40
"977","1116854",0.9999,1,40,1,40,0.211593526531125,40,0.211593526531125,40
"978","1116858",0.9999,NA,0,NA,0,0,40,0,40
"979","1116859",0.9999,NA,0,NA,0,0,40,0,40
"980","1116872",0.9999,1,40,1,40,0.794569874557352,40,0.794569874557352,40
"981","1116895",0.9999,1,40,1,40,0.44062073502583,40,0.44062073502583,40
"982","1116916",0.9999,NA,0,NA,0,0,39,0,39
"983","1116919",0.9999,NA,0,NA,0,NA,0,NA,0
"984","1116950",0.9999,0.95,40,0.944444444444444,36,0.338078936169751,40,0.308312854298406,40
"985","1116965",0.9999,1,40,1,40,0.312283686488216,40,0.312283686488216,40
"986","1116984",0.9999,1,40,1,40,0.217365401220247,40,0.217365401220247,40
"987","1116999",0.9999,0.975,40,0.973684210526316,38,0.212749913558378,40,0.197425993292597,40
"988","1117004",0.9999,1,40,1,40,0.370360019252676,40,0.370360019252676,40
"989","1117008",0.9999,1,40,1,40,0.44293785097013,40,0.44293785097013,40
"990","1117012",0.9999,1,40,1,40,0.448232376277434,40,0.448232376277434,40
"991","1117130",0.9999,1,40,1,40,0.297942627779023,40,0.297942627779023,40
"992","1117496",0.9999,NA,0,NA,0,0,40,0,40
"993","1117499",0.9999,0.95,40,0.944444444444444,36,0.247824243590643,40,0.22162678513512,40
"994","1117508",0.9999,0.975,40,0.973684210526316,38,0.514641114999795,40,0.486238337222017,40
"995","1117517",0.9999,0.95,40,0.944444444444444,36,0.332191470067293,40,0.297202752357987,40
"996","1117519",0.9999,0.95,40,0.944444444444444,36,0.407537845164683,40,0.351206145818278,40
"997","1117528",0.9999,1,1,1,1,0.000694444444444444,40,0.000694444444444444,40
"998","1117554",0.9999,1,30,1,30,0.14715539522193,40,0.14715539522193,40
"999","1117555",0.9999,0.939393939393939,33,0.931034482758621,29,0.0686824699593517,39,0.0495488258257075,39
"1000","1117559",0.9999,NA,0,NA,0,0,38,0,38
"1001","1117578",0.9999,0.975,40,0.973684210526316,38,0.403509045045556,40,0.363240979777491,40
"1002","1117579",0.9999,1,25,1,25,0.0985015011663963,40,0.0985015011663963,40
"1003","1117595",0.9999,NA,0,NA,0,0,40,0,40
"1004","1117598",0.9999,0.972972972972973,37,0.971428571428571,35,0.123997196612349,40,0.0951510427661954,40
"1005","1117622",0.9999,1,3,1,3,0.00337837837837838,40,0.00337837837837838,40
"1006","1117625",0.9999,1,40,1,40,0.21208948754126,40,0.21208948754126,40
"1007","1117631",0.9999,0.925,40,0.911764705882353,34,0.219691447396892,39,0.167455056336971,39
"1008","1117717",0.9999,1,39,1,39,0.269030055548402,40,0.269030055548402,40
"1009","1117730",0.9999,1,40,1,40,0.200146578485097,40,0.200146578485097,40
"1010","1117731",0.9999,1,40,1,40,0.447266016394115,40,0.447266016394115,40
"1011","1118516",0.9999,0.975,40,0.973684210526316,38,0.477248080232362,40,0.452248080232362,40
"1012","1120509",0.9999,0.975,40,0.973684210526316,38,0.320128426022995,40,0.307483498486763,40
"1013","1120515",0.9999,1,40,1,40,0.312133273348221,40,0.312133273348221,40
"1014","1120538",0.9999,0.95,40,0.945945945945946,37,0.771257284134205,40,0.719711945609995,40
"1015","1120587",0.9999,NA,0,NA,0,0,38,0,38
"1016","1120618",0.9999,1,29,1,29,0.0489834599835446,40,0.0489834599835446,40
"1017","1120647",0.9999,NA,0,NA,0,0,38,0,38
"1018","1124",0.9999,0.8,10,0.875,8,0.0204361307926953,40,0.0144837498403143,40
"1019","1124098",0.9999,1,8,1,8,0.0291964285714286,40,0.0291964285714286,40
"1020","1124104",0.9999,1,13,1,13,0.0342921505712203,39,0.0342921505712203,39
"1021","1124135",0.9999,1,38,1,38,0.147164129326812,40,0.147164129326812,40
"1022","1124219",0.9999,0.864864864864865,37,0.857142857142857,28,0.25802154929029,40,0.156733670502411,40
"1023","1124242",0.9999,1,40,1,40,0.470146697775455,40,0.470146697775455,40
"1024","1124251",0.9999,0.975,40,0.973684210526316,38,0.376099112250645,40,0.355169625071158,40
"1025","1124252",0.9999,1,40,1,40,0.349777662542021,40,0.349777662542021,40
"1026","1124254",0.9999,1,40,1,40,0.315831993067839,40,0.315831993067839,40
"1027","1124255",0.9999,1,40,1,40,0.497409408421036,40,0.497409408421036,40
"1028","1124943",0.9999,0.95,40,0.972222222222222,36,0.335884282020491,40,0.311213229388912,40
"1029","1124973",0.9999,1,37,1,37,0.113714386388805,40,0.113714386388805,40
"1030","1125103",0.9999,1,40,1,40,0.559728478113287,40,0.559728478113287,40
"1031","1125224",0.9999,NA,0,NA,0,0,39,0,39
"1032","1125234",0.9999,0.95,40,0.944444444444444,36,0.306584098575712,40,0.278611756621689,40
"1033","1125278",0.9999,1,40,1,40,0.422271242628221,40,0.422271242628221,40
"1034","1125300",0.9999,0.962962962962963,27,0.96,25,0.054140061046079,39,0.052351152280426,39
"1035","1125331",0.9999,0.875,8,0.833333333333333,6,0.0438612118512863,39,0.0165107845008589,39
"1036","1125337",0.9999,0.962962962962963,27,0.96,25,0.174074476691273,40,0.16694242023966,40
"1037","1125342",0.9999,1,40,1,40,0.161156895859517,40,0.161156895859517,40
"1038","1125367",0.9999,0.975,40,0.973684210526316,38,0.432266322703907,40,0.412144371484395,40
"1039","1125369",0.9999,1,37,1,37,0.15399485030478,40,0.15399485030478,40
"1040","1125370",0.9999,1,40,1,40,0.322099592000908,40,0.322099592000908,40
"1041","1125499",0.9999,0.975,40,0.973684210526316,38,0.259042321395637,40,0.248190048668364,40
"1042","1125601",0.9999,1,1,1,1,0.000641025641025641,39,0.000641025641025641,39
"1043","1125607",0.9999,NA,0,NA,0,0,39,0,39
"1044","1125612",0.9999,NA,0,NA,0,0,40,0,40
"1045","1125619",0.9999,NA,0,NA,0,0,40,0,40
"1046","1125625",0.9999,NA,0,NA,0,0,40,0,40
"1047","1125631",0.9999,1,14,1,14,0.0230773346052699,40,0.0230773346052699,40
"1048","1125637",0.9999,1,4,1,4,0.0063714386388805,40,0.0063714386388805,40
"1049","1125649",0.9999,1,40,1,40,0.392027927878935,40,0.392027927878935,40
"1050","1125650",0.9999,1,40,1,40,0.294049182678629,40,0.294049182678629,40
"1051","1125698",0.9999,1,40,1,40,0.380250697974006,40,0.380250697974006,40
"1052","1126",0.9999,0.947368421052632,19,0.941176470588235,17,0.0684870623780429,40,0.0541767175504567,40
"1053","1126052",0.9999,0.95,40,0.944444444444444,36,0.277012476581666,40,0.23411317102611,40
"1054","1126206",0.9999,1,40,1,40,0.360804644208534,40,0.360804644208534,40
"1055","1126310",0.9999,NA,0,NA,0,0,40,0,40
"1056","1127250",0.9999,NA,0,NA,0,0,40,0,40
"1057","1127254",0.9999,1,1,1,1,0.00131578947368421,40,0.00131578947368421,40
"1058","1127273",0.9999,NA,0,NA,0,0,38,0,38
"1059","1127309",0.9999,0.666666666666667,6,0.75,4,0.0127340046368386,39,0.00666113014291152,39
"1060","1127323",0.9999,0.944444444444444,18,0.9375,16,0.0645431761221235,38,0.0575772318496777,38
"1061","1127386",0.9999,1,40,1,40,0.240332123267831,40,0.240332123267831,40
"1062","1133065",0.9999,1,40,1,40,0.579277965165731,40,0.579277965165731,40
"1063","1139",0.9999,1,5,1,5,0.00418253518083354,40,0.00418253518083354,40
"1064","1142",0.9999,1,13,1,13,0.037509313628042,40,0.037509313628042,40
"1065","1148",0.9999,NA,0,NA,0,0,38,0,38
"1066","1154",0.9999,0.95,40,0.945945945945946,37,0.369111643448472,40,0.328960128296957,40
"1067","1160",0.9999,NA,0,NA,0,0,38,0,38
"1068","1173",0.9999,NA,0,NA,0,0,40,0,40
"1069","1174",0.9999,NA,0,NA,0,0,40,0,40
"1070","1182",0.9999,0.95,20,0.944444444444444,18,0.0611988245508582,40,0.0541647743716467,40
"1071","1196",0.9999,NA,0,NA,0,0,34,0,34
"1072","122004",0.9999,0.975,40,0.973684210526316,38,0.295517854773987,39,0.281930302724897,39
"1073","1220656",0.9999,0.975,40,0.973684210526316,38,0.3698543323097,40,0.349328016520226,40
"1074","1220677",0.9999,1,32,1,32,0.0750934864830576,40,0.0750934864830576,40
"1075","1220682",0.9999,NA,0,NA,0,0,40,0,40
"1076","1220691",0.9999,0.96,25,0.956521739130435,23,0.035596939134876,39,0.0319746355125724,39
"1077","1220720",0.9999,NA,0,NA,0,0,40,0,40
"1078","1220723",0.9999,NA,0,NA,0,0,40,0,40
"1079","1220726",0.9999,0.857142857142857,21,0.875,16,0.0797447046593157,40,0.0644260772083353,40
"1080","1220728",0.9999,0.975,40,0.973684210526316,38,0.363738816456797,40,0.345465006932987,40
"1081","1220729",0.9999,NA,0,NA,0,0,40,0,40
"1082","1220734",0.9999,NA,0,NA,0,0,40,0,40
"1083","1220748",0.9999,0.923076923076923,39,0.909090909090909,33,0.235655172065915,39,0.203115489526232,39
"1084","1220779",0.9999,0.857142857142857,7,0.833333333333333,6,0.0115979853479853,40,0.00812576312576313,40
"1085","1220797",0.9999,0.961538461538462,26,0.958333333333333,24,0.065015657433174,40,0.0607299431474598,40
"1086","1220803",0.9999,NA,0,NA,0,0,40,0,40
"1087","1220814",0.9999,NA,0,NA,0,0,40,0,40
"1088","1220815",0.9999,1,4,1,4,0.0105182072829132,40,0.0105182072829132,40
"1089","1220816",0.9999,0.96,25,0.956521739130435,23,0.062524852598382,40,0.060315256638786,40
"1090","1220855",0.9999,NA,0,NA,0,0,39,0,39
"1091","1220866",0.9999,1,2,1,2,0.00146198830409357,38,0.00146198830409357,38
"1092","1220872",0.9999,0.909090909090909,11,0.909090909090909,11,0.0195634920634921,40,0.0195634920634921,40
"1093","1220893",0.9999,NA,0,NA,0,0,39,0,39
"1094","1220921",0.9999,NA,0,NA,0,0,40,0,40
"1095","1220934",0.9999,0.944444444444444,18,0.944444444444444,18,0.0492219608348641,40,0.0492219608348641,40
"1096","1220945",0.9999,NA,0,NA,0,0,39,0,39
"1097","1220949",0.9999,1,6,1,6,0.0125690069769017,40,0.0125690069769017,40
"1098","1220957",0.9999,1,40,1,40,0.253996882598277,40,0.253996882598277,40
"1099","1220969",0.9999,0.974358974358974,39,0.972972972972973,37,0.183665116868469,40,0.175411911740264,40
"1100","1220974",0.9999,1,39,1,39,0.0929791933483385,40,0.0929791933483385,40
"1101","1221030",0.9999,0.975,40,0.973684210526316,38,0.0997542105265745,40,0.0918501701225341,40
"1102","1221031",0.9999,NA,0,NA,0,0,40,0,40
"1103","1221075",0.9999,NA,0,NA,0,0,40,0,40
"1104","1221094",0.9999,1,1,1,1,0.0015625,40,0.0015625,40
"1105","1221096",0.9999,0.96551724137931,29,0.964285714285714,28,0.0721540967775157,39,0.0707295953530143,39
"1106","1221122",0.9999,1,40,1,40,0.185044610042271,40,0.185044610042271,40
"1107","1221179",0.9999,NA,0,NA,0,0,39,0,39
"1108","1221181",0.9999,NA,0,NA,0,0,40,0,40
"1109","1221183",0.9999,NA,0,NA,0,0,39,0,39
"1110","1221189",0.9999,1,24,1,24,0.0316465533058461,40,0.0316465533058461,40
"1111","1221190",0.9999,NA,0,NA,0,0,40,0,40
"1112","1221191",0.9999,1,1,1,1,0.001875,40,0.001875,40
"1113","1221198",0.9999,0.5,2,0.5,2,0.0021978021978022,39,0.0021978021978022,39
"1114","1221201",0.9999,NA,0,NA,0,0,39,0,39
"1115","1221208",0.9999,NA,0,NA,0,0,40,0,40
"1116","1221210",0.9999,NA,0,NA,0,0,40,0,40
"1117","1221211",0.9999,0.916666666666667,12,0.9,10,0.0654056330666238,40,0.0374644565960355,40
"1118","1221214",0.9999,0.975,40,0.973684210526316,38,0.2222072774103,40,0.204774844977868,40
"1119","1221216",0.9999,NA,0,NA,0,0,39,0,39
"1120","1221251",0.9999,1,23,1,23,0.102633661288309,40,0.102633661288309,40
"1121","1221268",0.9999,NA,0,NA,0,0,40,0,40
"1122","1221272",0.9999,NA,0,NA,0,0,39,0,39
"1123","1221276",0.9999,NA,0,NA,0,0,40,0,40
"1124","1221277",0.9999,1,40,1,40,0.292084710687227,40,0.292084710687227,40
"1125","1221309",0.9999,0.975,40,0.973684210526316,38,0.299365369451495,40,0.28007965516578,40
"1126","1221310",0.9999,1,1,1,1,0.00222222222222222,40,0.00222222222222222,40
"1127","1221340",0.9999,1,25,1,25,0.0744151219950715,40,0.0744151219950715,40
"1128","1221347",0.9999,1,30,1,30,0.102602053119294,40,0.102602053119294,40
"1129","1221349",0.9999,1,40,1,40,0.193961174389959,40,0.193961174389959,40
"1130","1221424",0.9999,1,1,1,1,0.00227272727272727,40,0.00227272727272727,40
"1131","1221434",0.9999,1,6,1,6,0.0132848146006041,40,0.0132848146006041,40
"1132","1221448",0.9999,NA,0,NA,0,0,40,0,40
"1133","1221449",0.9999,0.962962962962963,27,0.962962962962963,27,0.0630347608025226,38,0.0630347608025226,38
"1134","1221457",0.9999,1,10,1,10,0.0132738299085273,39,0.0132738299085273,39
"1135","1221481",0.9999,NA,0,NA,0,0,38,0,38
"1136","1221533",0.9999,0.925,40,0.942857142857143,35,0.340817248742093,40,0.30427838905106,40
"1137","1221537",0.9999,NA,0,NA,0,0,39,0,39
"1138","1221555",0.9999,NA,0,NA,0,0,40,0,40
"1139","1221571",0.9999,0.95,40,0.972972972972973,37,0.38696123712406,40,0.362332357232023,40
"1140","1221576",0.9999,NA,0,NA,0,0,40,0,40
"1141","1221588",0.9999,0.666666666666667,3,0.5,2,0.00756302521008403,40,0.00220588235294118,40
"1142","1221592",0.9999,1,38,1,38,0.142537693339462,40,0.142537693339462,40
"1143","1221602",0.9999,0.975,40,0.973684210526316,38,0.259397104020519,40,0.240156907942088,40
"1144","1221608",0.9999,1,2,1,2,0.00464285714285714,40,0.00464285714285714,40
"1145","1221612",0.9999,1,23,1,23,0.0407700851779799,40,0.0407700851779799,40
"1146","1221629",0.9999,NA,0,NA,0,0,39,0,39
"1147","1221633",0.9999,1,20,1,20,0.0447727272727273,40,0.0447727272727273,40
"1148","1221642",0.9999,NA,0,NA,0,0,40,0,40
"1149","1221644",0.9999,NA,0,NA,0,0,40,0,40
"1150","1221651",0.9999,1,39,1,39,0.140841465856519,40,0.140841465856519,40
"1151","1221653",0.9999,NA,0,NA,0,0,40,0,40
"1152","1221662",0.9999,1,8,1,8,0.0210402112255561,40,0.0210402112255561,40
"1153","1221717",0.9999,1,3,1,3,0.00395833333333333,40,0.00395833333333333,40
"1154","1221723",0.9999,1,37,1,37,0.103382490287228,40,0.103382490287228,40
"1155","1221744",0.9999,NA,0,NA,0,0,38,0,38
"1156","1221785",0.9999,0.95,40,0.944444444444444,36,0.360116932922058,40,0.309937721452524,40
"1157","1221803",0.9999,0.975,40,0.973684210526316,38,0.0992256436135388,40,0.0971788599878078,40
"1158","1221813",0.9999,0.975,40,0.973684210526316,38,0.189311661122807,40,0.176153766385965,40
"1159","1221829",0.9999,NA,0,NA,0,0,39,0,39
"1160","1221877",0.9999,NA,0,NA,0,0,9,0,9
"1161","1221878",0.9999,NA,0,NA,0,0,3,0,3
"1162","1221880",0.9999,NA,0,NA,0,0,38,0,38
"1163","1221882",0.9999,1,40,1,40,0.559128042016571,40,0.559128042016571,40
"1164","1221921",0.9999,0.975,40,0.973684210526316,38,0.464112444670428,40,0.436969587527571,40
"1165","1221940",0.9999,0.894736842105263,38,0.9375,32,0.276922853676216,39,0.246877616734427,39
"1166","1221979",0.9999,1,10,1,10,0.0376204425538118,38,0.0376204425538118,38
"1167","1222",0.9999,1,28,1,28,0.142973503384738,39,0.142973503384738,39
"1168","1222032",0.9999,NA,0,NA,0,0,40,0,40
"1169","1222039",0.9999,1,6,1,6,0.0141907051282051,40,0.0141907051282051,40
"1170","1222081",0.9999,1,9,1,9,0.0127547898049995,40,0.0127547898049995,40
"1171","1222096",0.9999,0.925,40,0.911764705882353,34,0.345224654355048,40,0.282187344294046,40
"1172","1222113",0.9999,0.95,40,0.972222222222222,36,0.315280056426127,40,0.270391392458516,40
"1173","1222118",0.9999,NA,0,NA,0,0,36,0,36
"1174","1222167",0.9999,1,40,1,40,0.430889615473814,40,0.430889615473814,40
"1175","1222187",0.9999,NA,0,NA,0,0,40,0,40
"1176","1222216",0.9999,0.95,20,0.944444444444444,18,0.0442367662357402,40,0.0346155541145281,40
"1177","1222234",0.9999,1,40,1,40,0.20561686513538,40,0.20561686513538,40
"1178","1222235",0.9999,1,40,1,40,0.350013392600978,40,0.350013392600978,40
"1179","1222238",0.9999,1,40,1,40,0.570736153241209,40,0.570736153241209,40
"1180","1222274",0.9999,1,40,1,40,0.64454376523991,40,0.64454376523991,40
"1181","1222282",0.9999,1,40,1,40,0.748641424775855,40,0.748641424775855,40
"1182","1222307",0.9999,0.96,25,0.956521739130435,23,0.0540630301151483,39,0.0489551750072932,39
"1183","1222319",0.9999,1,5,1,5,0.00886362247081117,39,0.00886362247081117,39
"1184","1222374",0.9999,NA,0,NA,0,0,40,0,40
"1185","1222385",0.9999,NA,0,NA,0,0,34,0,34
"1186","1222396",0.9999,NA,0,NA,0,0,39,0,39
"1187","1222407",0.9999,NA,0,NA,0,0,39,0,39
"1188","1222409",0.9999,1,11,1,11,0.0199071942444368,40,0.0199071942444368,40
"1189","1222422",0.9999,1,13,1,13,0.0431342732937561,40,0.0431342732937561,40
"1190","1222444",0.9999,NA,0,NA,0,0,38,0,38
"1191","1222449",0.9999,1,1,1,1,0.00328947368421053,38,0.00328947368421053,38
"1192","1222453",0.9999,1,21,1,21,0.0886944570402661,40,0.0886944570402661,40
"1193","1222478",0.9999,1,40,1,40,0.186072774182158,40,0.186072774182158,40
"1194","1222482",0.9999,1,11,1,11,0.0280271722579415,39,0.0280271722579415,39
"1195","1222491",0.9999,1,5,1,5,0.00852272727272727,40,0.00852272727272727,40
"1196","1222529",0.9999,0.974358974358974,39,0.972972972972973,37,0.126358009442249,40,0.121466705094422,40
"1197","1222537",0.9999,1,4,1,4,0.0112675268057028,40,0.0112675268057028,40
"1198","1222575",0.9999,NA,0,NA,0,0,37,0,37
"1199","1222578",0.9999,NA,0,NA,0,0,40,0,40
"1200","1222690",0.9999,0.964285714285714,28,0.961538461538462,26,0.0409048450964153,39,0.0340946618156438,39
"1201","1222728",0.9999,NA,0,NA,0,0,40,0,40
"1202","1223671",0.9999,NA,0,NA,0,NA,0,NA,0
"1203","1225260",0.9999,0.975,40,0.973684210526316,38,0.229345539054938,40,0.2146681197001,40
"1204","1225278",0.9999,0.95,40,0.944444444444444,36,0.276294376718797,40,0.234173164597585,40
"1205","1225286",0.9999,0.975,40,0.973684210526316,38,0.282685707535015,39,0.248749055951305,39
"1206","1225291",0.9999,1,28,1,28,0.115743569557425,40,0.115743569557425,40
"1207","1225307",0.9999,0.944444444444444,36,0.941176470588235,34,0.0579814113054824,39,0.043593946918018,39
"1208","1225317",0.9999,1,34,1,34,0.0775280825525624,40,0.0775280825525624,40
"1209","1225319",0.9999,1,24,1,24,0.0625595084816876,40,0.0625595084816876,40
"1210","1225352",0.9999,1,40,1,40,0.575257652910871,40,0.575257652910871,40
"1211","1225370",0.9999,0.888888888888889,18,0.9375,16,0.0446969869288418,40,0.0431818354136903,40
"1212","1225372",0.9999,0.928571428571429,28,0.916666666666667,24,0.0989640745554724,39,0.0861435617349596,39
"1213","1225375",0.9999,0.975,40,0.973684210526316,38,0.234890605802244,40,0.217466363378001,40
"1214","1225410",0.9999,0.954545454545455,22,0.95,20,0.0540401306106527,39,0.049503641458779,39
"1215","1225452",0.9999,0.666666666666667,3,0.5,2,0.00320373849785614,37,0.00238473767885533,37
"1216","1225488",0.9999,0.975,40,0.973684210526316,38,0.384243001362567,40,0.355982131797349,40
"1217","1227075",0.9999,1,40,1,40,0.327398946650702,40,0.327398946650702,40
"1218","1227082",0.9999,NA,0,NA,0,0,39,0,39
"1219","1227094",0.9999,0.975,40,0.974358974358974,39,0.456428252116489,40,0.44733734302558,40
"1220","1227122",0.9999,0.95,40,0.944444444444444,36,0.482061948228974,40,0.420866662033688,40
"1221","1227126",0.9999,0.9,40,0.909090909090909,33,0.385698679855649,39,0.333761034168003,39
"1222","1227154",0.9999,0.975,40,0.973684210526316,38,0.47471197374985,40,0.45737644743406,40
"1223","1227176",0.9999,NA,0,NA,0,0,40,0,40
"1224","1227179",0.9999,1,40,1,40,0.341528147389204,40,0.341528147389204,40
"1225","1227188",0.9999,0.974358974358974,39,0.972972972972973,37,0.116022010642823,39,0.107613752234565,39
"1226","1227207",0.9999,1,40,1,40,0.302082557560157,40,0.302082557560157,40
"1227","1227231",0.9999,NA,0,NA,0,0,39,0,39
"1228","1227237",0.9999,NA,0,NA,0,0,40,0,40
"1229","1227269",0.9999,1,39,1,39,0.192265447069685,40,0.192265447069685,40
"1230","1227280",0.9999,1,40,1,40,0.697969024390029,40,0.697969024390029,40
"1231","1227284",0.9999,NA,0,NA,0,0,40,0,40
"1232","1227293",0.9999,1,40,1,40,0.266390485656993,40,0.266390485656993,40
"1233","1227297",0.9999,0.975,40,0.973684210526316,38,0.215496156300874,40,0.208215750895468,40
"1234","1227308",0.9999,1,40,1,40,0.236768878960355,40,0.236768878960355,40
"1235","1227322",0.9999,1,40,1,40,0.878330249768733,40,0.878330249768733,40
"1236","1227329",0.9999,0.975,40,0.973684210526316,38,0.386792348273366,40,0.360999536434042,40
"1237","1227338",0.9999,1,40,1,40,0.305068180673176,40,0.305068180673176,40
"1238","1227366",0.9999,1,22,1,22,0.0301504018403271,40,0.0301504018403271,40
"1239","1227379",0.9999,0.975,40,0.973684210526316,38,0.678155405512879,40,0.639885187284381,40
"1240","1227443",0.9999,0.975,40,0.974358974358974,39,0.384534308589196,40,0.380586940168143,40
"1241","1227445",0.9999,1,40,1,40,0.292077755407628,40,0.292077755407628,40
"1242","1227451",0.9999,1,40,1,40,0.418972214034493,40,0.418972214034493,40
"1243","1227453",0.9999,1,40,1,40,0.283666270875537,40,0.283666270875537,40
"1244","1227480",0.9999,NA,0,NA,0,NA,0,NA,0
"1245","1227487",0.9999,NA,0,NA,0,0,33,0,33
"1246","1227509",0.9999,NA,0,NA,0,0,33,0,33
"1247","1227542",0.9999,1,12,1,12,0.0350690304319337,40,0.0350690304319337,40
"1248","1227554",0.9999,0.975,40,0.973684210526316,38,0.652866532029998,40,0.628478420141886,40
"1249","1227904",0.9999,1,40,1,40,0.253069023363746,40,0.253069023363746,40
"1250","1227906",0.9999,1,40,1,40,0.666174859598711,40,0.666174859598711,40
"1251","1227907",0.9999,1,40,1,40,0.349817626725844,40,0.349817626725844,40
"1252","1227994",0.9999,1,40,1,40,0.491196622721042,40,0.491196622721042,40
"1253","1228000",0.9999,1,40,1,40,0.515714700374737,40,0.515714700374737,40
"1254","1228324",0.9999,1,40,1,40,0.453690125176475,40,0.453690125176475,40
"1255","1228547",0.9999,1,40,1,40,0.567554025724288,40,0.567554025724288,40
"1256","1228557",0.9999,1,1,1,1,0.00172413793103448,40,0.00172413793103448,40
"1257","1228568",0.9999,NA,0,NA,0,0,40,0,40
"1258","1228577",0.9999,1,19,1,19,0.0689729132532329,40,0.0689729132532329,40
"1259","1228588",0.9999,NA,0,NA,0,0,31,0,31
"1260","1228601",0.9999,0.975,40,0.973684210526316,38,0.335993720718936,40,0.32262070484592,40
"1261","1228605",0.9999,NA,0,NA,0,0,40,0,40
"1262","1228641",0.9999,1,40,1,40,0.180901487471634,40,0.180901487471634,40
"1263","1228654",0.9999,0.975,40,0.973684210526316,38,0.750651265791166,40,0.709225911865812,40
"1264","1228656",0.9999,1,20,1,20,0.0625395336236426,40,0.0625395336236426,40
"1265","1228657",0.9999,NA,0,NA,0,0,32,0,32
"1266","1228766",0.9999,0.974358974358974,39,0.974358974358974,39,0.077010502998681,39,0.077010502998681,39
"1267","1228773",0.9999,NA,0,NA,0,0,40,0,40
"1268","1228795",0.9999,NA,0,NA,0,0,38,0,38
"1269","1228797",0.9999,0.95,40,0.972972972972973,37,0.22251751089187,40,0.214964144717814,40
"1270","1228846",0.9999,NA,0,NA,0,0,40,0,40
"1271","1228851",0.9999,NA,0,NA,0,0,40,0,40
"1272","1228865",0.9999,NA,0,NA,0,0,40,0,40
"1273","1228899",0.9999,NA,0,NA,0,0,35,0,35
"1274","1228900",0.9999,1,40,1,40,0.16209387202903,40,0.16209387202903,40
"1275","1228904",0.9999,1,9,1,9,0.0236846644816284,40,0.0236846644816284,40
"1276","1228916",0.9999,1,13,1,13,0.083416137861181,40,0.083416137861181,40
"1277","1228922",0.9999,0.857142857142857,7,0.8,5,0.0106116253331107,39,0.00585249557398099,39
"1278","1228947",0.9999,NA,0,NA,0,0,39,0,39
"1279","1228949",0.9999,NA,0,NA,0,0,37,0,37
"1280","1228950",0.9999,NA,0,NA,0,0,34,0,34
"1281","1228958",0.9999,0.975,40,0.973684210526316,38,0.306247112240533,40,0.291585458105195,40
"1282","1228979",0.9999,NA,0,NA,0,0,16,0,16
"1283","1229001",0.9999,1,26,1,26,0.0338119701355376,40,0.0338119701355376,40
"1284","1229004",0.9999,NA,0,NA,0,0,40,0,40
"1285","1229009",0.9999,1,3,1,3,0.0297337278106509,39,0.0297337278106509,39
"1286","1229029",0.9999,1,40,1,40,0.26886912653898,40,0.26886912653898,40
"1287","1229034",0.9999,NA,0,NA,0,0,40,0,40
"1288","1229044",0.9999,1,8,1,8,0.0246151761618293,40,0.0246151761618293,40
"1289","1229053",0.9999,NA,0,NA,0,0,38,0,38
"1290","1229054",0.9999,NA,0,NA,0,NA,0,NA,0
"1291","1229056",0.9999,0.973684210526316,38,0.972222222222222,36,0.182958234942235,40,0.171145048129048,40
"1292","1229071",0.9999,1,29,1,29,0.126121068466788,40,0.126121068466788,40
"1293","1229073",0.9999,NA,0,NA,0,0,39,0,39
"1294","1229074",0.9999,1,29,1,29,0.0596454425244892,40,0.0596454425244892,40
"1295","1229080",0.9999,1,40,1,40,0.279518580252423,40,0.279518580252423,40
"1296","1229143",0.9999,1,5,1,5,0.00486778846153846,40,0.00486778846153846,40
"1297","1229180",0.9999,NA,0,NA,0,0,38,0,38
"1298","1229182",0.9999,NA,0,NA,0,0,40,0,40
"1299","1229197",0.9999,1,1,1,1,0.00213675213675214,39,0.00213675213675214,39
"1300","1229205",0.9999,NA,0,NA,0,0,39,0,39
"1301","1229206",0.9999,NA,0,NA,0,0,40,0,40
"1302","1229210",0.9999,NA,0,NA,0,0,39,0,39
"1303","1229216",0.9999,NA,0,NA,0,0,38,0,38
"1304","1229217",0.9999,0.92,25,0.954545454545455,22,0.191076001030631,37,0.181680891635522,37
"1305","1229222",0.9999,1,3,1,3,0.0107575757575758,40,0.0107575757575758,40
"1306","1229226",0.9999,NA,0,NA,0,0,39,0,39
"1307","1229267",0.9999,NA,0,NA,0,0,31,0,31
"1308","1229273",0.9999,NA,0,NA,0,0,36,0,36
"1309","1229282",0.9999,1,26,1,26,0.0737222640104823,40,0.0737222640104823,40
"1310","1229288",0.9999,NA,0,NA,0,0,39,0,39
"1311","1229306",0.9999,0.941176470588235,17,0.933333333333333,15,0.0574007825060073,40,0.0452132825060073,40
"1312","1229308",0.9999,NA,0,NA,0,0,38,0,38
"1313","1229329",0.9999,1,39,1,39,0.110554868716316,40,0.110554868716316,40
"1314","1229335",0.9999,1,2,1,2,0.00598290598290598,39,0.00598290598290598,39
"1315","1229357",0.9999,NA,0,NA,0,0,37,0,37
"1316","1229363",0.9999,0.9375,16,0.928571428571429,14,0.0674655327872937,39,0.0599943714699785,39
"1317","1229365",0.9999,0.971428571428571,35,0.96969696969697,33,0.149822416102737,39,0.141845208125529,39
"1318","1229368",0.9999,0.975,40,0.973684210526316,38,0.334168875284646,40,0.312759100848555,40
"1319","1229374",0.9999,1,4,1,4,0.0043161231884058,40,0.0043161231884058,40
"1320","1229397",0.9999,NA,0,NA,0,0,40,0,40
"1321","1229402",0.9999,NA,0,NA,0,0,40,0,40
"1322","1229411",0.9999,NA,0,NA,0,0,40,0,40
"1323","1229415",0.9999,1,40,1,40,0.176191849116241,40,0.176191849116241,40
"1324","1229416",0.9999,1,19,1,19,0.0537261377038854,40,0.0537261377038854,40
"1325","1229420",0.9999,0.975,40,0.973684210526316,38,0.401579571346083,40,0.369125025891537,40
"1326","1229455",0.9999,NA,0,NA,0,0,40,0,40
"1327","1229466",0.9999,1,1,1,1,0.00233100233100233,39,0.00233100233100233,39
"1328","1229474",0.9999,1,3,1,3,0.00506029917794624,39,0.00506029917794624,39
"1329","1229477",0.9999,0.958333333333333,24,0.954545454545455,22,0.0484427037518435,39,0.039628601187741,39
"1330","1229486",0.9999,0.96875,32,0.966666666666667,30,0.0935861123816183,40,0.0861787049742109,40
"1331","1229504",0.9999,1,1,1,1,0.00455840455840456,39,0.00455840455840456,39
"1332","1229518",0.9999,NA,0,NA,0,0,40,0,40
"1333","1229519",0.9999,NA,0,NA,0,0,38,0,38
"1334","1229522",0.9999,1,38,1,38,0.211116353422996,40,0.211116353422996,40
"1335","1229524",0.9999,NA,0,NA,0,0,34,0,34
"1336","1229536",0.9999,1,9,1,9,0.0152756718159195,40,0.0152756718159195,40
"1337","1229542",0.9999,1,40,1,40,0.263989508136508,40,0.263989508136508,40
"1338","1229558",0.9999,1,2,1,2,0.00553613053613054,39,0.00553613053613054,39
"1339","1229586",0.9999,0.91304347826087,23,0.9,20,0.100243422727943,38,0.0839191896854436,38
"1340","1229593",0.9999,0.894736842105263,38,0.96969696969697,33,0.347207332926371,40,0.330486553705591,40
"1341","1229605",0.9999,0.975,40,0.973684210526316,38,0.273027111404221,40,0.26258503823349,40
"1342","1229607",0.9999,1,1,1,1,0.00310800310800311,39,0.00310800310800311,39
"1343","1229609",0.9999,NA,0,NA,0,0,40,0,40
"1344","1229610",0.9999,NA,0,NA,0,0,36,0,36
"1345","1229620",0.9999,1,3,1,3,0.0143259518259518,39,0.0143259518259518,39
"1346","1229623",0.9999,1,13,1,13,0.0279820985466147,39,0.0279820985466147,39
"1347","1229628",0.9999,NA,0,NA,0,0,39,0,39
"1348","1229639",0.9999,1,2,1,2,0.00168350168350168,36,0.00168350168350168,36
"1349","1229679",0.9999,0.944444444444444,36,0.9375,32,0.142624439775643,39,0.101842690660561,39
"1350","1229689",0.9999,NA,0,NA,0,0,40,0,40
"1351","1229700",0.9999,0.95,20,0.944444444444444,18,0.0317433870008312,39,0.027032819790264,39
"1352","1229728",0.9999,1,7,1,7,0.047124912464986,40,0.047124912464986,40
"1353","1229763",0.9999,1,38,1,38,0.180156386171734,40,0.180156386171734,40
"1354","1229783",0.9999,NA,0,NA,0,0,35,0,35
"1355","1229789",0.9999,NA,0,NA,0,0,39,0,39
"1356","1229797",0.9999,1,40,1,40,0.267661646187603,40,0.267661646187603,40
"1357","1229798",0.9999,NA,0,NA,0,0,39,0,39
"1358","1229817",0.9999,1,39,1,39,0.197825962303392,40,0.197825962303392,40
"1359","1229821",0.9999,0.962962962962963,27,0.96,25,0.0923916083900507,40,0.088224941723384,40
"1360","1229829",0.9999,NA,0,NA,0,0,38,0,38
"1361","1229840",0.9999,1,28,1,28,0.130315930460024,40,0.130315930460024,40
"1362","1229849",0.9999,0.96551724137931,29,0.962962962962963,27,0.0674769039992446,39,0.0607531024384865,39
"1363","1229850",0.9999,0.928571428571429,28,0.916666666666667,24,0.174983494654547,40,0.127907866394708,40
"1364","1229898",0.9999,1,40,1,40,0.446872764292631,40,0.446872764292631,40
"1365","1229944",0.9999,NA,0,NA,0,0,40,0,40
"1366","1229971",0.9999,1,40,1,40,0.179286162222945,40,0.179286162222945,40
"1367","1229975",0.9999,0.909090909090909,11,0.888888888888889,9,0.0312766067408011,40,0.0258863951005895,40
"1368","1229992",0.9999,0.95,40,0.944444444444444,36,0.273703620625658,40,0.248068402185562,40
"1369","1230004",0.9999,0.975,40,0.973684210526316,38,0.309582686373965,40,0.2960614445439,40
"1370","1230014",0.9999,1,40,1,40,0.226743172191999,40,0.226743172191999,40
"1371","1230021",0.9999,1,40,1,40,0.754071584658842,40,0.754071584658842,40
"1372","1230034",0.9999,1,40,1,40,0.221168498794877,40,0.221168498794877,40
"1373","1230074",0.9999,1,40,1,40,0.440145822364211,40,0.440145822364211,40
"1374","1230075",0.9999,1,40,1,40,0.477862272553424,40,0.477862272553424,40
"1375","1230081",0.9999,0.95,40,0.944444444444444,36,0.19082107843916,40,0.171036415727668,40
"1376","1230091",0.9999,0.921052631578947,38,0.939393939393939,33,0.268852182851795,40,0.244777461163854,40
"1377","1230097",0.9999,0.972972972972973,37,0.972972972972973,37,0.182594284091396,40,0.182594284091396,40
"1378","1230123",0.9999,1,40,1,40,0.198572188819848,40,0.198572188819848,40
"1379","1230130",0.9999,1,39,1,39,0.203393443466654,40,0.203393443466654,40
"1380","1230136",0.9999,0.975,40,0.973684210526316,38,0.313524782633859,40,0.298524782633859,40
"1381","1230151",0.9999,0.95,40,0.944444444444444,36,0.297539444032134,40,0.263313084741963,40
"1382","1230160",0.9999,0.972972972972973,37,0.971428571428571,35,0.154329666250538,40,0.140140477061349,40
"1383","1230164",0.9999,1,40,1,40,0.225278214851255,40,0.225278214851255,40
"1384","1230166",0.9999,0.975,40,0.973684210526316,38,0.695133381215712,40,0.659495083343372,40
"1385","1230175",0.9999,1,40,1,40,0.346889401953916,40,0.346889401953916,40
"1386","1230216",0.9999,1,40,1,40,0.330668018358884,40,0.330668018358884,40
"1387","1230240",0.9999,0.925,40,0.945945945945946,37,0.306421321936704,40,0.283684835450217,40
"1388","1230253",0.9999,1,40,1,40,0.468051611409329,40,0.468051611409329,40
"1389","1230263",0.9999,0.975,40,0.973684210526316,38,0.370578262184858,39,0.352153285035679,39
"1390","1230287",0.9999,0.95,40,0.944444444444444,36,0.358098980270406,40,0.324482545891777,40
"1391","1230289",0.9999,1,40,1,40,0.198594601342413,40,0.198594601342413,40
"1392","1230308",0.9999,1,40,1,40,0.258804391290612,40,0.258804391290612,40
"1393","1230310",0.9999,1,40,1,40,0.169946201948157,40,0.169946201948157,40
"1394","1230332",0.9999,1,40,1,40,0.295708709132145,40,0.295708709132145,40
"1395","1230336",0.9999,0.975,40,0.973684210526316,38,0.360424161387195,40,0.341772845597722,40
"1396","1230358",0.9999,1,40,1,40,0.469317665699245,40,0.469317665699245,40
"1397","1230402",0.9999,1,40,1,40,0.416298630359334,40,0.416298630359334,40
"1398","1230434",0.9999,0.975,40,0.973684210526316,38,0.533568544700717,40,0.508067291567885,40
"1399","1230437",0.9999,1,40,1,40,0.405369627030597,40,0.405369627030597,40
"1400","1230459",0.9999,0.95,40,0.972972972972973,37,0.733343495080313,40,0.695577537633504,40
"1401","1230468",0.9999,0.975,40,0.973684210526316,38,0.392133431807059,40,0.376657241330869,40
"1402","1230479",0.9999,1,40,1,40,0.296440053852413,40,0.296440053852413,40
"1403","1230484",0.9999,1,40,1,40,0.204581397836419,40,0.204581397836419,40
"1404","1230493",0.9999,1,40,1,40,0.321651279953617,40,0.321651279953617,40
"1405","1230498",0.9999,0.975,40,0.973684210526316,38,0.707899727815503,40,0.676516749092099,40
"1406","1230501",0.9999,1,40,1,40,0.30242765994571,40,0.30242765994571,40
"1407","1230504",0.9999,1,40,1,40,0.31319928144631,40,0.31319928144631,40
"1408","1230527",0.9999,1,40,1,40,0.396589718858112,40,0.396589718858112,40
"1409","1230541",0.9999,1,40,1,40,0.96063829787234,40,0.96063829787234,40
"1410","1233140",0.9999,1,40,1,40,0.234686341137954,40,0.234686341137954,40
"1411","1233340",0.9999,1,40,1,40,0.58563829787234,40,0.58563829787234,40
"1412","1233352",0.9999,1,40,1,40,0.56063829787234,40,0.56063829787234,40
"1413","1233366",0.9999,1,40,1,40,0.528723404255319,40,0.528723404255319,40
"1414","1233375",0.9999,1,40,1,40,0.582978723404255,40,0.582978723404255,40
"1415","1233376",0.9999,1,40,1,40,0.58563829787234,40,0.58563829787234,40
"1416","1233379",0.9999,1,40,1,40,0.624468085106383,40,0.624468085106383,40
"1417","1233380",0.9999,1,40,1,40,0.695744680851064,40,0.695744680851064,40
"1418","1233381",0.9999,1,40,1,40,0.496808510638298,40,0.496808510638298,40
"1419","1233384",0.9999,1,40,1,40,0.656914893617021,40,0.656914893617021,40
"1420","1233396",0.9999,1,40,1,40,0.699468085106383,40,0.699468085106383,40
"1421","1233405",0.9999,1,40,1,40,0.738297872340426,40,0.738297872340426,40
"1422","1233409",0.9999,1,40,1,40,0.58936170212766,40,0.58936170212766,40
"1423","1233416",0.9999,1,40,1,40,0.653737118946712,40,0.653737118946712,40
"1424","1233445",0.9999,1,40,1,40,0.678191489361702,40,0.678191489361702,40
"1425","1233460",0.9999,0.974358974358974,39,0.972972972972973,37,0.316523842463936,39,0.304148962441998,39
"1426","1233461",0.9999,0.95,40,0.944444444444444,36,0.200744514722663,40,0.176233474245738,40
"1427","1233552",0.9999,1,40,1,40,0.0855561378954071,40,0.0855561378954071,40
"1428","1233627",0.9999,NA,0,NA,0,0,40,0,40
"1429","1233668",0.9999,1,40,1,40,0.23725218527761,40,0.23725218527761,40
"1430","1233678",0.9999,0.897435897435897,39,0.870967741935484,31,0.245780357954767,40,0.169113691288101,40
"1431","1233706",0.9999,1,3,1,3,0.00274122807017544,40,0.00274122807017544,40
"1432","1233725",0.9999,0.5,2,0.5,2,0.0015625,40,0.0015625,40
"1433","1236582",0.9999,1,40,1,40,0.176684107991322,40,0.176684107991322,40
"1434","1236590",0.9999,1,40,1,40,0.246981901682668,40,0.246981901682668,40
"1435","1236601",0.9999,NA,0,NA,0,0,40,0,40
"1436","1238",0.9999,NA,0,NA,0,0,39,0,39
"1437","1238689",0.9999,1,40,1,40,0.3837152977576,40,0.3837152977576,40
"1438","1238709",0.9999,NA,0,NA,0,0,30,0,30
"1439","1238733",0.9999,1,40,1,40,0.39125324377795,40,0.39125324377795,40
"1440","1239742",0.9999,1,40,1,40,0.517446808510638,40,0.517446808510638,40
"1441","1239887",0.9999,1,1,1,1,0.00178571428571429,40,0.00178571428571429,40
"1442","1239892",0.9999,1,35,1,35,0.134801940513047,40,0.134801940513047,40
"1443","1239894",0.9999,1,40,1,40,0.37521709721438,40,0.37521709721438,40
"1444","1239901",0.9999,NA,0,NA,0,0,40,0,40
"1445","1239905",0.9999,0.96551724137931,29,0.962962962962963,27,0.125831945294987,40,0.114720834183876,40
"1446","1239908",0.9999,0.975,40,0.973684210526316,38,0.136162151269915,39,0.131995484603248,39
"1447","1239927",0.9999,0.972972972972973,37,0.971428571428571,35,0.287876644573456,39,0.282864113245135,39
"1448","1239931",0.9999,NA,0,NA,0,0,40,0,40
"1449","1239936",0.9999,1,13,1,13,0.039567554578799,40,0.039567554578799,40
"1450","1239938",0.9999,NA,0,NA,0,0,12,0,12
"1451","1241",0.9999,0.962962962962963,27,0.96,25,0.0324773581567801,39,0.0255980585945537,39
"1452","1244397",0.9999,1,40,1,40,0.657444882746925,40,0.657444882746925,40
"1453","1244406",0.9999,1,40,1,40,0.723404255319149,40,0.723404255319149,40
"1454","1244416",0.9999,1,40,1,40,0.554093432007401,40,0.554093432007401,40
"1455","1245231",0.9999,NA,0,NA,0,0,2,0,2
"1456","1245233",0.9999,1,40,1,40,0.473664377283581,40,0.473664377283581,40
"1457","1245242",0.9999,1,40,1,40,0.63569699695905,40,0.63569699695905,40
"1458","1245276",0.9999,0.944444444444444,36,0.9375,32,0.068846135225464,40,0.0467191190964317,40
"1459","1245307",0.9999,0.975,40,0.973684210526316,38,0.245180067714168,39,0.231048366082467,39
"1460","1245309",0.9999,0.975,40,0.973684210526316,38,0.705245990987203,40,0.667618793947425,40
"1461","1245343",0.9999,1,40,1,40,0.393090635714475,40,0.393090635714475,40
"1462","1245361",0.9999,1,40,1,40,0.309265858025004,40,0.309265858025004,40
"1463","1245374",0.9999,1,40,1,40,0.332509133978836,40,0.332509133978836,40
"1464","1245429",0.9999,NA,0,NA,0,0,40,0,40
"1465","1245513",0.9999,1,27,1,27,0.103401722293125,39,0.103401722293125,39
"1466","1246625",0.9999,0.942857142857143,35,0.935483870967742,31,0.16734634682356,40,0.149821364355117,40
"1467","1246632",0.9999,0.975,40,0.973684210526316,38,0.432230432860187,40,0.402468528098282,40
"1468","1246636",0.9999,0.923076923076923,39,0.970588235294118,34,0.245291587885139,39,0.228335425767687,39
"1469","1246785",0.9999,1,9,1,9,0.0320346387090143,40,0.0320346387090143,40
"1470","1246803",0.9999,1,40,1,40,0.380713102321735,40,0.380713102321735,40
"1471","1246814",0.9999,1,40,1,40,0.353587725377625,40,0.353587725377625,40
"1472","1246820",0.9999,1,10,1,10,0.0425989145658263,40,0.0425989145658263,40
"1473","1246896",0.9999,NA,0,NA,0,0,40,0,40
"1474","1248257",0.9999,NA,0,NA,0,0,40,0,40
"1475","1248258",0.9999,1,40,1,40,0.502034567086255,40,0.502034567086255,40
"1476","1248265",0.9999,1,40,1,40,0.323576908915562,40,0.323576908915562,40
"1477","1248267",0.9999,1,40,1,40,0.345600033679819,40,0.345600033679819,40
"1478","1248275",0.9999,0.975,40,0.973684210526316,38,0.599252335222627,40,0.573089544524953,40
"1479","1248285",0.9999,1,40,1,40,0.292494318435629,40,0.292494318435629,40
"1480","1248305",0.9999,0.975,40,0.973684210526316,38,0.279786353246309,40,0.264463772601147,40
"1481","1248306",0.9999,0.948717948717949,39,0.942857142857143,35,0.237380640134248,40,0.214519206152271,40
"1482","1248310",0.9999,1,24,1,24,0.0581253532898437,40,0.0581253532898437,40
"1483","1248337",0.9999,0.975,40,0.974358974358974,39,0.813135407030527,40,0.793026711378353,40
"1484","1248373",0.9999,NA,0,NA,0,0,40,0,40
"1485","1249372",0.9999,0.95,40,0.944444444444444,36,0.330682298182911,40,0.299561802687415,40
"1486","1249391",0.9999,1,40,1,40,0.326189782889517,40,0.326189782889517,40
"1487","1249396",0.9999,1,40,1,40,0.360939952517106,40,0.360939952517106,40
"1488","1249406",0.9999,1,40,1,40,0.14627917057664,40,0.14627917057664,40
"1489","1249466",0.9999,1,40,1,40,0.192175112389168,40,0.192175112389168,40
"1490","1249580",0.9999,1,40,1,40,0.449869920131548,40,0.449869920131548,40
"1491","1249581",0.9999,1,40,1,40,0.420288565571266,40,0.420288565571266,40
"1492","1249601",0.9999,1,40,1,40,0.405177927474439,40,0.405177927474439,40
"1493","1249623",0.9999,0.975,40,0.973684210526316,38,0.4192410502092,40,0.399581959300109,40
"1494","1249631",0.9999,0.970588235294118,34,0.970588235294118,34,0.272601410299124,40,0.272601410299124,40
"1495","1249663",0.9999,0.962962962962963,27,0.96,25,0.0653314501616342,40,0.059304880113325,40
"1496","1249669",0.9999,1,19,1,19,0.0403738023806091,40,0.0403738023806091,40
"1497","1249698",0.9999,1,33,1,33,0.0682982333255478,40,0.0682982333255478,40
"1498","1249723",0.9999,NA,0,NA,0,0,40,0,40
"1499","1249819",0.9999,NA,0,NA,0,0,36,0,36
"1500","1249821",0.9999,NA,0,NA,0,0,40,0,40
"1501","1249860",0.9999,1,40,1,40,0.205820097911567,40,0.205820097911567,40
"1502","1249885",0.9999,1,1,1,1,0.00208333333333333,40,0.00208333333333333,40
"1503","1249888",0.9999,0.975,40,0.973684210526316,38,0.171429213297849,39,0.164812174422746,39
"1504","1249889",0.9999,0.975,40,0.973684210526316,38,0.17674372972956,39,0.171936037421867,39
"1505","1249896",0.9999,1,33,1,33,0.0694789890973809,40,0.0694789890973809,40
"1506","1249933",0.9999,NA,0,NA,0,0,40,0,40
"1507","1249935",0.9999,1,40,1,40,0.260872067407272,40,0.260872067407272,40
"1508","1249975",0.9999,NA,0,NA,0,0,39,0,39
"1509","1249982",0.9999,1,40,1,40,0.332273008312035,40,0.332273008312035,40
"1510","1250044",0.9999,0.973684210526316,38,0.972222222222222,36,0.141514109352885,40,0.134806792279714,40
"1511","1250072",0.9999,0.975,40,0.973684210526316,38,0.276662737191984,40,0.262944249797026,40
"1512","1250073",0.9999,1,40,1,40,0.219099373412254,40,0.219099373412254,40
"1513","1250140",0.9999,NA,0,NA,0,0,10,0,10
"1514","1250169",0.9999,NA,0,NA,0,0,15,0,15
"1515","1250174",0.9999,1,40,1,40,0.508728050813993,40,0.508728050813993,40
"1516","1250176",0.9999,1,40,1,40,0.328425863477211,40,0.328425863477211,40
"1517","1250183",0.9999,0.975,40,0.973684210526316,38,0.224991244554359,40,0.217192099255214,40
"1518","1250188",0.9999,1,36,1,36,0.161512221786372,40,0.161512221786372,40
"1519","1250232",0.9999,0.95,40,0.945945945945946,37,0.317184333228915,40,0.305160523705105,40
"1520","1250237",0.9999,NA,0,NA,0,0,40,0,40
"1521","1250240",0.9999,0.975,40,0.973684210526316,38,0.445352386569492,40,0.424406440623546,40
"1522","1250243",0.9999,0.974358974358974,39,0.972972972972973,37,0.220125403933453,40,0.206930959489009,40
"1523","1250247",0.9999,1,40,1,40,0.298517456666205,40,0.298517456666205,40
"1524","1250249",0.9999,1,40,1,40,0.723288075039136,40,0.723288075039136,40
"1525","1250263",0.9999,0.95,40,0.944444444444444,36,0.674581791551033,40,0.602241366019118,40
"1526","1250273",0.9999,1,40,1,40,0.298180731113002,40,0.298180731113002,40
"1527","1250276",0.9999,1,40,1,40,0.493585776419137,40,0.493585776419137,40
"1528","1250277",0.9999,1,40,1,40,0.5977541977308,40,0.5977541977308,40
"1529","1250282",0.9999,1,40,1,40,0.240107108351628,40,0.240107108351628,40
"1530","1250437",0.9999,1,40,1,40,0.531498135177599,40,0.531498135177599,40
"1531","1250480",0.9999,0.918918918918919,37,0.935483870967742,31,0.189243129338962,39,0.174794026347034,39
"1532","1250518",0.9999,1,40,1,40,0.393617311696603,40,0.393617311696603,40
"1533","1250520",0.9999,1,40,1,40,0.400953514407312,40,0.400953514407312,40
"1534","1250557",0.9999,0.866666666666667,15,0.818181818181818,11,0.0514372433447356,38,0.039791445382087,38
"1535","1250583",0.9999,0.975,40,0.973684210526316,38,0.138333333333333,40,0.13077089115017,40
"1536","1250594",0.9999,1,40,1,40,0.173306419244939,40,0.173306419244939,40
"1537","1250601",0.9999,0.975,40,0.973684210526316,38,0.125318259446382,40,0.117339536042126,40
"1538","1250604",0.9999,0.975,40,0.973684210526316,38,0.121295421718032,39,0.112566561925343,39
"1539","1250605",0.9999,0.975,40,0.973684210526316,38,0.233443570767808,40,0.219440333024977,40
"1540","1250619",0.9999,1,40,1,40,0.248849395542273,40,0.248849395542273,40
"1541","1250620",0.9999,1,40,1,40,0.325504042619505,40,0.325504042619505,40
"1542","1250622",0.9999,0.96,25,0.956521739130435,23,0.0274932573185825,39,0.0219547009012101,39
"1543","1250656",0.9999,1,40,1,40,0.174737929129407,40,0.174737929129407,40
"1544","1252548",0.9999,NA,0,NA,0,0,39,0,39
"1545","1252552",0.9999,1,40,1,40,0.254899503666666,40,0.254899503666666,40
"1546","1252561",0.9999,1,40,1,40,0.371988984295627,40,0.371988984295627,40
"1547","1252570",0.9999,0.975,40,0.973684210526316,38,0.508933246552716,40,0.480444874459693,40
"1548","1252576",0.9999,0.925,40,0.941176470588235,34,0.321365649490582,39,0.265660521285454,39
"1549","1252579",0.9999,0.925,40,0.911764705882353,34,0.569433695462273,40,0.466612408694588,40
"1550","1252601",0.9999,0.958333333333333,24,0.954545454545455,22,0.060724786581367,38,0.0496380419419908,38
"1551","1252608",0.9999,NA,0,NA,0,0,40,0,40
"1552","1252611",0.9999,1,40,1,40,0.292465897591062,40,0.292465897591062,40
"1553","1252622",0.9999,0.975,40,0.975,40,0.293633720689415,40,0.293633720689415,40
"1554","1252636",0.9999,1,40,1,40,0.392514453169906,40,0.392514453169906,40
"1555","1252642",0.9999,NA,0,NA,0,0,40,0,40
"1556","1252652",0.9999,1,4,1,4,0.00590429562277787,40,0.00590429562277787,40
"1557","1252654",0.9999,NA,0,NA,0,0,40,0,40
"1558","1252664",0.9999,NA,0,NA,0,0,6,0,6
"1559","1252698",0.9999,NA,0,NA,0,0,24,0,24
"1560","1252702",0.9999,NA,0,NA,0,0,22,0,22
"1561","1252751",0.9999,1,40,1,40,0.477083211127292,40,0.477083211127292,40
"1562","1252905",0.9999,0.952380952380952,21,0.947368421052632,19,0.0560361526696572,38,0.0480996447331492,38
"1563","1252918",0.9999,NA,0,NA,0,0,39,0,39
"1564","1252934",0.9999,0.975,40,0.973684210526316,38,0.394800330431979,40,0.365279053836235,40
"1565","1252937",0.9999,1,21,1,21,0.027342896551418,40,0.027342896551418,40
"1566","1252981",0.9999,1,40,1,40,0.0810418588336624,40,0.0810418588336624,40
"1567","1253",0.9999,1,37,1,37,0.0816359978248342,40,0.0816359978248342,40
"1568","1253029",0.9999,1,40,1,40,0.150704936047818,40,0.150704936047818,40
"1569","1253059",0.9999,0.974358974358974,39,0.972972972972973,37,0.169311985153883,40,0.160337626179524,40
"1570","1253090",0.9999,1,40,1,40,0.160201720230253,40,0.160201720230253,40
"1571","1253117",0.9999,0.944444444444444,18,0.9375,16,0.0255799457946148,39,0.0185462817842066,39
"1572","1253135",0.9999,1,14,1,14,0.0215549165304067,39,0.0215549165304067,39
"1573","1253143",0.9999,0.975,40,0.973684210526316,38,0.403660543740207,40,0.386473043740207,40
"1574","1253153",0.9999,1,18,1,18,0.0434898020149127,40,0.0434898020149127,40
"1575","1253187",0.9999,NA,0,NA,0,0,40,0,40
"1576","1253192",0.9999,1,2,1,2,0.00258053911900066,39,0.00258053911900066,39
"1577","1253253",0.9999,0.96969696969697,33,0.96969696969697,33,0.0578482897685691,39,0.0578482897685691,39
"1578","1253255",0.9999,1,40,1,40,0.133607089777787,40,0.133607089777787,40
"1579","1253279",0.9999,0.972972972972973,37,0.971428571428571,35,0.0762376932969936,40,0.0668107829979903,40
"1580","1253291",0.9999,1,16,1,16,0.0276275181418758,40,0.0276275181418758,40
"1581","1253294",0.9999,1,15,1,15,0.014668209293936,40,0.014668209293936,40
"1582","1253300",0.9999,0.975,40,0.973684210526316,38,0.126891387271846,40,0.120641387271846,40
"1583","1253302",0.9999,1,40,1,40,0.13627754231653,40,0.13627754231653,40
"1584","1253306",0.9999,0.967741935483871,31,0.96551724137931,29,0.054102136870776,40,0.052952559703757,40
"1585","1253308",0.9999,1,40,1,40,0.227043758697095,40,0.227043758697095,40
"1586","1253313",0.9999,1,40,1,40,0.200682363059085,40,0.200682363059085,40
"1587","1253327",0.9999,1,40,1,40,0.194389778399603,40,0.194389778399603,40
"1588","1253329",0.9999,1,40,1,40,0.153467621692807,40,0.153467621692807,40
"1589","1253333",0.9999,1,40,1,40,0.390502747380529,40,0.390502747380529,40
"1590","1253348",0.9999,0.975,40,0.973684210526316,38,0.298812733318068,39,0.286934582978379,39
"1591","1253353",0.9999,1,40,1,40,0.260228411785387,40,0.260228411785387,40
"1592","1253367",0.9999,0.975,40,0.973684210526316,38,0.222129351749918,40,0.210349174562764,40
"1593","1253370",0.9999,0.975,40,0.973684210526316,38,0.263564877834201,39,0.250541079926682,39
"1594","1253378",0.9999,0.964285714285714,28,0.961538461538462,26,0.109364117965955,39,0.108013667231099,39
"1595","1253385",0.9999,0.975,40,0.973684210526316,38,0.23718548710454,39,0.225440821513721,39
"1596","1253392",0.9999,0.975,40,0.973684210526316,38,0.124403649479482,40,0.121562740388573,40
"1597","1253399",0.9999,0.975,40,0.973684210526316,38,0.284407918625717,40,0.269586490054289,40
"1598","1253439",0.9999,NA,0,NA,0,0,35,0,35
"1599","1253444",0.9999,1,40,1,40,0.312294191561396,40,0.312294191561396,40
"1600","1253449",0.9999,1,5,1,5,0.0109492197688792,40,0.0109492197688792,40
"1601","1253468",0.9999,0.95,40,0.944444444444444,36,0.406930177697084,38,0.33381414898895,38
"1602","1253479",0.9999,0.9,40,0.914285714285714,35,0.387754131705678,40,0.347952159780545,40
"1603","1253484",0.9999,NA,0,NA,0,0,39,0,39
"1604","1253497",0.9999,1,40,1,40,0.583106916340927,40,0.583106916340927,40
"1605","1253557",0.9999,1,40,1,40,0.260684646264151,40,0.260684646264151,40
"1606","1253561",0.9999,1,15,1,15,0.0284706630183489,40,0.0284706630183489,40
"1607","1253568",0.9999,NA,0,NA,0,0,38,0,38
"1608","1253569",0.9999,1,40,1,40,0.528344257879142,40,0.528344257879142,40
"1609","1253574",0.9999,NA,0,NA,0,0,39,0,39
"1610","1253577",0.9999,NA,0,NA,0,0,40,0,40
"1611","1253601",0.9999,1,1,1,1,0.00591715976331361,39,0.00591715976331361,39
"1612","1253604",0.9999,NA,0,NA,0,0,39,0,39
"1613","1254542",0.9999,1,40,1,40,0.738614079646688,40,0.738614079646688,40
"1614","1254562",0.9999,1,40,1,40,0.586820047924699,40,0.586820047924699,40
"1615","1254565",0.9999,1,40,1,40,0.234726638731215,40,0.234726638731215,40
"1616","1254576",0.9999,1,40,1,40,0.506093857832988,40,0.506093857832988,40
"1617","1254587",0.9999,0.974358974358974,39,0.972972972972973,37,0.403222051254252,39,0.388757882943929,39
"1618","1254589",0.9999,1,40,1,40,0.617882105046767,40,0.617882105046767,40
"1619","1254591",0.9999,1,40,1,40,0.300310395563149,40,0.300310395563149,40
"1620","1254988",0.9999,NA,0,NA,0,0,3,0,3
"1621","1254990",0.9999,1,40,1,40,0.111060271359123,40,0.111060271359123,40
"1622","1255003",0.9999,NA,0,NA,0,0,30,0,30
"1623","1255030",0.9999,1,40,1,40,0.382487014656463,40,0.382487014656463,40
"1624","1255043",0.9999,1,40,1,40,0.435507509863305,40,0.435507509863305,40
"1625","1255062",0.9999,0.852941176470588,34,0.964285714285714,28,0.265808894856176,33,0.239558246075883,33
"1626","1255088",0.9999,1,3,1,3,0.00199336482231219,40,0.00199336482231219,40
"1627","1255089",0.9999,NA,0,NA,0,0,38,0,38
"1628","1255095",0.9999,NA,0,NA,0,0,40,0,40
"1629","1255115",0.9999,NA,0,NA,0,0,3,0,3
"1630","1255120",0.9999,1,40,1,40,0.470027700859403,40,0.470027700859403,40
"1631","1255124",0.9999,NA,0,NA,0,0,40,0,40
"1632","1255431",0.9999,0.974358974358974,39,0.972972972972973,37,0.236689782834612,40,0.222260607358925,40
"1633","1255584",0.9999,NA,0,NA,0,0,40,0,40
"1634","1255585",0.9999,NA,0,NA,0,0,40,0,40
"1635","1255592",0.9999,NA,0,NA,0,0,40,0,40
"1636","1255623",0.9999,1,40,1,40,0.327099096433421,40,0.327099096433421,40
"1637","1255666",0.9999,0.975,40,0.974358974358974,39,0.398844683238168,40,0.385563433238168,40
"1638","1255674",0.9999,1,32,1,32,0.102469717137867,40,0.102469717137867,40
"1639","1256843",0.9999,NA,0,NA,0,0,38,0,38
"1640","1257419",0.9999,0.975,40,0.973684210526316,38,0.292849807123704,40,0.286673336535469,40
"1641","1257450",0.9999,0.975,40,0.973684210526316,38,0.476636134438085,40,0.454038536840487,40
"1642","1258410",0.9999,0.95,40,0.944444444444444,36,0.320247251037048,40,0.281983790410862,40
"1643","1258447",0.9999,0.9375,16,0.928571428571429,14,0.0186907136111542,39,0.0146114595319002,39
"1644","1258456",0.9999,1,39,1,39,0.14575367476924,40,0.14575367476924,40
"1645","1258461",0.9999,0.95,40,0.944444444444444,36,0.193008205200779,40,0.178424871867446,40
"1646","1258464",0.9999,1,40,1,40,0.389160510010842,40,0.389160510010842,40
"1647","1258468",0.9999,1,40,1,40,0.548397919988249,40,0.548397919988249,40
"1648","1258486",0.9999,1,40,1,40,0.537552896673393,40,0.537552896673393,40
"1649","1258632",0.9999,1,40,1,40,0.300747267784716,40,0.300747267784716,40
"1650","1258635",0.9999,0.975,40,0.973684210526316,38,0.73443204726305,40,0.695855492239127,40
"1651","1258638",0.9999,1,40,1,40,0.595402941342391,40,0.595402941342391,40
"1652","1258639",0.9999,1,28,1,28,0.0470671844865393,40,0.0470671844865393,40
"1653","1258640",0.9999,1,40,1,40,0.181908964830152,40,0.181908964830152,40
"1654","1258652",0.9999,0.947368421052632,38,0.941176470588235,34,0.131335523205619,39,0.110585439955536,39
"1655","1258655",0.9999,0.95,40,0.944444444444444,36,0.272950949582376,40,0.241046187677614,40
"1656","1258667",0.9999,0.975,40,0.973684210526316,38,0.387453765919323,40,0.367453765919323,40
"1657","1258682",0.9999,0.975,40,0.973684210526316,38,0.469342848951333,40,0.440570326428811,40
"1658","1258708",0.9999,0.95,40,0.944444444444444,36,0.222044772319974,40,0.193777726865428,40
"1659","1258716",0.9999,0.95,40,0.944444444444444,36,0.241370488490168,40,0.21515200109521,40
"1660","1258742",0.9999,0.925,40,0.911764705882353,34,0.179567123489537,40,0.144764641488779,40
"1661","1258992",0.9999,1,40,1,40,0.622731961187177,40,0.622731961187177,40
"1662","1260022",0.9999,1,3,1,3,0.00553239863584691,40,0.00553239863584691,40
"1663","1260077",0.9999,1,28,1,28,0.0592018597315535,40,0.0592018597315535,40
"1664","1260272",0.9999,1,40,1,40,0.851711378353376,40,0.851711378353376,40
"1665","1261701",0.9999,1,40,1,40,0.487807785178323,40,0.487807785178323,40
"1666","1261741",0.9999,NA,0,NA,0,0,40,0,40
"1667","1261779",0.9999,1,9,1,9,0.0162530476501065,40,0.0162530476501065,40
"1668","1261786",0.9999,0.896551724137931,29,0.869565217391304,23,0.108887993719588,37,0.0734252582568522,37
"1669","1261791",0.9999,0.91304347826087,23,0.894736842105263,19,0.0588689585984478,40,0.0340440427735319,40
"1670","1261794",0.9999,1,1,1,1,0.00234375,40,0.00234375,40
"1671","1261796",0.9999,1,2,1,2,0.00597165991902834,38,0.00597165991902834,38
"1672","1261828",0.9999,1,8,1,8,0.0178702158447773,40,0.0178702158447773,40
"1673","1261851",0.9999,0.973684210526316,38,0.972222222222222,36,0.210284305023465,40,0.184034305023465,40
"1674","1261887",0.9999,0.975,40,0.973684210526316,38,0.356934719824347,40,0.333651664625374,40
"1675","1261895",0.9999,0.95,40,0.972972972972973,37,0.465004347404292,40,0.431984297278979,40
"1676","1261896",0.9999,0.975,40,0.973684210526316,38,0.431739102229974,40,0.4047691209917,40
"1677","1270483",0.9999,0.95,40,0.944444444444444,36,0.369170296863174,40,0.329383903792784,40
"1678","1270486",0.9999,1,40,1,40,0.543940795559667,40,0.543940795559667,40
"1679","1270489",0.9999,1,40,1,40,0.124237716060843,40,0.124237716060843,40
"1680","1270500",0.9999,1,40,1,40,0.182085386837963,40,0.182085386837963,40
"1681","1270501",0.9999,0.975,40,0.973684210526316,38,0.403397317298797,40,0.3829532839963,40
"1682","1270511",0.9999,0.975,40,0.973684210526316,38,0.31418828268042,40,0.296484767416775,40
"1683","1272147",0.9999,NA,0,NA,0,0,40,0,40
"1684","1272173",0.9999,1,40,1,40,0.467790985417858,40,0.467790985417858,40
"1685","1272177",0.9999,1,40,1,40,0.284034630089494,40,0.284034630089494,40
"1686","1273417",0.9999,0.95,40,0.944444444444444,36,0.302034791524889,40,0.269023149368026,40
"1687","1273421",0.9999,0.975,40,0.973684210526316,38,0.330623356988518,40,0.311505709929694,40
"1688","1273424",0.9999,1,9,1,9,0.0173106746382608,39,0.0173106746382608,39
"1689","1273433",0.9999,0.975,40,0.973684210526316,38,0.218481470926027,40,0.208585637592694,40
"1690","1273443",0.9999,0.918918918918919,37,0.903225806451613,31,0.11693383368578,39,0.0945937216904959,39
"1691","1273483",0.9999,1,40,1,40,0.509243535117676,40,0.509243535117676,40
"1692","1273494",0.9999,NA,0,NA,0,0,39,0,39
"1693","1273495",0.9999,NA,0,NA,0,0,39,0,39
"1694","1273503",0.9999,0.975,40,0.973684210526316,38,0.416019729044762,40,0.388368213893247,40
"1695","1273510",0.9999,0.9,20,0.875,16,0.0603169424693308,38,0.0457580249325739,38
"1696","1273516",0.9999,1,40,1,40,0.300177833198726,40,0.300177833198726,40
"1697","1273533",0.9999,0.923076923076923,39,0.941176470588235,34,0.350672338414274,39,0.325238095238095,39
"1698","1273538",0.9999,0.973684210526316,38,0.972972972972973,37,0.137846779656523,39,0.130342089225003,39
"1699","1273540",0.9999,0.925,40,0.941176470588235,34,0.246332278867486,40,0.209403540995325,40
"1700","1273549",0.9999,0.95,40,0.944444444444444,36,0.467514816165455,40,0.416975461020837,40
"1701","1274868",0.9999,1,17,1,17,0.0890241426670062,39,0.0890241426670062,39
"1702","1274905",0.9999,0.975,40,0.973684210526316,38,0.339393496751319,40,0.318560163417986,40
"1703","1276512",0.9999,1,1,1,1,0.003125,40,0.003125,40
"1704","1276526",0.9999,0.95,40,0.944444444444444,36,0.437084837814449,40,0.388148667601683,40
"1705","1276531",0.9999,0.975,40,0.973684210526316,38,0.592817621778619,40,0.560921486512919,40
"1706","1276532",0.9999,NA,0,NA,0,0,40,0,40
"1707","1276547",0.9999,1,10,1,10,0.0283755472170106,40,0.0283755472170106,40
"1708","1276580",0.9999,1,1,1,1,0.00187617260787992,39,0.00187617260787992,39
"1709","1276589",0.9999,0.974358974358974,39,0.972972972972973,37,0.217879314457943,40,0.207611457315086,40
"1710","1276846",0.9999,1,7,1,7,0.00974193909538737,40,0.00974193909538737,40
"1711","1277085",0.9999,1,10,1,10,0.0207853177441728,39,0.0207853177441728,39
"1712","1277092",0.9999,1,40,1,40,0.301233228442148,40,0.301233228442148,40
"1713","1277093",0.9999,1,40,1,40,0.171412336493806,40,0.171412336493806,40
"1714","1277117",0.9999,0.974358974358974,39,0.972972972972973,37,0.176567327030335,40,0.167973577030335,40
"1715","1277118",0.9999,0.96551724137931,29,0.962962962962963,27,0.0797743702306297,39,0.0774662208636568,39
"1716","1277132",0.9999,0.975,40,0.973684210526316,38,0.351313871975631,40,0.336864807526567,40
"1717","1277136",0.9999,1,7,1,7,0.0185602988461428,40,0.0185602988461428,40
"1718","1277181",0.9999,1,4,1,4,0.00320403389406324,40,0.00320403389406324,40
"1719","1277184",0.9999,1,40,1,40,0.147506247271285,40,0.147506247271285,40
"1720","1277214",0.9999,0.973684210526316,38,0.972222222222222,36,0.10747654507868,39,0.0965985342006694,39
"1721","1278493",0.9999,NA,0,NA,0,0,35,0,35
"1722","1279313",0.9999,1,40,1,40,0.36475919416413,40,0.36475919416413,40
"1723","1282110",0.9999,NA,0,NA,0,0,39,0,39
"1724","1282133",0.9999,NA,0,NA,0,0,36,0,36
"1725","1284",0.9999,0.96,25,0.956521739130435,23,0.0995216228027687,39,0.0961632348289961,39
"1726","1285646",0.9999,1,3,1,3,0.00272674146797569,40,0.00272674146797569,40
"1727","1285709",0.9999,1,40,1,40,0.289863836645836,40,0.289863836645836,40
"1728","1286227",0.9999,1,40,1,40,0.404208581642211,40,0.404208581642211,40
"1729","1286768",0.9999,NA,0,NA,0,0,40,0,40
"1730","1288",0.9999,1,40,1,40,0.17446677460536,40,0.17446677460536,40
"1731","1288454",0.9999,1,1,1,1,0.000848896434634975,38,0.000848896434634975,38
"1732","1288911",0.9999,NA,0,NA,0,0,35,0,35
"1733","1289083",0.9999,0.975,40,0.973684210526316,38,0.37655323573458,40,0.35888630409706,40
"1734","1289990",0.9999,1,13,1,13,0.0142264747206698,40,0.0142264747206698,40
"1735","1290866",0.9999,NA,0,NA,0,0,35,0,35
"1736","1291246",0.9999,NA,0,NA,0,0,40,0,40
"1737","1292217",0.9999,NA,0,NA,0,0,32,0,32
"1738","1292839",0.9999,1,32,1,32,0.109878038628039,40,0.109878038628039,40
"1739","1292876",0.9999,NA,0,NA,0,0,34,0,34
"1740","1294",0.9999,NA,0,NA,0,0,40,0,40
"1741","1295291",0.9999,1,4,1,4,0.00287247474747475,40,0.00287247474747475,40
"1742","1296047",0.9999,NA,0,NA,0,0,36,0,36
"1743","1296206",0.9999,NA,0,NA,0,0,38,0,38
"1744","1296657",0.9999,1,40,1,40,0.217304473527761,40,0.217304473527761,40
"1745","1296879",0.9999,NA,0,NA,0,0,36,0,36
"1746","1297",0.9999,1,4,1,4,0.00675696594427245,40,0.00675696594427245,40
"1747","1298",0.9999,0.973684210526316,38,0.972222222222222,36,0.169843089421887,40,0.161594444435437,40
"1748","1298804",0.9999,NA,0,NA,0,0,40,0,40
"1749","1298805",0.9999,NA,0,NA,0,0,40,0,40
"1750","1299211",0.9999,NA,0,NA,0,0,36,0,36
"1751","1299851",0.9999,NA,0,NA,0,0,37,0,37
"1752","1299861",0.9999,NA,0,NA,0,0,34,0,34
"1753","1300442",0.9999,1,40,1,40,0.211878120447649,40,0.211878120447649,40
"1754","1301034",0.9999,0.975,40,0.973684210526316,38,0.224490958268561,40,0.212268736046339,40
"1755","1301151",0.9999,1,40,1,40,0.0995657920189155,40,0.0995657920189155,40
"1756","1301506",0.9999,1,14,1,14,0.0330221979620009,40,0.0330221979620009,40
"1757","1301508",0.9999,1,40,1,40,0.864563607196586,40,0.864563607196586,40
"1758","1301745",0.9999,1,40,1,40,0.402066720242992,40,0.402066720242992,40
"1759","1302042",0.9999,0.975,40,0.973684210526316,38,0.083185502032019,39,0.0673549557666902,39
"1760","1302826",0.9999,NA,0,NA,0,0,35,0,35
"1761","1302943",0.9999,NA,0,NA,0,0,35,0,35
"1762","1303132",0.9999,1,40,1,40,0.359588871909899,40,0.359588871909899,40
"1763","1303600",0.9999,NA,0,NA,0,0,35,0,35
"1764","1304219",0.9999,NA,0,NA,0,0,39,0,39
"1765","1304919",0.9999,NA,0,NA,0,0,36,0,36
"1766","1304923",0.9999,NA,0,NA,0,0,36,0,36
"1767","1305993",0.9999,NA,0,NA,0,0,40,0,40
"1768","1306056",0.9999,1,40,1,40,0.241098194749123,40,0.241098194749123,40
"1769","1307578",0.9999,1,40,1,40,0.258543085248582,40,0.258543085248582,40
"1770","1308093",0.9999,NA,0,NA,0,0,35,0,35
"1771","1308695",0.9999,NA,0,NA,0,0,40,0,40
"1772","1309",0.9999,NA,0,NA,0,0,39,0,39
"1773","1311403",0.9999,NA,0,NA,0,0,39,0,39
"1774","1311708",0.9999,1,1,1,1,0.00336700336700337,36,0.00336700336700337,36
"1775","1313314",0.9999,NA,0,NA,0,0,36,0,36
"1776","1313777",0.9999,1,40,1,40,0.780900836928559,40,0.780900836928559,40
"1777","1313822",0.9999,1,40,1,40,0.917921163531709,40,0.917921163531709,40
"1778","1314378",0.9999,0.954545454545455,22,0.95,20,0.0439830491629499,39,0.0400494827293835,39
"1779","1314384",0.9999,NA,0,NA,0,0,40,0,40
"1780","1314385",0.9999,0.975,40,0.973684210526316,38,0.434921263980503,40,0.409921263980503,40
"1781","1330545",0.9999,1,40,1,40,0.315073539854979,40,0.315073539854979,40
"1782","1330570",0.9999,0.95,40,0.944444444444444,36,0.285858112206369,40,0.251663166996047,40
"1783","1330620",0.9999,1,40,1,40,0.389119626068976,40,0.389119626068976,40
"1784","1330627",0.9999,NA,0,NA,0,0,40,0,40
"1785","1330635",0.9999,NA,0,NA,0,0,40,0,40
"1786","1330642",0.9999,NA,0,NA,0,0,39,0,39
"1787","1330659",0.9999,NA,0,NA,0,0,40,0,40
"1788","1330740",0.9999,NA,0,NA,0,0,40,0,40
"1789","1330757",0.9999,NA,0,NA,0,0,40,0,40
"1790","1330764",0.9999,NA,0,NA,0,0,40,0,40
"1791","1330798",0.9999,0.95,40,0.944444444444444,36,0.22223061252248,39,0.200621706722398,39
"1792","1330802",0.9999,0.9375,16,0.9375,16,0.0238036681514942,35,0.0238036681514942,35
"1793","1330803",0.9999,0.96551724137931,29,0.962962962962963,27,0.123731463988175,39,0.111299451556163,39
"1794","1330840",0.9999,1,1,1,1,0.000694444444444444,40,0.000694444444444444,40
"1795","1330850",0.9999,0.923076923076923,26,0.91304347826087,23,0.059319416429517,40,0.0452998085863798,40
"1796","1330860",0.9999,0.944444444444444,36,0.9375,32,0.13282427554935,39,0.109704258311685,39
"1797","1330866",0.9999,1,2,1,2,0.00149553571428571,40,0.00149553571428571,40
"1798","1330906",0.9999,NA,0,NA,0,0,36,0,36
"1799","1330932",0.9999,0.9,40,0.90625,32,0.295987493632726,40,0.235404414364433,40
"1800","1330949",0.9999,0.666666666666667,3,0,1,0.00641025641025641,39,0,39
"1801","1331212",0.9999,1,9,1,9,0.010754961436413,40,0.010754961436413,40
"1802","1331429",0.9999,0.925,40,0.942857142857143,35,0.235089611047887,40,0.20520202551514,40
"1803","1331446",0.9999,0.904761904761905,21,0.888888888888889,18,0.0186236460907514,38,0.0160390596245859,38
"1804","1331584",0.9999,0.925,40,0.941176470588235,34,0.369801217615309,39,0.304701554733388,39
"1805","1331634",0.9999,1,1,1,1,0.0024390243902439,40,0.0024390243902439,40
"1806","1335679",0.9999,1,40,1,40,0.491489812114088,40,0.491489812114088,40
"1807","1335703",0.9999,1,40,1,40,0.482803852642859,40,0.482803852642859,40
"1808","1335708",0.9999,1,40,1,40,0.527866583775404,40,0.527866583775404,40
"1809","1335709",0.9999,1,40,1,40,0.4718522349368,40,0.4718522349368,40
"1810","1335715",0.9999,NA,0,NA,0,0,40,0,40
"1811","1335717",0.9999,NA,0,NA,0,0,40,0,40
"1812","1335722",0.9999,NA,0,NA,0,0,40,0,40
"1813","1335745",0.9999,NA,0,NA,0,0,40,0,40
"1814","1335759",0.9999,NA,0,NA,0,0,40,0,40
"1815","1335842",0.9999,NA,0,NA,0,0,40,0,40
"1816","1335849",0.9999,1,40,1,40,0.509459862601167,40,0.509459862601167,40
"1817","1335850",0.9999,1,40,1,40,0.342205919563438,40,0.342205919563438,40
"1818","1335854",0.9999,1,40,1,40,0.676634298753864,40,0.676634298753864,40
"1819","1335859",0.9999,1,40,1,40,0.905144640693013,40,0.905144640693013,40
"1820","1335889",0.9999,0.882352941176471,17,0.857142857142857,14,0.0671712843705482,38,0.0585638282301973,38
"1821","1335900",0.9999,1,40,1,40,0.154255319613183,40,0.154255319613183,40
"1822","1335943",0.9999,0.973684210526316,38,0.972222222222222,36,0.183950446984235,40,0.169887946984235,40
"1823","1335951",0.9999,1,31,1,31,0.0684255949506347,40,0.0684255949506347,40
"1824","1336216",0.9999,1,40,1,40,0.376236996350453,40,0.376236996350453,40
"1825","1336362",0.9999,1,40,1,40,0.488932594316882,40,0.488932594316882,40
"1826","1336363",0.9999,1,40,1,40,0.565480105937423,40,0.565480105937423,40
"1827","1338223",0.9999,0.975,40,0.973684210526316,38,0.289361902515284,40,0.275076188229569,40
"1828","1338224",0.9999,0.95,40,0.944444444444444,36,0.235022945920831,39,0.219070148718034,39
"1829","1338235",0.9999,0.96,25,0.96,25,0.0711070073678855,39,0.0711070073678855,39
"1830","1338237",0.9999,0.95,40,0.944444444444444,36,0.351867265057364,40,0.306435001242747,40
"1831","1338252",0.9999,1,40,1,40,0.497339606281036,40,0.497339606281036,40
"1832","1338275",0.9999,0.942857142857143,35,0.970588235294118,34,0.050207717324656,39,0.050207717324656,39
"1833","1338284",0.9999,1,2,1,2,0.00328042328042328,40,0.00328042328042328,40
"1834","1338285",0.9999,0.954545454545455,22,0.95,20,0.0522736033030151,39,0.0506647546353429,39
"1835","1338288",0.9999,1,40,1,40,0.266138709754724,40,0.266138709754724,40
"1836","1338291",0.9999,0.925,40,0.942857142857143,35,0.262125473419112,40,0.235648416320612,40
"1837","1338327",0.9999,NA,0,NA,0,0,39,0,39
"1838","1338340",0.9999,1,39,1,39,0.173998564584205,40,0.173998564584205,40
"1839","1338350",0.9999,NA,0,NA,0,0,36,0,36
"1840","1338376",0.9999,NA,0,NA,0,0,40,0,40
"1841","1338378",0.9999,1,1,1,1,0.0025,40,0.0025,40
"1842","1338404",0.9999,1,40,1,40,0.259447153796194,40,0.259447153796194,40
"1843","1338405",0.9999,0.947368421052632,38,0.941176470588235,34,0.144789393707871,40,0.124223522197977,40
"1844","1338407",0.9999,1,6,1,6,0.0141047709406343,40,0.0141047709406343,40
"1845","1338409",0.9999,0.975,40,0.973684210526316,38,0.250807257238401,40,0.23034994016523,40
"1846","1338413",0.9999,0.909090909090909,11,0.9,10,0.0359618639122316,40,0.0344912756769374,40
"1847","1338421",0.9999,0.975,40,0.973684210526316,38,0.481419652717477,40,0.461149382447206,40
"1848","1338477",0.9999,NA,0,NA,0,0,40,0,40
"1849","1338482",0.9999,1,26,1,26,0.0699023567589744,40,0.0699023567589744,40
"1850","1338495",0.9999,0.972222222222222,36,0.970588235294118,34,0.0947386735294357,40,0.0905091476673668,40
"1851","1338497",0.9999,1,9,1,9,0.00732292398959066,39,0.00732292398959066,39
"1852","1338513",0.9999,1,5,1,5,0.0113923214466693,40,0.0113923214466693,40
"1853","1338517",0.9999,1,40,1,40,0.272470909749762,40,0.272470909749762,40
"1854","1338518",0.9999,1,9,1,9,0.010046463674678,39,0.010046463674678,39
"1855","1338549",0.9999,1,11,1,11,0.0111788521076447,38,0.0111788521076447,38
"1856","1338558",0.9999,1,2,1,2,0.00448292220113852,40,0.00448292220113852,40
"1857","1338601",0.9999,0.9,40,0.909090909090909,33,0.352773137313599,40,0.279601768452575,40
"1858","1338615",0.9999,1,24,1,24,0.0263006682243047,40,0.0263006682243047,40
"1859","1338625",0.9999,0.975,40,0.973684210526316,38,0.245335448369011,40,0.234539993823556,40
"1860","1338642",0.9999,0.95,40,0.944444444444444,36,0.228932796880931,40,0.186187508632594,40
"1861","1338655",0.9999,0.958333333333333,24,0.954545454545455,22,0.0441667968429273,40,0.0370023926196995,40
"1862","1338657",0.9999,0.975,40,0.973684210526316,38,0.193523658565063,39,0.183908273949679,39
"1863","1338670",0.9999,0.975,40,0.973684210526316,38,0.307123117098958,40,0.290694545670387,40
"1864","1338692",0.9999,0.95,40,0.944444444444444,36,0.412439201720892,40,0.354223642770039,40
"1865","1344894",0.9999,1,40,1,40,0.527309227257407,40,0.527309227257407,40
"1866","1344897",0.9999,NA,0,NA,0,0,16,0,16
"1867","1344904",0.9999,1,2,1,2,0.0029218407596786,37,0.0029218407596786,37
"1868","1344952",0.9999,NA,0,NA,0,0,39,0,39
"1869","1344955",0.9999,0.925,40,0.911764705882353,34,0.362466287191339,40,0.302701742260464,40
"1870","1344977",0.9999,0.923076923076923,39,0.911764705882353,34,0.13013319106534,39,0.109066732290316,39
"1871","1349312",0.9999,1,40,1,40,0.27087654203352,40,0.27087654203352,40
"1872","1349327",0.9999,1,2,1,2,0.00512907608695652,40,0.00512907608695652,40
"1873","1349332",0.9999,1,40,1,40,0.255398033539185,40,0.255398033539185,40
"1874","1349378",0.9999,1,40,1,40,0.978723404255319,40,0.978723404255319,40
"1875","1349388",0.9999,1,40,1,40,0.978723404255319,40,0.978723404255319,40
"1876","1349421",0.9999,0.925,40,0.941176470588235,34,0.380902843718442,40,0.32005030915623,40
"1877","1349424",0.9999,1,13,1,13,0.0260256941020671,40,0.0260256941020671,40
"1878","1350",0.9999,NA,0,NA,0,0,35,0,35
"1879","1360",0.9999,NA,0,NA,0,0,40,0,40
"1880","1372",0.9999,0.975,40,0.973684210526316,38,0.114407106001034,40,0.107149041484905,40
"1881","1375",0.9999,1,30,1,30,0.0988932445826731,40,0.0988932445826731,40
"1882","1386",0.9999,1,40,1,40,0.232923132629367,40,0.232923132629367,40
"1883","1388649",0.9999,0.975,40,0.973684210526316,38,0.329275569073122,40,0.30921105294409,40
"1884","1388697",0.9999,0.975,40,0.973684210526316,38,0.236951609523217,40,0.225661286942572,40
"1885","1388721",0.9999,0.925,40,0.911764705882353,34,0.356761488367439,40,0.301224177657715,40
"1886","1388753",0.9999,1,40,1,40,0.102950947714819,40,0.102950947714819,40
"1887","1388755",0.9999,0.944444444444444,18,0.944444444444444,18,0.0266371320844239,39,0.0266371320844239,39
"1888","1388766",0.9999,0.95,40,0.944444444444444,36,0.231362057066705,40,0.209997114537969,40
"1889","1388790",0.9999,NA,0,NA,0,0,33,0,33
"1890","1388794",0.9999,0.975,40,0.973684210526316,38,0.652949347779366,40,0.617623260822845,40
"1891","1388797",0.9999,1,40,1,40,0.351052140104213,40,0.351052140104213,40
"1892","1388799",0.9999,1,40,1,40,0.199030298358235,40,0.199030298358235,40
"1893","1388803",0.9999,0.962962962962963,27,0.962962962962963,27,0.0647408334788019,39,0.0647408334788019,39
"1894","1389176",0.9999,0.939393939393939,33,0.931034482758621,29,0.09797550112256,40,0.0616930335900924,40
"1895","1390411",0.9999,NA,0,NA,0,0,37,0,37
"1896","1390887",0.9999,1,40,1,40,0.175899702057963,40,0.175899702057963,40
"1897","1390888",0.9999,1,40,1,40,0.298732207647898,40,0.298732207647898,40
"1898","1390889",0.9999,1,40,1,40,0.25136217062971,40,0.25136217062971,40
"1899","1390905",0.9999,1,3,1,3,0.00356007480130902,40,0.00356007480130902,40
"1900","1390908",0.9999,1,2,1,2,0.00218487394957983,40,0.00218487394957983,40
"1901","1390910",0.9999,1,40,1,40,0.159949889224254,40,0.159949889224254,40
"1902","1390919",0.9999,1,12,1,12,0.0133938759606282,40,0.0133938759606282,40
"1903","1390932",0.9999,NA,0,NA,0,0,39,0,39
"1904","1390952",0.9999,1,40,1,40,0.133400896355305,40,0.133400896355305,40
"1905","1390953",0.9999,1,40,1,40,0.326771194809746,40,0.326771194809746,40
"1906","1390972",0.9999,1,40,1,40,0.483106469411974,40,0.483106469411974,40
"1907","1391920",0.9999,NA,0,NA,0,0,40,0,40
"1908","1391974",0.9999,0.975,40,0.973684210526316,38,0.360475596663582,40,0.345344017716214,40
"1909","1392007",0.9999,1,40,1,40,0.63295071636633,40,0.63295071636633,40
"1910","1392031",0.9999,1,40,1,40,0.624610749500455,40,0.624610749500455,40
"1911","1392069",0.9999,0.925,40,0.911764705882353,34,0.358595767572472,39,0.292139520827764,39
"1912","1392109",0.9999,NA,0,NA,0,0,38,0,38
"1913","1392116",0.9999,0.975,40,0.973684210526316,38,0.589535510284632,40,0.5603013672347,40
"1914","1392139",0.9999,1,40,1,40,0.361771896781794,40,0.361771896781794,40
"1915","1392246",0.9999,1,40,1,40,0.131987295241348,40,0.131987295241348,40
"1916","1392330",0.9999,1,40,1,40,0.341850019543167,40,0.341850019543167,40
"1917","1392395",0.9999,1,40,1,40,0.370826060800066,40,0.370826060800066,40
"1918","1392396",0.9999,1,40,1,40,0.250470252903862,40,0.250470252903862,40
"1919","1392399",0.9999,1,40,1,40,0.171793650323879,40,0.171793650323879,40
"1920","1392482",0.9999,NA,0,NA,0,0,39,0,39
"1921","1392501",0.9999,1,40,1,40,0.423251743626515,40,0.423251743626515,40
"1922","1393273",0.9999,0.947368421052632,38,0.941176470588235,34,0.201506931280078,40,0.17930635773082,40
"1923","1393288",0.9999,1,40,1,40,0.351017052268497,40,0.351017052268497,40
"1924","1396454",0.9999,1,1,1,1,0.00119047619047619,40,0.00119047619047619,40
"1925","1396455",0.9999,NA,0,NA,0,0,39,0,39
"1926","1396463",0.9999,1,23,1,23,0.0951385873481125,40,0.0951385873481125,40
"1927","1396470",0.9999,NA,0,NA,0,0,40,0,40
"1928","1396480",0.9999,NA,0,NA,0,0,40,0,40
"1929","1396495",0.9999,NA,0,NA,0,0,39,0,39
"1930","1396505",0.9999,0.975,40,0.973684210526316,38,0.380215179717779,40,0.357275619278219,40
"1931","1396509",0.9999,NA,0,NA,0,0,39,0,39
"1932","1396513",0.9999,NA,0,NA,0,0,40,0,40
"1933","1396517",0.9999,NA,0,NA,0,0,32,0,32
"1934","1396520",0.9999,NA,0,NA,0,0,40,0,40
"1935","1396566",0.9999,NA,0,NA,0,0,37,0,37
"1936","1396572",0.9999,NA,0,NA,0,0,37,0,37
"1937","1396586",0.9999,NA,0,NA,0,0,39,0,39
"1938","1396606",0.9999,NA,0,NA,0,0,38,0,38
"1939","1396608",0.9999,1,1,1,1,0.00241935483870968,40,0.00241935483870968,40
"1940","1396609",0.9999,NA,0,NA,0,0,34,0,34
"1941","1396647",0.9999,1,7,1,7,0.00887543012543012,39,0.00887543012543012,39
"1942","1396655",0.9999,1,4,1,4,0.00917973301374879,38,0.00917973301374879,38
"1943","1396659",0.9999,0.974358974358974,39,0.972972972972973,37,0.263408451571142,40,0.248184092596783,40
"1944","1396678",0.9999,NA,0,NA,0,0,39,0,39
"1945","1396688",0.9999,NA,0,NA,0,0,31,0,31
"1946","1396703",0.9999,NA,0,NA,0,0,38,0,38
"1947","1396737",0.9999,0.95,40,0.947368421052632,38,0.193931911435339,40,0.180390244768672,40
"1948","1396740",0.9999,NA,0,NA,0,0,38,0,38
"1949","1396743",0.9999,1,13,1,13,0.017789145937553,40,0.017789145937553,40
"1950","1396744",0.9999,NA,0,NA,0,0,38,0,38
"1951","1396745",0.9999,NA,0,NA,0,0,40,0,40
"1952","1396776",0.9999,NA,0,NA,0,0,39,0,39
"1953","1396795",0.9999,NA,0,NA,0,0,38,0,38
"1954","1396801",0.9999,1,8,1,8,0.0424922858112513,39,0.0424922858112513,39
"1955","1396804",0.9999,NA,0,NA,0,0,37,0,37
"1956","1396818",0.9999,NA,0,NA,0,0,39,0,39
"1957","1396834",0.9999,1,40,1,40,0.35583719509667,40,0.35583719509667,40
"1958","1396841",0.9999,NA,0,NA,0,0,40,0,40
"1959","1396857",0.9999,0.975,40,0.973684210526316,38,0.516440590477058,40,0.492402128938596,40
"1960","1396896",0.9999,NA,0,NA,0,0,38,0,38
"1961","1396907",0.9999,NA,0,NA,0,0,38,0,38
"1962","1396909",0.9999,NA,0,NA,0,0,39,0,39
"1963","1396915",0.9999,NA,0,NA,0,0,40,0,40
"1964","1396928",0.9999,NA,0,NA,0,0,40,0,40
"1965","1396935",0.9999,1,37,1,37,0.0916394730383373,40,0.0916394730383373,40
"1966","1396989",0.9999,1,28,1,28,0.0379304344221513,40,0.0379304344221513,40
"1967","1396999",0.9999,NA,0,NA,0,0,37,0,37
"1968","1397033",0.9999,NA,0,NA,0,0,39,0,39
"1969","1397056",0.9999,NA,0,NA,0,0,39,0,39
"1970","1397062",0.9999,NA,0,NA,0,0,29,0,29
"1971","1397070",0.9999,NA,0,NA,0,0,39,0,39
"1972","1397093",0.9999,1,2,1,2,0.00555555555555555,40,0.00555555555555555,40
"1973","1397120",0.9999,1,1,1,1,0.00159489633173844,38,0.00159489633173844,38
"1974","1397129",0.9999,0.925,40,0.911764705882353,34,0.230964789243821,40,0.18139101545278,40
"1975","1397140",0.9999,NA,0,NA,0,0,39,0,39
"1976","1397146",0.9999,NA,0,NA,0,0,39,0,39
"1977","1397182",0.9999,NA,0,NA,0,0,40,0,40
"1978","1397187",0.9999,1,40,1,40,0.219596084675428,40,0.219596084675428,40
"1979","1397203",0.9999,NA,0,NA,0,0,40,0,40
"1980","1397222",0.9999,NA,0,NA,0,0,38,0,38
"1981","1397238",0.9999,1,40,1,40,0.218971422748041,40,0.218971422748041,40
"1982","1397260",0.9999,NA,0,NA,0,0,30,0,30
"1983","1397273",0.9999,1,2,1,2,0.00194250194250194,39,0.00194250194250194,39
"1984","1397295",0.9999,NA,0,NA,0,0,37,0,37
"1985","1397297",0.9999,NA,0,NA,0,0,36,0,36
"1986","1397301",0.9999,1,3,1,3,0.00253094528869355,39,0.00253094528869355,39
"1987","1397310",0.9999,NA,0,NA,0,0,38,0,38
"1988","1397319",0.9999,0.5,2,0,1,0.00415800415800416,37,0,37
"1989","1397345",0.9999,NA,0,NA,0,0,37,0,37
"1990","1397369",0.9999,1,4,1,4,0.00400341624853208,38,0.00400341624853208,38
"1991","1397437",0.9999,NA,0,NA,0,0,39,0,39
"1992","1397442",0.9999,NA,0,NA,0,0,39,0,39
"1993","1397476",0.9999,NA,0,NA,0,0,40,0,40
"1994","1397486",0.9999,0.975,40,0.973684210526316,38,0.16872556676877,40,0.159732892776096,40
"1995","1397505",0.9999,1,39,1,39,0.16590483453525,40,0.16590483453525,40
"1996","1397508",0.9999,NA,0,NA,0,0,40,0,40
"1997","1397513",0.9999,0.909090909090909,22,0.894736842105263,19,0.132234975397008,40,0.116849720408094,40
"1998","1397529",0.9999,NA,0,NA,0,0,39,0,39
"1999","1397548",0.9999,NA,0,NA,0,0,40,0,40
"2000","1397562",0.9999,NA,0,NA,0,0,40,0,40
"2001","1397563",0.9999,0.975,40,0.973684210526316,38,0.108425595214893,39,0.102457053952234,39
"2002","1397583",0.9999,NA,0,NA,0,0,25,0,25
"2003","1397586",0.9999,0.970588235294118,34,0.96875,32,0.140665870426538,40,0.124062335073002,40
"2004","1398749",0.9999,1,40,1,40,0.332157269089297,40,0.332157269089297,40
"2005","1398907",0.9999,NA,0,NA,0,0,40,0,40
"2006","1398909",0.9999,NA,0,NA,0,0,39,0,39
"2007","1398929",0.9999,0.95,40,0.944444444444444,36,0.390454777116345,40,0.347363379266883,40
"2008","1398956",0.9999,0.95,40,0.944444444444444,36,0.111164043605193,38,0.0950726932719566,38
"2009","1399056",0.9999,1,40,1,40,0.563211414973307,40,0.563211414973307,40
"2010","1399064",0.9999,1,40,1,40,0.307166665956776,40,0.307166665956776,40
"2011","1399069",0.9999,NA,0,NA,0,0,3,0,3
"2012","1399071",0.9999,NA,0,NA,0,0,17,0,17
"2013","1399079",0.9999,0.975,40,0.973684210526316,38,0.430072290217639,40,0.409516734662083,40
"2014","1399086",0.9999,1,40,1,40,0.792883903792785,40,0.792883903792785,40
"2015","1399088",0.9999,1,36,1,36,0.13120315009183,40,0.13120315009183,40
"2016","1399094",0.9999,1,40,1,40,0.870375563164064,40,0.870375563164064,40
"2017","1399096",0.9999,1,40,1,40,0.85498432521328,40,0.85498432521328,40
"2018","1399100",0.9999,0.975,40,0.973684210526316,38,0.336847596414537,40,0.324433587659065,40
"2019","1399105",0.9999,1,40,1,40,0.573978303244561,40,0.573978303244561,40
"2020","1399151",0.9999,0.925,40,0.942857142857143,35,0.397130225462144,38,0.36142351918031,38
"2021","1399202",0.9999,0.975,40,0.973684210526316,38,0.483497344861639,40,0.452077507905117,40
"2022","1399208",0.9999,0.95,40,0.944444444444444,36,0.335520656393912,39,0.304464906588163,39
"2023","1399226",0.9999,0.95,40,0.972972972972973,37,0.21846071027304,40,0.203025104212434,40
"2024","1399238",0.9999,1,40,1,40,0.146551585959481,40,0.146551585959481,40
"2025","1399245",0.9999,0.970588235294118,34,0.96875,32,0.073921356595163,39,0.0634246848081687,39
"2026","1399255",0.9999,0.9,40,0.875,32,0.174029578418924,38,0.123430667348144,38
"2027","1399265",0.9999,1,40,1,40,0.201220929038217,40,0.201220929038217,40
"2028","1399276",0.9999,1,40,1,40,0.528091183452378,40,0.528091183452378,40
"2029","1399310",0.9999,1,8,1,8,0.0127525252525253,39,0.0127525252525253,39
"2030","1399320",0.9999,1,33,1,33,0.0991072918321945,40,0.0991072918321945,40
"2031","1399330",0.9999,0.975,40,0.973684210526316,38,0.285796359080361,39,0.272711894525308,39
"2032","1399358",0.9999,0.96875,32,0.966666666666667,30,0.105651609773244,40,0.100294466916101,40
"2033","1399375",0.9999,0.975,40,0.973684210526316,38,0.305469916814463,40,0.281480017824564,40
"2034","1399438",0.9999,0.95,40,0.944444444444444,36,0.295844506450413,38,0.263996420326011,38
"2035","1399507",0.9999,NA,0,NA,0,0,40,0,40
"2036","1399542",0.9999,NA,0,NA,0,0,40,0,40
"2037","1399560",0.9999,NA,0,NA,0,0,36,0,36
"2038","1399576",0.9999,1,21,1,21,0.0333320815917799,40,0.0333320815917799,40
"2039","1399633",0.9999,1,29,1,29,0.0597991248512866,40,0.0597991248512866,40
"2040","1399661",0.9999,0.96,25,0.956521739130435,23,0.0560442292279547,38,0.0505090007825095,38
"2041","1399791",0.9999,0.909090909090909,11,0.888888888888889,9,0.0223569449328473,38,0.0169602608335928,38
"2042","1399892",0.9999,0.967741935483871,31,0.96551724137931,29,0.166935614460301,40,0.151209808008688,40
"2043","1399894",0.9999,0.95,40,0.944444444444444,36,0.33109982474906,39,0.289045440960805,39
"2044","1399895",0.9999,0.925,40,0.916666666666667,36,0.12964804345268,39,0.116385443983184,39
"2045","1399912",0.9999,0.975,40,0.973684210526316,38,0.0847384270840921,39,0.0779255941843027,39
"2046","1399920",0.9999,NA,0,NA,0,0,40,0,40
"2047","1399925",0.9999,1,40,1,40,0.168640898449059,40,0.168640898449059,40
"2048","1399933",0.9999,NA,0,NA,0,0,40,0,40
"2049","1399960",0.9999,1,7,1,7,0.0261735588972431,40,0.0261735588972431,40
"2050","1399962",0.9999,1,40,1,40,0.439529627534608,40,0.439529627534608,40
"2051","1401109",0.9999,1,33,1,33,0.0842192528548548,40,0.0842192528548548,40
"2052","1401360",0.9999,1,40,1,40,0.314961275877558,40,0.314961275877558,40
"2053","1401361",0.9999,NA,0,NA,0,0,40,0,40
"2054","1401362",0.9999,0.975,40,0.973684210526316,38,0.797894357041533,40,0.756787914464502,40
"2055","1401367",0.9999,1,40,1,40,0.330753226887269,40,0.330753226887269,40
"2056","1401373",0.9999,1,40,1,40,0.558171843939711,40,0.558171843939711,40
"2057","1401379",0.9999,1,40,1,40,0.620205532141153,40,0.620205532141153,40
"2058","1401398",0.9999,0.966666666666667,30,0.964285714285714,28,0.0978713660453788,40,0.0911873382676011,40
"2059","1401417",0.9999,0.935483870967742,31,0.925925925925926,27,0.0853956493032488,38,0.0746783318159822,38
"2060","1401748",0.9999,0.972222222222222,36,0.970588235294118,34,0.128801882559773,40,0.116706975152366,40
"2061","1401769",0.9999,1,40,1,40,0.36301865069012,40,0.36301865069012,40
"2062","1401786",0.9999,NA,0,NA,0,0,28,0,28
"2063","1401798",0.9999,1,40,1,40,0.527928101552061,40,0.527928101552061,40
"2064","1401799",0.9999,1,40,1,40,0.53452949943468,40,0.53452949943468,40
"2065","1401804",0.9999,1,40,1,40,0.492323500967118,40,0.492323500967118,40
"2066","1401807",0.9999,NA,0,NA,0,0,39,0,39
"2067","1401869",0.9999,0.975,40,0.973684210526316,38,0.480979846843977,40,0.454979846843977,40
"2068","1401892",0.9999,NA,0,NA,0,0,40,0,40
"2069","1401901",0.9999,1,2,1,2,0.00330645161290323,40,0.00330645161290323,40
"2070","1401924",0.9999,NA,0,NA,0,0,38,0,38
"2071","1401929",0.9999,NA,0,NA,0,0,38,0,38
"2072","1401970",0.9999,0.975,40,0.975,40,0.42791852890352,39,0.42791852890352,39
"2073","1401987",0.9999,NA,0,NA,0,0,40,0,40
"2074","1405",0.9999,1,1,1,1,0.00113636363636364,40,0.00113636363636364,40
"2075","1406993",0.9999,0.95,40,0.944444444444444,36,0.60415084553128,40,0.540355973736409,40
"2076","1407025",0.9999,1,9,1,9,0.0194917775722729,40,0.0194917775722729,40
"2077","1407033",0.9999,NA,0,NA,0,0,40,0,40
"2078","1407036",0.9999,1,2,1,2,0.0028125,40,0.0028125,40
"2079","1407037",0.9999,NA,0,NA,0,0,40,0,40
"2080","1407041",0.9999,1,22,1,22,0.063553329625311,40,0.063553329625311,40
"2081","1407065",0.9999,1,30,1,30,0.0661757229651714,40,0.0661757229651714,40
"2082","1407075",0.9999,1,34,1,34,0.0627406591196808,40,0.0627406591196808,40
"2083","1407081",0.9999,NA,0,NA,0,0,40,0,40
"2084","1407086",0.9999,1,3,1,3,0.00661057692307692,40,0.00661057692307692,40
"2085","1407088",0.9999,NA,0,NA,0,0,40,0,40
"2086","1407089",0.9999,1,40,1,40,0.0898620720524745,40,0.0898620720524745,40
"2087","1407101",0.9999,NA,0,NA,0,0,40,0,40
"2088","1407103",0.9999,NA,0,NA,0,0,40,0,40
"2089","1407105",0.9999,NA,0,NA,0,0,39,0,39
"2090","1407110",0.9999,NA,0,NA,0,0,40,0,40
"2091","1407128",0.9999,0.95,40,0.947368421052632,38,0.447977242705163,40,0.427090490568411,40
"2092","1407216",0.9999,NA,0,NA,0,0,7,0,7
"2093","1407217",0.9999,NA,0,NA,0,0,11,0,11
"2094","1407233",0.9999,NA,0,NA,0,0,2,0,2
"2095","1407242",0.9999,NA,0,NA,0,0,12,0,12
"2096","1407273",0.9999,NA,0,NA,0,0,40,0,40
"2097","1407277",0.9999,1,4,1,4,0.0183238636363636,40,0.0183238636363636,40
"2098","1407282",0.9999,NA,0,NA,0,0,40,0,40
"2099","1407295",0.9999,0.975,40,0.973684210526316,38,0.477496580998474,40,0.454840330998474,40
"2100","1407313",0.9999,1,40,1,40,0.166244505954751,40,0.166244505954751,40
"2101","1407379",0.9999,NA,0,NA,0,0,40,0,40
"2102","1407391",0.9999,1,13,1,13,0.0200675230566535,40,0.0200675230566535,40
"2103","1407397",0.9999,NA,0,NA,0,0,40,0,40
"2104","1407400",0.9999,0.975,40,0.973684210526316,38,0.593979716384241,40,0.564330326140339,40
"2105","1407404",0.9999,0.95,40,0.972222222222222,36,0.297495176379159,40,0.281820573204556,40
"2106","1407418",0.9999,0.857142857142857,28,0.857142857142857,21,0.176393938943878,40,0.15627969163205,40
"2107","1407432",0.9999,1,40,1,40,0.353313226864886,40,0.353313226864886,40
"2108","1407433",0.9999,1,40,1,40,0.430000034674295,40,0.430000034674295,40
"2109","1407443",0.9999,1,40,1,40,0.283504847062509,40,0.283504847062509,40
"2110","1407457",0.9999,0.925,40,0.942857142857143,35,0.279888479378517,40,0.250315600047573,40
"2111","1407485",0.9999,NA,0,NA,0,0,38,0,38
"2112","1407493",0.9999,NA,0,NA,0,0,40,0,40
"2113","1407495",0.9999,1,2,1,2,0.00219047619047619,40,0.00219047619047619,40
"2114","1407500",0.9999,NA,0,NA,0,0,39,0,39
"2115","1407505",0.9999,0.975,40,0.974358974358974,39,0.392057580003364,39,0.383852451798236,39
"2116","1407589",0.9999,1,25,1,25,0.0709063443359947,40,0.0709063443359947,40
"2117","1407606",0.9999,1,40,1,40,0.304482870385264,40,0.304482870385264,40
"2118","1407672",0.9999,1,18,1,18,0.0582426428128129,40,0.0582426428128129,40
"2119","1407704",0.9999,0.958333333333333,24,0.954545454545455,22,0.0840452578578381,39,0.0645092383218186,39
"2120","1407808",0.9999,1,9,1,9,0.0113266881585847,40,0.0113266881585847,40
"2121","1407840",0.9999,NA,0,NA,0,0,40,0,40
"2122","1407869",0.9999,NA,0,NA,0,0,40,0,40
"2123","1407977",0.9999,NA,0,NA,0,0,36,0,36
"2124","1408256",0.9999,1,40,1,40,0.147489948352672,40,0.147489948352672,40
"2125","1408266",0.9999,0.975,40,0.973684210526316,38,0.218055604574961,39,0.208208961454615,39
"2126","1408269",0.9999,1,2,1,2,0.00370813397129187,38,0.00370813397129187,38
"2127","1408285",0.9999,0.975,40,0.973684210526316,38,0.478671724936222,40,0.452516262751348,40
"2128","1408299",0.9999,1,40,1,40,0.604364434057701,40,0.604364434057701,40
"2129","1408307",0.9999,0.973684210526316,38,0.972222222222222,36,0.230285647949345,40,0.22230692454509,40
"2130","1408334",0.9999,NA,0,NA,0,0,39,0,39
"2131","1410556",0.9999,0.975,40,0.973684210526316,38,0.553413506012951,40,0.525430157261795,40
"2132","1417615",0.9999,0.95,40,0.972972972972973,37,0.785114185331577,40,0.746527228809837,40
"2133","1419037",0.9999,1,40,1,40,0.858287328098436,40,0.858287328098436,40
"2134","1429533",0.9999,1,40,1,40,0.900912857084495,40,0.900912857084495,40
"2135","1430",0.9999,1,40,1,40,0.286942960731014,40,0.286942960731014,40
"2136","1431388",0.9999,1,40,1,40,0.54991930171278,40,0.54991930171278,40
"2137","1435846",0.9999,1,40,1,40,0.545591787439614,40,0.545591787439614,40
"2138","1435847",0.9999,1,40,1,40,0.85445652173913,40,0.85445652173913,40
"2139","1436707",0.9999,1,40,1,40,0.386732296010596,40,0.386732296010596,40
"2140","1442",0.9999,NA,0,NA,0,0,40,0,40
"2141","1444086",0.9999,1,40,1,40,0.234076906906657,40,0.234076906906657,40
"2142","1446239",0.9999,1,40,1,40,0.682528853400854,40,0.682528853400854,40
"2143","1446403",0.9999,0.975,40,0.973684210526316,38,0.516221453667106,40,0.490134497145367,40
"2144","1446407",0.9999,1,40,1,40,0.377131093544137,40,0.377131093544137,40
"2145","1456453",0.9999,1,6,1,6,0.00839560881073927,40,0.00839560881073927,40
"2146","1456462",0.9999,1,40,1,40,0.650860245529103,40,0.650860245529103,40
"2147","1456467",0.9999,1,40,1,40,0.578472771190162,40,0.578472771190162,40
"2148","1456560",0.9999,1,40,1,40,0.535471938958261,40,0.535471938958261,40
"2149","1456566",0.9999,1,40,1,40,0.558238283455675,40,0.558238283455675,40
"2150","1456569",0.9999,1,40,1,40,0.66603621619926,40,0.66603621619926,40
"2151","1457001",0.9999,1,40,1,40,0.880237154150198,40,0.880237154150198,40
"2152","1457005",0.9999,1,40,1,40,0.881000768555116,40,0.881000768555116,40
"2153","1457019",0.9999,1,40,1,40,0.854927536231884,40,0.854927536231884,40
"2154","1459320",0.9999,1,40,1,40,0.716277831397902,40,0.716277831397902,40
"2155","1459336",0.9999,1,40,1,40,0.781843424379184,40,0.781843424379184,40
"2156","1459339",0.9999,1,40,1,40,0.511957489672677,40,0.511957489672677,40
"2157","1459774",0.9999,1,40,1,40,0.458518045610443,40,0.458518045610443,40
"2158","1459779",0.9999,1,40,1,40,0.633956032592281,40,0.633956032592281,40
"2159","1459801",0.9999,1,40,1,40,0.376265449526319,40,0.376265449526319,40
"2160","1459814",0.9999,1,40,1,40,0.419237253730429,40,0.419237253730429,40
"2161","1459824",0.9999,1,40,1,40,0.54257316046497,40,0.54257316046497,40
"2162","1462127",0.9999,1,40,1,40,0.842800834431269,40,0.842800834431269,40
"2163","1466686",0.9999,1,40,1,40,0.271535652060038,40,0.271535652060038,40
"2164","1466696",0.9999,1,13,1,13,0.0409519069794376,40,0.0409519069794376,40
"2165","1471122",0.9999,1,3,1,3,0.0087958869568065,39,0.0087958869568065,39
"2166","1471140",0.9999,1,40,1,40,0.20329224623793,40,0.20329224623793,40
"2167","1471150",0.9999,NA,0,NA,0,0,38,0,38
"2168","1471160",0.9999,NA,0,NA,0,0,40,0,40
"2169","1471179",0.9999,1,40,1,40,0.174109548500376,40,0.174109548500376,40
"2170","1471231",0.9999,NA,0,NA,0,0,22,0,22
"2171","1471324",0.9999,1,1,1,1,0.00505050505050505,33,0.00505050505050505,33
"2172","1471383",0.9999,0.975,40,0.973684210526316,38,0.381939260502573,40,0.36173092716924,40
"2173","1471386",0.9999,1,38,1,38,0.156848682546051,40,0.156848682546051,40
"2174","1471402",0.9999,1,40,1,40,0.525809339640982,40,0.525809339640982,40
"2175","1471764",0.9999,0.95,40,0.944444444444444,36,0.135770534607383,39,0.11360173118858,39
"2176","1471782",0.9999,1,16,1,16,0.0538603971060868,40,0.0538603971060868,40
"2177","1471803",0.9999,1,40,1,40,0.2273006354962,40,0.2273006354962,40
"2178","1471824",0.9999,1,6,1,6,0.00731985553206483,40,0.00731985553206483,40
"2179","1471862",0.9999,1,25,1,25,0.03305400349005,40,0.03305400349005,40
"2180","1471893",0.9999,0.961538461538462,26,0.958333333333333,24,0.166401128336506,40,0.160382609817988,40
"2181","1471895",0.9999,1,38,1,38,0.102146217883712,40,0.102146217883712,40
"2182","1471899",0.9999,1,39,1,39,0.247982124715954,40,0.247982124715954,40
"2183","1471906",0.9999,0.975,40,0.973684210526316,38,0.207154079225773,40,0.195945745892439,40
"2184","1471907",0.9999,1,25,1,25,0.151080455182809,40,0.151080455182809,40
"2185","1471909",0.9999,1,40,1,40,0.257149929491152,40,0.257149929491152,40
"2186","1471919",0.9999,1,22,1,22,0.147531617393627,40,0.147531617393627,40
"2187","1471920",0.9999,1,14,1,14,0.0373460300205295,40,0.0373460300205295,40
"2188","1471934",0.9999,1,33,1,33,0.160085439822593,40,0.160085439822593,40
"2189","1471939",0.9999,0.973684210526316,38,0.972222222222222,36,0.189358403380031,40,0.180805771801083,40
"2190","1471962",0.9999,1,24,1,24,0.0726727055643278,40,0.0726727055643278,40
"2191","1471982",0.9999,0.975,40,0.973684210526316,38,0.261803253230059,40,0.255354840531646,40
"2192","1471998",0.9999,0.974358974358974,39,0.972972972972973,37,0.160028950752725,40,0.152443480667255,40
"2193","1472009",0.9999,1,38,1,38,0.169081304750038,40,0.169081304750038,40
"2194","1472026",0.9999,1,40,1,40,0.303500367503887,40,0.303500367503887,40
"2195","1472027",0.9999,1,40,1,40,0.22819592231525,40,0.22819592231525,40
"2196","1472032",0.9999,0.975,40,0.973684210526316,38,0.771854256854257,40,0.735743145743146,40
"2197","1472034",0.9999,1,40,1,40,0.396168295103355,40,0.396168295103355,40
"2198","1472047",0.9999,1,40,1,40,0.341123874927315,40,0.341123874927315,40
"2199","1472054",0.9999,1,40,1,40,0.369491940986648,40,0.369491940986648,40
"2200","1472087",0.9999,1,40,1,40,0.209534814951895,40,0.209534814951895,40
"2201","1472093",0.9999,1,40,1,40,0.245914923258052,40,0.245914923258052,40
"2202","1472098",0.9999,0.975,40,0.973684210526316,38,0.216165104339249,40,0.205006567753883,40
"2203","1472103",0.9999,1,40,1,40,0.276948359530491,40,0.276948359530491,40
"2204","1472119",0.9999,1,40,1,40,0.47374127520268,40,0.47374127520268,40
"2205","1472125",0.9999,1,37,1,37,0.251725238863139,40,0.251725238863139,40
"2206","1472134",0.9999,1,40,1,40,0.39215816467906,40,0.39215816467906,40
"2207","1472136",0.9999,1,40,1,40,0.214398656693313,40,0.214398656693313,40
"2208","1472137",0.9999,1,34,1,34,0.130825549106229,40,0.130825549106229,40
"2209","1472143",0.9999,1,39,1,39,0.1765771038433,40,0.1765771038433,40
"2210","1472149",0.9999,1,40,1,40,0.29549825349004,40,0.29549825349004,40
"2211","1472166",0.9999,1,40,1,40,0.315306981183533,40,0.315306981183533,40
"2212","1472169",0.9999,1,39,1,39,0.276321432412709,40,0.276321432412709,40
"2213","1472178",0.9999,1,40,1,40,0.215143140458275,40,0.215143140458275,40
"2214","1472179",0.9999,1,40,1,40,0.169828768253102,40,0.169828768253102,40
"2215","1473161",0.9999,1,40,1,40,0.549891304347826,40,0.549891304347826,40
"2216","1474241",0.9999,1,40,1,40,0.567743741765481,40,0.567743741765481,40
"2217","1474254",0.9999,1,39,1,39,0.18689967291521,40,0.18689967291521,40
"2218","1474261",0.9999,0.975,40,0.973684210526316,38,0.250973121110859,40,0.242571958320161,40
"2219","1474263",0.9999,0.975,40,0.973684210526316,38,0.359554102542538,40,0.34186179485023,40
"2220","1474436",0.9999,0.973684210526316,38,0.972222222222222,36,0.220050975186598,39,0.204514553544719,39
"2221","1474447",0.9999,NA,0,NA,0,0,32,0,32
"2222","1474454",0.9999,NA,0,NA,0,0,36,0,36
"2223","1474572",0.9999,1,40,1,40,0.444790360338618,40,0.444790360338618,40
"2224","1474573",0.9999,1,40,1,40,0.53513079068322,40,0.53513079068322,40
"2225","1474831",0.9999,1,12,1,12,0.036626582640756,38,0.036626582640756,38
"2226","1474836",0.9999,0.975,40,0.975,40,0.34354064473044,40,0.34354064473044,40
"2227","1474839",0.9999,1,40,1,40,0.28311970471198,40,0.28311970471198,40
"2228","1474858",0.9999,0.975,40,0.973684210526316,38,0.467749643236708,40,0.446638532125597,40
"2229","1474911",0.9999,1,40,1,40,0.558629869462432,40,0.558629869462432,40
"2230","1474918",0.9999,NA,0,NA,0,0,36,0,36
"2231","1474929",0.9999,NA,0,NA,0,0,40,0,40
"2232","1474980",0.9999,NA,0,NA,0,0,39,0,39
"2233","1474981",0.9999,NA,0,NA,0,0,40,0,40
"2234","1474985",0.9999,NA,0,NA,0,0,38,0,38
"2235","1475019",0.9999,1,40,1,40,0.385381928063577,40,0.385381928063577,40
"2236","1475020",0.9999,1,40,1,40,0.203681283894755,40,0.203681283894755,40
"2237","1475036",0.9999,1,1,1,1,0.00119047619047619,40,0.00119047619047619,40
"2238","1475064",0.9999,0.967741935483871,31,0.96551724137931,29,0.0906837758326592,39,0.0821367672856507,39
"2239","1475159",0.9999,0.95,40,0.944444444444444,36,0.198360834740925,39,0.135671399992667,39
"2240","1475183",0.9999,NA,0,NA,0,0,39,0,39
"2241","1475204",0.9999,1,40,1,40,0.928660856950635,40,0.928660856950635,40
"2242","1475224",0.9999,0.975,40,0.973684210526316,38,0.242784310366438,40,0.228498596080724,40
"2243","1475248",0.9999,1,1,1,1,0.000986193293885602,39,0.000986193293885602,39
"2244","1475250",0.9999,NA,0,NA,0,0,39,0,39
"2245","1475268",0.9999,NA,0,NA,0,0,34,0,34
"2246","1475272",0.9999,NA,0,NA,0,0,39,0,39
"2247","1475274",0.9999,NA,0,NA,0,0,34,0,34
"2248","1476044",0.9999,NA,0,NA,0,0,40,0,40
"2249","1476062",0.9999,0.95,40,0.944444444444444,36,0.161622836784603,40,0.148739752807769,40
"2250","1476113",0.9999,1,40,1,40,0.284996871385212,40,0.284996871385212,40
"2251","1476117",0.9999,1,40,1,40,0.299079196187669,40,0.299079196187669,40
"2252","1476124",0.9999,1,7,1,7,0.0157449092786586,39,0.0157449092786586,39
"2253","1476147",0.9999,0.975,40,0.973684210526316,38,0.173529897392774,40,0.150973506415331,40
"2254","1476488",0.9999,1,40,1,40,0.527724776838149,40,0.527724776838149,40
"2255","1476491",0.9999,1,40,1,40,0.884782865659369,40,0.884782865659369,40
"2256","1476503",0.9999,NA,0,NA,0,NA,0,NA,0
"2257","1476505",0.9999,1,40,1,40,0.616714104216416,40,0.616714104216416,40
"2258","1476520",0.9999,1,40,1,40,0.607806162490612,40,0.607806162490612,40
"2259","1476522",0.9999,1,40,1,40,0.595462467238783,40,0.595462467238783,40
"2260","1476528",0.9999,1,40,1,40,0.592260802524069,40,0.592260802524069,40
"2261","1476551",0.9999,0.974358974358974,39,0.972972972972973,37,0.453632882835994,40,0.421165800368912,40
"2262","1481",0.9999,0.966666666666667,30,0.964285714285714,28,0.0276364197199217,39,0.0257224178059198,39
"2263","1481041",0.9999,1,40,1,40,0.176841007176789,40,0.176841007176789,40
"2264","1481058",0.9999,1,40,1,40,0.118066886997915,40,0.118066886997915,40
"2265","1481071",0.9999,0.941176470588235,34,0.933333333333333,30,0.10649547754194,39,0.0901784612249233,39
"2266","1494",0.9999,NA,0,NA,0,0,39,0,39
"2267","1504",0.9999,0.833333333333333,12,0.8,10,0.0566383520926962,36,0.0364837990434063,36
"2268","1506",0.9999,NA,0,NA,0,0,37,0,37
"2269","1512",0.9999,NA,0,NA,0,0,38,0,38
"2270","1535",0.9999,1,16,1,16,0.0139290983798386,40,0.0139290983798386,40
"2271","1537801",0.9999,1,40,1,40,0.265062694980259,40,0.265062694980259,40
"2272","1537809",0.9999,0.975,40,0.973684210526316,38,0.441593849740296,40,0.423042262438709,40
"2273","1537834",0.9999,NA,0,NA,0,0,39,0,39
"2274","1537879",0.9999,1,40,1,40,0.286311936521384,40,0.286311936521384,40
"2275","1537883",0.9999,1,40,1,40,0.163397501331167,40,0.163397501331167,40
"2276","1537891",0.9999,1,40,1,40,0.136528189089873,40,0.136528189089873,40
"2277","1537928",0.9999,NA,0,NA,0,0,3,0,3
"2278","1537929",0.9999,NA,0,NA,0,0,11,0,11
"2279","1537936",0.9999,1,40,1,40,0.445218199090451,40,0.445218199090451,40
"2280","1537941",0.9999,NA,0,NA,0,0,9,0,9
"2281","1537946",0.9999,NA,0,NA,0,NA,0,NA,0
"2282","1537947",0.9999,0.975,40,0.973684210526316,38,0.42343356218147,40,0.402979016726925,40
"2283","1537952",0.9999,0.95,40,0.972972972972973,37,0.565046864369341,40,0.539033350855827,40
"2284","1537961",0.9999,NA,0,NA,0,0,39,0,39
"2285","1537962",0.9999,NA,0,NA,0,0,39,0,39
"2286","1537983",0.9999,0.892857142857143,28,0.91304347826087,23,0.150736522311133,38,0.125083933177007,38
"2287","1537999",0.9999,1,40,1,40,0.533938482886216,40,0.533938482886216,40
"2288","1538003",0.9999,1,40,1,40,0.524329324699352,40,0.524329324699352,40
"2289","1538296",0.9999,0.975,40,0.973684210526316,38,0.366299599905884,40,0.345957458984475,40
"2290","1538676",0.9999,0.956521739130435,23,0.956521739130435,23,0.0477480966170982,40,0.0477480966170982,40
"2291","1539498",0.9999,1,40,1,40,0.19901899439269,40,0.19901899439269,40
"2292","1539766",0.9999,1,40,1,40,0.604972457032879,40,0.604972457032879,40
"2293","1539817",0.9999,1,40,1,40,0.198109660220144,40,0.198109660220144,40
"2294","1539962",0.9999,0.95,40,0.944444444444444,36,0.509575073619535,40,0.462473366649407,40
"2295","1545603",0.9999,0.975,40,0.973684210526316,38,0.357823344615624,40,0.341676158468438,40
"2296","1545610",0.9999,0.975,40,0.973684210526316,38,0.223106253396457,40,0.213115723093427,40
"2297","1545614",0.9999,0.914285714285714,35,0.931034482758621,29,0.141019276093836,40,0.115611391279992,40
"2298","1545730",0.9999,0.857142857142857,7,0.8,5,0.0076963999672618,39,0.00237165934840353,39
"2299","1545746",0.9999,0.964285714285714,28,0.961538461538462,26,0.0853920116688983,39,0.0787103609800919,39
"2300","1545747",0.9999,1,3,1,3,0.00188560653676933,39,0.00188560653676933,39
"2301","1545826",0.9999,0.885714285714286,35,0.857142857142857,28,0.105039080907162,40,0.0720955003648969,40
"2302","1545833",0.9999,0.975,40,0.973684210526316,38,0.480383078233757,39,0.461546786320542,39
"2303","1545854",0.9999,0.95,40,0.973684210526316,38,0.31756138502111,40,0.316936385021111,40
"2304","1545861",0.9999,0.95,40,0.944444444444444,36,0.21125526926031,40,0.188076841840955,40
"2305","1545862",0.9999,0.925,40,0.941176470588235,34,0.315657391031436,40,0.259814435264085,40
"2306","1545863",0.9999,0.95,40,0.944444444444444,36,0.31471675725708,39,0.266523839064162,39
"2307","1545875",0.9999,NA,0,NA,0,0,38,0,38
"2308","1545881",0.9999,0.95,40,0.972972972972973,37,0.286854206265815,40,0.267701744144603,40
"2309","1545899",0.9999,0.975,40,0.973684210526316,38,0.315708413238134,40,0.295395913238134,40
"2310","1545959",0.9999,1,40,1,40,0.518538472308129,40,0.518538472308129,40
"2311","1545979",0.9999,1,40,1,40,0.635268568991395,40,0.635268568991395,40
"2312","1545980",0.9999,0.975,40,0.973684210526316,38,0.506734129186409,40,0.483123018075298,40
"2313","1545986",0.9999,NA,0,NA,0,0,39,0,39
"2314","1545990",0.9999,NA,0,NA,0,0,14,0,14
"2315","1545995",0.9999,NA,0,NA,0,0,40,0,40
"2316","1546013",0.9999,1,8,1,8,0.0226450125078174,40,0.0226450125078174,40
"2317","1546015",0.9999,1,28,1,28,0.0536968976145805,40,0.0536968976145805,40
"2318","1546027",0.9999,1,16,1,16,0.0326432859653575,40,0.0326432859653575,40
"2319","1546028",0.9999,1,1,1,1,0.000735294117647059,40,0.000735294117647059,40
"2320","1546032",0.9999,1,10,1,10,0.0188690848446946,40,0.0188690848446946,40
"2321","1546035",0.9999,1,38,1,38,0.19077765169613,40,0.19077765169613,40
"2322","1546045",0.9999,NA,0,NA,0,0,40,0,40
"2323","1546057",0.9999,NA,0,NA,0,0,40,0,40
"2324","1546062",0.9999,NA,0,NA,0,0,33,0,33
"2325","1546067",0.9999,1,2,1,2,0.00652680652680653,33,0.00652680652680653,33
"2326","1546075",0.9999,NA,0,NA,0,0,33,0,33
"2327","1546079",0.9999,0.974358974358974,39,0.972972972972973,37,0.250715401614001,40,0.229722578647494,40
"2328","1546095",0.9999,NA,0,NA,0,0,40,0,40
"2329","1546103",0.9999,1,40,1,40,0.307069338198712,40,0.307069338198712,40
"2330","1546105",0.9999,NA,0,NA,0,0,40,0,40
"2331","1546107",0.9999,NA,0,NA,0,0,40,0,40
"2332","1546108",0.9999,NA,0,NA,0,0,40,0,40
"2333","1546116",0.9999,1,1,1,1,0.00131578947368421,40,0.00131578947368421,40
"2334","1546119",0.9999,NA,0,NA,0,0,40,0,40
"2335","1546161",0.9999,NA,0,NA,0,0,40,0,40
"2336","1546182",0.9999,NA,0,NA,0,0,40,0,40
"2337","1546209",0.9999,NA,0,NA,0,0,40,0,40
"2338","1546215",0.9999,1,6,1,6,0.0132089297485639,40,0.0132089297485639,40
"2339","1546228",0.9999,1,10,1,10,0.0161176836020852,40,0.0161176836020852,40
"2340","1546236",0.9999,1,14,1,14,0.0226432442895858,40,0.0226432442895858,40
"2341","1546246",0.9999,1,6,1,6,0.0140098722415796,40,0.0140098722415796,40
"2342","1546247",0.9999,1,4,1,4,0.00301974448315912,40,0.00301974448315912,40
"2343","1546249",0.9999,1,8,1,8,0.00987883051907442,40,0.00987883051907442,40
"2344","1546253",0.9999,1,4,1,4,0.00365853658536585,40,0.00365853658536585,40
"2345","1546263",0.9999,NA,0,NA,0,0,40,0,40
"2346","1546268",0.9999,1,22,1,22,0.0522575493612079,40,0.0522575493612079,40
"2347","1546275",0.9999,1,10,1,10,0.0234460091624726,40,0.0234460091624726,40
"2348","1546281",0.9999,1,40,1,40,0.0535467203433738,40,0.0535467203433738,40
"2349","1546294",0.9999,1,4,1,4,0.00370499419279907,40,0.00370499419279907,40
"2350","1546348",0.9999,0.975,40,0.973684210526316,38,0.24142401384415,39,0.223255515675652,39
"2351","1546359",0.9999,1,40,1,40,0.224820800106665,40,0.224820800106665,40
"2352","1546367",0.9999,1,40,1,40,0.0979030162658921,40,0.0979030162658921,40
"2353","1546368",0.9999,1,22,1,22,0.042947902830686,40,0.042947902830686,40
"2354","1546374",0.9999,1,40,1,40,0.165144772161277,40,0.165144772161277,40
"2355","1546393",0.9999,1,2,1,2,0.00895833333333334,40,0.00895833333333334,40
"2356","1546398",0.9999,NA,0,NA,0,0,39,0,39
"2357","1546407",0.9999,NA,0,NA,0,0,36,0,36
"2358","1546411",0.9999,NA,0,NA,0,0,40,0,40
"2359","1546418",0.9999,NA,0,NA,0,0,40,0,40
"2360","1546424",0.9999,1,4,1,4,0.00542973286875726,40,0.00542973286875726,40
"2361","1546434",0.9999,1,7,1,7,0.012137049941928,40,0.012137049941928,40
"2362","1546440",0.9999,1,4,1,4,0.00631410256410256,40,0.00631410256410256,40
"2363","1546460",0.9999,NA,0,NA,0,0,39,0,39
"2364","1546463",0.9999,NA,0,NA,0,0,39,0,39
"2365","1546496",0.9999,1,1,1,1,0.00125,40,0.00125,40
"2366","1546508",0.9999,1,13,1,13,0.0189504643563567,40,0.0189504643563567,40
"2367","1546510",0.9999,1,19,1,19,0.0428716608594657,40,0.0428716608594657,40
"2368","1546534",0.9999,NA,0,NA,0,0,40,0,40
"2369","1546538",0.9999,1,1,1,1,0.000641025641025641,40,0.000641025641025641,40
"2370","1546564",0.9999,NA,0,NA,0,0,40,0,40
"2371","1546569",0.9999,1,14,1,14,0.0281126596980256,40,0.0281126596980256,40
"2372","1546575",0.9999,1,2,1,2,0.001875,40,0.001875,40
"2373","1546600",0.9999,1,1,1,1,0.000609756097560976,40,0.000609756097560976,40
"2374","1546645",0.9999,0.5,2,0.5,2,0.0019723865877712,39,0.0019723865877712,39
"2375","1546666",0.9999,0.925,40,0.911764705882353,34,0.408559370998902,39,0.321535283974815,39
"2376","1546686",0.9999,1,20,1,20,0.0321713319827095,40,0.0321713319827095,40
"2377","1546725",0.9999,0.96969696969697,33,0.967741935483871,31,0.0551311986822829,39,0.0527273525284368,39
"2378","1546744",0.9999,NA,0,NA,0,0,34,0,34
"2379","1546746",0.9999,0.975,40,0.973684210526316,38,0.293376643395841,39,0.260579982692204,39
"2380","1546769",0.9999,0.925,40,0.911764705882353,34,0.232791633499364,39,0.19763939774229,39
"2381","1546770",0.9999,0.95,40,0.944444444444444,36,0.421379678196566,39,0.365576632412496,39
"2382","1546777",0.9999,1,31,1,31,0.147461814211096,40,0.147461814211096,40
"2383","1546829",0.9999,NA,0,NA,0,0,39,0,39
"2384","1546852",0.9999,NA,0,NA,0,0,39,0,39
"2385","1546862",0.9999,NA,0,NA,0,0,38,0,38
"2386","1546871",0.9999,NA,0,NA,0,0,37,0,37
"2387","1546878",0.9999,NA,0,NA,0,0,37,0,37
"2388","1546879",0.9999,1,25,1,25,0.0515516279014528,40,0.0515516279014528,40
"2389","1546912",0.9999,1,38,1,38,0.170768766375195,40,0.170768766375195,40
"2390","1546943",0.9999,NA,0,NA,0,0,38,0,38
"2391","1546960",0.9999,NA,0,NA,0,0,37,0,37
"2392","1546971",0.9999,NA,0,NA,0,0,39,0,39
"2393","1547014",0.9999,NA,0,NA,0,0,38,0,38
"2394","1547016",0.9999,NA,0,NA,0,0,36,0,36
"2395","1547031",0.9999,NA,0,NA,0,0,40,0,40
"2396","1547039",0.9999,NA,0,NA,0,0,40,0,40
"2397","1547063",0.9999,NA,0,NA,0,0,40,0,40
"2398","1547075",0.9999,NA,0,NA,0,0,40,0,40
"2399","1547094",0.9999,0.875,8,0.857142857142857,7,0.0149352087614283,40,0.0143102087614283,40
"2400","1547099",0.9999,0.970588235294118,34,0.96875,32,0.115069551578529,39,0.0912694200860897,39
"2401","1547112",0.9999,NA,0,NA,0,0,34,0,34
"2402","1547126",0.9999,NA,0,NA,0,0,15,0,15
"2403","1547146",0.9999,0.91304347826087,23,0.894736842105263,19,0.0873533440141056,40,0.0759269561671438,40
"2404","1547149",0.9999,NA,0,NA,0,0,35,0,35
"2405","1547202",0.9999,NA,0,NA,0,0,38,0,38
"2406","1547229",0.9999,0.96875,32,0.966666666666667,30,0.0988888002549277,39,0.0837247528328157,39
"2407","1547236",0.9999,NA,0,NA,0,0,24,0,24
"2408","1547243",0.9999,1,39,1,39,0.0845810909615962,40,0.0845810909615962,40
"2409","1547245",0.9999,1,8,1,8,0.0122296128482741,40,0.0122296128482741,40
"2410","1547259",0.9999,NA,0,NA,0,0,37,0,37
"2411","1547262",0.9999,NA,0,NA,0,0,35,0,35
"2412","1547273",0.9999,NA,0,NA,0,0,37,0,37
"2413","1547321",0.9999,NA,0,NA,0,0,38,0,38
"2414","1547361",0.9999,NA,0,NA,0,0,36,0,36
"2415","1547367",0.9999,NA,0,NA,0,0,38,0,38
"2416","1547380",0.9999,NA,0,NA,0,0,38,0,38
"2417","1547414",0.9999,NA,0,NA,0,0,37,0,37
"2418","1547417",0.9999,NA,0,NA,0,0,38,0,38
"2419","1547442",0.9999,1,34,1,34,0.133497678961093,40,0.133497678961093,40
"2420","1547453",0.9999,NA,0,NA,0,0,40,0,40
"2421","1547459",0.9999,NA,0,NA,0,0,40,0,40
"2422","1547473",0.9999,NA,0,NA,0,0,40,0,40
"2423","1547489",0.9999,NA,0,NA,0,0,40,0,40
"2424","1547492",0.9999,NA,0,NA,0,0,40,0,40
"2425","1547496",0.9999,1,1,1,1,0.00227272727272727,40,0.00227272727272727,40
"2426","1547501",0.9999,NA,0,NA,0,0,39,0,39
"2427","1547508",0.9999,NA,0,NA,0,0,39,0,39
"2428","1547546",0.9999,1,5,1,5,0.0209287464985994,40,0.0209287464985994,40
"2429","1547568",0.9999,NA,0,NA,0,0,40,0,40
"2430","1547577",0.9999,0.974358974358974,39,0.972972972972973,37,0.137506146406521,39,0.134557428457803,39
"2431","1547598",0.9999,NA,0,NA,0,0,39,0,39
"2432","1547615",0.9999,NA,0,NA,0,0,39,0,39
"2433","1547630",0.9999,1,17,1,17,0.0581964676799236,40,0.0581964676799236,40
"2434","1547632",0.9999,NA,0,NA,0,0,36,0,36
"2435","1547638",0.9999,NA,0,NA,0,0,37,0,37
"2436","1547651",0.9999,NA,0,NA,0,0,40,0,40
"2437","1547653",0.9999,1,5,1,5,0.0072541819818765,40,0.0072541819818765,40
"2438","1547659",0.9999,NA,0,NA,0,0,39,0,39
"2439","1547669",0.9999,0.973684210526316,38,0.972222222222222,36,0.172027475047527,40,0.162544716426837,40
"2440","1547670",0.9999,NA,0,NA,0,0,39,0,39
"2441","1547681",0.9999,NA,0,NA,0,0,39,0,39
"2442","1547693",0.9999,NA,0,NA,0,0,39,0,39
"2443","1547745",0.9999,NA,0,NA,0,0,39,0,39
"2444","1547764",0.9999,NA,0,NA,0,NA,0,NA,0
"2445","1547772",0.9999,NA,0,NA,0,0,40,0,40
"2446","1547778",0.9999,NA,0,NA,0,0,39,0,39
"2447","1547779",0.9999,0.96875,32,0.966666666666667,30,0.0935482286514119,39,0.0913276823132185,39
"2448","1547781",0.9999,NA,0,NA,0,0,36,0,36
"2449","1547802",0.9999,NA,0,NA,0,0,40,0,40
"2450","1547840",0.9999,0.972222222222222,36,0.970588235294118,34,0.101355378622594,40,0.0961172833844993,40
"2451","1547851",0.9999,NA,0,NA,0,0,38,0,38
"2452","1547862",0.9999,1,38,1,38,0.171441508375257,40,0.171441508375257,40
"2453","1547876",0.9999,0.954545454545455,22,0.95,20,0.0476836693336773,40,0.0413542682447481,40
"2454","1547898",0.9999,1,39,1,39,0.145878707403475,40,0.145878707403475,40
"2455","1547911",0.9999,NA,0,NA,0,0,38,0,38
"2456","1547924",0.9999,NA,0,NA,0,0,39,0,39
"2457","1547932",0.9999,NA,0,NA,0,0,40,0,40
"2458","1547941",0.9999,NA,0,NA,0,0,36,0,36
"2459","1547946",0.9999,NA,0,NA,0,0,40,0,40
"2460","1547957",0.9999,NA,0,NA,0,0,30,0,30
"2461","1547980",0.9999,NA,0,NA,0,0,37,0,37
"2462","1547985",0.9999,NA,0,NA,0,0,40,0,40
"2463","1547989",0.9999,NA,0,NA,0,0,39,0,39
"2464","1547992",0.9999,NA,0,NA,0,0,38,0,38
"2465","1547997",0.9999,NA,0,NA,0,0,37,0,37
"2466","1548000",0.9999,NA,0,NA,0,0,18,0,18
"2467","1548003",0.9999,NA,0,NA,0,0,22,0,22
"2468","1548036",0.9999,NA,0,NA,0,0,39,0,39
"2469","1548095",0.9999,NA,0,NA,0,0,39,0,39
"2470","1548138",0.9999,NA,0,NA,0,0,40,0,40
"2471","1548149",0.9999,NA,0,NA,0,0,40,0,40
"2472","1548170",0.9999,0.975,40,0.973684210526316,38,0.364675288113372,40,0.349768871001073,40
"2473","1548177",0.9999,1,40,1,40,0.390243449613409,40,0.390243449613409,40
"2474","1548180",0.9999,0.95,40,0.944444444444444,36,0.250647567581074,40,0.227962629969666,40
"2475","1548214",0.9999,0.925,40,0.911764705882353,34,0.269530832911441,39,0.223369024444293,39
"2476","1548218",0.9999,1,34,1,34,0.0673424606542542,40,0.0673424606542542,40
"2477","1548239",0.9999,0.875,40,0.866666666666667,30,0.454223397770812,40,0.327337349791014,40
"2478","1548256",0.9999,0.96875,32,0.966666666666667,30,0.0879365469563981,39,0.0863825454023965,39
"2479","1548259",0.9999,0.95,40,0.944444444444444,36,0.416232172209724,39,0.369184775162327,39
"2480","1548300",0.9999,NA,0,NA,0,0,39,0,39
"2481","1548302",0.9999,1,40,1,40,0.442846524303025,40,0.442846524303025,40
"2482","1553033",0.9999,1,40,1,40,0.939673913043478,40,0.939673913043478,40
"2483","1553045",0.9999,1,40,1,40,0.547168780831572,40,0.547168780831572,40
"2484","1553087",0.9999,0.975,40,0.973684210526316,38,0.46754582575265,40,0.451345359552183,40
"2485","1553096",0.9999,0.975,40,0.973684210526316,38,0.281436776207413,40,0.266543159186137,40
"2486","1553107",0.9999,NA,0,NA,0,0,38,0,38
"2487","1553111",0.9999,NA,0,NA,0,0,39,0,39
"2488","1553112",0.9999,NA,0,NA,0,0,37,0,37
"2489","1553113",0.9999,NA,0,NA,0,0,36,0,36
"2490","1553119",0.9999,0.95,40,0.944444444444444,36,0.4406047051202,40,0.393639813705725,40
"2491","1553121",0.9999,0.975,40,0.973684210526316,38,0.238832015226268,40,0.22606605777946,40
"2492","1553122",0.9999,0.95,40,0.944444444444444,36,0.143851739277271,40,0.123593380614657,40
"2493","1553144",0.9999,0.935483870967742,31,0.925925925925926,27,0.105593416440191,40,0.0920091870495096,40
"2494","1553150",0.9999,1,40,1,40,0.207969232469335,40,0.207969232469335,40
"2495","1553176",0.9999,1,14,1,14,0.0519986655856221,39,0.0519986655856221,39
"2496","1553196",0.9999,0.925,40,0.942857142857143,35,0.239492263537255,38,0.206473729298432,38
"2497","1553316",0.9999,1,40,1,40,0.486423153298788,40,0.486423153298788,40
"2498","1553436",0.9999,1,26,1,26,0.0468743394890757,40,0.0468743394890757,40
"2499","1553440",0.9999,NA,0,NA,0,0,40,0,40
"2500","1553443",0.9999,NA,0,NA,0,0,37,0,37
"2501","1553504",0.9999,1,40,1,40,0.467768865163453,40,0.467768865163453,40
"2502","1554472",0.9999,1,40,1,40,0.474803348529733,40,0.474803348529733,40
"2503","1555179",0.9999,1,8,1,8,0.0348384838136043,38,0.0348384838136043,38
"2504","1555183",0.9999,1,1,1,1,0.016025641025641,39,0.016025641025641,39
"2505","1555228",0.9999,NA,0,NA,0,0,39,0,39
"2506","1555275",0.9999,1,2,1,2,0.00172619047619048,40,0.00172619047619048,40
"2507","1555526",0.9999,1,31,1,31,0.0518522385759457,40,0.0518522385759457,40
"2508","1556444",0.9999,1,40,1,40,0.91889351423579,40,0.91889351423579,40
"2509","1556451",0.9999,NA,0,NA,0,0,40,0,40
"2510","1556552",0.9999,1,40,1,40,0.0794586131861337,40,0.0794586131861337,40
"2511","1556869",0.9999,1,40,1,40,0.312185771804009,40,0.312185771804009,40
"2512","1556907",0.9999,1,40,1,40,0.496136064571132,40,0.496136064571132,40
"2513","1556958",0.9999,1,40,1,40,0.593811813236065,40,0.593811813236065,40
"2514","1557006",0.9999,0.923076923076923,13,0.909090909090909,11,0.0870634920634921,40,0.0627579365079365,40
"2515","1557052",0.9999,1,40,1,40,0.657617930215734,40,0.657617930215734,40
"2516","1557077",0.9999,1,40,1,40,0.12538916236766,40,0.12538916236766,40
"2517","1557088",0.9999,0.975,40,0.974358974358974,39,0.206553492477754,40,0.203850789775052,40
"2518","1557096",0.9999,1,40,1,40,0.449501315346536,40,0.449501315346536,40
"2519","1557109",0.9999,1,40,1,40,0.38518006646558,40,0.38518006646558,40
"2520","1557112",0.9999,0.975,40,0.973684210526316,38,0.528397804652768,40,0.502553397122314,40
"2521","1557121",0.9999,1,33,1,33,0.0817650808851305,40,0.0817650808851305,40
"2522","1557136",0.9999,1,18,1,18,0.0351183211524984,40,0.0351183211524984,40
"2523","1557159",0.9999,1,40,1,40,0.237680946675358,40,0.237680946675358,40
"2524","1557160",0.9999,1,40,1,40,0.233436469993399,40,0.233436469993399,40
"2525","1557207",0.9999,0.95,40,0.972972972972973,37,0.52689184272278,40,0.500463271294209,40
"2526","1557253",0.9999,1,40,1,40,0.662606172735682,40,0.662606172735682,40
"2527","1557271",0.9999,0.9,40,0.914285714285714,35,0.422005121459449,38,0.377054908088183,38
"2528","1557279",0.9999,NA,0,NA,0,0,18,0,18
"2529","1557283",0.9999,1,6,1,6,0.042885623148781,19,0.042885623148781,19
"2530","1558769",0.9999,0.947368421052632,19,0.941176470588235,17,0.106272873042822,40,0.103826636483682,40
"2531","1558773",0.9999,0.95,40,0.944444444444444,36,0.270005456402721,40,0.231149636296901,40
"2532","1558792",0.9999,0.875,40,0.866666666666667,30,0.26140349231757,39,0.183869779476653,39
"2533","1558794",0.9999,0.925,40,0.916666666666667,36,0.376516856504964,40,0.346327780874712,40
"2534","1558810",0.9999,0.95,40,0.944444444444444,36,0.450974988827098,38,0.400561312591053,38
"2535","1558812",0.9999,0.896551724137931,29,0.869565217391304,23,0.115441896504188,39,0.0892408944411169,39
"2536","1558875",0.9999,0.933333333333333,15,0.923076923076923,13,0.0423908319876062,39,0.0407624200769362,39
"2537","1558952",0.9999,1,40,1,40,0.658126688383919,40,0.658126688383919,40
"2538","1558959",0.9999,0.95,40,0.944444444444444,36,0.306077720089199,39,0.270790016437651,39
"2539","1558961",0.9999,1,5,1,5,0.0103470603470603,39,0.0103470603470603,39
"2540","1558963",0.9999,1,6,1,6,0.0167029427898993,39,0.0167029427898993,39
"2541","1558973",0.9999,1,40,1,40,0.205091354251972,40,0.205091354251972,40
"2542","1558978",0.9999,0.975,40,0.973684210526316,38,0.248561681938968,40,0.231251956780405,40
"2543","1558982",0.9999,1,40,1,40,0.85632154103477,40,0.85632154103477,40
"2544","1558998",0.9999,NA,0,NA,0,0,40,0,40
"2545","1559003",0.9999,NA,0,NA,0,0,40,0,40
"2546","1559089",0.9999,NA,0,NA,0,0,40,0,40
"2547","1559092",0.9999,NA,0,NA,0,0,39,0,39
"2548","1559107",0.9999,0.95,40,0.972222222222222,36,0.532307458953881,40,0.483557458953881,40
"2549","1559108",0.9999,0.95,40,0.944444444444444,36,0.244505702939643,39,0.216048684286546,39
"2550","1559109",0.9999,1,13,1,13,0.0157263491173596,40,0.0157263491173596,40
"2551","1559127",0.9999,0.95,40,0.944444444444444,36,0.14797643933585,39,0.121518420230772,39
"2552","1559142",0.9999,0.95,40,0.972222222222222,36,0.244433628836099,39,0.220912123459755,39
"2553","1559228",0.9999,1,40,1,40,0.365403710629011,40,0.365403710629011,40
"2554","1559233",0.9999,1,38,1,38,0.070113631612537,40,0.070113631612537,40
"2555","1559307",0.9999,NA,0,NA,0,0,38,0,38
"2556","1559382",0.9999,0.975,40,0.973684210526316,38,0.437489892185778,40,0.414292060207459,40
"2557","1560",0.9999,NA,0,NA,0,0,37,0,37
"2558","1560079",0.9999,1,40,1,40,0.617028985507246,40,0.617028985507246,40
"2559","1560080",0.9999,1,40,1,40,0.666793288233506,40,0.666793288233506,40
"2560","1560082",0.9999,0.975,40,0.973684210526316,38,0.450535784231436,40,0.429284175479828,40
"2561","1560083",0.9999,1,40,1,40,0.61550414779071,40,0.61550414779071,40
"2562","1560086",0.9999,1,40,1,40,0.50960794309047,40,0.50960794309047,40
"2563","1560125",0.9999,1,2,1,2,0.00465116279069767,40,0.00465116279069767,40
"2564","1560154",0.9999,NA,0,NA,0,0,39,0,39
"2565","1560183",0.9999,1,40,1,40,0.295477211543685,40,0.295477211543685,40
"2566","1560186",0.9999,1,40,1,40,0.413772548598848,40,0.413772548598848,40
"2567","1560220",0.9999,NA,0,NA,0,0,40,0,40
"2568","1560225",0.9999,1,40,1,40,0.115152448049815,40,0.115152448049815,40
"2569","1560227",0.9999,1,8,1,8,0.0104143782234358,39,0.0104143782234358,39
"2570","1560244",0.9999,0.923076923076923,39,0.941176470588235,34,0.381654681184637,38,0.336580872260412,38
"2571","1560250",0.9999,0.975,40,0.973684210526316,38,0.80321994025907,40,0.762794408344176,40
"2572","1560295",0.9999,NA,0,NA,0,0,39,0,39
"2573","1560341",0.9999,0.975,40,0.973684210526316,38,0.237679472217009,40,0.223929472217009,40
"2574","1560395",0.9999,1,40,1,40,0.389702826893844,40,0.389702826893844,40
"2575","1560400",0.9999,1,40,1,40,0.373958866966524,40,0.373958866966524,40
"2576","1560401",0.9999,0.975,40,0.973684210526316,38,0.418620508462043,40,0.395190630413262,40
"2577","1560419",0.9999,1,40,1,40,0.743151282998844,40,0.743151282998844,40
"2578","1560432",0.9999,1,40,1,40,0.33077419948804,40,0.33077419948804,40
"2579","1560439",0.9999,0.975,40,0.973684210526316,38,0.194911107609665,39,0.181677029859458,39
"2580","1560483",0.9999,0.95,40,0.972972972972973,37,0.380546805310895,39,0.355707061721151,39
"2581","1560499",0.9999,1,5,1,5,0.00340676630403554,39,0.00340676630403554,39
"2582","1560511",0.9999,1,40,1,40,0.537719862719863,40,0.537719862719863,40
"2583","1560601",0.9999,0.933333333333333,30,0.923076923076923,26,0.0935935970087651,38,0.0819477990461166,38
"2584","1560604",0.9999,1,8,1,8,0.0113506192393732,39,0.0113506192393732,39
"2585","1560612",0.9999,0.962962962962963,27,0.96,25,0.0659963415616214,39,0.0637948393601192,39
"2586","1560616",0.9999,NA,0,NA,0,0,40,0,40
"2587","1560619",0.9999,0.909090909090909,33,0.928571428571429,28,0.274840339533481,39,0.243029681193346,39
"2588","1560702",0.9999,NA,0,NA,0,0,40,0,40
"2589","1560703",0.9999,NA,0,NA,0,0,40,0,40
"2590","1560712",0.9999,1,40,1,40,0.48481825593841,40,0.48481825593841,40
"2591","1560732",0.9999,0.967741935483871,31,0.96551724137931,29,0.0776493417635637,40,0.0733410531529495,40
"2592","1560737",0.9999,1,32,1,32,0.0550979000305199,40,0.0550979000305199,40
"2593","1560738",0.9999,0.975,40,0.973684210526316,38,0.237821689190042,40,0.227266133634487,40
"2594","1560774",0.9999,1,40,1,40,0.193027546202287,40,0.193027546202287,40
"2595","1560788",0.9999,0.95,40,0.944444444444444,36,0.132929709925678,40,0.119614094089901,40
"2596","1560811",0.9999,0.975,40,0.973684210526316,38,0.264871526329948,40,0.255496526329948,40
"2597","1560845",0.9999,1,40,1,40,0.155920003472098,40,0.155920003472098,40
"2598","1560850",0.9999,1,40,1,40,0.368142431267335,40,0.368142431267335,40
"2599","1560851",0.9999,0.95,40,0.947368421052632,38,0.295739504126247,40,0.274685818228811,40
"2600","1561015",0.9999,1,22,1,22,0.103052941496645,40,0.103052941496645,40
"2601","1561021",0.9999,NA,0,NA,0,0,39,0,39
"2602","1561023",0.9999,1,40,1,40,0.616504908742741,40,0.616504908742741,40
"2603","1562260",0.9999,0.975,40,0.973684210526316,38,0.899782608695652,40,0.853586956521739,40
"2604","1562267",0.9999,1,40,1,40,0.4697455896741,40,0.4697455896741,40
"2605","1562272",0.9999,0.975,40,0.973684210526316,38,0.131887347721039,39,0.120401096415783,39
"2606","1562309",0.9999,0.944444444444444,18,0.944444444444444,18,0.0355703174514562,38,0.0355703174514562,38
"2607","1562351",0.9999,1,40,1,40,0.0760393533745267,40,0.0760393533745267,40
"2608","1562375",0.9999,1,1,1,1,0.00135135135135135,40,0.00135135135135135,40
"2609","1562387",0.9999,0.975,40,0.973684210526316,38,0.248489468193807,40,0.233334239435637,40
"2610","1562388",0.9999,1,40,1,40,0.291491674979658,40,0.291491674979658,40
"2611","1562405",0.9999,1,22,1,22,0.107856513634377,40,0.107856513634377,40
"2612","1562434",0.9999,NA,0,NA,0,0,40,0,40
"2613","1562641",0.9999,0.975,40,0.973684210526316,38,0.410420158031159,40,0.39277309920763,40
"2614","1562642",0.9999,1,40,1,40,0.246262064841292,40,0.246262064841292,40
"2615","1562646",0.9999,0.925,40,0.941176470588235,34,0.267790092920098,40,0.222114503015678,40
"2616","1562671",0.9999,1,2,1,2,0.00163690476190476,40,0.00163690476190476,40
"2617","1562693",0.9999,1,40,1,40,0.0927206513233921,40,0.0927206513233921,40
"2618","1562703",0.9999,1,40,1,40,0.303256258887111,40,0.303256258887111,40
"2619","1562711",0.9999,NA,0,NA,0,0,39,0,39
"2620","1562712",0.9999,1,5,1,5,0.0424114555325559,40,0.0424114555325559,40
"2621","1563262",0.9999,1,40,1,40,0.312339565308397,40,0.312339565308397,40
"2622","1563392",0.9999,1,40,1,40,0.250317915943621,40,0.250317915943621,40
"2623","1563396",0.9999,0.975,40,0.973684210526316,38,0.359569858441289,40,0.341079004782753,40
"2624","1563647",0.9999,0.975,40,0.973684210526316,38,0.475358328293282,40,0.454703057638011,40
"2625","1563654",0.9999,0.975,40,0.974358974358974,39,0.312658767998339,40,0.305367101331672,40
"2626","1564468",0.9999,0.975,40,0.973684210526316,38,0.415137807158104,40,0.397388889409187,40
"2627","1564487",0.9999,1,40,1,40,0.277647307031239,40,0.277647307031239,40
"2628","1565055",0.9999,1,40,1,40,0.294804701358031,40,0.294804701358031,40
"2629","1565139",0.9999,1,40,1,40,0.586463823012736,40,0.586463823012736,40
"2630","1565758",0.9999,1,40,1,40,0.304674759321958,40,0.304674759321958,40
"2631","1565761",0.9999,1,9,1,9,0.0112280092535227,40,0.0112280092535227,40
"2632","1565769",0.9999,0.9,40,0.909090909090909,33,0.370947593205086,40,0.323135481708652,40
"2633","1567078",0.9999,1,40,1,40,0.457395470147414,40,0.457395470147414,40
"2634","1567079",0.9999,1,40,1,40,0.37005183546135,40,0.37005183546135,40
"2635","1567084",0.9999,1,40,1,40,0.473610323147183,40,0.473610323147183,40
"2636","1567937",0.9999,1,2,1,2,0.00310975609756098,40,0.00310975609756098,40
"2637","1567959",0.9999,0.95,40,0.944444444444444,36,0.264143860119289,39,0.238296527375404,39
"2638","1567966",0.9999,0.9,40,0.875,32,0.337358375331854,40,0.242444060815725,40
"2639","1567969",0.9999,1,25,1,25,0.0717286061874756,40,0.0717286061874756,40
"2640","1567972",0.9999,0.95,40,0.944444444444444,36,0.371947466079835,39,0.318591006473376,39
"2641","1568002",0.9999,NA,0,NA,0,0,40,0,40
"2642","1568073",0.9999,1,40,1,40,0.105368134460966,40,0.105368134460966,40
"2643","1568098",0.9999,1,35,1,35,0.0560547642630387,40,0.0560547642630387,40
"2644","1568103",0.9999,0.95,40,0.944444444444444,36,0.504356735032312,40,0.448390825941403,40
"2645","1568140",0.9999,0.95,40,0.944444444444444,36,0.249771254162218,40,0.231223045405031,40
"2646","1568149",0.9999,1,16,1,16,0.0333552256435321,40,0.0333552256435321,40
"2647","1568970",0.9999,0.921052631578947,38,0.939393939393939,33,0.223139414433468,40,0.20547424086124,40
"2648","1568985",0.9999,0.973684210526316,38,0.972222222222222,36,0.278236004089959,40,0.269902670756625,40
"2649","1569056",0.9999,0.975,40,0.973684210526316,38,0.639183106362011,40,0.61381694474585,40
"2650","1569126",0.9999,0.971428571428571,35,0.96969696969697,33,0.21482385859376,40,0.206255403459625,40
"2651","1569314",0.9999,1,40,1,40,0.516918117343649,40,0.516918117343649,40
"2652","1569441",0.9999,0.975,40,0.973684210526316,38,0.60295480342718,40,0.573283086255463,40
"2653","1569450",0.9999,0.925,40,0.911764705882353,34,0.640489258916641,40,0.544775413711584,40
"2654","1569454",0.9999,0.948717948717949,39,0.971428571428571,35,0.279920706438874,40,0.256527098364863,40
"2655","1569540",0.9999,1,40,1,40,0.60767387099487,40,0.60767387099487,40
"2656","1569570",0.9999,1,40,1,40,0.641351547388781,40,0.641351547388781,40
"2657","1569581",0.9999,0.975,40,0.973684210526316,38,0.670634922303516,40,0.640634922303516,40
"2658","1569595",0.9999,1,40,1,40,0.618305534531251,40,0.618305534531251,40
"2659","1569625",0.9999,0.975,40,0.973684210526316,38,0.522870769171177,40,0.497870769171177,40
"2660","1569634",0.9999,1,40,1,40,0.577373899227507,40,0.577373899227507,40
"2661","1569694",0.9999,0.975,40,0.973684210526316,38,0.659934450891898,40,0.630868794326241,40
"2662","1569703",0.9999,0.974358974358974,39,0.972972972972973,37,0.232799471358472,40,0.208868990075049,40
"2663","1569764",0.9999,1,40,1,40,0.64080648415615,40,0.64080648415615,40
"2664","1569788",0.9999,1,40,1,40,0.514753653556845,40,0.514753653556845,40
"2665","1569828",0.9999,0.975,40,0.973684210526316,38,0.500707502715481,40,0.484218141013354,40
"2666","1569858",0.9999,1,40,1,40,0.687928737978827,40,0.687928737978827,40
"2667","1569934",0.9999,1,40,1,40,0.408052365254665,40,0.408052365254665,40
"2668","1569999",0.9999,1,5,1,5,0.0159002976190476,40,0.0159002976190476,40
"2669","1570031",0.9999,NA,0,NA,0,0,40,0,40
"2670","1570252",0.9999,0.916666666666667,24,0.904761904761905,21,0.0488644125763801,39,0.0426941122884328,39
"2671","1570265",0.9999,NA,0,NA,0,0,38,0,38
"2672","1570289",0.9999,0.975,40,0.973684210526316,38,0.461914497576569,40,0.438855785455357,40
"2673","1570315",0.9999,1,40,1,40,0.684403421995997,40,0.684403421995997,40
"2674","1570328",0.9999,1,40,1,40,0.283701835722163,40,0.283701835722163,40
"2675","1570331",0.9999,1,40,1,40,0.327537888913128,40,0.327537888913128,40
"2676","1570336",0.9999,1,40,1,40,0.364108054206606,40,0.364108054206606,40
"2677","1570338",0.9999,1,40,1,40,0.352099581251704,40,0.352099581251704,40
"2678","1570347",0.9999,0.975,40,0.973684210526316,38,0.459769499399455,39,0.436191544787018,39
"2679","1570380",0.9999,1,22,1,22,0.0512174792455188,40,0.0512174792455188,40
"2680","1571548",0.9999,NA,0,NA,0,0,39,0,39
"2681","1571706",0.9999,0.925,40,0.941176470588235,34,0.374989325944613,39,0.32896029070357,39
"2682","1571747",0.9999,0.975,40,0.973684210526316,38,0.336287292823201,40,0.317347898883807,40
"2683","1571752",0.9999,0.975,40,0.973684210526316,38,0.628466841913899,40,0.598896094696093,40
"2684","1573502",0.9999,0.95,40,0.944444444444444,36,0.222164181629635,40,0.203670420488816,40
"2685","1573537",0.9999,0.948717948717949,39,0.942857142857143,35,0.132433543731787,39,0.110628959427203,39
"2686","1573539",0.9999,1,9,1,9,0.0102502389939971,40,0.0102502389939971,40
"2687","1573544",0.9999,NA,0,NA,0,0,40,0,40
"2688","1573551",0.9999,0.948717948717949,39,0.942857142857143,35,0.0698942026850361,39,0.0628706482824495,39
"2689","1573563",0.9999,1,40,1,40,0.356571034288876,40,0.356571034288876,40
"2690","1573603",0.9999,0.95,40,0.944444444444444,36,0.298582005102721,40,0.261153027829994,40
"2691","1573621",0.9999,1,38,1,38,0.107594106000456,40,0.107594106000456,40
"2692","1573662",0.9999,1,15,1,15,0.033522202008255,40,0.033522202008255,40
"2693","1573678",0.9999,1,33,1,33,0.172115965581057,40,0.172115965581057,40
"2694","1573721",0.9999,1,40,1,40,0.434755819321769,40,0.434755819321769,40
"2695","1573998",0.9999,1,1,1,1,0.00348837209302326,40,0.00348837209302326,40
"2696","1574005",0.9999,1,37,1,37,0.0923799146920219,40,0.0923799146920219,40
"2697","1574025",0.9999,1,11,1,11,0.0162112886730017,40,0.0162112886730017,40
"2698","1574039",0.9999,0.925,40,0.945945945945946,37,0.338307045549825,39,0.327501184743964,39
"2699","1574047",0.9999,0.975,40,0.973684210526316,38,0.516551120448179,40,0.491057049301934,40
"2700","1574068",0.9999,1,40,1,40,0.335736201526553,40,0.335736201526553,40
"2701","1574091",0.9999,0.975,40,0.973684210526316,38,0.249059970395693,40,0.239460611421334,40
"2702","1574102",0.9999,NA,0,NA,0,0,39,0,39
"2703","1574105",0.9999,1,40,1,40,0.444367813049747,40,0.444367813049747,40
"2704","1579696",0.9999,1,40,1,40,0.211776668671059,40,0.211776668671059,40
"2705","1579708",0.9999,0.925,40,0.911764705882353,34,0.5324646475896,40,0.428178933303886,40
"2706","1579716",0.9999,1,7,1,7,0.0183449074074074,40,0.0183449074074074,40
"2707","1579718",0.9999,0.931034482758621,29,0.961538461538462,26,0.0596146129931304,38,0.0549545252738322,38
"2708","1579722",0.9999,0.914285714285714,35,0.896551724137931,29,0.157449783035326,38,0.129539097229903,38
"2709","1579771",0.9999,0.95,40,0.944444444444444,36,0.257612835382345,40,0.233327121096631,40
"2710","1579792",0.9999,0.897435897435897,39,0.909090909090909,33,0.394903981328956,39,0.357600424670561,39
"2711","1579816",0.9999,NA,0,NA,0,0,38,0,38
"2712","1579861",0.9999,0.925,40,0.942857142857143,35,0.297254291936277,40,0.267073451271566,40
"2713","1579881",0.9999,NA,0,NA,0,0,40,0,40
"2714","1579888",0.9999,0.952380952380952,21,0.947368421052632,19,0.0420700933589356,39,0.034218296033454,39
"2715","1579910",0.9999,1,40,1,40,0.263475167763093,40,0.263475167763093,40
"2716","1579954",0.9999,0.95,40,0.944444444444444,36,0.462799382869678,40,0.394269971104972,40
"2717","1579987",0.9999,1,40,1,40,0.340129392105038,40,0.340129392105038,40
"2718","1580004",0.9999,NA,0,NA,0,0,40,0,40
"2719","1580146",0.9999,0.95,40,0.944444444444444,36,0.491678281595377,40,0.419590213413559,40
"2720","1580175",0.9999,1,40,1,40,0.462432682565661,40,0.462432682565661,40
"2721","1580391",0.9999,NA,0,NA,0,0,39,0,39
"2722","1580406",0.9999,0.975,40,0.973684210526316,38,0.296850888082506,40,0.280032706264324,40
"2723","1580412",0.9999,0.95,40,0.944444444444444,36,0.490578033719475,39,0.434027070160725,39
"2724","1580414",0.9999,0.925,40,0.911764705882353,34,0.383378490921594,39,0.325613339406443,39
"2725","1580421",0.9999,1,35,1,35,0.117141711098583,40,0.117141711098583,40
"2726","1580470",0.9999,1,3,1,3,0.0042476383265857,40,0.0042476383265857,40
"2727","1580477",0.9999,1,4,1,4,0.00367047613069645,39,0.00367047613069645,39
"2728","1580482",0.9999,NA,0,NA,0,0,40,0,40
"2729","1580483",0.9999,0.95,40,0.944444444444444,36,0.285414561182812,40,0.25584584773252,40
"2730","1580489",0.9999,1,40,1,40,0.364246809115549,40,0.364246809115549,40
"2731","1580504",0.9999,1,40,1,40,0.438166004508807,40,0.438166004508807,40
"2732","1580505",0.9999,0.975,40,0.973684210526316,38,0.310317789582649,40,0.291197723793175,40
"2733","1580510",0.9999,1,35,1,35,0.070064343774977,40,0.070064343774977,40
"2734","1580515",0.9999,1,40,1,40,0.290972468594337,40,0.290972468594337,40
"2735","1580596",0.9999,0.95,40,0.944444444444444,36,0.322768971221092,40,0.27910523299853,40
"2736","1580687",0.9999,0.974358974358974,39,0.974358974358974,39,0.219183338502895,40,0.219183338502895,40
"2737","1580693",0.9999,0.95,40,0.944444444444444,36,0.236121327187536,39,0.221816666331151,39
"2738","1580736",0.9999,1,6,1,6,0.0085076260948354,40,0.0085076260948354,40
"2739","1580744",0.9999,NA,0,NA,0,0,40,0,40
"2740","1580745",0.9999,0.95,40,0.944444444444444,36,0.308475201217137,38,0.268552278892899,38
"2741","1580792",0.9999,0.916666666666667,12,0.916666666666667,12,0.0146942168681299,39,0.0146942168681299,39
"2742","1580793",0.9999,0.925,40,0.911764705882353,34,0.425960963306869,40,0.362871398301981,40
"2743","1580805",0.9999,0.958333333333333,24,0.954545454545455,22,0.0613175006723116,38,0.0515942034586893,38
"2744","1580818",0.9999,0.888888888888889,18,0.857142857142857,14,0.0232188455746746,39,0.0152071418312635,39
"2745","1580824",0.9999,0.975,40,0.973684210526316,38,0.199329658884641,39,0.17757363712862,39
"2746","1580844",0.9999,0.95,40,0.944444444444444,36,0.342365005752957,39,0.310839940624653,39
"2747","1580863",0.9999,1,39,1,39,0.126930040456919,40,0.126930040456919,40
"2748","1580875",0.9999,NA,0,NA,0,0,40,0,40
"2749","1580889",0.9999,1,40,1,40,0.26638556750657,40,0.26638556750657,40
"2750","1582192",0.9999,NA,0,NA,0,0,34,0,34
"2751","1582206",0.9999,1,2,1,2,0.00384615384615385,39,0.00384615384615385,39
"2752","1582241",0.9999,0.975,40,0.973684210526316,38,0.637946776225639,40,0.599727126663686,40
"2753","1582250",0.9999,1,40,1,40,0.879879740980574,40,0.879879740980574,40
"2754","1582251",0.9999,1,40,1,40,0.263285415032042,40,0.263285415032042,40
"2755","1582287",0.9999,NA,0,NA,0,0,40,0,40
"2756","1582298",0.9999,0.975,40,0.973684210526316,38,0.587645648827087,40,0.558922244571768,40
"2757","1582432",0.9999,1,40,1,40,1,40,1,40
"2758","1582557",0.9999,NA,0,NA,0,0,40,0,40
"2759","1582565",0.9999,NA,0,NA,0,0,38,0,38
"2760","1582593",0.9999,NA,0,NA,0,0,38,0,38
"2761","1582595",0.9999,NA,0,NA,0,0,38,0,38
"2762","1582614",0.9999,1,2,1,2,0.00322635135135135,40,0.00322635135135135,40
"2763","1582620",0.9999,1,40,1,40,0.393958701543537,40,0.393958701543537,40
"2764","1582627",0.9999,1,40,1,40,0.51035894833677,40,0.51035894833677,40
"2765","1582634",0.9999,1,40,1,40,0.419503140242523,40,0.419503140242523,40
"2766","1582644",0.9999,NA,0,NA,0,0,39,0,39
"2767","1582645",0.9999,NA,0,NA,0,0,38,0,38
"2768","1582650",0.9999,NA,0,NA,0,0,39,0,39
"2769","1582656",0.9999,NA,0,NA,0,0,40,0,40
"2770","1582669",0.9999,1,6,1,6,0.0076711516788228,40,0.0076711516788228,40
"2771","1582675",0.9999,NA,0,NA,0,0,39,0,39
"2772","1582692",0.9999,1,10,1,10,0.014397739395946,40,0.014397739395946,40
"2773","1582695",0.9999,NA,0,NA,0,0,40,0,40
"2774","1582700",0.9999,NA,0,NA,0,0,40,0,40
"2775","1582701",0.9999,1,1,1,1,0.000609756097560976,40,0.000609756097560976,40
"2776","1582711",0.9999,1,40,1,40,0.408080134635013,40,0.408080134635013,40
"2777","1582716",0.9999,1,34,1,34,0.331160844968985,40,0.331160844968985,40
"2778","1582739",0.9999,1,7,1,7,0.00853658536585366,40,0.00853658536585366,40
"2779","1582744",0.9999,1,1,1,1,0.00119047619047619,40,0.00119047619047619,40
"2780","1582748",0.9999,NA,0,NA,0,0,39,0,39
"2781","1582785",0.9999,NA,0,NA,0,0,38,0,38
"2782","1582788",0.9999,NA,0,NA,0,0,39,0,39
"2783","1582831",0.9999,1,2,1,2,0.00123475609756098,40,0.00123475609756098,40
"2784","1582837",0.9999,1,1,1,1,0.000609756097560976,40,0.000609756097560976,40
"2785","1582842",0.9999,1,1,1,1,0.00121951219512195,40,0.00121951219512195,40
"2786","1582852",0.9999,1,1,1,1,0.00238095238095238,40,0.00238095238095238,40
"2787","1582863",0.9999,1,19,1,19,0.0517509741455169,40,0.0517509741455169,40
"2788","1582868",0.9999,1,28,1,28,0.1227303492831,40,0.1227303492831,40
"2789","1582878",0.9999,1,2,1,2,0.00388471177944862,40,0.00388471177944862,40
"2790","1582921",0.9999,1,5,1,5,0.00561456996148909,40,0.00561456996148909,40
"2791","1582924",0.9999,1,12,1,12,0.0125725900116144,40,0.0125725900116144,40
"2792","1582941",0.9999,1,5,1,5,0.00538960578559274,40,0.00538960578559274,40
"2793","1582950",0.9999,1,4,1,4,0.00548780487804878,40,0.00548780487804878,40
"2794","1582955",0.9999,0.967741935483871,31,0.96551724137931,29,0.189868961352657,40,0.179446256038647,40
"2795","1583727",0.9999,NA,0,NA,0,0,37,0,37
"2796","1583742",0.9999,NA,0,NA,0,0,40,0,40
"2797","1583765",0.9999,NA,0,NA,0,0,40,0,40
"2798","1583825",0.9999,1,40,1,40,0.242016678412027,40,0.242016678412027,40
"2799","1583839",0.9999,1,40,1,40,0.618873453152381,40,0.618873453152381,40
"2800","1583841",0.9999,1,40,1,40,0.444087605472997,40,0.444087605472997,40
"2801","1583887",0.9999,1,40,1,40,0.383135227786323,40,0.383135227786323,40
"2802","1583888",0.9999,0.974358974358974,39,0.972972972972973,37,0.324841629843735,40,0.311091629843735,40
"2803","1583899",0.9999,0.975,40,0.973684210526316,38,0.603266291554178,40,0.576785455317244,40
"2804","1583902",0.9999,1,40,1,40,0.426039663643085,40,0.426039663643085,40
"2805","1583903",0.9999,1,27,1,27,0.0530900335574249,40,0.0530900335574249,40
"2806","1584032",0.9999,1,40,1,40,0.185606812899519,40,0.185606812899519,40
"2807","1584086",0.9999,0.975,40,0.973684210526316,38,0.626305517576274,40,0.595403261937176,40
"2808","1584177",0.9999,NA,0,NA,0,0,33,0,33
"2809","1584256",0.9999,NA,0,NA,0,0,3,0,3
"2810","1584439",0.9999,NA,0,NA,0,0,38,0,38
"2811","1584446",0.9999,1,40,1,40,0.497241851715536,40,0.497241851715536,40
"2812","1584454",0.9999,1,40,1,40,0.347589750531996,40,0.347589750531996,40
"2813","1584456",0.9999,0.975,40,0.973684210526316,38,0.335804263565891,40,0.320198202959831,40
"2814","1584461",0.9999,1,40,1,40,0.450550123326286,40,0.450550123326286,40
"2815","1584463",0.9999,1,40,1,40,0.43914257490477,40,0.43914257490477,40
"2816","1584474",0.9999,0.5,2,0,1,0.000625390869293308,39,0,39
"2817","1584478",0.9999,1,40,1,40,0.139116599109047,40,0.139116599109047,40
"2818","1584487",0.9999,1,40,1,40,0.439851016449854,40,0.439851016449854,40
"2819","1584500",0.9999,1,40,1,40,0.359961945830402,40,0.359961945830402,40
"2820","1584517",0.9999,0.944444444444444,36,0.9375,32,0.125521765056649,39,0.113771887027701,39
"2821","1584523",0.9999,1,40,1,40,0.147432109276892,40,0.147432109276892,40
"2822","1584529",0.9999,0.974358974358974,39,0.972972972972973,37,0.272404732349228,39,0.262039211345409,39
"2823","1584536",0.9999,1,40,1,40,0.192444259962049,40,0.192444259962049,40
"2824","1584556",0.9999,1,40,1,40,0.605505845605288,40,0.605505845605288,40
"2825","1584603",0.9999,0.95,40,0.944444444444444,36,0.217633266412126,39,0.19789133719439,39
"2826","1584628",0.9999,0.975,40,0.973684210526316,38,0.175904218756131,40,0.167058064909978,40
"2827","1584629",0.9999,1,40,1,40,0.299856229131815,40,0.299856229131815,40
"2828","1584810",0.9999,NA,0,NA,0,0,40,0,40
"2829","1585",0.9999,NA,0,NA,0,0,39,0,39
"2830","1585133",0.9999,NA,0,NA,0,0,40,0,40
"2831","1585156",0.9999,1,40,1,40,0.264411005474237,40,0.264411005474237,40
"2832","1585212",0.9999,0.95,40,0.944444444444444,36,0.30031214034752,40,0.27156214034752,40
"2833","1585243",0.9999,0.95,40,0.947368421052632,38,0.241705211564143,40,0.231140695435111,40
"2834","1585255",0.9999,0.975,40,0.973684210526316,38,0.17513113084403,39,0.16461107294494,39
"2835","1585275",0.9999,0.975,40,0.973684210526316,38,0.361650962509159,40,0.347523978382175,40
"2836","1585298",0.9999,1,2,1,2,0.00454545454545455,40,0.00454545454545455,40
"2837","1585310",0.9999,1,39,1,39,0.20231323988279,40,0.20231323988279,40
"2838","1585330",0.9999,NA,0,NA,0,0,39,0,39
"2839","1585341",0.9999,1,31,1,31,0.0660884022693092,40,0.0660884022693092,40
"2840","1585344",0.9999,NA,0,NA,0,0,40,0,40
"2841","1585368",0.9999,NA,0,NA,0,0,38,0,38
"2842","1585378",0.9999,NA,0,NA,0,0,39,0,39
"2843","1585386",0.9999,NA,0,NA,0,0,39,0,39
"2844","1585412",0.9999,NA,0,NA,0,0,39,0,39
"2845","1585422",0.9999,1,1,1,1,0.000609756097560976,40,0.000609756097560976,40
"2846","1585428",0.9999,NA,0,NA,0,0,39,0,39
"2847","1585429",0.9999,NA,0,NA,0,0,37,0,37
"2848","1585435",0.9999,NA,0,NA,0,0,38,0,38
"2849","1585444",0.9999,0.973684210526316,38,0.972222222222222,36,0.123000291999054,40,0.0981099411218613,40
"2850","1585452",0.9999,0.75,4,0.75,4,0.00325682382133995,39,0.00325682382133995,39
"2851","1585492",0.9999,NA,0,NA,0,0,37,0,37
"2852","1585493",0.9999,NA,0,NA,0,0,39,0,39
"2853","1585514",0.9999,0.923076923076923,26,0.91304347826087,23,0.125497002333516,37,0.109854464607919,37
"2854","1585546",0.9999,NA,0,NA,0,0,40,0,40
"2855","1585568",0.9999,0.952380952380952,21,0.947368421052632,19,0.0946708340704588,39,0.0636879280875528,39
"2856","1585569",0.9999,NA,0,NA,0,0,37,0,37
"2857","1585573",0.9999,NA,0,NA,0,0,38,0,38
"2858","1585576",0.9999,1,20,1,20,0.0263615541028934,40,0.0263615541028934,40
"2859","1585601",0.9999,1,40,1,40,0.113813733427699,40,0.113813733427699,40
"2860","1585611",0.9999,1,3,1,3,0.00373974151063934,38,0.00373974151063934,38
"2861","1585626",0.9999,1,40,1,40,0.254529514260401,40,0.254529514260401,40
"2862","1585628",0.9999,1,34,1,34,0.120363456285326,40,0.120363456285326,40
"2863","1585635",0.9999,1,2,1,2,0.00518341307814992,38,0.00518341307814992,38
"2864","1585644",0.9999,0.9,10,0.875,8,0.0184146066878515,39,0.0167829050561498,39
"2865","1585655",0.9999,0.958333333333333,24,0.954545454545455,22,0.0271316033472515,38,0.0252611183111317,38
"2866","1585660",0.9999,NA,0,NA,0,0,22,0,22
"2867","1585672",0.9999,NA,0,NA,0,0,40,0,40
"2868","1585711",0.9999,NA,0,NA,0,0,39,0,39
"2869","1585754",0.9999,NA,0,NA,0,0,40,0,40
"2870","1585762",0.9999,NA,0,NA,0,0,40,0,40
"2871","1585779",0.9999,NA,0,NA,0,0,40,0,40
"2872","1585785",0.9999,NA,0,NA,0,0,40,0,40
"2873","1585787",0.9999,NA,0,NA,0,0,38,0,38
"2874","1585793",0.9999,1,3,1,3,0.00561085972850679,39,0.00561085972850679,39
"2875","1585808",0.9999,NA,0,NA,0,0,40,0,40
"2876","1585817",0.9999,NA,0,NA,0,0,40,0,40
"2877","1585820",0.9999,NA,0,NA,0,0,39,0,39
"2878","1585822",0.9999,1,27,1,27,0.0897939931452128,40,0.0897939931452128,40
"2879","1585825",0.9999,NA,0,NA,0,0,33,0,33
"2880","1585835",0.9999,NA,0,NA,0,0,40,0,40
"2881","1585856",0.9999,NA,0,NA,0,0,38,0,38
"2882","1585865",0.9999,NA,0,NA,0,0,30,0,30
"2883","1585868",0.9999,1,28,1,28,0.0578936216036111,40,0.0578936216036111,40
"2884","1585881",0.9999,NA,0,NA,0,0,38,0,38
"2885","1585905",0.9999,1,1,1,1,0.000754147812971342,39,0.000754147812971342,39
"2886","1585906",0.9999,NA,0,NA,0,0,40,0,40
"2887","1585907",0.9999,NA,0,NA,0,0,40,0,40
"2888","1585912",0.9999,NA,0,NA,0,0,39,0,39
"2889","1585925",0.9999,NA,0,NA,0,0,37,0,37
"2890","1585927",0.9999,NA,0,NA,0,0,24,0,24
"2891","1585929",0.9999,NA,0,NA,0,0,38,0,38
"2892","1585943",0.9999,NA,0,NA,0,0,40,0,40
"2893","1585955",0.9999,NA,0,NA,0,0,35,0,35
"2894","1585958",0.9999,0.975,40,0.973684210526316,38,0.182279941207573,40,0.17115889171443,40
"2895","1585972",0.9999,NA,0,NA,0,0,40,0,40
"2896","1585977",0.9999,NA,0,NA,0,0,38,0,38
"2897","1586002",0.9999,NA,0,NA,0,0,39,0,39
"2898","1586009",0.9999,0.975,40,0.973684210526316,38,0.369110812874725,40,0.34989525585429,40
"2899","1586012",0.9999,1,40,1,40,0.221592685948084,40,0.221592685948084,40
"2900","1586013",0.9999,1,36,1,36,0.0929590085635147,40,0.0929590085635147,40
"2901","1586032",0.9999,1,30,1,30,0.0695474979900349,40,0.0695474979900349,40
"2902","1586037",0.9999,NA,0,NA,0,0,40,0,40
"2903","1586052",0.9999,0.975,40,0.973684210526316,38,0.263597292909408,40,0.232090882652998,40
"2904","1586069",0.9999,1,10,1,10,0.0177475319396051,40,0.0177475319396051,40
"2905","1586077",0.9999,NA,0,NA,0,0,38,0,38
"2906","1586091",0.9999,NA,0,NA,0,0,34,0,34
"2907","1586100",0.9999,NA,0,NA,0,0,35,0,35
"2908","1586103",0.9999,1,11,1,11,0.025537083054061,40,0.025537083054061,40
"2909","1586113",0.9999,NA,0,NA,0,0,39,0,39
"2910","1586124",0.9999,0.9,10,0.9,10,0.0315334516483942,36,0.0315334516483942,36
"2911","1586126",0.9999,NA,0,NA,0,0,37,0,37
"2912","1586144",0.9999,NA,0,NA,0,0,39,0,39
"2913","1586151",0.9999,1,19,1,19,0.056264012334683,40,0.056264012334683,40
"2914","1586161",0.9999,0.5,2,0.5,2,0.000841750841750842,36,0.000841750841750842,36
"2915","1586167",0.9999,NA,0,NA,0,0,12,0,12
"2916","1586215",0.9999,NA,0,NA,0,0,38,0,38
"2917","1586218",0.9999,1,40,1,40,0.465386736607782,40,0.465386736607782,40
"2918","1586229",0.9999,1,40,1,40,0.128924749654062,40,0.128924749654062,40
"2919","1586231",0.9999,NA,0,NA,0,0,38,0,38
"2920","1586254",0.9999,NA,0,NA,0,0,40,0,40
"2921","1586256",0.9999,NA,0,NA,0,0,40,0,40
"2922","1586258",0.9999,1,14,1,14,0.0452152359013873,40,0.0452152359013873,40
"2923","1586267",0.9999,NA,0,NA,0,0,37,0,37
"2924","1586291",0.9999,NA,0,NA,0,0,38,0,38
"2925","1586297",0.9999,1,4,1,4,0.0140016230805704,40,0.0140016230805704,40
"2926","1586301",0.9999,1,1,1,1,0.00163398692810458,36,0.00163398692810458,36
"2927","1586307",0.9999,NA,0,NA,0,0,40,0,40
"2928","1586316",0.9999,1,6,1,6,0.0166477121910059,40,0.0166477121910059,40
"2929","1586341",0.9999,1,6,1,6,0.0039624861572536,40,0.0039624861572536,40
"2930","1586348",0.9999,1,40,1,40,0.601115736458012,40,0.601115736458012,40
"2931","1586351",0.9999,1,40,1,40,0.577036098730132,40,0.577036098730132,40
"2932","1586378",0.9999,1,1,1,1,0.00183150183150183,39,0.00183150183150183,39
"2933","1586444",0.9999,1,40,1,40,0.353143620524629,40,0.353143620524629,40
"2934","1586450",0.9999,0.95,40,0.972222222222222,36,0.482692369571511,40,0.444802710986652,40
"2935","1586476",0.9999,1,40,1,40,0.271640297386049,40,0.271640297386049,40
"2936","1586484",0.9999,0.975,40,0.973684210526316,38,0.452227034451826,40,0.428013343424999,40
"2937","1586520",0.9999,0.973684210526316,38,0.972222222222222,36,0.335646277148622,40,0.31622663429148,40
"2938","1586551",0.9999,1,39,1,39,0.10707243269676,40,0.10707243269676,40
"2939","1586558",0.9999,0.952380952380952,21,0.947368421052632,19,0.0306460907142933,39,0.0262252242244613,39
"2940","1586568",0.9999,1,40,1,40,0.303960526989611,40,0.303960526989611,40
"2941","1586576",0.9999,1,40,1,40,0.673952569882802,40,0.673952569882802,40
"2942","1586606",0.9999,1,1,1,1,0.0016025641025641,39,0.0016025641025641,39
"2943","1586607",0.9999,0.95,40,0.944444444444444,36,0.355887214856617,40,0.310291976761379,40
"2944","1586618",0.9999,0.947368421052632,38,0.970588235294118,34,0.271932198066271,40,0.243068561702634,40
"2945","1586639",0.9999,NA,0,NA,0,0,40,0,40
"2946","1586650",0.9999,1,3,1,3,0.00527141023289932,40,0.00527141023289932,40
"2947","1586679",0.9999,0.975,40,0.973684210526316,38,0.289840662995915,40,0.275646523801776,40
"2948","1586688",0.9999,0.954545454545455,22,0.952380952380952,21,0.0976683908227793,39,0.094463262617651,39
"2949","1586771",0.9999,0.888888888888889,9,0.857142857142857,7,0.0215029208837258,39,0.018645097592466,39
"2950","1586779",0.9999,1,37,1,37,0.0867837956426359,40,0.0867837956426359,40
"2951","1587215",0.9999,0.972972972972973,37,0.971428571428571,35,0.14004588079283,40,0.12395576451376,40
"2952","1587411",0.9999,1,39,1,39,0.101505904833489,40,0.101505904833489,40
"2953","1587421",0.9999,1,36,1,36,0.212707421684782,40,0.212707421684782,40
"2954","1588132",0.9999,NA,0,NA,0,0,30,0,30
"2955","1588429",0.9999,NA,0,NA,0,0,37,0,37
"2956","1588455",0.9999,0.95,40,0.944444444444444,36,0.39493766181899,40,0.354629052469683,40
"2957","1588458",0.9999,1,40,1,40,0.571354878519221,40,0.571354878519221,40
"2958","1588459",0.9999,0.975,40,0.973684210526316,38,0.50327650051698,40,0.475584192824672,40
"2959","1588462",0.9999,1,40,1,40,0.194662381102767,40,0.194662381102767,40
"2960","1588580",0.9999,NA,0,NA,0,0,37,0,37
"2961","1588708",0.9999,0.894736842105263,19,0.875,16,0.0908036018007019,39,0.0572260682231684,39
"2962","1588901",0.9999,0.975,40,0.973684210526316,38,0.565625677314589,40,0.535341547030459,40
"2963","1589302",0.9999,1,40,1,40,0.20892791926998,40,0.20892791926998,40
"2964","1589326",0.9999,0.975,40,0.973684210526316,38,0.508590399724013,40,0.479104337006243,40
"2965","1589540",0.9999,0.925,40,0.911764705882353,34,0.307293938718087,39,0.251080000151208,39
"2966","1590748",0.9999,0.975,40,0.973684210526316,38,0.368299720528818,39,0.332452848148474,39
"2967","1591025",0.9999,0.975,40,0.973684210526316,38,0.226106048587969,40,0.210335699750759,40
"2968","1591498",0.9999,0.975,40,0.973684210526316,38,0.217396112549786,40,0.205009748913422,40
"2969","1592202",0.9999,0.975,40,0.973684210526316,38,0.960106382978723,40,0.91063829787234,40
"2970","1592209",0.9999,1,40,1,40,0.35172619047619,40,0.35172619047619,40
"2971","1592210",0.9999,1,40,1,40,0.182410714285714,40,0.182410714285714,40
"2972","1592241",0.9999,1,40,1,40,0.249520346636286,40,0.249520346636286,40
"2973","1592244",0.9999,1,40,1,40,0.410537106882426,40,0.410537106882426,40
"2974","1592263",0.9999,1,40,1,40,0.226317076870876,40,0.226317076870876,40
"2975","1592264",0.9999,1,40,1,40,0.47630660188339,40,0.47630660188339,40
"2976","1592265",0.9999,1,40,1,40,0.266865887374104,40,0.266865887374104,40
"2977","1592280",0.9999,1,40,1,40,0.612268877667794,40,0.612268877667794,40
"2978","1592332",0.9999,0.975,40,0.973684210526316,38,0.437900092506938,40,0.415063213074314,40
"2979","1592370",0.9999,1,36,1,36,0.0939375043605273,40,0.0939375043605273,40
"2980","1592371",0.9999,1,40,1,40,0.403222096200712,40,0.403222096200712,40
"2981","1592379",0.9999,0.875,24,0.894736842105263,19,0.0842653741985236,38,0.0620858326025983,38
"2982","1592381",0.9999,0.975,40,0.973684210526316,38,0.170830615460393,40,0.158042597027213,40
"2983","1592389",0.9999,1,5,1,5,0.00457782957782958,39,0.00457782957782958,39
"2984","1592425",0.9999,0.948717948717949,39,0.971428571428571,35,0.265633980971856,40,0.26220805504593,40
"2985","1592439",0.9999,1,3,1,3,0.0048556095067723,39,0.0048556095067723,39
"2986","1593577",0.9999,0.974358974358974,39,0.972972972972973,37,0.256326587790835,40,0.242060040384752,40
"2987","1593734",0.9999,1,15,1,15,0.0279659681403867,40,0.0279659681403867,40
"2988","1593739",0.9999,1,40,1,40,0.2747346325085,40,0.2747346325085,40
"2989","1593750",0.9999,1,40,1,40,0.141587406662283,40,0.141587406662283,40
"2990","1593796",0.9999,NA,0,NA,0,0,40,0,40
"2991","1593891",0.9999,NA,0,NA,0,0,39,0,39
"2992","1593900",0.9999,NA,0,NA,0,0,40,0,40
"2993","1593903",0.9999,NA,0,NA,0,0,40,0,40
"2994","1593931",0.9999,NA,0,NA,0,0,39,0,39
"2995","1593961",0.9999,NA,0,NA,0,0,18,0,18
"2996","1593976",0.9999,NA,0,NA,0,0,40,0,40
"2997","1593986",0.9999,NA,0,NA,0,0,26,0,26
"2998","1594013",0.9999,NA,0,NA,0,0,38,0,38
"2999","1594054",0.9999,NA,0,NA,0,0,39,0,39
"3000","1594092",0.9999,NA,0,NA,0,0,33,0,33
"1.1","1010498",0.9995,0.925,40,0.911764705882353,34,0.19531296229299,39,0.159022455414248,39
"2.1","1010508",0.9995,1,11,1,11,0.0259317278782629,40,0.0259317278782629,40
"3.1","1010540",0.9995,0.975,40,0.973684210526316,38,0.537888226878038,40,0.508403177044151,40
"4.1","1010562",0.9995,NA,0,NA,0,0,28,0,28
"5.1","1010567",0.9995,NA,0,NA,0,0,25,0,25
"6.1","1010611",0.9995,0.925,40,0.914285714285714,35,0.15378761950666,39,0.130697436687971,39
"7.1","1010614",0.9995,0.925,40,0.911764705882353,34,0.269797390743131,40,0.216520079818761,40
"8.1","1010690",0.9995,NA,0,NA,0,0,38,0,38
"9.1","1010714",0.9995,0.975,40,0.973684210526316,38,0.367070508894077,40,0.348048769763642,40
"10.1","1010723",0.9995,NA,0,NA,0,0,40,0,40
"11.1","1010730",0.9995,1,30,1,30,0.0688826889116676,40,0.0688826889116676,40
"12.1","1010794",0.9995,0.95,40,0.944444444444444,36,0.543245122175188,40,0.489122219471756,40
"13.1","1013889",0.9995,1,20,1,20,0.0337667177783457,40,0.0337667177783457,40
"14.1","1013891",0.9995,1,30,1,30,0.0527890428252028,40,0.0527890428252028,40
"15.1","1013911",0.9995,1,10,1,10,0.0224409795630726,40,0.0224409795630726,40
"16.1","1013935",0.9995,1,34,1,34,0.0855116782442364,40,0.0855116782442364,40
"17.1","1013936",0.9995,1,37,1,37,0.0885187087079023,40,0.0885187087079023,40
"18.1","1013944",0.9995,1,1,1,1,0.00262984878369494,39,0.00262984878369494,39
"19.1","1013965",0.9995,1,16,1,16,0.0437752745222257,40,0.0437752745222257,40
"20.1","1013976",0.9995,1,10,1,10,0.0147986617041495,40,0.0147986617041495,40
"21.1","1013982",0.9995,1,39,1,39,0.103131373487681,40,0.103131373487681,40
"22.1","1013990",0.9995,1,37,1,37,0.0668795682501014,40,0.0668795682501014,40
"23.1","1014019",0.9995,1,8,1,8,0.0124953725108875,40,0.0124953725108875,40
"24.1","1014046",0.9995,1,20,1,20,0.0331949058693245,40,0.0331949058693245,40
"25.1","1014048",0.9995,1,19,1,19,0.0509203738216784,40,0.0509203738216784,40
"26.1","1014056",0.9995,1,27,1,27,0.0728365281661845,40,0.0728365281661845,40
"27.1","1014060",0.9995,1,33,1,33,0.078936653645956,40,0.078936653645956,40
"28.1","1014077",0.9995,1,19,1,19,0.0382534943581455,40,0.0382534943581455,40
"29.1","1014094",0.9995,1,25,1,25,0.056752715395445,40,0.056752715395445,40
"30.1","1014096",0.9995,1,22,1,22,0.0353322551138773,40,0.0353322551138773,40
"31.1","1014098",0.9995,1,37,1,37,0.115675840632236,40,0.115675840632236,40
"32.1","1014119",0.9995,1,40,1,40,0.118783977650257,40,0.118783977650257,40
"33.1","1014128",0.9995,1,3,1,3,0.00268590959380433,40,0.00268590959380433,40
"34.1","1014150",0.9995,1,40,1,40,0.275604399282639,40,0.275604399282639,40
"35.1","1014155",0.9995,1,2,1,2,0.0011790535046349,39,0.0011790535046349,39
"36.1","1014163",0.9995,1,27,1,27,0.0543651664832579,40,0.0543651664832579,40
"37.1","1014164",0.9995,1,40,1,40,0.152974666505962,40,0.152974666505962,40
"38.1","1014172",0.9995,NA,0,NA,0,0,40,0,40
"39.1","1014213",0.9995,1,3,1,3,0.00299205899035735,40,0.00299205899035735,40
"40.1","1014271",0.9995,1,36,1,36,0.0737776078363646,40,0.0737776078363646,40
"41.1","1014286",0.9995,1,40,1,40,0.303679732103645,40,0.303679732103645,40
"42.1","1014294",0.9995,1,40,1,40,0.45274176475137,40,0.45274176475137,40
"43.1","1014302",0.9995,1,20,1,20,0.05217318534179,40,0.05217318534179,40
"44.1","1014304",0.9995,1,38,1,38,0.0846689241511714,40,0.0846689241511714,40
"45.1","1014307",0.9995,1,36,1,36,0.0840279875163596,40,0.0840279875163596,40
"46.1","1014312",0.9995,1,26,1,26,0.0538397967602449,40,0.0538397967602449,40
"47.1","1014361",0.9995,1,40,1,40,0.297105540049592,40,0.297105540049592,40
"48.1","1014363",0.9995,1,40,1,40,0.221886638230486,40,0.221886638230486,40
"49.1","1014365",0.9995,1,40,1,40,0.237292787337997,40,0.237292787337997,40
"50.1","1014371",0.9995,1,40,1,40,0.342139362693461,40,0.342139362693461,40
"51.1","1014403",0.9995,1,18,1,18,0.0307925863211598,40,0.0307925863211598,40
"52.1","1014420",0.9995,1,40,1,40,0.135353591624862,40,0.135353591624862,40
"53.1","1014435",0.9995,1,31,1,31,0.0726490641884499,40,0.0726490641884499,40
"54.1","1014447",0.9995,1,10,1,10,0.0107868757259001,40,0.0107868757259001,40
"55.1","1014469",0.9995,1,11,1,11,0.0183970099667774,40,0.0183970099667774,40
"56.1","1014484",0.9995,0.961538461538462,26,0.961538461538462,26,0.0671149586847261,40,0.0671149586847261,40
"57.1","1014493",0.9995,1,38,1,38,0.0974069360707277,40,0.0974069360707277,40
"58.1","1014550",0.9995,NA,0,NA,0,0,40,0,40
"59.1","1014566",0.9995,1,30,1,30,0.0615266738366568,40,0.0615266738366568,40
"60.1","1014582",0.9995,1,38,1,38,0.135767139836907,40,0.135767139836907,40
"61.1","1014593",0.9995,1,16,1,16,0.0332130079223103,40,0.0332130079223103,40
"62.1","1014600",0.9995,1,15,1,15,0.0267480947394447,40,0.0267480947394447,40
"63.1","1014610",0.9995,1,3,1,3,0.00178571428571429,40,0.00178571428571429,40
"64.1","1014611",0.9995,1,16,1,16,0.0233395864188547,40,0.0233395864188547,40
"65.1","1014612",0.9995,1,40,1,40,0.114998907313144,40,0.114998907313144,40
"66.1","1014627",0.9995,1,16,1,16,0.0234987012273598,40,0.0234987012273598,40
"67.1","1014653",0.9995,0.925,40,0.942857142857143,35,0.246162263024332,40,0.208748668554286,40
"68.1","1014655",0.9995,0.975,40,0.973684210526316,38,0.143979910483215,40,0.130884672387977,40
"69.1","1014660",0.9995,0.9,40,0.911764705882353,34,0.573515051980775,40,0.504088510054233,40
"70.1","1014685",0.9995,0.897435897435897,39,0.9375,32,0.225670725192174,39,0.20164586116731,39
"71.1","1014696",0.9995,0.975,40,0.973684210526316,38,0.480407939466683,40,0.457683580492324,40
"72.1","1014697",0.9995,0.975,40,0.973684210526316,38,0.432621549473849,40,0.409049662439189,40
"73.1","1014721",0.9995,1,40,1,40,0.495364593136332,40,0.495364593136332,40
"74.1","1014734",0.9995,1,40,1,40,0.17006706955593,40,0.17006706955593,40
"75.1","1014736",0.9995,1,37,1,37,0.0848984461503784,40,0.0848984461503784,40
"76.1","1014746",0.9995,0.9,40,0.90625,32,0.267981885730764,38,0.227590432091795,38
"77.1","1014794",0.9995,1,3,1,3,0.0152914614121511,40,0.0152914614121511,40
"78.1","1014804",0.9995,NA,0,NA,0,0,39,0,39
"79.1","1014822",0.9995,NA,0,NA,0,0,40,0,40
"80.1","1014853",0.9995,NA,0,NA,0,0,36,0,36
"81.1","1014858",0.9995,0.869565217391304,23,0.944444444444444,18,0.139885593852312,38,0.119684851612096,38
"82.1","1014873",0.9995,NA,0,NA,0,0,33,0,33
"83.1","1014876",0.9995,NA,0,NA,0,0,38,0,38
"84.1","1014881",0.9995,1,40,1,40,0.182223452791615,40,0.182223452791615,40
"85.1","1014887",0.9995,NA,0,NA,0,0,34,0,34
"86.1","1014890",0.9995,NA,0,NA,0,0,36,0,36
"87.1","1014892",0.9995,1,1,1,1,0.0175438596491228,38,0.0175438596491228,38
"88.1","1014905",0.9995,NA,0,NA,0,0,40,0,40
"89.1","1014964",0.9995,0.975,40,0.973684210526316,38,0.132311746871508,40,0.123132548876521,40
"90.1","1015048",0.9995,0.975,40,0.973684210526316,38,0.465269838025731,40,0.440527238283131,40
"91.1","1015164",0.9995,0.975,40,0.973684210526316,38,0.464864303267563,40,0.417864303267563,40
"92.1","1015170",0.9995,1,40,1,40,0.501029245785063,40,0.501029245785063,40
"93.1","1015176",0.9995,1,29,1,29,0.133149737475395,40,0.133149737475395,40
"94.1","1015199",0.9995,1,16,1,16,0.03182547133139,40,0.03182547133139,40
"95.1","1015204",0.9995,1,40,1,40,0.346146895602859,40,0.346146895602859,40
"96.1","1015242",0.9995,0.95,40,0.972972972972973,37,0.506129336667791,40,0.485904977693432,40
"97.1","1015259",0.9995,0.95,40,0.944444444444444,36,0.116607324887927,39,0.0987363070169094,39
"98.1","1015271",0.9995,0.95,40,0.944444444444444,36,0.205859696287712,40,0.173637474065489,40
"99.1","1015283",0.9995,0.975,40,0.973684210526316,38,0.231788653103745,39,0.220058143397526,39
"100.1","1015295",0.9995,NA,0,NA,0,0,40,0,40
"101.1","1015303",0.9995,0.975,40,0.973684210526316,38,0.457674452399179,40,0.439330799148406,40
"102.1","1015323",0.9995,1,40,1,40,0.510417075171372,40,0.510417075171372,40
"103.1","1015390",0.9995,1,40,1,40,0.542545940324867,40,0.542545940324867,40
"104.1","1015398",0.9995,NA,0,NA,0,0,40,0,40
"105.1","1015412",0.9995,NA,0,NA,0,0,40,0,40
"106.1","1015414",0.9995,1,40,1,40,0.56803462489378,40,0.56803462489378,40
"107.1","1015430",0.9995,1,40,1,40,0.273748650322831,40,0.273748650322831,40
"108.1","1015431",0.9995,NA,0,NA,0,0,40,0,40
"109.1","1015434",0.9995,NA,0,NA,0,0,39,0,39
"110.1","1015435",0.9995,1,40,1,40,0.537821626178987,40,0.537821626178987,40
"111.1","1015441",0.9995,NA,0,NA,0,0,35,0,35
"112.1","1015455",0.9995,0.95,40,0.944444444444444,36,0.515523788227277,40,0.459253518862495,40
"113.1","1015481",0.9995,NA,0,NA,0,0,35,0,35
"114.1","1015497",0.9995,1,2,1,2,0.00457142857142857,40,0.00457142857142857,40
"115.1","1015521",0.9995,NA,0,NA,0,0,33,0,33
"116.1","1015525",0.9995,0.974358974358974,39,0.972972972972973,37,0.143378019262332,40,0.141754957246828,40
"117.1","1015542",0.9995,0.975,40,0.973684210526316,38,0.374222494553377,40,0.35207963741052,40
"118.1","1015562",0.9995,0.9,40,0.875,32,0.288474190191058,40,0.217471755126123,40
"119.1","1015566",0.9995,1,40,1,40,0.360688374908277,40,0.360688374908277,40
"120.1","1015574",0.9995,0.925,40,0.911764705882353,34,0.357252700915237,39,0.30544680072224,39
"121.1","1015575",0.9995,0.923076923076923,39,0.944444444444444,36,0.226941041149711,40,0.211618460504549,40
"122.1","1015586",0.9995,1,40,1,40,0.623198579281788,40,0.623198579281788,40
"123.1","1015594",0.9995,1,40,1,40,0.547296216821764,40,0.547296216821764,40
"124.1","1015597",0.9995,0.975,40,0.975,40,0.526111837586405,39,0.526111837586405,39
"125.1","1015621",0.9995,0.975,40,0.973684210526316,38,0.47639437077214,39,0.450753345131114,39
"126.1","1015626",0.9995,1,40,1,40,0.636859654692249,40,0.636859654692249,40
"127.1","1015651",0.9995,1,40,1,40,0.896530989824237,40,0.896530989824237,40
"128.1","1015673",0.9995,NA,0,NA,0,0,40,0,40
"129.1","1015680",0.9995,1,20,1,20,0.0205553290774729,40,0.0205553290774729,40
"130.1","1015683",0.9995,1,40,1,40,0.491471704623879,40,0.491471704623879,40
"131.1","1015691",0.9995,0.866666666666667,15,0.833333333333333,12,0.051062641657673,38,0.0394639592328938,38
"132.1","1016",0.9995,0.918918918918919,37,0.903225806451613,31,0.158532642689801,39,0.118808746514292,39
"133.1","1016028",0.9995,0.958333333333333,24,0.954545454545455,22,0.0380782488618922,39,0.0362893400962393,39
"134.1","1016045",0.9995,0.975,40,0.973684210526316,38,0.318359714925773,40,0.308065597278714,40
"135.1","1016091",0.9995,1,40,1,40,0.15126849470318,40,0.15126849470318,40
"136.1","1016100",0.9995,1,22,1,22,0.0350833789660888,39,0.0350833789660888,39
"137.1","1016137",0.9995,1,40,1,40,0.531845177644455,40,0.531845177644455,40
"138.1","1016185",0.9995,1,40,1,40,0.427479763392807,40,0.427479763392807,40
"139.1","1016200",0.9995,NA,0,NA,0,0,37,0,37
"140.1","1016236",0.9995,NA,0,NA,0,0,40,0,40
"141.1","1016238",0.9995,1,2,1,2,0.00368170027612752,38,0.00368170027612752,38
"142.1","1016271",0.9995,0.942857142857143,35,0.96875,32,0.155685308465975,40,0.152583982708399,40
"143.1","1016290",0.9995,1,40,1,40,0.450798325879802,40,0.450798325879802,40
"144.1","1016319",0.9995,1,40,1,40,0.247126342858724,40,0.247126342858724,40
"145.1","1016323",0.9995,0.975,40,0.973684210526316,38,0.127608824158433,40,0.118233824158433,40
"146.1","1016328",0.9995,1,40,1,40,0.235353334772479,40,0.235353334772479,40
"147.1","1016338",0.9995,1,40,1,40,0.879868177613321,40,0.879868177613321,40
"148.1","1016339",0.9995,1,40,1,40,0.444019713261649,40,0.444019713261649,40
"149.1","1016362",0.9995,1,40,1,40,0.238812336786662,40,0.238812336786662,40
"150.1","1016365",0.9995,0.975,40,0.973684210526316,38,0.229625234261862,40,0.198861345372973,40
"151.1","1016379",0.9995,0.975,40,0.973684210526316,38,0.328490912665584,40,0.310877276301948,40
"152.1","1016383",0.9995,1,40,1,40,0.451356142206914,40,0.451356142206914,40
"153.1","1016388",0.9995,1,40,1,40,0.55349875529841,40,0.55349875529841,40
"154.1","1016391",0.9995,NA,0,NA,0,NA,0,NA,0
"155.1","1016395",0.9995,1,40,1,40,0.64041011409189,40,0.64041011409189,40
"156.1","1016421",0.9995,1,40,1,40,0.632090320168036,40,0.632090320168036,40
"157.1","1016426",0.9995,1,40,1,40,0.700582929896157,40,0.700582929896157,40
"158.1","1016471",0.9995,0.975,40,0.973684210526316,38,0.347648573924197,40,0.321063334838958,40
"159.1","1016486",0.9995,1,5,1,5,0.00725501888292586,39,0.00725501888292586,39
"160.1","1016488",0.9995,0.925,40,0.911764705882353,34,0.645749844186475,40,0.532255526004657,40
"161.1","1016493",0.9995,0.925,40,0.942857142857143,35,0.23882734627098,39,0.20722581608074,39
"162.1","1016494",0.9995,0.975,40,0.973684210526316,38,0.263053846355258,40,0.254625816052227,40
"163.1","1016513",0.9995,0.95,40,0.944444444444444,36,0.339024689968262,40,0.308803020930804,40
"164.1","1016514",0.9995,0.95,40,0.973684210526316,38,0.370623266712314,40,0.360329149065255,40
"165.1","1016519",0.9995,1,40,1,40,0.558567707934909,40,0.558567707934909,40
"166.1","1016525",0.9995,0.974358974358974,39,0.972972972972973,37,0.308731867674395,40,0.282342978785506,40
"167.1","1016527",0.9995,1,40,1,40,0.349011723548458,40,0.349011723548458,40
"168.1","1016648",0.9995,NA,0,NA,0,0,6,0,6
"169.1","1016659",0.9995,0.975,40,0.973684210526316,38,0.506579491498999,39,0.47727546219497,39
"170.1","1016682",0.9995,0.95,40,0.944444444444444,36,0.385079064328475,39,0.325139517790257,39
"171.1","1016774",0.9995,NA,0,NA,0,0,40,0,40
"172.1","1016776",0.9995,NA,0,NA,0,0,40,0,40
"173.1","1016794",0.9995,1,39,1,39,0.123435087635238,40,0.123435087635238,40
"174.1","1016801",0.9995,NA,0,NA,0,0,35,0,35
"175.1","1016822",0.9995,NA,0,NA,0,0,39,0,39
"176.1","1016830",0.9995,NA,0,NA,0,0,39,0,39
"177.1","1016840",0.9995,1,5,1,5,0.00654202564616309,40,0.00654202564616309,40
"178.1","1016953",0.9995,0.925,40,0.911764705882353,34,0.175098539417137,39,0.149166921751648,39
"179.1","1017015",0.9995,NA,0,NA,0,0,39,0,39
"180.1","1017021",0.9995,1,40,1,40,0.198450134978295,40,0.198450134978295,40
"181.1","1017025",0.9995,0.875,8,0.833333333333333,6,0.00430060895177174,39,0.00312155544713684,39
"182.1","1017066",0.9995,0.970588235294118,34,0.96875,32,0.117842023364141,39,0.113484724889195,39
"183.1","1017069",0.9995,0.975,40,0.973684210526316,38,0.274326895229836,39,0.264962934646364,39
"184.1","1017084",0.9995,0.975,40,0.973684210526316,38,0.573922668319952,40,0.542621855311822,40
"185.1","1017087",0.9995,0.95,40,0.944444444444444,36,0.55347154617563,40,0.493522302673755,40
"186.1","1017089",0.9995,0.975,40,0.973684210526316,38,0.444002000213989,40,0.417910730372719,40
"187.1","1017096",0.9995,1,25,1,25,0.0553339929387102,40,0.0553339929387102,40
"188.1","1017103",0.9995,0.948717948717949,39,0.942857142857143,35,0.256399711825403,39,0.23822063968523,39
"189.1","1017122",0.9995,0.975,40,0.973684210526316,38,0.573876811594203,40,0.55268115942029,40
"190.1","1017125",0.9995,1,40,1,40,0.589072576115043,40,0.589072576115043,40
"191.1","1017142",0.9995,1,40,1,40,0.805539203047405,40,0.805539203047405,40
"192.1","1017283",0.9995,0.975,40,0.973684210526316,38,0.460420176678158,39,0.426483525094447,39
"193.1","1017306",0.9995,0.95,40,0.944444444444444,36,0.479747308115241,40,0.424747308115241,40
"194.1","1017312",0.9995,1,18,1,18,0.0575887052664165,39,0.0575887052664165,39
"195.1","1017330",0.9995,NA,0,NA,0,0,39,0,39
"196.1","1017353",0.9995,1,40,1,40,0.512698929588902,40,0.512698929588902,40
"197.1","1017354",0.9995,1,40,1,40,0.268663575664282,40,0.268663575664282,40
"198.1","1017364",0.9995,1,7,1,7,0.0352663221197704,40,0.0352663221197704,40
"199.1","1017520",0.9995,0.95,40,0.944444444444444,36,0.381513084497933,40,0.342151612636461,40
"200.1","1017547",0.9995,0.975,40,0.975,40,0.417070409711866,40,0.417070409711866,40
"201.1","1017554",0.9995,0.947368421052632,38,0.944444444444444,36,0.130010691622292,40,0.114079319073273,40
"202.1","1017567",0.9995,NA,0,NA,0,0,39,0,39
"203.1","1017695",0.9995,1,40,1,40,0.415025420661187,40,0.415025420661187,40
"204.1","1017719",0.9995,0.95,40,0.944444444444444,36,0.328362946129284,40,0.285446890410809,40
"205.1","1017721",0.9995,0.875,40,0.903225806451613,31,0.505471247959838,40,0.399692911712752,40
"206.1","1017730",0.9995,1,25,1,25,0.0798142929796156,40,0.0798142929796156,40
"207.1","1017790",0.9995,NA,0,NA,0,0,32,0,32
"208.1","1017816",0.9995,1,1,1,1,0.000609756097560976,40,0.000609756097560976,40
"209.1","1017821",0.9995,NA,0,NA,0,0,40,0,40
"210.1","1017830",0.9995,1,40,1,40,0.419723495642141,40,0.419723495642141,40
"211.1","1017833",0.9995,1,24,1,24,0.0417341796447015,40,0.0417341796447015,40
"212.1","1017835",0.9995,1,6,1,6,0.014287242027485,40,0.014287242027485,40
"213.1","1017862",0.9995,1,7,1,7,0.0178706395348837,40,0.0178706395348837,40
"214.1","1017863",0.9995,NA,0,NA,0,0,40,0,40
"215.1","1017982",0.9995,NA,0,NA,0,0,25,0,25
"216.1","1018041",0.9995,NA,0,NA,0,0,22,0,22
"217.1","1018062",0.9995,0.939393939393939,33,0.931034482758621,29,0.102314256191245,38,0.0763740091677668,38
"218.1","1018070",0.9995,1,40,1,40,0.461543475364607,40,0.461543475364607,40
"219.1","1018099",0.9995,0.837837837837838,37,0.857142857142857,28,0.318493306147072,39,0.281378944435936,39
"220.1","1018111",0.9995,0.95,40,0.944444444444444,36,0.266720205991521,40,0.235950221665503,40
"221.1","1018135",0.9995,0.975,40,0.973684210526316,38,0.302860048851938,39,0.292443382185271,39
"222.1","1018200",0.9995,NA,0,NA,0,0,37,0,37
"223.1","1018206",0.9995,1,2,1,2,0.00282738095238095,40,0.00282738095238095,40
"224.1","1018440",0.9995,0.9,40,0.882352941176471,34,0.328521351335941,38,0.271612624647927,38
"225.1","1018486",0.9995,0.925,40,0.911764705882353,34,0.359001407548038,38,0.300377024008544,38
"226.1","1019543",0.9995,1,40,1,40,0.85631587287396,40,0.85631587287396,40
"227.1","1019571",0.9995,1,40,1,40,0.746719390573691,40,0.746719390573691,40
"228.1","1020",0.9995,1,8,1,8,0.0324029637305072,39,0.0324029637305072,39
"229.1","1020003",0.9995,0.925,40,0.942857142857143,35,0.218471883850916,40,0.177207679305462,40
"230.1","1020037",0.9995,0.9,40,0.875,32,0.307919510599227,39,0.24584765634375,39
"231.1","1020042",0.9995,1,40,1,40,0.253563386578021,40,0.253563386578021,40
"232.1","1020047",0.9995,1,40,1,40,0.578191489361702,40,0.578191489361702,40
"233.1","1020050",0.9995,1,40,1,40,0.561924789708065,40,0.561924789708065,40
"234.1","1020276",0.9995,0.958333333333333,24,0.954545454545455,22,0.0530479093659281,39,0.0413970676614192,39
"235.1","1020278",0.9995,0.975,40,0.973684210526316,38,0.395999223602342,39,0.376883215995286,39
"236.1","1020321",0.9995,NA,0,NA,0,0,36,0,36
"237.1","1020323",0.9995,NA,0,NA,0,0,34,0,34
"238.1","1020327",0.9995,1,40,1,40,0.282940633676379,40,0.282940633676379,40
"239.1","1020333",0.9995,NA,0,NA,0,0,35,0,35
"240.1","1020341",0.9995,NA,0,NA,0,0,36,0,36
"241.1","1020348",0.9995,NA,0,NA,0,0,35,0,35
"242.1","1021005",0.9995,1,4,1,4,0.0161740573225913,37,0.0161740573225913,37
"243.1","1021016",0.9995,1,3,1,3,0.00586949477418894,37,0.00586949477418894,37
"244.1","1021017",0.9995,1,4,1,4,0.0147151786348462,38,0.0147151786348462,38
"245.1","1021035",0.9995,1,7,1,7,0.0275733390765274,40,0.0275733390765274,40
"246.1","1021045",0.9995,1,1,1,1,0.00158982511923688,37,0.00158982511923688,37
"247.1","1021047",0.9995,1,2,1,2,0.00388056975894814,37,0.00388056975894814,37
"248.1","1021070",0.9995,1,3,1,3,0.0045534064611966,37,0.0045534064611966,37
"249.1","1021078",0.9995,0.975,40,0.973684210526316,38,0.788459578091931,40,0.750950915583269,40
"250.1","1021093",0.9995,1,40,1,40,0.691569827978746,40,0.691569827978746,40
"251.1","1021255",0.9995,1,40,1,40,0.891188714153561,40,0.891188714153561,40
"252.1","1021289",0.9995,1,40,1,40,0.426092382972427,40,0.426092382972427,40
"253.1","1021290",0.9995,0.975,40,0.973684210526316,38,0.496722890871072,40,0.475448852409534,40
"254.1","1021292",0.9995,1,40,1,40,0.388662323557454,40,0.388662323557454,40
"255.1","1021295",0.9995,1,40,1,40,0.40942407963268,40,0.40942407963268,40
"256.1","1021315",0.9995,1,40,1,40,0.952587110699969,40,0.952587110699969,40
"257.1","1021316",0.9995,NA,0,NA,0,0,38,0,38
"258.1","1021327",0.9995,1,40,1,40,0.64845293198411,40,0.64845293198411,40
"259.1","1021329",0.9995,1,40,1,40,0.885679820872929,40,0.885679820872929,40
"260.1","1021488",0.9995,1,40,1,40,0.292340725276964,40,0.292340725276964,40
"261.1","1021523",0.9995,0.945945945945946,37,0.939393939393939,33,0.166374236446116,39,0.130145948604925,39
"262.1","1021532",0.9995,0.95,40,0.944444444444444,36,0.353509263156404,40,0.304858253839634,40
"263.1","1021552",0.9995,0.95,40,0.944444444444444,36,0.432092535766127,40,0.383496145597157,40
"264.1","1021587",0.9995,1,40,1,40,0.747847075405215,40,0.747847075405215,40
"265.1","1021590",0.9995,1,22,1,22,0.0539286754911755,40,0.0539286754911755,40
"266.1","1021617",0.9995,NA,0,NA,0,0,39,0,39
"267.1","1021845",0.9995,1,40,1,40,0.587765957446808,40,0.587765957446808,40
"268.1","1021960",0.9995,1,40,1,40,0.631004027322251,40,0.631004027322251,40
"269.1","1021967",0.9995,NA,0,NA,0,0,39,0,39
"270.1","1022000",0.9995,1,40,1,40,0.576586778460715,40,0.576586778460715,40
"271.1","1022001",0.9995,1,3,1,3,0.00370186842335383,39,0.00370186842335383,39
"272.1","1022033",0.9995,0.95,40,0.944444444444444,36,0.547021638360739,40,0.485420331171196,40
"273.1","1022052",0.9995,0.975,40,0.973684210526316,38,0.615587536247589,40,0.583047853707907,40
"274.1","1022062",0.9995,0.925,40,0.911764705882353,34,0.620535503779211,40,0.524942358366271,40
"275.1","1022085",0.9995,0.975,40,0.973684210526316,38,0.725706324282125,40,0.686388142463944,40
"276.1","1022086",0.9995,0.974358974358974,39,0.972972972972973,37,0.313670179420811,40,0.292516333266965,40
"277.1","1022116",0.9995,NA,0,NA,0,0,34,0,34
"278.1","1022120",0.9995,NA,0,NA,0,0,40,0,40
"279.1","1022123",0.9995,0.974358974358974,39,0.972972972972973,37,0.146155593166875,39,0.140661087672369,39
"280.1","1022132",0.9995,NA,0,NA,0,0,40,0,40
"281.1","1022223",0.9995,1,40,1,40,0.458069761693799,40,0.458069761693799,40
"282.1","1022228",0.9995,1,40,1,40,0.493564543434049,40,0.493564543434049,40
"283.1","1022229",0.9995,0.975,40,0.973684210526316,38,0.32204113394131,40,0.309957800607977,40
"284.1","1022241",0.9995,0.96969696969697,33,0.96875,32,0.365340909090909,40,0.357007575757576,40
"285.1","1022246",0.9995,0.975,40,0.973684210526316,38,0.186551064003355,39,0.17245225958197,39
"286.1","1022294",0.9995,0.947368421052632,38,0.941176470588235,34,0.324067337493238,38,0.300528398532022,38
"287.1","1022297",0.9995,1,40,1,40,0.275429142997793,40,0.275429142997793,40
"288.1","1022341",0.9995,NA,0,NA,0,0,8,0,8
"289.1","1022354",0.9995,NA,0,NA,0,0,1,0,1
"290.1","1022357",0.9995,NA,0,NA,0,0,27,0,27
"291.1","1022358",0.9995,NA,0,NA,0,NA,0,NA,0
"292.1","1022387",0.9995,NA,0,NA,0,NA,0,NA,0
"293.1","1022395",0.9995,0.975,40,0.973684210526316,38,0.500100670053905,40,0.473434003387238,40
"294.1","1022404",0.9995,0.95,40,0.973684210526316,38,0.506896984604167,40,0.487044043427696,40
"295.1","1022415",0.9995,1,40,1,40,0.905749120557007,40,0.905749120557007,40
"296.1","1022432",0.9995,0.975,40,0.973684210526316,38,0.681425264370318,40,0.644468742631188,40
"297.1","1022433",0.9995,NA,0,NA,0,0,40,0,40
"298.1","1022439",0.9995,NA,0,NA,0,0,40,0,40
"299.1","1022460",0.9995,0.975,40,0.973684210526316,38,0.5012801024219,40,0.477750690657194,40
"300.1","1022462",0.9995,0.925,40,0.942857142857143,35,0.624394941973742,40,0.563023180906859,40
"301.1","1022518",0.9995,1,40,1,40,0.401494888781391,40,0.401494888781391,40
"302.1","1022527",0.9995,1,40,1,40,0.364185542941761,40,0.364185542941761,40
"303.1","1022528",0.9995,1,40,1,40,0.380220913906116,40,0.380220913906116,40
"304.1","1022534",0.9995,0.974358974358974,39,0.972972972972973,37,0.376084848777701,40,0.354065618008471,40
"305.1","1023330",0.9995,0.971428571428571,35,0.96969696969697,33,0.125339926703884,39,0.116863906599956,39
"306.1","1023350",0.9995,1,3,1,3,0.00304849498327759,40,0.00304849498327759,40
"307.1","1023351",0.9995,1,34,1,34,0.187743720948433,40,0.187743720948433,40
"308.1","1023355",0.9995,NA,0,NA,0,0,40,0,40
"309.1","1023365",0.9995,NA,0,NA,0,0,38,0,38
"310.1","1023385",0.9995,0.9,40,0.909090909090909,33,0.398351301594829,39,0.337988053731581,39
"311.1","1023388",0.9995,0.921052631578947,38,0.90625,32,0.253242450600062,38,0.209108678670238,38
"312.1","1023389",0.9995,0.975,40,0.973684210526316,38,0.241807870363398,39,0.228987357542886,39
"313.1","1023467",0.9995,1,40,1,40,0.26083593946184,40,0.26083593946184,40
"314.1","1023485",0.9995,0.916666666666667,12,0.9,10,0.0339784841800971,39,0.0260012762028891,39
"315.1","1023505",0.9995,NA,0,NA,0,0,39,0,39
"316.1","1023543",0.9995,0.925,40,0.942857142857143,35,0.399834517031595,40,0.354925242838046,40
"317.1","1023568",0.9995,0.975,40,0.973684210526316,38,0.141222715658602,39,0.138140432088514,39
"318.1","1023610",0.9995,0.975,40,0.973684210526316,38,0.486027451946822,40,0.461785027704397,40
"319.1","1023641",0.9995,1,40,1,40,0.545214396785228,40,0.545214396785228,40
"320.1","1023645",0.9995,1,40,1,40,0.329548976537905,40,0.329548976537905,40
"321.1","1023647",0.9995,1,40,1,40,0.466577330991644,40,0.466577330991644,40
"322.1","1023652",0.9995,1,40,1,40,0.448565860320984,40,0.448565860320984,40
"323.1","1023685",0.9995,0.975,40,0.973684210526316,38,0.420955906584349,40,0.397949973822318,40
"324.1","1023795",0.9995,1,40,1,40,0.364026137342569,40,0.364026137342569,40
"325.1","1023797",0.9995,1,40,1,40,0.603916105752758,40,0.603916105752758,40
"326.1","1024069",0.9995,0.95,40,0.944444444444444,36,0.86404530971136,40,0.774197946159093,40
"327.1","1024081",0.9995,1,40,1,40,0.508003912847269,40,0.508003912847269,40
"328.1","1024089",0.9995,1,40,1,40,0.342851073363542,40,0.342851073363542,40
"329.1","1024093",0.9995,1,12,1,12,0.0216885623208621,40,0.0216885623208621,40
"330.1","1024095",0.9995,1,40,1,40,0.743974699395763,40,0.743974699395763,40
"331.1","1025295",0.9995,1,40,1,40,0.313366534113931,40,0.313366534113931,40
"332.1","1025320",0.9995,1,1,1,1,0.000595238095238095,40,0.000595238095238095,40
"333.1","1025323",0.9995,0.970588235294118,34,0.96875,32,0.165712854308752,39,0.143242892708355,39
"334.1","1025336",0.9995,NA,0,NA,0,0,33,0,33
"335.1","1025645",0.9995,0.975,40,0.973684210526316,38,0.358029173256543,40,0.336220662618245,40
"336.1","1025647",0.9995,0.975,40,0.973684210526316,38,0.318177304964539,40,0.299560283687943,40
"337.1","1025650",0.9995,0.975,40,0.973684210526316,38,0.256585782395218,39,0.241310277758011,39
"338.1","1026159",0.9995,0.975,40,0.973684210526316,38,0.915652687840477,40,0.867874910062699,40
"339.1","1026535",0.9995,0.95,40,0.944444444444444,36,0.205478723404255,40,0.181542553191489,40
"340.1","1027295",0.9995,NA,0,NA,0,0,35,0,35
"341.1","1027322",0.9995,0.95,40,0.972972972972973,37,0.505298270999178,40,0.482798270999178,40
"342.1","1027323",0.9995,1,40,1,40,0.607942013749844,40,0.607942013749844,40
"343.1","1027340",0.9995,0.914285714285714,35,0.896551724137931,29,0.342268939239574,40,0.28777277138997,40
"344.1","1027346",0.9995,0.911764705882353,34,0.966666666666667,30,0.246614711216236,40,0.242111034745648,40
"345.1","1027356",0.9995,0.96,25,0.956521739130435,23,0.228324241624826,38,0.211406948391744,38
"346.1","1027360",0.9995,1,27,1,27,0.234548156401775,40,0.234548156401775,40
"347.1","1027366",0.9995,0.975,40,0.973684210526316,38,0.217298204684555,40,0.210680557625732,40
"348.1","1027376",0.9995,0.925,40,0.941176470588235,34,0.384645783052485,40,0.339435555779758,40
"349.1","1027386",0.9995,0.95,40,0.972972972972973,37,0.309932776571264,40,0.283319873345457,40
"350.1","1027389",0.9995,0.975,40,0.973684210526316,38,0.278194202472845,40,0.2669038798922,40
"351.1","1027390",0.9995,0.95,40,0.972222222222222,36,0.218936552433759,40,0.198624052433759,40
"352.1","1027470",0.9995,1,32,1,32,0.142320591731347,40,0.142320591731347,40
"353.1","1027484",0.9995,0.925,40,0.914285714285714,35,0.47537650967063,40,0.393374848541062,40
"354.1","1027515",0.9995,0.974358974358974,39,0.972972972972973,37,0.229070510866947,40,0.219416039322232,40
"355.1","1027680",0.9995,NA,0,NA,0,0,37,0,37
"356.1","1028001",0.9995,NA,0,NA,0,0,28,0,28
"357.1","103",0.9995,NA,0,NA,0,0,11,0,11
"358.1","1033969",0.9995,1,40,1,40,0.207954582809699,40,0.207954582809699,40
"359.1","1033970",0.9995,1,40,1,40,0.150578354384936,40,0.150578354384936,40
"360.1","1034109",0.9995,1,40,1,40,0.233190915959591,40,0.233190915959591,40
"361.1","1034117",0.9995,0.8,15,0.7,10,0.0194510847074153,37,0.0127528280091586,37
"362.1","1034121",0.9995,NA,0,NA,0,0,36,0,36
"363.1","1034122",0.9995,1,11,1,11,0.0421204669282742,40,0.0421204669282742,40
"364.1","1034130",0.9995,NA,0,NA,0,0,36,0,36
"365.1","1034182",0.9995,0.769230769230769,13,0.75,8,0.0574383238006196,38,0.0402379053694843,38
"366.1","1034876",0.9995,1,12,1,12,0.0231823461091754,40,0.0231823461091754,40
"367.1","1034889",0.9995,1,17,1,17,0.0331023958080112,40,0.0331023958080112,40
"368.1","1034904",0.9995,1,17,1,17,0.0290135305323164,40,0.0290135305323164,40
"369.1","1034912",0.9995,1,4,1,4,0.00589442062003038,40,0.00589442062003038,40
"370.1","1034915",0.9995,0.928571428571429,14,0.916666666666667,12,0.02808615042024,39,0.0194679168020064,39
"371.1","1034925",0.9995,1,40,1,40,0.0570724003260872,40,0.0570724003260872,40
"372.1","1034949",0.9995,1,39,1,39,0.102748770194666,40,0.102748770194666,40
"373.1","1034969",0.9995,1,17,1,17,0.025962967441626,40,0.025962967441626,40
"374.1","1034975",0.9995,1,40,1,40,0.134584866166922,40,0.134584866166922,40
"375.1","1034978",0.9995,1,22,1,22,0.0660621243239649,40,0.0660621243239649,40
"376.1","1034989",0.9995,NA,0,NA,0,0,39,0,39
"377.1","1035084",0.9995,1,36,1,36,0.0712745312171174,40,0.0712745312171174,40
"378.1","1035087",0.9995,0.974358974358974,39,0.972972972972973,37,0.119873104065532,40,0.109158818351246,40
"379.1","1035093",0.9995,1,40,1,40,0.174931415483741,40,0.174931415483741,40
"380.1","1035109",0.9995,1,27,1,27,0.0543976601832321,40,0.0543976601832321,40
"381.1","1035116",0.9995,1,13,1,13,0.0209480178498261,40,0.0209480178498261,40
"382.1","1035120",0.9995,1,16,1,16,0.0390599593495935,40,0.0390599593495935,40
"383.1","1035147",0.9995,1,10,1,10,0.0313879210220674,40,0.0313879210220674,40
"384.1","1035150",0.9995,1,23,1,23,0.0415419793621013,40,0.0415419793621013,40
"385.1","1035159",0.9995,1,22,1,22,0.0474039786078924,40,0.0474039786078924,40
"386.1","1035166",0.9995,1,12,1,12,0.0235783246225319,40,0.0235783246225319,40
"387.1","1035184",0.9995,1,18,1,18,0.0389597344893715,40,0.0389597344893715,40
"388.1","1035188",0.9995,1,40,1,40,0.451047273982057,40,0.451047273982057,40
"389.1","1035198",0.9995,1,40,1,40,0.515625954485914,40,0.515625954485914,40
"390.1","1035200",0.9995,1,40,1,40,0.342055845724324,40,0.342055845724324,40
"391.1","1035214",0.9995,1,16,1,16,0.0338900987224158,40,0.0338900987224158,40
"392.1","1035224",0.9995,1,22,1,22,0.0458363414304157,40,0.0458363414304157,40
"393.1","1035298",0.9995,1,25,1,25,0.0764174455942332,40,0.0764174455942332,40
"394.1","1035300",0.9995,1,16,1,16,0.0344831591173055,40,0.0344831591173055,40
"395.1","1035321",0.9995,1,13,1,13,0.0237369337979094,40,0.0237369337979094,40
"396.1","1035330",0.9995,1,14,1,14,0.0339807245599929,40,0.0339807245599929,40
"397.1","1035340",0.9995,1,12,1,12,0.0206155632984901,40,0.0206155632984901,40
"398.1","1035379",0.9995,1,39,1,39,0.178470607333322,40,0.178470607333322,40
"399.1","1035387",0.9995,1,13,1,13,0.0222706155632985,40,0.0222706155632985,40
"400.1","1035390",0.9995,1,24,1,24,0.0572263327456278,40,0.0572263327456278,40
"401.1","1035399",0.9995,1,3,1,3,0.00186126373626374,40,0.00186126373626374,40
"402.1","1035441",0.9995,1,40,1,40,0.318929271134417,40,0.318929271134417,40
"403.1","1035445",0.9995,1,40,1,40,0.332977963504278,40,0.332977963504278,40
"404.1","1035454",0.9995,1,40,1,40,0.300677984391946,40,0.300677984391946,40
"405.1","1035460",0.9995,1,40,1,40,0.327205525697876,40,0.327205525697876,40
"406.1","1035482",0.9995,0.975,40,0.973684210526316,38,0.203856754602274,40,0.181508269753789,40
"407.1","1035486",0.9995,0.95,40,0.944444444444444,36,0.325472470304637,39,0.291271903846006,39
"408.1","1035526",0.9995,0.95,40,0.944444444444444,36,0.299813732934415,38,0.270559611277917,38
"409.1","1035531",0.9995,0.925,40,0.941176470588235,34,0.340422484743605,40,0.28350878960254,40
"410.1","1035546",0.9995,0.95,40,0.945945945945946,37,0.282778582191555,40,0.272006801888524,40
"411.1","1035553",0.9995,0.925,40,0.971428571428571,35,0.209616894791385,39,0.200001510176001,39
"412.1","1035557",0.9995,0.975,40,0.973684210526316,38,0.22128120832183,39,0.214069669860292,39
"413.1","1035559",0.9995,0.975,40,0.973684210526316,38,0.590561999140644,40,0.560543237414566,40
"414.1","1035564",0.9995,1,40,1,40,0.581290240951767,40,0.581290240951767,40
"415.1","1036155",0.9995,0.95,40,0.947368421052632,38,0.531381249304842,40,0.504253589730373,40
"416.1","1037700",0.9995,0.975,40,0.973684210526316,38,0.808139265968203,40,0.766117989372459,40
"417.1","1038",0.9995,0.96969696969697,33,0.967741935483871,31,0.109004060342857,40,0.104910493091395,40
"418.1","1038239",0.9995,1,9,1,9,0.0155831882302471,40,0.0155831882302471,40
"419.1","1038297",0.9995,0.975,40,0.973684210526316,38,0.446441842684381,40,0.416441842684381,40
"420.1","1038310",0.9995,0.925,40,0.911764705882353,34,0.487260119354846,40,0.429657072611652,40
"421.1","1038334",0.9995,0.925,40,0.911764705882353,34,0.402248018525592,40,0.330125002652576,40
"422.1","1038344",0.9995,0.974358974358974,39,0.972972972972973,37,0.133598092059563,39,0.129324587786059,39
"423.1","1038366",0.9995,0.875,40,0.875,32,0.293675544244402,39,0.240442607362967,39
"424.1","1038371",0.9995,0.95,40,0.944444444444444,36,0.663753426625276,40,0.593082201188325,40
"425.1","1038394",0.9995,1,10,1,10,0.0167079760012697,40,0.0167079760012697,40
"426.1","1038406",0.9995,NA,0,NA,0,0,40,0,40
"427.1","1038414",0.9995,1,5,1,5,0.0113008602650546,40,0.0113008602650546,40
"428.1","1038422",0.9995,0.95,40,0.947368421052632,38,0.329695211923316,39,0.312067006795111,39
"429.1","1038450",0.9995,0.975,40,0.973684210526316,38,0.241200765157694,40,0.228914179791841,40
"430.1","1038457",0.9995,1,7,1,7,0.0192307692307692,39,0.0192307692307692,39
"431.1","1038458",0.9995,0.975,40,0.973684210526316,38,0.145052916132099,39,0.133903247087693,39
"432.1","1038468",0.9995,0.95,40,0.944444444444444,36,0.410213708118689,40,0.343001726551868,40
"433.1","1038474",0.9995,NA,0,NA,0,0,37,0,37
"434.1","1038476",0.9995,NA,0,NA,0,0,38,0,38
"435.1","1038481",0.9995,1,40,1,40,0.494856167969632,40,0.494856167969632,40
"436.1","1038482",0.9995,1,40,1,40,0.551779268342851,40,0.551779268342851,40
"437.1","1038525",0.9995,0.95,40,0.944444444444444,36,0.25848505815344,40,0.215582160643861,40
"438.1","1038542",0.9995,0.925,40,0.911764705882353,34,0.465915066020218,40,0.38298965809481,40
"439.1","1038595",0.9995,NA,0,NA,0,0,40,0,40
"440.1","1038623",0.9995,NA,0,NA,0,0,40,0,40
"441.1","1038652",0.9995,1,40,1,40,0.653757984087802,40,0.653757984087802,40
"442.1","1038653",0.9995,0.970588235294118,34,0.96875,32,0.176567511162137,39,0.155090412761962,39
"443.1","1038719",0.9995,1,40,1,40,0.593972750518114,40,0.593972750518114,40
"444.1","1038740",0.9995,0.95,40,0.944444444444444,36,0.201712467222493,40,0.17604042421174,40
"445.1","1038754",0.9995,0.975,40,0.973684210526316,38,0.261913392617796,40,0.249770535474938,40
"446.1","1038756",0.9995,0.975,40,0.973684210526316,38,0.489411310088668,40,0.466412944075597,40
"447.1","1038788",0.9995,NA,0,NA,0,0,39,0,39
"448.1","1038952",0.9995,1,38,1,38,0.184711007792049,40,0.184711007792049,40
"449.1","1038953",0.9995,NA,0,NA,0,0,40,0,40
"450.1","1038957",0.9995,NA,0,NA,0,0,40,0,40
"451.1","1039015",0.9995,0.975,40,0.973684210526316,38,0.623184325534387,40,0.592843416443478,40
"452.1","1039028",0.9995,1,40,1,40,0.506849542184884,40,0.506849542184884,40
"453.1","1039053",0.9995,1,40,1,40,0.561156859885203,40,0.561156859885203,40
"454.1","1039071",0.9995,NA,0,NA,0,0,11,0,11
"455.1","1039210",0.9995,1,40,1,40,0.301442249076063,40,0.301442249076063,40
"456.1","1039213",0.9995,1,39,1,39,0.20026727173191,40,0.20026727173191,40
"457.1","1039286",0.9995,1,40,1,40,0.218120677711306,40,0.218120677711306,40
"458.1","1039287",0.9995,1,40,1,40,0.332539651625597,40,0.332539651625597,40
"459.1","1039304",0.9995,0.95,40,0.944444444444444,36,0.315277455789483,40,0.276310721918515,40
"460.1","1039309",0.9995,1,22,1,22,0.0305955222602984,40,0.0305955222602984,40
"461.1","1039318",0.9995,0.975,40,0.973684210526316,38,0.118103214019757,40,0.113973749734043,40
"462.1","1039319",0.9995,0.974358974358974,39,0.972972972972973,37,0.133740633519093,40,0.128271883519093,40
"463.1","1039379",0.9995,1,40,1,40,0.0979052644548734,40,0.0979052644548734,40
"464.1","1039422",0.9995,0.9,40,0.941176470588235,34,0.324781872341162,39,0.291128026187316,39
"465.1","1039471",0.9995,1,40,1,40,0.637105749359382,40,0.637105749359382,40
"466.1","1039487",0.9995,1,40,1,40,0.857140383760371,40,0.857140383760371,40
"467.1","1039491",0.9995,1,40,1,40,0.757791569525829,40,0.757791569525829,40
"468.1","1039499",0.9995,1,40,1,40,0.333677809105656,40,0.333677809105656,40
"469.1","1039513",0.9995,NA,0,NA,0,0,11,0,11
"470.1","1039530",0.9995,NA,0,NA,0,0,30,0,30
"471.1","1039551",0.9995,1,40,1,40,0.661581624390657,40,0.661581624390657,40
"472.1","1039562",0.9995,0.975,40,0.973684210526316,38,0.68035341387215,40,0.647497682646854,40
"473.1","1039570",0.9995,1,40,1,40,0.387857540911254,40,0.387857540911254,40
"474.1","1039572",0.9995,1,40,1,40,0.507917704758186,40,0.507917704758186,40
"475.1","1039577",0.9995,1,8,1,8,0.0103241891862418,40,0.0103241891862418,40
"476.1","1039579",0.9995,1,40,1,40,0.460014494551561,40,0.460014494551561,40
"477.1","1039587",0.9995,1,4,1,4,0.00251595190035683,39,0.00251595190035683,39
"478.1","1039619",0.9995,1,30,1,30,0.0895694537005255,40,0.0895694537005255,40
"479.1","1039633",0.9995,1,40,1,40,0.196351842640732,40,0.196351842640732,40
"480.1","1039646",0.9995,1,40,1,40,0.275479144105098,40,0.275479144105098,40
"481.1","1039650",0.9995,0.975,40,0.973684210526316,38,0.281891580381129,40,0.268846522241594,40
"482.1","1039660",0.9995,0.975,40,0.973684210526316,38,0.23732393845034,40,0.228233029359431,40
"483.1","1039680",0.9995,1,40,1,40,0.352812085420005,40,0.352812085420005,40
"484.1","1039693",0.9995,1,40,1,40,0.450741701398178,40,0.450741701398178,40
"485.1","1039701",0.9995,1,40,1,40,0.297307775484795,40,0.297307775484795,40
"486.1","1039761",0.9995,1,40,1,40,0.38109336527038,40,0.38109336527038,40
"487.1","1039771",0.9995,0.975,40,0.973684210526316,38,0.212713682215506,40,0.200808920310744,40
"488.1","1039773",0.9995,0.975,40,0.973684210526316,38,0.426403721514951,40,0.407306499292729,40
"489.1","1039784",0.9995,0.95,40,0.944444444444444,36,0.263600636816956,40,0.245512060272497,40
"490.1","1039838",0.9995,1,40,1,40,0.220206264679184,40,0.220206264679184,40
"491.1","1039842",0.9995,0.921052631578947,38,0.90625,32,0.190593995383491,38,0.143553087084094,38
"492.1","1039849",0.9995,0.95,40,0.944444444444444,36,0.215929683022165,40,0.196108771703092,40
"493.1","1039882",0.9995,0.972222222222222,36,0.970588235294118,34,0.107113775894599,39,0.100398269179093,39
"494.1","1041010",0.9995,1,40,1,40,0.361662336379923,40,0.361662336379923,40
"495.1","1041037",0.9995,NA,0,NA,0,0,40,0,40
"496.1","1041042",0.9995,0.975,40,0.973684210526316,38,0.450713203631556,40,0.424988565950396,40
"497.1","1041045",0.9995,1,32,1,32,0.0943588497660015,40,0.0943588497660015,40
"498.1","1041049",0.9995,1,39,1,39,0.235866970487067,40,0.235866970487067,40
"499.1","1041065",0.9995,1,40,1,40,0.669985177865613,40,0.669985177865613,40
"500.1","1044637",0.9995,0.975,40,0.973684210526316,38,0.62802467681272,40,0.590756158294202,40
"501.1","1046143",0.9995,0.975,40,0.973684210526316,38,0.165855968175716,40,0.160146367698673,40
"502.1","1046156",0.9995,0.95,40,0.947368421052632,38,0.241384996222093,40,0.235324390161487,40
"503.1","1046159",0.9995,0.935483870967742,31,0.964285714285714,28,0.141396108332896,39,0.136054227991016,39
"504.1","1046460",0.9995,1,38,1,38,0.155828308077097,40,0.155828308077097,40
"505.1","1046618",0.9995,1,40,1,40,0.558720925942564,40,0.558720925942564,40
"506.1","1046682",0.9995,1,40,1,40,0.263428262047447,40,0.263428262047447,40
"507.1","1047151",0.9995,1,40,1,40,0.453553619995559,40,0.453553619995559,40
"508.1","1047360",0.9995,1,40,1,40,0.291932831504089,40,0.291932831504089,40
"509.1","1047487",0.9995,0.975,40,0.973684210526316,38,0.502210527968237,40,0.474773553178321,40
"510.1","1047502",0.9995,0.975,40,0.973684210526316,38,0.394509385363341,40,0.373388695708168,40
"511.1","1047519",0.9995,0.975,40,0.973684210526316,38,0.231997285508131,39,0.216488600644607,39
"512.1","1047529",0.9995,0.975,40,0.973684210526316,38,0.486285973754614,39,0.457600076318716,39
"513.1","1047533",0.9995,1,40,1,40,0.125896856119502,40,0.125896856119502,40
"514.1","1047545",0.9995,1,40,1,40,0.589057249224679,40,0.589057249224679,40
"515.1","1047548",0.9995,1,40,1,40,0.562869218610872,40,0.562869218610872,40
"516.1","1047549",0.9995,1,40,1,40,0.617316079887219,40,0.617316079887219,40
"517.1","1047552",0.9995,1,40,1,40,0.624147436886022,40,0.624147436886022,40
"518.1","1047553",0.9995,1,40,1,40,0.635524603406316,40,0.635524603406316,40
"519.1","1047556",0.9995,1,40,1,40,0.548188977777924,40,0.548188977777924,40
"520.1","1047559",0.9995,1,40,1,40,0.587141511327748,40,0.587141511327748,40
"521.1","1047562",0.9995,1,40,1,40,0.493072535444883,40,0.493072535444883,40
"522.1","1047563",0.9995,1,40,1,40,0.59198768722162,40,0.59198768722162,40
"523.1","1047564",0.9995,1,40,1,40,0.6374037174505,40,0.6374037174505,40
"524.1","1047579",0.9995,1,40,1,40,0.534808827658266,40,0.534808827658266,40
"525.1","1047600",0.9995,1,40,1,40,0.528291983857308,40,0.528291983857308,40
"526.1","1047621",0.9995,0.95,40,0.944444444444444,36,0.491719263174444,40,0.448125882559787,40
"527.1","1047626",0.9995,1,40,1,40,0.45496190005681,40,0.45496190005681,40
"528.1","1047627",0.9995,1,40,1,40,0.647443474085246,40,0.647443474085246,40
"529.1","1047630",0.9995,1,40,1,40,0.478004282657625,40,0.478004282657625,40
"530.1","1047708",0.9995,1,40,1,40,0.597687326549491,40,0.597687326549491,40
"531.1","1047715",0.9995,1,40,1,40,0.809755884469113,40,0.809755884469113,40
"532.1","1047746",0.9995,1,40,1,40,0.67881591119334,40,0.67881591119334,40
"533.1","1047751",0.9995,1,40,1,40,0.858487511563367,40,0.858487511563367,40
"534.1","1047761",0.9995,1,40,1,40,0.644650529345256,40,0.644650529345256,40
"535.1","1047779",0.9995,1,40,1,40,0.813112858464385,40,0.813112858464385,40
"536.1","1047793",0.9995,1,40,1,40,0.462278206759386,40,0.462278206759386,40
"537.1","1047809",0.9995,1,7,1,7,0.0144927633342267,40,0.0144927633342267,40
"538.1","1047823",0.9995,1,40,1,40,0.542032450817547,40,0.542032450817547,40
"539.1","1047990",0.9995,0.95,40,0.944444444444444,36,0.363586502866191,40,0.326814149840046,40
"540.1","1048236",0.9995,1,40,1,40,0.315681605785915,40,0.315681605785915,40
"541.1","104831",0.9995,1,40,1,40,0.718958333333333,40,0.718958333333333,40
"542.1","1048353",0.9995,1,12,1,12,0.0119610918588788,40,0.0119610918588788,40
"543.1","1049367",0.9995,1,40,1,40,0.853101551847424,40,0.853101551847424,40
"544.1","1050028",0.9995,NA,0,NA,0,0,35,0,35
"545.1","1050030",0.9995,NA,0,NA,0,0,30,0,30
"546.1","1050073",0.9995,0.95,40,0.944444444444444,36,0.436993593454942,40,0.383184369250981,40
"547.1","1050074",0.9995,0.95,40,0.944444444444444,36,0.437954438907402,40,0.384341954412565,40
"548.1","1050091",0.9995,0.925,40,0.942857142857143,35,0.283162017832692,37,0.261202558373232,37
"549.1","1050107",0.9995,0.95,40,0.944444444444444,36,0.319715856855563,40,0.279417123725947,40
"550.1","1050135",0.9995,0.975,40,0.973684210526316,38,0.485651998714502,40,0.451366284428788,40
"551.1","1050209",0.9995,1,40,1,40,0.827330917874396,40,0.827330917874396,40
"552.1","1050280",0.9995,0.975,40,0.973684210526316,38,0.382429864535799,40,0.361715578821514,40
"553.1","1050286",0.9995,0.95,40,0.944444444444444,36,0.235649323524393,40,0.205488033201812,40
"554.1","1050309",0.9995,0.95,40,0.944444444444444,36,0.347725678453407,40,0.319131208407324,40
"555.1","1050323",0.9995,1,12,1,12,0.0644885767254188,40,0.0644885767254188,40
"556.1","1050337",0.9995,0.925,40,0.941176470588235,34,0.271284905434376,40,0.226604845910566,40
"557.1","1050388",0.9995,0.95,40,0.944444444444444,36,0.158413527247822,39,0.142436448770743,39
"558.1","1050440",0.9995,NA,0,NA,0,0,40,0,40
"559.1","1050442",0.9995,0.975,40,0.973684210526316,38,0.601602808691724,40,0.572655440270671,40
"560.1","1051420",0.9995,1,40,1,40,0.835077897610613,40,0.835077897610613,40
"561.1","1051423",0.9995,1,40,1,40,0.856952686085603,40,0.856952686085603,40
"562.1","1052215",0.9995,0.95,40,0.944444444444444,36,0.441033901695573,40,0.39543996860164,40
"563.1","1052236",0.9995,0.925,40,0.942857142857143,35,0.267802691787388,39,0.228175652160349,39
"564.1","1052238",0.9995,0.9,40,0.875,32,0.182739338347421,39,0.136530842542151,39
"565.1","1052239",0.9995,0.975,40,0.973684210526316,38,0.364122696131298,40,0.343810196131298,40
"566.1","1052249",0.9995,1,40,1,40,0.235900394520705,40,0.235900394520705,40
"567.1","1052264",0.9995,0.975,40,0.973684210526316,38,0.386911549242855,40,0.354138439999158,40
"568.1","1053341",0.9995,0.95,40,0.944444444444444,36,0.456341750352855,40,0.402313972575077,40
"569.1","1053364",0.9995,1,40,1,40,0.276733180696996,40,0.276733180696996,40
"570.1","1053366",0.9995,1,40,1,40,0.277274432754913,40,0.277274432754913,40
"571.1","1053379",0.9995,0.666666666666667,9,0.666666666666667,6,0.0410922041946973,38,0.0348595172140879,38
"572.1","1053400",0.9995,NA,0,NA,0,0,37,0,37
"573.1","1053440",0.9995,NA,0,NA,0,0,38,0,38
"574.1","1053442",0.9995,NA,0,NA,0,0,37,0,37
"575.1","1053445",0.9995,NA,0,NA,0,0,39,0,39
"576.1","1053473",0.9995,0.954545454545455,22,0.95,20,0.0681487464148754,39,0.0561295156456447,39
"577.1","1053480",0.9995,0.947368421052632,19,0.941176470588235,17,0.0346535007241348,40,0.0279293627931003,40
"578.1","1053491",0.9995,NA,0,NA,0,0,38,0,38
"579.1","1053517",0.9995,1,2,1,2,0.00199146514935989,40,0.00199146514935989,40
"580.1","1053519",0.9995,NA,0,NA,0,0,40,0,40
"581.1","1053520",0.9995,NA,0,NA,0,0,40,0,40
"582.1","1053527",0.9995,1,9,1,9,0.0369437221913237,40,0.0369437221913237,40
"583.1","1053533",0.9995,NA,0,NA,0,0,40,0,40
"584.1","1053544",0.9995,0.975,40,0.973684210526316,38,0.317518430459378,40,0.308122295193678,40
"585.1","1053545",0.9995,0.9375,32,0.928571428571429,28,0.121077450586023,40,0.112152719403227,40
"586.1","1053547",0.9995,NA,0,NA,0,0,39,0,39
"587.1","1053571",0.9995,1,40,1,40,0.272292993581588,40,0.272292993581588,40
"588.1","1053604",0.9995,0.95,40,0.944444444444444,36,0.159745812920983,40,0.139827314752485,40
"589.1","1053608",0.9995,0.925,40,0.911764705882353,34,0.140274433195908,40,0.104387896457557,40
"590.1","1053625",0.9995,0.9,40,0.96875,32,0.292601506743463,39,0.245414667298559,39
"591.1","1053633",0.9995,NA,0,NA,0,0,12,0,12
"592.1","1053645",0.9995,1,3,1,3,0.00872459975369458,40,0.00872459975369458,40
"593.1","1053664",0.9995,1,26,1,26,0.0836190786498992,40,0.0836190786498992,40
"594.1","1053692",0.9995,0.973684210526316,38,0.972222222222222,36,0.301798525413885,40,0.269923525413885,40
"595.1","1053694",0.9995,1,5,1,5,0.00751563366327634,39,0.00751563366327634,39
"596.1","1053707",0.9995,NA,0,NA,0,0,40,0,40
"597.1","1053719",0.9995,1,1,1,1,0.00357142857142857,40,0.00357142857142857,40
"598.1","1053726",0.9995,1,17,1,17,0.114144130448045,40,0.114144130448045,40
"599.1","1053733",0.9995,1,10,1,10,0.0344611785068774,39,0.0344611785068774,39
"600.1","1053734",0.9995,0.923076923076923,39,0.939393939393939,33,0.222285350533641,40,0.16162225354998,40
"601.1","1053742",0.9995,NA,0,NA,0,0,27,0,27
"602.1","1053744",0.9995,1,40,1,40,0.430375850407027,40,0.430375850407027,40
"603.1","1053754",0.9995,NA,0,NA,0,0,35,0,35
"604.1","1053759",0.9995,NA,0,NA,0,0,40,0,40
"605.1","1053768",0.9995,0.95,40,0.944444444444444,36,0.316178966071075,40,0.290840620206413,40
"606.1","1053773",0.9995,1,10,1,10,0.017741317900486,38,0.017741317900486,38
"607.1","1053781",0.9995,1,5,1,5,0.03296875,40,0.03296875,40
"608.1","1053797",0.9995,0.95,40,0.944444444444444,36,0.10580261298783,39,0.0901388412756711,39
"609.1","1053802",0.9995,NA,0,NA,0,0,38,0,38
"610.1","1053851",0.9995,NA,0,NA,0,0,40,0,40
"611.1","1053855",0.9995,NA,0,NA,0,0,39,0,39
"612.1","1053856",0.9995,0.944444444444444,36,0.96875,32,0.230928014720584,40,0.198823313865884,40
"613.1","1053859",0.9995,0.942857142857143,35,0.935483870967742,31,0.090582010464053,40,0.0784170489887467,40
"614.1","1053861",0.9995,NA,0,NA,0,0,37,0,37
"615.1","1053873",0.9995,1,40,1,40,0.283769677269752,40,0.283769677269752,40
"616.1","1053882",0.9995,1,3,1,3,0.00266666666666667,40,0.00266666666666667,40
"617.1","1053891",0.9995,0.95,40,0.944444444444444,36,0.26461817285534,40,0.218643722469124,40
"618.1","1053907",0.9995,0.904761904761905,21,0.95,20,0.0481873997961135,40,0.0481873997961135,40
"619.1","1053910",0.9995,NA,0,NA,0,0,37,0,37
"620.1","1053943",0.9995,0.923076923076923,39,0.939393939393939,33,0.138895254478758,39,0.112873302005193,39
"621.1","1053975",0.9995,NA,0,NA,0,0,40,0,40
"622.1","1053981",0.9995,0.925,40,0.941176470588235,34,0.355256247765014,40,0.331796186321081,40
"623.1","1054001",0.9995,1,39,1,39,0.171210143746129,40,0.171210143746129,40
"624.1","1054030",0.9995,0.975,40,0.973684210526316,38,0.220066239575059,40,0.205772258093577,40
"625.1","1054050",0.9995,1,1,1,1,0.00208333333333333,40,0.00208333333333333,40
"626.1","1054087",0.9995,0.962962962962963,27,0.96,25,0.0913676878746219,40,0.0870636585705926,40
"627.1","1054088",0.9995,1,40,1,40,0.252963421644015,40,0.252963421644015,40
"628.1","1054113",0.9995,NA,0,NA,0,0,39,0,39
"629.1","1054120",0.9995,0.9,20,0.875,16,0.0654261457456247,39,0.0324327502522292,39
"630.1","1054122",0.9995,1,21,1,21,0.0482895613085709,40,0.0482895613085709,40
"631.1","1054130",0.9995,NA,0,NA,0,0,40,0,40
"632.1","1054149",0.9995,0.909090909090909,11,0.888888888888889,9,0.0166488788615805,40,0.0135238788615805,40
"633.1","1054178",0.9995,1,1,1,1,0.000822368421052632,38,0.000822368421052632,38
"634.1","1054189",0.9995,NA,0,NA,0,0,39,0,39
"635.1","1054190",0.9995,NA,0,NA,0,0,40,0,40
"636.1","1054195",0.9995,NA,0,NA,0,0,39,0,39
"637.1","1054211",0.9995,NA,0,NA,0,0,40,0,40
"638.1","1054215",0.9995,NA,0,NA,0,0,40,0,40
"639.1","1054221",0.9995,1,40,1,40,0.302502154193031,40,0.302502154193031,40
"640.1","1054238",0.9995,0.96875,32,0.966666666666667,30,0.112338908231674,39,0.105672241565007,39
"641.1","1054311",0.9995,0.948717948717949,39,0.942857142857143,35,0.204129815955888,39,0.168136397609528,39
"642.1","1054327",0.9995,NA,0,NA,0,0,40,0,40
"643.1","1054348",0.9995,NA,0,NA,0,0,38,0,38
"644.1","1054349",0.9995,0.823529411764706,17,0.846153846153846,13,0.0472569040022957,35,0.0337200376428487,35
"645.1","1054358",0.9995,0.95,40,0.947368421052632,38,0.392859609810598,40,0.373734234435222,40
"646.1","1054367",0.9995,0.95,40,0.944444444444444,36,0.175755893028946,40,0.163110731738623,40
"647.1","1054372",0.9995,0.944444444444444,36,0.9375,32,0.114206049249279,38,0.108343358247581,38
"648.1","1054408",0.9995,NA,0,NA,0,0,39,0,39
"649.1","1054421",0.9995,1,4,1,4,0.0078288317962231,40,0.0078288317962231,40
"650.1","1054460",0.9995,0.944444444444444,18,0.941176470588235,17,0.0260776976906009,36,0.0243415865794898,36
"651.1","1054487",0.9995,0.971428571428571,35,0.96969696969697,33,0.0522054491267078,39,0.0481990388702975,39
"652.1","1054488",0.9995,1,31,1,31,0.0580467010596607,40,0.0580467010596607,40
"653.1","1054497",0.9995,NA,0,NA,0,0,40,0,40
"654.1","1054523",0.9995,1,26,1,26,0.054102087004268,39,0.054102087004268,39
"655.1","1054527",0.9995,1,25,1,25,0.0755431920976276,40,0.0755431920976276,40
"656.1","1054538",0.9995,0.962962962962963,27,0.96,25,0.130877995838021,40,0.120027555955323,40
"657.1","1054543",0.9995,NA,0,NA,0,0,39,0,39
"658.1","1054544",0.9995,0.958333333333333,24,0.954545454545455,22,0.0994819678156372,40,0.0690132178156372,40
"659.1","1054548",0.9995,NA,0,NA,0,0,40,0,40
"660.1","1054572",0.9995,0.972222222222222,36,0.970588235294118,34,0.170261429345395,40,0.144503853587819,40
"661.1","1054576",0.9995,1,40,1,40,0.410332306161427,40,0.410332306161427,40
"662.1","1054611",0.9995,1,38,1,38,0.176650738934005,40,0.176650738934005,40
"663.1","1054613",0.9995,1,40,1,40,0.158352897013742,40,0.158352897013742,40
"664.1","1054623",0.9995,0.894736842105263,38,0.903225806451613,31,0.313274587261779,39,0.278766242981139,39
"665.1","1054645",0.9995,1,1,1,1,0.000596302921884317,39,0.000596302921884317,39
"666.1","1054674",0.9995,1,40,1,40,0.601139243616216,40,0.601139243616216,40
"667.1","1054722",0.9995,1,36,1,36,0.120244516591933,40,0.120244516591933,40
"668.1","1054749",0.9995,0.941176470588235,34,0.933333333333333,30,0.0893652970592626,40,0.0797224399164054,40
"669.1","1054762",0.9995,1,3,1,3,0.00641701739262715,40,0.00641701739262715,40
"670.1","1054774",0.9995,NA,0,NA,0,0,40,0,40
"671.1","1054785",0.9995,0.974358974358974,39,0.972972972972973,37,0.10180706352176,40,0.0995253174900143,40
"672.1","1054793",0.9995,NA,0,NA,0,0,40,0,40
"673.1","1054800",0.9995,0.9,10,0.875,8,0.0439624329159213,39,0.0112701252236136,39
"674.1","1054802",0.9995,NA,0,NA,0,0,40,0,40
"675.1","1054829",0.9995,1,40,1,40,0.540863714351226,40,0.540863714351226,40
"676.1","1054963",0.9995,NA,0,NA,0,0,37,0,37
"677.1","1054964",0.9995,NA,0,NA,0,0,36,0,36
"678.1","1054972",0.9995,NA,0,NA,0,0,38,0,38
"679.1","1054982",0.9995,NA,0,NA,0,0,28,0,28
"680.1","1055023",0.9995,1,40,1,40,0.239263568833813,40,0.239263568833813,40
"681.1","1055024",0.9995,0.975,40,0.973684210526316,38,0.448779736265195,40,0.423323915788337,40
"682.1","1055029",0.9995,0.9,40,0.875,32,0.438673847675271,40,0.336264565780695,40
"683.1","1055033",0.9995,0.975,40,0.973684210526316,38,0.353906254391241,40,0.333543935550662,40
"684.1","1055060",0.9995,0.95,40,0.944444444444444,36,0.451401421086378,39,0.405978926913884,39
"685.1","1055074",0.9995,0.9,40,0.875,32,0.388288243547531,38,0.304815673232856,38
"686.1","1055078",0.9995,0.95,40,0.972972972972973,37,0.5055763975912,40,0.478790683305486,40
"687.1","1055125",0.9995,0.975,40,0.973684210526316,38,0.338558565847762,40,0.316683565847762,40
"688.1","1055168",0.9995,NA,0,NA,0,0,38,0,38
"689.1","1055221",0.9995,1,40,1,40,0.372835488756541,40,0.372835488756541,40
"690.1","1055249",0.9995,1,35,1,35,0.127902736682269,40,0.127902736682269,40
"691.1","1055258",0.9995,1,15,1,15,0.0176402287780433,40,0.0176402287780433,40
"692.1","1055297",0.9995,0.975,40,0.973684210526316,38,0.312356864550503,40,0.302959701429936,40
"693.1","1055314",0.9995,0.95,40,0.944444444444444,36,0.280526059127341,40,0.259443556358792,40
"694.1","1055327",0.9995,0.975,40,0.973684210526316,38,0.265013381782048,40,0.253843758722181,40
"695.1","1055358",0.9995,0.975,40,0.973684210526316,38,0.254127839246624,40,0.241627839246624,40
"696.1","1055359",0.9995,1,40,1,40,0.516653156534871,40,0.516653156534871,40
"697.1","1055417",0.9995,0.975,40,0.973684210526316,38,0.386241082828623,40,0.362074416161957,40
"698.1","1055444",0.9995,NA,0,NA,0,0,38,0,38
"699.1","1055457",0.9995,NA,0,NA,0,0,40,0,40
"700.1","1061035",0.9995,0.925,40,0.911764705882353,34,0.377542479411857,40,0.310280574649952,40
"701.1","1061043",0.9995,0.925,40,0.911764705882353,34,0.286726582272559,39,0.241221129870555,39
"702.1","1061050",0.9995,0.95,40,0.944444444444444,36,0.410677325013767,39,0.36231607604768,39
"703.1","1061058",0.9995,0.9,40,0.875,32,0.488344989274044,40,0.370277722137305,40
"704.1","1061059",0.9995,0.975,40,0.973684210526316,38,0.412964300834674,40,0.385821443691816,40
"705.1","1061067",0.9995,0.925,40,0.911764705882353,34,0.332265877730908,40,0.271512262602988,40
"706.1","1061115",0.9995,0.95,40,0.944444444444444,36,0.672464646885899,39,0.604023937268719,39
"707.1","1061150",0.9995,0.975,40,0.973684210526316,38,0.482647317817596,40,0.45691632366555,40
"708.1","1061166",0.9995,1,40,1,40,0.673504385139793,40,0.673504385139793,40
"709.1","1061169",0.9995,1,40,1,40,0.708082846939271,40,0.708082846939271,40
"710.1","1061172",0.9995,1,40,1,40,0.775686162603704,40,0.775686162603704,40
"711.1","1061179",0.9995,1,28,1,28,0.137267711962834,40,0.137267711962834,40
"712.1","1061185",0.9995,1,40,1,40,0.568194863921608,40,0.568194863921608,40
"713.1","1061191",0.9995,1,40,1,40,0.625633576214139,40,0.625633576214139,40
"714.1","1061194",0.9995,1,40,1,40,0.567332919273709,40,0.567332919273709,40
"715.1","1061213",0.9995,1,40,1,40,0.688426834793114,40,0.688426834793114,40
"716.1","1061214",0.9995,1,40,1,40,0.505676998298041,40,0.505676998298041,40
"717.1","1061222",0.9995,1,40,1,40,0.434060348139296,40,0.434060348139296,40
"718.1","1061228",0.9995,0.95,40,0.972972972972973,37,0.614612177021397,40,0.582134786840519,40
"719.1","1061230",0.9995,1,40,1,40,0.479563945788962,40,0.479563945788962,40
"720.1","1061237",0.9995,1,40,1,40,0.530246656157279,40,0.530246656157279,40
"721.1","1061240",0.9995,0.95,40,0.972972972972973,37,0.580001887647236,40,0.551592796738146,40
"722.1","1061245",0.9995,0.975,40,0.973684210526316,38,0.635984989339865,40,0.607234989339866,40
"723.1","1061252",0.9995,1,40,1,40,0.877829277544066,40,0.877829277544066,40
"724.1","1061281",0.9995,0.975,40,0.973684210526316,38,0.853166872975121,40,0.809119253927502,40
"725.1","1061295",0.9995,1,40,1,40,0.6520429444522,40,0.6520429444522,40
"726.1","1061314",0.9995,0.975,40,0.973684210526316,38,0.478243614592828,40,0.449678799778014,40
"727.1","1061349",0.9995,0.975,40,0.973684210526316,38,0.599949503518083,40,0.554949503518083,40
"728.1","1061362",0.9995,1,40,1,40,0.666303062115001,40,0.666303062115001,40
"729.1","1061371",0.9995,0.975,40,0.975,40,0.446985968010712,40,0.446985968010712,40
"730.1","1061375",0.9995,0.975,40,0.973684210526316,38,0.687271846318627,40,0.659295655842436,40
"731.1","1061381",0.9995,1,40,1,40,0.652514319922058,40,0.652514319922058,40
"732.1","1061421",0.9995,1,40,1,40,0.600343386570353,40,0.600343386570353,40
"733.1","1061440",0.9995,0.925,40,0.941176470588235,34,0.558412170455656,40,0.472514503307989,40
"734.1","1061452",0.9995,1,40,1,40,0.531491055537959,40,0.531491055537959,40
"735.1","1061695",0.9995,NA,0,NA,0,0,40,0,40
"736.1","1061696",0.9995,NA,0,NA,0,0,40,0,40
"737.1","1061711",0.9995,NA,0,NA,0,0,40,0,40
"738.1","1061730",0.9995,NA,0,NA,0,0,40,0,40
"739.1","1061749",0.9995,NA,0,NA,0,0,40,0,40
"740.1","1061753",0.9995,NA,0,NA,0,0,40,0,40
"741.1","1061755",0.9995,NA,0,NA,0,0,40,0,40
"742.1","1061758",0.9995,NA,0,NA,0,0,40,0,40
"743.1","1061764",0.9995,NA,0,NA,0,0,40,0,40
"744.1","1061771",0.9995,NA,0,NA,0,0,40,0,40
"745.1","1061772",0.9995,1,3,1,3,0.00981280193236715,40,0.00981280193236715,40
"746.1","1061775",0.9995,NA,0,NA,0,0,40,0,40
"747.1","1061798",0.9995,NA,0,NA,0,0,31,0,31
"748.1","1061812",0.9995,0.975,40,0.973684210526316,38,0.314119267642214,40,0.298520977043923,40
"749.1","1061815",0.9995,1,40,1,40,0.617545888306215,40,0.617545888306215,40
"750.1","1061841",0.9995,1,40,1,40,0.434880746834794,40,0.434880746834794,40
"751.1","1061860",0.9995,NA,0,NA,0,0,40,0,40
"752.1","1061861",0.9995,1,39,1,39,0.221005085473234,40,0.221005085473234,40
"753.1","1061891",0.9995,0.925,40,0.911764705882353,34,0.299406242042271,40,0.252224423860453,40
"754.1","1061906",0.9995,0.95,40,0.944444444444444,36,0.449883776091082,40,0.40797392124005,40
"755.1","1061914",0.9995,1,40,1,40,0.433220515672692,40,0.433220515672692,40
"756.1","1061921",0.9995,1,40,1,40,0.404305350182198,40,0.404305350182198,40
"757.1","1061928",0.9995,1,40,1,40,0.455773546488216,40,0.455773546488216,40
"758.1","1061948",0.9995,NA,0,NA,0,0,29,0,29
"759.1","1061966",0.9995,NA,0,NA,0,0,36,0,36
"760.1","1061976",0.9995,1,40,1,40,0.786732642389287,40,0.786732642389287,40
"761.1","1061977",0.9995,0.95,40,0.944444444444444,36,0.314844064521913,39,0.274212170976051,39
"762.1","1062003",0.9995,0.975,40,0.973684210526316,38,0.307732754558011,40,0.291285386136959,40
"763.1","1062074",0.9995,0.95,40,0.944444444444444,36,0.411098439765035,40,0.353705966646755,40
"764.1","1062078",0.9995,0.95,40,0.972972972972973,37,0.498634139245115,40,0.474008070869046,40
"765.1","1062117",0.9995,0.967741935483871,31,0.96551724137931,29,0.115186639486765,40,0.109077157570831,40
"766.1","1062120",0.9995,1,35,1,35,0.0739593604678194,40,0.0739593604678194,40
"767.1","1062141",0.9995,0.95,40,0.944444444444444,36,0.198695813429356,38,0.174933034890469,38
"768.1","1062153",0.9995,NA,0,NA,0,0,40,0,40
"769.1","1062196",0.9995,1,40,1,40,1,40,1,40
"770.1","1062197",0.9995,0.925,40,0.945945945945946,37,0.908510638297872,40,0.859574468085106,40
"771.1","1062202",0.9995,1,40,1,40,0.978723404255319,40,0.978723404255319,40
"772.1","1062205",0.9995,1,40,1,40,0.979255319148936,40,0.979255319148936,40
"773.1","1062216",0.9995,1,40,1,40,0.598011100832562,40,0.598011100832562,40
"774.1","1062302",0.9995,1,40,1,40,0.5074536833,40,0.5074536833,40
"775.1","1062329",0.9995,NA,0,NA,0,0,40,0,40
"776.1","1062370",0.9995,0.975,40,0.973684210526316,38,0.415074198428824,40,0.389744528099153,40
"777.1","1062386",0.9995,0.8,5,0.75,4,0.033977197165053,39,0.0297036928915487,39
"778.1","1062413",0.9995,1,40,1,40,0.345556967685583,40,0.345556967685583,40
"779.1","1062445",0.9995,1,25,1,25,0.0558004386380872,40,0.0558004386380872,40
"780.1","1062446",0.9995,NA,0,NA,0,0,40,0,40
"781.1","1062459",0.9995,0.916666666666667,24,0.9,20,0.0497346865893667,39,0.0329261837894846,39
"782.1","1062465",0.9995,1,40,1,40,0.300735599969555,40,0.300735599969555,40
"783.1","1062478",0.9995,0.95,40,0.944444444444444,36,0.348057496783349,39,0.291880340606193,39
"784.1","1062511",0.9995,1,2,1,2,0.0073252688172043,31,0.0073252688172043,31
"785.1","1063296",0.9995,NA,0,NA,0,NA,0,NA,0
"786.1","1063380",0.9995,NA,0,NA,0,0,32,0,32
"787.1","1064344",0.9995,0.974358974358974,39,0.972972972972973,37,0.288288760646113,39,0.276053549536605,39
"788.1","1064352",0.9995,1,40,1,40,0.256415150686889,40,0.256415150686889,40
"789.1","1064405",0.9995,0.966666666666667,30,0.964285714285714,28,0.0980311811677859,39,0.0960088978955027,39
"790.1","1064423",0.9995,0.974358974358974,39,0.972972972972973,37,0.170541241094349,39,0.160925856478964,39
"791.1","1064456",0.9995,1,35,1,35,0.101074008981772,40,0.101074008981772,40
"792.1","1064491",0.9995,0.925,40,0.942857142857143,35,0.28321034842774,40,0.256289352756744,40
"793.1","1064532",0.9995,0.975,40,0.973684210526316,38,0.526711841634707,40,0.502469417392283,40
"794.1","1065694",0.9995,1,40,1,40,0.568130229942931,40,0.568130229942931,40
"795.1","1065739",0.9995,1,34,1,34,0.0459844004413887,40,0.0459844004413887,40
"796.1","1065834",0.9995,0.975,40,0.973684210526316,38,0.797533878466114,40,0.758172176338454,40
"797.1","1065843",0.9995,1,40,1,40,0.394214718881694,40,0.394214718881694,40
"798.1","1065850",0.9995,1,40,1,40,0.76517409505233,40,0.76517409505233,40
"799.1","1065852",0.9995,1,40,1,40,0.677693920757762,40,0.677693920757762,40
"800.1","1065859",0.9995,1,40,1,40,0.581939503732982,40,0.581939503732982,40
"801.1","1071367",0.9995,1,22,1,22,0.0861121332635661,39,0.0861121332635661,39
"802.1","1071389",0.9995,0.975,40,0.973684210526316,38,0.195671561967065,40,0.186480385496477,40
"803.1","1071395",0.9995,1,40,1,40,0.370212739711745,40,0.370212739711745,40
"804.1","1071432",0.9995,0.911764705882353,34,0.928571428571429,28,0.0908421511264519,39,0.082600807266993,39
"805.1","1071433",0.9995,NA,0,NA,0,0,38,0,38
"806.1","1071447",0.9995,0.975,40,0.973684210526316,38,0.425836693251398,40,0.408049954900143,40
"807.1","1071455",0.9995,1,40,1,40,0.201139394184554,40,0.201139394184554,40
"808.1","1071460",0.9995,0.975,40,0.973684210526316,38,0.784574468085106,40,0.744148936170213,40
"809.1","1071481",0.9995,0.95,40,0.944444444444444,36,0.160263909384719,39,0.139087169457979,39
"810.1","1071496",0.9995,1,40,1,40,0.138176346800877,40,0.138176346800877,40
"811.1","1071508",0.9995,NA,0,NA,0,0,29,0,29
"812.1","1071509",0.9995,1,40,1,40,0.306613610639348,40,0.306613610639348,40
"813.1","1071517",0.9995,1,40,1,40,0.180348184195377,40,0.180348184195377,40
"814.1","1071533",0.9995,1,40,1,40,0.62239365840831,40,0.62239365840831,40
"815.1","1071546",0.9995,NA,0,NA,0,0,40,0,40
"816.1","1071552",0.9995,NA,0,NA,0,0,40,0,40
"817.1","1071578",0.9995,NA,0,NA,0,0,40,0,40
"818.1","1071605",0.9995,0.975,40,0.973684210526316,38,0.382319347319347,40,0.359402680652681,40
"819.1","1071614",0.9995,1,40,1,40,1,40,1,40
"820.1","1071641",0.9995,0.918918918918919,37,0.9375,32,0.0711399623989649,39,0.0593762066723609,39
"821.1","1071653",0.9995,1,15,1,15,0.0260533296740398,40,0.0260533296740398,40
"822.1","1071665",0.9995,NA,0,NA,0,0,40,0,40
"823.1","1071670",0.9995,0.95,40,0.944444444444444,36,0.236008898192794,40,0.214715745957366,40
"824.1","1071677",0.9995,1,40,1,40,1,40,1,40
"825.1","1071695",0.9995,1,40,1,40,1,40,1,40
"826.1","1071773",0.9995,NA,0,NA,0,0,39,0,39
"827.1","1071785",0.9995,0.975,40,0.973684210526316,38,0.435991580253154,40,0.411692842525243,40
"828.1","1071899",0.9995,1,40,1,40,0.902220166512488,40,0.902220166512488,40
"829.1","1071941",0.9995,1,40,1,40,0.377256638397713,40,0.377256638397713,40
"830.1","1071946",0.9995,0.975,40,0.973684210526316,38,0.582713964544223,40,0.55438063121089,40
"831.1","1071969",0.9995,0.975,40,0.973684210526316,38,0.618700613805592,40,0.594256169361148,40
"832.1","1071979",0.9995,1,40,1,40,0.451877332132266,40,0.451877332132266,40
"833.1","1072011",0.9995,1,40,1,40,0.260708062108991,40,0.260708062108991,40
"834.1","1072040",0.9995,1,40,1,40,0.582729468599034,40,0.582729468599034,40
"835.1","1072041",0.9995,0.975,40,0.973684210526316,38,0.416917452569627,40,0.402243539526148,40
"836.1","1072045",0.9995,0.96969696969697,33,0.967741935483871,31,0.0638313150421879,39,0.0585784660393388,39
"837.1","1072120",0.9995,0.975,40,0.973684210526316,38,0.3506567145431,40,0.320785391013688,40
"838.1","1072251",0.9995,0.975,40,0.973684210526316,38,0.179557013201328,39,0.169456003100318,39
"839.1","1072285",0.9995,0.925,40,0.941176470588235,34,0.566516806159904,38,0.482714811253282,38
"840.1","1072286",0.9995,0.925,40,0.941176470588235,34,0.436607794357725,40,0.364164788774598,40
"841.1","1072300",0.9995,0.95,40,0.944444444444444,36,0.345915087337957,40,0.306005660407361,40
"842.1","1072312",0.9995,0.9,40,0.909090909090909,33,0.321399896079493,40,0.274406524867372,40
"843.1","1072327",0.9995,0.9,40,0.90625,32,0.486982719819775,39,0.384204411830549,39
"844.1","1072336",0.9995,0.9,40,0.939393939393939,33,0.485216997055232,40,0.426036324786325,40
"845.1","1081317",0.9995,NA,0,NA,0,0,26,0,26
"846.1","108900",0.9995,1,40,1,40,0.612108036890646,40,0.612108036890646,40
"847.1","108926",0.9995,1,40,1,40,0.614137022397892,40,0.614137022397892,40
"848.1","1093811",0.9995,1,40,1,40,0.306123456126702,40,0.306123456126702,40
"849.1","1093812",0.9995,1,40,1,40,0.500731648216788,40,0.500731648216788,40
"850.1","1094079",0.9995,1,40,1,40,0.517666865661106,40,0.517666865661106,40
"851.1","1095327",0.9995,1,40,1,40,0.73822432920259,40,0.73822432920259,40
"852.1","1095421",0.9995,0.975,40,0.973684210526316,38,0.554180847041029,40,0.527990370850552,40
"853.1","1095628",0.9995,0.95,40,0.944444444444444,36,0.540216497447409,40,0.494632917747976,40
"854.1","1096255",0.9995,NA,0,NA,0,0,40,0,40
"855.1","1096256",0.9995,0.975,40,0.973684210526316,38,0.567561608988281,40,0.540334044885717,40
"856.1","1096313",0.9995,1,40,1,40,0.50723133764337,40,0.50723133764337,40
"857.1","1096677",0.9995,1,39,1,39,0.257611832611833,40,0.257611832611833,40
"858.1","1096687",0.9995,0.975,40,0.973684210526316,38,0.422314667315731,40,0.402573813657194,40
"859.1","1096700",0.9995,1,40,1,40,0.431415862465425,40,0.431415862465425,40
"860.1","1097284",0.9995,1,40,1,40,0.361656869101837,40,0.361656869101837,40
"861.1","1097316",0.9995,NA,0,NA,0,0,39,0,39
"862.1","1097850",0.9995,1,37,1,37,0.0660279917111312,40,0.0660279917111312,40
"863.1","1097891",0.9995,1,40,1,40,0.657134132017853,40,0.657134132017853,40
"864.1","1098080",0.9995,NA,0,NA,0,0,40,0,40
"865.1","1098131",0.9995,0.975,40,0.973684210526316,38,0.39931381925568,40,0.385360330883587,40
"866.1","1099054",0.9995,NA,0,NA,0,0,27,0,27
"867.1","1099057",0.9995,NA,0,NA,0,0,30,0,30
"868.1","1099344",0.9995,NA,0,NA,0,0,31,0,31
"869.1","1099345",0.9995,NA,0,NA,0,0,29,0,29
"870.1","1099371",0.9995,NA,0,NA,0,0,31,0,31
"871.1","1099393",0.9995,NA,0,NA,0,0,34,0,34
"872.1","1099403",0.9995,NA,0,NA,0,0,32,0,32
"873.1","1099548",0.9995,NA,0,NA,0,0,40,0,40
"874.1","1099742",0.9995,1,40,1,40,0.407869296114996,40,0.407869296114996,40
"875.1","1099788",0.9995,1,39,1,39,0.267206469146249,40,0.267206469146249,40
"876.1","1099794",0.9995,0.975,40,0.973684210526316,38,0.172615923824506,40,0.167766911048664,40
"877.1","1099815",0.9995,1,40,1,40,0.373156072457627,40,0.373156072457627,40
"878.1","1099823",0.9995,1,35,1,35,0.14655368273604,40,0.14655368273604,40
"879.1","1099836",0.9995,0.975,40,0.975,40,0.296821768431966,40,0.296821768431966,40
"880.1","1099847",0.9995,NA,0,NA,0,0,39,0,39
"881.1","1099872",0.9995,1,40,1,40,0.257829118918544,40,0.257829118918544,40
"882.1","1099882",0.9995,1,40,1,40,0.363730740547274,40,0.363730740547274,40
"883.1","1099891",0.9995,1,40,1,40,0.44122615752911,40,0.44122615752911,40
"884.1","1099897",0.9995,1,40,1,40,0.232587948472236,40,0.232587948472236,40
"885.1","1099974",0.9995,NA,0,NA,0,0,39,0,39
"886.1","1101836",0.9995,NA,0,NA,0,0,38,0,38
"887.1","1101844",0.9995,1,1,1,1,0.00178571428571429,40,0.00178571428571429,40
"888.1","1101847",0.9995,0.975,40,0.973684210526316,38,0.378756797846203,40,0.355840131179536,40
"889.1","1101851",0.9995,NA,0,NA,0,0,40,0,40
"890.1","1101874",0.9995,NA,0,NA,0,0,40,0,40
"891.1","1102004",0.9995,1,40,1,40,0.363454682829191,40,0.363454682829191,40
"892.1","1102194",0.9995,1,34,1,34,0.268028280149857,40,0.268028280149857,40
"893.1","1102204",0.9995,0.95,40,0.944444444444444,36,0.381166726647821,40,0.335274353438375,40
"894.1","1102205",0.9995,NA,0,NA,0,0,40,0,40
"895.1","1102390",0.9995,1,40,1,40,0.524541684874729,40,0.524541684874729,40
"896.1","1102418",0.9995,1,40,1,40,0.172990568564801,40,0.172990568564801,40
"897.1","1102419",0.9995,NA,0,NA,0,0,40,0,40
"898.1","1102437",0.9995,1,40,1,40,0.247129869794344,40,0.247129869794344,40
"899.1","1102551",0.9995,1,40,1,40,0.474119045665098,40,0.474119045665098,40
"900.1","1102592",0.9995,NA,0,NA,0,0,40,0,40
"901.1","1102632",0.9995,0.975,40,0.973684210526316,38,0.34969754720851,40,0.335470274481237,40
"902.1","1102634",0.9995,0.975,40,0.973684210526316,38,0.448071797870778,40,0.416290752119144,40
"903.1","1102640",0.9995,1,7,1,7,0.0109819935092721,40,0.0109819935092721,40
"904.1","1102675",0.9995,1,29,1,29,0.1178961445789,40,0.1178961445789,40
"905.1","1103217",0.9995,1,40,1,40,0.568584631896488,40,0.568584631896488,40
"906.1","1103237",0.9995,1,40,1,40,0.756779286855605,40,0.756779286855605,40
"907.1","1104",0.9995,1,10,1,10,0.0451353522198543,40,0.0451353522198543,40
"908.1","1104038",0.9995,1,40,1,40,0.327265697685437,40,0.327265697685437,40
"909.1","1104179",0.9995,NA,0,NA,0,0,35,0,35
"910.1","1104193",0.9995,NA,0,NA,0,0,36,0,36
"911.1","1105663",0.9995,1,40,1,40,0.488614264485094,40,0.488614264485094,40
"912.1","1107614",0.9995,0.95,40,0.972972972972973,37,0.377111883594442,40,0.350188806671365,40
"913.1","1107615",0.9995,0.975,40,0.973684210526316,38,0.658072108212379,40,0.628429251069522,40
"914.1","1107631",0.9995,0.909090909090909,11,0.888888888888889,9,0.0209788098375055,40,0.0171382301273606,40
"915.1","1108",0.9995,1,34,1,34,0.129237870836552,40,0.129237870836552,40
"916.1","1108201",0.9995,1,40,1,40,0.284278183578382,40,0.284278183578382,40
"917.1","1109272",0.9995,1,40,1,40,0.526413043478261,40,0.526413043478261,40
"918.1","1110396",0.9995,NA,0,NA,0,0,28,0,28
"919.1","1110595",0.9995,1,40,1,40,0.49922317047699,40,0.49922317047699,40
"920.1","1110622",0.9995,0.975,40,0.973684210526316,38,0.669065798823129,40,0.642588526095857,40
"921.1","1110687",0.9995,0.95,40,0.944444444444444,36,0.539569053495524,40,0.468140482066953,40
"922.1","1110693",0.9995,0.9,40,0.882352941176471,34,0.22966074940294,39,0.188445557784523,39
"923.1","1110732",0.9995,NA,0,NA,0,0,39,0,39
"924.1","1110734",0.9995,NA,0,NA,0,0,38,0,38
"925.1","1110739",0.9995,NA,0,NA,0,0,40,0,40
"926.1","1110791",0.9995,1,37,1,37,0.172389156834875,40,0.172389156834875,40
"927.1","1110795",0.9995,0.975,40,0.973684210526316,38,0.332643586363028,40,0.318129697474139,40
"928.1","1110801",0.9995,0.9,40,0.909090909090909,33,0.315955668393381,39,0.278360162047875,39
"929.1","1110819",0.9995,0.975,40,0.973684210526316,38,0.571681667873556,40,0.541378637570526,40
"930.1","1110833",0.9995,1,40,1,40,0.247538752977028,40,0.247538752977028,40
"931.1","1110838",0.9995,0.95,40,0.944444444444444,36,0.469961906527535,40,0.407865132333987,40
"932.1","1110851",0.9995,0.95,40,0.944444444444444,36,0.254131001617443,40,0.228340166436364,40
"933.1","1110862",0.9995,0.975,40,0.973684210526316,38,0.591290368131105,40,0.556893046702533,40
"934.1","1110880",0.9995,0.975,40,0.973684210526316,38,0.545143990326546,39,0.515617960800517,39
"935.1","1110914",0.9995,NA,0,NA,0,0,39,0,39
"936.1","1110941",0.9995,0.925,40,0.942857142857143,35,0.241332213331853,39,0.223240049085842,39
"937.1","1110963",0.9995,0.975,40,0.973684210526316,38,0.418730236131936,40,0.397480236131936,40
"938.1","1110968",0.9995,0.975,40,0.973684210526316,38,0.296138517620292,40,0.280875359725555,40
"939.1","1110976",0.9995,NA,0,NA,0,0,40,0,40
"940.1","1113179",0.9995,0.945945945945946,37,0.970588235294118,34,0.258097196927793,40,0.24503413386473,40
"941.1","1114415",0.9995,1,40,1,40,0.746881341727477,40,0.746881341727477,40
"942.1","1114514",0.9995,1,40,1,40,0.321950108343796,40,0.321950108343796,40
"943.1","1114524",0.9995,0.975,40,0.973684210526316,38,0.253437647133351,40,0.243131093222145,40
"944.1","1114530",0.9995,1,1,1,1,0.00131578947368421,40,0.00131578947368421,40
"945.1","1114531",0.9995,0.9,40,0.875,32,0.339131038455427,40,0.248178417487685,40
"946.1","1114542",0.9995,0.95,40,0.944444444444444,36,0.297453573495963,39,0.260205158828193,39
"947.1","1114546",0.9995,0.975,40,0.973684210526316,38,0.269589078677219,40,0.256307828677219,40
"948.1","1114633",0.9995,NA,0,NA,0,0,36,0,36
"949.1","1114638",0.9995,0.975,40,0.973684210526316,38,0.381648785234941,39,0.365811681162542,39
"950.1","1114644",0.9995,0.9,40,0.909090909090909,33,0.348956073335726,39,0.303817184446837,39
"951.1","1114663",0.9995,0.95,40,0.944444444444444,36,0.447751458969468,40,0.394463617778401,40
"952.1","1114694",0.9995,1,15,1,15,0.0255940891694875,40,0.0255940891694875,40
"953.1","1114709",0.9995,0.95,40,0.972222222222222,36,0.36265133878137,40,0.338487042906548,40
"954.1","1114751",0.9995,0.897435897435897,39,0.939393939393939,33,0.32801386878313,40,0.301940172259066,40
"955.1","1114781",0.9995,0.95,40,0.944444444444444,36,0.45744350787928,39,0.387431648393736,39
"956.1","1114809",0.9995,1,17,1,17,0.0459782865601831,40,0.0459782865601831,40
"957.1","1114815",0.9995,0.925,40,0.945945945945946,37,0.134636976960178,39,0.121506290442395,39
"958.1","1114852",0.9995,NA,0,NA,0,0,39,0,39
"959.1","1114878",0.9995,NA,0,NA,0,0,40,0,40
"960.1","1114903",0.9995,1,25,1,25,0.0865253269906908,40,0.0865253269906908,40
"961.1","1115003",0.9995,0.95,40,0.945945945945946,37,0.523507238774308,40,0.480411717024552,40
"962.1","1115012",0.9995,1,22,1,22,0.020308703867811,40,0.020308703867811,40
"963.1","1115022",0.9995,0.9,40,0.90625,32,0.239582349342817,39,0.190593962868335,39
"964.1","1115045",0.9995,0.875,40,0.903225806451613,31,0.529288791529066,39,0.442264704504979,39
"965.1","1116190",0.9995,0.975,40,0.973684210526316,38,0.150009296259296,40,0.144731518481518,40
"966.1","1116207",0.9995,0.96875,32,0.966666666666667,30,0.084334167400529,39,0.0798469879133495,39
"967.1","1116308",0.9995,0.958333333333333,24,0.954545454545455,22,0.0815754779169413,39,0.068907303897923,39
"968.1","1116315",0.9995,NA,0,NA,0,0,31,0,31
"969.1","1116505",0.9995,0.9,40,0.939393939393939,33,0.53465271386797,40,0.444052299546519,40
"970.1","1116518",0.9995,0.95,40,0.947368421052632,38,0.266086957021885,40,0.256086957021885,40
"971.1","1116744",0.9995,1,38,1,38,0.118788931563902,40,0.118788931563902,40
"972.1","1116773",0.9995,1,40,1,40,0.417378306668845,40,0.417378306668845,40
"973.1","1116801",0.9995,1,40,1,40,0.364790801864477,40,0.364790801864477,40
"974.1","1116803",0.9995,NA,0,NA,0,0,32,0,32
"975.1","1116836",0.9995,1,11,1,11,0.0346333157559843,40,0.0346333157559843,40
"976.1","1116837",0.9995,0.975,40,0.973684210526316,38,0.373491097271221,40,0.352504154106858,40
"977.1","1116854",0.9995,1,40,1,40,0.296373439628385,40,0.296373439628385,40
"978.1","1116858",0.9995,NA,0,NA,0,0,40,0,40
"979.1","1116859",0.9995,NA,0,NA,0,0,40,0,40
"980.1","1116872",0.9995,1,40,1,40,0.818891512040076,40,0.818891512040076,40
"981.1","1116895",0.9995,1,40,1,40,0.503559526567097,40,0.503559526567097,40
"982.1","1116916",0.9995,NA,0,NA,0,0,39,0,39
"983.1","1116919",0.9995,NA,0,NA,0,NA,0,NA,0
"984.1","1116950",0.9995,0.95,40,0.944444444444444,36,0.39813582495407,40,0.361951614427754,40
"985.1","1116965",0.9995,1,40,1,40,0.390961554603975,40,0.390961554603975,40
"986.1","1116984",0.9995,1,40,1,40,0.306145763051783,40,0.306145763051783,40
"987.1","1116999",0.9995,0.975,40,0.973684210526316,38,0.299093376072464,40,0.280239555474458,40
"988.1","1117004",0.9995,1,40,1,40,0.442036674266002,40,0.442036674266002,40
"989.1","1117008",0.9995,0.95,40,0.944444444444444,36,0.460562237261835,40,0.41247782167742,40
"990.1","1117012",0.9995,1,40,1,40,0.509104829124708,40,0.509104829124708,40
"991.1","1117130",0.9995,1,40,1,40,0.374509388381166,40,0.374509388381166,40
"992.1","1117496",0.9995,1,16,1,16,0.031290998133634,40,0.031290998133634,40
"993.1","1117499",0.9995,0.95,40,0.944444444444444,36,0.327641721968459,40,0.292206726856044,40
"994.1","1117508",0.9995,0.975,40,0.973684210526316,38,0.566258844967597,40,0.53521717830093,40
"995.1","1117517",0.9995,0.95,40,0.944444444444444,36,0.410701606103165,40,0.367932776349041,40
"996.1","1117519",0.9995,0.925,40,0.911764705882353,34,0.440882713476463,40,0.347187568751907,40
"997.1","1117528",0.9995,1,22,1,22,0.0299981971492897,40,0.0299981971492897,40
"998.1","1117554",0.9995,1,40,1,40,0.255441902876208,40,0.255441902876208,40
"999.1","1117555",0.9995,0.95,40,0.944444444444444,36,0.17462780894942,39,0.145951624023235,39
"1000.1","1117559",0.9995,0.857142857142857,7,0.857142857142857,7,0.00538337705814822,38,0.00538337705814822,38
"1001.1","1117578",0.9995,0.925,40,0.942857142857143,35,0.422276948035062,40,0.369552589060703,40
"1002.1","1117579",0.9995,1,40,1,40,0.207861258165382,40,0.207861258165382,40
"1003.1","1117595",0.9995,NA,0,NA,0,0,40,0,40
"1004.1","1117598",0.9995,0.975,40,0.973684210526316,38,0.226824817493228,40,0.186440202108613,40
"1005.1","1117622",0.9995,1,30,1,30,0.0665808493131642,40,0.0665808493131642,40
"1006.1","1117625",0.9995,1,40,1,40,0.316555793516341,40,0.316555793516341,40
"1007.1","1117631",0.9995,0.925,40,0.911764705882353,34,0.306276132707311,39,0.237599711089713,39
"1008.1","1117717",0.9995,1,40,1,40,0.364155767881931,40,0.364155767881931,40
"1009.1","1117730",0.9995,1,40,1,40,0.3012488448325,40,0.3012488448325,40
"1010.1","1117731",0.9995,1,40,1,40,0.511171012816912,40,0.511171012816912,40
"1011.1","1118516",0.9995,0.95,40,0.944444444444444,36,0.51145705887619,40,0.455282220763331,40
"1012.1","1120509",0.9995,0.975,40,0.973684210526316,38,0.404244305504933,40,0.387203242703001,40
"1013.1","1120515",0.9995,1,40,1,40,0.393597428596619,40,0.393597428596619,40
"1014.1","1120538",0.9995,0.95,40,0.945945945945946,37,0.788995844400324,40,0.734500021165136,40
"1015.1","1120587",0.9995,NA,0,NA,0,0,38,0,38
"1016.1","1120618",0.9995,1,40,1,40,0.15459968491633,40,0.15459968491633,40
"1017.1","1120647",0.9995,NA,0,NA,0,0,38,0,38
"1018.1","1124",0.9995,0.916666666666667,24,0.952380952380952,21,0.069666168957702,40,0.0592802904683753,40
"1019.1","1124098",0.9995,1,9,1,9,0.0531845238095238,40,0.0531845238095238,40
"1020.1","1124104",0.9995,0.973684210526316,38,0.972222222222222,36,0.10220009574761,39,0.0865564801039941,39
"1021.1","1124135",0.9995,1,40,1,40,0.233419490251606,40,0.233419490251606,40
"1022.1","1124219",0.9995,0.85,40,0.827586206896552,29,0.313885408327158,40,0.188409217850968,40
"1023.1","1124242",0.9995,1,40,1,40,0.527802685000205,40,0.527802685000205,40
"1024.1","1124251",0.9995,0.975,40,0.973684210526316,38,0.441370730032957,40,0.417909191571419,40
"1025.1","1124252",0.9995,1,40,1,40,0.422043429099094,40,0.422043429099094,40
"1026.1","1124254",0.9995,1,40,1,40,0.392172650047924,40,0.392172650047924,40
"1027.1","1124255",0.9995,0.975,40,0.973684210526316,38,0.536825258594686,40,0.507376810701116,40
"1028.1","1124943",0.9995,0.9,40,0.96969696969697,33,0.362418796720975,40,0.318092355618218,40
"1029.1","1124973",0.9995,1,40,1,40,0.199365512824815,40,0.199365512824815,40
"1030.1","1125103",0.9995,1,40,1,40,0.609456741450379,40,0.609456741450379,40
"1031.1","1125224",0.9995,NA,0,NA,0,0,39,0,39
"1032.1","1125234",0.9995,0.95,40,0.944444444444444,36,0.383458200597188,40,0.347077692934353,40
"1033.1","1125278",0.9995,1,40,1,40,0.490557087776582,40,0.490557087776582,40
"1034.1","1125300",0.9995,0.975,40,0.973684210526316,38,0.164891017164323,39,0.161284111685608,39
"1035.1","1125331",0.9995,0.925925925925926,27,0.956521739130435,23,0.112269867344309,39,0.102816079395897,39
"1036.1","1125337",0.9995,0.95,40,0.944444444444444,36,0.250743417559915,40,0.232598256269592,40
"1037.1","1125342",0.9995,1,40,1,40,0.25593863461807,40,0.25593863461807,40
"1038.1","1125367",0.9995,0.95,40,0.944444444444444,36,0.47031870511231,40,0.421247857260974,40
"1039.1","1125369",0.9995,0.95,40,0.944444444444444,36,0.20385726614247,40,0.186293163578367,40
"1040.1","1125370",0.9995,1,40,1,40,0.397162932101154,40,0.397162932101154,40
"1041.1","1125499",0.9995,0.975,40,0.973684210526316,38,0.340553367651606,40,0.325553367651606,40
"1042.1","1125601",0.9995,0.967741935483871,31,0.96551724137931,29,0.0413886051740755,39,0.0389454947454841,39
"1043.1","1125607",0.9995,0.972972972972973,37,0.971428571428571,35,0.0663838692013957,39,0.0602193020612188,39
"1044.1","1125612",0.9995,1,1,1,1,0.000581395348837209,40,0.000581395348837209,40
"1045.1","1125619",0.9995,NA,0,NA,0,0,40,0,40
"1046.1","1125625",0.9995,NA,0,NA,0,0,40,0,40
"1047.1","1125631",0.9995,1,25,1,25,0.0819056676599143,40,0.0819056676599143,40
"1048.1","1125637",0.9995,1,20,1,20,0.0428532561763595,40,0.0428532561763595,40
"1049.1","1125649",0.9995,1,40,1,40,0.460177021162677,40,0.460177021162677,40
"1050.1","1125650",0.9995,1,40,1,40,0.370598981163531,40,0.370598981163531,40
"1051.1","1125698",0.9995,0.975,40,0.973684210526316,38,0.433511578546401,40,0.41443263117798,40
"1052.1","1126",0.9995,0.96,25,0.956521739130435,23,0.132221407242448,40,0.112319929409935,40
"1053.1","1126052",0.9995,0.95,40,0.944444444444444,36,0.355250133436403,40,0.305389022325292,40
"1054.1","1126206",0.9995,0.975,40,0.973684210526316,38,0.414132529881958,40,0.39837166031674,40
"1055.1","1126310",0.9995,NA,0,NA,0,0,40,0,40
"1056.1","1127250",0.9995,1,1,1,1,0.00131578947368421,40,0.00131578947368421,40
"1057.1","1127254",0.9995,1,2,1,2,0.00935672514619883,40,0.00935672514619883,40
"1058.1","1127273",0.9995,0.5,2,0,1,0.00263157894736842,38,0,38
"1059.1","1127309",0.9995,0.92,25,0.954545454545455,22,0.0545704207022378,39,0.0430264881056736,39
"1060.1","1127323",0.9995,0.869565217391304,23,0.842105263157895,19,0.0956956227467063,38,0.0802157465857156,38
"1061.1","1127386",0.9995,1,40,1,40,0.327389276670498,40,0.327389276670498,40
"1062.1","1133065",0.9995,0.95,40,0.944444444444444,36,0.583492581186074,40,0.525054205835933,40
"1063.1","1139",0.9995,1,38,1,38,0.107898249715122,40,0.107898249715122,40
"1064.1","1142",0.9995,0.96969696969697,33,0.967741935483871,31,0.104467424462529,40,0.0788721863672913,40
"1065.1","1148",0.9995,NA,0,NA,0,0,38,0,38
"1066.1","1154",0.9995,0.925,40,0.914285714285714,35,0.415114626482045,40,0.347416018783437,40
"1067.1","1160",0.9995,NA,0,NA,0,0,38,0,38
"1068.1","1173",0.9995,NA,0,NA,0,0,40,0,40
"1069.1","1174",0.9995,1,2,1,2,0.00333333333333333,40,0.00333333333333333,40
"1070.1","1182",0.9995,0.935483870967742,31,0.925925925925926,27,0.131860662323495,40,0.108227149778693,40
"1071.1","1196",0.9995,NA,0,NA,0,0,34,0,34
"1072.1","122004",0.9995,0.975,40,0.973684210526316,38,0.372939308508999,39,0.353127781005164,39
"1073.1","1220656",0.9995,0.975,40,0.973684210526316,38,0.444807100422471,40,0.421057100422471,40
"1074.1","1220677",0.9995,0.973684210526316,38,0.972222222222222,36,0.150895131095218,40,0.139287988238075,40
"1075.1","1220682",0.9995,1,18,1,18,0.0219279050221621,40,0.0219279050221621,40
"1076.1","1220691",0.9995,0.975,40,0.973684210526316,38,0.152228669774083,39,0.143559561104974,39
"1077.1","1220720",0.9995,NA,0,NA,0,0,40,0,40
"1078.1","1220723",0.9995,NA,0,NA,0,0,40,0,40
"1079.1","1220726",0.9995,0.894736842105263,38,0.9375,32,0.162534255298171,40,0.13875974549425,40
"1080.1","1220728",0.9995,0.95,40,0.944444444444444,36,0.418493194985531,40,0.363920213619071,40
"1081.1","1220729",0.9995,1,13,1,13,0.0226041168602073,40,0.0226041168602073,40
"1082.1","1220734",0.9995,NA,0,NA,0,0,40,0,40
"1083.1","1220748",0.9995,0.925,40,0.911764705882353,34,0.324347803686769,39,0.282386061725027,39
"1084.1","1220779",0.9995,0.956521739130435,23,0.952380952380952,21,0.0515718809376898,40,0.0446274364932453,40
"1085.1","1220797",0.9995,0.945945945945946,37,0.939393939393939,33,0.146772698278687,40,0.120602063358052,40
"1086.1","1220803",0.9995,1,15,1,15,0.0307898289604128,40,0.0307898289604128,40
"1087.1","1220814",0.9995,1,34,1,34,0.062805534004377,40,0.062805534004377,40
"1088.1","1220815",0.9995,0.96875,32,0.966666666666667,30,0.0799149794390669,40,0.0618197413438288,40
"1089.1","1220816",0.9995,0.972222222222222,36,0.970588235294118,34,0.185588972978679,40,0.158446115835822,40
"1090.1","1220855",0.9995,1,2,1,2,0.00173887415266726,39,0.00173887415266726,39
"1091.1","1220866",0.9995,0.952380952380952,21,0.947368421052632,19,0.033578499796281,38,0.0320735118361847,38
"1092.1","1220872",0.9995,0.972972972972973,37,0.971428571428571,35,0.108886463196828,40,0.103945987006352,40
"1093.1","1220893",0.9995,NA,0,NA,0,0,39,0,39
"1094.1","1220921",0.9995,NA,0,NA,0,0,40,0,40
"1095.1","1220934",0.9995,0.935483870967742,31,0.931034482758621,29,0.139563556107081,40,0.128329789873315,40
"1096.1","1220945",0.9995,NA,0,NA,0,0,39,0,39
"1097.1","1220949",0.9995,0.954545454545455,22,0.95,20,0.0895886807411308,40,0.0836676281095519,40
"1098.1","1220957",0.9995,1,40,1,40,0.345861080535138,40,0.345861080535138,40
"1099.1","1220969",0.9995,0.975,40,0.973684210526316,38,0.26710137007388,40,0.254581338022598,40
"1100.1","1220974",0.9995,1,40,1,40,0.213030474731076,40,0.213030474731076,40
"1101.1","1221030",0.9995,0.975,40,0.973684210526316,38,0.196910132766366,40,0.184511142867376,40
"1102.1","1221031",0.9995,NA,0,NA,0,0,40,0,40
"1103.1","1221075",0.9995,NA,0,NA,0,0,40,0,40
"1104.1","1221094",0.9995,0.96551724137931,29,0.962962962962963,27,0.0688733467984065,40,0.0618048944174541,40
"1105.1","1221096",0.9995,0.95,40,0.944444444444444,36,0.165252370721935,39,0.149969505439069,39
"1106.1","1221122",0.9995,1,40,1,40,0.287937068296609,40,0.287937068296609,40
"1107.1","1221179",0.9995,NA,0,NA,0,0,39,0,39
"1108.1","1221181",0.9995,1,4,1,4,0.0060619986631016,40,0.0060619986631016,40
"1109.1","1221183",0.9995,NA,0,NA,0,0,39,0,39
"1110.1","1221189",0.9995,1,39,1,39,0.14590449485473,40,0.14590449485473,40
"1111.1","1221190",0.9995,1,24,1,24,0.0571403201267332,40,0.0571403201267332,40
"1112.1","1221191",0.9995,1,4,1,4,0.00887987012987013,40,0.00887987012987013,40
"1113.1","1221198",0.9995,0.904761904761905,21,0.944444444444444,18,0.045883924916183,39,0.0417214207536788,39
"1114.1","1221201",0.9995,NA,0,NA,0,0,39,0,39
"1115.1","1221208",0.9995,1,7,1,7,0.0155830900425428,40,0.0155830900425428,40
"1116.1","1221210",0.9995,1,1,1,1,0.000735294117647059,40,0.000735294117647059,40
"1117.1","1221211",0.9995,0.857142857142857,21,0.866666666666667,15,0.0767116080569944,40,0.0598198968270479,40
"1118.1","1221214",0.9995,0.975,40,0.973684210526316,38,0.309500557036111,40,0.288791097576652,40
"1119.1","1221216",0.9995,NA,0,NA,0,0,39,0,39
"1120.1","1221251",0.9995,1,40,1,40,0.209677781690357,40,0.209677781690357,40
"1121.1","1221268",0.9995,NA,0,NA,0,0,40,0,40
"1122.1","1221272",0.9995,0.944444444444444,18,0.944444444444444,18,0.0348429985574198,39,0.0348429985574198,39
"1123.1","1221276",0.9995,1,18,1,18,0.0329961638702816,40,0.0329961638702816,40
"1124.1","1221277",0.9995,1,40,1,40,0.384519985521191,40,0.384519985521191,40
"1125.1","1221309",0.9995,0.95,40,0.944444444444444,36,0.370108072102977,40,0.309527714960119,40
"1126.1","1221310",0.9995,0.952380952380952,21,0.947368421052632,19,0.0281375098098387,40,0.0224796150729966,40
"1127.1","1221340",0.9995,1,39,1,39,0.165848205215954,40,0.165848205215954,40
"1128.1","1221347",0.9995,0.972972972972973,37,0.971428571428571,35,0.213832471604911,40,0.204275362047801,40
"1129.1","1221349",0.9995,0.975,40,0.973684210526316,38,0.269440249069534,40,0.255163875922193,40
"1130.1","1221424",0.9995,1,18,1,18,0.0568423970191455,40,0.0568423970191455,40
"1131.1","1221434",0.9995,1,24,1,24,0.0820168515050481,40,0.0820168515050481,40
"1132.1","1221448",0.9995,NA,0,NA,0,0,40,0,40
"1133.1","1221449",0.9995,0.972972972972973,37,0.972972972972973,37,0.172422043075931,38,0.172422043075931,38
"1134.1","1221457",0.9995,0.96969696969697,33,0.967741935483871,31,0.102383771741189,39,0.0954986815227651,39
"1135.1","1221481",0.9995,NA,0,NA,0,0,38,0,38
"1136.1","1221533",0.9995,0.925,40,0.942857142857143,35,0.406923531824965,40,0.361540011359923,40
"1137.1","1221537",0.9995,NA,0,NA,0,0,39,0,39
"1138.1","1221555",0.9995,1,1,1,1,0.000714285714285714,40,0.000714285714285714,40
"1139.1","1221571",0.9995,0.95,40,0.972972972972973,37,0.458551915178272,40,0.431325194530498,40
"1140.1","1221576",0.9995,1,10,1,10,0.0422817073146021,40,0.0422817073146021,40
"1141.1","1221588",0.9995,0.954545454545455,22,0.95,20,0.0578359990778222,40,0.0456931419349651,40
"1142.1","1221592",0.9995,1,40,1,40,0.248080506331668,40,0.248080506331668,40
"1143.1","1221602",0.9995,0.975,40,0.973684210526316,38,0.344749263446905,40,0.321955145799847,40
"1144.1","1221608",0.9995,1,5,1,5,0.0170123106060606,40,0.0170123106060606,40
"1145.1","1221612",0.9995,1,38,1,38,0.142997141955964,40,0.142997141955964,40
"1146.1","1221629",0.9995,NA,0,NA,0,0,39,0,39
"1147.1","1221633",0.9995,1,31,1,31,0.143324590034149,40,0.143324590034149,40
"1148.1","1221642",0.9995,NA,0,NA,0,0,40,0,40
"1149.1","1221644",0.9995,NA,0,NA,0,0,40,0,40
"1150.1","1221651",0.9995,0.975,40,0.973684210526316,38,0.242580826754079,40,0.230461651126839,40
"1151.1","1221653",0.9995,NA,0,NA,0,0,40,0,40
"1152.1","1221662",0.9995,1,18,1,18,0.0902575467316847,40,0.0902575467316847,40
"1153.1","1221717",0.9995,1,7,1,7,0.0188842368931378,40,0.0188842368931378,40
"1154.1","1221723",0.9995,1,40,1,40,0.231199165572512,40,0.231199165572512,40
"1155.1","1221744",0.9995,NA,0,NA,0,0,38,0,38
"1156.1","1221785",0.9995,0.925,40,0.941176470588235,34,0.402187906829619,40,0.33187727361576,40
"1157.1","1221803",0.9995,0.975,40,0.973684210526316,38,0.200744140383169,40,0.190510222254514,40
"1158.1","1221813",0.9995,0.95,40,0.944444444444444,36,0.269717624802764,40,0.238440953394514,40
"1159.1","1221829",0.9995,1,8,1,8,0.011523199023199,39,0.011523199023199,39
"1160.1","1221877",0.9995,NA,0,NA,0,0,9,0,9
"1161.1","1221878",0.9995,NA,0,NA,0,0,3,0,3
"1162.1","1221880",0.9995,NA,0,NA,0,0,38,0,38
"1163.1","1221882",0.9995,1,40,1,40,0.619919411840087,40,0.619919411840087,40
"1164.1","1221921",0.9995,0.975,40,0.973684210526316,38,0.520014113564157,40,0.489299827849871,40
"1165.1","1221940",0.9995,0.9,40,0.941176470588235,34,0.349595335726739,39,0.314841429776078,39
"1166.1","1221979",0.9995,0.9,20,0.944444444444444,18,0.112400373079805,38,0.111460523455745,38
"1167.1","1222",0.9995,0.90625,32,0.925925925925926,27,0.195359480593665,39,0.161640113540964,39
"1168.1","1222032",0.9995,NA,0,NA,0,0,40,0,40
"1169.1","1222039",0.9995,1,21,1,21,0.0654117657639798,40,0.0654117657639798,40
"1170.1","1222081",0.9995,1,33,1,33,0.0969416213472815,40,0.0969416213472815,40
"1171.1","1222096",0.9995,0.9,40,0.90625,32,0.396245431614303,40,0.297586211669729,40
"1172.1","1222113",0.9995,0.95,40,0.972222222222222,36,0.397996430421328,40,0.34348985147396,40
"1173.1","1222118",0.9995,NA,0,NA,0,0,36,0,36
"1174.1","1222167",0.9995,1,40,1,40,0.491216674455187,40,0.491216674455187,40
"1175.1","1222187",0.9995,NA,0,NA,0,0,40,0,40
"1176.1","1222216",0.9995,0.975,40,0.973684210526316,38,0.137457993288889,40,0.123341831672727,40
"1177.1","1222234",0.9995,1,40,1,40,0.300578218696421,40,0.300578218696421,40
"1178.1","1222235",0.9995,1,40,1,40,0.423258177248391,40,0.423258177248391,40
"1179.1","1222238",0.9995,1,40,1,40,0.613737981067354,40,0.613737981067354,40
"1180.1","1222274",0.9995,1,40,1,40,0.684503659137992,40,0.684503659137992,40
"1181.1","1222282",0.9995,1,40,1,40,0.777786990326695,40,0.777786990326695,40
"1182.1","1222307",0.9995,0.975,40,0.973684210526316,38,0.158208891796478,39,0.148135631723218,39
"1183.1","1222319",0.9995,0.96875,32,0.966666666666667,30,0.0636366621917182,39,0.057484694501289,39
"1184.1","1222374",0.9995,1,9,1,9,0.0176943922090981,40,0.0176943922090981,40
"1185.1","1222385",0.9995,NA,0,NA,0,0,34,0,34
"1186.1","1222396",0.9995,1,1,1,1,0.00116550116550117,39,0.00116550116550117,39
"1187.1","1222407",0.9995,NA,0,NA,0,0,39,0,39
"1188.1","1222409",0.9995,1,22,1,22,0.0671301936473561,40,0.0671301936473561,40
"1189.1","1222422",0.9995,1,24,1,24,0.0939466937056847,40,0.0939466937056847,40
"1190.1","1222444",0.9995,NA,0,NA,0,0,38,0,38
"1191.1","1222449",0.9995,1,6,1,6,0.0198479152426521,38,0.0198479152426521,38
"1192.1","1222453",0.9995,1,23,1,23,0.13397168120006,40,0.13397168120006,40
"1193.1","1222478",0.9995,1,40,1,40,0.278580352722912,40,0.278580352722912,40
"1194.1","1222482",0.9995,0.96551724137931,29,0.96551724137931,29,0.0826970482908405,39,0.0826970482908405,39
"1195.1","1222491",0.9995,0.974358974358974,39,0.972972972972973,37,0.0647736256901916,40,0.0596599893265552,40
"1196.1","1222529",0.9995,0.975,40,0.973684210526316,38,0.219935084541063,40,0.213413345410628,40
"1197.1","1222537",0.9995,1,19,1,19,0.0448189111518355,40,0.0448189111518355,40
"1198.1","1222575",0.9995,NA,0,NA,0,0,37,0,37
"1199.1","1222578",0.9995,NA,0,NA,0,0,40,0,40
"1200.1","1222690",0.9995,0.973684210526316,38,0.972222222222222,36,0.141631493509768,39,0.130130739361955,39
"1201.1","1222728",0.9995,NA,0,NA,0,0,40,0,40
"1202.1","1223671",0.9995,NA,0,NA,0,NA,0,NA,0
"1203.1","1225260",0.9995,0.975,40,0.973684210526316,38,0.318704016701792,40,0.299107242508244,40
"1204.1","1225278",0.9995,0.925,40,0.941176470588235,34,0.330587485218069,40,0.295284913126182,40
"1205.1","1225286",0.9995,0.95,40,0.972222222222222,36,0.329710648489094,39,0.302377589391329,39
"1206.1","1225291",0.9995,0.975,40,0.973684210526316,38,0.211071050834851,40,0.201570042770335,40
"1207.1","1225307",0.9995,0.95,40,0.947368421052632,38,0.16171043568896,39,0.142550891529416,39
"1208.1","1225317",0.9995,1,40,1,40,0.176299768163293,40,0.176299768163293,40
"1209.1","1225319",0.9995,1,38,1,38,0.140123277779449,40,0.140123277779449,40
"1210.1","1225352",0.9995,1,40,1,40,0.626405091304118,40,0.626405091304118,40
"1211.1","1225370",0.9995,0.91304347826087,23,0.95,20,0.100805729851093,40,0.0943392796346425,40
"1212.1","1225372",0.9995,0.95,40,0.944444444444444,36,0.190859009874725,39,0.170826958592674,39
"1213.1","1225375",0.9995,0.975,40,0.973684210526316,38,0.336436550398835,40,0.315224429186714,40
"1214.1","1225410",0.9995,0.975,40,0.973684210526316,38,0.15501860125622,39,0.146599878015733,39
"1215.1","1225452",0.9995,0.863636363636364,22,0.823529411764706,17,0.0394589817543782,37,0.02713649884366,37
"1216.1","1225488",0.9995,0.975,40,0.973684210526316,38,0.449790474420909,40,0.418812213551344,40
"1217.1","1227075",0.9995,1,40,1,40,0.402763142764472,40,0.402763142764472,40
"1218.1","1227082",0.9995,0.909090909090909,11,0.909090909090909,11,0.00986357311938707,39,0.00986357311938707,39
"1219.1","1227094",0.9995,0.975,40,0.974358974358974,39,0.513128212979036,40,0.502522152372975,40
"1220.1","1227122",0.9995,0.95,40,0.944444444444444,36,0.535328432702355,40,0.469419341793264,40
"1221.1","1227126",0.9995,0.9,40,0.909090909090909,33,0.440777165016705,39,0.378495696485236,39
"1222.1","1227154",0.9995,0.975,40,0.973684210526316,38,0.532376834865331,40,0.511192624339015,40
"1223.1","1227176",0.9995,NA,0,NA,0,0,40,0,40
"1224.1","1227179",0.9995,1,40,1,40,0.409776402969176,40,0.409776402969176,40
"1225.1","1227188",0.9995,0.975,40,0.973684210526316,38,0.227154693169771,39,0.212752428767506,39
"1226.1","1227207",0.9995,1,40,1,40,0.37664585260838,40,0.37664585260838,40
"1227.1","1227231",0.9995,NA,0,NA,0,0,39,0,39
"1228.1","1227237",0.9995,NA,0,NA,0,0,40,0,40
"1229.1","1227269",0.9995,1,40,1,40,0.286839798911065,40,0.286839798911065,40
"1230.1","1227280",0.9995,1,40,1,40,0.726969010836447,40,0.726969010836447,40
"1231.1","1227284",0.9995,0.944444444444444,18,0.9375,16,0.0300680184806645,40,0.0273563782690243,40
"1232.1","1227293",0.9995,0.975,40,0.973684210526316,38,0.3207562338325,40,0.308340579311582,40
"1233.1","1227297",0.9995,0.975,40,0.973684210526316,38,0.297896633255266,40,0.286089200822834,40
"1234.1","1227308",0.9995,1,40,1,40,0.322025382037705,40,0.322025382037705,40
"1235.1","1227322",0.9995,1,40,1,40,0.894345513413506,40,0.894345513413506,40
"1236.1","1227329",0.9995,0.975,40,0.973684210526316,38,0.461693589660303,40,0.431883864501741,40
"1237.1","1227338",0.9995,1,40,1,40,0.394085973574841,40,0.394085973574841,40
"1238.1","1227366",0.9995,0.975,40,0.973684210526316,38,0.123709552219613,40,0.107153627524153,40
"1239.1","1227379",0.9995,0.975,40,0.973684210526316,38,0.710609654198307,40,0.670462029037845,40
"1240.1","1227443",0.9995,0.975,40,0.974358974358974,39,0.453398124080173,40,0.448134966185436,40
"1241.1","1227445",0.9995,1,40,1,40,0.375657570027095,40,0.375657570027095,40
"1242.1","1227451",0.9995,0.975,40,0.973684210526316,38,0.456802905770714,40,0.438000384762311,40
"1243.1","1227453",0.9995,1,40,1,40,0.364978347764005,40,0.364978347764005,40
"1244.1","1227480",0.9995,NA,0,NA,0,NA,0,NA,0
"1245.1","1227487",0.9995,NA,0,NA,0,0,33,0,33
"1246.1","1227509",0.9995,1,2,1,2,0.00401245658162654,33,0.00401245658162654,33
"1247.1","1227542",0.9995,1,35,1,35,0.130596044077846,40,0.130596044077846,40
"1248.1","1227554",0.9995,0.975,40,0.973684210526316,38,0.687841238426164,40,0.661034711619637,40
"1249.1","1227904",0.9995,1,40,1,40,0.329744040963805,40,0.329744040963805,40
"1250.1","1227906",0.9995,1,40,1,40,0.701047185038494,40,0.701047185038494,40
"1251.1","1227907",0.9995,1,40,1,40,0.419281740063092,40,0.419281740063092,40
"1252.1","1227994",0.9995,1,40,1,40,0.545808940035115,40,0.545808940035115,40
"1253.1","1228000",0.9995,1,40,1,40,0.568341593481297,40,0.568341593481297,40
"1254.1","1228324",0.9995,1,40,1,40,0.512574226834844,40,0.512574226834844,40
"1255.1","1228547",0.9995,1,40,1,40,0.620104021840058,40,0.620104021840058,40
"1256.1","1228557",0.9995,1,24,1,24,0.0450082885411704,40,0.0450082885411704,40
"1257.1","1228568",0.9995,NA,0,NA,0,0,40,0,40
"1258.1","1228577",0.9995,1,19,1,19,0.122964937576277,40,0.122964937576277,40
"1259.1","1228588",0.9995,NA,0,NA,0,0,31,0,31
"1260.1","1228601",0.9995,0.925,40,0.911764705882353,34,0.368522085952043,40,0.299864077294034,40
"1261.1","1228605",0.9995,1,1,1,1,0.000625,40,0.000625,40
"1262.1","1228641",0.9995,1,40,1,40,0.267272867937285,40,0.267272867937285,40
"1263.1","1228654",0.9995,0.95,40,0.944444444444444,36,0.751222792502758,40,0.665982665157367,40
"1264.1","1228656",0.9995,1,34,1,34,0.136546802923302,40,0.136546802923302,40
"1265.1","1228657",0.9995,NA,0,NA,0,0,32,0,32
"1266.1","1228766",0.9995,0.975,40,0.975,40,0.186502037477108,39,0.186502037477108,39
"1267.1","1228773",0.9995,NA,0,NA,0,0,40,0,40
"1268.1","1228795",0.9995,NA,0,NA,0,0,38,0,38
"1269.1","1228797",0.9995,0.95,40,0.972972972972973,37,0.315294670613885,40,0.301583668971849,40
"1270.1","1228846",0.9995,1,7,1,7,0.00719635061558836,40,0.00719635061558836,40
"1271.1","1228851",0.9995,1,18,1,18,0.0314083571680554,40,0.0314083571680554,40
"1272.1","1228865",0.9995,1,6,1,6,0.0100545794930876,40,0.0100545794930876,40
"1273.1","1228899",0.9995,1,4,1,4,0.00663810978937029,35,0.00663810978937029,35
"1274.1","1228900",0.9995,1,40,1,40,0.262608555957008,40,0.262608555957008,40
"1275.1","1228904",0.9995,0.935483870967742,31,0.925925925925926,27,0.115388734233405,40,0.104272192471702,40
"1276.1","1228916",0.9995,0.909090909090909,33,0.888888888888889,27,0.113685569992533,40,0.0957510866886441,40
"1277.1","1228922",0.9995,0.939393939393939,33,0.96551724137931,29,0.0972614145359503,39,0.0842307431001065,39
"1278.1","1228947",0.9995,1,12,1,12,0.0380388699795173,39,0.0380388699795173,39
"1279.1","1228949",0.9995,NA,0,NA,0,0,37,0,37
"1280.1","1228950",0.9995,NA,0,NA,0,0,34,0,34
"1281.1","1228958",0.9995,0.95,40,0.972972972972973,37,0.380827096934005,40,0.358834615730997,40
"1282.1","1228979",0.9995,NA,0,NA,0,0,16,0,16
"1283.1","1229001",0.9995,1,34,1,34,0.156144787483981,40,0.156144787483981,40
"1284.1","1229004",0.9995,1,39,1,39,0.122642253776512,40,0.122642253776512,40
"1285.1","1229009",0.9995,1,3,1,3,0.0607001972386588,39,0.0607001972386588,39
"1286.1","1229029",0.9995,1,40,1,40,0.364160218865083,40,0.364160218865083,40
"1287.1","1229034",0.9995,1,1,1,1,0.000833333333333333,40,0.000833333333333333,40
"1288.1","1229044",0.9995,1,28,1,28,0.104668408468046,40,0.104668408468046,40
"1289.1","1229053",0.9995,NA,0,NA,0,0,38,0,38
"1290.1","1229054",0.9995,NA,0,NA,0,NA,0,NA,0
"1291.1","1229056",0.9995,0.975,40,0.973684210526316,38,0.271065374340763,40,0.261466015366404,40
"1292.1","1229071",0.9995,0.972972972972973,37,0.971428571428571,35,0.202826329011787,40,0.186859942457165,40
"1293.1","1229073",0.9995,NA,0,NA,0,0,39,0,39
"1294.1","1229074",0.9995,1,40,1,40,0.172294784991522,40,0.172294784991522,40
"1295.1","1229080",0.9995,1,40,1,40,0.363284733543054,40,0.363284733543054,40
"1296.1","1229143",0.9995,1,40,1,40,0.113299744322107,40,0.113299744322107,40
"1297.1","1229180",0.9995,0.8,5,0.8,5,0.00352443609022556,38,0.00352443609022556,38
"1298.1","1229182",0.9995,NA,0,NA,0,0,40,0,40
"1299.1","1229197",0.9995,1,15,1,15,0.0346314105635738,39,0.0346314105635738,39
"1300.1","1229205",0.9995,NA,0,NA,0,0,39,0,39
"1301.1","1229206",0.9995,NA,0,NA,0,0,40,0,40
"1302.1","1229210",0.9995,NA,0,NA,0,0,39,0,39
"1303.1","1229216",0.9995,NA,0,NA,0,0,38,0,38
"1304.1","1229217",0.9995,0.892857142857143,28,0.91304347826087,23,0.249112474620683,37,0.229000713700099,37
"1305.1","1229222",0.9995,1,20,1,20,0.0733420833345274,40,0.0733420833345274,40
"1306.1","1229226",0.9995,NA,0,NA,0,0,39,0,39
"1307.1","1229267",0.9995,NA,0,NA,0,0,31,0,31
"1308.1","1229273",0.9995,NA,0,NA,0,0,36,0,36
"1309.1","1229282",0.9995,1,40,1,40,0.18230577946445,40,0.18230577946445,40
"1310.1","1229288",0.9995,NA,0,NA,0,0,39,0,39
"1311.1","1229306",0.9995,0.96875,32,0.966666666666667,30,0.140420819233275,40,0.124014569233275,40
"1312.1","1229308",0.9995,0.95,20,0.947368421052632,19,0.0373654564308309,38,0.0365430880097783,38
"1313.1","1229329",0.9995,1,40,1,40,0.213330841247487,40,0.213330841247487,40
"1314.1","1229335",0.9995,1,12,1,12,0.0269328599142709,39,0.0269328599142709,39
"1315.1","1229357",0.9995,0.9,10,0.888888888888889,9,0.0112060481625699,37,0.00867226437878612,37
"1316.1","1229363",0.9995,0.896551724137931,29,0.869565217391304,23,0.117868864006739,39,0.0836875212573037,39
"1317.1","1229365",0.9995,0.972222222222222,36,0.970588235294118,34,0.254284224527784,39,0.232346902590462,39
"1318.1","1229368",0.9995,0.975,40,0.973684210526316,38,0.408445076187589,40,0.383633046112401,40
"1319.1","1229374",0.9995,1,37,1,37,0.136657342868186,40,0.136657342868186,40
"1320.1","1229397",0.9995,NA,0,NA,0,0,40,0,40
"1321.1","1229402",0.9995,NA,0,NA,0,0,40,0,40
"1322.1","1229411",0.9995,1,5,1,5,0.0124159845684445,40,0.0124159845684445,40
"1323.1","1229415",0.9995,1,40,1,40,0.277512257011075,40,0.277512257011075,40
"1324.1","1229416",0.9995,0.973684210526316,38,0.972222222222222,36,0.142381128357228,40,0.116623552599652,40
"1325.1","1229420",0.9995,0.975,40,0.973684210526316,38,0.47447062495321,40,0.43547062495321,40
"1326.1","1229455",0.9995,1,11,1,11,0.0220433590102708,40,0.0220433590102708,40
"1327.1","1229466",0.9995,1,8,1,8,0.0201985514485515,39,0.0201985514485515,39
"1328.1","1229474",0.9995,0.958333333333333,24,0.954545454545455,22,0.0509147781712132,39,0.0474852575003132,39
"1329.1","1229477",0.9995,0.964285714285714,28,0.961538461538462,26,0.145803892443677,39,0.132182097571883,39
"1330.1","1229486",0.9995,0.973684210526316,38,0.972222222222222,36,0.206096181169458,40,0.191744329317606,40
"1331.1","1229504",0.9995,0.833333333333333,6,0.8,5,0.0117257848715649,39,0.00488817803395809,39
"1332.1","1229518",0.9995,1,2,1,2,0.0164473684210526,40,0.0164473684210526,40
"1333.1","1229519",0.9995,NA,0,NA,0,0,38,0,38
"1334.1","1229522",0.9995,1,40,1,40,0.301321591648019,40,0.301321591648019,40
"1335.1","1229524",0.9995,0.888888888888889,9,0.888888888888889,9,0.0330901083270573,34,0.0330901083270573,34
"1336.1","1229536",0.9995,1,30,1,30,0.0965519319925747,40,0.0965519319925747,40
"1337.1","1229542",0.9995,1,40,1,40,0.34955442596811,40,0.34955442596811,40
"1338.1","1229558",0.9995,1,7,1,7,0.0317774192832704,39,0.0317774192832704,39
"1339.1","1229586",0.9995,0.928571428571429,28,0.916666666666667,24,0.209442450609246,38,0.148156213626415,38
"1340.1","1229593",0.9995,0.871794871794872,39,0.9375,32,0.394746817501739,40,0.352263757083896,40
"1341.1","1229605",0.9995,0.975,40,0.973684210526316,38,0.353899227828901,40,0.339752886365486,40
"1342.1","1229607",0.9995,1,2,1,2,0.00699300699300699,39,0.00699300699300699,39
"1343.1","1229609",0.9995,NA,0,NA,0,0,40,0,40
"1344.1","1229610",0.9995,NA,0,NA,0,0,36,0,36
"1345.1","1229620",0.9995,1,6,1,6,0.027322758940406,39,0.027322758940406,39
"1346.1","1229623",0.9995,0.944444444444444,36,0.9375,32,0.107812239583546,39,0.0904511284724345,39
"1347.1","1229628",0.9995,NA,0,NA,0,0,39,0,39
"1348.1","1229639",0.9995,0.733333333333333,15,0.8,10,0.0340910170076837,36,0.0281987611154278,36
"1349.1","1229679",0.9995,0.923076923076923,39,0.939393939393939,33,0.213463926291625,39,0.180994727827803,39
"1350.1","1229689",0.9995,1,6,1,6,0.0221752871752872,40,0.0221752871752872,40
"1351.1","1229700",0.9995,0.972972972972973,37,0.971428571428571,35,0.138531410928993,39,0.12576639816398,39
"1352.1","1229728",0.9995,0.947368421052632,19,0.941176470588235,17,0.0706187044235345,40,0.0469514250117698,40
"1353.1","1229763",0.9995,0.974358974358974,39,0.972972972972973,37,0.261906843816489,40,0.24668248484213,40
"1354.1","1229783",0.9995,NA,0,NA,0,0,35,0,35
"1355.1","1229789",0.9995,NA,0,NA,0,0,39,0,39
"1356.1","1229797",0.9995,0.975,40,0.973684210526316,38,0.326858621408952,40,0.313875428131641,40
"1357.1","1229798",0.9995,NA,0,NA,0,0,39,0,39
"1358.1","1229817",0.9995,1,40,1,40,0.295176053560774,40,0.295176053560774,40
"1359.1","1229821",0.9995,0.975,40,0.973684210526316,38,0.204882149197866,40,0.197159764056126,40
"1360.1","1229829",0.9995,NA,0,NA,0,0,38,0,38
"1361.1","1229840",0.9995,1,40,1,40,0.236499133276292,40,0.236499133276292,40
"1362.1","1229849",0.9995,0.975,40,0.973684210526316,38,0.188838576947334,39,0.176366447627378,39
"1363.1","1229850",0.9995,0.925,40,0.941176470588235,34,0.234559985427046,40,0.182177339623347,40
"1364.1","1229898",0.9995,1,40,1,40,0.51394591923852,40,0.51394591923852,40
"1365.1","1229944",0.9995,NA,0,NA,0,0,40,0,40
"1366.1","1229971",0.9995,1,40,1,40,0.2721071500657,40,0.2721071500657,40
"1367.1","1229975",0.9995,0.947368421052632,38,0.941176470588235,34,0.0973157524771817,40,0.0842757091871385,40
"1368.1","1229992",0.9995,0.95,40,0.944444444444444,36,0.347389622698885,40,0.314966344757315,40
"1369.1","1230004",0.9995,0.975,40,0.973684210526316,38,0.389657380912135,40,0.371846923395795,40
"1370.1","1230014",0.9995,0.975,40,0.973684210526316,38,0.296021441187053,40,0.283731525220667,40
"1371.1","1230021",0.9995,1,40,1,40,0.795436120085051,40,0.795436120085051,40
"1372.1","1230034",0.9995,1,40,1,40,0.330931379207242,40,0.330931379207242,40
"1373.1","1230074",0.9995,1,40,1,40,0.502483184624552,40,0.502483184624552,40
"1374.1","1230075",0.9995,1,40,1,40,0.536342458675274,40,0.536342458675274,40
"1375.1","1230081",0.9995,0.95,40,0.944444444444444,36,0.277623358277949,40,0.244678950455493,40
"1376.1","1230091",0.9995,0.923076923076923,39,0.941176470588235,34,0.34694520592991,40,0.314985947318264,40
"1377.1","1230097",0.9995,0.974358974358974,39,0.974358974358974,39,0.262491863958889,40,0.262491863958889,40
"1378.1","1230123",0.9995,1,40,1,40,0.307090175481028,40,0.307090175481028,40
"1379.1","1230130",0.9995,0.95,40,0.945945945945946,37,0.266389202950499,40,0.226727548815161,40
"1380.1","1230136",0.9995,0.975,40,0.973684210526316,38,0.394969249603094,40,0.376844249603094,40
"1381.1","1230151",0.9995,0.925,40,0.911764705882353,34,0.341351653467235,40,0.281762829573249,40
"1382.1","1230160",0.9995,0.974358974358974,39,0.972972972972973,37,0.238825831933657,40,0.226698319806145,40
"1383.1","1230164",0.9995,0.975,40,0.973684210526316,38,0.291917392330097,40,0.279079554492259,40
"1384.1","1230166",0.9995,0.95,40,0.944444444444444,36,0.702407033747228,40,0.627407033747228,40
"1385.1","1230175",0.9995,1,40,1,40,0.42207453503469,40,0.42207453503469,40
"1386.1","1230216",0.9995,1,40,1,40,0.417573486704447,40,0.417573486704447,40
"1387.1","1230240",0.9995,0.925,40,0.945945945945946,37,0.373090209368925,40,0.347127371531087,40
"1388.1","1230253",0.9995,1,40,1,40,0.534176865181028,40,0.534176865181028,40
"1389.1","1230263",0.9995,0.975,40,0.973684210526316,38,0.442631288305229,39,0.421015214156322,39
"1390.1","1230287",0.9995,0.95,40,0.944444444444444,36,0.422261573577587,40,0.382024930139724,40
"1391.1","1230289",0.9995,0.975,40,0.973684210526316,38,0.265281722048979,40,0.251382108149365,40
"1392.1","1230308",0.9995,1,40,1,40,0.3488662877006,40,0.3488662877006,40
"1393.1","1230310",0.9995,1,40,1,40,0.272999362521663,40,0.272999362521663,40
"1394.1","1230332",0.9995,1,40,1,40,0.374423005403219,40,0.374423005403219,40
"1395.1","1230336",0.9995,0.975,40,0.973684210526316,38,0.437929015969904,40,0.415429015969904,40
"1396.1","1230358",0.9995,1,40,1,40,0.53028614393746,40,0.53028614393746,40
"1397.1","1230402",0.9995,1,40,1,40,0.486037099621091,40,0.486037099621091,40
"1398.1","1230434",0.9995,0.975,40,0.973684210526316,38,0.582118286433318,40,0.554768662373168,40
"1399.1","1230437",0.9995,1,40,1,40,0.47106736550948,40,0.47106736550948,40
"1400.1","1230459",0.9995,0.95,40,0.972972972972973,37,0.761655348582962,40,0.722825561348919,40
"1401.1","1230468",0.9995,0.975,40,0.973684210526316,38,0.454560664427164,40,0.436108283474783,40
"1402.1","1230479",0.9995,1,40,1,40,0.386522653306473,40,0.386522653306473,40
"1403.1","1230484",0.9995,0.975,40,0.973684210526316,38,0.281735938826855,40,0.271330533421449,40
"1404.1","1230493",0.9995,1,40,1,40,0.39863667137693,40,0.39863667137693,40
"1405.1","1230498",0.9995,0.975,40,0.973684210526316,38,0.741785809565562,40,0.70827517126769,40
"1406.1","1230501",0.9995,1,40,1,40,0.382035782457069,40,0.382035782457069,40
"1407.1","1230504",0.9995,1,40,1,40,0.391294930079735,40,0.391294930079735,40
"1408.1","1230527",0.9995,1,40,1,40,0.461326460725026,40,0.461326460725026,40
"1409.1","1230541",0.9995,1,40,1,40,0.96063829787234,40,0.96063829787234,40
"1410.1","1233140",0.9995,0.975,40,0.973684210526316,38,0.307035364202703,40,0.289066614202703,40
"1411.1","1233340",0.9995,1,40,1,40,0.628191489361702,40,0.628191489361702,40
"1412.1","1233352",0.9995,1,40,1,40,0.603191489361702,40,0.603191489361702,40
"1413.1","1233366",0.9995,1,40,1,40,0.585106382978723,40,0.585106382978723,40
"1414.1","1233375",0.9995,1,40,1,40,0.625531914893617,40,0.625531914893617,40
"1415.1","1233376",0.9995,1,40,1,40,0.624468085106383,40,0.624468085106383,40
"1416.1","1233379",0.9995,1,40,1,40,0.667021276595745,40,0.667021276595745,40
"1417.1","1233380",0.9995,1,40,1,40,0.734574468085106,40,0.734574468085106,40
"1418.1","1233381",0.9995,1,40,1,40,0.56063829787234,40,0.56063829787234,40
"1419.1","1233384",0.9995,1,40,1,40,0.678191489361702,40,0.678191489361702,40
"1420.1","1233396",0.9995,1,40,1,40,0.738297872340426,40,0.738297872340426,40
"1421.1","1233405",0.9995,1,40,1,40,0.777127659574468,40,0.777127659574468,40
"1422.1","1233409",0.9995,1,40,1,40,0.649468085106383,40,0.649468085106383,40
"1423.1","1233416",0.9995,1,40,1,40,0.69278795473614,40,0.69278795473614,40
"1424.1","1233445",0.9995,1,40,1,40,0.717021276595745,40,0.717021276595745,40
"1425.1","1233460",0.9995,0.975,40,0.973684210526316,38,0.396271852148607,39,0.384912500715726,39
"1426.1","1233461",0.9995,0.95,40,0.944444444444444,36,0.286167813066993,40,0.251840804655201,40
"1427.1","1233552",0.9995,0.975,40,0.973684210526316,38,0.201960656518936,40,0.191091091301545,40
"1428.1","1233627",0.9995,NA,0,NA,0,0,40,0,40
"1429.1","1233668",0.9995,1,40,1,40,0.324823780913396,40,0.324823780913396,40
"1430.1","1233678",0.9995,0.9,40,0.875,32,0.334238865204677,40,0.24257219853801,40
"1431.1","1233706",0.9995,1,39,1,39,0.089455193261161,40,0.089455193261161,40
"1432.1","1233725",0.9995,0.875,24,0.904761904761905,21,0.0552721537310725,40,0.0505846537310725,40
"1433.1","1236582",0.9995,1,40,1,40,0.269983001059054,40,0.269983001059054,40
"1434.1","1236590",0.9995,1,40,1,40,0.3418004402785,40,0.3418004402785,40
"1435.1","1236601",0.9995,1,14,1,14,0.0271474615603606,40,0.0271474615603606,40
"1436.1","1238",0.9995,0.833333333333333,12,0.9,10,0.0736875549778776,39,0.0480465293368519,39
"1437.1","1238689",0.9995,1,40,1,40,0.452644624923486,40,0.452644624923486,40
"1438.1","1238709",0.9995,NA,0,NA,0,0,30,0,30
"1439.1","1238733",0.9995,1,40,1,40,0.456462117740941,40,0.456462117740941,40
"1440.1","1239742",0.9995,1,40,1,40,0.578936170212766,40,0.578936170212766,40
"1441.1","1239887",0.9995,1,3,1,3,0.0107548701298701,40,0.0107548701298701,40
"1442.1","1239892",0.9995,0.974358974358974,39,0.972972972972973,37,0.208783555088702,40,0.203227999533147,40
"1443.1","1239894",0.9995,1,40,1,40,0.451384163843403,40,0.451384163843403,40
"1444.1","1239901",0.9995,1,3,1,3,0.00449604743083004,40,0.00449604743083004,40
"1445.1","1239905",0.9995,0.95,40,0.944444444444444,36,0.201614684335273,40,0.179611760358664,40
"1446.1","1239908",0.9995,0.975,40,0.973684210526316,38,0.235356420391548,39,0.226702574237702,39
"1447.1","1239927",0.9995,0.974358974358974,39,0.972972972972973,37,0.361984086516889,39,0.358943323860742,39
"1448.1","1239931",0.9995,1,34,1,34,0.0629240336797388,40,0.0629240336797388,40
"1449.1","1239936",0.9995,0.971428571428571,35,0.96969696969697,33,0.15188471791704,40,0.121329162361484,40
"1450.1","1239938",0.9995,NA,0,NA,0,0,12,0,12
"1451.1","1241",0.9995,0.975,40,0.973684210526316,38,0.134287289114884,39,0.126782598683365,39
"1452.1","1244397",0.9995,1,40,1,40,0.693404113454454,40,0.693404113454454,40
"1453.1","1244406",0.9995,1,40,1,40,0.74468085106383,40,0.74468085106383,40
"1454.1","1244416",0.9995,1,40,1,40,0.618027289546716,40,0.618027289546716,40
"1455.1","1245231",0.9995,NA,0,NA,0,0,2,0,2
"1456.1","1245233",0.9995,1,40,1,40,0.540690411610445,40,0.540690411610445,40
"1457.1","1245242",0.9995,1,40,1,40,0.676583876965506,40,0.676583876965506,40
"1458.1","1245276",0.9995,0.95,40,0.944444444444444,36,0.164444155868729,40,0.133647784900987,40
"1459.1","1245307",0.9995,0.95,40,0.944444444444444,36,0.315003781047802,39,0.284239406533428,39
"1460.1","1245309",0.9995,0.975,40,0.973684210526316,38,0.735806231553225,40,0.696560163098091,40
"1461.1","1245343",0.9995,1,40,1,40,0.490696863765749,40,0.490696863765749,40
"1462.1","1245361",0.9995,0.975,40,0.973684210526316,38,0.359660299248874,40,0.347785299248874,40
"1463.1","1245374",0.9995,1,40,1,40,0.412769061188991,40,0.412769061188991,40
"1464.1","1245429",0.9995,1,22,1,22,0.0523151256423315,40,0.0523151256423315,40
"1465.1","1245513",0.9995,0.925,40,0.916666666666667,36,0.156276883853862,39,0.135194262771241,39
"1466.1","1246625",0.9995,0.923076923076923,39,0.909090909090909,33,0.236526151712816,40,0.208824366150319,40
"1467.1","1246632",0.9995,0.975,40,0.973684210526316,38,0.495134781511873,40,0.462198273575365,40
"1468.1","1246636",0.9995,0.925,40,0.971428571428571,35,0.318876404600357,39,0.298637570853459,39
"1469.1","1246785",0.9995,1,18,1,18,0.0688318429437763,40,0.0688318429437763,40
"1470.1","1246803",0.9995,1,40,1,40,0.46077724491797,40,0.46077724491797,40
"1471.1","1246814",0.9995,1,40,1,40,0.423234188452382,40,0.423234188452382,40
"1472.1","1246820",0.9995,0.954545454545455,22,0.95,20,0.0819263158161815,40,0.0794858396257054,40
"1473.1","1246896",0.9995,NA,0,NA,0,0,40,0,40
"1474.1","1248257",0.9995,1,32,1,32,0.0387218915784125,40,0.0387218915784125,40
"1475.1","1248258",0.9995,0.975,40,0.973684210526316,38,0.534494017201776,40,0.509854594124852,40
"1476.1","1248265",0.9995,1,40,1,40,0.395257515300374,40,0.395257515300374,40
"1477.1","1248267",0.9995,0.975,40,0.973684210526316,38,0.391430168697533,40,0.372055168697533,40
"1478.1","1248275",0.9995,0.975,40,0.973684210526316,38,0.64016699888403,40,0.611678626791006,40
"1479.1","1248285",0.9995,1,40,1,40,0.370321011448258,40,0.370321011448258,40
"1480.1","1248305",0.9995,0.975,40,0.973684210526316,38,0.363967760764757,40,0.345419373667983,40
"1481.1","1248306",0.9995,0.95,40,0.944444444444444,36,0.323320329964006,40,0.291578677445613,40
"1482.1","1248310",0.9995,0.939393939393939,33,0.931034482758621,29,0.11151618058174,40,0.0976484750114479,40
"1483.1","1248337",0.9995,0.975,40,0.974358974358974,39,0.834054116558742,40,0.813401942645698,40
"1484.1","1248373",0.9995,NA,0,NA,0,0,40,0,40
"1485.1","1249372",0.9995,0.95,40,0.944444444444444,36,0.402385550185642,40,0.363511676311768,40
"1486.1","1249391",0.9995,0.975,40,0.973684210526316,38,0.369482918680098,40,0.352393701735297,40
"1487.1","1249396",0.9995,0.975,40,0.973684210526316,38,0.410021490855269,40,0.387402443236221,40
"1488.1","1249406",0.9995,1,40,1,40,0.251978313994704,40,0.251978313994704,40
"1489.1","1249466",0.9995,1,40,1,40,0.274691482822867,40,0.274691482822867,40
"1490.1","1249580",0.9995,1,40,1,40,0.507501468170073,40,0.507501468170073,40
"1491.1","1249581",0.9995,1,40,1,40,0.484336154578619,40,0.484336154578619,40
"1492.1","1249601",0.9995,0.975,40,0.973684210526316,38,0.442085277666673,40,0.42375194433334,40
"1493.1","1249623",0.9995,0.975,40,0.973684210526316,38,0.481392882620132,40,0.458362579589829,40
"1494.1","1249631",0.9995,0.975,40,0.975,40,0.351331522730698,40,0.351331522730698,40
"1495.1","1249663",0.9995,0.925,40,0.911764705882353,34,0.147391701956639,40,0.128009206432839,40
"1496.1","1249669",0.9995,1,31,1,31,0.10802454063425,40,0.10802454063425,40
"1497.1","1249698",0.9995,1,39,1,39,0.176789291158927,40,0.176789291158927,40
"1498.1","1249723",0.9995,1,14,1,14,0.0139658265134101,40,0.0139658265134101,40
"1499.1","1249819",0.9995,NA,0,NA,0,0,36,0,36
"1500.1","1249821",0.9995,NA,0,NA,0,0,40,0,40
"1501.1","1249860",0.9995,1,40,1,40,0.300592046017335,40,0.300592046017335,40
"1502.1","1249885",0.9995,0.928571428571429,14,0.916666666666667,12,0.0326486749841826,40,0.0301053849408926,40
"1503.1","1249888",0.9995,0.975,40,0.973684210526316,38,0.263132385806297,39,0.252379697634254,39
"1504.1","1249889",0.9995,0.925,40,0.911764705882353,34,0.221635058918754,39,0.194391469175164,39
"1505.1","1249896",0.9995,1,40,1,40,0.172283214225757,40,0.172283214225757,40
"1506.1","1249933",0.9995,NA,0,NA,0,0,40,0,40
"1507.1","1249935",0.9995,0.95,40,0.972972972972973,37,0.299639190921974,40,0.28600282728561,40
"1508.1","1249975",0.9995,NA,0,NA,0,0,39,0,39
"1509.1","1249982",0.9995,1,40,1,40,0.408299433887353,40,0.408299433887353,40
"1510.1","1250044",0.9995,0.974358974358974,39,0.972972972972973,37,0.227103299260111,40,0.216127689504013,40
"1511.1","1250072",0.9995,0.95,40,0.944444444444444,36,0.339718926857906,40,0.306651699967149,40
"1512.1","1250073",0.9995,0.975,40,0.973684210526316,38,0.285465950547086,40,0.270192841303389,40
"1513.1","1250140",0.9995,NA,0,NA,0,0,10,0,10
"1514.1","1250169",0.9995,NA,0,NA,0,0,15,0,15
"1515.1","1250174",0.9995,1,40,1,40,0.557927169527278,40,0.557927169527278,40
"1516.1","1250176",0.9995,1,40,1,40,0.400211334750407,40,0.400211334750407,40
"1517.1","1250183",0.9995,0.975,40,0.973684210526316,38,0.309311354186626,40,0.29750579863107,40
"1518.1","1250188",0.9995,1,39,1,39,0.253764269506444,40,0.253764269506444,40
"1519.1","1250232",0.9995,0.95,40,0.945945945945946,37,0.384245500816448,40,0.365912167483114,40
"1520.1","1250237",0.9995,1,1,1,1,0.000735294117647059,40,0.000735294117647059,40
"1521.1","1250240",0.9995,0.975,40,0.973684210526316,38,0.505082264819107,40,0.480757940494783,40
"1522.1","1250243",0.9995,0.975,40,0.973684210526316,38,0.308629139393458,40,0.296764060028379,40
"1523.1","1250247",0.9995,1,40,1,40,0.375466608259291,40,0.375466608259291,40
"1524.1","1250249",0.9995,1,40,1,40,0.74757160301699,40,0.74757160301699,40
"1525.1","1250263",0.9995,0.95,40,0.944444444444444,36,0.700842840990852,40,0.625310926097235,40
"1526.1","1250273",0.9995,1,40,1,40,0.375102788218579,40,0.375102788218579,40
"1527.1","1250276",0.9995,1,40,1,40,0.555671797211065,40,0.555671797211065,40
"1528.1","1250277",0.9995,1,40,1,40,0.643125196083931,40,0.643125196083931,40
"1529.1","1250282",0.9995,1,40,1,40,0.32404386886244,40,0.32404386886244,40
"1530.1","1250437",0.9995,1,40,1,40,0.577139296359925,40,0.577139296359925,40
"1531.1","1250480",0.9995,0.9,40,0.90625,32,0.249729138274816,39,0.217198864884327,39
"1532.1","1250518",0.9995,1,40,1,40,0.465070485012617,40,0.465070485012617,40
"1533.1","1250520",0.9995,1,40,1,40,0.468620043082905,40,0.468620043082905,40
"1534.1","1250557",0.9995,0.914285714285714,35,0.896551724137931,29,0.100533016896507,38,0.070635945589207,38
"1535.1","1250583",0.9995,0.95,40,0.944444444444444,36,0.220730547846644,40,0.194736098262925,40
"1536.1","1250594",0.9995,1,40,1,40,0.284806531289442,40,0.284806531289442,40
"1537.1","1250601",0.9995,0.975,40,0.973684210526316,38,0.233470878104319,40,0.220704920657511,40
"1538.1","1250604",0.9995,0.975,40,0.973684210526316,38,0.215677142047462,39,0.202038298621384,39
"1539.1","1250605",0.9995,0.975,40,0.973684210526316,38,0.321294536484176,40,0.302989726123399,40
"1540.1","1250619",0.9995,0.975,40,0.973684210526316,38,0.316431544865865,40,0.299040240518039,40
"1541.1","1250620",0.9995,1,40,1,40,0.403926455326443,40,0.403926455326443,40
"1542.1","1250622",0.9995,0.975,40,0.973684210526316,38,0.137915101048365,39,0.126861707941318,39
"1543.1","1250656",0.9995,0.975,40,0.973684210526316,38,0.25246431416384,40,0.237570697142563,40
"1544.1","1252548",0.9995,NA,0,NA,0,0,39,0,39
"1545.1","1252552",0.9995,1,40,1,40,0.342796389381058,40,0.342796389381058,40
"1546.1","1252561",0.9995,1,40,1,40,0.440257176151592,40,0.440257176151592,40
"1547.1","1252570",0.9995,0.975,40,0.973684210526316,38,0.556078523874185,40,0.525264570385813,40
"1548.1","1252576",0.9995,0.925,40,0.941176470588235,34,0.392091498754299,39,0.326899191061992,39
"1549.1","1252579",0.9995,0.925,40,0.911764705882353,34,0.608264390430213,40,0.498730080676817,40
"1550.1","1252601",0.9995,0.935483870967742,31,0.925925925925926,27,0.13907083155078,38,0.110166104455263,38
"1551.1","1252608",0.9995,NA,0,NA,0,0,40,0,40
"1552.1","1252611",0.9995,1,40,1,40,0.372718963659524,40,0.372718963659524,40
"1553.1","1252622",0.9995,0.95,40,0.947368421052632,38,0.34795013872466,40,0.327811249835771,40
"1554.1","1252636",0.9995,1,40,1,40,0.458669464971401,40,0.458669464971401,40
"1555.1","1252642",0.9995,NA,0,NA,0,0,40,0,40
"1556.1","1252652",0.9995,1,12,1,12,0.0269384826263415,40,0.0269384826263415,40
"1557.1","1252654",0.9995,1,6,1,6,0.00587401639681951,40,0.00587401639681951,40
"1558.1","1252664",0.9995,NA,0,NA,0,0,6,0,6
"1559.1","1252698",0.9995,NA,0,NA,0,0,24,0,24
"1560.1","1252702",0.9995,NA,0,NA,0,0,22,0,22
"1561.1","1252751",0.9995,1,40,1,40,0.542134496343671,40,0.542134496343671,40
"1562.1","1252905",0.9995,0.942857142857143,35,0.935483870967742,31,0.136223666540265,38,0.115442547074935,38
"1563.1","1252918",0.9995,NA,0,NA,0,0,39,0,39
"1564.1","1252934",0.9995,0.975,40,0.973684210526316,38,0.465074725549402,40,0.432327269490197,40
"1565.1","1252937",0.9995,1,39,1,39,0.140505470324367,40,0.140505470324367,40
"1566.1","1252981",0.9995,1,40,1,40,0.190596229659243,40,0.190596229659243,40
"1567.1","1253",0.9995,0.975,40,0.973684210526316,38,0.176124383796749,40,0.165499383796749,40
"1568.1","1253029",0.9995,1,40,1,40,0.243859142414193,40,0.243859142414193,40
"1569.1","1253059",0.9995,0.948717948717949,39,0.942857142857143,35,0.235230197948132,40,0.207391782609716,40
"1570.1","1253090",0.9995,1,40,1,40,0.269599957132434,40,0.269599957132434,40
"1571.1","1253117",0.9995,0.975,40,0.973684210526316,38,0.123279994333986,39,0.111530116305039,39
"1572.1","1253135",0.9995,0.966666666666667,30,0.964285714285714,28,0.0961161195465716,39,0.088457111887564,39
"1573.1","1253143",0.9995,0.95,40,0.947368421052632,38,0.450617088640149,40,0.429523338640149,40
"1574.1","1253153",0.9995,0.972222222222222,36,0.970588235294118,34,0.115421751064404,40,0.111117721760375,40
"1575.1","1253187",0.9995,NA,0,NA,0,0,40,0,40
"1576.1","1253192",0.9995,1,15,1,15,0.0372892200641863,39,0.0372892200641863,39
"1577.1","1253253",0.9995,0.975,40,0.973684210526316,38,0.161245880192224,39,0.15774937669572,39
"1578.1","1253255",0.9995,1,40,1,40,0.232485400818858,40,0.232485400818858,40
"1579.1","1253279",0.9995,0.975,40,0.973684210526316,38,0.176280011943078,40,0.162741805963012,40
"1580.1","1253291",0.9995,1,35,1,35,0.108218417027097,40,0.108218417027097,40
"1581.1","1253294",0.9995,1,40,1,40,0.105974114347136,40,0.105974114347136,40
"1582.1","1253300",0.9995,0.975,40,0.973684210526316,38,0.233546591293653,40,0.222751136748199,40
"1583.1","1253302",0.9995,1,40,1,40,0.233744165459717,40,0.233744165459717,40
"1584.1","1253306",0.9995,0.975,40,0.973684210526316,38,0.170655144833699,40,0.166003982043001,40
"1585.1","1253308",0.9995,1,40,1,40,0.314323926801715,40,0.314323926801715,40
"1586.1","1253313",0.9995,1,40,1,40,0.283780730911998,40,0.283780730911998,40
"1587.1","1253327",0.9995,0.975,40,0.973684210526316,38,0.263431138800164,40,0.250362956981982,40
"1588.1","1253329",0.9995,1,40,1,40,0.252185827502073,40,0.252185827502073,40
"1589.1","1253333",0.9995,1,40,1,40,0.459634882565968,40,0.459634882565968,40
"1590.1","1253348",0.9995,0.975,40,0.973684210526316,38,0.37937739343145,39,0.363247654224787,39
"1591.1","1253353",0.9995,1,40,1,40,0.346835595400956,40,0.346835595400956,40
"1592.1","1253367",0.9995,0.95,40,0.944444444444444,36,0.283314998414562,40,0.252761018456158,40
"1593.1","1253370",0.9995,0.975,40,0.973684210526316,38,0.347996486363799,39,0.331435527942376,39
"1594.1","1253378",0.9995,0.95,40,0.944444444444444,36,0.196857279618796,39,0.184412062343525,39
"1595.1","1253385",0.9995,0.975,40,0.973684210526316,38,0.322313708234142,39,0.3068484043073,39
"1596.1","1253392",0.9995,0.975,40,0.973684210526316,38,0.219857627838989,40,0.212471264202625,40
"1597.1","1253399",0.9995,0.975,40,0.973684210526316,38,0.366318435460951,40,0.34764960429212,40
"1598.1","1253439",0.9995,NA,0,NA,0,0,35,0,35
"1599.1","1253444",0.9995,0.975,40,0.973684210526316,38,0.364806317003665,40,0.347117474314822,40
"1600.1","1253449",0.9995,1,13,1,13,0.0368644893125442,40,0.0368644893125442,40
"1601.1","1253468",0.9995,0.925,40,0.942857142857143,35,0.447739458830361,38,0.381673450701535,38
"1602.1","1253479",0.9995,0.9,40,0.914285714285714,35,0.44558614473067,40,0.399007769062221,40
"1603.1","1253484",0.9995,0.96,25,0.956521739130435,23,0.0712428153504591,39,0.0671295674872112,39
"1604.1","1253497",0.9995,0.975,40,0.973684210526316,38,0.609200118239014,40,0.575929300534588,40
"1605.1","1253557",0.9995,1,40,1,40,0.338815387692139,40,0.338815387692139,40
"1606.1","1253561",0.9995,1,31,1,31,0.110337276609884,40,0.110337276609884,40
"1607.1","1253568",0.9995,1,1,1,1,0.00239234449760766,38,0.00239234449760766,38
"1608.1","1253569",0.9995,1,40,1,40,0.579739019448322,40,0.579739019448322,40
"1609.1","1253574",0.9995,NA,0,NA,0,0,39,0,39
"1610.1","1253577",0.9995,NA,0,NA,0,0,40,0,40
"1611.1","1253601",0.9995,0.5,2,0,1,0.0138067061143984,39,0,39
"1612.1","1253604",0.9995,NA,0,NA,0,0,39,0,39
"1613.1","1254542",0.9995,1,40,1,40,0.768718490838056,40,0.768718490838056,40
"1614.1","1254562",0.9995,1,40,1,40,0.633924696366557,40,0.633924696366557,40
"1615.1","1254565",0.9995,1,40,1,40,0.323850419857285,40,0.323850419857285,40
"1616.1","1254576",0.9995,0.975,40,0.973684210526316,38,0.536684782608696,40,0.506962560386473,40
"1617.1","1254587",0.9995,0.975,40,0.973684210526316,38,0.463899222754321,39,0.452064903227694,39
"1618.1","1254589",0.9995,1,40,1,40,0.658043221297153,40,0.658043221297153,40
"1619.1","1254591",0.9995,1,40,1,40,0.383938413181403,40,0.383938413181403,40
"1620.1","1254988",0.9995,NA,0,NA,0,0,3,0,3
"1621.1","1254990",0.9995,1,40,1,40,0.213495997048548,40,0.213495997048548,40
"1622.1","1255003",0.9995,NA,0,NA,0,0,30,0,30
"1623.1","1255030",0.9995,1,40,1,40,0.448558305466521,40,0.448558305466521,40
"1624.1","1255043",0.9995,1,40,1,40,0.501684516315182,40,0.501684516315182,40
"1625.1","1255062",0.9995,0.857142857142857,35,0.964285714285714,28,0.346659328746314,33,0.304917802815065,33
"1626.1","1255088",0.9995,1,13,1,13,0.0203535238583082,40,0.0203535238583082,40
"1627.1","1255089",0.9995,NA,0,NA,0,0,38,0,38
"1628.1","1255095",0.9995,NA,0,NA,0,0,40,0,40
"1629.1","1255115",0.9995,NA,0,NA,0,0,3,0,3
"1630.1","1255120",0.9995,1,40,1,40,0.522934207214858,40,0.522934207214858,40
"1631.1","1255124",0.9995,NA,0,NA,0,0,40,0,40
"1632.1","1255431",0.9995,0.95,40,0.944444444444444,36,0.295449543513403,40,0.268240241187822,40
"1633.1","1255584",0.9995,1,4,1,4,0.0078556166056166,40,0.0078556166056166,40
"1634.1","1255585",0.9995,1,1,1,1,0.00078125,40,0.00078125,40
"1635.1","1255592",0.9995,NA,0,NA,0,0,40,0,40
"1636.1","1255623",0.9995,1,40,1,40,0.396817006454213,40,0.396817006454213,40
"1637.1","1255666",0.9995,0.95,40,0.973684210526316,38,0.439071172855361,40,0.424227422855361,40
"1638.1","1255674",0.9995,1,36,1,36,0.191754323355523,40,0.191754323355523,40
"1639.1","1256843",0.9995,NA,0,NA,0,0,38,0,38
"1640.1","1257419",0.9995,0.95,40,0.944444444444444,36,0.348055652816682,40,0.306369728446934,40
"1641.1","1257450",0.9995,0.975,40,0.973684210526316,38,0.534504227416144,40,0.50849071390263,40
"1642.1","1258410",0.9995,0.95,40,0.944444444444444,36,0.393387281289045,40,0.348058474363049,40
"1643.1","1258447",0.9995,0.975,40,0.973684210526316,38,0.123470046014805,39,0.115311537856296,39
"1644.1","1258456",0.9995,1,40,1,40,0.233417678747428,40,0.233417678747428,40
"1645.1","1258461",0.9995,0.95,40,0.944444444444444,36,0.285526601539791,40,0.263347114360304,40
"1646.1","1258464",0.9995,1,40,1,40,0.45871443837644,40,0.45871443837644,40
"1647.1","1258468",0.9995,1,40,1,40,0.597800710822549,40,0.597800710822549,40
"1648.1","1258486",0.9995,1,40,1,40,0.587178715916525,40,0.587178715916525,40
"1649.1","1258632",0.9995,1,40,1,40,0.382544790432744,40,0.382544790432744,40
"1650.1","1258635",0.9995,0.975,40,0.973684210526316,38,0.761518339685812,40,0.721715708106865,40
"1651.1","1258638",0.9995,1,40,1,40,0.640625629963407,40,0.640625629963407,40
"1652.1","1258639",0.9995,1,40,1,40,0.137984040515866,40,0.137984040515866,40
"1653.1","1258640",0.9995,1,40,1,40,0.277518094251309,40,0.277518094251309,40
"1654.1","1258652",0.9995,0.9,40,0.875,32,0.181929246548264,39,0.126047628166646,39
"1655.1","1258655",0.9995,0.95,40,0.944444444444444,36,0.347400994661985,40,0.305496232757223,40
"1656.1","1258667",0.9995,0.95,40,0.944444444444444,36,0.428348616038244,40,0.380696305113875,40
"1657.1","1258682",0.9995,0.975,40,0.973684210526316,38,0.523515519159008,40,0.492002756396245,40
"1658.1","1258708",0.9995,0.95,40,0.944444444444444,36,0.306325044802867,40,0.270411219045292,40
"1659.1","1258716",0.9995,0.95,40,0.944444444444444,36,0.320909459087058,40,0.28811534144,40
"1660.1","1258742",0.9995,0.925,40,0.911764705882353,34,0.256306646737681,40,0.209814130633096,40
"1661.1","1258992",0.9995,1,40,1,40,0.663710836131165,40,0.663710836131165,40
"1662.1","1260022",0.9995,1,14,1,14,0.0369824777115902,40,0.0369824777115902,40
"1663.1","1260077",0.9995,0.975,40,0.973684210526316,38,0.149548756456133,40,0.14107174496188,40
"1664.1","1260272",0.9995,1,40,1,40,0.870386216466235,40,0.870386216466235,40
"1665.1","1261701",0.9995,1,40,1,40,0.546326144336559,40,0.546326144336559,40
"1666.1","1261741",0.9995,1,27,1,27,0.0707367632367632,40,0.0707367632367632,40
"1667.1","1261779",0.9995,1,26,1,26,0.0731005991830295,40,0.0731005991830295,40
"1668.1","1261786",0.9995,0.9,40,0.875,32,0.214595693941209,37,0.152919082264597,37
"1669.1","1261791",0.9995,0.95,40,0.944444444444444,36,0.169581140922709,40,0.133432992774561,40
"1670.1","1261794",0.9995,0.909090909090909,11,0.9,10,0.0207872900221875,40,0.0160997900221875,40
"1671.1","1261796",0.9995,0.714285714285714,7,0.333333333333333,3,0.0642677649029736,38,0.000907441016333938,38
"1672.1","1261828",0.9995,1,19,1,19,0.0738392464506459,40,0.0738392464506459,40
"1673.1","1261851",0.9995,0.948717948717949,39,0.942857142857143,35,0.271573967316464,40,0.210472595365244,40
"1674.1","1261887",0.9995,0.975,40,0.973684210526316,38,0.429453839867184,40,0.402367832165001,40
"1675.1","1261895",0.9995,0.925,40,0.971428571428571,35,0.495172098456549,40,0.463304319252441,40
"1676.1","1261896",0.9995,0.975,40,0.973684210526316,38,0.488223531009419,40,0.458751986293972,40
"1677.1","1270483",0.9995,0.95,40,0.944444444444444,36,0.430926919518964,40,0.3851822386679,40
"1678.1","1270486",0.9995,1,40,1,40,0.593605457909343,40,0.593605457909343,40
"1679.1","1270489",0.9995,1,40,1,40,0.243281515389998,40,0.243281515389998,40
"1680.1","1270500",0.9995,1,40,1,40,0.280811376075685,40,0.280811376075685,40
"1681.1","1270501",0.9995,0.975,40,0.973684210526316,38,0.46591042244835,40,0.442240209682393,40
"1682.1","1270511",0.9995,0.95,40,0.944444444444444,36,0.370155655065461,40,0.330967403446589,40
"1683.1","1272147",0.9995,NA,0,NA,0,0,40,0,40
"1684.1","1272173",0.9995,1,40,1,40,0.52103964877496,40,0.52103964877496,40
"1685.1","1272177",0.9995,1,40,1,40,0.36249156425145,40,0.36249156425145,40
"1686.1","1273417",0.9995,0.95,40,0.944444444444444,36,0.378535413945637,40,0.338655456280753,40
"1687.1","1273421",0.9995,0.975,40,0.973684210526316,38,0.400272015717445,40,0.376742603952739,40
"1688.1","1273424",0.9995,0.967741935483871,31,0.96551724137931,29,0.104520729291308,39,0.102892317380638,39
"1689.1","1273433",0.9995,0.975,40,0.973684210526316,38,0.306524988228617,40,0.290118738228617,40
"1690.1","1273443",0.9995,0.897435897435897,39,0.875,32,0.221457165995542,39,0.180991501391946,39
"1691.1","1273483",0.9995,0.975,40,0.973684210526316,38,0.539906076493708,40,0.513031076493708,40
"1692.1","1273494",0.9995,NA,0,NA,0,0,39,0,39
"1693.1","1273495",0.9995,1,1,1,1,0.000777000777000777,39,0.000777000777000777,39
"1694.1","1273503",0.9995,0.95,40,0.944444444444444,36,0.458092843247661,40,0.406907917062735,40
"1695.1","1273510",0.9995,0.947368421052632,38,0.941176470588235,34,0.14574634292981,38,0.121825965062064,38
"1696.1","1273516",0.9995,1,40,1,40,0.373412229714103,40,0.373412229714103,40
"1697.1","1273533",0.9995,0.923076923076923,39,0.941176470588235,34,0.419591692158896,39,0.386015389429368,39
"1698.1","1273538",0.9995,0.95,40,0.945945945945946,37,0.213001748072086,39,0.184924676092575,39
"1699.1","1273540",0.9995,0.925,40,0.941176470588235,34,0.32500769372815,40,0.277422685102403,40
"1700.1","1273549",0.9995,0.95,40,0.944444444444444,36,0.518112738995889,40,0.462165014956059,40
"1701.1","1274868",0.9995,0.933333333333333,30,0.923076923076923,26,0.131092111470031,39,0.0876321838637621,39
"1702.1","1274905",0.9995,0.95,40,0.944444444444444,36,0.383695246725412,40,0.338695246725412,40
"1703.1","1276512",0.9995,1,8,1,8,0.0188296147978642,40,0.0188296147978642,40
"1704.1","1276526",0.9995,0.95,40,0.944444444444444,36,0.492221583957506,40,0.437434349914953,40
"1705.1","1276531",0.9995,0.95,40,0.944444444444444,36,0.613606617877718,40,0.547072801452597,40
"1706.1","1276532",0.9995,NA,0,NA,0,0,40,0,40
"1707.1","1276547",0.9995,1,38,1,38,0.109559039749131,40,0.109559039749131,40
"1708.1","1276580",0.9995,1,12,1,12,0.0178435338531765,39,0.0178435338531765,39
"1709.1","1276589",0.9995,0.9,40,0.875,32,0.234916780128474,40,0.164373625366569,40
"1710.1","1276846",0.9995,1,40,1,40,0.114269382949424,40,0.114269382949424,40
"1711.1","1277085",0.9995,0.964285714285714,28,0.961538461538462,26,0.0796357057672692,39,0.0771341422900959,39
"1712.1","1277092",0.9995,1,40,1,40,0.380604068624264,40,0.380604068624264,40
"1713.1","1277093",0.9995,1,40,1,40,0.264804041930951,40,0.264804041930951,40
"1714.1","1277117",0.9995,0.95,40,0.944444444444444,36,0.262112826026352,40,0.2248164245112,40
"1715.1","1277118",0.9995,0.975,40,0.973684210526316,38,0.180926880155764,39,0.175506442750032,39
"1716.1","1277132",0.9995,0.975,40,0.973684210526316,38,0.425409859365672,40,0.407686366642179,40
"1717.1","1277136",0.9995,1,38,1,38,0.0986089872850585,40,0.0986089872850585,40
"1718.1","1277181",0.9995,1,25,1,25,0.0670434191010554,40,0.0670434191010554,40
"1719.1","1277184",0.9995,1,40,1,40,0.245587142749044,40,0.245587142749044,40
"1720.1","1277214",0.9995,0.947368421052632,38,0.941176470588235,34,0.179463452445856,39,0.156930429912833,39
"1721.1","1278493",0.9995,NA,0,NA,0,0,35,0,35
"1722.1","1279313",0.9995,1,40,1,40,0.444114988292897,40,0.444114988292897,40
"1723.1","1282110",0.9995,NA,0,NA,0,0,39,0,39
"1724.1","1282133",0.9995,NA,0,NA,0,0,36,0,36
"1725.1","1284",0.9995,0.95,40,0.944444444444444,36,0.188957254460746,39,0.155150370653862,39
"1726.1","1285646",0.9995,1,26,1,26,0.0575041710366222,40,0.0575041710366222,40
"1727.1","1285709",0.9995,1,40,1,40,0.387859989062468,40,0.387859989062468,40
"1728.1","1286227",0.9995,1,40,1,40,0.474188883451643,40,0.474188883451643,40
"1729.1","1286768",0.9995,NA,0,NA,0,0,40,0,40
"1730.1","1288",0.9995,1,40,1,40,0.279853397186636,40,0.279853397186636,40
"1731.1","1288454",0.9995,1,1,1,1,0.00509337860780985,38,0.00509337860780985,38
"1732.1","1288911",0.9995,NA,0,NA,0,0,35,0,35
"1733.1","1289083",0.9995,0.95,40,0.944444444444444,36,0.433153427967929,40,0.384708475662682,40
"1734.1","1289990",0.9995,1,40,1,40,0.120058561531178,40,0.120058561531178,40
"1735.1","1290866",0.9995,1,1,1,1,0.00124223602484472,35,0.00124223602484472,35
"1736.1","1291246",0.9995,NA,0,NA,0,0,40,0,40
"1737.1","1292217",0.9995,NA,0,NA,0,0,32,0,32
"1738.1","1292839",0.9995,1,40,1,40,0.233525536963037,40,0.233525536963037,40
"1739.1","1292876",0.9995,NA,0,NA,0,0,34,0,34
"1740.1","1294",0.9995,1,10,1,10,0.0414131664371434,40,0.0414131664371434,40
"1741.1","1295291",0.9995,0.973684210526316,38,0.972222222222222,36,0.0898573494823495,40,0.0808097304347304,40
"1742.1","1296047",0.9995,NA,0,NA,0,0,36,0,36
"1743.1","1296206",0.9995,NA,0,NA,0,0,38,0,38
"1744.1","1296657",0.9995,0.975,40,0.973684210526316,38,0.295963691824504,40,0.275159496020308,40
"1745.1","1296879",0.9995,NA,0,NA,0,0,36,0,36
"1746.1","1297",0.9995,0.96875,32,0.966666666666667,30,0.0878202399380805,40,0.0815702399380805,40
"1747.1","1298",0.9995,0.975,40,0.973684210526316,38,0.257446841135174,40,0.245285594522708,40
"1748.1","1298804",0.9995,NA,0,NA,0,0,40,0,40
"1749.1","1298805",0.9995,NA,0,NA,0,0,40,0,40
"1750.1","1299211",0.9995,NA,0,NA,0,0,36,0,36
"1751.1","1299851",0.9995,NA,0,NA,0,0,37,0,37
"1752.1","1299861",0.9995,1,1,1,1,0.00202839756592292,34,0.00202839756592292,34
"1753.1","1300442",0.9995,1,40,1,40,0.312830918000649,40,0.312830918000649,40
"1754.1","1301034",0.9995,0.975,40,0.973684210526316,38,0.309500960816805,40,0.29394540526125,40
"1755.1","1301151",0.9995,1,40,1,40,0.220554973633284,40,0.220554973633284,40
"1756.1","1301506",0.9995,1,40,1,40,0.138558543196592,40,0.138558543196592,40
"1757.1","1301508",0.9995,1,40,1,40,0.881139932762273,40,0.881139932762273,40
"1758.1","1301745",0.9995,1,40,1,40,0.471087841538578,40,0.471087841538578,40
"1759.1","1302042",0.9995,0.975,40,0.973684210526316,38,0.187848088494917,39,0.164826906778083,39
"1760.1","1302826",0.9995,NA,0,NA,0,0,35,0,35
"1761.1","1302943",0.9995,NA,0,NA,0,0,35,0,35
"1762.1","1303132",0.9995,0.975,40,0.973684210526316,38,0.416636197773906,40,0.385202374244494,40
"1763.1","1303600",0.9995,NA,0,NA,0,0,35,0,35
"1764.1","1304219",0.9995,1,1,1,1,0.000884173297966401,39,0.000884173297966401,39
"1765.1","1304919",0.9995,NA,0,NA,0,0,36,0,36
"1766.1","1304923",0.9995,NA,0,NA,0,0,36,0,36
"1767.1","1305993",0.9995,NA,0,NA,0,0,40,0,40
"1768.1","1306056",0.9995,1,40,1,40,0.332739527121984,40,0.332739527121984,40
"1769.1","1307578",0.9995,1,40,1,40,0.350518852904348,40,0.350518852904348,40
"1770.1","1308093",0.9995,NA,0,NA,0,0,35,0,35
"1771.1","1308695",0.9995,1,12,1,12,0.0200045813841753,40,0.0200045813841753,40
"1772.1","1309",0.9995,0.958333333333333,24,0.956521739130435,23,0.0253833489437914,39,0.0247423233027658,39
"1773.1","1311403",0.9995,NA,0,NA,0,0,39,0,39
"1774.1","1311708",0.9995,1,1,1,1,0.00757575757575758,36,0.00757575757575758,36
"1775.1","1313314",0.9995,NA,0,NA,0,0,36,0,36
"1776.1","1313777",0.9995,1,40,1,40,0.804348380593063,40,0.804348380593063,40
"1777.1","1313822",0.9995,1,40,1,40,0.922708397574263,40,0.922708397574263,40
"1778.1","1314378",0.9995,0.975,40,0.973684210526316,38,0.153945252499579,39,0.14702080439866,39
"1779.1","1314384",0.9995,1,17,1,17,0.0355655159542355,40,0.0355655159542355,40
"1780.1","1314385",0.9995,0.975,40,0.973684210526316,38,0.496280875822206,40,0.468423732965064,40
"1781.1","1330545",0.9995,1,40,1,40,0.39104099222429,40,0.39104099222429,40
"1782.1","1330570",0.9995,0.95,40,0.944444444444444,36,0.356072130561791,40,0.315120380826903,40
"1783.1","1330620",0.9995,0.975,40,0.973684210526316,38,0.435909315171563,40,0.414484194398616,40
"1784.1","1330627",0.9995,NA,0,NA,0,0,40,0,40
"1785.1","1330635",0.9995,NA,0,NA,0,0,40,0,40
"1786.1","1330642",0.9995,NA,0,NA,0,0,39,0,39
"1787.1","1330659",0.9995,NA,0,NA,0,0,40,0,40
"1788.1","1330740",0.9995,NA,0,NA,0,0,40,0,40
"1789.1","1330757",0.9995,NA,0,NA,0,0,40,0,40
"1790.1","1330764",0.9995,NA,0,NA,0,0,40,0,40
"1791.1","1330798",0.9995,0.9,40,0.875,32,0.259356962678862,39,0.189506061945608,39
"1792.1","1330802",0.9995,0.842105263157895,19,0.9375,16,0.0776708129568541,35,0.0761670535583579,35
"1793.1","1330803",0.9995,0.945945945945946,37,0.939393939393939,33,0.183237484782311,39,0.145630647175473,39
"1794.1","1330840",0.9995,0.941176470588235,17,0.933333333333333,15,0.0326965788052453,40,0.0297511765063947,40
"1795.1","1330850",0.9995,0.925,40,0.942857142857143,35,0.141548498428529,40,0.114545697308081,40
"1796.1","1330860",0.9995,0.95,40,0.944444444444444,36,0.233921359928537,39,0.201816210176329,39
"1797.1","1330866",0.9995,1,18,1,18,0.0335141922685395,40,0.0335141922685395,40
"1798.1","1330906",0.9995,NA,0,NA,0,0,36,0,36
"1799.1","1330932",0.9995,0.9,40,0.90625,32,0.362613981425326,40,0.287232883864351,40
"1800.1","1330949",0.9995,0.935483870967742,31,0.925925925925926,27,0.088865323744356,39,0.0720384006674329,39
"1801.1","1331212",0.9995,1,27,1,27,0.0898016949628462,40,0.0898016949628462,40
"1802.1","1331429",0.9995,0.925,40,0.942857142857143,35,0.320166140922395,40,0.280030917722656,40
"1803.1","1331446",0.9995,0.95,40,0.944444444444444,36,0.0952039675723886,38,0.0881550953919375,38
"1804.1","1331584",0.9995,0.925,40,0.941176470588235,34,0.438887756979862,39,0.366570289501104,39
"1805.1","1331634",0.9995,1,22,1,22,0.0551044338859468,40,0.0551044338859468,40
"1806.1","1335679",0.9995,1,40,1,40,0.544266675671858,40,0.544266675671858,40
"1807.1","1335703",0.9995,1,40,1,40,0.538182784113618,40,0.538182784113618,40
"1808.1","1335708",0.9995,1,40,1,40,0.577772139189346,40,0.577772139189346,40
"1809.1","1335709",0.9995,1,40,1,40,0.533380116787956,40,0.533380116787956,40
"1810.1","1335715",0.9995,NA,0,NA,0,0,40,0,40
"1811.1","1335717",0.9995,NA,0,NA,0,0,40,0,40
"1812.1","1335722",0.9995,NA,0,NA,0,0,40,0,40
"1813.1","1335745",0.9995,NA,0,NA,0,0,40,0,40
"1814.1","1335759",0.9995,NA,0,NA,0,0,40,0,40
"1815.1","1335842",0.9995,1,10,1,10,0.0267079772079772,40,0.0267079772079772,40
"1816.1","1335849",0.9995,1,40,1,40,0.577907279314888,40,0.577907279314888,40
"1817.1","1335850",0.9995,1,40,1,40,0.414909745541851,40,0.414909745541851,40
"1818.1","1335854",0.9995,1,40,1,40,0.710131330511765,40,0.710131330511765,40
"1819.1","1335859",0.9995,1,40,1,40,0.924012488436633,40,0.924012488436633,40
"1820.1","1335889",0.9995,0.888888888888889,27,0.857142857142857,21,0.143921621001893,38,0.123636533282595,38
"1821.1","1335900",0.9995,1,40,1,40,0.264877700480523,40,0.264877700480523,40
"1822.1","1335943",0.9995,0.925,40,0.911764705882353,34,0.23643145823778,40,0.199989925979715,40
"1823.1","1335951",0.9995,1,40,1,40,0.186236653902299,40,0.186236653902299,40
"1824.1","1336216",0.9995,1,40,1,40,0.447854169139707,40,0.447854169139707,40
"1825.1","1336362",0.9995,1,40,1,40,0.540658426429981,40,0.540658426429981,40
"1826.1","1336363",0.9995,1,40,1,40,0.609347693571318,40,0.609347693571318,40
"1827.1","1338223",0.9995,0.975,40,0.973684210526316,38,0.374408774747975,40,0.356551631890832,40
"1828.1","1338224",0.9995,0.95,40,0.944444444444444,36,0.320688317125815,39,0.295994261181759,39
"1829.1","1338235",0.9995,0.95,40,0.947368421052632,38,0.152249085777352,39,0.143702077230344,39
"1830.1","1338237",0.9995,0.95,40,0.944444444444444,36,0.417655825770747,40,0.367009658212815,40
"1831.1","1338252",0.9995,1,40,1,40,0.558347253274992,40,0.558347253274992,40
"1832.1","1338275",0.9995,0.923076923076923,39,0.944444444444444,36,0.139914376260117,39,0.129290927128603,39
"1833.1","1338284",0.9995,1,18,1,18,0.0350384634735916,40,0.0350384634735916,40
"1834.1","1338285",0.9995,0.9375,32,0.928571428571429,28,0.154983435995879,39,0.145563444222946,39
"1835.1","1338288",0.9995,1,40,1,40,0.361977984343196,40,0.361977984343196,40
"1836.1","1338291",0.9995,0.9,40,0.909090909090909,33,0.311765015971697,40,0.257347501165188,40
"1837.1","1338327",0.9995,NA,0,NA,0,0,39,0,39
"1838.1","1338340",0.9995,1,40,1,40,0.276532530829933,40,0.276532530829933,40
"1839.1","1338350",0.9995,NA,0,NA,0,0,36,0,36
"1840.1","1338376",0.9995,1,7,1,7,0.0114578558696206,40,0.0114578558696206,40
"1841.1","1338378",0.9995,1,8,1,8,0.0275411080854629,40,0.0275411080854629,40
"1842.1","1338404",0.9995,1,40,1,40,0.347821799416928,40,0.347821799416928,40
"1843.1","1338405",0.9995,0.925,40,0.911764705882353,34,0.222376636709335,40,0.170896837531599,40
"1844.1","1338407",0.9995,0.9375,16,0.928571428571429,14,0.0526966493342205,40,0.046079002275397,40
"1845.1","1338409",0.9995,0.975,40,0.973684210526316,38,0.339326572550993,40,0.313289987185139,40
"1846.1","1338413",0.9995,0.916666666666667,24,0.909090909090909,22,0.0985292375178912,40,0.0898691067989369,40
"1847.1","1338421",0.9995,0.975,40,0.973684210526316,38,0.542781208583071,40,0.519132559934422,40
"1848.1","1338477",0.9995,NA,0,NA,0,0,40,0,40
"1849.1","1338482",0.9995,1,39,1,39,0.186611571485407,40,0.186611571485407,40
"1850.1","1338495",0.9995,0.948717948717949,39,0.971428571428571,35,0.182548758940655,40,0.17179191309887,40
"1851.1","1338497",0.9995,0.928571428571429,28,0.923076923076923,26,0.075486249407818,39,0.0710870538321519,39
"1852.1","1338513",0.9995,0.933333333333333,15,0.933333333333333,15,0.0415765465541938,40,0.0415765465541938,40
"1853.1","1338517",0.9995,1,40,1,40,0.356668617268249,40,0.356668617268249,40
"1854.1","1338518",0.9995,0.964285714285714,28,0.961538461538462,26,0.0960179480194177,39,0.0900278596763882,39
"1855.1","1338549",0.9995,0.942857142857143,35,0.935483870967742,31,0.113481473356375,38,0.106639854176285,38
"1856.1","1338558",0.9995,0.958333333333333,24,0.954545454545455,22,0.0676672107325039,40,0.0610705720770417,40
"1857.1","1338601",0.9995,0.9,40,0.909090909090909,33,0.412283436589262,40,0.327707795117069,40
"1858.1","1338615",0.9995,1,40,1,40,0.133320169704074,40,0.133320169704074,40
"1859.1","1338625",0.9995,0.975,40,0.973684210526316,38,0.332720604223154,40,0.318089922404972,40
"1860.1","1338642",0.9995,0.95,40,0.944444444444444,36,0.309127079832533,40,0.258658676284861,40
"1861.1","1338655",0.9995,0.975,40,0.973684210526316,38,0.155194397384253,40,0.142524714126335,40
"1862.1","1338657",0.9995,0.975,40,0.973684210526316,38,0.284852479793633,39,0.270429402870556,39
"1863.1","1338670",0.9995,0.975,40,0.973684210526316,38,0.391638235527633,40,0.371638235527633,40
"1864.1","1338692",0.9995,0.925,40,0.942857142857143,35,0.447322021754844,40,0.398842206995959,40
"1865.1","1344894",0.9995,1,40,1,40,0.582234428813662,40,0.582234428813662,40
"1866.1","1344897",0.9995,NA,0,NA,0,0,16,0,16
"1867.1","1344904",0.9995,0.909090909090909,22,0.888888888888889,18,0.0347239131022915,37,0.0230365500635771,37
"1868.1","1344952",0.9995,1,16,1,16,0.0175486948430054,39,0.0175486948430054,39
"1869.1","1344955",0.9995,0.925,40,0.911764705882353,34,0.423297987501698,40,0.352500896487873,40
"1870.1","1344977",0.9995,0.925,40,0.911764705882353,34,0.220269177640197,39,0.18423974956405,39
"1871.1","1349312",0.9995,1,40,1,40,0.353341806330912,40,0.353341806330912,40
"1872.1","1349327",0.9995,1,4,1,4,0.0145411669165417,40,0.0145411669165417,40
"1873.1","1349332",0.9995,1,40,1,40,0.338996441261236,40,0.338996441261236,40
"1874.1","1349378",0.9995,1,40,1,40,0.999468085106383,40,0.999468085106383,40
"1875.1","1349388",0.9995,1,40,1,40,0.98936170212766,40,0.98936170212766,40
"1876.1","1349421",0.9995,0.925,40,0.941176470588235,34,0.447368524521117,40,0.379188801018813,40
"1877.1","1349424",0.9995,1,40,1,40,0.125153202837643,40,0.125153202837643,40
"1878.1","1350",0.9995,NA,0,NA,0,0,35,0,35
"1879.1","1360",0.9995,NA,0,NA,0,0,40,0,40
"1880.1","1372",0.9995,0.925,40,0.911764705882353,34,0.174457058683814,40,0.145290392017147,40
"1881.1","1375",0.9995,0.975,40,0.973684210526316,38,0.196142597944754,40,0.183865812230469,40
"1882.1","1386",0.9995,1,40,1,40,0.332185287807844,40,0.332185287807844,40
"1883.1","1388649",0.9995,0.95,40,0.944444444444444,36,0.384544272478644,40,0.342318466027031,40
"1884.1","1388697",0.9995,0.975,40,0.973684210526316,38,0.333054322910795,40,0.318538193878537,40
"1885.1","1388721",0.9995,0.925,40,0.911764705882353,34,0.427265134393889,40,0.361189600732148,40
"1886.1","1388753",0.9995,1,40,1,40,0.200698654155709,40,0.200698654155709,40
"1887.1","1388755",0.9995,0.96,25,0.958333333333333,24,0.104595543796686,39,0.103818543019685,39
"1888.1","1388766",0.9995,0.95,40,0.944444444444444,36,0.308411240808167,40,0.28020311272935,40
"1889.1","1388790",0.9995,1,1,1,1,0.00195503421309873,33,0.00195503421309873,33
"1890.1","1388794",0.9995,0.975,40,0.973684210526316,38,0.691633565067885,40,0.655220521589624,40
"1891.1","1388797",0.9995,0.975,40,0.973684210526316,38,0.403489434020273,40,0.381206825324621,40
"1892.1","1388799",0.9995,1,40,1,40,0.293874346299878,40,0.293874346299878,40
"1893.1","1388803",0.9995,0.972222222222222,36,0.971428571428571,35,0.158993738280694,39,0.156969446782718,39
"1894.1","1389176",0.9995,0.925,40,0.942857142857143,35,0.16275271879186,40,0.141690350927166,40
"1895.1","1390411",0.9995,NA,0,NA,0,0,37,0,37
"1896.1","1390887",0.9995,1,40,1,40,0.280454408484166,40,0.280454408484166,40
"1897.1","1390888",0.9995,1,40,1,40,0.37820654602458,40,0.37820654602458,40
"1898.1","1390889",0.9995,1,40,1,40,0.347628142678499,40,0.347628142678499,40
"1899.1","1390905",0.9995,1,23,1,23,0.0459142372421816,40,0.0459142372421816,40
"1900.1","1390908",0.9995,1,26,1,26,0.0450989701842445,40,0.0450989701842445,40
"1901.1","1390910",0.9995,1,40,1,40,0.257997635866032,40,0.257997635866032,40
"1902.1","1390919",0.9995,1,40,1,40,0.120185015393495,40,0.120185015393495,40
"1903.1","1390932",0.9995,1,15,1,15,0.0338576969625357,39,0.0338576969625357,39
"1904.1","1390952",0.9995,1,40,1,40,0.245838657695885,40,0.245838657695885,40
"1905.1","1390953",0.9995,1,40,1,40,0.404992930185685,40,0.404992930185685,40
"1906.1","1390972",0.9995,1,40,1,40,0.545321975537054,40,0.545321975537054,40
"1907.1","1391920",0.9995,1,5,1,5,0.0258928571428571,40,0.0258928571428571,40
"1908.1","1391974",0.9995,0.975,40,0.973684210526316,38,0.43112686334359,40,0.412047915975169,40
"1909.1","1392007",0.9995,1,40,1,40,0.678468908884373,40,0.678468908884373,40
"1910.1","1392031",0.9995,1,40,1,40,0.680236301453688,40,0.680236301453688,40
"1911.1","1392069",0.9995,0.925,40,0.911764705882353,34,0.430642417722088,39,0.353267869193694,39
"1912.1","1392109",0.9995,1,9,1,9,0.00669450908128999,38,0.00669450908128999,38
"1913.1","1392116",0.9995,0.975,40,0.973684210526316,38,0.63774544300781,40,0.605913459202142,40
"1914.1","1392139",0.9995,0.975,40,0.973684210526316,38,0.411037863243222,40,0.385689431187473,40
"1915.1","1392246",0.9995,0.975,40,0.973684210526316,38,0.205829541470998,40,0.19411417350563,40
"1916.1","1392330",0.9995,0.975,40,0.973684210526316,38,0.394608883215295,40,0.373877175898222,40
"1917.1","1392395",0.9995,1,40,1,40,0.438433501115465,40,0.438433501115465,40
"1918.1","1392396",0.9995,1,40,1,40,0.331592616936207,40,0.331592616936207,40
"1919.1","1392399",0.9995,1,40,1,40,0.2664238444733,40,0.2664238444733,40
"1920.1","1392482",0.9995,NA,0,NA,0,0,39,0,39
"1921.1","1392501",0.9995,1,40,1,40,0.491271216065222,40,0.491271216065222,40
"1922.1","1393273",0.9995,0.95,40,0.944444444444444,36,0.281471961268174,40,0.260622602293815,40
"1923.1","1393288",0.9995,1,40,1,40,0.423516443214857,40,0.423516443214857,40
"1924.1","1396454",0.9995,1,1,1,1,0.00357142857142857,40,0.00357142857142857,40
"1925.1","1396455",0.9995,NA,0,NA,0,0,39,0,39
"1926.1","1396463",0.9995,1,30,1,30,0.178298472670541,40,0.178298472670541,40
"1927.1","1396470",0.9995,NA,0,NA,0,0,40,0,40
"1928.1","1396480",0.9995,NA,0,NA,0,0,40,0,40
"1929.1","1396495",0.9995,0,1,0,1,0,39,0,39
"1930.1","1396505",0.9995,0.975,40,0.973684210526316,38,0.446925266138736,40,0.420872152585622,40
"1931.1","1396509",0.9995,1,2,1,2,0.00150960150960151,39,0.00150960150960151,39
"1932.1","1396513",0.9995,1,1,1,1,0.00234375,40,0.00234375,40
"1933.1","1396517",0.9995,NA,0,NA,0,0,32,0,32
"1934.1","1396520",0.9995,1,2,1,2,0.00564102564102564,40,0.00564102564102564,40
"1935.1","1396566",0.9995,NA,0,NA,0,0,37,0,37
"1936.1","1396572",0.9995,NA,0,NA,0,0,37,0,37
"1937.1","1396586",0.9995,NA,0,NA,0,0,39,0,39
"1938.1","1396606",0.9995,NA,0,NA,0,0,38,0,38
"1939.1","1396608",0.9995,1,8,1,8,0.0149018409905507,40,0.0149018409905507,40
"1940.1","1396609",0.9995,NA,0,NA,0,0,34,0,34
"1941.1","1396647",0.9995,1,17,1,17,0.061693894413583,39,0.061693894413583,39
"1942.1","1396655",0.9995,1,9,1,9,0.0260887600505308,38,0.0260887600505308,38
"1943.1","1396659",0.9995,0.975,40,0.973684210526316,38,0.346671889967136,40,0.327008428428675,40
"1944.1","1396678",0.9995,NA,0,NA,0,0,39,0,39
"1945.1","1396688",0.9995,NA,0,NA,0,0,31,0,31
"1946.1","1396703",0.9995,NA,0,NA,0,0,38,0,38
"1947.1","1396737",0.9995,0.95,40,0.947368421052632,38,0.291263119169208,40,0.273346452502542,40
"1948.1","1396740",0.9995,NA,0,NA,0,0,38,0,38
"1949.1","1396743",0.9995,1,37,1,37,0.124193394485025,40,0.124193394485025,40
"1950.1","1396744",0.9995,NA,0,NA,0,0,38,0,38
"1951.1","1396745",0.9995,1,1,1,1,0.000892857142857143,40,0.000892857142857143,40
"1952.1","1396776",0.9995,NA,0,NA,0,0,39,0,39
"1953.1","1396795",0.9995,NA,0,NA,0,0,38,0,38
"1954.1","1396801",0.9995,0.942857142857143,35,0.9375,32,0.0942779655832264,39,0.0809330729279889,39
"1955.1","1396804",0.9995,NA,0,NA,0,0,37,0,37
"1956.1","1396818",0.9995,NA,0,NA,0,0,39,0,39
"1957.1","1396834",0.9995,0.975,40,0.973684210526316,38,0.409389011758701,40,0.391952890968921,40
"1958.1","1396841",0.9995,1,12,1,12,0.0268278473280376,40,0.0268278473280376,40
"1959.1","1396857",0.9995,0.975,40,0.973684210526316,38,0.570755460104455,40,0.544184947283942,40
"1960.1","1396896",0.9995,1,1,1,1,0.00292397660818713,38,0.00292397660818713,38
"1961.1","1396907",0.9995,NA,0,NA,0,0,38,0,38
"1962.1","1396909",0.9995,NA,0,NA,0,0,39,0,39
"1963.1","1396915",0.9995,NA,0,NA,0,0,40,0,40
"1964.1","1396928",0.9995,NA,0,NA,0,0,40,0,40
"1965.1","1396935",0.9995,1,40,1,40,0.210884983610417,40,0.210884983610417,40
"1966.1","1396989",0.9995,1,36,1,36,0.139248471030186,40,0.139248471030186,40
"1967.1","1396999",0.9995,NA,0,NA,0,0,37,0,37
"1968.1","1397033",0.9995,NA,0,NA,0,0,39,0,39
"1969.1","1397056",0.9995,NA,0,NA,0,0,39,0,39
"1970.1","1397062",0.9995,NA,0,NA,0,0,29,0,29
"1971.1","1397070",0.9995,NA,0,NA,0,0,39,0,39
"1972.1","1397093",0.9995,1,13,1,13,0.0421608521335882,40,0.0421608521335882,40
"1973.1","1397120",0.9995,1,4,1,4,0.0104946429490148,38,0.0104946429490148,38
"1974.1","1397129",0.9995,0.925,40,0.911764705882353,34,0.318498122954848,40,0.256737010885387,40
"1975.1","1397140",0.9995,NA,0,NA,0,0,39,0,39
"1976.1","1397146",0.9995,0.916666666666667,12,0.916666666666667,12,0.0382357236405819,39,0.0382357236405819,39
"1977.1","1397182",0.9995,NA,0,NA,0,0,40,0,40
"1978.1","1397187",0.9995,1,40,1,40,0.314411735760006,40,0.314411735760006,40
"1979.1","1397203",0.9995,NA,0,NA,0,0,40,0,40
"1980.1","1397222",0.9995,0.857142857142857,7,0.8,5,0.00920132499079868,38,0.00521408416145258,38
"1981.1","1397238",0.9995,1,40,1,40,0.315452201178564,40,0.315452201178564,40
"1982.1","1397260",0.9995,NA,0,NA,0,0,30,0,30
"1983.1","1397273",0.9995,1,23,1,23,0.0838582534550276,39,0.0838582534550276,39
"1984.1","1397295",0.9995,NA,0,NA,0,0,37,0,37
"1985.1","1397297",0.9995,NA,0,NA,0,0,36,0,36
"1986.1","1397301",0.9995,0.945945945945946,37,0.939393939393939,33,0.0960837274292731,39,0.0858312920260081,39
"1987.1","1397310",0.9995,NA,0,NA,0,0,38,0,38
"1988.1","1397319",0.9995,0.8,5,0.666666666666667,3,0.0202956590053364,37,0.0026736413833188,37
"1989.1","1397345",0.9995,NA,0,NA,0,0,37,0,37
"1990.1","1397369",0.9995,0.956521739130435,23,0.952380952380952,21,0.0530057644602056,38,0.0452658263797102,38
"1991.1","1397437",0.9995,NA,0,NA,0,0,39,0,39
"1992.1","1397442",0.9995,NA,0,NA,0,0,39,0,39
"1993.1","1397476",0.9995,1,36,1,36,0.0798718795809046,40,0.0798718795809046,40
"1994.1","1397486",0.9995,0.975,40,0.973684210526316,38,0.260847264210896,40,0.247074370438002,40
"1995.1","1397505",0.9995,0.95,40,0.972972972972973,37,0.23093033813317,40,0.221760930238433,40
"1996.1","1397508",0.9995,0.923076923076923,13,0.923076923076923,13,0.017605619043119,40,0.017605619043119,40
"1997.1","1397513",0.9995,0.846153846153846,26,0.833333333333333,18,0.180446121292638,40,0.13162269221096,40
"1998.1","1397529",0.9995,NA,0,NA,0,0,39,0,39
"1999.1","1397548",0.9995,NA,0,NA,0,0,40,0,40
"2000.1","1397562",0.9995,1,26,1,26,0.0432104098155964,40,0.0432104098155964,40
"2001.1","1397563",0.9995,0.95,40,0.944444444444444,36,0.188622453300301,39,0.170149423062565,39
"2002.1","1397583",0.9995,NA,0,NA,0,0,25,0,25
"2003.1","1397586",0.9995,0.975,40,0.973684210526316,38,0.248688195405003,40,0.221794256011064,40
"2004.1","1398749",0.9995,1,40,1,40,0.405170068457084,40,0.405170068457084,40
"2005.1","1398907",0.9995,NA,0,NA,0,0,40,0,40
"2006.1","1398909",0.9995,NA,0,NA,0,0,39,0,39
"2007.1","1398929",0.9995,0.95,40,0.944444444444444,36,0.446154318120391,40,0.396450017045123,40
"2008.1","1398956",0.9995,0.95,40,0.944444444444444,36,0.207225265669805,38,0.176013870040773,38
"2009.1","1399056",0.9995,1,40,1,40,0.609605515960256,40,0.609605515960256,40
"2010.1","1399064",0.9995,1,40,1,40,0.391988056734602,40,0.391988056734602,40
"2011.1","1399069",0.9995,NA,0,NA,0,0,3,0,3
"2012.1","1399071",0.9995,NA,0,NA,0,0,17,0,17
"2013.1","1399079",0.9995,0.975,40,0.973684210526316,38,0.48713977385489,40,0.463806440521557,40
"2014.1","1399086",0.9995,1,40,1,40,0.814970449172577,40,0.814970449172577,40
"2015.1","1399088",0.9995,1,38,1,38,0.226676165162243,40,0.226676165162243,40
"2016.1","1399094",0.9995,1,40,1,40,0.888149611105477,40,0.888149611105477,40
"2017.1","1399096",0.9995,1,40,1,40,0.868088189947579,40,0.868088189947579,40
"2018.1","1399100",0.9995,0.975,40,0.973684210526316,38,0.409681703840003,40,0.39290559377121,40
"2019.1","1399105",0.9995,1,40,1,40,0.61919614883122,40,0.61919614883122,40
"2020.1","1399151",0.9995,0.925,40,0.942857142857143,35,0.467835150842366,38,0.424674072743894,38
"2021.1","1399202",0.9995,0.975,40,0.973684210526316,38,0.545055983173667,40,0.509118483173667,40
"2022.1","1399208",0.9995,0.95,40,0.944444444444444,36,0.415655854053157,39,0.377461409608712,39
"2023.1","1399226",0.9995,0.925,40,0.942857142857143,35,0.290962873837193,40,0.264337514641791,40
"2024.1","1399238",0.9995,1,40,1,40,0.250288998282419,40,0.250288998282419,40
"2025.1","1399245",0.9995,0.975,40,0.973684210526316,38,0.169944298017241,39,0.153697104350692,39
"2026.1","1399255",0.9995,0.875,40,0.833333333333333,30,0.228268917708706,38,0.151355513508551,38
"2027.1","1399265",0.9995,1,40,1,40,0.29592965496227,40,0.29592965496227,40
"2028.1","1399276",0.9995,0.975,40,0.973684210526316,38,0.559456805618212,40,0.530885377046783,40
"2029.1","1399310",0.9995,0.96969696969697,33,0.967741935483871,31,0.0867012169748116,39,0.0787612402848349,39
"2030.1","1399320",0.9995,0.975,40,0.973684210526316,38,0.197216382951957,40,0.189151866822925,40
"2031.1","1399330",0.9995,0.975,40,0.973684210526316,38,0.359458675718953,39,0.342188690801909,39
"2032.1","1399358",0.9995,0.95,40,0.944444444444444,36,0.188392379219854,40,0.166556186956833,40
"2033.1","1399375",0.9995,0.975,40,0.973684210526316,38,0.382651392003896,40,0.352979674832179,40
"2034.1","1399438",0.9995,0.925,40,0.911764705882353,34,0.362871248708324,38,0.289764015384373,38
"2035.1","1399507",0.9995,NA,0,NA,0,0,40,0,40
"2036.1","1399542",0.9995,NA,0,NA,0,0,40,0,40
"2037.1","1399560",0.9995,NA,0,NA,0,0,36,0,36
"2038.1","1399576",0.9995,1,40,1,40,0.166136453092209,40,0.166136453092209,40
"2039.1","1399633",0.9995,1,38,1,38,0.165301620603406,40,0.165301620603406,40
"2040.1","1399661",0.9995,0.95,40,0.944444444444444,36,0.163553603451084,38,0.146947918114749,38
"2041.1","1399791",0.9995,0.947368421052632,38,0.941176470588235,34,0.0966826834773304,38,0.076779751791693,38
"2042.1","1399892",0.9995,0.925,40,0.916666666666667,36,0.234919181534167,40,0.192555270243844,40
"2043.1","1399894",0.9995,0.95,40,0.944444444444444,36,0.403050454005601,39,0.353732836139596,39
"2044.1","1399895",0.9995,0.925,40,0.916666666666667,36,0.229389275964065,39,0.205516596918973,39
"2045.1","1399912",0.9995,0.975,40,0.973684210526316,38,0.188077149931815,39,0.177325260919057,39
"2046.1","1399920",0.9995,NA,0,NA,0,0,40,0,40
"2047.1","1399925",0.9995,1,40,1,40,0.257467013735562,40,0.257467013735562,40
"2048.1","1399933",0.9995,NA,0,NA,0,0,40,0,40
"2049.1","1399960",0.9995,1,16,1,16,0.0768914900888585,40,0.0768914900888585,40
"2050.1","1399962",0.9995,1,40,1,40,0.502337940262749,40,0.502337940262749,40
"2051.1","1401109",0.9995,0.975,40,0.973684210526316,38,0.171490462419816,40,0.163860592289946,40
"2052.1","1401360",0.9995,1,40,1,40,0.389333498791832,40,0.389333498791832,40
"2053.1","1401361",0.9995,NA,0,NA,0,0,40,0,40
"2054.1","1401362",0.9995,0.975,40,0.973684210526316,38,0.818280076043205,40,0.775843101253289,40
"2055.1","1401367",0.9995,1,40,1,40,0.406531732960459,40,0.406531732960459,40
"2056.1","1401373",0.9995,1,40,1,40,0.60675003573543,40,0.60675003573543,40
"2057.1","1401379",0.9995,1,40,1,40,0.664827503220158,40,0.664827503220158,40
"2058.1","1401398",0.9995,0.95,40,0.944444444444444,36,0.174967183909974,40,0.154632791599775,40
"2059.1","1401417",0.9995,0.948717948717949,39,0.942857142857143,35,0.19745627008282,38,0.178162241742739,38
"2060.1","1401748",0.9995,0.925,40,0.911764705882353,34,0.196582957702187,40,0.165730158880639,40
"2061.1","1401769",0.9995,0.975,40,0.973684210526316,38,0.4101333504915,40,0.389719913798994,40
"2062.1","1401786",0.9995,NA,0,NA,0,0,28,0,28
"2063.1","1401798",0.9995,1,40,1,40,0.578242368177613,40,0.578242368177613,40
"2064.1","1401799",0.9995,1,40,1,40,0.577291859389454,40,0.577291859389454,40
"2065.1","1401804",0.9995,1,40,1,40,0.5469188882348,40,0.5469188882348,40
"2066.1","1401807",0.9995,NA,0,NA,0,0,39,0,39
"2067.1","1401869",0.9995,0.975,40,0.973684210526316,38,0.531938337226381,40,0.502938337226381,40
"2068.1","1401892",0.9995,1,9,1,9,0.0152779738377564,40,0.0152779738377564,40
"2069.1","1401901",0.9995,1,24,1,24,0.0423756244927266,40,0.0423756244927266,40
"2070.1","1401924",0.9995,NA,0,NA,0,0,38,0,38
"2071.1","1401929",0.9995,NA,0,NA,0,0,38,0,38
"2072.1","1401970",0.9995,0.975,40,0.975,40,0.500991786685971,39,0.500991786685971,39
"2073.1","1401987",0.9995,1,1,1,1,0.000568181818181818,40,0.000568181818181818,40
"2074.1","1405",0.9995,1,34,1,34,0.0940879755036756,40,0.0940879755036756,40
"2075.1","1406993",0.9995,0.925,40,0.911764705882353,34,0.619525642835425,40,0.521537089721872,40
"2076.1","1407025",0.9995,1,17,1,17,0.0668156520981598,40,0.0668156520981598,40
"2077.1","1407033",0.9995,NA,0,NA,0,0,40,0,40
"2078.1","1407036",0.9995,1,40,1,40,0.10047296550199,40,0.10047296550199,40
"2079.1","1407037",0.9995,1,39,1,39,0.0734953452017912,40,0.0734953452017912,40
"2080.1","1407041",0.9995,0.962962962962963,27,0.961538461538462,26,0.14847335724561,40,0.144901928674181,40
"2081.1","1407065",0.9995,0.975,40,0.973684210526316,38,0.138343186211532,40,0.134879982748328,40
"2082.1","1407075",0.9995,1,39,1,39,0.168535839211767,40,0.168535839211767,40
"2083.1","1407081",0.9995,1,1,1,1,0.00192307692307692,40,0.00192307692307692,40
"2084.1","1407086",0.9995,1,29,1,29,0.086050296130598,40,0.086050296130598,40
"2085.1","1407088",0.9995,1,15,1,15,0.0218756791080623,40,0.0218756791080623,40
"2086.1","1407089",0.9995,1,40,1,40,0.218075287393205,40,0.218075287393205,40
"2087.1","1407101",0.9995,NA,0,NA,0,0,40,0,40
"2088.1","1407103",0.9995,NA,0,NA,0,0,40,0,40
"2089.1","1407105",0.9995,NA,0,NA,0,0,39,0,39
"2090.1","1407110",0.9995,NA,0,NA,0,0,40,0,40
"2091.1","1407128",0.9995,0.95,40,0.947368421052632,38,0.509723081144921,40,0.486165388837229,40
"2092.1","1407216",0.9995,NA,0,NA,0,0,7,0,7
"2093.1","1407217",0.9995,NA,0,NA,0,0,11,0,11
"2094.1","1407233",0.9995,NA,0,NA,0,0,2,0,2
"2095.1","1407242",0.9995,NA,0,NA,0,0,12,0,12
"2096.1","1407273",0.9995,1,31,1,31,0.0438155495801952,40,0.0438155495801952,40
"2097.1","1407277",0.9995,0.970588235294118,34,0.96875,32,0.086725675347857,40,0.074225675347857,40
"2098.1","1407282",0.9995,1,8,1,8,0.0073342508940335,40,0.0073342508940335,40
"2099.1","1407295",0.9995,0.975,40,0.973684210526316,38,0.540367195207365,40,0.51436273092165,40
"2100.1","1407313",0.9995,1,40,1,40,0.264987146449545,40,0.264987146449545,40
"2101.1","1407379",0.9995,NA,0,NA,0,0,40,0,40
"2102.1","1407391",0.9995,1,30,1,30,0.10143458079999,40,0.10143458079999,40
"2103.1","1407397",0.9995,NA,0,NA,0,0,40,0,40
"2104.1","1407400",0.9995,0.975,40,0.973684210526316,38,0.643099127616939,40,0.610980225177915,40
"2105.1","1407404",0.9995,0.95,40,0.972222222222222,36,0.374093205224303,40,0.352763840144938,40
"2106.1","1407418",0.9995,0.9,40,0.909090909090909,33,0.257318560286343,40,0.224322928565913,40
"2107.1","1407432",0.9995,1,40,1,40,0.42520195654806,40,0.42520195654806,40
"2108.1","1407433",0.9995,0.95,40,0.944444444444444,36,0.443507185541687,40,0.395650042684544,40
"2109.1","1407443",0.9995,1,40,1,40,0.373486759706328,40,0.373486759706328,40
"2110.1","1407457",0.9995,0.925,40,0.942857142857143,35,0.364539435018562,40,0.328168467276627,40
"2111.1","1407485",0.9995,NA,0,NA,0,0,38,0,38
"2112.1","1407493",0.9995,NA,0,NA,0,0,40,0,40
"2113.1","1407495",0.9995,1,14,1,14,0.0307295343545344,40,0.0307295343545344,40
"2114.1","1407500",0.9995,NA,0,NA,0,0,39,0,39
"2115.1","1407505",0.9995,0.975,40,0.974358974358974,39,0.460327176729512,39,0.451096407498743,39
"2116.1","1407589",0.9995,1,37,1,37,0.162001529928598,40,0.162001529928598,40
"2117.1","1407606",0.9995,1,40,1,40,0.382057112583996,40,0.382057112583996,40
"2118.1","1407672",0.9995,0.975,40,0.973684210526316,38,0.141640374632332,40,0.128693946060903,40
"2119.1","1407704",0.9995,0.975,40,0.973684210526316,38,0.181209088663268,39,0.156789064243244,39
"2120.1","1407808",0.9995,1,40,1,40,0.120647726878675,40,0.120647726878675,40
"2121.1","1407840",0.9995,1,1,1,1,0.000833333333333333,40,0.000833333333333333,40
"2122.1","1407869",0.9995,NA,0,NA,0,0,40,0,40
"2123.1","1407977",0.9995,NA,0,NA,0,0,36,0,36
"2124.1","1408256",0.9995,1,40,1,40,0.265164819055346,40,0.265164819055346,40
"2125.1","1408266",0.9995,0.975,40,0.973684210526316,38,0.306237210659135,39,0.292032969263481,39
"2126.1","1408269",0.9995,0.909090909090909,11,0.888888888888889,9,0.0204998818237135,38,0.0139209344552924,38
"2127.1","1408285",0.9995,0.975,40,0.973684210526316,38,0.535951169103671,40,0.506896547254932,40
"2128.1","1408299",0.9995,1,40,1,40,0.647611048898843,40,0.647611048898843,40
"2129.1","1408307",0.9995,0.948717948717949,39,0.942857142857143,35,0.297040608031837,40,0.269124537053787,40
"2130.1","1408334",0.9995,NA,0,NA,0,0,39,0,39
"2131.1","1410556",0.9995,0.975,40,0.973684210526316,38,0.596100061671292,40,0.565965926611163,40
"2132.1","1417615",0.9995,0.95,40,0.972972972972973,37,0.794945652173913,40,0.754728260869565,40
"2133.1","1419037",0.9995,1,40,1,40,0.870968918850679,40,0.870968918850679,40
"2134.1","1429533",0.9995,1,40,1,40,0.904185803944399,40,0.904185803944399,40
"2135.1","1430",0.9995,1,40,1,40,0.385442207636605,40,0.385442207636605,40
"2136.1","1431388",0.9995,1,40,1,40,0.596242314448836,40,0.596242314448836,40
"2137.1","1435846",0.9995,1,40,1,40,0.591413043478261,40,0.591413043478261,40
"2138.1","1435847",0.9995,1,40,1,40,0.876268115942029,40,0.876268115942029,40
"2139.1","1436707",0.9995,1,40,1,40,0.463352168262942,40,0.463352168262942,40
"2140.1","1442",0.9995,NA,0,NA,0,0,40,0,40
"2141.1","1444086",0.9995,1,40,1,40,0.314291046439634,40,0.314291046439634,40
"2142.1","1446239",0.9995,1,40,1,40,0.714919108521972,40,0.714919108521972,40
"2143.1","1446403",0.9995,0.975,40,0.973684210526316,38,0.575715854194115,40,0.546368028107159,40
"2144.1","1446407",0.9995,0.975,40,0.973684210526316,38,0.416554677206851,40,0.394815546772069,40
"2145.1","1456453",0.9995,1,14,1,14,0.0380577782729655,40,0.0380577782729655,40
"2146.1","1456462",0.9995,1,40,1,40,0.695473299731389,40,0.695473299731389,40
"2147.1","1456467",0.9995,1,40,1,40,0.624479029424682,40,0.624479029424682,40
"2148.1","1456560",0.9995,1,40,1,40,0.587167633275329,40,0.587167633275329,40
"2149.1","1456566",0.9995,1,40,1,40,0.601367047807265,40,0.601367047807265,40
"2150.1","1456569",0.9995,1,40,1,40,0.710180139908401,40,0.710180139908401,40
"2151.1","1457001",0.9995,1,40,1,40,0.880237154150198,40,0.880237154150198,40
"2152.1","1457005",0.9995,1,40,1,40,0.887052042160738,40,0.887052042160738,40
"2153.1","1457019",0.9995,1,40,1,40,0.876751207729469,40,0.876751207729469,40
"2154.1","1459320",0.9995,1,40,1,40,0.749694212090572,40,0.749694212090572,40
"2155.1","1459336",0.9995,1,40,1,40,0.804086947367084,40,0.804086947367084,40
"2156.1","1459339",0.9995,1,40,1,40,0.559835254347465,40,0.559835254347465,40
"2157.1","1459774",0.9995,1,40,1,40,0.520381483005652,40,0.520381483005652,40
"2158.1","1459779",0.9995,1,40,1,40,0.666109044730127,40,0.666109044730127,40
"2159.1","1459801",0.9995,1,40,1,40,0.443242204655248,40,0.443242204655248,40
"2160.1","1459814",0.9995,1,40,1,40,0.482256998702904,40,0.482256998702904,40
"2161.1","1459824",0.9995,1,40,1,40,0.602881155189042,40,0.602881155189042,40
"2162.1","1462127",0.9995,1,40,1,40,0.860747694334651,40,0.860747694334651,40
"2163.1","1466686",0.9995,1,40,1,40,0.351689084707258,40,0.351689084707258,40
"2164.1","1466696",0.9995,1,28,1,28,0.100767993940616,40,0.100767993940616,40
"2165.1","1471122",0.9995,1,29,1,29,0.057250739212893,39,0.057250739212893,39
"2166.1","1471140",0.9995,1,40,1,40,0.29467189608637,40,0.29467189608637,40
"2167.1","1471150",0.9995,NA,0,NA,0,0,38,0,38
"2168.1","1471160",0.9995,NA,0,NA,0,0,40,0,40
"2169.1","1471179",0.9995,1,40,1,40,0.266917598001688,40,0.266917598001688,40
"2170.1","1471231",0.9995,NA,0,NA,0,0,22,0,22
"2171.1","1471324",0.9995,1,2,1,2,0.0127360562143171,33,0.0127360562143171,33
"2172.1","1471383",0.9995,0.975,40,0.973684210526316,38,0.444906316383268,40,0.421524906126858,40
"2173.1","1471386",0.9995,1,40,1,40,0.255391431049326,40,0.255391431049326,40
"2174.1","1471402",0.9995,0.975,40,0.973684210526316,38,0.553674770906024,40,0.523543191958656,40
"2175.1","1471764",0.9995,0.95,40,0.944444444444444,36,0.236640298287321,39,0.205123204270227,39
"2176.1","1471782",0.9995,0.9375,32,0.928571428571429,28,0.0958163047597081,40,0.0777607492041525,40
"2177.1","1471803",0.9995,1,40,1,40,0.315361896498341,40,0.315361896498341,40
"2178.1","1471824",0.9995,1,40,1,40,0.0991212709138199,40,0.0991212709138199,40
"2179.1","1471862",0.9995,1,40,1,40,0.14413582820117,40,0.14413582820117,40
"2180.1","1471893",0.9995,0.970588235294118,34,0.96875,32,0.273197522265008,40,0.261160485227971,40
"2181.1","1471895",0.9995,0.975,40,0.973684210526316,38,0.217490851037879,40,0.207523530776441,40
"2182.1","1471899",0.9995,1,40,1,40,0.342162427545848,40,0.342162427545848,40
"2183.1","1471906",0.9995,0.975,40,0.973684210526316,38,0.313623870436789,40,0.298332203770122,40
"2184.1","1471907",0.9995,1,40,1,40,0.271861326613457,40,0.271861326613457,40
"2185.1","1471909",0.9995,1,40,1,40,0.354252488722176,40,0.354252488722176,40
"2186.1","1471919",0.9995,0.973684210526316,38,0.972222222222222,36,0.237716478020126,40,0.220898296201944,40
"2187.1","1471920",0.9995,0.972222222222222,36,0.970588235294118,34,0.137925729717425,40,0.133479089401219,40
"2188.1","1471934",0.9995,0.972972972972973,37,0.971428571428571,35,0.250518564745079,40,0.242259636173651,40
"2189.1","1471939",0.9995,0.974358974358974,39,0.972972972972973,37,0.278839124067073,40,0.265681229330231,40
"2190.1","1471962",0.9995,0.975,40,0.973684210526316,38,0.15931186338656,40,0.149358552690464,40
"2191.1","1471982",0.9995,0.975,40,0.973684210526316,38,0.359217590865716,40,0.347312828960954,40
"2192.1","1471998",0.9995,0.975,40,0.973684210526316,38,0.262349951374948,40,0.251910390935388,40
"2193.1","1472009",0.9995,0.974358974358974,39,0.972972972972973,37,0.25677824830757,40,0.242492534021856,40
"2194.1","1472026",0.9995,0.95,40,0.944444444444444,36,0.333242229266332,40,0.30171708063592,40
"2195.1","1472027",0.9995,1,40,1,40,0.333890871457836,40,0.333890871457836,40
"2196.1","1472032",0.9995,0.975,40,0.973684210526316,38,0.789785353535354,40,0.753118686868687,40
"2197.1","1472034",0.9995,1,40,1,40,0.48702138194176,40,0.48702138194176,40
"2198.1","1472047",0.9995,1,40,1,40,0.425384298248382,40,0.425384298248382,40
"2199.1","1472054",0.9995,0.975,40,0.973684210526316,38,0.422216532329825,40,0.406249249257279,40
"2200.1","1472087",0.9995,1,40,1,40,0.311731955697347,40,0.311731955697347,40
"2201.1","1472093",0.9995,1,40,1,40,0.346726828375135,40,0.346726828375135,40
"2202.1","1472098",0.9995,0.975,40,0.973684210526316,38,0.313951565749912,40,0.299713760871864,40
"2203.1","1472103",0.9995,1,40,1,40,0.380101773244759,40,0.380101773244759,40
"2204.1","1472119",0.9995,1,40,1,40,0.544318645530026,40,0.544318645530026,40
"2205.1","1472125",0.9995,0.975,40,0.973684210526316,38,0.345914792120902,40,0.32713218342525,40
"2206.1","1472134",0.9995,1,40,1,40,0.472927027998735,40,0.472927027998735,40
"2207.1","1472136",0.9995,1,40,1,40,0.317628168920229,40,0.317628168920229,40
"2208.1","1472137",0.9995,1,40,1,40,0.259022160390146,40,0.259022160390146,40
"2209.1","1472143",0.9995,1,40,1,40,0.281743611841522,40,0.281743611841522,40
"2210.1","1472149",0.9995,0.975,40,0.973684210526316,38,0.35869152334386,40,0.34156189371423,40
"2211.1","1472166",0.9995,1,40,1,40,0.400499535421007,40,0.400499535421007,40
"2212.1","1472169",0.9995,0.975,40,0.973684210526316,38,0.362437186348384,40,0.347103853015051,40
"2213.1","1472178",0.9995,1,40,1,40,0.328791434732261,40,0.328791434732261,40
"2214.1","1472179",0.9995,1,40,1,40,0.278169686089744,40,0.278169686089744,40
"2215.1","1473161",0.9995,1,40,1,40,0.610386473429952,40,0.610386473429952,40
"2216.1","1474241",0.9995,1,40,1,40,0.614689284145806,40,0.614689284145806,40
"2217.1","1474254",0.9995,1,40,1,40,0.282950317846921,40,0.282950317846921,40
"2218.1","1474261",0.9995,0.975,40,0.973684210526316,38,0.332308923037884,40,0.319663574200675,40
"2219.1","1474263",0.9995,0.975,40,0.973684210526316,38,0.426760057614325,40,0.40526967299894,40
"2220.1","1474436",0.9995,0.973684210526316,38,0.972222222222222,36,0.306237559993362,39,0.285731855398851,39
"2221.1","1474447",0.9995,NA,0,NA,0,0,32,0,32
"2222.1","1474454",0.9995,NA,0,NA,0,0,36,0,36
"2223.1","1474572",0.9995,1,40,1,40,0.504628187141306,40,0.504628187141306,40
"2224.1","1474573",0.9995,1,40,1,40,0.587564423120689,40,0.587564423120689,40
"2225.1","1474831",0.9995,1,21,1,21,0.0821361177332037,38,0.0821361177332037,38
"2226.1","1474836",0.9995,0.975,40,0.975,40,0.411861151137151,40,0.411861151137151,40
"2227.1","1474839",0.9995,1,40,1,40,0.356174214058118,40,0.356174214058118,40
"2228.1","1474858",0.9995,0.975,40,0.973684210526316,38,0.52066872140775,40,0.496779832518861,40
"2229.1","1474911",0.9995,1,40,1,40,0.603729057457087,40,0.603729057457087,40
"2230.1","1474918",0.9995,NA,0,NA,0,0,36,0,36
"2231.1","1474929",0.9995,NA,0,NA,0,0,40,0,40
"2232.1","1474980",0.9995,NA,0,NA,0,0,39,0,39
"2233.1","1474981",0.9995,NA,0,NA,0,0,40,0,40
"2234.1","1474985",0.9995,NA,0,NA,0,0,38,0,38
"2235.1","1475019",0.9995,0.975,40,0.973684210526316,38,0.420646033124744,40,0.399748597227308,40
"2236.1","1475020",0.9995,1,40,1,40,0.294955443109972,40,0.294955443109972,40
"2237.1","1475036",0.9995,1,20,1,20,0.0231519764740837,40,0.0231519764740837,40
"2238.1","1475064",0.9995,0.948717948717949,39,0.942857142857143,35,0.163625948557568,39,0.137673026032065,39
"2239.1","1475159",0.9995,0.925,40,0.941176470588235,34,0.265014043271962,39,0.198505388528013,39
"2240.1","1475183",0.9995,NA,0,NA,0,0,39,0,39
"2241.1","1475204",0.9995,1,40,1,40,0.929204335211505,40,0.929204335211505,40
"2242.1","1475224",0.9995,0.975,40,0.973684210526316,38,0.324333792294834,40,0.305762363723405,40
"2243.1","1475248",0.9995,0.96,25,0.96,25,0.0586519006292993,39,0.0586519006292993,39
"2244.1","1475250",0.9995,NA,0,NA,0,0,39,0,39
"2245.1","1475268",0.9995,NA,0,NA,0,0,34,0,34
"2246.1","1475272",0.9995,NA,0,NA,0,0,39,0,39
"2247.1","1475274",0.9995,NA,0,NA,0,0,34,0,34
"2248.1","1476044",0.9995,1,1,1,1,0.00833333333333333,40,0.00833333333333333,40
"2249.1","1476062",0.9995,0.95,40,0.944444444444444,36,0.253491747294344,40,0.231532287834885,40
"2250.1","1476113",0.9995,1,40,1,40,0.361901971597488,40,0.361901971597488,40
"2251.1","1476117",0.9995,1,40,1,40,0.372987800691536,40,0.372987800691536,40
"2252.1","1476124",0.9995,0.962962962962963,27,0.96,25,0.065079236557155,39,0.0561346927288902,39
"2253.1","1476147",0.9995,0.975,40,0.973684210526316,38,0.266280924687507,40,0.237634308146154,40
"2254.1","1476488",0.9995,1,40,1,40,0.583424979062618,40,0.583424979062618,40
"2255.1","1476491",0.9995,1,40,1,40,0.897087316270943,40,0.897087316270943,40
"2256.1","1476503",0.9995,NA,0,NA,0,NA,0,NA,0
"2257.1","1476505",0.9995,1,40,1,40,0.655466054342106,40,0.655466054342106,40
"2258.1","1476520",0.9995,1,40,1,40,0.646488372849875,40,0.646488372849875,40
"2259.1","1476522",0.9995,1,40,1,40,0.641574816830754,40,0.641574816830754,40
"2260.1","1476528",0.9995,1,40,1,40,0.636820165838718,40,0.636820165838718,40
"2261.1","1476551",0.9995,0.948717948717949,39,0.972222222222222,36,0.484109715302143,40,0.460264902747653,40
"2262.1","1481",0.9995,0.975,40,0.973684210526316,38,0.125875822748702,39,0.120826817699696,39
"2263.1","1481041",0.9995,1,40,1,40,0.272518691772773,40,0.272518691772773,40
"2264.1","1481058",0.9995,1,40,1,40,0.219325359317077,40,0.219325359317077,40
"2265.1","1481071",0.9995,0.925,40,0.911764705882353,34,0.18202168169666,39,0.147330882299979,39
"2266.1","1494",0.9995,NA,0,NA,0,0,39,0,39
"2267.1","1504",0.9995,0.789473684210526,19,0.857142857142857,14,0.103415395778519,36,0.0734884278209911,36
"2268.1","1506",0.9995,NA,0,NA,0,0,37,0,37
"2269.1","1512",0.9995,NA,0,NA,0,0,38,0,38
"2270.1","1535",0.9995,0.975,40,0.973684210526316,38,0.109925457629761,40,0.103827896654152,40
"2271.1","1537801",0.9995,1,40,1,40,0.346555112801385,40,0.346555112801385,40
"2272.1","1537809",0.9995,0.925,40,0.941176470588235,34,0.451535636387581,40,0.397430019781965,40
"2273.1","1537834",0.9995,1,2,1,2,0.00354090354090354,39,0.00354090354090354,39
"2274.1","1537879",0.9995,1,40,1,40,0.36617376882975,40,0.36617376882975,40
"2275.1","1537883",0.9995,1,40,1,40,0.265442340204693,40,0.265442340204693,40
"2276.1","1537891",0.9995,1,40,1,40,0.238754835277007,40,0.238754835277007,40
"2277.1","1537928",0.9995,NA,0,NA,0,0,3,0,3
"2278.1","1537929",0.9995,NA,0,NA,0,0,11,0,11
"2279.1","1537936",0.9995,1,40,1,40,0.50867399530475,40,0.50867399530475,40
"2280.1","1537941",0.9995,NA,0,NA,0,0,9,0,9
"2281.1","1537946",0.9995,NA,0,NA,0,NA,0,NA,0
"2282.1","1537947",0.9995,0.975,40,0.973684210526316,38,0.48969140626202,40,0.46469140626202,40
"2283.1","1537952",0.9995,0.95,40,0.972972972972973,37,0.60688771895452,40,0.57820706461597,40
"2284.1","1537961",0.9995,NA,0,NA,0,0,39,0,39
"2285.1","1537962",0.9995,NA,0,NA,0,0,39,0,39
"2286.1","1537983",0.9995,0.846153846153846,39,0.827586206896552,29,0.213827321994582,38,0.151725242198317,38
"2287.1","1537999",0.9995,1,40,1,40,0.580388529139686,40,0.580388529139686,40
"2288.1","1538003",0.9995,1,40,1,40,0.580388529139686,40,0.580388529139686,40
"2289.1","1538296",0.9995,0.975,40,0.973684210526316,38,0.433943847322732,40,0.410993305317312,40
"2290.1","1538676",0.9995,0.975,40,0.973684210526316,38,0.143564894038221,40,0.140453574463487,40
"2291.1","1539498",0.9995,0.975,40,0.973684210526316,38,0.265684549808622,40,0.247906772030845,40
"2292.1","1539766",0.9995,1,40,1,40,0.645733464993375,40,0.645733464993375,40
"2293.1","1539817",0.9995,1,40,1,40,0.289198741029548,40,0.289198741029548,40
"2294.1","1539962",0.9995,0.95,40,0.944444444444444,36,0.553110425717864,40,0.500638875219998,40
"2295.1","1545603",0.9995,0.975,40,0.973684210526316,38,0.434381764069264,40,0.414533279220779,40
"2296.1","1545610",0.9995,0.975,40,0.973684210526316,38,0.30545594196454,40,0.291606510146358,40
"2297.1","1545614",0.9995,0.925,40,0.941176470588235,34,0.236251769776664,40,0.199549975698709,40
"2298.1","1545730",0.9995,0.975,40,0.973684210526316,38,0.0930143373843649,39,0.0815650024056182,39
"2299.1","1545746",0.9995,0.975,40,0.973684210526316,38,0.180847971659572,39,0.170710821987539,39
"2300.1","1545747",0.9995,0.972972972972973,37,0.971428571428571,35,0.0998417763516841,39,0.0955876970976048,39
"2301.1","1545826",0.9995,0.9,40,0.878787878787879,33,0.189551571386194,40,0.14221953390613,40
"2302.1","1545833",0.9995,0.975,40,0.973684210526316,38,0.541944462043034,39,0.519853732259996,39
"2303.1","1545854",0.9995,0.95,40,0.973684210526316,38,0.387963466020982,40,0.384838466020982,40
"2304.1","1545861",0.9995,0.95,40,0.944444444444444,36,0.305389515390523,40,0.273641531519556,40
"2305.1","1545862",0.9995,0.925,40,0.941176470588235,34,0.383531241148495,40,0.319015875801476,40
"2306.1","1545863",0.9995,0.95,40,0.944444444444444,36,0.399131021308441,39,0.34076411044153,39
"2307.1","1545875",0.9995,0.833333333333333,6,0.75,4,0.00673530626959292,38,0.00364618812539522,38
"2308.1","1545881",0.9995,0.925,40,0.942857142857143,35,0.33944823819479,40,0.303324986446538,40
"2309.1","1545899",0.9995,0.95,40,0.944444444444444,36,0.374696331662405,40,0.333810914995738,40
"2310.1","1545959",0.9995,1,40,1,40,0.576240107746871,40,0.576240107746871,40
"2311.1","1545979",0.9995,1,40,1,40,0.677619806924155,40,0.677619806924155,40
"2312.1","1545980",0.9995,0.975,40,0.973684210526316,38,0.563497480020545,40,0.537108591131656,40
"2313.1","1545986",0.9995,NA,0,NA,0,0,39,0,39
"2314.1","1545990",0.9995,NA,0,NA,0,0,14,0,14
"2315.1","1545995",0.9995,NA,0,NA,0,0,40,0,40
"2316.1","1546013",0.9995,1,38,1,38,0.0988338902791638,40,0.0988338902791638,40
"2317.1","1546015",0.9995,1,40,1,40,0.150050292518032,40,0.150050292518032,40
"2318.1","1546027",0.9995,1,28,1,28,0.085930343934463,40,0.085930343934463,40
"2319.1","1546028",0.9995,1,31,1,31,0.0560421801200771,40,0.0560421801200771,40
"2320.1","1546032",0.9995,1,24,1,24,0.0689155238393043,40,0.0689155238393043,40
"2321.1","1546035",0.9995,1,39,1,39,0.277653169294474,40,0.277653169294474,40
"2322.1","1546045",0.9995,1,28,1,28,0.0402489581198333,40,0.0402489581198333,40
"2323.1","1546057",0.9995,1,13,1,13,0.0127410686366479,40,0.0127410686366479,40
"2324.1","1546062",0.9995,NA,0,NA,0,0,33,0,33
"2325.1","1546067",0.9995,1,4,1,4,0.0256752908926822,33,0.0256752908926822,33
"2326.1","1546075",0.9995,1,4,1,4,0.00551534543629405,33,0.00551534543629405,33
"2327.1","1546079",0.9995,0.975,40,0.973684210526316,38,0.346916674629304,40,0.325874354880088,40
"2328.1","1546095",0.9995,NA,0,NA,0,0,40,0,40
"2329.1","1546103",0.9995,1,40,1,40,0.388052694995821,40,0.388052694995821,40
"2330.1","1546105",0.9995,1,5,1,5,0.00625178062678063,40,0.00625178062678063,40
"2331.1","1546107",0.9995,1,2,1,2,0.00186053783614759,40,0.00186053783614759,40
"2332.1","1546108",0.9995,1,4,1,4,0.00384615384615385,40,0.00384615384615385,40
"2333.1","1546116",0.9995,1,1,1,1,0.00394736842105263,40,0.00394736842105263,40
"2334.1","1546119",0.9995,1,1,1,1,0.000641025641025641,40,0.000641025641025641,40
"2335.1","1546161",0.9995,1,1,1,1,0.000625,40,0.000625,40
"2336.1","1546182",0.9995,1,3,1,3,0.00375,40,0.00375,40
"2337.1","1546209",0.9995,1,4,1,4,0.00307926829268293,40,0.00307926829268293,40
"2338.1","1546215",0.9995,1,28,1,28,0.0606053847279741,40,0.0606053847279741,40
"2339.1","1546228",0.9995,1,28,1,28,0.0661092429030603,40,0.0661092429030603,40
"2340.1","1546236",0.9995,1,35,1,35,0.0922990904552247,40,0.0922990904552247,40
"2341.1","1546246",0.9995,1,40,1,40,0.0756097998899172,40,0.0756097998899172,40
"2342.1","1546247",0.9995,1,17,1,17,0.0343581163206801,40,0.0343581163206801,40
"2343.1","1546249",0.9995,1,29,1,29,0.0603261900673148,40,0.0603261900673148,40
"2344.1","1546253",0.9995,1,20,1,20,0.0427231866823472,40,0.0427231866823472,40
"2345.1","1546263",0.9995,1,10,1,10,0.0137078550932568,40,0.0137078550932568,40
"2346.1","1546268",0.9995,1,39,1,39,0.144272254756077,40,0.144272254756077,40
"2347.1","1546275",0.9995,1,23,1,23,0.0582928268048885,40,0.0582928268048885,40
"2348.1","1546281",0.9995,1,40,1,40,0.151014725490052,40,0.151014725490052,40
"2349.1","1546294",0.9995,1,17,1,17,0.0328644018583043,40,0.0328644018583043,40
"2350.1","1546348",0.9995,0.975,40,0.973684210526316,38,0.324203853592044,39,0.303788713176904,39
"2351.1","1546359",0.9995,1,40,1,40,0.307609888748219,40,0.307609888748219,40
"2352.1","1546367",0.9995,1,40,1,40,0.191600178513111,40,0.191600178513111,40
"2353.1","1546368",0.9995,1,29,1,29,0.113220634205601,40,0.113220634205601,40
"2354.1","1546374",0.9995,1,40,1,40,0.256923506035133,40,0.256923506035133,40
"2355.1","1546393",0.9995,1,33,1,33,0.0674276672231153,40,0.0674276672231153,40
"2356.1","1546398",0.9995,0.857142857142857,7,0.8,5,0.00822137468478932,39,0.0043338098216147,39
"2357.1","1546407",0.9995,1,1,1,1,0.00126262626262626,36,0.00126262626262626,36
"2358.1","1546411",0.9995,1,5,1,5,0.00683379120879121,40,0.00683379120879121,40
"2359.1","1546418",0.9995,1,2,1,2,0.00297619047619048,40,0.00297619047619048,40
"2360.1","1546424",0.9995,1,10,1,10,0.0223432055749129,40,0.0223432055749129,40
"2361.1","1546434",0.9995,1,16,1,16,0.039925181643843,40,0.039925181643843,40
"2362.1","1546440",0.9995,1,16,1,16,0.0369348030018762,40,0.0369348030018762,40
"2363.1","1546460",0.9995,NA,0,NA,0,0,39,0,39
"2364.1","1546463",0.9995,NA,0,NA,0,0,39,0,39
"2365.1","1546496",0.9995,1,9,1,9,0.0225051084735446,40,0.0225051084735446,40
"2366.1","1546508",0.9995,1,38,1,38,0.0920173828783072,40,0.0920173828783072,40
"2367.1","1546510",0.9995,1,39,1,39,0.120150943545016,40,0.120150943545016,40
"2368.1","1546534",0.9995,1,4,1,4,0.00628205128205128,40,0.00628205128205128,40
"2369.1","1546538",0.9995,1,9,1,9,0.0138148843026892,40,0.0138148843026892,40
"2370.1","1546564",0.9995,1,1,1,1,0.0024390243902439,40,0.0024390243902439,40
"2371.1","1546569",0.9995,1,33,1,33,0.090381088470992,40,0.090381088470992,40
"2372.1","1546575",0.9995,1,13,1,13,0.0248356509583195,40,0.0248356509583195,40
"2373.1","1546600",0.9995,1,13,1,13,0.0213124274099884,40,0.0213124274099884,40
"2374.1","1546645",0.9995,0.974358974358974,39,0.972972972972973,37,0.0705721638819892,39,0.0667210727394989,39
"2375.1","1546666",0.9995,0.925,40,0.911764705882353,34,0.478379955318249,39,0.380380732319026,39
"2376.1","1546686",0.9995,1,39,1,39,0.132638462811381,40,0.132638462811381,40
"2377.1","1546725",0.9995,0.974358974358974,39,0.972972972972973,37,0.148077836127383,39,0.140866297665845,39
"2378.1","1546744",0.9995,NA,0,NA,0,0,34,0,34
"2379.1","1546746",0.9995,0.975,40,0.973684210526316,38,0.375576097950168,39,0.339201619715225,39
"2380.1","1546769",0.9995,0.925,40,0.911764705882353,34,0.313013345571744,39,0.264229915739927,39
"2381.1","1546770",0.9995,0.9,40,0.909090909090909,33,0.437571054045291,39,0.367340051651101,39
"2382.1","1546777",0.9995,0.95,40,0.944444444444444,36,0.196047689914485,40,0.160079999068745,40
"2383.1","1546829",0.9995,NA,0,NA,0,0,39,0,39
"2384.1","1546852",0.9995,NA,0,NA,0,0,39,0,39
"2385.1","1546862",0.9995,NA,0,NA,0,0,38,0,38
"2386.1","1546871",0.9995,NA,0,NA,0,0,37,0,37
"2387.1","1546878",0.9995,NA,0,NA,0,0,37,0,37
"2388.1","1546879",0.9995,1,37,1,37,0.172534610092652,40,0.172534610092652,40
"2389.1","1546912",0.9995,0.95,40,0.972972972972973,37,0.235444500115595,40,0.228065410499663,40
"2390.1","1546943",0.9995,NA,0,NA,0,0,38,0,38
"2391.1","1546960",0.9995,NA,0,NA,0,0,37,0,37
"2392.1","1546971",0.9995,NA,0,NA,0,0,39,0,39
"2393.1","1547014",0.9995,1,1,1,1,0.000797448165869219,38,0.000797448165869219,38
"2394.1","1547016",0.9995,1,4,1,4,0.00418878858157795,36,0.00418878858157795,36
"2395.1","1547031",0.9995,NA,0,NA,0,0,40,0,40
"2396.1","1547039",0.9995,NA,0,NA,0,0,40,0,40
"2397.1","1547063",0.9995,1,2,1,2,0.00590277777777778,40,0.00590277777777778,40
"2398.1","1547075",0.9995,1,5,1,5,0.0236425120772947,40,0.0236425120772947,40
"2399.1","1547094",0.9995,0.958333333333333,24,0.954545454545455,22,0.0731903909009975,40,0.0689046766152832,40
"2400.1","1547099",0.9995,0.925,40,0.942857142857143,35,0.179948607633618,39,0.160925159739586,39
"2401.1","1547112",0.9995,NA,0,NA,0,0,34,0,34
"2402.1","1547126",0.9995,NA,0,NA,0,0,15,0,15
"2403.1","1547146",0.9995,0.95,40,0.944444444444444,36,0.188901082617038,40,0.169549338430991,40
"2404.1","1547149",0.9995,NA,0,NA,0,0,35,0,35
"2405.1","1547202",0.9995,1,1,1,1,0.000773993808049536,38,0.000773993808049536,38
"2406.1","1547229",0.9995,0.941176470588235,34,0.966666666666667,30,0.171930103591673,39,0.15415128742576,39
"2407.1","1547236",0.9995,NA,0,NA,0,0,24,0,24
"2408.1","1547243",0.9995,1,40,1,40,0.206970146601847,40,0.206970146601847,40
"2409.1","1547245",0.9995,0.947368421052632,19,0.941176470588235,17,0.0613722639134024,40,0.0542047762286733,40
"2410.1","1547259",0.9995,NA,0,NA,0,0,37,0,37
"2411.1","1547262",0.9995,0.5,2,0.5,2,0.000840336134453781,35,0.000840336134453781,35
"2412.1","1547273",0.9995,0.875,8,0.857142857142857,7,0.00987611465552642,37,0.00794561272502449,37
"2413.1","1547321",0.9995,NA,0,NA,0,0,38,0,38
"2414.1","1547361",0.9995,NA,0,NA,0,0,36,0,36
"2415.1","1547367",0.9995,1,1,1,1,0.00263157894736842,38,0.00263157894736842,38
"2416.1","1547380",0.9995,1,1,1,1,0.000848896434634975,38,0.000848896434634975,38
"2417.1","1547414",0.9995,NA,0,NA,0,0,37,0,37
"2418.1","1547417",0.9995,1,1,1,1,0.000822368421052632,38,0.000822368421052632,38
"2419.1","1547442",0.9995,1,38,1,38,0.230450755192839,40,0.230450755192839,40
"2420.1","1547453",0.9995,NA,0,NA,0,0,40,0,40
"2421.1","1547459",0.9995,NA,0,NA,0,0,40,0,40
"2422.1","1547473",0.9995,1,18,1,18,0.0440838633053594,40,0.0440838633053594,40
"2423.1","1547489",0.9995,NA,0,NA,0,0,40,0,40
"2424.1","1547492",0.9995,1,26,1,26,0.0474023345702846,40,0.0474023345702846,40
"2425.1","1547496",0.9995,1,18,1,18,0.0401319897887469,40,0.0401319897887469,40
"2426.1","1547501",0.9995,NA,0,NA,0,0,39,0,39
"2427.1","1547508",0.9995,1,3,1,3,0.00641495601173021,39,0.00641495601173021,39
"2428.1","1547546",0.9995,0.970588235294118,34,0.96875,32,0.0716191833980083,40,0.0687782743070992,40
"2429.1","1547568",0.9995,1,1,1,1,0.00119047619047619,40,0.00119047619047619,40
"2430.1","1547577",0.9995,0.948717948717949,39,0.942857142857143,35,0.218466689150832,39,0.197634616686187,39
"2431.1","1547598",0.9995,NA,0,NA,0,0,39,0,39
"2432.1","1547615",0.9995,1,23,1,23,0.0493293651212203,39,0.0493293651212203,39
"2433.1","1547630",0.9995,0.967741935483871,31,0.96551724137931,29,0.107017590963748,40,0.102999733820891,40
"2434.1","1547632",0.9995,1,3,1,3,0.00804924242424242,36,0.00804924242424242,36
"2435.1","1547638",0.9995,NA,0,NA,0,0,37,0,37
"2436.1","1547651",0.9995,1,1,1,1,0.00151515151515152,40,0.00151515151515152,40
"2437.1","1547653",0.9995,0.966666666666667,30,0.964285714285714,28,0.0773993354820666,40,0.0752085082912394,40
"2438.1","1547659",0.9995,NA,0,NA,0,0,39,0,39
"2439.1","1547669",0.9995,0.975,40,0.973684210526316,38,0.269466087244095,40,0.256116333549513,40
"2440.1","1547670",0.9995,NA,0,NA,0,0,39,0,39
"2441.1","1547681",0.9995,NA,0,NA,0,0,39,0,39
"2442.1","1547693",0.9995,NA,0,NA,0,0,39,0,39
"2443.1","1547745",0.9995,NA,0,NA,0,0,39,0,39
"2444.1","1547764",0.9995,NA,0,NA,0,NA,0,NA,0
"2445.1","1547772",0.9995,1,5,1,5,0.0066115988110873,40,0.0066115988110873,40
"2446.1","1547778",0.9995,1,2,1,2,0.00277366863905325,39,0.00277366863905325,39
"2447.1","1547779",0.9995,0.975,40,0.973684210526316,38,0.211667893522641,39,0.205048151608782,39
"2448.1","1547781",0.9995,NA,0,NA,0,0,36,0,36
"2449.1","1547802",0.9995,NA,0,NA,0,0,40,0,40
"2450.1","1547840",0.9995,0.975,40,0.973684210526316,38,0.216452738313739,40,0.201869404980406,40
"2451.1","1547851",0.9995,NA,0,NA,0,0,38,0,38
"2452.1","1547862",0.9995,0.975,40,0.973684210526316,38,0.256419040519575,40,0.244031653132188,40
"2453.1","1547876",0.9995,0.944444444444444,36,0.9375,32,0.171022241619612,40,0.130468935276832,40
"2454.1","1547898",0.9995,1,40,1,40,0.252085051405388,40,0.252085051405388,40
"2455.1","1547911",0.9995,0.666666666666667,3,0.666666666666667,3,0.0104697226938314,38,0.0104697226938314,38
"2456.1","1547924",0.9995,NA,0,NA,0,0,39,0,39
"2457.1","1547932",0.9995,NA,0,NA,0,0,40,0,40
"2458.1","1547941",0.9995,1,1,1,1,0.000841750841750842,36,0.000841750841750842,36
"2459.1","1547946",0.9995,NA,0,NA,0,0,40,0,40
"2460.1","1547957",0.9995,NA,0,NA,0,0,30,0,30
"2461.1","1547980",0.9995,NA,0,NA,0,0,37,0,37
"2462.1","1547985",0.9995,1,27,1,27,0.0879738636297967,40,0.0879738636297967,40
"2463.1","1547989",0.9995,NA,0,NA,0,0,39,0,39
"2464.1","1547992",0.9995,NA,0,NA,0,0,38,0,38
"2465.1","1547997",0.9995,NA,0,NA,0,0,37,0,37
"2466.1","1548000",0.9995,NA,0,NA,0,0,18,0,18
"2467.1","1548003",0.9995,NA,0,NA,0,0,22,0,22
"2468.1","1548036",0.9995,NA,0,NA,0,0,39,0,39
"2469.1","1548095",0.9995,NA,0,NA,0,0,39,0,39
"2470.1","1548138",0.9995,NA,0,NA,0,0,40,0,40
"2471.1","1548149",0.9995,1,29,1,29,0.0604372308019754,40,0.0604372308019754,40
"2472.1","1548170",0.9995,0.975,40,0.973684210526316,38,0.430545383856626,40,0.411895651236305,40
"2473.1","1548177",0.9995,0.95,40,0.972222222222222,36,0.410966624288197,40,0.376859481431054,40
"2474.1","1548180",0.9995,0.9,40,0.909090909090909,33,0.279291309535161,40,0.233929489982165,40
"2475.1","1548214",0.9995,0.925,40,0.911764705882353,34,0.34549306529516,39,0.28284499003585,39
"2476.1","1548218",0.9995,1,40,1,40,0.165684022859485,40,0.165684022859485,40
"2477.1","1548239",0.9995,0.85,40,0.862068965517241,29,0.478484606947969,40,0.346692911255411,40
"2478.1","1548256",0.9995,0.975,40,0.973684210526316,38,0.203723499630086,39,0.19828449419108,39
"2479.1","1548259",0.9995,0.95,40,0.944444444444444,36,0.481894421965632,39,0.428378493449703,39
"2480.1","1548300",0.9995,NA,0,NA,0,0,39,0,39
"2481.1","1548302",0.9995,1,40,1,40,0.504760506401214,40,0.504760506401214,40
"2482.1","1553033",0.9995,1,40,1,40,0.941304347826087,40,0.941304347826087,40
"2483.1","1553045",0.9995,1,40,1,40,0.592706054478046,40,0.592706054478046,40
"2484.1","1553087",0.9995,0.975,40,0.973684210526316,38,0.526405835896286,40,0.506009565500016,40
"2485.1","1553096",0.9995,0.975,40,0.973684210526316,38,0.358681943090919,40,0.340064921814323,40
"2486.1","1553107",0.9995,NA,0,NA,0,0,38,0,38
"2487.1","1553111",0.9995,NA,0,NA,0,0,39,0,39
"2488.1","1553112",0.9995,NA,0,NA,0,0,37,0,37
"2489.1","1553113",0.9995,NA,0,NA,0,0,36,0,36
"2490.1","1553119",0.9995,0.95,40,0.944444444444444,36,0.497776105727561,40,0.444168885781303,40
"2491.1","1553121",0.9995,0.975,40,0.973684210526316,38,0.322588544440707,40,0.305567267844962,40
"2492.1","1553122",0.9995,0.95,40,0.944444444444444,36,0.233829787234043,40,0.202553191489362,40
"2493.1","1553144",0.9995,0.944444444444444,36,0.9375,32,0.190237563511757,40,0.16830805335644,40
"2494.1","1553150",0.9995,1,40,1,40,0.304443174310571,40,0.304443174310571,40
"2495.1","1553176",0.9995,0.95,40,0.944444444444444,36,0.107927093031315,39,0.0906187308953668,39
"2496.1","1553196",0.9995,0.9,40,0.939393939393939,33,0.31388346408826,38,0.267491273935459,38
"2497.1","1553316",0.9995,0.975,40,0.973684210526316,38,0.517522031738025,40,0.491331555547549,40
"2498.1","1553436",0.9995,1,39,1,39,0.158995864251636,40,0.158995864251636,40
"2499.1","1553440",0.9995,NA,0,NA,0,0,40,0,40
"2500.1","1553443",0.9995,NA,0,NA,0,0,37,0,37
"2501.1","1553504",0.9995,1,40,1,40,0.525564845579195,40,0.525564845579195,40
"2502.1","1554472",0.9995,1,40,1,40,0.529884267882379,40,0.529884267882379,40
"2503.1","1555179",0.9995,0.9375,32,0.928571428571429,28,0.101038094774401,38,0.0835226363781795,38
"2504.1","1555183",0.9995,0.933333333333333,15,0.923076923076923,13,0.0270743839510295,39,0.0236343645535633,39
"2505.1","1555228",0.9995,NA,0,NA,0,0,39,0,39
"2506.1","1555275",0.9995,1,24,1,24,0.0479749935697516,40,0.0479749935697516,40
"2507.1","1555526",0.9995,1,39,1,39,0.15557029831306,40,0.15557029831306,40
"2508.1","1556444",0.9995,1,40,1,40,0.91889351423579,40,0.91889351423579,40
"2509.1","1556451",0.9995,NA,0,NA,0,0,40,0,40
"2510.1","1556552",0.9995,1,40,1,40,0.184599360596568,40,0.184599360596568,40
"2511.1","1556869",0.9995,1,40,1,40,0.396903829719493,40,0.396903829719493,40
"2512.1","1556907",0.9995,1,40,1,40,0.553700793238935,40,0.553700793238935,40
"2513.1","1556958",0.9995,1,40,1,40,0.63496023655582,40,0.63496023655582,40
"2514.1","1557006",0.9995,0.947368421052632,19,0.941176470588235,17,0.13985236985237,40,0.110685703185703,40
"2515.1","1557052",0.9995,0.95,40,0.944444444444444,36,0.648605520414031,40,0.578924669350201,40
"2516.1","1557077",0.9995,1,40,1,40,0.216932312669636,40,0.216932312669636,40
"2517.1","1557088",0.9995,0.975,40,0.974358974358974,39,0.29469926249692,40,0.28996953276719,40
"2518.1","1557096",0.9995,1,40,1,40,0.507706556517892,40,0.507706556517892,40
"2519.1","1557109",0.9995,0.975,40,0.973684210526316,38,0.428125769244246,40,0.408003818024734,40
"2520.1","1557112",0.9995,0.95,40,0.944444444444444,36,0.556831763190243,40,0.498659033339266,40
"2521.1","1557121",0.9995,1,35,1,35,0.180519489642903,40,0.180519489642903,40
"2522.1","1557136",0.9995,0.975,40,0.973684210526316,38,0.119869086281358,40,0.111615881153153,40
"2523.1","1557159",0.9995,1,40,1,40,0.321559859933049,40,0.321559859933049,40
"2524.1","1557160",0.9995,1,40,1,40,0.31755610559009,40,0.31755610559009,40
"2525.1","1557207",0.9995,0.95,40,0.972972972972973,37,0.573169574654364,40,0.545312431797221,40
"2526.1","1557253",0.9995,1,40,1,40,0.701815378577636,40,0.701815378577636,40
"2527.1","1557271",0.9995,0.9,40,0.914285714285714,35,0.478773490670984,38,0.428052092581165,38
"2528.1","1557279",0.9995,0.785714285714286,14,0.916666666666667,12,0.0278114966309411,18,0.0278114966309411,18
"2529.1","1557283",0.9995,0.857142857142857,21,0.947368421052632,19,0.155803007652038,19,0.155803007652038,19
"2530.1","1558769",0.9995,0.925,40,0.941176470588235,34,0.153877851412422,40,0.126171758222458,40
"2531.1","1558773",0.9995,0.925,40,0.911764705882353,34,0.319177418926718,40,0.254074142573441,40
"2532.1","1558792",0.9995,0.875,40,0.866666666666667,30,0.335657781485845,39,0.2392943387783,39
"2533.1","1558794",0.9995,0.925,40,0.916666666666667,36,0.436022260757653,40,0.399362596892107,40
"2534.1","1558810",0.9995,0.95,40,0.944444444444444,36,0.518755171201127,38,0.462044977155407,38
"2535.1","1558812",0.9995,0.9,40,0.875,32,0.20518400753245,39,0.157994415515272,39
"2536.1","1558875",0.9995,0.888888888888889,27,0.904761904761905,21,0.0853214384717693,39,0.071002710107342,39
"2537.1","1558952",0.9995,1,40,1,40,0.696200008400891,40,0.696200008400891,40
"2538.1","1558959",0.9995,0.95,40,0.944444444444444,36,0.383075610473257,39,0.339817870247553,39
"2539.1","1558961",0.9995,0.952380952380952,21,0.947368421052632,19,0.0443224934667387,39,0.0367467358909811,39
"2540.1","1558963",0.9995,0.952380952380952,21,0.947368421052632,19,0.0632143928819121,39,0.0518183814859007,39
"2541.1","1558973",0.9995,0.975,40,0.973684210526316,38,0.270689030754696,40,0.250036856841652,40
"2542.1","1558978",0.9995,0.975,40,0.973684210526316,38,0.328638786957498,40,0.307880330297879,40
"2543.1","1558982",0.9995,1,40,1,40,0.866026359805268,40,0.866026359805268,40
"2544.1","1558998",0.9995,NA,0,NA,0,0,40,0,40
"2545.1","1559003",0.9995,NA,0,NA,0,0,40,0,40
"2546.1","1559089",0.9995,1,22,1,22,0.0386189594470062,40,0.0386189594470062,40
"2547.1","1559092",0.9995,0.973684210526316,38,0.972222222222222,36,0.0665239699351617,39,0.061358195538618,39
"2548.1","1559107",0.9995,0.95,40,0.972222222222222,36,0.583837870614327,40,0.531873584900042,40
"2549.1","1559108",0.9995,0.95,40,0.944444444444444,36,0.328355496913519,39,0.291828842739806,39
"2550.1","1559109",0.9995,1,39,1,39,0.116440281322021,40,0.116440281322021,40
"2551.1","1559127",0.9995,0.95,40,0.944444444444444,36,0.250179476840468,39,0.212786314447305,39
"2552.1","1559142",0.9995,0.95,40,0.972222222222222,36,0.323193316789702,39,0.293184011578784,39
"2553.1","1559228",0.9995,1,40,1,40,0.428690282651652,40,0.428690282651652,40
"2554.1","1559233",0.9995,1,40,1,40,0.183195568295413,40,0.183195568295413,40
"2555.1","1559307",0.9995,1,7,1,7,0.00626277780620218,38,0.00626277780620218,38
"2556.1","1559382",0.9995,0.975,40,0.973684210526316,38,0.493117736978526,40,0.467589281693973,40
"2557.1","1560",0.9995,0,1,0,1,0,37,0,37
"2558.1","1560079",0.9995,1,40,1,40,0.657282608695652,40,0.657282608695652,40
"2559.1","1560080",0.9995,1,40,1,40,0.704645556737948,40,0.704645556737948,40
"2560.1","1560082",0.9995,0.975,40,0.973684210526316,38,0.510213101300058,40,0.485148751235708,40
"2561.1","1560083",0.9995,1,40,1,40,0.658879274721027,40,0.658879274721027,40
"2562.1","1560086",0.9995,1,40,1,40,0.57213684810096,40,0.57213684810096,40
"2563.1","1560125",0.9995,1,16,1,16,0.0454402449654019,40,0.0454402449654019,40
"2564.1","1560154",0.9995,NA,0,NA,0,0,39,0,39
"2565.1","1560183",0.9995,1,40,1,40,0.380712432585407,40,0.380712432585407,40
"2566.1","1560186",0.9995,1,40,1,40,0.478576327490264,40,0.478576327490264,40
"2567.1","1560220",0.9995,NA,0,NA,0,0,40,0,40
"2568.1","1560225",0.9995,1,40,1,40,0.219285803428362,40,0.219285803428362,40
"2569.1","1560227",0.9995,0.975,40,0.973684210526316,38,0.0864552347004098,39,0.0763659088216103,39
"2570.1","1560244",0.9995,0.925,40,0.942857142857143,35,0.456589964163737,38,0.39767773142879,38
"2571.1","1560250",0.9995,0.975,40,0.973684210526316,38,0.824357307107992,40,0.782867945405865,40
"2572.1","1560295",0.9995,NA,0,NA,0,0,39,0,39
"2573.1","1560341",0.9995,0.975,40,0.973684210526316,38,0.322697633613353,40,0.303947633613353,40
"2574.1","1560395",0.9995,1,40,1,40,0.453555378203742,40,0.453555378203742,40
"2575.1","1560400",0.9995,1,40,1,40,0.439337817245149,40,0.439337817245149,40
"2576.1","1560401",0.9995,0.975,40,0.973684210526316,38,0.474794593129817,40,0.448895202885915,40
"2577.1","1560419",0.9995,1,40,1,40,0.769324503409869,40,0.769324503409869,40
"2578.1","1560432",0.9995,1,40,1,40,0.401491938923873,40,0.401491938923873,40
"2579.1","1560439",0.9995,0.95,40,0.944444444444444,36,0.263484527438456,39,0.226362939349126,39
"2580.1","1560483",0.9995,0.925,40,0.945945945945946,37,0.431253009189391,39,0.402406855343238,39
"2581.1","1560499",0.9995,1,26,1,26,0.0585940981028242,39,0.0585940981028242,39
"2582.1","1560511",0.9995,1,40,1,40,0.589229990577707,40,0.589229990577707,40
"2583.1","1560601",0.9995,0.894736842105263,38,0.90625,32,0.160765088932216,38,0.137252426227066,38
"2584.1","1560604",0.9995,0.96,25,0.956521739130435,23,0.0897056535782946,39,0.0828263540160682,39
"2585.1","1560612",0.9995,0.975,40,0.973684210526316,38,0.166780397395842,39,0.159398890014335,39
"2586.1","1560616",0.9995,NA,0,NA,0,0,40,0,40
"2587.1","1560619",0.9995,0.868421052631579,38,0.862068965517241,29,0.308284137241847,39,0.242502816897051,39
"2588.1","1560702",0.9995,NA,0,NA,0,0,40,0,40
"2589.1","1560703",0.9995,NA,0,NA,0,0,40,0,40
"2590.1","1560712",0.9995,1,40,1,40,0.544161706251776,40,0.544161706251776,40
"2591.1","1560732",0.9995,0.975,40,0.973684210526316,38,0.171327136098535,40,0.162129163528469,40
"2592.1","1560737",0.9995,0.975,40,0.973684210526316,38,0.137919871558452,40,0.124794871558452,40
"2593.1","1560738",0.9995,0.975,40,0.973684210526316,38,0.346680163125487,40,0.323069052014376,40
"2594.1","1560774",0.9995,1,40,1,40,0.279169541995812,40,0.279169541995812,40
"2595.1","1560788",0.9995,0.95,40,0.944444444444444,36,0.239803953513631,40,0.211000801020962,40
"2596.1","1560811",0.9995,0.95,40,0.944444444444444,36,0.326258090950877,40,0.295789340950877,40
"2597.1","1560845",0.9995,1,40,1,40,0.244346544571503,40,0.244346544571503,40
"2598.1","1560850",0.9995,1,40,1,40,0.441700234235101,40,0.441700234235101,40
"2599.1","1560851",0.9995,0.95,40,0.947368421052632,38,0.373206172258209,40,0.347885659437696,40
"2600.1","1561015",0.9995,1,28,1,28,0.167894402793876,40,0.167894402793876,40
"2601.1","1561021",0.9995,NA,0,NA,0,0,39,0,39
"2602.1","1561023",0.9995,1,40,1,40,0.661609049362162,40,0.661609049362162,40
"2603.1","1562260",0.9995,0.975,40,0.973684210526316,38,0.916159420289855,40,0.869420289855072,40
"2604.1","1562267",0.9995,1,40,1,40,0.529436477487432,40,0.529436477487432,40
"2605.1","1562272",0.9995,0.975,40,0.973684210526316,38,0.236000446126079,39,0.220279364794137,39
"2606.1","1562309",0.9995,0.935483870967742,31,0.925925925925926,27,0.113287809269962,38,0.0970547550434865,38
"2607.1","1562351",0.9995,1,40,1,40,0.190496593537387,40,0.190496593537387,40
"2608.1","1562375",0.9995,1,5,1,5,0.0108129268974857,40,0.0108129268974857,40
"2609.1","1562387",0.9995,0.975,40,0.973684210526316,38,0.334196280464878,40,0.315446280464878,40
"2610.1","1562388",0.9995,1,40,1,40,0.387886410304539,40,0.387886410304539,40
"2611.1","1562405",0.9995,1,32,1,32,0.185723171313442,40,0.185723171313442,40
"2612.1","1562434",0.9995,NA,0,NA,0,0,40,0,40
"2613.1","1562641",0.9995,0.95,40,0.944444444444444,36,0.459378477238651,40,0.417734860544325,40
"2614.1","1562642",0.9995,1,40,1,40,0.337112746239659,40,0.337112746239659,40
"2615.1","1562646",0.9995,0.9,40,0.90625,32,0.333917877974156,40,0.24914178563758,40
"2616.1","1562671",0.9995,1,40,1,40,0.0760921483220899,40,0.0760921483220899,40
"2617.1","1562693",0.9995,1,40,1,40,0.196291823135479,40,0.196291823135479,40
"2618.1","1562703",0.9995,1,40,1,40,0.383556531167306,40,0.383556531167306,40
"2619.1","1562711",0.9995,NA,0,NA,0,0,39,0,39
"2620.1","1562712",0.9995,0.928571428571429,14,0.916666666666667,12,0.0501133717102871,40,0.0397322741493115,40
"2621.1","1563262",0.9995,0.975,40,0.973684210526316,38,0.367189304496707,40,0.343407253214656,40
"2622.1","1563392",0.9995,1,40,1,40,0.334154885412236,40,0.334154885412236,40
"2623.1","1563396",0.9995,0.975,40,0.973684210526316,38,0.438144066883293,40,0.415948944932074,40
"2624.1","1563647",0.9995,0.95,40,0.944444444444444,36,0.511377930538938,40,0.460422839174364,40
"2625.1","1563654",0.9995,0.975,40,0.974358974358974,39,0.39107804246048,40,0.380661375793813,40
"2626.1","1564468",0.9995,0.975,40,0.973684210526316,38,0.478296633244433,40,0.456489273937074,40
"2627.1","1564487",0.9995,1,40,1,40,0.357318446007999,40,0.357318446007999,40
"2628.1","1565055",0.9995,1,40,1,40,0.373510462241858,40,0.373510462241858,40
"2629.1","1565139",0.9995,1,40,1,40,0.633813993977037,40,0.633813993977037,40
"2630.1","1565758",0.9995,1,40,1,40,0.395408873773345,40,0.395408873773345,40
"2631.1","1565761",0.9995,0.96969696969697,33,0.967741935483871,31,0.0920064280193757,40,0.0842079684558326,40
"2632.1","1565769",0.9995,0.9,40,0.909090909090909,33,0.429785401980822,40,0.372018602268724,40
"2633.1","1567078",0.9995,1,40,1,40,0.520591496506007,40,0.520591496506007,40
"2634.1","1567079",0.9995,1,40,1,40,0.439025682245277,40,0.439025682245277,40
"2635.1","1567084",0.9995,1,40,1,40,0.536629280203626,40,0.536629280203626,40
"2636.1","1567937",0.9995,1,9,1,9,0.0270834595768318,40,0.0270834595768318,40
"2637.1","1567959",0.9995,0.95,40,0.944444444444444,36,0.347868990334528,39,0.313386231713838,39
"2638.1","1567966",0.9995,0.9,40,0.875,32,0.410272009895231,40,0.302963542153296,40
"2639.1","1567969",0.9995,0.975,40,0.973684210526316,38,0.148173868264585,40,0.142033517387392,40
"2640.1","1567972",0.9995,0.95,40,0.944444444444444,36,0.438402491273737,39,0.378900900522146,39
"2641.1","1568002",0.9995,NA,0,NA,0,0,40,0,40
"2642.1","1568073",0.9995,1,40,1,40,0.212856040901444,40,0.212856040901444,40
"2643.1","1568098",0.9995,0.973684210526316,38,0.972222222222222,36,0.148028124850463,40,0.136681971004309,40
"2644.1","1568103",0.9995,0.95,40,0.944444444444444,36,0.557256595954976,40,0.495869285348916,40
"2645.1","1568140",0.9995,0.95,40,0.944444444444444,36,0.332854828833447,40,0.304539923924115,40
"2646.1","1568149",0.9995,1,40,1,40,0.146963600803319,40,0.146963600803319,40
"2647.1","1568970",0.9995,0.921052631578947,38,0.939393939393939,33,0.299067550308196,40,0.272667774272361,40
"2648.1","1568985",0.9995,0.974358974358974,39,0.972972972972973,37,0.360892110253812,40,0.347400046761749,40
"2649.1","1569056",0.9995,0.975,40,0.973684210526316,38,0.673732256398966,40,0.64611862003533,40
"2650.1","1569126",0.9995,0.974358974358974,39,0.972972972972973,37,0.308825416837735,40,0.298187118965394,40
"2651.1","1569314",0.9995,1,40,1,40,0.575975714592736,40,0.575975714592736,40
"2652.1","1569441",0.9995,0.975,40,0.973684210526316,38,0.639315236009727,40,0.607396044090535,40
"2653.1","1569450",0.9995,0.925,40,0.911764705882353,34,0.66684834001439,40,0.56563829787234,40
"2654.1","1569454",0.9995,0.95,40,0.972222222222222,36,0.365832921616075,40,0.332161769387312,40
"2655.1","1569540",0.9995,1,40,1,40,0.650852872587378,40,0.650852872587378,40
"2656.1","1569570",0.9995,1,40,1,40,0.675355415860735,40,0.675355415860735,40
"2657.1","1569581",0.9995,0.975,40,0.973684210526316,38,0.707729024752614,40,0.676062358085947,40
"2658.1","1569595",0.9995,1,40,1,40,0.661403045253647,40,0.661403045253647,40
"2659.1","1569625",0.9995,0.95,40,0.944444444444444,36,0.54261100615257,40,0.48985686903673,40
"2660.1","1569634",0.9995,1,40,1,40,0.631192393406778,40,0.631192393406778,40
"2661.1","1569694",0.9995,0.975,40,0.973684210526316,38,0.697202611218569,40,0.665889479905437,40
"2662.1","1569703",0.9995,0.975,40,0.973684210526316,38,0.329695212305946,40,0.29453478449846,40
"2663.1","1569764",0.9995,1,40,1,40,0.683464424758742,40,0.683464424758742,40
"2664.1","1569788",0.9995,1,40,1,40,0.569095768041189,40,0.569095768041189,40
"2665.1","1569828",0.9995,0.975,40,0.973684210526316,38,0.557877504302476,40,0.538728568132264,40
"2666.1","1569858",0.9995,1,40,1,40,0.72569360204787,40,0.72569360204787,40
"2667.1","1569934",0.9995,1,40,1,40,0.477693673671711,40,0.477693673671711,40
"2668.1","1569999",0.9995,1,22,1,22,0.0704954205507549,40,0.0704954205507549,40
"2669.1","1570031",0.9995,NA,0,NA,0,0,40,0,40
"2670.1","1570252",0.9995,0.948717948717949,39,0.942857142857143,35,0.173176725110464,39,0.157819533282684,39
"2671.1","1570265",0.9995,NA,0,NA,0,0,38,0,38
"2672.1","1570289",0.9995,0.975,40,0.973684210526316,38,0.519171024902066,40,0.493034661265702,40
"2673.1","1570315",0.9995,1,40,1,40,0.718783947183328,40,0.718783947183328,40
"2674.1","1570328",0.9995,1,40,1,40,0.363872061646788,40,0.363872061646788,40
"2675.1","1570331",0.9995,1,40,1,40,0.40076449265847,40,0.40076449265847,40
"2676.1","1570336",0.9995,1,40,1,40,0.43489909107602,40,0.43489909107602,40
"2677.1","1570338",0.9995,1,40,1,40,0.423478201369127,40,0.423478201369127,40
"2678.1","1570347",0.9995,0.975,40,0.973684210526316,38,0.523641485221119,39,0.497469955601313,39
"2679.1","1570380",0.9995,1,39,1,39,0.157058757999756,40,0.157058757999756,40
"2680.1","1571548",0.9995,NA,0,NA,0,0,39,0,39
"2681.1","1571706",0.9995,0.925,40,0.941176470588235,34,0.433908758187276,39,0.378703314614102,39
"2682.1","1571747",0.9995,0.975,40,0.973684210526316,38,0.407682775469031,40,0.385713078499334,40
"2683.1","1571752",0.9995,0.975,40,0.973684210526316,38,0.674394722160853,40,0.642002035356402,40
"2684.1","1573502",0.9995,0.925,40,0.911764705882353,34,0.285367672182074,40,0.241807066121468,40
"2685.1","1573537",0.9995,0.95,40,0.944444444444444,36,0.231356684566015,39,0.199353965063296,39
"2686.1","1573539",0.9995,1,22,1,22,0.0605365794386046,40,0.0605365794386046,40
"2687.1","1573544",0.9995,NA,0,NA,0,0,40,0,40
"2688.1","1573551",0.9995,0.95,40,0.944444444444444,36,0.174759954563998,39,0.15920897328721,39
"2689.1","1573563",0.9995,0.975,40,0.973684210526316,38,0.406744376046881,40,0.385420846635117,40
"2690.1","1573603",0.9995,0.95,40,0.944444444444444,36,0.375379721053436,40,0.330327637720103,40
"2691.1","1573621",0.9995,1,40,1,40,0.220018868382703,40,0.220018868382703,40
"2692.1","1573662",0.9995,1,26,1,26,0.0973476731730873,40,0.0973476731730873,40
"2693.1","1573678",0.9995,1,40,1,40,0.278176454722076,40,0.278176454722076,40
"2694.1","1573721",0.9995,1,40,1,40,0.493185294428074,40,0.493185294428074,40
"2695.1","1573998",0.9995,1,38,1,38,0.0502721571141417,40,0.0502721571141417,40
"2696.1","1574005",0.9995,1,40,1,40,0.190912102590352,40,0.190912102590352,40
"2697.1","1574025",0.9995,0.975,40,0.973684210526316,38,0.0931548212847208,40,0.0835417260466256,40
"2698.1","1574039",0.9995,0.925,40,0.945945945945946,37,0.407586246340274,39,0.392445831199859,39
"2699.1","1574047",0.9995,0.975,40,0.973684210526316,38,0.570125382723646,40,0.542407991419298,40
"2700.1","1574068",0.9995,0.95,40,0.944444444444444,36,0.364176261288312,40,0.32454557947013,40
"2701.1","1574091",0.9995,0.975,40,0.973684210526316,38,0.332620476981077,40,0.319223041083641,40
"2702.1","1574102",0.9995,1,5,1,5,0.00674825281938599,39,0.00674825281938599,39
"2703.1","1574105",0.9995,1,40,1,40,0.504497589529383,40,0.504497589529383,40
"2704.1","1579696",0.9995,0.975,40,0.973684210526316,38,0.287288155162562,40,0.270408420314077,40
"2705.1","1579708",0.9995,0.9,40,0.90625,32,0.550540317975685,40,0.443397460832828,40
"2706.1","1579716",0.9995,1,30,1,30,0.130806918775669,40,0.130806918775669,40
"2707.1","1579718",0.9995,0.897435897435897,39,0.909090909090909,33,0.117831209505955,38,0.0947341523469282,38
"2708.1","1579722",0.9995,0.925,40,0.911764705882353,34,0.250109221953414,38,0.207844469162346,38
"2709.1","1579771",0.9995,0.95,40,0.944444444444444,36,0.331018287805066,40,0.298875430662209,40
"2710.1","1579792",0.9995,0.9,40,0.909090909090909,33,0.452959880838079,39,0.405027705486549,39
"2711.1","1579816",0.9995,NA,0,NA,0,0,38,0,38
"2712.1","1579861",0.9995,0.925,40,0.942857142857143,35,0.36836263798574,40,0.331265863792192,40
"2713.1","1579881",0.9995,1,6,1,6,0.0081307603686636,40,0.0081307603686636,40
"2714.1","1579888",0.9995,0.974358974358974,39,0.972972972972973,37,0.136368693611107,39,0.12406958920674,39
"2715.1","1579910",0.9995,0.95,40,0.944444444444444,36,0.305899433276562,40,0.273748590483304,40
"2716.1","1579954",0.9995,0.95,40,0.944444444444444,36,0.521939939319799,40,0.449103804866017,40
"2717.1","1579987",0.9995,1,40,1,40,0.413752439714778,40,0.413752439714778,40
"2718.1","1580004",0.9995,NA,0,NA,0,0,40,0,40
"2719.1","1580146",0.9995,0.925,40,0.942857142857143,35,0.520637168225113,40,0.456030160649356,40
"2720.1","1580175",0.9995,0.95,40,0.944444444444444,36,0.471583469721768,40,0.421051554828151,40
"2721.1","1580391",0.9995,1,14,1,14,0.0195336568718921,39,0.0195336568718921,39
"2722.1","1580406",0.9995,0.925,40,0.911764705882353,34,0.322537831041508,40,0.273749952253629,40
"2723.1","1580412",0.9995,0.925,40,0.911764705882353,34,0.520198541947712,39,0.434596671507988,39
"2724.1","1580414",0.9995,0.925,40,0.911764705882353,34,0.449490749778106,39,0.379172179459536,39
"2725.1","1580421",0.9995,1,40,1,40,0.218372840488797,40,0.218372840488797,40
"2726.1","1580470",0.9995,1,27,1,27,0.0578990206015869,40,0.0578990206015869,40
"2727.1","1580477",0.9995,0.96,25,0.956521739130435,23,0.0640151459674104,39,0.0602300421823066,39
"2728.1","1580482",0.9995,NA,0,NA,0,0,40,0,40
"2729.1","1580483",0.9995,0.95,40,0.944444444444444,36,0.35611557465733,40,0.318323176996511,40
"2730.1","1580489",0.9995,1,40,1,40,0.442564464572066,40,0.442564464572066,40
"2731.1","1580504",0.9995,0.95,40,0.944444444444444,36,0.460351439280317,40,0.408367057594395,40
"2732.1","1580505",0.9995,0.975,40,0.973684210526316,38,0.397304618183502,40,0.373867118183502,40
"2733.1","1580510",0.9995,1,39,1,39,0.176952226350935,40,0.176952226350935,40
"2734.1","1580515",0.9995,0.975,40,0.973684210526316,38,0.349377158647728,40,0.334281004801574,40
"2735.1","1580596",0.9995,0.95,40,0.944444444444444,36,0.393363512841506,40,0.343101862726914,40
"2736.1","1580687",0.9995,0.95,40,0.947368421052632,38,0.293754043335697,40,0.273910293335697,40
"2737.1","1580693",0.9995,0.925,40,0.916666666666667,36,0.318451698649337,39,0.294326398661968,39
"2738.1","1580736",0.9995,0.967741935483871,31,0.96551724137931,29,0.0623687485884149,40,0.0565547951000428,40
"2739.1","1580744",0.9995,0.933333333333333,15,0.923076923076923,13,0.0263894928063852,40,0.0248556100225024,40
"2740.1","1580745",0.9995,0.95,40,0.944444444444444,36,0.385699863548972,38,0.338722488446597,38
"2741.1","1580792",0.9995,0.96,25,0.956521739130435,23,0.0708757275226903,39,0.0689505209463209,39
"2742.1","1580793",0.9995,0.925,40,0.911764705882353,34,0.487295146093151,40,0.414211996044275,40
"2743.1","1580805",0.9995,0.921052631578947,38,0.90625,32,0.144030808083826,38,0.103732800922429,38
"2744.1","1580818",0.9995,0.95,40,0.944444444444444,36,0.101576134338325,39,0.0867886183312963,39
"2745.1","1580824",0.9995,0.975,40,0.973684210526316,38,0.294618704193276,39,0.269754679329252,39
"2746.1","1580844",0.9995,0.9,40,0.909090909090909,33,0.366126859749579,39,0.306839505927812,39
"2747.1","1580863",0.9995,0.975,40,0.973684210526316,38,0.201709525755083,40,0.194877693923251,40
"2748.1","1580875",0.9995,NA,0,NA,0,0,40,0,40
"2749.1","1580889",0.9995,1,40,1,40,0.3458873618486,40,0.3458873618486,40
"2750.1","1582192",0.9995,NA,0,NA,0,0,34,0,34
"2751.1","1582206",0.9995,1,11,1,11,0.0259596966462144,39,0.0259596966462144,39
"2752.1","1582241",0.9995,0.975,40,0.973684210526316,38,0.679089193516374,40,0.63886704082551,40
"2753.1","1582250",0.9995,1,40,1,40,0.901248843663275,40,0.901248843663275,40
"2754.1","1582251",0.9995,1,40,1,40,0.347887206069365,40,0.347887206069365,40
"2755.1","1582287",0.9995,NA,0,NA,0,0,40,0,40
"2756.1","1582298",0.9995,0.975,40,0.973684210526316,38,0.627128514119934,40,0.596277450290147,40
"2757.1","1582432",0.9995,1,40,1,40,1,40,1,40
"2758.1","1582557",0.9995,NA,0,NA,0,0,40,0,40
"2759.1","1582565",0.9995,NA,0,NA,0,0,38,0,38
"2760.1","1582593",0.9995,NA,0,NA,0,0,38,0,38
"2761.1","1582595",0.9995,NA,0,NA,0,0,38,0,38
"2762.1","1582614",0.9995,1,23,1,23,0.0446213852122689,40,0.0446213852122689,40
"2763.1","1582620",0.9995,1,40,1,40,0.459471544715447,40,0.459471544715447,40
"2764.1","1582627",0.9995,1,40,1,40,0.563679410056532,40,0.563679410056532,40
"2765.1","1582634",0.9995,1,40,1,40,0.481836990809438,40,0.481836990809438,40
"2766.1","1582644",0.9995,NA,0,NA,0,0,39,0,39
"2767.1","1582645",0.9995,NA,0,NA,0,0,38,0,38
"2768.1","1582650",0.9995,NA,0,NA,0,0,39,0,39
"2769.1","1582656",0.9995,NA,0,NA,0,0,40,0,40
"2770.1","1582669",0.9995,1,24,1,24,0.0532362473641395,40,0.0532362473641395,40
"2771.1","1582675",0.9995,NA,0,NA,0,0,39,0,39
"2772.1","1582692",0.9995,1,34,1,34,0.0710035917717093,40,0.0710035917717093,40
"2773.1","1582695",0.9995,1,5,1,5,0.00916448896631824,40,0.00916448896631824,40
"2774.1","1582700",0.9995,1,10,1,10,0.0102794209005213,40,0.0102794209005213,40
"2775.1","1582701",0.9995,1,16,1,16,0.0285765098722416,40,0.0285765098722416,40
"2776.1","1582711",0.9995,1,40,1,40,0.470941652568141,40,0.470941652568141,40
"2777.1","1582716",0.9995,1,40,1,40,0.400677423351842,40,0.400677423351842,40
"2778.1","1582739",0.9995,1,16,1,16,0.0446435323987791,40,0.0446435323987791,40
"2779.1","1582744",0.9995,1,24,1,24,0.0413178604973543,40,0.0413178604973543,40
"2780.1","1582748",0.9995,NA,0,NA,0,0,39,0,39
"2781.1","1582785",0.9995,NA,0,NA,0,0,38,0,38
"2782.1","1582788",0.9995,1,8,1,8,0.00932268714458164,39,0.00932268714458164,39
"2783.1","1582831",0.9995,1,8,1,8,0.0198117172050099,40,0.0198117172050099,40
"2784.1","1582837",0.9995,1,13,1,13,0.0216434378629501,40,0.0216434378629501,40
"2785.1","1582842",0.9995,1,11,1,11,0.0176538908246225,40,0.0176538908246225,40
"2786.1","1582852",0.9995,1,15,1,15,0.0365354604689295,40,0.0365354604689295,40
"2787.1","1582863",0.9995,1,39,1,39,0.12186668570953,40,0.12186668570953,40
"2788.1","1582868",0.9995,0.975,40,0.973684210526316,38,0.190479992699221,40,0.18018449551348,40
"2789.1","1582878",0.9995,1,19,1,19,0.0438834296009192,40,0.0438834296009192,40
"2790.1","1582921",0.9995,1,15,1,15,0.0417030762882817,40,0.0417030762882817,40
"2791.1","1582924",0.9995,1,15,1,15,0.053760162601626,40,0.053760162601626,40
"2792.1","1582941",0.9995,1,33,1,33,0.0608873310539042,40,0.0608873310539042,40
"2793.1","1582950",0.9995,1,19,1,19,0.0339582826891392,40,0.0339582826891392,40
"2794.1","1582955",0.9995,0.975,40,0.973684210526316,38,0.278737541317061,40,0.263918700737351,40
"2795.1","1583727",0.9995,NA,0,NA,0,0,37,0,37
"2796.1","1583742",0.9995,NA,0,NA,0,0,40,0,40
"2797.1","1583765",0.9995,NA,0,NA,0,0,40,0,40
"2798.1","1583825",0.9995,1,40,1,40,0.320128611698379,40,0.320128611698379,40
"2799.1","1583839",0.9995,1,40,1,40,0.660153474416804,40,0.660153474416804,40
"2800.1","1583841",0.9995,1,40,1,40,0.501374456852181,40,0.501374456852181,40
"2801.1","1583887",0.9995,1,40,1,40,0.452361328811027,40,0.452361328811027,40
"2802.1","1583888",0.9995,0.974358974358974,39,0.972972972972973,37,0.394183875189299,40,0.376683875189299,40
"2803.1","1583899",0.9995,0.975,40,0.973684210526316,38,0.641818872842112,40,0.61292804821958,40
"2804.1","1583902",0.9995,1,40,1,40,0.494241734489195,40,0.494241734489195,40
"2805.1","1583903",0.9995,1,40,1,40,0.151727082822666,40,0.151727082822666,40
"2806.1","1584032",0.9995,1,40,1,40,0.282592433174426,40,0.282592433174426,40
"2807.1","1584086",0.9995,0.95,40,0.944444444444444,36,0.634842199709407,40,0.56800844866513,40
"2808.1","1584177",0.9995,NA,0,NA,0,0,33,0,33
"2809.1","1584256",0.9995,NA,0,NA,0,0,3,0,3
"2810.1","1584439",0.9995,1,14,1,14,0.0291022342973445,38,0.0291022342973445,38
"2811.1","1584446",0.9995,1,40,1,40,0.554432738314317,40,0.554432738314317,40
"2812.1","1584454",0.9995,1,40,1,40,0.42390665374677,40,0.42390665374677,40
"2813.1","1584456",0.9995,0.975,40,0.973684210526316,38,0.403154510218464,40,0.384177237491191,40
"2814.1","1584461",0.9995,1,40,1,40,0.505235641296688,40,0.505235641296688,40
"2815.1","1584463",0.9995,1,40,1,40,0.501971663160688,40,0.501971663160688,40
"2816.1","1584474",0.9995,0.857142857142857,21,0.8,15,0.0283145716072545,39,0.0201688555347092,39
"2817.1","1584478",0.9995,1,40,1,40,0.234092774496514,40,0.234092774496514,40
"2818.1","1584487",0.9995,1,40,1,40,0.501463138614301,40,0.501463138614301,40
"2819.1","1584500",0.9995,1,40,1,40,0.431362046360365,40,0.431362046360365,40
"2820.1","1584517",0.9995,0.925,40,0.911764705882353,34,0.1880522578197,39,0.161083102943568,39
"2821.1","1584523",0.9995,1,40,1,40,0.240508858364198,40,0.240508858364198,40
"2822.1","1584529",0.9995,0.974358974358974,39,0.972972972972973,37,0.352958508925206,39,0.337137450550957,39
"2823.1","1584536",0.9995,1,40,1,40,0.277707623945919,40,0.277707623945919,40
"2824.1","1584556",0.9995,1,40,1,40,0.651449582748845,40,0.651449582748845,40
"2825.1","1584603",0.9995,0.95,40,0.944444444444444,36,0.307697332655796,39,0.279029763665647,39
"2826.1","1584628",0.9995,0.95,40,0.944444444444444,36,0.241556533874347,40,0.21314653733935,40
"2827.1","1584629",0.9995,1,40,1,40,0.378820373915923,40,0.378820373915923,40
"2828.1","1584810",0.9995,1,7,1,7,0.0122539559736223,40,0.0122539559736223,40
"2829.1","1585",0.9995,NA,0,NA,0,0,39,0,39
"2830.1","1585133",0.9995,NA,0,NA,0,0,40,0,40
"2831.1","1585156",0.9995,1,40,1,40,0.348837678872256,40,0.348837678872256,40
"2832.1","1585212",0.9995,0.925,40,0.914285714285714,35,0.346059649680141,40,0.302539912838036,40
"2833.1","1585243",0.9995,0.925,40,0.916666666666667,36,0.305506359774251,40,0.279768334358806,40
"2834.1","1585255",0.9995,0.975,40,0.973684210526316,38,0.266524999474595,39,0.251946835702883,39
"2835.1","1585275",0.9995,0.95,40,0.944444444444444,36,0.405391065521742,40,0.369071621077297,40
"2836.1","1585298",0.9995,1,4,1,4,0.0154857397504456,40,0.0154857397504456,40
"2837.1","1585310",0.9995,0.975,40,0.973684210526316,38,0.269817249336624,40,0.244049705476975,40
"2838.1","1585330",0.9995,NA,0,NA,0,0,39,0,39
"2839.1","1585341",0.9995,1,36,1,36,0.174093630654361,40,0.174093630654361,40
"2840.1","1585344",0.9995,1,6,1,6,0.011176092058445,40,0.011176092058445,40
"2841.1","1585368",0.9995,NA,0,NA,0,0,38,0,38
"2842.1","1585378",0.9995,NA,0,NA,0,0,39,0,39
"2843.1","1585386",0.9995,NA,0,NA,0,0,39,0,39
"2844.1","1585412",0.9995,NA,0,NA,0,0,39,0,39
"2845.1","1585422",0.9995,1,5,1,5,0.0339515582655827,40,0.0339515582655827,40
"2846.1","1585428",0.9995,NA,0,NA,0,0,39,0,39
"2847.1","1585429",0.9995,0.857142857142857,7,0.833333333333333,6,0.00514884385852128,37,0.00432984303952046,37
"2848.1","1585435",0.9995,NA,0,NA,0,0,38,0,38
"2849.1","1585444",0.9995,0.95,40,0.972972972972973,37,0.212356277092819,40,0.201791261612943,40
"2850.1","1585452",0.9995,0.925925925925926,27,0.958333333333333,24,0.0665837622387682,39,0.06337863403364,39
"2851.1","1585492",0.9995,NA,0,NA,0,0,37,0,37
"2852.1","1585493",0.9995,0.5,2,0.5,2,0.000801282051282051,39,0.000801282051282051,39
"2853.1","1585514",0.9995,0.90625,32,0.925925925925926,27,0.182905949442784,37,0.157225252865581,37
"2854.1","1585546",0.9995,0.9,10,0.875,8,0.0129861945120097,40,0.011447368754434,40
"2855.1","1585568",0.9995,0.909090909090909,33,0.928571428571429,28,0.152336723043962,39,0.133778993510622,39
"2856.1","1585569",0.9995,NA,0,NA,0,0,37,0,37
"2857.1","1585573",0.9995,NA,0,NA,0,0,38,0,38
"2858.1","1585576",0.9995,1,38,1,38,0.121486908662789,40,0.121486908662789,40
"2859.1","1585601",0.9995,1,40,1,40,0.226918085803677,40,0.226918085803677,40
"2860.1","1585611",0.9995,0.9,10,0.875,8,0.0209752321981424,38,0.0151272789817681,38
"2861.1","1585626",0.9995,1,40,1,40,0.343202416807793,40,0.343202416807793,40
"2862.1","1585628",0.9995,1,39,1,39,0.222781391334206,40,0.222781391334206,40
"2863.1","1585635",0.9995,1,5,1,5,0.0149087467005424,38,0.0149087467005424,38
"2864.1","1585644",0.9995,0.921052631578947,38,0.90625,32,0.0894519734378881,39,0.0648284488143635,39
"2865.1","1585655",0.9995,0.921052631578947,38,0.9375,32,0.130886831172062,38,0.109984610120035,38
"2866.1","1585660",0.9995,1,2,1,2,0.00601173020527859,22,0.00601173020527859,22
"2867.1","1585672",0.9995,1,6,1,6,0.005952276387059,40,0.005952276387059,40
"2868.1","1585711",0.9995,NA,0,NA,0,0,39,0,39
"2869.1","1585754",0.9995,1,28,1,28,0.0665813011125511,40,0.0665813011125511,40
"2870.1","1585762",0.9995,NA,0,NA,0,0,40,0,40
"2871.1","1585779",0.9995,NA,0,NA,0,0,40,0,40
"2872.1","1585785",0.9995,NA,0,NA,0,0,40,0,40
"2873.1","1585787",0.9995,NA,0,NA,0,0,38,0,38
"2874.1","1585793",0.9995,0.9,10,0.888888888888889,9,0.0333194722038535,39,0.0312681901525715,39
"2875.1","1585808",0.9995,1,5,1,5,0.00804222560863927,40,0.00804222560863927,40
"2876.1","1585817",0.9995,1,30,1,30,0.0391541396199807,40,0.0391541396199807,40
"2877.1","1585820",0.9995,NA,0,NA,0,0,39,0,39
"2878.1","1585822",0.9995,0.972222222222222,36,0.970588235294118,34,0.175631775443258,40,0.159722684534167,40
"2879.1","1585825",0.9995,NA,0,NA,0,0,33,0,33
"2880.1","1585835",0.9995,NA,0,NA,0,0,40,0,40
"2881.1","1585856",0.9995,1,2,1,2,0.00309597523219814,38,0.00309597523219814,38
"2882.1","1585865",0.9995,NA,0,NA,0,0,30,0,30
"2883.1","1585868",0.9995,1,37,1,37,0.163188439667662,40,0.163188439667662,40
"2884.1","1585881",0.9995,0.857142857142857,7,0.8,5,0.0458590921748816,38,0.00826510721247563,38
"2885.1","1585905",0.9995,1,3,1,3,0.00967594497006262,39,0.00967594497006262,39
"2886.1","1585906",0.9995,NA,0,NA,0,0,40,0,40
"2887.1","1585907",0.9995,NA,0,NA,0,0,40,0,40
"2888.1","1585912",0.9995,1,1,1,1,0.00106837606837607,39,0.00106837606837607,39
"2889.1","1585925",0.9995,NA,0,NA,0,0,37,0,37
"2890.1","1585927",0.9995,0.5,2,0,1,0.00208333333333333,24,0,24
"2891.1","1585929",0.9995,NA,0,NA,0,0,38,0,38
"2892.1","1585943",0.9995,NA,0,NA,0,0,40,0,40
"2893.1","1585955",0.9995,1,1,1,1,0.000793650793650794,35,0.000793650793650794,35
"2894.1","1585958",0.9995,0.975,40,0.973684210526316,38,0.270392694351111,40,0.255022986539542,40
"2895.1","1585972",0.9995,NA,0,NA,0,0,40,0,40
"2896.1","1585977",0.9995,NA,0,NA,0,0,38,0,38
"2897.1","1586002",0.9995,NA,0,NA,0,0,39,0,39
"2898.1","1586009",0.9995,0.975,40,0.973684210526316,38,0.443075942759292,40,0.420679766094823,40
"2899.1","1586012",0.9995,1,40,1,40,0.312957712600624,40,0.312957712600624,40
"2900.1","1586013",0.9995,1,37,1,37,0.190841660472957,40,0.190841660472957,40
"2901.1","1586032",0.9995,0.975,40,0.973684210526316,38,0.15006764748063,40,0.133507818420801,40
"2902.1","1586037",0.9995,1,2,1,2,0.00219534050179211,40,0.00219534050179211,40
"2903.1","1586052",0.9995,0.975,40,0.973684210526316,38,0.341465203182248,40,0.306176741643786,40
"2904.1","1586069",0.9995,1,15,1,15,0.0530757316833451,40,0.0530757316833451,40
"2905.1","1586077",0.9995,NA,0,NA,0,0,38,0,38
"2906.1","1586091",0.9995,NA,0,NA,0,0,34,0,34
"2907.1","1586100",0.9995,1,9,1,9,0.0211324322843333,35,0.0211324322843333,35
"2908.1","1586103",0.9995,1,32,1,32,0.121527273766238,40,0.121527273766238,40
"2909.1","1586113",0.9995,0.947368421052632,19,0.941176470588235,17,0.0822384276365659,39,0.0776596730578113,39
"2910.1","1586124",0.9995,0.933333333333333,15,0.933333333333333,15,0.0890592392388369,36,0.0890592392388369,36
"2911.1","1586126",0.9995,0.857142857142857,7,0.833333333333333,6,0.00919068699241113,37,0.00665690320862735,37
"2912.1","1586144",0.9995,NA,0,NA,0,0,39,0,39
"2913.1","1586151",0.9995,1,22,1,22,0.146046482546907,40,0.146046482546907,40
"2914.1","1586161",0.9995,0.952380952380952,21,0.947368421052632,19,0.029312335804385,36,0.0267524229503545,36
"2915.1","1586167",0.9995,NA,0,NA,0,0,12,0,12
"2916.1","1586215",0.9995,NA,0,NA,0,0,38,0,38
"2917.1","1586218",0.9995,1,40,1,40,0.53544163216484,40,0.53544163216484,40
"2918.1","1586229",0.9995,1,40,1,40,0.247365916216253,40,0.247365916216253,40
"2919.1","1586231",0.9995,NA,0,NA,0,0,38,0,38
"2920.1","1586254",0.9995,NA,0,NA,0,0,40,0,40
"2921.1","1586256",0.9995,1,1,1,1,0.00202702702702703,40,0.00202702702702703,40
"2922.1","1586258",0.9995,1,40,1,40,0.141555378797269,40,0.141555378797269,40
"2923.1","1586267",0.9995,NA,0,NA,0,0,37,0,37
"2924.1","1586291",0.9995,NA,0,NA,0,0,38,0,38
"2925.1","1586297",0.9995,1,12,1,12,0.0485221011902014,40,0.0485221011902014,40
"2926.1","1586301",0.9995,0.916666666666667,12,0.9,10,0.0325410823999765,36,0.0288257683398348,36
"2927.1","1586307",0.9995,NA,0,NA,0,0,40,0,40
"2928.1","1586316",0.9995,1,26,1,26,0.0751776297835607,40,0.0751776297835607,40
"2929.1","1586341",0.9995,1,24,1,24,0.0495650130316854,40,0.0495650130316854,40
"2930.1","1586348",0.9995,1,40,1,40,0.644850447116867,40,0.644850447116867,40
"2931.1","1586351",0.9995,1,40,1,40,0.623007269737149,40,0.623007269737149,40
"2932.1","1586378",0.9995,0.96551724137931,29,0.962962962962963,27,0.0491520393766438,39,0.0313650215896261,39
"2933.1","1586444",0.9995,1,40,1,40,0.428562242546799,40,0.428562242546799,40
"2934.1","1586450",0.9995,0.95,40,0.972222222222222,36,0.534346856031937,40,0.493166747174936,40
"2935.1","1586476",0.9995,1,40,1,40,0.35629382108108,40,0.35629382108108,40
"2936.1","1586484",0.9995,0.95,40,0.944444444444444,36,0.486564909034844,40,0.432806814677768,40
"2937.1","1586520",0.9995,0.975,40,0.973684210526316,38,0.412082997062967,40,0.391770497062967,40
"2938.1","1586551",0.9995,1,40,1,40,0.201435726551104,40,0.201435726551104,40
"2939.1","1586558",0.9995,0.973684210526316,38,0.972222222222222,36,0.125915702825828,39,0.11697923699281,39
"2940.1","1586568",0.9995,0.975,40,0.973684210526316,38,0.367265141926406,40,0.352133562979038,40
"2941.1","1586576",0.9995,1,40,1,40,0.7103497297538,40,0.7103497297538,40
"2942.1","1586606",0.9995,1,20,1,20,0.0300341084622621,39,0.0300341084622621,39
"2943.1","1586607",0.9995,0.95,40,0.944444444444444,36,0.421831398185763,40,0.370283779138143,40
"2944.1","1586618",0.9995,0.925,40,0.941176470588235,34,0.32633743894204,40,0.272704333696032,40
"2945.1","1586639",0.9995,1,9,1,9,0.0112009714076246,40,0.0112009714076246,40
"2946.1","1586650",0.9995,1,17,1,17,0.0377982973866934,40,0.0377982973866934,40
"2947.1","1586679",0.9995,0.975,40,0.973684210526316,38,0.360859040556239,40,0.343313253010452,40
"2948.1","1586688",0.9995,0.916666666666667,36,0.933333333333333,30,0.132467240510094,39,0.108199841242695,39
"2949.1","1586771",0.9995,0.944444444444444,18,0.9375,16,0.0712216404166869,39,0.0662765854716319,39
"2950.1","1586779",0.9995,1,40,1,40,0.205646730535025,40,0.205646730535025,40
"2951.1","1587215",0.9995,0.95,40,0.944444444444444,36,0.21582137298231,40,0.173090199117415,40
"2952.1","1587411",0.9995,1,40,1,40,0.212904118006252,40,0.212904118006252,40
"2953.1","1587421",0.9995,1,40,1,40,0.310656075628018,40,0.310656075628018,40
"2954.1","1588132",0.9995,NA,0,NA,0,0,30,0,30
"2955.1","1588429",0.9995,NA,0,NA,0,0,37,0,37
"2956.1","1588455",0.9995,0.95,40,0.944444444444444,36,0.460518351090831,40,0.413627935305067,40
"2957.1","1588458",0.9995,1,40,1,40,0.623502829811637,40,0.623502829811637,40
"2958.1","1588459",0.9995,0.975,40,0.973684210526316,38,0.558359150438177,40,0.527384791463818,40
"2959.1","1588462",0.9995,1,40,1,40,0.31370105810176,40,0.31370105810176,40
"2960.1","1588580",0.9995,NA,0,NA,0,0,37,0,37
"2961.1","1588708",0.9995,0.857142857142857,28,0.916666666666667,24,0.0939268133734829,39,0.0798852993319688,39
"2962.1","1588901",0.9995,0.95,40,0.945945945945946,37,0.590508271546279,40,0.546036642318552,40
"2963.1","1589302",0.9995,0.975,40,0.973684210526316,38,0.288410466788557,40,0.2745002103783,40
"2964.1","1589326",0.9995,0.95,40,0.944444444444444,36,0.538090463634294,40,0.477840753994341,40
"2965.1","1589540",0.9995,0.925,40,0.911764705882353,34,0.383081068684784,39,0.315874527948831,39
"2966.1","1590748",0.9995,0.975,40,0.973684210526316,38,0.438343748478112,39,0.399609433148052,39
"2967.1","1591025",0.9995,0.925,40,0.914285714285714,35,0.255521540296781,40,0.210907375391919,40
"2968.1","1591498",0.9995,0.95,40,0.944444444444444,36,0.273024340102676,40,0.240600097678434,40
"2969.1","1592202",0.9995,0.975,40,0.973684210526316,38,0.96436170212766,40,0.914893617021277,40
"2970.1","1592209",0.9995,1,40,1,40,0.385803571428571,40,0.385803571428571,40
"2971.1","1592210",0.9995,1,40,1,40,0.281964285714286,40,0.281964285714286,40
"2972.1","1592241",0.9995,1,40,1,40,0.336555997980114,40,0.336555997980114,40
"2973.1","1592244",0.9995,0.975,40,0.973684210526316,38,0.459846012908423,40,0.434021837084247,40
"2974.1","1592263",0.9995,1,40,1,40,0.321738498691575,40,0.321738498691575,40
"2975.1","1592264",0.9995,1,40,1,40,0.535231552210646,40,0.535231552210646,40
"2976.1","1592265",0.9995,1,40,1,40,0.353866720251588,40,0.353866720251588,40
"2977.1","1592280",0.9995,1,40,1,40,0.652481366490531,40,0.652481366490531,40
"2978.1","1592332",0.9995,0.975,40,0.973684210526316,38,0.502654692157467,40,0.477110956932881,40
"2979.1","1592370",0.9995,1,40,1,40,0.187073821621295,40,0.187073821621295,40
"2980.1","1592371",0.9995,1,40,1,40,0.468559246163962,40,0.468559246163962,40
"2981.1","1592379",0.9995,0.9,40,0.90625,32,0.157083575234978,38,0.120047284912398,38
"2982.1","1592381",0.9995,0.975,40,0.973684210526316,38,0.274951648383757,40,0.254387132254725,40
"2983.1","1592389",0.9995,0.96969696969697,33,0.967741935483871,31,0.0566811504912923,39,0.0510013651603442,39
"2984.1","1592425",0.9995,0.9,40,0.90625,32,0.29248108167324,40,0.25477200162545,40
"2985.1","1592439",0.9995,0.962962962962963,27,0.96,25,0.0472534366378416,39,0.0399700223776831,39
"2986.1","1593577",0.9995,0.975,40,0.973684210526316,38,0.332860558242673,40,0.320071314965625,40
"2987.1","1593734",0.9995,1,38,1,38,0.111715696502034,40,0.111715696502034,40
"2988.1","1593739",0.9995,1,40,1,40,0.35061219712,40,0.35061219712,40
"2989.1","1593750",0.9995,1,40,1,40,0.239249877304432,40,0.239249877304432,40
"2990.1","1593796",0.9995,1,5,1,5,0.0143055555555556,40,0.0143055555555556,40
"2991.1","1593891",0.9995,NA,0,NA,0,0,39,0,39
"2992.1","1593900",0.9995,NA,0,NA,0,0,40,0,40
"2993.1","1593903",0.9995,NA,0,NA,0,0,40,0,40
"2994.1","1593931",0.9995,NA,0,NA,0,0,39,0,39
"2995.1","1593961",0.9995,NA,0,NA,0,0,18,0,18
"2996.1","1593976",0.9995,NA,0,NA,0,0,40,0,40
"2997.1","1593986",0.9995,NA,0,NA,0,0,26,0,26
"2998.1","1594013",0.9995,NA,0,NA,0,0,38,0,38
"2999.1","1594054",0.9995,NA,0,NA,0,0,39,0,39
"3000.1","1594092",0.9995,NA,0,NA,0,0,33,0,33
"1.2","1010498",0.999,0.925,40,0.911764705882353,34,0.236784746823364,39,0.193684056663851,39
"2.2","1010508",0.999,1,20,1,20,0.0540579863146279,40,0.0540579863146279,40
"3.2","1010540",0.999,0.95,40,0.947368421052632,38,0.53943787893319,40,0.508776195655228,40
"4.2","1010562",0.999,NA,0,NA,0,0,28,0,28
"5.2","1010567",0.999,NA,0,NA,0,0,25,0,25
"6.2","1010611",0.999,0.925,40,0.914285714285714,35,0.202869423551797,39,0.173982523624173,39
"7.2","1010614",0.999,0.925,40,0.911764705882353,34,0.305318868926881,40,0.246201221868058,40
"8.2","1010690",0.999,NA,0,NA,0,0,38,0,38
"9.2","1010714",0.999,0.975,40,0.973684210526316,38,0.404500360616841,40,0.383304708442928,40
"10.2","1010723",0.999,NA,0,NA,0,0,40,0,40
"11.2","1010730",0.999,1,40,1,40,0.126091801390124,40,0.126091801390124,40
"12.2","1010794",0.999,0.95,40,0.944444444444444,36,0.564326209935895,40,0.507421718460028,40
"13.2","1013889",0.999,1,28,1,28,0.0687346729497892,40,0.0687346729497892,40
"14.2","1013891",0.999,1,33,1,33,0.0973064247862177,40,0.0973064247862177,40
"15.2","1013911",0.999,0.9375,16,0.928571428571429,14,0.0262152504094506,40,0.0202905549498715,40
"16.2","1013935",0.999,1,39,1,39,0.132095540118796,40,0.132095540118796,40
"17.2","1013936",0.999,1,40,1,40,0.136036767942382,40,0.136036767942382,40
"18.2","1013944",0.999,1,2,1,2,0.00522682445759369,39,0.00522682445759369,39
"19.2","1013965",0.999,1,36,1,36,0.0823290911914707,40,0.0823290911914707,40
"20.2","1013976",0.999,1,13,1,13,0.030920375356351,40,0.030920375356351,40
"21.2","1013982",0.999,1,40,1,40,0.153866253766005,40,0.153866253766005,40
"22.2","1013990",0.999,1,40,1,40,0.115650614279372,40,0.115650614279372,40
"23.2","1014019",0.999,1,17,1,17,0.0325807833158689,40,0.0325807833158689,40
"24.2","1014046",0.999,1,40,1,40,0.0742846942938742,40,0.0742846942938742,40
"25.2","1014048",0.999,1,33,1,33,0.0866957855436301,40,0.0866957855436301,40
"26.2","1014056",0.999,1,33,1,33,0.116303404720054,40,0.116303404720054,40
"27.2","1014060",0.999,1,38,1,38,0.125732066749509,40,0.125732066749509,40
"28.2","1014077",0.999,1,36,1,36,0.0806813080068894,40,0.0806813080068894,40
"29.2","1014094",0.999,1,37,1,37,0.110861434067325,40,0.110861434067325,40
"30.2","1014096",0.999,1,40,1,40,0.0787678114925704,40,0.0787678114925704,40
"31.2","1014098",0.999,1,40,1,40,0.162948528850193,40,0.162948528850193,40
"32.2","1014119",0.999,1,40,1,40,0.166904510218464,40,0.166904510218464,40
"33.2","1014128",0.999,1,10,1,10,0.0140350117323802,40,0.0140350117323802,40
"34.2","1014150",0.999,1,40,1,40,0.316926101445797,40,0.316926101445797,40
"35.2","1014155",0.999,0.888888888888889,9,0.857142857142857,7,0.0100684002768518,39,0.00770964791809942,39
"36.2","1014163",0.999,1,39,1,39,0.111817520477843,40,0.111817520477843,40
"37.2","1014164",0.999,1,40,1,40,0.200057971043992,40,0.200057971043992,40
"38.2","1014172",0.999,1,1,1,1,0.000757575757575758,40,0.000757575757575758,40
"39.2","1014213",0.999,1,17,1,17,0.0272055086150378,40,0.0272055086150378,40
"40.2","1014271",0.999,1,38,1,38,0.120952466853922,40,0.120952466853922,40
"41.2","1014286",0.999,0.975,40,0.973684210526316,38,0.316799492777754,40,0.301243937222198,40
"42.2","1014294",0.999,1,40,1,40,0.477812266095886,40,0.477812266095886,40
"43.2","1014302",0.999,1,27,1,27,0.0895400054347871,40,0.0895400054347871,40
"44.2","1014304",0.999,1,38,1,38,0.131354711683338,40,0.131354711683338,40
"45.2","1014307",0.999,1,39,1,39,0.129030071655531,40,0.129030071655531,40
"46.2","1014312",0.999,1,38,1,38,0.100978215630087,40,0.100978215630087,40
"47.2","1014361",0.999,1,40,1,40,0.337046022139704,40,0.337046022139704,40
"48.2","1014363",0.999,1,40,1,40,0.267062093535668,40,0.267062093535668,40
"49.2","1014365",0.999,1,40,1,40,0.280034898056139,40,0.280034898056139,40
"50.2","1014371",0.999,1,40,1,40,0.380225805147459,40,0.380225805147459,40
"51.2","1014403",0.999,1,34,1,34,0.0795721008195776,40,0.0795721008195776,40
"52.2","1014420",0.999,1,40,1,40,0.179885983037571,40,0.179885983037571,40
"53.2","1014435",0.999,1,39,1,39,0.122182828115315,40,0.122182828115315,40
"54.2","1014447",0.999,1,19,1,19,0.0343450568103149,40,0.0343450568103149,40
"55.2","1014469",0.999,1,17,1,17,0.0369498624656164,40,0.0369498624656164,40
"56.2","1014484",0.999,0.975,40,0.975,40,0.114392935875494,40,0.114392935875494,40
"57.2","1014493",0.999,1,38,1,38,0.143697908830037,40,0.143697908830037,40
"58.2","1014550",0.999,NA,0,NA,0,0,40,0,40
"59.2","1014566",0.999,1,39,1,39,0.109902821848458,40,0.109902821848458,40
"60.2","1014582",0.999,1,40,1,40,0.179477079767777,40,0.179477079767777,40
"61.2","1014593",0.999,1,22,1,22,0.0632602862254025,40,0.0632602862254025,40
"62.2","1014600",0.999,1,30,1,30,0.0662443164051801,40,0.0662443164051801,40
"63.2","1014610",0.999,1,27,1,27,0.0365532373368336,40,0.0365532373368336,40
"64.2","1014611",0.999,1,22,1,22,0.051787487227767,40,0.051787487227767,40
"65.2","1014612",0.999,1,40,1,40,0.161936161305135,40,0.161936161305135,40
"66.2","1014627",0.999,1,35,1,35,0.0678729197663543,40,0.0678729197663543,40
"67.2","1014653",0.999,0.9,40,0.909090909090909,33,0.259423096369704,40,0.200566032965922,40
"68.2","1014655",0.999,0.975,40,0.973684210526316,38,0.189378629783066,40,0.174299264703701,40
"69.2","1014660",0.999,0.9,40,0.911764705882353,34,0.59590485887729,40,0.523946265668697,40
"70.2","1014685",0.999,0.9,40,0.939393939393939,33,0.268439528378558,39,0.238727018666048,39
"71.2","1014696",0.999,0.975,40,0.973684210526316,38,0.507711986242542,40,0.483721601627157,40
"72.2","1014697",0.999,0.975,40,0.973684210526316,38,0.466168526000418,40,0.441328988131355,40
"73.2","1014721",0.999,1,40,1,40,0.520311656942092,40,0.520311656942092,40
"74.2","1014734",0.999,1,40,1,40,0.218900563602893,40,0.218900563602893,40
"75.2","1014736",0.999,1,38,1,38,0.14857547259446,40,0.14857547259446,40
"76.2","1014746",0.999,0.9,40,0.90625,32,0.311004255747076,38,0.258998334342425,38
"77.2","1014794",0.999,1,3,1,3,0.025615763546798,40,0.025615763546798,40
"78.2","1014804",0.999,NA,0,NA,0,0,39,0,39
"79.2","1014822",0.999,NA,0,NA,0,0,40,0,40
"80.2","1014853",0.999,NA,0,NA,0,0,36,0,36
"81.2","1014858",0.999,0.88,25,0.95,20,0.195032553875433,38,0.170212490897475,38
"82.2","1014873",0.999,NA,0,NA,0,0,33,0,33
"83.2","1014876",0.999,1,1,1,1,0.00105263157894737,38,0.00105263157894737,38
"84.2","1014881",0.999,1,40,1,40,0.237589142030808,40,0.237589142030808,40
"85.2","1014887",0.999,NA,0,NA,0,0,34,0,34
"86.2","1014890",0.999,NA,0,NA,0,0,36,0,36
"87.2","1014892",0.999,1,1,1,1,0.0241228070175439,38,0.0241228070175439,38
"88.2","1014905",0.999,NA,0,NA,0,0,40,0,40
"89.2","1014964",0.999,0.975,40,0.973684210526316,38,0.181746608007733,40,0.170061144348585,40
"90.2","1015048",0.999,0.975,40,0.973684210526316,38,0.496970215309592,40,0.470281026120403,40
"91.2","1015164",0.999,0.975,40,0.973684210526316,38,0.490948376746677,40,0.442948376746677,40
"92.2","1015170",0.999,1,40,1,40,0.531424045915325,40,0.531424045915325,40
"93.2","1015176",0.999,1,30,1,30,0.193870000860132,40,0.193870000860132,40
"94.2","1015199",0.999,1,30,1,30,0.075666281001431,40,0.075666281001431,40
"95.2","1015204",0.999,1,40,1,40,0.389233800280285,40,0.389233800280285,40
"96.2","1015242",0.999,0.925,40,0.942857142857143,35,0.510676897107307,40,0.462263435568845,40
"97.2","1015259",0.999,0.95,40,0.944444444444444,36,0.171623751905853,39,0.149867730149832,39
"98.2","1015271",0.999,0.95,40,0.944444444444444,36,0.248108573259836,40,0.212215716116979,40
"99.2","1015283",0.999,0.925,40,0.941176470588235,34,0.230794057736331,39,0.180878835756331,39
"100.2","1015295",0.999,NA,0,NA,0,0,40,0,40
"101.2","1015303",0.999,0.975,40,0.973684210526316,38,0.491135283880531,40,0.471398441775268,40
"102.2","1015323",0.999,1,40,1,40,0.539478483651447,40,0.539478483651447,40
"103.2","1015390",0.999,1,40,1,40,0.571667854983525,40,0.571667854983525,40
"104.2","1015398",0.999,1,1,1,1,0.000961538461538462,40,0.000961538461538462,40
"105.2","1015412",0.999,1,1,1,1,0.000961538461538462,40,0.000961538461538462,40
"106.2","1015414",0.999,1,40,1,40,0.593712067849216,40,0.593712067849216,40
"107.2","1015430",0.999,1,40,1,40,0.31724980778708,40,0.31724980778708,40
"108.2","1015431",0.999,NA,0,NA,0,0,40,0,40
"109.2","1015434",0.999,NA,0,NA,0,0,39,0,39
"110.2","1015435",0.999,1,40,1,40,0.566570237395008,40,0.566570237395008,40
"111.2","1015441",0.999,NA,0,NA,0,0,35,0,35
"112.2","1015455",0.999,0.95,40,0.944444444444444,36,0.539441385448547,40,0.48070009624994,40
"113.2","1015481",0.999,NA,0,NA,0,0,35,0,35
"114.2","1015497",0.999,1,35,1,35,0.0475100935761329,40,0.0475100935761329,40
"115.2","1015521",0.999,NA,0,NA,0,0,33,0,33
"116.2","1015525",0.999,0.975,40,0.973684210526316,38,0.193772541954898,40,0.189218970526327,40
"117.2","1015542",0.999,0.975,40,0.973684210526316,38,0.411237161531279,40,0.387665732959851,40
"118.2","1015562",0.999,0.9,40,0.875,32,0.327221702866507,40,0.247655956113261,40
"119.2","1015566",0.999,0.975,40,0.973684210526316,38,0.375357618425234,40,0.357608700676316,40
"120.2","1015574",0.999,0.925,40,0.911764705882353,34,0.390923974857318,39,0.334017440531429,39
"121.2","1015575",0.999,0.9,40,0.911764705882353,34,0.243441007916814,40,0.207819608147229,40
"122.2","1015586",0.999,1,40,1,40,0.656094988220176,40,0.656094988220176,40
"123.2","1015594",0.999,1,40,1,40,0.578401176381052,40,0.578401176381052,40
"124.2","1015597",0.999,0.975,40,0.975,40,0.550112868184788,39,0.550112868184788,39
"125.2","1015621",0.999,0.975,40,0.973684210526316,38,0.503567598892347,39,0.476835465777235,39
"126.2","1015626",0.999,1,40,1,40,0.658820332440258,40,0.658820332440258,40
"127.2","1015651",0.999,1,40,1,40,0.909343200740055,40,0.909343200740055,40
"128.2","1015673",0.999,NA,0,NA,0,0,40,0,40
"129.2","1015680",0.999,1,34,1,34,0.085971425241122,40,0.085971425241122,40
"130.2","1015683",0.999,1,40,1,40,0.517814009661836,40,0.517814009661836,40
"131.2","1015691",0.999,0.875,24,0.842105263157895,19,0.0523387909443942,38,0.0281419179406044,38
"132.2","1016",0.999,0.918918918918919,37,0.903225806451613,31,0.202195590820849,39,0.149086961099316,39
"133.2","1016028",0.999,0.96551724137931,29,0.962962962962963,27,0.087475079702534,39,0.0838972621712281,39
"134.2","1016045",0.999,0.975,40,0.973684210526316,38,0.358800789132857,40,0.346300789132857,40
"135.2","1016091",0.999,1,40,1,40,0.196291976909624,40,0.196291976909624,40
"136.2","1016100",0.999,0.96551724137931,29,0.962962962962963,27,0.0764317263170028,39,0.0729781385610895,39
"137.2","1016137",0.999,0.975,40,0.973684210526316,38,0.535441713358611,40,0.507790198207096,40
"138.2","1016185",0.999,1,40,1,40,0.464609422582249,40,0.464609422582249,40
"139.2","1016200",0.999,NA,0,NA,0,0,37,0,37
"140.2","1016236",0.999,NA,0,NA,0,0,40,0,40
"141.2","1016238",0.999,1,3,1,3,0.00589792578956666,38,0.00589792578956666,38
"142.2","1016271",0.999,0.944444444444444,36,0.96969696969697,33,0.209608497066115,40,0.193202247066115,40
"143.2","1016290",0.999,1,40,1,40,0.485310063207982,40,0.485310063207982,40
"144.2","1016319",0.999,1,40,1,40,0.293717507483512,40,0.293717507483512,40
"145.2","1016323",0.999,0.975,40,0.973684210526316,38,0.180738108160757,40,0.169488108160757,40
"146.2","1016328",0.999,1,40,1,40,0.276486894229802,40,0.276486894229802,40
"147.2","1016338",0.999,1,40,1,40,0.879868177613321,40,0.879868177613321,40
"148.2","1016339",0.999,1,40,1,40,0.483275440236871,40,0.483275440236871,40
"149.2","1016362",0.999,1,40,1,40,0.28981681532062,40,0.28981681532062,40
"150.2","1016365",0.999,0.95,40,0.944444444444444,36,0.251754692336088,40,0.204532470113865,40
"151.2","1016379",0.999,0.975,40,0.973684210526316,38,0.366662211089663,40,0.347344029271481,40
"152.2","1016383",0.999,1,40,1,40,0.479209406275015,40,0.479209406275015,40
"153.2","1016388",0.999,1,40,1,40,0.576638705510346,40,0.576638705510346,40
"154.2","1016391",0.999,NA,0,NA,0,NA,0,NA,0
"155.2","1016395",0.999,1,40,1,40,0.661757117894953,40,0.661757117894953,40
"156.2","1016421",0.999,1,40,1,40,0.65404459087712,40,0.65404459087712,40
"157.2","1016426",0.999,0.975,40,0.973684210526316,38,0.693494876648946,40,0.653630011784082,40
"158.2","1016471",0.999,0.975,40,0.973684210526316,38,0.388226318838336,40,0.359328189940207,40
"159.2","1016486",0.999,1,13,1,13,0.0198767640628106,39,0.0198767640628106,39
"160.2","1016488",0.999,0.925,40,0.911764705882353,34,0.661930675370956,40,0.543867228401259,40
"161.2","1016493",0.999,0.925,40,0.942857142857143,35,0.287442229298209,39,0.250047343717839,39
"162.2","1016494",0.999,0.975,40,0.973684210526316,38,0.303605743494856,40,0.29285763743425,40
"163.2","1016513",0.999,0.95,40,0.944444444444444,36,0.376183243270712,40,0.341923325458162,40
"164.2","1016514",0.999,0.95,40,0.973684210526316,38,0.411037835734659,40,0.400008423969953,40
"165.2","1016519",0.999,1,40,1,40,0.583292431240531,40,0.583292431240531,40
"166.2","1016525",0.999,0.948717948717949,39,0.972222222222222,36,0.317960009189343,40,0.303376675856009,40
"167.2","1016527",0.999,1,40,1,40,0.386928671444477,40,0.386928671444477,40
"168.2","1016648",0.999,NA,0,NA,0,0,6,0,6
"169.2","1016659",0.999,0.975,40,0.973684210526316,38,0.540840290964531,39,0.5100710601953,39
"170.2","1016682",0.999,0.95,40,0.944444444444444,36,0.41920777745305,39,0.353821945700994,39
"171.2","1016774",0.999,NA,0,NA,0,0,40,0,40
"172.2","1016776",0.999,NA,0,NA,0,0,40,0,40
"173.2","1016794",0.999,1,40,1,40,0.179640861902619,40,0.179640861902619,40
"174.2","1016801",0.999,NA,0,NA,0,0,35,0,35
"175.2","1016822",0.999,NA,0,NA,0,0,39,0,39
"176.2","1016830",0.999,NA,0,NA,0,0,39,0,39
"177.2","1016840",0.999,1,12,1,12,0.0217276514392573,40,0.0217276514392573,40
"178.2","1016953",0.999,0.925,40,0.911764705882353,34,0.221272301069219,39,0.188126011874543,39
"179.2","1017015",0.999,NA,0,NA,0,0,39,0,39
"180.2","1017021",0.999,0.975,40,0.973684210526316,38,0.231962343530434,40,0.218836225462456,40
"181.2","1017025",0.999,0.958333333333333,24,0.954545454545455,22,0.0273358500573586,39,0.0248334504961355,39
"182.2","1017066",0.999,0.975,40,0.973684210526316,38,0.183618963876804,39,0.18064546678566,39
"183.2","1017069",0.999,0.975,40,0.973684210526316,38,0.321075064929947,39,0.309074321221887,39
"184.2","1017084",0.999,0.975,40,0.973684210526316,38,0.59782993480306,40,0.565278340056344,40
"185.2","1017087",0.999,0.95,40,0.944444444444444,36,0.580346186990038,40,0.51768079731807,40
"186.2","1017089",0.999,0.975,40,0.973684210526316,38,0.479266111075307,40,0.451587539646735,40
"187.2","1017096",0.999,0.967741935483871,31,0.96551724137931,29,0.105222713287189,40,0.0998655704300458,40
"188.2","1017103",0.999,0.95,40,0.944444444444444,36,0.294781280980162,39,0.27561082330164,39
"189.2","1017122",0.999,0.975,40,0.973684210526316,38,0.595857487922705,40,0.573574879227053,40
"190.2","1017125",0.999,1,40,1,40,0.613216773396248,40,0.613216773396248,40
"191.2","1017142",0.999,1,40,1,40,0.820289011927245,40,0.820289011927245,40
"192.2","1017283",0.999,0.975,40,0.973684210526316,38,0.492381692728914,39,0.457690893332232,39
"193.2","1017306",0.999,0.95,40,0.944444444444444,36,0.509770181312063,40,0.451198752740634,40
"194.2","1017312",0.999,0.925925925925926,27,0.91304347826087,23,0.0742779247098023,39,0.0606854240205274,39
"195.2","1017330",0.999,NA,0,NA,0,0,39,0,39
"196.2","1017353",0.999,1,40,1,40,0.54257986417242,40,0.54257986417242,40
"197.2","1017354",0.999,1,40,1,40,0.307544206625337,40,0.307544206625337,40
"198.2","1017364",0.999,0.952380952380952,21,0.947368421052632,19,0.0347187655521568,40,0.0311142681976595,40
"199.2","1017520",0.999,0.95,40,0.944444444444444,36,0.408988426749535,40,0.367243296879405,40
"200.2","1017547",0.999,0.975,40,0.975,40,0.448787564041064,40,0.448787564041064,40
"201.2","1017554",0.999,0.948717948717949,39,0.945945945945946,37,0.178065895916808,40,0.162140501368745,40
"202.2","1017567",0.999,NA,0,NA,0,0,39,0,39
"203.2","1017695",0.999,1,40,1,40,0.449818627997849,40,0.449818627997849,40
"204.2","1017719",0.999,0.95,40,0.944444444444444,36,0.368831911850509,40,0.322552586337312,40
"205.2","1017721",0.999,0.875,40,0.903225806451613,31,0.533639309813562,40,0.422330306317058,40
"206.2","1017730",0.999,1,40,1,40,0.148419441474885,40,0.148419441474885,40
"207.2","1017790",0.999,NA,0,NA,0,0,32,0,32
"208.2","1017816",0.999,1,1,1,1,0.00182926829268293,40,0.00182926829268293,40
"209.2","1017821",0.999,NA,0,NA,0,0,40,0,40
"210.2","1017830",0.999,1,40,1,40,0.452105292190337,40,0.452105292190337,40
"211.2","1017833",0.999,1,40,1,40,0.101960236028054,40,0.101960236028054,40
"212.2","1017835",0.999,1,15,1,15,0.0385726802008548,40,0.0385726802008548,40
"213.2","1017862",0.999,1,16,1,16,0.0412880337898063,40,0.0412880337898063,40
"214.2","1017863",0.999,1,5,1,5,0.004118618450515,40,0.004118618450515,40
"215.2","1017982",0.999,NA,0,NA,0,0,25,0,25
"216.2","1018041",0.999,NA,0,NA,0,0,22,0,22
"217.2","1018062",0.999,0.95,40,0.944444444444444,36,0.156446886661613,38,0.125580211517092,38
"218.2","1018070",0.999,1,40,1,40,0.488013597251569,40,0.488013597251569,40
"219.2","1018099",0.999,0.842105263157895,38,0.857142857142857,28,0.347393925808259,39,0.303223303008604,39
"220.2","1018111",0.999,0.95,40,0.944444444444444,36,0.30062520919336,40,0.265939178629096,40
"221.2","1018135",0.999,0.975,40,0.973684210526316,38,0.340986750192592,39,0.328967519423362,39
"222.2","1018200",0.999,NA,0,NA,0,0,37,0,37
"223.2","1018206",0.999,1,26,1,26,0.0505310036867531,40,0.0505310036867531,40
"224.2","1018440",0.999,0.9,40,0.882352941176471,34,0.365891743244263,38,0.302040128830255,38
"225.2","1018486",0.999,0.925,40,0.911764705882353,34,0.396843339655529,38,0.331572636014706,38
"226.2","1019543",0.999,1,40,1,40,0.865233603616948,40,0.865233603616948,40
"227.2","1019571",0.999,1,40,1,40,0.756122277481392,40,0.756122277481392,40
"228.2","1020",0.999,0.941176470588235,17,0.933333333333333,15,0.0377039837058447,39,0.0309766608494896,39
"229.2","1020003",0.999,0.925,40,0.942857142857143,35,0.269238619131764,40,0.221771763071158,40
"230.2","1020037",0.999,0.9,40,0.875,32,0.345730242715386,39,0.274369879202417,39
"231.2","1020042",0.999,1,40,1,40,0.291930438179917,40,0.291930438179917,40
"232.2","1020047",0.999,1,40,1,40,0.599468085106383,40,0.599468085106383,40
"233.2","1020050",0.999,1,40,1,40,0.583782780801583,40,0.583782780801583,40
"234.2","1020276",0.999,0.972972972972973,37,0.971428571428571,35,0.101288928875146,39,0.0864730947390967,39
"235.2","1020278",0.999,0.975,40,0.973684210526316,38,0.432390759370917,39,0.411405776749106,39
"236.2","1020321",0.999,NA,0,NA,0,0,36,0,36
"237.2","1020323",0.999,NA,0,NA,0,0,34,0,34
"238.2","1020327",0.999,1,40,1,40,0.31865381116138,40,0.31865381116138,40
"239.2","1020333",0.999,NA,0,NA,0,0,35,0,35
"240.2","1020341",0.999,NA,0,NA,0,0,36,0,36
"241.2","1020348",0.999,NA,0,NA,0,0,35,0,35
"242.2","1021005",0.999,1,8,1,8,0.0253843460148237,37,0.0253843460148237,37
"243.2","1021016",0.999,1,3,1,3,0.0110694925773162,37,0.0110694925773162,37
"244.2","1021017",0.999,0.904761904761905,21,0.882352941176471,17,0.037213101955186,38,0.022717403248961,38
"245.2","1021035",0.999,1,14,1,14,0.0448667820128613,40,0.0448667820128613,40
"246.2","1021045",0.999,0.75,4,0.75,4,0.00695727524026411,37,0.00695727524026411,37
"247.2","1021047",0.999,1,4,1,4,0.0101918762391735,37,0.0101918762391735,37
"248.2","1021070",0.999,1,3,1,3,0.00914855350467433,37,0.00914855350467433,37
"249.2","1021078",0.999,0.975,40,0.973684210526316,38,0.79973380399851,40,0.761549465814172,40
"250.2","1021093",0.999,1,40,1,40,0.710446798461754,40,0.710446798461754,40
"251.2","1021255",0.999,1,40,1,40,0.896530989824237,40,0.896530989824237,40
"252.2","1021289",0.999,1,40,1,40,0.459002289774444,40,0.459002289774444,40
"253.2","1021290",0.999,0.975,40,0.973684210526316,38,0.52593328651952,40,0.503236972416956,40
"254.2","1021292",0.999,1,40,1,40,0.426534332472084,40,0.426534332472084,40
"255.2","1021295",0.999,1,40,1,40,0.441613204945201,40,0.441613204945201,40
"256.2","1021315",0.999,1,40,1,40,0.952587110699969,40,0.952587110699969,40
"257.2","1021316",0.999,NA,0,NA,0,0,38,0,38
"258.2","1021327",0.999,1,40,1,40,0.663622680713642,40,0.663622680713642,40
"259.2","1021329",0.999,1,40,1,40,0.885679820872929,40,0.885679820872929,40
"260.2","1021488",0.999,1,40,1,40,0.340853205584564,40,0.340853205584564,40
"261.2","1021523",0.999,0.95,40,0.944444444444444,36,0.218679884871728,39,0.178286653551078,39
"262.2","1021532",0.999,0.95,40,0.944444444444444,36,0.388383881775578,40,0.335297701651354,40
"263.2","1021552",0.999,0.95,40,0.944444444444444,36,0.463169599882248,40,0.411643742227358,40
"264.2","1021587",0.999,1,40,1,40,0.760283944092084,40,0.760283944092084,40
"265.2","1021590",0.999,1,28,1,28,0.0975170662670663,40,0.0975170662670663,40
"266.2","1021617",0.999,1,2,1,2,0.00302400302400302,39,0.00302400302400302,39
"267.2","1021845",0.999,1,40,1,40,0.614419518963922,40,0.614419518963922,40
"268.2","1021960",0.999,1,40,1,40,0.649532174193368,40,0.649532174193368,40
"269.2","1021967",0.999,NA,0,NA,0,0,39,0,39
"270.2","1022000",0.999,1,40,1,40,0.600545920212327,40,0.600545920212327,40
"271.2","1022001",0.999,0.875,8,0.833333333333333,6,0.013684122431912,39,0.0101769016833119,39
"272.2","1022033",0.999,0.95,40,0.944444444444444,36,0.571623096855019,40,0.507856756985738,40
"273.2","1022052",0.999,0.925,40,0.911764705882353,34,0.590502232910448,40,0.489470486878702,40
"274.2","1022062",0.999,0.9,40,0.909090909090909,33,0.627882400541869,40,0.528929571334463,40
"275.2","1022085",0.999,0.975,40,0.973684210526316,38,0.739589817600401,40,0.699135272145856,40
"276.2","1022086",0.999,0.974358974358974,39,0.972972972972973,37,0.352576836208312,40,0.329499913131389,40
"277.2","1022116",0.999,NA,0,NA,0,0,34,0,34
"278.2","1022120",0.999,NA,0,NA,0,0,40,0,40
"279.2","1022123",0.999,0.974358974358974,39,0.972972972972973,37,0.193959925868031,39,0.186023417931523,39
"280.2","1022132",0.999,1,12,1,12,0.0152690727982476,40,0.0152690727982476,40
"281.2","1022223",0.999,1,40,1,40,0.487920450047376,40,0.487920450047376,40
"282.2","1022228",0.999,1,40,1,40,0.524981064757223,40,0.524981064757223,40
"283.2","1022229",0.999,0.975,40,0.973684210526316,38,0.359423619194684,40,0.345433234579299,40
"284.2","1022241",0.999,0.96969696969697,33,0.96875,32,0.407007575757576,40,0.398674242424242,40
"285.2","1022246",0.999,0.975,40,0.973684210526316,38,0.235379582671834,39,0.219043767948922,39
"286.2","1022294",0.999,0.925,40,0.942857142857143,35,0.362938585128771,38,0.339889551339223,38
"287.2","1022297",0.999,1,40,1,40,0.315838425538082,40,0.315838425538082,40
"288.2","1022341",0.999,NA,0,NA,0,0,8,0,8
"289.2","1022354",0.999,NA,0,NA,0,0,1,0,1
"290.2","1022357",0.999,NA,0,NA,0,0,27,0,27
"291.2","1022358",0.999,NA,0,NA,0,NA,0,NA,0
"292.2","1022387",0.999,NA,0,NA,0,NA,0,NA,0
"293.2","1022395",0.999,0.975,40,0.973684210526316,38,0.529362949325019,40,0.501029615991685,40
"294.2","1022404",0.999,0.95,40,0.973684210526316,38,0.533027906125147,40,0.512439670831029,40
"295.2","1022415",0.999,1,40,1,40,0.909715528825741,40,0.909715528825741,40
"296.2","1022432",0.999,0.975,40,0.973684210526316,38,0.699506251776073,40,0.661462773515203,40
"297.2","1022433",0.999,NA,0,NA,0,0,40,0,40
"298.2","1022439",0.999,NA,0,NA,0,0,40,0,40
"299.2","1022460",0.999,0.95,40,0.944444444444444,36,0.504744029972732,40,0.452538147619791,40
"300.2","1022462",0.999,0.925,40,0.942857142857143,35,0.644616612678644,40,0.580660499460657,40
"301.2","1022518",0.999,1,40,1,40,0.438984220208753,40,0.438984220208753,40
"302.2","1022527",0.999,1,40,1,40,0.402732470514082,40,0.402732470514082,40
"303.2","1022528",0.999,1,40,1,40,0.417011137109633,40,0.417011137109633,40
"304.2","1022534",0.999,0.974358974358974,39,0.972972972972973,37,0.409128625232152,40,0.385843368821895,40
"305.2","1023330",0.999,0.972222222222222,36,0.970588235294118,34,0.178253997600047,39,0.16736437043135,39
"306.2","1023350",0.999,1,19,1,19,0.0264902202486228,40,0.0264902202486228,40
"307.2","1023351",0.999,1,37,1,37,0.24097685787958,40,0.24097685787958,40
"308.2","1023355",0.999,1,16,1,16,0.0175304438250421,40,0.0175304438250421,40
"309.2","1023365",0.999,NA,0,NA,0,0,38,0,38
"310.2","1023385",0.999,0.9,40,0.909090909090909,33,0.430763930982393,39,0.366394272862735,39
"311.2","1023388",0.999,0.925,40,0.911764705882353,34,0.301074752467007,38,0.261750589787581,38
"312.2","1023389",0.999,0.975,40,0.973684210526316,38,0.286821603722641,39,0.272398526799564,39
"313.2","1023467",0.999,1,40,1,40,0.311040148844893,40,0.311040148844893,40
"314.2","1023485",0.999,0.956521739130435,23,0.952380952380952,21,0.0604320750114552,39,0.0527673383144604,39
"315.2","1023505",0.999,NA,0,NA,0,0,39,0,39
"316.2","1023543",0.999,0.925,40,0.942857142857143,35,0.428908615107645,40,0.380849139301193,40
"317.2","1023568",0.999,0.975,40,0.973684210526316,38,0.189829003905757,39,0.18427493737608,39
"318.2","1023610",0.999,0.975,40,0.973684210526316,38,0.518870677043093,40,0.493113101285517,40
"319.2","1023641",0.999,1,40,1,40,0.572196996586531,40,0.572196996586531,40
"320.2","1023645",0.999,1,40,1,40,0.367964902080756,40,0.367964902080756,40
"321.2","1023647",0.999,1,40,1,40,0.499642582848616,40,0.499642582848616,40
"322.2","1023652",0.999,1,40,1,40,0.480192589159151,40,0.480192589159151,40
"323.2","1023685",0.999,0.975,40,0.973684210526316,38,0.449823548672782,40,0.425532184137515,40
"324.2","1023795",0.999,1,40,1,40,0.399960283783592,40,0.399960283783592,40
"325.2","1023797",0.999,1,40,1,40,0.629314521428973,40,0.629314521428973,40
"326.2","1024069",0.999,0.95,40,0.944444444444444,36,0.865641054392211,40,0.77472986105271,40
"327.2","1024081",0.999,1,40,1,40,0.537473792502703,40,0.537473792502703,40
"328.2","1024089",0.999,1,40,1,40,0.382007847799338,40,0.382007847799338,40
"329.2","1024093",0.999,1,21,1,21,0.0602593934774503,40,0.0602593934774503,40
"330.2","1024095",0.999,1,40,1,40,0.762365812222814,40,0.762365812222814,40
"331.2","1025295",0.999,1,40,1,40,0.347474597152436,40,0.347474597152436,40
"332.2","1025320",0.999,1,1,1,1,0.00178571428571429,40,0.00178571428571429,40
"333.2","1025323",0.999,0.972222222222222,36,0.970588235294118,34,0.215387261680753,39,0.190662871738972,39
"334.2","1025336",0.999,NA,0,NA,0,0,33,0,33
"335.2","1025645",0.999,0.975,40,0.973684210526316,38,0.3965766278237,40,0.373704287398168,40
"336.2","1025647",0.999,0.975,40,0.973684210526316,38,0.352297872340426,40,0.332085106382979,40
"337.2","1025650",0.999,0.975,40,0.973684210526316,38,0.301237695391257,39,0.283779975805878,39
"338.2","1026159",0.999,0.975,40,0.973684210526316,38,0.918926662555247,40,0.871148884777469,40
"339.2","1026535",0.999,0.925,40,0.911764705882353,34,0.223404255319149,40,0.18031914893617,40
"340.2","1027295",0.999,0.5,2,0.5,2,0.00238095238095238,35,0.00238095238095238,35
"341.2","1027322",0.999,0.925,40,0.942857142857143,35,0.506038024752987,40,0.457445991785954,40
"342.2","1027323",0.999,1,40,1,40,0.633484997593212,40,0.633484997593212,40
"343.2","1027340",0.999,0.885714285714286,35,0.851851851851852,27,0.353896881593936,40,0.281096440198824,40
"344.2","1027346",0.999,0.916666666666667,36,0.96875,32,0.288422174752526,40,0.283630508085859,40
"345.2","1027356",0.999,0.962962962962963,27,0.96,25,0.291084819974236,38,0.251611135763709,38
"346.2","1027360",0.999,1,29,1,29,0.274103130737489,40,0.274103130737489,40
"347.2","1027366",0.999,0.975,40,0.973684210526316,38,0.26275170553325,40,0.253928176121485,40
"348.2","1027376",0.999,0.9,40,0.90625,32,0.392077895363247,40,0.317950054454156,40
"349.2","1027386",0.999,0.95,40,0.972972972972973,37,0.346897238395848,40,0.318671431944235,40
"350.2","1027389",0.999,0.975,40,0.973684210526316,38,0.322316705510532,40,0.308607028091177,40
"351.2","1027390",0.999,0.95,40,0.972222222222222,36,0.257906273927228,40,0.234468773927228,40
"352.2","1027470",0.999,0.975,40,0.973684210526316,38,0.17369878817047,40,0.165132354604037,40
"353.2","1027484",0.999,0.9,40,0.878787878787879,33,0.48337144351451,40,0.368255164444743,40
"354.2","1027515",0.999,0.975,40,0.973684210526316,38,0.273451746039687,40,0.266103403325491,40
"355.2","1027680",0.999,NA,0,NA,0,0,37,0,37
"356.2","1028001",0.999,NA,0,NA,0,0,28,0,28
"357.2","103",0.999,NA,0,NA,0,0,11,0,11
"358.2","1033969",0.999,1,40,1,40,0.25636023523576,40,0.25636023523576,40
"359.2","1033970",0.999,1,40,1,40,0.205438933558932,40,0.205438933558932,40
"360.2","1034109",0.999,1,40,1,40,0.285191726830871,40,0.285191726830871,40
"361.2","1034117",0.999,0.90625,32,0.884615384615385,26,0.070454265711087,37,0.0578668938564738,37
"362.2","1034121",0.999,NA,0,NA,0,0,36,0,36
"363.2","1034122",0.999,1,34,1,34,0.087143301938851,40,0.087143301938851,40
"364.2","1034130",0.999,NA,0,NA,0,0,36,0,36
"365.2","1034182",0.999,0.869565217391304,23,0.888888888888889,18,0.104288961024881,38,0.0843536161972948,38
"366.2","1034876",0.999,1,23,1,23,0.0498101855603274,40,0.0498101855603274,40
"367.2","1034889",0.999,1,22,1,22,0.0586905437160684,40,0.0586905437160684,40
"368.2","1034904",0.999,1,22,1,22,0.0581308275804779,40,0.0581308275804779,40
"369.2","1034912",0.999,1,15,1,15,0.0236984898130464,40,0.0236984898130464,40
"370.2","1034915",0.999,0.941176470588235,17,0.933333333333333,15,0.0526430613356308,39,0.0370447707373402,39
"371.2","1034925",0.999,1,40,1,40,0.109241199573729,40,0.109241199573729,40
"372.2","1034949",0.999,1,40,1,40,0.157268674518485,40,0.157268674518485,40
"373.2","1034969",0.999,1,36,1,36,0.0681460064457796,40,0.0681460064457796,40
"374.2","1034975",0.999,1,40,1,40,0.181879875429782,40,0.181879875429782,40
"375.2","1034978",0.999,1,40,1,40,0.114123659121178,40,0.114123659121178,40
"376.2","1034989",0.999,NA,0,NA,0,0,39,0,39
"377.2","1035084",0.999,1,37,1,37,0.121469180344752,40,0.121469180344752,40
"378.2","1035087",0.999,0.974358974358974,39,0.972972972972973,37,0.163825542721601,40,0.150730304626362,40
"379.2","1035093",0.999,1,40,1,40,0.219984521292661,40,0.219984521292661,40
"380.2","1035109",0.999,1,35,1,35,0.0951003529666385,40,0.0951003529666385,40
"381.2","1035116",0.999,1,21,1,21,0.0459428730086846,40,0.0459428730086846,40
"382.2","1035120",0.999,1,22,1,22,0.0638450929152149,40,0.0638450929152149,40
"383.2","1035147",0.999,1,17,1,17,0.0528389754034961,40,0.0528389754034961,40
"384.2","1035150",0.999,1,34,1,34,0.0822822638864187,40,0.0822822638864187,40
"385.2","1035159",0.999,1,38,1,38,0.0893422976626323,40,0.0893422976626323,40
"386.2","1035166",0.999,1,18,1,18,0.0476458130756557,40,0.0476458130756557,40
"387.2","1035184",0.999,1,36,1,36,0.0785266781101296,40,0.0785266781101296,40
"388.2","1035188",0.999,1,40,1,40,0.482367149758454,40,0.482367149758454,40
"389.2","1035198",0.999,1,40,1,40,0.539955690865701,40,0.539955690865701,40
"390.2","1035200",0.999,1,40,1,40,0.376633101198319,40,0.376633101198319,40
"391.2","1035214",0.999,1,23,1,23,0.0632476264754342,40,0.0632476264754342,40
"392.2","1035224",0.999,1,27,1,27,0.0779241239669654,40,0.0779241239669654,40
"393.2","1035298",0.999,1,36,1,36,0.120053169292528,40,0.120053169292528,40
"394.2","1035300",0.999,1,26,1,26,0.0662118480404073,40,0.0662118480404073,40
"395.2","1035321",0.999,1,18,1,18,0.0436991869918699,40,0.0436991869918699,40
"396.2","1035330",0.999,1,24,1,24,0.0619897026069034,40,0.0619897026069034,40
"397.2","1035340",0.999,1,23,1,23,0.0452387704940172,40,0.0452387704940172,40
"398.2","1035379",0.999,1,39,1,39,0.223825844825791,40,0.223825844825791,40
"399.2","1035387",0.999,1,19,1,19,0.0450638792102207,40,0.0450638792102207,40
"400.2","1035390",0.999,1,39,1,39,0.106370532652879,40,0.106370532652879,40
"401.2","1035399",0.999,1,11,1,11,0.0139465234968284,40,0.0139465234968284,40
"402.2","1035441",0.999,1,40,1,40,0.365576149582297,40,0.365576149582297,40
"403.2","1035445",0.999,1,40,1,40,0.372775683495478,40,0.372775683495478,40
"404.2","1035454",0.999,1,40,1,40,0.345002302770302,40,0.345002302770302,40
"405.2","1035460",0.999,1,40,1,40,0.375490206390108,40,0.375490206390108,40
"406.2","1035482",0.999,0.975,40,0.973684210526316,38,0.247479644313809,40,0.222290250374416,40
"407.2","1035486",0.999,0.9,40,0.909090909090909,33,0.314472701163267,39,0.244846569511519,39
"408.2","1035526",0.999,0.95,40,0.944444444444444,36,0.347077426469185,38,0.313133074273559,38
"409.2","1035531",0.999,0.9,40,0.90625,32,0.350367906677174,40,0.269405262999013,40
"410.2","1035546",0.999,0.925,40,0.914285714285714,35,0.300751745467675,40,0.260796388324818,40
"411.2","1035553",0.999,0.925,40,0.971428571428571,35,0.253577214221619,39,0.239955419349824,39
"412.2","1035557",0.999,0.975,40,0.973684210526316,38,0.267761916239926,39,0.257345249573259,39
"413.2","1035559",0.999,0.975,40,0.973684210526316,38,0.615183499945888,40,0.583913956481223,40
"414.2","1035564",0.999,1,40,1,40,0.60826410749799,40,0.60826410749799,40
"415.2","1036155",0.999,0.95,40,0.947368421052632,38,0.551975775932462,40,0.52378428657076,40
"416.2","1037700",0.999,0.975,40,0.973684210526316,38,0.815597637846094,40,0.773044446356733,40
"417.2","1038",0.999,0.971428571428571,35,0.96969696969697,33,0.158205819997541,40,0.152065469120348,40
"418.2","1038239",0.999,1,14,1,14,0.0336250555368202,40,0.0336250555368202,40
"419.2","1038297",0.999,0.975,40,0.973684210526316,38,0.477945836480531,40,0.44651726505196,40
"420.2","1038310",0.999,0.925,40,0.911764705882353,34,0.509532629584998,40,0.448038265729098,40
"421.2","1038334",0.999,0.925,40,0.911764705882353,34,0.434454316448802,40,0.35473209422658,40
"422.2","1038344",0.999,0.975,40,0.973684210526316,38,0.185223007461372,39,0.178507500745866,39
"423.2","1038366",0.999,0.875,40,0.875,32,0.332196779752543,39,0.271322874273521,39
"424.2","1038371",0.999,0.95,40,0.944444444444444,36,0.678360302109017,40,0.60643829493348,40
"425.2","1038394",0.999,1,15,1,15,0.0392364544271908,40,0.0392364544271908,40
"426.2","1038406",0.999,1,4,1,4,0.00338130338130338,40,0.00338130338130338,40
"427.2","1038414",0.999,1,9,1,9,0.0280819326299417,40,0.0280819326299417,40
"428.2","1038422",0.999,0.95,40,0.947368421052632,38,0.369309264322552,39,0.349277213040501,39
"429.2","1038450",0.999,0.975,40,0.973684210526316,38,0.283019907737145,40,0.268263810176169,40
"430.2","1038457",0.999,1,9,1,9,0.0309399902423158,39,0.0309399902423158,39
"431.2","1038458",0.999,0.975,40,0.973684210526316,38,0.193113163406299,39,0.179392965475575,39
"432.2","1038468",0.999,0.95,40,0.944444444444444,36,0.443740060852934,40,0.373132341958925,40
"433.2","1038474",0.999,NA,0,NA,0,0,37,0,37
"434.2","1038476",0.999,1,1,1,1,0.00154798761609907,38,0.00154798761609907,38
"435.2","1038481",0.999,1,40,1,40,0.523824172930293,40,0.523824172930293,40
"436.2","1038482",0.999,1,40,1,40,0.573513237271278,40,0.573513237271278,40
"437.2","1038525",0.999,0.95,40,0.944444444444444,36,0.30171783583491,40,0.252831341582037,40
"438.2","1038542",0.999,0.925,40,0.911764705882353,34,0.493779328394178,40,0.404181426296276,40
"439.2","1038595",0.999,NA,0,NA,0,0,40,0,40
"440.2","1038623",0.999,NA,0,NA,0,0,40,0,40
"441.2","1038652",0.999,1,40,1,40,0.673678161104833,40,0.673678161104833,40
"442.2","1038653",0.999,0.948717948717949,39,0.942857142857143,35,0.208584253921463,39,0.170831171296585,39
"443.2","1038719",0.999,1,40,1,40,0.618234334865585,40,0.618234334865585,40
"444.2","1038740",0.999,0.925,40,0.911764705882353,34,0.215853417639481,40,0.174446607603639,40
"445.2","1038754",0.999,0.975,40,0.973684210526316,38,0.311420900927582,40,0.297135186641868,40
"446.2","1038756",0.999,0.975,40,0.973684210526316,38,0.521334108817638,40,0.49621155979803,40
"447.2","1038788",0.999,NA,0,NA,0,0,39,0,39
"448.2","1038952",0.999,1,40,1,40,0.243997978345771,40,0.243997978345771,40
"449.2","1038953",0.999,1,8,1,8,0.00973309798887463,40,0.00973309798887463,40
"450.2","1038957",0.999,1,6,1,6,0.0178498168498168,40,0.0178498168498168,40
"451.2","1039015",0.999,0.975,40,0.973684210526316,38,0.64281771183393,40,0.611353065369283,40
"452.2","1039028",0.999,1,40,1,40,0.5364843436238,40,0.5364843436238,40
"453.2","1039053",0.999,1,40,1,40,0.588030933700131,40,0.588030933700131,40
"454.2","1039071",0.999,NA,0,NA,0,0,11,0,11
"455.2","1039210",0.999,1,40,1,40,0.338711969419561,40,0.338711969419561,40
"456.2","1039213",0.999,0.975,40,0.973684210526316,38,0.22195232974702,40,0.214003611798302,40
"457.2","1039286",0.999,1,40,1,40,0.268987475743479,40,0.268987475743479,40
"458.2","1039287",0.999,1,40,1,40,0.373070778308915,40,0.373070778308915,40
"459.2","1039304",0.999,0.95,40,0.944444444444444,36,0.352729697897836,40,0.310535477467729,40
"460.2","1039309",0.999,1,38,1,38,0.0881331395101896,40,0.0881331395101896,40
"461.2","1039318",0.999,0.975,40,0.973684210526316,38,0.158572246930269,40,0.15187581835884,40
"462.2","1039319",0.999,0.975,40,0.973684210526316,38,0.185175172728511,40,0.179706422728511,40
"463.2","1039379",0.999,1,40,1,40,0.156209668943726,40,0.156209668943726,40
"464.2","1039422",0.999,0.9,40,0.941176470588235,34,0.358478679119669,39,0.321619704760695,39
"465.2","1039471",0.999,1,40,1,40,0.659674170189629,40,0.659674170189629,40
"466.2","1039487",0.999,1,40,1,40,0.862033229890497,40,0.862033229890497,40
"467.2","1039491",0.999,1,40,1,40,0.766571460500488,40,0.766571460500488,40
"468.2","1039499",0.999,1,40,1,40,0.372516612973947,40,0.372516612973947,40
"469.2","1039513",0.999,NA,0,NA,0,0,11,0,11
"470.2","1039530",0.999,NA,0,NA,0,0,30,0,30
"471.2","1039551",0.999,1,40,1,40,0.684670249263203,40,0.684670249263203,40
"472.2","1039562",0.999,0.975,40,0.973684210526316,38,0.697061557787578,40,0.66309416648323,40
"473.2","1039570",0.999,1,40,1,40,0.426623013762656,40,0.426623013762656,40
"474.2","1039572",0.999,1,40,1,40,0.539438574186558,40,0.539438574186558,40
"475.2","1039577",0.999,1,31,1,31,0.0506424539394751,40,0.0506424539394751,40
"476.2","1039579",0.999,1,40,1,40,0.492507017943074,40,0.492507017943074,40
"477.2","1039587",0.999,0.964285714285714,28,0.961538461538462,26,0.0335715131901306,39,0.0311657992459551,39
"478.2","1039619",0.999,1,34,1,34,0.141009547661953,40,0.141009547661953,40
"479.2","1039633",0.999,1,40,1,40,0.249022638222752,40,0.249022638222752,40
"480.2","1039646",0.999,1,40,1,40,0.3131735628283,40,0.3131735628283,40
"481.2","1039650",0.999,0.975,40,0.973684210526316,38,0.317913524457473,40,0.302724570969101,40
"482.2","1039660",0.999,0.975,40,0.973684210526316,38,0.281967038697128,40,0.271171584151673,40
"483.2","1039680",0.999,1,40,1,40,0.387601451359409,40,0.387601451359409,40
"484.2","1039693",0.999,0.975,40,0.973684210526316,38,0.458045553028039,40,0.439110563598864,40
"485.2","1039701",0.999,1,40,1,40,0.33649080869227,40,0.33649080869227,40
"486.2","1039761",0.999,1,40,1,40,0.418370527786198,40,0.418370527786198,40
"487.2","1039771",0.999,0.975,40,0.973684210526316,38,0.259242066616036,40,0.244956352330322,40
"488.2","1039773",0.999,0.975,40,0.973684210526316,38,0.460251228284511,40,0.439973450506733,40
"489.2","1039784",0.999,0.95,40,0.944444444444444,36,0.301647937874219,40,0.280696371334417,40
"490.2","1039838",0.999,0.975,40,0.973684210526316,38,0.241094946881743,40,0.228857184643981,40
"491.2","1039842",0.999,0.925,40,0.911764705882353,34,0.246693522343184,38,0.191843607826462,38
"492.2","1039849",0.999,0.925,40,0.911764705882353,34,0.235609455052216,40,0.196515641390388,40
"493.2","1039882",0.999,0.975,40,0.973684210526316,38,0.158273944910936,39,0.149116435753427,39
"494.2","1041010",0.999,1,40,1,40,0.397510828596355,40,0.397510828596355,40
"495.2","1041037",0.999,1,3,1,3,0.00412712287712288,40,0.00412712287712288,40
"496.2","1041042",0.999,0.975,40,0.973684210526316,38,0.482824677288782,40,0.454901971974773,40
"497.2","1041045",0.999,1,39,1,39,0.140637995686251,40,0.140637995686251,40
"498.2","1041049",0.999,1,39,1,39,0.288092484767607,40,0.288092484767607,40
"499.2","1041065",0.999,1,40,1,40,0.687425889328063,40,0.687425889328063,40
"500.2","1044637",0.999,0.975,40,0.973684210526316,38,0.644944316351925,40,0.60663413116674,40
"501.2","1046143",0.999,0.975,40,0.973684210526316,38,0.218292322502518,40,0.21013788004575,40
"502.2","1046156",0.999,0.95,40,0.947368421052632,38,0.281820447477025,40,0.272729538386116,40
"503.2","1046159",0.999,0.888888888888889,36,0.896551724137931,29,0.163274358448587,39,0.141194586368815,39
"504.2","1046460",0.999,0.973684210526316,38,0.972222222222222,36,0.179248107220042,40,0.169106900544817,40
"505.2","1046618",0.999,1,40,1,40,0.585852904859211,40,0.585852904859211,40
"506.2","1046682",0.999,1,40,1,40,0.303648249847258,40,0.303648249847258,40
"507.2","1047151",0.999,1,40,1,40,0.488223422377488,40,0.488223422377488,40
"508.2","1047360",0.999,1,40,1,40,0.338947248001265,40,0.338947248001265,40
"509.2","1047487",0.999,0.95,40,0.944444444444444,36,0.502701478293212,40,0.449128139866933,40
"510.2","1047502",0.999,0.975,40,0.973684210526316,38,0.43660955761615,40,0.413733941852603,40
"511.2","1047519",0.999,0.95,40,0.944444444444444,36,0.260094435993095,39,0.228534262295825,39
"512.2","1047529",0.999,0.975,40,0.973684210526316,38,0.51532812246955,39,0.48510834224977,39
"513.2","1047533",0.999,1,40,1,40,0.179131461987233,40,0.179131461987233,40
"514.2","1047545",0.999,1,40,1,40,0.613733229143731,40,0.613733229143731,40
"515.2","1047548",0.999,1,40,1,40,0.587830151633153,40,0.587830151633153,40
"516.2","1047549",0.999,1,40,1,40,0.637348732360968,40,0.637348732360968,40
"517.2","1047552",0.999,1,40,1,40,0.647062736871198,40,0.647062736871198,40
"518.2","1047553",0.999,1,40,1,40,0.656147188869061,40,0.656147188869061,40
"519.2","1047556",0.999,1,40,1,40,0.573885918904768,40,0.573885918904768,40
"520.2","1047559",0.999,1,40,1,40,0.611632171637801,40,0.611632171637801,40
"521.2","1047562",0.999,1,40,1,40,0.524471468641467,40,0.524471468641467,40
"522.2","1047563",0.999,1,40,1,40,0.616632931668561,40,0.616632931668561,40
"523.2","1047564",0.999,1,40,1,40,0.658382940063743,40,0.658382940063743,40
"524.2","1047579",0.999,1,40,1,40,0.562761761817839,40,0.562761761817839,40
"525.2","1047600",0.999,1,40,1,40,0.557112755242166,40,0.557112755242166,40
"526.2","1047621",0.999,0.95,40,0.944444444444444,36,0.516976828663215,40,0.469843258923262,40
"527.2","1047626",0.999,1,40,1,40,0.487910100515945,40,0.487910100515945,40
"528.2","1047627",0.999,1,40,1,40,0.668666457563854,40,0.668666457563854,40
"529.2","1047630",0.999,1,40,1,40,0.509564178176216,40,0.509564178176216,40
"530.2","1047708",0.999,1,40,1,40,0.619033302497687,40,0.619033302497687,40
"531.2","1047715",0.999,1,40,1,40,0.827887758248535,40,0.827887758248535,40
"532.2","1047746",0.999,1,40,1,40,0.686794634597595,40,0.686794634597595,40
"533.2","1047751",0.999,1,40,1,40,0.869715541165587,40,0.869715541165587,40
"534.2","1047761",0.999,1,40,1,40,0.665499794429027,40,0.665499794429027,40
"535.2","1047779",0.999,1,40,1,40,0.815783996299722,40,0.815783996299722,40
"536.2","1047793",0.999,1,40,1,40,0.498821828279421,40,0.498821828279421,40
"537.2","1047809",0.999,1,14,1,14,0.0303581024996935,40,0.0303581024996935,40
"538.2","1047823",0.999,1,40,1,40,0.565992796789734,40,0.565992796789734,40
"539.2","1047990",0.999,0.95,40,0.944444444444444,36,0.392933462957112,40,0.352682969433109,40
"540.2","1048236",0.999,0.975,40,0.973684210526316,38,0.342577763283988,40,0.32948252518875,40
"541.2","104831",0.999,1,40,1,40,0.73330615942029,40,0.73330615942029,40
"542.2","1048353",0.999,1,35,1,35,0.0590553859432602,40,0.0590553859432602,40
"543.2","1049367",0.999,0.975,40,0.973684210526316,38,0.839521193786839,40,0.797048945868245,40
"544.2","1050028",0.999,NA,0,NA,0,0,35,0,35
"545.2","1050030",0.999,NA,0,NA,0,0,30,0,30
"546.2","1050073",0.999,0.95,40,0.944444444444444,36,0.470067406825901,40,0.413688348473159,40
"547.2","1050074",0.999,0.95,40,0.944444444444444,36,0.470026739389846,40,0.413469402317803,40
"548.2","1050091",0.999,0.925,40,0.942857142857143,35,0.325136143275911,37,0.298109116248884,37
"549.2","1050107",0.999,0.95,40,0.944444444444444,36,0.361519055563173,40,0.316900071605954,40
"550.2","1050135",0.999,0.975,40,0.973684210526316,38,0.517816257398418,40,0.482101971684132,40
"551.2","1050209",0.999,1,40,1,40,0.837234299516908,40,0.837234299516908,40
"552.2","1050280",0.999,0.95,40,0.944444444444444,36,0.400244382320055,40,0.356042701647786,40
"553.2","1050286",0.999,0.95,40,0.944444444444444,36,0.273846016864475,40,0.238819135144045,40
"554.2","1050309",0.999,0.925,40,0.942857142857143,35,0.35709528628223,40,0.324837221766101,40
"555.2","1050323",0.999,0.941176470588235,17,0.933333333333333,15,0.0740189893236099,40,0.068369019138756,40
"556.2","1050337",0.999,0.925,40,0.941176470588235,34,0.309940836794104,40,0.259399711252978,40
"557.2","1050388",0.999,0.95,40,0.944444444444444,36,0.204216316290466,39,0.183480108054258,39
"558.2","1050440",0.999,1,4,1,4,0.00328086476666598,40,0.00328086476666598,40
"559.2","1050442",0.999,0.975,40,0.973684210526316,38,0.623462553607892,40,0.593199395713155,40
"560.2","1051420",0.999,1,40,1,40,0.83560981250423,40,0.83560981250423,40
"561.2","1051423",0.999,1,40,1,40,0.856952686085603,40,0.856952686085603,40
"562.2","1052215",0.999,0.95,40,0.944444444444444,36,0.473532021617183,40,0.424324985691397,40
"563.2","1052236",0.999,0.925,40,0.942857142857143,35,0.310385233801124,39,0.265707689123579,39
"564.2","1052238",0.999,0.9,40,0.875,32,0.224810833280893,39,0.168602928282665,39
"565.2","1052239",0.999,0.975,40,0.973684210526316,38,0.402417592859458,40,0.380542592859458,40
"566.2","1052249",0.999,0.975,40,0.973684210526316,38,0.254013780913089,40,0.243076280913089,40
"567.2","1052264",0.999,0.975,40,0.973684210526316,38,0.425819782087063,40,0.390525664440005,40
"568.2","1053341",0.999,0.95,40,0.944444444444444,36,0.489471532477177,40,0.432874310254955,40
"569.2","1053364",0.999,1,40,1,40,0.324344739402305,40,0.324344739402305,40
"570.2","1053366",0.999,1,40,1,40,0.321008358411434,40,0.321008358411434,40
"571.2","1053379",0.999,0.8,20,0.8,15,0.0333312447786132,38,0.0149458075012092,38
"572.2","1053400",0.999,NA,0,NA,0,0,37,0,37
"573.2","1053440",0.999,1,1,1,1,0.00087719298245614,38,0.00087719298245614,38
"574.2","1053442",0.999,NA,0,NA,0,0,37,0,37
"575.2","1053445",0.999,1,1,1,1,0.000777000777000777,39,0.000777000777000777,39
"576.2","1053473",0.999,0.964285714285714,28,0.961538461538462,26,0.118299171629261,39,0.0918568639369529,39
"577.2","1053480",0.999,0.96,25,0.956521739130435,23,0.089011516436433,40,0.078091976206548,40
"578.2","1053491",0.999,NA,0,NA,0,0,38,0,38
"579.2","1053517",0.999,1,23,1,23,0.0348906357981435,40,0.0348906357981435,40
"580.2","1053519",0.999,NA,0,NA,0,0,40,0,40
"581.2","1053520",0.999,NA,0,NA,0,0,40,0,40
"582.2","1053527",0.999,0.954545454545455,22,0.95,20,0.0392420546639123,40,0.0368983046639123,40
"583.2","1053533",0.999,NA,0,NA,0,0,40,0,40
"584.2","1053544",0.999,0.975,40,0.973684210526316,38,0.353881051049533,40,0.343385881967407,40
"585.2","1053545",0.999,0.918918918918919,37,0.9375,32,0.154401176653271,40,0.132143112137142,40
"586.2","1053547",0.999,NA,0,NA,0,0,39,0,39
"587.2","1053571",0.999,1,40,1,40,0.319658921755463,40,0.319658921755463,40
"588.2","1053604",0.999,0.925,40,0.942857142857143,35,0.183328719356805,40,0.158760953789039,40
"589.2","1053608",0.999,0.925,40,0.911764705882353,34,0.183362057930328,40,0.13884088857549,40
"590.2","1053625",0.999,0.9,40,0.96875,32,0.32890168927216,39,0.275282842965142,39
"591.2","1053633",0.999,NA,0,NA,0,0,12,0,12
"592.2","1053645",0.999,1,17,1,17,0.0327182225681252,40,0.0327182225681252,40
"593.2","1053664",0.999,0.96969696969697,33,0.967741935483871,31,0.117321437318023,40,0.111912783471869,40
"594.2","1053692",0.999,0.974358974358974,39,0.972972972972973,37,0.349147180309193,40,0.309147180309193,40
"595.2","1053694",0.999,1,8,1,8,0.0205198100462782,39,0.0205198100462782,39
"596.2","1053707",0.999,1,3,1,3,0.00255952380952381,40,0.00255952380952381,40
"597.2","1053719",0.999,1,15,1,15,0.0243318098674105,40,0.0243318098674105,40
"598.2","1053726",0.999,0.888888888888889,27,0.857142857142857,21,0.123925973561158,40,0.0832665023894863,40
"599.2","1053733",0.999,0.933333333333333,15,0.923076923076923,13,0.0274445516649818,39,0.0218035260239561,39
"600.2","1053734",0.999,0.923076923076923,39,0.939393939393939,33,0.263574844962775,40,0.19697339701556,40
"601.2","1053742",0.999,NA,0,NA,0,0,27,0,27
"602.2","1053744",0.999,1,40,1,40,0.463908273892854,40,0.463908273892854,40
"603.2","1053754",0.999,NA,0,NA,0,0,35,0,35
"604.2","1053759",0.999,1,1,1,1,0.000892857142857143,40,0.000892857142857143,40
"605.2","1053768",0.999,0.95,40,0.944444444444444,36,0.352822025504913,40,0.324137814978597,40
"606.2","1053773",0.999,1,18,1,18,0.0746443000422202,38,0.0746443000422202,38
"607.2","1053781",0.999,0.95,20,0.944444444444444,18,0.0319338377050071,40,0.0295144828662974,40
"608.2","1053797",0.999,0.925,40,0.911764705882353,34,0.136530784837073,39,0.108511760850307,39
"609.2","1053802",0.999,1,1,1,1,0.00087719298245614,38,0.00087719298245614,38
"610.2","1053851",0.999,1,5,1,5,0.0108220919946926,40,0.0108220919946926,40
"611.2","1053855",0.999,NA,0,NA,0,0,39,0,39
"612.2","1053856",0.999,0.923076923076923,39,0.971428571428571,35,0.263076756988328,40,0.249187868099439,40
"613.2","1053859",0.999,0.95,40,0.944444444444444,36,0.145085396373534,40,0.128677981948878,40
"614.2","1053861",0.999,NA,0,NA,0,0,37,0,37
"615.2","1053873",0.999,0.975,40,0.973684210526316,38,0.304945757713048,40,0.290130942898233,40
"616.2","1053882",0.999,1,13,1,13,0.0189735382495871,40,0.0189735382495871,40
"617.2","1053891",0.999,0.95,40,0.944444444444444,36,0.311943418293538,40,0.258185248358898,40
"618.2","1053907",0.999,0.904761904761905,21,0.95,20,0.0810769891908128,40,0.0810769891908128,40
"619.2","1053910",0.999,NA,0,NA,0,0,37,0,37
"620.2","1053943",0.999,0.925,40,0.941176470588235,34,0.186542099340306,39,0.153612643830205,39
"621.2","1053975",0.999,NA,0,NA,0,0,40,0,40
"622.2","1053981",0.999,0.9,40,0.90625,32,0.372604389078793,40,0.323024895991235,40
"623.2","1054001",0.999,1,40,1,40,0.230013156856988,40,0.230013156856988,40
"624.2","1054030",0.999,0.975,40,0.973684210526316,38,0.265547220538316,40,0.249546063130908,40
"625.2","1054050",0.999,1,3,1,3,0.00441756272401434,40,0.00441756272401434,40
"626.2","1054087",0.999,0.975,40,0.973684210526316,38,0.156163644757618,40,0.151550549519523,40
"627.2","1054088",0.999,1,40,1,40,0.297283845974661,40,0.297283845974661,40
"628.2","1054113",0.999,NA,0,NA,0,0,39,0,39
"629.2","1054120",0.999,0.909090909090909,22,0.888888888888889,18,0.0939605524748205,39,0.0511283846426526,39
"630.2","1054122",0.999,1,32,1,32,0.117233694467528,40,0.117233694467528,40
"631.2","1054130",0.999,1,2,1,2,0.00458333333333333,40,0.00458333333333333,40
"632.2","1054149",0.999,0.933333333333333,15,0.923076923076923,13,0.0389909220856802,40,0.0335221720856802,40
"633.2","1054178",0.999,1,22,1,22,0.0514592160433081,38,0.0514592160433081,38
"634.2","1054189",0.999,NA,0,NA,0,0,39,0,39
"635.2","1054190",0.999,NA,0,NA,0,0,40,0,40
"636.2","1054195",0.999,1,9,1,9,0.0174045884498738,39,0.0174045884498738,39
"637.2","1054211",0.999,1,3,1,3,0.00247311827956989,40,0.00247311827956989,40
"638.2","1054215",0.999,1,1,1,1,0.00108695652173913,40,0.00108695652173913,40
"639.2","1054221",0.999,1,40,1,40,0.345573484663202,40,0.345573484663202,40
"640.2","1054238",0.999,0.972222222222222,36,0.970588235294118,34,0.17735597430087,39,0.168808965753862,39
"641.2","1054311",0.999,0.95,40,0.944444444444444,36,0.256207503615682,39,0.216770624705119,39
"642.2","1054327",0.999,NA,0,NA,0,0,40,0,40
"643.2","1054348",0.999,NA,0,NA,0,0,38,0,38
"644.2","1054349",0.999,0.9,30,0.875,24,0.100496242279652,35,0.0642539227712039,35
"645.2","1054358",0.999,0.95,40,0.947368421052632,38,0.425250619085358,40,0.404755123589863,40
"646.2","1054367",0.999,0.925,40,0.911764705882353,34,0.19673316339575,40,0.172233519183226,40
"647.2","1054372",0.999,0.916666666666667,36,0.9,30,0.144089821239865,38,0.126554804261936,38
"648.2","1054408",0.999,1,1,1,1,0.000827129859387924,39,0.000827129859387924,39
"649.2","1054421",0.999,1,9,1,9,0.0192249310168108,40,0.0192249310168108,40
"650.2","1054460",0.999,0.956521739130435,23,0.952380952380952,21,0.0871503940354747,36,0.0559003940354747,36
"651.2","1054487",0.999,0.95,40,0.972222222222222,36,0.109545541663493,39,0.101162898665466,39
"652.2","1054488",0.999,1,40,1,40,0.127494340462012,40,0.127494340462012,40
"653.2","1054497",0.999,1,1,1,1,0.000806451612903226,40,0.000806451612903226,40
"654.2","1054523",0.999,0.96875,32,0.966666666666667,30,0.0942389053254608,39,0.0897407071973335,39
"655.2","1054527",0.999,0.964285714285714,28,0.961538461538462,26,0.0916548205751835,40,0.0783483689622802,40
"656.2","1054538",0.999,0.974358974358974,39,0.972972972972973,37,0.251882694105568,40,0.239089438973603,40
"657.2","1054543",0.999,NA,0,NA,0,0,39,0,39
"658.2","1054544",0.999,0.923076923076923,26,0.954545454545455,22,0.120529795846328,40,0.112640010900092,40
"659.2","1054548",0.999,NA,0,NA,0,0,40,0,40
"660.2","1054572",0.999,0.948717948717949,39,0.971428571428571,35,0.194864426830781,40,0.18946038642674,40
"661.2","1054576",0.999,0.975,40,0.973684210526316,38,0.415946442614795,40,0.394279775948128,40
"662.2","1054611",0.999,0.974358974358974,39,0.972972972972973,37,0.197215152455072,40,0.188739773667193,40
"663.2","1054613",0.999,1,40,1,40,0.211777934210428,40,0.211777934210428,40
"664.2","1054623",0.999,0.9,40,0.909090909090909,33,0.355601421296393,39,0.31232154731206,39
"665.2","1054645",0.999,1,18,1,18,0.0397498037175719,39,0.0397498037175719,39
"666.2","1054674",0.999,1,40,1,40,0.621999798726583,40,0.621999798726583,40
"667.2","1054722",0.999,0.972972972972973,37,0.971428571428571,35,0.159786890406026,40,0.15575463234151,40
"668.2","1054749",0.999,0.95,40,0.944444444444444,36,0.138926158935614,40,0.126902349411804,40
"669.2","1054762",0.999,1,24,1,24,0.0357462436171436,40,0.0357462436171436,40
"670.2","1054774",0.999,NA,0,NA,0,0,40,0,40
"671.2","1054785",0.999,0.974358974358974,39,0.972972972972973,37,0.149676791069803,40,0.144220441863454,40
"672.2","1054793",0.999,1,11,1,11,0.0160080248591278,40,0.0160080248591278,40
"673.2","1054800",0.999,0.947368421052632,38,0.971428571428571,35,0.0741755603349877,39,0.0619960731555005,39
"674.2","1054802",0.999,NA,0,NA,0,0,40,0,40
"675.2","1054829",0.999,1,40,1,40,0.570555516022676,40,0.570555516022676,40
"676.2","1054963",0.999,NA,0,NA,0,0,37,0,37
"677.2","1054964",0.999,NA,0,NA,0,0,36,0,36
"678.2","1054972",0.999,NA,0,NA,0,0,38,0,38
"679.2","1054982",0.999,NA,0,NA,0,0,28,0,28
"680.2","1055023",0.999,1,40,1,40,0.278158119316282,40,0.278158119316282,40
"681.2","1055024",0.999,0.975,40,0.973684210526316,38,0.481999210718788,40,0.454649982107288,40
"682.2","1055029",0.999,0.9,40,0.875,32,0.464580056628643,40,0.356149320697908,40
"683.2","1055033",0.999,0.975,40,0.973684210526316,38,0.390079950218577,40,0.368618597561573,40
"684.2","1055060",0.999,0.95,40,0.944444444444444,36,0.483956507653305,39,0.435075388772186,39
"685.2","1055074",0.999,0.9,40,0.875,32,0.423585966550363,38,0.332455362261864,38
"686.2","1055078",0.999,0.95,40,0.972972972972973,37,0.529960918710919,40,0.501587902837903,40
"687.2","1055125",0.999,0.975,40,0.973684210526316,38,0.38636924186266,40,0.362671325195993,40
"688.2","1055168",0.999,NA,0,NA,0,0,38,0,38
"689.2","1055221",0.999,1,40,1,40,0.410352842359421,40,0.410352842359421,40
"690.2","1055249",0.999,1,36,1,36,0.175152153615477,40,0.175152153615477,40
"691.2","1055258",0.999,1,26,1,26,0.0578271650546503,40,0.0578271650546503,40
"692.2","1055297",0.999,0.925,40,0.911764705882353,34,0.303860835924217,40,0.248539427218891,40
"693.2","1055314",0.999,0.95,40,0.944444444444444,36,0.317753686838286,40,0.293168969230312,40
"694.2","1055327",0.999,0.975,40,0.973684210526316,38,0.304558653970485,40,0.291033155079133,40
"695.2","1055358",0.999,0.975,40,0.973684210526316,38,0.297761081716405,40,0.28355653626186,40
"696.2","1055359",0.999,1,40,1,40,0.544105565789878,40,0.544105565789878,40
"697.2","1055417",0.999,0.975,40,0.973684210526316,38,0.422667109430047,40,0.397071871334809,40
"698.2","1055444",0.999,NA,0,NA,0,0,38,0,38
"699.2","1055457",0.999,NA,0,NA,0,0,40,0,40
"700.2","1061035",0.999,0.925,40,0.911764705882353,34,0.409921474014428,40,0.337203220046174,40
"701.2","1061043",0.999,0.925,40,0.911764705882353,34,0.32217529437357,39,0.269375412263343,39
"702.2","1061050",0.999,0.95,40,0.944444444444444,36,0.446878488273307,39,0.394407437818386,39
"703.2","1061058",0.999,0.9,40,0.875,32,0.513358036574601,40,0.39000293016422,40
"704.2","1061059",0.999,0.975,40,0.973684210526316,38,0.450733964184902,40,0.422162535613474,40
"705.2","1061067",0.999,0.925,40,0.911764705882353,34,0.366074527035143,40,0.299593251543856,40
"706.2","1061115",0.999,0.95,40,0.944444444444444,36,0.687197299853846,39,0.618023989504065,39
"707.2","1061150",0.999,0.975,40,0.973684210526316,38,0.510229317663528,40,0.483145984330195,40
"708.2","1061166",0.999,1,40,1,40,0.687522507401993,40,0.687522507401993,40
"709.2","1061169",0.999,1,40,1,40,0.714882963404635,40,0.714882963404635,40
"710.2","1061172",0.999,1,40,1,40,0.786294147334987,40,0.786294147334987,40
"711.2","1061179",0.999,1,32,1,32,0.166789343786295,40,0.166789343786295,40
"712.2","1061185",0.999,1,40,1,40,0.593000981576563,40,0.593000981576563,40
"713.2","1061191",0.999,1,40,1,40,0.648527194622463,40,0.648527194622463,40
"714.2","1061194",0.999,1,40,1,40,0.59394105528974,40,0.59394105528974,40
"715.2","1061213",0.999,1,40,1,40,0.710787274740763,40,0.710787274740763,40
"716.2","1061214",0.999,1,40,1,40,0.536928422177849,40,0.536928422177849,40
"717.2","1061222",0.999,1,40,1,40,0.467750340520077,40,0.467750340520077,40
"718.2","1061228",0.999,0.95,40,0.972972972972973,37,0.635289919261551,40,0.601536689287391,40
"719.2","1061230",0.999,1,40,1,40,0.510290316999689,40,0.510290316999689,40
"720.2","1061237",0.999,1,40,1,40,0.558721060977961,40,0.558721060977961,40
"721.2","1061240",0.999,0.95,40,0.972972972972973,37,0.602412790697674,40,0.57286733615222,40
"722.2","1061245",0.999,0.975,40,0.973684210526316,38,0.660163290012361,40,0.630163290012361,40
"723.2","1061252",0.999,1,40,1,40,0.892440704943287,40,0.892440704943287,40
"724.2","1061281",0.999,0.975,40,0.973684210526316,38,0.86938493337001,40,0.825337314322391,40
"725.2","1061295",0.999,1,40,1,40,0.673379095256931,40,0.673379095256931,40
"726.2","1061314",0.999,0.975,40,0.973684210526316,38,0.513680596978643,40,0.481689856237902,40
"727.2","1061349",0.999,0.95,40,0.972222222222222,36,0.595088876340383,40,0.555332778779407,40
"728.2","1061362",0.999,1,40,1,40,0.690980953304445,40,0.690980953304445,40
"729.2","1061371",0.999,0.975,40,0.975,40,0.481140073138612,40,0.481140073138612,40
"730.2","1061375",0.999,0.975,40,0.973684210526316,38,0.702446941178525,40,0.673875512607097,40
"731.2","1061381",0.999,1,40,1,40,0.672850303810213,40,0.672850303810213,40
"732.2","1061421",0.999,1,40,1,40,0.623000667893156,40,0.623000667893156,40
"733.2","1061440",0.999,0.925,40,0.941176470588235,34,0.582477112639179,40,0.492552870214937,40
"734.2","1061452",0.999,1,40,1,40,0.559809573577324,40,0.559809573577324,40
"735.2","1061695",0.999,NA,0,NA,0,0,40,0,40
"736.2","1061696",0.999,NA,0,NA,0,0,40,0,40
"737.2","1061711",0.999,NA,0,NA,0,0,40,0,40
"738.2","1061730",0.999,NA,0,NA,0,0,40,0,40
"739.2","1061749",0.999,NA,0,NA,0,0,40,0,40
"740.2","1061753",0.999,NA,0,NA,0,0,40,0,40
"741.2","1061755",0.999,NA,0,NA,0,0,40,0,40
"742.2","1061758",0.999,NA,0,NA,0,0,40,0,40
"743.2","1061764",0.999,NA,0,NA,0,0,40,0,40
"744.2","1061771",0.999,NA,0,NA,0,0,40,0,40
"745.2","1061772",0.999,1,3,1,3,0.0119414251207729,40,0.0119414251207729,40
"746.2","1061775",0.999,NA,0,NA,0,0,40,0,40
"747.2","1061798",0.999,NA,0,NA,0,0,31,0,31
"748.2","1061812",0.999,0.975,40,0.973684210526316,38,0.351286960169341,40,0.334032686665068,40
"749.2","1061815",0.999,1,40,1,40,0.642296064804808,40,0.642296064804808,40
"750.2","1061841",0.999,1,40,1,40,0.464372355088767,40,0.464372355088767,40
"751.2","1061860",0.999,NA,0,NA,0,0,40,0,40
"752.2","1061861",0.999,1,40,1,40,0.26723838088968,40,0.26723838088968,40
"753.2","1061891",0.999,0.9,40,0.875,32,0.312031281830914,40,0.24739924719888,40
"754.2","1061906",0.999,0.95,40,0.944444444444444,36,0.479534447209969,40,0.434682142651782,40
"755.2","1061914",0.999,1,40,1,40,0.464023332786596,40,0.464023332786596,40
"756.2","1061921",0.999,1,40,1,40,0.44089194704163,40,0.44089194704163,40
"757.2","1061928",0.999,1,40,1,40,0.486767374789301,40,0.486767374789301,40
"758.2","1061948",0.999,NA,0,NA,0,0,29,0,29
"759.2","1061966",0.999,NA,0,NA,0,0,36,0,36
"760.2","1061976",0.999,1,40,1,40,0.792899801642746,40,0.792899801642746,40
"761.2","1061977",0.999,0.95,40,0.944444444444444,36,0.356258635102136,39,0.312875253143361,39
"762.2","1062003",0.999,0.975,40,0.973684210526316,38,0.344941754968231,40,0.326520702336652,40
"763.2","1062074",0.999,0.95,40,0.944444444444444,36,0.442663235862639,40,0.381991192851886,40
"764.2","1062078",0.999,0.95,40,0.972972972972973,37,0.525948762663859,40,0.499292779757876,40
"765.2","1062117",0.999,0.96969696969697,33,0.967741935483871,31,0.16014375921554,40,0.150906222558649,40
"766.2","1062120",0.999,1,40,1,40,0.132421405244574,40,0.132421405244574,40
"767.2","1062141",0.999,0.95,40,0.944444444444444,36,0.249068213849077,38,0.221235899922223,38
"768.2","1062153",0.999,NA,0,NA,0,0,40,0,40
"769.2","1062196",0.999,1,40,1,40,1,40,1,40
"770.2","1062197",0.999,0.925,40,0.945945945945946,37,0.911170212765957,40,0.862234042553191,40
"771.2","1062202",0.999,1,40,1,40,0.978723404255319,40,0.978723404255319,40
"772.2","1062205",0.999,1,40,1,40,0.979255319148936,40,0.979255319148936,40
"773.2","1062216",0.999,1,40,1,40,0.619368640148011,40,0.619368640148011,40
"774.2","1062302",0.999,1,40,1,40,0.531743648376822,40,0.531743648376822,40
"775.2","1062329",0.999,NA,0,NA,0,0,40,0,40
"776.2","1062370",0.999,0.975,40,0.973684210526316,38,0.449397751759652,40,0.42271277007467,40
"777.2","1062386",0.999,0.8,10,0.833333333333333,6,0.0255900119277728,39,0.00707984825631885,39
"778.2","1062413",0.999,1,40,1,40,0.388066476957775,40,0.388066476957775,40
"779.2","1062445",0.999,1,37,1,37,0.120122345037583,40,0.120122345037583,40
"780.2","1062446",0.999,NA,0,NA,0,0,40,0,40
"781.2","1062459",0.999,0.918918918918919,37,0.903225806451613,31,0.0993790547187395,39,0.0679525549732742,39
"782.2","1062465",0.999,1,40,1,40,0.345828328785925,40,0.345828328785925,40
"783.2","1062478",0.999,0.95,40,0.944444444444444,36,0.38653225314403,39,0.327169393781171,39
"784.2","1062511",0.999,1,3,1,3,0.0136424731182796,31,0.0136424731182796,31
"785.2","1063296",0.999,NA,0,NA,0,NA,0,NA,0
"786.2","1063380",0.999,NA,0,NA,0,0,32,0,32
"787.2","1064344",0.999,0.975,40,0.973684210526316,38,0.326198155764359,39,0.316993685021426,39
"788.2","1064352",0.999,1,40,1,40,0.29964569931825,40,0.29964569931825,40
"789.2","1064405",0.999,0.945945945945946,37,0.970588235294118,34,0.136482722790194,39,0.133374719682191,39
"790.2","1064423",0.999,0.95,40,0.944444444444444,36,0.194375585735644,39,0.178361022342048,39
"791.2","1064456",0.999,1,40,1,40,0.155911303732827,40,0.155911303732827,40
"792.2","1064491",0.999,0.925,40,0.942857142857143,35,0.321420685041609,40,0.289683672054596,40
"793.2","1064532",0.999,0.975,40,0.973684210526316,38,0.552311135821703,40,0.526553560064127,40
"794.2","1065694",0.999,1,40,1,40,0.592237896240823,40,0.592237896240823,40
"795.2","1065739",0.999,0.974358974358974,39,0.972972972972973,37,0.111297886783637,40,0.107428839164589,40
"796.2","1065834",0.999,0.975,40,0.973684210526316,38,0.81185462489854,40,0.771429092983647,40
"797.2","1065843",0.999,1,40,1,40,0.426072823517319,40,0.426072823517319,40
"798.2","1065850",0.999,1,40,1,40,0.776061243929766,40,0.776061243929766,40
"799.2","1065852",0.999,1,40,1,40,0.695654748026931,40,0.695654748026931,40
"800.2","1065859",0.999,1,40,1,40,0.604416996047431,40,0.604416996047431,40
"801.2","1071367",0.999,0.972222222222222,36,0.970588235294118,34,0.139994339408104,39,0.129504828918594,39
"802.2","1071389",0.999,0.975,40,0.973684210526316,38,0.24790134004528,40,0.235677075339398,40
"803.2","1071395",0.999,1,40,1,40,0.414324830200029,40,0.414324830200029,40
"804.2","1071432",0.999,0.897435897435897,39,0.90625,32,0.118108130431432,39,0.104475047887701,39
"805.2","1071433",0.999,NA,0,NA,0,0,38,0,38
"806.2","1071447",0.999,0.975,40,0.973684210526316,38,0.456188778312892,40,0.436206699459845,40
"807.2","1071455",0.999,1,40,1,40,0.253607732495206,40,0.253607732495206,40
"808.2","1071460",0.999,0.975,40,0.973684210526316,38,0.80531914893617,40,0.763829787234042,40
"809.2","1071481",0.999,0.95,40,0.944444444444444,36,0.212404156783505,39,0.185656598785947,39
"810.2","1071496",0.999,1,40,1,40,0.206527796360187,40,0.206527796360187,40
"811.2","1071508",0.999,NA,0,NA,0,0,29,0,29
"812.2","1071509",0.999,0.975,40,0.973684210526316,38,0.321898806404691,40,0.30203769529358,40
"813.2","1071517",0.999,0.975,40,0.973684210526316,38,0.21595699603932,40,0.20158199603932,40
"814.2","1071533",0.999,1,40,1,40,0.644656235479852,40,0.644656235479852,40
"815.2","1071546",0.999,NA,0,NA,0,0,40,0,40
"816.2","1071552",0.999,NA,0,NA,0,0,40,0,40
"817.2","1071578",0.999,NA,0,NA,0,0,40,0,40
"818.2","1071605",0.999,0.975,40,0.973684210526316,38,0.405710955710956,40,0.378627622377622,40
"819.2","1071614",0.999,1,40,1,40,1,40,1,40
"820.2","1071641",0.999,0.9,40,0.909090909090909,33,0.103971608540324,39,0.0786834738094652,39
"821.2","1071653",0.999,1,21,1,21,0.0607153046626338,40,0.0607153046626338,40
"822.2","1071665",0.999,NA,0,NA,0,0,40,0,40
"823.2","1071670",0.999,0.95,40,0.944444444444444,36,0.280948091562418,40,0.254716012709371,40
"824.2","1071677",0.999,1,40,1,40,1,40,1,40
"825.2","1071695",0.999,1,40,1,40,1,40,1,40
"826.2","1071773",0.999,NA,0,NA,0,0,39,0,39
"827.2","1071785",0.999,0.975,40,0.973684210526316,38,0.465914990142254,40,0.438916392666798,40
"828.2","1071899",0.999,1,40,1,40,0.920929694727105,40,0.920929694727105,40
"829.2","1071941",0.999,1,40,1,40,0.415100855461093,40,0.415100855461093,40
"830.2","1071946",0.999,0.975,40,0.973684210526316,38,0.605083473196643,40,0.575639028752198,40
"831.2","1071969",0.999,0.975,40,0.973684210526316,38,0.64223705422666,40,0.616681498671105,40
"832.2","1071979",0.999,1,40,1,40,0.488369421385933,40,0.488369421385933,40
"833.2","1072011",0.999,1,40,1,40,0.299162275116609,40,0.299162275116609,40
"834.2","1072040",0.999,1,40,1,40,0.604881422924901,40,0.604881422924901,40
"835.2","1072041",0.999,0.975,40,0.973684210526316,38,0.450595956808771,40,0.434835087243554,40
"836.2","1072045",0.999,0.972972972972973,37,0.971428571428571,35,0.121271362120189,39,0.112368228217056,39
"837.2","1072120",0.999,0.975,40,0.973684210526316,38,0.389748166984291,40,0.356843755219585,40
"838.2","1072251",0.999,0.975,40,0.973684210526316,38,0.233351241557223,39,0.221696229902212,39
"839.2","1072285",0.999,0.925,40,0.941176470588235,34,0.587903288462389,38,0.500758763844393,38
"840.2","1072286",0.999,0.9,40,0.939393939393939,33,0.440477416372508,40,0.381711132253401,40
"841.2","1072300",0.999,0.95,40,0.944444444444444,36,0.378506503005825,40,0.335418465371417,40
"842.2","1072312",0.999,0.875,40,0.903225806451613,31,0.331477888449738,40,0.269285653601253,40
"843.2","1072327",0.999,0.9,40,0.90625,32,0.514807061103587,39,0.406879339528223,39
"844.2","1072336",0.999,0.875,40,0.90625,32,0.48479826546003,40,0.39994532428356,40
"845.2","1081317",0.999,NA,0,NA,0,0,26,0,26
"846.2","108900",0.999,1,40,1,40,0.633969038208169,40,0.633969038208169,40
"847.2","108926",0.999,1,40,1,40,0.636070487483531,40,0.636070487483531,40
"848.2","1093811",0.999,1,40,1,40,0.35202312302845,40,0.35202312302845,40
"849.2","1093812",0.999,1,40,1,40,0.526908638909044,40,0.526908638909044,40
"850.2","1094079",0.999,1,40,1,40,0.545965780363181,40,0.545965780363181,40
"851.2","1095327",0.999,0.975,40,0.973684210526316,38,0.730426776513733,40,0.694871220958177,40
"852.2","1095421",0.999,0.975,40,0.973684210526316,38,0.577395723604246,40,0.550014771223294,40
"853.2","1095628",0.999,0.95,40,0.944444444444444,36,0.564172803823905,40,0.514541429101067,40
"854.2","1096255",0.999,NA,0,NA,0,0,40,0,40
"855.2","1096256",0.999,0.975,40,0.973684210526316,38,0.593624620244202,40,0.565131030500613,40
"856.2","1096313",0.999,1,40,1,40,0.533978230229494,40,0.533978230229494,40
"857.2","1096677",0.999,0.974358974358974,39,0.972972972972973,37,0.277056696533441,40,0.259839466089466,40
"858.2","1096687",0.999,0.975,40,0.973684210526316,38,0.453985275533063,40,0.431774909679405,40
"859.2","1096700",0.999,1,40,1,40,0.466422872828159,40,0.466422872828159,40
"860.2","1097284",0.999,1,40,1,40,0.401396606567334,40,0.401396606567334,40
"861.2","1097316",0.999,NA,0,NA,0,0,39,0,39
"862.2","1097850",0.999,1,38,1,38,0.117916540823518,40,0.117916540823518,40
"863.2","1097891",0.999,1,40,1,40,0.676466974562905,40,0.676466974562905,40
"864.2","1098080",0.999,NA,0,NA,0,0,40,0,40
"865.2","1098131",0.999,0.975,40,0.973684210526316,38,0.432723707171382,40,0.417607428101614,40
"866.2","1099054",0.999,NA,0,NA,0,0,27,0,27
"867.2","1099057",0.999,NA,0,NA,0,0,30,0,30
"868.2","1099344",0.999,NA,0,NA,0,0,31,0,31
"869.2","1099345",0.999,NA,0,NA,0,0,29,0,29
"870.2","1099371",0.999,NA,0,NA,0,0,31,0,31
"871.2","1099393",0.999,NA,0,NA,0,0,34,0,34
"872.2","1099403",0.999,NA,0,NA,0,0,32,0,32
"873.2","1099548",0.999,NA,0,NA,0,0,40,0,40
"874.2","1099742",0.999,1,40,1,40,0.440183999233964,40,0.440183999233964,40
"875.2","1099788",0.999,1,40,1,40,0.306232602454882,40,0.306232602454882,40
"876.2","1099794",0.999,0.975,40,0.973684210526316,38,0.226472268018649,40,0.219213266857209,40
"877.2","1099815",0.999,1,40,1,40,0.404979970701215,40,0.404979970701215,40
"878.2","1099823",0.999,1,38,1,38,0.191856570843315,40,0.191856570843315,40
"879.2","1099836",0.999,0.975,40,0.975,40,0.339670735006261,40,0.339670735006261,40
"880.2","1099847",0.999,NA,0,NA,0,0,39,0,39
"881.2","1099872",0.999,1,40,1,40,0.313568744401603,40,0.313568744401603,40
"882.2","1099882",0.999,1,40,1,40,0.3996655563292,40,0.3996655563292,40
"883.2","1099891",0.999,1,40,1,40,0.475633845433268,40,0.475633845433268,40
"884.2","1099897",0.999,1,40,1,40,0.287104833161335,40,0.287104833161335,40
"885.2","1099974",0.999,NA,0,NA,0,0,39,0,39
"886.2","1101836",0.999,NA,0,NA,0,0,38,0,38
"887.2","1101844",0.999,1,1,1,1,0.00357142857142857,40,0.00357142857142857,40
"888.2","1101847",0.999,0.975,40,0.973684210526316,38,0.415860687359853,40,0.390940815564981,40
"889.2","1101851",0.999,NA,0,NA,0,0,40,0,40
"890.2","1101874",0.999,1,1,1,1,0.00116279069767442,40,0.00116279069767442,40
"891.2","1102004",0.999,1,40,1,40,0.395411483037848,40,0.395411483037848,40
"892.2","1102194",0.999,0.941176470588235,34,0.96875,32,0.2625008953718,40,0.254167562038467,40
"893.2","1102204",0.999,0.95,40,0.944444444444444,36,0.415429871587208,40,0.365144673497132,40
"894.2","1102205",0.999,1,1,1,1,0.000641025641025641,40,0.000641025641025641,40
"895.2","1102390",0.999,1,40,1,40,0.552086572713067,40,0.552086572713067,40
"896.2","1102418",0.999,1,40,1,40,0.223982936537291,40,0.223982936537291,40
"897.2","1102419",0.999,NA,0,NA,0,0,40,0,40
"898.2","1102437",0.999,1,40,1,40,0.281069387434519,40,0.281069387434519,40
"899.2","1102551",0.999,1,40,1,40,0.505016156989841,40,0.505016156989841,40
"900.2","1102592",0.999,NA,0,NA,0,0,40,0,40
"901.2","1102632",0.999,0.975,40,0.973684210526316,38,0.399798523061545,40,0.383434886697909,40
"902.2","1102634",0.999,0.975,40,0.973684210526316,38,0.487691385934685,40,0.453745307503313,40
"903.2","1102640",0.999,1,11,1,11,0.0268667198761871,40,0.0268667198761871,40
"904.2","1102675",0.999,1,36,1,36,0.17578915165838,40,0.17578915165838,40
"905.2","1103217",0.999,1,40,1,40,0.591403924254267,40,0.591403924254267,40
"906.2","1103237",0.999,1,40,1,40,0.768205470523926,40,0.768205470523926,40
"907.2","1104",0.999,0.941176470588235,17,0.933333333333333,15,0.0543720224181304,40,0.0501295981757062,40
"908.2","1104038",0.999,1,40,1,40,0.362743316233461,40,0.362743316233461,40
"909.2","1104179",0.999,NA,0,NA,0,0,35,0,35
"910.2","1104193",0.999,NA,0,NA,0,0,36,0,36
"911.2","1105663",0.999,1,40,1,40,0.515476402038586,40,0.515476402038586,40
"912.2","1107614",0.999,0.925,40,0.971428571428571,35,0.381868528758064,40,0.364650281888654,40
"913.2","1107615",0.999,0.975,40,0.973684210526316,38,0.67494367604778,40,0.644705580809684,40
"914.2","1107631",0.999,0.95,40,0.944444444444444,36,0.0859497127128573,40,0.0760221764809732,40
"915.2","1108",0.999,1,36,1,36,0.189529715469,40,0.189529715469,40
"916.2","1108201",0.999,1,40,1,40,0.320647753262614,40,0.320647753262614,40
"917.2","1109272",0.999,1,40,1,40,0.551123737373737,40,0.551123737373737,40
"918.2","1110396",0.999,NA,0,NA,0,0,28,0,28
"919.2","1110595",0.999,0.975,40,0.973684210526316,38,0.504641261105314,40,0.465132332533885,40
"920.2","1110622",0.999,0.975,40,0.973684210526316,38,0.685274307060202,40,0.657673296959192,40
"921.2","1110687",0.999,0.95,40,0.944444444444444,36,0.56625319608224,40,0.492681767510812,40
"922.2","1110693",0.999,0.9,40,0.882352941176471,34,0.279167236755363,39,0.233013390601516,39
"923.2","1110732",0.999,NA,0,NA,0,0,39,0,39
"924.2","1110734",0.999,NA,0,NA,0,0,38,0,38
"925.2","1110739",0.999,NA,0,NA,0,0,40,0,40
"926.2","1110791",0.999,1,40,1,40,0.242947355327991,40,0.242947355327991,40
"927.2","1110795",0.999,0.975,40,0.973684210526316,38,0.367245965281661,40,0.350093187503883,40
"928.2","1110801",0.999,0.9,40,0.909090909090909,33,0.353157879660858,39,0.308779804032782,39
"929.2","1110819",0.999,0.975,40,0.973684210526316,38,0.595760272479734,40,0.563942090661552,40
"930.2","1110833",0.999,1,40,1,40,0.290469417526287,40,0.290469417526287,40
"931.2","1110838",0.999,0.95,40,0.944444444444444,36,0.494637967754474,40,0.430121838722216,40
"932.2","1110851",0.999,0.95,40,0.944444444444444,36,0.293658309700789,40,0.262989953666579,40
"933.2","1110862",0.999,0.975,40,0.973684210526316,38,0.615359474030116,40,0.580180902601545,40
"934.2","1110880",0.999,0.975,40,0.973684210526316,38,0.57081677124358,39,0.54051374094055,39
"935.2","1110914",0.999,NA,0,NA,0,0,39,0,39
"936.2","1110941",0.999,0.925,40,0.942857142857143,35,0.277909985359326,39,0.253805030485141,39
"937.2","1110963",0.999,0.975,40,0.973684210526316,38,0.449243712047373,40,0.426743712047373,40
"938.2","1110968",0.999,0.975,40,0.973684210526316,38,0.340520632298525,40,0.322513113501532,40
"939.2","1110976",0.999,1,3,1,3,0.00367317867317867,40,0.00367317867317867,40
"940.2","1113179",0.999,0.948717948717949,39,0.972222222222222,36,0.309003765067199,40,0.302753765067199,40
"941.2","1114415",0.999,1,40,1,40,0.759491363046693,40,0.759491363046693,40
"942.2","1114514",0.999,1,40,1,40,0.364809788773898,40,0.364809788773898,40
"943.2","1114524",0.999,0.975,40,0.973684210526316,38,0.289582130426583,40,0.276597634302552,40
"944.2","1114530",0.999,1,5,1,5,0.008093763821318,40,0.008093763821318,40
"945.2","1114531",0.999,0.9,40,0.875,32,0.375613577433412,40,0.277579303239864,40
"946.2","1114542",0.999,0.95,40,0.944444444444444,36,0.338523872543698,39,0.298039625607839,39
"947.2","1114546",0.999,0.975,40,0.973684210526316,38,0.317752354078704,40,0.302127354078704,40
"948.2","1114633",0.999,NA,0,NA,0,0,36,0,36
"949.2","1114638",0.999,0.975,40,0.973684210526316,38,0.415512900733124,39,0.398167501034783,39
"950.2","1114644",0.999,0.875,40,0.870967741935484,31,0.355855798690786,39,0.290745170072093,39
"951.2","1114663",0.999,0.95,40,0.944444444444444,36,0.476306565794278,40,0.420599369764501,40
"952.2","1114694",0.999,1,30,1,30,0.0676909761011576,40,0.0676909761011576,40
"953.2","1114709",0.999,0.95,40,0.972222222222222,36,0.389336545191808,40,0.363163003228793,40
"954.2","1114751",0.999,0.9,40,0.941176470588235,34,0.36128647534442,40,0.334250490495935,40
"955.2","1114781",0.999,0.95,40,0.944444444444444,36,0.48993521917095,39,0.417694594298746,39
"956.2","1114809",0.999,1,37,1,37,0.112422694645548,40,0.112422694645548,40
"957.2","1114815",0.999,0.925,40,0.945945945945946,37,0.184766978610031,39,0.170007880181577,39
"958.2","1114852",0.999,NA,0,NA,0,0,39,0,39
"959.2","1114878",0.999,1,3,1,3,0.00357456140350877,40,0.00357456140350877,40
"960.2","1114903",0.999,0.966666666666667,30,0.964285714285714,28,0.137585862924485,40,0.130513494503433,40
"961.2","1115003",0.999,0.95,40,0.945945945945946,37,0.549201602461233,40,0.503760803340998,40
"962.2","1115012",0.999,1,37,1,37,0.073233390140022,40,0.073233390140022,40
"963.2","1115022",0.999,0.9,40,0.90625,32,0.277571373295129,39,0.221430776776334,39
"964.2","1115045",0.999,0.875,40,0.903225806451613,31,0.549490275009727,39,0.457027182546634,39
"965.2","1116190",0.999,0.975,40,0.973684210526316,38,0.16413628038628,40,0.156358502608503,40
"966.2","1116207",0.999,0.972972972972973,37,0.971428571428571,35,0.136991951179594,39,0.129726993914637,39
"967.2","1116308",0.999,0.970588235294118,34,0.96875,32,0.13549742333604,39,0.119606080990663,39
"968.2","1116315",0.999,NA,0,NA,0,0,31,0,31
"969.2","1116505",0.999,0.9,40,0.939393939393939,33,0.565791513613429,40,0.472159067553392,40
"970.2","1116518",0.999,0.925,40,0.916666666666667,36,0.282127363068687,40,0.258794029735353,40
"971.2","1116744",0.999,1,40,1,40,0.174881273064268,40,0.174881273064268,40
"972.2","1116773",0.999,1,40,1,40,0.449520953609915,40,0.449520953609915,40
"973.2","1116801",0.999,1,40,1,40,0.396968852370032,40,0.396968852370032,40
"974.2","1116803",0.999,NA,0,NA,0,0,32,0,32
"975.2","1116836",0.999,0.956521739130435,23,0.952380952380952,21,0.0431142328331037,40,0.0379522895132657,40
"976.2","1116837",0.999,0.975,40,0.973684210526316,38,0.41051734936181,40,0.386727026781165,40
"977.2","1116854",0.999,1,40,1,40,0.34396343663756,40,0.34396343663756,40
"978.2","1116858",0.999,NA,0,NA,0,0,40,0,40
"979.2","1116859",0.999,NA,0,NA,0,0,40,0,40
"980.2","1116872",0.999,1,40,1,40,0.834624670020983,40,0.834624670020983,40
"981.2","1116895",0.999,1,40,1,40,0.527967729994119,40,0.527967729994119,40
"982.2","1116916",0.999,NA,0,NA,0,0,39,0,39
"983.2","1116919",0.999,NA,0,NA,0,NA,0,NA,0
"984.2","1116950",0.999,0.95,40,0.944444444444444,36,0.422816942248278,40,0.383650275581612,40
"985.2","1116965",0.999,1,40,1,40,0.421276218995084,40,0.421276218995084,40
"986.2","1116984",0.999,1,40,1,40,0.346436906995614,40,0.346436906995614,40
"987.2","1116999",0.999,0.975,40,0.973684210526316,38,0.338376531528275,40,0.317750839390955,40
"988.2","1117004",0.999,1,40,1,40,0.473004366058343,40,0.473004366058343,40
"989.2","1117008",0.999,0.925,40,0.911764705882353,34,0.464121046101249,40,0.388644855625058,40
"990.2","1117012",0.999,1,40,1,40,0.536122092275051,40,0.536122092275051,40
"991.2","1117130",0.999,1,40,1,40,0.409133051612191,40,0.409133051612191,40
"992.2","1117496",0.999,1,34,1,34,0.0903812199036894,40,0.0903812199036894,40
"993.2","1117499",0.999,0.95,40,0.944444444444444,36,0.36852320105334,40,0.330009027055295,40
"994.2","1117508",0.999,0.975,40,0.973684210526316,38,0.590192709951498,40,0.558526043284831,40
"995.2","1117517",0.999,0.95,40,0.944444444444444,36,0.445534609768942,40,0.399695829812515,40
"996.2","1117519",0.999,0.925,40,0.911764705882353,34,0.469042170369376,40,0.371119668035109,40
"997.2","1117528",0.999,1,34,1,34,0.0855883622996936,40,0.0855883622996936,40
"998.2","1117554",0.999,1,40,1,40,0.313630008235304,40,0.313630008235304,40
"999.2","1117555",0.999,0.95,40,0.944444444444444,36,0.219607892610481,39,0.186148296650885,39
"1000.2","1117559",0.999,0.96,25,0.956521739130435,23,0.0395845733804299,38,0.037812466345165,38
"1001.2","1117578",0.999,0.925,40,0.942857142857143,35,0.452850438476706,40,0.397401720527988,40
"1002.2","1117579",0.999,0.975,40,0.973684210526316,38,0.233846435749566,40,0.207596435749566,40
"1003.2","1117595",0.999,NA,0,NA,0,0,40,0,40
"1004.2","1117598",0.999,0.975,40,0.973684210526316,38,0.280728325849788,40,0.234574479695942,40
"1005.2","1117622",0.999,1,34,1,34,0.115881822673151,40,0.115881822673151,40
"1006.2","1117625",0.999,1,40,1,40,0.364476199109506,40,0.364476199109506,40
"1007.2","1117631",0.999,0.925,40,0.911764705882353,34,0.343459046328214,39,0.266054881865226,39
"1008.2","1117717",0.999,1,40,1,40,0.407310891258611,40,0.407310891258611,40
"1009.2","1117730",0.999,1,40,1,40,0.347282633355886,40,0.347282633355886,40
"1010.2","1117731",0.999,0.975,40,0.973684210526316,38,0.519436184957619,40,0.483779619301053,40
"1011.2","1118516",0.999,0.95,40,0.944444444444444,36,0.533725120109815,40,0.474879144161619,40
"1012.2","1120509",0.999,0.95,40,0.944444444444444,36,0.421199413216324,40,0.377364872153522,40
"1013.2","1120515",0.999,1,40,1,40,0.432543245125408,40,0.432543245125408,40
"1014.2","1120538",0.999,0.95,40,0.945945945945946,37,0.799917500452039,40,0.744243739301108,40
"1015.2","1120587",0.999,NA,0,NA,0,0,38,0,38
"1016.2","1120618",0.999,1,40,1,40,0.20366576045464,40,0.20366576045464,40
"1017.2","1120647",0.999,1,5,1,5,0.018483709273183,38,0.018483709273183,38
"1018.2","1124",0.999,0.935483870967742,31,0.964285714285714,28,0.107790779979773,40,0.0941618801439763,40
"1019.2","1124098",0.999,1,11,1,11,0.0688571428571429,40,0.0688571428571429,40
"1020.2","1124104",0.999,0.975,40,0.973684210526316,38,0.152329439658028,39,0.13438072170931,39
"1021.2","1124135",0.999,1,40,1,40,0.272924177972508,40,0.272924177972508,40
"1022.2","1124219",0.999,0.825,40,0.814814814814815,27,0.322133665628352,40,0.200803437885081,40
"1023.2","1124242",0.999,1,40,1,40,0.555279554819969,40,0.555279554819969,40
"1024.2","1124251",0.999,0.975,40,0.973684210526316,38,0.471715446425595,40,0.446362882323031,40
"1025.2","1124252",0.999,1,40,1,40,0.455299395627976,40,0.455299395627976,40
"1026.2","1124254",0.999,1,40,1,40,0.422603510066927,40,0.422603510066927,40
"1027.2","1124255",0.999,0.975,40,0.973684210526316,38,0.562049440774767,40,0.531423054965454,40
"1028.2","1124943",0.999,0.9,40,0.96969696969697,33,0.399682572896918,40,0.351242723272858,40
"1029.2","1124973",0.999,1,40,1,40,0.241292241350381,40,0.241292241350381,40
"1030.2","1125103",0.999,1,40,1,40,0.630932976293528,40,0.630932976293528,40
"1031.2","1125224",0.999,NA,0,NA,0,0,39,0,39
"1032.2","1125234",0.999,0.95,40,0.944444444444444,36,0.414105023712547,40,0.374374021158268,40
"1033.2","1125278",0.999,1,40,1,40,0.525289598507615,40,0.525289598507615,40
"1034.2","1125300",0.999,0.975,40,0.973684210526316,38,0.225260737042701,39,0.21921044398163,39
"1035.2","1125331",0.999,0.90625,32,0.923076923076923,26,0.129240220345473,39,0.112014475162738,39
"1036.2","1125337",0.999,0.925,40,0.941176470588235,34,0.271300807364524,40,0.238661694461298,40
"1037.2","1125342",0.999,1,40,1,40,0.311821192919983,40,0.311821192919983,40
"1038.2","1125367",0.999,0.95,40,0.944444444444444,36,0.496405441446853,40,0.444910087207597,40
"1039.2","1125369",0.999,0.95,40,0.944444444444444,36,0.249866649697361,40,0.227687162517874,40
"1040.2","1125370",0.999,1,40,1,40,0.43073101731879,40,0.43073101731879,40
"1041.2","1125499",0.999,0.975,40,0.973684210526316,38,0.381076794834321,40,0.364315431197957,40
"1042.2","1125601",0.999,0.975,40,0.973684210526316,38,0.0877688941518064,39,0.0858285788906657,39
"1043.2","1125607",0.999,0.973684210526316,38,0.972222222222222,36,0.119097736694577,39,0.114720000609524,39
"1044.2","1125612",0.999,1,4,1,4,0.00515503875968992,40,0.00515503875968992,40
"1045.2","1125619",0.999,1,4,1,4,0.00353844441971737,40,0.00353844441971737,40
"1046.2","1125625",0.999,NA,0,NA,0,0,40,0,40
"1047.2","1125631",0.999,1,29,1,29,0.119403798833701,40,0.119403798833701,40
"1048.2","1125637",0.999,1,25,1,25,0.0815349251572347,40,0.0815349251572347,40
"1049.2","1125649",0.999,1,40,1,40,0.491849915863423,40,0.491849915863423,40
"1050.2","1125650",0.999,1,40,1,40,0.410712825493228,40,0.410712825493228,40
"1051.2","1125698",0.999,0.95,40,0.944444444444444,36,0.440347150730506,40,0.401993665666495,40
"1052.2","1126",0.999,0.964285714285714,28,0.961538461538462,26,0.16825804727788,40,0.146065929051279,40
"1053.2","1126052",0.999,0.95,40,0.944444444444444,36,0.390827555369641,40,0.33612269425853,40
"1054.2","1126206",0.999,0.975,40,0.973684210526316,38,0.448454939753567,40,0.431063635405741,40
"1055.2","1126310",0.999,NA,0,NA,0,0,40,0,40
"1056.2","1127250",0.999,1,2,1,2,0.00355750487329435,40,0.00355750487329435,40
"1057.2","1127254",0.999,1,3,1,3,0.0183375104427736,40,0.0183375104427736,40
"1058.2","1127273",0.999,0.8,5,0.75,4,0.0114810866098051,38,0.00358634976769988,38
"1059.2","1127309",0.999,0.944444444444444,36,0.96969696969697,33,0.112582617583932,39,0.0983031559360488,39
"1060.2","1127323",0.999,0.918918918918919,37,0.903225806451613,31,0.159976495671689,38,0.139100776963153,38
"1061.2","1127386",0.999,1,40,1,40,0.372240429269569,40,0.372240429269569,40
"1062.2","1133065",0.999,0.95,40,0.944444444444444,36,0.605339852055763,40,0.544380468302261,40
"1063.2","1139",0.999,1,40,1,40,0.168737742597423,40,0.168737742597423,40
"1064.2","1142",0.999,0.973684210526316,38,0.972222222222222,36,0.155020127305734,40,0.1491867939724,40
"1065.2","1148",0.999,NA,0,NA,0,0,38,0,38
"1066.2","1154",0.999,0.925,40,0.914285714285714,35,0.44621511397018,40,0.37376074401581,40
"1067.2","1160",0.999,NA,0,NA,0,0,38,0,38
"1068.2","1173",0.999,1,4,1,4,0.0348214285714286,40,0.0348214285714286,40
"1069.2","1174",0.999,1,4,1,4,0.0084647550776583,40,0.0084647550776583,40
"1070.2","1182",0.999,0.941176470588235,34,0.933333333333333,30,0.172679317721393,40,0.145932005893436,40
"1071.2","1196",0.999,NA,0,NA,0,0,34,0,34
"1072.2","122004",0.999,0.975,40,0.973684210526316,38,0.413439337298742,39,0.392071815931221,39
"1073.2","1220656",0.999,0.975,40,0.973684210526316,38,0.479161997799554,40,0.454129103062712,40
"1074.2","1220677",0.999,0.974358974358974,39,0.972972972972973,37,0.199042073156548,40,0.184756358870833,40
"1075.2","1220682",0.999,1,32,1,32,0.10005412932819,40,0.10005412932819,40
"1076.2","1220691",0.999,0.975,40,0.973684210526316,38,0.212148783612076,39,0.201302222765515,39
"1077.2","1220720",0.999,NA,0,NA,0,0,40,0,40
"1078.2","1220723",0.999,NA,0,NA,0,0,40,0,40
"1079.2","1220726",0.999,0.875,40,0.90625,32,0.177741611571484,40,0.143468735754491,40
"1080.2","1220728",0.999,0.925,40,0.911764705882353,34,0.427483631755951,40,0.349192701671543,40
"1081.2","1220729",0.999,1,30,1,30,0.071930240372264,40,0.071930240372264,40
"1082.2","1220734",0.999,NA,0,NA,0,0,40,0,40
"1083.2","1220748",0.999,0.925,40,0.911764705882353,34,0.360247653896026,39,0.312486156134529,39
"1084.2","1220779",0.999,0.96875,32,0.966666666666667,30,0.0983068026111256,40,0.0885845803889034,40
"1085.2","1220797",0.999,0.948717948717949,39,0.942857142857143,35,0.19410947260888,40,0.161549948799356,40
"1086.2","1220803",0.999,0.958333333333333,24,0.954545454545455,22,0.0736507681625196,40,0.0708729903847419,40
"1087.2","1220814",0.999,0.975,40,0.973684210526316,38,0.107360857988637,40,0.101615908493688,40
"1088.2","1220815",0.999,0.945945945945946,37,0.970588235294118,34,0.135889025138532,40,0.130889025138532,40
"1089.2","1220816",0.999,0.945945945945946,37,0.970588235294118,34,0.204820502090723,40,0.195188467458688,40
"1090.2","1220855",0.999,0.9,20,0.941176470588235,17,0.0275994194717865,39,0.0248728850710439,39
"1091.2","1220866",0.999,0.966666666666667,30,0.964285714285714,28,0.0735203766568792,38,0.0711644022614311,38
"1092.2","1220872",0.999,0.973684210526316,38,0.972222222222222,36,0.171679615769096,40,0.16392167926116,40
"1093.2","1220893",0.999,NA,0,NA,0,0,39,0,39
"1094.2","1220921",0.999,NA,0,NA,0,0,40,0,40
"1095.2","1220934",0.999,0.945945945945946,37,0.939393939393939,33,0.195874810818003,40,0.176881304324497,40
"1096.2","1220945",0.999,NA,0,NA,0,0,39,0,39
"1097.2","1220949",0.999,0.945945945945946,37,0.939393939393939,33,0.136258642428407,40,0.122282824505221,40
"1098.2","1220957",0.999,1,40,1,40,0.382753303667406,40,0.382753303667406,40
"1099.2","1220969",0.999,0.975,40,0.973684210526316,38,0.31272977607484,40,0.298146442741507,40
"1100.2","1220974",0.999,1,40,1,40,0.270763870966358,40,0.270763870966358,40
"1101.2","1221030",0.999,0.975,40,0.973684210526316,38,0.242813726091981,40,0.229290998819254,40
"1102.2","1221031",0.999,NA,0,NA,0,0,40,0,40
"1103.2","1221075",0.999,NA,0,NA,0,0,40,0,40
"1104.2","1221094",0.999,0.974358974358974,39,0.972972972972973,37,0.147219626604139,40,0.136207721842234,40
"1105.2","1221096",0.999,0.95,40,0.944444444444444,36,0.221065738295635,39,0.201427968657866,39
"1106.2","1221122",0.999,1,40,1,40,0.331682551141845,40,0.331682551141845,40
"1107.2","1221179",0.999,NA,0,NA,0,0,39,0,39
"1108.2","1221181",0.999,1,14,1,14,0.0272161410360739,40,0.0272161410360739,40
"1109.2","1221183",0.999,NA,0,NA,0,0,39,0,39
"1110.2","1221189",0.999,1,40,1,40,0.220639130986708,40,0.220639130986708,40
"1111.2","1221190",0.999,0.973684210526316,38,0.972222222222222,36,0.0881643884497145,40,0.0842358170211431,40
"1112.2","1221191",0.999,1,5,1,5,0.0159307359307359,40,0.0159307359307359,40
"1113.2","1221198",0.999,0.935483870967742,31,0.964285714285714,28,0.090155347027663,39,0.0776678345401505,39
"1114.2","1221201",0.999,NA,0,NA,0,0,39,0,39
"1115.2","1221208",0.999,1,28,1,28,0.0536737302033634,40,0.0536737302033634,40
"1116.2","1221210",0.999,1,10,1,10,0.0370438795273354,40,0.0370438795273354,40
"1117.2","1221211",0.999,0.90625,32,0.923076923076923,26,0.118857196248585,40,0.0958276682318444,40
"1118.2","1221214",0.999,0.975,40,0.973684210526316,38,0.356626758008792,40,0.333991622873656,40
"1119.2","1221216",0.999,1,2,1,2,0.00133402633402633,39,0.00133402633402633,39
"1120.2","1221251",0.999,0.975,40,0.973684210526316,38,0.226365334284514,40,0.207858840778021,40
"1121.2","1221268",0.999,NA,0,NA,0,0,40,0,40
"1122.2","1221272",0.999,0.958333333333333,24,0.958333333333333,24,0.0783799053463361,39,0.0783799053463361,39
"1123.2","1221276",0.999,1,23,1,23,0.0741519936738775,40,0.0741519936738775,40
"1124.2","1221277",0.999,1,40,1,40,0.428952679967131,40,0.428952679967131,40
"1125.2","1221309",0.999,0.925,40,0.911764705882353,34,0.381144688260356,40,0.297638194753862,40
"1126.2","1221310",0.999,0.964285714285714,28,0.961538461538462,26,0.0628726527426353,40,0.0542323018654423,40
"1127.2","1221340",0.999,0.974358974358974,39,0.972972972972973,37,0.191748050465009,40,0.177189226935598,40
"1128.2","1221347",0.999,0.973684210526316,38,0.972222222222222,36,0.26763738517852,40,0.252718970260105,40
"1129.2","1221349",0.999,0.975,40,0.973684210526316,38,0.31270302106126,40,0.296268844949664,40
"1130.2","1221424",0.999,0.967741935483871,31,0.966666666666667,30,0.0872676011555912,40,0.086686205806754,40
"1131.2","1221434",0.999,1,33,1,33,0.1458040916342,40,0.1458040916342,40
"1132.2","1221448",0.999,1,14,1,14,0.0170087826797386,40,0.0170087826797386,40
"1133.2","1221449",0.999,0.923076923076923,39,0.944444444444444,36,0.202127797154009,38,0.196090645451223,38
"1134.2","1221457",0.999,0.972222222222222,36,0.970588235294118,34,0.1632560983584,39,0.155143223578859,39
"1135.2","1221481",0.999,NA,0,NA,0,0,38,0,38
"1136.2","1221533",0.999,0.925,40,0.942857142857143,35,0.436914075260195,40,0.38858233453715,40
"1137.2","1221537",0.999,NA,0,NA,0,0,39,0,39
"1138.2","1221555",0.999,1,1,1,1,0.00214285714285714,40,0.00214285714285714,40
"1139.2","1221571",0.999,0.925,40,0.942857142857143,35,0.4675712685157,40,0.417464955909388,40
"1140.2","1221576",0.999,0.966666666666667,30,0.964285714285714,28,0.0675843473818746,40,0.048636978960822,40
"1141.2","1221588",0.999,0.933333333333333,30,0.928571428571429,28,0.132064692838343,40,0.115636121409772,40
"1142.2","1221592",0.999,1,40,1,40,0.303067810430892,40,0.303067810430892,40
"1143.2","1221602",0.999,0.975,40,0.973684210526316,38,0.384100440395192,40,0.359876584186042,40
"1144.2","1221608",0.999,1,11,1,11,0.0355708874458874,40,0.0355708874458874,40
"1145.2","1221612",0.999,1,40,1,40,0.20531893221684,40,0.20531893221684,40
"1146.2","1221629",0.999,NA,0,NA,0,0,39,0,39
"1147.2","1221633",0.999,0.975,40,0.973684210526316,38,0.176182218856851,40,0.167385922560555,40
"1148.2","1221642",0.999,1,2,1,2,0.00353535353535354,40,0.00353535353535354,40
"1149.2","1221644",0.999,1,21,1,21,0.0439311689127866,40,0.0439311689127866,40
"1150.2","1221651",0.999,0.975,40,0.973684210526316,38,0.301822061554591,40,0.2873955382571,40
"1151.2","1221653",0.999,1,1,1,1,0.00833333333333333,40,0.00833333333333333,40
"1152.2","1221662",0.999,1,25,1,25,0.175656893234479,40,0.175656893234479,40
"1153.2","1221717",0.999,1,12,1,12,0.0330562451509776,40,0.0330562451509776,40
"1154.2","1221723",0.999,0.975,40,0.973684210526316,38,0.268703754107986,40,0.242414071568303,40
"1155.2","1221744",0.999,NA,0,NA,0,0,38,0,38
"1156.2","1221785",0.999,0.925,40,0.941176470588235,34,0.431579093091402,40,0.357452749005381,40
"1157.2","1221803",0.999,0.975,40,0.973684210526316,38,0.238327162197105,40,0.22465757155383,40
"1158.2","1221813",0.999,0.95,40,0.944444444444444,36,0.316404011454321,40,0.280450953132842,40
"1159.2","1221829",0.999,0.975,40,0.973684210526316,38,0.0595917224053524,39,0.0556743434879734,39
"1160.2","1221877",0.999,NA,0,NA,0,0,9,0,9
"1161.2","1221878",0.999,NA,0,NA,0,0,3,0,3
"1162.2","1221880",0.999,NA,0,NA,0,0,38,0,38
"1163.2","1221882",0.999,1,40,1,40,0.644615825894734,40,0.644615825894734,40
"1164.2","1221921",0.999,0.975,40,0.973684210526316,38,0.546982421599919,40,0.515553850171348,40
"1165.2","1221940",0.999,0.9,40,0.941176470588235,34,0.3812797315611,39,0.342556182695563,39
"1166.2","1221979",0.999,0.88,25,0.9,20,0.125272847520423,38,0.104013449024182,38
"1167.2","1222",0.999,0.828571428571429,35,0.888888888888889,27,0.205025247904059,39,0.173586316465128,39
"1168.2","1222032",0.999,NA,0,NA,0,0,40,0,40
"1169.2","1222039",0.999,1,24,1,24,0.103807913945438,40,0.103807913945438,40
"1170.2","1222081",0.999,1,40,1,40,0.154622362082075,40,0.154622362082075,40
"1171.2","1222096",0.999,0.9,40,0.90625,32,0.430180467900029,40,0.322672061423663,40
"1172.2","1222113",0.999,0.925,40,0.970588235294118,34,0.407308912556351,40,0.355605977333679,40
"1173.2","1222118",0.999,NA,0,NA,0,0,36,0,36
"1174.2","1222167",0.999,1,40,1,40,0.522863750856796,40,0.522863750856796,40
"1175.2","1222187",0.999,1,3,1,3,0.00283653846153846,40,0.00283653846153846,40
"1176.2","1222216",0.999,0.975,40,0.973684210526316,38,0.185847625711704,40,0.169483989348067,40
"1177.2","1222234",0.999,0.975,40,0.973684210526316,38,0.317883065789642,40,0.302542156698733,40
"1178.2","1222235",0.999,1,40,1,40,0.459382753151406,40,0.459382753151406,40
"1179.2","1222238",0.999,1,40,1,40,0.634947629188024,40,0.634947629188024,40
"1180.2","1222274",0.999,1,40,1,40,0.702747372311326,40,0.702747372311326,40
"1181.2","1222282",0.999,1,40,1,40,0.790185623395706,40,0.790185623395706,40
"1182.2","1222307",0.999,0.975,40,0.973684210526316,38,0.215657229178855,39,0.203019866541492,39
"1183.2","1222319",0.999,0.975,40,0.973684210526316,38,0.119395082961915,39,0.110707189658637,39
"1184.2","1222374",0.999,1,18,1,18,0.0417004378412626,40,0.0417004378412626,40
"1185.2","1222385",0.999,NA,0,NA,0,0,34,0,34
"1186.2","1222396",0.999,1,4,1,4,0.0104765604765605,39,0.0104765604765605,39
"1187.2","1222407",0.999,NA,0,NA,0,0,39,0,39
"1188.2","1222409",0.999,1,25,1,25,0.0982961014951357,40,0.0982961014951357,40
"1189.2","1222422",0.999,1,30,1,30,0.131798013383785,40,0.131798013383785,40
"1190.2","1222444",0.999,1,1,1,1,0.00131578947368421,38,0.00131578947368421,38
"1191.2","1222449",0.999,1,7,1,7,0.0348900660742766,38,0.0348900660742766,38
"1192.2","1222453",0.999,1,26,1,26,0.161183027198086,40,0.161183027198086,40
"1193.2","1222478",0.999,1,40,1,40,0.321696307679773,40,0.321696307679773,40
"1194.2","1222482",0.999,0.974358974358974,39,0.974358974358974,39,0.135219282641685,39,0.135219282641685,39
"1195.2","1222491",0.999,0.975,40,0.973684210526316,38,0.120652502017956,40,0.113266138381593,40
"1196.2","1222529",0.999,0.975,40,0.973684210526316,38,0.266705506148441,40,0.258009853974528,40
"1197.2","1222537",0.999,1,33,1,33,0.10828235329722,40,0.10828235329722,40
"1198.2","1222575",0.999,NA,0,NA,0,0,37,0,37
"1199.2","1222578",0.999,NA,0,NA,0,0,40,0,40
"1200.2","1222690",0.999,0.974358974358974,39,0.972972972972973,37,0.192655043541433,39,0.177509241630925,39
"1201.2","1222728",0.999,NA,0,NA,0,0,40,0,40
"1202.2","1223671",0.999,NA,0,NA,0,NA,0,NA,0
"1203.2","1225260",0.999,0.975,40,0.973684210526316,38,0.357002747695184,40,0.335766188555399,40
"1204.2","1225278",0.999,0.925,40,0.941176470588235,34,0.364255437428974,40,0.324183345542366,40
"1205.2","1225286",0.999,0.95,40,0.972222222222222,36,0.367468831252004,39,0.335776340735984,39
"1206.2","1225291",0.999,0.95,40,0.944444444444444,36,0.229523433415501,40,0.209840973738082,40
"1207.2","1225307",0.999,0.95,40,0.947368421052632,38,0.210634602877457,39,0.189480756723611,39
"1208.2","1225317",0.999,1,40,1,40,0.221369232902281,40,0.221369232902281,40
"1209.2","1225319",0.999,1,38,1,38,0.186082371142485,40,0.186082371142485,40
"1210.2","1225352",0.999,1,40,1,40,0.650789980758133,40,0.650789980758133,40
"1211.2","1225370",0.999,0.933333333333333,30,0.962962962962963,27,0.157834503088141,40,0.149717619971258,40
"1212.2","1225372",0.999,0.95,40,0.944444444444444,36,0.237298063384705,39,0.212458319794962,39
"1213.2","1225375",0.999,0.95,40,0.944444444444444,36,0.353705894281325,40,0.31355437912981,40
"1214.2","1225410",0.999,0.975,40,0.973684210526316,38,0.208949617959907,39,0.198293919686947,39
"1215.2","1225452",0.999,0.909090909090909,33,0.888888888888889,27,0.0859212944852111,37,0.0672257941720637,37
"1216.2","1225488",0.999,0.975,40,0.973684210526316,38,0.481951350179611,40,0.449886132788307,40
"1217.2","1227075",0.999,1,40,1,40,0.439153541773477,40,0.439153541773477,40
"1218.2","1227082",0.999,0.958333333333333,24,0.954545454545455,22,0.0384594653620606,39,0.0366705565964076,39
"1219.2","1227094",0.999,0.95,40,0.945945945945946,37,0.515059595668182,40,0.476738888597475,40
"1220.2","1227122",0.999,0.95,40,0.944444444444444,36,0.560842907132778,40,0.49249273878261,40
"1221.2","1227126",0.999,0.9,40,0.909090909090909,33,0.46602816083596,39,0.398161999219799,39
"1222.2","1227154",0.999,0.975,40,0.973684210526316,38,0.561155241501203,40,0.538688136238045,40
"1223.2","1227176",0.999,1,1,1,1,0.000892857142857143,40,0.000892857142857143,40
"1224.2","1227179",0.999,1,40,1,40,0.442094892909571,40,0.442094892909571,40
"1225.2","1227188",0.999,0.975,40,0.973684210526316,38,0.278057698902041,39,0.261574182418525,39
"1226.2","1227207",0.999,1,40,1,40,0.41203340906031,40,0.41203340906031,40
"1227.2","1227231",0.999,NA,0,NA,0,0,39,0,39
"1228.2","1227237",0.999,NA,0,NA,0,0,40,0,40
"1229.2","1227269",0.999,1,40,1,40,0.324559383197431,40,0.324559383197431,40
"1230.2","1227280",0.999,1,40,1,40,0.743997492468904,40,0.743997492468904,40
"1231.2","1227284",0.999,0.96969696969697,33,0.967741935483871,31,0.0728422566232142,40,0.0664930502740079,40
"1232.2","1227293",0.999,0.975,40,0.973684210526316,38,0.357928342221041,40,0.343555872585413,40
"1233.2","1227297",0.999,0.975,40,0.973684210526316,38,0.340738345312318,40,0.326954561528535,40
"1234.2","1227308",0.999,1,40,1,40,0.362873496590203,40,0.362873496590203,40
"1235.2","1227322",0.999,1,40,1,40,0.89595282146161,40,0.89595282146161,40
"1236.2","1227329",0.999,0.975,40,0.973684210526316,38,0.49678415861853,40,0.465635462353555,40
"1237.2","1227338",0.999,1,40,1,40,0.431581978103975,40,0.431581978103975,40
"1238.2","1227366",0.999,0.975,40,0.973684210526316,38,0.180401891910836,40,0.16030222413675,40
"1239.2","1227379",0.999,0.975,40,0.973684210526316,38,0.730300415283348,40,0.688885139288482,40
"1240.2","1227443",0.999,0.975,40,0.974358974358974,39,0.482711212616115,40,0.476132265247694,40
"1241.2","1227445",0.999,1,40,1,40,0.414201151573962,40,0.414201151573962,40
"1242.2","1227451",0.999,0.975,40,0.973684210526316,38,0.485251171382752,40,0.464522880066226,40
"1243.2","1227453",0.999,1,40,1,40,0.4026678721066,40,0.4026678721066,40
"1244.2","1227480",0.999,NA,0,NA,0,NA,0,NA,0
"1245.2","1227487",0.999,NA,0,NA,0,0,33,0,33
"1246.2","1227509",0.999,1,2,1,2,0.00940232363157264,33,0.00940232363157264,33
"1247.2","1227542",0.999,1,37,1,37,0.18744440765323,40,0.18744440765323,40
"1248.2","1227554",0.999,0.975,40,0.973684210526316,38,0.701550042333215,40,0.673534308067481,40
"1249.2","1227904",0.999,1,40,1,40,0.367053339244344,40,0.367053339244344,40
"1250.2","1227906",0.999,1,40,1,40,0.715750582155353,40,0.715750582155353,40
"1251.2","1227907",0.999,1,40,1,40,0.454509593122985,40,0.454509593122985,40
"1252.2","1227994",0.999,1,40,1,40,0.570273137752764,40,0.570273137752764,40
"1253.2","1228000",0.999,1,40,1,40,0.593257628032055,40,0.593257628032055,40
"1254.2","1228324",0.999,1,40,1,40,0.540784851032576,40,0.540784851032576,40
"1255.2","1228547",0.999,1,40,1,40,0.634709920985865,40,0.634709920985865,40
"1256.2","1228557",0.999,1,32,1,32,0.0911282410059277,40,0.0911282410059277,40
"1257.2","1228568",0.999,NA,0,NA,0,0,40,0,40
"1258.2","1228577",0.999,1,21,1,21,0.151253998050946,40,0.151253998050946,40
"1259.2","1228588",0.999,NA,0,NA,0,0,31,0,31
"1260.2","1228601",0.999,0.9,40,0.911764705882353,34,0.381282782710584,40,0.33264100781881,40
"1261.2","1228605",0.999,1,1,1,1,0.001875,40,0.001875,40
"1262.2","1228641",0.999,1,40,1,40,0.306434725772899,40,0.306434725772899,40
"1263.2","1228654",0.999,0.95,40,0.944444444444444,36,0.763414253001791,40,0.676903211885487,40
"1264.2","1228656",0.999,1,39,1,39,0.182235169347443,40,0.182235169347443,40
"1265.2","1228657",0.999,NA,0,NA,0,0,32,0,32
"1266.2","1228766",0.999,0.975,40,0.975,40,0.252271345687738,39,0.252271345687738,39
"1267.2","1228773",0.999,1,2,1,2,0.00428571428571429,40,0.00428571428571429,40
"1268.2","1228795",0.999,NA,0,NA,0,0,38,0,38
"1269.2","1228797",0.999,0.95,40,0.972972972972973,37,0.354970963312245,40,0.337154871358222,40
"1270.2","1228846",0.999,1,13,1,13,0.025839955439774,40,0.025839955439774,40
"1271.2","1228851",0.999,1,31,1,31,0.120946323886494,40,0.120946323886494,40
"1272.2","1228865",0.999,1,8,1,8,0.0326298963133641,40,0.0326298963133641,40
"1273.2","1228899",0.999,1,11,1,11,0.0277771424382972,35,0.0277771424382972,35
"1274.2","1228900",0.999,1,40,1,40,0.310811954040687,40,0.310811954040687,40
"1275.2","1228904",0.999,0.897435897435897,39,0.903225806451613,31,0.117324213478795,40,0.0828504435211545,40
"1276.2","1228916",0.999,0.925,40,0.911764705882353,34,0.171109456032574,40,0.144913936111591,40
"1277.2","1228922",0.999,0.947368421052632,38,0.970588235294118,34,0.160617528654664,39,0.143438945743322,39
"1278.2","1228947",0.999,0.96551724137931,29,0.962962962962963,27,0.0565476525468641,39,0.0538614498606614,39
"1279.2","1228949",0.999,NA,0,NA,0,0,37,0,37
"1280.2","1228950",0.999,NA,0,NA,0,0,34,0,34
"1281.2","1228958",0.999,0.9,40,0.909090909090909,33,0.373039354843631,40,0.309137483047022,40
"1282.2","1228979",0.999,NA,0,NA,0,0,16,0,16
"1283.2","1229001",0.999,0.973684210526316,38,0.972222222222222,36,0.196128785662334,40,0.183268208739257,40
"1284.2","1229004",0.999,0.948717948717949,39,0.945945945945946,37,0.140596316792635,40,0.134614173935492,40
"1285.2","1229009",0.999,1,4,1,4,0.0745808678500986,39,0.0745808678500986,39
"1286.2","1229029",0.999,1,40,1,40,0.410043201874727,40,0.410043201874727,40
"1287.2","1229034",0.999,1,5,1,5,0.00595911561264822,40,0.00595911561264822,40
"1288.2","1229044",0.999,1,40,1,40,0.197361458511235,40,0.197361458511235,40
"1289.2","1229053",0.999,NA,0,NA,0,0,38,0,38
"1290.2","1229054",0.999,NA,0,NA,0,NA,0,NA,0
"1291.2","1229056",0.999,0.975,40,0.973684210526316,38,0.316502079999339,40,0.304370669742929,40
"1292.2","1229071",0.999,0.973684210526316,38,0.972222222222222,36,0.246628040352763,40,0.226530001137077,40
"1293.2","1229073",0.999,1,1,1,1,0.000801282051282051,39,0.000801282051282051,39
"1294.2","1229074",0.999,1,40,1,40,0.223078330683914,40,0.223078330683914,40
"1295.2","1229080",0.999,1,40,1,40,0.404423886375318,40,0.404423886375318,40
"1296.2","1229143",0.999,1,40,1,40,0.186640084288365,40,0.186640084288365,40
"1297.2","1229180",0.999,0.857142857142857,7,0.833333333333333,6,0.0123355263157895,38,0.0115131578947368,38
"1298.2","1229182",0.999,NA,0,NA,0,0,40,0,40
"1299.2","1229197",0.999,0.96,25,0.956521739130435,23,0.0955342422953935,39,0.0886152353763865,39
"1300.2","1229205",0.999,NA,0,NA,0,0,39,0,39
"1301.2","1229206",0.999,0.956521739130435,23,0.952380952380952,21,0.0521437299033405,40,0.0489179234517276,40
"1302.2","1229210",0.999,NA,0,NA,0,0,39,0,39
"1303.2","1229216",0.999,1,1,1,1,0.000797448165869219,38,0.000797448165869219,38
"1304.2","1229217",0.999,0.838709677419355,31,0.91304347826087,23,0.289711496698154,37,0.249544281163291,37
"1305.2","1229222",0.999,0.96,25,0.956521739130435,23,0.0992672895646777,40,0.0697218350192232,40
"1306.2","1229226",0.999,1,2,1,2,0.00233100233100233,39,0.00233100233100233,39
"1307.2","1229267",0.999,NA,0,NA,0,0,31,0,31
"1308.2","1229273",0.999,NA,0,NA,0,0,36,0,36
"1309.2","1229282",0.999,1,40,1,40,0.235840730589891,40,0.235840730589891,40
"1310.2","1229288",0.999,NA,0,NA,0,0,39,0,39
"1311.2","1229306",0.999,0.972972972972973,37,0.971428571428571,35,0.202223233606269,40,0.183004483606269,40
"1312.2","1229308",0.999,0.96,25,0.956521739130435,23,0.0942178398673769,38,0.0908108849801589,38
"1313.2","1229329",0.999,1,40,1,40,0.263221705683483,40,0.263221705683483,40
"1314.2","1229335",0.999,1,15,1,15,0.0522160766110618,39,0.0522160766110618,39
"1315.2","1229357",0.999,0.92,25,0.909090909090909,22,0.0446306219571804,37,0.0395886481652067,37
"1316.2","1229363",0.999,0.9,30,0.875,24,0.173014672556948,39,0.129155071187494,39
"1317.2","1229365",0.999,0.972222222222222,36,0.970588235294118,34,0.303946730487151,39,0.277878354418775,39
"1318.2","1229368",0.999,0.975,40,0.973684210526316,38,0.443656197718963,40,0.416757701478362,40
"1319.2","1229374",0.999,0.975,40,0.973684210526316,38,0.17788566641293,40,0.168238927282495,40
"1320.2","1229397",0.999,NA,0,NA,0,0,40,0,40
"1321.2","1229402",0.999,NA,0,NA,0,0,40,0,40
"1322.2","1229411",0.999,1,12,1,12,0.0527068245446392,40,0.0527068245446392,40
"1323.2","1229415",0.999,1,40,1,40,0.321387008391308,40,0.321387008391308,40
"1324.2","1229416",0.999,0.948717948717949,39,0.972222222222222,36,0.176889715910317,40,0.171586685607287,40
"1325.2","1229420",0.999,0.95,40,0.972222222222222,36,0.481769033626479,40,0.447424206040272,40
"1326.2","1229455",0.999,1,25,1,25,0.061833080597593,40,0.061833080597593,40
"1327.2","1229466",0.999,0.967741935483871,31,0.96551724137931,29,0.0877969731604406,39,0.083134968498436,39
"1328.2","1229474",0.999,0.971428571428571,35,0.96969696969697,33,0.0991890827059302,39,0.0924372138850959,39
"1329.2","1229477",0.999,0.935483870967742,31,0.925925925925926,27,0.167374200437081,39,0.141847643660524,39
"1330.2","1229486",0.999,0.95,40,0.944444444444444,36,0.240130271788921,40,0.215512637960761,40
"1331.2","1229504",0.999,0.952380952380952,21,0.95,20,0.0531437043861904,39,0.0451664964089824,39
"1332.2","1229518",0.999,1,3,1,3,0.0315789473684211,40,0.0315789473684211,40
"1333.2","1229519",0.999,0.5,2,0,1,0.0131578947368421,38,0,38
"1334.2","1229522",0.999,1,40,1,40,0.347827242885319,40,0.347827242885319,40
"1335.2","1229524",0.999,0.916666666666667,12,0.909090909090909,11,0.0592139944705012,34,0.0579352220919845,34
"1336.2","1229536",0.999,1,33,1,33,0.140887989129956,40,0.140887989129956,40
"1337.2","1229542",0.999,1,40,1,40,0.391262091699573,40,0.391262091699573,40
"1338.2","1229558",0.999,0.888888888888889,9,0.857142857142857,7,0.0474171301211401,39,0.0221531783866001,39
"1339.2","1229586",0.999,0.848484848484849,33,0.88,25,0.175785324067058,38,0.137079770075126,38
"1340.2","1229593",0.999,0.871794871794872,39,0.9375,32,0.428827994380026,40,0.380112579360263,40
"1341.2","1229605",0.999,0.975,40,0.973684210526316,38,0.3944343706394,40,0.378428273078424,40
"1342.2","1229607",0.999,1,6,1,6,0.0235066158143081,39,0.0235066158143081,39
"1343.2","1229609",0.999,1,7,1,7,0.0098848787473247,40,0.0098848787473247,40
"1344.2","1229610",0.999,NA,0,NA,0,0,36,0,36
"1345.2","1229620",0.999,1,16,1,16,0.0582867372454659,39,0.0582867372454659,39
"1346.2","1229623",0.999,0.95,40,0.944444444444444,36,0.176438502510932,39,0.149670825743256,39
"1347.2","1229628",0.999,NA,0,NA,0,0,39,0,39
"1348.2","1229639",0.999,0.733333333333333,15,0.8,10,0.0578728524561858,36,0.0469300915134248,36
"1349.2","1229679",0.999,0.923076923076923,39,0.939393939393939,33,0.263363023316126,39,0.222556818867448,39
"1350.2","1229689",0.999,1,16,1,16,0.0624308921880516,40,0.0624308921880516,40
"1351.2","1229700",0.999,0.974358974358974,39,0.972972972972973,37,0.19717765692717,39,0.176309636059149,39
"1352.2","1229728",0.999,0.947368421052632,19,0.941176470588235,17,0.103287226950703,40,0.0773221534212914,40
"1353.2","1229763",0.999,0.975,40,0.973684210526316,38,0.31076708212161,40,0.299869646224175,40
"1354.2","1229783",0.999,NA,0,NA,0,0,35,0,35
"1355.2","1229789",0.999,1,1,1,1,0.0019723865877712,39,0.0019723865877712,39
"1356.2","1229797",0.999,0.975,40,0.973684210526316,38,0.367008390275726,40,0.351840323048836,40
"1357.2","1229798",0.999,NA,0,NA,0,0,39,0,39
"1358.2","1229817",0.999,1,40,1,40,0.339249145143459,40,0.339249145143459,40
"1359.2","1229821",0.999,0.95,40,0.944444444444444,36,0.236794960461891,40,0.21265447728915,40
"1360.2","1229829",0.999,NA,0,NA,0,0,38,0,38
"1361.2","1229840",0.999,1,40,1,40,0.292957174520267,40,0.292957174520267,40
"1362.2","1229849",0.999,0.975,40,0.973684210526316,38,0.240706424139521,39,0.2263181855665,39
"1363.2","1229850",0.999,0.9,40,0.939393939393939,33,0.254805271105862,40,0.197710676511267,40
"1364.2","1229898",0.999,1,40,1,40,0.542187852618065,40,0.542187852618065,40
"1365.2","1229944",0.999,NA,0,NA,0,0,40,0,40
"1366.2","1229971",0.999,1,40,1,40,0.313257874393533,40,0.313257874393533,40
"1367.2","1229975",0.999,0.947368421052632,38,0.941176470588235,34,0.147427900646859,40,0.130168160387119,40
"1368.2","1229992",0.999,0.95,40,0.944444444444444,36,0.382435318752508,40,0.346304757240849,40
"1369.2","1230004",0.999,0.975,40,0.973684210526316,38,0.423786395636858,40,0.404546199558427,40
"1370.2","1230014",0.999,0.975,40,0.973684210526316,38,0.330024087052916,40,0.31554929713695,40
"1371.2","1230021",0.999,1,40,1,40,0.795436120085051,40,0.795436120085051,40
"1372.2","1230034",0.999,0.975,40,0.973684210526316,38,0.346618377614602,40,0.325155738504904,40
"1373.2","1230074",0.999,1,40,1,40,0.531521882966844,40,0.531521882966844,40
"1374.2","1230075",0.999,1,40,1,40,0.56456075221682,40,0.56456075221682,40
"1375.2","1230081",0.999,0.95,40,0.944444444444444,36,0.321992461624579,40,0.284744604010867,40
"1376.2","1230091",0.999,0.925,40,0.942857142857143,35,0.382908611164239,40,0.354855304821459,40
"1377.2","1230097",0.999,0.975,40,0.974358974358974,39,0.299795363602328,40,0.298479574128643,40
"1378.2","1230123",0.999,0.975,40,0.973684210526316,38,0.321458493244459,40,0.306714903500869,40
"1379.2","1230130",0.999,0.95,40,0.945945945945946,37,0.318433029374541,40,0.269184909073789,40
"1380.2","1230136",0.999,0.975,40,0.973684210526316,38,0.431371930330784,40,0.411371930330784,40
"1381.2","1230151",0.999,0.925,40,0.911764705882353,34,0.381020522945583,40,0.315839689865927,40
"1382.2","1230160",0.999,0.974358974358974,39,0.972972972972973,37,0.284008045999969,40,0.26992280691473,40
"1383.2","1230164",0.999,0.975,40,0.973684210526316,38,0.327065233939058,40,0.312200369074194,40
"1384.2","1230166",0.999,0.95,40,0.944444444444444,36,0.71659025705337,40,0.639994512372519,40
"1385.2","1230175",0.999,1,40,1,40,0.458330724305306,40,0.458330724305306,40
"1386.2","1230216",0.999,0.975,40,0.973684210526316,38,0.425334739403935,40,0.405700901020097,40
"1387.2","1230240",0.999,0.925,40,0.945945945945946,37,0.409634825799725,40,0.382371312286211,40
"1388.2","1230253",0.999,1,40,1,40,0.561695140511402,40,0.561695140511402,40
"1389.2","1230263",0.999,0.975,40,0.973684210526316,38,0.473867760766151,39,0.450968833552027,39
"1390.2","1230287",0.999,0.95,40,0.944444444444444,36,0.453532063314954,40,0.410587812443874,40
"1391.2","1230289",0.999,0.975,40,0.973684210526316,38,0.308762084205865,40,0.292320642764423,40
"1392.2","1230308",0.999,1,40,1,40,0.386551959276792,40,0.386551959276792,40
"1393.2","1230310",0.999,0.975,40,0.973684210526316,38,0.289605975291578,40,0.279180874077003,40
"1394.2","1230332",0.999,1,40,1,40,0.415066461704457,40,0.415066461704457,40
"1395.2","1230336",0.999,0.975,40,0.973684210526316,38,0.466901537031064,40,0.443118642294221,40
"1396.2","1230358",0.999,1,40,1,40,0.558776634500319,40,0.558776634500319,40
"1397.2","1230402",0.999,0.975,40,0.973684210526316,38,0.492707146565458,40,0.465189948316553,40
"1398.2","1230434",0.999,0.975,40,0.973684210526316,38,0.605482814582361,40,0.57688005769013,40
"1399.2","1230437",0.999,1,40,1,40,0.501959821409268,40,0.501959821409268,40
"1400.2","1230459",0.999,0.95,40,0.972972972972973,37,0.770734168699016,40,0.73084055167774,40
"1401.2","1230468",0.999,0.975,40,0.973684210526316,38,0.482269564721669,40,0.462031469483573,40
"1402.2","1230479",0.999,0.975,40,0.973684210526316,38,0.400026557022234,40,0.384000915996593,40
"1403.2","1230484",0.999,0.975,40,0.973684210526316,38,0.322545912311354,40,0.309360584126026,40
"1404.2","1230493",0.999,1,40,1,40,0.435302270576609,40,0.435302270576609,40
"1405.2","1230498",0.999,0.975,40,0.973684210526316,38,0.754337705818892,40,0.719763237733786,40
"1406.2","1230501",0.999,1,40,1,40,0.419648853345865,40,0.419648853345865,40
"1407.2","1230504",0.999,1,40,1,40,0.425077785083515,40,0.425077785083515,40
"1408.2","1230527",0.999,1,40,1,40,0.488979979701182,40,0.488979979701182,40
"1409.2","1230541",0.999,1,40,1,40,0.96063829787234,40,0.96063829787234,40
"1410.2","1233140",0.999,0.975,40,0.973684210526316,38,0.343578685166387,40,0.324047435166387,40
"1411.2","1233340",0.999,1,40,1,40,0.649468085106383,40,0.649468085106383,40
"1412.2","1233352",0.999,1,40,1,40,0.624468085106383,40,0.624468085106383,40
"1413.2","1233366",0.999,1,40,1,40,0.606382978723404,40,0.606382978723404,40
"1414.2","1233375",0.999,1,40,1,40,0.650531914893617,40,0.650531914893617,40
"1415.2","1233376",0.999,1,40,1,40,0.645744680851064,40,0.645744680851064,40
"1416.2","1233379",0.999,1,40,1,40,0.688297872340425,40,0.688297872340425,40
"1417.2","1233380",0.999,1,40,1,40,0.755851063829787,40,0.755851063829787,40
"1418.2","1233381",0.999,1,40,1,40,0.581914893617021,40,0.581914893617021,40
"1419.2","1233384",0.999,1,40,1,40,0.699468085106383,40,0.699468085106383,40
"1420.2","1233396",0.999,1,40,1,40,0.755851063829787,40,0.755851063829787,40
"1421.2","1233405",0.999,1,40,1,40,0.777127659574468,40,0.777127659574468,40
"1422.2","1233409",0.999,1,40,1,40,0.670744680851064,40,0.670744680851064,40
"1423.2","1233416",0.999,1,40,1,40,0.710451670503195,40,0.710451670503195,40
"1424.2","1233445",0.999,1,40,1,40,0.738297872340426,40,0.738297872340426,40
"1425.2","1233460",0.999,0.95,40,0.944444444444444,36,0.407401258824397,39,0.37739656957197,39
"1426.2","1233461",0.999,0.95,40,0.944444444444444,36,0.325115395140995,40,0.286246388864306,40
"1427.2","1233552",0.999,0.95,40,0.944444444444444,36,0.225044548164345,40,0.198414113381736,40
"1428.2","1233627",0.999,NA,0,NA,0,0,40,0,40
"1429.2","1233668",0.999,1,40,1,40,0.360678193881321,40,0.360678193881321,40
"1430.2","1233678",0.999,0.9,40,0.875,32,0.383761159122672,40,0.282927825789339,40
"1431.2","1233706",0.999,1,40,1,40,0.150266141380741,40,0.150266141380741,40
"1432.2","1233725",0.999,0.909090909090909,33,0.928571428571429,28,0.100759724236095,40,0.092947224236095,40
"1433.2","1236582",0.999,1,40,1,40,0.308876183396514,40,0.308876183396514,40
"1434.2","1236590",0.999,0.975,40,0.973684210526316,38,0.360568630678383,40,0.34515117337288,40
"1435.2","1236601",0.999,1,22,1,22,0.0575522670087732,40,0.0575522670087732,40
"1436.2","1238",0.999,0.692307692307692,13,0.888888888888889,9,0.034705438925869,39,0.0331028748233049,39
"1437.2","1238689",0.999,1,40,1,40,0.482718153895871,40,0.482718153895871,40
"1438.2","1238709",0.999,NA,0,NA,0,0,30,0,30
"1439.2","1238733",0.999,1,40,1,40,0.47979415374279,40,0.47979415374279,40
"1440.2","1239742",0.999,1,40,1,40,0.603687943262411,40,0.603687943262411,40
"1441.2","1239887",0.999,1,4,1,4,0.0187905844155844,40,0.0187905844155844,40
"1442.2","1239892",0.999,0.925,40,0.944444444444444,36,0.201279285837142,40,0.194334841392697,40
"1443.2","1239894",0.999,1,40,1,40,0.488247459062676,40,0.488247459062676,40
"1444.2","1239901",0.999,1,3,1,3,0.00785573122529644,40,0.00785573122529644,40
"1445.2","1239905",0.999,0.95,40,0.944444444444444,36,0.253303259562934,40,0.225817879445975,40
"1446.2","1239908",0.999,0.975,40,0.973684210526316,38,0.27268481696917,39,0.261146355430709,39
"1447.2","1239927",0.999,0.974358974358974,39,0.972972972972973,37,0.399383980764706,39,0.39133006886464,39
"1448.2","1239931",0.999,1,40,1,40,0.12809703953105,40,0.12809703953105,40
"1449.2","1239936",0.999,0.945945945945946,37,0.970588235294118,34,0.182970512153784,40,0.167970512153785,40
"1450.2","1239938",0.999,NA,0,NA,0,0,12,0,12
"1451.2","1241",0.999,0.975,40,0.973684210526316,38,0.184029439274156,39,0.174648576234756,39
"1452.2","1244397",0.999,1,40,1,40,0.70916908019503,40,0.70916908019503,40
"1453.2","1244406",0.999,1,40,1,40,0.765957446808511,40,0.765957446808511,40
"1454.2","1244416",0.999,1,40,1,40,0.639338575393155,40,0.639338575393155,40
"1455.2","1245231",0.999,NA,0,NA,0,0,2,0,2
"1456.2","1245233",0.999,1,40,1,40,0.565900823367942,40,0.565900823367942,40
"1457.2","1245242",0.999,1,40,1,40,0.692808003871798,40,0.692808003871798,40
"1458.2","1245276",0.999,0.95,40,0.944444444444444,36,0.207404118574956,40,0.172676295994311,40
"1459.2","1245307",0.999,0.95,40,0.944444444444444,36,0.357102235040283,39,0.32082601126406,39
"1460.2","1245309",0.999,0.975,40,0.973684210526316,38,0.753366093681774,40,0.713588110333022,40
"1461.2","1245343",0.999,1,40,1,40,0.50492538850898,40,0.50492538850898,40
"1462.2","1245361",0.999,0.975,40,0.973684210526316,38,0.392893984825788,40,0.379143984825788,40
"1463.2","1245374",0.999,1,40,1,40,0.448748664722188,40,0.448748664722188,40
"1464.2","1245429",0.999,1,30,1,30,0.107348213469537,40,0.107348213469537,40
"1465.2","1245513",0.999,0.925,40,0.916666666666667,36,0.203354890152705,39,0.177713864511679,39
"1466.2","1246625",0.999,0.925,40,0.911764705882353,34,0.27604132162912,40,0.244772020789123,40
"1467.2","1246632",0.999,0.975,40,0.973684210526316,38,0.52336158235499,40,0.490425074418482,40
"1468.2","1246636",0.999,0.925,40,0.971428571428571,35,0.357568057456858,39,0.334098247696726,39
"1469.2","1246785",0.999,1,27,1,27,0.102511563367253,40,0.102511563367253,40
"1470.2","1246803",0.999,1,40,1,40,0.489016218375974,40,0.489016218375974,40
"1471.2","1246814",0.999,1,40,1,40,0.456826300265391,40,0.456826300265391,40
"1472.2","1246820",0.999,0.96551724137931,29,0.962962962962963,27,0.135649344518683,40,0.131833555044998,40
"1473.2","1246896",0.999,NA,0,NA,0,0,40,0,40
"1474.2","1248257",0.999,1,37,1,37,0.0922426296715658,40,0.0922426296715658,40
"1475.2","1248258",0.999,0.95,40,0.944444444444444,36,0.533199151578524,40,0.481363978367589,40
"1476.2","1248265",0.999,1,40,1,40,0.432727398746929,40,0.432727398746929,40
"1477.2","1248267",0.999,0.975,40,0.973684210526316,38,0.428461111043656,40,0.407211111043656,40
"1478.2","1248275",0.999,0.975,40,0.973684210526316,38,0.658076584415212,40,0.629006816973351,40
"1479.2","1248285",0.999,1,40,1,40,0.409079389014803,40,0.409079389014803,40
"1480.2","1248305",0.999,0.975,40,0.973684210526316,38,0.400561297249284,40,0.380400006926703,40
"1481.2","1248306",0.999,0.925,40,0.942857142857143,35,0.339534141305151,40,0.317856264852233,40
"1482.2","1248310",0.999,0.95,40,0.944444444444444,36,0.160278168017489,40,0.142943536054624,40
"1483.2","1248337",0.999,0.975,40,0.974358974358974,39,0.835129509713229,40,0.814477335800185,40
"1484.2","1248373",0.999,NA,0,NA,0,0,40,0,40
"1485.2","1249372",0.999,0.95,40,0.944444444444444,36,0.435684782144171,40,0.393325547909937,40
"1486.2","1249391",0.999,0.975,40,0.973684210526316,38,0.40636175549862,40,0.387395131621855,40
"1487.2","1249396",0.999,0.975,40,0.973684210526316,38,0.439954067356421,40,0.414862492264846,40
"1488.2","1249406",0.999,0.975,40,0.973684210526316,38,0.265872996261148,40,0.252046688121613,40
"1489.2","1249466",0.999,1,40,1,40,0.316408033133992,40,0.316408033133992,40
"1490.2","1249580",0.999,1,40,1,40,0.536594139065069,40,0.536594139065069,40
"1491.2","1249581",0.999,1,40,1,40,0.513452100599284,40,0.513452100599284,40
"1492.2","1249601",0.999,0.975,40,0.973684210526316,38,0.470364941731221,40,0.450364941731221,40
"1493.2","1249623",0.999,0.975,40,0.973684210526316,38,0.50873891457941,40,0.48458487417537,40
"1494.2","1249631",0.999,0.975,40,0.975,40,0.381667642102331,40,0.381667642102331,40
"1495.2","1249663",0.999,0.925,40,0.911764705882353,34,0.20098828716975,40,0.174716581821958,40
"1496.2","1249669",0.999,1,37,1,37,0.15806955048851,40,0.15806955048851,40
"1497.2","1249698",0.999,1,40,1,40,0.233910910151316,40,0.233910910151316,40
"1498.2","1249723",0.999,1,23,1,23,0.0466924425634674,40,0.0466924425634674,40
"1499.2","1249819",0.999,NA,0,NA,0,0,36,0,36
"1500.2","1249821",0.999,NA,0,NA,0,0,40,0,40
"1501.2","1249860",0.999,1,40,1,40,0.339993012977047,40,0.339993012977047,40
"1502.2","1249885",0.999,0.941176470588235,34,0.933333333333333,30,0.0516671759329431,40,0.0400600330758002,40
"1503.2","1249888",0.999,0.975,40,0.973684210526316,38,0.300213757618459,39,0.286979679868253,39
"1504.2","1249889",0.999,0.925,40,0.911764705882353,34,0.256728011694328,39,0.223875447591764,39
"1505.2","1249896",0.999,1,40,1,40,0.226484840408624,40,0.226484840408624,40
"1506.2","1249933",0.999,NA,0,NA,0,0,40,0,40
"1507.2","1249935",0.999,0.925,40,0.972222222222222,36,0.317944390397047,40,0.302603481306138,40
"1508.2","1249975",0.999,NA,0,NA,0,0,39,0,39
"1509.2","1249982",0.999,1,40,1,40,0.441052488894831,40,0.441052488894831,40
"1510.2","1250044",0.999,0.974358974358974,39,0.972972972972973,37,0.267863431052616,40,0.255058553003835,40
"1511.2","1250072",0.999,0.95,40,0.944444444444444,36,0.376145410757241,40,0.339485746891695,40
"1512.2","1250073",0.999,0.975,40,0.973684210526316,38,0.32994220367192,40,0.313219514596289,40
"1513.2","1250140",0.999,NA,0,NA,0,0,10,0,10
"1514.2","1250169",0.999,NA,0,NA,0,0,15,0,15
"1515.2","1250174",0.999,1,40,1,40,0.581286636846515,40,0.581286636846515,40
"1516.2","1250176",0.999,1,40,1,40,0.436551701292555,40,0.436551701292555,40
"1517.2","1250183",0.999,0.975,40,0.973684210526316,38,0.347725026644026,40,0.333889556558556,40
"1518.2","1250188",0.999,1,39,1,39,0.300636864612626,40,0.300636864612626,40
"1519.2","1250232",0.999,0.95,40,0.945945945945946,37,0.424951464468685,40,0.403126067643288,40
"1520.2","1250237",0.999,1,7,1,7,0.0209707633053221,40,0.0209707633053221,40
"1521.2","1250240",0.999,0.975,40,0.973684210526316,38,0.532899074083285,40,0.507223398407609,40
"1522.2","1250243",0.999,0.975,40,0.973684210526316,38,0.344256722350763,40,0.329574182668223,40
"1523.2","1250247",0.999,1,40,1,40,0.412919750932427,40,0.412919750932427,40
"1524.2","1250249",0.999,1,40,1,40,0.767947263500021,40,0.767947263500021,40
"1525.2","1250263",0.999,0.95,40,0.944444444444444,36,0.720720911707267,40,0.643061337239182,40
"1526.2","1250273",0.999,1,40,1,40,0.409299356648069,40,0.409299356648069,40
"1527.2","1250276",0.999,1,40,1,40,0.582492032503438,40,0.582492032503438,40
"1528.2","1250277",0.999,1,40,1,40,0.665854322931748,40,0.665854322931748,40
"1529.2","1250282",0.999,1,40,1,40,0.362753337456616,40,0.362753337456616,40
"1530.2","1250437",0.999,1,40,1,40,0.59905899886936,40,0.59905899886936,40
"1531.2","1250480",0.999,0.9,40,0.90625,32,0.296226741376623,39,0.255475935034419,39
"1532.2","1250518",0.999,1,40,1,40,0.493780218977444,40,0.493780218977444,40
"1533.2","1250520",0.999,1,40,1,40,0.503737967696112,40,0.503737967696112,40
"1534.2","1250557",0.999,0.897435897435897,39,0.870967741935484,31,0.144708343204204,38,0.0962947184164281,38
"1535.2","1250583",0.999,0.925,40,0.911764705882353,34,0.238286308973173,40,0.195039315448659,40
"1536.2","1250594",0.999,0.975,40,0.973684210526316,38,0.306686669263353,40,0.290382321437266,40
"1537.2","1250601",0.999,0.975,40,0.973684210526316,38,0.280069113356579,40,0.265175496335302,40
"1538.2","1250604",0.999,0.975,40,0.973684210526316,38,0.264990680643828,39,0.249169622269578,39
"1539.2","1250605",0.999,0.975,40,0.973684210526316,38,0.365499116979228,40,0.345586998570347,40
"1540.2","1250619",0.999,0.975,40,0.973684210526316,38,0.360527803474149,40,0.341506064343715,40
"1541.2","1250620",0.999,1,40,1,40,0.442834815433738,40,0.442834815433738,40
"1542.2","1250622",0.999,0.975,40,0.973684210526316,38,0.192018055828798,39,0.17875872804588,39
"1543.2","1250656",0.999,0.975,40,0.973684210526316,38,0.297938283739336,40,0.281448922037208,40
"1544.2","1252548",0.999,1,12,1,12,0.023081957502824,39,0.023081957502824,39
"1545.2","1252552",0.999,1,40,1,40,0.38719569728151,40,0.38719569728151,40
"1546.2","1252561",0.999,1,40,1,40,0.475511551372431,40,0.475511551372431,40
"1547.2","1252570",0.999,0.975,40,0.973684210526316,38,0.580522531960067,40,0.549127183122858,40
"1548.2","1252576",0.999,0.925,40,0.941176470588235,34,0.424388066665955,39,0.354163707691596,39
"1549.2","1252579",0.999,0.925,40,0.911764705882353,34,0.62807518749496,40,0.516129488199927,40
"1550.2","1252601",0.999,0.95,40,0.944444444444444,36,0.188903131742398,38,0.151835636615692,38
"1551.2","1252608",0.999,NA,0,NA,0,0,40,0,40
"1552.2","1252611",0.999,1,40,1,40,0.407482744661983,40,0.407482744661983,40
"1553.2","1252622",0.999,0.95,40,0.947368421052632,38,0.381362596046505,40,0.359140373824283,40
"1554.2","1252636",0.999,1,40,1,40,0.490333276210299,40,0.490333276210299,40
"1555.2","1252642",0.999,1,5,1,5,0.00719534050179211,40,0.00719534050179211,40
"1556.2","1252652",0.999,1,25,1,25,0.0563258348240549,40,0.0563258348240549,40
"1557.2","1252654",0.999,1,8,1,8,0.0177690048025143,40,0.0177690048025143,40
"1558.2","1252664",0.999,NA,0,NA,0,0,6,0,6
"1559.2","1252698",0.999,NA,0,NA,0,0,24,0,24
"1560.2","1252702",0.999,NA,0,NA,0,0,22,0,22
"1561.2","1252751",0.999,1,40,1,40,0.568801965594501,40,0.568801965594501,40
"1562.2","1252905",0.999,0.95,40,0.944444444444444,36,0.187231636095423,38,0.161855696245799,38
"1563.2","1252918",0.999,NA,0,NA,0,0,39,0,39
"1564.2","1252934",0.999,0.975,40,0.973684210526316,38,0.497697817148846,40,0.463331489674286,40
"1565.2","1252937",0.999,0.975,40,0.973684210526316,38,0.165731481139311,40,0.16055060258634,40
"1566.2","1252981",0.999,1,40,1,40,0.244124173768965,40,0.244124173768965,40
"1567.2","1253",0.999,0.975,40,0.973684210526316,38,0.231927293531547,40,0.218802293531547,40
"1568.2","1253029",0.999,1,40,1,40,0.291707940445596,40,0.291707940445596,40
"1569.2","1253059",0.999,0.948717948717949,39,0.942857142857143,35,0.273652178303652,40,0.24252056592204,40
"1570.2","1253090",0.999,0.975,40,0.973684210526316,38,0.286761524974752,40,0.269372412071527,40
"1571.2","1253117",0.999,0.975,40,0.973684210526316,38,0.177013319690384,39,0.162905334652167,39
"1572.2","1253135",0.999,0.972972972972973,37,0.971428571428571,35,0.150309925724082,39,0.139875915290071,39
"1573.2","1253143",0.999,0.95,40,0.947368421052632,38,0.485072925192684,40,0.462416675192684,40
"1574.2","1253153",0.999,0.973684210526316,38,0.972222222222222,36,0.165345294129782,40,0.158568737353225,40
"1575.2","1253187",0.999,NA,0,NA,0,0,40,0,40
"1576.2","1253192",0.999,1,24,1,24,0.0663276638603019,39,0.0663276638603019,39
"1577.2","1253253",0.999,0.975,40,0.973684210526316,38,0.21288101554707,39,0.207053509719564,39
"1578.2","1253255",0.999,1,40,1,40,0.279906861502891,40,0.279906861502891,40
"1579.2","1253279",0.999,0.975,40,0.973684210526316,38,0.224906576373378,40,0.209015103505161,40
"1580.2","1253291",0.999,1,39,1,39,0.161071442059302,40,0.161071442059302,40
"1581.2","1253294",0.999,1,40,1,40,0.157723951486495,40,0.157723951486495,40
"1582.2","1253300",0.999,0.975,40,0.973684210526316,38,0.285363974028959,40,0.272863974028959,40
"1583.2","1253302",0.999,1,40,1,40,0.279188577340505,40,0.279188577340505,40
"1584.2","1253306",0.999,0.95,40,0.944444444444444,36,0.201455391726659,40,0.186014652186373,40
"1585.2","1253308",0.999,1,40,1,40,0.353829277814444,40,0.353829277814444,40
"1586.2","1253313",0.999,1,40,1,40,0.326582571287066,40,0.326582571287066,40
"1587.2","1253327",0.999,0.975,40,0.973684210526316,38,0.31197156457599,40,0.296630655485081,40
"1588.2","1253329",0.999,1,40,1,40,0.299367233012518,40,0.299367233012518,40
"1589.2","1253333",0.999,1,40,1,40,0.489776453271819,40,0.489776453271819,40
"1590.2","1253348",0.999,0.975,40,0.973684210526316,38,0.417990451218163,39,0.399318524853929,39
"1591.2","1253353",0.999,1,40,1,40,0.390989057796057,40,0.390989057796057,40
"1592.2","1253367",0.999,0.95,40,0.944444444444444,36,0.324353229293122,40,0.289588353405161,40
"1593.2","1253370",0.999,0.975,40,0.973684210526316,38,0.383100402396218,39,0.36536039047016,39
"1594.2","1253378",0.999,0.925,40,0.911764705882353,34,0.225109217494097,39,0.20058049421761,39
"1595.2","1253385",0.999,0.975,40,0.973684210526316,38,0.363048645779883,39,0.345685666878443,39
"1596.2","1253392",0.999,0.975,40,0.973684210526316,38,0.267066946944024,40,0.257407856034933,40
"1597.2","1253399",0.999,0.975,40,0.973684210526316,38,0.399289203434477,40,0.379337904733178,40
"1598.2","1253439",0.999,NA,0,NA,0,0,35,0,35
"1599.2","1253444",0.999,0.975,40,0.973684210526316,38,0.403868339331156,40,0.384862795325612,40
"1600.2","1253449",0.999,1,19,1,19,0.0613450434011642,40,0.0613450434011642,40
"1601.2","1253468",0.999,0.925,40,0.942857142857143,35,0.479929475887167,38,0.411446203005549,38
"1602.2","1253479",0.999,0.875,40,0.911764705882353,34,0.447655646265989,40,0.397689068725882,40
"1603.2","1253484",0.999,0.944444444444444,36,0.9375,32,0.0997986256769567,39,0.0887263646046956,39
"1604.2","1253497",0.999,0.975,40,0.973684210526316,38,0.632723275289613,40,0.598064610623446,40
"1605.2","1253557",0.999,1,40,1,40,0.377530172338285,40,0.377530172338285,40
"1606.2","1253561",0.999,0.975,40,0.973684210526316,38,0.135499889198129,40,0.129166740639371,40
"1607.2","1253568",0.999,1,3,1,3,0.00603782182729551,38,0.00603782182729551,38
"1608.2","1253569",0.999,1,40,1,40,0.602390348669418,40,0.602390348669418,40
"1609.2","1253574",0.999,NA,0,NA,0,0,39,0,39
"1610.2","1253577",0.999,NA,0,NA,0,0,40,0,40
"1611.2","1253601",0.999,0.75,4,0.666666666666667,3,0.0225816891689719,39,0.00285782329125982,39
"1612.2","1253604",0.999,NA,0,NA,0,0,39,0,39
"1613.2","1254542",0.999,1,40,1,40,0.776616937703894,40,0.776616937703894,40
"1614.2","1254562",0.999,0.975,40,0.973684210526316,38,0.628237910214654,40,0.598237910214654,40
"1615.2","1254565",0.999,1,40,1,40,0.363268105210325,40,0.363268105210325,40
"1616.2","1254576",0.999,0.975,40,0.973684210526316,38,0.557566425120773,40,0.526745169082126,40
"1617.2","1254587",0.999,0.975,40,0.973684210526316,38,0.497334054668581,39,0.482869886358258,39
"1618.2","1254589",0.999,1,40,1,40,0.67649938328708,40,0.67649938328708,40
"1619.2","1254591",0.999,1,40,1,40,0.419257894353203,40,0.419257894353203,40
"1620.2","1254988",0.999,NA,0,NA,0,0,3,0,3
"1621.2","1254990",0.999,1,40,1,40,0.260986785781262,40,0.260986785781262,40
"1622.2","1255003",0.999,NA,0,NA,0,0,30,0,30
"1623.2","1255030",0.999,1,40,1,40,0.484223688706198,40,0.484223688706198,40
"1624.2","1255043",0.999,1,40,1,40,0.533673856951394,40,0.533673856951394,40
"1625.2","1255062",0.999,0.833333333333333,36,0.964285714285714,28,0.387343298813441,33,0.333264966078982,33
"1626.2","1255088",0.999,1,23,1,23,0.0506487585073484,40,0.0506487585073484,40
"1627.2","1255089",0.999,1,1,1,1,0.000711237553342816,38,0.000711237553342816,38
"1628.2","1255095",0.999,NA,0,NA,0,0,40,0,40
"1629.2","1255115",0.999,NA,0,NA,0,0,3,0,3
"1630.2","1255120",0.999,1,40,1,40,0.552959639793213,40,0.552959639793213,40
"1631.2","1255124",0.999,NA,0,NA,0,0,40,0,40
"1632.2","1255431",0.999,0.95,40,0.944444444444444,36,0.330213362235839,40,0.300200442339198,40
"1633.2","1255584",0.999,1,16,1,16,0.0810261878205427,40,0.0810261878205427,40
"1634.2","1255585",0.999,1,10,1,10,0.0153578248039823,40,0.0153578248039823,40
"1635.2","1255592",0.999,NA,0,NA,0,0,40,0,40
"1636.2","1255623",0.999,1,40,1,40,0.431365570595314,40,0.431365570595314,40
"1637.2","1255666",0.999,0.95,40,0.973684210526316,38,0.468747835963471,40,0.453122835963471,40
"1638.2","1255674",0.999,1,39,1,39,0.240557285790451,40,0.240557285790451,40
"1639.2","1256843",0.999,NA,0,NA,0,0,38,0,38
"1640.2","1257419",0.999,0.925,40,0.941176470588235,34,0.358194006769374,40,0.319790645424837,40
"1641.2","1257450",0.999,0.975,40,0.973684210526316,38,0.561401981355967,40,0.534018347722334,40
"1642.2","1258410",0.999,0.95,40,0.944444444444444,36,0.435498171490819,40,0.387039917221369,40
"1643.2","1258447",0.999,0.975,40,0.973684210526316,38,0.174318242090677,39,0.163828731601167,39
"1644.2","1258456",0.999,1,40,1,40,0.284789155370028,40,0.284789155370028,40
"1645.2","1258461",0.999,0.95,40,0.944444444444444,36,0.328858886950034,40,0.30225632284747,40
"1646.2","1258464",0.999,1,40,1,40,0.49028109683464,40,0.49028109683464,40
"1647.2","1258468",0.999,1,40,1,40,0.620770819115969,40,0.620770819115969,40
"1648.2","1258486",0.999,1,40,1,40,0.61550569318559,40,0.61550569318559,40
"1649.2","1258632",0.999,1,40,1,40,0.42047215618522,40,0.42047215618522,40
"1650.2","1258635",0.999,0.975,40,0.973684210526316,38,0.775296820771125,40,0.734268112637154,40
"1651.2","1258638",0.999,1,40,1,40,0.664394125049967,40,0.664394125049967,40
"1652.2","1258639",0.999,1,40,1,40,0.188316254343759,40,0.188316254343759,40
"1653.2","1258640",0.999,1,40,1,40,0.322000581823634,40,0.322000581823634,40
"1654.2","1258652",0.999,0.9,40,0.875,32,0.22767849872044,39,0.159132461424403,39
"1655.2","1258655",0.999,0.95,40,0.944444444444444,36,0.384152521122824,40,0.338438235408538,40
"1656.2","1258667",0.999,0.95,40,0.944444444444444,36,0.460402547336564,40,0.40924708515169,40
"1657.2","1258682",0.999,0.975,40,0.973684210526316,38,0.549801053462044,40,0.516918170579161,40
"1658.2","1258708",0.999,0.95,40,0.944444444444444,36,0.342427908113392,40,0.303460105083089,40
"1659.2","1258716",0.999,0.95,40,0.944444444444444,36,0.363805182576986,40,0.326620308627406,40
"1660.2","1258742",0.999,0.925,40,0.911764705882353,34,0.295462287552805,40,0.241819809341361,40
"1661.2","1258992",0.999,1,40,1,40,0.685111884838614,40,0.685111884838614,40
"1662.2","1260022",0.999,1,30,1,30,0.0770408248570606,40,0.0770408248570606,40
"1663.2","1260077",0.999,0.975,40,0.973684210526316,38,0.199700269299628,40,0.188665786541008,40
"1664.2","1260272",0.999,1,40,1,40,0.875185013876041,40,0.875185013876041,40
"1665.2","1261701",0.999,1,40,1,40,0.574559782120011,40,0.574559782120011,40
"1666.2","1261741",0.999,1,40,1,40,0.133799915362415,40,0.133799915362415,40
"1667.2","1261779",0.999,1,39,1,39,0.126984046472243,40,0.126984046472243,40
"1668.2","1261786",0.999,0.875,40,0.833333333333333,30,0.234153733931265,37,0.155868955646486,37
"1669.2","1261791",0.999,0.95,40,0.944444444444444,36,0.229860105354825,40,0.187829802324522,40
"1670.2","1261794",0.999,0.9375,16,0.928571428571429,14,0.0396745266659264,40,0.0326669509083507,40
"1671.2","1261796",0.999,0.75,12,0.666666666666667,6,0.060212382009649,38,0.00674239997929546,38
"1672.2","1261828",0.999,1,26,1,26,0.124726820427151,40,0.124726820427151,40
"1673.2","1261851",0.999,0.948717948717949,39,0.942857142857143,35,0.308464672724121,40,0.244722294675341,40
"1674.2","1261887",0.999,0.975,40,0.973684210526316,38,0.461507862166225,40,0.432544447532079,40
"1675.2","1261895",0.999,0.925,40,0.971428571428571,35,0.519537053352757,40,0.485791867216685,40
"1676.2","1261896",0.999,0.975,40,0.973684210526316,38,0.516451396572293,40,0.485729070118259,40
"1677.2","1270483",0.999,0.95,40,0.944444444444444,36,0.459219619880582,40,0.409655874190564,40
"1678.2","1270486",0.999,1,40,1,40,0.616570305272895,40,0.616570305272895,40
"1679.2","1270489",0.999,0.975,40,0.973684210526316,38,0.27167539031558,40,0.259857208497398,40
"1680.2","1270500",0.999,1,40,1,40,0.328120599336852,40,0.328120599336852,40
"1681.2","1270501",0.999,0.975,40,0.973684210526316,38,0.497976667694522,40,0.472155668619591,40
"1682.2","1270511",0.999,0.95,40,0.944444444444444,36,0.398748061477016,40,0.355790152133815,40
"1683.2","1272147",0.999,NA,0,NA,0,0,40,0,40
"1684.2","1272173",0.999,1,40,1,40,0.546961634274704,40,0.546961634274704,40
"1685.2","1272177",0.999,1,40,1,40,0.399920699082633,40,0.399920699082633,40
"1686.2","1273417",0.999,0.95,40,0.944444444444444,36,0.415289206918951,40,0.371618585261197,40
"1687.2","1273421",0.999,0.975,40,0.973684210526316,38,0.436535957653621,40,0.411535957653621,40
"1688.2","1273424",0.999,0.947368421052632,38,0.941176470588235,34,0.150790848176833,39,0.14366491020412,39
"1689.2","1273433",0.999,0.975,40,0.973684210526316,38,0.343321183744571,40,0.324744794855682,40
"1690.2","1273443",0.999,0.9,40,0.875,32,0.263466466175031,39,0.212014948344203,39
"1691.2","1273483",0.999,0.975,40,0.973684210526316,38,0.566249306014701,40,0.538124306014701,40
"1692.2","1273494",0.999,1,2,1,2,0.00201183431952663,39,0.00201183431952663,39
"1693.2","1273495",0.999,0.833333333333333,6,0.833333333333333,6,0.0182471123647594,39,0.0182471123647594,39
"1694.2","1273503",0.999,0.95,40,0.944444444444444,36,0.49133698479332,40,0.437039199245534,40
"1695.2","1273510",0.999,0.947368421052632,38,0.941176470588235,34,0.190932398179375,38,0.161225920446581,38
"1696.2","1273516",0.999,1,40,1,40,0.409002318351589,40,0.409002318351589,40
"1697.2","1273533",0.999,0.925,40,0.942857142857143,35,0.449471829444948,39,0.419048959304336,39
"1698.2","1273538",0.999,0.95,40,0.945945945945946,37,0.257778373586128,39,0.226985318402829,39
"1699.2","1273540",0.999,0.925,40,0.941176470588235,34,0.363763497278987,40,0.310752440316786,40
"1700.2","1273549",0.999,0.95,40,0.944444444444444,36,0.547342168414905,40,0.487996309397993,40
"1701.2","1274868",0.999,0.942857142857143,35,0.935483870967742,31,0.178451167273999,39,0.126919591352179,39
"1702.2","1274905",0.999,0.95,40,0.944444444444444,36,0.416402491865603,40,0.36806915853227,40
"1703.2","1276512",0.999,1,15,1,15,0.0400278788184714,40,0.0400278788184714,40
"1704.2","1276526",0.999,0.95,40,0.944444444444444,36,0.514327758049596,40,0.457412864432574,40
"1705.2","1276531",0.999,0.95,40,0.944444444444444,36,0.634600083775276,40,0.565868199717305,40
"1706.2","1276532",0.999,NA,0,NA,0,0,40,0,40
"1707.2","1276547",0.999,0.975,40,0.973684210526316,38,0.142608182654752,40,0.12858379241085,40
"1708.2","1276580",0.999,0.961538461538462,26,0.958333333333333,24,0.0478053697325443,39,0.04353186545904,39
"1709.2","1276589",0.999,0.9,40,0.875,32,0.291238146150445,40,0.203256995356794,40
"1710.2","1276846",0.999,1,40,1,40,0.166370576071106,40,0.166370576071106,40
"1711.2","1277085",0.999,0.95,40,0.944444444444444,36,0.131913124632845,39,0.122003053747165,39
"1712.2","1277092",0.999,1,40,1,40,0.419682170967552,40,0.419682170967552,40
"1713.2","1277093",0.999,1,40,1,40,0.307124761331235,40,0.307124761331235,40
"1714.2","1277117",0.999,0.95,40,0.944444444444444,36,0.30756233084643,40,0.264764035391884,40
"1715.2","1277118",0.999,0.975,40,0.973684210526316,38,0.22143323731182,39,0.213703222228863,39
"1716.2","1277132",0.999,0.975,40,0.973684210526316,38,0.459942399443615,40,0.440261179762396,40
"1717.2","1277136",0.999,0.975,40,0.973684210526316,38,0.12980377969767,40,0.124998320928797,40
"1718.2","1277181",0.999,1,34,1,34,0.134065707259783,40,0.134065707259783,40
"1719.2","1277184",0.999,0.975,40,0.973684210526316,38,0.26758929933269,40,0.252914468251609,40
"1720.2","1277214",0.999,0.948717948717949,39,0.942857142857143,35,0.224884895306501,39,0.201526309447916,39
"1721.2","1278493",0.999,NA,0,NA,0,0,35,0,35
"1722.2","1279313",0.999,1,40,1,40,0.480518346099072,40,0.480518346099072,40
"1723.2","1282110",0.999,NA,0,NA,0,0,39,0,39
"1724.2","1282133",0.999,NA,0,NA,0,0,36,0,36
"1725.2","1284",0.999,0.925,40,0.941176470588235,34,0.217828550298864,39,0.198803215144496,39
"1726.2","1285646",0.999,1,34,1,34,0.101955334851482,40,0.101955334851482,40
"1727.2","1285709",0.999,1,40,1,40,0.427962860189835,40,0.427962860189835,40
"1728.2","1286227",0.999,0.975,40,0.973684210526316,38,0.482579629742229,40,0.457579629742229,40
"1729.2","1286768",0.999,1,8,1,8,0.0367063492063492,40,0.0367063492063492,40
"1730.2","1288",0.999,1,40,1,40,0.325249545196414,40,0.325249545196414,40
"1731.2","1288454",0.999,1,3,1,3,0.00825315978117336,38,0.00825315978117336,38
"1732.2","1288911",0.999,NA,0,NA,0,0,35,0,35
"1733.2","1289083",0.999,0.925,40,0.911764705882353,34,0.443483692333692,40,0.356124458099458,40
"1734.2","1289990",0.999,1,40,1,40,0.173506966639146,40,0.173506966639146,40
"1735.2","1290866",0.999,1,2,1,2,0.00491718426501035,35,0.00491718426501035,35
"1736.2","1291246",0.999,NA,0,NA,0,0,40,0,40
"1737.2","1292217",0.999,NA,0,NA,0,0,32,0,32
"1738.2","1292839",0.999,1,40,1,40,0.286158841158841,40,0.286158841158841,40
"1739.2","1292876",0.999,NA,0,NA,0,0,34,0,34
"1740.2","1294",0.999,0.96969696969697,33,0.967741935483871,31,0.0933730503737823,40,0.088699137330304,40
"1741.2","1295291",0.999,0.974358974358974,39,0.972972972972973,37,0.153247622438412,40,0.139676193866983,40
"1742.2","1296047",0.999,NA,0,NA,0,0,36,0,36
"1743.2","1296206",0.999,NA,0,NA,0,0,38,0,38
"1744.2","1296657",0.999,0.975,40,0.973684210526316,38,0.338694946251722,40,0.3158511234079,40
"1745.2","1296879",0.999,NA,0,NA,0,0,36,0,36
"1746.2","1297",0.999,0.975,40,0.973684210526316,38,0.156995721534228,40,0.148245721534228,40
"1747.2","1298",0.999,0.975,40,0.973684210526316,38,0.297502887346819,40,0.282733239650342,40
"1748.2","1298804",0.999,NA,0,NA,0,0,40,0,40
"1749.2","1298805",0.999,NA,0,NA,0,0,40,0,40
"1750.2","1299211",0.999,NA,0,NA,0,0,36,0,36
"1751.2","1299851",0.999,NA,0,NA,0,0,37,0,37
"1752.2","1299861",0.999,0.5,2,0,1,0.00405679513184584,34,0,34
"1753.2","1300442",0.999,1,40,1,40,0.368333480135131,40,0.368333480135131,40
"1754.2","1301034",0.999,0.975,40,0.973684210526316,38,0.349092987621951,40,0.331315209844173,40
"1755.2","1301151",0.999,0.975,40,0.973684210526316,38,0.241755854965308,40,0.228471541239817,40
"1756.2","1301506",0.999,1,40,1,40,0.195742181270335,40,0.195742181270335,40
"1757.2","1301508",0.999,1,40,1,40,0.885963433729391,40,0.885963433729391,40
"1758.2","1301745",0.999,1,40,1,40,0.50056689341338,40,0.50056689341338,40
"1759.2","1302042",0.999,0.975,40,0.973684210526316,38,0.241399323876153,39,0.213584385191649,39
"1760.2","1302826",0.999,NA,0,NA,0,0,35,0,35
"1761.2","1302943",0.999,NA,0,NA,0,0,35,0,35
"1762.2","1303132",0.999,0.975,40,0.973684210526316,38,0.455193046156544,40,0.420726134391839,40
"1763.2","1303600",0.999,NA,0,NA,0,0,35,0,35
"1764.2","1304219",0.999,1,1,1,1,0.0026525198938992,39,0.0026525198938992,39
"1765.2","1304919",0.999,NA,0,NA,0,0,36,0,36
"1766.2","1304923",0.999,NA,0,NA,0,0,36,0,36
"1767.2","1305993",0.999,NA,0,NA,0,0,40,0,40
"1768.2","1306056",0.999,1,40,1,40,0.379189847003463,40,0.379189847003463,40
"1769.2","1307578",0.999,1,40,1,40,0.396493439494029,40,0.396493439494029,40
"1770.2","1308093",0.999,NA,0,NA,0,0,35,0,35
"1771.2","1308695",0.999,1,32,1,32,0.0650379922317925,40,0.0650379922317925,40
"1772.2","1309",0.999,0.96551724137931,29,0.962962962962963,27,0.0633803008415925,39,0.0615487990100907,39
"1773.2","1311403",0.999,NA,0,NA,0,0,39,0,39
"1774.2","1311708",0.999,1,2,1,2,0.0100308641975309,36,0.0100308641975309,36
"1775.2","1313314",0.999,NA,0,NA,0,0,36,0,36
"1776.2","1313777",0.999,1,40,1,40,0.817794171149957,40,0.817794171149957,40
"1777.2","1313822",0.999,1,40,1,40,0.939268167334772,40,0.939268167334772,40
"1778.2","1314378",0.999,0.975,40,0.973684210526316,38,0.203145102659845,39,0.193912505191954,39
"1779.2","1314384",0.999,1,32,1,32,0.0776770375335346,40,0.0776770375335346,40
"1780.2","1314385",0.999,0.975,40,0.973684210526316,38,0.520624800409549,40,0.49205337183812,40
"1781.2","1330545",0.999,1,40,1,40,0.425893803831356,40,0.425893803831356,40
"1782.2","1330570",0.999,0.95,40,0.944444444444444,36,0.390564910087213,40,0.347360892177468,40
"1783.2","1330620",0.999,0.975,40,0.973684210526316,38,0.467724592125736,40,0.445200437536364,40
"1784.2","1330627",0.999,NA,0,NA,0,0,40,0,40
"1785.2","1330635",0.999,NA,0,NA,0,0,40,0,40
"1786.2","1330642",0.999,NA,0,NA,0,0,39,0,39
"1787.2","1330659",0.999,NA,0,NA,0,0,40,0,40
"1788.2","1330740",0.999,NA,0,NA,0,0,40,0,40
"1789.2","1330757",0.999,NA,0,NA,0,0,40,0,40
"1790.2","1330764",0.999,NA,0,NA,0,0,40,0,40
"1791.2","1330798",0.999,0.9,40,0.875,32,0.301241921642836,39,0.22298949596394,39
"1792.2","1330802",0.999,0.842105263157895,19,0.9375,16,0.10733679004274,35,0.102825511847251,35
"1793.2","1330803",0.999,0.948717948717949,39,0.942857142857143,35,0.226030003507047,39,0.18347426864362,39
"1794.2","1330840",0.999,0.966666666666667,30,0.964285714285714,28,0.0894143721051989,40,0.0842180119519422,40
"1795.2","1330850",0.999,0.925,40,0.942857142857143,35,0.187277421061767,40,0.155509213778854,40
"1796.2","1330860",0.999,0.95,40,0.944444444444444,36,0.275195166217947,39,0.238586676668281,39
"1797.2","1330866",0.999,1,40,1,40,0.0981061084813125,40,0.0981061084813125,40
"1798.2","1330906",0.999,NA,0,NA,0,0,36,0,36
"1799.2","1330932",0.999,0.875,40,0.903225806451613,31,0.372312654942028,40,0.300981441737655,40
"1800.2","1330949",0.999,0.95,40,0.944444444444444,36,0.148216411724476,39,0.126581796339861,39
"1801.2","1331212",0.999,1,36,1,36,0.146716938078404,40,0.146716938078404,40
"1802.2","1331429",0.999,0.925,40,0.942857142857143,35,0.357027730177944,40,0.313476627755874,40
"1803.2","1331446",0.999,0.95,40,0.944444444444444,36,0.148421333783176,38,0.134558551828289,38
"1804.2","1331584",0.999,0.925,40,0.941176470588235,34,0.470263655128539,39,0.393936644325722,39
"1805.2","1331634",0.999,0.972972972972973,37,0.971428571428571,35,0.0744348552544736,40,0.066011712883515,40
"1806.2","1335679",0.999,1,40,1,40,0.568466171430949,40,0.568466171430949,40
"1807.2","1335703",0.999,1,40,1,40,0.560872500400972,40,0.560872500400972,40
"1808.2","1335708",0.999,1,40,1,40,0.601050486254495,40,0.601050486254495,40
"1809.2","1335709",0.999,1,40,1,40,0.562473739254174,40,0.562473739254174,40
"1810.2","1335715",0.999,NA,0,NA,0,0,40,0,40
"1811.2","1335717",0.999,NA,0,NA,0,0,40,0,40
"1812.2","1335722",0.999,NA,0,NA,0,0,40,0,40
"1813.2","1335745",0.999,NA,0,NA,0,0,40,0,40
"1814.2","1335759",0.999,NA,0,NA,0,0,40,0,40
"1815.2","1335842",0.999,1,22,1,22,0.0586381084618015,40,0.0586381084618015,40
"1816.2","1335849",0.999,1,40,1,40,0.592467061923584,40,0.592467061923584,40
"1817.2","1335850",0.999,1,40,1,40,0.45524141820151,40,0.45524141820151,40
"1818.2","1335854",0.999,1,40,1,40,0.730897389837607,40,0.730897389837607,40
"1819.2","1335859",0.999,1,40,1,40,0.926695703566656,40,0.926695703566656,40
"1820.2","1335889",0.999,0.878787878787879,33,0.84,25,0.158765903449763,38,0.123623359590114,38
"1821.2","1335900",0.999,0.975,40,0.973684210526316,38,0.2804160740693,40,0.266779710432936,40
"1822.2","1335943",0.999,0.925,40,0.911764705882353,34,0.279559481588401,40,0.237548392878724,40
"1823.2","1335951",0.999,0.975,40,0.973684210526316,38,0.217215089729875,40,0.20540722704992,40
"1824.2","1336216",0.999,1,40,1,40,0.476566862043907,40,0.476566862043907,40
"1825.2","1336362",0.999,1,40,1,40,0.567779299968324,40,0.567779299968324,40
"1826.2","1336363",0.999,1,40,1,40,0.631876117241616,40,0.631876117241616,40
"1827.2","1338223",0.999,0.95,40,0.972222222222222,36,0.388036024295087,40,0.353750310009372,40
"1828.2","1338224",0.999,0.95,40,0.944444444444444,36,0.364230057127754,39,0.335553872201569,39
"1829.2","1338235",0.999,0.95,40,0.947368421052632,38,0.190257173135453,39,0.180156163034443,39
"1830.2","1338237",0.999,0.95,40,0.944444444444444,36,0.451668735798046,40,0.398772122607315,40
"1831.2","1338252",0.999,1,40,1,40,0.58922172133379,40,0.58922172133379,40
"1832.2","1338275",0.999,0.925,40,0.944444444444444,36,0.186969025233497,39,0.171623550815442,39
"1833.2","1338284",0.999,1,29,1,29,0.103445395491245,40,0.103445395491245,40
"1834.2","1338285",0.999,0.948717948717949,39,0.942857142857143,35,0.227347100351534,39,0.216627631911478,39
"1835.2","1338288",0.999,1,40,1,40,0.405098425026418,40,0.405098425026418,40
"1836.2","1338291",0.999,0.9,40,0.909090909090909,33,0.350051024871251,40,0.29103486708849,40
"1837.2","1338327",0.999,NA,0,NA,0,0,39,0,39
"1838.2","1338340",0.999,1,40,1,40,0.324530005406368,40,0.324530005406368,40
"1839.2","1338350",0.999,0,1,0,1,0,36,0,36
"1840.2","1338376",0.999,1,26,1,26,0.0571334989858799,40,0.0571334989858799,40
"1841.2","1338378",0.999,1,24,1,24,0.0749395431813601,40,0.0749395431813601,40
"1842.2","1338404",0.999,1,40,1,40,0.393936661083117,40,0.393936661083117,40
"1843.2","1338405",0.999,0.925,40,0.911764705882353,34,0.266136206355414,40,0.208785792399509,40
"1844.2","1338407",0.999,0.96875,32,0.966666666666667,30,0.0893240576627673,40,0.0797652341333556,40
"1845.2","1338409",0.999,0.975,40,0.973684210526316,38,0.378044484821382,40,0.349538387260406,40
"1846.2","1338413",0.999,0.948717948717949,39,0.942857142857143,35,0.155091193129986,40,0.138357610808169,40
"1847.2","1338421",0.999,0.975,40,0.973684210526316,38,0.572499703678585,40,0.547499703678585,40
"1848.2","1338477",0.999,1,1,1,1,0.000714285714285714,40,0.000714285714285714,40
"1849.2","1338482",0.999,0.974358974358974,39,0.972972972972973,37,0.210015472252018,40,0.199399663428488,40
"1850.2","1338495",0.999,0.923076923076923,39,0.939393939393939,33,0.203812042634539,40,0.180937000376257,40
"1851.2","1338497",0.999,0.944444444444444,36,0.9375,32,0.149632283675556,39,0.117865901909174,39
"1852.2","1338513",0.999,0.972222222222222,36,0.972222222222222,36,0.101636400563014,40,0.101636400563014,40
"1853.2","1338517",0.999,1,40,1,40,0.39732564775323,40,0.39732564775323,40
"1854.2","1338518",0.999,0.9375,32,0.928571428571429,28,0.111610163788971,39,0.0946095173765604,39
"1855.2","1338549",0.999,0.923076923076923,39,0.939393939393939,33,0.138821716710541,38,0.125737382099504,38
"1856.2","1338558",0.999,0.948717948717949,39,0.942857142857143,35,0.0868157966152633,40,0.0688176941484702,40
"1857.2","1338601",0.999,0.9,40,0.909090909090909,33,0.439620094473925,40,0.35041554901938,40
"1858.2","1338615",0.999,1,40,1,40,0.183872222947466,40,0.183872222947466,40
"1859.2","1338625",0.999,0.975,40,0.973684210526316,38,0.370671142822056,40,0.353720385246298,40
"1860.2","1338642",0.999,0.95,40,0.944444444444444,36,0.346045759981448,40,0.29201305488167,40
"1861.2","1338655",0.999,0.975,40,0.973684210526316,38,0.208008160091031,40,0.192585837315768,40
"1862.2","1338657",0.999,0.975,40,0.973684210526316,38,0.329770650888612,39,0.312943727811689,39
"1863.2","1338670",0.999,0.95,40,0.944444444444444,36,0.401536098990806,40,0.355245776410161,40
"1864.2","1338692",0.999,0.925,40,0.942857142857143,35,0.475996492326459,40,0.424391992175447,40
"1865.2","1344894",0.999,1,40,1,40,0.603798666917872,40,0.603798666917872,40
"1866.2","1344897",0.999,NA,0,NA,0,0,16,0,16
"1867.2","1344904",0.999,0.923076923076923,39,0.909090909090909,33,0.0915048354593163,37,0.0647754033244787,37
"1868.2","1344952",0.999,1,24,1,24,0.0620365878139566,39,0.0620365878139566,39
"1869.2","1344955",0.999,0.925,40,0.911764705882353,34,0.454949770089887,40,0.379707834606016,40
"1870.2","1344977",0.999,0.925,40,0.911764705882353,34,0.258564808854438,39,0.215951300334367,39
"1871.2","1349312",0.999,1,40,1,40,0.390991564166533,40,0.390991564166533,40
"1872.2","1349327",0.999,1,4,1,4,0.0202168447026487,40,0.0202168447026487,40
"1873.2","1349332",0.999,1,40,1,40,0.381077942231613,40,0.381077942231613,40
"1874.2","1349378",0.999,1,40,1,40,1,40,1,40
"1875.2","1349388",0.999,1,40,1,40,0.996808510638298,40,0.996808510638298,40
"1876.2","1349421",0.999,0.925,40,0.941176470588235,34,0.477381540282485,40,0.405538222310134,40
"1877.2","1349424",0.999,1,40,1,40,0.184590411740649,40,0.184590411740649,40
"1878.2","1350",0.999,1,1,1,1,0.000816326530612245,35,0.000816326530612245,35
"1879.2","1360",0.999,NA,0,NA,0,0,40,0,40
"1880.2","1372",0.999,0.925,40,0.911764705882353,34,0.22017954106474,40,0.183727928161514,40
"1881.2","1375",0.999,0.925,40,0.911764705882353,34,0.196851179649917,40,0.156961268836094,40
"1882.2","1386",0.999,1,40,1,40,0.38165096791603,40,0.38165096791603,40
"1883.2","1388649",0.999,0.95,40,0.944444444444444,36,0.4210496930458,40,0.375404531755477,40
"1884.2","1388697",0.999,0.975,40,0.973684210526316,38,0.371747888100189,40,0.354005952616318,40
"1885.2","1388721",0.999,0.925,40,0.911764705882353,34,0.453332715362749,40,0.381988070225,40
"1886.2","1388753",0.999,1,40,1,40,0.247283261295526,40,0.247283261295526,40
"1887.2","1388755",0.999,0.975,40,0.973684210526316,38,0.160109798821863,39,0.15700179571386,39
"1888.2","1388766",0.999,0.95,40,0.944444444444444,36,0.354129423383546,40,0.320804300230837,40
"1889.2","1388790",0.999,1,1,1,1,0.00391006842619746,33,0.00391006842619746,33
"1890.2","1388794",0.999,0.975,40,0.973684210526316,38,0.707715335594614,40,0.670215335594614,40
"1891.2","1388797",0.999,0.95,40,0.944444444444444,36,0.412397193395677,40,0.365114584700025,40
"1892.2","1388799",0.999,1,40,1,40,0.335336505667218,40,0.335336505667218,40
"1893.2","1388803",0.999,0.972972972972973,37,0.972222222222222,36,0.211914939535242,39,0.208541120371949,39
"1894.2","1389176",0.999,0.925,40,0.942857142857143,35,0.20677606618934,40,0.181141816717882,40
"1895.2","1390411",0.999,NA,0,NA,0,0,37,0,37
"1896.2","1390887",0.999,1,40,1,40,0.330710656130061,40,0.330710656130061,40
"1897.2","1390888",0.999,1,40,1,40,0.412381916314328,40,0.412381916314328,40
"1898.2","1390889",0.999,1,40,1,40,0.393059624457538,40,0.393059624457538,40
"1899.2","1390905",0.999,1,36,1,36,0.0952913333458021,40,0.0952913333458021,40
"1900.2","1390908",0.999,1,35,1,35,0.0982932317258085,40,0.0982932317258085,40
"1901.2","1390910",0.999,1,40,1,40,0.297488032085914,40,0.297488032085914,40
"1902.2","1390919",0.999,0.975,40,0.973684210526316,38,0.147351397914768,40,0.141882070494221,40
"1903.2","1390932",0.999,1,22,1,22,0.0629758303975572,39,0.0629758303975572,39
"1904.2","1390952",0.999,0.975,40,0.974358974358974,39,0.261752101317962,40,0.255502101317962,40
"1905.2","1390953",0.999,1,40,1,40,0.439399127900412,40,0.439399127900412,40
"1906.2","1390972",0.999,1,40,1,40,0.570568964389501,40,0.570568964389501,40
"1907.2","1391920",0.999,1,19,1,19,0.105407647907648,40,0.105407647907648,40
"1908.2","1391974",0.999,0.975,40,0.973684210526316,38,0.463067468344268,40,0.44201483676532,40
"1909.2","1392007",0.999,1,40,1,40,0.697853759677902,40,0.697853759677902,40
"1910.2","1392031",0.999,1,40,1,40,0.704126697627943,40,0.704126697627943,40
"1911.2","1392069",0.999,0.925,40,0.911764705882353,34,0.462162947154049,39,0.378037137066701,39
"1912.2","1392109",0.999,0.944444444444444,18,0.9375,16,0.0280920708410264,38,0.0268083737935296,38
"1913.2","1392116",0.999,0.975,40,0.973684210526316,38,0.656020635616106,40,0.62288973143257,40
"1914.2","1392139",0.999,0.975,40,0.973684210526316,38,0.445283032577989,40,0.418134368234203,40
"1915.2","1392246",0.999,0.975,40,0.973684210526316,38,0.2530411136801,40,0.238998905887892,40
"1916.2","1392330",0.999,0.975,40,0.973684210526316,38,0.428041242155812,40,0.405480266546056,40
"1917.2","1392395",0.999,1,40,1,40,0.47366175757222,40,0.47366175757222,40
"1918.2","1392396",0.999,1,40,1,40,0.370481844692772,40,0.370481844692772,40
"1919.2","1392399",0.999,1,40,1,40,0.306479000811181,40,0.306479000811181,40
"1920.2","1392482",0.999,NA,0,NA,0,0,39,0,39
"1921.2","1392501",0.999,1,40,1,40,0.521762122417647,40,0.521762122417647,40
"1922.2","1393273",0.999,0.95,40,0.944444444444444,36,0.320598903272604,40,0.295935441734142,40
"1923.2","1393288",0.999,1,40,1,40,0.460193152155126,40,0.460193152155126,40
"1924.2","1396454",0.999,1,2,1,2,0.00976190476190476,40,0.00976190476190476,40
"1925.2","1396455",0.999,NA,0,NA,0,0,39,0,39
"1926.2","1396463",0.999,1,36,1,36,0.227459979419265,40,0.227459979419265,40
"1927.2","1396470",0.999,NA,0,NA,0,0,40,0,40
"1928.2","1396480",0.999,NA,0,NA,0,0,40,0,40
"1929.2","1396495",0.999,0.888888888888889,9,0.857142857142857,7,0.00837710172748536,39,0.00650812671273029,39
"1930.2","1396505",0.999,0.975,40,0.973684210526316,38,0.477845419673536,40,0.450556042384159,40
"1931.2","1396509",0.999,1,8,1,8,0.0151292788547691,39,0.0151292788547691,39
"1932.2","1396513",0.999,0.875,8,0.875,8,0.033889029749831,40,0.033889029749831,40
"1933.2","1396517",0.999,NA,0,NA,0,0,32,0,32
"1934.2","1396520",0.999,1,8,1,8,0.0168025717258729,40,0.0168025717258729,40
"1935.2","1396566",0.999,NA,0,NA,0,0,37,0,37
"1936.2","1396572",0.999,NA,0,NA,0,0,37,0,37
"1937.2","1396586",0.999,NA,0,NA,0,0,39,0,39
"1938.2","1396606",0.999,NA,0,NA,0,0,38,0,38
"1939.2","1396608",0.999,1,14,1,14,0.0326861942940572,40,0.0326861942940572,40
"1940.2","1396609",0.999,NA,0,NA,0,0,34,0,34
"1941.2","1396647",0.999,1,32,1,32,0.138980114561517,39,0.138980114561517,39
"1942.2","1396655",0.999,1,12,1,12,0.042901158318747,38,0.042901158318747,38
"1943.2","1396659",0.999,0.975,40,0.973684210526316,38,0.382867644193063,40,0.361938157013576,40
"1944.2","1396678",0.999,NA,0,NA,0,0,39,0,39
"1945.2","1396688",0.999,NA,0,NA,0,0,31,0,31
"1946.2","1396703",0.999,NA,0,NA,0,0,38,0,38
"1947.2","1396737",0.999,0.95,40,0.947368421052632,38,0.334839387173378,40,0.315464387173378,40
"1948.2","1396740",0.999,NA,0,NA,0,0,38,0,38
"1949.2","1396743",0.999,1,38,1,38,0.179631358402665,40,0.179631358402665,40
"1950.2","1396744",0.999,0.833333333333333,6,0.8,5,0.00531679850531938,38,0.00449443008426675,38
"1951.2","1396745",0.999,1,2,1,2,0.00378571428571429,40,0.00378571428571429,40
"1952.2","1396776",0.999,NA,0,NA,0,0,39,0,39
"1953.2","1396795",0.999,NA,0,NA,0,0,38,0,38
"1954.2","1396801",0.999,0.945945945945946,37,0.941176470588235,34,0.166712098974477,39,0.146381854506302,39
"1955.2","1396804",0.999,NA,0,NA,0,0,37,0,37
"1956.2","1396818",0.999,NA,0,NA,0,0,39,0,39
"1957.2","1396834",0.999,0.975,40,0.973684210526316,38,0.438259348445983,40,0.419618233463404,40
"1958.2","1396841",0.999,1,22,1,22,0.0732892340634823,40,0.0732892340634823,40
"1959.2","1396857",0.999,0.975,40,0.973684210526316,38,0.597306122913355,40,0.569469584451817,40
"1960.2","1396896",0.999,0.916666666666667,12,0.9,10,0.015147826602935,38,0.01337571956767,38
"1961.2","1396907",0.999,NA,0,NA,0,0,38,0,38
"1962.2","1396909",0.999,NA,0,NA,0,0,39,0,39
"1963.2","1396915",0.999,NA,0,NA,0,0,40,0,40
"1964.2","1396928",0.999,1,2,1,2,0.00558712121212121,40,0.00558712121212121,40
"1965.2","1396935",0.999,1,40,1,40,0.264112123558672,40,0.264112123558672,40
"1966.2","1396989",0.999,1,39,1,39,0.186187903931985,40,0.186187903931985,40
"1967.2","1396999",0.999,NA,0,NA,0,0,37,0,37
"1968.2","1397033",0.999,NA,0,NA,0,0,39,0,39
"1969.2","1397056",0.999,1,9,1,9,0.034375441659199,39,0.034375441659199,39
"1970.2","1397062",0.999,NA,0,NA,0,0,29,0,29
"1971.2","1397070",0.999,NA,0,NA,0,0,39,0,39
"1972.2","1397093",0.999,1,18,1,18,0.0888965946572841,40,0.0888965946572841,40
"1973.2","1397120",0.999,1,10,1,10,0.0293123062978501,38,0.0293123062978501,38
"1974.2","1397129",0.999,0.9,40,0.875,32,0.334893264755226,40,0.254112976100175,40
"1975.2","1397140",0.999,NA,0,NA,0,0,39,0,39
"1976.2","1397146",0.999,0.958333333333333,24,0.954545454545455,22,0.0989544347320008,39,0.0967769825545486,39
"1977.2","1397182",0.999,NA,0,NA,0,0,40,0,40
"1978.2","1397187",0.999,1,40,1,40,0.35853468563453,40,0.35853468563453,40
"1979.2","1397203",0.999,NA,0,NA,0,0,40,0,40
"1980.2","1397222",0.999,0.947368421052632,38,0.941176470588235,34,0.0703895737468001,38,0.0569824764581238,38
"1981.2","1397238",0.999,1,40,1,40,0.359098480863629,40,0.359098480863629,40
"1982.2","1397260",0.999,NA,0,NA,0,0,30,0,30
"1983.2","1397273",0.999,0.944444444444444,36,0.941176470588235,34,0.168266478473141,39,0.165158475365138,39
"1984.2","1397295",0.999,NA,0,NA,0,0,37,0,37
"1985.2","1397297",0.999,NA,0,NA,0,0,36,0,36
"1986.2","1397301",0.999,0.95,40,0.944444444444444,36,0.153096375230249,39,0.136847551571923,39
"1987.2","1397310",0.999,NA,0,NA,0,0,38,0,38
"1988.2","1397319",0.999,0.714285714285714,7,0.75,4,0.0292589004282553,37,0.0061918773612322,37
"1989.2","1397345",0.999,1,1,1,1,0.000819000819000819,37,0.000819000819000819,37
"1990.2","1397369",0.999,0.931034482758621,29,0.96,25,0.0905711190047157,38,0.0805091995000717,38
"1991.2","1397437",0.999,NA,0,NA,0,0,39,0,39
"1992.2","1397442",0.999,1,4,1,4,0.00420133027891649,39,0.00420133027891649,39
"1993.2","1397476",0.999,1,39,1,39,0.144514113294176,40,0.144514113294176,40
"1994.2","1397486",0.999,0.975,40,0.973684210526316,38,0.309492392766994,40,0.293723161997763,40
"1995.2","1397505",0.999,0.95,40,0.972972972972973,37,0.275947100579565,40,0.263899403211143,40
"1996.2","1397508",0.999,0.956521739130435,23,0.952380952380952,21,0.0450270859810333,40,0.0419967829507303,40
"1997.2","1397513",0.999,0.857142857142857,28,0.85,20,0.215946159577494,40,0.155316278936853,40
"1998.2","1397529",0.999,NA,0,NA,0,0,39,0,39
"1999.2","1397548",0.999,NA,0,NA,0,0,40,0,40
"2000.2","1397562",0.999,1,40,1,40,0.0989403665383736,40,0.0989403665383736,40
"2001.2","1397563",0.999,0.95,40,0.944444444444444,36,0.240787558153041,39,0.216978034343517,39
"2002.2","1397583",0.999,NA,0,NA,0,0,25,0,25
"2003.2","1397586",0.999,0.975,40,0.973684210526316,38,0.311977406235505,40,0.278644072902171,40
"2004.2","1398749",0.999,1,40,1,40,0.441866509174781,40,0.441866509174781,40
"2005.2","1398907",0.999,NA,0,NA,0,0,40,0,40
"2006.2","1398909",0.999,NA,0,NA,0,0,39,0,39
"2007.2","1398929",0.999,0.95,40,0.944444444444444,36,0.476360784809061,40,0.423376913841319,40
"2008.2","1398956",0.999,0.95,40,0.944444444444444,36,0.257576555074287,38,0.221325144346656,38
"2009.2","1399056",0.999,1,40,1,40,0.631721391615617,40,0.631721391615617,40
"2010.2","1399064",0.999,1,40,1,40,0.432766203374842,40,0.432766203374842,40
"2011.2","1399069",0.999,NA,0,NA,0,0,3,0,3
"2012.2","1399071",0.999,NA,0,NA,0,0,17,0,17
"2013.2","1399079",0.999,0.975,40,0.973684210526316,38,0.513647240914683,40,0.489202796470238,40
"2014.2","1399086",0.999,1,40,1,40,0.824082382567581,40,0.824082382567581,40
"2015.2","1399088",0.999,1,40,1,40,0.275711354626347,40,0.275711354626347,40
"2016.2","1399094",0.999,1,40,1,40,0.891415987036053,40,0.891415987036053,40
"2017.2","1399096",0.999,1,40,1,40,0.876796433343612,40,0.876796433343612,40
"2018.2","1399100",0.999,0.975,40,0.973684210526316,38,0.437721491785244,40,0.419694599977865,40
"2019.2","1399105",0.999,1,40,1,40,0.641236889806368,40,0.641236889806368,40
"2020.2","1399151",0.999,0.9,40,0.909090909090909,33,0.4743981269862,38,0.403727498802838,38
"2021.2","1399202",0.999,0.95,40,0.972972972972973,37,0.547993347655618,40,0.524910961291982,40
"2022.2","1399208",0.999,0.95,40,0.944444444444444,36,0.452776278355308,39,0.411400986980017,39
"2023.2","1399226",0.999,0.925,40,0.942857142857143,35,0.339513751618164,40,0.309706247699669,40
"2024.2","1399238",0.999,1,40,1,40,0.295898501589291,40,0.295898501589291,40
"2025.2","1399245",0.999,0.975,40,0.973684210526316,38,0.218151251925729,39,0.199855927178791,39
"2026.2","1399255",0.999,0.875,40,0.833333333333333,30,0.271603038255648,38,0.182488441418729,38
"2027.2","1399265",0.999,1,40,1,40,0.333035074237505,40,0.333035074237505,40
"2028.2","1399276",0.999,0.975,40,0.973684210526316,38,0.58602850346849,40,0.556266598706585,40
"2029.2","1399310",0.999,0.975,40,0.973684210526316,38,0.14341804034698,39,0.13389978082872,39
"2030.2","1399320",0.999,0.975,40,0.973684210526316,38,0.258239813417024,40,0.247755942449282,40
"2031.2","1399330",0.999,0.975,40,0.973684210526316,38,0.400486839649021,39,0.381067533465009,39
"2032.2","1399358",0.999,0.95,40,0.944444444444444,36,0.232059595144218,40,0.204699861382045,40
"2033.2","1399375",0.999,0.975,40,0.973684210526316,38,0.417559325183635,40,0.385741143365454,40
"2034.2","1399438",0.999,0.925,40,0.911764705882353,34,0.398326469458355,38,0.318786878502355,38
"2035.2","1399507",0.999,NA,0,NA,0,0,40,0,40
"2036.2","1399542",0.999,NA,0,NA,0,0,40,0,40
"2037.2","1399560",0.999,NA,0,NA,0,0,36,0,36
"2038.2","1399576",0.999,1,40,1,40,0.21582421475208,40,0.21582421475208,40
"2039.2","1399633",0.999,1,38,1,38,0.220171313746436,40,0.220171313746436,40
"2040.2","1399661",0.999,0.95,40,0.944444444444444,36,0.212983390660661,38,0.192413918852799,38
"2041.2","1399791",0.999,0.95,40,0.944444444444444,36,0.147710528819306,38,0.122615456852609,38
"2042.2","1399892",0.999,0.9,40,0.914285714285714,35,0.259719152668291,40,0.226243010195173,40
"2043.2","1399894",0.999,0.95,40,0.944444444444444,36,0.435582055447293,39,0.383033461568054,39
"2044.2","1399895",0.999,0.925,40,0.916666666666667,36,0.264755094667062,39,0.237345722430103,39
"2045.2","1399912",0.999,0.975,40,0.973684210526316,38,0.239981573432844,39,0.226975256078701,39
"2046.2","1399920",0.999,NA,0,NA,0,0,40,0,40
"2047.2","1399925",0.999,1,40,1,40,0.301922118817246,40,0.301922118817246,40
"2048.2","1399933",0.999,NA,0,NA,0,0,40,0,40
"2049.2","1399960",0.999,1,19,1,19,0.110093431041372,40,0.110093431041372,40
"2050.2","1399962",0.999,1,40,1,40,0.53395364536517,40,0.53395364536517,40
"2051.2","1401109",0.999,0.975,40,0.973684210526316,38,0.217868631581282,40,0.207911921624572,40
"2052.2","1401360",0.999,1,40,1,40,0.427600438587285,40,0.427600438587285,40
"2053.2","1401361",0.999,1,14,1,14,0.0136902390197333,40,0.0136902390197333,40
"2054.2","1401362",0.999,0.95,40,0.972222222222222,36,0.802878012056677,40,0.73544103726676,40
"2055.2","1401367",0.999,1,40,1,40,0.443309900313695,40,0.443309900313695,40
"2056.2","1401373",0.999,1,40,1,40,0.628743512811508,40,0.628743512811508,40
"2057.2","1401379",0.999,0.975,40,0.973684210526316,38,0.660995467340476,40,0.629375488482125,40
"2058.2","1401398",0.999,0.95,40,0.944444444444444,36,0.228554352486857,40,0.204167506880253,40
"2059.2","1401417",0.999,0.95,40,0.944444444444444,36,0.240532001124291,38,0.223030314214709,38
"2060.2","1401748",0.999,0.925,40,0.911764705882353,34,0.244384106789731,40,0.206521101739226,40
"2061.2","1401769",0.999,0.975,40,0.973684210526316,38,0.440121332363984,40,0.418570944767085,40
"2062.2","1401786",0.999,NA,0,NA,0,0,28,0,28
"2063.2","1401798",0.999,1,40,1,40,0.599658752184192,40,0.599658752184192,40
"2064.2","1401799",0.999,1,40,1,40,0.60239644362216,40,0.60239644362216,40
"2065.2","1401804",0.999,1,40,1,40,0.57475349003448,40,0.57475349003448,40
"2066.2","1401807",0.999,1,1,1,1,0.00102564102564103,39,0.00102564102564103,39
"2067.2","1401869",0.999,0.975,40,0.973684210526316,38,0.568957001734176,40,0.538957001734176,40
"2068.2","1401892",0.999,1,15,1,15,0.0369809380351891,40,0.0369809380351891,40
"2069.2","1401901",0.999,1,38,1,38,0.0984032174074222,40,0.0984032174074222,40
"2070.2","1401924",0.999,NA,0,NA,0,0,38,0,38
"2071.2","1401929",0.999,NA,0,NA,0,0,38,0,38
"2072.2","1401970",0.999,0.95,40,0.947368421052632,38,0.508231048709473,39,0.487718228196652,39
"2073.2","1401987",0.999,1,13,1,13,0.0157537190514164,40,0.0157537190514164,40
"2074.2","1405",0.999,0.95,40,0.944444444444444,36,0.107649576235428,40,0.0984397453686204,40
"2075.2","1406993",0.999,0.925,40,0.911764705882353,34,0.630383120502686,40,0.529242552737118,40
"2076.2","1407025",0.999,1,26,1,26,0.12555486169747,40,0.12555486169747,40
"2077.2","1407033",0.999,NA,0,NA,0,0,40,0,40
"2078.2","1407036",0.999,1,40,1,40,0.163227968819107,40,0.163227968819107,40
"2079.2","1407037",0.999,1,40,1,40,0.135650284485971,40,0.135650284485971,40
"2080.2","1407041",0.999,0.96969696969697,33,0.967741935483871,31,0.197816601720433,40,0.188401017304849,40
"2081.2","1407065",0.999,0.975,40,0.973684210526316,38,0.184697480605274,40,0.178907437315231,40
"2082.2","1407075",0.999,1,40,1,40,0.219191594335346,40,0.219191594335346,40
"2083.2","1407081",0.999,1,1,1,1,0.00384615384615385,40,0.00384615384615385,40
"2084.2","1407086",0.999,1,37,1,37,0.148434629955528,40,0.148434629955528,40
"2085.2","1407088",0.999,1,30,1,30,0.0623993402818446,40,0.0623993402818446,40
"2086.2","1407089",0.999,1,40,1,40,0.26083875597227,40,0.26083875597227,40
"2087.2","1407101",0.999,NA,0,NA,0,0,40,0,40
"2088.2","1407103",0.999,NA,0,NA,0,0,40,0,40
"2089.2","1407105",0.999,NA,0,NA,0,0,39,0,39
"2090.2","1407110",0.999,NA,0,NA,0,0,40,0,40
"2091.2","1407128",0.999,0.925,40,0.945945945945946,37,0.513446364857217,40,0.487912176823029,40
"2092.2","1407216",0.999,NA,0,NA,0,0,7,0,7
"2093.2","1407217",0.999,NA,0,NA,0,0,11,0,11
"2094.2","1407233",0.999,NA,0,NA,0,0,2,0,2
"2095.2","1407242",0.999,NA,0,NA,0,0,12,0,12
"2096.2","1407273",0.999,1,40,1,40,0.0957816313500977,40,0.0957816313500977,40
"2097.2","1407277",0.999,0.975,40,0.973684210526316,38,0.148015563365619,40,0.132911396698952,40
"2098.2","1407282",0.999,1,19,1,19,0.0337516069134232,40,0.0337516069134232,40
"2099.2","1407295",0.999,0.975,40,0.973684210526316,38,0.569828165920474,40,0.542149594491903,40
"2100.2","1407313",0.999,1,40,1,40,0.311779225633884,40,0.311779225633884,40
"2101.2","1407379",0.999,1,3,1,3,0.00361570847851336,40,0.00361570847851336,40
"2102.2","1407391",0.999,1,37,1,37,0.157938952724599,40,0.157938952724599,40
"2103.2","1407397",0.999,NA,0,NA,0,0,40,0,40
"2104.2","1407400",0.999,0.975,40,0.973684210526316,38,0.665828839040489,40,0.632475180503903,40
"2105.2","1407404",0.999,0.925,40,0.941176470588235,34,0.384364998046386,40,0.336693306043299,40
"2106.2","1407418",0.999,0.9,40,0.909090909090909,33,0.291782754248413,40,0.253946732743037,40
"2107.2","1407432",0.999,1,40,1,40,0.459517445701441,40,0.459517445701441,40
"2108.2","1407433",0.999,0.95,40,0.944444444444444,36,0.474360317464645,40,0.423646031750359,40
"2109.2","1407443",0.999,0.95,40,0.944444444444444,36,0.359271040638747,40,0.321413897781604,40
"2110.2","1407457",0.999,0.925,40,0.942857142857143,35,0.404207163014089,40,0.363511225140732,40
"2111.2","1407485",0.999,NA,0,NA,0,0,38,0,38
"2112.2","1407493",0.999,1,3,1,3,0.0102207977207977,40,0.0102207977207977,40
"2113.2","1407495",0.999,1,24,1,24,0.0672851384726385,40,0.0672851384726385,40
"2114.2","1407500",0.999,NA,0,NA,0,0,39,0,39
"2115.2","1407505",0.999,0.975,40,0.974358974358974,39,0.488397098868847,39,0.478140688612437,39
"2116.2","1407589",0.999,1,40,1,40,0.214541669234826,40,0.214541669234826,40
"2117.2","1407606",0.999,1,40,1,40,0.417856120297307,40,0.417856120297307,40
"2118.2","1407672",0.999,0.975,40,0.973684210526316,38,0.199094708963624,40,0.18465274467791,40
"2119.2","1407704",0.999,0.975,40,0.973684210526316,38,0.237463683834298,39,0.211212157582772,39
"2120.2","1407808",0.999,1,40,1,40,0.182189232989517,40,0.182189232989517,40
"2121.2","1407840",0.999,1,2,1,2,0.00328125,40,0.00328125,40
"2122.2","1407869",0.999,NA,0,NA,0,0,40,0,40
"2123.2","1407977",0.999,NA,0,NA,0,0,36,0,36
"2124.2","1408256",0.999,0.95,40,0.972222222222222,36,0.255662382170712,40,0.229366142689646,40
"2125.2","1408266",0.999,0.975,40,0.973684210526316,38,0.347100441834499,39,0.330388670203229,39
"2126.2","1408269",0.999,0.923076923076923,26,0.909090909090909,22,0.0425277668168706,38,0.0282794080764678,38
"2127.2","1408285",0.999,0.975,40,0.973684210526316,38,0.562815097536602,40,0.53231089585593,40
"2128.2","1408299",0.999,1,40,1,40,0.665996099561268,40,0.665996099561268,40
"2129.2","1408307",0.999,0.95,40,0.944444444444444,36,0.338856894215337,40,0.309552167951776,40
"2130.2","1408334",0.999,NA,0,NA,0,0,39,0,39
"2131.2","1410556",0.999,0.975,40,0.973684210526316,38,0.620386216466235,40,0.589176688251619,40
"2132.2","1417615",0.999,0.95,40,0.972972972972973,37,0.812977602108037,40,0.77221673254282,40
"2133.2","1419037",0.999,0.975,40,0.973684210526316,38,0.862448240165631,40,0.818486887508627,40
"2134.2","1429533",0.999,1,40,1,40,0.906434414927843,40,0.906434414927843,40
"2135.2","1430",0.999,1,40,1,40,0.427456808826853,40,0.427456808826853,40
"2136.2","1431388",0.999,1,40,1,40,0.618304787000439,40,0.618304787000439,40
"2137.2","1435846",0.999,1,40,1,40,0.614323671497584,40,0.614323671497584,40
"2138.2","1435847",0.999,1,40,1,40,0.876268115942029,40,0.876268115942029,40
"2139.2","1436707",0.999,1,40,1,40,0.497251003644532,40,0.497251003644532,40
"2140.2","1442",0.999,NA,0,NA,0,0,40,0,40
"2141.2","1444086",0.999,1,40,1,40,0.348669058585618,40,0.348669058585618,40
"2142.2","1446239",0.999,1,40,1,40,0.738475711711735,40,0.738475711711735,40
"2143.2","1446403",0.999,0.975,40,0.973684210526316,38,0.601344422485727,40,0.570909639877031,40
"2144.2","1446407",0.999,0.975,40,0.973684210526316,38,0.458054457619675,40,0.434684892402284,40
"2145.2","1456453",0.999,1,18,1,18,0.0593283490238255,40,0.0593283490238255,40
"2146.2","1456462",0.999,1,40,1,40,0.713890937943643,40,0.713890937943643,40
"2147.2","1456467",0.999,1,40,1,40,0.644963219148002,40,0.644963219148002,40
"2148.2","1456560",0.999,1,40,1,40,0.612490373448949,40,0.612490373448949,40
"2149.2","1456566",0.999,1,40,1,40,0.63386010728402,40,0.63386010728402,40
"2150.2","1456569",0.999,1,40,1,40,0.712378756509191,40,0.712378756509191,40
"2151.2","1457001",0.999,1,40,1,40,0.898281730346948,40,0.898281730346948,40
"2152.2","1457005",0.999,1,40,1,40,0.887607597716293,40,0.887607597716293,40
"2153.2","1457019",0.999,1,40,1,40,0.876751207729469,40,0.876751207729469,40
"2154.2","1459320",0.999,1,40,1,40,0.759710757728958,40,0.759710757728958,40
"2155.2","1459336",0.999,1,40,1,40,0.81629932646647,40,0.81629932646647,40
"2156.2","1459339",0.999,1,40,1,40,0.584334466517751,40,0.584334466517751,40
"2157.2","1459774",0.999,1,40,1,40,0.552089785237567,40,0.552089785237567,40
"2158.2","1459779",0.999,1,40,1,40,0.684971935153937,40,0.684971935153937,40
"2159.2","1459801",0.999,1,40,1,40,0.47728731413514,40,0.47728731413514,40
"2160.2","1459814",0.999,1,40,1,40,0.509030905618368,40,0.509030905618368,40
"2161.2","1459824",0.999,1,40,1,40,0.622811273941203,40,0.622811273941203,40
"2162.2","1462127",0.999,1,40,1,40,0.860747694334651,40,0.860747694334651,40
"2163.2","1466686",0.999,1,40,1,40,0.387396620643383,40,0.387396620643383,40
"2164.2","1466696",0.999,1,39,1,39,0.150153025333322,40,0.150153025333322,40
"2165.2","1471122",0.999,0.970588235294118,34,0.96969696969697,33,0.111414442583428,39,0.101158032327018,39
"2166.2","1471140",0.999,1,40,1,40,0.339936117182988,40,0.339936117182988,40
"2167.2","1471150",0.999,NA,0,NA,0,0,38,0,38
"2168.2","1471160",0.999,NA,0,NA,0,0,40,0,40
"2169.2","1471179",0.999,1,40,1,40,0.307819602828695,40,0.307819602828695,40
"2170.2","1471231",0.999,NA,0,NA,0,0,22,0,22
"2171.2","1471324",0.999,1,5,1,5,0.0228192365873525,33,0.0228192365873525,33
"2172.2","1471383",0.999,0.975,40,0.973684210526316,38,0.475556115238774,40,0.450908679341338,40
"2173.2","1471386",0.999,1,40,1,40,0.301044735524999,40,0.301044735524999,40
"2174.2","1471402",0.999,0.975,40,0.973684210526316,38,0.577598936974075,40,0.546184463289865,40
"2175.2","1471764",0.999,0.95,40,0.944444444444444,36,0.281271063854811,39,0.245480465564212,39
"2176.2","1471782",0.999,0.942857142857143,35,0.935483870967742,31,0.136312498436374,40,0.11719365431753,40
"2177.2","1471803",0.999,1,40,1,40,0.351719505739608,40,0.351719505739608,40
"2178.2","1471824",0.999,1,40,1,40,0.155648990707793,40,0.155648990707793,40
"2179.2","1471862",0.999,1,40,1,40,0.202027861007297,40,0.202027861007297,40
"2180.2","1471893",0.999,0.947368421052632,38,0.941176470588235,34,0.304586739540753,40,0.275712470534905,40
"2181.2","1471895",0.999,0.975,40,0.973684210526316,38,0.271215626575727,40,0.25908327363455,40
"2182.2","1471899",0.999,1,40,1,40,0.388869693305912,40,0.388869693305912,40
"2183.2","1471906",0.999,0.975,40,0.973684210526316,38,0.359432928572632,40,0.340057928572632,40
"2184.2","1471907",0.999,1,40,1,40,0.333002781933674,40,0.333002781933674,40
"2185.2","1471909",0.999,1,40,1,40,0.408526196908243,40,0.408526196908243,40
"2186.2","1471919",0.999,0.974358974358974,39,0.972972972972973,37,0.295912745586432,40,0.27629153346522,40
"2187.2","1471920",0.999,0.974358974358974,39,0.972972972972973,37,0.196581139615934,40,0.188774815505262,40
"2188.2","1471934",0.999,0.974358974358974,39,0.972972972972973,37,0.294695987800735,40,0.284160273515021,40
"2189.2","1471939",0.999,0.948717948717949,39,0.942857142857143,35,0.297344951912618,40,0.27429232033367,40
"2190.2","1471962",0.999,0.975,40,0.973684210526316,38,0.220327358896998,40,0.208103250238254,40
"2191.2","1471982",0.999,0.975,40,0.973684210526316,38,0.400146845537189,40,0.386423300563644,40
"2192.2","1471998",0.999,0.975,40,0.973684210526316,38,0.305141028011168,40,0.291954214824355,40
"2193.2","1472009",0.999,0.975,40,0.973684210526316,38,0.304113931988968,40,0.29312229519088,40
"2194.2","1472026",0.999,0.95,40,0.944444444444444,36,0.369074250802495,40,0.333616779160813,40
"2195.2","1472027",0.999,1,40,1,40,0.377245819715229,40,0.377245819715229,40
"2196.2","1472032",0.999,0.975,40,0.973684210526316,38,0.809395743145743,40,0.772173520923521,40
"2197.2","1472034",0.999,1,40,1,40,0.527324824801355,40,0.527324824801355,40
"2198.2","1472047",0.999,1,40,1,40,0.46502066736386,40,0.46502066736386,40
"2199.2","1472054",0.999,0.975,40,0.973684210526316,38,0.463024160619349,40,0.445047631458609,40
"2200.2","1472087",0.999,1,40,1,40,0.361127181309428,40,0.361127181309428,40
"2201.2","1472093",0.999,1,40,1,40,0.398770784535301,40,0.398770784535301,40
"2202.2","1472098",0.999,0.95,40,0.944444444444444,36,0.324475398822499,40,0.292944937413989,40
"2203.2","1472103",0.999,1,40,1,40,0.427059579260254,40,0.427059579260254,40
"2204.2","1472119",0.999,1,40,1,40,0.579536783649252,40,0.579536783649252,40
"2205.2","1472125",0.999,0.975,40,0.973684210526316,38,0.396394305277883,40,0.375524740060492,40
"2206.2","1472134",0.999,0.975,40,0.973684210526316,38,0.482793453347903,40,0.462100812655263,40
"2207.2","1472136",0.999,1,40,1,40,0.362305778111625,40,0.362305778111625,40
"2208.2","1472137",0.999,1,40,1,40,0.319699108381434,40,0.319699108381434,40
"2209.2","1472143",0.999,1,40,1,40,0.335901031098217,40,0.335901031098217,40
"2210.2","1472149",0.999,0.975,40,0.973684210526316,38,0.401341584077969,40,0.381665658152043,40
"2211.2","1472166",0.999,1,40,1,40,0.443226218026594,40,0.443226218026594,40
"2212.2","1472169",0.999,0.975,40,0.973684210526316,38,0.412213567196664,40,0.394954307937404,40
"2213.2","1472178",0.999,1,40,1,40,0.384641325891464,40,0.384641325891464,40
"2214.2","1472179",0.999,1,40,1,40,0.331020850743917,40,0.331020850743917,40
"2215.2","1473161",0.999,1,40,1,40,0.632185990338164,40,0.632185990338164,40
"2216.2","1474241",0.999,1,40,1,40,0.637649319279754,40,0.637649319279754,40
"2217.2","1474254",0.999,1,40,1,40,0.329549403605787,40,0.329549403605787,40
"2218.2","1474261",0.999,0.975,40,0.973684210526316,38,0.369886756297601,40,0.355453616762718,40
"2219.2","1474263",0.999,0.975,40,0.973684210526316,38,0.457747964669708,40,0.434350528772273,40
"2220.2","1474436",0.999,0.974358974358974,39,0.972972972972973,37,0.342200554060574,39,0.325342558941709,39
"2221.2","1474447",0.999,NA,0,NA,0,0,32,0,32
"2222.2","1474454",0.999,NA,0,NA,0,0,36,0,36
"2223.2","1474572",0.999,1,40,1,40,0.535224794213644,40,0.535224794213644,40
"2224.2","1474573",0.999,1,40,1,40,0.611853288844338,40,0.611853288844338,40
"2225.2","1474831",0.999,0.967741935483871,31,0.96551724137931,29,0.120658433880882,38,0.104284164875034,38
"2226.2","1474836",0.999,0.975,40,0.975,40,0.442105097614605,40,0.442105097614605,40
"2227.2","1474839",0.999,1,40,1,40,0.394203192223544,40,0.394203192223544,40
"2228.2","1474858",0.999,0.975,40,0.973684210526316,38,0.54668366347483,40,0.52168366347483,40
"2229.2","1474911",0.999,1,40,1,40,0.626833693082537,40,0.626833693082537,40
"2230.2","1474918",0.999,NA,0,NA,0,0,36,0,36
"2231.2","1474929",0.999,NA,0,NA,0,0,40,0,40
"2232.2","1474980",0.999,NA,0,NA,0,0,39,0,39
"2233.2","1474981",0.999,NA,0,NA,0,0,40,0,40
"2234.2","1474985",0.999,NA,0,NA,0,0,38,0,38
"2235.2","1475019",0.999,0.975,40,0.973684210526316,38,0.454591371135726,40,0.431802909597264,40
"2236.2","1475020",0.999,1,40,1,40,0.337606123797412,40,0.337606123797412,40
"2237.2","1475036",0.999,1,38,1,38,0.0887699064763727,40,0.0887699064763727,40
"2238.2","1475064",0.999,0.95,40,0.944444444444444,36,0.219824444928977,39,0.189679007928701,39
"2239.2","1475159",0.999,0.925,40,0.941176470588235,34,0.307604394934712,39,0.236892263928463,39
"2240.2","1475183",0.999,1,3,1,3,0.00259357500736811,39,0.00259357500736811,39
"2241.2","1475204",0.999,0.975,40,0.973684210526316,38,0.912372802960222,40,0.865598982423682,40
"2242.2","1475224",0.999,0.975,40,0.973684210526316,38,0.362216946480763,40,0.341502660766477,40
"2243.2","1475248",0.999,0.975,40,0.973684210526316,38,0.110736522000791,39,0.10890502016929,39
"2244.2","1475250",0.999,NA,0,NA,0,0,39,0,39
"2245.2","1475268",0.999,NA,0,NA,0,0,34,0,34
"2246.2","1475272",0.999,NA,0,NA,0,0,39,0,39
"2247.2","1475274",0.999,NA,0,NA,0,0,34,0,34
"2248.2","1476044",0.999,1,2,1,2,0.0175595238095238,40,0.0175595238095238,40
"2249.2","1476062",0.999,0.95,40,0.944444444444444,36,0.296887336038224,40,0.27122674240888,40
"2250.2","1476113",0.999,1,40,1,40,0.395451743637464,40,0.395451743637464,40
"2251.2","1476117",0.999,1,40,1,40,0.405940759186908,40,0.405940759186908,40
"2252.2","1476124",0.999,0.975,40,0.973684210526316,38,0.116579861842827,39,0.105250106327025,39
"2253.2","1476147",0.999,0.975,40,0.973684210526316,38,0.310833521947052,40,0.278126755029758,40
"2254.2","1476488",0.999,1,40,1,40,0.606508097915454,40,0.606508097915454,40
"2255.2","1476491",0.999,1,40,1,40,0.904639736869154,40,0.904639736869154,40
"2256.2","1476503",0.999,NA,0,NA,0,NA,0,NA,0
"2257.2","1476505",0.999,1,40,1,40,0.673479294917216,40,0.673479294917216,40
"2258.2","1476520",0.999,1,40,1,40,0.66856222795027,40,0.66856222795027,40
"2259.2","1476522",0.999,1,40,1,40,0.666277807717153,40,0.666277807717153,40
"2260.2","1476528",0.999,1,40,1,40,0.653617134117566,40,0.653617134117566,40
"2261.2","1476551",0.999,0.95,40,0.972222222222222,36,0.511662906067514,40,0.485710966224445,40
"2262.2","1481",0.999,0.975,40,0.973684210526316,38,0.175645227145235,39,0.167989219489227,39
"2263.2","1481041",0.999,1,40,1,40,0.315439638204025,40,0.315439638204025,40
"2264.2","1481058",0.999,0.975,40,0.973684210526316,38,0.240328649221602,40,0.225773181086275,40
"2265.2","1481071",0.999,0.925,40,0.911764705882353,34,0.234854798729479,39,0.194016552008879,39
"2266.2","1494",0.999,NA,0,NA,0,0,39,0,39
"2267.2","1504",0.999,0.80952380952381,21,0.866666666666667,15,0.139767891634878,36,0.0938814461304355,36
"2268.2","1506",0.999,NA,0,NA,0,0,37,0,37
"2269.2","1512",0.999,NA,0,NA,0,0,38,0,38
"2270.2","1535",0.999,0.975,40,0.973684210526316,38,0.156970292935564,40,0.148433707569711,40
"2271.2","1537801",0.999,1,40,1,40,0.385704255876906,40,0.385704255876906,40
"2272.2","1537809",0.999,0.925,40,0.941176470588235,34,0.475367621183948,40,0.418140820207147,40
"2273.2","1537834",0.999,1,7,1,7,0.0119426442503366,39,0.0119426442503366,39
"2274.2","1537879",0.999,1,40,1,40,0.407715062474237,40,0.407715062474237,40
"2275.2","1537883",0.999,1,40,1,40,0.313244361861622,40,0.313244361861622,40
"2276.2","1537891",0.999,1,40,1,40,0.288950257472024,40,0.288950257472024,40
"2277.2","1537928",0.999,NA,0,NA,0,0,3,0,3
"2278.2","1537929",0.999,NA,0,NA,0,0,11,0,11
"2279.2","1537936",0.999,1,40,1,40,0.539441507100859,40,0.539441507100859,40
"2280.2","1537941",0.999,NA,0,NA,0,0,9,0,9
"2281.2","1537946",0.999,NA,0,NA,0,NA,0,NA,0
"2282.2","1537947",0.999,0.975,40,0.973684210526316,38,0.519063318869734,40,0.492548167354582,40
"2283.2","1537952",0.999,0.95,40,0.972972972972973,37,0.627825788724937,40,0.59781156397387,40
"2284.2","1537961",0.999,NA,0,NA,0,0,39,0,39
"2285.2","1537962",0.999,NA,0,NA,0,0,39,0,39
"2286.2","1537983",0.999,0.85,40,0.827586206896552,29,0.260867510082742,38,0.186350319929941,38
"2287.2","1537999",0.999,1,40,1,40,0.603353376503238,40,0.603353376503238,40
"2288.2","1538003",0.999,1,40,1,40,0.601746068455134,40,0.601746068455134,40
"2289.2","1538296",0.999,0.975,40,0.973684210526316,38,0.464669650251602,40,0.440414907704177,40
"2290.2","1538676",0.999,0.975,40,0.973684210526316,38,0.197248256476797,40,0.19224512952245,40
"2291.2","1539498",0.999,0.975,40,0.973684210526316,38,0.308536775363469,40,0.288536775363469,40
"2292.2","1539766",0.999,1,40,1,40,0.666961379413425,40,0.666961379413425,40
"2293.2","1539817",0.999,1,40,1,40,0.335581274532505,40,0.335581274532505,40
"2294.2","1539962",0.999,0.95,40,0.944444444444444,36,0.576839001775335,40,0.521682529513599,40
"2295.2","1545603",0.999,0.975,40,0.973684210526316,38,0.465953132515633,40,0.444632786195286,40
"2296.2","1545610",0.999,0.975,40,0.973684210526316,38,0.341523820430486,40,0.326135562854728,40
"2297.2","1545614",0.999,0.925,40,0.941176470588235,34,0.28279290983434,40,0.239490635483304,40
"2298.2","1545730",0.999,0.975,40,0.973684210526316,38,0.149972764639089,39,0.136238133257399,39
"2299.2","1545746",0.999,0.975,40,0.973684210526316,38,0.227097232066829,39,0.215171173629142,39
"2300.2","1545747",0.999,0.974358974358974,39,0.972972972972973,37,0.153124444638225,39,0.149690378704159,39
"2301.2","1545826",0.999,0.9,40,0.878787878787879,33,0.232224924448596,40,0.177270030110478,40
"2302.2","1545833",0.999,0.975,40,0.973684210526316,38,0.570735160974416,39,0.54734594335443,39
"2303.2","1545854",0.999,0.95,40,0.973684210526316,38,0.423283458959768,40,0.419533458959768,40
"2304.2","1545861",0.999,0.925,40,0.916666666666667,36,0.320289454832802,40,0.283534414510221,40
"2305.2","1545862",0.999,0.925,40,0.941176470588235,34,0.414911348025206,40,0.346463003694805,40
"2306.2","1545863",0.999,0.95,40,0.944444444444444,36,0.434470784591752,39,0.372140198511166,39
"2307.2","1545875",0.999,0.909090909090909,11,0.888888888888889,9,0.0202420651676098,38,0.0153023903992936,38
"2308.2","1545881",0.999,0.925,40,0.942857142857143,35,0.37658262560162,40,0.337521946697191,40
"2309.2","1545899",0.999,0.9,40,0.90625,32,0.355032155286778,40,0.280055829529203,40
"2310.2","1545959",0.999,1,40,1,40,0.599798974023376,40,0.599798974023376,40
"2311.2","1545979",0.999,1,40,1,40,0.692426301154562,40,0.692426301154562,40
"2312.2","1545980",0.999,0.975,40,0.973684210526316,38,0.582853093423746,40,0.555075315645968,40
"2313.2","1545986",0.999,NA,0,NA,0,0,39,0,39
"2314.2","1545990",0.999,NA,0,NA,0,0,14,0,14
"2315.2","1545995",0.999,NA,0,NA,0,0,40,0,40
"2316.2","1546013",0.999,1,40,1,40,0.148135962266436,40,0.148135962266436,40
"2317.2","1546015",0.999,1,40,1,40,0.196655304541365,40,0.196655304541365,40
"2318.2","1546027",0.999,1,35,1,35,0.122154780414423,40,0.122154780414423,40
"2319.2","1546028",0.999,1,39,1,39,0.105720251851226,40,0.105720251851226,40
"2320.2","1546032",0.999,1,37,1,37,0.116793716934103,40,0.116793716934103,40
"2321.2","1546035",0.999,0.974358974358974,39,0.972972972972973,37,0.28885653567447,40,0.27585653567447,40
"2322.2","1546045",0.999,1,35,1,35,0.0882562298928036,40,0.0882562298928036,40
"2323.2","1546057",0.999,1,31,1,31,0.0472716833853488,40,0.0472716833853488,40
"2324.2","1546062",0.999,1,1,1,1,0.00121212121212121,33,0.00121212121212121,33
"2325.2","1546067",0.999,1,4,1,4,0.0395879482836005,33,0.0395879482836005,33
"2326.2","1546075",0.999,1,4,1,4,0.0137855118092272,33,0.0137855118092272,33
"2327.2","1546079",0.999,0.975,40,0.973684210526316,38,0.392152281115565,40,0.367975165128104,40
"2328.2","1546095",0.999,NA,0,NA,0,0,40,0,40
"2329.2","1546103",0.999,1,40,1,40,0.420278319212739,40,0.420278319212739,40
"2330.2","1546105",0.999,1,7,1,7,0.0153151709401709,40,0.0153151709401709,40
"2331.2","1546107",0.999,1,5,1,5,0.00623710131332083,40,0.00623710131332083,40
"2332.2","1546108",0.999,1,8,1,8,0.0140945512820513,40,0.0140945512820513,40
"2333.2","1546116",0.999,1,7,1,7,0.0173940677200064,40,0.0173940677200064,40
"2334.2","1546119",0.999,1,8,1,8,0.0118492026266417,40,0.0118492026266417,40
"2335.2","1546161",0.999,1,4,1,4,0.0115178571428571,40,0.0115178571428571,40
"2336.2","1546182",0.999,1,7,1,7,0.0137668073796123,40,0.0137668073796123,40
"2337.2","1546209",0.999,1,14,1,14,0.019981700564514,40,0.019981700564514,40
"2338.2","1546215",0.999,1,40,1,40,0.109378559859629,40,0.109378559859629,40
"2339.2","1546228",0.999,1,40,1,40,0.115443087589287,40,0.115443087589287,40
"2340.2","1546236",0.999,1,40,1,40,0.138917356571052,40,0.138917356571052,40
"2341.2","1546246",0.999,1,40,1,40,0.124784579619744,40,0.124784579619744,40
"2342.2","1546247",0.999,1,31,1,31,0.0721910466904795,40,0.0721910466904795,40
"2343.2","1546249",0.999,1,39,1,39,0.106145347817798,40,0.106145347817798,40
"2344.2","1546253",0.999,1,37,1,37,0.0851733741658586,40,0.0851733741658586,40
"2345.2","1546263",0.999,1,18,1,18,0.0350665693106511,40,0.0350665693106511,40
"2346.2","1546268",0.999,1,40,1,40,0.190581906898252,40,0.190581906898252,40
"2347.2","1546275",0.999,1,28,1,28,0.0935898766256143,40,0.0935898766256143,40
"2348.2","1546281",0.999,1,40,1,40,0.197360516681277,40,0.197360516681277,40
"2349.2","1546294",0.999,1,22,1,22,0.0593813305242687,40,0.0593813305242687,40
"2350.2","1546348",0.999,0.975,40,0.973684210526316,38,0.368403442429506,39,0.345741659767724,39
"2351.2","1546359",0.999,1,40,1,40,0.345172764620142,40,0.345172764620142,40
"2352.2","1546367",0.999,1,40,1,40,0.23566466872763,40,0.23566466872763,40
"2353.2","1546368",0.999,1,40,1,40,0.161832199023283,40,0.161832199023283,40
"2354.2","1546374",0.999,1,40,1,40,0.299869737296367,40,0.299869737296367,40
"2355.2","1546393",0.999,1,37,1,37,0.116183261738311,40,0.116183261738311,40
"2356.2","1546398",0.999,0.95,20,0.944444444444444,18,0.0322121418372795,39,0.027209014882933,39
"2357.2","1546407",0.999,0.9,10,0.875,8,0.00829651256007845,36,0.00515397608420864,36
"2358.2","1546411",0.999,1,15,1,15,0.0265189180737961,40,0.0265189180737961,40
"2359.2","1546418",0.999,1,7,1,7,0.0128159340659341,40,0.0128159340659341,40
"2360.2","1546424",0.999,1,20,1,20,0.0444990276314723,40,0.0444990276314723,40
"2361.2","1546434",0.999,1,22,1,22,0.0680928071739189,40,0.0680928071739189,40
"2362.2","1546440",0.999,1,22,1,22,0.0622603412847315,40,0.0622603412847315,40
"2363.2","1546460",0.999,NA,0,NA,0,0,39,0,39
"2364.2","1546463",0.999,NA,0,NA,0,0,39,0,39
"2365.2","1546496",0.999,1,21,1,21,0.046826403149307,40,0.046826403149307,40
"2366.2","1546508",0.999,1,39,1,39,0.141889149911756,40,0.141889149911756,40
"2367.2","1546510",0.999,1,40,1,40,0.166897669120443,40,0.166897669120443,40
"2368.2","1546534",0.999,1,10,1,10,0.0169391025641026,40,0.0169391025641026,40
"2369.2","1546538",0.999,1,13,1,13,0.0287707160725453,40,0.0287707160725453,40
"2370.2","1546564",0.999,1,12,1,12,0.0172132719922354,40,0.0172132719922354,40
"2371.2","1546569",0.999,1,39,1,39,0.13807665203014,40,0.13807665203014,40
"2372.2","1546575",0.999,1,17,1,17,0.0456570052974285,40,0.0456570052974285,40
"2373.2","1546600",0.999,1,24,1,24,0.0484485995192178,40,0.0484485995192178,40
"2374.2","1546645",0.999,0.975,40,0.973684210526316,38,0.125601515712649,39,0.119150115166255,39
"2375.2","1546666",0.999,0.925,40,0.911764705882353,34,0.509464576550693,39,0.406754786340902,39
"2376.2","1546686",0.999,1,40,1,40,0.186927941315385,40,0.186927941315385,40
"2377.2","1546725",0.999,0.974358974358974,39,0.972972972972973,37,0.199960921604977,39,0.18954425493831,39
"2378.2","1546744",0.999,NA,0,NA,0,0,34,0,34
"2379.2","1546746",0.999,0.975,40,0.973684210526316,38,0.411775017315596,39,0.373611630315,39
"2380.2","1546769",0.999,0.925,40,0.911764705882353,34,0.35040143008024,39,0.295980045013694,39
"2381.2","1546770",0.999,0.9,40,0.909090909090909,33,0.469998088200905,39,0.394984760815661,39
"2382.2","1546777",0.999,0.95,40,0.944444444444444,36,0.241850137022895,40,0.202139573196478,40
"2383.2","1546829",0.999,1,4,1,4,0.029040404040404,39,0.029040404040404,39
"2384.2","1546852",0.999,NA,0,NA,0,0,39,0,39
"2385.2","1546862",0.999,0.5,2,0.5,2,0.00175438596491228,38,0.00175438596491228,38
"2386.2","1546871",0.999,NA,0,NA,0,0,37,0,37
"2387.2","1546878",0.999,1,2,1,2,0.0018455955955956,37,0.0018455955955956,37
"2388.2","1546879",0.999,1,38,1,38,0.227314779159846,40,0.227314779159846,40
"2389.2","1546912",0.999,0.925,40,0.972222222222222,36,0.259796406547294,40,0.250425851782002,40
"2390.2","1546943",0.999,NA,0,NA,0,0,38,0,38
"2391.2","1546960",0.999,NA,0,NA,0,0,37,0,37
"2392.2","1546971",0.999,NA,0,NA,0,0,39,0,39
"2393.2","1547014",0.999,0.846153846153846,13,0.8,10,0.0128154120860071,38,0.00880325100147755,38
"2394.2","1547016",0.999,0.941176470588235,17,0.941176470588235,17,0.0259084434719945,36,0.0259084434719945,36
"2395.2","1547031",0.999,NA,0,NA,0,0,40,0,40
"2396.2","1547039",0.999,NA,0,NA,0,0,40,0,40
"2397.2","1547063",0.999,1,2,1,2,0.0149305555555556,40,0.0149305555555556,40
"2398.2","1547075",0.999,1,22,1,22,0.0625796002678926,40,0.0625796002678926,40
"2399.2","1547094",0.999,0.967741935483871,31,0.96551724137931,29,0.114431297537455,40,0.107705107061265,40
"2400.2","1547099",0.999,0.925,40,0.942857142857143,35,0.230105356808084,39,0.206008949701764,39
"2401.2","1547112",0.999,1,1,1,1,0.00367647058823529,34,0.00367647058823529,34
"2402.2","1547126",0.999,NA,0,NA,0,0,15,0,15
"2403.2","1547146",0.999,0.95,40,0.944444444444444,36,0.240523273497619,40,0.216177343265061,40
"2404.2","1547149",0.999,NA,0,NA,0,0,35,0,35
"2405.2","1547202",0.999,1,5,1,5,0.00601686789313927,38,0.00601686789313927,38
"2406.2","1547229",0.999,0.944444444444444,36,0.96875,32,0.214218378256583,39,0.193508801095393,39
"2407.2","1547236",0.999,NA,0,NA,0,0,24,0,24
"2408.2","1547243",0.999,0.975,40,0.973684210526316,38,0.236327272765445,40,0.225278015005661,40
"2409.2","1547245",0.999,0.96551724137931,29,0.962962962962963,27,0.119559066090615,40,0.109953154760565,40
"2410.2","1547259",0.999,NA,0,NA,0,0,37,0,37
"2411.2","1547262",0.999,0.875,8,0.875,8,0.0124624395212631,35,0.0124624395212631,35
"2412.2","1547273",0.999,0.933333333333333,15,0.923076923076923,13,0.0369619795687158,37,0.0295324721392084,37
"2413.2","1547321",0.999,NA,0,NA,0,0,38,0,38
"2414.2","1547361",0.999,NA,0,NA,0,0,36,0,36
"2415.2","1547367",0.999,0.5,2,0.5,2,0.00789473684210526,38,0.00789473684210526,38
"2416.2","1547380",0.999,1,8,1,8,0.0349810332795626,38,0.0349810332795626,38
"2417.2","1547414",0.999,NA,0,NA,0,0,37,0,37
"2418.2","1547417",0.999,1,1,1,1,0.00246710526315789,38,0.00246710526315789,38
"2419.2","1547442",0.999,1,40,1,40,0.275145473325954,40,0.275145473325954,40
"2420.2","1547453",0.999,NA,0,NA,0,0,40,0,40
"2421.2","1547459",0.999,1,8,1,8,0.00795910499400488,40,0.00795910499400488,40
"2422.2","1547473",0.999,1,29,1,29,0.0922224838372294,40,0.0922224838372294,40
"2423.2","1547489",0.999,NA,0,NA,0,0,40,0,40
"2424.2","1547492",0.999,1,36,1,36,0.100914974986583,40,0.100914974986583,40
"2425.2","1547496",0.999,0.954545454545455,22,0.95,20,0.0669840831906628,40,0.0588423207385555,40
"2426.2","1547501",0.999,NA,0,NA,0,0,39,0,39
"2427.2","1547508",0.999,0.944444444444444,18,0.9375,16,0.0411430291719666,39,0.039589027617965,39
"2428.2","1547546",0.999,0.974358974358974,39,0.972972972972973,37,0.125351151017297,40,0.1229966536628,40
"2429.2","1547568",0.999,1,19,1,19,0.0430255613951266,40,0.0430255613951266,40
"2430.2","1547577",0.999,0.95,40,0.944444444444444,36,0.263268977174257,39,0.238692326444971,39
"2431.2","1547598",0.999,1,1,1,1,0.000777000777000777,39,0.000777000777000777,39
"2432.2","1547615",0.999,0.9375,32,0.928571428571429,28,0.0707883482265673,39,0.0657336700261091,39
"2433.2","1547630",0.999,0.975,40,0.973684210526316,38,0.165215683918127,40,0.157849612489556,40
"2434.2","1547632",0.999,1,8,1,8,0.0256646324354658,36,0.0256646324354658,36
"2435.2","1547638",0.999,0.5,2,0,1,0.00117508813160987,37,0,37
"2436.2","1547651",0.999,1,3,1,3,0.00456912878787879,40,0.00456912878787879,40
"2437.2","1547653",0.999,0.970588235294118,34,0.96875,32,0.12727787207139,40,0.122896217689736,40
"2438.2","1547659",0.999,NA,0,NA,0,0,39,0,39
"2439.2","1547669",0.999,0.975,40,0.973684210526316,38,0.31831038316925,40,0.30266998908058,40
"2440.2","1547670",0.999,NA,0,NA,0,0,39,0,39
"2441.2","1547681",0.999,1,2,1,2,0.00153114858997212,39,0.00153114858997212,39
"2442.2","1547693",0.999,1,1,1,1,0.000986193293885602,39,0.000986193293885602,39
"2443.2","1547745",0.999,1,2,1,2,0.00207570207570208,39,0.00207570207570208,39
"2444.2","1547764",0.999,NA,0,NA,0,NA,0,NA,0
"2445.2","1547772",0.999,1,8,1,8,0.0165735314324926,40,0.0165735314324926,40
"2446.2","1547778",0.999,0.96969696969697,33,0.967741935483871,31,0.0343476054511743,39,0.0315205180087023,39
"2447.2","1547779",0.999,0.95,40,0.944444444444444,36,0.243377317729513,39,0.215934402686281,39
"2448.2","1547781",0.999,NA,0,NA,0,0,36,0,36
"2449.2","1547802",0.999,NA,0,NA,0,0,40,0,40
"2450.2","1547840",0.999,0.975,40,0.973684210526316,38,0.268818088704129,40,0.250782374418414,40
"2451.2","1547851",0.999,NA,0,NA,0,0,38,0,38
"2452.2","1547862",0.999,0.975,40,0.973684210526316,38,0.300887498508648,40,0.283815426436576,40
"2453.2","1547876",0.999,0.921052631578947,38,0.9375,32,0.212814885529125,40,0.168830405097276,40
"2454.2","1547898",0.999,1,40,1,40,0.309616518134804,40,0.309616518134804,40
"2455.2","1547911",0.999,0.75,4,0.666666666666667,3,0.0209394453876627,38,0.0200905489530277,38
"2456.2","1547924",0.999,1,11,1,11,0.0176969246248945,39,0.0176969246248945,39
"2457.2","1547932",0.999,NA,0,NA,0,0,40,0,40
"2458.2","1547941",0.999,1,3,1,3,0.0034264210734799,36,0.0034264210734799,36
"2459.2","1547946",0.999,NA,0,NA,0,0,40,0,40
"2460.2","1547957",0.999,NA,0,NA,0,0,30,0,30
"2461.2","1547980",0.999,NA,0,NA,0,0,37,0,37
"2462.2","1547985",0.999,0.974358974358974,39,0.972972972972973,37,0.123157673152856,40,0.120118457466581,40
"2463.2","1547989",0.999,NA,0,NA,0,0,39,0,39
"2464.2","1547992",0.999,NA,0,NA,0,0,38,0,38
"2465.2","1547997",0.999,1,3,1,3,0.0155610155610156,37,0.0155610155610156,37
"2466.2","1548000",0.999,NA,0,NA,0,0,18,0,18
"2467.2","1548003",0.999,NA,0,NA,0,0,22,0,22
"2468.2","1548036",0.999,0.833333333333333,6,0.75,4,0.00786250786250786,39,0.00460650460650461,39
"2469.2","1548095",0.999,NA,0,NA,0,0,39,0,39
"2470.2","1548138",0.999,NA,0,NA,0,0,40,0,40
"2471.2","1548149",0.999,1,35,1,35,0.110138382389148,40,0.110138382389148,40
"2472.2","1548170",0.999,0.975,40,0.973684210526316,38,0.462985881003923,40,0.442843278508379,40
"2473.2","1548177",0.999,0.95,40,0.972222222222222,36,0.443874044302472,40,0.4074454728739,40
"2474.2","1548180",0.999,0.9,40,0.909090909090909,33,0.316875116392041,40,0.266293736987132,40
"2475.2","1548214",0.999,0.925,40,0.911764705882353,34,0.378092578709004,39,0.309673371232511,39
"2476.2","1548218",0.999,1,40,1,40,0.212181790890661,40,0.212181790890661,40
"2477.2","1548239",0.999,0.85,40,0.862068965517241,29,0.496446844263655,40,0.359789502164502,40
"2478.2","1548256",0.999,0.95,40,0.944444444444444,36,0.231153225548154,39,0.209178672323601,39
"2479.2","1548259",0.999,0.95,40,0.944444444444444,36,0.510293503677999,39,0.453543309427805,39
"2480.2","1548300",0.999,NA,0,NA,0,0,39,0,39
"2481.2","1548302",0.999,1,40,1,40,0.526666616375972,40,0.526666616375972,40
"2482.2","1553033",0.999,1,40,1,40,0.943478260869565,40,0.943478260869565,40
"2483.2","1553045",0.999,1,40,1,40,0.61464135796795,40,0.61464135796795,40
"2484.2","1553087",0.999,0.975,40,0.973684210526316,38,0.550796601080182,40,0.529001729285311,40
"2485.2","1553096",0.999,0.975,40,0.973684210526316,38,0.401046064250273,40,0.380301383399209,40
"2486.2","1553107",0.999,NA,0,NA,0,0,38,0,38
"2487.2","1553111",0.999,NA,0,NA,0,0,39,0,39
"2488.2","1553112",0.999,NA,0,NA,0,0,37,0,37
"2489.2","1553113",0.999,NA,0,NA,0,0,36,0,36
"2490.2","1553119",0.999,0.95,40,0.944444444444444,36,0.520780235869489,40,0.464958906412637,40
"2491.2","1553121",0.999,0.975,40,0.973684210526316,38,0.361541551617003,40,0.34239261544679,40
"2492.2","1553122",0.999,0.95,40,0.944444444444444,36,0.275246538331645,40,0.23934988179669,40
"2493.2","1553144",0.999,0.947368421052632,38,0.941176470588235,34,0.238935789121273,40,0.21727658959917,40
"2494.2","1553150",0.999,1,40,1,40,0.345406597213063,40,0.345406597213063,40
"2495.2","1553176",0.999,0.95,40,0.944444444444444,36,0.154932732171935,39,0.133632193630017,39
"2496.2","1553196",0.999,0.9,40,0.939393939393939,33,0.353617391027196,38,0.303005478180563,38
"2497.2","1553316",0.999,0.975,40,0.973684210526316,38,0.550038860434978,40,0.522657908054026,40
"2498.2","1553436",0.999,1,40,1,40,0.217901047245045,40,0.217901047245045,40
"2499.2","1553440",0.999,1,4,1,4,0.00650397840295538,40,0.00650397840295538,40
"2500.2","1553443",0.999,NA,0,NA,0,0,37,0,37
"2501.2","1553504",0.999,1,40,1,40,0.552274976059363,40,0.552274976059363,40
"2502.2","1554472",0.999,1,40,1,40,0.555712929948734,40,0.555712929948734,40
"2503.2","1555179",0.999,0.9,40,0.882352941176471,34,0.144359511173864,38,0.10946248600224,38
"2504.2","1555183",0.999,0.939393939393939,33,0.931034482758621,29,0.0827831149337233,39,0.0719175030042816,39
"2505.2","1555228",0.999,NA,0,NA,0,0,39,0,39
"2506.2","1555275",0.999,1,31,1,31,0.102549818505292,40,0.102549818505292,40
"2507.2","1555526",0.999,1,40,1,40,0.202893450914742,40,0.202893450914742,40
"2508.2","1556444",0.999,1,40,1,40,0.91889351423579,40,0.91889351423579,40
"2509.2","1556451",0.999,NA,0,NA,0,0,40,0,40
"2510.2","1556552",0.999,1,40,1,40,0.236323774705825,40,0.236323774705825,40
"2511.2","1556869",0.999,1,40,1,40,0.434978017413683,40,0.434978017413683,40
"2512.2","1556907",0.999,1,40,1,40,0.579604940445301,40,0.579604940445301,40
"2513.2","1556958",0.999,1,40,1,40,0.656381544047626,40,0.656381544047626,40
"2514.2","1557006",0.999,0.956521739130435,23,0.952380952380952,21,0.184219252969253,40,0.150191475191475,40
"2515.2","1557052",0.999,0.95,40,0.944444444444444,36,0.668962047153536,40,0.597153536515239,40
"2516.2","1557077",0.999,1,40,1,40,0.264308173026883,40,0.264308173026883,40
"2517.2","1557088",0.999,0.975,40,0.974358974358974,39,0.328698874078367,40,0.323293468672962,40
"2518.2","1557096",0.999,1,40,1,40,0.535764658875704,40,0.535764658875704,40
"2519.2","1557109",0.999,0.975,40,0.973684210526316,38,0.45799603242594,40,0.436044812913745,40
"2520.2","1557112",0.999,0.925,40,0.911764705882353,34,0.554918872259343,40,0.465625714811761,40
"2521.2","1557121",0.999,1,37,1,37,0.231495828625401,40,0.231495828625401,40
"2522.2","1557136",0.999,0.975,40,0.973684210526316,38,0.174062655900377,40,0.16327739949012,40
"2523.2","1557159",0.999,1,40,1,40,0.363240790708817,40,0.363240790708817,40
"2524.2","1557160",0.999,1,40,1,40,0.354428734571648,40,0.354428734571648,40
"2525.2","1557207",0.999,0.95,40,0.972972972972973,37,0.594083503623413,40,0.564797789337699,40
"2526.2","1557253",0.999,1,40,1,40,0.723281683626272,40,0.723281683626272,40
"2527.2","1557271",0.999,0.9,40,0.914285714285714,35,0.505672338265099,38,0.452065347816004,38
"2528.2","1557279",0.999,0.857142857142857,21,0.947368421052632,19,0.0953751453309076,18,0.0953751453309076,18
"2529.2","1557283",0.999,0.857142857142857,21,0.947368421052632,19,0.220657051986692,19,0.220657051986692,19
"2530.2","1558769",0.999,0.925,40,0.941176470588235,34,0.198134191829936,40,0.159980069966136,40
"2531.2","1558773",0.999,0.925,40,0.911764705882353,34,0.350253508309259,40,0.279750862806613,40
"2532.2","1558792",0.999,0.875,40,0.866666666666667,30,0.374535252548836,39,0.27045382554853,39
"2533.2","1558794",0.999,0.925,40,0.916666666666667,36,0.463462054387265,40,0.423924239261215,40
"2534.2","1558810",0.999,0.925,40,0.911764705882353,34,0.520761430435337,38,0.436974548457666,38
"2535.2","1558812",0.999,0.9,40,0.875,32,0.250046678849515,39,0.194985839305917,39
"2536.2","1558875",0.999,0.923076923076923,39,0.939393939393939,33,0.139910906605097,39,0.122654954097904,39
"2537.2","1558952",0.999,1,40,1,40,0.715334217039758,40,0.715334217039758,40
"2538.2","1558959",0.999,0.95,40,0.944444444444444,36,0.415133712940594,39,0.367630991067163,39
"2539.2","1558961",0.999,0.96551724137931,29,0.962962962962963,27,0.0847853056496919,39,0.074878545742932,39
"2540.2","1558963",0.999,0.972972972972973,37,0.971428571428571,35,0.118437694985291,39,0.104762481310077,39
"2541.2","1558973",0.999,0.975,40,0.973684210526316,38,0.315742672560437,40,0.294003542125654,40
"2542.2","1558978",0.999,0.975,40,0.973684210526316,38,0.367358835314225,40,0.344882619669405,40
"2543.2","1558982",0.999,1,40,1,40,0.878341859856661,40,0.878341859856661,40
"2544.2","1558998",0.999,NA,0,NA,0,0,40,0,40
"2545.2","1559003",0.999,NA,0,NA,0,0,40,0,40
"2546.2","1559089",0.999,0.974358974358974,39,0.972972972972973,37,0.0758950331436081,40,0.0722852770460471,40
"2547.2","1559092",0.999,0.975,40,0.973684210526316,38,0.12159105358951,39,0.118508025506482,39
"2548.2","1559107",0.999,0.95,40,0.972222222222222,36,0.604691439270833,40,0.550405724985118,40
"2549.2","1559108",0.999,0.95,40,0.944444444444444,36,0.368508781046072,39,0.32719316129908,39
"2550.2","1559109",0.999,1,40,1,40,0.178050168746727,40,0.178050168746727,40
"2551.2","1559127",0.999,0.95,40,0.944444444444444,36,0.294504438431344,39,0.251643704394139,39
"2552.2","1559142",0.999,0.95,40,0.972222222222222,36,0.363097019599535,39,0.330658020426665,39
"2553.2","1559228",0.999,1,40,1,40,0.463645345945928,40,0.463645345945928,40
"2554.2","1559233",0.999,0.975,40,0.973684210526316,38,0.205550381608304,40,0.197027654335577,40
"2555.2","1559307",0.999,0.933333333333333,15,0.923076923076923,13,0.0228102246884525,38,0.0202865929928054,38
"2556.2","1559382",0.999,0.975,40,0.973684210526316,38,0.523054782886857,40,0.495751259851627,40
"2557.2","1560",0.999,0.9,10,0.875,8,0.0111708209116633,37,0.00945438673555166,37
"2558.2","1560079",0.999,1,40,1,40,0.67524154589372,40,0.67524154589372,40
"2559.2","1560080",0.999,1,40,1,40,0.721283508158508,40,0.721283508158508,40
"2560.2","1560082",0.999,0.975,40,0.973684210526316,38,0.533393719806763,40,0.507058455971499,40
"2561.2","1560083",0.999,1,40,1,40,0.677369169586547,40,0.677369169586547,40
"2562.2","1560086",0.999,1,40,1,40,0.60119545059758,40,0.60119545059758,40
"2563.2","1560125",0.999,0.96875,32,0.966666666666667,30,0.0660872961032358,40,0.057324837631475,40
"2564.2","1560154",0.999,NA,0,NA,0,0,39,0,39
"2565.2","1560183",0.999,0.975,40,0.973684210526316,38,0.392463345889647,40,0.370458514971773,40
"2566.2","1560186",0.999,1,40,1,40,0.507490866560316,40,0.507490866560316,40
"2567.2","1560220",0.999,NA,0,NA,0,0,40,0,40
"2568.2","1560225",0.999,1,40,1,40,0.266956746463721,40,0.266956746463721,40
"2569.2","1560227",0.999,0.975,40,0.973684210526316,38,0.136036808243146,39,0.124051717310687,39
"2570.2","1560244",0.999,0.925,40,0.942857142857143,35,0.495868735563494,38,0.430540942396366,38
"2571.2","1560250",0.999,0.975,40,0.973684210526316,38,0.825421136895226,40,0.783399860299482,40
"2572.2","1560295",0.999,NA,0,NA,0,0,39,0,39
"2573.2","1560341",0.999,0.975,40,0.973684210526316,38,0.364649635550602,40,0.343399635550602,40
"2574.2","1560395",0.999,1,40,1,40,0.483939311027726,40,0.483939311027726,40
"2575.2","1560400",0.999,1,40,1,40,0.470656406444126,40,0.470656406444126,40
"2576.2","1560401",0.999,0.975,40,0.973684210526316,38,0.501677460176113,40,0.47454331383465,40
"2577.2","1560419",0.999,1,40,1,40,0.784133185581356,40,0.784133185581356,40
"2578.2","1560432",0.999,1,40,1,40,0.43213813963814,40,0.43213813963814,40
"2579.2","1560439",0.999,0.95,40,0.944444444444444,36,0.305918347773921,39,0.264462599221398,39
"2580.2","1560483",0.999,0.925,40,0.945945945945946,37,0.458988682968924,39,0.428539965020207,39
"2581.2","1560499",0.999,0.96969696969697,33,0.967741935483871,31,0.10729328479241,39,0.102866175743992,39
"2582.2","1560511",0.999,0.975,40,0.973684210526316,38,0.588126179377631,40,0.559178810956578,40
"2583.2","1560601",0.999,0.894736842105263,38,0.90625,32,0.202200670579737,38,0.174275514948724,38
"2584.2","1560604",0.999,0.944444444444444,36,0.9375,32,0.104655524774045,39,0.086432596982637,39
"2585.2","1560612",0.999,0.975,40,0.973684210526316,38,0.219805806328468,39,0.209801921324583,39
"2586.2","1560616",0.999,NA,0,NA,0,0,40,0,40
"2587.2","1560619",0.999,0.842105263157895,38,0.814814814814815,27,0.312767766982243,39,0.219637626463266,39
"2588.2","1560702",0.999,NA,0,NA,0,0,40,0,40
"2589.2","1560703",0.999,1,9,1,9,0.0216832519332519,40,0.0216832519332519,40
"2590.2","1560712",0.999,1,40,1,40,0.566530950179204,40,0.566530950179204,40
"2591.2","1560732",0.999,0.975,40,0.973684210526316,38,0.219793615217598,40,0.208150800667807,40
"2592.2","1560737",0.999,0.975,40,0.973684210526316,38,0.185266691320055,40,0.169891691320055,40
"2593.2","1560738",0.999,0.95,40,0.972222222222222,36,0.366250706735223,40,0.317396540068556,40
"2594.2","1560774",0.999,1,40,1,40,0.324151384584172,40,0.324151384584172,40
"2595.2","1560788",0.999,0.95,40,0.944444444444444,36,0.286590016912598,40,0.253145185534298,40
"2596.2","1560811",0.999,0.95,40,0.944444444444444,36,0.362974355568476,40,0.329380605568476,40
"2597.2","1560845",0.999,1,40,1,40,0.291154108108893,40,0.291154108108893,40
"2598.2","1560850",0.999,1,40,1,40,0.47134750227817,40,0.47134750227817,40
"2599.2","1560851",0.999,0.925,40,0.916666666666667,36,0.38105665176948,40,0.328050422447727,40
"2600.2","1561015",0.999,1,33,1,33,0.207859709639242,40,0.207859709639242,40
"2601.2","1561021",0.999,NA,0,NA,0,0,39,0,39
"2602.2","1561023",0.999,1,40,1,40,0.676675927505211,40,0.676675927505211,40
"2603.2","1562260",0.999,0.975,40,0.973684210526316,38,0.916159420289855,40,0.869420289855072,40
"2604.2","1562267",0.999,1,40,1,40,0.55309648041052,40,0.55309648041052,40
"2605.2","1562272",0.999,0.975,40,0.973684210526316,38,0.281280770031249,39,0.263393930877442,39
"2606.2","1562309",0.999,0.941176470588235,34,0.933333333333333,30,0.165458744345081,38,0.142257986769323,38
"2607.2","1562351",0.999,1,40,1,40,0.240349539832467,40,0.240349539832467,40
"2608.2","1562375",0.999,1,5,1,5,0.0200006072248719,40,0.0200006072248719,40
"2609.2","1562387",0.999,0.975,40,0.973684210526316,38,0.371455694079044,40,0.350581511072508,40
"2610.2","1562388",0.999,1,40,1,40,0.429744007062982,40,0.429744007062982,40
"2611.2","1562405",0.999,1,37,1,37,0.238870496674173,40,0.238870496674173,40
"2612.2","1562434",0.999,NA,0,NA,0,0,40,0,40
"2613.2","1562641",0.999,0.95,40,0.944444444444444,36,0.488677042992179,40,0.443943193339465,40
"2614.2","1562642",0.999,0.975,40,0.973684210526316,38,0.350993010620322,40,0.328850153477465,40
"2615.2","1562646",0.999,0.9,40,0.90625,32,0.374452994695382,40,0.280466846248548,40
"2616.2","1562671",0.999,1,40,1,40,0.131676441705468,40,0.131676441705468,40
"2617.2","1562693",0.999,1,40,1,40,0.242018691508317,40,0.242018691508317,40
"2618.2","1562703",0.999,1,40,1,40,0.416895330218021,40,0.416895330218021,40
"2619.2","1562711",0.999,NA,0,NA,0,0,39,0,39
"2620.2","1562712",0.999,0.967741935483871,31,0.96551724137931,29,0.0899867861038594,40,0.0786593939837843,40
"2621.2","1563262",0.999,0.975,40,0.973684210526316,38,0.40500492739336,40,0.379107491495924,40
"2622.2","1563392",0.999,1,40,1,40,0.373044932956783,40,0.373044932956783,40
"2623.2","1563396",0.999,0.975,40,0.973684210526316,38,0.472733688322872,40,0.448694054176531,40
"2624.2","1563647",0.999,0.95,40,0.944444444444444,36,0.541836622877827,40,0.487090331493604,40
"2625.2","1563654",0.999,0.975,40,0.974358974358974,39,0.429335811875459,40,0.417877478542125,40
"2626.2","1564468",0.999,0.975,40,0.973684210526316,38,0.51251699722682,40,0.489356824066646,40
"2627.2","1564487",0.999,1,40,1,40,0.395811652665512,40,0.395811652665512,40
"2628.2","1565055",0.999,1,40,1,40,0.406766516684857,40,0.406766516684857,40
"2629.2","1565139",0.999,1,40,1,40,0.648319060166886,40,0.648319060166886,40
"2630.2","1565758",0.999,0.975,40,0.973684210526316,38,0.410996456482371,40,0.379210742196657,40
"2631.2","1565761",0.999,0.947368421052632,38,0.941176470588235,34,0.125121951677643,40,0.108538190445294,40
"2632.2","1565769",0.999,0.9,40,0.909090909090909,33,0.457193039481553,40,0.394816542720446,40
"2633.2","1567078",0.999,1,40,1,40,0.553841807957838,40,0.553841807957838,40
"2634.2","1567079",0.999,1,40,1,40,0.469647814614972,40,0.469647814614972,40
"2635.2","1567084",0.999,1,40,1,40,0.564041111353552,40,0.564041111353552,40
"2636.2","1567937",0.999,1,18,1,18,0.0643252955429851,40,0.0643252955429851,40
"2637.2","1567959",0.999,0.925,40,0.911764705882353,34,0.363680025974532,39,0.305053441830706,39
"2638.2","1567966",0.999,0.9,40,0.875,32,0.439264619320236,40,0.325368449965397,40
"2639.2","1567969",0.999,0.975,40,0.973684210526316,38,0.196510907595333,40,0.18786429105398,40
"2640.2","1567972",0.999,0.95,40,0.944444444444444,36,0.470038797138352,39,0.407464640814196,39
"2641.2","1568002",0.999,NA,0,NA,0,0,40,0,40
"2642.2","1568073",0.999,1,40,1,40,0.260718286783323,40,0.260718286783323,40
"2643.2","1568098",0.999,0.975,40,0.973684210526316,38,0.202191600146628,40,0.188340248795277,40
"2644.2","1568103",0.999,0.95,40,0.944444444444444,36,0.579084962474492,40,0.514596326110856,40
"2645.2","1568140",0.999,0.95,40,0.944444444444444,36,0.368978449168078,40,0.335847091361797,40
"2646.2","1568149",0.999,1,40,1,40,0.189736800908172,40,0.189736800908172,40
"2647.2","1568970",0.999,0.921052631578947,38,0.939393939393939,33,0.335065540366677,40,0.303374610915389,40
"2648.2","1568985",0.999,0.975,40,0.973684210526316,38,0.403488907279379,40,0.391304563845036,40
"2649.2","1569056",0.999,0.975,40,0.973684210526316,38,0.693102489608068,40,0.664365115870695,40
"2650.2","1569126",0.999,0.948717948717949,39,0.942857142857143,35,0.329234819513436,40,0.296218902060228,40
"2651.2","1569314",0.999,1,40,1,40,0.599180636148721,40,0.599180636148721,40
"2652.2","1569441",0.999,0.975,40,0.973684210526316,38,0.658802698438775,40,0.626315324701401,40
"2653.2","1569450",0.999,0.925,40,0.911764705882353,34,0.686150683523487,40,0.581643026004728,40
"2654.2","1569454",0.999,0.95,40,0.972222222222222,36,0.401923913130494,40,0.361975777442241,40
"2655.2","1569540",0.999,1,40,1,40,0.672442373383632,40,0.672442373383632,40
"2656.2","1569570",0.999,1,40,1,40,0.693929454115624,40,0.693929454115624,40
"2657.2","1569581",0.999,0.975,40,0.973684210526316,38,0.715885859053065,40,0.683108081275288,40
"2658.2","1569595",0.999,1,40,1,40,0.682951800614844,40,0.682951800614844,40
"2659.2","1569625",0.999,0.95,40,0.944444444444444,36,0.565723564192144,40,0.510262571284343,40
"2660.2","1569634",0.999,1,40,1,40,0.653489160970081,40,0.653489160970081,40
"2661.2","1569694",0.999,0.975,40,0.973684210526316,38,0.712852057812164,40,0.680415189125296,40
"2662.2","1569703",0.999,0.975,40,0.973684210526316,38,0.378855812019228,40,0.336208753195699,40
"2663.2","1569764",0.999,1,40,1,40,0.703481741288278,40,0.703481741288278,40
"2664.2","1569788",0.999,1,40,1,40,0.597987098085387,40,0.597987098085387,40
"2665.2","1569828",0.999,0.95,40,0.944444444444444,36,0.557105560315247,40,0.506149551114557,40
"2666.2","1569858",0.999,1,40,1,40,0.739211708531811,40,0.739211708531811,40
"2667.2","1569934",0.999,1,40,1,40,0.503446417553315,40,0.503446417553315,40
"2668.2","1569999",0.999,1,34,1,34,0.11948978746496,40,0.11948978746496,40
"2669.2","1570031",0.999,1,1,1,1,0.00078125,40,0.00078125,40
"2670.2","1570252",0.999,0.925,40,0.914285714285714,35,0.204140487764558,39,0.18265870157689,39
"2671.2","1570265",0.999,NA,0,NA,0,0,38,0,38
"2672.2","1570289",0.999,0.975,40,0.973684210526316,38,0.544268253748201,40,0.516593064354261,40
"2673.2","1570315",0.999,1,40,1,40,0.734344272771993,40,0.734344272771993,40
"2674.2","1570328",0.999,1,40,1,40,0.400301380721134,40,0.400301380721134,40
"2675.2","1570331",0.999,1,40,1,40,0.443835503298925,40,0.443835503298925,40
"2676.2","1570336",0.999,1,40,1,40,0.4709843480196,40,0.4709843480196,40
"2677.2","1570338",0.999,1,40,1,40,0.454219285121295,40,0.454219285121295,40
"2678.2","1570347",0.999,0.975,40,0.973684210526316,38,0.558674189849352,39,0.530763786076879,39
"2679.2","1570380",0.999,1,40,1,40,0.213680529229284,40,0.213680529229284,40
"2680.2","1571548",0.999,NA,0,NA,0,0,39,0,39
"2681.2","1571706",0.999,0.925,40,0.941176470588235,34,0.46170010068778,39,0.401965918533335,39
"2682.2","1571747",0.999,0.975,40,0.973684210526316,38,0.439131616147571,40,0.415646767662723,40
"2683.2","1571752",0.999,0.975,40,0.973684210526316,38,0.69214162916685,40,0.659013648244752,40
"2684.2","1573502",0.999,0.925,40,0.911764705882353,34,0.314578203891274,40,0.26584825736721,40
"2685.2","1573537",0.999,0.95,40,0.944444444444444,36,0.273093052395672,39,0.237181047733667,39
"2686.2","1573539",0.999,1,33,1,33,0.108419136830964,40,0.108419136830964,40
"2687.2","1573544",0.999,NA,0,NA,0,0,40,0,40
"2688.2","1573551",0.999,0.95,40,0.944444444444444,36,0.211253065302657,39,0.189531507290776,39
"2689.2","1573563",0.999,0.975,40,0.973684210526316,38,0.437341822610653,40,0.414547704963594,40
"2690.2","1573603",0.999,0.95,40,0.944444444444444,36,0.408724772178271,40,0.360618711572211,40
"2691.2","1573621",0.999,1,40,1,40,0.274896915631248,40,0.274896915631248,40
"2692.2","1573662",0.999,1,30,1,30,0.139703019893275,40,0.139703019893275,40
"2693.2","1573678",0.999,1,40,1,40,0.331965324734403,40,0.331965324734403,40
"2694.2","1573721",0.999,1,40,1,40,0.524140225760893,40,0.524140225760893,40
"2695.2","1573998",0.999,1,40,1,40,0.111567941406898,40,0.111567941406898,40
"2696.2","1574005",0.999,1,40,1,40,0.245736892171944,40,0.245736892171944,40
"2697.2","1574025",0.999,0.975,40,0.973684210526316,38,0.141635691134921,40,0.12958211970635,40
"2698.2","1574039",0.999,0.9,40,0.914285714285714,35,0.413418800758913,39,0.371925109265221,39
"2699.2","1574047",0.999,0.975,40,0.973684210526316,38,0.579736164453993,40,0.552018773149645,40
"2700.2","1574068",0.999,0.925,40,0.911764705882353,34,0.375057596558643,40,0.30779907383137,40
"2701.2","1574091",0.999,0.975,40,0.973684210526316,38,0.371168401370458,40,0.35586391419097,40
"2702.2","1574102",0.999,0.909090909090909,11,0.888888888888889,9,0.0187229031728618,39,0.0149190147535888,39
"2703.2","1574105",0.999,1,40,1,40,0.53533672779581,40,0.53533672779581,40
"2704.2","1579696",0.999,0.975,40,0.973684210526316,38,0.332942768288534,40,0.314524207682474,40
"2705.2","1579708",0.999,0.9,40,0.90625,32,0.568936600412916,40,0.456793743270059,40
"2706.2","1579716",0.999,0.971428571428571,35,0.96969696969697,33,0.17348607989233,40,0.16723607989233,40
"2707.2","1579718",0.999,0.9,40,0.909090909090909,33,0.197018407103669,38,0.141221151868808,38
"2708.2","1579722",0.999,0.925,40,0.911764705882353,34,0.297342007638311,38,0.247900221354419,38
"2709.2","1579771",0.999,0.95,40,0.944444444444444,36,0.363050886564178,40,0.328050886564178,40
"2710.2","1579792",0.999,0.9,40,0.909090909090909,33,0.481072315691556,39,0.426597198514826,39
"2711.2","1579816",0.999,NA,0,NA,0,0,38,0,38
"2712.2","1579861",0.999,0.925,40,0.942857142857143,35,0.399957375788436,40,0.359023846951681,40
"2713.2","1579881",0.999,1,19,1,19,0.0373306624002286,40,0.0373306624002286,40
"2714.2","1579888",0.999,0.975,40,0.973684210526316,38,0.186364102541706,39,0.172224733139179,39
"2715.2","1579910",0.999,0.95,40,0.944444444444444,36,0.340508986627408,40,0.304182877236283,40
"2716.2","1579954",0.999,0.95,40,0.944444444444444,36,0.548688430995145,40,0.472974145280859,40
"2717.2","1579987",0.999,1,40,1,40,0.450954932024183,40,0.450954932024183,40
"2718.2","1580004",0.999,NA,0,NA,0,0,40,0,40
"2719.2","1580146",0.999,0.925,40,0.942857142857143,35,0.543374426100719,40,0.476447342767386,40
"2720.2","1580175",0.999,0.95,40,0.944444444444444,36,0.501698036006547,40,0.44744271685761,40
"2721.2","1580391",0.999,0.961538461538462,26,0.958333333333333,24,0.0530531255612094,39,0.0512642167955564,39
"2722.2","1580406",0.999,0.925,40,0.911764705882353,34,0.360758244206774,40,0.306591577540107,40
"2723.2","1580412",0.999,0.925,40,0.911764705882353,34,0.548681095184996,39,0.457845196725242,39
"2724.2","1580414",0.999,0.925,40,0.911764705882353,34,0.479464506332322,39,0.404046868414685,39
"2725.2","1580421",0.999,1,40,1,40,0.268620292281902,40,0.268620292281902,40
"2726.2","1580470",0.999,1,31,1,31,0.106204112676413,40,0.106204112676413,40
"2727.2","1580477",0.999,0.925,40,0.916666666666667,36,0.0958895442167576,39,0.0822626026828393,39
"2728.2","1580482",0.999,NA,0,NA,0,0,40,0,40
"2729.2","1580483",0.999,0.95,40,0.944444444444444,36,0.390569480124871,40,0.349181153539176,40
"2730.2","1580489",0.999,1,40,1,40,0.476608559241045,40,0.476608559241045,40
"2731.2","1580504",0.999,0.95,40,0.944444444444444,36,0.492250613783801,40,0.437331914596809,40
"2732.2","1580505",0.999,0.975,40,0.973684210526316,38,0.43656064697425,40,0.411026107500566,40
"2733.2","1580510",0.999,1,40,1,40,0.231901118480755,40,0.231901118480755,40
"2734.2","1580515",0.999,0.975,40,0.973684210526316,38,0.388074867722427,40,0.371087688235248,40
"2735.2","1580596",0.999,0.95,40,0.944444444444444,36,0.428054217375013,40,0.374850117553266,40
"2736.2","1580687",0.999,0.95,40,0.947368421052632,38,0.338443728090906,40,0.312818728090905,40
"2737.2","1580693",0.999,0.925,40,0.916666666666667,36,0.353709428846996,39,0.32513168475201,39
"2738.2","1580736",0.999,0.975,40,0.973684210526316,38,0.115749091184253,40,0.107609556300532,40
"2739.2","1580744",0.999,0.96,25,0.956521739130435,23,0.0571083421926341,40,0.053388104097396,40
"2740.2","1580745",0.999,0.95,40,0.944444444444444,36,0.427556126728453,38,0.377450249319944,38
"2741.2","1580792",0.999,0.941176470588235,34,0.933333333333333,30,0.0943854751761998,39,0.0874579066207243,39
"2742.2","1580793",0.999,0.925,40,0.911764705882353,34,0.514252959533062,40,0.435794229083405,40
"2743.2","1580805",0.999,0.925,40,0.911764705882353,34,0.190655358661461,38,0.14379908957222,38
"2744.2","1580818",0.999,0.95,40,0.944444444444444,36,0.147791805336113,39,0.129265345346238,39
"2745.2","1580824",0.999,0.975,40,0.973684210526316,38,0.342159105834501,39,0.315741079416474,39
"2746.2","1580844",0.999,0.9,40,0.909090909090909,33,0.398769840202941,39,0.334619531821864,39
"2747.2","1580863",0.999,0.975,40,0.973684210526316,38,0.245465880067939,40,0.236588252440311,40
"2748.2","1580875",0.999,NA,0,NA,0,0,40,0,40
"2749.2","1580889",0.999,1,40,1,40,0.388754227980731,40,0.388754227980731,40
"2750.2","1582192",0.999,NA,0,NA,0,0,34,0,34
"2751.2","1582206",0.999,1,16,1,16,0.0452730813399239,39,0.0452730813399239,39
"2752.2","1582241",0.999,0.975,40,0.973684210526316,38,0.695659477092361,40,0.654170115390233,40
"2753.2","1582250",0.999,1,40,1,40,0.901248843663275,40,0.901248843663275,40
"2754.2","1582251",0.999,1,40,1,40,0.384244065774238,40,0.384244065774238,40
"2755.2","1582287",0.999,NA,0,NA,0,0,40,0,40
"2756.2","1582298",0.999,0.975,40,0.973684210526316,38,0.648239081328838,40,0.616324187711816,40
"2757.2","1582432",0.999,1,40,1,40,1,40,1,40
"2758.2","1582557",0.999,NA,0,NA,0,0,40,0,40
"2759.2","1582565",0.999,NA,0,NA,0,0,38,0,38
"2760.2","1582593",0.999,NA,0,NA,0,0,38,0,38
"2761.2","1582595",0.999,NA,0,NA,0,0,38,0,38
"2762.2","1582614",0.999,1,33,1,33,0.0828215356408235,40,0.0828215356408235,40
"2763.2","1582620",0.999,1,40,1,40,0.487001590668081,40,0.487001590668081,40
"2764.2","1582627",0.999,1,40,1,40,0.587643541725749,40,0.587643541725749,40
"2765.2","1582634",0.999,1,40,1,40,0.513598231338373,40,0.513598231338373,40
"2766.2","1582644",0.999,NA,0,NA,0,0,39,0,39
"2767.2","1582645",0.999,NA,0,NA,0,0,38,0,38
"2768.2","1582650",0.999,NA,0,NA,0,0,39,0,39
"2769.2","1582656",0.999,NA,0,NA,0,0,40,0,40
"2770.2","1582669",0.999,1,39,1,39,0.100336648364321,40,0.100336648364321,40
"2771.2","1582675",0.999,1,4,1,4,0.00567542213883677,39,0.00567542213883677,39
"2772.2","1582692",0.999,1,36,1,36,0.115304850077464,40,0.115304850077464,40
"2773.2","1582695",0.999,1,12,1,12,0.0296093079331414,40,0.0296093079331414,40
"2774.2","1582700",0.999,1,31,1,31,0.0509153311434579,40,0.0509153311434579,40
"2775.2","1582701",0.999,1,19,1,19,0.0509959349593496,40,0.0509959349593496,40
"2776.2","1582711",0.999,1,40,1,40,0.497496879656551,40,0.497496879656551,40
"2777.2","1582716",0.999,1,40,1,40,0.434600041431437,40,0.434600041431437,40
"2778.2","1582739",0.999,1,21,1,21,0.0711299732598655,40,0.0711299732598655,40
"2779.2","1582744",0.999,1,36,1,36,0.0869061242899138,40,0.0869061242899138,40
"2780.2","1582748",0.999,1,1,1,1,0.00320512820512821,39,0.00320512820512821,39
"2781.2","1582785",0.999,NA,0,NA,0,0,38,0,38
"2782.2","1582788",0.999,1,11,1,11,0.0217425481180444,39,0.0217425481180444,39
"2783.2","1582831",0.999,1,19,1,19,0.0405248208792416,40,0.0405248208792416,40
"2784.2","1582837",0.999,1,29,1,29,0.0528736866272317,40,0.0528736866272317,40
"2785.2","1582842",0.999,1,15,1,15,0.0378000387146729,40,0.0378000387146729,40
"2786.2","1582852",0.999,1,23,1,23,0.067191759260351,40,0.067191759260351,40
"2787.2","1582863",0.999,1,39,1,39,0.169086119135564,40,0.169086119135564,40
"2788.2","1582868",0.999,0.975,40,0.973684210526316,38,0.234880330420603,40,0.221442244116663,40
"2789.2","1582878",0.999,1,24,1,24,0.0718581179557722,40,0.0718581179557722,40
"2790.2","1582921",0.999,1,22,1,22,0.0688617397506813,40,0.0688617397506813,40
"2791.2","1582924",0.999,1,27,1,27,0.0858918780217703,40,0.0858918780217703,40
"2792.2","1582941",0.999,1,38,1,38,0.106972086988656,40,0.106972086988656,40
"2793.2","1582950",0.999,1,32,1,32,0.0703788400576546,40,0.0703788400576546,40
"2794.2","1582955",0.999,0.975,40,0.973684210526316,38,0.317916857360793,40,0.300899949148233,40
"2795.2","1583727",0.999,NA,0,NA,0,0,37,0,37
"2796.2","1583742",0.999,NA,0,NA,0,0,40,0,40
"2797.2","1583765",0.999,NA,0,NA,0,0,40,0,40
"2798.2","1583825",0.999,1,40,1,40,0.357737969394946,40,0.357737969394946,40
"2799.2","1583839",0.999,1,40,1,40,0.675070862481881,40,0.675070862481881,40
"2800.2","1583841",0.999,1,40,1,40,0.529190356710487,40,0.529190356710487,40
"2801.2","1583887",0.999,1,40,1,40,0.483997740447379,40,0.483997740447379,40
"2802.2","1583888",0.999,0.974358974358974,39,0.972972972972973,37,0.427034580747049,40,0.407659580747049,40
"2803.2","1583899",0.999,0.975,40,0.973684210526316,38,0.66136967138821,40,0.631273852572879,40
"2804.2","1583902",0.999,1,40,1,40,0.52205819267367,40,0.52205819267367,40
"2805.2","1583903",0.999,1,40,1,40,0.201922197174946,40,0.201922197174946,40
"2806.2","1584032",0.999,1,40,1,40,0.331673080698535,40,0.331673080698535,40
"2807.2","1584086",0.999,0.95,40,0.944444444444444,36,0.653954879489846,40,0.584396608813154,40
"2808.2","1584177",0.999,NA,0,NA,0,0,33,0,33
"2809.2","1584256",0.999,NA,0,NA,0,0,3,0,3
"2810.2","1584439",0.999,0.961538461538462,26,0.961538461538462,26,0.0716711583239982,38,0.0716711583239982,38
"2811.2","1584446",0.999,1,40,1,40,0.581325093035619,40,0.581325093035619,40
"2812.2","1584454",0.999,1,40,1,40,0.457618772799818,40,0.457618772799818,40
"2813.2","1584456",0.999,0.975,40,0.973684210526316,38,0.433559725158562,40,0.412903159501997,40
"2814.2","1584461",0.999,1,40,1,40,0.53314658210007,40,0.53314658210007,40
"2815.2","1584463",0.999,1,40,1,40,0.528301897966532,40,0.528301897966532,40
"2816.2","1584474",0.999,0.9,30,0.875,24,0.063376257888453,39,0.0464281653306043,39
"2817.2","1584478",0.999,1,40,1,40,0.274673632665476,40,0.274673632665476,40
"2818.2","1584487",0.999,1,40,1,40,0.531508088426693,40,0.531508088426693,40
"2819.2","1584500",0.999,1,40,1,40,0.468910555544466,40,0.468910555544466,40
"2820.2","1584517",0.999,0.925,40,0.911764705882353,34,0.228926112647043,39,0.194354095516886,39
"2821.2","1584523",0.999,1,40,1,40,0.285058596544215,40,0.285058596544215,40
"2822.2","1584529",0.999,0.974358974358974,39,0.972972972972973,37,0.38254992343799,39,0.364546650115568,39
"2823.2","1584536",0.999,1,40,1,40,0.319656398674477,40,0.319656398674477,40
"2824.2","1584556",0.999,1,40,1,40,0.665435908122306,40,0.665435908122306,40
"2825.2","1584603",0.999,0.95,40,0.944444444444444,36,0.342809160620503,39,0.3100801960367,39
"2826.2","1584628",0.999,0.95,40,0.944444444444444,36,0.285993885052384,40,0.252185334368833,40
"2827.2","1584629",0.999,1,40,1,40,0.413024844643715,40,0.413024844643715,40
"2828.2","1584810",0.999,1,28,1,28,0.054687295365167,40,0.054687295365167,40
"2829.2","1585",0.999,NA,0,NA,0,0,39,0,39
"2830.2","1585133",0.999,NA,0,NA,0,0,40,0,40
"2831.2","1585156",0.999,1,40,1,40,0.389517550900812,40,0.389517550900812,40
"2832.2","1585212",0.999,0.925,40,0.914285714285714,35,0.377246327599137,40,0.328660801283348,40
"2833.2","1585243",0.999,0.925,40,0.916666666666667,36,0.343302233978929,40,0.313916847859672,40
"2834.2","1585255",0.999,0.975,40,0.973684210526316,38,0.310950695691906,39,0.293916990150136,39
"2835.2","1585275",0.999,0.95,40,0.944444444444444,36,0.436198686100327,40,0.396974975782867,40
"2836.2","1585298",0.999,1,4,1,4,0.0275623885918004,40,0.0275623885918004,40
"2837.2","1585310",0.999,0.975,40,0.973684210526316,38,0.31650048099634,40,0.288686153510959,40
"2838.2","1585330",0.999,NA,0,NA,0,0,39,0,39
"2839.2","1585341",0.999,1,38,1,38,0.229018336492757,40,0.229018336492757,40
"2840.2","1585344",0.999,1,9,1,9,0.0305373011990659,40,0.0305373011990659,40
"2841.2","1585368",0.999,NA,0,NA,0,0,38,0,38
"2842.2","1585378",0.999,NA,0,NA,0,0,39,0,39
"2843.2","1585386",0.999,NA,0,NA,0,0,39,0,39
"2844.2","1585412",0.999,NA,0,NA,0,0,39,0,39
"2845.2","1585422",0.999,0.909090909090909,11,0.888888888888889,9,0.0265595174973489,40,0.0221845174973489,40
"2846.2","1585428",0.999,1,1,1,1,0.000754147812971342,39,0.000754147812971342,39
"2847.2","1585429",0.999,0.846153846153846,13,0.777777777777778,9,0.0224147058231498,37,0.0158852820143143,37
"2848.2","1585435",0.999,NA,0,NA,0,0,38,0,38
"2849.2","1585444",0.999,0.95,40,0.972972972972973,37,0.266205000886563,40,0.252853607697708,40
"2850.2","1585452",0.999,0.939393939393939,33,0.966666666666667,30,0.106849885456611,39,0.105221473545941,39
"2851.2","1585492",0.999,0,1,0,1,0,37,0,37
"2852.2","1585493",0.999,0.8,5,0.666666666666667,3,0.0168269230769231,39,0.00320512820512821,39
"2853.2","1585514",0.999,0.911764705882353,34,0.931034482758621,29,0.222663615875787,37,0.193499466408408,37
"2854.2","1585546",0.999,0.964285714285714,28,0.961538461538462,26,0.0607447196280033,40,0.056615255342289,40
"2855.2","1585568",0.999,0.923076923076923,39,0.941176470588235,34,0.231138161495382,39,0.207659015302821,39
"2856.2","1585569",0.999,NA,0,NA,0,0,37,0,37
"2857.2","1585573",0.999,NA,0,NA,0,0,38,0,38
"2858.2","1585576",0.999,1,39,1,39,0.169065031872245,40,0.169065031872245,40
"2859.2","1585601",0.999,1,40,1,40,0.281324965427349,40,0.281324965427349,40
"2860.2","1585611",0.999,0.923076923076923,26,0.909090909090909,22,0.0782951138988291,38,0.0386543453106921,38
"2861.2","1585626",0.999,0.975,40,0.973684210526316,38,0.356286969232466,40,0.341664654610151,40
"2862.2","1585628",0.999,1,40,1,40,0.282837272446489,40,0.282837272446489,40
"2863.2","1585635",0.999,0.9,10,0.875,8,0.0500099205594562,38,0.0389160093107462,38
"2864.2","1585644",0.999,0.925,40,0.911764705882353,34,0.149237989298476,39,0.11409757415806,39
"2865.2","1585655",0.999,0.921052631578947,38,0.9375,32,0.186032227417229,38,0.155800165461408,38
"2866.2","1585660",0.999,0.833333333333333,6,0.833333333333333,6,0.032807917888563,22,0.032807917888563,22
"2867.2","1585672",0.999,0.923076923076923,13,0.909090909090909,11,0.0506599286618468,40,0.0223265953285135,40
"2868.2","1585711",0.999,NA,0,NA,0,0,39,0,39
"2869.2","1585754",0.999,0.975,40,0.973684210526316,38,0.117034054959361,40,0.112272150197457,40
"2870.2","1585762",0.999,1,4,1,4,0.01035579004329,40,0.01035579004329,40
"2871.2","1585779",0.999,NA,0,NA,0,0,40,0,40
"2872.2","1585785",0.999,1,2,1,2,0.00232007575757576,40,0.00232007575757576,40
"2873.2","1585787",0.999,NA,0,NA,0,0,38,0,38
"2874.2","1585793",0.999,0.941176470588235,17,0.933333333333333,15,0.0907119054259725,39,0.0849359270184152,39
"2875.2","1585808",0.999,1,8,1,8,0.0188309207331978,40,0.0188309207331978,40
"2876.2","1585817",0.999,1,37,1,37,0.100923413151115,40,0.100923413151115,40
"2877.2","1585820",0.999,1,9,1,9,0.0367455039962536,39,0.0367455039962536,39
"2878.2","1585822",0.999,0.975,40,0.973684210526316,38,0.23107808747585,40,0.212138693536456,40
"2879.2","1585825",0.999,NA,0,NA,0,0,33,0,33
"2880.2","1585835",0.999,NA,0,NA,0,0,40,0,40
"2881.2","1585856",0.999,0.909090909090909,11,0.888888888888889,9,0.0183645907755815,38,0.0128498848932285,38
"2882.2","1585865",0.999,NA,0,NA,0,0,30,0,30
"2883.2","1585868",0.999,1,38,1,38,0.211615505533279,40,0.211615505533279,40
"2884.2","1585881",0.999,0.785714285714286,14,0.818181818181818,11,0.0353954206205548,38,0.0195354582145397,38
"2885.2","1585905",0.999,1,7,1,7,0.0382731284692069,39,0.0382731284692069,39
"2886.2","1585906",0.999,NA,0,NA,0,0,40,0,40
"2887.2","1585907",0.999,NA,0,NA,0,0,40,0,40
"2888.2","1585912",0.999,1,1,1,1,0.00320512820512821,39,0.00320512820512821,39
"2889.2","1585925",0.999,NA,0,NA,0,0,37,0,37
"2890.2","1585927",0.999,0.666666666666667,3,0,1,0.0091235632183908,24,0,24
"2891.2","1585929",0.999,NA,0,NA,0,0,38,0,38
"2892.2","1585943",0.999,1,3,1,3,0.00441599053414469,40,0.00441599053414469,40
"2893.2","1585955",0.999,0.9375,16,0.928571428571429,14,0.0246978824919394,35,0.0216675794616363,35
"2894.2","1585958",0.999,0.975,40,0.973684210526316,38,0.31222020403308,40,0.294987049590623,40
"2895.2","1585972",0.999,NA,0,NA,0,0,40,0,40
"2896.2","1585977",0.999,0.833333333333333,6,0.833333333333333,6,0.00621275674955891,38,0.00621275674955891,38
"2897.2","1586002",0.999,NA,0,NA,0,0,39,0,39
"2898.2","1586009",0.999,0.925,40,0.911764705882353,34,0.428156136373833,40,0.359454164527606,40
"2899.2","1586012",0.999,1,40,1,40,0.366402813499075,40,0.366402813499075,40
"2900.2","1586013",0.999,1,39,1,39,0.238230747516913,40,0.238230747516913,40
"2901.2","1586032",0.999,0.975,40,0.973684210526316,38,0.198991914272587,40,0.178372256152929,40
"2902.2","1586037",0.999,1,7,1,7,0.0101666648958023,40,0.0101666648958023,40
"2903.2","1586052",0.999,0.975,40,0.973684210526316,38,0.38207022239946,40,0.344890735219973,40
"2904.2","1586069",0.999,1,25,1,25,0.0917762636166578,40,0.0917762636166578,40
"2905.2","1586077",0.999,1,1,1,1,0.000907441016333938,38,0.000907441016333938,38
"2906.2","1586091",0.999,NA,0,NA,0,0,34,0,34
"2907.2","1586100",0.999,0.846153846153846,26,0.956521739130435,23,0.0606840675375866,35,0.0606840675375866,35
"2908.2","1586103",0.999,0.972222222222222,36,0.970588235294118,34,0.152188213988998,40,0.149289054325132,40
"2909.2","1586113",0.999,0.863636363636364,22,0.8125,16,0.0584133359861779,39,0.0408432834896548,39
"2910.2","1586124",0.999,0.833333333333333,18,0.866666666666667,15,0.0908005209190554,36,0.0885747374432719,36
"2911.2","1586126",0.999,0.833333333333333,12,0.75,8,0.0305954045178183,37,0.0144676696400834,37
"2912.2","1586144",0.999,NA,0,NA,0,0,39,0,39
"2913.2","1586151",0.999,0.939393939393939,33,0.931034482758621,29,0.148726392094123,40,0.140080220619005,40
"2914.2","1586161",0.999,0.916666666666667,24,0.904761904761905,21,0.0709530157488564,36,0.0648825067371709,36
"2915.2","1586167",0.999,NA,0,NA,0,0,12,0,12
"2916.2","1586215",0.999,NA,0,NA,0,0,38,0,38
"2917.2","1586218",0.999,0.975,40,0.973684210526316,38,0.539111344568364,40,0.507861344568364,40
"2918.2","1586229",0.999,1,40,1,40,0.305118848751376,40,0.305118848751376,40
"2919.2","1586231",0.999,NA,0,NA,0,0,38,0,38
"2920.2","1586254",0.999,NA,0,NA,0,0,40,0,40
"2921.2","1586256",0.999,1,1,1,1,0.0027027027027027,40,0.0027027027027027,40
"2922.2","1586258",0.999,1,40,1,40,0.198974285140258,40,0.198974285140258,40
"2923.2","1586267",0.999,NA,0,NA,0,0,37,0,37
"2924.2","1586291",0.999,NA,0,NA,0,0,38,0,38
"2925.2","1586297",0.999,0.96,25,0.956521739130435,23,0.0626920502097023,40,0.0538331913508434,40
"2926.2","1586301",0.999,0.9,20,0.875,16,0.0706687398691887,36,0.0617449857628788,36
"2927.2","1586307",0.999,NA,0,NA,0,0,40,0,40
"2928.2","1586316",0.999,1,30,1,30,0.119987669314789,40,0.119987669314789,40
"2929.2","1586341",0.999,1,37,1,37,0.0974577862444597,40,0.0974577862444597,40
"2930.2","1586348",0.999,1,40,1,40,0.665122057765444,40,0.665122057765444,40
"2931.2","1586351",0.999,1,40,1,40,0.644378977097525,40,0.644378977097525,40
"2932.2","1586378",0.999,0.95,40,0.944444444444444,36,0.0802385067404968,39,0.0685589700609601,39
"2933.2","1586444",0.999,1,40,1,40,0.45833140294308,40,0.45833140294308,40
"2934.2","1586450",0.999,0.95,40,0.972222222222222,36,0.556500615129411,40,0.513675281136338,40
"2935.2","1586476",0.999,1,40,1,40,0.392696930881042,40,0.392696930881042,40
"2936.2","1586484",0.999,0.925,40,0.911764705882353,34,0.487918850858259,40,0.405645492856409,40
"2937.2","1586520",0.999,0.975,40,0.973684210526316,38,0.446132069199032,40,0.422694569199032,40
"2938.2","1586551",0.999,1,40,1,40,0.254610252587731,40,0.254610252587731,40
"2939.2","1586558",0.999,0.973684210526316,38,0.972222222222222,36,0.174142636975855,39,0.162522073631153,39
"2940.2","1586568",0.999,0.975,40,0.973684210526316,38,0.404431320027637,40,0.387326056869743,40
"2941.2","1586576",0.999,1,40,1,40,0.727132089835578,40,0.727132089835578,40
"2942.2","1586606",0.999,0.96875,32,0.966666666666667,30,0.0726408116831359,39,0.0645211535634778,39
"2943.2","1586607",0.999,0.95,40,0.944444444444444,36,0.456448078241247,40,0.401924268717438,40
"2944.2","1586618",0.999,0.9,40,0.941176470588235,34,0.340625417803786,40,0.306892931651945,40
"2945.2","1586639",0.999,1,28,1,28,0.0522018208663787,40,0.0522018208663787,40
"2946.2","1586650",0.999,1,38,1,38,0.0932076148489006,40,0.0932076148489006,40
"2947.2","1586679",0.999,0.975,40,0.973684210526316,38,0.405852866276439,40,0.385596456020029,40
"2948.2","1586688",0.999,0.916666666666667,36,0.933333333333333,30,0.175236175180599,39,0.143299361993786,39
"2949.2","1586771",0.999,0.956521739130435,23,0.952380952380952,21,0.107906317968237,39,0.10045821052013,39
"2950.2","1586779",0.999,0.975,40,0.973684210526316,38,0.234675961328983,40,0.223312324965346,40
"2951.2","1587215",0.999,0.95,40,0.944444444444444,36,0.263924417848997,40,0.216964977095952,40
"2952.2","1587411",0.999,0.975,40,0.973684210526316,38,0.233319388561514,40,0.221362866822384,40
"2953.2","1587421",0.999,1,40,1,40,0.357394861652795,40,0.357394861652795,40
"2954.2","1588132",0.999,NA,0,NA,0,0,30,0,30
"2955.2","1588429",0.999,NA,0,NA,0,0,37,0,37
"2956.2","1588455",0.999,0.95,40,0.944444444444444,36,0.487399985253963,40,0.438084152507898,40
"2957.2","1588458",0.999,1,40,1,40,0.647929491126707,40,0.647929491126707,40
"2958.2","1588459",0.999,0.975,40,0.973684210526316,38,0.585542237995277,40,0.551926853379892,40
"2959.2","1588462",0.999,1,40,1,40,0.364664215778725,40,0.364664215778725,40
"2960.2","1588580",0.999,NA,0,NA,0,0,37,0,37
"2961.2","1588708",0.999,0.866666666666667,30,0.923076923076923,26,0.131405070852678,39,0.114921554369162,39
"2962.2","1588901",0.999,0.95,40,0.945945945945946,37,0.613010935141174,40,0.566612848499184,40
"2963.2","1589302",0.999,0.95,40,0.944444444444444,36,0.303268093935116,40,0.272902858395462,40
"2964.2","1589326",0.999,0.95,40,0.944444444444444,36,0.564051843888224,40,0.501419202139729,40
"2965.2","1589540",0.999,0.925,40,0.911764705882353,34,0.416341601867918,39,0.343273058211139,39
"2966.2","1590748",0.999,0.95,40,0.972972972972973,37,0.44461650913751,39,0.420066590970571,39
"2967.2","1591025",0.999,0.925,40,0.914285714285714,35,0.292761221506967,40,0.243491929752211,40
"2968.2","1591498",0.999,0.95,40,0.944444444444444,36,0.309196216285797,40,0.272857832447413,40
"2969.2","1592202",0.999,0.975,40,0.973684210526316,38,0.965425531914894,40,0.915957446808511,40
"2970.2","1592209",0.999,1,40,1,40,0.450803571428571,40,0.450803571428571,40
"2971.2","1592210",0.999,1,40,1,40,0.346488095238095,40,0.346488095238095,40
"2972.2","1592241",0.999,1,40,1,40,0.373249677454343,40,0.373249677454343,40
"2973.2","1592244",0.999,0.975,40,0.973684210526316,38,0.491924600871875,40,0.463673685120959,40
"2974.2","1592263",0.999,1,40,1,40,0.369078569075033,40,0.369078569075033,40
"2975.2","1592264",0.999,0.975,40,0.973684210526316,38,0.534707129082348,40,0.510794085604087,40
"2976.2","1592265",0.999,1,40,1,40,0.390492852792532,40,0.390492852792532,40
"2977.2","1592280",0.999,1,40,1,40,0.664270524581448,40,0.664270524581448,40
"2978.2","1592332",0.999,0.975,40,0.973684210526316,38,0.533876297666769,40,0.506689536437455,40
"2979.2","1592370",0.999,1,40,1,40,0.234078173125772,40,0.234078173125772,40
"2980.2","1592371",0.999,1,40,1,40,0.503882853660192,40,0.503882853660192,40
"2981.2","1592379",0.999,0.9,40,0.90625,32,0.210138785162317,38,0.163720066995933,38
"2982.2","1592381",0.999,0.975,40,0.973684210526316,38,0.315946138679966,40,0.292789456652316,40
"2983.2","1592389",0.999,0.973684210526316,38,0.972222222222222,36,0.105546229371971,39,0.0984620742108931,39
"2984.2","1592425",0.999,0.9,40,0.90625,32,0.332935055304355,40,0.28756767179181,40
"2985.2","1592439",0.999,0.975,40,0.973684210526316,38,0.0974442942081232,39,0.0877472728831949,39
"2986.2","1593577",0.999,0.975,40,0.973684210526316,38,0.369904191410687,40,0.355864166395052,40
"2987.2","1593734",0.999,1,40,1,40,0.163809989294728,40,0.163809989294728,40
"2988.2","1593739",0.999,1,40,1,40,0.387353384446408,40,0.387353384446408,40
"2989.2","1593750",0.999,1,40,1,40,0.280570333387945,40,0.280570333387945,40
"2990.2","1593796",0.999,1,16,1,16,0.0478769841269841,40,0.0478769841269841,40
"2991.2","1593891",0.999,NA,0,NA,0,0,39,0,39
"2992.2","1593900",0.999,NA,0,NA,0,0,40,0,40
"2993.2","1593903",0.999,NA,0,NA,0,0,40,0,40
"2994.2","1593931",0.999,NA,0,NA,0,0,39,0,39
"2995.2","1593961",0.999,NA,0,NA,0,0,18,0,18
"2996.2","1593976",0.999,NA,0,NA,0,0,40,0,40
"2997.2","1593986",0.999,NA,0,NA,0,0,26,0,26
"2998.2","1594013",0.999,NA,0,NA,0,0,38,0,38
"2999.2","1594054",0.999,NA,0,NA,0,0,39,0,39
"3000.2","1594092",0.999,NA,0,NA,0,0,33,0,33
"1.3","1010498",0.995,0.925,40,0.911764705882353,34,0.350401647012858,39,0.291372440924828,39
"2.3","1010508",0.995,1,40,1,40,0.217961081845105,40,0.217961081845105,40
"3.3","1010540",0.995,0.95,40,0.947368421052632,38,0.606809554139509,40,0.573794603973396,40
"4.3","1010562",0.995,NA,0,NA,0,0,28,0,28
"5.3","1010567",0.995,NA,0,NA,0,0,25,0,25
"6.3","1010611",0.995,0.9,40,0.878787878787879,33,0.302585915940053,39,0.239481147405421,39
"7.3","1010614",0.995,0.925,40,0.911764705882353,34,0.402139630146729,40,0.327013579726561,40
"8.3","1010690",0.995,1,1,1,1,0.0025062656641604,38,0.0025062656641604,38
"9.3","1010714",0.995,0.95,40,0.944444444444444,36,0.473766763251676,40,0.422136328469067,40
"10.3","1010723",0.995,1,6,1,6,0.0111827673071365,40,0.0111827673071365,40
"11.3","1010730",0.995,1,40,1,40,0.271481016708259,40,0.271481016708259,40
"12.3","1010794",0.995,0.95,40,0.944444444444444,36,0.624923112280587,40,0.561860834380358,40
"13.3","1013889",0.995,1,40,1,40,0.202329794268251,40,0.202329794268251,40
"14.3","1013891",0.995,1,40,1,40,0.22654715770144,40,0.22654715770144,40
"15.3","1013911",0.995,0.972222222222222,36,0.970588235294118,34,0.146365654768806,40,0.136869530737798,40
"16.3","1013935",0.995,1,40,1,40,0.257049693472582,40,0.257049693472582,40
"17.3","1013936",0.995,1,40,1,40,0.259491684866893,40,0.259491684866893,40
"18.3","1013944",0.995,0.973684210526316,38,0.972222222222222,36,0.0762173069388634,39,0.0670457093057273,39
"19.3","1013965",0.995,1,40,1,40,0.212983898894092,40,0.212983898894092,40
"20.3","1013976",0.995,1,38,1,38,0.141085364165519,40,0.141085364165519,40
"21.3","1013982",0.995,1,40,1,40,0.288933622930338,40,0.288933622930338,40
"22.3","1013990",0.995,1,40,1,40,0.242546226079266,40,0.242546226079266,40
"23.3","1014019",0.995,1,40,1,40,0.168699433557154,40,0.168699433557154,40
"24.3","1014046",0.995,1,40,1,40,0.208432040725492,40,0.208432040725492,40
"25.3","1014048",0.995,1,40,1,40,0.215843759898638,40,0.215843759898638,40
"26.3","1014056",0.995,1,40,1,40,0.248046454355004,40,0.248046454355004,40
"27.3","1014060",0.995,1,40,1,40,0.252268846411288,40,0.252268846411288,40
"28.3","1014077",0.995,1,40,1,40,0.210158824257661,40,0.210158824257661,40
"29.3","1014094",0.995,0.975,40,0.973684210526316,38,0.221875191241495,40,0.212946619812924,40
"30.3","1014096",0.995,1,40,1,40,0.214761516697138,40,0.214761516697138,40
"31.3","1014098",0.995,1,40,1,40,0.286080918880638,40,0.286080918880638,40
"32.3","1014119",0.995,1,40,1,40,0.294956206584114,40,0.294956206584114,40
"33.3","1014128",0.995,1,38,1,38,0.10940204330368,40,0.10940204330368,40
"34.3","1014150",0.995,1,40,1,40,0.415451724564854,40,0.415451724564854,40
"35.3","1014155",0.995,0.973684210526316,38,0.972222222222222,36,0.157172799922685,39,0.148946530068508,39
"36.3","1014163",0.995,1,40,1,40,0.266537566877955,40,0.266537566877955,40
"37.3","1014164",0.995,1,40,1,40,0.320161702772342,40,0.320161702772342,40
"38.3","1014172",0.995,1,34,1,34,0.10818672126725,40,0.10818672126725,40
"39.3","1014213",0.995,1,37,1,37,0.168837448573149,40,0.168837448573149,40
"40.3","1014271",0.995,1,40,1,40,0.248727399168242,40,0.248727399168242,40
"41.3","1014286",0.995,0.975,40,0.973684210526316,38,0.410842044429001,40,0.390286488873445,40
"42.3","1014294",0.995,1,40,1,40,0.553962547255014,40,0.553962547255014,40
"43.3","1014302",0.995,1,40,1,40,0.221213418743711,40,0.221213418743711,40
"44.3","1014304",0.995,1,40,1,40,0.257113425604512,40,0.257113425604512,40
"45.3","1014307",0.995,1,40,1,40,0.248738413938842,40,0.248738413938842,40
"46.3","1014312",0.995,1,40,1,40,0.227537230203507,40,0.227537230203507,40
"47.3","1014361",0.995,1,40,1,40,0.43883683639875,40,0.43883683639875,40
"48.3","1014363",0.995,1,40,1,40,0.381319038036389,40,0.381319038036389,40
"49.3","1014365",0.995,1,40,1,40,0.384422011835474,40,0.384422011835474,40
"50.3","1014371",0.995,1,40,1,40,0.471991248336966,40,0.471991248336966,40
"51.3","1014403",0.995,0.972972972972973,37,0.971428571428571,35,0.205443967273778,40,0.193234664948196,40
"52.3","1014420",0.995,1,40,1,40,0.297573882205901,40,0.297573882205901,40
"53.3","1014435",0.995,1,40,1,40,0.253953084775628,40,0.253953084775628,40
"54.3","1014447",0.995,1,40,1,40,0.170068234776828,40,0.170068234776828,40
"55.3","1014469",0.995,1,40,1,40,0.166228590426827,40,0.166228590426827,40
"56.3","1014484",0.995,0.975,40,0.975,40,0.241106813083557,40,0.241106813083557,40
"57.3","1014493",0.995,1,40,1,40,0.269774853193533,40,0.269774853193533,40
"58.3","1014550",0.995,NA,0,NA,0,0,40,0,40
"59.3","1014566",0.995,1,40,1,40,0.239690873593933,40,0.239690873593933,40
"60.3","1014582",0.995,1,40,1,40,0.295468178462365,40,0.295468178462365,40
"61.3","1014593",0.995,1,40,1,40,0.193063477220454,40,0.193063477220454,40
"62.3","1014600",0.995,0.974358974358974,39,0.972972972972973,37,0.180258277517549,40,0.172788039422311,40
"63.3","1014610",0.995,1,38,1,38,0.190844505161534,40,0.190844505161534,40
"64.3","1014611",0.995,1,39,1,39,0.182711068355071,40,0.182711068355071,40
"65.3","1014612",0.995,1,40,1,40,0.284484752107412,40,0.284484752107412,40
"66.3","1014627",0.995,0.974358974358974,39,0.972972972972973,37,0.182655593848518,40,0.16956035575328,40
"67.3","1014653",0.995,0.875,40,0.870967741935484,31,0.336262962936211,40,0.232386195098931,40
"68.3","1014655",0.995,0.975,40,0.973684210526316,38,0.306105208429639,40,0.285271875096306,40
"69.3","1014660",0.995,0.875,40,0.875,32,0.618804313766605,40,0.511575661568441,40
"70.3","1014685",0.995,0.875,40,0.903225806451613,31,0.348528726155937,39,0.283183778705726,39
"71.3","1014696",0.995,0.975,40,0.973684210526316,38,0.581201507522501,40,0.55341304598404,40
"72.3","1014697",0.995,0.975,40,0.973684210526316,38,0.544188086036232,40,0.51554559566396,40
"73.3","1014721",0.995,1,40,1,40,0.592340564025347,40,0.592340564025347,40
"74.3","1014734",0.995,1,40,1,40,0.343384018522133,40,0.343384018522133,40
"75.3","1014736",0.995,0.974358974358974,39,0.972972972972973,37,0.269236946839808,40,0.258522661125523,40
"76.3","1014746",0.995,0.9,40,0.90625,32,0.420675991369677,38,0.34154851138673,38
"77.3","1014794",0.995,0.888888888888889,9,0.875,8,0.0468421935857806,40,0.0330490901375048,40
"78.3","1014804",0.995,1,5,1,5,0.0149875765260381,39,0.0149875765260381,39
"79.3","1014822",0.995,1,20,1,20,0.0378665200428846,40,0.0378665200428846,40
"80.3","1014853",0.995,1,8,1,8,0.0143612407111962,36,0.0143612407111962,36
"81.3","1014858",0.995,0.785714285714286,28,0.904761904761905,21,0.237593291927657,38,0.204057529444526,38
"82.3","1014873",0.995,NA,0,NA,0,0,33,0,33
"83.3","1014876",0.995,1,29,1,29,0.0966638315062305,38,0.0966638315062305,38
"84.3","1014881",0.995,0.975,40,0.975,40,0.338810366455732,40,0.338810366455732,40
"85.3","1014887",0.995,1,1,1,1,0.00339366515837104,34,0.00339366515837104,34
"86.3","1014890",0.995,0.75,4,0.75,4,0.00289039039039039,36,0.00289039039039039,36
"87.3","1014892",0.995,0.666666666666667,3,0.666666666666667,3,0.0280701754385965,38,0.0280701754385965,38
"88.3","1014905",0.995,NA,0,NA,0,0,40,0,40
"89.3","1014964",0.995,0.975,40,0.973684210526316,38,0.305741325789315,40,0.287790197969766,40
"90.3","1015048",0.995,0.975,40,0.973684210526316,38,0.571359091777195,40,0.540857161275265,40
"91.3","1015164",0.995,0.95,40,0.972222222222222,36,0.542907066578632,40,0.48677472992304,40
"92.3","1015170",0.995,1,40,1,40,0.607958520299943,40,0.607958520299943,40
"93.3","1015176",0.995,0.925,40,0.941176470588235,34,0.283666671026385,40,0.234951060978538,40
"94.3","1015199",0.995,1,40,1,40,0.25909032728711,40,0.25909032728711,40
"95.3","1015204",0.995,0.975,40,0.973684210526316,38,0.470239158834217,40,0.442198618293676,40
"96.3","1015242",0.995,0.925,40,0.942857142857143,35,0.580704130888999,40,0.524646438581306,40
"97.3","1015259",0.995,0.925,40,0.911764705882353,34,0.282814733122851,39,0.230184356963063,39
"98.3","1015271",0.995,0.95,40,0.944444444444444,36,0.372931276628298,40,0.32592730837433,40
"99.3","1015283",0.995,0.925,40,0.941176470588235,34,0.364230105017834,39,0.296518419492383,39
"100.3","1015295",0.995,1,10,1,10,0.0225458065347435,40,0.0225458065347435,40
"101.3","1015303",0.995,0.975,40,0.973684210526316,38,0.571463354920326,40,0.546153757397106,40
"102.3","1015323",0.995,0.975,40,0.973684210526316,38,0.588088243779402,40,0.561485679676838,40
"103.3","1015390",0.995,1,40,1,40,0.641021786569141,40,0.641021786569141,40
"104.3","1015398",0.995,1,33,1,33,0.0926853315948283,40,0.0926853315948283,40
"105.3","1015412",0.995,1,35,1,35,0.107707036951441,40,0.107707036951441,40
"106.3","1015414",0.995,1,40,1,40,0.658501555250891,40,0.658501555250891,40
"107.3","1015430",0.995,1,40,1,40,0.441936878487863,40,0.441936878487863,40
"108.3","1015431",0.995,NA,0,NA,0,0,40,0,40
"109.3","1015434",0.995,NA,0,NA,0,0,39,0,39
"110.3","1015435",0.995,0.975,40,0.973684210526316,38,0.605835107339074,40,0.580886867173443,40
"111.3","1015441",0.995,NA,0,NA,0,0,35,0,35
"112.3","1015455",0.995,0.95,40,0.944444444444444,36,0.599896983216254,40,0.5343836601572,40
"113.3","1015481",0.995,NA,0,NA,0,0,35,0,35
"114.3","1015497",0.995,1,40,1,40,0.250525211999201,40,0.250525211999201,40
"115.3","1015521",0.995,NA,0,NA,0,0,33,0,33
"116.3","1015525",0.995,0.975,40,0.973684210526316,38,0.331576795831709,40,0.317201795831708,40
"117.3","1015542",0.995,0.95,40,0.944444444444444,36,0.475349556489262,40,0.426904178338002,40
"118.3","1015562",0.995,0.9,40,0.875,32,0.418310184777403,40,0.318404881747099,40
"119.3","1015566",0.995,0.95,40,0.944444444444444,36,0.453875927485326,40,0.41072403036284,40
"120.3","1015574",0.995,0.925,40,0.911764705882353,34,0.480904262418096,39,0.409522955552918,39
"121.3","1015575",0.995,0.9,40,0.911764705882353,34,0.343459267546969,40,0.294583979528536,40
"122.3","1015586",0.995,1,40,1,40,0.72533608195902,40,0.72533608195902,40
"123.3","1015594",0.995,1,40,1,40,0.648287788572004,40,0.648287788572004,40
"124.3","1015597",0.995,0.975,40,0.975,40,0.615411677783705,39,0.615411677783705,39
"125.3","1015621",0.995,0.975,40,0.973684210526316,38,0.585950768250296,39,0.555945312712926,39
"126.3","1015626",0.995,1,40,1,40,0.707113668612604,40,0.707113668612604,40
"127.3","1015651",0.995,1,40,1,40,0.917876965772433,40,0.917876965772433,40
"128.3","1015673",0.995,NA,0,NA,0,0,40,0,40
"129.3","1015680",0.995,0.975,40,0.973684210526316,38,0.221752171539559,40,0.210166805685901,40
"130.3","1015683",0.995,1,40,1,40,0.587446514837819,40,0.587446514837819,40
"131.3","1015691",0.995,0.894736842105263,38,0.903225806451613,31,0.168261244441342,38,0.12231601279423,38
"132.3","1016",0.995,0.9,40,0.90625,32,0.288464893941044,39,0.231331883582227,39
"133.3","1016028",0.995,0.95,40,0.944444444444444,36,0.206896695998649,39,0.190626144844377,39
"134.3","1016045",0.995,0.975,40,0.973684210526316,38,0.460688017465176,40,0.443040958641646,40
"135.3","1016091",0.995,1,40,1,40,0.322819122469487,40,0.322819122469487,40
"136.3","1016100",0.995,0.975,40,0.973684210526316,38,0.226368301949697,39,0.216843571494734,39
"137.3","1016137",0.995,0.975,40,0.973684210526316,38,0.602300091100836,40,0.5709052604413,40
"138.3","1016185",0.995,1,40,1,40,0.561106253448645,40,0.561106253448645,40
"139.3","1016200",0.995,NA,0,NA,0,0,37,0,37
"140.3","1016236",0.995,1,4,1,4,0.0196428571428571,40,0.0196428571428571,40
"141.3","1016238",0.995,1,7,1,7,0.0179292861131471,38,0.0179292861131471,38
"142.3","1016271",0.995,0.894736842105263,38,0.935483870967742,31,0.288511092149721,40,0.25795609112597,40
"143.3","1016290",0.995,1,40,1,40,0.566676029383662,40,0.566676029383662,40
"144.3","1016319",0.995,1,40,1,40,0.413069112577596,40,0.413069112577596,40
"145.3","1016323",0.995,0.975,40,0.973684210526316,38,0.315547988368385,40,0.298047988368385,40
"146.3","1016328",0.995,1,40,1,40,0.383378514193368,40,0.383378514193368,40
"147.3","1016338",0.995,1,40,1,40,0.901237280296022,40,0.901237280296022,40
"148.3","1016339",0.995,0.975,40,0.973684210526316,38,0.534250038959015,40,0.505445691132928,40
"149.3","1016362",0.995,1,40,1,40,0.411073815873034,40,0.411073815873034,40
"150.3","1016365",0.995,0.9,40,0.911764705882353,34,0.322386915410171,40,0.271156756680012,40
"151.3","1016379",0.995,0.975,40,0.973684210526316,38,0.45581736219628,40,0.431953725832644,40
"152.3","1016383",0.995,1,40,1,40,0.564756845796895,40,0.564756845796895,40
"153.3","1016388",0.995,1,40,1,40,0.642867066784454,40,0.642867066784454,40
"154.3","1016391",0.995,NA,0,NA,0,NA,0,NA,0
"155.3","1016395",0.995,1,40,1,40,0.704451125501079,40,0.704451125501079,40
"156.3","1016421",0.995,0.95,40,0.944444444444444,36,0.658844724988044,40,0.591721605275065,40
"157.3","1016426",0.995,0.975,40,0.973684210526316,38,0.73866503880312,40,0.696773146911228,40
"158.3","1016471",0.995,0.975,40,0.973684210526316,38,0.485609476223132,40,0.45179970491336,40
"159.3","1016486",0.995,0.975,40,0.973684210526316,38,0.16850441625403,39,0.158963569503881,39
"160.3","1016488",0.995,0.925,40,0.911764705882353,34,0.702937542234678,40,0.578789814961951,40
"161.3","1016493",0.995,0.875,40,0.870967741935484,31,0.355704146298218,39,0.263218582777708,39
"162.3","1016494",0.995,0.95,40,0.944444444444444,36,0.386094191240361,40,0.351790213967633,40
"163.3","1016513",0.995,0.95,40,0.944444444444444,36,0.467354224803891,40,0.424360902534253,40
"164.3","1016514",0.995,0.95,40,0.973684210526316,38,0.496848685181168,40,0.483613391063521,40
"165.3","1016519",0.995,1,40,1,40,0.649740322897938,40,0.649740322897938,40
"166.3","1016525",0.995,0.95,40,0.972222222222222,36,0.410870089726631,40,0.390749969606511,40
"167.3","1016527",0.995,1,40,1,40,0.482514556026443,40,0.482514556026443,40
"168.3","1016648",0.995,NA,0,NA,0,0,6,0,6
"169.3","1016659",0.995,0.975,40,0.973684210526316,38,0.620533132104929,39,0.586100897672694,39
"170.3","1016682",0.995,0.925,40,0.942857142857143,35,0.487246866291393,39,0.427850953064834,39
"171.3","1016774",0.995,NA,0,NA,0,0,40,0,40
"172.3","1016776",0.995,1,1,1,1,0.001,40,0.001,40
"173.3","1016794",0.995,1,40,1,40,0.324216770742165,40,0.324216770742165,40
"174.3","1016801",0.995,0.333333333333333,3,0.5,2,0.000664451827242525,35,0.000664451827242525,35
"175.3","1016822",0.995,NA,0,NA,0,0,39,0,39
"176.3","1016830",0.995,0.75,4,0.666666666666667,3,0.00819304152637486,39,0.00629370629370629,39
"177.3","1016840",0.995,1,40,1,40,0.152839064538166,40,0.152839064538166,40
"178.3","1016953",0.995,0.925,40,0.911764705882353,34,0.345248131504172,39,0.293588545570392,39
"179.3","1017015",0.995,NA,0,NA,0,0,39,0,39
"180.3","1017021",0.995,0.95,40,0.944444444444444,36,0.327460630074918,40,0.292524248626909,40
"181.3","1017025",0.995,0.95,40,0.944444444444444,36,0.172404747768017,39,0.155613808827334,39
"182.3","1017066",0.995,0.925,40,0.941176470588235,34,0.275586602008626,39,0.241882658892918,39
"183.3","1017069",0.995,0.95,40,0.944444444444444,36,0.389471395716845,39,0.356417993057439,39
"184.3","1017084",0.995,0.975,40,0.973684210526316,38,0.660100531191883,40,0.626298154706579,40
"185.3","1017087",0.995,0.95,40,0.944444444444444,36,0.635550139195576,40,0.56745245718342,40
"186.3","1017089",0.995,0.95,40,0.944444444444444,36,0.539598257669153,40,0.477065188886085,40
"187.3","1017096",0.995,0.95,40,0.944444444444444,36,0.231788459918862,40,0.205002745633148,40
"188.3","1017103",0.995,0.925,40,0.911764705882353,34,0.380125814171595,39,0.330526220217162,39
"189.3","1017122",0.995,0.975,40,0.973684210526316,38,0.651304347826087,40,0.625760869565217,40
"190.3","1017125",0.995,1,40,1,40,0.670878833838895,40,0.670878833838895,40
"191.3","1017142",0.995,1,40,1,40,0.845724948971243,40,0.845724948971243,40
"192.3","1017283",0.995,0.95,40,0.944444444444444,36,0.544493561891785,39,0.477260141717188,39
"193.3","1017306",0.995,0.95,40,0.944444444444444,36,0.583618637963616,40,0.517190066535044,40
"194.3","1017312",0.995,0.925,40,0.911764705882353,34,0.202606665458401,39,0.163483423109352,39
"195.3","1017330",0.995,NA,0,NA,0,0,39,0,39
"196.3","1017353",0.995,1,40,1,40,0.613682955602772,40,0.613682955602772,40
"197.3","1017354",0.995,0.975,40,0.973684210526316,38,0.396483391529631,40,0.379816724862965,40
"198.3","1017364",0.995,0.972972972972973,37,0.971428571428571,35,0.163087518040877,40,0.153133814337173,40
"199.3","1017520",0.995,0.925,40,0.911764705882353,34,0.471774077582635,40,0.395174919626769,40
"200.3","1017547",0.995,0.95,40,0.947368421052632,38,0.511410136137573,40,0.486991531486411,40
"201.3","1017554",0.995,0.95,40,0.947368421052632,38,0.306999138057164,40,0.282501290137508,40
"202.3","1017567",0.995,NA,0,NA,0,0,39,0,39
"203.3","1017695",0.995,1,40,1,40,0.539900397317138,40,0.539900397317138,40
"204.3","1017719",0.995,0.95,40,0.944444444444444,36,0.464373184962207,40,0.408761625822423,40
"205.3","1017721",0.995,0.85,40,0.862068965517241,29,0.573179594016625,40,0.429313043900075,40
"206.3","1017730",0.995,0.95,40,0.944444444444444,36,0.23958324035441,40,0.217361018132188,40
"207.3","1017790",0.995,NA,0,NA,0,0,32,0,32
"208.3","1017816",0.995,1,28,1,28,0.0668997018296508,40,0.0668997018296508,40
"209.3","1017821",0.995,1,33,1,33,0.0708689932417943,40,0.0708689932417943,40
"210.3","1017830",0.995,1,40,1,40,0.541549441946586,40,0.541549441946586,40
"211.3","1017833",0.995,1,40,1,40,0.2610679671751,40,0.2610679671751,40
"212.3","1017835",0.995,1,40,1,40,0.175877882105101,40,0.175877882105101,40
"213.3","1017862",0.995,1,40,1,40,0.191254531441639,40,0.191254531441639,40
"214.3","1017863",0.995,1,40,1,40,0.160308408215586,40,0.160308408215586,40
"215.3","1017982",0.995,NA,0,NA,0,0,25,0,25
"216.3","1018041",0.995,NA,0,NA,0,0,22,0,22
"217.3","1018062",0.995,0.95,40,0.944444444444444,36,0.29482452937809,38,0.251641783930962,38
"218.3","1018070",0.995,1,40,1,40,0.567024734253138,40,0.567024734253138,40
"219.3","1018099",0.995,0.825,40,0.821428571428571,28,0.408428018036985,39,0.31777318436106,39
"220.3","1018111",0.995,0.95,40,0.944444444444444,36,0.400802920411778,40,0.355860228405509,40
"221.3","1018135",0.995,0.975,40,0.973684210526316,38,0.450124956947224,39,0.432496751819019,39
"222.3","1018200",0.995,NA,0,NA,0,0,37,0,37
"223.3","1018206",0.995,1,40,1,40,0.241458853772422,40,0.241458853772422,40
"224.3","1018440",0.995,0.9,40,0.882352941176471,34,0.457256927748919,38,0.377208257584586,38
"225.3","1018486",0.995,0.925,40,0.911764705882353,34,0.492813892660213,38,0.41015091801931,38
"226.3","1019543",0.995,1,40,1,40,0.884786873930808,40,0.884786873930808,40
"227.3","1019571",0.995,1,40,1,40,0.796500683278604,40,0.796500683278604,40
"228.3","1020",0.995,0.888888888888889,36,0.892857142857143,28,0.159241061644908,39,0.118087765901041,39
"229.3","1020003",0.995,0.875,40,0.9375,32,0.336537547465975,40,0.289670948003609,40
"230.3","1020037",0.995,0.9,40,0.875,32,0.439228573931912,39,0.348327930255214,39
"231.3","1020042",0.995,0.975,40,0.973684210526316,38,0.383411515112363,40,0.361030562731411,40
"232.3","1020047",0.995,1,40,1,40,0.663297872340426,40,0.663297872340426,40
"233.3","1020050",0.995,1,40,1,40,0.65259772389906,40,0.65259772389906,40
"234.3","1020276",0.995,0.975,40,0.973684210526316,38,0.241077055067152,39,0.218348739852254,39
"235.3","1020278",0.995,0.975,40,0.973684210526316,38,0.525002724146396,39,0.498771495869132,39
"236.3","1020321",0.995,NA,0,NA,0,0,36,0,36
"237.3","1020323",0.995,NA,0,NA,0,0,34,0,34
"238.3","1020327",0.995,1,40,1,40,0.424981216014635,40,0.424981216014635,40
"239.3","1020333",0.995,1,4,1,4,0.0070078031212485,35,0.0070078031212485,35
"240.3","1020341",0.995,1,1,1,1,0.000771604938271605,36,0.000771604938271605,36
"241.3","1020348",0.995,1,1,1,1,0.00114285714285714,35,0.00114285714285714,35
"242.3","1021005",0.995,0.925,40,0.911764705882353,34,0.148230178946277,37,0.103437326428467,37
"243.3","1021016",0.995,0.923076923076923,39,0.909090909090909,33,0.0825340170358094,37,0.0494632691600447,37
"244.3","1021017",0.995,0.925,40,0.911764705882353,34,0.173558741857636,38,0.12858315685435,38
"245.3","1021035",0.995,0.923076923076923,39,0.914285714285714,35,0.177160949343155,40,0.142554509271599,40
"246.3","1021045",0.995,0.8,10,0.714285714285714,7,0.0320341821847972,37,0.0173791025142376,37
"247.3","1021047",0.995,0.925,40,0.911764705882353,34,0.120222274677323,37,0.0871653448199164,37
"248.3","1021070",0.995,0.925,40,0.911764705882353,34,0.0834099619687106,37,0.0529815890125157,37
"249.3","1021078",0.995,0.975,40,0.973684210526316,38,0.827310831722597,40,0.787809792221557,40
"250.3","1021093",0.995,1,40,1,40,0.76388315244677,40,0.76388315244677,40
"251.3","1021255",0.995,1,40,1,40,0.917876965772433,40,0.917876965772433,40
"252.3","1021289",0.995,0.975,40,0.973684210526316,38,0.525934597255995,40,0.497958987499898,40
"253.3","1021290",0.995,0.975,40,0.973684210526316,38,0.598637566022711,40,0.57167442499707,40
"254.3","1021292",0.995,1,40,1,40,0.51739792961078,40,0.51739792961078,40
"255.3","1021295",0.995,1,40,1,40,0.523780882645613,40,0.523780882645613,40
"256.3","1021315",0.995,1,40,1,40,0.953130588960839,40,0.953130588960839,40
"257.3","1021316",0.995,NA,0,NA,0,0,38,0,38
"258.3","1021327",0.995,0.975,40,0.973684210526316,38,0.704373730769612,40,0.673123730769612,40
"259.3","1021329",0.995,1,40,1,40,0.907281767723488,40,0.907281767723488,40
"260.3","1021488",0.995,0.95,40,0.944444444444444,36,0.402341733084327,40,0.355473549507068,40
"261.3","1021523",0.995,0.925,40,0.942857142857143,35,0.332970106715089,39,0.300996368088125,39
"262.3","1021532",0.995,0.95,40,0.944444444444444,36,0.485983375030414,40,0.421183297390662,40
"263.3","1021552",0.995,0.925,40,0.911764705882353,34,0.51929468226716,40,0.425673970541609,40
"264.3","1021587",0.995,1,40,1,40,0.796320472163495,40,0.796320472163495,40
"265.3","1021590",0.995,0.972222222222222,36,0.970588235294118,34,0.21308210064789,40,0.208637656203446,40
"266.3","1021617",0.995,0.970588235294118,34,0.96875,32,0.104481290482246,39,0.10031703368641,39
"267.3","1021845",0.995,1,40,1,40,0.673103607770583,40,0.673103607770583,40
"268.3","1021960",0.995,1,40,1,40,0.700696324951644,40,0.700696324951644,40
"269.3","1021967",0.995,NA,0,NA,0,0,39,0,39
"270.3","1022000",0.995,1,40,1,40,0.660220331206576,40,0.660220331206576,40
"271.3","1022001",0.995,0.972222222222222,36,0.970588235294118,34,0.138706921877251,39,0.130042023557181,39
"272.3","1022033",0.995,0.95,40,0.944444444444444,36,0.636121232309755,40,0.567248683290147,40
"273.3","1022052",0.995,0.9,40,0.875,32,0.62056310470579,40,0.475067072959758,40
"274.3","1022062",0.995,0.9,40,0.909090909090909,33,0.669598917005954,40,0.562383658008658,40
"275.3","1022085",0.995,0.975,40,0.973684210526316,38,0.780287647135473,40,0.737696738044564,40
"276.3","1022086",0.995,0.975,40,0.973684210526316,38,0.454147291704095,40,0.432352419909224,40
"277.3","1022116",0.995,0.888888888888889,18,0.9375,16,0.093678043523441,34,0.0900015729352057,34
"278.3","1022120",0.995,NA,0,NA,0,0,40,0,40
"279.3","1022123",0.995,0.975,40,0.973684210526316,38,0.315234301411328,39,0.304855791032818,39
"280.3","1022132",0.995,0.947368421052632,38,0.941176470588235,34,0.140988067201198,40,0.130273781486912,40
"281.3","1022223",0.995,0.975,40,0.973684210526316,38,0.545198081347792,40,0.509179370329081,40
"282.3","1022228",0.995,1,40,1,40,0.602627766623308,40,0.602627766623308,40
"283.3","1022229",0.995,0.975,40,0.973684210526316,38,0.458605882934515,40,0.439551395755028,40
"284.3","1022241",0.995,0.96969696969697,33,0.96875,32,0.505681818181818,40,0.497348484848485,40
"285.3","1022246",0.995,0.975,40,0.973684210526316,38,0.355680708913482,39,0.333705372422016,39
"286.3","1022294",0.995,0.9,40,0.941176470588235,34,0.43289934071376,38,0.396952046473932,38
"287.3","1022297",0.995,1,40,1,40,0.41986021855015,40,0.41986021855015,40
"288.3","1022341",0.995,NA,0,NA,0,0,8,0,8
"289.3","1022354",0.995,NA,0,NA,0,0,1,0,1
"290.3","1022357",0.995,NA,0,NA,0,0,27,0,27
"291.3","1022358",0.995,NA,0,NA,0,NA,0,NA,0
"292.3","1022387",0.995,NA,0,NA,0,NA,0,NA,0
"293.3","1022395",0.995,0.975,40,0.973684210526316,38,0.609432626633531,40,0.576099293300198,40
"294.3","1022404",0.995,0.95,40,0.973684210526316,38,0.599665217239357,40,0.576871099592298,40
"295.3","1022415",0.995,0.95,40,0.944444444444444,36,0.875351467148737,40,0.784257488944041,40
"296.3","1022432",0.995,0.95,40,0.944444444444444,36,0.718536077705828,40,0.639072617946346,40
"297.3","1022433",0.995,NA,0,NA,0,0,40,0,40
"298.3","1022439",0.995,NA,0,NA,0,0,40,0,40
"299.3","1022460",0.995,0.95,40,0.944444444444444,36,0.577541352619002,40,0.517247234971943,40
"300.3","1022462",0.995,0.875,40,0.870967741935484,31,0.641164770986399,40,0.490076384041145,40
"301.3","1022518",0.995,1,40,1,40,0.527394782989859,40,0.527394782989859,40
"302.3","1022527",0.995,1,40,1,40,0.497453683124214,40,0.497453683124214,40
"303.3","1022528",0.995,1,40,1,40,0.510799093022343,40,0.510799093022343,40
"304.3","1022534",0.995,0.975,40,0.973684210526316,38,0.501346191245544,40,0.480096191245544,40
"305.3","1023330",0.995,0.974358974358974,39,0.972972972972973,37,0.326393457807248,39,0.309469812976627,39
"306.3","1023350",0.995,1,40,1,40,0.199491904336943,40,0.199491904336943,40
"307.3","1023351",0.995,0.975,40,0.973684210526316,38,0.351788464542085,40,0.336136290629042,40
"308.3","1023355",0.995,1,40,1,40,0.25999919067043,40,0.25999919067043,40
"309.3","1023365",0.995,0.941176470588235,17,0.933333333333333,15,0.039416057584318,38,0.0317951954742918,38
"310.3","1023385",0.995,0.9,40,0.909090909090909,33,0.507294208349766,39,0.429997199802757,39
"311.3","1023388",0.995,0.9,40,0.875,32,0.38658459080973,38,0.316480475702212,38
"312.3","1023389",0.995,0.95,40,0.944444444444444,36,0.369986292941122,39,0.326062838944139,39
"313.3","1023467",0.995,0.975,40,0.973684210526316,38,0.400815627752573,40,0.382363246800192,40
"314.3","1023485",0.995,0.975,40,0.973684210526316,38,0.201875642846411,39,0.187483583293061,39
"315.3","1023505",0.995,0.952380952380952,21,0.952380952380952,21,0.0209242964181745,39,0.0209242964181745,39
"316.3","1023543",0.995,0.925,40,0.942857142857143,35,0.506766130085617,40,0.450037299440456,40
"317.3","1023568",0.995,0.975,40,0.973684210526316,38,0.31303626623215,39,0.301913242914005,39
"318.3","1023610",0.995,0.95,40,0.944444444444444,36,0.575125008643176,40,0.511109857128025,40
"319.3","1023641",0.995,0.975,40,0.975,40,0.615928437581515,40,0.615928437581515,40
"320.3","1023645",0.995,1,40,1,40,0.466929950003602,40,0.466929950003602,40
"321.3","1023647",0.995,1,40,1,40,0.578646589111929,40,0.578646589111929,40
"322.3","1023652",0.995,1,40,1,40,0.560688209662002,40,0.560688209662002,40
"323.3","1023685",0.995,0.975,40,0.973684210526316,38,0.530758762190119,40,0.502611102335142,40
"324.3","1023795",0.995,1,40,1,40,0.492536323850932,40,0.492536323850932,40
"325.3","1023797",0.995,1,40,1,40,0.696048170032604,40,0.696048170032604,40
"326.3","1024069",0.995,0.95,40,0.944444444444444,36,0.884375800091573,40,0.792389213597586,40
"327.3","1024081",0.995,1,40,1,40,0.608227838533768,40,0.608227838533768,40
"328.3","1024089",0.995,1,40,1,40,0.484133041926654,40,0.484133041926654,40
"329.3","1024093",0.995,0.948717948717949,39,0.942857142857143,35,0.178059492236294,40,0.161838054064251,40
"330.3","1024095",0.995,1,40,1,40,0.79504584359215,40,0.79504584359215,40
"331.3","1025295",0.995,1,40,1,40,0.451300029518153,40,0.451300029518153,40
"332.3","1025320",0.995,1,16,1,16,0.0367540116159359,40,0.0367540116159359,40
"333.3","1025323",0.995,0.975,40,0.973684210526316,38,0.357971752541488,39,0.327611291746245,39
"334.3","1025336",0.995,NA,0,NA,0,0,33,0,33
"335.3","1025645",0.995,0.975,40,0.973684210526316,38,0.485373664617588,40,0.45824600504312,40
"336.3","1025647",0.995,0.95,40,0.944444444444444,36,0.430170212765957,40,0.381234042553191,40
"337.3","1025650",0.995,0.975,40,0.973684210526316,38,0.413413031618397,39,0.390499774662587,39
"338.3","1026159",0.995,0.975,40,0.973684210526316,38,0.924978415047795,40,0.876089526158906,40
"339.3","1026535",0.995,0.925,40,0.911764705882353,34,0.331914893617021,40,0.271808510638298,40
"340.3","1027295",0.995,0.75,8,0.833333333333333,6,0.018084823673059,35,0.0161800617682971,35
"341.3","1027322",0.995,0.925,40,0.942857142857143,35,0.575556090950412,40,0.517048764943086,40
"342.3","1027323",0.995,0.975,40,0.973684210526316,38,0.670733122706049,40,0.63621923381716,40
"343.3","1027340",0.995,0.871794871794872,39,0.827586206896552,29,0.424466578802878,40,0.339052702891895,40
"344.3","1027346",0.995,0.923076923076923,39,0.971428571428571,35,0.416028034845991,40,0.402694701512657,40
"345.3","1027356",0.995,0.774193548387097,31,0.916666666666667,24,0.318628295160298,38,0.294686862631608,38
"346.3","1027360",0.995,0.96969696969697,33,0.967741935483871,31,0.410469094541066,40,0.372969094541066,40
"347.3","1027366",0.995,0.95,40,0.972972972972973,37,0.361107245618463,40,0.346401363265522,40
"348.3","1027376",0.995,0.875,40,0.866666666666667,30,0.450096187423739,40,0.341084605255907,40
"349.3","1027386",0.995,0.95,40,0.972972972972973,37,0.438043999618805,40,0.406592386715579,40
"350.3","1027389",0.995,0.925,40,0.911764705882353,34,0.375793703762558,40,0.310121660751805,40
"351.3","1027390",0.995,0.95,40,0.972222222222222,36,0.376191427586445,40,0.344160177586445,40
"352.3","1027470",0.995,0.95,40,0.944444444444444,36,0.286907032406317,40,0.255380225879511,40
"353.3","1027484",0.995,0.9,40,0.878787878787879,33,0.56200547528838,40,0.430535375620606,40
"354.3","1027515",0.995,0.975,40,0.973684210526316,38,0.385463451549051,40,0.371861200141921,40
"355.3","1027680",0.995,NA,0,NA,0,0,37,0,37
"356.3","1028001",0.995,NA,0,NA,0,0,28,0,28
"357.3","103",0.995,NA,0,NA,0,0,11,0,11
"358.3","1033969",0.995,1,40,1,40,0.388934957006301,40,0.388934957006301,40
"359.3","1033970",0.995,0.975,40,0.973684210526316,38,0.310155740175496,40,0.296325952941453,40
"360.3","1034109",0.995,0.975,40,0.973684210526316,38,0.375955148149355,40,0.359219037038244,40
"361.3","1034117",0.995,0.923076923076923,39,0.909090909090909,33,0.224922635479627,37,0.190133810604595,37
"362.3","1034121",0.995,0.5,2,0.5,2,0.00111111111111111,36,0.00111111111111111,36
"363.3","1034122",0.995,1,40,1,40,0.246727797053249,40,0.246727797053249,40
"364.3","1034130",0.995,NA,0,NA,0,0,36,0,36
"365.3","1034182",0.995,0.875,40,0.870967741935484,31,0.219818745927004,38,0.164478971876565,38
"366.3","1034876",0.995,1,40,1,40,0.189722899524374,40,0.189722899524374,40
"367.3","1034889",0.995,1,40,1,40,0.171421673075459,40,0.171421673075459,40
"368.3","1034904",0.995,1,40,1,40,0.188993167451239,40,0.188993167451239,40
"369.3","1034912",0.995,1,38,1,38,0.146209361405614,40,0.146209361405614,40
"370.3","1034915",0.995,0.974358974358974,39,0.972972972972973,37,0.185277118104685,39,0.148738656566223,39
"371.3","1034925",0.995,1,40,1,40,0.237915082884595,40,0.237915082884595,40
"372.3","1034949",0.995,0.975,40,0.974358974358974,39,0.266541920176517,40,0.260444359200907,40
"373.3","1034969",0.995,1,39,1,39,0.207316783275502,40,0.207316783275502,40
"374.3","1034975",0.995,1,40,1,40,0.300877365364341,40,0.300877365364341,40
"375.3","1034978",0.995,1,40,1,40,0.238724908103808,40,0.238724908103808,40
"376.3","1034989",0.995,NA,0,NA,0,0,39,0,39
"377.3","1035084",0.995,1,39,1,39,0.256565186029034,40,0.256565186029034,40
"378.3","1035087",0.995,0.974358974358974,39,0.972972972972973,37,0.275741523082703,40,0.256693904035084,40
"379.3","1035093",0.995,1,40,1,40,0.332894140742978,40,0.332894140742978,40
"380.3","1035109",0.995,1,40,1,40,0.219920118869262,40,0.219920118869262,40
"381.3","1035116",0.995,1,40,1,40,0.171493556954517,40,0.171493556954517,40
"382.3","1035120",0.995,1,40,1,40,0.191018223008793,40,0.191018223008793,40
"383.3","1035147",0.995,1,40,1,40,0.177547863367489,40,0.177547863367489,40
"384.3","1035150",0.995,1,40,1,40,0.212497415789835,40,0.212497415789835,40
"385.3","1035159",0.995,1,40,1,40,0.218085440745679,40,0.218085440745679,40
"386.3","1035166",0.995,1,40,1,40,0.182123537150125,40,0.182123537150125,40
"387.3","1035184",0.995,1,40,1,40,0.211182727156564,40,0.211182727156564,40
"388.3","1035188",0.995,1,40,1,40,0.557308488612836,40,0.557308488612836,40
"389.3","1035198",0.995,1,40,1,40,0.610227508700714,40,0.610227508700714,40
"390.3","1035200",0.995,1,40,1,40,0.47125478386348,40,0.47125478386348,40
"391.3","1035214",0.995,1,39,1,39,0.173306169629199,40,0.173306169629199,40
"392.3","1035224",0.995,1,40,1,40,0.196673179090871,40,0.196673179090871,40
"393.3","1035298",0.995,1,40,1,40,0.245203323980012,40,0.245203323980012,40
"394.3","1035300",0.995,1,40,1,40,0.198223794545405,40,0.198223794545405,40
"395.3","1035321",0.995,1,39,1,39,0.158720963395597,40,0.158720963395597,40
"396.3","1035330",0.995,1,40,1,40,0.193342631914314,40,0.193342631914314,40
"397.3","1035340",0.995,1,40,1,40,0.179906422318149,40,0.179906422318149,40
"398.3","1035379",0.995,1,40,1,40,0.338026696023863,40,0.338026696023863,40
"399.3","1035387",0.995,1,39,1,39,0.155298006808217,40,0.155298006808217,40
"400.3","1035390",0.995,1,40,1,40,0.232435763687353,40,0.232435763687353,40
"401.3","1035399",0.995,1,37,1,37,0.125071561435714,40,0.125071561435714,40
"402.3","1035441",0.995,0.975,40,0.973684210526316,38,0.451810698600366,40,0.424258615267033,40
"403.3","1035445",0.995,1,40,1,40,0.476672715060079,40,0.476672715060079,40
"404.3","1035454",0.995,1,40,1,40,0.45626611107965,40,0.45626611107965,40
"405.3","1035460",0.995,1,40,1,40,0.496072806832475,40,0.496072806832475,40
"406.3","1035482",0.995,0.975,40,0.973684210526316,38,0.355734612882412,40,0.319181582579382,40
"407.3","1035486",0.995,0.85,40,0.866666666666667,30,0.365715479026259,39,0.279168217253665,39
"408.3","1035526",0.995,0.95,40,0.944444444444444,36,0.459127100957022,38,0.408210572663583,38
"409.3","1035531",0.995,0.9,40,0.90625,32,0.440340176918841,40,0.344537865006615,40
"410.3","1035546",0.995,0.9,40,0.911764705882353,34,0.389569690029182,40,0.347612277482051,40
"411.3","1035553",0.995,0.9,40,0.939393939393939,33,0.347105626743411,39,0.311315028452813,39
"412.3","1035557",0.995,0.95,40,0.944444444444444,36,0.358977704197821,39,0.32372129394141,39
"413.3","1035559",0.995,0.975,40,0.973684210526316,38,0.676402964584667,40,0.642022101545268,40
"414.3","1035564",0.995,0.95,40,0.972222222222222,36,0.632760867901466,40,0.579917667558266,40
"415.3","1036155",0.995,0.95,40,0.947368421052632,38,0.616998675468842,40,0.585083781851821,40
"416.3","1037700",0.995,0.975,40,0.973684210526316,38,0.843922778219995,40,0.800305756943399,40
"417.3","1038",0.995,0.923076923076923,39,0.909090909090909,33,0.245480066741727,40,0.216901215333928,40
"418.3","1038239",0.995,1,31,1,31,0.151162531216267,40,0.151162531216267,40
"419.3","1038297",0.995,0.975,40,0.973684210526316,38,0.561168135329298,40,0.526882421043584,40
"420.3","1038310",0.995,0.925,40,0.911764705882353,34,0.578768600327955,40,0.506148785745931,40
"421.3","1038334",0.995,0.9,40,0.9375,32,0.481213898438163,40,0.401551200025465,40
"422.3","1038344",0.995,0.95,40,0.947368421052632,38,0.293455427171469,39,0.280634914350956,39
"423.3","1038366",0.995,0.875,40,0.875,32,0.417668671359907,39,0.340827356698793,39
"424.3","1038371",0.995,0.925,40,0.916666666666667,36,0.694368403083173,40,0.617956747772288,40
"425.3","1038394",0.995,1,31,1,31,0.183813747581584,40,0.183813747581584,40
"426.3","1038406",0.995,1,31,1,31,0.101583933060637,40,0.101583933060637,40
"427.3","1038414",0.995,1,30,1,30,0.141315532023305,40,0.141315532023305,40
"428.3","1038422",0.995,0.925,40,0.916666666666667,36,0.443658749441381,39,0.394780544313176,39
"429.3","1038450",0.995,0.975,40,0.973684210526316,38,0.402854898914076,40,0.381925020865295,40
"430.3","1038457",0.995,1,14,1,14,0.079674201767225,39,0.079674201767225,39
"431.3","1038458",0.995,0.975,40,0.973684210526316,38,0.324505086860812,39,0.304358566714292,39
"432.3","1038468",0.995,0.95,40,0.944444444444444,36,0.532986553771491,40,0.453947575276868,40
"433.3","1038474",0.995,1,7,1,7,0.0375376875376875,37,0.0375376875376875,37
"434.3","1038476",0.995,0.904761904761905,21,0.882352941176471,17,0.0520996880687237,38,0.0431020100501478,38
"435.3","1038481",0.995,1,40,1,40,0.620061694292694,40,0.620061694292694,40
"436.3","1038482",0.995,1,40,1,40,0.639247058950176,40,0.639247058950176,40
"437.3","1038525",0.995,0.9,40,0.90625,32,0.365036695263857,40,0.282574410781099,40
"438.3","1038542",0.995,0.925,40,0.911764705882353,34,0.563468299990651,40,0.461486948009299,40
"439.3","1038595",0.995,NA,0,NA,0,0,40,0,40
"440.3","1038623",0.995,NA,0,NA,0,0,40,0,40
"441.3","1038652",0.995,1,40,1,40,0.725122257198579,40,0.725122257198579,40
"442.3","1038653",0.995,0.95,40,0.944444444444444,36,0.355322783255465,39,0.304991111128921,39
"443.3","1038719",0.995,1,40,1,40,0.678865510175737,40,0.678865510175737,40
"444.3","1038740",0.995,0.9,40,0.90625,32,0.314165372456204,40,0.259248085442143,40
"445.3","1038754",0.995,0.975,40,0.973684210526316,38,0.414275867527729,40,0.3957044389563,40
"446.3","1038756",0.995,0.95,40,0.944444444444444,36,0.571816343091237,40,0.505278510009286,40
"447.3","1038788",0.995,1,1,1,1,0.0256410256410256,39,0.0256410256410256,39
"448.3","1038952",0.995,0.975,40,0.973684210526316,38,0.370289666579407,40,0.351539666579407,40
"449.3","1038953",0.995,1,38,1,38,0.144729331600441,40,0.144729331600441,40
"450.3","1038957",0.995,0.947368421052632,38,0.941176470588235,34,0.104978332039652,40,0.0946531287876195,40
"451.3","1039015",0.995,0.975,40,0.973684210526316,38,0.693019415135388,40,0.659307293923267,40
"452.3","1039028",0.995,1,40,1,40,0.610385832735264,40,0.610385832735264,40
"453.3","1039053",0.995,1,40,1,40,0.655643810435963,40,0.655643810435963,40
"454.3","1039071",0.995,NA,0,NA,0,0,11,0,11
"455.3","1039210",0.995,1,40,1,40,0.445416431706634,40,0.445416431706634,40
"456.3","1039213",0.995,0.975,40,0.973684210526316,38,0.341257656331258,40,0.325937143510745,40
"457.3","1039286",0.995,1,40,1,40,0.399629979291115,40,0.399629979291115,40
"458.3","1039287",0.995,0.975,40,0.973684210526316,38,0.451133080860159,40,0.432383080860159,40
"459.3","1039304",0.995,0.925,40,0.916666666666667,36,0.42993841383069,40,0.378061733723163,40
"460.3","1039309",0.995,0.975,40,0.973684210526316,38,0.206320138446147,40,0.198761998911264,40
"461.3","1039318",0.995,0.975,40,0.973684210526316,38,0.289707800649015,40,0.277207800649015,40
"462.3","1039319",0.995,0.975,40,0.973684210526316,38,0.311376661048483,40,0.300439161048483,40
"463.3","1039379",0.995,1,40,1,40,0.30252174005558,40,0.30252174005558,40
"464.3","1039422",0.995,0.9,40,0.941176470588235,34,0.440533958471125,39,0.39566216359933,39
"465.3","1039471",0.995,1,40,1,40,0.708570683030008,40,0.708570683030008,40
"466.3","1039487",0.995,0.95,40,0.944444444444444,36,0.832182990436169,40,0.744118955077962,40
"467.3","1039491",0.995,1,40,1,40,0.808643307478744,40,0.808643307478744,40
"468.3","1039499",0.995,0.975,40,0.973684210526316,38,0.448731152310548,40,0.430087741457835,40
"469.3","1039513",0.995,NA,0,NA,0,0,11,0,11
"470.3","1039530",0.995,NA,0,NA,0,0,30,0,30
"471.3","1039551",0.995,0.975,40,0.973684210526316,38,0.70936347271336,40,0.677307278588201,40
"472.3","1039562",0.995,0.975,40,0.973684210526316,38,0.73837991403497,40,0.702757384390701,40
"473.3","1039570",0.995,1,40,1,40,0.52171106570802,40,0.52171106570802,40
"474.3","1039572",0.995,1,40,1,40,0.615345875462709,40,0.615345875462709,40
"475.3","1039577",0.995,1,37,1,37,0.193890354355105,40,0.193890354355105,40
"476.3","1039579",0.995,1,40,1,40,0.577005944620876,40,0.577005944620876,40
"477.3","1039587",0.995,0.975,40,0.973684210526316,38,0.175900422128013,39,0.166636182094543,39
"478.3","1039619",0.995,1,40,1,40,0.298784646924284,40,0.298784646924284,40
"479.3","1039633",0.995,1,40,1,40,0.37419589481448,40,0.37419589481448,40
"480.3","1039646",0.995,1,40,1,40,0.426302624630875,40,0.426302624630875,40
"481.3","1039650",0.995,0.975,40,0.973684210526316,38,0.427150968833512,40,0.406511433949791,40
"482.3","1039660",0.995,0.975,40,0.973684210526316,38,0.384604579431579,40,0.36926367034067,40
"483.3","1039680",0.995,1,40,1,40,0.484142829416003,40,0.484142829416003,40
"484.3","1039693",0.995,0.975,40,0.973684210526316,38,0.535924976715156,40,0.512973073966742,40
"485.3","1039701",0.995,1,40,1,40,0.442006210508926,40,0.442006210508926,40
"486.3","1039761",0.995,1,40,1,40,0.509969613306373,40,0.509969613306373,40
"487.3","1039771",0.995,0.975,40,0.973684210526316,38,0.377397319114004,40,0.357754461971147,40
"488.3","1039773",0.995,0.925,40,0.911764705882353,34,0.506126253193476,40,0.418067204595307,40
"489.3","1039784",0.995,0.9,40,0.882352941176471,34,0.360826114579672,40,0.310211909847821,40
"490.3","1039838",0.995,0.975,40,0.973684210526316,38,0.364830766955537,40,0.34711514923992,40
"491.3","1039842",0.995,0.875,40,0.833333333333333,30,0.323258832941924,38,0.202024203112218,38
"492.3","1039849",0.995,0.9,40,0.882352941176471,34,0.322205706382304,40,0.265694931617853,40
"493.3","1039882",0.995,0.975,40,0.973684210526316,38,0.2868182585167,39,0.271555743254185,39
"494.3","1041010",0.995,1,40,1,40,0.497176066041599,40,0.497176066041599,40
"495.3","1041037",0.995,1,36,1,36,0.141579189814269,40,0.141579189814269,40
"496.3","1041042",0.995,0.975,40,0.973684210526316,38,0.553104729642899,40,0.520254488097006,40
"497.3","1041045",0.995,1,40,1,40,0.272470814685076,40,0.272470814685076,40
"498.3","1041049",0.995,0.975,40,0.973684210526316,38,0.38217465051886,40,0.366644347488557,40
"499.3","1041065",0.995,1,40,1,40,0.738092885375494,40,0.738092885375494,40
"500.3","1044637",0.995,0.975,40,0.973684210526316,38,0.696580873233047,40,0.656303095455269,40
"501.3","1046143",0.995,0.95,40,0.944444444444444,36,0.311991913204695,40,0.284805785379032,40
"502.3","1046156",0.995,0.95,40,0.947368421052632,38,0.391053011925013,40,0.37741664828865,40
"503.3","1046159",0.995,0.871794871794872,39,0.9,30,0.278993951892549,39,0.233277708259638,39
"504.3","1046460",0.995,0.975,40,0.973684210526316,38,0.310276363739257,40,0.298959290568525,40
"505.3","1046618",0.995,0.975,40,0.973684210526316,38,0.634532380000327,40,0.601290621758569,40
"506.3","1046682",0.995,0.975,40,0.973684210526316,38,0.389568457305541,40,0.364784907521991,40
"507.3","1047151",0.995,0.975,40,0.973684210526316,38,0.546113609071934,40,0.518550184124788,40
"508.3","1047360",0.995,0.975,40,0.973684210526316,38,0.423834188332654,40,0.401368475750662,40
"509.3","1047487",0.995,0.95,40,0.944444444444444,36,0.576288200592102,40,0.513887513044356,40
"510.3","1047502",0.995,0.95,40,0.944444444444444,36,0.495712163409425,40,0.441178912177898,40
"511.3","1047519",0.995,0.95,40,0.944444444444444,36,0.364673015023307,39,0.322618631235052,39
"512.3","1047529",0.995,0.975,40,0.973684210526316,38,0.595682620375692,39,0.561662473855545,39
"513.3","1047533",0.995,1,40,1,40,0.310904115463573,40,0.310904115463573,40
"514.3","1047545",0.995,1,40,1,40,0.670327906626765,40,0.670327906626765,40
"515.3","1047548",0.995,1,40,1,40,0.653182805401946,40,0.653182805401946,40
"516.3","1047549",0.995,1,40,1,40,0.696147896184103,40,0.696147896184103,40
"517.3","1047552",0.995,1,40,1,40,0.703402586208136,40,0.703402586208136,40
"518.3","1047553",0.995,1,40,1,40,0.711826151017709,40,0.711826151017709,40
"519.3","1047556",0.995,1,40,1,40,0.64142162119412,40,0.64142162119412,40
"520.3","1047559",0.995,1,40,1,40,0.675179098610351,40,0.675179098610351,40
"521.3","1047562",0.995,1,40,1,40,0.599250710887155,40,0.599250710887155,40
"522.3","1047563",0.995,1,40,1,40,0.675085127630537,40,0.675085127630537,40
"523.3","1047564",0.995,1,40,1,40,0.714557627986298,40,0.714557627986298,40
"524.3","1047579",0.995,1,40,1,40,0.631089917118422,40,0.631089917118422,40
"525.3","1047600",0.995,1,40,1,40,0.628110464682112,40,0.628110464682112,40
"526.3","1047621",0.995,0.95,40,0.944444444444444,36,0.583087872882337,40,0.529707258225126,40
"527.3","1047626",0.995,1,40,1,40,0.565950395957079,40,0.565950395957079,40
"528.3","1047627",0.995,1,40,1,40,0.719773995532455,40,0.719773995532455,40
"529.3","1047630",0.995,1,40,1,40,0.587046570709909,40,0.587046570709909,40
"530.3","1047708",0.995,1,40,1,40,0.683071230342276,40,0.683071230342276,40
"531.3","1047715",0.995,1,40,1,40,0.851870695857745,40,0.851870695857745,40
"532.3","1047746",0.995,1,40,1,40,0.74604532839963,40,0.74604532839963,40
"533.3","1047751",0.995,1,40,1,40,0.889488899167437,40,0.889488899167437,40
"534.3","1047761",0.995,1,40,1,40,0.726428204337548,40,0.726428204337548,40
"535.3","1047779",0.995,1,40,1,40,0.854648473635523,40,0.854648473635523,40
"536.3","1047793",0.995,0.925,40,0.911764705882353,34,0.515373382619369,40,0.426684748213168,40
"537.3","1047809",0.995,0.972972972972973,37,0.971428571428571,35,0.141499794637202,40,0.129213209271349,40
"538.3","1047823",0.995,0.975,40,0.973684210526316,38,0.610193708985541,40,0.570674921905778,40
"539.3","1047990",0.995,0.95,40,0.944444444444444,36,0.484663274662188,40,0.435206752923058,40
"540.3","1048236",0.995,0.925,40,0.911764705882353,34,0.423962084427201,40,0.341007538972655,40
"541.3","104831",0.995,1,40,1,40,0.775981280193237,40,0.775981280193237,40
"542.3","1048353",0.995,1,40,1,40,0.21925286220738,40,0.21925286220738,40
"543.3","1049367",0.995,0.95,40,0.944444444444444,36,0.836204960065619,40,0.746444046449479,40
"544.3","1050028",0.995,NA,0,NA,0,0,35,0,35
"545.3","1050030",0.995,NA,0,NA,0,0,30,0,30
"546.3","1050073",0.995,0.95,40,0.944444444444444,36,0.547462380740605,40,0.482698144265843,40
"547.3","1050074",0.995,0.925,40,0.911764705882353,34,0.533170210647141,40,0.434186537251703,40
"548.3","1050091",0.995,0.925,40,0.942857142857143,35,0.432888601497013,37,0.394881844740256,37
"549.3","1050107",0.995,0.925,40,0.942857142857143,35,0.431231775033246,40,0.375595315904139,40
"550.3","1050135",0.995,0.975,40,0.973684210526316,38,0.594834889904166,40,0.556263461332738,40
"551.3","1050209",0.995,1,40,1,40,0.860277777777778,40,0.860277777777778,40
"552.3","1050280",0.995,0.925,40,0.911764705882353,34,0.463375237665053,40,0.372812679308377,40
"553.3","1050286",0.995,0.95,40,0.944444444444444,36,0.393480908504372,40,0.348695962267813,40
"554.3","1050309",0.995,0.925,40,0.942857142857143,35,0.44309741120774,40,0.400470683097141,40
"555.3","1050323",0.995,0.925,40,0.942857142857143,35,0.182107349962395,40,0.158127163482209,40
"556.3","1050337",0.995,0.925,40,0.941176470588235,34,0.409299181178216,40,0.345882649792935,40
"557.3","1050388",0.995,0.95,40,0.944444444444444,36,0.323443560040407,39,0.289983964080811,39
"558.3","1050440",0.995,1,34,1,34,0.116327819801481,40,0.116327819801481,40
"559.3","1050442",0.995,0.975,40,0.973684210526316,38,0.682428202167424,40,0.649533465325319,40
"560.3","1051420",0.995,1,40,1,40,0.857553981182735,40,0.857553981182735,40
"561.3","1051423",0.995,1,40,1,40,0.878376503237743,40,0.878376503237743,40
"562.3","1052215",0.995,0.95,40,0.944444444444444,36,0.552694007580889,40,0.494920390432272,40
"563.3","1052236",0.995,0.9,40,0.942857142857143,35,0.387833633529567,39,0.359861605557539,39
"564.3","1052238",0.995,0.9,40,0.875,32,0.328211563512361,39,0.248759093938923,39
"565.3","1052239",0.995,0.975,40,0.973684210526316,38,0.498916605825837,40,0.472354105825837,40
"566.3","1052249",0.995,0.975,40,0.973684210526316,38,0.363098855456909,40,0.347473855456909,40
"567.3","1052264",0.995,0.95,40,0.972972972972973,37,0.48796759079125,40,0.464438179026544,40
"568.3","1053341",0.995,0.925,40,0.911764705882353,34,0.535832439425659,40,0.447746396065225,40
"569.3","1053364",0.995,1,40,1,40,0.431160860856585,40,0.431160860856585,40
"570.3","1053366",0.995,1,40,1,40,0.425504192818445,40,0.425504192818445,40
"571.3","1053379",0.995,0.837837837837838,37,0.892857142857143,28,0.154648535936625,38,0.112295195259184,38
"572.3","1053400",0.995,NA,0,NA,0,0,37,0,37
"573.3","1053440",0.995,0.909090909090909,11,0.888888888888889,9,0.0372748558741768,38,0.0259562367457104,38
"574.3","1053442",0.995,NA,0,NA,0,0,37,0,37
"575.3","1053445",0.995,1,5,1,5,0.0112387612387612,39,0.0112387612387612,39
"576.3","1053473",0.995,0.857142857142857,35,0.931034482758621,29,0.209408450435981,39,0.188124872902403,39
"577.3","1053480",0.995,0.9,40,0.875,32,0.191585192174992,40,0.14704457221348,40
"578.3","1053491",0.995,0.96551724137931,29,0.962962962962963,27,0.0719138330640253,38,0.0643798772066399,38
"579.3","1053517",0.995,1,40,1,40,0.22040258161068,40,0.22040258161068,40
"580.3","1053519",0.995,0.939393939393939,33,0.931034482758621,29,0.0732490618346943,40,0.0504668037701781,40
"581.3","1053520",0.995,0.967741935483871,31,0.96551724137931,29,0.0934888041171964,40,0.0887256992784867,40
"582.3","1053527",0.995,0.925,40,0.941176470588235,34,0.190995068374031,40,0.172200425516888,40
"583.3","1053533",0.995,1,10,1,10,0.0479876757488362,40,0.0479876757488362,40
"584.3","1053544",0.995,0.95,40,0.944444444444444,36,0.414428455036746,40,0.382314928466697,40
"585.3","1053545",0.995,0.894736842105263,38,0.903225806451613,31,0.269663891310815,40,0.233723031095761,40
"586.3","1053547",0.995,1,4,1,4,0.0221611721611722,39,0.0221611721611722,39
"587.3","1053571",0.995,0.95,40,0.944444444444444,36,0.380121867540858,40,0.34422203914103,40
"588.3","1053604",0.995,0.9,40,0.909090909090909,33,0.281932463162387,40,0.22274198697191,40
"589.3","1053608",0.995,0.9,40,0.909090909090909,33,0.272561808093649,40,0.230130692502251,40
"590.3","1053625",0.995,0.9,40,0.96875,32,0.426327911127308,39,0.360166100019261,39
"591.3","1053633",0.995,NA,0,NA,0,0,12,0,12
"592.3","1053645",0.995,0.970588235294118,34,0.96875,32,0.148183326363572,40,0.139312358621636,40
"593.3","1053664",0.995,0.95,40,0.944444444444444,36,0.238998276772365,40,0.221459338895725,40
"594.3","1053692",0.995,0.925,40,0.972222222222222,36,0.419905170871738,40,0.396041534508101,40
"595.3","1053694",0.995,0.971428571428571,35,0.96969696969697,33,0.15683802553633,39,0.140626280292327,39
"596.3","1053707",0.995,0.945945945945946,37,0.939393939393939,33,0.128738192225104,40,0.111180720960736,40
"597.3","1053719",0.995,1,40,1,40,0.212307855492225,40,0.212307855492225,40
"598.3","1053726",0.995,0.8,30,0.85,20,0.158757517849843,40,0.116477727805349,40
"599.3","1053733",0.995,0.939393939393939,33,0.966666666666667,30,0.162483578594,39,0.157624190670096,39
"600.3","1053734",0.995,0.925,40,0.941176470588235,34,0.381329504646826,40,0.299677980767479,40
"601.3","1053742",0.995,NA,0,NA,0,0,27,0,27
"602.3","1053744",0.995,1,40,1,40,0.55737285236444,40,0.55737285236444,40
"603.3","1053754",0.995,0.4,5,0.666666666666667,3,0.00471428571428571,35,0.00471428571428571,35
"604.3","1053759",0.995,1,5,1,5,0.012915359916368,40,0.012915359916368,40
"605.3","1053768",0.995,0.95,40,0.944444444444444,36,0.450230343944765,40,0.411452148456043,40
"606.3","1053773",0.995,0.945945945945946,37,0.939393939393939,33,0.18317657207384,38,0.163853008495964,38
"607.3","1053781",0.995,0.975,40,0.973684210526316,38,0.205273924791904,40,0.198741666727388,40
"608.3","1053797",0.995,0.925,40,0.911764705882353,34,0.266374088420908,39,0.218607339041256,39
"609.3","1053802",0.995,0.9,30,0.875,24,0.0511267750138107,38,0.0359485067625374,38
"610.3","1053851",0.995,0.975,40,0.973684210526316,38,0.163441567873355,40,0.156654237556613,40
"611.3","1053855",0.995,0.942857142857143,35,0.935483870967742,31,0.0780954865443748,39,0.0698866014124127,39
"612.3","1053856",0.995,0.9,40,0.971428571428571,35,0.36242573741703,40,0.348002660493953,40
"613.3","1053859",0.995,0.95,40,0.944444444444444,36,0.282384603059419,40,0.25431589016312,40
"614.3","1053861",0.995,0.916666666666667,12,0.909090909090909,11,0.0354675239755885,37,0.0328520052310375,37
"615.3","1053873",0.995,0.975,40,0.973684210526316,38,0.415337513785519,40,0.394967143415148,40
"616.3","1053882",0.995,1,40,1,40,0.185025452157624,40,0.185025452157624,40
"617.3","1053891",0.995,0.925,40,0.911764705882353,34,0.400504974248857,40,0.314854187127482,40
"618.3","1053907",0.995,0.911764705882353,34,0.96551724137931,29,0.20877148950057,40,0.17049023950057,40
"619.3","1053910",0.995,0.944444444444444,36,0.9375,32,0.119291836169167,37,0.0887613690895115,37
"620.3","1053943",0.995,0.925,40,0.941176470588235,34,0.313155046762528,39,0.264835312636342,39
"621.3","1053975",0.995,0.970588235294118,34,0.96875,32,0.075404169774604,40,0.0729848149358943,40
"622.3","1053981",0.995,0.825,40,0.814814814814815,27,0.382827501637109,40,0.273261449409766,40
"623.3","1054001",0.995,1,40,1,40,0.384720328813259,40,0.384720328813259,40
"624.3","1054030",0.995,0.975,40,0.973684210526316,38,0.39336863032995,40,0.371464695144765,40
"625.3","1054050",0.995,1,34,1,34,0.188891991203545,40,0.188891991203545,40
"626.3","1054087",0.995,0.95,40,0.944444444444444,36,0.281825259636233,40,0.254774995085968,40
"627.3","1054088",0.995,1,40,1,40,0.409892948604207,40,0.409892948604207,40
"628.3","1054113",0.995,0.964285714285714,28,0.961538461538462,26,0.111487140829297,39,0.0602050895472462,39
"629.3","1054120",0.995,0.916666666666667,36,0.933333333333333,30,0.174925772807286,39,0.124924603932048,39
"630.3","1054122",0.995,0.975,40,0.973684210526316,38,0.25570559730948,40,0.244308538485951,40
"631.3","1054130",0.995,1,35,1,35,0.123334647743677,40,0.123334647743677,40
"632.3","1054149",0.995,0.95,40,0.944444444444444,36,0.2077297231528,40,0.189747631122439,40
"633.3","1054178",0.995,0.923076923076923,39,0.944444444444444,36,0.191319760873183,38,0.184255729827828,38
"634.3","1054189",0.995,1,9,1,9,0.00940210639196189,39,0.00940210639196189,39
"635.3","1054190",0.995,1,2,1,2,0.00803571428571428,40,0.00803571428571428,40
"636.3","1054195",0.995,0.921052631578947,38,0.90625,32,0.152037242547068,39,0.133858159085727,39
"637.3","1054211",0.995,0.975,40,0.973684210526316,38,0.148191432926384,40,0.141034174861867,40
"638.3","1054215",0.995,0.923076923076923,39,0.942857142857143,35,0.11765014940853,40,0.103434004792666,40
"639.3","1054221",0.995,0.975,40,0.973684210526316,38,0.431394845996304,40,0.402853373489314,40
"640.3","1054238",0.995,0.95,40,0.944444444444444,36,0.295941966866891,39,0.273689810421186,39
"641.3","1054311",0.995,0.925,40,0.942857142857143,35,0.347433250413915,39,0.313897487930784,39
"642.3","1054327",0.995,1,1,1,1,0.00288461538461538,40,0.00288461538461538,40
"643.3","1054348",0.995,1,17,1,17,0.0366544742342027,38,0.0366544742342027,38
"644.3","1054349",0.995,0.828571428571429,35,0.88,25,0.199380716058135,35,0.151319656150301,35
"645.3","1054358",0.995,0.95,40,0.947368421052632,38,0.508107224018165,40,0.483501368162309,40
"646.3","1054367",0.995,0.925,40,0.911764705882353,34,0.308480600689479,40,0.264972654769175,40
"647.3","1054372",0.995,0.925,40,0.911764705882353,34,0.282992361221779,38,0.245402165975599,38
"648.3","1054408",0.995,0.928571428571429,28,0.916666666666667,24,0.076171707395455,39,0.0577422202159678,39
"649.3","1054421",0.995,1,20,1,20,0.0774517321221864,40,0.0774517321221864,40
"650.3","1054460",0.995,0.914285714285714,35,0.933333333333333,30,0.180297769940467,36,0.159072411517528,36
"651.3","1054487",0.995,0.95,40,0.972222222222222,36,0.240750429288442,39,0.221211474653333,39
"652.3","1054488",0.995,0.95,40,0.944444444444444,36,0.244945869376366,40,0.220978454080041,40
"653.3","1054497",0.995,0.973684210526316,38,0.972222222222222,36,0.0964702227659212,40,0.0903433754752808,40
"654.3","1054523",0.995,0.974358974358974,39,0.972972972972973,37,0.236510838758768,39,0.225647755094875,39
"655.3","1054527",0.995,0.925,40,0.970588235294118,34,0.214722562595242,40,0.202667791089866,40
"656.3","1054538",0.995,0.9,40,0.914285714285714,35,0.331350279848712,40,0.297682693544241,40
"657.3","1054543",0.995,NA,0,NA,0,0,39,0,39
"658.3","1054544",0.995,0.925,40,0.971428571428571,35,0.243266086282459,40,0.22797590771103,40
"659.3","1054548",0.995,1,30,1,30,0.0649451229806244,40,0.0649451229806244,40
"660.3","1054572",0.995,0.95,40,0.972222222222222,36,0.335722550222914,40,0.311732651233015,40
"661.3","1054576",0.995,0.975,40,0.973684210526316,38,0.509507358723739,40,0.483396247612628,40
"662.3","1054611",0.995,0.95,40,0.944444444444444,36,0.303445708637241,40,0.277664458637241,40
"663.3","1054613",0.995,0.975,40,0.973684210526316,38,0.317117817108076,40,0.300887658377918,40
"664.3","1054623",0.995,0.9,40,0.909090909090909,33,0.45725044484295,39,0.387052359405301,39
"665.3","1054645",0.995,0.95,40,0.944444444444444,36,0.132848032438598,39,0.120474746809499,39
"666.3","1054674",0.995,1,40,1,40,0.681145827539388,40,0.681145827539388,40
"667.3","1054722",0.995,0.95,40,0.944444444444444,36,0.277744357547146,40,0.260316042134959,40
"668.3","1054749",0.995,0.95,40,0.944444444444444,36,0.278071281703095,40,0.254856995988809,40
"669.3","1054762",0.995,1,40,1,40,0.205683315451963,40,0.205683315451963,40
"670.3","1054774",0.995,1,26,1,26,0.0523445349260444,40,0.0523445349260444,40
"671.3","1054785",0.995,0.975,40,0.973684210526316,38,0.273823541265773,40,0.26500943870167,40
"672.3","1054793",0.995,0.967741935483871,31,0.96551724137931,29,0.117999301229586,40,0.106888190118475,40
"673.3","1054800",0.995,0.925,40,0.942857142857143,35,0.214174683445482,39,0.184357407697974,39
"674.3","1054802",0.995,0.96969696969697,33,0.967741935483871,31,0.0456777787405383,40,0.0427708019963523,40
"675.3","1054829",0.995,1,40,1,40,0.640259711251848,40,0.640259711251848,40
"676.3","1054963",0.995,NA,0,NA,0,0,37,0,37
"677.3","1054964",0.995,NA,0,NA,0,0,36,0,36
"678.3","1054972",0.995,NA,0,NA,0,0,38,0,38
"679.3","1054982",0.995,NA,0,NA,0,0,28,0,28
"680.3","1055023",0.995,0.975,40,0.973684210526316,38,0.373891857144728,40,0.350098753696452,40
"681.3","1055024",0.995,0.975,40,0.973684210526316,38,0.558601727128973,40,0.525572274113545,40
"682.3","1055029",0.995,0.9,40,0.875,32,0.532478120915153,40,0.409062027204941,40
"683.3","1055033",0.995,0.975,40,0.973684210526316,38,0.481687670692476,40,0.456929216586196,40
"684.3","1055060",0.995,0.95,40,0.944444444444444,36,0.564773115157387,39,0.506293122927395,39
"685.3","1055074",0.995,0.9,40,0.875,32,0.510421743146201,38,0.400180863168479,38
"686.3","1055078",0.995,0.9,40,0.941176470588235,34,0.55154506768816,40,0.49296822786132,40
"687.3","1055125",0.995,0.95,40,0.944444444444444,36,0.468681949786018,40,0.418849960538706,40
"688.3","1055168",0.995,NA,0,NA,0,0,38,0,38
"689.3","1055221",0.995,1,40,1,40,0.507565084966401,40,0.507565084966401,40
"690.3","1055249",0.995,1,40,1,40,0.314062196518799,40,0.314062196518799,40
"691.3","1055258",0.995,1,38,1,38,0.203759947885846,40,0.203759947885846,40
"692.3","1055297",0.995,0.925,40,0.911764705882353,34,0.411754645134481,40,0.329751936572011,40
"693.3","1055314",0.995,0.925,40,0.911764705882353,34,0.388980165681128,40,0.330051594252557,40
"694.3","1055327",0.995,0.975,40,0.973684210526316,38,0.405998080465395,40,0.387760829911071,40
"695.3","1055358",0.995,0.975,40,0.973684210526316,38,0.397548959540263,40,0.378230777722081,40
"696.3","1055359",0.995,0.975,40,0.973684210526316,38,0.592592380020809,40,0.563145739704603,40
"697.3","1055417",0.995,0.975,40,0.973684210526316,38,0.514476938311891,40,0.483167414502367,40
"698.3","1055444",0.995,NA,0,NA,0,0,38,0,38
"699.3","1055457",0.995,NA,0,NA,0,0,40,0,40
"700.3","1061035",0.995,0.925,40,0.911764705882353,34,0.484666498853155,40,0.400142689329346,40
"701.3","1061043",0.995,0.9,40,0.909090909090909,33,0.393967096122269,39,0.321848027451476,39
"702.3","1061050",0.995,0.95,40,0.944444444444444,36,0.528033225934027,39,0.466541290450156,39
"703.3","1061058",0.995,0.875,40,0.833333333333333,30,0.551122458102845,40,0.384413895367406,40
"704.3","1061059",0.995,0.925,40,0.914285714285714,35,0.491443320758293,40,0.419176747462308,40
"705.3","1061067",0.995,0.9,40,0.875,32,0.430696955886263,40,0.325712134788748,40
"706.3","1061115",0.995,0.925,40,0.911764705882353,34,0.712147414044947,39,0.59805366465708,39
"707.3","1061150",0.995,0.925,40,0.941176470588235,34,0.539899920375927,40,0.467504827915045,40
"708.3","1061166",0.995,1,40,1,40,0.740998663333761,40,0.740998663333761,40
"709.3","1061169",0.995,1,40,1,40,0.763279868072825,40,0.763279868072825,40
"710.3","1061172",0.995,1,40,1,40,0.817729938099337,40,0.817729938099337,40
"711.3","1061179",0.995,1,39,1,39,0.274985086052159,40,0.274985086052159,40
"712.3","1061185",0.995,1,40,1,40,0.653015956911306,40,0.653015956911306,40
"713.3","1061191",0.995,1,40,1,40,0.70380580480005,40,0.70380580480005,40
"714.3","1061194",0.995,0.95,40,0.944444444444444,36,0.605960132703554,40,0.537418466036887,40
"715.3","1061213",0.995,1,40,1,40,0.756644518272425,40,0.756644518272425,40
"716.3","1061214",0.995,1,40,1,40,0.622188724728675,40,0.622188724728675,40
"717.3","1061222",0.995,1,40,1,40,0.550847880939986,40,0.550847880939986,40
"718.3","1061228",0.995,0.925,40,0.942857142857143,35,0.658070747813243,40,0.575713206673573,40
"719.3","1061230",0.995,1,40,1,40,0.596732715656027,40,0.596732715656027,40
"720.3","1061237",0.995,1,40,1,40,0.630195896048752,40,0.630195896048752,40
"721.3","1061240",0.995,0.95,40,0.972972972972973,37,0.652387873754153,40,0.619433328299607,40
"722.3","1061245",0.995,0.925,40,0.942857142857143,35,0.658784085496547,40,0.59149241882988,40
"723.3","1061252",0.995,0.975,40,0.973684210526316,38,0.878859506744836,40,0.834294289353531,40
"724.3","1061281",0.995,0.975,40,0.973684210526316,38,0.875396112231799,40,0.830158016993704,40
"725.3","1061295",0.995,1,40,1,40,0.726030087514321,40,0.726030087514321,40
"726.3","1061314",0.995,0.975,40,0.973684210526316,38,0.590062249553126,40,0.551543731034608,40
"727.3","1061349",0.995,0.95,40,0.972222222222222,36,0.653966119878184,40,0.605536241829403,40
"728.3","1061362",0.995,1,40,1,40,0.740336735683334,40,0.740336735683334,40
"729.3","1061371",0.995,0.975,40,0.975,40,0.567095554461032,40,0.567095554461032,40
"730.3","1061375",0.995,0.975,40,0.973684210526316,38,0.745979477007498,40,0.715027096055117,40
"731.3","1061381",0.995,1,40,1,40,0.731435424344731,40,0.731435424344731,40
"732.3","1061421",0.995,1,40,1,40,0.689975211686645,40,0.689975211686645,40
"733.3","1061440",0.995,0.85,40,0.933333333333333,30,0.564993786255821,40,0.480995770382805,40
"734.3","1061452",0.995,0.975,40,0.973684210526316,38,0.611453903556192,40,0.573829834077284,40
"735.3","1061695",0.995,NA,0,NA,0,0,40,0,40
"736.3","1061696",0.995,NA,0,NA,0,0,40,0,40
"737.3","1061711",0.995,NA,0,NA,0,0,40,0,40
"738.3","1061730",0.995,NA,0,NA,0,0,40,0,40
"739.3","1061749",0.995,1,1,1,1,0.00277777777777778,40,0.00277777777777778,40
"740.3","1061753",0.995,NA,0,NA,0,0,40,0,40
"741.3","1061755",0.995,NA,0,NA,0,0,40,0,40
"742.3","1061758",0.995,1,5,1,5,0.017828394515701,40,0.017828394515701,40
"743.3","1061764",0.995,1,2,1,2,0.00763157894736842,40,0.00763157894736842,40
"744.3","1061771",0.995,NA,0,NA,0,0,40,0,40
"745.3","1061772",0.995,1,10,1,10,0.0444907960397091,40,0.0444907960397091,40
"746.3","1061775",0.995,NA,0,NA,0,0,40,0,40
"747.3","1061798",0.995,NA,0,NA,0,0,31,0,31
"748.3","1061812",0.995,0.975,40,0.973684210526316,38,0.444129924953096,40,0.420251719824891,40
"749.3","1061815",0.995,1,40,1,40,0.701173591027853,40,0.701173591027853,40
"750.3","1061841",0.995,1,40,1,40,0.552948164554054,40,0.552948164554054,40
"751.3","1061860",0.995,1,4,1,4,0.00773162023162023,40,0.00773162023162023,40
"752.3","1061861",0.995,1,40,1,40,0.390147543532923,40,0.390147543532923,40
"753.3","1061891",0.995,0.875,40,0.833333333333333,30,0.37381873885918,40,0.267902072192513,40
"754.3","1061906",0.995,0.95,40,0.944444444444444,36,0.557425361640257,40,0.505238577835826,40
"755.3","1061914",0.995,0.975,40,0.973684210526316,38,0.526594539365918,40,0.5021627211841,40
"756.3","1061921",0.995,1,40,1,40,0.531144808610951,40,0.531144808610951,40
"757.3","1061928",0.995,1,40,1,40,0.565036444416117,40,0.565036444416117,40
"758.3","1061948",0.995,NA,0,NA,0,0,29,0,29
"759.3","1061966",0.995,NA,0,NA,0,0,36,0,36
"760.3","1061976",0.995,1,40,1,40,0.834742382651136,40,0.834742382651136,40
"761.3","1061977",0.995,0.95,40,0.944444444444444,36,0.459474318123717,39,0.405677975705728,39
"762.3","1062003",0.995,0.975,40,0.973684210526316,38,0.437999065468578,40,0.414972749679104,40
"763.3","1062074",0.995,0.95,40,0.944444444444444,36,0.527775814673684,40,0.460544631877985,40
"764.3","1062078",0.995,0.95,40,0.972972972972973,37,0.597741620225754,40,0.56707922706336,40
"765.3","1062117",0.995,0.973684210526316,38,0.972222222222222,36,0.282385939465037,40,0.269507151586249,40
"766.3","1062120",0.995,0.95,40,0.944444444444444,36,0.227878129267655,40,0.195510243088793,40
"767.3","1062141",0.995,0.925,40,0.911764705882353,34,0.352716843905119,38,0.293008782029639,38
"768.3","1062153",0.995,NA,0,NA,0,0,40,0,40
"769.3","1062196",0.995,1,40,1,40,1,40,1,40
"770.3","1062197",0.995,0.925,40,0.945945945945946,37,0.91436170212766,40,0.865425531914894,40
"771.3","1062202",0.995,1,40,1,40,0.978723404255319,40,0.978723404255319,40
"772.3","1062205",0.995,0.975,40,0.973684210526316,38,0.956382978723404,40,0.906914893617021,40
"773.3","1062216",0.995,1,40,1,40,0.683441258094357,40,0.683441258094357,40
"774.3","1062302",0.995,1,40,1,40,0.606915527244231,40,0.606915527244231,40
"775.3","1062329",0.995,1,6,1,6,0.0145238095238095,40,0.0145238095238095,40
"776.3","1062370",0.995,0.95,40,0.944444444444444,36,0.51832885844761,40,0.458984825287788,40
"777.3","1062386",0.995,0.88,25,0.9,20,0.0776082072594537,39,0.0582760740753282,39
"778.3","1062413",0.995,1,40,1,40,0.500369862509067,40,0.500369862509067,40
"779.3","1062445",0.995,1,40,1,40,0.309404861195384,40,0.309404861195384,40
"780.3","1062446",0.995,1,2,1,2,0.021780303030303,40,0.021780303030303,40
"781.3","1062459",0.995,0.925,40,0.911764705882353,34,0.238373633928764,39,0.188317200898193,39
"782.3","1062465",0.995,0.975,40,0.973684210526316,38,0.434517200250406,40,0.409233109341315,40
"783.3","1062478",0.995,0.95,40,0.944444444444444,36,0.492293350836479,39,0.42337338191651,39
"784.3","1062511",0.995,0.9,10,0.875,8,0.0828615455631585,31,0.0750414087107635,31
"785.3","1063296",0.995,NA,0,NA,0,NA,0,NA,0
"786.3","1063380",0.995,NA,0,NA,0,0,32,0,32
"787.3","1064344",0.995,0.975,40,0.973684210526316,38,0.426424398293595,39,0.412617692179197,39
"788.3","1064352",0.995,1,40,1,40,0.409228899019331,40,0.409228899019331,40
"789.3","1064405",0.995,0.925,40,0.972222222222222,36,0.259587090382846,39,0.251817082612839,39
"790.3","1064423",0.995,0.95,40,0.944444444444444,36,0.313621253051995,39,0.284224910147588,39
"791.3","1064456",0.995,1,40,1,40,0.300168313039971,40,0.300168313039971,40
"792.3","1064491",0.995,0.925,40,0.942857142857143,35,0.413000678116167,40,0.371009336124825,40
"793.3","1064532",0.995,0.95,40,0.944444444444444,36,0.593436651514863,40,0.528242522726985,40
"794.3","1065694",0.995,1,40,1,40,0.659543011973887,40,0.659543011973887,40
"795.3","1065739",0.995,0.925,40,0.971428571428571,35,0.215552270423366,40,0.199259984278139,40
"796.3","1065834",0.995,0.95,40,0.944444444444444,36,0.814319926841996,40,0.730277373650507,40
"797.3","1065843",0.995,1,40,1,40,0.51240903484428,40,0.51240903484428,40
"798.3","1065850",0.995,1,40,1,40,0.80873417368152,40,0.80873417368152,40
"799.3","1065852",0.995,1,40,1,40,0.741716685952376,40,0.741716685952376,40
"800.3","1065859",0.995,1,40,1,40,0.663068730786122,40,0.663068730786122,40
"801.3","1071367",0.995,0.975,40,0.973684210526316,38,0.312663162625138,39,0.301072901034877,39
"802.3","1071389",0.995,0.975,40,0.973684210526316,38,0.385675601795922,40,0.367385160619452,40
"803.3","1071395",0.995,1,40,1,40,0.521065997378459,40,0.521065997378459,40
"804.3","1071432",0.995,0.9,40,0.909090909090909,33,0.260895829449608,39,0.225591011188853,39
"805.3","1071433",0.995,NA,0,NA,0,0,38,0,38
"806.3","1071447",0.995,0.975,40,0.973684210526316,38,0.535986690100342,40,0.5130028191326,40
"807.3","1071455",0.995,0.975,40,0.973684210526316,38,0.366703377448616,40,0.347436460155382,40
"808.3","1071460",0.995,0.975,40,0.973684210526316,38,0.831914893617021,40,0.78936170212766,40
"809.3","1071481",0.995,0.95,40,0.944444444444444,36,0.332129195947982,39,0.291378280197066,39
"810.3","1071496",0.995,0.95,40,0.944444444444444,36,0.327319421484277,40,0.28614481145808,40
"811.3","1071508",0.995,NA,0,NA,0,0,29,0,29
"812.3","1071509",0.995,0.975,40,0.973684210526316,38,0.432990479145163,40,0.407018256922941,40
"813.3","1071517",0.995,0.95,40,0.944444444444444,36,0.32908029457802,40,0.288030584153309,40
"814.3","1071533",0.995,0.975,40,0.973684210526316,38,0.679444008396945,40,0.642644325521681,40
"815.3","1071546",0.995,NA,0,NA,0,0,40,0,40
"816.3","1071552",0.995,NA,0,NA,0,0,40,0,40
"817.3","1071578",0.995,NA,0,NA,0,0,40,0,40
"818.3","1071605",0.995,0.975,40,0.973684210526316,38,0.492622377622378,40,0.461372377622378,40
"819.3","1071614",0.995,1,40,1,40,1,40,1,40
"820.3","1071641",0.995,0.875,40,0.870967741935484,31,0.215575826172131,39,0.156656698831951,39
"821.3","1071653",0.995,0.95,40,0.944444444444444,36,0.189358010139604,40,0.16604063368958,40
"822.3","1071665",0.995,NA,0,NA,0,0,40,0,40
"823.3","1071670",0.995,0.9,40,0.909090909090909,33,0.343363924890003,40,0.286786156544408,40
"824.3","1071677",0.995,1,40,1,40,1,40,1,40
"825.3","1071695",0.995,1,40,1,40,1,40,1,40
"826.3","1071773",0.995,0.8,5,0.666666666666667,3,0.0188216039279869,39,0.00436442989634479,39
"827.3","1071785",0.995,0.95,40,0.944444444444444,36,0.523086541515837,40,0.463958444274136,40
"828.3","1071899",0.995,1,40,1,40,0.922537002775208,40,0.922537002775208,40
"829.3","1071941",0.995,0.975,40,0.973684210526316,38,0.482520043867359,40,0.451597945298202,40
"830.3","1071946",0.995,0.975,40,0.973684210526316,38,0.662192075833682,40,0.630525409167015,40
"831.3","1071969",0.995,0.975,40,0.973684210526316,38,0.698007538616145,40,0.669118649727256,40
"832.3","1071979",0.995,0.975,40,0.973684210526316,38,0.547800657723541,40,0.520080630003514,40
"833.3","1072011",0.995,1,40,1,40,0.411322039174206,40,0.411322039174206,40
"834.3","1072040",0.995,1,40,1,40,0.658594093104963,40,0.658594093104963,40
"835.3","1072041",0.995,0.975,40,0.973684210526316,38,0.529718125536203,40,0.509609429884029,40
"836.3","1072045",0.995,0.975,40,0.973684210526316,38,0.27014405970338,39,0.25153650984583,39
"837.3","1072120",0.995,0.95,40,0.972972972972973,37,0.460973861685437,40,0.437536361685437,40
"838.3","1072251",0.995,0.95,40,0.944444444444444,36,0.335002232780213,39,0.303373730563475,39
"839.3","1072285",0.995,0.925,40,0.941176470588235,34,0.65198201569023,38,0.5581259036359,38
"840.3","1072286",0.995,0.9,40,0.939393939393939,33,0.513815043667658,40,0.442713539325226,40
"841.3","1072300",0.995,0.95,40,0.944444444444444,36,0.472290711104746,40,0.420500174692234,40
"842.3","1072312",0.995,0.85,40,0.862068965517241,29,0.397909542843507,40,0.290925641328356,40
"843.3","1072327",0.995,0.9,40,0.90625,32,0.588901122466052,39,0.465656652571458,39
"844.3","1072336",0.995,0.875,40,0.90625,32,0.544002819076349,40,0.446817945126769,40
"845.3","1081317",0.995,NA,0,NA,0,0,26,0,26
"846.3","108900",0.995,1,40,1,40,0.677691040843215,40,0.677691040843215,40
"847.3","108926",0.995,1,40,1,40,0.701870882740448,40,0.701870882740448,40
"848.3","1093811",0.995,1,40,1,40,0.457665220733683,40,0.457665220733683,40
"849.3","1093812",0.995,1,40,1,40,0.599075682872845,40,0.599075682872845,40
"850.3","1094079",0.995,1,40,1,40,0.619040456871636,40,0.619040456871636,40
"851.3","1095327",0.995,0.975,40,0.973684210526316,38,0.765554074141031,40,0.728331851918808,40
"852.3","1095421",0.995,0.975,40,0.973684210526316,38,0.63228263511871,40,0.601925492261567,40
"853.3","1095628",0.995,0.95,40,0.944444444444444,36,0.619862320303053,40,0.563894101529956,40
"854.3","1096255",0.995,NA,0,NA,0,0,40,0,40
"855.3","1096256",0.995,0.95,40,0.944444444444444,36,0.629048090868911,40,0.564891545659735,40
"856.3","1096313",0.995,1,40,1,40,0.606289500158307,40,0.606289500158307,40
"857.3","1096677",0.995,0.95,40,0.944444444444444,36,0.367429653679654,40,0.326280663780664,40
"858.3","1096687",0.995,0.975,40,0.973684210526316,38,0.530476458532329,40,0.504561824385988,40
"859.3","1096700",0.995,1,40,1,40,0.545865209258353,40,0.545865209258353,40
"860.3","1097284",0.995,1,40,1,40,0.494755969444752,40,0.494755969444752,40
"861.3","1097316",0.995,NA,0,NA,0,0,39,0,39
"862.3","1097850",0.995,1,40,1,40,0.266948618242223,40,0.266948618242223,40
"863.3","1097891",0.995,1,40,1,40,0.7241805933085,40,0.7241805933085,40
"864.3","1098080",0.995,NA,0,NA,0,0,40,0,40
"865.3","1098131",0.995,0.975,40,0.973684210526316,38,0.512138284841773,40,0.492370842981308,40
"866.3","1099054",0.995,NA,0,NA,0,0,27,0,27
"867.3","1099057",0.995,NA,0,NA,0,0,30,0,30
"868.3","1099344",0.995,NA,0,NA,0,0,31,0,31
"869.3","1099345",0.995,NA,0,NA,0,0,29,0,29
"870.3","1099371",0.995,NA,0,NA,0,0,31,0,31
"871.3","1099393",0.995,NA,0,NA,0,0,34,0,34
"872.3","1099403",0.995,NA,0,NA,0,0,32,0,32
"873.3","1099548",0.995,NA,0,NA,0,0,40,0,40
"874.3","1099742",0.995,1,40,1,40,0.535146073578208,40,0.535146073578208,40
"875.3","1099788",0.995,1,40,1,40,0.411227817004629,40,0.411227817004629,40
"876.3","1099794",0.995,0.975,40,0.973684210526316,38,0.362824827471168,40,0.349540855345733,40
"877.3","1099815",0.995,1,40,1,40,0.515481450925572,40,0.515481450925572,40
"878.3","1099823",0.995,0.974358974358974,39,0.974358974358974,39,0.286594673653033,40,0.286594673653033,40
"879.3","1099836",0.995,0.95,40,0.947368421052632,38,0.418844977785767,40,0.400094977785767,40
"880.3","1099847",0.995,1,1,1,1,0.00320512820512821,39,0.00320512820512821,39
"881.3","1099872",0.995,1,40,1,40,0.465211057830343,40,0.465211057830343,40
"882.3","1099882",0.995,1,40,1,40,0.487672063804149,40,0.487672063804149,40
"883.3","1099891",0.995,1,40,1,40,0.552528297713631,40,0.552528297713631,40
"884.3","1099897",0.995,1,40,1,40,0.428067672244336,40,0.428067672244336,40
"885.3","1099974",0.995,1,1,1,1,0.000610500610500611,39,0.000610500610500611,39
"886.3","1101836",0.995,NA,0,NA,0,0,38,0,38
"887.3","1101844",0.995,1,15,1,15,0.0831817923455855,40,0.0831817923455855,40
"888.3","1101847",0.995,0.975,40,0.973684210526316,38,0.522798019426913,40,0.491868532247425,40
"889.3","1101851",0.995,NA,0,NA,0,0,40,0,40
"890.3","1101874",0.995,1,13,1,13,0.0639332609943784,40,0.0639332609943784,40
"891.3","1102004",0.995,1,40,1,40,0.489375779432135,40,0.489375779432135,40
"892.3","1102194",0.995,0.9,40,0.941176470588235,34,0.3514417731864,40,0.310210891494992,40
"893.3","1102204",0.995,0.95,40,0.944444444444444,36,0.503780654724197,40,0.44367677035202,40
"894.3","1102205",0.995,1,12,1,12,0.0266832319014604,40,0.0266832319014604,40
"895.3","1102390",0.995,1,40,1,40,0.629530568025319,40,0.629530568025319,40
"896.3","1102418",0.995,1,40,1,40,0.353769778064394,40,0.353769778064394,40
"897.3","1102419",0.995,NA,0,NA,0,0,40,0,40
"898.3","1102437",0.995,1,40,1,40,0.385442171971777,40,0.385442171971777,40
"899.3","1102551",0.995,1,40,1,40,0.585276055045792,40,0.585276055045792,40
"900.3","1102592",0.995,NA,0,NA,0,0,40,0,40
"901.3","1102632",0.995,0.95,40,0.944444444444444,36,0.504033928827765,40,0.45604381025069,40
"902.3","1102634",0.995,0.925,40,0.972222222222222,36,0.532567535325778,40,0.507567535325778,40
"903.3","1102640",0.995,1,39,1,39,0.197383008468288,40,0.197383008468288,40
"904.3","1102675",0.995,1,39,1,39,0.334321217734968,40,0.334321217734968,40
"905.3","1103217",0.995,1,40,1,40,0.651673395530505,40,0.651673395530505,40
"906.3","1103237",0.995,1,40,1,40,0.801327684803633,40,0.801327684803633,40
"907.3","1104",0.995,0.925,40,0.911764705882353,34,0.174298314642152,40,0.152365274563951,40
"908.3","1104038",0.995,1,40,1,40,0.458233355870196,40,0.458233355870196,40
"909.3","1104179",0.995,NA,0,NA,0,0,35,0,35
"910.3","1104193",0.995,NA,0,NA,0,0,36,0,36
"911.3","1105663",0.995,1,40,1,40,0.587319402314347,40,0.587319402314347,40
"912.3","1107614",0.995,0.925,40,0.971428571428571,35,0.460715563506261,40,0.434418604651163,40
"913.3","1107615",0.995,0.95,40,0.944444444444444,36,0.695480027879764,40,0.626714800858723,40
"914.3","1107631",0.995,0.9,40,0.875,32,0.178265802981425,40,0.132565319889637,40
"915.3","1108",0.995,0.918918918918919,37,0.903225806451613,31,0.26379991249957,40,0.213149819128888,40
"916.3","1108201",0.995,1,40,1,40,0.427294154426174,40,0.427294154426174,40
"917.3","1109272",0.995,1,40,1,40,0.623565546772069,40,0.623565546772069,40
"918.3","1110396",0.995,NA,0,NA,0,0,28,0,28
"919.3","1110595",0.995,0.975,40,0.973684210526316,38,0.578290558091648,40,0.536028653329743,40
"920.3","1110622",0.995,0.975,40,0.973684210526316,38,0.727915884250566,40,0.697511843846525,40
"921.3","1110687",0.995,0.925,40,0.942857142857143,35,0.605191880355483,40,0.53733473749834,40
"922.3","1110693",0.995,0.9,40,0.882352941176471,34,0.386834988974275,39,0.32420919630816,39
"923.3","1110732",0.995,NA,0,NA,0,0,39,0,39
"924.3","1110734",0.995,NA,0,NA,0,0,38,0,38
"925.3","1110739",0.995,NA,0,NA,0,0,40,0,40
"926.3","1110791",0.995,0.9,40,0.875,32,0.298912228764872,40,0.229185986975053,40
"927.3","1110795",0.995,0.975,40,0.973684210526316,38,0.464295412716312,40,0.441864857160756,40
"928.3","1110801",0.995,0.9,40,0.909090909090909,33,0.447292151321387,39,0.386864153393389,39
"929.3","1110819",0.995,0.975,40,0.973684210526316,38,0.654775311145211,40,0.619169250539151,40
"930.3","1110833",0.995,1,40,1,40,0.401502219992608,40,0.401502219992608,40
"931.3","1110838",0.995,0.95,40,0.944444444444444,36,0.571100043296324,40,0.498519398135034,40
"932.3","1110851",0.995,0.95,40,0.944444444444444,36,0.403637576352955,40,0.361785607183913,40
"933.3","1110862",0.995,0.975,40,0.973684210526316,38,0.673404098088165,40,0.634520169516736,40
"934.3","1110880",0.995,0.975,40,0.973684210526316,38,0.638902793077911,39,0.605491759666878,39
"935.3","1110914",0.995,0.964285714285714,28,0.961538461538462,26,0.0726873947246164,39,0.0694658299645901,39
"936.3","1110941",0.995,0.925,40,0.942857142857143,35,0.384727184097881,39,0.348028839707228,39
"937.3","1110963",0.995,0.975,40,0.973684210526316,38,0.533078083367803,40,0.506828083367803,40
"938.3","1110968",0.995,0.95,40,0.944444444444444,36,0.425181892151875,40,0.383773643967311,40
"939.3","1110976",0.995,1,34,1,34,0.104247503420622,40,0.104247503420622,40
"940.3","1113179",0.995,0.9,40,0.909090909090909,33,0.397940439627601,40,0.317204540685181,40
"941.3","1114415",0.995,1,40,1,40,0.796312391112637,40,0.796312391112637,40
"942.3","1114514",0.995,0.975,40,0.973684210526316,38,0.453693334835475,40,0.425588155131458,40
"943.3","1114524",0.995,0.975,40,0.973684210526316,38,0.39890557854195,40,0.380565197992268,40
"944.3","1114530",0.995,0.947368421052632,19,0.941176470588235,17,0.0758757281216562,40,0.0651946135705726,40
"945.3","1114531",0.995,0.9,40,0.875,32,0.460324875242944,40,0.344246246210686,40
"946.3","1114542",0.995,0.95,40,0.944444444444444,36,0.440833348014775,39,0.389864603497643,39
"947.3","1114546",0.995,0.9,40,0.875,32,0.370727548652908,40,0.275261385306748,40
"948.3","1114633",0.995,1,1,1,1,0.00138888888888889,36,0.00138888888888889,36
"949.3","1114638",0.995,0.95,40,0.972972972972973,37,0.488838635860968,39,0.466214201471828,39
"950.3","1114644",0.995,0.875,40,0.870967741935484,31,0.44151505144061,39,0.355710510998973,39
"951.3","1114663",0.995,0.925,40,0.911764705882353,34,0.535912544262675,40,0.444601218109685,40
"952.3","1114694",0.995,1,40,1,40,0.209745782210002,40,0.209745782210002,40
"953.3","1114709",0.995,0.95,40,0.972222222222222,36,0.482618436360696,40,0.4504171561331,40
"954.3","1114751",0.995,0.875,40,0.90625,32,0.431546895932286,40,0.372550683811074,40
"955.3","1114781",0.995,0.925,40,0.942857142857143,35,0.548028871429713,39,0.4811911683691,39
"956.3","1114809",0.995,0.975,40,0.975,40,0.256274574149302,40,0.256274574149302,40
"957.3","1114815",0.995,0.925,40,0.945945945945946,37,0.323653350716006,39,0.302380604644873,39
"958.3","1114852",0.995,NA,0,NA,0,0,39,0,39
"959.3","1114878",0.995,1,40,1,40,0.108678017359115,40,0.108678017359115,40
"960.3","1114903",0.995,0.9,40,0.875,32,0.217070562736197,40,0.177440236921661,40
"961.3","1115003",0.995,0.95,40,0.945945945945946,37,0.616496456912673,40,0.565607527293904,40
"962.3","1115012",0.995,1,40,1,40,0.247922111940745,40,0.247922111940745,40
"963.3","1115022",0.995,0.9,40,0.90625,32,0.378747404774816,39,0.301148276675131,39
"964.3","1115045",0.995,0.875,40,0.903225806451613,31,0.607157227985035,39,0.499154119981927,39
"965.3","1116190",0.995,0.975,40,0.973684210526316,38,0.348381687756688,40,0.335326132201132,40
"966.3","1116207",0.995,0.975,40,0.973684210526316,38,0.279329482704769,39,0.266843418044791,39
"967.3","1116308",0.995,0.947368421052632,38,0.941176470588235,34,0.24752354626289,39,0.216603727955395,39
"968.3","1116315",0.995,NA,0,NA,0,0,31,0,31
"969.3","1116505",0.995,0.9,40,0.939393939393939,33,0.636182821294153,40,0.534877337397968,40
"970.3","1116518",0.995,0.925,40,0.916666666666667,36,0.3860485816505,40,0.350215248317167,40
"971.3","1116744",0.995,0.975,40,0.973684210526316,38,0.29544537159775,40,0.283405237818486,40
"972.3","1116773",0.995,0.975,40,0.973684210526316,38,0.509706424679244,40,0.4855785177025,40
"973.3","1116801",0.995,1,40,1,40,0.492113916827152,40,0.492113916827152,40
"974.3","1116803",0.995,NA,0,NA,0,0,32,0,32
"975.3","1116836",0.995,0.972972972972973,37,0.971428571428571,35,0.19513468159841,40,0.18504109871071,40
"976.3","1116837",0.995,0.975,40,0.973684210526316,38,0.507508656441504,40,0.479513264736435,40
"977.3","1116854",0.995,1,40,1,40,0.438966374067437,40,0.438966374067437,40
"978.3","1116858",0.995,NA,0,NA,0,0,40,0,40
"979.3","1116859",0.995,NA,0,NA,0,0,40,0,40
"980.3","1116872",0.995,0.95,40,0.944444444444444,36,0.808274012319217,40,0.722635714446876,40
"981.3","1116895",0.995,1,40,1,40,0.606153933420719,40,0.606153933420719,40
"982.3","1116916",0.995,NA,0,NA,0,0,39,0,39
"983.3","1116919",0.995,NA,0,NA,0,NA,0,NA,0
"984.3","1116950",0.995,0.95,40,0.944444444444444,36,0.492795588534552,40,0.446655237657359,40
"985.3","1116965",0.995,1,40,1,40,0.512538253862246,40,0.512538253862246,40
"986.3","1116984",0.995,1,40,1,40,0.451329154820009,40,0.451329154820009,40
"987.3","1116999",0.995,0.975,40,0.973684210526316,38,0.444017224887729,40,0.418684998974108,40
"988.3","1117004",0.995,1,40,1,40,0.559616620614431,40,0.559616620614431,40
"989.3","1117008",0.995,0.925,40,0.911764705882353,34,0.53942439801967,40,0.452065090660363,40
"990.3","1117012",0.995,0.975,40,0.973684210526316,38,0.581867327814874,40,0.554594600542147,40
"991.3","1117130",0.995,1,40,1,40,0.504170576983209,40,0.504170576983209,40
"992.3","1117496",0.995,0.975,40,0.973684210526316,38,0.251469448291612,40,0.239690602137766,40
"993.3","1117499",0.995,0.95,40,0.944444444444444,36,0.467467823831663,40,0.418152085806248,40
"994.3","1117508",0.995,0.975,40,0.973684210526316,38,0.655696355558264,40,0.620696355558264,40
"995.3","1117517",0.995,0.925,40,0.911764705882353,34,0.509996314838224,40,0.419531017608221,40
"996.3","1117519",0.995,0.925,40,0.911764705882353,34,0.544412325689899,40,0.43660536957412,40
"997.3","1117528",0.995,1,39,1,39,0.247741086798775,40,0.247741086798775,40
"998.3","1117554",0.995,1,40,1,40,0.458804406011063,40,0.458804406011063,40
"999.3","1117555",0.995,0.95,40,0.944444444444444,36,0.346780820940856,39,0.298193991104026,39
"1000.3","1117559",0.995,0.942857142857143,35,0.935483870967742,31,0.16890828998974,38,0.155883303280543,38
"1001.3","1117578",0.995,0.925,40,0.942857142857143,35,0.530513684347356,40,0.467532915116587,40
"1002.3","1117579",0.995,0.975,40,0.973684210526316,38,0.366774259117625,40,0.331982592450959,40
"1003.3","1117595",0.995,NA,0,NA,0,0,40,0,40
"1004.3","1117598",0.995,0.925,40,0.972222222222222,36,0.345748772098108,40,0.326151702501039,40
"1005.3","1117622",0.995,0.973684210526316,38,0.972222222222222,36,0.259773220092376,40,0.248386833705989,40
"1006.3","1117625",0.995,1,40,1,40,0.486782009055824,40,0.486782009055824,40
"1007.3","1117631",0.995,0.9,40,0.909090909090909,33,0.422716224670684,39,0.343976532989816,39
"1008.3","1117717",0.995,0.95,40,0.944444444444444,36,0.465711537940778,40,0.419707465259073,40
"1009.3","1117730",0.995,0.975,40,0.973684210526316,38,0.441599326768818,40,0.424580745687737,40
"1010.3","1117731",0.995,0.975,40,0.973684210526316,38,0.59561793486771,40,0.555466419716195,40
"1011.3","1118516",0.995,0.95,40,0.944444444444444,36,0.60132419205634,40,0.536060547282982,40
"1012.3","1120509",0.995,0.925,40,0.916666666666667,36,0.485902305217483,40,0.430634591851944,40
"1013.3","1120515",0.995,1,40,1,40,0.529848713088601,40,0.529848713088601,40
"1014.3","1120538",0.995,0.925,40,0.914285714285714,35,0.800626683090955,40,0.694212033188642,40
"1015.3","1120587",0.995,1,4,1,4,0.0101921470342523,38,0.0101921470342523,38
"1016.3","1120618",0.995,0.975,40,0.973684210526316,38,0.304847176377035,40,0.286823920563082,40
"1017.3","1120647",0.995,0.945945945945946,37,0.939393939393939,33,0.15728146122883,38,0.141930584035847,38
"1018.3","1124",0.995,0.947368421052632,38,0.971428571428571,35,0.233001656791775,40,0.213834990125108,40
"1019.3","1124098",0.995,1,16,1,16,0.120916666666667,40,0.120916666666667,40
"1020.3","1124104",0.995,0.975,40,0.973684210526316,38,0.278988823444517,39,0.255860100315794,39
"1021.3","1124135",0.995,1,40,1,40,0.381617424591181,40,0.381617424591181,40
"1022.3","1124219",0.995,0.8,40,0.814814814814815,27,0.385096792067424,40,0.258347309665768,40
"1023.3","1124242",0.995,1,40,1,40,0.624609670325109,40,0.624609670325109,40
"1024.3","1124251",0.995,0.975,40,0.973684210526316,38,0.551395249925275,40,0.522244608899634,40
"1025.3","1124252",0.995,1,40,1,40,0.541820616080746,40,0.541820616080746,40
"1026.3","1124254",0.995,0.975,40,0.973684210526316,38,0.494201951223683,40,0.471640975613927,40
"1027.3","1124255",0.995,0.95,40,0.944444444444444,36,0.602561680024457,40,0.540177378988,40
"1028.3","1124943",0.995,0.85,40,0.967741935483871,31,0.442004783551991,40,0.394663513710721,40
"1029.3","1124973",0.995,1,40,1,40,0.354843562983098,40,0.354843562983098,40
"1030.3","1125103",0.995,1,40,1,40,0.696354279505791,40,0.696354279505791,40
"1031.3","1125224",0.995,0.975,40,0.973684210526316,38,0.119832342722958,39,0.115819417978326,39
"1032.3","1125234",0.995,0.95,40,0.944444444444444,36,0.509822010559938,40,0.460120342296847,40
"1033.3","1125278",0.995,1,40,1,40,0.60910727138655,40,0.60910727138655,40
"1034.3","1125300",0.995,0.95,40,0.944444444444444,36,0.333629507868762,39,0.299454165940487,39
"1035.3","1125331",0.995,0.875,40,0.875,32,0.267255676231069,39,0.222174035450504,39
"1036.3","1125337",0.995,0.9,40,0.9375,32,0.364410233101313,40,0.309893374091302,40
"1037.3","1125342",0.995,0.975,40,0.973684210526316,38,0.395064629590839,40,0.374325993227203,40
"1038.3","1125367",0.995,0.925,40,0.911764705882353,34,0.54573108787684,40,0.458303677888454,40
"1039.3","1125369",0.995,0.95,40,0.944444444444444,36,0.365315411332132,40,0.331405154921876,40
"1040.3","1125370",0.995,0.975,40,0.973684210526316,38,0.498895374773905,40,0.478574861953392,40
"1041.3","1125499",0.995,0.95,40,0.945945945945946,37,0.454619113009124,40,0.423425931190942,40
"1042.3","1125601",0.995,0.975,40,0.973684210526316,38,0.227874438041284,39,0.218862395258134,39
"1043.3","1125607",0.995,0.975,40,0.973684210526316,38,0.265098166619946,39,0.25446652184196,39
"1044.3","1125612",0.995,1,22,1,22,0.0526032993933851,40,0.0526032993933851,40
"1045.3","1125619",0.995,0.970588235294118,34,0.96875,32,0.0782577304209981,40,0.073156720319988,40
"1046.3","1125625",0.995,1,19,1,19,0.0472007891610853,40,0.0472007891610853,40
"1047.3","1125631",0.995,1,37,1,37,0.237423319270859,40,0.237423319270859,40
"1048.3","1125637",0.995,1,35,1,35,0.198181497534509,40,0.198181497534509,40
"1049.3","1125649",0.995,1,40,1,40,0.572751945717425,40,0.572751945717425,40
"1050.3","1125650",0.995,1,40,1,40,0.505009707364164,40,0.505009707364164,40
"1051.3","1125698",0.995,0.95,40,0.944444444444444,36,0.519734782972948,40,0.47144175310097,40
"1052.3","1126",0.995,0.975,40,0.973684210526316,38,0.307452803024646,40,0.278093197113316,40
"1053.3","1126052",0.995,0.95,40,0.944444444444444,36,0.484069388880861,40,0.419590222214194,40
"1054.3","1126206",0.995,0.925,40,0.941176470588235,34,0.492033438941334,40,0.430333834198251,40
"1055.3","1126310",0.995,1,5,1,5,0.0163988095238095,40,0.0163988095238095,40
"1056.3","1127250",0.995,1,12,1,12,0.0716672605406158,40,0.0716672605406158,40
"1057.3","1127254",0.995,1,6,1,6,0.0646741854636591,40,0.0646741854636591,40
"1058.3","1127273",0.995,0.923076923076923,39,0.909090909090909,33,0.131626737273875,38,0.0941764593570656,38
"1059.3","1127309",0.995,0.925,40,0.942857142857143,35,0.292882070628404,39,0.262378835790804,39
"1060.3","1127323",0.995,0.875,40,0.870967741935484,31,0.238177028524658,38,0.195872738387551,38
"1061.3","1127386",0.995,0.95,40,0.944444444444444,36,0.42236401480111,40,0.382239130434783,40
"1062.3","1133065",0.995,0.95,40,0.944444444444444,36,0.6706308052368,40,0.603894110558928,40
"1063.3","1139",0.995,0.95,40,0.944444444444444,36,0.255177456447286,40,0.231717301338823,40
"1064.3","1142",0.995,0.95,40,0.944444444444444,36,0.272267005354634,40,0.232661742196739,40
"1065.3","1148",0.995,NA,0,NA,0,0,38,0,38
"1066.3","1154",0.995,0.925,40,0.914285714285714,35,0.528701755290817,40,0.443365379954441,40
"1067.3","1160",0.995,NA,0,NA,0,0,38,0,38
"1068.3","1173",0.995,0.973684210526316,38,0.973684210526316,38,0.156686507936508,40,0.156686507936508,40
"1069.3","1174",0.995,0.95,40,0.944444444444444,36,0.125640502506858,40,0.11899515582536,40
"1070.3","1182",0.995,0.948717948717949,39,0.942857142857143,35,0.285428365463429,40,0.246225856502855,40
"1071.3","1196",0.995,0.933333333333333,15,0.928571428571429,14,0.0645204077553494,34,0.035108643049467,34
"1072.3","122004",0.995,0.975,40,0.973684210526316,38,0.505969213818928,39,0.477391523702777,39
"1073.3","1220656",0.995,0.925,40,0.911764705882353,34,0.50991821950055,40,0.427597313067801,40
"1074.3","1220677",0.995,0.975,40,0.973684210526316,38,0.31857470564367,40,0.305479467548432,40
"1075.3","1220682",0.995,0.948717948717949,39,0.972222222222222,36,0.206404405386751,40,0.202279826262172,40
"1076.3","1220691",0.995,0.95,40,0.944444444444444,36,0.322510504835575,39,0.285941518266589,39
"1077.3","1220720",0.995,1,1,1,1,0.00405405405405405,40,0.00405405405405405,40
"1078.3","1220723",0.995,1,13,1,13,0.0397225978612364,40,0.0397225978612364,40
"1079.3","1220726",0.995,0.875,40,0.90625,32,0.28846703675832,40,0.238752984470738,40
"1080.3","1220728",0.995,0.875,40,0.870967741935484,31,0.45865578182474,40,0.358641321647236,40
"1081.3","1220729",0.995,1,39,1,39,0.254877859419768,40,0.254877859419768,40
"1082.3","1220734",0.995,1,39,1,39,0.0725186079580229,40,0.0725186079580229,40
"1083.3","1220748",0.995,0.9,40,0.875,32,0.435125822680377,39,0.340319866109714,39
"1084.3","1220779",0.995,0.948717948717949,39,0.942857142857143,35,0.258185858071761,40,0.238163280075045,40
"1085.3","1220797",0.995,0.948717948717949,39,0.942857142857143,35,0.327566173166387,40,0.275086014436228,40
"1086.3","1220803",0.995,0.925,40,0.941176470588235,34,0.206376420564621,40,0.180344138282338,40
"1087.3","1220814",0.995,0.95,40,0.944444444444444,36,0.230371083170879,40,0.208401386201182,40
"1088.3","1220815",0.995,0.875,40,0.903225806451613,31,0.207683269258081,40,0.178010650210462,40
"1089.3","1220816",0.995,0.925,40,0.942857142857143,35,0.303468496905997,40,0.282294254481754,40
"1090.3","1220855",0.995,0.95,40,0.972972972972973,37,0.193995256143797,39,0.184344650339345,39
"1091.3","1220866",0.995,0.972222222222222,36,0.970588235294118,34,0.215013065313249,38,0.203408533149506,38
"1092.3","1220872",0.995,0.9,40,0.911764705882353,34,0.241269420477793,40,0.217774156780917,40
"1093.3","1220893",0.995,NA,0,NA,0,0,39,0,39
"1094.3","1220921",0.995,0.972222222222222,36,0.970588235294118,34,0.113113694312224,40,0.107498614947144,40
"1095.3","1220934",0.995,0.925,40,0.911764705882353,34,0.333245450667296,40,0.285875320797166,40
"1096.3","1220945",0.995,1,5,1,5,0.0241312163133795,39,0.0241312163133795,39
"1097.3","1220949",0.995,0.875,40,0.833333333333333,30,0.20398092373016,40,0.137795579913237,40
"1098.3","1220957",0.995,0.975,40,0.973684210526316,38,0.460367090734507,40,0.439971113361785,40
"1099.3","1220969",0.995,0.975,40,0.973684210526316,38,0.416225257897326,40,0.396593847640916,40
"1100.3","1220974",0.995,0.95,40,0.945945945945946,37,0.358186797976883,40,0.33844995587162,40
"1101.3","1221030",0.995,0.975,40,0.973684210526316,38,0.357114413627861,40,0.338541181304628,40
"1102.3","1221031",0.995,1,13,1,13,0.0144179925665758,40,0.0144179925665758,40
"1103.3","1221075",0.995,NA,0,NA,0,0,40,0,40
"1104.3","1221094",0.995,0.95,40,0.944444444444444,36,0.291399248717372,40,0.260054551747675,40
"1105.3","1221096",0.995,0.925,40,0.911764705882353,34,0.329928928744009,39,0.26801099917902,39
"1106.3","1221122",0.995,0.975,40,0.973684210526316,38,0.427146323587484,40,0.408250124757075,40
"1107.3","1221179",0.995,0.9375,16,0.933333333333333,15,0.0384502805900758,39,0.0363989985387937,39
"1108.3","1221181",0.995,1,29,1,29,0.155144625402564,40,0.155144625402564,40
"1109.3","1221183",0.995,NA,0,NA,0,0,39,0,39
"1110.3","1221189",0.995,0.95,40,0.944444444444444,36,0.326179939223251,40,0.278314910733222,40
"1111.3","1221190",0.995,0.95,40,0.944444444444444,36,0.223371843434343,40,0.209225018037518,40
"1112.3","1221191",0.995,1,11,1,11,0.0501672900182962,40,0.0501672900182962,40
"1113.3","1221198",0.995,0.95,40,0.972972972972973,37,0.252527803806766,39,0.221558772837735,39
"1114.3","1221201",0.995,NA,0,NA,0,0,39,0,39
"1115.3","1221208",0.995,1,40,1,40,0.213327525189967,40,0.213327525189967,40
"1116.3","1221210",0.995,0.918918918918919,37,0.903225806451613,31,0.142107960670751,40,0.123929121518899,40
"1117.3","1221211",0.995,0.9,40,0.90625,32,0.267804508109672,40,0.219907216782074,40
"1118.3","1221214",0.995,0.95,40,0.944444444444444,36,0.434734587612213,40,0.387239336423926,40
"1119.3","1221216",0.995,1,6,1,6,0.0158716408716409,39,0.0158716408716409,39
"1120.3","1221251",0.995,0.975,40,0.973684210526316,38,0.343098637582521,40,0.317665737149621,40
"1121.3","1221268",0.995,NA,0,NA,0,0,40,0,40
"1122.3","1221272",0.995,0.95,40,0.945945945945946,37,0.215771515874343,39,0.197671968363031,39
"1123.3","1221276",0.995,1,40,1,40,0.264062877766939,40,0.264062877766939,40
"1124.3","1221277",0.995,0.925,40,0.972222222222222,36,0.455016458341073,40,0.425208766033381,40
"1125.3","1221309",0.995,0.875,40,0.866666666666667,30,0.428033402031554,40,0.30581797856613,40
"1126.3","1221310",0.995,0.973684210526316,38,0.972222222222222,36,0.217700711068821,40,0.198700711068821,40
"1127.3","1221340",0.995,0.975,40,0.973684210526316,38,0.316549497130851,40,0.300407226269018,40
"1128.3","1221347",0.995,0.923076923076923,39,0.939393939393939,33,0.362872052237971,40,0.298013190339636,40
"1129.3","1221349",0.995,0.95,40,0.972222222222222,36,0.398316860757954,40,0.363772708310575,40
"1130.3","1221424",0.995,0.894736842105263,38,0.903225806451613,31,0.174281504092506,40,0.149158326371218,40
"1131.3","1221434",0.995,0.948717948717949,39,0.942857142857143,35,0.247523508805436,40,0.223231107128166,40
"1132.3","1221448",0.995,0.95,40,0.944444444444444,36,0.167310262527364,40,0.152244124961227,40
"1133.3","1221449",0.995,0.9,40,0.911764705882353,34,0.307860044832437,38,0.264106275382073,38
"1134.3","1221457",0.995,0.947368421052632,38,0.941176470588235,34,0.270976241244783,39,0.241889278824488,39
"1135.3","1221481",0.995,0.9,20,0.875,16,0.037331272274596,38,0.0195267341914201,38
"1136.3","1221533",0.995,0.925,40,0.942857142857143,35,0.512072322789008,40,0.453808964770215,40
"1137.3","1221537",0.995,0.95,40,0.945945945945946,37,0.122012951664046,39,0.114558936145514,39
"1138.3","1221555",0.995,0.961538461538462,26,0.958333333333333,24,0.0692273079589256,40,0.0625514837831014,40
"1139.3","1221571",0.995,0.925,40,0.942857142857143,35,0.543201103662663,40,0.484222599947317,40
"1140.3","1221576",0.995,0.925,40,0.942857142857143,35,0.1923574387773,40,0.172801638958343,40
"1141.3","1221588",0.995,0.875,40,0.903225806451613,31,0.237727738785547,40,0.193967234583866,40
"1142.3","1221592",0.995,0.95,40,0.944444444444444,36,0.382388914322726,40,0.345328155808794,40
"1143.3","1221602",0.995,0.975,40,0.973684210526316,38,0.489828769136261,40,0.461315697240837,40
"1144.3","1221608",0.995,1,40,1,40,0.178299250370169,40,0.178299250370169,40
"1145.3","1221612",0.995,0.95,40,0.972972972972973,37,0.302767817918044,40,0.268601151251377,40
"1146.3","1221629",0.995,NA,0,NA,0,0,39,0,39
"1147.3","1221633",0.995,0.975,40,0.973684210526316,38,0.311846950027097,40,0.296569172249319,40
"1148.3","1221642",0.995,1,34,1,34,0.131982610931034,40,0.131982610931034,40
"1149.3","1221644",0.995,0.925,40,0.911764705882353,34,0.165213002899362,40,0.138717904860146,40
"1150.3","1221651",0.995,0.9,40,0.90625,32,0.349589024036711,40,0.276712788563701,40
"1151.3","1221653",0.995,1,17,1,17,0.116904761904762,40,0.116904761904762,40
"1152.3","1221662",0.995,0.864864864864865,37,0.892857142857143,28,0.197196254416082,40,0.170345605065433,40
"1153.3","1221717",0.995,1,16,1,16,0.0832962174023358,40,0.0832962174023358,40
"1154.3","1221723",0.995,0.925,40,0.941176470588235,34,0.355607121578933,40,0.312253473408119,40
"1155.3","1221744",0.995,NA,0,NA,0,0,38,0,38
"1156.3","1221785",0.995,0.925,40,0.941176470588235,34,0.510463224868573,40,0.426510118536434,40
"1157.3","1221803",0.995,0.975,40,0.973684210526316,38,0.355099684702513,40,0.332585064819472,40
"1158.3","1221813",0.995,0.925,40,0.911764705882353,34,0.409979761779297,40,0.342305508578728,40
"1159.3","1221829",0.995,0.975,40,0.973684210526316,38,0.242961015798678,39,0.231475973063635,39
"1160.3","1221877",0.995,NA,0,NA,0,0,9,0,9
"1161.3","1221878",0.995,NA,0,NA,0,0,3,0,3
"1162.3","1221880",0.995,NA,0,NA,0,0,38,0,38
"1163.3","1221882",0.995,1,40,1,40,0.688157590174241,40,0.688157590174241,40
"1164.3","1221921",0.995,0.975,40,0.973684210526316,38,0.617253471310491,40,0.582253471310491,40
"1165.3","1221940",0.995,0.875,40,0.90625,32,0.444730424904413,39,0.364498063612214,39
"1166.3","1221979",0.995,0.878787878787879,33,0.84,25,0.229757506175456,38,0.167571243578976,38
"1167.3","1222",0.995,0.82051282051282,39,0.862068965517241,29,0.304263695040953,39,0.247486780199522,39
"1168.3","1222032",0.995,1,2,1,2,0.0126315789473684,40,0.0126315789473684,40
"1169.3","1222039",0.995,1,40,1,40,0.272034585925724,40,0.272034585925724,40
"1170.3","1222081",0.995,1,40,1,40,0.309738375022086,40,0.309738375022086,40
"1171.3","1222096",0.995,0.875,40,0.90625,32,0.489333871930871,40,0.388300278894951,40
"1172.3","1222113",0.995,0.9,40,0.9375,32,0.467990236723057,40,0.38513366106722,40
"1173.3","1222118",0.995,NA,0,NA,0,0,36,0,36
"1174.3","1222167",0.995,1,40,1,40,0.599137770880132,40,0.599137770880132,40
"1175.3","1222187",0.995,1,14,1,14,0.0434930710414457,40,0.0434930710414457,40
"1176.3","1222216",0.995,0.975,40,0.973684210526316,38,0.308513639943232,40,0.286531316710909,40
"1177.3","1222234",0.995,0.975,40,0.973684210526316,38,0.42079497070101,40,0.400908607064647,40
"1178.3","1222235",0.995,1,40,1,40,0.547398153354704,40,0.547398153354704,40
"1179.3","1222238",0.995,1,40,1,40,0.690202536341313,40,0.690202536341313,40
"1180.3","1222274",0.995,1,40,1,40,0.750997651736636,40,0.750997651736636,40
"1181.3","1222282",0.995,0.975,40,0.973684210526316,38,0.800009829255433,40,0.760105983101587,40
"1182.3","1222307",0.995,0.975,40,0.973684210526316,38,0.350743324133029,39,0.330596803986509,39
"1183.3","1222319",0.995,0.975,40,0.973684210526316,38,0.267432321339821,39,0.253015114614922,39
"1184.3","1222374",0.995,1,38,1,38,0.18944229652253,40,0.18944229652253,40
"1185.3","1222385",0.995,NA,0,NA,0,0,34,0,34
"1186.3","1222396",0.995,1,15,1,15,0.0560581466933245,39,0.0560581466933245,39
"1187.3","1222407",0.995,NA,0,NA,0,0,39,0,39
"1188.3","1222409",0.995,1,36,1,36,0.207876832135598,40,0.207876832135598,40
"1189.3","1222422",0.995,1,36,1,36,0.246596309737072,40,0.246596309737072,40
"1190.3","1222444",0.995,0.952380952380952,21,0.947368421052632,19,0.0626900019634574,38,0.0589306034672167,38
"1191.3","1222449",0.995,1,22,1,22,0.10786076956055,38,0.10786076956055,38
"1192.3","1222453",0.995,1,40,1,40,0.264026792195607,40,0.264026792195607,40
"1193.3","1222478",0.995,1,40,1,40,0.434228772036799,40,0.434228772036799,40
"1194.3","1222482",0.995,0.975,40,0.975,40,0.2754158594442,39,0.2754158594442,39
"1195.3","1222491",0.995,0.975,40,0.973684210526316,38,0.268635228450129,40,0.255567046631947,40
"1196.3","1222529",0.995,0.95,40,0.944444444444444,36,0.362002635046113,40,0.329550944224857,40
"1197.3","1222537",0.995,0.975,40,0.973684210526316,38,0.226504967867798,40,0.209765837433015,40
"1198.3","1222575",0.995,NA,0,NA,0,0,37,0,37
"1199.3","1222578",0.995,1,23,1,23,0.0576403653536006,40,0.0576403653536006,40
"1200.3","1222690",0.995,0.974358974358974,39,0.972972972972973,37,0.324445078705775,39,0.302009181269877,39
"1201.3","1222728",0.995,NA,0,NA,0,0,40,0,40
"1202.3","1223671",0.995,NA,0,NA,0,NA,0,NA,0
"1203.3","1225260",0.995,0.95,40,0.944444444444444,36,0.433831010994526,40,0.383398122600014,40
"1204.3","1225278",0.995,0.925,40,0.941176470588235,34,0.446274511007056,40,0.395984768827192,40
"1205.3","1225286",0.995,0.95,40,0.972222222222222,36,0.462578592676851,39,0.422461585501021,39
"1206.3","1225291",0.995,0.925,40,0.911764705882353,34,0.322778676521898,40,0.270488129926916,40
"1207.3","1225307",0.995,0.95,40,0.947368421052632,38,0.328835318730597,39,0.302268367163646,39
"1208.3","1225317",0.995,1,40,1,40,0.345805299351811,40,0.345805299351811,40
"1209.3","1225319",0.995,1,40,1,40,0.309002011868324,40,0.309002011868324,40
"1210.3","1225352",0.995,0.95,40,0.972222222222222,36,0.657249459667179,40,0.608163414040837,40
"1211.3","1225370",0.995,0.925,40,0.942857142857143,35,0.272255706589201,40,0.250019810764595,40
"1212.3","1225372",0.995,0.95,40,0.944444444444444,36,0.363933014072592,39,0.327074039713618,39
"1213.3","1225375",0.995,0.9,40,0.875,32,0.410322394958171,40,0.312595122230898,40
"1214.3","1225410",0.995,0.975,40,0.973684210526316,38,0.348927604017261,39,0.330839375797701,39
"1215.3","1225452",0.995,0.925,40,0.911764705882353,34,0.241095730586647,37,0.200281186095632,37
"1216.3","1225488",0.995,0.95,40,0.947368421052632,38,0.535655425492382,40,0.50032933853586,40
"1217.3","1227075",0.995,1,40,1,40,0.527611531214959,40,0.527611531214959,40
"1218.3","1227082",0.995,0.975,40,0.973684210526316,38,0.19702457178367,39,0.189272633799174,39
"1219.3","1227094",0.995,0.95,40,0.945945945945946,37,0.582940884125562,40,0.538748964933643,40
"1220.3","1227122",0.995,0.95,40,0.944444444444444,36,0.622643636296654,40,0.547138585791603,40
"1221.3","1227126",0.995,0.9,40,0.909090909090909,33,0.539169294169508,39,0.458555463555678,39
"1222.3","1227154",0.995,0.975,40,0.973684210526316,38,0.62494410696698,40,0.598628317493296,40
"1223.3","1227176",0.995,1,15,1,15,0.0356947265748712,40,0.0356947265748712,40
"1224.3","1227179",0.995,1,40,1,40,0.525124273045631,40,0.525124273045631,40
"1225.3","1227188",0.995,0.925,40,0.911764705882353,34,0.349529395533763,39,0.292738038742406,39
"1226.3","1227207",0.995,1,40,1,40,0.500725436218054,40,0.500725436218054,40
"1227.3","1227231",0.995,NA,0,NA,0,0,39,0,39
"1228.3","1227237",0.995,NA,0,NA,0,0,40,0,40
"1229.3","1227269",0.995,1,40,1,40,0.436465692118581,40,0.436465692118581,40
"1230.3","1227280",0.995,1,40,1,40,0.782906732758175,40,0.782906732758175,40
"1231.3","1227284",0.995,0.975,40,0.973684210526316,38,0.20887482799911,40,0.198252906816844,40
"1232.3","1227293",0.995,0.975,40,0.973684210526316,38,0.454848999300271,40,0.435938742890014,40
"1233.3","1227297",0.995,0.975,40,0.973684210526316,38,0.444880177170774,40,0.425893690684288,40
"1234.3","1227308",0.995,1,40,1,40,0.466301290810293,40,0.466301290810293,40
"1235.3","1227322",0.995,1,40,1,40,0.917310360777058,40,0.917310360777058,40
"1236.3","1227329",0.995,0.975,40,0.973684210526316,38,0.589136290505939,40,0.553389285572887,40
"1237.3","1227338",0.995,0.975,40,0.973684210526316,38,0.507737208284895,40,0.486626097173784,40
"1238.3","1227366",0.995,0.975,40,0.973684210526316,38,0.327139699265048,40,0.298180673794394,40
"1239.3","1227379",0.995,0.875,40,0.875,32,0.668709065552514,40,0.537196685655988,40
"1240.3","1227443",0.995,0.975,40,0.974358974358974,39,0.557780078138362,40,0.549227446559414,40
"1241.3","1227445",0.995,0.975,40,0.973684210526316,38,0.483767967881084,40,0.458767967881084,40
"1242.3","1227451",0.995,0.975,40,0.973684210526316,38,0.559066496674151,40,0.534346608718969,40
"1243.3","1227453",0.995,1,40,1,40,0.501466147150504,40,0.501466147150504,40
"1244.3","1227480",0.995,NA,0,NA,0,NA,0,NA,0
"1245.3","1227487",0.995,NA,0,NA,0,0,33,0,33
"1246.3","1227509",0.995,1,6,1,6,0.0323449058626924,33,0.0323449058626924,33
"1247.3","1227542",0.995,0.973684210526316,38,0.973684210526316,38,0.293038474188854,40,0.293038474188854,40
"1248.3","1227554",0.995,0.975,40,0.973684210526316,38,0.74565514771494,40,0.714579972889765,40
"1249.3","1227904",0.995,1,40,1,40,0.460184316592336,40,0.460184316592336,40
"1250.3","1227906",0.995,1,40,1,40,0.758567320787352,40,0.758567320787352,40
"1251.3","1227907",0.995,1,40,1,40,0.538558104772986,40,0.538558104772986,40
"1252.3","1227994",0.995,1,40,1,40,0.638967012300743,40,0.638967012300743,40
"1253.3","1228000",0.995,1,40,1,40,0.65797960473792,40,0.65797960473792,40
"1254.3","1228324",0.995,1,40,1,40,0.610908717448151,40,0.610908717448151,40
"1255.3","1228547",0.995,1,40,1,40,0.692444832213554,40,0.692444832213554,40
"1256.3","1228557",0.995,1,39,1,39,0.238292993472798,40,0.238292993472798,40
"1257.3","1228568",0.995,NA,0,NA,0,0,40,0,40
"1258.3","1228577",0.995,0.975,40,0.973684210526316,38,0.246962841667688,40,0.225534270239116,40
"1259.3","1228588",0.995,NA,0,NA,0,0,31,0,31
"1260.3","1228601",0.995,0.9,40,0.911764705882353,34,0.462148791103532,40,0.401310046514788,40
"1261.3","1228605",0.995,0.974358974358974,39,0.972972972972973,37,0.123302144666332,40,0.120108948260684,40
"1262.3","1228641",0.995,1,40,1,40,0.41639267852113,40,0.41639267852113,40
"1263.3","1228654",0.995,0.95,40,0.944444444444444,36,0.792380939888179,40,0.703345852168881,40
"1264.3","1228656",0.995,1,40,1,40,0.308914526653722,40,0.308914526653722,40
"1265.3","1228657",0.995,NA,0,NA,0,0,32,0,32
"1266.3","1228766",0.995,0.975,40,0.975,40,0.395207555273139,39,0.395207555273139,39
"1267.3","1228773",0.995,1,36,1,36,0.14921678104606,40,0.14921678104606,40
"1268.3","1228795",0.995,NA,0,NA,0,0,38,0,38
"1269.3","1228797",0.995,0.925,40,0.942857142857143,35,0.443032065450714,40,0.402104896733164,40
"1270.3","1228846",0.995,1,37,1,37,0.162074885180162,40,0.162074885180162,40
"1271.3","1228851",0.995,0.95,40,0.944444444444444,36,0.259808129979818,40,0.231702069373758,40
"1272.3","1228865",0.995,0.975,40,0.973684210526316,38,0.197092566645777,40,0.164834502129648,40
"1273.3","1228899",0.995,0.88,25,0.952380952380952,21,0.170545303126007,35,0.14840244598315,35
"1274.3","1228900",0.995,0.975,40,0.973684210526316,38,0.401004658375269,40,0.385037375302723,40
"1275.3","1228904",0.995,0.9,40,0.90625,32,0.243076292165966,40,0.186325993480184,40
"1276.3","1228916",0.995,0.9,40,0.875,32,0.291170722187511,40,0.220241295888812,40
"1277.3","1228922",0.995,0.925,40,0.911764705882353,34,0.283954202787094,39,0.244803578507159,39
"1278.3","1228947",0.995,0.95,40,0.944444444444444,36,0.248772173520165,39,0.226368651116643,39
"1279.3","1228949",0.995,NA,0,NA,0,0,37,0,37
"1280.3","1228950",0.995,0.894736842105263,19,0.944444444444444,18,0.0493871238888889,34,0.0493871238888889,34
"1281.3","1228958",0.995,0.875,40,0.903225806451613,31,0.448931958056958,40,0.342430377529062,40
"1282.3","1228979",0.995,NA,0,NA,0,0,16,0,16
"1283.3","1229001",0.995,0.925,40,0.941176470588235,34,0.305413375418423,40,0.245424059179107,40
"1284.3","1229004",0.995,0.925,40,0.914285714285714,35,0.279042023026011,40,0.251452737311725,40
"1285.3","1229009",0.995,0.882352941176471,34,0.928571428571429,28,0.108327062567886,39,0.0954044237922693,39
"1286.3","1229029",0.995,0.925,40,0.911764705882353,34,0.445329639558982,40,0.372996177438502,40
"1287.3","1229034",0.995,1,40,1,40,0.176935250243809,40,0.176935250243809,40
"1288.3","1229044",0.995,0.975,40,0.973684210526316,38,0.340263061650266,40,0.328527800248709,40
"1289.3","1229053",0.995,1,9,1,9,0.027613270472844,38,0.027613270472844,38
"1290.3","1229054",0.995,NA,0,NA,0,NA,0,NA,0
"1291.3","1229056",0.995,0.95,40,0.944444444444444,36,0.394945637944712,40,0.361211663585737,40
"1292.3","1229071",0.995,0.975,40,0.973684210526316,38,0.377492835346429,40,0.364635692489287,40
"1293.3","1229073",0.995,0.947368421052632,38,0.941176470588235,34,0.107577407659123,39,0.0952408457535954,39
"1294.3","1229074",0.995,1,40,1,40,0.357600774464838,40,0.357600774464838,40
"1295.3","1229080",0.995,0.975,40,0.973684210526316,38,0.479398956414243,40,0.455055327070613,40
"1296.3","1229143",0.995,0.95,40,0.972222222222222,36,0.290668502963091,40,0.269740472660061,40
"1297.3","1229180",0.995,0.911764705882353,34,0.931034482758621,29,0.12442351469535,38,0.112985117566164,38
"1298.3","1229182",0.995,1,5,1,5,0.0101557530893644,40,0.0101557530893644,40
"1299.3","1229197",0.995,0.925,40,0.911764705882353,34,0.202381013035897,39,0.160396701051585,39
"1300.3","1229205",0.995,1,10,1,10,0.0120990345686702,39,0.0120990345686702,39
"1301.3","1229206",0.995,0.95,40,0.944444444444444,36,0.170060634790088,40,0.148689062511711,40
"1302.3","1229210",0.995,0.972222222222222,36,0.970588235294118,34,0.0815167292113105,39,0.0790870352493585,39
"1303.3","1229216",0.995,0.923076923076923,39,0.909090909090909,33,0.0984911355524947,38,0.0790861206179612,38
"1304.3","1229217",0.995,0.805555555555556,36,0.846153846153846,26,0.365702168836946,37,0.314945109256357,37
"1305.3","1229222",0.995,0.928571428571429,28,0.958333333333333,24,0.179971119366299,40,0.162546876942057,40
"1306.3","1229226",0.995,0.909090909090909,11,0.888888888888889,9,0.0608845811051693,39,0.0507835710041592,39
"1307.3","1229267",0.995,NA,0,NA,0,0,31,0,31
"1308.3","1229273",0.995,NA,0,NA,0,0,36,0,36
"1309.3","1229282",0.995,1,40,1,40,0.373981713273554,40,0.373981713273554,40
"1310.3","1229288",0.995,NA,0,NA,0,0,39,0,39
"1311.3","1229306",0.995,0.894736842105263,38,0.903225806451613,31,0.294106191178495,40,0.232520324599422,40
"1312.3","1229308",0.995,0.916666666666667,36,0.9,30,0.190382857685515,38,0.167237780663909,38
"1313.3","1229329",0.995,0.975,40,0.973684210526316,38,0.356065090594566,40,0.341613138642614,40
"1314.3","1229335",0.995,1,26,1,26,0.148509883008546,39,0.148509883008546,39
"1315.3","1229357",0.995,0.918918918918919,37,0.903225806451613,31,0.182943511273298,37,0.139986729606839,37
"1316.3","1229363",0.995,0.875,40,0.833333333333333,30,0.276694526148299,39,0.165987146954568,39
"1317.3","1229365",0.995,0.923076923076923,39,0.939393939393939,33,0.380100493273546,39,0.340766087238735,39
"1318.3","1229368",0.995,0.975,40,0.973684210526316,38,0.530626438403156,40,0.499611400809172,40
"1319.3","1229374",0.995,0.925,40,0.911764705882353,34,0.29524918217229,40,0.251948668351876,40
"1320.3","1229397",0.995,1,5,1,5,0.0144477382520861,40,0.0144477382520861,40
"1321.3","1229402",0.995,1,2,1,2,0.00294117647058824,40,0.00294117647058824,40
"1322.3","1229411",0.995,0.96875,32,0.966666666666667,30,0.191263296724252,40,0.170246813207769,40
"1323.3","1229415",0.995,1,40,1,40,0.444488296763322,40,0.444488296763322,40
"1324.3","1229416",0.995,0.925,40,0.942857142857143,35,0.298627571812737,40,0.279688177873343,40
"1325.3","1229420",0.995,0.95,40,0.972222222222222,36,0.566496814530637,40,0.524065780047878,40
"1326.3","1229455",0.995,1,40,1,40,0.220719744222066,40,0.220719744222066,40
"1327.3","1229466",0.995,0.925,40,0.911764705882353,34,0.223939228720608,39,0.186145843944465,39
"1328.3","1229474",0.995,0.975,40,0.973684210526316,38,0.26502684338191,39,0.251630278261207,39
"1329.3","1229477",0.995,0.947368421052632,38,0.941176470588235,34,0.290295515766208,39,0.253207603678296,39
"1330.3","1229486",0.995,0.925,40,0.911764705882353,34,0.3471724867571,40,0.291414391796219,40
"1331.3","1229504",0.995,0.928571428571429,28,0.916666666666667,24,0.139085920742825,39,0.114858984887982,39
"1332.3","1229518",0.995,0.95,40,0.944444444444444,36,0.156675300734468,40,0.139502752887578,40
"1333.3","1229519",0.995,0,3,0,1,0,38,0,38
"1334.3","1229522",0.995,1,40,1,40,0.457146549187775,40,0.457146549187775,40
"1335.3","1229524",0.995,0.764705882352941,17,0.833333333333333,12,0.136461835480311,34,0.121072566168098,34
"1336.3","1229536",0.995,0.948717948717949,39,0.942857142857143,35,0.241022863565233,40,0.220518714936084,40
"1337.3","1229542",0.995,0.975,40,0.973684210526316,38,0.465952425424587,40,0.445702027968307,40
"1338.3","1229558",0.995,0.911764705882353,34,0.931034482758621,29,0.134271434566281,39,0.0896021169557866,39
"1339.3","1229586",0.995,0.815789473684211,38,0.857142857142857,28,0.298581392807399,38,0.237729061444232,38
"1340.3","1229593",0.995,0.85,40,0.935483870967742,31,0.487944193209975,40,0.419773256356972,40
"1341.3","1229605",0.995,0.975,40,0.973684210526316,38,0.491867381516737,40,0.471547259565517,40
"1342.3","1229607",0.995,0.866666666666667,15,0.818181818181818,11,0.0596332913886524,39,0.0245786024878096,39
"1343.3","1229609",0.995,1,40,1,40,0.171949517707046,40,0.171949517707046,40
"1344.3","1229610",0.995,0.714285714285714,7,0.8,5,0.00472468942296528,36,0.00379876349703936,36
"1345.3","1229620",0.995,0.892857142857143,28,0.863636363636364,22,0.132805300403744,39,0.0776035577020017,39
"1346.3","1229623",0.995,0.9,40,0.90625,32,0.282000219369497,39,0.226694369305583,39
"1347.3","1229628",0.995,1,8,1,8,0.0121489621489621,39,0.0121489621489621,39
"1348.3","1229639",0.995,0.84375,32,0.916666666666667,24,0.115657070186148,36,0.0828287873578647,36
"1349.3","1229679",0.995,0.9,40,0.939393939393939,33,0.349724330346189,39,0.296829445462056,39
"1350.3","1229689",0.995,0.95,40,0.972972972972973,37,0.183485495858712,40,0.164394586767803,40
"1351.3","1229700",0.995,0.95,40,0.972222222222222,36,0.313649013351034,39,0.286963892915913,39
"1352.3","1229728",0.995,0.896551724137931,29,0.91304347826087,23,0.163921988363267,40,0.112201117322543,40
"1353.3","1229763",0.995,0.925,40,0.911764705882353,34,0.377365984868673,40,0.313482473185705,40
"1354.3","1229783",0.995,NA,0,NA,0,0,35,0,35
"1355.3","1229789",0.995,0.961538461538462,26,0.958333333333333,24,0.106371824496308,39,0.101512436572403,39
"1356.3","1229797",0.995,0.95,40,0.944444444444444,36,0.44004592067197,40,0.397855368775536,40
"1357.3","1229798",0.995,NA,0,NA,0,0,39,0,39
"1358.3","1229817",0.995,0.975,40,0.973684210526316,38,0.427375606513964,40,0.410869196257553,40
"1359.3","1229821",0.995,0.95,40,0.944444444444444,36,0.371227693486364,40,0.335116815117421,40
"1360.3","1229829",0.995,NA,0,NA,0,0,38,0,38
"1361.3","1229840",0.995,0.95,40,0.944444444444444,36,0.373722305498278,40,0.322088695064857,40
"1362.3","1229849",0.995,0.925,40,0.911764705882353,34,0.322968182426757,39,0.273664445936566,39
"1363.3","1229850",0.995,0.9,40,0.939393939393939,33,0.354788577679913,40,0.288287866442359,40
"1364.3","1229898",0.995,1,40,1,40,0.61710741116893,40,0.61710741116893,40
"1365.3","1229944",0.995,NA,0,NA,0,0,40,0,40
"1366.3","1229971",0.995,1,40,1,40,0.431184810789888,40,0.431184810789888,40
"1367.3","1229975",0.995,0.95,40,0.944444444444444,36,0.279674778767856,40,0.256762217191501,40
"1368.3","1229992",0.995,0.95,40,0.944444444444444,36,0.469988424190703,40,0.425803777536545,40
"1369.3","1230004",0.995,0.975,40,0.973684210526316,38,0.51437392375261,40,0.490844511987904,40
"1370.3","1230014",0.995,0.975,40,0.973684210526316,38,0.446228482562209,40,0.426690667436158,40
"1371.3","1230021",0.995,1,40,1,40,0.838432667116675,40,0.838432667116675,40
"1372.3","1230034",0.995,0.975,40,0.973684210526316,38,0.464785334413232,40,0.434061963983979,40
"1373.3","1230074",0.995,1,40,1,40,0.60924125333384,40,0.60924125333384,40
"1374.3","1230075",0.995,1,40,1,40,0.633797390339428,40,0.633797390339428,40
"1375.3","1230081",0.995,0.95,40,0.944444444444444,36,0.425020234370929,40,0.371594613628235,40
"1376.3","1230091",0.995,0.9,40,0.909090909090909,33,0.443490742118287,40,0.384427217923184,40
"1377.3","1230097",0.995,0.95,40,0.945945945945946,37,0.374501991693904,40,0.351475675904431,40
"1378.3","1230123",0.995,0.975,40,0.973684210526316,38,0.444246850312617,40,0.424375055440823,40
"1379.3","1230130",0.995,0.9,40,0.942857142857143,35,0.36924505335489,40,0.34424505335489,40
"1380.3","1230136",0.995,0.925,40,0.942857142857143,35,0.473436260255539,40,0.427165655859934,40
"1381.3","1230151",0.995,0.925,40,0.911764705882353,34,0.457272202460895,40,0.379118834412107,40
"1382.3","1230160",0.995,0.975,40,0.973684210526316,38,0.388529138706683,40,0.369177094354638,40
"1383.3","1230164",0.995,0.975,40,0.973684210526316,38,0.430609424397208,40,0.410339154126937,40
"1384.3","1230166",0.995,0.925,40,0.914285714285714,35,0.729407790811584,40,0.62834396102435,40
"1385.3","1230175",0.995,0.975,40,0.973684210526316,38,0.520812806765749,40,0.495439407050244,40
"1386.3","1230216",0.995,0.975,40,0.973684210526316,38,0.521324233305827,40,0.496639889871483,40
"1387.3","1230240",0.995,0.925,40,0.945945945945946,37,0.496454207520758,40,0.465288666980218,40
"1388.3","1230253",0.995,1,40,1,40,0.627875209266322,40,0.627875209266322,40
"1389.3","1230263",0.995,0.975,40,0.973684210526316,38,0.560903199220075,39,0.534781103679593,39
"1390.3","1230287",0.995,0.95,40,0.944444444444444,36,0.530271498993922,40,0.47920442582319,40
"1391.3","1230289",0.995,0.975,40,0.973684210526316,38,0.417446829777738,40,0.395921733252642,40
"1392.3","1230308",0.995,0.975,40,0.973684210526316,38,0.468451561268243,40,0.444890706005085,40
"1393.3","1230310",0.995,0.975,40,0.973684210526316,38,0.39775822040223,40,0.382137437676184,40
"1394.3","1230332",0.995,1,40,1,40,0.513202060008546,40,0.513202060008546,40
"1395.3","1230336",0.995,0.975,40,0.973684210526316,38,0.559028461602498,40,0.53077188265513,40
"1396.3","1230358",0.995,1,40,1,40,0.63764864235259,40,0.63764864235259,40
"1397.3","1230402",0.995,0.95,40,0.972222222222222,36,0.546759993322894,40,0.499636791321644,40
"1398.3","1230434",0.995,0.975,40,0.973684210526316,38,0.662219397523529,40,0.630452480230296,40
"1399.3","1230437",0.995,0.975,40,0.973684210526316,38,0.560630458754022,40,0.533175799592046,40
"1400.3","1230459",0.995,0.95,40,0.972972972972973,37,0.807061012530485,40,0.765571650828358,40
"1401.3","1230468",0.995,0.975,40,0.973684210526316,38,0.560679760364434,40,0.536274998459672,40
"1402.3","1230479",0.995,0.925,40,0.911764705882353,34,0.445927075698417,40,0.378932078825371,40
"1403.3","1230484",0.995,0.975,40,0.973684210526316,38,0.42843439183836,40,0.409689218093186,40
"1404.3","1230493",0.995,0.95,40,0.944444444444444,36,0.4727253427265,40,0.427762363632423,40
"1405.3","1230498",0.995,0.9,40,0.909090909090909,33,0.716777456871927,40,0.599224265382565,40
"1406.3","1230501",0.995,1,40,1,40,0.511766065441101,40,0.511766065441101,40
"1407.3","1230504",0.995,1,40,1,40,0.514402078353479,40,0.514402078353479,40
"1408.3","1230527",0.995,1,40,1,40,0.570841519249791,40,0.570841519249791,40
"1409.3","1230541",0.995,1,40,1,40,0.96063829787234,40,0.96063829787234,40
"1410.3","1233140",0.995,0.95,40,0.947368421052632,38,0.423703615119946,40,0.399484865119946,40
"1411.3","1233340",0.995,1,40,1,40,0.709574468085106,40,0.709574468085106,40
"1412.3","1233352",0.995,1,40,1,40,0.684574468085106,40,0.684574468085106,40
"1413.3","1233366",0.995,1,40,1,40,0.666489361702128,40,0.666489361702128,40
"1414.3","1233375",0.995,1,40,1,40,0.703191489361702,40,0.703191489361702,40
"1415.3","1233376",0.995,1,40,1,40,0.709574468085106,40,0.709574468085106,40
"1416.3","1233379",0.995,1,40,1,40,0.730851063829787,40,0.730851063829787,40
"1417.3","1233380",0.995,1,40,1,40,0.79468085106383,40,0.79468085106383,40
"1418.3","1233381",0.995,1,40,1,40,0.645744680851064,40,0.645744680851064,40
"1419.3","1233384",0.995,1,40,1,40,0.759574468085106,40,0.759574468085106,40
"1420.3","1233396",0.995,1,40,1,40,0.798404255319149,40,0.798404255319149,40
"1421.3","1233405",0.995,1,40,1,40,0.81968085106383,40,0.81968085106383,40
"1422.3","1233409",0.995,1,40,1,40,0.713297872340426,40,0.713297872340426,40
"1423.3","1233416",0.995,1,40,1,40,0.758074188412968,40,0.758074188412968,40
"1424.3","1233445",0.995,1,40,1,40,0.777127659574468,40,0.777127659574468,40
"1425.3","1233460",0.995,0.95,40,0.944444444444444,36,0.497369433035141,39,0.456606535173826,39
"1426.3","1233461",0.995,0.95,40,0.944444444444444,36,0.428980223320716,40,0.378856104372318,40
"1427.3","1233552",0.995,0.925,40,0.911764705882353,34,0.30745838355806,40,0.250212006746466,40
"1428.3","1233627",0.995,1,4,1,4,0.0149349524349524,40,0.0149349524349524,40
"1429.3","1233668",0.995,1,40,1,40,0.466091740874337,40,0.466091740874337,40
"1430.3","1233678",0.995,0.85,40,0.8,30,0.424386598902417,40,0.28271993223575,40
"1431.3","1233706",0.995,0.975,40,0.973684210526316,38,0.264284961044264,40,0.255951627710931,40
"1432.3","1233725",0.995,0.897435897435897,39,0.90625,32,0.234715191174165,40,0.205489747078031,40
"1433.3","1236582",0.995,1,40,1,40,0.415436489698991,40,0.415436489698991,40
"1434.3","1236590",0.995,0.975,40,0.973684210526316,38,0.463161691291235,40,0.441577251063531,40
"1435.3","1236601",0.995,1,37,1,37,0.19994521154804,40,0.19994521154804,40
"1436.3","1238",0.995,0.875,32,0.962962962962963,27,0.164496849264347,39,0.136593380184407,39
"1437.3","1238689",0.995,1,40,1,40,0.566080280308402,40,0.566080280308402,40
"1438.3","1238709",0.995,NA,0,NA,0,0,30,0,30
"1439.3","1238733",0.995,1,40,1,40,0.565143574345928,40,0.565143574345928,40
"1440.3","1239742",0.995,1,40,1,40,0.668368794326241,40,0.668368794326241,40
"1441.3","1239887",0.995,1,27,1,27,0.127970487437399,40,0.127970487437399,40
"1442.3","1239892",0.995,0.925,40,0.944444444444444,36,0.300136600692909,40,0.284858822915131,40
"1443.3","1239894",0.995,0.95,40,0.944444444444444,36,0.527266257293431,40,0.465889445699228,40
"1444.3","1239901",0.995,1,20,1,20,0.0662374469225156,40,0.0662374469225156,40
"1445.3","1239905",0.995,0.925,40,0.911764705882353,34,0.357061353893784,40,0.287483610515731,40
"1446.3","1239908",0.995,0.975,40,0.973684210526316,38,0.394705829350983,39,0.377398137043291,39
"1447.3","1239927",0.995,0.95,40,0.944444444444444,36,0.485197452775828,39,0.436295211565894,39
"1448.3","1239931",0.995,1,40,1,40,0.306010389052559,40,0.306010389052559,40
"1449.3","1239936",0.995,0.95,40,0.972972972972973,37,0.326167630249406,40,0.306616348198124,40
"1450.3","1239938",0.995,NA,0,NA,0,0,12,0,12
"1451.3","1241",0.995,0.975,40,0.973684210526316,38,0.317091475648643,39,0.301456703916311,39
"1452.3","1244397",0.995,1,40,1,40,0.754121905383959,40,0.754121905383959,40
"1453.3","1244406",0.995,1,40,1,40,0.808510638297872,40,0.808510638297872,40
"1454.3","1244416",0.995,1,40,1,40,0.681961147086031,40,0.681961147086031,40
"1455.3","1245231",0.995,NA,0,NA,0,0,2,0,2
"1456.3","1245233",0.995,1,40,1,40,0.640634557796124,40,0.640634557796124,40
"1457.3","1245242",0.995,1,40,1,40,0.744229801619727,40,0.744229801619727,40
"1458.3","1245276",0.995,0.95,40,0.944444444444444,36,0.327188853257046,40,0.281447925837691,40
"1459.3","1245307",0.995,0.95,40,0.944444444444444,36,0.456919450023017,39,0.411173529277096,39
"1460.3","1245309",0.995,0.95,40,0.944444444444444,36,0.762817653874546,40,0.680652477597436,40
"1461.3","1245343",0.995,1,40,1,40,0.605765743544381,40,0.605765743544381,40
"1462.3","1245361",0.995,0.975,40,0.973684210526316,38,0.483688805330814,40,0.464938805330814,40
"1463.3","1245374",0.995,1,40,1,40,0.54528968949067,40,0.54528968949067,40
"1464.3","1245429",0.995,1,40,1,40,0.263732095110772,40,0.263732095110772,40
"1465.3","1245513",0.995,0.925,40,0.916666666666667,36,0.31417992402983,39,0.276573086422993,39
"1466.3","1246625",0.995,0.875,40,0.838709677419355,31,0.330991874730274,40,0.256806148187648,40
"1467.3","1246632",0.995,0.95,40,0.944444444444444,36,0.573787040482337,40,0.508567619380563,40
"1468.3","1246636",0.995,0.925,40,0.971428571428571,35,0.453231733632285,39,0.422472841986297,39
"1469.3","1246785",0.995,1,40,1,40,0.259048756759873,40,0.259048756759873,40
"1470.3","1246803",0.995,1,40,1,40,0.572876657268506,40,0.572876657268506,40
"1471.3","1246814",0.995,1,40,1,40,0.540989547629388,40,0.540989547629388,40
"1472.3","1246820",0.995,0.95,40,0.944444444444444,36,0.27200100399705,40,0.248925346102313,40
"1473.3","1246896",0.995,NA,0,NA,0,0,40,0,40
"1474.3","1248257",0.995,1,39,1,39,0.236010688280706,40,0.236010688280706,40
"1475.3","1248258",0.995,0.95,40,0.944444444444444,36,0.599200956630554,40,0.54027058441131,40
"1476.3","1248265",0.995,1,40,1,40,0.520655487805059,40,0.520655487805059,40
"1477.3","1248267",0.995,0.975,40,0.973684210526316,38,0.514950802612803,40,0.489950802612803,40
"1478.3","1248275",0.995,0.975,40,0.973684210526316,38,0.709584816448118,40,0.677608072262071,40
"1479.3","1248285",0.995,1,40,1,40,0.501782456878333,40,0.501782456878333,40
"1480.3","1248305",0.995,0.95,40,0.944444444444444,36,0.469097903394344,40,0.419097903394344,40
"1481.3","1248306",0.995,0.925,40,0.942857142857143,35,0.43071486399691,40,0.398378439809891,40
"1482.3","1248310",0.995,0.95,40,0.944444444444444,36,0.307690016034943,40,0.279092535928842,40
"1483.3","1248337",0.995,0.95,40,0.945945945945946,37,0.830966697502313,40,0.766142460684551,40
"1484.3","1248373",0.995,1,1,1,1,0.000833333333333333,40,0.000833333333333333,40
"1485.3","1249372",0.995,0.95,40,0.944444444444444,36,0.520167936868962,40,0.469587981914007,40
"1486.3","1249391",0.995,0.975,40,0.973684210526316,38,0.500912433505571,40,0.477484962388755,40
"1487.3","1249396",0.995,0.975,40,0.973684210526316,38,0.525246753789333,40,0.494660673203252,40
"1488.3","1249406",0.995,0.975,40,0.973684210526316,38,0.38367504555851,40,0.364398156023626,40
"1489.3","1249466",0.995,1,40,1,40,0.417942037285837,40,0.417942037285837,40
"1490.3","1249580",0.995,1,40,1,40,0.607509102654452,40,0.607509102654452,40
"1491.3","1249581",0.995,1,40,1,40,0.587154795449385,40,0.587154795449385,40
"1492.3","1249601",0.995,0.975,40,0.973684210526316,38,0.543518540437145,40,0.520185207103812,40
"1493.3","1249623",0.995,0.95,40,0.944444444444444,36,0.556108607014825,40,0.497605668121341,40
"1494.3","1249631",0.995,0.975,40,0.975,40,0.475194870284638,40,0.475194870284638,40
"1495.3","1249663",0.995,0.9,40,0.875,32,0.297409180194608,40,0.237594374306101,40
"1496.3","1249669",0.995,1,40,1,40,0.308581271096668,40,0.308581271096668,40
"1497.3","1249698",0.995,1,40,1,40,0.368029309108097,40,0.368029309108097,40
"1498.3","1249723",0.995,1,40,1,40,0.19984763832215,40,0.19984763832215,40
"1499.3","1249819",0.995,NA,0,NA,0,0,36,0,36
"1500.3","1249821",0.995,NA,0,NA,0,0,40,0,40
"1501.3","1249860",0.995,1,40,1,40,0.456704085810971,40,0.456704085810971,40
"1502.3","1249885",0.995,0.948717948717949,39,0.942857142857143,35,0.181867304394338,40,0.157958574235608,40
"1503.3","1249888",0.995,0.975,40,0.973684210526316,38,0.406180625488617,39,0.387156638722695,39
"1504.3","1249889",0.995,0.925,40,0.911764705882353,34,0.367111100769028,39,0.316630331538259,39
"1505.3","1249896",0.995,0.975,40,0.973684210526316,38,0.329353250947617,40,0.311433670528037,40
"1506.3","1249933",0.995,NA,0,NA,0,0,40,0,40
"1507.3","1249935",0.995,0.925,40,0.972222222222222,36,0.421462713905145,40,0.401576350268782,40
"1508.3","1249975",0.995,1,6,1,6,0.0371132135838018,39,0.0371132135838018,39
"1509.3","1249982",0.995,1,40,1,40,0.53203834826857,40,0.53203834826857,40
"1510.3","1250044",0.995,0.974358974358974,39,0.972972972972973,37,0.372693805534788,40,0.354401122607958,40
"1511.3","1250072",0.995,0.925,40,0.911764705882353,34,0.445573443626848,40,0.373451594887352,40
"1512.3","1250073",0.995,0.95,40,0.944444444444444,36,0.408695707605444,40,0.350698508725892,40
"1513.3","1250140",0.995,NA,0,NA,0,0,10,0,10
"1514.3","1250169",0.995,NA,0,NA,0,0,15,0,15
"1515.3","1250174",0.995,1,40,1,40,0.640146183573676,40,0.640146183573676,40
"1516.3","1250176",0.995,1,40,1,40,0.52749724447474,40,0.52749724447474,40
"1517.3","1250183",0.995,0.975,40,0.973684210526316,38,0.449593685984284,40,0.430416335556934,40
"1518.3","1250188",0.995,1,40,1,40,0.411662232003287,40,0.411662232003287,40
"1519.3","1250232",0.995,0.95,40,0.945945945945946,37,0.507756721523158,40,0.478213070729507,40
"1520.3","1250237",0.995,0.971428571428571,35,0.96969696969697,33,0.126860435794234,40,0.123512221508519,40
"1521.3","1250240",0.995,0.95,40,0.944444444444444,36,0.577327167754799,40,0.521563711991344,40
"1522.3","1250243",0.995,0.975,40,0.973684210526316,38,0.455199796560091,40,0.435576780687075,40
"1523.3","1250247",0.995,1,40,1,40,0.506429431764637,40,0.506429431764637,40
"1524.3","1250249",0.995,1,40,1,40,0.808723749003441,40,0.808723749003441,40
"1525.3","1250263",0.995,0.925,40,0.911764705882353,34,0.729995374653099,40,0.609782608695652,40
"1526.3","1250273",0.995,1,40,1,40,0.503611460436054,40,0.503611460436054,40
"1527.3","1250276",0.995,1,40,1,40,0.651114909602071,40,0.651114909602071,40
"1528.3","1250277",0.995,1,40,1,40,0.717850612235184,40,0.717850612235184,40
"1529.3","1250282",0.995,1,40,1,40,0.464412127866366,40,0.464412127866366,40
"1530.3","1250437",0.995,1,40,1,40,0.664818106397662,40,0.664818106397662,40
"1531.3","1250480",0.995,0.9,40,0.90625,32,0.400265429016748,39,0.338128064191211,39
"1532.3","1250518",0.995,1,40,1,40,0.573051615854732,40,0.573051615854732,40
"1533.3","1250520",0.995,0.95,40,0.947368421052632,38,0.529700095050619,40,0.502477872828397,40
"1534.3","1250557",0.995,0.9,40,0.875,32,0.284332451202869,38,0.210027485158727,38
"1535.3","1250583",0.995,0.925,40,0.911764705882353,34,0.341477798334875,40,0.280434782608696,40
"1536.3","1250594",0.995,0.95,40,0.944444444444444,36,0.388508447344077,40,0.346348410341302,40
"1537.3","1250601",0.995,0.95,40,0.944444444444444,36,0.370649861239593,40,0.330039315448659,40
"1538.3","1250604",0.995,0.975,40,0.973684210526316,38,0.389603893031519,39,0.367781743549795,39
"1539.3","1250605",0.995,0.95,40,0.944444444444444,36,0.439485745521823,40,0.391081490202674,40
"1540.3","1250619",0.995,0.925,40,0.911764705882353,34,0.409574468085106,40,0.338841350601295,40
"1541.3","1250620",0.995,0.95,40,0.944444444444444,36,0.478380233356211,40,0.425685968786369,40
"1542.3","1250622",0.995,0.95,40,0.944444444444444,36,0.307472551391581,39,0.272165736713813,39
"1543.3","1250656",0.995,0.925,40,0.911764705882353,34,0.358808973172988,40,0.295094819611471,40
"1544.3","1252548",0.995,0.971428571428571,35,0.96969696969697,33,0.153151068141756,39,0.144957507316616,39
"1545.3","1252552",0.995,1,40,1,40,0.490655538072586,40,0.490655538072586,40
"1546.3","1252561",0.995,1,40,1,40,0.554936670903295,40,0.554936670903295,40
"1547.3","1252570",0.995,0.975,40,0.973684210526316,38,0.640423316914383,40,0.606120991332988,40
"1548.3","1252576",0.995,0.925,40,0.941176470588235,34,0.512161765438144,39,0.431873303899682,39
"1549.3","1252579",0.995,0.925,40,0.911764705882353,34,0.675169837024338,40,0.556540201392434,40
"1550.3","1252601",0.995,0.95,40,0.944444444444444,36,0.323889871811356,38,0.263521938088159,38
"1551.3","1252608",0.995,1,26,1,26,0.0848057869940947,40,0.0848057869940947,40
"1552.3","1252611",0.995,1,40,1,40,0.505592756654825,40,0.505592756654825,40
"1553.3","1252622",0.995,0.95,40,0.947368421052632,38,0.469839101887537,40,0.443450212998648,40
"1554.3","1252636",0.995,1,40,1,40,0.572104730892868,40,0.572104730892868,40
"1555.3","1252642",0.995,1,40,1,40,0.179772737854246,40,0.179772737854246,40
"1556.3","1252652",0.995,1,40,1,40,0.204230296610019,40,0.204230296610019,40
"1557.3","1252654",0.995,1,39,1,39,0.114260745768293,40,0.114260745768293,40
"1558.3","1252664",0.995,NA,0,NA,0,0,6,0,6
"1559.3","1252698",0.995,NA,0,NA,0,0,24,0,24
"1560.3","1252702",0.995,NA,0,NA,0,0,22,0,22
"1561.3","1252751",0.995,1,40,1,40,0.640447601957729,40,0.640447601957729,40
"1562.3","1252905",0.995,0.95,40,0.944444444444444,36,0.319014475311702,38,0.282569195445369,38
"1563.3","1252918",0.995,NA,0,NA,0,0,39,0,39
"1564.3","1252934",0.995,0.975,40,0.973684210526316,38,0.579379336332244,40,0.541254914500607,40
"1565.3","1252937",0.995,0.975,40,0.973684210526316,38,0.296150217129219,40,0.285284584054283,40
"1566.3","1252981",0.995,0.975,40,0.973684210526316,38,0.338003984188997,40,0.320079990995577,40
"1567.3","1253",0.995,0.975,40,0.973684210526316,38,0.367012027723109,40,0.348887027723109,40
"1568.3","1253029",0.995,1,40,1,40,0.401633794700074,40,0.401633794700074,40
"1569.3","1253059",0.995,0.95,40,0.944444444444444,36,0.384005992316968,40,0.348740053301029,40
"1570.3","1253090",0.995,0.95,40,0.944444444444444,36,0.377482196742014,40,0.327935825774272,40
"1571.3","1253117",0.995,0.975,40,0.973684210526316,38,0.308677820081618,39,0.289853621024861,39
"1572.3","1253135",0.995,0.925,40,0.911764705882353,34,0.265338502735052,39,0.212957123430596,39
"1573.3","1253143",0.995,0.925,40,0.916666666666667,36,0.53937929600596,40,0.485800666973702,40
"1574.3","1253153",0.995,0.975,40,0.973684210526316,38,0.296863968857789,40,0.287267569322365,40
"1575.3","1253187",0.995,1,2,1,2,0.00376602564102564,40,0.00376602564102564,40
"1576.3","1253192",0.995,0.975,40,0.973684210526316,38,0.20828289406759,39,0.195193760978457,39
"1577.3","1253253",0.995,0.95,40,0.944444444444444,36,0.319826910710823,39,0.295112865066545,39
"1578.3","1253255",0.995,1,40,1,40,0.395095939424639,40,0.395095939424639,40
"1579.3","1253279",0.995,0.975,40,0.973684210526316,38,0.342977530294207,40,0.322379523649688,40
"1580.3","1253291",0.995,0.975,40,0.973684210526316,38,0.270670808728435,40,0.260045808728435,40
"1581.3","1253294",0.995,1,40,1,40,0.290710648944549,40,0.290710648944549,40
"1582.3","1253300",0.995,0.95,40,0.944444444444444,36,0.381277026892318,40,0.345681203796494,40
"1583.3","1253302",0.995,0.975,40,0.973684210526316,38,0.363594679476519,40,0.342429906749246,40
"1584.3","1253306",0.995,0.95,40,0.944444444444444,36,0.330251872108386,40,0.302972208115733,40
"1585.3","1253308",0.995,1,40,1,40,0.458831414305225,40,0.458831414305225,40
"1586.3","1253313",0.995,1,40,1,40,0.431060624438247,40,0.431060624438247,40
"1587.3","1253327",0.995,0.95,40,0.944444444444444,36,0.393868264278773,40,0.353067398477907,40
"1588.3","1253329",0.995,1,40,1,40,0.410236688551682,40,0.410236688551682,40
"1589.3","1253333",0.995,1,40,1,40,0.574402955865955,40,0.574402955865955,40
"1590.3","1253348",0.995,0.95,40,0.944444444444444,36,0.488277139685944,39,0.441455383858559,39
"1591.3","1253353",0.995,0.975,40,0.973684210526316,38,0.46883995031294,40,0.449521768494758,40
"1592.3","1253367",0.995,0.95,40,0.944444444444444,36,0.421643083448194,40,0.377293625003443,40
"1593.3","1253370",0.995,0.975,40,0.973684210526316,38,0.483377283858394,39,0.460921057913796,39
"1594.3","1253378",0.995,0.9,40,0.878787878787879,33,0.315922657019331,39,0.262628472508689,39
"1595.3","1253385",0.995,0.975,40,0.973684210526316,38,0.463520206000452,39,0.441196375984314,39
"1596.3","1253392",0.995,0.975,40,0.973684210526316,38,0.376786889318147,40,0.361445980227238,40
"1597.3","1253399",0.995,0.95,40,0.944444444444444,36,0.468628778087994,40,0.4190067794471,40
"1598.3","1253439",0.995,NA,0,NA,0,0,35,0,35
"1599.3","1253444",0.995,0.975,40,0.973684210526316,38,0.500583899581915,40,0.476952575950591,40
"1600.3","1253449",0.995,1,40,1,40,0.227609171821667,40,0.227609171821667,40
"1601.3","1253468",0.995,0.925,40,0.942857142857143,35,0.562763907983591,38,0.486101968126617,38
"1602.3","1253479",0.995,0.85,40,0.90625,32,0.488370796088685,40,0.431961920038265,40
"1603.3","1253484",0.995,0.925,40,0.911764705882353,34,0.221067204962717,39,0.190076466310688,39
"1604.3","1253497",0.995,0.95,40,0.972222222222222,36,0.664168764827439,40,0.622201008395577,40
"1605.3","1253557",0.995,1,40,1,40,0.468886277303363,40,0.468886277303363,40
"1606.3","1253561",0.995,0.975,40,0.973684210526316,38,0.262147054418142,40,0.24992421628067,40
"1607.3","1253568",0.995,0.945945945945946,37,0.939393939393939,33,0.11828138543249,38,0.0933545578740836,38
"1608.3","1253569",0.995,0.975,40,0.975,40,0.634973782677271,40,0.634973782677271,40
"1609.3","1253574",0.995,NA,0,NA,0,0,39,0,39
"1610.3","1253577",0.995,1,2,1,2,0.0018452380952381,40,0.0018452380952381,40
"1611.3","1253601",0.995,0.904761904761905,21,0.944444444444444,18,0.0418978507596442,39,0.0382551971169906,39
"1612.3","1253604",0.995,1,4,1,4,0.00896888012272628,39,0.00896888012272628,39
"1613.3","1254542",0.995,0.975,40,0.973684210526316,38,0.792428968570273,40,0.753962784995394,40
"1614.3","1254562",0.995,0.975,40,0.973684210526316,38,0.679408700455212,40,0.646075367121879,40
"1615.3","1254565",0.995,0.975,40,0.973684210526316,38,0.438555306249814,40,0.4194138921084,40
"1616.3","1254576",0.995,0.975,40,0.973684210526316,38,0.619009661835749,40,0.585990338164251,40
"1617.3","1254587",0.995,0.975,40,0.973684210526316,38,0.57615547508213,39,0.551171911637028,39
"1618.3","1254589",0.995,1,40,1,40,0.724269709117073,40,0.724269709117073,40
"1619.3","1254591",0.995,1,40,1,40,0.520932933638957,40,0.520932933638957,40
"1620.3","1254988",0.995,NA,0,NA,0,0,3,0,3
"1621.3","1254990",0.995,1,40,1,40,0.385176310884278,40,0.385176310884278,40
"1622.3","1255003",0.995,NA,0,NA,0,0,30,0,30
"1623.3","1255030",0.995,1,40,1,40,0.569056304765387,40,0.569056304765387,40
"1624.3","1255043",0.995,0.975,40,0.973684210526316,38,0.581529327615672,40,0.553589512800857,40
"1625.3","1255062",0.995,0.775,40,0.964285714285714,28,0.460036016526988,33,0.416566311001947,33
"1626.3","1255088",0.995,1,33,1,33,0.160834876465526,40,0.160834876465526,40
"1627.3","1255089",0.995,1,16,1,16,0.036227899817393,38,0.036227899817393,38
"1628.3","1255095",0.995,0.970588235294118,34,0.96875,32,0.0730453034273931,40,0.0667953034273931,40
"1629.3","1255115",0.995,NA,0,NA,0,0,3,0,3
"1630.3","1255120",0.995,1,40,1,40,0.617823695742666,40,0.617823695742666,40
"1631.3","1255124",0.995,NA,0,NA,0,0,40,0,40
"1632.3","1255431",0.995,0.95,40,0.944444444444444,36,0.424544588394183,40,0.384983864879971,40
"1633.3","1255584",0.995,0.925,40,0.911764705882353,34,0.19207983033948,40,0.156586157345807,40
"1634.3","1255585",0.995,1,40,1,40,0.179910994402967,40,0.179910994402967,40
"1635.3","1255592",0.995,0.972972972972973,37,0.971428571428571,35,0.123752323441769,40,0.121436533968085,40
"1636.3","1255623",0.995,1,40,1,40,0.518019081057432,40,0.518019081057432,40
"1637.3","1255666",0.995,0.925,40,0.944444444444444,36,0.51621956766457,40,0.474829018461521,40
"1638.3","1255674",0.995,1,40,1,40,0.361621581058017,40,0.361621581058017,40
"1639.3","1256843",0.995,1,7,1,7,0.0443704121964992,38,0.0443704121964992,38
"1640.3","1257419",0.995,0.925,40,0.941176470588235,34,0.446587009803922,40,0.39577818627451,40
"1641.3","1257450",0.995,0.975,40,0.973684210526316,38,0.627301971497893,40,0.597178097624019,40
"1642.3","1258410",0.995,0.95,40,0.944444444444444,36,0.514161802312075,40,0.457902907625168,40
"1643.3","1258447",0.995,0.975,40,0.973684210526316,38,0.306971909101551,39,0.290654892784535,39
"1644.3","1258456",0.995,1,40,1,40,0.396678379011498,40,0.396678379011498,40
"1645.3","1258461",0.995,0.925,40,0.911764705882353,34,0.407419293898851,40,0.353500602940687,40
"1646.3","1258464",0.995,1,40,1,40,0.574703965798231,40,0.574703965798231,40
"1647.3","1258468",0.995,1,40,1,40,0.678940102722009,40,0.678940102722009,40
"1648.3","1258486",0.995,1,40,1,40,0.671701812401957,40,0.671701812401957,40
"1649.3","1258632",0.995,0.975,40,0.975,40,0.492923964946024,40,0.492923964946024,40
"1650.3","1258635",0.995,0.975,40,0.973684210526316,38,0.808185397689172,40,0.765930613000177,40
"1651.3","1258638",0.995,0.975,40,0.973684210526316,38,0.688583439863219,40,0.654315763095542,40
"1652.3","1258639",0.995,1,40,1,40,0.313089339418542,40,0.313089339418542,40
"1653.3","1258640",0.995,1,40,1,40,0.433565970215756,40,0.433565970215756,40
"1654.3","1258652",0.995,0.9,40,0.875,32,0.336108099699678,39,0.246562228903808,39
"1655.3","1258655",0.995,0.95,40,0.944444444444444,36,0.481048339013164,40,0.422476910441736,40
"1656.3","1258667",0.995,0.925,40,0.911764705882353,34,0.516149425265137,40,0.428055937870179,40
"1657.3","1258682",0.995,0.975,40,0.973684210526316,38,0.623118451594144,40,0.587495328471021,40
"1658.3","1258708",0.995,0.925,40,0.911764705882353,34,0.406415780791789,40,0.334924150782014,40
"1659.3","1258716",0.995,0.95,40,0.944444444444444,36,0.463789954243346,40,0.417844576092086,40
"1660.3","1258742",0.995,0.925,40,0.911764705882353,34,0.394522178013557,40,0.325748494800219,40
"1661.3","1258992",0.995,1,40,1,40,0.732809508475258,40,0.732809508475258,40
"1662.3","1260022",0.995,1,36,1,36,0.208049679712968,40,0.208049679712968,40
"1663.3","1260077",0.995,0.975,40,0.973684210526316,38,0.326485706945451,40,0.307836281658094,40
"1664.3","1260272",0.995,1,40,1,40,0.896530989824237,40,0.896530989824237,40
"1665.3","1261701",0.995,0.975,40,0.973684210526316,38,0.61728903305616,40,0.584643229357725,40
"1666.3","1261741",0.995,0.975,40,0.973684210526316,38,0.251814747752248,40,0.238746565934066,40
"1667.3","1261779",0.995,1,40,1,40,0.287202166834133,40,0.287202166834133,40
"1668.3","1261786",0.995,0.875,40,0.833333333333333,30,0.347447178423181,37,0.23630876728477,37
"1669.3","1261791",0.995,0.9,40,0.875,32,0.307899484614205,40,0.217244389164992,40
"1670.3","1261794",0.995,0.914285714285714,35,0.931034482758621,29,0.181431287395128,40,0.154280313369154,40
"1671.3","1261796",0.995,0.894736842105263,38,0.9375,32,0.143709671065682,38,0.0881374569021361,38
"1672.3","1261828",0.995,0.975,40,0.973684210526316,38,0.245064809636402,40,0.231612428684021,40
"1673.3","1261851",0.995,0.95,40,0.944444444444444,36,0.413688262700959,40,0.342647866359495,40
"1674.3","1261887",0.995,0.975,40,0.973684210526316,38,0.544889996255083,40,0.512123629117727,40
"1675.3","1261895",0.995,0.925,40,0.971428571428571,35,0.583847667581795,40,0.545128155386673,40
"1676.3","1261896",0.995,0.975,40,0.973684210526316,38,0.587840482152378,40,0.553365810482585,40
"1677.3","1270483",0.995,0.925,40,0.911764705882353,34,0.508333508535867,40,0.423519888991674,40
"1678.3","1270486",0.995,1,40,1,40,0.677994912118409,40,0.677994912118409,40
"1679.3","1270489",0.995,0.95,40,0.944444444444444,36,0.375511326064354,40,0.34254914612543,40
"1680.3","1270500",0.995,1,40,1,40,0.448066039494812,40,0.448066039494812,40
"1681.3","1270501",0.995,0.975,40,0.973684210526316,38,0.56528857025388,40,0.535709476821873,40
"1682.3","1270511",0.995,0.95,40,0.944444444444444,36,0.488593951017633,40,0.435957503284053,40
"1683.3","1272147",0.995,NA,0,NA,0,0,40,0,40
"1684.3","1272173",0.995,1,40,1,40,0.616964428941006,40,0.616964428941006,40
"1685.3","1272177",0.995,1,40,1,40,0.496022281941869,40,0.496022281941869,40
"1686.3","1273417",0.995,0.925,40,0.911764705882353,34,0.485518532621711,40,0.404859220693127,40
"1687.3","1273421",0.995,0.975,40,0.973684210526316,38,0.523524855997456,40,0.494113091291574,40
"1688.3","1273424",0.995,0.9,40,0.875,32,0.245399595343978,39,0.202719741172188,39
"1689.3","1273433",0.995,0.975,40,0.973684210526316,38,0.448995560890722,40,0.422519866446278,40
"1690.3","1273443",0.995,0.875,40,0.866666666666667,30,0.35467363868365,39,0.26580685412721,39
"1691.3","1273483",0.995,0.975,40,0.973684210526316,38,0.63698105377974,40,0.60510605377974,40
"1692.3","1273494",0.995,0.971428571428571,35,0.96969696969697,33,0.0914615818102263,39,0.0874293237457101,39
"1693.3","1273495",0.995,0.939393939393939,33,0.931034482758621,29,0.108774355373528,39,0.0991745344146805,39
"1694.3","1273503",0.995,0.925,40,0.941176470588235,34,0.539768835612745,40,0.475526227620137,40
"1695.3","1273510",0.995,0.95,40,0.944444444444444,36,0.312597420579989,38,0.279921981983498,38
"1696.3","1273516",0.995,1,40,1,40,0.502955318429761,40,0.502955318429761,40
"1697.3","1273533",0.995,0.925,40,0.942857142857143,35,0.530682639244467,39,0.489662167780447,39
"1698.3","1273538",0.995,0.95,40,0.945945945945946,37,0.376519786592488,39,0.335273769736715,39
"1699.3","1273540",0.995,0.925,40,0.941176470588235,34,0.44958396779321,40,0.385306883979862,40
"1700.3","1273549",0.995,0.95,40,0.944444444444444,36,0.611776554906096,40,0.54493899366064,40
"1701.3","1274868",0.995,0.925,40,0.941176470588235,34,0.276521358464149,39,0.218916622362728,39
"1702.3","1274905",0.995,0.95,40,0.944444444444444,36,0.508690893952843,40,0.452024227286176,40
"1703.3","1276512",0.995,1,29,1,29,0.137661214657488,40,0.137661214657488,40
"1704.3","1276526",0.995,0.95,40,0.944444444444444,36,0.58306003998687,40,0.519230252752827,40
"1705.3","1276531",0.995,0.95,40,0.944444444444444,36,0.682058579031085,40,0.607843603185675,40
"1706.3","1276532",0.995,1,7,1,7,0.0114611185383244,40,0.0114611185383244,40
"1707.3","1276547",0.995,0.95,40,0.944444444444444,36,0.255528096732297,40,0.222310907417547,40
"1708.3","1276580",0.995,0.975,40,0.973684210526316,38,0.187494523254961,39,0.17650551226595,39
"1709.3","1276589",0.995,0.85,40,0.870967741935484,31,0.351633295803659,40,0.270427938660802,40
"1710.3","1276846",0.995,1,40,1,40,0.301937641177665,40,0.301937641177665,40
"1711.3","1277085",0.995,0.95,40,0.944444444444444,36,0.273295806130767,39,0.248774769414609,39
"1712.3","1277092",0.995,0.975,40,0.973684210526316,38,0.492435491211119,40,0.459452485844392,40
"1713.3","1277093",0.995,1,40,1,40,0.421096036057254,40,0.421096036057254,40
"1714.3","1277117",0.995,0.875,40,0.903225806451613,31,0.338853117581685,40,0.274946867581685,40
"1715.3","1277118",0.995,0.95,40,0.944444444444444,36,0.328873504365586,39,0.297026470680317,39
"1716.3","1277132",0.995,0.975,40,0.973684210526316,38,0.546828901997618,40,0.523197578366295,40
"1717.3","1277136",0.995,0.975,40,0.973684210526316,38,0.267781519040084,40,0.257546327402454,40
"1718.3","1277181",0.995,0.948717948717949,39,0.942857142857143,35,0.218266370807163,40,0.202441748275223,40
"1719.3","1277184",0.995,0.975,40,0.973684210526316,38,0.377407243970503,40,0.358361635862395,40
"1720.3","1277214",0.995,0.95,40,0.944444444444444,36,0.340839092625566,39,0.311968657505131,39
"1721.3","1278493",0.995,NA,0,NA,0,0,35,0,35
"1722.3","1279313",0.995,1,40,1,40,0.573626675258056,40,0.573626675258056,40
"1723.3","1282110",0.995,0.909090909090909,11,0.888888888888889,9,0.0121794111162466,39,0.0103564477548217,39
"1724.3","1282133",0.995,NA,0,NA,0,0,36,0,36
"1725.3","1284",0.995,0.925,40,0.941176470588235,34,0.328259945111989,39,0.294762658388896,39
"1726.3","1285646",0.995,1,39,1,39,0.254188484257155,40,0.254188484257155,40
"1727.3","1285709",0.995,0.975,40,0.975,40,0.513487301945104,40,0.513487301945104,40
"1728.3","1286227",0.995,0.975,40,0.973684210526316,38,0.562819101706497,40,0.534410010797406,40
"1729.3","1286768",0.995,0.975,40,0.973684210526316,38,0.206608946608947,40,0.18593586968587,40
"1730.3","1288",0.995,0.975,40,0.973684210526316,38,0.417408555286726,40,0.39917938862006,40
"1731.3","1288454",0.995,1,22,1,22,0.0742414472119803,38,0.0742414472119803,38
"1732.3","1288911",0.995,1,1,1,1,0.00317460317460318,35,0.00317460317460318,35
"1733.3","1289083",0.995,0.875,40,0.903225806451613,31,0.482257916865563,40,0.397122781730428,40
"1734.3","1289990",0.995,1,40,1,40,0.317804419407788,40,0.317804419407788,40
"1735.3","1290866",0.995,1,20,1,20,0.0449346673784839,35,0.0449346673784839,35
"1736.3","1291246",0.995,NA,0,NA,0,0,40,0,40
"1737.3","1292217",0.995,NA,0,NA,0,0,32,0,32
"1738.3","1292839",0.995,1,40,1,40,0.428786421911422,40,0.428786421911422,40
"1739.3","1292876",0.995,0.954545454545455,22,0.95,20,0.0314446358228717,34,0.0276083186873219,34
"1740.3","1294",0.995,0.9,40,0.875,32,0.225038816644686,40,0.181849345203935,40
"1741.3","1295291",0.995,0.975,40,0.973684210526316,38,0.304287114300272,40,0.27940616191932,40
"1742.3","1296047",0.995,NA,0,NA,0,0,36,0,36
"1743.3","1296206",0.995,1,4,1,4,0.00631481149307974,38,0.00631481149307974,38
"1744.3","1296657",0.995,0.95,40,0.944444444444444,36,0.434541927347633,40,0.381841249646955,40
"1745.3","1296879",0.995,0.928571428571429,14,0.916666666666667,12,0.0273597389020776,36,0.0253342759391147,36
"1746.3","1297",0.995,0.925,40,0.911764705882353,34,0.258314520983832,40,0.212444745442036,40
"1747.3","1298",0.995,0.975,40,0.973684210526316,38,0.402900434485137,40,0.382913984620639,40
"1748.3","1298804",0.995,1,6,1,6,0.011905634066478,40,0.011905634066478,40
"1749.3","1298805",0.995,1,23,1,23,0.0707427546984575,40,0.0707427546984575,40
"1750.3","1299211",0.995,1,5,1,5,0.00989633424273947,36,0.00989633424273947,36
"1751.3","1299851",0.995,NA,0,NA,0,0,37,0,37
"1752.3","1299861",0.995,0.888888888888889,18,0.857142857142857,14,0.0527945608627481,34,0.0411992108853,34
"1753.3","1300442",0.995,0.975,40,0.973684210526316,38,0.454624058506683,40,0.436442240324865,40
"1754.3","1301034",0.995,0.975,40,0.973684210526316,38,0.452856525454178,40,0.430634303231956,40
"1755.3","1301151",0.995,0.95,40,0.944444444444444,36,0.328774395728231,40,0.293937794421041,40
"1756.3","1301506",0.995,0.975,40,0.973684210526316,38,0.310295602838011,40,0.279890197432606,40
"1757.3","1301508",0.995,1,40,1,40,0.90413550397593,40,0.90413550397593,40
"1758.3","1301745",0.995,0.95,40,0.945945945945946,37,0.529042595310418,40,0.476740180572188,40
"1759.3","1302042",0.995,0.975,40,0.973684210526316,38,0.366317777051097,39,0.331312202915088,39
"1760.3","1302826",0.995,0.96,25,0.96,25,0.0307037768835921,35,0.0307037768835921,35
"1761.3","1302943",0.995,0.875,24,0.85,20,0.0289812775356466,35,0.0205114101527357,35
"1762.3","1303132",0.995,0.9,40,0.909090909090909,33,0.475256718172431,40,0.402163729461796,40
"1763.3","1303600",0.995,NA,0,NA,0,0,35,0,35
"1764.3","1304219",0.995,0.909090909090909,22,0.888888888888889,18,0.0710520548282268,39,0.0620806593436734,39
"1765.3","1304919",0.995,1,2,1,2,0.00441919191919192,36,0.00441919191919192,36
"1766.3","1304923",0.995,NA,0,NA,0,0,36,0,36
"1767.3","1305993",0.995,0.972222222222222,36,0.970588235294118,34,0.13531449534352,40,0.127725209629234,40
"1768.3","1306056",0.995,1,40,1,40,0.490423642161774,40,0.490423642161774,40
"1769.3","1307578",0.995,1,40,1,40,0.507933268344933,40,0.507933268344933,40
"1770.3","1308093",0.995,1,10,1,10,0.0131693519208428,35,0.0131693519208428,35
"1771.3","1308695",0.995,1,40,1,40,0.234824415004682,40,0.234824415004682,40
"1772.3","1309",0.995,0.975,40,0.973684210526316,38,0.220118695440735,39,0.211687187009227,39
"1773.3","1311403",0.995,0.970588235294118,34,0.96875,32,0.077488511599526,39,0.0740127281237425,39
"1774.3","1311708",0.995,1,13,1,13,0.0434698146194035,36,0.0434698146194035,36
"1775.3","1313314",0.995,1,6,1,6,0.0140114793172589,36,0.0140114793172589,36
"1776.3","1313777",0.995,0.975,40,0.973684210526316,38,0.821945039385836,40,0.780107456237278,40
"1777.3","1313822",0.995,1,40,1,40,0.939268167334772,40,0.939268167334772,40
"1778.3","1314378",0.995,0.975,40,0.973684210526316,38,0.339185101412478,39,0.324604910361699,39
"1779.3","1314384",0.995,0.975,40,0.973684210526316,38,0.212093970034152,40,0.199064869505051,40
"1780.3","1314385",0.995,0.975,40,0.973684210526316,38,0.599001143675005,40,0.566858286532148,40
"1781.3","1330545",0.995,1,40,1,40,0.522107164018744,40,0.522107164018744,40
"1782.3","1330570",0.995,0.95,40,0.944444444444444,36,0.476112517721909,40,0.424442905373612,40
"1783.3","1330620",0.995,0.95,40,0.944444444444444,36,0.522638907240266,40,0.464619583568769,40
"1784.3","1330627",0.995,NA,0,NA,0,0,40,0,40
"1785.3","1330635",0.995,1,9,1,9,0.0142467121919988,40,0.0142467121919988,40
"1786.3","1330642",0.995,1,5,1,5,0.00781468240238855,39,0.00781468240238855,39
"1787.3","1330659",0.995,1,9,1,9,0.0208738238885298,40,0.0208738238885298,40
"1788.3","1330740",0.995,NA,0,NA,0,0,40,0,40
"1789.3","1330757",0.995,1,10,1,10,0.0309375226223052,40,0.0309375226223052,40
"1790.3","1330764",0.995,1,13,1,13,0.0367143652855665,40,0.0367143652855665,40
"1791.3","1330798",0.995,0.9,40,0.875,32,0.405237277287586,39,0.304161269961579,39
"1792.3","1330802",0.995,0.846153846153846,26,0.9,20,0.203631135451199,35,0.183682869063304,35
"1793.3","1330803",0.995,0.948717948717949,39,0.942857142857143,35,0.337175282807394,39,0.282593966687616,39
"1794.3","1330840",0.995,0.923076923076923,39,0.909090909090909,33,0.194546245676812,40,0.168546485140413,40
"1795.3","1330850",0.995,0.925,40,0.942857142857143,35,0.312525984536046,40,0.265372623191509,40
"1796.3","1330860",0.995,0.925,40,0.911764705882353,34,0.361761077552153,39,0.289872835075675,39
"1797.3","1330866",0.995,1,40,1,40,0.257781823052492,40,0.257781823052492,40
"1798.3","1330906",0.995,NA,0,NA,0,0,36,0,36
"1799.3","1330932",0.995,0.875,40,0.903225806451613,31,0.450193780098874,40,0.363353341705266,40
"1800.3","1330949",0.995,0.925,40,0.911764705882353,34,0.262700270159948,39,0.216289355805485,39
"1801.3","1331212",0.995,1,39,1,39,0.299204128784238,40,0.299204128784238,40
"1802.3","1331429",0.995,0.925,40,0.942857142857143,35,0.45410630777325,40,0.399381641758262,40
"1803.3","1331446",0.995,0.95,40,0.944444444444444,36,0.273090025228183,38,0.246421792145476,38
"1804.3","1331584",0.995,0.925,40,0.941176470588235,34,0.551271197178809,39,0.466122251142766,39
"1805.3","1331634",0.995,0.975,40,0.973684210526316,38,0.217891533489869,40,0.204122389984481,40
"1806.3","1335679",0.995,1,40,1,40,0.631728909915949,40,0.631728909915949,40
"1807.3","1335703",0.995,1,40,1,40,0.630638361882335,40,0.630638361882335,40
"1808.3","1335708",0.995,1,40,1,40,0.663616416907174,40,0.663616416907174,40
"1809.3","1335709",0.995,1,40,1,40,0.638378229076195,40,0.638378229076195,40
"1810.3","1335715",0.995,NA,0,NA,0,0,40,0,40
"1811.3","1335717",0.995,NA,0,NA,0,0,40,0,40
"1812.3","1335722",0.995,NA,0,NA,0,0,40,0,40
"1813.3","1335745",0.995,NA,0,NA,0,0,40,0,40
"1814.3","1335759",0.995,NA,0,NA,0,0,40,0,40
"1815.3","1335842",0.995,0.973684210526316,38,0.972222222222222,36,0.176695599697679,40,0.166954797022094,40
"1816.3","1335849",0.995,1,40,1,40,0.673581404103143,40,0.673581404103143,40
"1817.3","1335850",0.995,0.975,40,0.973684210526316,38,0.51371317964446,40,0.483910006906505,40
"1818.3","1335854",0.995,1,40,1,40,0.776031992961341,40,0.776031992961341,40
"1819.3","1335859",0.995,0.95,40,0.944444444444444,36,0.889058484941926,40,0.795465104327269,40
"1820.3","1335889",0.995,0.9,40,0.875,32,0.280887473941818,38,0.220032210783923,38
"1821.3","1335900",0.995,0.95,40,0.944444444444444,36,0.380561466572555,40,0.343179837784677,40
"1822.3","1335943",0.995,0.9,40,0.875,32,0.365742368718524,40,0.272126777320674,40
"1823.3","1335951",0.995,0.975,40,0.973684210526316,38,0.345010720855068,40,0.327914929049974,40
"1824.3","1336216",0.995,1,40,1,40,0.551814261313997,40,0.551814261313997,40
"1825.3","1336362",0.995,0.975,40,0.973684210526316,38,0.614647017128583,40,0.583099398080964,40
"1826.3","1336363",0.995,1,40,1,40,0.679194869344118,40,0.679194869344118,40
"1827.3","1338223",0.995,0.9,40,0.90625,32,0.435682392303982,40,0.350240473112062,40
"1828.3","1338224",0.995,0.95,40,0.944444444444444,36,0.464022900896934,39,0.426605457229491,39
"1829.3","1338235",0.995,0.95,40,0.947368421052632,38,0.312010070219437,39,0.295693053902421,39
"1830.3","1338237",0.995,0.95,40,0.944444444444444,36,0.538427444358099,40,0.475838317798384,40
"1831.3","1338252",0.995,0.95,40,0.944444444444444,36,0.605907149152585,40,0.545089903335339,40
"1832.3","1338275",0.995,0.925,40,0.944444444444444,36,0.310125703239237,39,0.285336178248099,39
"1833.3","1338284",0.995,0.971428571428571,35,0.96969696969697,33,0.216596610247,40,0.208676442179773,40
"1834.3","1338285",0.995,0.9,40,0.875,32,0.326519837591111,39,0.276348320567127,39
"1835.3","1338288",0.995,0.975,40,0.973684210526316,38,0.493445776059103,40,0.469904109392436,40
"1836.3","1338291",0.995,0.9,40,0.909090909090909,33,0.440881736860397,40,0.367263198535977,40
"1837.3","1338327",0.995,1,3,1,3,0.00541634752161068,39,0.00541634752161068,39
"1838.3","1338340",0.995,1,40,1,40,0.449915419643353,40,0.449915419643353,40
"1839.3","1338350",0.995,0.85,20,0.944444444444444,18,0.0395185871568831,36,0.0395185871568831,36
"1840.3","1338376",0.995,0.95,40,0.972222222222222,36,0.197044515898602,40,0.186185930040016,40
"1841.3","1338378",0.995,0.975,40,0.973684210526316,38,0.230362074658432,40,0.222346434384727,40
"1842.3","1338404",0.995,1,40,1,40,0.500005446599375,40,0.500005446599375,40
"1843.3","1338405",0.995,0.9,40,0.909090909090909,33,0.351351504611238,40,0.275518631542655,40
"1844.3","1338407",0.995,0.974358974358974,39,0.972972972972973,37,0.228081677888841,40,0.212640501418253,40
"1845.3","1338409",0.995,0.975,40,0.973684210526316,38,0.48463745200699,40,0.449302086153332,40
"1846.3","1338413",0.995,0.95,40,0.944444444444444,36,0.309849399529927,40,0.277581659100422,40
"1847.3","1338421",0.995,0.975,40,0.973684210526316,38,0.650794960097546,40,0.622416581719168,40
"1848.3","1338477",0.995,1,12,1,12,0.0359777722277722,40,0.0359777722277722,40
"1849.3","1338482",0.995,0.925,40,0.911764705882353,34,0.275774733872098,40,0.233105353619997,40
"1850.3","1338495",0.995,0.925,40,0.941176470588235,34,0.315616253202102,40,0.283718856312312,40
"1851.3","1338497",0.995,0.923076923076923,39,0.941176470588235,34,0.249478153629607,39,0.23197713612859,39
"1852.3","1338513",0.995,0.95,40,0.947368421052632,38,0.228674777224203,40,0.219606149773222,40
"1853.3","1338517",0.995,0.975,40,0.973684210526316,38,0.46816532924229,40,0.444783394676145,40
"1854.3","1338518",0.995,0.914285714285714,35,0.896551724137931,29,0.22969448709646,39,0.186890812920237,39
"1855.3","1338549",0.995,0.925,40,0.941176470588235,34,0.282639929126258,38,0.247379443353002,38
"1856.3","1338558",0.995,0.95,40,0.944444444444444,36,0.222589829754702,40,0.191996172937137,40
"1857.3","1338601",0.995,0.875,40,0.90625,32,0.488804485911341,40,0.401493879850735,40
"1858.3","1338615",0.995,0.975,40,0.973684210526316,38,0.298452395839595,40,0.280286745433091,40
"1859.3","1338625",0.995,0.975,40,0.973684210526316,38,0.468599671252126,40,0.447056110646066,40
"1860.3","1338642",0.995,0.95,40,0.944444444444444,36,0.442000547397644,40,0.378441789082788,40
"1861.3","1338655",0.995,0.95,40,0.944444444444444,36,0.308478539466073,40,0.265324415468296,40
"1862.3","1338657",0.995,0.975,40,0.973684210526316,38,0.434539490463722,39,0.412904875079107,39
"1863.3","1338670",0.995,0.95,40,0.944444444444444,36,0.492623158826406,40,0.43748490997848,40
"1864.3","1338692",0.995,0.9,40,0.909090909090909,33,0.519205028239212,40,0.439922900483248,40
"1865.3","1344894",0.995,1,40,1,40,0.668491381230501,40,0.668491381230501,40
"1866.3","1344897",0.995,NA,0,NA,0,0,16,0,16
"1867.3","1344904",0.995,0.925,40,0.911764705882353,34,0.253964134831845,37,0.203968192944011,37
"1868.3","1344952",0.995,0.95,40,0.947368421052632,38,0.203448216730044,39,0.187880451162279,39
"1869.3","1344955",0.995,0.925,40,0.911764705882353,34,0.529247882899213,40,0.442192151332393,40
"1870.3","1344977",0.995,0.925,40,0.911764705882353,34,0.370743629386792,39,0.310603049001496,39
"1871.3","1349312",0.995,0.975,40,0.973684210526316,38,0.461731145305695,40,0.440145010851913,40
"1872.3","1349327",0.995,1,24,1,24,0.105341799491037,40,0.105341799491037,40
"1873.3","1349332",0.995,0.975,40,0.973684210526316,38,0.452872280195821,40,0.426023540700022,40
"1874.3","1349378",0.995,1,40,1,40,1,40,1,40
"1875.3","1349388",0.995,1,40,1,40,1,40,1,40
"1876.3","1349421",0.995,0.925,40,0.941176470588235,34,0.553514934396229,40,0.47068083301374,40
"1877.3","1349424",0.995,1,40,1,40,0.328622706817552,40,0.328622706817552,40
"1878.3","1350",0.995,1,7,1,7,0.0481192476990796,35,0.0481192476990796,35
"1879.3","1360",0.995,1,3,1,3,0.00344623655913978,40,0.00344623655913978,40
"1880.3","1372",0.995,0.925,40,0.911764705882353,34,0.332955920844915,40,0.279461297189001,40
"1881.3","1375",0.995,0.925,40,0.911764705882353,34,0.314203916823657,40,0.256911005930203,40
"1882.3","1386",0.995,1,40,1,40,0.501787452888435,40,0.501787452888435,40
"1883.3","1388649",0.995,0.925,40,0.911764705882353,34,0.480984910281907,40,0.400902473005921,40
"1884.3","1388697",0.995,0.95,40,0.944444444444444,36,0.452255616791594,40,0.410320132920627,40
"1885.3","1388721",0.995,0.925,40,0.911764705882353,34,0.522820123476408,40,0.44010392205331,40
"1886.3","1388753",0.995,1,40,1,40,0.363053745225849,40,0.363053745225849,40
"1887.3","1388755",0.995,0.95,40,0.972972972972973,37,0.287438661199546,39,0.277337651098536,39
"1888.3","1388766",0.995,0.925,40,0.911764705882353,34,0.427304086052212,40,0.36397030651341,40
"1889.3","1388790",0.995,1,6,1,6,0.0248911234025413,33,0.0248911234025413,33
"1890.3","1388794",0.995,0.95,40,0.944444444444444,36,0.725344401461423,40,0.647083531896205,40
"1891.3","1388797",0.995,0.95,40,0.944444444444444,36,0.497586698961825,40,0.44160843809226,40
"1892.3","1388799",0.995,1,40,1,40,0.448747706793498,40,0.448747706793498,40
"1893.3","1388803",0.995,0.95,40,0.945945945945946,37,0.315261802239691,39,0.298536997951821,39
"1894.3","1389176",0.995,0.925,40,0.942857142857143,35,0.320898772578262,40,0.28383481908989,40
"1895.3","1390411",0.995,1,5,1,5,0.0256822039430735,37,0.0256822039430735,37
"1896.3","1390887",0.995,0.95,40,0.972972972972973,37,0.396735716719918,40,0.376598130728674,40
"1897.3","1390888",0.995,1,40,1,40,0.50359998416043,40,0.50359998416043,40
"1898.3","1390889",0.995,0.975,40,0.973684210526316,38,0.47270146530015,40,0.450802969059548,40
"1899.3","1390905",0.995,1,40,1,40,0.244357280458971,40,0.244357280458971,40
"1900.3","1390908",0.995,1,40,1,40,0.260144816727966,40,0.260144816727966,40
"1901.3","1390910",0.995,1,40,1,40,0.423029948845311,40,0.423029948845311,40
"1902.3","1390919",0.995,0.975,40,0.973684210526316,38,0.267697908357626,40,0.256149497418971,40
"1903.3","1390932",0.995,0.973684210526316,38,0.972222222222222,36,0.198384258524202,39,0.193168745244172,39
"1904.3","1390952",0.995,0.975,40,0.974358974358974,39,0.382031161952936,40,0.373003384175158,40
"1905.3","1390953",0.995,1,40,1,40,0.534172336129774,40,0.534172336129774,40
"1906.3","1390972",0.995,1,40,1,40,0.636591971986283,40,0.636591971986283,40
"1907.3","1391920",0.995,0.947368421052632,38,0.941176470588235,34,0.208088924963925,40,0.186838924963925,40
"1908.3","1391974",0.995,0.975,40,0.973684210526316,38,0.545962942559049,40,0.520305047822207,40
"1909.3","1392007",0.995,1,40,1,40,0.751734571985888,40,0.751734571985888,40
"1910.3","1392031",0.995,1,40,1,40,0.768056791339227,40,0.768056791339227,40
"1911.3","1392069",0.995,0.925,40,0.911764705882353,34,0.546832854824565,39,0.448332797189892,39
"1912.3","1392109",0.995,0.95,40,0.944444444444444,36,0.178895223209209,38,0.164377220886329,38
"1913.3","1392116",0.995,0.975,40,0.973684210526316,38,0.708703107646382,40,0.674273283084978,40
"1914.3","1392139",0.995,0.95,40,0.944444444444444,36,0.507202735727855,40,0.444684642841239,40
"1915.3","1392246",0.995,0.975,40,0.973684210526316,38,0.369473422276242,40,0.350777534830354,40
"1916.3","1392330",0.995,0.975,40,0.973684210526316,38,0.518670374097678,40,0.491841105804995,40
"1917.3","1392395",0.995,1,40,1,40,0.561178805179768,40,0.561178805179768,40
"1918.3","1392396",0.995,1,40,1,40,0.464867848463404,40,0.464867848463404,40
"1919.3","1392399",0.995,1,40,1,40,0.413595720348273,40,0.413595720348273,40
"1920.3","1392482",0.995,1,1,1,1,0.000754147812971342,39,0.000754147812971342,39
"1921.3","1392501",0.995,1,40,1,40,0.60166651292399,40,0.60166651292399,40
"1922.3","1393273",0.995,0.95,40,0.944444444444444,36,0.416271746306647,40,0.38148007963998,40
"1923.3","1393288",0.995,1,40,1,40,0.5469542170227,40,0.5469542170227,40
"1924.3","1396454",0.995,0.954545454545455,22,0.95,20,0.0594535540802605,40,0.0484886417995587,40
"1925.3","1396455",0.995,NA,0,NA,0,0,39,0,39
"1926.3","1396463",0.995,1,40,1,40,0.376526223020591,40,0.376526223020591,40
"1927.3","1396470",0.995,1,15,1,15,0.0270949042804803,40,0.0270949042804803,40
"1928.3","1396480",0.995,NA,0,NA,0,0,40,0,40
"1929.3","1396495",0.995,0.972222222222222,36,0.970588235294118,34,0.171230014271863,39,0.16368853614215,39
"1930.3","1396505",0.995,0.975,40,0.973684210526316,38,0.558857418487648,40,0.52785924998948,40
"1931.3","1396509",0.995,0.95,40,0.944444444444444,36,0.156980407520239,39,0.139727213183711,39
"1932.3","1396513",0.995,0.95,40,0.944444444444444,36,0.153395077981504,40,0.136825605364871,40
"1933.3","1396517",0.995,0.916666666666667,12,0.916666666666667,12,0.0637852090438297,32,0.0637852090438297,32
"1934.3","1396520",0.995,1,40,1,40,0.196916026605452,40,0.196916026605452,40
"1935.3","1396566",0.995,0.9,10,0.888888888888889,9,0.00880165502541814,37,0.00699985322361634,37
"1936.3","1396572",0.995,1,8,1,8,0.00763753565477703,37,0.00763753565477703,37
"1937.3","1396586",0.995,0.9,10,0.9,10,0.0194824033212299,39,0.0194824033212299,39
"1938.3","1396606",0.995,0.846153846153846,13,0.8,10,0.0255907517201716,38,0.0171348693672305,38
"1939.3","1396608",0.995,0.975,40,0.973684210526316,38,0.173878904973155,40,0.159513985618316,40
"1940.3","1396609",0.995,NA,0,NA,0,0,34,0,34
"1941.3","1396647",0.995,0.921052631578947,38,0.90625,32,0.251468538601645,39,0.21281252615531,39
"1942.3","1396655",0.995,0.925,40,0.911764705882353,34,0.172422429321731,38,0.122154520028055,38
"1943.3","1396659",0.995,0.95,40,0.972222222222222,36,0.460093416222644,40,0.421294948430273,40
"1944.3","1396678",0.995,0.945945945945946,37,0.939393939393939,33,0.0821215712356658,39,0.0764038578219012,39
"1945.3","1396688",0.995,0.636363636363636,11,0.714285714285714,7,0.0144101700977762,31,0.00968550408278761,31
"1946.3","1396703",0.995,1,9,1,9,0.0220942441256947,38,0.0220942441256947,38
"1947.3","1396737",0.995,0.9,40,0.914285714285714,35,0.398873389452112,40,0.346165056118779,40
"1948.3","1396740",0.995,NA,0,NA,0,0,38,0,38
"1949.3","1396743",0.995,0.975,40,0.973684210526316,38,0.289709566781935,40,0.278472193044561,40
"1950.3","1396744",0.995,0.918918918918919,37,0.903225806451613,31,0.140277098533503,38,0.119865591825557,38
"1951.3","1396745",0.995,1,40,1,40,0.147862347881263,40,0.147862347881263,40
"1952.3","1396776",0.995,0.970588235294118,34,0.96875,32,0.119861405660477,39,0.0934433792424509,39
"1953.3","1396795",0.995,NA,0,NA,0,0,38,0,38
"1954.3","1396801",0.995,0.9,40,0.911764705882353,34,0.275965775677314,39,0.226474462392897,39
"1955.3","1396804",0.995,0.947368421052632,19,0.944444444444444,18,0.045911728944955,37,0.0450927281259542,37
"1956.3","1396818",0.995,0.833333333333333,6,0.75,4,0.0046869483433887,39,0.00342053183306975,39
"1957.3","1396834",0.995,0.975,40,0.973684210526316,38,0.525654946193371,40,0.502193854439597,40
"1958.3","1396841",0.995,0.975,40,0.973684210526316,38,0.230956640101467,40,0.210956640101467,40
"1959.3","1396857",0.995,0.95,40,0.944444444444444,36,0.63303099960285,40,0.570386768833619,40
"1960.3","1396896",0.995,0.925,40,0.911764705882353,34,0.157914475576173,38,0.131662529422911,38
"1961.3","1396907",0.995,NA,0,NA,0,0,38,0,38
"1962.3","1396909",0.995,0.96,25,0.956521739130435,23,0.0565278300469818,39,0.0504612470573219,39
"1963.3","1396915",0.995,0.95,40,0.944444444444444,36,0.169690370098626,40,0.15645042756989,40
"1964.3","1396928",0.995,0.972222222222222,36,0.970588235294118,34,0.118692826930496,40,0.100105164592834,40
"1965.3","1396935",0.995,0.925,40,0.942857142857143,35,0.31670176392607,40,0.280757824034762,40
"1966.3","1396989",0.995,1,40,1,40,0.343398932112597,40,0.343398932112597,40
"1967.3","1396999",0.995,0.5,2,0.5,2,0.018018018018018,37,0.018018018018018,37
"1968.3","1397033",0.995,0.958333333333333,24,0.954545454545455,22,0.0896895296289833,39,0.085964833272708,39
"1969.3","1397056",0.995,0.918918918918919,37,0.90625,32,0.148612915281194,39,0.100883633069153,39
"1970.3","1397062",0.995,NA,0,NA,0,0,29,0,29
"1971.3","1397070",0.995,1,16,1,16,0.047407958582655,39,0.047407958582655,39
"1972.3","1397093",0.995,0.916666666666667,36,0.9,30,0.176649081830817,40,0.142110315676907,40
"1973.3","1397120",0.995,0.888888888888889,18,0.928571428571429,14,0.0921599486227345,38,0.0782046057200232,38
"1974.3","1397129",0.995,0.875,40,0.866666666666667,30,0.403924771245116,40,0.284923563723984,40
"1975.3","1397140",0.995,1,20,1,20,0.102377734718762,39,0.102377734718762,39
"1976.3","1397146",0.995,0.925,40,0.911764705882353,34,0.219137885151711,39,0.19558637864425,39
"1977.3","1397182",0.995,NA,0,NA,0,0,40,0,40
"1978.3","1397187",0.995,1,40,1,40,0.475847265209374,40,0.475847265209374,40
"1979.3","1397203",0.995,0.970588235294118,34,0.96875,32,0.109529220268618,40,0.103421265723164,40
"1980.3","1397222",0.995,0.925,40,0.941176470588235,34,0.213009835359191,38,0.191030170287421,38
"1981.3","1397238",0.995,1,40,1,40,0.484959373728718,40,0.484959373728718,40
"1982.3","1397260",0.995,0.714285714285714,7,0.833333333333333,6,0.0173863636363636,30,0.0173863636363636,30
"1983.3","1397273",0.995,0.875,40,0.838709677419355,31,0.253309132063157,39,0.205013677517702,39
"1984.3","1397295",0.995,NA,0,NA,0,0,37,0,37
"1985.3","1397297",0.995,0.833333333333333,30,0.916666666666667,24,0.0684161857888998,36,0.0638284532599907,36
"1986.3","1397301",0.995,0.925,40,0.914285714285714,35,0.289481792370543,39,0.24973460377343,39
"1987.3","1397310",0.995,0.945945945945946,37,0.939393939393939,33,0.0640840991490983,38,0.0583859912652412,38
"1988.3","1397319",0.995,0.864864864864865,37,0.857142857142857,28,0.15067536882053,37,0.0987887183451699,37
"1989.3","1397345",0.995,0.962962962962963,27,0.96,25,0.102160404643793,37,0.0951673976507856,37
"1990.3","1397369",0.995,0.9,40,0.90625,32,0.242370874124463,38,0.19607132743792,38
"1991.3","1397437",0.995,0.9375,16,0.928571428571429,14,0.0382593476296342,39,0.0341045518081717,39
"1992.3","1397442",0.995,0.975,40,0.973684210526316,38,0.151812218278384,39,0.143945085411251,39
"1993.3","1397476",0.995,1,40,1,40,0.324107505788807,40,0.324107505788807,40
"1994.3","1397486",0.995,0.975,40,0.973684210526316,38,0.417077977014108,40,0.395887500823632,40
"1995.3","1397505",0.995,0.95,40,0.972972972972973,37,0.397244271313242,40,0.378658744997453,40
"1996.3","1397508",0.995,0.975,40,0.973684210526316,38,0.201750274021075,40,0.180159364930166,40
"1997.3","1397513",0.995,0.805555555555556,36,0.782608695652174,23,0.296568363885364,40,0.180273831486675,40
"1998.3","1397529",0.995,NA,0,NA,0,0,39,0,39
"1999.3","1397548",0.995,NA,0,NA,0,0,40,0,40
"2000.3","1397562",0.995,1,40,1,40,0.258061064593415,40,0.258061064593415,40
"2001.3","1397563",0.995,0.95,40,0.944444444444444,36,0.36054689435862,39,0.325841730241691,39
"2002.3","1397583",0.995,NA,0,NA,0,0,25,0,25
"2003.3","1397586",0.995,0.95,40,0.972972972972973,37,0.411081247187069,40,0.387747913853735,40
"2004.3","1398749",0.995,1,40,1,40,0.526516808012258,40,0.526516808012258,40
"2005.3","1398907",0.995,1,4,1,4,0.0139204545454545,40,0.0139204545454545,40
"2006.3","1398909",0.995,1,2,1,2,0.00622710622710623,39,0.00622710622710623,39
"2007.3","1398929",0.995,0.95,40,0.944444444444444,36,0.554734349046084,40,0.494304241519203,40
"2008.3","1398956",0.995,0.95,40,0.944444444444444,36,0.377996163292283,38,0.323431982810653,38
"2009.3","1399056",0.995,1,40,1,40,0.695906668905476,40,0.695906668905476,40
"2010.3","1399064",0.995,0.95,40,0.944444444444444,36,0.471910629593196,40,0.422134641437464,40
"2011.3","1399069",0.995,NA,0,NA,0,0,3,0,3
"2012.3","1399071",0.995,NA,0,NA,0,0,17,0,17
"2013.3","1399079",0.995,0.975,40,0.973684210526316,38,0.582827217216752,40,0.55560499499453,40
"2014.3","1399086",0.995,1,40,1,40,0.851002415458937,40,0.851002415458937,40
"2015.3","1399088",0.995,0.975,40,0.973684210526316,38,0.370984337593647,40,0.356609337593647,40
"2016.3","1399094",0.995,0.975,40,0.973684210526316,38,0.88470743186876,40,0.839494665911313,40
"2017.3","1399096",0.995,1,40,1,40,0.893173244937815,40,0.893173244937815,40
"2018.3","1399100",0.995,0.95,40,0.944444444444444,36,0.5027857830174,40,0.452990680815365,40
"2019.3","1399105",0.995,1,40,1,40,0.694861526571556,40,0.694861526571556,40
"2020.3","1399151",0.995,0.9,40,0.909090909090909,33,0.550595315833007,38,0.465785256410256,38
"2021.3","1399202",0.995,0.95,40,0.972972972972973,37,0.616027116616262,40,0.589867078737474,40
"2022.3","1399208",0.995,0.925,40,0.911764705882353,34,0.51598986715746,39,0.442276942151431,39
"2023.3","1399226",0.995,0.85,40,0.838709677419355,31,0.354910788697086,40,0.277194781643795,40
"2024.3","1399238",0.995,0.95,40,0.944444444444444,36,0.362310493856547,40,0.325501410336937,40
"2025.3","1399245",0.995,0.975,40,0.973684210526316,38,0.337177605364965,39,0.312304628879085,39
"2026.3","1399255",0.995,0.875,40,0.833333333333333,30,0.372888381887261,38,0.255531627933411,38
"2027.3","1399265",0.995,0.975,40,0.973684210526316,38,0.419988377664186,40,0.393597400220577,40
"2028.3","1399276",0.995,0.95,40,0.944444444444444,36,0.623848255713777,40,0.558606586813572,40
"2029.3","1399310",0.995,0.975,40,0.973684210526316,38,0.311452127934411,39,0.29562073710302,39
"2030.3","1399320",0.995,0.925,40,0.911764705882353,34,0.332259312596006,40,0.284682143519254,40
"2031.3","1399330",0.995,0.975,40,0.973684210526316,38,0.492231299857382,39,0.467231299857382,39
"2032.3","1399358",0.995,0.95,40,0.944444444444444,36,0.349896525757284,40,0.310879952899247,40
"2033.3","1399375",0.995,0.975,40,0.973684210526316,38,0.506531302620224,40,0.468273726862649,40
"2034.3","1399438",0.995,0.9,40,0.909090909090909,33,0.471819383326796,38,0.390205547601118,38
"2035.3","1399507",0.995,NA,0,NA,0,0,40,0,40
"2036.3","1399542",0.995,NA,0,NA,0,0,40,0,40
"2037.3","1399560",0.995,NA,0,NA,0,0,36,0,36
"2038.3","1399576",0.995,0.95,40,0.944444444444444,36,0.309502774228814,40,0.261775501501541,40
"2039.3","1399633",0.995,0.95,40,0.972222222222222,36,0.297910081870804,40,0.289086552459039,40
"2040.3","1399661",0.995,0.925,40,0.911764705882353,34,0.307526919725416,38,0.257545683211672,38
"2041.3","1399791",0.995,0.95,40,0.944444444444444,36,0.288806627945333,38,0.250119210171948,38
"2042.3","1399892",0.995,0.875,40,0.911764705882353,34,0.343910503229002,40,0.312080866132228,40
"2043.3","1399894",0.995,0.95,40,0.944444444444444,36,0.527672937171673,39,0.467059827163402,39
"2044.3","1399895",0.995,0.9,40,0.882352941176471,34,0.360210949908409,39,0.299432222463015,39
"2045.3","1399912",0.995,0.95,40,0.944444444444444,36,0.326267213029153,39,0.288394055590778,39
"2046.3","1399920",0.995,NA,0,NA,0,0,40,0,40
"2047.3","1399925",0.995,1,40,1,40,0.407675764640462,40,0.407675764640462,40
"2048.3","1399933",0.995,1,17,1,17,0.0553025633424177,40,0.0553025633424177,40
"2049.3","1399960",0.995,1,31,1,31,0.252945980491032,40,0.252945980491032,40
"2050.3","1399962",0.995,1,40,1,40,0.608338116733108,40,0.608338116733108,40
"2051.3","1401109",0.995,0.975,40,0.973684210526316,38,0.34055164935071,40,0.3247778398269,40
"2052.3","1401360",0.995,1,40,1,40,0.519768500061131,40,0.519768500061131,40
"2053.3","1401361",0.995,1,40,1,40,0.156188047010422,40,0.156188047010422,40
"2054.3","1401362",0.995,0.95,40,0.972222222222222,36,0.825035602597663,40,0.755532801477214,40
"2055.3","1401367",0.995,1,40,1,40,0.5284845270659,40,0.5284845270659,40
"2056.3","1401373",0.995,1,40,1,40,0.689442722101542,40,0.689442722101542,40
"2057.3","1401379",0.995,0.975,40,0.973684210526316,38,0.709782115403925,40,0.675281586862699,40
"2058.3","1401398",0.995,0.925,40,0.942857142857143,35,0.327510392467933,40,0.29081998367571,40
"2059.3","1401417",0.995,0.925,40,0.916666666666667,36,0.345085326157934,38,0.315016162865087,38
"2060.3","1401748",0.995,0.9,40,0.875,32,0.335264274016985,40,0.256274600496062,40
"2061.3","1401769",0.995,0.975,40,0.973684210526316,38,0.523523414802881,40,0.498562174492803,40
"2062.3","1401786",0.995,NA,0,NA,0,0,28,0,28
"2063.3","1401798",0.995,1,40,1,40,0.663907904203926,40,0.663907904203926,40
"2064.3","1401799",0.995,1,40,1,40,0.662816579299003,40,0.662816579299003,40
"2065.3","1401804",0.995,1,40,1,40,0.64216108821798,40,0.64216108821798,40
"2066.3","1401807",0.995,1,2,1,2,0.00517094017094017,39,0.00517094017094017,39
"2067.3","1401869",0.995,0.975,40,0.973684210526316,38,0.62829578312187,40,0.59429578312187,40
"2068.3","1401892",0.995,1,32,1,32,0.143265024829721,40,0.143265024829721,40
"2069.3","1401901",0.995,1,40,1,40,0.249081110826564,40,0.249081110826564,40
"2070.3","1401924",0.995,NA,0,NA,0,0,38,0,38
"2071.3","1401929",0.995,NA,0,NA,0,0,38,0,38
"2072.3","1401970",0.995,0.925,40,0.945945945945946,37,0.556478121628215,39,0.529768719918814,39
"2073.3","1401987",0.995,1,38,1,38,0.179143421908398,40,0.179143421908398,40
"2074.3","1405",0.995,0.95,40,0.944444444444444,36,0.243875402921154,40,0.222601618565974,40
"2075.3","1406993",0.995,0.925,40,0.911764705882353,34,0.689450603744082,40,0.581116354659833,40
"2076.3","1407025",0.995,1,39,1,39,0.296632534991668,40,0.296632534991668,40
"2077.3","1407033",0.995,1,24,1,24,0.0498808752736771,40,0.0498808752736771,40
"2078.3","1407036",0.995,1,40,1,40,0.312768087498157,40,0.312768087498157,40
"2079.3","1407037",0.995,1,40,1,40,0.302492864948276,40,0.302492864948276,40
"2080.3","1407041",0.995,0.975,40,0.973684210526316,38,0.362258645314953,40,0.341154749211057,40
"2081.3","1407065",0.995,0.975,40,0.973684210526316,38,0.3059829092196,40,0.294402822639513,40
"2082.3","1407075",0.995,1,40,1,40,0.352740997383654,40,0.352740997383654,40
"2083.3","1407081",0.995,1,26,1,26,0.0622901775726853,40,0.0622901775726853,40
"2084.3","1407086",0.995,1,40,1,40,0.320754375483478,40,0.320754375483478,40
"2085.3","1407088",0.995,1,40,1,40,0.200331156387734,40,0.200331156387734,40
"2086.3","1407089",0.995,1,40,1,40,0.410186967852409,40,0.410186967852409,40
"2087.3","1407101",0.995,1,1,1,1,0.0015625,40,0.0015625,40
"2088.3","1407103",0.995,NA,0,NA,0,0,40,0,40
"2089.3","1407105",0.995,NA,0,NA,0,0,39,0,39
"2090.3","1407110",0.995,NA,0,NA,0,0,40,0,40
"2091.3","1407128",0.995,0.925,40,0.945945945945946,37,0.588668242816984,40,0.559127644526386,40
"2092.3","1407216",0.995,NA,0,NA,0,0,7,0,7
"2093.3","1407217",0.995,NA,0,NA,0,0,11,0,11
"2094.3","1407233",0.995,NA,0,NA,0,0,2,0,2
"2095.3","1407242",0.995,NA,0,NA,0,0,12,0,12
"2096.3","1407273",0.995,1,40,1,40,0.255349164090482,40,0.255349164090482,40
"2097.3","1407277",0.995,0.975,40,0.973684210526316,38,0.323029515287238,40,0.300112848620572,40
"2098.3","1407282",0.995,1,40,1,40,0.185769438900162,40,0.185769438900162,40
"2099.3","1407295",0.995,0.975,40,0.973684210526316,38,0.644442277926362,40,0.613415492212076,40
"2100.3","1407313",0.995,1,40,1,40,0.422662135798522,40,0.422662135798522,40
"2101.3","1407379",0.995,1,40,1,40,0.130353583327223,40,0.130353583327223,40
"2102.3","1407391",0.995,1,40,1,40,0.317166427313806,40,0.317166427313806,40
"2103.3","1407397",0.995,NA,0,NA,0,0,40,0,40
"2104.3","1407400",0.995,0.975,40,0.973684210526316,38,0.712970436420372,40,0.677147265688665,40
"2105.3","1407404",0.995,0.925,40,0.941176470588235,34,0.471847619433342,40,0.413214569666572,40
"2106.3","1407418",0.995,0.875,40,0.870967741935484,31,0.36459159339375,40,0.281286821888373,40
"2107.3","1407432",0.995,0.975,40,0.973684210526316,38,0.52553814285346,40,0.500464251227845,40
"2108.3","1407433",0.995,0.95,40,0.944444444444444,36,0.555222701095331,40,0.496651272523903,40
"2109.3","1407443",0.995,0.95,40,0.944444444444444,36,0.456446062028611,40,0.409303204885754,40
"2110.3","1407457",0.995,0.85,40,0.862068965517241,29,0.417522878326958,40,0.30085023794464,40
"2111.3","1407485",0.995,NA,0,NA,0,0,38,0,38
"2112.3","1407493",0.995,0.882352941176471,17,0.846153846153846,13,0.0845249657749658,40,0.0536916324416324,40
"2113.3","1407495",0.995,1,38,1,38,0.204150769186953,40,0.204150769186953,40
"2114.3","1407500",0.995,0.962962962962963,27,0.96,25,0.118450381933725,39,0.115256994124953,39
"2115.3","1407505",0.995,0.975,40,0.974358974358974,39,0.572480712495968,39,0.559147379162635,39
"2116.3","1407589",0.995,1,40,1,40,0.341057989951645,40,0.341057989951645,40
"2117.3","1407606",0.995,1,40,1,40,0.510472789545045,40,0.510472789545045,40
"2118.3","1407672",0.995,0.975,40,0.973684210526316,38,0.340611217967132,40,0.320187110824275,40
"2119.3","1407704",0.995,0.975,40,0.973684210526316,38,0.3791559765404,39,0.347409944794368,39
"2120.3","1407808",0.995,1,40,1,40,0.328816393650665,40,0.328816393650665,40
"2121.3","1407840",0.995,1,10,1,10,0.0307188991563992,40,0.0307188991563992,40
"2122.3","1407869",0.995,1,1,1,1,0.00625,40,0.00625,40
"2123.3","1407977",0.995,NA,0,NA,0,0,36,0,36
"2124.3","1408256",0.995,0.95,40,0.972222222222222,36,0.373520122684523,40,0.33841865879953,40
"2125.3","1408266",0.995,0.975,40,0.973684210526316,38,0.455956751805376,39,0.434229919702873,39
"2126.3","1408269",0.995,0.95,40,0.944444444444444,36,0.173089825546546,38,0.145839352641239,38
"2127.3","1408285",0.995,0.975,40,0.973684210526316,38,0.625878318091275,40,0.592474956746737,40
"2128.3","1408299",0.995,1,40,1,40,0.719488371715598,40,0.719488371715598,40
"2129.3","1408307",0.995,0.925,40,0.942857142857143,35,0.416093035543349,40,0.370146521372968,40
"2130.3","1408334",0.995,NA,0,NA,0,0,39,0,39
"2131.3","1410556",0.995,0.975,40,0.973684210526316,38,0.683057354301573,40,0.649165124884366,40
"2132.3","1417615",0.995,0.95,40,0.972972972972973,37,0.833739569609135,40,0.791891743522178,40
"2133.3","1419037",0.995,0.95,40,0.972972972972973,37,0.848973429951691,40,0.80445652173913,40
"2134.3","1429533",0.995,1,40,1,40,0.926144559855379,40,0.926144559855379,40
"2135.3","1430",0.995,1,40,1,40,0.542996806301685,40,0.542996806301685,40
"2136.3","1431388",0.995,1,40,1,40,0.683936649099693,40,0.683936649099693,40
"2137.3","1435846",0.995,1,40,1,40,0.676533816425121,40,0.676533816425121,40
"2138.3","1435847",0.995,1,40,1,40,0.898079710144927,40,0.898079710144927,40
"2139.3","1436707",0.995,1,40,1,40,0.584828181367913,40,0.584828181367913,40
"2140.3","1442",0.995,NA,0,NA,0,0,40,0,40
"2141.3","1444086",0.995,1,40,1,40,0.452357184009944,40,0.452357184009944,40
"2142.3","1446239",0.995,1,40,1,40,0.770865966832853,40,0.770865966832853,40
"2143.3","1446403",0.995,0.975,40,0.973684210526316,38,0.649352766798419,40,0.616200592885376,40
"2144.3","1446407",0.995,0.975,40,0.973684210526316,38,0.533409090909091,40,0.505691699604743,40
"2145.3","1456453",0.995,1,30,1,30,0.145668141180053,40,0.145668141180053,40
"2146.3","1456462",0.995,1,40,1,40,0.758503992145928,40,0.758503992145928,40
"2147.3","1456467",0.995,1,40,1,40,0.696525032938076,40,0.696525032938076,40
"2148.3","1456560",0.995,1,40,1,40,0.672788265814646,40,0.672788265814646,40
"2149.3","1456566",0.995,1,40,1,40,0.681922877846791,40,0.681922877846791,40
"2150.3","1456569",0.995,1,40,1,40,0.754324063617542,40,0.754324063617542,40
"2151.3","1457001",0.995,1,40,1,40,0.902146464646465,40,0.902146464646465,40
"2152.3","1457005",0.995,1,40,1,40,0.90913263065437,40,0.90913263065437,40
"2153.3","1457019",0.995,1,40,1,40,0.898574879227053,40,0.898574879227053,40
"2154.3","1459320",0.995,1,40,1,40,0.802019946686276,40,0.802019946686276,40
"2155.3","1459336",0.995,1,40,1,40,0.847462882231773,40,0.847462882231773,40
"2156.3","1459339",0.995,1,40,1,40,0.64887133950793,40,0.64887133950793,40
"2157.3","1459774",0.995,1,40,1,40,0.626829116763241,40,0.626829116763241,40
"2158.3","1459779",0.995,1,40,1,40,0.730477140683157,40,0.730477140683157,40
"2159.3","1459801",0.995,1,40,1,40,0.557660533910534,40,0.557660533910534,40
"2160.3","1459814",0.995,1,40,1,40,0.585992317002175,40,0.585992317002175,40
"2161.3","1459824",0.995,1,40,1,40,0.684244142274982,40,0.684244142274982,40
"2162.3","1462127",0.995,1,40,1,40,0.882523605621432,40,0.882523605621432,40
"2163.3","1466686",0.995,1,40,1,40,0.485453577715782,40,0.485453577715782,40
"2164.3","1466696",0.995,1,40,1,40,0.280989163381446,40,0.280989163381446,40
"2165.3","1471122",0.995,0.971428571428571,35,0.970588235294118,34,0.242423662790626,39,0.228064688431652,39
"2166.3","1471140",0.995,0.975,40,0.973684210526316,38,0.423775096052856,40,0.404659242394319,40
"2167.3","1471150",0.995,1,2,1,2,0.00244690674053555,38,0.00244690674053555,38
"2168.3","1471160",0.995,NA,0,NA,0,0,40,0,40
"2169.3","1471179",0.995,1,40,1,40,0.416546514529315,40,0.416546514529315,40
"2170.3","1471231",0.995,NA,0,NA,0,0,22,0,22
"2171.3","1471324",0.995,0.9,10,0.875,8,0.0664826075695641,33,0.0370030291769422,33
"2172.3","1471383",0.995,0.975,40,0.973684210526316,38,0.553420939618562,40,0.525616452439075,40
"2173.3","1471386",0.995,1,40,1,40,0.417470601602181,40,0.417470601602181,40
"2174.3","1471402",0.995,0.975,40,0.973684210526316,38,0.645518184153924,40,0.610912920996029,40
"2175.3","1471764",0.995,0.95,40,0.944444444444444,36,0.40410065534135,39,0.356290826281521,39
"2176.3","1471782",0.995,0.947368421052632,38,0.941176470588235,34,0.275357179018161,40,0.244292872953855,40
"2177.3","1471803",0.995,1,40,1,40,0.458900144344582,40,0.458900144344582,40
"2178.3","1471824",0.995,1,40,1,40,0.296083864540859,40,0.296083864540859,40
"2179.3","1471862",0.995,0.95,40,0.944444444444444,36,0.27827566840662,40,0.248043110267085,40
"2180.3","1471893",0.995,0.95,40,0.944444444444444,36,0.463389293408262,40,0.422516277535246,40
"2181.3","1471895",0.995,0.975,40,0.973684210526316,38,0.423336089036257,40,0.405484781846714,40
"2182.3","1471899",0.995,0.975,40,0.973684210526316,38,0.477722172281833,40,0.458512613458304,40
"2183.3","1471906",0.995,0.975,40,0.973684210526316,38,0.484246013948532,40,0.458746013948532,40
"2184.3","1471907",0.995,0.975,40,0.973684210526316,38,0.465844267517834,40,0.447366006648269,40
"2185.3","1471909",0.995,0.975,40,0.973684210526316,38,0.504812880170693,40,0.48528697596737,40
"2186.3","1471919",0.995,0.925,40,0.911764705882353,34,0.405426292019877,40,0.343580512799098,40
"2187.3","1471920",0.995,0.975,40,0.973684210526316,38,0.36027746713827,40,0.346641103501906,40
"2188.3","1471934",0.995,0.925,40,0.911764705882353,34,0.3643423404341,40,0.320176688328458,40
"2189.3","1471939",0.995,0.95,40,0.944444444444444,36,0.401653188880481,40,0.374722389660208,40
"2190.3","1471962",0.995,0.95,40,0.944444444444444,36,0.350614263141227,40,0.314806612000753,40
"2191.3","1471982",0.995,0.975,40,0.973684210526316,38,0.517081553029695,40,0.496082875781018,40
"2192.3","1471998",0.995,0.975,40,0.973684210526316,38,0.424880784630475,40,0.40427638902608,40
"2193.3","1472009",0.995,0.975,40,0.973684210526316,38,0.427337274499213,40,0.409416127545808,40
"2194.3","1472026",0.995,0.95,40,0.944444444444444,36,0.462925079985326,40,0.418321822882069,40
"2195.3","1472027",0.995,1,40,1,40,0.503064934563026,40,0.503064934563026,40
"2196.3","1472032",0.995,0.975,40,0.973684210526316,38,0.827882395382395,40,0.790104617604618,40
"2197.3","1472034",0.995,1,40,1,40,0.633553221023918,40,0.633553221023918,40
"2198.3","1472047",0.995,0.975,40,0.973684210526316,38,0.537458509243695,40,0.512859578762411,40
"2199.3","1472054",0.995,0.975,40,0.973684210526316,38,0.563800408177732,40,0.541823167779439,40
"2200.3","1472087",0.995,1,40,1,40,0.485171164192574,40,0.485171164192574,40
"2201.3","1472093",0.995,1,40,1,40,0.515842530716838,40,0.515842530716838,40
"2202.3","1472098",0.995,0.95,40,0.944444444444444,36,0.437591399221749,40,0.395859467535549,40
"2203.3","1472103",0.995,0.95,40,0.944444444444444,36,0.490567116881433,40,0.440685524459518,40
"2204.3","1472119",0.995,1,40,1,40,0.658426623424315,40,0.658426623424315,40
"2205.3","1472125",0.995,0.925,40,0.911764705882353,34,0.472966677055081,40,0.408837152531629,40
"2206.3","1472134",0.995,0.95,40,0.944444444444444,36,0.5431928173844,40,0.489052334211658,40
"2207.3","1472136",0.995,1,40,1,40,0.488375272631755,40,0.488375272631755,40
"2208.3","1472137",0.995,0.95,40,0.944444444444444,36,0.402639043194878,40,0.362930709861545,40
"2209.3","1472143",0.995,0.975,40,0.973684210526316,38,0.435326905082593,40,0.417689594476532,40
"2210.3","1472149",0.995,0.975,40,0.973684210526316,38,0.502547291677683,40,0.477315810196201,40
"2211.3","1472166",0.995,0.975,40,0.973684210526316,38,0.528005639449537,40,0.503005639449537,40
"2212.3","1472169",0.995,0.95,40,0.945945945945946,37,0.507243835148847,40,0.475280872185884,40
"2213.3","1472178",0.995,0.975,40,0.973684210526316,38,0.490014998450611,40,0.471075604511218,40
"2214.3","1472179",0.995,0.975,40,0.973684210526316,38,0.43443926169781,40,0.41243926169781,40
"2215.3","1473161",0.995,1,40,1,40,0.686147342995169,40,0.686147342995169,40
"2216.3","1474241",0.995,1,40,1,40,0.698761528326746,40,0.698761528326746,40
"2217.3","1474254",0.995,0.95,40,0.944444444444444,36,0.385751887431426,40,0.347683705613244,40
"2218.3","1474261",0.995,0.975,40,0.973684210526316,38,0.471344291963063,40,0.45146057103283,40
"2219.3","1474263",0.995,0.975,40,0.973684210526316,38,0.537057938288293,40,0.508596399826754,40
"2220.3","1474436",0.995,0.974358974358974,39,0.972972972972973,37,0.443289316080971,39,0.420179249492644,39
"2221.3","1474447",0.995,NA,0,NA,0,0,32,0,32
"2222.3","1474454",0.995,NA,0,NA,0,0,36,0,36
"2223.3","1474572",0.995,1,40,1,40,0.611582471511913,40,0.611582471511913,40
"2224.3","1474573",0.995,1,40,1,40,0.682880913441016,40,0.682880913441016,40
"2225.3","1474831",0.995,0.95,40,0.944444444444444,36,0.248469542150205,38,0.198704886608913,38
"2226.3","1474836",0.995,0.975,40,0.975,40,0.524198855822879,40,0.524198855822879,40
"2227.3","1474839",0.995,1,40,1,40,0.482563598519889,40,0.482563598519889,40
"2228.3","1474858",0.995,0.95,40,0.944444444444444,36,0.585617606597794,40,0.527695988920079,40
"2229.3","1474911",0.995,1,40,1,40,0.687544454722993,40,0.687544454722993,40
"2230.3","1474918",0.995,NA,0,NA,0,0,36,0,36
"2231.3","1474929",0.995,1,17,1,17,0.0756160140623086,40,0.0756160140623086,40
"2232.3","1474980",0.995,1,14,1,14,0.0208445818680125,39,0.0208445818680125,39
"2233.3","1474981",0.995,NA,0,NA,0,0,40,0,40
"2234.3","1474985",0.995,NA,0,NA,0,0,38,0,38
"2235.3","1475019",0.995,0.975,40,0.973684210526316,38,0.532952516454378,40,0.50636597799284,40
"2236.3","1475020",0.995,0.975,40,0.973684210526316,38,0.418260734801279,40,0.396325150060817,40
"2237.3","1475036",0.995,1,40,1,40,0.258873405850363,40,0.258873405850363,40
"2238.3","1475064",0.995,0.95,40,0.944444444444444,36,0.351708058332941,39,0.309066067707079,39
"2239.3","1475159",0.995,0.925,40,0.941176470588235,34,0.41629163697037,39,0.330566577715899,39
"2240.3","1475183",0.995,0.914285714285714,35,0.896551724137931,29,0.105732912339933,39,0.0863182912011736,39
"2241.3","1475204",0.995,0.975,40,0.973684210526316,38,0.924676225716929,40,0.877358926919519,40
"2242.3","1475224",0.995,0.975,40,0.973684210526316,38,0.454767614042697,40,0.429767614042697,40
"2243.3","1475248",0.995,0.975,40,0.973684210526316,38,0.257042863644507,39,0.249106355707999,39
"2244.3","1475250",0.995,0.966666666666667,30,0.964285714285714,28,0.0681089401642963,39,0.0634356277986762,39
"2245.3","1475268",0.995,NA,0,NA,0,0,34,0,34
"2246.3","1475272",0.995,NA,0,NA,0,0,39,0,39
"2247.3","1475274",0.995,NA,0,NA,0,0,34,0,34
"2248.3","1476044",0.995,0.96551724137931,29,0.962962962962963,27,0.0986070071021444,40,0.0933689118640492,40
"2249.3","1476062",0.995,0.95,40,0.944444444444444,36,0.403037177518041,40,0.366055999911863,40
"2250.3","1476113",0.995,1,40,1,40,0.489498697116101,40,0.489498697116101,40
"2251.3","1476117",0.995,1,40,1,40,0.494775049281535,40,0.494775049281535,40
"2252.3","1476124",0.995,0.975,40,0.973684210526316,38,0.272541415233724,39,0.255248630499079,39
"2253.3","1476147",0.995,0.975,40,0.973684210526316,38,0.426526472807881,40,0.383669329950738,40
"2254.3","1476488",0.995,1,40,1,40,0.664013893995567,40,0.664013893995567,40
"2255.3","1476491",0.995,1,40,1,40,0.921824956316168,40,0.921824956316168,40
"2256.3","1476503",0.995,NA,0,NA,0,NA,0,NA,0
"2257.3","1476505",0.995,1,40,1,40,0.727440319079016,40,0.727440319079016,40
"2258.3","1476520",0.995,1,40,1,40,0.718770965516644,40,0.718770965516644,40
"2259.3","1476522",0.995,1,40,1,40,0.717513057782634,40,0.717513057782634,40
"2260.3","1476528",0.995,1,40,1,40,0.714753279065483,40,0.714753279065483,40
"2261.3","1476551",0.995,0.95,40,0.972222222222222,36,0.574852182701828,40,0.54239740938012,40
"2262.3","1481",0.995,0.975,40,0.973684210526316,38,0.308565748597854,39,0.29439223442434,39
"2263.3","1481041",0.995,0.975,40,0.973684210526316,38,0.399379705772835,40,0.382157483550613,40
"2264.3","1481058",0.995,0.975,40,0.973684210526316,38,0.352516270839211,40,0.331686215764466,40
"2265.3","1481071",0.995,0.9,40,0.90625,32,0.33288487218581,39,0.261537918485915,39
"2266.3","1494",0.995,1,2,1,2,0.0264957264957265,39,0.0264957264957265,39
"2267.3","1504",0.995,0.857142857142857,35,0.888888888888889,27,0.254816738309372,36,0.192229939771809,36
"2268.3","1506",0.995,1,2,1,2,0.00190057166801353,37,0.00190057166801353,37
"2269.3","1512",0.995,0.942857142857143,35,0.96875,32,0.0789126430979181,38,0.0729915904663392,38
"2270.3","1535",0.995,0.975,40,0.973684210526316,38,0.279333577535941,40,0.265309187292039,40
"2271.3","1537801",0.995,1,40,1,40,0.482276341088836,40,0.482276341088836,40
"2272.3","1537809",0.995,0.925,40,0.941176470588235,34,0.549486547168616,40,0.482896193078262,40
"2273.3","1537834",0.995,0.972222222222222,36,0.972222222222222,36,0.144417088126669,39,0.144417088126669,39
"2274.3","1537879",0.995,1,40,1,40,0.505543571048217,40,0.505543571048217,40
"2275.3","1537883",0.995,0.975,40,0.973684210526316,38,0.397058638234074,40,0.376117380139717,40
"2276.3","1537891",0.995,0.975,40,0.973684210526316,38,0.374050133329989,40,0.356192990472846,40
"2277.3","1537928",0.995,NA,0,NA,0,0,3,0,3
"2278.3","1537929",0.995,NA,0,NA,0,0,11,0,11
"2279.3","1537936",0.995,0.95,40,0.944444444444444,36,0.564102353666793,40,0.501397103490612,40
"2280.3","1537941",0.995,NA,0,NA,0,0,9,0,9
"2281.3","1537946",0.995,NA,0,NA,0,NA,0,NA,0
"2282.3","1537947",0.995,0.975,40,0.973684210526316,38,0.594258265880033,40,0.564712811334579,40
"2283.3","1537952",0.995,0.95,40,0.972972972972973,37,0.680444726985544,40,0.647105466672599,40
"2284.3","1537961",0.995,NA,0,NA,0,0,39,0,39
"2285.3","1537962",0.995,0.96875,32,0.966666666666667,30,0.0514743115762409,39,0.0488444627925459,39
"2286.3","1537983",0.995,0.85,40,0.827586206896552,29,0.371102044285775,38,0.26676736686642,38
"2287.3","1537999",0.995,1,40,1,40,0.66581868640148,40,0.66581868640148,40
"2288.3","1538003",0.995,1,40,1,40,0.66581868640148,40,0.66581868640148,40
"2289.3","1538296",0.995,0.975,40,0.973684210526316,38,0.550041116903433,40,0.52126401663243,40
"2290.3","1538676",0.995,0.95,40,0.944444444444444,36,0.312160433868618,40,0.278925376243316,40
"2291.3","1539498",0.995,0.95,40,0.944444444444444,36,0.38628526252347,40,0.337422213427863,40
"2292.3","1539766",0.995,1,40,1,40,0.717356922347332,40,0.717356922347332,40
"2293.3","1539817",0.995,1,40,1,40,0.442438218004079,40,0.442438218004079,40
"2294.3","1539962",0.995,0.95,40,0.944444444444444,36,0.636765772674622,40,0.575563781209473,40
"2295.3","1545603",0.995,0.95,40,0.944444444444444,36,0.524262778343661,40,0.472791553490083,40
"2296.3","1545610",0.995,0.975,40,0.973684210526316,38,0.436778232672445,40,0.41677349782396,40
"2297.3","1545614",0.995,0.9,40,0.90625,32,0.3744992290146,40,0.303566531036623,40
"2298.3","1545730",0.995,0.975,40,0.973684210526316,38,0.294292499771275,39,0.273656273252695,39
"2299.3","1545746",0.995,0.975,40,0.973684210526316,38,0.348569797677162,39,0.330680710020633,39
"2300.3","1545747",0.995,0.975,40,0.973684210526316,38,0.298846224598761,39,0.287099350782921,39
"2301.3","1545826",0.995,0.9,40,0.878787878787879,33,0.338434985707796,40,0.263713095755643,40
"2302.3","1545833",0.995,0.975,40,0.973684210526316,38,0.644847844885601,39,0.617563163754766,39
"2303.3","1545854",0.995,0.95,40,0.973684210526316,38,0.506348909516474,40,0.500098909516474,40
"2304.3","1545861",0.995,0.9,40,0.882352941176471,34,0.395708381336406,40,0.325114631336406,40
"2305.3","1545862",0.995,0.925,40,0.941176470588235,34,0.496094221196885,40,0.41743464152924,40
"2306.3","1545863",0.995,0.925,40,0.911764705882353,34,0.501050504155343,39,0.404392994997834,39
"2307.3","1545875",0.995,0.95,40,0.944444444444444,36,0.172612454241616,38,0.154573169984461,38
"2308.3","1545881",0.995,0.925,40,0.942857142857143,35,0.467397430932819,40,0.418766894802283,40
"2309.3","1545899",0.995,0.9,40,0.90625,32,0.445129053776683,40,0.353225644685774,40
"2310.3","1545959",0.995,1,40,1,40,0.663941317676133,40,0.663941317676133,40
"2311.3","1545979",0.995,1,40,1,40,0.760238949456341,40,0.760238949456341,40
"2312.3","1545980",0.995,0.95,40,0.944444444444444,36,0.626623402187427,40,0.559540068854093,40
"2313.3","1545986",0.995,0.9,10,0.9,10,0.0211679945028913,39,0.0211679945028913,39
"2314.3","1545990",0.995,NA,0,NA,0,0,14,0,14
"2315.3","1545995",0.995,NA,0,NA,0,0,40,0,40
"2316.3","1546013",0.995,1,40,1,40,0.276920081452581,40,0.276920081452581,40
"2317.3","1546015",0.995,1,40,1,40,0.314756327407703,40,0.314756327407703,40
"2318.3","1546027",0.995,1,40,1,40,0.253202802832588,40,0.253202802832588,40
"2319.3","1546028",0.995,1,40,1,40,0.238945548418191,40,0.238945548418191,40
"2320.3","1546032",0.995,1,40,1,40,0.247397241631501,40,0.247397241631501,40
"2321.3","1546035",0.995,0.974358974358974,39,0.972972972972973,37,0.391460224558051,40,0.372460224558051,40
"2322.3","1546045",0.995,1,40,1,40,0.229625825413136,40,0.229625825413136,40
"2323.3","1546057",0.995,1,40,1,40,0.174936744901691,40,0.174936744901691,40
"2324.3","1546062",0.995,1,8,1,8,0.0383523744590938,33,0.0383523744590938,33
"2325.3","1546067",0.995,1,11,1,11,0.0945326632085525,33,0.0945326632085525,33
"2326.3","1546075",0.995,1,11,1,11,0.059817543019124,33,0.059817543019124,33
"2327.3","1546079",0.995,0.975,40,0.973684210526316,38,0.5100931500468,40,0.479920736253696,40
"2328.3","1546095",0.995,NA,0,NA,0,0,40,0,40
"2329.3","1546103",0.995,1,40,1,40,0.517865554623137,40,0.517865554623137,40
"2330.3","1546105",0.995,1,33,1,33,0.0917906317430649,40,0.0917906317430649,40
"2331.3","1546107",0.995,1,28,1,28,0.0836692823887946,40,0.0836692823887946,40
"2332.3","1546108",0.995,1,34,1,34,0.104157861197959,40,0.104157861197959,40
"2333.3","1546116",0.995,1,36,1,36,0.104303478527752,40,0.104303478527752,40
"2334.3","1546119",0.995,1,31,1,31,0.0926133624836121,40,0.0926133624836121,40
"2335.3","1546161",0.995,0.962962962962963,27,0.961538461538462,26,0.0620823267125735,40,0.0564573267125735,40
"2336.3","1546182",0.995,1,39,1,39,0.108221629545139,40,0.108221629545139,40
"2337.3","1546209",0.995,1,39,1,39,0.162640069563637,40,0.162640069563637,40
"2338.3","1546215",0.995,1,40,1,40,0.236232778194988,40,0.236232778194988,40
"2339.3","1546228",0.995,1,40,1,40,0.242841489197133,40,0.242841489197133,40
"2340.3","1546236",0.995,1,40,1,40,0.265529497590063,40,0.265529497590063,40
"2341.3","1546246",0.995,1,40,1,40,0.250123920700787,40,0.250123920700787,40
"2342.3","1546247",0.995,1,40,1,40,0.207211895341504,40,0.207211895341504,40
"2343.3","1546249",0.995,1,40,1,40,0.235167859323898,40,0.235167859323898,40
"2344.3","1546253",0.995,1,40,1,40,0.216885900638737,40,0.216885900638737,40
"2345.3","1546263",0.995,1,40,1,40,0.163183113174626,40,0.163183113174626,40
"2346.3","1546268",0.995,1,40,1,40,0.308606911379566,40,0.308606911379566,40
"2347.3","1546275",0.995,1,40,1,40,0.226606993226499,40,0.226606993226499,40
"2348.3","1546281",0.995,1,40,1,40,0.3188520710713,40,0.3188520710713,40
"2349.3","1546294",0.995,1,39,1,39,0.176012785663948,40,0.176012785663948,40
"2350.3","1546348",0.995,0.975,40,0.973684210526316,38,0.456802620104431,39,0.429647552949364,39
"2351.3","1546359",0.995,1,40,1,40,0.445109362846159,40,0.445109362846159,40
"2352.3","1546367",0.995,1,40,1,40,0.350864360319834,40,0.350864360319834,40
"2353.3","1546368",0.995,1,40,1,40,0.292740400083502,40,0.292740400083502,40
"2354.3","1546374",0.995,1,40,1,40,0.407328906523875,40,0.407328906523875,40
"2355.3","1546393",0.995,1,38,1,38,0.24262823603912,40,0.24262823603912,40
"2356.3","1546398",0.995,0.974358974358974,39,0.972972972972973,37,0.15358480974519,39,0.143027616261167,39
"2357.3","1546407",0.995,0.911764705882353,34,0.892857142857143,28,0.101053208114739,36,0.0821079414950539,36
"2358.3","1546411",0.995,1,37,1,37,0.154405941758466,40,0.154405941758466,40
"2359.3","1546418",0.995,1,34,1,34,0.136849283485056,40,0.136849283485056,40
"2360.3","1546424",0.995,1,40,1,40,0.152861425320507,40,0.152861425320507,40
"2361.3","1546434",0.995,1,40,1,40,0.184686648781754,40,0.184686648781754,40
"2362.3","1546440",0.995,1,40,1,40,0.193757805344589,40,0.193757805344589,40
"2363.3","1546460",0.995,NA,0,NA,0,0,39,0,39
"2364.3","1546463",0.995,NA,0,NA,0,0,39,0,39
"2365.3","1546496",0.995,1,39,1,39,0.165354793183194,40,0.165354793183194,40
"2366.3","1546508",0.995,1,40,1,40,0.272193888241941,40,0.272193888241941,40
"2367.3","1546510",0.995,1,40,1,40,0.288122231804875,40,0.288122231804875,40
"2368.3","1546534",0.995,1,39,1,39,0.109221448679049,40,0.109221448679049,40
"2369.3","1546538",0.995,1,39,1,39,0.128574856793802,40,0.128574856793802,40
"2370.3","1546564",0.995,1,39,1,39,0.145247751184065,40,0.145247751184065,40
"2371.3","1546569",0.995,1,40,1,40,0.262010523273286,40,0.262010523273286,40
"2372.3","1546575",0.995,1,35,1,35,0.130549037859792,40,0.130549037859792,40
"2373.3","1546600",0.995,1,40,1,40,0.175047383014981,40,0.175047383014981,40
"2374.3","1546645",0.995,0.95,40,0.944444444444444,36,0.232814873628709,39,0.208987270092475,39
"2375.3","1546666",0.995,0.875,40,0.870967741935484,31,0.541453650268894,39,0.411552749198638,39
"2376.3","1546686",0.995,1,40,1,40,0.334006214738922,40,0.334006214738922,40
"2377.3","1546725",0.995,0.975,40,0.973684210526316,38,0.324285074903399,39,0.312265844134169,39
"2378.3","1546744",0.995,NA,0,NA,0,0,34,0,34
"2379.3","1546746",0.995,0.975,40,0.973684210526316,38,0.515213801187872,39,0.472279990812201,39
"2380.3","1546769",0.995,0.925,40,0.911764705882353,34,0.44605600153153,39,0.376375010479571,39
"2381.3","1546770",0.995,0.9,40,0.909090909090909,33,0.542637286690345,39,0.45327698433194,39
"2382.3","1546777",0.995,0.95,40,0.944444444444444,36,0.354736400786138,40,0.304616033348698,40
"2383.3","1546829",0.995,0.945945945945946,37,0.939393939393939,33,0.13654809262759,39,0.121548599367227,39
"2384.3","1546852",0.995,1,1,1,1,0.0256410256410256,39,0.0256410256410256,39
"2385.3","1546862",0.995,0.925,40,0.911764705882353,34,0.0918172617079539,38,0.0804980461888036,38
"2386.3","1546871",0.995,1,1,1,1,0.000819000819000819,37,0.000819000819000819,37
"2387.3","1546878",0.995,0.933333333333333,30,0.923076923076923,26,0.0845222924593794,37,0.0469981611852481,37
"2388.3","1546879",0.995,0.975,40,0.973684210526316,38,0.346717980797132,40,0.321321155400307,40
"2389.3","1546912",0.995,0.9,40,0.941176470588235,34,0.347625614510247,40,0.308492860474747,40
"2390.3","1546943",0.995,NA,0,NA,0,0,38,0,38
"2391.3","1546960",0.995,NA,0,NA,0,0,37,0,37
"2392.3","1546971",0.995,1,6,1,6,0.00718054095164789,39,0.00718054095164789,39
"2393.3","1547014",0.995,0.925,40,0.911764705882353,34,0.163895046633842,38,0.140337746336622,38
"2394.3","1547016",0.995,0.885714285714286,35,0.892857142857143,28,0.152294957483954,36,0.119714248432657,36
"2395.3","1547031",0.995,1,5,1,5,0.0109604374716818,40,0.0109604374716818,40
"2396.3","1547039",0.995,0.923076923076923,13,0.909090909090909,11,0.019308359223877,40,0.0152802262315496,40
"2397.3","1547063",0.995,0.9375,16,0.928571428571429,14,0.0951930565426161,40,0.0860784732092828,40
"2398.3","1547075",0.995,0.947368421052632,38,0.941176470588235,34,0.190893003507043,40,0.17502399079932,40
"2399.3","1547094",0.995,0.921052631578947,38,0.939393939393939,33,0.247061591211213,40,0.225687201711823,40
"2400.3","1547099",0.995,0.925,40,0.942857142857143,35,0.361842220859471,39,0.326233066026527,39
"2401.3","1547112",0.995,0.888888888888889,9,0.857142857142857,7,0.0341396762466742,34,0.011066653934301,34
"2402.3","1547126",0.995,0.571428571428571,7,0.5,4,0.0203896103896104,15,0.01,15
"2403.3","1547146",0.995,0.925,40,0.911764705882353,34,0.334797663555845,40,0.271768732215867,40
"2404.3","1547149",0.995,NA,0,NA,0,0,35,0,35
"2405.3","1547202",0.995,0.925,40,0.941176470588235,34,0.139489628275474,38,0.121235914364273,38
"2406.3","1547229",0.995,0.948717948717949,39,0.942857142857143,35,0.338127561396608,39,0.307316078972222,39
"2407.3","1547236",0.995,NA,0,NA,0,0,24,0,24
"2408.3","1547243",0.995,0.975,40,0.973684210526316,38,0.369061015061768,40,0.352816075790513,40
"2409.3","1547245",0.995,0.948717948717949,39,0.942857142857143,35,0.244589907623773,40,0.219720244241179,40
"2410.3","1547259",0.995,NA,0,NA,0,0,37,0,37
"2411.3","1547262",0.995,0.96875,32,0.96875,32,0.143756577561008,35,0.143756577561008,35
"2412.3","1547273",0.995,0.911764705882353,34,0.892857142857143,28,0.180142330161306,37,0.146001308887931,37
"2413.3","1547321",0.995,0.9,10,0.888888888888889,9,0.0104660244638446,38,0.009643656042792,38
"2414.3","1547361",0.995,0.9,10,0.875,8,0.0300041222347257,36,0.0270053848609883,36
"2415.3","1547367",0.995,0.947368421052632,38,0.972972972972973,37,0.133713689118596,38,0.133713689118596,38
"2416.3","1547380",0.995,0.931034482758621,29,0.92,25,0.106562012253877,38,0.090895975102805,38
"2417.3","1547414",0.995,0.9,10,0.888888888888889,9,0.0123679330482179,37,0.0106787438590287,37
"2418.3","1547417",0.995,0.923076923076923,26,0.909090909090909,22,0.0610141245685298,38,0.052755208273089,38
"2419.3","1547442",0.995,1,40,1,40,0.404957824711623,40,0.404957824711623,40
"2420.3","1547453",0.995,NA,0,NA,0,0,40,0,40
"2421.3","1547459",0.995,0.95,40,0.944444444444444,36,0.152337225478706,40,0.139081399049388,40
"2422.3","1547473",0.995,0.974358974358974,39,0.972972972972973,37,0.215490742992794,40,0.204495372622424,40
"2423.3","1547489",0.995,1,16,1,16,0.0600437045468005,40,0.0600437045468005,40
"2424.3","1547492",0.995,1,40,1,40,0.251467723163537,40,0.251467723163537,40
"2425.3","1547496",0.995,0.95,40,0.972222222222222,36,0.175374697533119,40,0.145582522913358,40
"2426.3","1547501",0.995,0.941176470588235,17,0.9375,16,0.0406138756014687,39,0.0386414890136974,39
"2427.3","1547508",0.995,0.925,40,0.911764705882353,34,0.204708019062808,39,0.174948756002353,39
"2428.3","1547546",0.995,0.975,40,0.973684210526316,38,0.274446012229359,40,0.259961885245232,40
"2429.3","1547568",0.995,0.975,40,0.973684210526316,38,0.220347279975637,40,0.214308632632642,40
"2430.3","1547577",0.995,0.925,40,0.911764705882353,34,0.354688555285802,39,0.301514984822695,39
"2431.3","1547598",0.995,0.818181818181818,11,0.75,8,0.0756951050577956,39,0.0641226589502452,39
"2432.3","1547615",0.995,0.95,40,0.944444444444444,36,0.228463405156763,39,0.209406020370478,39
"2433.3","1547630",0.995,0.975,40,0.973684210526316,38,0.307235989610397,40,0.293173489610397,40
"2434.3","1547632",0.995,0.875,24,0.842105263157895,19,0.0946633314194374,36,0.0699819942381002,36
"2435.3","1547638",0.995,0.827586206896552,29,0.761904761904762,21,0.0573798173180696,37,0.0348027689258039,37
"2436.3","1547651",0.995,0.944444444444444,36,0.96969696969697,33,0.122916395017775,40,0.103830373512398,40
"2437.3","1547653",0.995,0.95,40,0.944444444444444,36,0.259890023797663,40,0.230104406737772,40
"2438.3","1547659",0.995,0.975,40,0.973684210526316,38,0.117141800711234,39,0.114406757976191,39
"2439.3","1547669",0.995,0.925,40,0.911764705882353,34,0.379159953195035,40,0.321737949910963,40
"2440.3","1547670",0.995,0.956521739130435,23,0.952380952380952,21,0.058137246311909,39,0.0545241926988554,39
"2441.3","1547681",0.995,0.96875,32,0.966666666666667,30,0.103171023952606,39,0.0998946706762526,39
"2442.3","1547693",0.995,0.96551724137931,29,0.962962962962963,27,0.103464460110847,39,0.0960829527293396,39
"2443.3","1547745",0.995,0.921052631578947,38,0.90625,32,0.145742324229755,39,0.128292927748101,39
"2444.3","1547764",0.995,NA,0,NA,0,NA,0,NA,0
"2445.3","1547772",0.995,1,38,1,38,0.154257022413873,40,0.154257022413873,40
"2446.3","1547778",0.995,0.95,40,0.972222222222222,36,0.188003274566809,39,0.179023007522026,39
"2447.3","1547779",0.995,0.925,40,0.911764705882353,34,0.348451404604323,39,0.270555721591515,39
"2448.3","1547781",0.995,NA,0,NA,0,0,36,0,36
"2449.3","1547802",0.995,1,1,1,1,0.00172413793103448,40,0.00172413793103448,40
"2450.3","1547840",0.995,0.95,40,0.944444444444444,36,0.37738779615167,40,0.332496339569037,40
"2451.3","1547851",0.995,1,2,1,2,0.0140067911714771,38,0.0140067911714771,38
"2452.3","1547862",0.995,0.95,40,0.944444444444444,36,0.398037200799957,40,0.353491810461884,40
"2453.3","1547876",0.995,0.85,40,0.866666666666667,30,0.26468236878461,40,0.208957606639195,40
"2454.3","1547898",0.995,0.95,40,0.944444444444444,36,0.384736377521304,40,0.347443106636702,40
"2455.3","1547911",0.995,0.894736842105263,38,0.9,30,0.134193556418305,38,0.115116455261723,38
"2456.3","1547924",0.995,0.925,40,0.911764705882353,34,0.177244271525448,39,0.143749060603326,39
"2457.3","1547932",0.995,0,1,0,1,0,40,0,40
"2458.3","1547941",0.995,0.90625,32,0.884615384615385,26,0.0883038343392554,36,0.0680483382014063,36
"2459.3","1547946",0.995,NA,0,NA,0,0,40,0,40
"2460.3","1547957",0.995,NA,0,NA,0,0,30,0,30
"2461.3","1547980",0.995,0.928571428571429,14,0.916666666666667,12,0.0531270667893059,37,0.0487285506260838,37
"2462.3","1547985",0.995,0.925,40,0.911764705882353,34,0.230121690082136,40,0.201129711472511,40
"2463.3","1547989",0.995,1,1,1,1,0.000777000777000777,39,0.000777000777000777,39
"2464.3","1547992",0.995,NA,0,NA,0,0,38,0,38
"2465.3","1547997",0.995,0.870967741935484,31,0.92,25,0.0867441392988785,37,0.0745834396381788,37
"2466.3","1548000",0.995,NA,0,NA,0,0,18,0,18
"2467.3","1548003",0.995,NA,0,NA,0,0,22,0,22
"2468.3","1548036",0.995,0.975,40,0.973684210526316,38,0.144616613284781,39,0.13393285260102,39
"2469.3","1548095",0.995,1,6,1,6,0.0197790497790498,39,0.0197790497790498,39
"2470.3","1548138",0.995,1,17,1,17,0.0433015353017657,40,0.0433015353017657,40
"2471.3","1548149",0.995,1,40,1,40,0.277207531477411,40,0.277207531477411,40
"2472.3","1548170",0.995,0.975,40,0.973684210526316,38,0.542856578343778,40,0.518235366222565,40
"2473.3","1548177",0.995,0.95,40,0.972222222222222,36,0.523808701938742,40,0.482737273367314,40
"2474.3","1548180",0.995,0.9,40,0.909090909090909,33,0.409922657365735,40,0.341409871132361,40
"2475.3","1548214",0.995,0.925,40,0.911764705882353,34,0.467369779950889,39,0.387408308040028,39
"2476.3","1548218",0.995,1,40,1,40,0.334491443290898,40,0.334491443290898,40
"2477.3","1548239",0.995,0.85,40,0.862068965517241,29,0.551711360319119,40,0.400005817099567,40
"2478.3","1548256",0.995,0.9,40,0.909090909090909,33,0.313642179849169,39,0.265849096495741,39
"2479.3","1548259",0.995,0.95,40,0.944444444444444,36,0.588854110425119,39,0.523255819826828,39
"2480.3","1548300",0.995,NA,0,NA,0,0,39,0,39
"2481.3","1548302",0.995,1,40,1,40,0.610486708448921,40,0.610486708448921,40
"2482.3","1553033",0.995,0.925,40,0.911764705882353,34,0.884782608695652,40,0.741304347826087,40
"2483.3","1553045",0.995,1,40,1,40,0.675925891881403,40,0.675925891881403,40
"2484.3","1553087",0.995,0.975,40,0.973684210526316,38,0.62312913107636,40,0.597138455085684,40
"2485.3","1553096",0.995,0.95,40,0.944444444444444,36,0.470880689547705,40,0.420880689547705,40
"2486.3","1553107",0.995,NA,0,NA,0,0,38,0,38
"2487.3","1553111",0.995,NA,0,NA,0,0,39,0,39
"2488.3","1553112",0.995,NA,0,NA,0,0,37,0,37
"2489.3","1553113",0.995,NA,0,NA,0,0,36,0,36
"2490.3","1553119",0.995,0.95,40,0.944444444444444,36,0.586196208308109,40,0.523189072058605,40
"2491.3","1553121",0.995,0.95,40,0.944444444444444,36,0.433246806641811,40,0.38697021089713,40
"2492.3","1553122",0.995,0.95,40,0.944444444444444,36,0.381182033096927,40,0.333735224586288,40
"2493.3","1553144",0.995,0.95,40,0.944444444444444,36,0.355560675883256,40,0.324228537293053,40
"2494.3","1553150",0.995,0.975,40,0.973684210526316,38,0.429909769146348,40,0.409076435813014,40
"2495.3","1553176",0.995,0.95,40,0.944444444444444,36,0.287121709191219,39,0.25207629483546,39
"2496.3","1553196",0.995,0.85,40,0.9,30,0.402704403689124,38,0.319278247573027,38
"2497.3","1553316",0.995,0.975,40,0.973684210526316,38,0.620494323026285,40,0.589541942073904,40
"2498.3","1553436",0.995,1,40,1,40,0.360246277789554,40,0.360246277789554,40
"2499.3","1553440",0.995,1,26,1,26,0.0995668053308947,40,0.0995668053308947,40
"2500.3","1553443",0.995,1,2,1,2,0.0044173205463528,37,0.0044173205463528,37
"2501.3","1553504",0.995,1,40,1,40,0.620724199475987,40,0.620724199475987,40
"2502.3","1554472",0.995,1,40,1,40,0.621079668753954,40,0.621079668753954,40
"2503.3","1555179",0.995,0.85,40,0.838709677419355,31,0.224779687423925,38,0.153975363941769,38
"2504.3","1555183",0.995,0.9,40,0.882352941176471,34,0.208517589975286,39,0.170358478041891,39
"2505.3","1555228",0.995,NA,0,NA,0,0,39,0,39
"2506.3","1555275",0.995,0.973684210526316,38,0.972222222222222,36,0.228942397564866,40,0.222938813335475,40
"2507.3","1555526",0.995,1,40,1,40,0.332222858074357,40,0.332222858074357,40
"2508.3","1556444",0.995,1,40,1,40,0.940263130845924,40,0.940263130845924,40
"2509.3","1556451",0.995,1,2,1,2,0.00196153846153846,40,0.00196153846153846,40
"2510.3","1556552",0.995,1,40,1,40,0.365634809978968,40,0.365634809978968,40
"2511.3","1556869",0.995,0.95,40,0.972972972972973,37,0.483245591993984,40,0.45895987770827,40
"2512.3","1556907",0.995,1,40,1,40,0.646869239133121,40,0.646869239133121,40
"2513.3","1556958",0.995,1,40,1,40,0.701431862573624,40,0.701431862573624,40
"2514.3","1557006",0.995,0.964285714285714,28,0.961538461538462,26,0.320775821400821,40,0.277025821400821,40
"2515.3","1557052",0.995,0.95,40,0.944444444444444,36,0.709675100632547,40,0.633611270845313,40
"2516.3","1557077",0.995,1,40,1,40,0.373761187313017,40,0.373761187313017,40
"2517.3","1557088",0.995,0.975,40,0.974358974358974,39,0.430272633249206,40,0.422164525141098,40
"2518.3","1557096",0.995,1,40,1,40,0.606179221369032,40,0.606179221369032,40
"2519.3","1557109",0.995,0.975,40,0.973684210526316,38,0.538699917025111,40,0.512480404829989,40
"2520.3","1557112",0.995,0.925,40,0.911764705882353,34,0.614436569700325,40,0.517553719850232,40
"2521.3","1557121",0.995,1,39,1,39,0.365494477456114,40,0.365494477456114,40
"2522.3","1557136",0.995,0.975,40,0.973684210526316,38,0.307570773046,40,0.291721414071641,40
"2523.3","1557159",0.995,1,40,1,40,0.467370575285868,40,0.467370575285868,40
"2524.3","1557160",0.995,1,40,1,40,0.460199801621333,40,0.460199801621333,40
"2525.3","1557207",0.995,0.925,40,0.942857142857143,35,0.627495148485372,40,0.559753213001501,40
"2526.3","1557253",0.995,1,40,1,40,0.762490889468225,40,0.762490889468225,40
"2527.3","1557271",0.995,0.9,40,0.914285714285714,35,0.575719771875493,38,0.516341596707844,38
"2528.3","1557279",0.995,0.857142857142857,21,0.947368421052632,19,0.241833860355362,18,0.241833860355362,18
"2529.3","1557283",0.995,0.857142857142857,21,0.947368421052632,19,0.375148695436092,19,0.375148695436092,19
"2530.3","1558769",0.995,0.9,40,0.939393939393939,33,0.299252435229427,40,0.261671790068137,40
"2531.3","1558773",0.995,0.925,40,0.911764705882353,34,0.443621240455041,40,0.358739270573071,40
"2532.3","1558792",0.995,0.875,40,0.866666666666667,30,0.468730835720349,39,0.341823079293116,39
"2533.3","1558794",0.995,0.925,40,0.916666666666667,36,0.536001398113205,40,0.488564423323289,40
"2534.3","1558810",0.995,0.925,40,0.911764705882353,34,0.60017113137715,38,0.503394151047538,38
"2535.3","1558812",0.995,0.875,40,0.833333333333333,30,0.337253344850675,39,0.234497671405347,39
"2536.3","1558875",0.995,0.9,40,0.90625,32,0.254410245803033,39,0.199570123422588,39
"2537.3","1558952",0.995,1,40,1,40,0.758485512763356,40,0.758485512763356,40
"2538.3","1558959",0.995,0.95,40,0.944444444444444,36,0.508592796815785,39,0.451992824197506,39
"2539.3","1558961",0.995,0.95,40,0.944444444444444,36,0.212629022223001,39,0.18149719109117,39
"2540.3","1558963",0.995,0.95,40,0.944444444444444,36,0.234439975639844,39,0.196995938195807,39
"2541.3","1558973",0.995,0.95,40,0.944444444444444,36,0.391060641313089,40,0.336791317641592,40
"2542.3","1558978",0.995,0.975,40,0.973684210526316,38,0.464513787724067,40,0.437439263411171,40
"2543.3","1558982",0.995,1,40,1,40,0.900905656939422,40,0.900905656939422,40
"2544.3","1558998",0.995,NA,0,NA,0,0,40,0,40
"2545.3","1559003",0.995,1,1,1,1,0.00277777777777778,40,0.00277777777777778,40
"2546.3","1559089",0.995,0.975,40,0.973684210526316,38,0.235288334208628,40,0.223020041525701,40
"2547.3","1559092",0.995,0.975,40,0.973684210526316,38,0.267759983726602,39,0.257778298744917,39
"2548.3","1559107",0.995,0.925,40,0.941176470588235,34,0.639530583149911,40,0.548875821245149,40
"2549.3","1559108",0.995,0.925,40,0.911764705882353,34,0.456148273262691,39,0.381657767399636,39
"2550.3","1559109",0.995,0.975,40,0.973684210526316,38,0.305667408121213,40,0.290231802060607,40
"2551.3","1559127",0.995,0.925,40,0.911764705882353,34,0.383564629845901,39,0.311354976753895,39
"2552.3","1559142",0.995,0.95,40,0.972222222222222,36,0.461615670389207,39,0.421887589330481,39
"2553.3","1559228",0.995,1,40,1,40,0.548389760816696,40,0.548389760816696,40
"2554.3","1559233",0.995,0.975,40,0.973684210526316,38,0.330035368479721,40,0.315262641206993,40
"2555.3","1559307",0.995,0.95,40,0.944444444444444,36,0.150616021683422,38,0.135868093103658,38
"2556.3","1559382",0.995,0.975,40,0.973684210526316,38,0.591686369192877,40,0.560886911198297,40
"2557.3","1560",0.995,0.882352941176471,34,0.928571428571429,28,0.118955969454588,37,0.103140759082926,37
"2558.3","1560079",0.995,1,40,1,40,0.718756038647343,40,0.718756038647343,40
"2559.3","1560080",0.995,1,40,1,40,0.763707961724266,40,0.763707961724266,40
"2560.3","1560082",0.995,0.975,40,0.973684210526316,38,0.599665239773935,40,0.56951723462593,40
"2561.3","1560083",0.995,1,40,1,40,0.729553359107243,40,0.729553359107243,40
"2562.3","1560086",0.995,1,40,1,40,0.670251163655336,40,0.670251163655336,40
"2563.3","1560125",0.995,0.975,40,0.973684210526316,38,0.212165263305747,40,0.196938242264772,40
"2564.3","1560154",0.995,NA,0,NA,0,0,39,0,39
"2565.3","1560183",0.995,0.975,40,0.973684210526316,38,0.488920854430031,40,0.462519888246456,40
"2566.3","1560186",0.995,0.975,40,0.973684210526316,38,0.560930468857857,40,0.532343512336118,40
"2567.3","1560220",0.995,1,7,1,7,0.0116245247192072,40,0.0116245247192072,40
"2568.3","1560225",0.995,0.975,40,0.973684210526316,38,0.356890526089614,40,0.337954715278803,40
"2569.3","1560227",0.995,0.975,40,0.973684210526316,38,0.266101215393911,39,0.248300302856156,39
"2570.3","1560244",0.995,0.875,40,0.903225806451613,31,0.525533691043144,38,0.440433549994748,38
"2571.3","1560250",0.995,0.975,40,0.973684210526316,38,0.850328675395912,40,0.807243569012933,40
"2572.3","1560295",0.995,NA,0,NA,0,0,39,0,39
"2573.3","1560341",0.995,0.975,40,0.973684210526316,38,0.464029818345021,40,0.437779818345021,40
"2574.3","1560395",0.995,1,40,1,40,0.559256885362451,40,0.559256885362451,40
"2575.3","1560400",0.995,1,40,1,40,0.549157803617886,40,0.549157803617886,40
"2576.3","1560401",0.995,0.975,40,0.973684210526316,38,0.573757735890819,40,0.542919321256672,40
"2577.3","1560419",0.995,1,40,1,40,0.813220367031343,40,0.813220367031343,40
"2578.3","1560432",0.995,1,40,1,40,0.518425286308511,40,0.518425286308511,40
"2579.3","1560439",0.995,0.95,40,0.944444444444444,36,0.417593482592274,39,0.366443772087724,39
"2580.3","1560483",0.995,0.925,40,0.945945945945946,37,0.542896556895658,39,0.50844142869053,39
"2581.3","1560499",0.995,0.95,40,0.944444444444444,36,0.228761941457457,39,0.200526366591587,39
"2582.3","1560511",0.995,0.975,40,0.973684210526316,38,0.645910333293267,40,0.613015596451161,40
"2583.3","1560601",0.995,0.9,40,0.911764705882353,34,0.317768138653316,38,0.283980292020606,38
"2584.3","1560604",0.995,0.95,40,0.944444444444444,36,0.248275988356018,39,0.21566305719712,39
"2585.3","1560612",0.995,0.95,40,0.944444444444444,36,0.33559621185082,39,0.305422357926967,39
"2586.3","1560616",0.995,1,33,1,33,0.113626799678251,40,0.113626799678251,40
"2587.3","1560619",0.995,0.85,40,0.827586206896552,29,0.401642677079915,39,0.29402058075955,39
"2588.3","1560702",0.995,1,29,1,29,0.0792485000478727,40,0.0792485000478727,40
"2589.3","1560703",0.995,0.972972972972973,37,0.971428571428571,35,0.17137801089109,40,0.145038725176804,40
"2590.3","1560712",0.995,1,40,1,40,0.642497337422378,40,0.642497337422378,40
"2591.3","1560732",0.995,0.975,40,0.973684210526316,38,0.340082167375045,40,0.323549668865802,40
"2592.3","1560737",0.995,0.975,40,0.973684210526316,38,0.306688595066294,40,0.284188595066294,40
"2593.3","1560738",0.995,0.925,40,0.941176470588235,34,0.457729205349011,40,0.357757431155463,40
"2594.3","1560774",0.995,1,40,1,40,0.425472103614765,40,0.425472103614765,40
"2595.3","1560788",0.995,0.9,40,0.875,32,0.347677924114416,40,0.25817325036075,40
"2596.3","1560811",0.995,0.925,40,0.911764705882353,34,0.429985756653214,40,0.369002300770861,40
"2597.3","1560845",0.995,1,40,1,40,0.400099900670588,40,0.400099900670588,40
"2598.3","1560850",0.995,1,40,1,40,0.553300831467682,40,0.553300831467682,40
"2599.3","1560851",0.995,0.925,40,0.916666666666667,36,0.469741052365623,40,0.405908856335846,40
"2600.3","1561015",0.995,1,40,1,40,0.345916173425264,40,0.345916173425264,40
"2601.3","1561021",0.995,NA,0,NA,0,0,39,0,39
"2602.3","1561023",0.995,1,40,1,40,0.733658801260956,40,0.733658801260956,40
"2603.3","1562260",0.995,0.95,40,0.972222222222222,36,0.895507246376812,40,0.824311594202899,40
"2604.3","1562267",0.995,1,40,1,40,0.622153412256707,40,0.622153412256707,40
"2605.3","1562272",0.995,0.95,40,0.944444444444444,36,0.379637305343738,39,0.340832532941681,39
"2606.3","1562309",0.995,0.925,40,0.911764705882353,34,0.302998026402709,38,0.253795474568578,38
"2607.3","1562351",0.995,1,40,1,40,0.374855353973198,40,0.374855353973198,40
"2608.3","1562375",0.995,1,14,1,14,0.0834761812388554,40,0.0834761812388554,40
"2609.3","1562387",0.995,0.95,40,0.944444444444444,36,0.450046515956524,40,0.401272006152603,40
"2610.3","1562388",0.995,1,40,1,40,0.549512323927221,40,0.549512323927221,40
"2611.3","1562405",0.995,0.974358974358974,39,0.974358974358974,39,0.345211717039243,40,0.345211717039243,40
"2612.3","1562434",0.995,1,2,1,2,0.00440270935960591,40,0.00440270935960591,40
"2613.3","1562641",0.995,0.95,40,0.944444444444444,36,0.566188738361406,40,0.512184189833531,40
"2614.3","1562642",0.995,0.95,40,0.944444444444444,36,0.430325576035737,40,0.38193271889288,40
"2615.3","1562646",0.995,0.85,40,0.857142857142857,28,0.420029349548816,40,0.291967820277609,40
"2616.3","1562671",0.995,1,40,1,40,0.277704841025184,40,0.277704841025184,40
"2617.3","1562693",0.995,1,40,1,40,0.365697105937281,40,0.365697105937281,40
"2618.3","1562703",0.995,0.975,40,0.973684210526316,38,0.487460886757395,40,0.462170189082976,40
"2619.3","1562711",0.995,1,4,1,4,0.00721265913573606,39,0.00721265913573606,39
"2620.3","1562712",0.995,0.95,40,0.972972972972973,37,0.216176773507624,40,0.196031370130513,40
"2621.3","1563262",0.995,0.975,40,0.973684210526316,38,0.499459783581471,40,0.468305937427625,40
"2622.3","1563392",0.995,1,40,1,40,0.469483998918235,40,0.469483998918235,40
"2623.3","1563396",0.995,0.925,40,0.911764705882353,34,0.510704032879674,40,0.430534560524651,40
"2624.3","1563647",0.995,0.95,40,0.944444444444444,36,0.614371174711563,40,0.553084149954711,40
"2625.3","1563654",0.995,0.975,40,0.974358974358974,39,0.528468630738109,40,0.514926964071442,40
"2626.3","1564468",0.995,0.95,40,0.944444444444444,36,0.565509270349473,40,0.509995069103565,40
"2627.3","1564487",0.995,0.975,40,0.973684210526316,38,0.461109485276174,40,0.434889973081052,40
"2628.3","1565055",0.995,1,40,1,40,0.502406633726471,40,0.502406633726471,40
"2629.3","1565139",0.995,1,40,1,40,0.709573451910409,40,0.709573451910409,40
"2630.3","1565758",0.995,0.975,40,0.973684210526316,38,0.509332057888693,40,0.471653486460122,40
"2631.3","1565761",0.995,0.95,40,0.944444444444444,36,0.262928351410944,40,0.231896579909018,40
"2632.3","1565769",0.995,0.9,40,0.909090909090909,33,0.527199104119864,40,0.452662036790151,40
"2633.3","1567078",0.995,1,40,1,40,0.628935900466553,40,0.628935900466553,40
"2634.3","1567079",0.995,1,40,1,40,0.552784331021292,40,0.552784331021292,40
"2635.3","1567084",0.995,1,40,1,40,0.637160063449946,40,0.637160063449946,40
"2636.3","1567937",0.995,0.975,40,0.973684210526316,38,0.175379926501808,40,0.15886206935895,40
"2637.3","1567959",0.995,0.925,40,0.911764705882353,34,0.456752099664122,39,0.382051244963267,39
"2638.3","1567966",0.995,0.85,40,0.785714285714286,28,0.477468587761584,40,0.289961867331476,40
"2639.3","1567969",0.995,0.975,40,0.973684210526316,38,0.33187622182993,40,0.316963941128176,40
"2640.3","1567972",0.995,0.95,40,0.944444444444444,36,0.555580111614594,39,0.484481259265742,39
"2641.3","1568002",0.995,NA,0,NA,0,0,40,0,40
"2642.3","1568073",0.995,1,40,1,40,0.384614059722543,40,0.384614059722543,40
"2643.3","1568098",0.995,0.975,40,0.973684210526316,38,0.332202653609691,40,0.304972923879961,40
"2644.3","1568103",0.995,0.95,40,0.944444444444444,36,0.638958313989599,40,0.567509450353235,40
"2645.3","1568140",0.995,0.95,40,0.944444444444444,36,0.461911123201274,40,0.417563489410916,40
"2646.3","1568149",0.995,0.975,40,0.973684210526316,38,0.312280043246777,40,0.28220428567102,40
"2647.3","1568970",0.995,0.9,40,0.9375,32,0.399067275482571,40,0.349424097432307,40
"2648.3","1568985",0.995,0.925,40,0.971428571428571,35,0.453171394144452,40,0.41628106225412,40
"2649.3","1569056",0.995,0.975,40,0.973684210526316,38,0.735708204253222,40,0.703599618394637,40
"2650.3","1569126",0.995,0.948717948717949,39,0.942857142857143,35,0.438096332234557,40,0.394272544040668,40
"2651.3","1569314",0.995,1,40,1,40,0.662128734150011,40,0.662128734150011,40
"2652.3","1569441",0.995,0.975,40,0.973684210526316,38,0.710202990276915,40,0.674912586236511,40
"2653.3","1569450",0.995,0.925,40,0.911764705882353,34,0.726398396546408,40,0.61531914893617,40
"2654.3","1569454",0.995,0.95,40,0.972222222222222,36,0.502837731020508,40,0.450335628413275,40
"2655.3","1569540",0.995,1,40,1,40,0.718947109525278,40,0.718947109525278,40
"2656.3","1569570",0.995,0.975,40,0.973684210526316,38,0.725639909735654,40,0.687988394584139,40
"2657.3","1569581",0.995,0.975,40,0.973684210526316,38,0.760533958923182,40,0.725533958923182,40
"2658.3","1569595",0.995,1,40,1,40,0.729890918902251,40,0.729890918902251,40
"2659.3","1569625",0.995,0.95,40,0.944444444444444,36,0.627058874244673,40,0.565073058641836,40
"2660.3","1569634",0.995,1,40,1,40,0.709333402746909,40,0.709333402746909,40
"2661.3","1569694",0.995,0.975,40,0.973684210526316,38,0.751739603481625,40,0.717055260047281,40
"2662.3","1569703",0.995,0.95,40,0.972222222222222,36,0.458096632091201,40,0.413413374172649,40
"2663.3","1569764",0.995,1,40,1,40,0.748871790208085,40,0.748871790208085,40
"2664.3","1569788",0.995,1,40,1,40,0.663204734673282,40,0.663204734673282,40
"2665.3","1569828",0.995,0.925,40,0.911764705882353,34,0.596054049139155,40,0.501476488548157,40
"2666.3","1569858",0.995,1,40,1,40,0.780293184490377,40,0.780293184490377,40
"2667.3","1569934",0.995,1,40,1,40,0.588337833427916,40,0.588337833427916,40
"2668.3","1569999",0.995,1,40,1,40,0.301309690552429,40,0.301309690552429,40
"2669.3","1570031",0.995,1,5,1,5,0.0234075956937799,40,0.0234075956937799,40
"2670.3","1570252",0.995,0.9,40,0.878787878787879,33,0.32083057077648,39,0.268245900544751,39
"2671.3","1570265",0.995,NA,0,NA,0,0,38,0,38
"2672.3","1570289",0.995,0.975,40,0.973684210526316,38,0.612509943304116,40,0.581757102395025,40
"2673.3","1570315",0.995,1,40,1,40,0.779610180036862,40,0.779610180036862,40
"2674.3","1570328",0.995,1,40,1,40,0.495121182164849,40,0.495121182164849,40
"2675.3","1570331",0.995,1,40,1,40,0.531819244355382,40,0.531819244355382,40
"2676.3","1570336",0.995,1,40,1,40,0.563580031552836,40,0.563580031552836,40
"2677.3","1570338",0.995,1,40,1,40,0.539268833689813,40,0.539268833689813,40
"2678.3","1570347",0.995,0.975,40,0.973684210526316,38,0.629594299960519,39,0.598206147882712,39
"2679.3","1570380",0.995,0.975,40,0.973684210526316,38,0.313391129613927,40,0.301805763760269,40
"2680.3","1571548",0.995,1,1,1,1,0.00256410256410256,39,0.00256410256410256,39
"2681.3","1571706",0.995,0.925,40,0.941176470588235,34,0.540583066383625,39,0.469645300792951,39
"2682.3","1571747",0.995,0.95,40,0.944444444444444,36,0.498897354383659,40,0.446245839232143,40
"2683.3","1571752",0.995,0.925,40,0.911764705882353,34,0.68813970213705,40,0.578878081770553,40
"2684.3","1573502",0.995,0.925,40,0.911764705882353,34,0.411986642205646,40,0.346991098533631,40
"2685.3","1573537",0.995,0.925,40,0.911764705882353,34,0.363685326784725,39,0.294265163614562,39
"2686.3","1573539",0.995,1,40,1,40,0.27004419557803,40,0.27004419557803,40
"2687.3","1573544",0.995,NA,0,NA,0,0,40,0,40
"2688.3","1573551",0.995,0.95,40,0.944444444444444,36,0.333446308066801,39,0.299725100958498,39
"2689.3","1573563",0.995,0.975,40,0.973684210526316,38,0.527401383065538,40,0.500930794830244,40
"2690.3","1573603",0.995,0.95,40,0.944444444444444,36,0.502802858800793,40,0.447073692134126,40
"2691.3","1573621",0.995,0.95,40,0.945945945945946,37,0.345463985708464,40,0.314004456865214,40
"2692.3","1573662",0.995,1,39,1,39,0.276209789273931,40,0.276209789273931,40
"2693.3","1573678",0.995,1,40,1,40,0.462062209515169,40,0.462062209515169,40
"2694.3","1573721",0.995,1,40,1,40,0.599752858691402,40,0.599752858691402,40
"2695.3","1573998",0.995,0.975,40,0.973684210526316,38,0.225421690950753,40,0.216225073614601,40
"2696.3","1574005",0.995,1,40,1,40,0.366848709835916,40,0.366848709835916,40
"2697.3","1574025",0.995,0.975,40,0.973684210526316,38,0.271646369519123,40,0.254086845709599,40
"2698.3","1574039",0.995,0.9,40,0.914285714285714,35,0.496943181550166,39,0.445437280044265,39
"2699.3","1574047",0.995,0.95,40,0.944444444444444,36,0.624111728111257,40,0.563044534435368,40
"2700.3","1574068",0.995,0.925,40,0.911764705882353,34,0.46023486689091,40,0.379955510830304,40
"2701.3","1574091",0.995,0.975,40,0.973684210526316,38,0.46947978838569,40,0.449752224283126,40
"2702.3","1574102",0.995,0.971428571428571,35,0.96969696969697,33,0.172299573762155,39,0.165889317351899,39
"2703.3","1574105",0.995,1,40,1,40,0.607386991104115,40,0.607386991104115,40
"2704.3","1579696",0.995,0.95,40,0.944444444444444,36,0.414368598582249,40,0.369228781291696,40
"2705.3","1579708",0.995,0.9,40,0.90625,32,0.620816347985432,40,0.49938777655686,40
"2706.3","1579716",0.995,0.9,40,0.875,32,0.266955775705776,40,0.190571338383838,40
"2707.3","1579718",0.995,0.875,40,0.909090909090909,33,0.275495375416405,38,0.229106722332081,38
"2708.3","1579722",0.995,0.925,40,0.911764705882353,34,0.415238249889305,38,0.34905005212216,38
"2709.3","1579771",0.995,0.95,40,0.944444444444444,36,0.455222078106593,40,0.410936363820879,40
"2710.3","1579792",0.995,0.9,40,0.909090909090909,33,0.538138927483082,39,0.469750796796564,39
"2711.3","1579816",0.995,NA,0,NA,0,0,38,0,38
"2712.3","1579861",0.995,0.925,40,0.942857142857143,35,0.489636571566304,40,0.440271957685561,40
"2713.3","1579881",0.995,0.975,40,0.973684210526316,38,0.203424078494644,40,0.194495507066073,40
"2714.3","1579888",0.995,0.975,40,0.973684210526316,38,0.314289680515592,39,0.294445489618769,39
"2715.3","1579910",0.995,0.95,40,0.944444444444444,36,0.435528076155011,40,0.389544244025668,40
"2716.3","1579954",0.995,0.925,40,0.942857142857143,35,0.589583643229867,40,0.518869357515581,40
"2717.3","1579987",0.995,1,40,1,40,0.539683606820416,40,0.539683606820416,40
"2718.3","1580004",0.995,1,21,1,21,0.039885157557418,40,0.039885157557418,40
"2719.3","1580146",0.995,0.925,40,0.942857142857143,35,0.605991997042991,40,0.532909610679355,40
"2720.3","1580175",0.995,0.925,40,0.911764705882353,34,0.547340425531915,40,0.454787234042553,40
"2721.3","1580391",0.995,0.975,40,0.973684210526316,38,0.206806035851698,39,0.200189912956505,39
"2722.3","1580406",0.995,0.9,40,0.875,32,0.422742129806468,40,0.325242129806468,40
"2723.3","1580412",0.995,0.925,40,0.911764705882353,34,0.618579813402108,39,0.515462535749021,39
"2724.3","1580414",0.995,0.925,40,0.911764705882353,34,0.555534785563521,39,0.466786728065464,39
"2725.3","1580421",0.995,1,40,1,40,0.396137452743081,40,0.396137452743081,40
"2726.3","1580470",0.995,1,40,1,40,0.274853584271299,40,0.274853584271299,40
"2727.3","1580477",0.995,0.925,40,0.916666666666667,36,0.22102907685119,39,0.194723599382922,39
"2728.3","1580482",0.995,NA,0,NA,0,0,40,0,40
"2729.3","1580483",0.995,0.95,40,0.944444444444444,36,0.474951767816263,40,0.424698731379016,40
"2730.3","1580489",0.995,0.95,40,0.944444444444444,36,0.512775297422639,40,0.46016262595326,40
"2731.3","1580504",0.995,0.95,40,0.944444444444444,36,0.575572489864048,40,0.510407748742953,40
"2732.3","1580505",0.995,0.9,40,0.875,32,0.461917111408057,40,0.351980243411377,40
"2733.3","1580510",0.995,0.975,40,0.973684210526316,38,0.336486964204282,40,0.324433392775711,40
"2734.3","1580515",0.995,0.975,40,0.973684210526316,38,0.4810570333236,40,0.459630751272318,40
"2735.3","1580596",0.995,0.95,40,0.944444444444444,36,0.513190273527557,40,0.45189411870199,40
"2736.3","1580687",0.995,0.9,40,0.914285714285714,35,0.388236004027335,40,0.352389229833786,40
"2737.3","1580693",0.995,0.925,40,0.916666666666667,36,0.44159169609942,39,0.402309139575484,39
"2738.3","1580736",0.995,0.95,40,0.944444444444444,36,0.235737238171894,40,0.207498035514087,40
"2739.3","1580744",0.995,0.974358974358974,39,0.972972972972973,37,0.194103693087943,40,0.185865056724307,40
"2740.3","1580745",0.995,0.95,40,0.944444444444444,36,0.509610909679883,38,0.451739341939894,38
"2741.3","1580792",0.995,0.95,40,0.944444444444444,36,0.230775437279263,39,0.211308082928188,39
"2742.3","1580793",0.995,0.925,40,0.911764705882353,34,0.58367853769199,40,0.493687396440768,40
"2743.3","1580805",0.995,0.925,40,0.911764705882353,34,0.314350611417688,38,0.246843431778155,38
"2744.3","1580818",0.995,0.95,40,0.944444444444444,36,0.272236870783335,39,0.241273322136859,39
"2745.3","1580824",0.995,0.95,40,0.944444444444444,36,0.422266230074445,39,0.36234004514826,39
"2746.3","1580844",0.995,0.9,40,0.909090909090909,33,0.485618010037224,39,0.408208715927525,39
"2747.3","1580863",0.995,0.975,40,0.973684210526316,38,0.366398425541911,40,0.350670197313683,40
"2748.3","1580875",0.995,1,30,1,30,0.0842950824872404,40,0.0842950824872404,40
"2749.3","1580889",0.995,0.975,40,0.973684210526316,38,0.456546484090158,40,0.435894310177114,40
"2750.3","1582192",0.995,NA,0,NA,0,0,34,0,34
"2751.3","1582206",0.995,0.939393939393939,33,0.931034482758621,29,0.14373521624167,39,0.133368770606017,39
"2752.3","1582241",0.995,0.925,40,0.942857142857143,35,0.685943814207118,40,0.613210234188617,40
"2753.3","1582250",0.995,1,40,1,40,0.921010638297872,40,0.921010638297872,40
"2754.3","1582251",0.995,1,40,1,40,0.483270538410156,40,0.483270538410156,40
"2755.3","1582287",0.995,NA,0,NA,0,0,40,0,40
"2756.3","1582298",0.995,0.95,40,0.944444444444444,36,0.669468843510663,40,0.599181815039083,40
"2757.3","1582432",0.995,1,40,1,40,1,40,1,40
"2758.3","1582557",0.995,NA,0,NA,0,0,40,0,40
"2759.3","1582565",0.995,NA,0,NA,0,0,38,0,38
"2760.3","1582593",0.995,NA,0,NA,0,0,38,0,38
"2761.3","1582595",0.995,NA,0,NA,0,0,38,0,38
"2762.3","1582614",0.995,1,40,1,40,0.213420532839617,40,0.213420532839617,40
"2763.3","1582620",0.995,1,40,1,40,0.565696653705668,40,0.565696653705668,40
"2764.3","1582627",0.995,1,40,1,40,0.65159942879689,40,0.65159942879689,40
"2765.3","1582634",0.995,1,40,1,40,0.583697782388379,40,0.583697782388379,40
"2766.3","1582644",0.995,NA,0,NA,0,0,39,0,39
"2767.3","1582645",0.995,1,2,1,2,0.00621345029239766,38,0.00621345029239766,38
"2768.3","1582650",0.995,NA,0,NA,0,0,39,0,39
"2769.3","1582656",0.995,1,5,1,5,0.0191964285714286,40,0.0191964285714286,40
"2770.3","1582669",0.995,1,40,1,40,0.23104502156121,40,0.23104502156121,40
"2771.3","1582675",0.995,0.972222222222222,36,0.970588235294118,34,0.0783355484064784,39,0.074015082547551,39
"2772.3","1582692",0.995,1,40,1,40,0.239490437292652,40,0.239490437292652,40
"2773.3","1582695",0.995,0.972972972972973,37,0.971428571428571,35,0.143157046565115,40,0.11380164586825,40
"2774.3","1582700",0.995,1,38,1,38,0.196053164944969,40,0.196053164944969,40
"2775.3","1582701",0.995,1,40,1,40,0.176548084053402,40,0.176548084053402,40
"2776.3","1582711",0.995,1,40,1,40,0.574286668301132,40,0.574286668301132,40
"2777.3","1582716",0.995,1,40,1,40,0.516670103152661,40,0.516670103152661,40
"2778.3","1582739",0.995,1,40,1,40,0.180411835517479,40,0.180411835517479,40
"2779.3","1582744",0.995,1,40,1,40,0.21924076890294,40,0.21924076890294,40
"2780.3","1582748",0.995,1,5,1,5,0.0244200244200244,39,0.0244200244200244,39
"2781.3","1582785",0.995,NA,0,NA,0,0,38,0,38
"2782.3","1582788",0.995,0.974358974358974,39,0.972972972972973,37,0.128326031675431,39,0.121170396612819,39
"2783.3","1582831",0.995,1,40,1,40,0.154528987716381,40,0.154528987716381,40
"2784.3","1582837",0.995,1,40,1,40,0.186541304193165,40,0.186541304193165,40
"2785.3","1582842",0.995,1,40,1,40,0.157327821595989,40,0.157327821595989,40
"2786.3","1582852",0.995,1,38,1,38,0.205034552134221,40,0.205034552134221,40
"2787.3","1582863",0.995,1,40,1,40,0.293036255298174,40,0.293036255298174,40
"2788.3","1582868",0.995,0.975,40,0.973684210526316,38,0.347557415424687,40,0.32626285632525,40
"2789.3","1582878",0.995,1,39,1,39,0.196781228599395,40,0.196781228599395,40
"2790.3","1582921",0.995,1,31,1,31,0.16211375183563,40,0.16211375183563,40
"2791.3","1582924",0.995,0.975,40,0.973684210526316,38,0.187137097112916,40,0.174332219064135,40
"2792.3","1582941",0.995,1,39,1,39,0.233189366902467,40,0.233189366902467,40
"2793.3","1582950",0.995,1,40,1,40,0.207252156521867,40,0.207252156521867,40
"2794.3","1582955",0.995,0.975,40,0.973684210526316,38,0.42811060259344,40,0.406142003559624,40
"2795.3","1583727",0.995,NA,0,NA,0,0,37,0,37
"2796.3","1583742",0.995,NA,0,NA,0,0,40,0,40
"2797.3","1583765",0.995,NA,0,NA,0,0,40,0,40
"2798.3","1583825",0.995,1,40,1,40,0.449452582301419,40,0.449452582301419,40
"2799.3","1583839",0.995,1,40,1,40,0.723268359901585,40,0.723268359901585,40
"2800.3","1583841",0.995,1,40,1,40,0.599109117523906,40,0.599109117523906,40
"2801.3","1583887",0.995,1,40,1,40,0.567251823487869,40,0.567251823487869,40
"2802.3","1583888",0.995,0.975,40,0.973684210526316,38,0.509345895367392,40,0.494496757436358,40
"2803.3","1583899",0.995,0.975,40,0.973684210526316,38,0.710089867054266,40,0.676988821758099,40
"2804.3","1583902",0.995,1,40,1,40,0.596006331045484,40,0.596006331045484,40
"2805.3","1583903",0.995,1,40,1,40,0.328348009149924,40,0.328348009149924,40
"2806.3","1584032",0.995,1,40,1,40,0.437585027990459,40,0.437585027990459,40
"2807.3","1584086",0.995,0.95,40,0.944444444444444,36,0.703805549854726,40,0.630206970071935,40
"2808.3","1584177",0.995,0.8,5,0.8,5,0.0141025641025641,33,0.0141025641025641,33
"2809.3","1584256",0.995,NA,0,NA,0,0,3,0,3
"2810.3","1584439",0.995,0.923076923076923,39,0.939393939393939,33,0.212034241979938,38,0.182743551138001,38
"2811.3","1584446",0.995,1,40,1,40,0.640827914775283,40,0.640827914775283,40
"2812.3","1584454",0.995,1,40,1,40,0.541765133378933,40,0.541765133378933,40
"2813.3","1584456",0.995,0.975,40,0.973684210526316,38,0.516541872210477,40,0.491945912614517,40
"2814.3","1584461",0.995,1,40,1,40,0.606273343904158,40,0.606273343904158,40
"2815.3","1584463",0.995,1,40,1,40,0.600673527014991,40,0.600673527014991,40
"2816.3","1584474",0.995,0.925,40,0.911764705882353,34,0.195150378077207,39,0.158111603843311,39
"2817.3","1584478",0.995,1,40,1,40,0.385516576874533,40,0.385516576874533,40
"2818.3","1584487",0.995,1,40,1,40,0.604401946872877,40,0.604401946872877,40
"2819.3","1584500",0.995,1,40,1,40,0.551525430850902,40,0.551525430850902,40
"2820.3","1584517",0.995,0.925,40,0.911764705882353,34,0.337507453786524,39,0.285398709817314,39
"2821.3","1584523",0.995,1,40,1,40,0.393792249353564,40,0.393792249353564,40
"2822.3","1584529",0.995,0.975,40,0.973684210526316,38,0.482911781061642,39,0.467563535926163,39
"2823.3","1584536",0.995,1,40,1,40,0.424180887228026,40,0.424180887228026,40
"2824.3","1584556",0.995,1,40,1,40,0.717346841935211,40,0.717346841935211,40
"2825.3","1584603",0.995,0.95,40,0.944444444444444,36,0.454739899446628,39,0.411453593458709,39
"2826.3","1584628",0.995,0.95,40,0.944444444444444,36,0.397626198832865,40,0.353020539852206,40
"2827.3","1584629",0.995,1,40,1,40,0.508337222006521,40,0.508337222006521,40
"2828.3","1584810",0.995,0.975,40,0.973684210526316,38,0.190215278125975,40,0.181692550853248,40
"2829.3","1585",0.995,0.974358974358974,39,0.972972972972973,37,0.12751664592086,39,0.122854641258855,39
"2830.3","1585133",0.995,NA,0,NA,0,0,40,0,40
"2831.3","1585156",0.995,0.975,40,0.973684210526316,38,0.46468637323177,40,0.440344267968612,40
"2832.3","1585212",0.995,0.925,40,0.914285714285714,35,0.458155780251597,40,0.398813674988439,40
"2833.3","1585243",0.995,0.9,40,0.882352941176471,34,0.412192614566576,40,0.349521396335882,40
"2834.3","1585255",0.995,0.95,40,0.944444444444444,36,0.392523547775136,39,0.343993842404496,39
"2835.3","1585275",0.995,0.95,40,0.944444444444444,36,0.517037785298811,40,0.469101277362303,40
"2836.3","1585298",0.995,0.974358974358974,39,0.973684210526316,38,0.172400037678029,40,0.161793977071968,40
"2837.3","1585310",0.995,0.975,40,0.973684210526316,38,0.425335829138854,40,0.394158928554059,40
"2838.3","1585330",0.995,1,9,1,9,0.0207603968231499,39,0.0207603968231499,39
"2839.3","1585341",0.995,0.975,40,0.973684210526316,38,0.336960355521057,40,0.32478086834157,40
"2840.3","1585344",0.995,1,26,1,26,0.118920141373889,40,0.118920141373889,40
"2841.3","1585368",0.995,1,3,1,3,0.00568181818181818,38,0.00568181818181818,38
"2842.3","1585378",0.995,0.875,8,0.833333333333333,6,0.00908068984155941,39,0.00750240701327658,39
"2843.3","1585386",0.995,0.666666666666667,3,0.666666666666667,3,0.00178747534516765,39,0.00178747534516765,39
"2844.3","1585412",0.995,0.8,15,0.818181818181818,11,0.0337266551283092,39,0.0240190016706557,39
"2845.3","1585422",0.995,0.945945945945946,37,0.939393939393939,33,0.171194894930508,40,0.148424184249263,40
"2846.3","1585428",0.995,0.935483870967742,31,0.925925925925926,27,0.0635594556071074,39,0.0559127564281502,39
"2847.3","1585429",0.995,0.925,40,0.941176470588235,34,0.141431702155218,37,0.11778823917352,37
"2848.3","1585435",0.995,NA,0,NA,0,0,38,0,38
"2849.3","1585444",0.995,0.9,40,0.909090909090909,33,0.337639129782759,40,0.27417705382552,40
"2850.3","1585452",0.995,0.916666666666667,36,0.935483870967742,31,0.225296610446565,39,0.184862685397255,39
"2851.3","1585492",0.995,0.894736842105263,19,0.9375,16,0.0371515573849558,37,0.0354078782219218,37
"2852.3","1585493",0.995,0.888888888888889,36,0.935483870967742,31,0.10110911011495,39,0.0879680844739243,39
"2853.3","1585514",0.995,0.846153846153846,39,0.896551724137931,29,0.304254010216112,37,0.252359270875938,37
"2854.3","1585546",0.995,0.947368421052632,38,0.942857142857143,35,0.222254166654018,40,0.212216287866139,40
"2855.3","1585568",0.995,0.875,40,0.870967741935484,31,0.307980577254512,39,0.238339073018316,39
"2856.3","1585569",0.995,NA,0,NA,0,0,37,0,37
"2857.3","1585573",0.995,0.894736842105263,19,0.9375,16,0.0218679743239195,38,0.0192041958566167,38
"2858.3","1585576",0.995,1,40,1,40,0.305849685344822,40,0.305849685344822,40
"2859.3","1585601",0.995,0.925,40,0.941176470588235,34,0.326415502029155,40,0.267649889199512,40
"2860.3","1585611",0.995,0.925,40,0.941176470588235,34,0.215184798002135,38,0.176858590326083,38
"2861.3","1585626",0.995,0.95,40,0.944444444444444,36,0.429010879646656,40,0.391519542155318,40
"2862.3","1585628",0.995,1,40,1,40,0.421251849688315,40,0.421251849688315,40
"2863.3","1585635",0.995,0.9,40,0.878787878787879,33,0.127508243399008,38,0.0812550903521865,38
"2864.3","1585644",0.995,0.925,40,0.911764705882353,34,0.292061221229705,39,0.233221172389656,39
"2865.3","1585655",0.995,0.9,40,0.941176470588235,34,0.289282666627674,38,0.270319334952118,38
"2866.3","1585660",0.995,0.8,10,0.666666666666667,6,0.0944735372154727,22,0.0612379555927943,22
"2867.3","1585672",0.995,0.947368421052632,38,0.970588235294118,34,0.167675863671351,40,0.13667057266606,40
"2868.3","1585711",0.995,NA,0,NA,0,0,39,0,39
"2869.3","1585754",0.995,0.975,40,0.973684210526316,38,0.287316851712497,40,0.258745423141068,40
"2870.3","1585762",0.995,0.914285714285714,35,0.9375,32,0.115976382354104,40,0.10965353853126,40
"2871.3","1585779",0.995,1,40,1,40,0.125475229539046,40,0.125475229539046,40
"2872.3","1585785",0.995,1,5,1,5,0.024256993006993,40,0.024256993006993,40
"2873.3","1585787",0.995,0.777777777777778,9,0.857142857142857,7,0.0097042405478938,38,0.00731189605028614,38
"2874.3","1585793",0.995,0.903225806451613,31,0.92,25,0.196094816177447,39,0.142398234980866,39
"2875.3","1585808",0.995,1,29,1,29,0.124059601294056,40,0.124059601294056,40
"2876.3","1585817",0.995,1,40,1,40,0.25973981405574,40,0.25973981405574,40
"2877.3","1585820",0.995,0.925,40,0.911764705882353,34,0.125395565850513,39,0.110501449833438,39
"2878.3","1585822",0.995,0.975,40,0.973684210526316,38,0.392179808874818,40,0.361119202814212,40
"2879.3","1585825",0.995,NA,0,NA,0,0,33,0,33
"2880.3","1585835",0.995,1,3,1,3,0.00346190268065268,40,0.00346190268065268,40
"2881.3","1585856",0.995,0.903225806451613,31,0.88,25,0.132874750267338,38,0.0878795163897656,38
"2882.3","1585865",0.995,NA,0,NA,0,0,30,0,30
"2883.3","1585868",0.995,1,39,1,39,0.346046913745078,40,0.346046913745078,40
"2884.3","1585881",0.995,0.870967741935484,31,0.96,25,0.10673281883103,38,0.0959114128474185,38
"2885.3","1585905",0.995,0.88,25,0.842105263157895,19,0.0924862573081495,39,0.059983503435057,39
"2886.3","1585906",0.995,NA,0,NA,0,0,40,0,40
"2887.3","1585907",0.995,1,24,1,24,0.0704870093509463,40,0.0704870093509463,40
"2888.3","1585912",0.995,1,19,1,19,0.0723939393282467,39,0.0723939393282467,39
"2889.3","1585925",0.995,0.931034482758621,29,0.92,25,0.094481894043166,37,0.0856335231258296,37
"2890.3","1585927",0.995,0.761904761904762,21,0.857142857142857,14,0.0957108572392916,24,0.063191930404632,24
"2891.3","1585929",0.995,1,1,1,1,0.0011441647597254,38,0.0011441647597254,38
"2892.3","1585943",0.995,1,21,1,21,0.0873685831527472,40,0.0873685831527472,40
"2893.3","1585955",0.995,0.870967741935484,31,0.923076923076923,26,0.16423668521613,35,0.128738849718295,35
"2894.3","1585958",0.995,0.975,40,0.973684210526316,38,0.417643825637811,40,0.395520987235903,40
"2895.3","1585972",0.995,1,26,1,26,0.0613735424004458,40,0.0613735424004458,40
"2896.3","1585977",0.995,0.941176470588235,34,0.933333333333333,30,0.0985916450252727,38,0.0768312094535848,38
"2897.3","1586002",0.995,1,1,1,1,0.00493096646942801,39,0.00493096646942801,39
"2898.3","1586009",0.995,0.925,40,0.911764705882353,34,0.506056641852482,40,0.425988976190304,40
"2899.3","1586012",0.995,0.95,40,0.944444444444444,36,0.424901029314981,40,0.37753991820387,40
"2900.3","1586013",0.995,1,40,1,40,0.364091144602773,40,0.364091144602773,40
"2901.3","1586032",0.995,0.975,40,0.973684210526316,38,0.331553703771255,40,0.300784473002024,40
"2902.3","1586037",0.995,1,40,1,40,0.148325960682119,40,0.148325960682119,40
"2903.3","1586052",0.995,0.925,40,0.942857142857143,35,0.424274939192391,40,0.368734083651536,40
"2904.3","1586069",0.995,1,40,1,40,0.221399824778074,40,0.221399824778074,40
"2905.3","1586077",0.995,0.8125,16,0.923076923076923,13,0.0459276664721311,38,0.0413904613904614,38
"2906.3","1586091",0.995,0.818181818181818,11,0.857142857142857,7,0.0395977060901087,34,0.0297389799909734,34
"2907.3","1586100",0.995,0.864864864864865,37,0.9,30,0.203172160961967,35,0.160269464844588,35
"2908.3","1586103",0.995,0.95,40,0.947368421052632,38,0.271264400176003,40,0.261411458999532,40
"2909.3","1586113",0.995,0.923076923076923,39,0.909090909090909,33,0.173104458594347,39,0.147710122538246,39
"2910.3","1586124",0.995,0.838709677419355,31,0.869565217391304,23,0.19496645130625,36,0.159806298958598,36
"2911.3","1586126",0.995,0.864864864864865,37,0.857142857142857,28,0.152304375858325,37,0.119845922432129,37
"2912.3","1586144",0.995,0.966666666666667,30,0.964285714285714,28,0.0644947082661387,39,0.0625992023383748,39
"2913.3","1586151",0.995,0.925,40,0.911764705882353,34,0.28546853014648,40,0.249063697731461,40
"2914.3","1586161",0.995,0.828571428571429,35,0.84,25,0.18915753109724,36,0.139366076814098,36
"2915.3","1586167",0.995,NA,0,NA,0,0,12,0,12
"2916.3","1586215",0.995,0.903225806451613,31,0.92,25,0.0906612479626721,38,0.0791370143989648,38
"2917.3","1586218",0.995,0.975,40,0.973684210526316,38,0.622533637728677,40,0.586462209157248,40
"2918.3","1586229",0.995,0.975,40,0.973684210526316,38,0.409309999065098,40,0.39370189095699,40
"2919.3","1586231",0.995,NA,0,NA,0,0,38,0,38
"2920.3","1586254",0.995,1,12,1,12,0.0210449680091624,40,0.0210449680091624,40
"2921.3","1586256",0.995,1,11,1,11,0.0482683697662146,40,0.0482683697662146,40
"2922.3","1586258",0.995,0.975,40,0.973684210526316,38,0.310087067536364,40,0.29255328375258,40
"2923.3","1586267",0.995,NA,0,NA,0,0,37,0,37
"2924.3","1586291",0.995,0.923076923076923,13,0.909090909090909,11,0.0191361098617572,38,0.0160942309709819,38
"2925.3","1586297",0.995,0.947368421052632,38,0.941176470588235,34,0.262011933367377,40,0.241495693443243,40
"2926.3","1586301",0.995,0.878787878787879,33,0.84,25,0.188720255562447,36,0.1576462775367,36
"2927.3","1586307",0.995,1,16,1,16,0.0323418660148973,40,0.0323418660148973,40
"2928.3","1586316",0.995,1,39,1,39,0.276308594363499,40,0.276308594363499,40
"2929.3","1586341",0.995,1,40,1,40,0.243008006355789,40,0.243008006355789,40
"2930.3","1586348",0.995,1,40,1,40,0.725404974817556,40,0.725404974817556,40
"2931.3","1586351",0.995,1,40,1,40,0.705266342892384,40,0.705266342892384,40
"2932.3","1586378",0.995,0.95,40,0.944444444444444,36,0.215763904147661,39,0.190896729280486,39
"2933.3","1586444",0.995,0.975,40,0.973684210526316,38,0.523505919114165,40,0.498810797162946,40
"2934.3","1586450",0.995,0.95,40,0.972222222222222,36,0.619453787052024,40,0.571692777650737,40
"2935.3","1586476",0.995,1,40,1,40,0.492567007228555,40,0.492567007228555,40
"2936.3","1586484",0.995,0.925,40,0.911764705882353,34,0.55256115736458,40,0.457914996402508,40
"2937.3","1586520",0.995,0.95,40,0.972222222222222,36,0.517759835206472,40,0.482491978063615,40
"2938.3","1586551",0.995,0.975,40,0.973684210526316,38,0.340221238297919,40,0.324253955225372,40
"2939.3","1586558",0.995,0.974358974358974,39,0.972972972972973,37,0.30240408961628,39,0.28358382941671,39
"2940.3","1586568",0.995,0.95,40,0.944444444444444,36,0.472069665104365,40,0.426464064564554,40
"2941.3","1586576",0.995,1,40,1,40,0.768813405150614,40,0.768813405150614,40
"2942.3","1586606",0.995,0.975,40,0.973684210526316,38,0.217732278611747,39,0.201332705962175,39
"2943.3","1586607",0.995,0.95,40,0.944444444444444,36,0.539603673963256,40,0.476151293010875,40
"2944.3","1586618",0.995,0.9,40,0.941176470588235,34,0.433901084400788,40,0.388230670585213,40
"2945.3","1586639",0.995,0.975,40,0.973684210526316,38,0.190058245174176,40,0.180967336083267,40
"2946.3","1586650",0.995,0.975,40,0.973684210526316,38,0.226226294390651,40,0.208494464816716,40
"2947.3","1586679",0.995,0.975,40,0.973684210526316,38,0.493543827514369,40,0.469221483192024,40
"2948.3","1586688",0.995,0.891891891891892,37,0.896551724137931,29,0.275721263618549,39,0.211060230207515,39
"2949.3","1586771",0.995,0.944444444444444,36,0.9375,32,0.215020617497398,39,0.187687327006212,39
"2950.3","1586779",0.995,0.975,40,0.973684210526316,38,0.364663643475972,40,0.348186370748699,40
"2951.3","1587215",0.995,0.95,40,0.944444444444444,36,0.385670485496819,40,0.328379510967472,40
"2952.3","1587411",0.995,0.975,40,0.973684210526316,38,0.354337990403578,40,0.336946686055752,40
"2953.3","1587421",0.995,1,40,1,40,0.476279149020055,40,0.476279149020055,40
"2954.3","1588132",0.995,NA,0,NA,0,0,30,0,30
"2955.3","1588429",0.995,NA,0,NA,0,0,37,0,37
"2956.3","1588455",0.995,0.95,40,0.944444444444444,36,0.56599530560932,40,0.509403221982352,40
"2957.3","1588458",0.995,1,40,1,40,0.71281892706816,40,0.71281892706816,40
"2958.3","1588459",0.995,0.95,40,0.972222222222222,36,0.626428706091476,40,0.58537254003531,40
"2959.3","1588462",0.995,1,40,1,40,0.508966858687969,40,0.508966858687969,40
"2960.3","1588580",0.995,NA,0,NA,0,0,37,0,37
"2961.3","1588708",0.995,0.838709677419355,31,0.923076923076923,26,0.224198514291174,39,0.202830992923653,39
"2962.3","1588901",0.995,0.925,40,0.914285714285714,35,0.643148241763069,40,0.558438647083963,40
"2963.3","1589302",0.995,0.95,40,0.944444444444444,36,0.409802494534785,40,0.368906549394654,40
"2964.3","1589326",0.995,0.925,40,0.911764705882353,34,0.603549920812055,40,0.500991931313982,40
"2965.3","1589540",0.995,0.925,40,0.911764705882353,34,0.508140008140008,39,0.421859513035984,39
"2966.3","1590748",0.995,0.95,40,0.972972972972973,37,0.527389415043337,39,0.498475066980053,39
"2967.3","1591025",0.995,0.925,40,0.914285714285714,35,0.387574680724851,40,0.32604058981576,40
"2968.3","1591498",0.995,0.95,40,0.944444444444444,36,0.407567087668287,40,0.361165572516772,40
"2969.3","1592202",0.995,0.975,40,0.973684210526316,38,0.966489361702128,40,0.917021276595745,40
"2970.3","1592209",0.995,1,40,1,40,0.527589285714286,40,0.527589285714286,40
"2971.3","1592210",0.995,1,40,1,40,0.436041666666667,40,0.436041666666667,40
"2972.3","1592241",0.995,1,40,1,40,0.478552320403577,40,0.478552320403577,40
"2973.3","1592244",0.995,0.95,40,0.944444444444444,36,0.54817836702539,40,0.487125253472276,40
"2974.3","1592263",0.995,0.975,40,0.973684210526316,38,0.445258078528819,40,0.419582402853144,40
"2975.3","1592264",0.995,0.975,40,0.973684210526316,38,0.603908531885171,40,0.576191140580823,40
"2976.3","1592265",0.995,0.975,40,0.973684210526316,38,0.461767485725129,40,0.434797788755432,40
"2977.3","1592280",0.995,1,40,1,40,0.722088582559632,40,0.722088582559632,40
"2978.3","1592332",0.995,0.95,40,0.944444444444444,36,0.572568609312365,40,0.514691129612499,40
"2979.3","1592370",0.995,1,40,1,40,0.352804575021092,40,0.352804575021092,40
"2980.3","1592371",0.995,1,40,1,40,0.57780910603179,40,0.57780910603179,40
"2981.3","1592379",0.995,0.9,40,0.90625,32,0.32334565720851,38,0.256207499313774,38
"2982.3","1592381",0.995,0.95,40,0.944444444444444,36,0.409623581367401,40,0.347013383010359,40
"2983.3","1592389",0.995,0.975,40,0.973684210526316,38,0.243847070572225,39,0.2302704762264,39
"2984.3","1592425",0.995,0.9,40,0.90625,32,0.428361556330828,40,0.366103491814699,40
"2985.3","1592439",0.995,0.975,40,0.973684210526316,38,0.242465797570852,39,0.226734758583999,39
"2986.3","1593577",0.995,0.975,40,0.973684210526316,38,0.461954621190037,40,0.442911469220056,40
"2987.3","1593734",0.995,1,40,1,40,0.302355579820696,40,0.302355579820696,40
"2988.3","1593739",0.995,1,40,1,40,0.479246365794713,40,0.479246365794713,40
"2989.3","1593750",0.995,1,40,1,40,0.397117590044035,40,0.397117590044035,40
"2990.3","1593796",0.995,1,36,1,36,0.171468253968254,40,0.171468253968254,40
"2991.3","1593891",0.995,1,1,1,1,0.00150829562594268,39,0.00150829562594268,39
"2992.3","1593900",0.995,NA,0,NA,0,0,40,0,40
"2993.3","1593903",0.995,1,11,1,11,0.0314989177489177,40,0.0314989177489177,40
"2994.3","1593931",0.995,NA,0,NA,0,0,39,0,39
"2995.3","1593961",0.995,NA,0,NA,0,0,18,0,18
"2996.3","1593976",0.995,NA,0,NA,0,0,40,0,40
"2997.3","1593986",0.995,NA,0,NA,0,0,26,0,26
"2998.3","1594013",0.995,1,7,1,7,0.037562656641604,38,0.037562656641604,38
"2999.3","1594054",0.995,NA,0,NA,0,0,39,0,39
"3000.3","1594092",0.995,NA,0,NA,0,0,33,0,33
"1.4","1010498",0.99,0.925,40,0.911764705882353,34,0.404338185241017,39,0.336967647282244,39
"2.4","1010508",0.99,1,40,1,40,0.309354286141659,40,0.309354286141659,40
"3.4","1010540",0.99,0.95,40,0.947368421052632,38,0.638331192046894,40,0.603558213087868,40
"4.4","1010562",0.99,NA,0,NA,0,0,28,0,28
"5.4","1010567",0.99,NA,0,NA,0,0,25,0,25
"6.4","1010611",0.99,0.9,40,0.878787878787879,33,0.358492558182577,39,0.285066185661182,39
"7.4","1010614",0.99,0.925,40,0.911764705882353,34,0.45243956516776,40,0.370758892898852,40
"8.4","1010690",0.99,1,2,1,2,0.0068922305764411,38,0.0068922305764411,38
"9.4","1010714",0.99,0.95,40,0.944444444444444,36,0.518007452491799,40,0.462029191622234,40
"10.4","1010723",0.99,1,15,1,15,0.0405804403037054,40,0.0405804403037054,40
"11.4","1010730",0.99,1,40,1,40,0.345343451254695,40,0.345343451254695,40
"12.4","1010794",0.99,0.95,40,0.944444444444444,36,0.647104296753093,40,0.580728515186812,40
"13.4","1013889",0.99,1,40,1,40,0.265451516876645,40,0.265451516876645,40
"14.4","1013891",0.99,1,40,1,40,0.290919360229485,40,0.290919360229485,40
"15.4","1013911",0.99,0.972972972972973,37,0.971428571428571,35,0.220918787960935,40,0.207892763597701,40
"16.4","1013935",0.99,1,40,1,40,0.318631892892909,40,0.318631892892909,40
"17.4","1013936",0.99,1,40,1,40,0.319763318046807,40,0.319763318046807,40
"18.4","1013944",0.99,0.974358974358974,39,0.972972972972973,37,0.151701372674403,39,0.137976849334495,39
"19.4","1013965",0.99,1,40,1,40,0.274352329736319,40,0.274352329736319,40
"20.4","1013976",0.99,1,40,1,40,0.21046086531284,40,0.21046086531284,40
"21.4","1013982",0.99,1,40,1,40,0.347001349341098,40,0.347001349341098,40
"22.4","1013990",0.99,1,40,1,40,0.303796436370883,40,0.303796436370883,40
"23.4","1014019",0.99,1,40,1,40,0.242709876881644,40,0.242709876881644,40
"24.4","1014046",0.99,1,40,1,40,0.275226209683829,40,0.275226209683829,40
"25.4","1014048",0.99,1,40,1,40,0.281067772981414,40,0.281067772981414,40
"26.4","1014056",0.99,1,40,1,40,0.311514492198285,40,0.311514492198285,40
"27.4","1014060",0.99,1,40,1,40,0.316723242973243,40,0.316723242973243,40
"28.4","1014077",0.99,1,40,1,40,0.278718494997565,40,0.278718494997565,40
"29.4","1014094",0.99,0.975,40,0.973684210526316,38,0.284349146098379,40,0.271849146098379,40
"30.4","1014096",0.99,1,40,1,40,0.277474437996276,40,0.277474437996276,40
"31.4","1014098",0.99,1,40,1,40,0.34541779274588,40,0.34541779274588,40
"32.4","1014119",0.99,1,40,1,40,0.350704721634954,40,0.350704721634954,40
"33.4","1014128",0.99,1,40,1,40,0.184723832427619,40,0.184723832427619,40
"34.4","1014150",0.99,1,40,1,40,0.465012469779874,40,0.465012469779874,40
"35.4","1014155",0.99,0.947368421052632,38,0.941176470588235,34,0.196550382419897,39,0.174991192256055,39
"36.4","1014163",0.99,0.975,40,0.973684210526316,38,0.316159381527368,40,0.302134991283465,40
"37.4","1014164",0.99,1,40,1,40,0.381361855820389,40,0.381361855820389,40
"38.4","1014172",0.99,1,40,1,40,0.193183431694505,40,0.193183431694505,40
"39.4","1014213",0.99,0.972972972972973,37,0.971428571428571,35,0.211878590897964,40,0.20025068392122,40
"40.4","1014271",0.99,1,40,1,40,0.310916319638084,40,0.310916319638084,40
"41.4","1014286",0.99,0.975,40,0.973684210526316,38,0.458431502072806,40,0.435653724295029,40
"42.4","1014294",0.99,1,40,1,40,0.592865001670613,40,0.592865001670613,40
"43.4","1014302",0.99,1,40,1,40,0.28931359121981,40,0.28931359121981,40
"44.4","1014304",0.99,1,40,1,40,0.315572504417462,40,0.315572504417462,40
"45.4","1014307",0.99,1,40,1,40,0.308566427622425,40,0.308566427622425,40
"46.4","1014312",0.99,1,40,1,40,0.290693770529156,40,0.290693770529156,40
"47.4","1014361",0.99,1,40,1,40,0.489061155937928,40,0.489061155937928,40
"48.4","1014363",0.99,1,40,1,40,0.437762420630906,40,0.437762420630906,40
"49.4","1014365",0.99,1,40,1,40,0.437200788950181,40,0.437200788950181,40
"50.4","1014371",0.99,1,40,1,40,0.517227114364806,40,0.517227114364806,40
"51.4","1014403",0.99,0.973684210526316,38,0.972222222222222,36,0.271218292123501,40,0.25668340840257,40
"52.4","1014420",0.99,1,40,1,40,0.356175000552482,40,0.356175000552482,40
"53.4","1014435",0.99,1,40,1,40,0.313889943855939,40,0.313889943855939,40
"54.4","1014447",0.99,1,40,1,40,0.237736859287483,40,0.237736859287483,40
"55.4","1014469",0.99,1,40,1,40,0.233153905359457,40,0.233153905359457,40
"56.4","1014484",0.99,0.975,40,0.975,40,0.29998937432077,40,0.29998937432077,40
"57.4","1014493",0.99,1,40,1,40,0.328707503889096,40,0.328707503889096,40
"58.4","1014550",0.99,1,1,1,1,0.000735294117647059,40,0.000735294117647059,40
"59.4","1014566",0.99,1,40,1,40,0.30284791065075,40,0.30284791065075,40
"60.4","1014582",0.99,1,40,1,40,0.351491031578241,40,0.351491031578241,40
"61.4","1014593",0.99,1,40,1,40,0.25877015426434,40,0.25877015426434,40
"62.4","1014600",0.99,0.975,40,0.973684210526316,38,0.252578412269234,40,0.24204269798352,40
"63.4","1014610",0.99,0.973684210526316,38,0.972222222222222,36,0.242132383473147,40,0.229632383473147,40
"64.4","1014611",0.99,1,39,1,39,0.248452713487453,40,0.248452713487453,40
"65.4","1014612",0.99,1,40,1,40,0.345517835350507,40,0.345517835350507,40
"66.4","1014627",0.99,0.974358974358974,39,0.972972972972973,37,0.249210371674566,40,0.2325437050079,40
"67.4","1014653",0.99,0.875,40,0.870967741935484,31,0.386593238518989,40,0.270810622914349,40
"68.4","1014655",0.99,0.975,40,0.973684210526316,38,0.363442804372425,40,0.339335661515282,40
"69.4","1014660",0.99,0.825,40,0.827586206896552,29,0.592672123730371,40,0.436176633164759,40
"70.4","1014685",0.99,0.875,40,0.903225806451613,31,0.395924903883488,39,0.319862253083995,39
"71.4","1014696",0.99,0.975,40,0.973684210526316,38,0.618079069063739,40,0.589024581884251,40
"72.4","1014697",0.99,0.975,40,0.973684210526316,38,0.581403071910368,40,0.55022527986929,40
"73.4","1014721",0.99,1,40,1,40,0.629486244431897,40,0.629486244431897,40
"74.4","1014734",0.99,0.975,40,0.973684210526316,38,0.377249208020407,40,0.353701228222427,40
"75.4","1014736",0.99,0.974358974358974,39,0.972972972972973,37,0.334291602763874,40,0.320720174192445,40
"76.4","1014746",0.99,0.875,40,0.903225806451613,31,0.441997607354588,38,0.370920205586295,38
"77.4","1014794",0.99,0.928571428571429,14,0.916666666666667,12,0.0755995151061909,40,0.0585257603169188,40
"78.4","1014804",0.99,1,19,1,19,0.049232357110769,39,0.049232357110769,39
"79.4","1014822",0.99,1,40,1,40,0.117963689361193,40,0.117963689361193,40
"80.4","1014853",0.99,1,11,1,11,0.0381662743091678,36,0.0381662743091678,36
"81.4","1014858",0.99,0.774193548387097,31,0.869565217391304,23,0.283305801668805,38,0.236342238915768,38
"82.4","1014873",0.99,NA,0,NA,0,0,33,0,33
"83.4","1014876",0.99,1,35,1,35,0.208517941697434,38,0.208517941697434,38
"84.4","1014881",0.99,0.975,40,0.975,40,0.39937088135703,40,0.39937088135703,40
"85.4","1014887",0.99,1,3,1,3,0.018692092221504,34,0.018692092221504,34
"86.4","1014890",0.99,0.857142857142857,7,0.857142857142857,7,0.0131234362417158,36,0.0131234362417158,36
"87.4","1014892",0.99,0.5,6,0.5,2,0.00506061665792388,38,0.00350877192982456,38
"88.4","1014905",0.99,1,1,1,1,0.000694444444444444,40,0.000694444444444444,40
"89.4","1014964",0.99,0.975,40,0.973684210526316,38,0.368952575906068,40,0.348495182422359,40
"90.4","1015048",0.99,0.975,40,0.973684210526316,38,0.60904437345772,40,0.577271529184876,40
"91.4","1015164",0.99,0.925,40,0.972222222222222,36,0.55429633199359,40,0.521987361893922,40
"92.4","1015170",0.99,1,40,1,40,0.637993095385175,40,0.637993095385175,40
"93.4","1015176",0.99,0.925,40,0.941176470588235,34,0.356891977813998,40,0.297081537888426,40
"94.4","1015199",0.99,1,40,1,40,0.354469177597716,40,0.354469177597716,40
"95.4","1015204",0.99,0.95,40,0.944444444444444,36,0.495568886142123,40,0.439920728586071,40
"96.4","1015242",0.99,0.925,40,0.942857142857143,35,0.612858627877204,40,0.553627858646435,40
"97.4","1015259",0.99,0.925,40,0.911764705882353,34,0.343517643381498,39,0.28160896382576,39
"98.4","1015271",0.99,0.925,40,0.911764705882353,34,0.406341548714023,40,0.331840060618785,40
"99.4","1015283",0.99,0.925,40,0.941176470588235,34,0.426858111931929,39,0.349575160964767,39
"100.4","1015295",0.99,1,16,1,16,0.066205460910809,40,0.066205460910809,40
"101.4","1015303",0.99,0.975,40,0.973684210526316,38,0.61100775175855,40,0.583647070643999,40
"102.4","1015323",0.99,0.975,40,0.973684210526316,38,0.622070302300285,40,0.593356124321401,40
"103.4","1015390",0.99,1,40,1,40,0.677267452632325,40,0.677267452632325,40
"104.4","1015398",0.99,0.972972972972973,37,0.971428571428571,35,0.164928513097272,40,0.159202706645659,40
"105.4","1015412",0.99,1,37,1,37,0.202432068111304,40,0.202432068111304,40
"106.4","1015414",0.99,1,40,1,40,0.691713285597615,40,0.691713285597615,40
"107.4","1015430",0.99,1,40,1,40,0.498968613457602,40,0.498968613457602,40
"108.4","1015431",0.99,1,4,1,4,0.00943287037037037,40,0.00943287037037037,40
"109.4","1015434",0.99,NA,0,NA,0,0,39,0,39
"110.4","1015435",0.99,0.975,40,0.973684210526316,38,0.638065552240688,40,0.610839879362841,40
"111.4","1015441",0.99,NA,0,NA,0,0,35,0,35
"112.4","1015455",0.99,0.95,40,0.944444444444444,36,0.633207012428864,40,0.564581643894959,40
"113.4","1015481",0.99,0.6,5,0,2,0.00447782753141702,35,0,35
"114.4","1015497",0.99,0.95,40,0.944444444444444,36,0.288052330315567,40,0.264325539864638,40
"115.4","1015521",0.99,NA,0,NA,0,0,33,0,33
"116.4","1015525",0.99,0.975,40,0.973684210526316,38,0.390951675032669,40,0.372350484556479,40
"117.4","1015542",0.99,0.925,40,0.911764705882353,34,0.495323101462807,40,0.417192849361967,40
"118.4","1015562",0.99,0.9,40,0.875,32,0.459476204191212,40,0.35011473232974,40
"119.4","1015566",0.99,0.925,40,0.911764705882353,34,0.474024355022222,40,0.403981595494168,40
"120.4","1015574",0.99,0.925,40,0.911764705882353,34,0.526649968275309,39,0.44763149570845,39
"121.4","1015575",0.99,0.9,40,0.911764705882353,34,0.396252917109772,40,0.339943393300248,40
"122.4","1015586",0.99,1,40,1,40,0.758261226529592,40,0.758261226529592,40
"123.4","1015594",0.99,1,40,1,40,0.680991191568795,40,0.680991191568795,40
"124.4","1015597",0.99,0.975,40,0.975,40,0.644515293135836,39,0.644515293135836,39
"125.4","1015621",0.99,0.975,40,0.973684210526316,38,0.623970358280695,39,0.592328241532195,39
"126.4","1015626",0.99,1,40,1,40,0.735151182465201,40,0.735151182465201,40
"127.4","1015651",0.99,1,40,1,40,0.933348751156337,40,0.933348751156337,40
"128.4","1015673",0.99,NA,0,NA,0,0,40,0,40
"129.4","1015680",0.99,0.975,40,0.973684210526316,38,0.29999915498371,40,0.285365008642247,40
"130.4","1015683",0.99,1,40,1,40,0.622572463768116,40,0.622572463768116,40
"131.4","1015691",0.99,0.9,40,0.909090909090909,33,0.259461822913461,38,0.201358714897191,38
"132.4","1016",0.99,0.9,40,0.90625,32,0.350365506713339,39,0.282131232027452,39
"133.4","1016028",0.99,0.95,40,0.944444444444444,36,0.279114830491652,39,0.256199761064955,39
"134.4","1016045",0.99,0.975,40,0.973684210526316,38,0.509612169491202,40,0.490494522432378,40
"135.4","1016091",0.99,1,40,1,40,0.385386817757166,40,0.385386817757166,40
"136.4","1016100",0.99,0.975,40,0.973684210526316,38,0.296134251565145,39,0.283434610958528,39
"137.4","1016137",0.99,0.975,40,0.973684210526316,38,0.634819981582001,40,0.601196986929594,40
"138.4","1016185",0.99,1,40,1,40,0.60494911610129,40,0.60494911610129,40
"139.4","1016200",0.99,NA,0,NA,0,0,37,0,37
"140.4","1016236",0.99,1,17,1,17,0.0711426767676768,40,0.0711426767676768,40
"141.4","1016238",0.99,1,7,1,7,0.0252208833403281,38,0.0252208833403281,38
"142.4","1016271",0.99,0.875,40,0.90625,32,0.325553373411907,40,0.281243398114029,40
"143.4","1016290",0.99,1,40,1,40,0.603941161690846,40,0.603941161690846,40
"144.4","1016319",0.99,0.975,40,0.973684210526316,38,0.443213950001637,40,0.416994437806515,40
"145.4","1016323",0.99,0.95,40,0.944444444444444,36,0.353182781073327,40,0.314890098146498,40
"146.4","1016328",0.99,1,40,1,40,0.439288616431679,40,0.439288616431679,40
"147.4","1016338",0.99,1,40,1,40,0.906059204440333,40,0.906059204440333,40
"148.4","1016339",0.99,0.975,40,0.973684210526316,38,0.57532219105501,40,0.544343930185445,40
"149.4","1016362",0.99,1,40,1,40,0.472831667720336,40,0.472831667720336,40
"150.4","1016365",0.99,0.9,40,0.911764705882353,34,0.363375500468524,40,0.306510421103444,40
"151.4","1016379",0.99,0.975,40,0.973684210526316,38,0.501215900154222,40,0.475079536517858,40
"152.4","1016383",0.99,1,40,1,40,0.602949342774053,40,0.602949342774053,40
"153.4","1016388",0.99,1,40,1,40,0.679471531184771,40,0.679471531184771,40
"154.4","1016391",0.99,NA,0,NA,0,NA,0,NA,0
"155.4","1016395",0.99,1,40,1,40,0.725798129304142,40,0.725798129304142,40
"156.4","1016421",0.99,0.95,40,0.944444444444444,36,0.686216787486328,40,0.616351657964587,40
"157.4","1016426",0.99,0.975,40,0.973684210526316,38,0.760186736200544,40,0.716943492957301,40
"158.4","1016471",0.99,0.975,40,0.973684210526316,38,0.537040202381602,40,0.499956002797403,40
"159.4","1016486",0.99,0.95,40,0.944444444444444,36,0.216602733045674,39,0.192154313248417,39
"160.4","1016488",0.99,0.925,40,0.911764705882353,34,0.722244476520061,40,0.596581597732182,40
"161.4","1016493",0.99,0.85,40,0.827586206896552,29,0.374865534516928,39,0.252581997200484,39
"162.4","1016494",0.99,0.95,40,0.944444444444444,36,0.444056751753324,40,0.405183645692718,40
"163.4","1016513",0.99,0.95,40,0.944444444444444,36,0.517721083398187,40,0.470031617616616,40
"164.4","1016514",0.99,0.95,40,0.973684210526316,38,0.543076150784161,40,0.528370268431219,40
"165.4","1016519",0.99,1,40,1,40,0.679810372082068,40,0.679810372082068,40
"166.4","1016525",0.99,0.95,40,0.972222222222222,36,0.457636049004044,40,0.433386799754795,40
"167.4","1016527",0.99,1,40,1,40,0.534246013269013,40,0.534246013269013,40
"168.4","1016648",0.99,NA,0,NA,0,0,6,0,6
"169.4","1016659",0.99,0.95,40,0.944444444444444,36,0.634972217096794,39,0.561261312616658,39
"170.4","1016682",0.99,0.925,40,0.942857142857143,35,0.52669010125007,39,0.463286211233277,39
"171.4","1016774",0.99,NA,0,NA,0,0,40,0,40
"172.4","1016776",0.99,1,4,1,4,0.00805170011148272,40,0.00805170011148272,40
"173.4","1016794",0.99,1,40,1,40,0.397602112894293,40,0.397602112894293,40
"174.4","1016801",0.99,0.6,10,0.6,5,0.0123237227888391,35,0.0070534117045745,35
"175.4","1016822",0.99,1,4,1,4,0.00976482555429924,39,0.00976482555429924,39
"176.4","1016830",0.99,0.975,40,0.973684210526316,38,0.0946809334594294,39,0.0885465939917566,39
"177.4","1016840",0.99,1,40,1,40,0.240699610258737,40,0.240699610258737,40
"178.4","1016953",0.99,0.9,40,0.875,32,0.377511218556667,39,0.299287135292261,39
"179.4","1017015",0.99,NA,0,NA,0,0,39,0,39
"180.4","1017021",0.99,0.925,40,0.942857142857143,35,0.363592388764049,40,0.321132184239891,40
"181.4","1017025",0.99,0.95,40,0.944444444444444,36,0.245275017456553,39,0.221821994145333,39
"182.4","1017066",0.99,0.9,40,0.90625,32,0.314705893011596,39,0.258489429736309,39
"183.4","1017069",0.99,0.95,40,0.944444444444444,36,0.439199467876912,39,0.400973356480068,39
"184.4","1017084",0.99,0.95,40,0.944444444444444,36,0.663035449362543,40,0.592512205668567,40
"185.4","1017087",0.99,0.95,40,0.944444444444444,36,0.667140604133703,40,0.595651100275778,40
"186.4","1017089",0.99,0.925,40,0.911764705882353,34,0.548681966545115,40,0.454052336915486,40
"187.4","1017096",0.99,0.925,40,0.911764705882353,34,0.272024254201678,40,0.221874621699105,40
"188.4","1017103",0.99,0.925,40,0.911764705882353,34,0.428735450981656,39,0.37029434012119,39
"189.4","1017122",0.99,0.975,40,0.973684210526316,38,0.675446859903382,40,0.648272946859903,40
"190.4","1017125",0.99,1,40,1,40,0.696679305695989,40,0.696679305695989,40
"191.4","1017142",0.99,1,40,1,40,0.86424599239822,40,0.86424599239822,40
"192.4","1017283",0.99,0.95,40,0.944444444444444,36,0.580938573892755,39,0.511397004351186,39
"193.4","1017306",0.99,0.95,40,0.944444444444444,36,0.61877258379151,40,0.548058298077225,40
"194.4","1017312",0.99,0.925,40,0.911764705882353,34,0.27682222253196,39,0.227497711917127,39
"195.4","1017330",0.99,NA,0,NA,0,0,39,0,39
"196.4","1017353",0.99,1,40,1,40,0.646214853994314,40,0.646214853994314,40
"197.4","1017354",0.99,0.975,40,0.973684210526316,38,0.448235080623133,40,0.429187461575514,40
"198.4","1017364",0.99,0.975,40,0.973684210526316,38,0.243882903270274,40,0.231151421788793,40
"199.4","1017520",0.99,0.925,40,0.911764705882353,34,0.513059675711106,40,0.429283213352327,40
"200.4","1017547",0.99,0.925,40,0.945945945945946,37,0.52670006189742,40,0.501118666548583,40
"201.4","1017554",0.99,0.925,40,0.944444444444444,36,0.342728399088784,40,0.32285325390876,40
"202.4","1017567",0.99,NA,0,NA,0,0,39,0,39
"203.4","1017695",0.99,1,40,1,40,0.577269271659024,40,0.577269271659024,40
"204.4","1017719",0.99,0.95,40,0.944444444444444,36,0.503552863103197,40,0.443820458411115,40
"205.4","1017721",0.99,0.825,40,0.821428571428571,28,0.572581708856747,40,0.409926915733204,40
"206.4","1017730",0.99,0.925,40,0.911764705882353,34,0.278024010761914,40,0.235208337225474,40
"207.4","1017790",0.99,NA,0,NA,0,0,32,0,32
"208.4","1017816",0.99,1,40,1,40,0.15268171177996,40,0.15268171177996,40
"209.4","1017821",0.99,0.974358974358974,39,0.972972972972973,37,0.141067799064903,40,0.136137842168351,40
"210.4","1017830",0.99,1,40,1,40,0.586112668176211,40,0.586112668176211,40
"211.4","1017833",0.99,0.975,40,0.973684210526316,38,0.306627319676632,40,0.285803143852456,40
"212.4","1017835",0.99,0.975,40,0.973684210526316,38,0.233139649883386,40,0.215755928953153,40
"213.4","1017862",0.99,1,40,1,40,0.275902767983904,40,0.275902767983904,40
"214.4","1017863",0.99,0.975,40,0.973684210526316,38,0.227871120392858,40,0.214809469400172,40
"215.4","1017982",0.99,NA,0,NA,0,0,25,0,25
"216.4","1018041",0.99,NA,0,NA,0,0,22,0,22
"217.4","1018062",0.99,0.95,40,0.944444444444444,36,0.359299429715164,38,0.309353608502513,38
"218.4","1018070",0.99,1,40,1,40,0.609112038312119,40,0.609112038312119,40
"219.4","1018099",0.99,0.8,40,0.769230769230769,26,0.418490476257654,39,0.283705862022047,39
"220.4","1018111",0.99,0.95,40,0.944444444444444,36,0.454643596414673,40,0.404165213447066,40
"221.4","1018135",0.99,0.975,40,0.973684210526316,38,0.504007068801907,39,0.483975017519856,39
"222.4","1018200",0.99,1,12,1,12,0.0422228911418101,37,0.0422228911418101,37
"223.4","1018206",0.99,1,40,1,40,0.326128375315177,40,0.326128375315177,40
"224.4","1018440",0.99,0.9,40,0.882352941176471,34,0.501718797841594,38,0.414727239951267,38
"225.4","1018486",0.99,0.925,40,0.911764705882353,34,0.537026071543957,38,0.446018983932455,38
"226.4","1019543",0.99,1,40,1,40,0.898755931983628,40,0.898755931983628,40
"227.4","1019571",0.99,1,40,1,40,0.82139132963106,40,0.82139132963106,40
"228.4","1020",0.99,0.888888888888889,36,0.892857142857143,28,0.223720251771327,39,0.164016961464232,39
"229.4","1020003",0.99,0.85,40,0.9,30,0.356578056464145,40,0.283171103873725,40
"230.4","1020037",0.99,0.875,40,0.833333333333333,30,0.465203126240461,39,0.336036857232381,39
"231.4","1020042",0.99,0.975,40,0.973684210526316,38,0.432634876230712,40,0.408527733373569,40
"232.4","1020047",0.99,1,40,1,40,0.702127659574468,40,0.702127659574468,40
"233.4","1020050",0.99,1,40,1,40,0.686157842652152,40,0.686157842652152,40
"234.4","1020276",0.99,0.975,40,0.973684210526316,38,0.313814592539997,39,0.286338788677789,39
"235.4","1020278",0.99,0.975,40,0.973684210526316,38,0.572524202871583,39,0.543669851766592,39
"236.4","1020321",0.99,0.857142857142857,14,0.909090909090909,11,0.0196095773902483,36,0.0167678609935447,36
"237.4","1020323",0.99,0.931034482758621,29,0.92,25,0.0428362035767885,34,0.0386747763640045,34
"238.4","1020327",0.99,1,40,1,40,0.476485823955549,40,0.476485823955549,40
"239.4","1020333",0.99,0.884615384615385,26,0.85,20,0.0443129945535864,35,0.0280109282725286,35
"240.4","1020341",0.99,0.911764705882353,34,0.892857142857143,28,0.0489564558851239,36,0.0411183120987043,36
"241.4","1020348",0.99,0.9,30,0.875,24,0.0367002102131434,35,0.0266076315031388,35
"242.4","1021005",0.99,0.9,40,0.875,32,0.204697445496343,37,0.131658042486307,37
"243.4","1021016",0.99,0.925,40,0.911764705882353,34,0.164582170208557,37,0.118838085388908,37
"244.4","1021017",0.99,0.925,40,0.911764705882353,34,0.243672038880353,38,0.186800426468574,38
"245.4","1021035",0.99,0.9,40,0.882352941176471,34,0.22454911395718,40,0.16291938276426,40
"246.4","1021045",0.99,0.888888888888889,36,0.857142857142857,28,0.0978709793993,37,0.0537546210289043,37
"247.4","1021047",0.99,0.925,40,0.911764705882353,34,0.205746407056949,37,0.158493497492831,37
"248.4","1021070",0.99,0.925,40,0.911764705882353,34,0.168775176912878,37,0.12685883404264,37
"249.4","1021078",0.99,0.95,40,0.947368421052632,38,0.823495753054577,40,0.783353687912512,40
"250.4","1021093",0.99,1,40,1,40,0.789010249723198,40,0.789010249723198,40
"251.4","1021255",0.99,1,40,1,40,0.917876965772433,40,0.917876965772433,40
"252.4","1021289",0.99,0.975,40,0.973684210526316,38,0.567124780566727,40,0.536929658615508,40
"253.4","1021290",0.99,0.975,40,0.973684210526316,38,0.631822476465033,40,0.602014784157341,40
"254.4","1021292",0.99,1,40,1,40,0.564300968998192,40,0.564300968998192,40
"255.4","1021295",0.99,1,40,1,40,0.566218890426207,40,0.566218890426207,40
"256.4","1021315",0.99,1,40,1,40,0.95960710247713,40,0.95960710247713,40
"257.4","1021316",0.99,NA,0,NA,0,0,38,0,38
"258.4","1021327",0.99,0.975,40,0.973684210526316,38,0.724886388401835,40,0.692594721735168,40
"259.4","1021329",0.99,1,40,1,40,0.911051425447818,40,0.911051425447818,40
"260.4","1021488",0.99,0.95,40,0.944444444444444,36,0.452634240323649,40,0.401440853279836,40
"261.4","1021523",0.99,0.9,40,0.909090909090909,33,0.362972600533598,39,0.300140025402636,39
"262.4","1021532",0.99,0.95,40,0.944444444444444,36,0.527007201428134,40,0.457577853602047,40
"263.4","1021552",0.99,0.925,40,0.911764705882353,34,0.560533666101652,40,0.461662058318754,40
"264.4","1021587",0.99,1,40,1,40,0.812634190744656,40,0.812634190744656,40
"265.4","1021590",0.99,0.975,40,0.973684210526316,38,0.295259238203317,40,0.28609257153665,40
"266.4","1021617",0.99,0.975,40,0.973684210526316,38,0.187970719452793,39,0.184365552689731,39
"267.4","1021845",0.99,1,40,1,40,0.70777058279371,40,0.70777058279371,40
"268.4","1021960",0.99,1,40,1,40,0.727353519001299,40,0.727353519001299,40
"269.4","1021967",0.99,1,9,1,9,0.010696646974801,39,0.010696646974801,39
"270.4","1022000",0.99,1,40,1,40,0.689997835049239,40,0.689997835049239,40
"271.4","1022001",0.99,0.974358974358974,39,0.972972972972973,37,0.216859820428076,39,0.209195083731082,39
"272.4","1022033",0.99,0.95,40,0.944444444444444,36,0.664091937952187,40,0.591583768017547,40
"273.4","1022052",0.99,0.875,40,0.870967741935484,31,0.623629277005925,40,0.472319753196401,40
"274.4","1022062",0.99,0.9,40,0.909090909090909,33,0.684935650019317,40,0.574247070863919,40
"275.4","1022085",0.99,0.975,40,0.973684210526316,38,0.802702860545252,40,0.759111951454343,40
"276.4","1022086",0.99,0.975,40,0.973684210526316,38,0.497547806085101,40,0.474470883008178,40
"277.4","1022116",0.99,0.777777777777778,27,0.6875,16,0.0964163059324659,34,0.0529496464041864,34
"278.4","1022120",0.99,NA,0,NA,0,0,40,0,40
"279.4","1022123",0.99,0.975,40,0.973684210526316,38,0.375786224314381,39,0.362965711493868,39
"280.4","1022132",0.99,0.925,40,0.911764705882353,34,0.18637145816886,40,0.165456023029287,40
"281.4","1022223",0.99,0.975,40,0.973684210526316,38,0.586253196322195,40,0.547921595490594,40
"282.4","1022228",0.99,1,40,1,40,0.643628258601578,40,0.643628258601578,40
"283.4","1022229",0.99,0.975,40,0.973684210526316,38,0.504382319197262,40,0.482795780735724,40
"284.4","1022241",0.99,0.96969696969697,33,0.96875,32,0.505681818181818,40,0.497348484848485,40
"285.4","1022246",0.99,0.975,40,0.973684210526316,38,0.415013384636592,39,0.39021828726085,39
"286.4","1022294",0.99,0.9,40,0.941176470588235,34,0.478522619377033,38,0.437176786507332,38
"287.4","1022297",0.99,0.975,40,0.973684210526316,38,0.442347327564719,40,0.422588873458439,40
"288.4","1022341",0.99,NA,0,NA,0,0,8,0,8
"289.4","1022354",0.99,NA,0,NA,0,0,1,0,1
"290.4","1022357",0.99,NA,0,NA,0,0,27,0,27
"291.4","1022358",0.99,NA,0,NA,0,NA,0,NA,0
"292.4","1022387",0.99,NA,0,NA,0,NA,0,NA,0
"293.4","1022395",0.99,0.95,40,0.945945945945946,37,0.618244525192168,40,0.564153616101258,40
"294.4","1022404",0.99,0.95,40,0.973684210526316,38,0.634203780778088,40,0.610674369013382,40
"295.4","1022415",0.99,0.95,40,0.944444444444444,36,0.880415772997927,40,0.788740399444393,40
"296.4","1022432",0.99,0.925,40,0.911764705882353,34,0.71395698427382,40,0.591894079555967,40
"297.4","1022433",0.99,NA,0,NA,0,0,40,0,40
"298.4","1022439",0.99,NA,0,NA,0,0,40,0,40
"299.4","1022460",0.99,0.95,40,0.944444444444444,36,0.613288737997409,40,0.550053443879762,40
"300.4","1022462",0.99,0.875,40,0.870967741935484,31,0.667317400960564,40,0.510404952012653,40
"301.4","1022518",0.99,1,40,1,40,0.579324340058635,40,0.579324340058635,40
"302.4","1022527",0.99,1,40,1,40,0.543163495482374,40,0.543163495482374,40
"303.4","1022528",0.99,1,40,1,40,0.557251905455202,40,0.557251905455202,40
"304.4","1022534",0.99,0.975,40,0.973684210526316,38,0.545141127541445,40,0.522016127541445,40
"305.4","1023330",0.99,0.9,40,0.875,32,0.309337212368972,39,0.256226060910063,39
"306.4","1023350",0.99,1,40,1,40,0.286257677466481,40,0.286257677466481,40
"307.4","1023351",0.99,0.975,40,0.973684210526316,38,0.413935977158071,40,0.395946846723288,40
"308.4","1023355",0.99,0.925,40,0.911764705882353,34,0.282553034548416,40,0.227375537413198,40
"309.4","1023365",0.99,0.95,20,0.944444444444444,18,0.0920491726991687,38,0.0737114732469182,38
"310.4","1023385",0.99,0.9,40,0.909090909090909,33,0.544849351261378,39,0.461889949551976,39
"311.4","1023388",0.99,0.9,40,0.875,32,0.447052663200509,38,0.36466715888329,38
"312.4","1023389",0.99,0.95,40,0.944444444444444,36,0.414977730992068,39,0.366646283028267,39
"313.4","1023467",0.99,0.975,40,0.973684210526316,38,0.451199104724553,40,0.43036577139122,40
"314.4","1023485",0.99,0.975,40,0.973684210526316,38,0.270093728433196,39,0.251510877592281,39
"315.4","1023505",0.99,0.975,40,0.975,40,0.110106999719472,39,0.110106999719472,39
"316.4","1023543",0.99,0.925,40,0.942857142857143,35,0.537571480027617,40,0.477692447769553,40
"317.4","1023568",0.99,0.975,40,0.973684210526316,38,0.375993157203892,39,0.361772960056865,39
"318.4","1023610",0.99,0.95,40,0.944444444444444,36,0.612764250021265,40,0.544582431839447,40
"319.4","1023641",0.99,0.975,40,0.975,40,0.650924181226223,40,0.650924181226223,40
"320.4","1023645",0.99,1,40,1,40,0.51360518769296,40,0.51360518769296,40
"321.4","1023647",0.99,1,40,1,40,0.616441929558104,40,0.616441929558104,40
"322.4","1023652",0.99,1,40,1,40,0.60669616238028,40,0.60669616238028,40
"323.4","1023685",0.99,0.975,40,0.973684210526316,38,0.571780867225672,40,0.541672099921783,40
"324.4","1023795",0.99,1,40,1,40,0.537920376387227,40,0.537920376387227,40
"325.4","1023797",0.99,1,40,1,40,0.723360158247391,40,0.723360158247391,40
"326.4","1024069",0.99,0.95,40,0.944444444444444,36,0.885971544772424,40,0.792921128491203,40
"327.4","1024081",0.99,1,40,1,40,0.648108391526705,40,0.648108391526705,40
"328.4","1024089",0.99,1,40,1,40,0.531755329148156,40,0.531755329148156,40
"329.4","1024093",0.99,0.948717948717949,39,0.942857142857143,35,0.242710260380261,40,0.219173634036175,40
"330.4","1024095",0.99,1,40,1,40,0.813306973692829,40,0.813306973692829,40
"331.4","1025295",0.99,1,40,1,40,0.50052667908964,40,0.50052667908964,40
"332.4","1025320",0.99,1,38,1,38,0.103291991707701,40,0.103291991707701,40
"333.4","1025323",0.99,0.975,40,0.973684210526316,38,0.430067985956203,39,0.396325882648882,39
"334.4","1025336",0.99,NA,0,NA,0,0,33,0,33
"335.4","1025645",0.99,0.975,40,0.973684210526316,38,0.531472576169019,40,0.502217257020083,40
"336.4","1025647",0.99,0.95,40,0.944444444444444,36,0.476787234042553,40,0.423595744680851,40
"337.4","1025650",0.99,0.975,40,0.973684210526316,38,0.467819445432766,39,0.442723973528784,39
"338.4","1026159",0.99,0.975,40,0.973684210526316,38,0.935380049337034,40,0.886491160448145,40
"339.4","1026535",0.99,0.925,40,0.911764705882353,34,0.380851063829787,40,0.312234042553191,40
"340.4","1027295",0.99,0.764705882352941,17,0.818181818181818,11,0.0513990724494926,35,0.0319894624516473,35
"341.4","1027322",0.99,0.925,40,0.942857142857143,35,0.608412357331243,40,0.546466386635272,40
"342.4","1027323",0.99,0.95,40,0.944444444444444,36,0.672928724161229,40,0.605736505810474,40
"343.4","1027340",0.99,0.871794871794872,39,0.827586206896552,29,0.470998146467116,40,0.367669848712976,40
"344.4","1027346",0.99,0.875,40,0.939393939393939,33,0.432543157851056,40,0.39322943236086,40
"345.4","1027356",0.99,0.727272727272727,33,0.916666666666667,24,0.328273987533582,38,0.318855704985105,38
"346.4","1027360",0.99,0.918918918918919,37,0.96875,32,0.4776987441743,40,0.435139220364776,40
"347.4","1027366",0.99,0.95,40,0.972972972972973,37,0.413345310111989,40,0.39569825128846,40
"348.4","1027376",0.99,0.875,40,0.866666666666667,30,0.486900833929234,40,0.364804243020143,40
"349.4","1027386",0.99,0.95,40,0.972972972972973,37,0.491240581268112,40,0.457369613526176,40
"350.4","1027389",0.99,0.925,40,0.911764705882353,34,0.421056875364161,40,0.345546122675989,40
"351.4","1027390",0.99,0.95,40,0.972222222222222,36,0.429561345411222,40,0.393623845411222,40
"352.4","1027470",0.99,0.95,40,0.944444444444444,36,0.34464632557882,40,0.308591061398556,40
"353.4","1027484",0.99,0.9,40,0.878787878787879,33,0.596981564634084,40,0.45879288800064,40
"354.4","1027515",0.99,0.975,40,0.973684210526316,38,0.438880104689781,40,0.422166533707918,40
"355.4","1027680",0.99,1,2,1,2,0.00327901430842607,37,0.00327901430842607,37
"356.4","1028001",0.99,NA,0,NA,0,0,28,0,28
"357.4","103",0.99,NA,0,NA,0,0,11,0,11
"358.4","1033969",0.99,1,40,1,40,0.447136551570052,40,0.447136551570052,40
"359.4","1033970",0.99,0.975,40,0.973684210526316,38,0.375262107476332,40,0.358772745774205,40
"360.4","1034109",0.99,0.975,40,0.973684210526316,38,0.431663703510442,40,0.412288703510442,40
"361.4","1034117",0.99,0.925,40,0.911764705882353,34,0.307364359985737,37,0.267050315533761,37
"362.4","1034121",0.99,0.818181818181818,22,0.8,15,0.0285378083257021,36,0.0205111384934767,36
"363.4","1034122",0.99,0.975,40,0.973684210526316,38,0.293746967467554,40,0.282913634134221,40
"364.4","1034130",0.99,0.923076923076923,13,0.909090909090909,11,0.0328983025803886,36,0.0310014404404709,36
"365.4","1034182",0.99,0.875,40,0.870967741935484,31,0.285094292279526,38,0.215094182508435,38
"366.4","1034876",0.99,1,40,1,40,0.256746561719619,40,0.256746561719619,40
"367.4","1034889",0.99,1,40,1,40,0.239068610298758,40,0.239068610298758,40
"368.4","1034904",0.99,1,40,1,40,0.257869750741313,40,0.257869750741313,40
"369.4","1034912",0.99,1,39,1,39,0.214156561160415,40,0.214156561160415,40
"370.4","1034915",0.99,0.948717948717949,39,0.972972972972973,37,0.224291776163586,39,0.212112288984098,39
"371.4","1034925",0.99,1,40,1,40,0.302408469059774,40,0.302408469059774,40
"372.4","1034949",0.99,0.95,40,0.945945945945946,37,0.30003669420122,40,0.273558035664635,40
"373.4","1034969",0.99,0.974358974358974,39,0.972972972972973,37,0.249896713663387,40,0.234652811224363,40
"374.4","1034975",0.99,1,40,1,40,0.35736880319863,40,0.35736880319863,40
"375.4","1034978",0.99,1,40,1,40,0.300345785926118,40,0.300345785926118,40
"376.4","1034989",0.99,NA,0,NA,0,0,39,0,39
"377.4","1035084",0.99,0.974358974358974,39,0.972972972972973,37,0.296135323417254,40,0.281019044347487,40
"378.4","1035087",0.99,0.975,40,0.973684210526316,38,0.333112708807547,40,0.318826994521833,40
"379.4","1035093",0.99,1,40,1,40,0.386711592670895,40,0.386711592670895,40
"380.4","1035109",0.99,1,40,1,40,0.283972129189964,40,0.283972129189964,40
"381.4","1035116",0.99,1,40,1,40,0.240761798964754,40,0.240761798964754,40
"382.4","1035120",0.99,1,40,1,40,0.256616047027278,40,0.256616047027278,40
"383.4","1035147",0.99,1,40,1,40,0.245096843976594,40,0.245096843976594,40
"384.4","1035150",0.99,1,40,1,40,0.277652869106519,40,0.277652869106519,40
"385.4","1035159",0.99,1,40,1,40,0.279731564285592,40,0.279731564285592,40
"386.4","1035166",0.99,1,40,1,40,0.252080792682927,40,0.252080792682927,40
"387.4","1035184",0.99,1,40,1,40,0.273225656811519,40,0.273225656811519,40
"388.4","1035188",0.99,1,40,1,40,0.595234644582471,40,0.595234644582471,40
"389.4","1035198",0.99,1,40,1,40,0.642316004128441,40,0.642316004128441,40
"390.4","1035200",0.99,1,40,1,40,0.518724276930799,40,0.518724276930799,40
"391.4","1035214",0.99,1,40,1,40,0.237182657340769,40,0.237182657340769,40
"392.4","1035224",0.99,1,40,1,40,0.260800347000163,40,0.260800347000163,40
"393.4","1035298",0.99,1,40,1,40,0.314313012719359,40,0.314313012719359,40
"394.4","1035300",0.99,1,40,1,40,0.261525010251613,40,0.261525010251613,40
"395.4","1035321",0.99,1,40,1,40,0.22792031899194,40,0.22792031899194,40
"396.4","1035330",0.99,1,40,1,40,0.259565295618543,40,0.259565295618543,40
"397.4","1035340",0.99,1,40,1,40,0.241852614243071,40,0.241852614243071,40
"398.4","1035379",0.99,1,40,1,40,0.393233536219681,40,0.393233536219681,40
"399.4","1035387",0.99,1,40,1,40,0.22293058103112,40,0.22293058103112,40
"400.4","1035390",0.99,1,40,1,40,0.297520381933217,40,0.297520381933217,40
"401.4","1035399",0.99,1,38,1,38,0.196481343160037,40,0.196481343160037,40
"402.4","1035441",0.99,0.95,40,0.944444444444444,36,0.48025528125357,40,0.42636797064751,40
"403.4","1035445",0.99,1,40,1,40,0.529331051135809,40,0.529331051135809,40
"404.4","1035454",0.99,1,40,1,40,0.510844153706583,40,0.510844153706583,40
"405.4","1035460",0.99,0.975,40,0.973684210526316,38,0.52812879318277,40,0.488760372130138,40
"406.4","1035482",0.99,0.95,40,0.972222222222222,36,0.387838544022187,40,0.349286355469999,40
"407.4","1035486",0.99,0.85,40,0.866666666666667,30,0.413932099575298,39,0.317980566657446,39
"408.4","1035526",0.99,0.925,40,0.911764705882353,34,0.484658723421457,38,0.40820094591317,38
"409.4","1035531",0.99,0.9,40,0.90625,32,0.483112667616978,40,0.377915763228263,40
"410.4","1035546",0.99,0.9,40,0.911764705882353,34,0.43576541460107,40,0.386662090170124,40
"411.4","1035553",0.99,0.9,40,0.939393939393939,33,0.394244584598963,39,0.35193689229127,39
"412.4","1035557",0.99,0.95,40,0.944444444444444,36,0.413771805711568,39,0.373707703147465,39
"413.4","1035559",0.99,0.95,40,0.944444444444444,36,0.679514761382615,40,0.607907506848531,40
"414.4","1035564",0.99,0.925,40,0.941176470588235,34,0.634034693641814,40,0.547472472079592,40
"415.4","1036155",0.99,0.925,40,0.916666666666667,36,0.627803590951139,40,0.558557942982087,40
"416.4","1037700",0.99,0.975,40,0.973684210526316,38,0.854572639459587,40,0.810423703289375,40
"417.4","1038",0.99,0.925,40,0.911764705882353,34,0.313425803066033,40,0.266207066472297,40
"418.4","1038239",0.99,1,37,1,37,0.229879425909185,40,0.229879425909185,40
"419.4","1038297",0.99,0.975,40,0.973684210526316,38,0.600974543146612,40,0.564545971718041,40
"420.4","1038310",0.99,0.9,40,0.909090909090909,33,0.582386448304391,40,0.503960350848306,40
"421.4","1038334",0.99,0.9,40,0.9375,32,0.524054445010327,40,0.437288571994454,40
"422.4","1038344",0.99,0.95,40,0.947368421052632,38,0.357780072415135,39,0.34251755715262,39
"423.4","1038366",0.99,0.875,40,0.875,32,0.466992784846931,39,0.379174411155365,39
"424.4","1038371",0.99,0.925,40,0.916666666666667,36,0.718584134979365,40,0.639622777552026,40
"425.4","1038394",0.99,0.941176470588235,34,0.967741935483871,31,0.227491932136283,40,0.220767794205248,40
"426.4","1038406",0.99,1,38,1,38,0.22837680188995,40,0.22837680188995,40
"427.4","1038414",0.99,0.972222222222222,36,0.970588235294118,34,0.215102705730177,40,0.205316991444463,40
"428.4","1038422",0.99,0.925,40,0.916666666666667,36,0.490942729706596,39,0.435654268168135,39
"429.4","1038450",0.99,0.975,40,0.973684210526316,38,0.460596394544529,40,0.437197004300627,40
"430.4","1038457",0.99,1,20,1,20,0.139706546683291,39,0.139706546683291,39
"431.4","1038458",0.99,0.975,40,0.973684210526316,38,0.388209767353958,39,0.36549271832112,39
"432.4","1038468",0.99,0.925,40,0.942857142857143,35,0.550730827361762,40,0.480081825825664,40
"433.4","1038474",0.99,0.894736842105263,19,0.866666666666667,15,0.0717232125320361,37,0.0537430474930475,37
"434.4","1038476",0.99,0.935483870967742,31,0.925925925925926,27,0.149198635809241,38,0.126080945750762,38
"435.4","1038481",0.99,0.975,40,0.973684210526316,38,0.627717759017367,40,0.597692842073845,40
"436.4","1038482",0.99,1,40,1,40,0.673648802953603,40,0.673648802953603,40
"437.4","1038525",0.99,0.9,40,0.90625,32,0.412144157288762,40,0.318061901541636,40
"438.4","1038542",0.99,0.925,40,0.911764705882353,34,0.596731817007818,40,0.488077970853972,40
"439.4","1038595",0.99,1,1,1,1,0.00277777777777778,40,0.00277777777777778,40
"440.4","1038623",0.99,1,1,1,1,0.00197368421052632,40,0.00197368421052632,40
"441.4","1038652",0.99,1,40,1,40,0.748513297753371,40,0.748513297753371,40
"442.4","1038653",0.99,0.95,40,0.944444444444444,36,0.420098304770434,39,0.363495600731832,39
"443.4","1038719",0.99,1,40,1,40,0.709364385936146,40,0.709364385936146,40
"444.4","1038740",0.99,0.9,40,0.90625,32,0.367311496961238,40,0.300739950228401,40
"445.4","1038754",0.99,0.975,40,0.973684210526316,38,0.463804384240877,40,0.442375812812305,40
"446.4","1038756",0.99,0.925,40,0.942857142857143,35,0.584267013858882,40,0.51996397212937,40
"447.4","1038788",0.99,0.75,4,0.666666666666667,3,0.0179249762583096,39,0.0147198480531814,39
"448.4","1038952",0.99,0.975,40,0.973684210526316,38,0.43724707239221,40,0.415024850169988,40
"449.4","1038953",0.99,1,40,1,40,0.22727564495091,40,0.22727564495091,40
"450.4","1038957",0.99,0.95,40,0.944444444444444,36,0.179417158496173,40,0.166084551062956,40
"451.4","1039015",0.99,0.975,40,0.973684210526316,38,0.720055986105558,40,0.685220127519699,40
"452.4","1039028",0.99,1,40,1,40,0.645587630082511,40,0.645587630082511,40
"453.4","1039053",0.99,1,40,1,40,0.688565615101064,40,0.688565615101064,40
"454.4","1039071",0.99,NA,0,NA,0,0,11,0,11
"455.4","1039210",0.99,0.975,40,0.973684210526316,38,0.469018349775176,40,0.445792350967782,40
"456.4","1039213",0.99,0.975,40,0.973684210526316,38,0.398878810606762,40,0.380609579837531,40
"457.4","1039286",0.99,0.95,40,0.944444444444444,36,0.405554684282127,40,0.364437197118128,40
"458.4","1039287",0.99,0.975,40,0.973684210526316,38,0.500026245122794,40,0.479003517850067,40
"459.4","1039304",0.99,0.9,40,0.914285714285714,35,0.447734437574538,40,0.390209235961634,40
"460.4","1039309",0.99,0.975,40,0.973684210526316,38,0.27757822329904,40,0.266531711671133,40
"461.4","1039318",0.99,0.975,40,0.973684210526316,38,0.355176118511433,40,0.339327904225718,40
"462.4","1039319",0.99,0.975,40,0.973684210526316,38,0.369143389288721,40,0.355080889288721,40
"463.4","1039379",0.99,0.975,40,0.973684210526316,38,0.347321003969844,40,0.329601223750064,40
"464.4","1039422",0.99,0.9,40,0.941176470588235,34,0.48390475983742,39,0.434225272657933,39
"465.4","1039471",0.99,1,40,1,40,0.739287981834392,40,0.739287981834392,40
"466.4","1039487",0.99,0.925,40,0.911764705882353,34,0.820727948329975,40,0.688005674715009,40
"467.4","1039491",0.99,0.975,40,0.973684210526316,38,0.803890133547677,40,0.757948575106119,40
"468.4","1039499",0.99,0.975,40,0.973684210526316,38,0.495094573377672,40,0.474177260716174,40
"469.4","1039513",0.99,NA,0,NA,0,0,11,0,11
"470.4","1039530",0.99,NA,0,NA,0,0,30,0,30
"471.4","1039551",0.99,0.975,40,0.973684210526316,38,0.734039399173207,40,0.700195210156604,40
"472.4","1039562",0.99,0.975,40,0.973684210526316,38,0.759646726026507,40,0.723456014564057,40
"473.4","1039570",0.99,0.975,40,0.973684210526316,38,0.54353288801147,40,0.515516583663644,40
"474.4","1039572",0.99,1,40,1,40,0.653275340106841,40,0.653275340106841,40
"475.4","1039577",0.99,1,39,1,39,0.272391839343377,40,0.272391839343377,40
"476.4","1039579",0.99,0.975,40,0.974358974358974,39,0.592318488817606,40,0.576485155484273,40
"477.4","1039587",0.99,0.975,40,0.973684210526316,38,0.247866435363582,39,0.235539019190012,39
"478.4","1039619",0.99,0.95,40,0.944444444444444,36,0.314172278434108,40,0.2691035680747,40
"479.4","1039633",0.99,1,40,1,40,0.436285160338866,40,0.436285160338866,40
"480.4","1039646",0.99,1,40,1,40,0.478696272725304,40,0.478696272725304,40
"481.4","1039650",0.99,0.975,40,0.973684210526316,38,0.476156291380152,40,0.452791465798757,40
"482.4","1039660",0.99,0.975,40,0.973684210526316,38,0.433416278774292,40,0.415802642410655,40
"483.4","1039680",0.99,1,40,1,40,0.530281395824372,40,0.530281395824372,40
"484.4","1039693",0.99,0.975,40,0.973684210526316,38,0.576852258513421,40,0.551601201430968,40
"485.4","1039701",0.99,1,40,1,40,0.491528922281103,40,0.491528922281103,40
"486.4","1039761",0.99,1,40,1,40,0.554143716368637,40,0.554143716368637,40
"487.4","1039771",0.99,0.975,40,0.973684210526316,38,0.432110906995114,40,0.409491859376067,40
"488.4","1039773",0.99,0.925,40,0.911764705882353,34,0.546361729186535,40,0.451631820301068,40
"489.4","1039784",0.99,0.875,40,0.84375,32,0.383023056293929,40,0.30041303030155,40
"490.4","1039838",0.99,0.975,40,0.973684210526316,38,0.420220546488141,40,0.399518332035927,40
"491.4","1039842",0.99,0.85,40,0.821428571428571,28,0.352232674200614,38,0.214273337626039,38
"492.4","1039849",0.99,0.9,40,0.882352941176471,34,0.373012897836237,40,0.307767600853808,40
"493.4","1039882",0.99,0.975,40,0.973684210526316,38,0.351233194066776,39,0.332918175751758,39
"494.4","1041010",0.99,1,40,1,40,0.543915866172766,40,0.543915866172766,40
"495.4","1041037",0.99,0.947368421052632,38,0.941176470588235,34,0.189849244203407,40,0.166491280328201,40
"496.4","1041042",0.99,0.975,40,0.973684210526316,38,0.589681144465017,40,0.553545878764534,40
"497.4","1041045",0.99,1,40,1,40,0.333559664868444,40,0.333559664868444,40
"498.4","1041049",0.99,0.975,40,0.973684210526316,38,0.435239310682686,40,0.418170181894807,40
"499.4","1041065",0.99,1,40,1,40,0.762055335968379,40,0.762055335968379,40
"500.4","1044637",0.99,0.975,40,0.973684210526316,38,0.728159719306458,40,0.686956015602755,40
"501.4","1046143",0.99,0.95,40,0.944444444444444,36,0.369690300553046,40,0.336028153591481,40
"502.4","1046156",0.99,0.95,40,0.947368421052632,38,0.438731699110682,40,0.422065032444015,40
"503.4","1046159",0.99,0.85,40,0.862068965517241,29,0.321032480001698,39,0.242508706766386,39
"504.4","1046460",0.99,0.95,40,0.944444444444444,36,0.347296793149424,40,0.3172516421622,40
"505.4","1046618",0.99,0.975,40,0.973684210526316,38,0.66868126645668,40,0.633443171218585,40
"506.4","1046682",0.99,0.975,40,0.973684210526316,38,0.445937033552283,40,0.417095042210292,40
"507.4","1047151",0.99,0.975,40,0.973684210526316,38,0.581364162945461,40,0.552069765482459,40
"508.4","1047360",0.99,0.975,40,0.973684210526316,38,0.475708183934972,40,0.450797629373254,40
"509.4","1047487",0.99,0.95,40,0.944444444444444,36,0.607723182375815,40,0.541644751003266,40
"510.4","1047502",0.99,0.95,40,0.944444444444444,36,0.535352976056323,40,0.476279084430707,40
"511.4","1047519",0.99,0.95,40,0.944444444444444,36,0.418767442548374,39,0.371853670836215,39
"512.4","1047529",0.99,0.975,40,0.973684210526316,38,0.644643200683689,39,0.608356570647059,39
"513.4","1047533",0.99,1,40,1,40,0.375229272242842,40,0.375229272242842,40
"514.4","1047545",0.99,1,40,1,40,0.698157667282689,40,0.698157667282689,40
"515.4","1047548",0.99,1,40,1,40,0.684773017215759,40,0.684773017215759,40
"516.4","1047549",0.99,1,40,1,40,0.723709543359738,40,0.723709543359738,40
"517.4","1047552",0.99,1,40,1,40,0.730047886615466,40,0.730047886615466,40
"518.4","1047553",0.99,1,40,1,40,0.736265163271388,40,0.736265163271388,40
"519.4","1047556",0.99,1,40,1,40,0.67296765335905,40,0.67296765335905,40
"520.4","1047559",0.99,1,40,1,40,0.705708398286336,40,0.705708398286336,40
"521.4","1047562",0.99,1,40,1,40,0.634197872732937,40,0.634197872732937,40
"522.4","1047563",0.99,1,40,1,40,0.707246323553823,40,0.707246323553823,40
"523.4","1047564",0.99,1,40,1,40,0.740977012711256,40,0.740977012711256,40
"524.4","1047579",0.99,1,40,1,40,0.664134700560605,40,0.664134700560605,40
"525.4","1047600",0.99,1,40,1,40,0.664180212836812,40,0.664180212836812,40
"526.4","1047621",0.99,0.95,40,0.944444444444444,36,0.614286386529947,40,0.557365582747441,40
"527.4","1047626",0.99,1,40,1,40,0.605405985815506,40,0.605405985815506,40
"528.4","1047627",0.99,1,40,1,40,0.746379713020206,40,0.746379713020206,40
"529.4","1047630",0.99,1,40,1,40,0.624532300545244,40,0.624532300545244,40
"530.4","1047708",0.99,1,40,1,40,0.704417206290472,40,0.704417206290472,40
"531.4","1047715",0.99,1,40,1,40,0.860416538184808,40,0.860416538184808,40
"532.4","1047746",0.99,1,40,1,40,0.76845513413506,40,0.76845513413506,40
"533.4","1047751",0.99,1,40,1,40,0.900693802035153,40,0.900693802035153,40
"534.4","1047761",0.99,1,40,1,40,0.748341299208552,40,0.748341299208552,40
"535.4","1047779",0.99,1,40,1,40,0.856255781683626,40,0.856255781683626,40
"536.4","1047793",0.99,0.925,40,0.911764705882353,34,0.555170695171173,40,0.459392520428757,40
"537.4","1047809",0.99,0.974358974358974,39,0.972972972972973,37,0.207272692919673,40,0.196281839261136,40
"538.4","1047823",0.99,0.975,40,0.973684210526316,38,0.642315139307836,40,0.602120676552398,40
"539.4","1047990",0.99,0.95,40,0.944444444444444,36,0.529158337737653,40,0.475098801890959,40
"540.4","1048236",0.99,0.875,40,0.90625,32,0.423328222165431,40,0.336835548172758,40
"541.4","104831",0.99,1,40,1,40,0.798152173913043,40,0.798152173913043,40
"542.4","1048353",0.99,1,40,1,40,0.300017410109828,40,0.300017410109828,40
"543.4","1049367",0.99,0.95,40,0.944444444444444,36,0.84494329809601,40,0.754638906219,40
"544.4","1050028",0.99,NA,0,NA,0,0,35,0,35
"545.4","1050030",0.99,NA,0,NA,0,0,30,0,30
"546.4","1050073",0.99,0.95,40,0.944444444444444,36,0.586065852590329,40,0.518731781966784,40
"547.4","1050074",0.99,0.875,40,0.903225806451613,31,0.5192223768282,40,0.396909180470886,40
"548.4","1050091",0.99,0.925,40,0.942857142857143,35,0.485473366119896,37,0.441554447200977,37
"549.4","1050107",0.99,0.925,40,0.942857142857143,35,0.485065698190698,40,0.424202602952603,40
"550.4","1050135",0.99,0.95,40,0.944444444444444,36,0.610975649713647,40,0.537459076417662,40
"551.4","1050209",0.99,1,40,1,40,0.871231884057971,40,0.871231884057971,40
"552.4","1050280",0.99,0.925,40,0.911764705882353,34,0.512816971577032,40,0.415842181661065,40
"553.4","1050286",0.99,0.925,40,0.942857142857143,35,0.415339462870226,40,0.365688925235818,40
"554.4","1050309",0.99,0.925,40,0.942857142857143,35,0.481320082163523,40,0.435029759582878,40
"555.4","1050323",0.99,0.9,40,0.909090909090909,33,0.231295447341578,40,0.188626362078193,40
"556.4","1050337",0.99,0.925,40,0.941176470588235,34,0.459087773610046,40,0.388301788761561,40
"557.4","1050388",0.99,0.95,40,0.944444444444444,36,0.387216808111203,39,0.347395518289913,39
"558.4","1050440",0.99,1,36,1,36,0.204091209754794,40,0.204091209754794,40
"559.4","1050442",0.99,0.975,40,0.973684210526316,38,0.70940259521894,40,0.675192068903151,40
"560.4","1051420",0.99,1,40,1,40,0.878434320074006,40,0.878434320074006,40
"561.4","1051423",0.99,0.975,40,0.973684210526316,38,0.874190564292322,40,0.829509713228492,40
"562.4","1052215",0.99,0.95,40,0.944444444444444,36,0.595183106726178,40,0.533097036827608,40
"563.4","1052236",0.99,0.9,40,0.942857142857143,35,0.43210163089255,39,0.401021599812519,39
"564.4","1052238",0.99,0.9,40,0.875,32,0.380999573834205,39,0.289956208597291,39
"565.4","1052239",0.99,0.95,40,0.944444444444444,36,0.528146593405036,40,0.469023609534069,40
"566.4","1052249",0.99,0.975,40,0.973684210526316,38,0.416114909243194,40,0.397364909243194,40
"567.4","1052264",0.99,0.95,40,0.972972972972973,37,0.528051827230676,40,0.502316533113029,40
"568.4","1053341",0.99,0.925,40,0.911764705882353,34,0.569854715742779,40,0.475510203547657,40
"569.4","1053364",0.99,1,40,1,40,0.484434239927661,40,0.484434239927661,40
"570.4","1053366",0.99,1,40,1,40,0.475812164003057,40,0.475812164003057,40
"571.4","1053379",0.99,0.85,40,0.903225806451613,31,0.23213711529501,38,0.175938546326358,38
"572.4","1053400",0.99,NA,0,NA,0,0,37,0,37
"573.4","1053440",0.99,0.95,20,0.944444444444444,18,0.108010166657494,38,0.0853729284005614,38
"574.4","1053442",0.99,NA,0,NA,0,0,37,0,37
"575.4","1053445",0.99,1,21,1,21,0.0572009000653686,39,0.0572009000653686,39
"576.4","1053473",0.99,0.861111111111111,36,0.933333333333333,30,0.265845687651861,39,0.239418642474816,39
"577.4","1053480",0.99,0.9,40,0.875,32,0.258032753032653,40,0.197650868183223,40
"578.4","1053491",0.99,0.944444444444444,36,0.9375,32,0.147850814011992,38,0.128538420124046,38
"579.4","1053517",0.99,1,40,1,40,0.314925594666341,40,0.314925594666341,40
"580.4","1053519",0.99,0.918918918918919,37,0.9375,32,0.126691062052533,40,0.112611760977264,40
"581.4","1053520",0.99,0.921052631578947,38,0.90625,32,0.179068836853463,40,0.113922667498624,40
"582.4","1053527",0.99,0.9,40,0.90625,32,0.242573873969313,40,0.202931016826456,40
"583.4","1053533",0.99,0.970588235294118,34,0.96875,32,0.111995689759968,40,0.10946510021603,40
"584.4","1053544",0.99,0.95,40,0.944444444444444,36,0.45478274449047,40,0.419347961881774,40
"585.4","1053545",0.99,0.897435897435897,39,0.90625,32,0.333412463329733,40,0.291420772225138,40
"586.4","1053547",0.99,1,20,1,20,0.0857878985171198,39,0.0857878985171198,39
"587.4","1053571",0.99,0.95,40,0.944444444444444,36,0.430383673424415,40,0.389658126448868,40
"588.4","1053604",0.99,0.9,40,0.909090909090909,33,0.339717751470188,40,0.27131848407092,40
"589.4","1053608",0.99,0.9,40,0.909090909090909,33,0.327488177634173,40,0.276464992150302,40
"590.4","1053625",0.99,0.9,40,0.96875,32,0.473993156990976,39,0.399745079302038,39
"591.4","1053633",0.99,NA,0,NA,0,0,12,0,12
"592.4","1053645",0.99,0.972222222222222,36,0.970588235294118,34,0.229512791130386,40,0.21681117822716,40
"593.4","1053664",0.99,0.925,40,0.941176470588235,34,0.283542823023686,40,0.255892873669842,40
"594.4","1053692",0.99,0.9,40,0.941176470588235,34,0.446950762769033,40,0.39672700004527,40
"595.4","1053694",0.99,0.944444444444444,36,0.9375,32,0.2415436799132,39,0.202700389208867,39
"596.4","1053707",0.99,0.925,40,0.911764705882353,34,0.196090883595025,40,0.146916801281343,40
"597.4","1053719",0.99,0.95,40,0.944444444444444,36,0.248536375380656,40,0.22809786731614,40
"598.4","1053726",0.99,0.833333333333333,36,0.84,25,0.216805697917685,40,0.163266575413844,40
"599.4","1053733",0.99,0.923076923076923,39,0.971428571428571,35,0.248474338094892,39,0.24080145542201,39
"600.4","1053734",0.99,0.9,40,0.90625,32,0.406823458390604,40,0.299819091789463,40
"601.4","1053742",0.99,NA,0,NA,0,0,27,0,27
"602.4","1053744",0.99,1,40,1,40,0.598554274284166,40,0.598554274284166,40
"603.4","1053754",0.99,0.846153846153846,26,0.909090909090909,22,0.064397261759728,35,0.0626115474740137,35
"604.4","1053759",0.99,0.96,25,0.956521739130435,23,0.080642458221304,40,0.0694817439355897,40
"605.4","1053768",0.99,0.95,40,0.944444444444444,36,0.498494105240741,40,0.455712150353523,40
"606.4","1053773",0.99,0.945945945945946,37,0.939393939393939,33,0.253935491822437,38,0.226635280342974,38
"607.4","1053781",0.99,0.95,40,0.944444444444444,36,0.260708138006781,40,0.238638245533662,40
"608.4","1053797",0.99,0.925,40,0.911764705882353,34,0.321226012659414,39,0.265213812493988,39
"609.4","1053802",0.99,0.914285714285714,35,0.896551724137931,29,0.118505306238988,38,0.0908369417794523,38
"610.4","1053851",0.99,0.975,40,0.973684210526316,38,0.243831967442901,40,0.230257306809417,40
"611.4","1053855",0.99,0.944444444444444,36,0.9375,32,0.157774909458058,39,0.143549071193758,39
"612.4","1053856",0.99,0.9,40,0.971428571428571,35,0.417168844630145,40,0.400074827536128,40
"613.4","1053859",0.99,0.95,40,0.944444444444444,36,0.346565932561432,40,0.311754766715783,40
"614.4","1053861",0.99,0.933333333333333,30,0.923076923076923,26,0.102681492965686,37,0.0896256952324685,37
"615.4","1053873",0.99,0.975,40,0.973684210526316,38,0.467319671012542,40,0.444403004345875,40
"616.4","1053882",0.99,1,40,1,40,0.279129315274975,40,0.279129315274975,40
"617.4","1053891",0.99,0.925,40,0.911764705882353,34,0.452519751026692,40,0.356292922299863,40
"618.4","1053907",0.99,0.837837837837838,37,0.964285714285714,28,0.208622221846224,40,0.195556745655747,40
"619.4","1053910",0.99,0.85,40,0.935483870967742,31,0.169271727331418,37,0.152522749488169,37
"620.4","1053943",0.99,0.925,40,0.941176470588235,34,0.370217377044904,39,0.315124269048571,39
"621.4","1053975",0.99,0.975,40,0.973684210526316,38,0.174187054503145,40,0.16773544159992,40
"622.4","1053981",0.99,0.825,40,0.814814814814815,27,0.427240079410486,40,0.301118727643973,40
"623.4","1054001",0.99,0.95,40,0.944444444444444,36,0.40166620063691,40,0.35122399578294,40
"624.4","1054030",0.99,0.975,40,0.973684210526316,38,0.451413423800778,40,0.426876386763741,40
"625.4","1054050",0.99,0.923076923076923,39,0.909090909090909,33,0.190771956571851,40,0.15297852688326,40
"626.4","1054087",0.99,0.95,40,0.944444444444444,36,0.350948258012219,40,0.316192967006928,40
"627.4","1054088",0.99,1,40,1,40,0.466991150712631,40,0.466991150712631,40
"628.4","1054113",0.99,0.918918918918919,37,0.96969696969697,33,0.136207005947585,39,0.132898486510034,39
"629.4","1054120",0.99,0.923076923076923,39,0.939393939393939,33,0.247000435117681,39,0.186331050394326,39
"630.4","1054122",0.99,0.975,40,0.973684210526316,38,0.340209209069274,40,0.32421656201045,40
"631.4","1054130",0.99,0.975,40,0.973684210526316,38,0.194697939839982,40,0.176522264164306,40
"632.4","1054149",0.99,0.925,40,0.911764705882353,34,0.261164531673047,40,0.221952939778224,40
"633.4","1054178",0.99,0.897435897435897,39,0.941176470588235,34,0.241625054752382,38,0.225890152981827,38
"634.4","1054189",0.99,0.966666666666667,30,0.964285714285714,28,0.0853491956031859,39,0.0755417986990148,39
"635.4","1054190",0.99,1,10,1,10,0.0516401409048468,40,0.0516401409048468,40
"636.4","1054195",0.99,0.9,40,0.875,32,0.207408819116165,39,0.161986403442509,39
"637.4","1054211",0.99,0.975,40,0.973684210526316,38,0.227871094333696,40,0.217538433043373,40
"638.4","1054215",0.99,0.897435897435897,39,0.909090909090909,33,0.190376023448467,40,0.157110219074668,40
"639.4","1054221",0.99,0.95,40,0.944444444444444,36,0.45405259136539,40,0.400086357226742,40
"640.4","1054238",0.99,0.9,40,0.90625,32,0.313902004243017,39,0.254533183100002,39
"641.4","1054311",0.99,0.925,40,0.942857142857143,35,0.404900606418763,39,0.36603420965763,39
"642.4","1054327",0.99,1,10,1,10,0.0216504391204937,40,0.0216504391204937,40
"643.4","1054348",0.99,0.964285714285714,28,0.964285714285714,28,0.0979014766941644,38,0.0979014766941644,38
"644.4","1054349",0.99,0.846153846153846,39,0.862068965517241,29,0.263679244271761,35,0.204019874072068,35
"645.4","1054358",0.99,0.95,40,0.947368421052632,38,0.547794225000559,40,0.521818249024583,40
"646.4","1054367",0.99,0.925,40,0.911764705882353,34,0.364492738228959,40,0.311112994395942,40
"647.4","1054372",0.99,0.9,40,0.90625,32,0.318182309906709,38,0.262075561180053,38
"648.4","1054408",0.99,0.942857142857143,35,0.935483870967742,31,0.158217025622739,39,0.124657447945514,39
"649.4","1054421",0.99,1,28,1,28,0.146242976495029,40,0.146242976495029,40
"650.4","1054460",0.99,0.891891891891892,37,0.933333333333333,30,0.24811470783133,36,0.219700148558796,36
"651.4","1054487",0.99,0.95,40,0.972222222222222,36,0.303910255234911,39,0.279193785806903,39
"652.4","1054488",0.99,0.925,40,0.911764705882353,34,0.286856102241117,40,0.241943368626805,40
"653.4","1054497",0.99,0.975,40,0.973684210526316,38,0.1845949241681,40,0.177860010374997,40
"654.4","1054523",0.99,0.975,40,0.973684210526316,38,0.315766389158853,39,0.306265584005874,39
"655.4","1054527",0.99,0.925,40,0.970588235294118,34,0.281384530717383,40,0.262925189319533,40
"656.4","1054538",0.99,0.875,40,0.878787878787879,33,0.369803624528858,40,0.31469336445786,40
"657.4","1054543",0.99,NA,0,NA,0,0,39,0,39
"658.4","1054544",0.99,0.875,40,0.903225806451613,31,0.259232345130635,40,0.210735321321111,40
"659.4","1054548",0.99,1,38,1,38,0.158464256031227,40,0.158464256031227,40
"660.4","1054572",0.99,0.95,40,0.972222222222222,36,0.405509518718064,40,0.37146911467766,40
"661.4","1054576",0.99,0.925,40,0.911764705882353,34,0.497844062464892,40,0.412844062464892,40
"662.4","1054611",0.99,0.95,40,0.944444444444444,36,0.367110229152568,40,0.335078979152568,40
"663.4","1054613",0.99,0.975,40,0.973684210526316,38,0.377273729613885,40,0.358226110566266,40
"664.4","1054623",0.99,0.875,40,0.90625,32,0.478399151449436,39,0.393914830425741,39
"665.4","1054645",0.99,0.95,40,0.944444444444444,36,0.204430776831566,39,0.186162223679292,39
"666.4","1054674",0.99,1,40,1,40,0.70761593221153,40,0.70761593221153,40
"667.4","1054722",0.99,0.925,40,0.911764705882353,34,0.323753339841502,40,0.275463994777964,40
"668.4","1054749",0.99,0.925,40,0.911764705882353,34,0.318060509753502,40,0.274021100886507,40
"669.4","1054762",0.99,1,40,1,40,0.286350193327821,40,0.286350193327821,40
"670.4","1054774",0.99,0.975,40,0.973684210526316,38,0.105019020889051,40,0.100852354222384,40
"671.4","1054785",0.99,0.975,40,0.973684210526316,38,0.333387715323594,40,0.320567202503081,40
"672.4","1054793",0.99,0.975,40,0.973684210526316,38,0.212435584185693,40,0.195768917519027,40
"673.4","1054800",0.99,0.925,40,0.942857142857143,35,0.291042621062363,39,0.253988783427129,39
"674.4","1054802",0.99,0.974358974358974,39,0.972972972972973,37,0.120183770123456,40,0.113788421286247,40
"675.4","1054829",0.99,1,40,1,40,0.66508230745511,40,0.66508230745511,40
"676.4","1054963",0.99,NA,0,NA,0,0,37,0,37
"677.4","1054964",0.99,0.666666666666667,3,0.666666666666667,3,0.00403828197945845,36,0.00403828197945845,36
"678.4","1054972",0.99,NA,0,NA,0,0,38,0,38
"679.4","1054982",0.99,NA,0,NA,0,0,28,0,28
"680.4","1055023",0.99,0.975,40,0.973684210526316,38,0.425457195883848,40,0.399373452041484,40
"681.4","1055024",0.99,0.975,40,0.973684210526316,38,0.5964317303819,40,0.561508869231829,40
"682.4","1055029",0.99,0.9,40,0.875,32,0.562923701172603,40,0.431322287880013,40
"683.4","1055033",0.99,0.975,40,0.973684210526316,38,0.52774487006996,40,0.501331826591699,40
"684.4","1055060",0.99,0.95,40,0.944444444444444,36,0.605894401606304,39,0.542377501839404,39
"685.4","1055074",0.99,0.875,40,0.833333333333333,30,0.517758939833243,38,0.366965289039592,38
"686.4","1055078",0.99,0.9,40,0.941176470588235,34,0.588061999221539,40,0.524993817403357,40
"687.4","1055125",0.99,0.95,40,0.944444444444444,36,0.513167566508707,40,0.458337257368923,40
"688.4","1055168",0.99,0.75,4,0.666666666666667,3,0.00433965348152991,38,0.0030238640078457,38
"689.4","1055221",0.99,1,40,1,40,0.552991180885918,40,0.552991180885918,40
"690.4","1055249",0.99,1,40,1,40,0.383896695752644,40,0.383896695752644,40
"691.4","1055258",0.99,1,38,1,38,0.284067112867884,40,0.284067112867884,40
"692.4","1055297",0.99,0.875,40,0.90625,32,0.409966384473785,40,0.345264310542988,40
"693.4","1055314",0.99,0.925,40,0.911764705882353,34,0.436903851439159,40,0.369752688648461,40
"694.4","1055327",0.99,0.975,40,0.973684210526316,38,0.454740004535163,40,0.434146878149353,40
"695.4","1055358",0.99,0.975,40,0.973684210526316,38,0.448448203440055,40,0.426857294349146,40
"696.4","1055359",0.99,0.975,40,0.973684210526316,38,0.624744590067168,40,0.59307462959286,40
"697.4","1055417",0.99,0.975,40,0.973684210526316,38,0.558554375563991,40,0.524982946992562,40
"698.4","1055444",0.99,NA,0,NA,0,0,38,0,38
"699.4","1055457",0.99,1,6,1,6,0.0376097370766488,40,0.0376097370766488,40
"700.4","1061035",0.99,0.925,40,0.911764705882353,34,0.527063611387075,40,0.43615752673099,40
"701.4","1061043",0.99,0.9,40,0.909090909090909,33,0.447585013964324,39,0.364295889295889,39
"702.4","1061050",0.99,0.95,40,0.944444444444444,36,0.570360128249414,39,0.504758391276709,39
"703.4","1061058",0.99,0.875,40,0.833333333333333,30,0.579859050376946,40,0.405739632494851,40
"704.4","1061059",0.99,0.925,40,0.914285714285714,35,0.5292056507556,40,0.451916901922734,40
"705.4","1061067",0.99,0.9,40,0.875,32,0.474760849647355,40,0.360820881627333,40
"706.4","1061115",0.99,0.9,40,0.878787878787879,33,0.707126470409203,39,0.572780750769366,39
"707.4","1061150",0.99,0.925,40,0.941176470588235,34,0.568500090647923,40,0.491372304967506,40
"708.4","1061166",0.99,1,40,1,40,0.759616352695528,40,0.759616352695528,40
"709.4","1061169",0.99,1,40,1,40,0.786758718821412,40,0.786758718821412,40
"710.4","1061172",0.99,1,40,1,40,0.833348953466651,40,0.833348953466651,40
"711.4","1061179",0.99,1,39,1,39,0.331262208320135,40,0.331262208320135,40
"712.4","1061185",0.99,1,40,1,40,0.685882957481795,40,0.685882957481795,40
"713.4","1061191",0.99,0.975,40,0.973684210526316,38,0.70478927548301,40,0.659729751673486,40
"714.4","1061194",0.99,0.925,40,0.942857142857143,35,0.609413517768781,40,0.546464799820063,40
"715.4","1061213",0.99,1,40,1,40,0.779573140038256,40,0.779573140038256,40
"716.4","1061214",0.99,1,40,1,40,0.658566374684198,40,0.658566374684198,40
"717.4","1061222",0.99,1,40,1,40,0.599769495460285,40,0.599769495460285,40
"718.4","1061228",0.99,0.9,40,0.970588235294118,34,0.655410849075954,40,0.596119573406159,40
"719.4","1061230",0.99,1,40,1,40,0.633160746318414,40,0.633160746318414,40
"720.4","1061237",0.99,0.975,40,0.973684210526316,38,0.640076692669761,40,0.609741326816102,40
"721.4","1061240",0.99,0.95,40,0.972972972972973,37,0.675935140440954,40,0.641276049531863,40
"722.4","1061245",0.99,0.925,40,0.942857142857143,35,0.682335554667211,40,0.612527862359519,40
"723.4","1061252",0.99,0.975,40,0.973684210526316,38,0.889167784703303,40,0.844059089051129,40
"724.4","1061281",0.99,0.975,40,0.973684210526316,38,0.892881823461092,40,0.847643728222996,40
"725.4","1061295",0.99,1,40,1,40,0.750781878782389,40,0.750781878782389,40
"726.4","1061314",0.99,0.975,40,0.973684210526316,38,0.621762779735461,40,0.580142409365091,40
"727.4","1061349",0.99,0.95,40,0.972222222222222,36,0.684035937120169,40,0.630651790778705,40
"728.4","1061362",0.99,1,40,1,40,0.765014626872778,40,0.765014626872778,40
"729.4","1061371",0.99,0.975,40,0.975,40,0.601719701955637,40,0.601719701955637,40
"730.4","1061375",0.99,0.975,40,0.973684210526316,38,0.765379310543355,40,0.733236453400498,40
"731.4","1061381",0.99,1,40,1,40,0.75456236124123,40,0.75456236124123,40
"732.4","1061421",0.99,1,40,1,40,0.71855592192491,40,0.71855592192491,40
"733.4","1061440",0.99,0.85,40,0.933333333333333,30,0.593028457896879,40,0.502300944669366,40
"734.4","1061452",0.99,0.95,40,0.972222222222222,36,0.61713042944137,40,0.557546062195713,40
"735.4","1061695",0.99,1,27,1,27,0.0443516468465393,40,0.0443516468465393,40
"736.4","1061696",0.99,1,33,1,33,0.0611511010512763,40,0.0611511010512763,40
"737.4","1061711",0.99,NA,0,NA,0,0,40,0,40
"738.4","1061730",0.99,NA,0,NA,0,0,40,0,40
"739.4","1061749",0.99,1,6,1,6,0.019845467032967,40,0.019845467032967,40
"740.4","1061753",0.99,1,2,1,2,0.0056547619047619,40,0.0056547619047619,40
"741.4","1061755",0.99,1,3,1,3,0.00506033182503771,40,0.00506033182503771,40
"742.4","1061758",0.99,1,13,1,13,0.0672303397123359,40,0.0672303397123359,40
"743.4","1061764",0.99,1,5,1,5,0.0254354636591479,40,0.0254354636591479,40
"744.4","1061771",0.99,1,1,1,1,0.00113636363636364,40,0.00113636363636364,40
"745.4","1061772",0.99,1,18,1,18,0.0864452063636846,40,0.0864452063636846,40
"746.4","1061775",0.99,1,1,1,1,0.00178571428571429,40,0.00178571428571429,40
"747.4","1061798",0.99,NA,0,NA,0,0,31,0,31
"748.4","1061812",0.99,0.975,40,0.973684210526316,38,0.492465336065304,40,0.464580720680689,40
"749.4","1061815",0.99,0.925,40,0.911764705882353,34,0.652314214946457,40,0.551017762243755,40
"750.4","1061841",0.99,1,40,1,40,0.589416281269612,40,0.589416281269612,40
"751.4","1061860",0.99,1,26,1,26,0.0629578741820121,40,0.0629578741820121,40
"752.4","1061861",0.99,1,40,1,40,0.448620710769003,40,0.448620710769003,40
"753.4","1061891",0.99,0.875,40,0.833333333333333,30,0.420313407181054,40,0.300762541380188,40
"754.4","1061906",0.99,0.95,40,0.944444444444444,36,0.589281915112086,40,0.534152681600499,40
"755.4","1061914",0.99,0.975,40,0.973684210526316,38,0.563929291529198,40,0.537792927892835,40
"756.4","1061921",0.99,1,40,1,40,0.575319017419836,40,0.575319017419836,40
"757.4","1061928",0.99,1,40,1,40,0.603921704161076,40,0.603921704161076,40
"758.4","1061948",0.99,NA,0,NA,0,0,29,0,29
"759.4","1061966",0.99,NA,0,NA,0,0,36,0,36
"760.4","1061976",0.99,1,40,1,40,0.843372293117347,40,0.843372293117347,40
"761.4","1061977",0.99,0.925,40,0.911764705882353,34,0.480093086753586,39,0.396267569070529,39
"762.4","1062003",0.99,0.975,40,0.973684210526316,38,0.487134160320938,40,0.461476265584096,40
"763.4","1062074",0.99,0.95,40,0.944444444444444,36,0.566459938066951,40,0.49594918537878,40
"764.4","1062078",0.99,0.95,40,0.972972972972973,37,0.626614298519305,40,0.594616435271442,40
"765.4","1062117",0.99,0.974358974358974,39,0.972972972972973,37,0.344885243974514,40,0.329733728822999,40
"766.4","1062120",0.99,0.95,40,0.944444444444444,36,0.28854973568929,40,0.250524667938613,40
"767.4","1062141",0.99,0.925,40,0.911764705882353,34,0.410571713920038,38,0.34245848976801,38
"768.4","1062153",0.99,NA,0,NA,0,0,40,0,40
"769.4","1062196",0.99,1,40,1,40,1,40,1,40
"770.4","1062197",0.99,0.925,40,0.945945945945946,37,0.91436170212766,40,0.865425531914894,40
"771.4","1062202",0.99,1,40,1,40,0.978723404255319,40,0.978723404255319,40
"772.4","1062205",0.99,0.975,40,0.973684210526316,38,0.972340425531915,40,0.922340425531915,40
"773.4","1062216",0.99,1,40,1,40,0.704798797409806,40,0.704798797409806,40
"774.4","1062302",0.99,1,40,1,40,0.63875031413507,40,0.63875031413507,40
"775.4","1062329",0.99,1,20,1,20,0.0759243289390348,40,0.0759243289390348,40
"776.4","1062370",0.99,0.925,40,0.911764705882353,34,0.531987809024241,40,0.438489158551906,40
"777.4","1062386",0.99,0.896551724137931,29,0.916666666666667,24,0.12589895744054,39,0.0994324237633797,39
"778.4","1062413",0.99,1,40,1,40,0.557070807971512,40,0.557070807971512,40
"779.4","1062445",0.99,1,40,1,40,0.395147434037315,40,0.395147434037315,40
"780.4","1062446",0.99,1,16,1,16,0.0540396032901754,40,0.0540396032901754,40
"781.4","1062459",0.99,0.9,40,0.875,32,0.277211505196873,39,0.201523089206733,39
"782.4","1062465",0.99,0.975,40,0.973684210526316,38,0.487200578570439,40,0.459908911903772,40
"783.4","1062478",0.99,0.925,40,0.911764705882353,34,0.51365883823367,39,0.413405686367615,39
"784.4","1062511",0.99,0.692307692307692,13,0.571428571428571,7,0.0852605354621484,31,0.0482676224611708,31
"785.4","1063296",0.99,NA,0,NA,0,NA,0,NA,0
"786.4","1063380",0.99,NA,0,NA,0,0,32,0,32
"787.4","1064344",0.99,0.975,40,0.973684210526316,38,0.478461429913791,39,0.462024875015698,39
"788.4","1064352",0.99,1,40,1,40,0.461001796537846,40,0.461001796537846,40
"789.4","1064405",0.99,0.9,40,0.941176470588235,34,0.300898479692688,39,0.277369924914134,39
"790.4","1064423",0.99,0.95,40,0.944444444444444,36,0.371557209519261,39,0.337072540962012,39
"791.4","1064456",0.99,1,40,1,40,0.374613313290985,40,0.374613313290985,40
"792.4","1064491",0.99,0.925,40,0.942857142857143,35,0.461751798674353,40,0.414944439366994,40
"793.4","1064532",0.99,0.95,40,0.944444444444444,36,0.628526341643103,40,0.559278235582497,40
"794.4","1065694",0.99,1,40,1,40,0.68864768689932,40,0.68864768689932,40
"795.4","1065739",0.99,0.925,40,0.971428571428571,35,0.274476337982449,40,0.252770347894106,40
"796.4","1065834",0.99,0.95,40,0.944444444444444,36,0.831376463753074,40,0.745206250987117,40
"797.4","1065843",0.99,1,40,1,40,0.555565577140508,40,0.555565577140508,40
"798.4","1065850",0.99,1,40,1,40,0.827270214678246,40,0.827270214678246,40
"799.4","1065852",0.99,1,40,1,40,0.765292409041112,40,0.765292409041112,40
"800.4","1065859",0.99,1,40,1,40,0.691585419411506,40,0.691585419411506,40
"801.4","1071367",0.99,0.95,40,0.944444444444444,36,0.368920698628169,39,0.342708876262501,39
"802.4","1071389",0.99,0.975,40,0.973684210526316,38,0.451400788278649,40,0.430077258866884,40
"803.4","1071395",0.99,0.95,40,0.944444444444444,36,0.527351983409481,40,0.470432568738643,40
"804.4","1071432",0.99,0.875,40,0.870967741935484,31,0.301029543371814,39,0.233077877194933,39
"805.4","1071433",0.99,NA,0,NA,0,0,38,0,38
"806.4","1071447",0.99,0.975,40,0.973684210526316,38,0.573312148435613,40,0.547326485353176,40
"807.4","1071455",0.99,0.975,40,0.973684210526316,38,0.431581491835467,40,0.409570213639978,40
"808.4","1071460",0.99,0.975,40,0.973684210526316,38,0.846276595744681,40,0.803191489361702,40
"809.4","1071481",0.99,0.95,40,0.944444444444444,36,0.39291741572023,39,0.345679930982746,39
"810.4","1071496",0.99,0.925,40,0.911764705882353,34,0.373160217749529,40,0.289077893018017,40
"811.4","1071508",0.99,NA,0,NA,0,0,29,0,29
"812.4","1071509",0.99,0.95,40,0.972972972972973,37,0.459760613131733,40,0.430732835353955,40
"813.4","1071517",0.99,0.925,40,0.911764705882353,34,0.367915253637657,40,0.302428817953853,40
"814.4","1071533",0.99,0.975,40,0.973684210526316,38,0.706333012546034,40,0.668383752503751,40
"815.4","1071546",0.99,1,1,1,1,0.000735294117647059,40,0.000735294117647059,40
"816.4","1071552",0.99,1,19,1,19,0.0491775031383103,40,0.0491775031383103,40
"817.4","1071578",0.99,NA,0,NA,0,0,40,0,40
"818.4","1071605",0.99,0.975,40,0.973684210526316,38,0.550426379176379,40,0.519176379176379,40
"819.4","1071614",0.99,1,40,1,40,1,40,1,40
"820.4","1071641",0.99,0.875,40,0.870967741935484,31,0.273664469388278,39,0.201019392099238,39
"821.4","1071653",0.99,0.925,40,0.911764705882353,34,0.241182948954446,40,0.196402726971777,40
"822.4","1071665",0.99,1,3,1,3,0.0141811846689895,40,0.0141811846689895,40
"823.4","1071670",0.99,0.9,40,0.909090909090909,33,0.396981157384165,40,0.332138439029137,40
"824.4","1071677",0.99,1,40,1,40,1,40,1,40
"825.4","1071695",0.99,1,40,1,40,1,40,1,40
"826.4","1071773",0.99,0.6,10,0.666666666666667,3,0.0136388434260775,39,0.00763775231860338,39
"827.4","1071785",0.99,0.95,40,0.944444444444444,36,0.565765892808366,40,0.502268542021394,40
"828.4","1071899",0.99,1,40,1,40,0.942321924144311,40,0.942321924144311,40
"829.4","1071941",0.99,0.975,40,0.973684210526316,38,0.526328857048388,40,0.493260494568261,40
"830.4","1071946",0.99,0.975,40,0.973684210526316,38,0.69096273438555,40,0.658184956607772,40
"831.4","1071969",0.99,0.975,40,0.973684210526316,38,0.723223271966506,40,0.692667716410951,40
"832.4","1071979",0.99,0.975,40,0.973684210526316,38,0.588198275211001,40,0.558520520533247,40
"833.4","1072011",0.99,1,40,1,40,0.460869425723141,40,0.460869425723141,40
"834.4","1072040",0.99,1,40,1,40,0.686314229249012,40,0.686314229249012,40
"835.4","1072041",0.99,0.975,40,0.973684210526316,38,0.572576596134948,40,0.550293987439296,40
"836.4","1072045",0.99,0.975,40,0.973684210526316,38,0.344495586645025,39,0.321436469835909,39
"837.4","1072120",0.99,0.925,40,0.942857142857143,35,0.478573589137512,40,0.427036792600716,40
"838.4","1072251",0.99,0.95,40,0.944444444444444,36,0.39469497953837,39,0.358450178587687,39
"839.4","1072285",0.99,0.925,40,0.941176470588235,34,0.688016175805972,38,0.590791006026685,38
"840.4","1072286",0.99,0.9,40,0.939393939393939,33,0.548943387726063,40,0.472923691696286,40
"841.4","1072300",0.99,0.95,40,0.944444444444444,36,0.508291831103371,40,0.452489350653713,40
"842.4","1072312",0.99,0.85,40,0.862068965517241,29,0.438557587607308,40,0.321677852758823,40
"843.4","1072327",0.99,0.875,40,0.866666666666667,30,0.594846275710626,39,0.423040564037255,39
"844.4","1072336",0.99,0.85,40,0.90625,32,0.555075953458306,40,0.479277634130575,40
"845.4","1081317",0.99,NA,0,NA,0,0,26,0,26
"846.4","108900",0.99,1,40,1,40,0.721413043478261,40,0.721413043478261,40
"847.4","108926",0.99,1,40,1,40,0.723804347826087,40,0.723804347826087,40
"848.4","1093811",0.99,0.975,40,0.973684210526316,38,0.48456142404763,40,0.45437866354572,40
"849.4","1093812",0.99,1,40,1,40,0.633447984801029,40,0.633447984801029,40
"850.4","1094079",0.99,1,40,1,40,0.653328052579835,40,0.653328052579835,40
"851.4","1095327",0.99,0.975,40,0.973684210526316,38,0.786185820316255,40,0.747852486982922,40
"852.4","1095421",0.99,0.975,40,0.973684210526316,38,0.669092439159441,40,0.636354343921346,40
"853.4","1095628",0.99,0.95,40,0.944444444444444,36,0.648881589756981,40,0.590043513876222,40
"854.4","1096255",0.99,NA,0,NA,0,0,40,0,40
"855.4","1096256",0.99,0.925,40,0.916666666666667,36,0.628797901259202,40,0.562076410031131,40
"856.4","1096313",0.99,1,40,1,40,0.64190218667974,40,0.64190218667974,40
"857.4","1096677",0.99,0.95,40,0.944444444444444,36,0.418242936004564,40,0.368407077418705,40
"858.4","1096687",0.99,0.975,40,0.973684210526316,38,0.57230642152012,40,0.543922275178656,40
"859.4","1096700",0.99,1,40,1,40,0.584643354886787,40,0.584643354886787,40
"860.4","1097284",0.99,1,40,1,40,0.537628500489016,40,0.537628500489016,40
"861.4","1097316",0.99,NA,0,NA,0,0,39,0,39
"862.4","1097850",0.99,1,40,1,40,0.337012588509682,40,0.337012588509682,40
"863.4","1097891",0.99,1,40,1,40,0.750812002919561,40,0.750812002919561,40
"864.4","1098080",0.99,NA,0,NA,0,0,40,0,40
"865.4","1098131",0.99,0.975,40,0.973684210526316,38,0.551825732407128,40,0.529732709151314,40
"866.4","1099054",0.99,NA,0,NA,0,0,27,0,27
"867.4","1099057",0.99,NA,0,NA,0,0,30,0,30
"868.4","1099344",0.99,NA,0,NA,0,0,31,0,31
"869.4","1099345",0.99,NA,0,NA,0,0,29,0,29
"870.4","1099371",0.99,NA,0,NA,0,0,31,0,31
"871.4","1099393",0.99,NA,0,NA,0,0,34,0,34
"872.4","1099403",0.99,NA,0,NA,0,0,32,0,32
"873.4","1099548",0.99,1,2,1,2,0.00140151515151515,40,0.00140151515151515,40
"874.4","1099742",0.99,1,40,1,40,0.577348304117598,40,0.577348304117598,40
"875.4","1099788",0.99,1,40,1,40,0.458855300034379,40,0.458855300034379,40
"876.4","1099794",0.99,0.95,40,0.947368421052632,38,0.403320625343346,40,0.387031426737075,40
"877.4","1099815",0.99,1,40,1,40,0.568953748891661,40,0.568953748891661,40
"878.4","1099823",0.99,0.974358974358974,39,0.974358974358974,39,0.342853247232242,40,0.342853247232242,40
"879.4","1099836",0.99,0.95,40,0.947368421052632,38,0.467965269817244,40,0.446715269817244,40
"880.4","1099847",0.99,1,4,1,4,0.0143766489920336,39,0.0143766489920336,39
"881.4","1099872",0.99,1,40,1,40,0.533803851783419,40,0.533803851783419,40
"882.4","1099882",0.99,1,40,1,40,0.530010849899945,40,0.530010849899945,40
"883.4","1099891",0.99,1,40,1,40,0.596514991588804,40,0.596514991588804,40
"884.4","1099897",0.99,1,40,1,40,0.497662911993407,40,0.497662911993407,40
"885.4","1099974",0.99,1,7,1,7,0.0110110831965709,39,0.0110110831965709,39
"886.4","1101836",0.99,NA,0,NA,0,0,38,0,38
"887.4","1101844",0.99,0.958333333333333,24,0.954545454545455,22,0.152451569348955,40,0.141201569348955,40
"888.4","1101847",0.99,0.975,40,0.973684210526316,38,0.570893099039859,40,0.537960406732167,40
"889.4","1101851",0.99,NA,0,NA,0,0,40,0,40
"890.4","1101874",0.99,1,17,1,17,0.126998473575331,40,0.126998473575331,40
"891.4","1102004",0.99,1,40,1,40,0.533244781242032,40,0.533244781242032,40
"892.4","1102194",0.99,0.9,40,0.941176470588235,34,0.432893037796205,40,0.378821259793506,40
"893.4","1102204",0.99,0.925,40,0.911764705882353,34,0.525033926164823,40,0.430523970785965,40
"894.4","1102205",0.99,1,24,1,24,0.0720687447863314,40,0.0720687447863314,40
"895.4","1102390",0.99,1,40,1,40,0.66615095807511,40,0.66615095807511,40
"896.4","1102418",0.99,1,40,1,40,0.415875761205057,40,0.415875761205057,40
"897.4","1102419",0.99,NA,0,NA,0,0,40,0,40
"898.4","1102437",0.99,1,40,1,40,0.434198914231809,40,0.434198914231809,40
"899.4","1102551",0.99,1,40,1,40,0.614842194710616,40,0.614842194710616,40
"900.4","1102592",0.99,NA,0,NA,0,0,40,0,40
"901.4","1102632",0.99,0.95,40,0.944444444444444,36,0.56458610391554,40,0.511285708658623,40
"902.4","1102634",0.99,0.9,40,0.941176470588235,34,0.550573757123212,40,0.490018201567656,40
"903.4","1102640",0.99,0.975,40,0.974358974358974,39,0.262142141294303,40,0.257142141294303,40
"904.4","1102675",0.99,0.974358974358974,39,0.972972972972973,37,0.381000338485405,40,0.360503444075468,40
"905.4","1103217",0.99,1,40,1,40,0.681052344106687,40,0.681052344106687,40
"906.4","1103237",0.99,1,40,1,40,0.820884492473299,40,0.820884492473299,40
"907.4","1104",0.99,0.9,40,0.875,32,0.219703639198511,40,0.17047683397942,40
"908.4","1104038",0.99,1,40,1,40,0.501354002476379,40,0.501354002476379,40
"909.4","1104179",0.99,NA,0,NA,0,0,35,0,35
"910.4","1104193",0.99,NA,0,NA,0,0,36,0,36
"911.4","1105663",0.99,1,40,1,40,0.621321455199109,40,0.621321455199109,40
"912.4","1107614",0.99,0.925,40,0.971428571428571,35,0.49956487956488,40,0.469019262391355,40
"913.4","1107615",0.99,0.95,40,0.944444444444444,36,0.714598853958297,40,0.643928865032494,40
"914.4","1107631",0.99,0.9,40,0.875,32,0.237515635555322,40,0.179133993043245,40
"915.4","1108",0.99,0.897435897435897,39,0.870967741935484,31,0.293867907227924,40,0.227969943875917,40
"916.4","1108201",0.99,1,40,1,40,0.479212729960036,40,0.479212729960036,40
"917.4","1109272",0.99,1,40,1,40,0.651585419411506,40,0.651585419411506,40
"918.4","1110396",0.99,NA,0,NA,0,0,28,0,28
"919.4","1110595",0.99,0.95,40,0.972222222222222,36,0.587689349522053,40,0.533204299688166,40
"920.4","1110622",0.99,0.975,40,0.973684210526316,38,0.748155735821307,40,0.716059776225347,40
"921.4","1110687",0.99,0.925,40,0.942857142857143,35,0.636022435353318,40,0.565308149639032,40
"922.4","1110693",0.99,0.875,40,0.84375,32,0.412623539935794,39,0.307731756092397,39
"923.4","1110732",0.99,NA,0,NA,0,0,39,0,39
"924.4","1110734",0.99,NA,0,NA,0,0,38,0,38
"925.4","1110739",0.99,1,1,1,1,0.00125,40,0.00125,40
"926.4","1110791",0.99,0.875,40,0.833333333333333,30,0.329735860495024,40,0.226562537051227,40
"927.4","1110795",0.99,0.975,40,0.973684210526316,38,0.510094535221583,40,0.485719535221584,40
"928.4","1110801",0.99,0.9,40,0.909090909090909,33,0.492795116220077,39,0.423852484777446,39
"929.4","1110819",0.99,0.975,40,0.973684210526316,38,0.68610482802697,40,0.649741191663334,40
"930.4","1110833",0.99,1,40,1,40,0.454443874068503,40,0.454443874068503,40
"931.4","1110838",0.99,0.95,40,0.944444444444444,36,0.605787426627188,40,0.529980975014285,40
"932.4","1110851",0.99,0.95,40,0.944444444444444,36,0.457152363960241,40,0.410422873938067,40
"933.4","1110862",0.99,0.975,40,0.973684210526316,38,0.702342659738985,40,0.66196319545327,40
"934.4","1110880",0.99,0.975,40,0.973684210526316,38,0.674216668194863,39,0.639251633229828,39
"935.4","1110914",0.99,0.9375,32,0.928571428571429,28,0.109492149953388,39,0.0926750369824292,39
"936.4","1110941",0.99,0.925,40,0.942857142857143,35,0.441833909436211,39,0.398345773640383,39
"937.4","1110963",0.99,0.975,40,0.973684210526316,38,0.572587581420231,40,0.543837581420231,40
"938.4","1110968",0.99,0.925,40,0.911764705882353,34,0.448729817139958,40,0.378380626856558,40
"939.4","1110976",0.99,1,36,1,36,0.189467498108556,40,0.189467498108556,40
"940.4","1113179",0.99,0.875,40,0.90625,32,0.428719127807048,40,0.34062439405728,40
"941.4","1114415",0.99,1,40,1,40,0.813859637242354,40,0.813859637242354,40
"942.4","1114514",0.99,0.975,40,0.973684210526316,38,0.505244591932695,40,0.47484025789464,40
"943.4","1114524",0.99,0.975,40,0.973684210526316,38,0.452302387414051,40,0.431284064651543,40
"944.4","1114530",0.99,0.952380952380952,21,0.947368421052632,19,0.1268661342322,40,0.112082852498454,40
"945.4","1114531",0.99,0.9,40,0.875,32,0.505700733186446,40,0.379415450928382,40
"946.4","1114542",0.99,0.95,40,0.944444444444444,36,0.496643042917498,39,0.439979634641187,39
"947.4","1114546",0.99,0.9,40,0.875,32,0.419953856936983,40,0.312399479142423,40
"948.4","1114633",0.99,0.888888888888889,18,0.866666666666667,15,0.0778311835987275,36,0.073578538096082,36
"949.4","1114638",0.99,0.95,40,0.972972972972973,37,0.533431097398037,39,0.508544219569982,39
"950.4","1114644",0.99,0.875,40,0.870967741935484,31,0.483105780236673,39,0.388558414519953,39
"951.4","1114663",0.99,0.925,40,0.911764705882353,34,0.571261283708028,40,0.474925745289272,40
"952.4","1114694",0.99,1,40,1,40,0.282699649906445,40,0.282699649906445,40
"953.4","1114709",0.99,0.95,40,0.972222222222222,36,0.526846560012195,40,0.491284682345054,40
"954.4","1114751",0.99,0.875,40,0.90625,32,0.471686846928055,40,0.405801430261389,40
"955.4","1114781",0.99,0.925,40,0.942857142857143,35,0.586009445685355,39,0.515411828648109,39
"956.4","1114809",0.99,0.925,40,0.916666666666667,36,0.283778167626811,40,0.243059828319762,40
"957.4","1114815",0.99,0.9,40,0.914285714285714,35,0.357182965573164,39,0.31424975630931,39
"958.4","1114852",0.99,NA,0,NA,0,0,39,0,39
"959.4","1114878",0.99,1,40,1,40,0.200829028491491,40,0.200829028491491,40
"960.4","1114903",0.99,0.9,40,0.875,32,0.280599105809052,40,0.227880590771458,40
"961.4","1115003",0.99,0.95,40,0.945945945945946,37,0.647320463439468,40,0.594892708063124,40
"962.4","1115012",0.99,0.975,40,0.973684210526316,38,0.304596710660675,40,0.288239567803533,40
"963.4","1115022",0.99,0.9,40,0.90625,32,0.43229348612152,39,0.34383821379528,39
"964.4","1115045",0.99,0.875,40,0.903225806451613,31,0.634547958100124,39,0.52032884388101,39
"965.4","1116190",0.99,0.975,40,0.973684210526316,38,0.396734237984238,40,0.378400904650905,40
"966.4","1116207",0.99,0.975,40,0.973684210526316,38,0.346040282710763,39,0.3307299891396,39
"967.4","1116308",0.99,0.947368421052632,38,0.941176470588235,34,0.30817954658266,39,0.270875804112037,39
"968.4","1116315",0.99,NA,0,NA,0,0,31,0,31
"969.4","1116505",0.99,0.9,40,0.939393939393939,33,0.677220439461628,40,0.572086429924418,40
"970.4","1116518",0.99,0.925,40,0.916666666666667,36,0.432314637047952,40,0.392314637047952,40
"971.4","1116744",0.99,0.975,40,0.973684210526316,38,0.357265548805618,40,0.342089963521337,40
"972.4","1116773",0.99,0.975,40,0.973684210526316,38,0.550588780382712,40,0.524702844613055,40
"973.4","1116801",0.99,1,40,1,40,0.537748681886644,40,0.537748681886644,40
"974.4","1116803",0.99,NA,0,NA,0,0,32,0,32
"975.4","1116836",0.99,0.974358974358974,39,0.972972972972973,37,0.283417102450781,40,0.268109615819765,40
"976.4","1116837",0.99,0.925,40,0.911764705882353,34,0.503248201952378,40,0.412547509835355,40
"977.4","1116854",0.99,1,40,1,40,0.490272637710116,40,0.490272637710116,40
"978.4","1116858",0.99,1,12,1,12,0.0239749756475763,40,0.0239749756475763,40
"979.4","1116859",0.99,1,15,1,15,0.0300712088304799,40,0.0300712088304799,40
"980.4","1116872",0.99,0.95,40,0.944444444444444,36,0.81892387355881,40,0.732221745899235,40
"981.4","1116895",0.99,1,40,1,40,0.640972131678958,40,0.640972131678958,40
"982.4","1116916",0.99,0.5,2,0.5,2,0.00183150183150183,39,0.00183150183150183,39
"983.4","1116919",0.99,NA,0,NA,0,NA,0,NA,0
"984.4","1116950",0.99,0.95,40,0.944444444444444,36,0.528772701499755,40,0.477983227815545,40
"985.4","1116965",0.99,1,40,1,40,0.554603314499936,40,0.554603314499936,40
"986.4","1116984",0.99,1,40,1,40,0.504393671966878,40,0.504393671966878,40
"987.4","1116999",0.99,0.975,40,0.973684210526316,38,0.49481289424893,40,0.467722639542396,40
"988.4","1117004",0.99,1,40,1,40,0.595828880839835,40,0.595828880839835,40
"989.4","1117008",0.99,0.9,40,0.875,32,0.547434479627109,40,0.426206124648754,40
"990.4","1117012",0.99,0.975,40,0.973684210526316,38,0.615863610444236,40,0.587454519535145,40
"991.4","1117130",0.99,1,40,1,40,0.551599357966617,40,0.551599357966617,40
"992.4","1117496",0.99,0.975,40,0.973684210526316,38,0.33283058772108,40,0.316644690285183,40
"993.4","1117499",0.99,0.95,40,0.944444444444444,36,0.516660477135273,40,0.461943957096172,40
"994.4","1117508",0.99,0.975,40,0.973684210526316,38,0.684877510515064,40,0.64793306607062,40
"995.4","1117517",0.99,0.9,40,0.939393939393939,33,0.522332419870622,40,0.449589656098446,40
"996.4","1117519",0.99,0.925,40,0.911764705882353,34,0.580581101943234,40,0.466463454884411,40
"997.4","1117528",0.99,1,40,1,40,0.327973365174834,40,0.327973365174834,40
"998.4","1117554",0.99,0.95,40,0.944444444444444,36,0.477667230741132,40,0.421280317512114,40
"999.4","1117555",0.99,0.95,40,0.944444444444444,36,0.40583614196603,39,0.352465901095789,39
"1000.4","1117559",0.99,0.947368421052632,38,0.941176470588235,34,0.256375997109101,38,0.228155192572507,38
"1001.4","1117578",0.99,0.925,40,0.942857142857143,35,0.561939182258655,40,0.496234054053527,40
"1002.4","1117579",0.99,0.975,40,0.973684210526316,38,0.429300364202667,40,0.389925364202667,40
"1003.4","1117595",0.99,NA,0,NA,0,0,40,0,40
"1004.4","1117598",0.99,0.925,40,0.972222222222222,36,0.400203829599967,40,0.376302730698868,40
"1005.4","1117622",0.99,0.948717948717949,39,0.942857142857143,35,0.296390032590907,40,0.270063706264581,40
"1006.4","1117625",0.99,1,40,1,40,0.545490923361522,40,0.545490923361522,40
"1007.4","1117631",0.99,0.9,40,0.909090909090909,33,0.466771275706711,39,0.380237547996513,39
"1008.4","1117717",0.99,0.95,40,0.944444444444444,36,0.514903500849095,40,0.462369039696213,40
"1009.4","1117730",0.99,0.975,40,0.973684210526316,38,0.493962664467148,40,0.474030232034716,40
"1010.4","1117731",0.99,0.975,40,0.973684210526316,38,0.630445044378316,40,0.588222822156093,40
"1011.4","1118516",0.99,0.95,40,0.944444444444444,36,0.633270791680344,40,0.564804094178031,40
"1012.4","1120509",0.99,0.925,40,0.916666666666667,36,0.527780472232555,40,0.46762950604898,40
"1013.4","1120515",0.99,1,40,1,40,0.578872385877332,40,0.578872385877332,40
"1014.4","1120538",0.99,0.875,40,0.875,32,0.766966023497411,40,0.61748973152821,40
"1015.4","1120587",0.99,0.875,8,0.833333333333333,6,0.0257750231434442,38,0.02055363634311,38
"1016.4","1120618",0.99,0.975,40,0.973684210526316,38,0.367758107318991,40,0.346827874760852,40
"1017.4","1120647",0.99,0.95,40,0.944444444444444,36,0.249784499126604,38,0.227384749753171,38
"1018.4","1124",0.99,0.947368421052632,38,0.971428571428571,35,0.295052116251652,40,0.271837830537366,40
"1019.4","1124098",0.99,1,18,1,18,0.164369047619048,40,0.164369047619048,40
"1020.4","1124104",0.99,0.975,40,0.973684210526316,38,0.341178886566818,39,0.314592509980441,39
"1021.4","1124135",0.99,1,40,1,40,0.432770837855707,40,0.432770837855707,40
"1022.4","1124219",0.99,0.8,40,0.814814814814815,27,0.426543562634267,40,0.288096357665323,40
"1023.4","1124242",0.99,1,40,1,40,0.653351890529976,40,0.653351890529976,40
"1024.4","1124251",0.99,0.95,40,0.944444444444444,36,0.561936607662368,40,0.499729400455161,40
"1025.4","1124252",0.99,1,40,1,40,0.585023791838898,40,0.585023791838898,40
"1026.4","1124254",0.99,0.975,40,0.973684210526316,38,0.533789939911739,40,0.508789939911738,40
"1027.4","1124255",0.99,0.925,40,0.911764705882353,34,0.608259998651377,40,0.513536479119292,40
"1028.4","1124943",0.99,0.825,40,0.931034482758621,29,0.456355000937455,40,0.38427327635573,40
"1029.4","1124973",0.99,1,40,1,40,0.40347174681477,40,0.40347174681477,40
"1030.4","1125103",0.99,1,40,1,40,0.721392022285448,40,0.721392022285448,40
"1031.4","1125224",0.99,0.975,40,0.973684210526316,38,0.200807082443174,39,0.19278123295391,39
"1032.4","1125234",0.99,0.95,40,0.944444444444444,36,0.548006670085734,40,0.494173256931201,40
"1033.4","1125278",0.99,1,40,1,40,0.651602478980778,40,0.651602478980778,40
"1034.4","1125300",0.99,0.925,40,0.911764705882353,34,0.368891057506851,39,0.304159032023468,39
"1035.4","1125331",0.99,0.85,40,0.833333333333333,30,0.299828612362731,39,0.231838537921044,39
"1036.4","1125337",0.99,0.825,40,0.851851851851852,27,0.340932718803721,40,0.238311681540095,40
"1037.4","1125342",0.99,0.95,40,0.944444444444444,36,0.426968235057953,40,0.381939825967044,40
"1038.4","1125367",0.99,0.925,40,0.911764705882353,34,0.579316756078388,40,0.485211065021477,40
"1039.4","1125369",0.99,0.95,40,0.944444444444444,36,0.421802703043526,40,0.382443728684552,40
"1040.4","1125370",0.99,0.975,40,0.973684210526316,38,0.538116650211483,40,0.515889086108919,40
"1041.4","1125499",0.99,0.95,40,0.945945945945946,37,0.497418450456597,40,0.462702541365688,40
"1042.4","1125601",0.99,0.975,40,0.973684210526316,38,0.296541600841494,39,0.283680998862693,39
"1043.4","1125607",0.99,0.975,40,0.973684210526316,38,0.337413118442342,39,0.323029128448596,39
"1044.4","1125612",0.99,1,34,1,34,0.113875541022349,40,0.113875541022349,40
"1045.4","1125619",0.99,0.972972972972973,37,0.971428571428571,35,0.142174533816498,40,0.133702311594276,40
"1046.4","1125625",0.99,1,31,1,31,0.108014627173356,40,0.108014627173356,40
"1047.4","1125631",0.99,0.974358974358974,39,0.972972972972973,37,0.272225204610185,40,0.253058537943518,40
"1048.4","1125637",0.99,0.973684210526316,38,0.972222222222222,36,0.234488644393002,40,0.218893406297764,40
"1049.4","1125649",0.99,1,40,1,40,0.61350738450225,40,0.61350738450225,40
"1050.4","1125650",0.99,1,40,1,40,0.549523486940946,40,0.549523486940946,40
"1051.4","1125698",0.99,0.95,40,0.944444444444444,36,0.567593005179551,40,0.514659150272012,40
"1052.4","1126",0.99,0.975,40,0.973684210526316,38,0.381197011561348,40,0.348684696290412,40
"1053.4","1126052",0.99,0.925,40,0.911764705882353,34,0.503494701424996,40,0.407175256980551,40
"1054.4","1126206",0.99,0.9,40,0.90625,32,0.508035297883696,40,0.406652264652837,40
"1055.4","1126310",0.99,1,18,1,18,0.0882123015873016,40,0.0882123015873016,40
"1056.4","1127250",0.99,0.947368421052632,19,0.941176470588235,17,0.118716696019328,40,0.0920719591772223,40
"1057.4","1127254",0.99,0.952380952380952,21,0.947368421052632,19,0.0943288759843489,40,0.0592411566861033,40
"1058.4","1127273",0.99,0.925,40,0.911764705882353,34,0.213461501776066,38,0.159728908260191,38
"1059.4","1127309",0.99,0.9,40,0.909090909090909,33,0.342743728860579,39,0.294059655408704,39
"1060.4","1127323",0.99,0.875,40,0.870967741935484,31,0.294023094801359,38,0.239423360170665,38
"1061.4","1127386",0.99,0.95,40,0.944444444444444,36,0.46909111933395,40,0.424687789084181,40
"1062.4","1133065",0.99,0.95,40,0.944444444444444,36,0.699195462437085,40,0.629342521260614,40
"1063.4","1139",0.99,0.95,40,0.944444444444444,36,0.322949847181259,40,0.291669640369975,40
"1064.4","1142",0.99,0.95,40,0.944444444444444,36,0.338904733593654,40,0.294650347628741,40
"1065.4","1148",0.99,NA,0,NA,0,0,38,0,38
"1066.4","1154",0.99,0.925,40,0.914285714285714,35,0.56841198478239,40,0.478358457228862,40
"1067.4","1160",0.99,NA,0,NA,0,0,38,0,38
"1068.4","1173",0.99,0.975,40,0.975,40,0.251577380952381,40,0.251577380952381,40
"1069.4","1174",0.99,0.95,40,0.944444444444444,36,0.20077630241517,40,0.186707893071455,40
"1070.4","1182",0.99,0.923076923076923,39,0.909090909090909,33,0.325263800793254,40,0.260904481796838,40
"1071.4","1196",0.99,0.894736842105263,19,0.9375,16,0.106921090060803,34,0.102943568531099,34
"1072.4","122004",0.99,0.975,40,0.973684210526316,38,0.550726329417353,39,0.519036651573829,39
"1073.4","1220656",0.99,0.925,40,0.911764705882353,34,0.545843555044538,40,0.458040192471439,40
"1074.4","1220677",0.99,0.975,40,0.973684210526316,38,0.377671609756078,40,0.362135895470364,40
"1075.4","1220682",0.99,0.925,40,0.942857142857143,35,0.270200919129079,40,0.232913987310897,40
"1076.4","1220691",0.99,0.95,40,0.944444444444444,36,0.385262039180329,39,0.341529845448135,39
"1077.4","1220720",0.99,1,2,1,2,0.0114382239382239,40,0.0114382239382239,40
"1078.4","1220723",0.99,1,38,1,38,0.121158921624707,40,0.121158921624707,40
"1079.4","1220726",0.99,0.875,40,0.90625,32,0.342685714803957,40,0.284515780163434,40
"1080.4","1220728",0.99,0.875,40,0.870967741935484,31,0.498960076483507,40,0.388727790653395,40
"1081.4","1220729",0.99,1,40,1,40,0.35253507477935,40,0.35253507477935,40
"1082.4","1220734",0.99,1,40,1,40,0.183269967656286,40,0.183269967656286,40
"1083.4","1220748",0.99,0.9,40,0.875,32,0.482688466481161,39,0.379170307080649,39
"1084.4","1220779",0.99,0.871794871794872,39,0.935483870967742,31,0.260885978152079,40,0.229659079346579,40
"1085.4","1220797",0.99,0.925,40,0.942857142857143,35,0.357998406269042,40,0.326788088808725,40
"1086.4","1220803",0.99,0.9,40,0.90625,32,0.2544117371411,40,0.209835911315275,40
"1087.4","1220814",0.99,0.95,40,0.944444444444444,36,0.302144341320271,40,0.274492826168756,40
"1088.4","1220815",0.99,0.875,40,0.903225806451613,31,0.270462262559755,40,0.228155714940707,40
"1089.4","1220816",0.99,0.925,40,0.942857142857143,35,0.366379869798987,40,0.330873015542133,40
"1090.4","1220855",0.99,0.925,40,0.942857142857143,35,0.258503094485307,39,0.232926107369858,39
"1091.4","1220866",0.99,0.95,40,0.972972972972973,37,0.303908603772633,38,0.291481703187837,38
"1092.4","1220872",0.99,0.9,40,0.911764705882353,34,0.297917555312598,40,0.265614047888123,40
"1093.4","1220893",0.99,NA,0,NA,0,0,39,0,39
"1094.4","1220921",0.99,0.975,40,0.973684210526316,38,0.219303005817712,40,0.210870466135172,40
"1095.4","1220934",0.99,0.85,40,0.866666666666667,30,0.321438539020014,40,0.244315974084949,40
"1096.4","1220945",0.99,0.769230769230769,13,0.75,8,0.0429540515491472,39,0.0153515970236157,39
"1097.4","1220949",0.99,0.875,40,0.833333333333333,30,0.266613459959732,40,0.182466958050072,40
"1098.4","1220957",0.99,0.975,40,0.973684210526316,38,0.50595814865505,40,0.483723704908979,40
"1099.4","1220969",0.99,0.975,40,0.973684210526316,38,0.466857654998635,40,0.444381693460174,40
"1100.4","1220974",0.99,0.95,40,0.945945945945946,37,0.417065020900285,40,0.393001025684974,40
"1101.4","1221030",0.99,0.975,40,0.973684210526316,38,0.416060714078764,40,0.395240007008057,40
"1102.4","1221031",0.99,0.941176470588235,34,0.967741935483871,31,0.0693149179387451,40,0.0668423904662177,40
"1103.4","1221075",0.99,1,4,1,4,0.00297619047619048,40,0.00297619047619048,40
"1104.4","1221094",0.99,0.9,40,0.875,32,0.318362552022481,40,0.236380679728108,40
"1105.4","1221096",0.99,0.9,40,0.909090909090909,33,0.360336728609011,39,0.290357796865373,39
"1106.4","1221122",0.99,0.95,40,0.947368421052632,38,0.455417410482051,40,0.433816533289068,40
"1107.4","1221179",0.99,0.925,40,0.911764705882353,34,0.160313805446606,39,0.135390831654854,39
"1108.4","1221181",0.99,1,31,1,31,0.242679421844144,40,0.242679421844144,40
"1109.4","1221183",0.99,NA,0,NA,0,0,39,0,39
"1110.4","1221189",0.99,0.95,40,0.944444444444444,36,0.401183067303772,40,0.342134456192661,40
"1111.4","1221190",0.99,0.95,40,0.944444444444444,36,0.290619969100947,40,0.270084254815233,40
"1112.4","1221191",0.99,1,16,1,16,0.0756166513771003,40,0.0756166513771003,40
"1113.4","1221198",0.99,0.925,40,0.972222222222222,36,0.304393200714233,39,0.262768159089192,39
"1114.4","1221201",0.99,NA,0,NA,0,0,39,0,39
"1115.4","1221208",0.99,1,40,1,40,0.295856863778035,40,0.295856863778035,40
"1116.4","1221210",0.99,0.925,40,0.911764705882353,34,0.236512735103126,40,0.207578702119618,40
"1117.4","1221211",0.99,0.875,40,0.866666666666667,30,0.309268675313895,40,0.232582148924683,40
"1118.4","1221214",0.99,0.925,40,0.911764705882353,34,0.459412335687088,40,0.383048212417477,40
"1119.4","1221216",0.99,1,10,1,10,0.0349094320248166,39,0.0349094320248166,39
"1120.4","1221251",0.99,0.975,40,0.973684210526316,38,0.403987924051735,40,0.373955456519268,40
"1121.4","1221268",0.99,1,2,1,2,0.0264705882352941,40,0.0264705882352941,40
"1122.4","1221272",0.99,0.925,40,0.914285714285714,35,0.26441224756403,39,0.227006516040651,39
"1123.4","1221276",0.99,0.95,40,0.972222222222222,36,0.292464253746565,40,0.261266547943596,40
"1124.4","1221277",0.99,0.925,40,0.972222222222222,36,0.499345311826458,40,0.466332491313637,40
"1125.4","1221309",0.99,0.875,40,0.866666666666667,30,0.471341404210319,40,0.33952627489519,40
"1126.4","1221310",0.99,0.921052631578947,38,0.9375,32,0.258164145540627,40,0.225118629403647,40
"1127.4","1221340",0.99,0.975,40,0.973684210526316,38,0.379060932341011,40,0.36028528254621,40
"1128.4","1221347",0.99,0.875,40,0.903225806451613,31,0.369580479858791,40,0.310216033389081,40
"1129.4","1221349",0.99,0.95,40,0.972222222222222,36,0.456276867166596,40,0.417339888713489,40
"1130.4","1221424",0.99,0.894736842105263,38,0.903225806451613,31,0.235160085142066,40,0.199286179627899,40
"1131.4","1221434",0.99,0.95,40,0.944444444444444,36,0.309595968079908,40,0.288423782100253,40
"1132.4","1221448",0.99,0.95,40,0.944444444444444,36,0.249643079633255,40,0.226782629897805,40
"1133.4","1221449",0.99,0.9,40,0.911764705882353,34,0.367236063145941,38,0.314700312003379,38
"1134.4","1221457",0.99,0.95,40,0.944444444444444,36,0.341608066714631,39,0.316034874474772,39
"1135.4","1221481",0.99,0.925,40,0.911764705882353,34,0.115503375471236,38,0.101813401874142,38
"1136.4","1221533",0.99,0.925,40,0.942857142857143,35,0.551369865420371,40,0.487210066885573,40
"1137.4","1221537",0.99,0.925,40,0.914285714285714,35,0.176093115644077,39,0.150440312477043,39
"1138.4","1221555",0.99,0.975,40,0.973684210526316,38,0.183509557300452,40,0.172520546311441,40
"1139.4","1221571",0.99,0.9,40,0.909090909090909,33,0.557979511978939,40,0.458316138743679,40
"1140.4","1221576",0.99,0.925,40,0.942857142857143,35,0.272363357514787,40,0.242533407947995,40
"1141.4","1221588",0.99,0.85,40,0.896551724137931,29,0.277212775982333,40,0.209481683545359,40
"1142.4","1221592",0.99,0.925,40,0.911764705882353,34,0.409108528265762,40,0.343984136403754,40
"1143.4","1221602",0.99,0.975,40,0.973684210526316,38,0.537658970328278,40,0.507716159870762,40
"1144.4","1221608",0.99,0.975,40,0.973684210526316,38,0.243927392787769,40,0.222781559454435,40
"1145.4","1221612",0.99,0.925,40,0.971428571428571,35,0.33863947205773,40,0.313195174975502,40
"1146.4","1221629",0.99,NA,0,NA,0,0,39,0,39
"1147.4","1221633",0.99,0.975,40,0.973684210526316,38,0.378223956734986,40,0.359705438216468,40
"1148.4","1221642",0.99,0.973684210526316,38,0.972222222222222,36,0.194743728736216,40,0.184690818683306,40
"1149.4","1221644",0.99,0.925,40,0.911764705882353,34,0.239856749476108,40,0.197961324639507,40
"1150.4","1221651",0.99,0.9,40,0.90625,32,0.406562597375216,40,0.321782212885154,40
"1151.4","1221653",0.99,1,18,1,18,0.123154761904762,40,0.123154761904762,40
"1152.4","1221662",0.99,0.871794871794872,39,0.896551724137931,29,0.263599569447249,40,0.224290477123451,40
"1153.4","1221717",0.99,1,21,1,21,0.111056837803466,40,0.111056837803466,40
"1154.4","1221723",0.99,0.9,40,0.90625,32,0.390756749376504,40,0.319644709471624,40
"1155.4","1221744",0.99,NA,0,NA,0,0,38,0,38
"1156.4","1221785",0.99,0.925,40,0.941176470588235,34,0.549716034399873,40,0.461021291269647,40
"1157.4","1221803",0.99,0.975,40,0.973684210526316,38,0.414707639505133,40,0.38809945237063,40
"1158.4","1221813",0.99,0.875,40,0.866666666666667,30,0.412426807492597,40,0.295761052668947,40
"1159.4","1221829",0.99,0.925,40,0.941176470588235,34,0.271826860311295,39,0.235447354928239,39
"1160.4","1221877",0.99,NA,0,NA,0,0,9,0,9
"1161.4","1221878",0.99,NA,0,NA,0,0,3,0,3
"1162.4","1221880",0.99,NA,0,NA,0,0,38,0,38
"1163.4","1221882",0.99,1,40,1,40,0.731167439560132,40,0.731167439560132,40
"1164.4","1221921",0.99,0.975,40,0.973684210526316,38,0.652291729548557,40,0.6151488724057,40
"1165.4","1221940",0.99,0.875,40,0.90625,32,0.486107707665824,39,0.399526138579184,39
"1166.4","1221979",0.99,0.885714285714286,35,0.851851851851852,27,0.310982090946544,38,0.231870899420492,38
"1167.4","1222",0.99,0.82051282051282,39,0.862068965517241,29,0.362912537451049,39,0.292192417268563,39
"1168.4","1222032",0.99,1,14,1,14,0.0539662276910462,40,0.0539662276910462,40
"1169.4","1222039",0.99,1,40,1,40,0.359673934289471,40,0.359673934289471,40
"1170.4","1222081",0.99,1,40,1,40,0.386132961578671,40,0.386132961578671,40
"1171.4","1222096",0.99,0.875,40,0.90625,32,0.52968833462718,40,0.421236224933786,40
"1172.4","1222113",0.99,0.875,40,0.9,30,0.480943510151442,40,0.359040100125439,40
"1173.4","1222118",0.99,NA,0,NA,0,0,36,0,36
"1174.4","1222167",0.99,1,40,1,40,0.636442583446447,40,0.636442583446447,40
"1175.4","1222187",0.99,1,24,1,24,0.0994662350159594,40,0.0994662350159594,40
"1176.4","1222216",0.99,0.975,40,0.973684210526316,38,0.365524466358131,40,0.341294668378333,40
"1177.4","1222234",0.99,0.975,40,0.973684210526316,38,0.468766345285772,40,0.446607254376682,40
"1178.4","1222235",0.99,1,40,1,40,0.590032938964154,40,0.590032938964154,40
"1179.4","1222238",0.99,1,40,1,40,0.718663029617276,40,0.718663029617276,40
"1180.4","1222274",0.99,1,40,1,40,0.774845013671513,40,0.774845013671513,40
"1181.4","1222282",0.99,0.95,40,0.944444444444444,36,0.789615310708618,40,0.705761842262126,40
"1182.4","1222307",0.99,0.95,40,0.944444444444444,36,0.386882200007433,39,0.337431650556883,39
"1183.4","1222319",0.99,0.975,40,0.973684210526316,38,0.332724489688988,39,0.31516085674074,39
"1184.4","1222374",0.99,1,39,1,39,0.260914747209378,40,0.260914747209378,40
"1185.4","1222385",0.99,NA,0,NA,0,0,34,0,34
"1186.4","1222396",0.99,1,27,1,27,0.113808934506878,39,0.113808934506878,39
"1187.4","1222407",0.99,NA,0,NA,0,0,39,0,39
"1188.4","1222409",0.99,1,38,1,38,0.269377739260311,40,0.269377739260311,40
"1189.4","1222422",0.99,1,36,1,36,0.310651501428826,40,0.310651501428826,40
"1190.4","1222444",0.99,0.96875,32,0.966666666666667,30,0.141500099684641,38,0.135291396107517,38
"1191.4","1222449",0.99,0.967741935483871,31,0.967741935483871,31,0.148163327421487,38,0.148163327421487,38
"1192.4","1222453",0.99,1,40,1,40,0.327242496586791,40,0.327242496586791,40
"1193.4","1222478",0.99,1,40,1,40,0.488190703053886,40,0.488190703053886,40
"1194.4","1222482",0.99,0.975,40,0.975,40,0.344153632142836,39,0.344153632142836,39
"1195.4","1222491",0.99,0.975,40,0.973684210526316,38,0.344334840388291,40,0.327857567661018,40
"1196.4","1222529",0.99,0.925,40,0.911764705882353,34,0.38189503732982,40,0.325469916556873,40
"1197.4","1222537",0.99,0.975,40,0.973684210526316,38,0.299373014660079,40,0.279046927703557,40
"1198.4","1222575",0.99,NA,0,NA,0,0,37,0,37
"1199.4","1222578",0.99,1,33,1,33,0.186042379189438,40,0.186042379189438,40
"1200.4","1222690",0.99,0.975,40,0.973684210526316,38,0.388054537207255,39,0.373652746714383,39
"1201.4","1222728",0.99,1,7,1,7,0.0119829592743585,40,0.0119829592743585,40
"1202.4","1223671",0.99,NA,0,NA,0,NA,0,NA,0
"1203.4","1225260",0.99,0.95,40,0.944444444444444,36,0.481061167852047,40,0.425680188986641,40
"1204.4","1225278",0.99,0.925,40,0.941176470588235,34,0.494218690864445,40,0.436056575761806,40
"1205.4","1225286",0.99,0.95,40,0.972222222222222,36,0.513186465835137,39,0.469487028018052,39
"1206.4","1225291",0.99,0.925,40,0.911764705882353,34,0.378844351008805,40,0.317595097723261,40
"1207.4","1225307",0.99,0.925,40,0.916666666666667,36,0.364866550884672,39,0.31281064882877,39
"1208.4","1225317",0.99,0.975,40,0.973684210526316,38,0.375882566366043,40,0.356696519854415,40
"1209.4","1225319",0.99,0.975,40,0.973684210526316,38,0.343312448117587,40,0.324707796954796,40
"1210.4","1225352",0.99,0.95,40,0.972222222222222,36,0.685094995258426,40,0.633604933535066,40
"1211.4","1225370",0.99,0.875,40,0.870967741935484,31,0.294194920005842,40,0.233682024635084,40
"1212.4","1225372",0.99,0.925,40,0.911764705882353,34,0.388898082166279,39,0.325596800114997,39
"1213.4","1225375",0.99,0.875,40,0.833333333333333,30,0.431780509082233,40,0.302424448476173,40
"1214.4","1225410",0.99,0.95,40,0.944444444444444,36,0.385630947722316,39,0.345292033978149,39
"1215.4","1225452",0.99,0.9,40,0.909090909090909,33,0.287875345181435,37,0.235566184416392,37
"1216.4","1225488",0.99,0.95,40,0.947368421052632,38,0.57238836244271,40,0.535975318964449,40
"1217.4","1227075",0.99,1,40,1,40,0.571290266904999,40,0.571290266904999,40
"1218.4","1227082",0.99,0.975,40,0.973684210526316,38,0.277125657387604,39,0.266392204793686,39
"1219.4","1227094",0.99,0.95,40,0.945945945945946,37,0.614332308407102,40,0.567930793255587,40
"1220.4","1227122",0.99,0.95,40,0.944444444444444,36,0.652259436484652,40,0.574313308538524,40
"1221.4","1227126",0.99,0.9,40,0.909090909090909,33,0.577618202414985,39,0.490618396665179,39
"1222.4","1227154",0.99,0.975,40,0.973684210526316,38,0.66839219715855,40,0.639510618211182,40
"1223.4","1227176",0.99,1,23,1,23,0.0876198606732533,40,0.0876198606732533,40
"1224.4","1227179",0.99,1,40,1,40,0.566551982255128,40,0.566551982255128,40
"1225.4","1227188",0.99,0.925,40,0.911764705882353,34,0.405593583167932,39,0.341113618687967,39
"1226.4","1227207",0.99,1,40,1,40,0.54475248711705,40,0.54475248711705,40
"1227.4","1227231",0.99,NA,0,NA,0,0,39,0,39
"1228.4","1227237",0.99,NA,0,NA,0,0,40,0,40
"1229.4","1227269",0.99,1,40,1,40,0.490351668739383,40,0.490351668739383,40
"1230.4","1227280",0.99,1,40,1,40,0.802433410638828,40,0.802433410638828,40
"1231.4","1227284",0.99,0.975,40,0.973684210526316,38,0.27937627033932,40,0.265244496940305,40
"1232.4","1227293",0.99,0.975,40,0.973684210526316,38,0.503084068499976,40,0.481575971333984,40
"1233.4","1227297",0.99,0.975,40,0.973684210526316,38,0.489852926901226,40,0.468890089063388,40
"1234.4","1227308",0.99,1,40,1,40,0.512161465860543,40,0.512161465860543,40
"1235.4","1227322",0.99,1,40,1,40,0.918906105457909,40,0.918906105457909,40
"1236.4","1227329",0.99,0.95,40,0.944444444444444,36,0.607781064217264,40,0.541324716105203,40
"1237.4","1227338",0.99,0.975,40,0.973684210526316,38,0.557121613054519,40,0.533788279721186,40
"1238.4","1227366",0.99,0.95,40,0.944444444444444,36,0.374865920415489,40,0.322557092292707,40
"1239.4","1227379",0.99,0.875,40,0.875,32,0.686707982091561,40,0.551744937006565,40
"1240.4","1227443",0.99,0.975,40,0.974358974358974,39,0.600313633816758,40,0.591103107500969,40
"1241.4","1227445",0.99,0.975,40,0.973684210526316,38,0.529823347268884,40,0.502191768321516,40
"1242.4","1227451",0.99,0.975,40,0.973684210526316,38,0.598865617392601,40,0.572079903106887,40
"1243.4","1227453",0.99,1,40,1,40,0.541498857290233,40,0.541498857290233,40
"1244.4","1227480",0.99,NA,0,NA,0,NA,0,NA,0
"1245.4","1227487",0.99,NA,0,NA,0,0,33,0,33
"1246.4","1227509",0.99,1,10,1,10,0.0606445596564174,33,0.0606445596564174,33
"1247.4","1227542",0.99,0.95,40,0.973684210526316,38,0.332448938711641,40,0.323238412395851,40
"1248.4","1227554",0.99,0.975,40,0.973684210526316,38,0.767435522063888,40,0.734582957961324,40
"1249.4","1227904",0.99,1,40,1,40,0.506572577049541,40,0.506572577049541,40
"1250.4","1227906",0.99,1,40,1,40,0.779359797310043,40,0.779359797310043,40
"1251.4","1227907",0.99,1,40,1,40,0.579856997699296,40,0.579856997699296,40
"1252.4","1227994",0.99,1,40,1,40,0.670172006377648,40,0.670172006377648,40
"1253.4","1228000",0.99,1,40,1,40,0.690266629532872,40,0.690266629532872,40
"1254.4","1228324",0.99,1,40,1,40,0.644294999321541,40,0.644294999321541,40
"1255.4","1228547",0.99,1,40,1,40,0.722256564042548,40,0.722256564042548,40
"1256.4","1228557",0.99,0.975,40,0.973684210526316,38,0.280696706441068,40,0.267197490140127,40
"1257.4","1228568",0.99,NA,0,NA,0,0,40,0,40
"1258.4","1228577",0.99,0.975,40,0.973684210526316,38,0.31428579967808,40,0.288571513963795,40
"1259.4","1228588",0.99,NA,0,NA,0,0,31,0,31
"1260.4","1228601",0.99,0.9,40,0.911764705882353,34,0.495470954851343,40,0.428953999584388,40
"1261.4","1228605",0.99,0.975,40,0.973684210526316,38,0.202616230599906,40,0.197067450112101,40
"1262.4","1228641",0.99,1,40,1,40,0.46471686133752,40,0.46471686133752,40
"1263.4","1228654",0.99,0.925,40,0.941176470588235,34,0.780163746330194,40,0.671326245601628,40
"1264.4","1228656",0.99,1,40,1,40,0.371795182733869,40,0.371795182733869,40
"1265.4","1228657",0.99,NA,0,NA,0,0,32,0,32
"1266.4","1228766",0.99,0.95,40,0.947368421052632,38,0.435038708596784,39,0.412559272324245,39
"1267.4","1228773",0.99,0.973684210526316,38,0.972222222222222,36,0.217731431088305,40,0.205826669183543,40
"1268.4","1228795",0.99,NA,0,NA,0,0,38,0,38
"1269.4","1228797",0.99,0.9,40,0.909090909090909,33,0.468580832789118,40,0.400661157714271,40
"1270.4","1228846",0.99,1,40,1,40,0.240497927234609,40,0.240497927234609,40
"1271.4","1228851",0.99,0.925,40,0.911764705882353,34,0.317246690896537,40,0.258576657226504,40
"1272.4","1228865",0.99,0.9,40,0.90625,32,0.201469831436833,40,0.151938297782315,40
"1273.4","1228899",0.99,0.814814814814815,27,0.894736842105263,19,0.218680343546514,35,0.157013676879848,35
"1274.4","1228900",0.99,0.95,40,0.944444444444444,36,0.430271733458955,40,0.38254102577759,40
"1275.4","1228904",0.99,0.9,40,0.90625,32,0.307675651667654,40,0.239029512860225,40
"1276.4","1228916",0.99,0.9,40,0.875,32,0.356756081468204,40,0.269585494031338,40
"1277.4","1228922",0.99,0.9,40,0.909090909090909,33,0.319068164741242,39,0.271753171305559,39
"1278.4","1228947",0.99,0.9,40,0.875,32,0.280948964156463,39,0.205376402186843,39
"1279.4","1228949",0.99,1,2,1,2,0.00253378378378378,37,0.00253378378378378,37
"1280.4","1228950",0.99,0.931034482758621,29,0.961538461538462,26,0.116942049012753,34,0.107750872542165,34
"1281.4","1228958",0.99,0.85,40,0.9,30,0.467274095333306,40,0.367806915602968,40
"1282.4","1228979",0.99,NA,0,NA,0,0,16,0,16
"1283.4","1229001",0.99,0.925,40,0.941176470588235,34,0.374854119735144,40,0.298101982983007,40
"1284.4","1229004",0.99,0.875,40,0.838709677419355,31,0.294742887099037,40,0.230316763827147,40
"1285.4","1229009",0.99,0.864864864864865,37,0.896551724137931,29,0.158710527305185,39,0.128833334498562,39
"1286.4","1229029",0.99,0.9,40,0.875,32,0.462700054812107,40,0.356140206016267,40
"1287.4","1229034",0.99,0.975,40,0.973684210526316,38,0.237072088704811,40,0.227169491302213,40
"1288.4","1229044",0.99,0.95,40,0.944444444444444,36,0.393286238205374,40,0.365399697604706,40
"1289.4","1229053",0.99,0.916666666666667,24,0.9,20,0.0831615540581086,38,0.0742507353446583,38
"1290.4","1229054",0.99,NA,0,NA,0,NA,0,NA,0
"1291.4","1229056",0.99,0.95,40,0.944444444444444,36,0.444724166095312,40,0.405926089172235,40
"1292.4","1229071",0.99,0.975,40,0.973684210526316,38,0.435642575155099,40,0.420166384678908,40
"1293.4","1229073",0.99,0.925,40,0.911764705882353,34,0.198126010353924,39,0.167792640771061,39
"1294.4","1229074",0.99,1,40,1,40,0.420152596455682,40,0.420152596455682,40
"1295.4","1229080",0.99,0.975,40,0.973684210526316,38,0.524071341445084,40,0.496947789321532,40
"1296.4","1229143",0.99,0.925,40,0.941176470588235,34,0.330432486819345,40,0.288458055001163,40
"1297.4","1229180",0.99,0.894736842105263,38,0.903225806451613,31,0.174102929713128,38,0.154679370815885,38
"1298.4","1229182",0.99,1,17,1,17,0.0402849672277433,40,0.0402849672277433,40
"1299.4","1229197",0.99,0.9,40,0.875,32,0.242390150616901,39,0.176425926932089,39
"1300.4","1229205",0.99,0.962962962962963,27,0.96,25,0.0714341841457813,39,0.0674894109702389,39
"1301.4","1229206",0.99,0.95,40,0.944444444444444,36,0.246376991910196,40,0.217881562205693,40
"1302.4","1229210",0.99,0.948717948717949,39,0.942857142857143,35,0.147502442712302,39,0.13618110276193,39
"1303.4","1229216",0.99,0.925,40,0.911764705882353,34,0.182689253058509,38,0.150047938819565,38
"1304.4","1229217",0.99,0.805555555555556,36,0.846153846153846,26,0.423698127422815,37,0.344776558795364,37
"1305.4","1229222",0.99,0.911764705882353,34,0.96551724137931,29,0.21875756266434,40,0.196787865694643,40
"1306.4","1229226",0.99,0.857142857142857,21,0.8,15,0.0818929028487852,39,0.0666928251487075,39
"1307.4","1229267",0.99,NA,0,NA,0,0,31,0,31
"1308.4","1229273",0.99,NA,0,NA,0,0,36,0,36
"1309.4","1229282",0.99,0.975,40,0.973684210526316,38,0.413199079083986,40,0.391315789959318,40
"1310.4","1229288",0.99,1,3,1,3,0.00531348992887454,39,0.00531348992887454,39
"1311.4","1229306",0.99,0.875,40,0.870967741935484,31,0.334903482483991,40,0.265101114927657,40
"1312.4","1229308",0.99,0.923076923076923,39,0.909090909090909,33,0.260946181122428,38,0.228826951903242,38
"1313.4","1229329",0.99,0.975,40,0.973684210526316,38,0.412308683977041,40,0.395116491784849,40
"1314.4","1229335",0.99,0.941176470588235,34,0.933333333333333,30,0.185268389244104,39,0.158450601556751,39
"1315.4","1229357",0.99,0.9,40,0.875,32,0.222931642546734,37,0.190350553917258,37
"1316.4","1229363",0.99,0.85,40,0.827586206896552,29,0.320791636928282,39,0.212733182788964,39
"1317.4","1229365",0.99,0.925,40,0.941176470588235,34,0.440102804079474,39,0.396393742494931,39
"1318.4","1229368",0.99,0.975,40,0.973684210526316,38,0.571834151915015,40,0.539446933869902,40
"1319.4","1229374",0.99,0.875,40,0.833333333333333,30,0.312961197988478,40,0.226137252249385,40
"1320.4","1229397",0.99,1,15,1,15,0.0703725587533684,40,0.0703725587533684,40
"1321.4","1229402",0.99,1,12,1,12,0.0284915232251427,40,0.0284915232251427,40
"1322.4","1229411",0.99,0.888888888888889,36,0.857142857142857,28,0.191823477676023,40,0.133049642815232,40
"1323.4","1229415",0.99,1,40,1,40,0.50288653249318,40,0.50288653249318,40
"1324.4","1229416",0.99,0.9,40,0.909090909090909,33,0.337531761925032,40,0.284198428591699,40
"1325.4","1229420",0.99,0.95,40,0.972222222222222,36,0.606840274546963,40,0.561713837765353,40
"1326.4","1229455",0.99,1,40,1,40,0.299645312010831,40,0.299645312010831,40
"1327.4","1229466",0.99,0.9,40,0.875,32,0.267463031477093,39,0.201119054572771,39
"1328.4","1229474",0.99,0.975,40,0.973684210526316,38,0.344638684742886,39,0.327919771472248,39
"1329.4","1229477",0.99,0.897435897435897,39,0.870967741935484,31,0.295663681425335,39,0.21347503673669,39
"1330.4","1229486",0.99,0.9,40,0.875,32,0.379210202867826,40,0.29407066347132,40
"1331.4","1229504",0.99,0.9375,32,0.928571428571429,28,0.197685567908794,39,0.165564717183292,39
"1332.4","1229518",0.99,0.875,40,0.870967741935484,31,0.176918022146991,40,0.136471987918062,40
"1333.4","1229519",0.99,0.863636363636364,22,0.944444444444444,18,0.024063411295516,38,0.0222663840050677,38
"1334.4","1229522",0.99,1,40,1,40,0.509239749995928,40,0.509239749995928,40
"1335.4","1229524",0.99,0.84,25,0.894736842105263,19,0.19808540539493,34,0.174473664064457,34
"1336.4","1229536",0.99,0.95,40,0.944444444444444,36,0.313791013426502,40,0.282347110107599,40
"1337.4","1229542",0.99,0.975,40,0.973684210526316,38,0.513383938850195,40,0.49031160180727,40
"1338.4","1229558",0.99,0.888888888888889,36,0.933333333333333,30,0.174744128719984,39,0.150231713031098,39
"1339.4","1229586",0.99,0.769230769230769,39,0.76,25,0.298433714763049,38,0.200336314227568,38
"1340.4","1229593",0.99,0.85,40,0.935483870967742,31,0.525005962985391,40,0.446575795628593,40
"1341.4","1229605",0.99,0.975,40,0.973684210526316,38,0.538484169306193,40,0.516304291257413,40
"1342.4","1229607",0.99,0.928571428571429,28,0.916666666666667,24,0.119956717154127,39,0.0732171319530036,39
"1343.4","1229609",0.99,1,40,1,40,0.266317313551257,40,0.266317313551257,40
"1344.4","1229610",0.99,0.826086956521739,23,0.882352941176471,17,0.0395912977705885,36,0.0350293088335996,36
"1345.4","1229620",0.99,0.903225806451613,31,0.88,25,0.208350830258052,39,0.14335332776055,39
"1346.4","1229623",0.99,0.9,40,0.90625,32,0.347423554050127,39,0.282440911244903,39
"1347.4","1229628",0.99,0.95,20,0.944444444444444,18,0.0520725461901933,39,0.0435255376431847,39
"1348.4","1229639",0.99,0.871794871794872,39,0.935483870967742,31,0.194245598587095,36,0.152999807341304,36
"1349.4","1229679",0.99,0.9,40,0.939393939393939,33,0.407856184345706,39,0.345526240295332,39
"1350.4","1229689",0.99,0.95,40,0.972972972972973,37,0.262574248675002,40,0.236210612311366,40
"1351.4","1229700",0.99,0.95,40,0.972222222222222,36,0.380780248888037,39,0.348801810659599,39
"1352.4","1229728",0.99,0.90625,32,0.923076923076923,26,0.218519294385754,40,0.159535669509913,40
"1353.4","1229763",0.99,0.9,40,0.909090909090909,33,0.402497437464173,40,0.342206330008819,40
"1354.4","1229783",0.99,NA,0,NA,0,0,35,0,35
"1355.4","1229789",0.99,0.888888888888889,36,0.892857142857143,28,0.18046362314757,39,0.157252139979511,39
"1356.4","1229797",0.99,0.95,40,0.944444444444444,36,0.489106169952271,40,0.442666179541692,40
"1357.4","1229798",0.99,NA,0,NA,0,0,39,0,39
"1358.4","1229817",0.99,0.95,40,0.944444444444444,36,0.454583221045866,40,0.414234699447344,40
"1359.4","1229821",0.99,0.95,40,0.944444444444444,36,0.436448284996273,40,0.393399828076848,40
"1360.4","1229829",0.99,1,2,1,2,0.00169956140350877,38,0.00169956140350877,38
"1361.4","1229840",0.99,0.95,40,0.944444444444444,36,0.43388556689968,40,0.376444337719836,40
"1362.4","1229849",0.99,0.925,40,0.911764705882353,34,0.380552564879109,39,0.32153493813573,39
"1363.4","1229850",0.99,0.9,40,0.939393939393939,33,0.405156018028581,40,0.334619033675807,40
"1364.4","1229898",0.99,1,40,1,40,0.65975310573855,40,0.65975310573855,40
"1365.4","1229944",0.99,NA,0,NA,0,0,40,0,40
"1366.4","1229971",0.99,1,40,1,40,0.489305805809594,40,0.489305805809594,40
"1367.4","1229975",0.99,0.95,40,0.944444444444444,36,0.34156143615418,40,0.312786805612308,40
"1368.4","1229992",0.99,0.95,40,0.944444444444444,36,0.515105540883092,40,0.465978854561284,40
"1369.4","1230004",0.99,0.975,40,0.973684210526316,38,0.559262982973082,40,0.533568538528638,40
"1370.4","1230014",0.99,0.975,40,0.973684210526316,38,0.490048870918511,40,0.468326181842881,40
"1371.4","1230021",0.99,1,40,1,40,0.854611791696317,40,0.854611791696317,40
"1372.4","1230034",0.99,0.925,40,0.942857142857143,35,0.464519595094427,40,0.396927939267477,40
"1373.4","1230074",0.99,1,40,1,40,0.642821742034675,40,0.642821742034675,40
"1374.4","1230075",0.99,1,40,1,40,0.666811735184379,40,0.666811735184379,40
"1375.4","1230081",0.99,0.925,40,0.941176470588235,34,0.447119621850895,40,0.390904978225921,40
"1376.4","1230091",0.99,0.9,40,0.909090909090909,33,0.483663703842339,40,0.416463491773706,40
"1377.4","1230097",0.99,0.95,40,0.945945945945946,37,0.417430243612047,40,0.391114454138363,40
"1378.4","1230123",0.99,0.95,40,0.944444444444444,36,0.470779626181304,40,0.42695371525013,40
"1379.4","1230130",0.99,0.9,40,0.942857142857143,35,0.415532893258142,40,0.386585524837089,40
"1380.4","1230136",0.99,0.925,40,0.942857142857143,35,0.515805644001014,40,0.466126156821527,40
"1381.4","1230151",0.99,0.925,40,0.911764705882353,34,0.50132311934199,40,0.416385864761018,40
"1382.4","1230160",0.99,0.975,40,0.973684210526316,38,0.438814019942414,40,0.416828572956967,40
"1383.4","1230164",0.99,0.975,40,0.973684210526316,38,0.479171810799998,40,0.4568745135027,40
"1384.4","1230166",0.99,0.925,40,0.914285714285714,35,0.748368881927508,40,0.644645477672189,40
"1385.4","1230175",0.99,0.975,40,0.973684210526316,38,0.563771173621007,40,0.535730633080466,40
"1386.4","1230216",0.99,0.975,40,0.973684210526316,38,0.565130292943818,40,0.538236353549879,40
"1387.4","1230240",0.99,0.925,40,0.945945945945946,37,0.524132686604998,40,0.490365794713106,40
"1388.4","1230253",0.99,1,40,1,40,0.668229119323188,40,0.668229119323188,40
"1389.4","1230263",0.99,0.975,40,0.973684210526316,38,0.59813646277999,39,0.570106123304998,39
"1390.4","1230287",0.99,0.95,40,0.944444444444444,36,0.568105198282304,40,0.513125523485556,40
"1391.4","1230289",0.99,0.95,40,0.944444444444444,36,0.442650819154592,40,0.398533769774385,40
"1392.4","1230308",0.99,0.975,40,0.973684210526316,38,0.511277052502007,40,0.486277052502007,40
"1393.4","1230310",0.99,0.975,40,0.973684210526316,38,0.454349839433097,40,0.436131215951316,40
"1394.4","1230332",0.99,1,40,1,40,0.554539962240392,40,0.554539962240392,40
"1395.4","1230336",0.99,0.975,40,0.973684210526316,38,0.601488034451639,40,0.571290666030587,40
"1396.4","1230358",0.99,1,40,1,40,0.665534656982025,40,0.665534656982025,40
"1397.4","1230402",0.99,0.925,40,0.941176470588235,34,0.555861872669479,40,0.479714671293619,40
"1398.4","1230434",0.99,0.975,40,0.973684210526316,38,0.688624849202326,40,0.655009560981775,40
"1399.4","1230437",0.99,0.975,40,0.973684210526316,38,0.59346588702212,40,0.564760446121557,40
"1400.4","1230459",0.99,0.95,40,0.972972972972973,37,0.816671747540156,40,0.774118556050795,40
"1401.4","1230468",0.99,0.975,40,0.973684210526316,38,0.600567411198792,40,0.574376935008316,40
"1402.4","1230479",0.99,0.925,40,0.911764705882353,34,0.490562445886579,40,0.414554414551205,40
"1403.4","1230484",0.99,0.975,40,0.973684210526316,38,0.479326524708613,40,0.457801428183517,40
"1404.4","1230493",0.99,0.95,40,0.944444444444444,36,0.513762916923909,40,0.464544711348996,40
"1405.4","1230498",0.99,0.875,40,0.870967741935484,31,0.70904594750291,40,0.546811904949719,40
"1406.4","1230501",0.99,1,40,1,40,0.561170220936772,40,0.561170220936772,40
"1407.4","1230504",0.99,1,40,1,40,0.561510299495656,40,0.561510299495656,40
"1408.4","1230527",0.99,1,40,1,40,0.607925283368401,40,0.607925283368401,40
"1409.4","1230541",0.99,1,40,1,40,0.96063829787234,40,0.96063829787234,40
"1410.4","1233140",0.99,0.95,40,0.947368421052632,38,0.471649386493136,40,0.444305636493136,40
"1411.4","1233340",0.99,1,40,1,40,0.730851063829787,40,0.730851063829787,40
"1412.4","1233352",0.99,1,40,1,40,0.709574468085106,40,0.709574468085106,40
"1413.4","1233366",0.99,1,40,1,40,0.703191489361702,40,0.703191489361702,40
"1414.4","1233375",0.99,1,40,1,40,0.742021276595745,40,0.742021276595745,40
"1415.4","1233376",0.99,1,40,1,40,0.730851063829787,40,0.730851063829787,40
"1416.4","1233379",0.99,1,40,1,40,0.752127659574468,40,0.752127659574468,40
"1417.4","1233380",0.99,1,40,1,40,0.815957446808511,40,0.815957446808511,40
"1418.4","1233381",0.99,1,40,1,40,0.684574468085106,40,0.684574468085106,40
"1419.4","1233384",0.99,1,40,1,40,0.777127659574468,40,0.777127659574468,40
"1420.4","1233396",0.99,1,40,1,40,0.815957446808511,40,0.815957446808511,40
"1421.4","1233405",0.99,1,40,1,40,0.837234042553191,40,0.837234042553191,40
"1422.4","1233409",0.99,1,40,1,40,0.734574468085106,40,0.734574468085106,40
"1423.4","1233416",0.99,1,40,1,40,0.78163844846503,40,0.78163844846503,40
"1424.4","1233445",0.99,1,40,1,40,0.798404255319149,40,0.798404255319149,40
"1425.4","1233460",0.99,0.95,40,0.944444444444444,36,0.538292060158,39,0.492622608945562,39
"1426.4","1233461",0.99,0.95,40,0.944444444444444,36,0.475864312979323,40,0.420391744553125,40
"1427.4","1233552",0.99,0.925,40,0.911764705882353,34,0.362512964987526,40,0.295991225857091,40
"1428.4","1233627",0.99,1,14,1,14,0.0397558676708686,40,0.0397558676708686,40
"1429.4","1233668",0.99,1,40,1,40,0.518257301664974,40,0.518257301664974,40
"1430.4","1233678",0.99,0.85,40,0.8,30,0.465694607106126,40,0.309861273772793,40
"1431.4","1233706",0.99,0.975,40,0.973684210526316,38,0.33230328579805,40,0.320993761988526,40
"1432.4","1233725",0.99,0.875,40,0.870967741935484,31,0.278839036753734,40,0.227557458291628,40
"1433.4","1236582",0.99,1,40,1,40,0.469171183470015,40,0.469171183470015,40
"1434.4","1236590",0.99,0.975,40,0.973684210526316,38,0.51910243208457,40,0.495976246126316,40
"1435.4","1236601",0.99,0.972972972972973,37,0.971428571428571,35,0.247632549170045,40,0.236491965615668,40
"1436.4","1238",0.99,0.833333333333333,36,0.888888888888889,27,0.182044304305422,39,0.161554054166216,39
"1437.4","1238689",0.99,1,40,1,40,0.605222362103911,40,0.605222362103911,40
"1438.4","1238709",0.99,NA,0,NA,0,0,30,0,30
"1439.4","1238733",0.99,1,40,1,40,0.608616156987922,40,0.608616156987922,40
"1440.4","1239742",0.99,1,40,1,40,0.689929078014184,40,0.689929078014184,40
"1441.4","1239887",0.99,1,36,1,36,0.234721962548975,40,0.234721962548975,40
"1442.4","1239892",0.99,0.925,40,0.944444444444444,36,0.349018317853457,40,0.329573873409013,40
"1443.4","1239894",0.99,0.925,40,0.911764705882353,34,0.537371541501976,40,0.442050630528891,40
"1444.4","1239901",0.99,1,28,1,28,0.128721401754869,40,0.128721401754869,40
"1445.4","1239905",0.99,0.925,40,0.911764705882353,34,0.414708339476141,40,0.335399773944666,40
"1446.4","1239908",0.99,0.975,40,0.973684210526316,38,0.458751994942159,39,0.438559687249852,39
"1447.4","1239927",0.99,0.95,40,0.944444444444444,36,0.542882145013722,39,0.477761402969903,39
"1448.4","1239931",0.99,1,40,1,40,0.388631979370207,40,0.388631979370207,40
"1449.4","1239936",0.99,0.95,40,0.972972972972973,37,0.39583799229232,40,0.372547394001722,40
"1450.4","1239938",0.99,NA,0,NA,0,0,12,0,12
"1451.4","1241",0.99,0.975,40,0.973684210526316,38,0.379804033734088,39,0.361667698524582,39
"1452.4","1244397",0.99,1,40,1,40,0.773179218446518,40,0.773179218446518,40
"1453.4","1244406",0.99,1,40,1,40,0.829787234042553,40,0.829787234042553,40
"1454.4","1244416",0.99,1,40,1,40,0.724583718778908,40,0.724583718778908,40
"1455.4","1245231",0.99,NA,0,NA,0,0,2,0,2
"1456.4","1245233",0.99,0.95,40,0.944444444444444,36,0.626885797939407,40,0.562902346402764,40
"1457.4","1245242",0.99,1,40,1,40,0.768892554719891,40,0.768892554719891,40
"1458.4","1245276",0.99,0.95,40,0.944444444444444,36,0.386548231615001,40,0.337657102582743,40
"1459.4","1245307",0.99,0.95,40,0.944444444444444,36,0.509840414838009,39,0.457781362778957,39
"1460.4","1245309",0.99,0.95,40,0.944444444444444,36,0.775757575757576,40,0.691429535876807,40
"1461.4","1245343",0.99,1,40,1,40,0.656663278671793,40,0.656663278671793,40
"1462.4","1245361",0.99,0.975,40,0.973684210526316,38,0.524309535962135,40,0.503684535962135,40
"1463.4","1245374",0.99,1,40,1,40,0.585550885442977,40,0.585550885442977,40
"1464.4","1245429",0.99,0.975,40,0.974358974358974,39,0.315770236707737,40,0.30862737956488,40
"1465.4","1245513",0.99,0.925,40,0.916666666666667,36,0.376230499911661,39,0.333495457176618,39
"1466.4","1246625",0.99,0.875,40,0.838709677419355,31,0.381668517358454,40,0.295350436479538,40
"1467.4","1246632",0.99,0.925,40,0.911764705882353,34,0.586983071441743,40,0.482277189088802,40
"1468.4","1246636",0.99,0.925,40,0.971428571428571,35,0.489678221782126,39,0.454861224263516,39
"1469.4","1246785",0.99,0.975,40,0.973684210526316,38,0.310617604735388,40,0.288588619228141,40
"1470.4","1246803",0.99,1,40,1,40,0.6245397893697,40,0.6245397893697,40
"1471.4","1246814",0.99,1,40,1,40,0.581568970480463,40,0.581568970480463,40
"1472.4","1246820",0.99,0.925,40,0.911764705882353,34,0.317867999456908,40,0.266795004469439,40
"1473.4","1246896",0.99,1,2,1,2,0.00520833333333333,40,0.00520833333333333,40
"1474.4","1248257",0.99,1,40,1,40,0.311696152260091,40,0.311696152260091,40
"1475.4","1248258",0.99,0.925,40,0.942857142857143,35,0.605715369421443,40,0.541975378467275,40
"1476.4","1248265",0.99,1,40,1,40,0.566580322102264,40,0.566580322102264,40
"1477.4","1248267",0.99,0.975,40,0.973684210526316,38,0.556422815007959,40,0.529547815007959,40
"1478.4","1248275",0.99,0.975,40,0.973684210526316,38,0.732956990219824,40,0.699817455336103,40
"1479.4","1248285",0.99,1,40,1,40,0.542094816873981,40,0.542094816873981,40
"1480.4","1248305",0.99,0.95,40,0.944444444444444,36,0.509853166176303,40,0.45662735972469,40
"1481.4","1248306",0.99,0.9,40,0.909090909090909,33,0.453545121678611,40,0.392163379481928,40
"1482.4","1248310",0.99,0.95,40,0.944444444444444,36,0.373226939437953,40,0.337695606546707,40
"1483.4","1248337",0.99,0.95,40,0.945945945945946,37,0.849641535615171,40,0.784285383903793,40
"1484.4","1248373",0.99,1,8,1,8,0.0253375668449198,40,0.0253375668449198,40
"1485.4","1249372",0.99,0.95,40,0.944444444444444,36,0.559969540528446,40,0.504395216204122,40
"1486.4","1249391",0.99,0.975,40,0.973684210526316,38,0.540594902388124,40,0.514632129602502,40
"1487.4","1249396",0.99,0.975,40,0.973684210526316,38,0.561932863189718,40,0.52832480458166,40
"1488.4","1249406",0.99,0.975,40,0.973684210526316,38,0.437586266520559,40,0.415584086288,40
"1489.4","1249466",0.99,1,40,1,40,0.467410118983893,40,0.467410118983893,40
"1490.4","1249580",0.99,1,40,1,40,0.638357411322528,40,0.638357411322528,40
"1491.4","1249581",0.99,1,40,1,40,0.625513336236587,40,0.625513336236587,40
"1492.4","1249601",0.99,0.975,40,0.973684210526316,38,0.580825982279471,40,0.555270426723915,40
"1493.4","1249623",0.99,0.95,40,0.944444444444444,36,0.591001240922879,40,0.529694135490394,40
"1494.4","1249631",0.99,0.975,40,0.975,40,0.523892954583453,40,0.523892954583453,40
"1495.4","1249663",0.99,0.9,40,0.875,32,0.360544681492299,40,0.286357196615524,40
"1496.4","1249669",0.99,1,40,1,40,0.379885376120756,40,0.379885376120756,40
"1497.4","1249698",0.99,0.975,40,0.973684210526316,38,0.403376182102487,40,0.38628216500847,40
"1498.4","1249723",0.99,1,40,1,40,0.276932746155582,40,0.276932746155582,40
"1499.4","1249819",0.99,NA,0,NA,0,0,36,0,36
"1500.4","1249821",0.99,NA,0,NA,0,0,40,0,40
"1501.4","1249860",0.99,0.975,40,0.973684210526316,38,0.485839110254883,40,0.451847882184708,40
"1502.4","1249885",0.99,0.95,40,0.944444444444444,36,0.246190087500224,40,0.219959928770065,40
"1503.4","1249888",0.99,0.975,40,0.973684210526316,38,0.461220285827328,39,0.439714909483242,39
"1504.4","1249889",0.99,0.925,40,0.911764705882353,34,0.417638068583282,39,0.357541914737128,39
"1505.4","1249896",0.99,0.975,40,0.973684210526316,38,0.38670494856544,40,0.365725927586419,40
"1506.4","1249933",0.99,NA,0,NA,0,0,40,0,40
"1507.4","1249935",0.99,0.9,40,0.970588235294118,34,0.447908024170007,40,0.410505030821891,40
"1508.4","1249975",0.99,0.904761904761905,21,0.882352941176471,17,0.0876926235672366,39,0.0779500513246643,39
"1509.4","1249982",0.99,1,40,1,40,0.572826434765027,40,0.572826434765027,40
"1510.4","1250044",0.99,0.975,40,0.973684210526316,38,0.4254000326802,40,0.411985398533858,40
"1511.4","1250072",0.99,0.9,40,0.909090909090909,33,0.465132697200699,40,0.387968831654481,40
"1512.4","1250073",0.99,0.95,40,0.944444444444444,36,0.454724354415024,40,0.392182337608301,40
"1513.4","1250140",0.99,NA,0,NA,0,0,10,0,10
"1514.4","1250169",0.99,NA,0,NA,0,0,15,0,15
"1515.4","1250174",0.99,1,40,1,40,0.669844310368561,40,0.669844310368561,40
"1516.4","1250176",0.99,1,40,1,40,0.574596866537255,40,0.574596866537255,40
"1517.4","1250183",0.99,0.975,40,0.973684210526316,38,0.503008323241895,40,0.481854477088048,40
"1518.4","1250188",0.99,1,40,1,40,0.469044660950956,40,0.469044660950956,40
"1519.4","1250232",0.99,0.95,40,0.945945945945946,37,0.549981304607135,40,0.516231304607135,40
"1520.4","1250237",0.99,0.974358974358974,39,0.972972972972973,37,0.215000542662026,40,0.206477815389299,40
"1521.4","1250240",0.99,0.95,40,0.944444444444444,36,0.608761767840715,40,0.548513057592005,40
"1522.4","1250243",0.99,0.95,40,0.972972972972973,37,0.480696506650454,40,0.458970316174264,40
"1523.4","1250247",0.99,1,40,1,40,0.549281279403231,40,0.549281279403231,40
"1524.4","1250249",0.99,1,40,1,40,0.821961179359112,40,0.821961179359112,40
"1525.4","1250263",0.99,0.925,40,0.911764705882353,34,0.749710915818686,40,0.626306660499538,40
"1526.4","1250273",0.99,1,40,1,40,0.547623462432512,40,0.547623462432512,40
"1527.4","1250276",0.99,0.975,40,0.973684210526316,38,0.657649061210108,40,0.626126089003641,40
"1528.4","1250277",0.99,1,40,1,40,0.744126187789333,40,0.744126187789333,40
"1529.4","1250282",0.99,1,40,1,40,0.512030511114803,40,0.512030511114803,40
"1530.4","1250437",0.99,1,40,1,40,0.703085069673876,40,0.703085069673876,40
"1531.4","1250480",0.99,0.875,40,0.870967741935484,31,0.417405611363285,39,0.338317117221028,39
"1532.4","1250518",0.99,0.975,40,0.973684210526316,38,0.589106420213257,40,0.560217531324368,40
"1533.4","1250520",0.99,0.95,40,0.947368421052632,38,0.566471116520219,40,0.538137783186886,40
"1534.4","1250557",0.99,0.875,40,0.833333333333333,30,0.320481110259096,38,0.215536288527347,38
"1535.4","1250583",0.99,0.925,40,0.911764705882353,34,0.394148936170213,40,0.325023126734505,40
"1536.4","1250594",0.99,0.925,40,0.911764705882353,34,0.414916743755782,40,0.343686401480111,40
"1537.4","1250601",0.99,0.95,40,0.944444444444444,36,0.420918131359852,40,0.37495374653099,40
"1538.4","1250604",0.99,0.975,40,0.973684210526316,38,0.446080789392538,39,0.422076424962641,39
"1539.4","1250605",0.99,0.925,40,0.911764705882353,34,0.457978723404255,40,0.378677150786309,40
"1540.4","1250619",0.99,0.925,40,0.911764705882353,34,0.453989361702128,40,0.375751618871415,40
"1541.4","1250620",0.99,0.95,40,0.944444444444444,36,0.520881203187013,40,0.463885365999224,40
"1542.4","1250622",0.99,0.95,40,0.944444444444444,36,0.371000260917005,39,0.329075642211627,39
"1543.4","1250656",0.99,0.925,40,0.911764705882353,34,0.410926611162504,40,0.338644002466852,40
"1544.4","1252548",0.99,0.974358974358974,39,0.972972972972973,37,0.24776019036061,39,0.235036072373334,39
"1545.4","1252552",0.99,0.975,40,0.973684210526316,38,0.516073928761286,40,0.490501584438941,40
"1546.4","1252561",0.99,1,40,1,40,0.601183026957257,40,0.601183026957257,40
"1547.4","1252570",0.99,0.975,40,0.973684210526316,38,0.674121163114002,40,0.638656046834932,40
"1548.4","1252576",0.99,0.925,40,0.941176470588235,34,0.557916638344813,39,0.470769202447377,39
"1549.4","1252579",0.99,0.925,40,0.911764705882353,34,0.700602887615479,40,0.578311862441938,40
"1550.4","1252601",0.99,0.925,40,0.941176470588235,34,0.362571425027334,38,0.300746188859992,38
"1551.4","1252608",0.99,1,36,1,36,0.166368225178954,40,0.166368225178954,40
"1552.4","1252611",0.99,1,40,1,40,0.550971969284758,40,0.550971969284758,40
"1553.4","1252622",0.99,0.95,40,0.947368421052632,38,0.51410505828148,40,0.485632836059258,40
"1554.4","1252636",0.99,1,40,1,40,0.609040021844146,40,0.609040021844146,40
"1555.4","1252642",0.99,0.95,40,0.972972972972973,37,0.235612092767155,40,0.224816638221701,40
"1556.4","1252652",0.99,1,40,1,40,0.280305997420536,40,0.280305997420536,40
"1557.4","1252654",0.99,1,40,1,40,0.203694542470378,40,0.203694542470378,40
"1558.4","1252664",0.99,NA,0,NA,0,0,6,0,6
"1559.4","1252698",0.99,NA,0,NA,0,0,24,0,24
"1560.4","1252702",0.99,NA,0,NA,0,0,22,0,22
"1561.4","1252751",0.99,1,40,1,40,0.678733870543121,40,0.678733870543121,40
"1562.4","1252905",0.99,0.95,40,0.944444444444444,36,0.381754304743777,38,0.339461071661071,38
"1563.4","1252918",0.99,NA,0,NA,0,0,39,0,39
"1564.4","1252934",0.99,0.95,40,0.944444444444444,36,0.59670189426477,40,0.520268036725455,40
"1565.4","1252937",0.99,0.975,40,0.973684210526316,38,0.358962842654365,40,0.345267752215088,40
"1566.4","1252981",0.99,0.975,40,0.973684210526316,38,0.395063188279994,40,0.374756892193777,40
"1567.4","1253",0.99,0.925,40,0.911764705882353,34,0.376130239820796,40,0.311253328114616,40
"1568.4","1253029",0.99,0.975,40,0.973684210526316,38,0.432129911960351,40,0.408948093778533,40
"1569.4","1253059",0.99,0.95,40,0.944444444444444,36,0.439504701774291,40,0.39896647123606,40
"1570.4","1253090",0.99,0.95,40,0.944444444444444,36,0.424455592225096,40,0.370120914805741,40
"1571.4","1253117",0.99,0.975,40,0.973684210526316,38,0.377132769840793,39,0.354771410270131,39
"1572.4","1253135",0.99,0.925,40,0.911764705882353,34,0.332253214970105,39,0.268256314434743,39
"1573.4","1253143",0.99,0.925,40,0.916666666666667,36,0.579474860773828,40,0.520402280128667,40
"1574.4","1253153",0.99,0.975,40,0.973684210526316,38,0.360082146569842,40,0.34807575864882,40
"1575.4","1253187",0.99,1,7,1,7,0.0134481837606838,40,0.0134481837606838,40
"1576.4","1253192",0.99,0.975,40,0.973684210526316,38,0.283939204157997,39,0.26757778779658,39
"1577.4","1253253",0.99,0.925,40,0.941176470588235,34,0.349607236257088,39,0.311111816947715,39
"1578.4","1253255",0.99,1,40,1,40,0.453781413425153,40,0.453781413425153,40
"1579.4","1253279",0.99,0.975,40,0.973684210526316,38,0.402014315460052,40,0.378467803832145,40
"1580.4","1253291",0.99,0.975,40,0.973684210526316,38,0.335861104287837,40,0.321017354287837,40
"1581.4","1253294",0.99,1,40,1,40,0.352470363620108,40,0.352470363620108,40
"1582.4","1253300",0.99,0.95,40,0.944444444444444,36,0.438279740618913,40,0.397247799586972,40
"1583.4","1253302",0.99,0.975,40,0.973684210526316,38,0.414584071282938,40,0.390720434919302,40
"1584.4","1253306",0.99,0.925,40,0.911764705882353,34,0.367712627924987,40,0.318061735236658,40
"1585.4","1253308",0.99,1,40,1,40,0.510922805926223,40,0.510922805926223,40
"1586.4","1253313",0.99,1,40,1,40,0.481085298707551,40,0.481085298707551,40
"1587.4","1253327",0.99,0.95,40,0.944444444444444,36,0.446719783491098,40,0.401887532408847,40
"1588.4","1253329",0.99,1,40,1,40,0.465765818654956,40,0.465765818654956,40
"1589.4","1253333",0.99,1,40,1,40,0.610528351903256,40,0.610528351903256,40
"1590.4","1253348",0.99,0.95,40,0.944444444444444,36,0.534183224969173,39,0.481444698121828,39
"1591.4","1253353",0.99,0.975,40,0.973684210526316,38,0.51811789736118,40,0.496526988270271,40
"1592.4","1253367",0.99,0.95,40,0.944444444444444,36,0.469598890767963,40,0.420457141044818,40
"1593.4","1253370",0.99,0.975,40,0.973684210526316,38,0.532405496153672,39,0.507591163199804,39
"1594.4","1253378",0.99,0.9,40,0.878787878787879,33,0.374368470513043,39,0.309418725777967,39
"1595.4","1253385",0.99,0.975,40,0.973684210526316,38,0.513043735398486,39,0.48882223040775,39
"1596.4","1253392",0.99,0.975,40,0.973684210526316,38,0.429594505391637,40,0.411980869028001,40
"1597.4","1253399",0.99,0.95,40,0.944444444444444,36,0.51308134459466,40,0.458169120191157,40
"1598.4","1253439",0.99,NA,0,NA,0,0,35,0,35
"1599.4","1253444",0.99,0.975,40,0.973684210526316,38,0.548613393767523,40,0.523024343178473,40
"1600.4","1253449",0.99,1,40,1,40,0.311610047122986,40,0.311610047122986,40
"1601.4","1253468",0.99,0.925,40,0.942857142857143,35,0.608920844416205,38,0.528992743371805,38
"1602.4","1253479",0.99,0.85,40,0.90625,32,0.520863768148578,40,0.459257938316645,40
"1603.4","1253484",0.99,0.925,40,0.911764705882353,34,0.28829075883599,39,0.246953064272489,39
"1604.4","1253497",0.99,0.925,40,0.941176470588235,34,0.669609540474038,40,0.594546664494833,40
"1605.4","1253557",0.99,1,40,1,40,0.520271358294052,40,0.520271358294052,40
"1606.4","1253561",0.99,0.975,40,0.973684210526316,38,0.321315142517109,40,0.30612667245059,40
"1607.4","1253568",0.99,0.95,40,0.944444444444444,36,0.212125835783047,38,0.178010827983829,38
"1608.4","1253569",0.99,0.975,40,0.975,40,0.662711794019934,40,0.662711794019934,40
"1609.4","1253574",0.99,NA,0,NA,0,0,39,0,39
"1610.4","1253577",0.99,1,15,1,15,0.027483127932342,40,0.027483127932342,40
"1611.4","1253601",0.99,0.935483870967742,31,0.964285714285714,28,0.107528626936425,39,0.100284019691818,39
"1612.4","1253604",0.99,1,5,1,5,0.0247953487772492,39,0.0247953487772492,39
"1613.4","1254542",0.99,0.975,40,0.973684210526316,38,0.809290246083724,40,0.76972502869242,40
"1614.4","1254562",0.99,0.975,40,0.973684210526316,38,0.70317898501038,40,0.668734540565936,40
"1615.4","1254565",0.99,0.975,40,0.973684210526316,38,0.486318951198814,40,0.464930062309925,40
"1616.4","1254576",0.99,0.975,40,0.973684210526316,38,0.652663043478261,40,0.618544685990338,40
"1617.4","1254587",0.99,0.95,40,0.972972972972973,37,0.588884834770345,39,0.558641573757853,39
"1618.4","1254589",0.99,1,40,1,40,0.748173244937815,40,0.748173244937815,40
"1619.4","1254591",0.99,1,40,1,40,0.567945050173993,40,0.567945050173993,40
"1620.4","1254988",0.99,NA,0,NA,0,0,3,0,3
"1621.4","1254990",0.99,1,40,1,40,0.445052923946763,40,0.445052923946763,40
"1622.4","1255003",0.99,NA,0,NA,0,0,30,0,30
"1623.4","1255030",0.99,0.975,40,0.973684210526316,38,0.580288389321765,40,0.548051547216502,40
"1624.4","1255043",0.99,0.975,40,0.973684210526316,38,0.617836872410299,40,0.588346131669559,40
"1625.4","1255062",0.99,0.75,40,0.964285714285714,28,0.480807437928729,33,0.458440915562206,33
"1626.4","1255088",0.99,1,39,1,39,0.233220367132061,40,0.233220367132061,40
"1627.4","1255089",0.99,0.967741935483871,31,0.96551724137931,29,0.0983841340258992,38,0.0931209761311623,38
"1628.4","1255095",0.99,0.975,40,0.973684210526316,38,0.154003878706491,40,0.145298521563633,40
"1629.4","1255115",0.99,NA,0,NA,0,0,3,0,3
"1630.4","1255120",0.99,1,40,1,40,0.650034604731752,40,0.650034604731752,40
"1631.4","1255124",0.99,NA,0,NA,0,0,40,0,40
"1632.4","1255431",0.99,0.95,40,0.944444444444444,36,0.466908477841689,40,0.423407185852025,40
"1633.4","1255584",0.99,0.9,40,0.875,32,0.250298183012542,40,0.186939643404002,40
"1634.4","1255585",0.99,1,40,1,40,0.267431102175221,40,0.267431102175221,40
"1635.4","1255592",0.99,0.975,40,0.973684210526316,38,0.239573021495356,40,0.225611982534317,40
"1636.4","1255623",0.99,1,40,1,40,0.564794778176145,40,0.564794778176145,40
"1637.4","1255666",0.99,0.925,40,0.944444444444444,36,0.551802750985213,40,0.507673224824437,40
"1638.4","1255674",0.99,1,40,1,40,0.420214605351022,40,0.420214605351022,40
"1639.4","1256843",0.99,0.941176470588235,17,0.933333333333333,15,0.0461296274282544,38,0.0377587001099587,38
"1640.4","1257419",0.99,0.925,40,0.941176470588235,34,0.487871877917834,40,0.431038894724557,40
"1641.4","1257450",0.99,0.95,40,0.944444444444444,36,0.631724024688459,40,0.568222308686743,40
"1642.4","1258410",0.99,0.95,40,0.944444444444444,36,0.557885595739655,40,0.498497253709295,40
"1643.4","1258447",0.99,0.975,40,0.973684210526316,38,0.370308003202465,39,0.351077233971696,39
"1644.4","1258456",0.99,1,40,1,40,0.451879983839226,40,0.451879983839226,40
"1645.4","1258461",0.99,0.9,40,0.875,32,0.429886284283146,40,0.343499372524842,40
"1646.4","1258464",0.99,1,40,1,40,0.616087844798396,40,0.616087844798396,40
"1647.4","1258468",0.99,1,40,1,40,0.709562780565688,40,0.709562780565688,40
"1648.4","1258486",0.99,1,40,1,40,0.703098631650747,40,0.703098631650747,40
"1649.4","1258632",0.99,0.925,40,0.945945945945946,37,0.48121820597154,40,0.458543787366889,40
"1650.4","1258635",0.99,0.975,40,0.973684210526316,38,0.819175834560882,40,0.775694973316863,40
"1651.4","1258638",0.99,0.975,40,0.973684210526316,38,0.713935629033474,40,0.67854421489206,40
"1652.4","1258639",0.99,1,40,1,40,0.375023556283778,40,0.375023556283778,40
"1653.4","1258640",0.99,1,40,1,40,0.48553835677798,40,0.48553835677798,40
"1654.4","1258652",0.99,0.9,40,0.875,32,0.389838346308598,39,0.287628056598308,39
"1655.4","1258655",0.99,0.925,40,0.942857142857143,35,0.498742691415331,40,0.450171262843902,40
"1656.4","1258667",0.99,0.925,40,0.911764705882353,34,0.551368651987847,40,0.458343441903813,40
"1657.4","1258682",0.99,0.975,40,0.973684210526316,38,0.651971468952468,40,0.614978225709225,40
"1658.4","1258708",0.99,0.925,40,0.911764705882353,34,0.455197937031606,40,0.375960247637667,40
"1659.4","1258716",0.99,0.925,40,0.911764705882353,34,0.48009540465086,40,0.40696515255002,40
"1660.4","1258742",0.99,0.925,40,0.911764705882353,34,0.449083003522659,40,0.371366538952746,40
"1661.4","1258992",0.99,1,40,1,40,0.75788797236537,40,0.75788797236537,40
"1662.4","1260022",0.99,1,38,1,38,0.277688302693367,40,0.277688302693367,40
"1663.4","1260077",0.99,0.975,40,0.973684210526316,38,0.387261668373379,40,0.365221438488321,40
"1664.4","1260272",0.99,1,40,1,40,0.900797872340426,40,0.900797872340426,40
"1665.4","1261701",0.99,0.95,40,0.944444444444444,36,0.624360337756075,40,0.556189234321814,40
"1666.4","1261741",0.99,0.975,40,0.973684210526316,38,0.335752997002997,40,0.318328754578755,40
"1667.4","1261779",0.99,1,40,1,40,0.360111661540841,40,0.360111661540841,40
"1668.4","1261786",0.99,0.875,40,0.833333333333333,30,0.400324614967928,37,0.2723498869932,37
"1669.4","1261791",0.99,0.9,40,0.875,32,0.361150801312791,40,0.259160071998532,40
"1670.4","1261794",0.99,0.888888888888889,36,0.892857142857143,28,0.235877496817424,40,0.170100499628789,40
"1671.4","1261796",0.99,0.9,40,0.941176470588235,34,0.224018391501977,38,0.170761663709646,38
"1672.4","1261828",0.99,0.975,40,0.973684210526316,38,0.325085854264217,40,0.308816012994376,40
"1673.4","1261851",0.99,0.95,40,0.944444444444444,36,0.463619083073073,40,0.389312680634049,40
"1674.4","1261887",0.99,0.975,40,0.973684210526316,38,0.58817779374186,40,0.552876124935698,40
"1675.4","1261895",0.99,0.925,40,0.971428571428571,35,0.612734524788047,40,0.570869954826558,40
"1676.4","1261896",0.99,0.975,40,0.973684210526316,38,0.625365405937527,40,0.589639952529146,40
"1677.4","1270483",0.99,0.925,40,0.911764705882353,34,0.547351463291565,40,0.456059204440333,40
"1678.4","1270486",0.99,1,40,1,40,0.705770120259019,40,0.705770120259019,40
"1679.4","1270489",0.99,0.925,40,0.911764705882353,34,0.407365218527657,40,0.345800849434218,40
"1680.4","1270500",0.99,0.975,40,0.973684210526316,38,0.476954670710819,40,0.453936993943142,40
"1681.4","1270501",0.99,0.975,40,0.973684210526316,38,0.60216517627711,40,0.570967211429746,40
"1682.4","1270511",0.99,0.925,40,0.911764705882353,34,0.507266016181372,40,0.420122681820184,40
"1683.4","1272147",0.99,1,11,1,11,0.0703510445606034,40,0.0703510445606034,40
"1684.4","1272173",0.99,1,40,1,40,0.654511415373728,40,0.654511415373728,40
"1685.4","1272177",0.99,1,40,1,40,0.54081423924171,40,0.54081423924171,40
"1686.4","1273417",0.99,0.9,40,0.875,32,0.497154511423902,40,0.374191978720204,40
"1687.4","1273421",0.99,0.975,40,0.973684210526316,38,0.56371754391883,40,0.532099896860006,40
"1688.4","1273424",0.99,0.9,40,0.875,32,0.305791575765158,39,0.250245847033945,39
"1689.4","1273433",0.99,0.975,40,0.973684210526316,38,0.499984200387426,40,0.471338367054093,40
"1690.4","1273443",0.99,0.875,40,0.866666666666667,30,0.406295165716745,39,0.302681844172389,39
"1691.4","1273483",0.99,0.975,40,0.973684210526316,38,0.663889759491209,40,0.630764759491209,40
"1692.4","1273494",0.99,0.973684210526316,38,0.972222222222222,36,0.177182907669528,39,0.169009830746451,39
"1693.4","1273495",0.99,0.944444444444444,36,0.9375,32,0.183979067135481,39,0.167780255804824,39
"1694.4","1273503",0.99,0.9,40,0.90625,32,0.549179192288965,40,0.448133153335032,40
"1695.4","1273510",0.99,0.95,40,0.944444444444444,36,0.374306181329355,38,0.335490391855671,38
"1696.4","1273516",0.99,1,40,1,40,0.539363496498141,40,0.539363496498141,40
"1697.4","1273533",0.99,0.925,40,0.942857142857143,35,0.571231559161667,39,0.526954263876307,39
"1698.4","1273538",0.99,0.95,40,0.945945945945946,37,0.434895462744355,39,0.389468261219592,39
"1699.4","1273540",0.99,0.925,40,0.941176470588235,34,0.498240295695791,40,0.427896137904963,40
"1700.4","1273549",0.99,0.95,40,0.944444444444444,36,0.639789085153303,40,0.568895494193922,40
"1701.4","1274868",0.99,0.925,40,0.941176470588235,34,0.339091807051393,39,0.273722640649504,39
"1702.4","1274905",0.99,0.95,40,0.944444444444444,36,0.544760208058551,40,0.483093541391884,40
"1703.4","1276512",0.99,1,34,1,34,0.206211779594301,40,0.206211779594301,40
"1704.4","1276526",0.99,0.95,40,0.944444444444444,36,0.616879905105786,40,0.549326713616424,40
"1705.4","1276531",0.99,0.95,40,0.944444444444444,36,0.706944933441097,40,0.629976334407281,40
"1706.4","1276532",0.99,1,27,1,27,0.102175894321702,40,0.102175894321702,40
"1707.4","1276547",0.99,0.95,40,0.944444444444444,36,0.317179842501522,40,0.279142676415576,40
"1708.4","1276580",0.99,0.975,40,0.973684210526316,38,0.257201385564107,39,0.243770372133094,39
"1709.4","1276589",0.99,0.85,40,0.870967741935484,31,0.399618070101941,40,0.308769855816227,40
"1710.4","1276846",0.99,1,40,1,40,0.37274976442454,40,0.37274976442454,40
"1711.4","1277085",0.99,0.95,40,0.944444444444444,36,0.342454722967395,39,0.311536509122352,39
"1712.4","1277092",0.99,0.975,40,0.973684210526316,38,0.534509781988745,40,0.498440909001267,40
"1713.4","1277093",0.99,0.975,40,0.975,40,0.448566931895824,40,0.448566931895824,40
"1714.4","1277117",0.99,0.875,40,0.903225806451613,31,0.388171474539769,40,0.314004807873102,40
"1715.4","1277118",0.99,0.95,40,0.944444444444444,36,0.387219220643052,39,0.349954606172555,39
"1716.4","1277132",0.99,0.95,40,0.944444444444444,36,0.560520480455257,40,0.509306429866206,40
"1717.4","1277136",0.99,0.975,40,0.973684210526316,38,0.33403344239628,40,0.320793024277814,40
"1718.4","1277181",0.99,0.95,40,0.944444444444444,36,0.283819208074856,40,0.266237907261848,40
"1719.4","1277184",0.99,0.975,40,0.973684210526316,38,0.433732436933637,40,0.411772977474178,40
"1720.4","1277214",0.99,0.95,40,0.944444444444444,36,0.397765873139192,39,0.363407870031189,39
"1721.4","1278493",0.99,1,1,1,1,0.00158730158730159,35,0.00158730158730159,35
"1722.4","1279313",0.99,0.975,40,0.973684210526316,38,0.598260641834803,40,0.572883657707818,40
"1723.4","1282110",0.99,0.923076923076923,39,0.914285714285714,35,0.135112596095096,39,0.124423349008101,39
"1724.4","1282133",0.99,NA,0,NA,0,0,36,0,36
"1725.4","1284",0.99,0.925,40,0.941176470588235,34,0.389274694112974,39,0.34954219309015,39
"1726.4","1285646",0.99,1,40,1,40,0.329858524850239,40,0.329858524850239,40
"1727.4","1285709",0.99,0.925,40,0.916666666666667,36,0.511208573401118,40,0.449693715519981,40
"1728.4","1286227",0.99,0.925,40,0.942857142857143,35,0.548018236332899,40,0.487155471049402,40
"1729.4","1286768",0.99,0.975,40,0.973684210526316,38,0.298374958374958,40,0.269528804528805,40
"1730.4","1288",0.99,0.975,40,0.973684210526316,38,0.472811428087429,40,0.451630872531873,40
"1731.4","1288454",0.99,0.966666666666667,30,0.964285714285714,28,0.119799558031961,38,0.108570828312927,38
"1732.4","1288911",0.99,1,7,1,7,0.016082839647634,35,0.016082839647634,35
"1733.4","1289083",0.99,0.85,40,0.862068965517241,29,0.493640595339053,40,0.372255543959072,40
"1734.4","1289990",0.99,1,40,1,40,0.382644426472106,40,0.382644426472106,40
"1735.4","1290866",0.99,1,27,1,27,0.108924452510839,35,0.108924452510839,35
"1736.4","1291246",0.99,1,1,1,1,0.005,40,0.005,40
"1737.4","1292217",0.99,NA,0,NA,0,0,32,0,32
"1738.4","1292839",0.99,0.925,40,0.916666666666667,36,0.408911713286713,40,0.354864094239094,40
"1739.4","1292876",0.99,0.878787878787879,33,0.84,25,0.0982633764844793,34,0.0699269430968951,34
"1740.4","1294",0.99,0.9,40,0.875,32,0.289761816089005,40,0.234269755134188,40
"1741.4","1295291",0.99,0.975,40,0.973684210526316,38,0.383089544543492,40,0.351422877876825,40
"1742.4","1296047",0.99,NA,0,NA,0,0,36,0,36
"1743.4","1296206",0.99,0.931034482758621,29,0.92,25,0.0574456308448761,38,0.0477258569284263,38
"1744.4","1296657",0.99,0.95,40,0.944444444444444,36,0.487300668187737,40,0.429780440667509,40
"1745.4","1296879",0.99,0.933333333333333,30,0.923076923076923,26,0.0998109130698834,36,0.0898998981588685,36
"1746.4","1297",0.99,0.9,40,0.875,32,0.294930448056416,40,0.217622979016168,40
"1747.4","1298",0.99,0.975,40,0.973684210526316,38,0.455139537088807,40,0.432544686140298,40
"1748.4","1298804",0.99,1,21,1,21,0.0684284438133618,40,0.0684284438133618,40
"1749.4","1298805",0.99,1,31,1,31,0.164102570484026,40,0.164102570484026,40
"1750.4","1299211",0.99,0.935483870967742,31,0.925925925925926,27,0.0744392018152518,36,0.063564690940741,36
"1751.4","1299851",0.99,NA,0,NA,0,0,37,0,37
"1752.4","1299861",0.99,0.928571428571429,28,0.916666666666667,24,0.109249326182915,34,0.0885523463387088,34
"1753.4","1300442",0.99,0.95,40,0.944444444444444,36,0.483560737455528,40,0.431558572953363,40
"1754.4","1301034",0.99,0.95,40,0.944444444444444,36,0.476026467367688,40,0.42740272999395,40
"1755.4","1301151",0.99,0.95,40,0.944444444444444,36,0.38853343472551,40,0.347781800738582,40
"1756.4","1301506",0.99,0.95,40,0.972972972972973,37,0.350713997643537,40,0.336399101351897,40
"1757.4","1301508",0.99,0.975,40,0.973684210526316,38,0.894597302815388,40,0.848852621964324,40
"1758.4","1301745",0.99,0.95,40,0.945945945945946,37,0.563925960610156,40,0.509070463264286,40
"1759.4","1302042",0.99,0.975,40,0.973684210526316,38,0.425924170717856,39,0.386124839614177,39
"1760.4","1302826",0.99,0.888888888888889,36,0.866666666666667,30,0.102657677442478,35,0.0795910724471029,35
"1761.4","1302943",0.99,0.888888888888889,36,0.866666666666667,30,0.100614693141803,35,0.0777379224389449,35
"1762.4","1303132",0.99,0.9,40,0.909090909090909,33,0.515794570943629,40,0.434815515685162,40
"1763.4","1303600",0.99,0.882352941176471,17,0.846153846153846,13,0.0133569518414618,35,0.00857433221563656,35
"1764.4","1304219",0.99,0.909090909090909,33,0.888888888888889,27,0.107040808451489,39,0.0812081385625574,39
"1765.4","1304919",0.99,0.928571428571429,28,0.916666666666667,24,0.0477940872598131,36,0.0366962537661462,36
"1766.4","1304923",0.99,0.884615384615385,26,0.85,20,0.0231538743314106,36,0.0171632245907608,36
"1767.4","1305993",0.99,0.948717948717949,39,0.942857142857143,35,0.215065820357519,40,0.176764874979368,40
"1768.4","1306056",0.99,0.925,40,0.911764705882353,34,0.465267679560174,40,0.38726072304712,40
"1769.4","1307578",0.99,1,40,1,40,0.561403182770384,40,0.561403182770384,40
"1770.4","1308093",0.99,0.928571428571429,28,0.916666666666667,24,0.0928295756559958,35,0.0858897997456316,35
"1771.4","1308695",0.99,1,40,1,40,0.317742016146602,40,0.317742016146602,40
"1772.4","1309",0.99,0.975,40,0.973684210526316,38,0.293156307174094,39,0.281507295525083,39
"1773.4","1311403",0.99,0.944444444444444,36,0.9375,32,0.147060634458865,39,0.13081288367164,39
"1774.4","1311708",0.99,1,22,1,22,0.0876152793120577,36,0.0876152793120577,36
"1775.4","1313314",0.99,0.967741935483871,31,0.96551724137931,29,0.0750270933784396,36,0.068917611462506,36
"1776.4","1313777",0.99,0.975,40,0.973684210526316,38,0.83706750523221,40,0.794051984167909,40
"1777.4","1313822",0.99,1,40,1,40,0.940331997122006,40,0.940331997122006,40
"1778.4","1314378",0.99,0.975,40,0.973684210526316,38,0.390853692264102,39,0.373211204033378,39
"1779.4","1314384",0.99,0.95,40,0.944444444444444,36,0.250528212084821,40,0.221361545418155,40
"1780.4","1314385",0.99,0.95,40,0.944444444444444,36,0.608564462695748,40,0.542135891267177,40
"1781.4","1330545",0.99,1,40,1,40,0.568411699346139,40,0.568411699346139,40
"1782.4","1330570",0.99,0.925,40,0.911764705882353,34,0.493383728319273,40,0.413030835659912,40
"1783.4","1330620",0.99,0.95,40,0.944444444444444,36,0.564548725451465,40,0.502398966997359,40
"1784.4","1330627",0.99,1,37,1,37,0.0896117607740789,40,0.0896117607740789,40
"1785.4","1330635",0.99,1,27,1,27,0.0618139462089403,40,0.0618139462089403,40
"1786.4","1330642",0.99,0.96,25,0.958333333333333,24,0.0945798614431707,39,0.0935542204175297,39
"1787.4","1330659",0.99,1,36,1,36,0.13637780362003,40,0.13637780362003,40
"1788.4","1330740",0.99,NA,0,NA,0,0,40,0,40
"1789.4","1330757",0.99,1,40,1,40,0.144534102223979,40,0.144534102223979,40
"1790.4","1330764",0.99,1,29,1,29,0.131217588656627,40,0.131217588656627,40
"1791.4","1330798",0.99,0.9,40,0.875,32,0.453837427308758,39,0.341111713480103,39
"1792.4","1330802",0.99,0.84375,32,0.916666666666667,24,0.294539114180217,35,0.259561044004778,35
"1793.4","1330803",0.99,0.95,40,0.944444444444444,36,0.393731419617617,39,0.332360312092664,39
"1794.4","1330840",0.99,0.925,40,0.911764705882353,34,0.267514309574943,40,0.237566392908276,40
"1795.4","1330850",0.99,0.925,40,0.942857142857143,35,0.372629856909946,40,0.317416271475772,40
"1796.4","1330860",0.99,0.925,40,0.911764705882353,34,0.41092278025887,39,0.32986984626476,39
"1797.4","1330866",0.99,1,40,1,40,0.33451264367417,40,0.33451264367417,40
"1798.4","1330906",0.99,NA,0,NA,0,0,36,0,36
"1799.4","1330932",0.99,0.875,40,0.903225806451613,31,0.486746146771219,40,0.391024558251454,40
"1800.4","1330949",0.99,0.925,40,0.911764705882353,34,0.327121646274872,39,0.271092214237376,39
"1801.4","1331212",0.99,0.974358974358974,39,0.972972972972973,37,0.347002392405978,40,0.330669059072645,40
"1802.4","1331429",0.99,0.925,40,0.942857142857143,35,0.498065376853686,40,0.439118380003464,40
"1803.4","1331446",0.99,0.95,40,0.944444444444444,36,0.33215981752166,38,0.299500043085569,38
"1804.4","1331584",0.99,0.925,40,0.941176470588235,34,0.58424965943005,39,0.495091170069948,39
"1805.4","1331634",0.99,0.975,40,0.973684210526316,38,0.286017017994114,40,0.268674420149531,40
"1806.4","1335679",0.99,1,40,1,40,0.665191690699194,40,0.665191690699194,40
"1807.4","1335703",0.99,1,40,1,40,0.65938048801128,40,0.65938048801128,40
"1808.4","1335708",0.99,1,40,1,40,0.694795344494387,40,0.694795344494387,40
"1809.4","1335709",0.99,1,40,1,40,0.677377459946226,40,0.677377459946226,40
"1810.4","1335715",0.99,NA,0,NA,0,0,40,0,40
"1811.4","1335717",0.99,1,5,1,5,0.00853861769481079,40,0.00853861769481079,40
"1812.4","1335722",0.99,NA,0,NA,0,0,40,0,40
"1813.4","1335745",0.99,1,2,1,2,0.0100378787878788,40,0.0100378787878788,40
"1814.4","1335759",0.99,NA,0,NA,0,0,40,0,40
"1815.4","1335842",0.99,0.973684210526316,38,0.972222222222222,36,0.247522889138694,40,0.233685096496554,40
"1816.4","1335849",0.99,1,40,1,40,0.691594602860907,40,0.691594602860907,40
"1817.4","1335850",0.99,0.975,40,0.973684210526316,38,0.555868968910844,40,0.523627488299798,40
"1818.4","1335854",0.99,0.95,40,0.944444444444444,36,0.747170723094636,40,0.671627244833767,40
"1819.4","1335859",0.99,0.95,40,0.944444444444444,36,0.897083975742625,40,0.802426765340734,40
"1820.4","1335889",0.99,0.875,40,0.833333333333333,30,0.324841521573819,38,0.237856361541121,38
"1821.4","1335900",0.99,0.925,40,0.942857142857143,35,0.40458577664122,40,0.361853769065463,40
"1822.4","1335943",0.99,0.9,40,0.875,32,0.411297498240522,40,0.306965621000379,40
"1823.4","1335951",0.99,0.975,40,0.973684210526316,38,0.409065186020681,40,0.389616127327437,40
"1824.4","1336216",0.99,1,40,1,40,0.601979194160724,40,0.601979194160724,40
"1825.4","1336362",0.99,0.95,40,0.972972972972973,37,0.616128492812412,40,0.582795159479079,40
"1826.4","1336363",0.99,1,40,1,40,0.712686185962207,40,0.712686185962207,40
"1827.4","1338223",0.99,0.9,40,0.90625,32,0.472678669776573,40,0.379356158954062,40
"1828.4","1338224",0.99,0.95,40,0.944444444444444,36,0.518612283347782,39,0.475634427869926,39
"1829.4","1338235",0.99,0.95,40,0.947368421052632,38,0.36861647166602,39,0.349191452241001,39
"1830.4","1338237",0.99,0.95,40,0.944444444444444,36,0.576332635035031,40,0.510757768724871,40
"1831.4","1338252",0.99,0.95,40,0.944444444444444,36,0.637328554523027,40,0.572555209749682,40
"1832.4","1338275",0.99,0.925,40,0.944444444444444,36,0.370279540817605,39,0.340035389807325,39
"1833.4","1338284",0.99,0.947368421052632,38,0.941176470588235,34,0.258924424890858,40,0.236693166796222,40
"1834.4","1338285",0.99,0.85,40,0.785714285714286,28,0.332970548559113,39,0.219463364987888,39
"1835.4","1338288",0.99,0.9,40,0.875,32,0.463441565316966,40,0.369105908324859,40
"1836.4","1338291",0.99,0.9,40,0.909090909090909,33,0.485408627047586,40,0.405649700016363,40
"1837.4","1338327",0.99,1,9,1,9,0.0429024571129834,39,0.0429024571129834,39
"1838.4","1338340",0.99,1,40,1,40,0.503364145451216,40,0.503364145451216,40
"1839.4","1338350",0.99,0.884615384615385,26,0.954545454545455,22,0.122746684472847,36,0.0972837215098837,36
"1840.4","1338376",0.99,0.95,40,0.972222222222222,36,0.277239072905606,40,0.261498332164865,40
"1841.4","1338378",0.99,0.925,40,0.941176470588235,34,0.250321823542453,40,0.222001355072412,40
"1842.4","1338404",0.99,0.975,40,0.973684210526316,38,0.525045082368214,40,0.4982593680825,40
"1843.4","1338405",0.99,0.9,40,0.909090909090909,33,0.406965261295808,40,0.322224492004221,40
"1844.4","1338407",0.99,0.975,40,0.973684210526316,38,0.293724593993925,40,0.281915324831715,40
"1845.4","1338409",0.99,0.925,40,0.942857142857143,35,0.481126066614944,40,0.421508549985232,40
"1846.4","1338413",0.99,0.875,40,0.870967741935484,31,0.297293906416624,40,0.218537610969153,40
"1847.4","1338421",0.99,0.975,40,0.973684210526316,38,0.685928753990712,40,0.655523348585307,40
"1848.4","1338477",0.99,0.96969696969697,33,0.967741935483871,31,0.0868690527135736,40,0.0741904812850022,40
"1849.4","1338482",0.99,0.925,40,0.911764705882353,34,0.330420162286486,40,0.280456926992368,40
"1850.4","1338495",0.99,0.925,40,0.941176470588235,34,0.373196221170022,40,0.334198587633849,40
"1851.4","1338497",0.99,0.925,40,0.942857142857143,35,0.3244677524664,39,0.295774223772871,39
"1852.4","1338513",0.99,0.95,40,0.947368421052632,38,0.299254015355402,40,0.287199648153976,40
"1853.4","1338517",0.99,0.975,40,0.973684210526316,38,0.513566776160547,40,0.488175595506209,40
"1854.4","1338518",0.99,0.923076923076923,39,0.909090909090909,33,0.291395259378533,39,0.259278887188631,39
"1855.4","1338549",0.99,0.925,40,0.941176470588235,34,0.354929065735432,38,0.305239431109652,38
"1856.4","1338558",0.99,0.95,40,0.944444444444444,36,0.285959136804341,40,0.249424845668531,40
"1857.4","1338601",0.99,0.85,40,0.903225806451613,31,0.49613625696287,40,0.415706964033577,40
"1858.4","1338615",0.99,0.975,40,0.973684210526316,38,0.361389691494494,40,0.339921195559535,40
"1859.4","1338625",0.99,0.975,40,0.973684210526316,38,0.517723950938372,40,0.493860314574736,40
"1860.4","1338642",0.99,0.95,40,0.944444444444444,36,0.487843715648992,40,0.420167717866286,40
"1861.4","1338655",0.99,0.95,40,0.944444444444444,36,0.368381885423979,40,0.319236255512096,40
"1862.4","1338657",0.99,0.975,40,0.973684210526316,38,0.493183501756014,39,0.468343758166271,39
"1863.4","1338670",0.99,0.95,40,0.944444444444444,36,0.541041241991865,40,0.481525112959607,40
"1864.4","1338692",0.99,0.9,40,0.909090909090909,33,0.552868342070513,40,0.468659895478345,40
"1865.4","1344894",0.99,1,40,1,40,0.690587534228328,40,0.690587534228328,40
"1866.4","1344897",0.99,NA,0,NA,0,0,16,0,16
"1867.4","1344904",0.99,0.9,40,0.875,32,0.298890640284666,37,0.218864668366802,37
"1868.4","1344952",0.99,0.95,40,0.947368421052632,38,0.29077326343104,39,0.272152994810772,39
"1869.4","1344955",0.99,0.925,40,0.911764705882353,34,0.562804367780505,40,0.469093970315068,40
"1870.4","1344977",0.99,0.925,40,0.911764705882353,34,0.423612365163015,39,0.355205873619705,39
"1871.4","1349312",0.99,0.975,40,0.973684210526316,38,0.506770784520449,40,0.483556498806164,40
"1872.4","1349327",0.99,1,40,1,40,0.183626051817691,40,0.183626051817691,40
"1873.4","1349332",0.99,0.975,40,0.973684210526316,38,0.500811068648779,40,0.471063169489116,40
"1874.4","1349378",0.99,1,40,1,40,1,40,1,40
"1875.4","1349388",0.99,1,40,1,40,1,40,1,40
"1876.4","1349421",0.99,0.9,40,0.90625,32,0.563801796538254,40,0.449258987903765,40
"1877.4","1349424",0.99,0.95,40,0.944444444444444,36,0.34604144638354,40,0.317508732484972,40
"1878.4","1350",0.99,0.916666666666667,12,0.9,10,0.0522571658486004,35,0.0464309644002792,35
"1879.4","1360",0.99,0.9,10,0.875,8,0.0153771121351767,40,0.0112373271889401,40
"1880.4","1372",0.99,0.925,40,0.911764705882353,34,0.386176774030664,40,0.326203655751094,40
"1881.4","1375",0.99,0.925,40,0.911764705882353,34,0.376160859003601,40,0.308938769498903,40
"1882.4","1386",0.99,1,40,1,40,0.560058917068415,40,0.560058917068415,40
"1883.4","1388649",0.99,0.925,40,0.911764705882353,34,0.521680443665427,40,0.435639822398999,40
"1884.4","1388697",0.99,0.95,40,0.944444444444444,36,0.490165088722097,40,0.444197346786613,40
"1885.4","1388721",0.99,0.925,40,0.911764705882353,34,0.555139985050997,40,0.467154672151891,40
"1886.4","1388753",0.99,1,40,1,40,0.421709002398525,40,0.421709002398525,40
"1887.4","1388755",0.99,0.925,40,0.942857142857143,35,0.323639240305696,39,0.289259305724148,39
"1888.4","1388766",0.99,0.925,40,0.911764705882353,34,0.473007008400562,40,0.399794061302682,40
"1889.4","1388790",0.99,0.875,8,0.833333333333333,6,0.0450294912180668,33,0.0302319046740953,33
"1890.4","1388794",0.99,0.95,40,0.944444444444444,36,0.746658934394827,40,0.666224151786131,40
"1891.4","1388797",0.99,0.95,40,0.944444444444444,36,0.536935880937398,40,0.477696750502615,40
"1892.4","1388799",0.99,1,40,1,40,0.502612617074227,40,0.502612617074227,40
"1893.4","1388803",0.99,0.925,40,0.942857142857143,35,0.352035330007494,39,0.324519450071995,39
"1894.4","1389176",0.99,0.925,40,0.942857142857143,35,0.377917810474676,40,0.33513239821252,40
"1895.4","1390411",0.99,0.857142857142857,7,0.8,5,0.0212299255777517,37,0.0118292205248727,37
"1896.4","1390887",0.99,0.95,40,0.972972972972973,37,0.452141884329537,40,0.429502734861119,40
"1897.4","1390888",0.99,1,40,1,40,0.54835173992841,40,0.54835173992841,40
"1898.4","1390889",0.99,0.975,40,0.973684210526316,38,0.525957016575956,40,0.501972054169941,40
"1899.4","1390905",0.99,1,40,1,40,0.32234090163307,40,0.32234090163307,40
"1900.4","1390908",0.99,1,40,1,40,0.333271275715382,40,0.333271275715382,40
"1901.4","1390910",0.99,0.975,40,0.975,40,0.456352980940782,40,0.456352980940782,40
"1902.4","1390919",0.99,0.975,40,0.973684210526316,38,0.332572800214164,40,0.31753214980766,40
"1903.4","1390932",0.99,0.973684210526316,38,0.972222222222222,36,0.2694753790935,39,0.259641724098555,39
"1904.4","1390952",0.99,0.975,40,0.974358974358974,39,0.439803042948345,40,0.429386376281678,40
"1905.4","1390953",0.99,1,40,1,40,0.57651376465802,40,0.57651376465802,40
"1906.4","1390972",0.99,1,40,1,40,0.677367990730618,40,0.677367990730618,40
"1907.4","1391920",0.99,0.947368421052632,38,0.941176470588235,34,0.286591810966811,40,0.254716810966811,40
"1908.4","1391974",0.99,0.95,40,0.944444444444444,36,0.560446310697874,40,0.502669657526484,40
"1909.4","1392007",0.99,1,40,1,40,0.77876203980624,40,0.77876203980624,40
"1910.4","1392031",0.99,1,40,1,40,0.797330287967741,40,0.797330287967741,40
"1911.4","1392069",0.99,0.925,40,0.911764705882353,34,0.589528154929142,39,0.482674271632951,39
"1912.4","1392109",0.99,0.925,40,0.911764705882353,34,0.225126499837396,38,0.194119103297265,38
"1913.4","1392116",0.99,0.975,40,0.973684210526316,38,0.734008552712373,40,0.698279807773101,40
"1914.4","1392139",0.99,0.95,40,0.944444444444444,36,0.54827786598612,40,0.480716405780937,40
"1915.4","1392246",0.99,0.95,40,0.944444444444444,36,0.39799014164232,40,0.352797979153646,40
"1916.4","1392330",0.99,0.975,40,0.973684210526316,38,0.563129056961748,40,0.534470520376382,40
"1917.4","1392395",0.99,1,40,1,40,0.597812942792404,40,0.597812942792404,40
"1918.4","1392396",0.99,1,40,1,40,0.513830769939363,40,0.513830769939363,40
"1919.4","1392399",0.99,1,40,1,40,0.466311619234884,40,0.466311619234884,40
"1920.4","1392482",0.99,1,6,1,6,0.0146481670535017,39,0.0146481670535017,39
"1921.4","1392501",0.99,0.975,40,0.973684210526316,38,0.615885048354653,40,0.588446023964409,40
"1922.4","1393273",0.99,0.95,40,0.944444444444444,36,0.46250902554176,40,0.423294281952016,40
"1923.4","1393288",0.99,1,40,1,40,0.588696009986132,40,0.588696009986132,40
"1924.4","1396454",0.99,0.971428571428571,35,0.96969696969697,33,0.131095516105758,40,0.114397521118289,40
"1925.4","1396455",0.99,NA,0,NA,0,0,39,0,39
"1926.4","1396463",0.99,1,40,1,40,0.450986691978292,40,0.450986691978292,40
"1927.4","1396470",0.99,1,29,1,29,0.101747543475765,40,0.101747543475765,40
"1928.4","1396480",0.99,NA,0,NA,0,0,40,0,40
"1929.4","1396495",0.99,0.923076923076923,39,0.909090909090909,33,0.201071778136632,39,0.176455620036311,39
"1930.4","1396505",0.99,0.975,40,0.973684210526316,38,0.598100367080942,40,0.565270696751272,40
"1931.4","1396509",0.99,0.95,40,0.944444444444444,36,0.240470812320744,39,0.214856765873364,39
"1932.4","1396513",0.99,0.925,40,0.911764705882353,34,0.21594555676504,40,0.182808196217373,40
"1933.4","1396517",0.99,0.8,15,0.909090909090909,11,0.0704451287358076,32,0.0673852329024743,32
"1934.4","1396520",0.99,0.95,40,0.944444444444444,36,0.235501833967689,40,0.196722340188195,40
"1935.4","1396566",0.99,0.925925925925926,27,0.91304347826087,23,0.0624994587493485,37,0.0443007787859627,37
"1936.4","1396572",0.99,0.9375,32,0.928571428571429,28,0.0895872828256032,37,0.0836974120163775,37
"1937.4","1396586",0.99,0.942857142857143,35,0.939393939393939,33,0.0864873303917554,39,0.0835234483956153,39
"1938.4","1396606",0.99,0.931034482758621,29,0.92,25,0.0877172498214946,38,0.0715886931356623,38
"1939.4","1396608",0.99,0.975,40,0.973684210526316,38,0.253933714504856,40,0.236393391924211,40
"1940.4","1396609",0.99,NA,0,NA,0,0,34,0,34
"1941.4","1396647",0.99,0.894736842105263,38,0.866666666666667,30,0.29939002515823,39,0.235853769978482,39
"1942.4","1396655",0.99,0.925,40,0.911764705882353,34,0.25767559475843,38,0.195859062311218,38
"1943.4","1396659",0.99,0.95,40,0.972222222222222,36,0.505751772635949,40,0.463201741366406,40
"1944.4","1396678",0.99,0.925,40,0.911764705882353,34,0.181959799968198,39,0.161112737739105,39
"1945.4","1396688",0.99,0.806451612903226,31,0.954545454545455,22,0.0810029150421507,31,0.062136834885748,31
"1946.4","1396703",0.99,1,19,1,19,0.0594525203860087,38,0.0594525203860087,38
"1947.4","1396737",0.99,0.9,40,0.914285714285714,35,0.445498475122512,40,0.387284189408226,40
"1948.4","1396740",0.99,NA,0,NA,0,0,38,0,38
"1949.4","1396743",0.99,0.975,40,0.973684210526316,38,0.354802969301118,40,0.339903979402128,40
"1950.4","1396744",0.99,0.897435897435897,39,0.870967741935484,31,0.195183915301001,38,0.156809230631811,38
"1951.4","1396745",0.99,0.95,40,0.944444444444444,36,0.184760666747394,40,0.162357136369726,40
"1952.4","1396776",0.99,0.9,40,0.875,32,0.121826472589072,39,0.100124889349027,39
"1953.4","1396795",0.99,NA,0,NA,0,0,38,0,38
"1954.4","1396801",0.99,0.875,40,0.90625,32,0.315775654168669,39,0.242748872521198,39
"1955.4","1396804",0.99,0.933333333333333,30,0.962962962962963,27,0.117227323960612,37,0.112313319046607,37
"1956.4","1396818",0.99,0.942857142857143,35,0.96875,32,0.0730966205994325,39,0.0697747063463442,39
"1957.4","1396834",0.99,0.975,40,0.973684210526316,38,0.565624537860574,40,0.540958451914001,40
"1958.4","1396841",0.99,0.925,40,0.942857142857143,35,0.268369574414482,40,0.22698718868427,40
"1959.4","1396857",0.99,0.9,40,0.90625,32,0.613304010812693,40,0.490643085455534,40
"1960.4","1396896",0.99,0.925,40,0.911764705882353,34,0.23299863234772,38,0.195531305571183,38
"1961.4","1396907",0.99,NA,0,NA,0,0,38,0,38
"1962.4","1396909",0.99,0.95,40,0.944444444444444,36,0.155026165248918,39,0.141498061150094,39
"1963.4","1396915",0.99,0.95,40,0.944444444444444,36,0.261671961225522,40,0.241395380765751,40
"1964.4","1396928",0.99,0.95,40,0.944444444444444,36,0.212177221799167,40,0.177590902945606,40
"1965.4","1396935",0.99,0.925,40,0.942857142857143,35,0.367940151872416,40,0.327405994232995,40
"1966.4","1396989",0.99,0.975,40,0.973684210526316,38,0.381847284757565,40,0.356020078875212,40
"1967.4","1396999",0.99,0.7,10,0.833333333333333,6,0.010839160088469,37,0.00664178089108981,37
"1968.4","1397033",0.99,0.909090909090909,33,0.925925925925926,27,0.147539340454955,39,0.119371200416316,39
"1969.4","1397056",0.99,0.9,40,0.909090909090909,33,0.21618917189774,39,0.171457460014492,39
"1970.4","1397062",0.99,NA,0,NA,0,0,29,0,29
"1971.4","1397070",0.99,0.961538461538462,26,0.958333333333333,24,0.0977102502308029,39,0.0821488001865943,39
"1972.4","1397093",0.99,0.9,40,0.875,32,0.235306159358059,40,0.176850290205308,40
"1973.4","1397120",0.99,0.92,25,0.952380952380952,21,0.141208623724069,38,0.119518033612427,38
"1974.4","1397129",0.99,0.875,40,0.866666666666667,30,0.448492658155205,40,0.316573130813477,40
"1975.4","1397140",0.99,0.897435897435897,39,0.935483870967742,31,0.100340157672431,39,0.0792844694633232,39
"1976.4","1397146",0.99,0.925,40,0.911764705882353,34,0.303294211486629,39,0.269541828059928,39
"1977.4","1397182",0.99,NA,0,NA,0,0,40,0,40
"1978.4","1397187",0.99,0.975,40,0.973684210526316,38,0.504994565137355,40,0.482782021583348,40
"1979.4","1397203",0.99,0.975,40,0.973684210526316,38,0.224978313525658,40,0.209708427162021,40
"1980.4","1397222",0.99,0.925,40,0.941176470588235,34,0.287851482667638,38,0.257089919669233,38
"1981.4","1397238",0.99,0.95,40,0.944444444444444,36,0.48873555786202,40,0.439236535379126,40
"1982.4","1397260",0.99,0.75,12,0.9,10,0.0661029631288252,30,0.0661029631288252,30
"1983.4","1397273",0.99,0.875,40,0.838709677419355,31,0.317067092594799,39,0.254809905337612,39
"1984.4","1397295",0.99,NA,0,NA,0,0,37,0,37
"1985.4","1397297",0.99,0.864864864864865,37,0.931034482758621,29,0.158412094169144,36,0.13382801811448,36
"1986.4","1397301",0.99,0.9,40,0.878787878787879,33,0.324635804313467,39,0.260695213035017,39
"1987.4","1397310",0.99,0.925,40,0.911764705882353,34,0.160249358193021,38,0.139651553028617,38
"1988.4","1397319",0.99,0.825,40,0.857142857142857,28,0.172865579518805,37,0.121624864770026,37
"1989.4","1397345",0.99,0.875,32,0.833333333333333,24,0.119299516099323,37,0.0831840011740193,37
"1990.4","1397369",0.99,0.875,40,0.866666666666667,30,0.285515402981351,38,0.213062391596451,38
"1991.4","1397437",0.99,0.925,40,0.911764705882353,34,0.146943598264148,39,0.1067717986655,39
"1992.4","1397442",0.99,0.95,40,0.944444444444444,36,0.212226091191762,39,0.184197406913077,39
"1993.4","1397476",0.99,0.975,40,0.973684210526316,38,0.384337512492545,40,0.363183666338699,40
"1994.4","1397486",0.99,0.975,40,0.973684210526316,38,0.471816352905742,40,0.448556279645669,40
"1995.4","1397505",0.99,0.925,40,0.942857142857143,35,0.428521267816716,40,0.388017257987048,40
"1996.4","1397508",0.99,0.975,40,0.973684210526316,38,0.281873292630549,40,0.250736928994185,40
"1997.4","1397513",0.99,0.815789473684211,38,0.8,25,0.367540959567153,40,0.221729176974466,40
"1998.4","1397529",0.99,NA,0,NA,0,0,39,0,39
"1999.4","1397548",0.99,NA,0,NA,0,0,40,0,40
"2000.4","1397562",0.99,1,40,1,40,0.338422399789536,40,0.338422399789536,40
"2001.4","1397563",0.99,0.95,40,0.944444444444444,36,0.419673267553702,39,0.378776909010285,39
"2002.4","1397583",0.99,1,1,1,1,0.016,25,0.016,25
"2003.4","1397586",0.99,0.95,40,0.972972972972973,37,0.479752056713302,40,0.450585390046636,40
"2004.4","1398749",0.99,1,40,1,40,0.571311324289332,40,0.571311324289332,40
"2005.4","1398907",0.99,1,35,1,35,0.147282925407925,40,0.147282925407925,40
"2006.4","1398909",0.99,1,4,1,4,0.0338217338217338,39,0.0338217338217338,39
"2007.4","1398929",0.99,0.95,40,0.944444444444444,36,0.593227227444413,40,0.528684216691725,40
"2008.4","1398956",0.99,0.95,40,0.944444444444444,36,0.432191826920929,38,0.369192353084207,38
"2009.4","1399056",0.99,1,40,1,40,0.720728372497933,40,0.720728372497933,40
"2010.4","1399064",0.99,0.95,40,0.944444444444444,36,0.512617524118557,40,0.458671036599548,40
"2011.4","1399069",0.99,NA,0,NA,0,0,3,0,3
"2012.4","1399071",0.99,NA,0,NA,0,0,17,0,17
"2013.4","1399079",0.99,0.975,40,0.973684210526316,38,0.616203477627896,40,0.587870144294563,40
"2014.4","1399086",0.99,1,40,1,40,0.861803114400247,40,0.861803114400247,40
"2015.4","1399088",0.99,0.95,40,0.947368421052632,38,0.404388055961179,40,0.386263055961179,40
"2016.4","1399094",0.99,0.925,40,0.911764705882353,34,0.838974314384948,40,0.701290328363775,40
"2017.4","1399096",0.99,1,40,1,40,0.904067478672011,40,0.904067478672011,40
"2018.4","1399100",0.99,0.95,40,0.944444444444444,36,0.540019221519382,40,0.486438035909955,40
"2019.4","1399105",0.99,1,40,1,40,0.72137310075237,40,0.72137310075237,40
"2020.4","1399151",0.99,0.9,40,0.909090909090909,33,0.590461560228114,38,0.498170600975143,38
"2021.4","1399202",0.99,0.95,40,0.972972972972973,37,0.651181662908764,40,0.622725223514824,40
"2022.4","1399208",0.99,0.925,40,0.911764705882353,34,0.553657709392187,39,0.473393026756815,39
"2023.4","1399226",0.99,0.85,40,0.838709677419355,31,0.397065912856804,40,0.309055692114903,40
"2024.4","1399238",0.99,0.95,40,0.944444444444444,36,0.414356952416163,40,0.372374462407357,40
"2025.4","1399245",0.99,0.975,40,0.973684210526316,38,0.393851198155536,39,0.366102960729879,39
"2026.4","1399255",0.99,0.875,40,0.833333333333333,30,0.427292507785996,38,0.296794711571321,38
"2027.4","1399265",0.99,0.975,40,0.973684210526316,38,0.469282424595343,40,0.440861371963764,40
"2028.4","1399276",0.99,0.925,40,0.911764705882353,34,0.628981357671533,40,0.526339081248769,40
"2029.4","1399310",0.99,0.975,40,0.973684210526316,38,0.393256001009013,39,0.374268044521056,39
"2030.4","1399320",0.99,0.9,40,0.875,32,0.364590056522238,40,0.291125443062839,40
"2031.4","1399330",0.99,0.975,40,0.973684210526316,38,0.536702732163191,39,0.509666533068168,39
"2032.4","1399358",0.99,0.95,40,0.944444444444444,36,0.407488330721591,40,0.361986677902865,40
"2033.4","1399375",0.99,0.975,40,0.973684210526316,38,0.55379001216549,40,0.513385971761449,40
"2034.4","1399438",0.99,0.9,40,0.909090909090909,33,0.516377360167821,38,0.429056786005142,38
"2035.4","1399507",0.99,1,40,1,40,0.0719810209691999,40,0.0719810209691999,40
"2036.4","1399542",0.99,NA,0,NA,0,0,40,0,40
"2037.4","1399560",0.99,NA,0,NA,0,0,36,0,36
"2038.4","1399576",0.99,0.925,40,0.941176470588235,34,0.345671376605327,40,0.300860522970944,40
"2039.4","1399633",0.99,0.925,40,0.941176470588235,34,0.331555722577824,40,0.299146220315381,40
"2040.4","1399661",0.99,0.925,40,0.911764705882353,34,0.361490110297788,38,0.303581300840991,38
"2041.4","1399791",0.99,0.95,40,0.944444444444444,36,0.352645003949917,38,0.307393365963021,38
"2042.4","1399892",0.99,0.875,40,0.911764705882353,34,0.388082639953191,40,0.350708648017707,40
"2043.4","1399894",0.99,0.95,40,0.944444444444444,36,0.56645228603802,39,0.502608200016515,39
"2044.4","1399895",0.99,0.9,40,0.882352941176471,34,0.399864307381703,39,0.332830872532176,39
"2045.4","1399912",0.99,0.95,40,0.944444444444444,36,0.378149569780052,39,0.33560033157864,39
"2046.4","1399920",0.99,1,3,1,3,0.00519568151147099,40,0.00519568151147099,40
"2047.4","1399925",0.99,1,40,1,40,0.45912663817416,40,0.45912663817416,40
"2048.4","1399933",0.99,0.966666666666667,30,0.964285714285714,28,0.0946232725413767,40,0.0811973466154508,40
"2049.4","1399960",0.99,0.948717948717949,39,0.972222222222222,36,0.302723036736338,40,0.26954121855452,40
"2050.4","1399962",0.99,1,40,1,40,0.643975652212503,40,0.643975652212503,40
"2051.4","1401109",0.99,0.975,40,0.973684210526316,38,0.397520962348733,40,0.378852131179902,40
"2052.4","1401360",0.99,1,40,1,40,0.567757502430838,40,0.567757502430838,40
"2053.4","1401361",0.99,1,40,1,40,0.234803617398925,40,0.234803617398925,40
"2054.4","1401362",0.99,0.925,40,0.972222222222222,36,0.813604149054042,40,0.768506109838356,40
"2055.4","1401367",0.99,1,40,1,40,0.576999187103771,40,0.576999187103771,40
"2056.4","1401373",0.99,1,40,1,40,0.716708000626747,40,0.716708000626747,40
"2057.4","1401379",0.99,0.975,40,0.973684210526316,38,0.735034948143995,40,0.69938484243575,40
"2058.4","1401398",0.99,0.925,40,0.942857142857143,35,0.381799520369377,40,0.340130732354823,40
"2059.4","1401417",0.99,0.9,40,0.882352941176471,34,0.378334260778713,38,0.320452175758471,38
"2060.4","1401748",0.99,0.9,40,0.875,32,0.393259422596777,40,0.300442112591967,40
"2061.4","1401769",0.99,0.975,40,0.973684210526316,38,0.562052848645144,40,0.535954657430674,40
"2062.4","1401786",0.99,NA,0,NA,0,0,28,0,28
"2063.4","1401798",0.99,1,40,1,40,0.69872725871107,40,0.69872725871107,40
"2064.4","1401799",0.99,1,40,1,40,0.698097440641381,40,0.698097440641381,40
"2065.4","1401804",0.99,1,40,1,40,0.668353691867799,40,0.668353691867799,40
"2066.4","1401807",0.99,1,5,1,5,0.0134765672923568,39,0.0134765672923568,39
"2067.4","1401869",0.99,0.975,40,0.973684210526316,38,0.663426983242201,40,0.627426983242201,40
"2068.4","1401892",0.99,1,37,1,37,0.214746501245317,40,0.214746501245317,40
"2069.4","1401901",0.99,0.975,40,0.973684210526316,38,0.293698326805102,40,0.282972520353489,40
"2070.4","1401924",0.99,1,7,1,7,0.0146606988712252,38,0.0146606988712252,38
"2071.4","1401929",0.99,NA,0,NA,0,0,38,0,38
"2072.4","1401970",0.99,0.925,40,0.945945945945946,37,0.595332743831806,39,0.56449228799135,39
"2073.4","1401987",0.99,1,40,1,40,0.274414527033235,40,0.274414527033235,40
"2074.4","1405",0.99,0.95,40,0.944444444444444,36,0.304746093545572,40,0.276574846188278,40
"2075.4","1406993",0.99,0.925,40,0.911764705882353,34,0.703659394952873,40,0.590131464549943,40
"2076.4","1407025",0.99,0.975,40,0.973684210526316,38,0.348771896318336,40,0.336555987227427,40
"2077.4","1407033",0.99,1,40,1,40,0.178834148844791,40,0.178834148844791,40
"2078.4","1407036",0.99,1,40,1,40,0.387848159000442,40,0.387848159000442,40
"2079.4","1407037",0.99,1,40,1,40,0.372317760372806,40,0.372317760372806,40
"2080.4","1407041",0.99,0.975,40,0.973684210526316,38,0.445897913898107,40,0.418949861950055,40
"2081.4","1407065",0.99,0.975,40,0.973684210526316,38,0.363015233916373,40,0.34791783131897,40
"2082.4","1407075",0.99,1,40,1,40,0.416371919699227,40,0.416371919699227,40
"2083.4","1407081",0.99,1,40,1,40,0.154553283511294,40,0.154553283511294,40
"2084.4","1407086",0.99,1,40,1,40,0.399388695025305,40,0.399388695025305,40
"2085.4","1407088",0.99,1,40,1,40,0.273688793473842,40,0.273688793473842,40
"2086.4","1407089",0.99,0.975,40,0.973684210526316,38,0.451730808428757,40,0.423685936633886,40
"2087.4","1407101",0.99,1,20,1,20,0.0297188795573259,40,0.0297188795573259,40
"2088.4","1407103",0.99,NA,0,NA,0,0,40,0,40
"2089.4","1407105",0.99,NA,0,NA,0,0,39,0,39
"2090.4","1407110",0.99,NA,0,NA,0,0,40,0,40
"2091.4","1407128",0.99,0.925,40,0.945945945945946,37,0.622802287112739,40,0.591285193095645,40
"2092.4","1407216",0.99,NA,0,NA,0,0,7,0,7
"2093.4","1407217",0.99,NA,0,NA,0,0,11,0,11
"2094.4","1407233",0.99,NA,0,NA,0,0,2,0,2
"2095.4","1407242",0.99,NA,0,NA,0,0,12,0,12
"2096.4","1407273",0.99,1,40,1,40,0.329237695028332,40,0.329237695028332,40
"2097.4","1407277",0.99,0.95,40,0.944444444444444,36,0.369729109014418,40,0.323143183974546,40
"2098.4","1407282",0.99,1,40,1,40,0.271568684697861,40,0.271568684697861,40
"2099.4","1407295",0.99,0.95,40,0.944444444444444,36,0.657720234566505,40,0.586077172169132,40
"2100.4","1407313",0.99,1,40,1,40,0.485921079586714,40,0.485921079586714,40
"2101.4","1407379",0.99,1,40,1,40,0.228670900964235,40,0.228670900964235,40
"2102.4","1407391",0.99,1,40,1,40,0.395667670369557,40,0.395667670369557,40
"2103.4","1407397",0.99,NA,0,NA,0,0,40,0,40
"2104.4","1407400",0.99,0.975,40,0.973684210526316,38,0.735700147843922,40,0.698642221014654,40
"2105.4","1407404",0.99,0.925,40,0.941176470588235,34,0.513275651435497,40,0.448776213534896,40
"2106.4","1407418",0.99,0.875,40,0.870967741935484,31,0.408214836117404,40,0.315254486655039,40
"2107.4","1407432",0.99,0.95,40,0.944444444444444,36,0.543478270646693,40,0.490399452912703,40
"2108.4","1407433",0.99,0.925,40,0.911764705882353,34,0.564148555162703,40,0.466648555162703,40
"2109.4","1407443",0.99,0.95,40,0.944444444444444,36,0.496537065650106,40,0.444394208507249,40
"2110.4","1407457",0.99,0.85,40,0.862068965517241,29,0.46116553969258,40,0.335394930373583,40
"2111.4","1407485",0.99,NA,0,NA,0,0,38,0,38
"2112.4","1407493",0.99,0.868421052631579,38,0.892857142857143,28,0.10941932186881,40,0.0714271982516867,40
"2113.4","1407495",0.99,1,40,1,40,0.286192805732279,40,0.286192805732279,40
"2114.4","1407500",0.99,0.916666666666667,36,0.935483870967742,31,0.216956390507771,39,0.18904946837008,39
"2115.4","1407505",0.99,0.975,40,0.974358974358974,39,0.609934501739055,39,0.595575527380081,39
"2116.4","1407589",0.99,1,40,1,40,0.406791667276461,40,0.406791667276461,40
"2117.4","1407606",0.99,1,40,1,40,0.559162888149277,40,0.559162888149277,40
"2118.4","1407672",0.99,0.975,40,0.973684210526316,38,0.409444340970878,40,0.386810412399449,40
"2119.4","1407704",0.99,0.975,40,0.973684210526316,38,0.446409042145074,39,0.411610507346539,39
"2120.4","1407808",0.99,1,40,1,40,0.403139343399569,40,0.403139343399569,40
"2121.4","1407840",0.99,1,17,1,17,0.0618876366473349,40,0.0618876366473349,40
"2122.4","1407869",0.99,1,5,1,5,0.0294047619047619,40,0.0294047619047619,40
"2123.4","1407977",0.99,NA,0,NA,0,0,36,0,36
"2124.4","1408256",0.99,0.95,40,0.972222222222222,36,0.425672217043755,40,0.386002686889477,40
"2125.4","1408266",0.99,0.975,40,0.973684210526316,38,0.508074207642829,39,0.48383984530471,39
"2126.4","1408269",0.99,0.95,40,0.944444444444444,36,0.240850536873665,38,0.207398049948106,38
"2127.4","1408285",0.99,0.975,40,0.973684210526316,38,0.657219759751719,40,0.621652532860963,40
"2128.4","1408299",0.99,1,40,1,40,0.745980370676923,40,0.745980370676923,40
"2129.4","1408307",0.99,0.9,40,0.941176470588235,34,0.438226964258775,40,0.397396714490042,40
"2130.4","1408334",0.99,NA,0,NA,0,0,39,0,39
"2131.4","1410556",0.99,0.975,40,0.973684210526316,38,0.706268115942029,40,0.67022510021585,40
"2132.4","1417615",0.99,0.95,40,0.972972972972973,37,0.843027558190602,40,0.800636253842775,40
"2133.4","1419037",0.99,0.925,40,0.942857142857143,35,0.832717391304348,40,0.739830917874396,40
"2134.4","1429533",0.99,1,40,1,40,0.926712741673561,40,0.926712741673561,40
"2135.4","1430",0.99,0.975,40,0.973684210526316,38,0.571037206934381,40,0.546752628238038,40
"2136.4","1431388",0.99,1,40,1,40,0.706554677206851,40,0.706554677206851,40
"2137.4","1435846",0.99,1,40,1,40,0.701618357487923,40,0.701618357487923,40
"2138.4","1435847",0.99,1,40,1,40,0.916086956521739,40,0.916086956521739,40
"2139.4","1436707",0.99,1,40,1,40,0.632439906148522,40,0.632439906148522,40
"2140.4","1442",0.99,NA,0,NA,0,0,40,0,40
"2141.4","1444086",0.99,1,40,1,40,0.496432681045165,40,0.496432681045165,40
"2142.4","1446239",0.99,1,40,1,40,0.794422570022616,40,0.794422570022616,40
"2143.4","1446403",0.99,0.975,40,0.973684210526316,38,0.690271739130435,40,0.655489130434783,40
"2144.4","1446407",0.99,0.975,40,0.973684210526316,38,0.571079819938516,40,0.541188515590689,40
"2145.4","1456453",0.99,1,32,1,32,0.202081006769748,40,0.202081006769748,40
"2146.4","1456462",0.99,1,40,1,40,0.779131226317778,40,0.779131226317778,40
"2147.4","1456467",0.99,1,40,1,40,0.726443236714976,40,0.726443236714976,40
"2148.4","1456560",0.99,1,40,1,40,0.702569212931306,40,0.702569212931306,40
"2149.4","1456566",0.99,1,40,1,40,0.719449698851873,40,0.719449698851873,40
"2150.4","1456569",0.99,1,40,1,40,0.776396025472112,40,0.776396025472112,40
"2151.4","1457001",0.99,1,40,1,40,0.920191040843215,40,0.920191040843215,40
"2152.4","1457005",0.99,1,40,1,40,0.927384716732543,40,0.927384716732543,40
"2153.4","1457019",0.99,1,40,1,40,0.916050724637681,40,0.916050724637681,40
"2154.4","1459320",0.99,1,40,1,40,0.819346587717417,40,0.819346587717417,40
"2155.4","1459336",0.99,1,40,1,40,0.858564150220048,40,0.858564150220048,40
"2156.4","1459339",0.99,1,40,1,40,0.687737444359001,40,0.687737444359001,40
"2157.4","1459774",0.99,1,40,1,40,0.66336471226123,40,0.66336471226123,40
"2158.4","1459779",0.99,1,40,1,40,0.755934782973459,40,0.755934782973459,40
"2159.4","1459801",0.99,1,40,1,40,0.592286451471234,40,0.592286451471234,40
"2160.4","1459814",0.99,1,40,1,40,0.619459828313468,40,0.619459828313468,40
"2161.4","1459824",0.99,1,40,1,40,0.707485124975014,40,0.707485124975014,40
"2162.4","1462127",0.99,1,40,1,40,0.900470465524813,40,0.900470465524813,40
"2163.4","1466686",0.99,1,40,1,40,0.53182856433366,40,0.53182856433366,40
"2164.4","1466696",0.99,1,40,1,40,0.345788961347486,40,0.345788961347486,40
"2165.4","1471122",0.99,0.973684210526316,38,0.972972972972973,37,0.314815189396526,39,0.29840493298627,39
"2166.4","1471140",0.99,0.975,40,0.973684210526316,38,0.476051546869904,40,0.455091181016245,40
"2167.4","1471150",0.99,1,5,1,5,0.0139061549895277,38,0.0139061549895277,38
"2168.4","1471160",0.99,NA,0,NA,0,0,40,0,40
"2169.4","1471179",0.99,1,40,1,40,0.469427830893206,40,0.469427830893206,40
"2170.4","1471231",0.99,NA,0,NA,0,0,22,0,22
"2171.4","1471324",0.99,0.923076923076923,13,0.909090909090909,11,0.09949173843772,33,0.0635343383498851,33
"2172.4","1471383",0.99,0.975,40,0.973684210526316,38,0.591391669863757,40,0.561055131402218,40
"2173.4","1471386",0.99,1,40,1,40,0.474515061909799,40,0.474515061909799,40
"2174.4","1471402",0.99,0.975,40,0.973684210526316,38,0.673393442002014,40,0.637505284107277,40
"2175.4","1471764",0.99,0.9,40,0.882352941176471,34,0.413573919188063,39,0.337940099602631,39
"2176.4","1471782",0.99,0.897435897435897,39,0.870967741935484,31,0.289176247512829,40,0.229619268662372,40
"2177.4","1471803",0.99,0.975,40,0.973684210526316,38,0.48346819749245,40,0.458715866490119,40
"2178.4","1471824",0.99,0.975,40,0.973684210526316,38,0.32946146441849,40,0.312700100782126,40
"2179.4","1471862",0.99,0.95,40,0.944444444444444,36,0.33927910186025,40,0.30381398558118,40
"2180.4","1471893",0.99,0.925,40,0.911764705882353,34,0.513645612149793,40,0.433222331726513,40
"2181.4","1471895",0.99,0.95,40,0.944444444444444,36,0.470056920297206,40,0.425738993126337,40
"2182.4","1471899",0.99,0.975,40,0.973684210526316,38,0.528370761373023,40,0.506863408431847,40
"2183.4","1471906",0.99,0.975,40,0.973684210526316,38,0.551327406121604,40,0.52174407278827,40
"2184.4","1471907",0.99,0.95,40,0.944444444444444,36,0.514326208099626,40,0.468189310332293,40
"2185.4","1471909",0.99,0.975,40,0.973684210526316,38,0.557063321640889,40,0.534409362696608,40
"2186.4","1471919",0.99,0.9,40,0.90625,32,0.446219797493204,40,0.357452481475888,40
"2187.4","1471920",0.99,0.975,40,0.973684210526316,38,0.44146689783143,40,0.423285079649612,40
"2188.4","1471934",0.99,0.925,40,0.911764705882353,34,0.421774756469398,40,0.36785821779776,40
"2189.4","1471939",0.99,0.95,40,0.944444444444444,36,0.454322943856907,40,0.420908713837413,40
"2190.4","1471962",0.99,0.95,40,0.944444444444444,36,0.420350092220713,40,0.37693983533727,40
"2191.4","1471982",0.99,0.975,40,0.973684210526316,38,0.574253357493142,40,0.550509971249756,40
"2192.4","1471998",0.99,0.975,40,0.973684210526316,38,0.485125808413572,40,0.461705478743242,40
"2193.4","1472009",0.99,0.975,40,0.973684210526316,38,0.490156681001544,40,0.46877077897048,40
"2194.4","1472026",0.99,0.95,40,0.944444444444444,36,0.50636942516752,40,0.456534924675124,40
"2195.4","1472027",0.99,0.975,40,0.973684210526316,38,0.53907945744579,40,0.514435582801915,40
"2196.4","1472032",0.99,0.975,40,0.973684210526316,38,0.845813492063492,40,0.806924603174603,40
"2197.4","1472034",0.99,0.975,40,0.973684210526316,38,0.656760030731776,40,0.627190138258658,40
"2198.4","1472047",0.99,0.975,40,0.973684210526316,38,0.584795842246639,40,0.557946466132557,40
"2199.4","1472054",0.99,0.975,40,0.973684210526316,38,0.603994504977269,40,0.580025799429616,40
"2200.4","1472087",0.99,1,40,1,40,0.541271237627754,40,0.541271237627754,40
"2201.4","1472093",0.99,1,40,1,40,0.573907764224183,40,0.573907764224183,40
"2202.4","1472098",0.99,0.95,40,0.944444444444444,36,0.490204000496952,40,0.444382875483753,40
"2203.4","1472103",0.99,0.95,40,0.944444444444444,36,0.547392135853621,40,0.491750814809074,40
"2204.4","1472119",0.99,1,40,1,40,0.701588772345635,40,0.701588772345635,40
"2205.4","1472125",0.99,0.9,40,0.875,32,0.506815578945912,40,0.412432432263758,40
"2206.4","1472134",0.99,0.95,40,0.944444444444444,36,0.585312830760055,40,0.526523555519167,40
"2207.4","1472136",0.99,0.975,40,0.973684210526316,38,0.52296563992209,40,0.494261936218386,40
"2208.4","1472137",0.99,0.925,40,0.911764705882353,34,0.443241730009897,40,0.371919760312927,40
"2209.4","1472143",0.99,0.975,40,0.973684210526316,38,0.496582137145301,40,0.475867175024089,40
"2210.4","1472149",0.99,0.95,40,0.944444444444444,36,0.528217505143849,40,0.472870282921627,40
"2211.4","1472166",0.99,0.975,40,0.973684210526316,38,0.581001304741866,40,0.553060128271278,40
"2212.4","1472169",0.99,0.95,40,0.945945945945946,37,0.568050650486823,40,0.530235835672008,40
"2213.4","1472178",0.99,0.975,40,0.973684210526316,38,0.554109411299518,40,0.531988199178306,40
"2214.4","1472179",0.99,0.975,40,0.973684210526316,38,0.4941682858977,40,0.4681682858977,40
"2215.4","1473161",0.99,1,40,1,40,0.719384057971014,40,0.719384057971014,40
"2216.4","1474241",0.99,1,40,1,40,0.72332729468599,40,0.72332729468599,40
"2217.4","1474254",0.99,0.95,40,0.944444444444444,36,0.433800827565483,40,0.390934665949322,40
"2218.4","1474261",0.99,0.975,40,0.973684210526316,38,0.517893232698171,40,0.496178116419102,40
"2219.4","1474263",0.99,0.975,40,0.973684210526316,38,0.573562515032358,40,0.543209950929794,40
"2220.4","1474436",0.99,0.974358974358974,39,0.972972972972973,37,0.490039012561055,39,0.464428117384942,39
"2221.4","1474447",0.99,NA,0,NA,0,0,32,0,32
"2222.4","1474454",0.99,NA,0,NA,0,0,36,0,36
"2223.4","1474572",0.99,1,40,1,40,0.653030499305237,40,0.653030499305237,40
"2224.4","1474573",0.99,1,40,1,40,0.713015857827878,40,0.713015857827878,40
"2225.4","1474831",0.99,0.95,40,0.944444444444444,36,0.309294829716105,38,0.253396954947884,38
"2226.4","1474836",0.99,0.975,40,0.975,40,0.561068736355427,40,0.561068736355427,40
"2227.4","1474839",0.99,1,40,1,40,0.528833256244218,40,0.528833256244218,40
"2228.4","1474858",0.99,0.95,40,0.944444444444444,36,0.614128828645987,40,0.552648736921993,40
"2229.4","1474911",0.99,1,40,1,40,0.712776749922911,40,0.712776749922911,40
"2230.4","1474918",0.99,NA,0,NA,0,0,36,0,36
"2231.4","1474929",0.99,0.939393939393939,33,0.931034482758621,29,0.131500053718734,40,0.112298182792725,40
"2232.4","1474980",0.99,0.973684210526316,38,0.972222222222222,36,0.128806927764266,39,0.125923753966549,39
"2233.4","1474981",0.99,1,1,1,1,0.000806451612903226,40,0.000806451612903226,40
"2234.4","1474985",0.99,0.5,2,0.5,2,0.00154798761609907,38,0.00154798761609907,38
"2235.4","1475019",0.99,0.975,40,0.973684210526316,38,0.573004770648496,40,0.544511180904906,40
"2236.4","1475020",0.99,0.975,40,0.973684210526316,38,0.467385816066138,40,0.442948667848502,40
"2237.4","1475036",0.99,0.95,40,0.944444444444444,36,0.272192161840701,40,0.238834603701166,40
"2238.4","1475064",0.99,0.925,40,0.911764705882353,34,0.389451667871672,39,0.317015770435774,39
"2239.4","1475159",0.99,0.925,40,0.941176470588235,34,0.468467621702916,39,0.375089757736817,39
"2240.4","1475183",0.99,0.918918918918919,37,0.903225806451613,31,0.192593086183943,39,0.154739241433546,39
"2241.4","1475204",0.99,0.975,40,0.973684210526316,38,0.924676225716929,40,0.877358926919519,40
"2242.4","1475224",0.99,0.975,40,0.973684210526316,38,0.507407588304766,40,0.480264731161909,40
"2243.4","1475248",0.99,0.975,40,0.973684210526316,38,0.318347521019452,39,0.307358510030441,39
"2244.4","1475250",0.99,0.972972972972973,37,0.971428571428571,35,0.151777339512179,39,0.14440310136871,39
"2245.4","1475268",0.99,NA,0,NA,0,0,34,0,34
"2246.4","1475272",0.99,NA,0,NA,0,0,39,0,39
"2247.4","1475274",0.99,NA,0,NA,0,0,34,0,34
"2248.4","1476044",0.99,0.95,40,0.944444444444444,36,0.19260924730304,40,0.168066290260083,40
"2249.4","1476062",0.99,0.95,40,0.944444444444444,36,0.455739001095002,40,0.412706906500407,40
"2250.4","1476113",0.99,1,40,1,40,0.532940590512839,40,0.532940590512839,40
"2251.4","1476117",0.99,1,40,1,40,0.538703715558485,40,0.538703715558485,40
"2252.4","1476124",0.99,0.975,40,0.973684210526316,38,0.346253661557955,39,0.325383059292004,39
"2253.4","1476147",0.99,0.925,40,0.941176470588235,34,0.423634864803305,40,0.361763996653367,40
"2254.4","1476488",0.99,1,40,1,40,0.696618351104575,40,0.696618351104575,40
"2255.4","1476491",0.99,1,40,1,40,0.925572001233426,40,0.925572001233426,40
"2256.4","1476503",0.99,NA,0,NA,0,NA,0,NA,0
"2257.4","1476505",0.99,1,40,1,40,0.752146615082014,40,0.752146615082014,40
"2258.4","1476520",0.99,1,40,1,40,0.744127432841404,40,0.744127432841404,40
"2259.4","1476522",0.99,1,40,1,40,0.74158954103033,40,0.74158954103033,40
"2260.4","1476528",0.99,1,40,1,40,0.740103151348859,40,0.740103151348859,40
"2261.4","1476551",0.99,0.95,40,0.972222222222222,36,0.606411337075417,40,0.571173760789454,40
"2262.4","1481",0.99,0.975,40,0.973684210526316,38,0.375190744474313,39,0.358410227693796,39
"2263.4","1481041",0.99,0.975,40,0.973684210526316,38,0.449487695759182,40,0.430043251314738,40
"2264.4","1481058",0.99,0.975,40,0.973684210526316,38,0.404509139303334,40,0.380846668807661,40
"2265.4","1481071",0.99,0.9,40,0.90625,32,0.389052206507449,39,0.306763253630261,39
"2266.4","1494",0.99,0.882352941176471,17,0.846153846153846,13,0.0497021180346783,39,0.0441556187344355,39
"2267.4","1504",0.99,0.82051282051282,39,0.896551724137931,29,0.300743935938023,36,0.229142665737432,36
"2268.4","1506",0.99,1,4,1,4,0.00996490676723235,37,0.00996490676723235,37
"2269.4","1512",0.99,0.945945945945946,37,0.96969696969697,33,0.157612239595257,38,0.147443167722026,38
"2270.4","1535",0.99,0.975,40,0.973684210526316,38,0.337643993010598,40,0.321180578376452,40
"2271.4","1537801",0.99,1,40,1,40,0.53258270726248,40,0.53258270726248,40
"2272.4","1537809",0.99,0.9,40,0.90625,32,0.553252176815481,40,0.452789275895263,40
"2273.4","1537834",0.99,0.972972972972973,37,0.972972972972973,37,0.220228054399233,39,0.220228054399233,39
"2274.4","1537879",0.99,1,40,1,40,0.553040991642124,40,0.553040991642124,40
"2275.4","1537883",0.99,0.975,40,0.973684210526316,38,0.454059140642445,40,0.430423617978245,40
"2276.4","1537891",0.99,0.975,40,0.973684210526316,38,0.428325875191625,40,0.40808777995353,40
"2277.4","1537928",0.99,NA,0,NA,0,0,3,0,3
"2278.4","1537929",0.99,NA,0,NA,0,0,11,0,11
"2279.4","1537936",0.99,0.95,40,0.944444444444444,36,0.595210635803672,40,0.529689141793806,40
"2280.4","1537941",0.99,NA,0,NA,0,0,9,0,9
"2281.4","1537946",0.99,NA,0,NA,0,NA,0,NA,0
"2282.4","1537947",0.99,0.975,40,0.973684210526316,38,0.627465405760474,40,0.596404799699868,40
"2283.4","1537952",0.99,0.95,40,0.972972972972973,37,0.705382015664719,40,0.670709184939257,40
"2284.4","1537961",0.99,NA,0,NA,0,0,39,0,39
"2285.4","1537962",0.99,0.975,40,0.973684210526316,38,0.140175590943249,39,0.134948766485655,39
"2286.4","1537983",0.99,0.825,40,0.777777777777778,27,0.393844983570107,38,0.256286782716066,38
"2287.4","1537999",0.99,1,40,1,40,0.704798797409806,40,0.704798797409806,40
"2288.4","1538003",0.99,1,40,1,40,0.695189639222942,40,0.695189639222942,40
"2289.4","1538296",0.99,0.975,40,0.973684210526316,38,0.589967021411067,40,0.559191276153614,40
"2290.4","1538676",0.99,0.925,40,0.911764705882353,34,0.349469976319979,40,0.292363028847178,40
"2291.4","1539498",0.99,0.95,40,0.944444444444444,36,0.432794280252551,40,0.379383427539372,40
"2292.4","1539766",0.99,1,40,1,40,0.742482783627285,40,0.742482783627285,40
"2293.4","1539817",0.99,1,40,1,40,0.495239192310131,40,0.495239192310131,40
"2294.4","1539962",0.99,0.925,40,0.911764705882353,34,0.643492537421071,40,0.545925916258312,40
"2295.4","1545603",0.99,0.95,40,0.944444444444444,36,0.558047429830518,40,0.503633755269785,40
"2296.4","1545610",0.99,0.975,40,0.973684210526316,38,0.49223575016904,40,0.469153363805404,40
"2297.4","1545614",0.99,0.9,40,0.90625,32,0.426014608365295,40,0.345737069211982,40
"2298.4","1545730",0.99,0.975,40,0.973684210526316,38,0.365332819445785,39,0.34088014793429,39
"2299.4","1545746",0.99,0.975,40,0.973684210526316,38,0.407112883489658,39,0.386838584145591,39
"2300.4","1545747",0.99,0.975,40,0.973684210526316,38,0.366896034870654,39,0.35154931262738,39
"2301.4","1545826",0.99,0.9,40,0.878787878787879,33,0.387695440804498,40,0.305327019751867,40
"2302.4","1545833",0.99,0.95,40,0.944444444444444,36,0.655801296267087,39,0.598683867104629,39
"2303.4","1545854",0.99,0.95,40,0.973684210526316,38,0.545487475881302,40,0.537987475881302,40
"2304.4","1545861",0.99,0.9,40,0.882352941176471,34,0.448365015360983,40,0.369470862135177,40
"2305.4","1545862",0.99,0.925,40,0.941176470588235,34,0.538305133781046,40,0.45571257513002,40
"2306.4","1545863",0.99,0.925,40,0.911764705882353,34,0.544268679349325,39,0.440327897908543,39
"2307.4","1545875",0.99,0.925,40,0.911764705882353,34,0.228974529459018,38,0.183612710535387,38
"2308.4","1545881",0.99,0.925,40,0.942857142857143,35,0.509073282699662,40,0.456083043771923,40
"2309.4","1545899",0.99,0.9,40,0.90625,32,0.484922573602704,40,0.386840187239068,40
"2310.4","1545959",0.99,0.975,40,0.973684210526316,38,0.666218091521648,40,0.624463889840976,40
"2311.4","1545979",0.99,1,40,1,40,0.762322282789674,40,0.762322282789674,40
"2312.4","1545980",0.99,0.925,40,0.911764705882353,34,0.627781757446392,40,0.524448424113058,40
"2313.4","1545986",0.99,0.9375,16,0.9375,16,0.0577228125525506,39,0.0577228125525506,39
"2314.4","1545990",0.99,NA,0,NA,0,0,14,0,14
"2315.4","1545995",0.99,NA,0,NA,0,0,40,0,40
"2316.4","1546013",0.99,1,40,1,40,0.337959657945441,40,0.337959657945441,40
"2317.4","1546015",0.99,1,40,1,40,0.371168311032888,40,0.371168311032888,40
"2318.4","1546027",0.99,1,40,1,40,0.316661217158685,40,0.316661217158685,40
"2319.4","1546028",0.99,1,40,1,40,0.3029821772053,40,0.3029821772053,40
"2320.4","1546032",0.99,1,40,1,40,0.31171293641444,40,0.31171293641444,40
"2321.4","1546035",0.99,0.975,40,0.973684210526316,38,0.438795419254658,40,0.42483388079312,40
"2322.4","1546045",0.99,1,40,1,40,0.300272232267512,40,0.300272232267512,40
"2323.4","1546057",0.99,1,40,1,40,0.243808501770919,40,0.243808501770919,40
"2324.4","1546062",0.99,1,10,1,10,0.0627613624846826,33,0.0627613624846826,33
"2325.4","1546067",0.99,0.833333333333333,12,0.875,8,0.091450655185833,33,0.0528877687968597,33
"2326.4","1546075",0.99,1,14,1,14,0.0988855237867095,33,0.0988855237867095,33
"2327.4","1546079",0.99,0.95,40,0.972222222222222,36,0.538551837848056,40,0.49121668963269,40
"2328.4","1546095",0.99,1,2,1,2,0.00916666666666667,40,0.00916666666666667,40
"2329.4","1546103",0.99,1,40,1,40,0.56561933314705,40,0.56561933314705,40
"2330.4","1546105",0.99,1,38,1,38,0.163025597171814,40,0.163025597171814,40
"2331.4","1546107",0.99,0.973684210526316,38,0.972222222222222,36,0.133701383882184,40,0.124555042418769,40
"2332.4","1546108",0.99,1,40,1,40,0.175659800836197,40,0.175659800836197,40
"2333.4","1546116",0.99,1,39,1,39,0.18005673071971,40,0.18005673071971,40
"2334.4","1546119",0.99,1,39,1,39,0.168569893662775,40,0.168569893662775,40
"2335.4","1546161",0.99,0.973684210526316,38,0.972222222222222,36,0.133769614415713,40,0.125644614415713,40
"2336.4","1546182",0.99,1,40,1,40,0.181932400532929,40,0.181932400532929,40
"2337.4","1546209",0.99,0.974358974358974,39,0.972972972972973,37,0.205627826866837,40,0.195744105936605,40
"2338.4","1546215",0.99,1,40,1,40,0.29991977532427,40,0.29991977532427,40
"2339.4","1546228",0.99,1,40,1,40,0.303958073973672,40,0.303958073973672,40
"2340.4","1546236",0.99,1,40,1,40,0.328422820806465,40,0.328422820806465,40
"2341.4","1546246",0.99,1,40,1,40,0.313742902277269,40,0.313742902277269,40
"2342.4","1546247",0.99,1,40,1,40,0.269631500814853,40,0.269631500814853,40
"2343.4","1546249",0.99,1,40,1,40,0.296017630993232,40,0.296017630993232,40
"2344.4","1546253",0.99,1,40,1,40,0.282273070471454,40,0.282273070471454,40
"2345.4","1546263",0.99,1,40,1,40,0.232218477952208,40,0.232218477952208,40
"2346.4","1546268",0.99,1,40,1,40,0.36895525603363,40,0.36895525603363,40
"2347.4","1546275",0.99,1,40,1,40,0.293371973066192,40,0.293371973066192,40
"2348.4","1546281",0.99,1,40,1,40,0.375207472382033,40,0.375207472382033,40
"2349.4","1546294",0.99,1,40,1,40,0.242783983482012,40,0.242783983482012,40
"2350.4","1546348",0.99,0.975,40,0.973684210526316,38,0.512298864720154,39,0.482897155318445,39
"2351.4","1546359",0.99,1,40,1,40,0.491304277984748,40,0.491304277984748,40
"2352.4","1546367",0.99,1,40,1,40,0.405561967417469,40,0.405561967417469,40
"2353.4","1546368",0.99,1,40,1,40,0.353922654530473,40,0.353922654530473,40
"2354.4","1546374",0.99,1,40,1,40,0.457753492763464,40,0.457753492763464,40
"2355.4","1546393",0.99,0.974358974358974,39,0.972972972972973,37,0.284208772508154,40,0.266351629651011,40
"2356.4","1546398",0.99,0.974358974358974,39,0.972972972972973,37,0.221029523776065,39,0.206764655852661,39
"2357.4","1546407",0.99,0.916666666666667,36,0.9,30,0.165394625472145,36,0.135081807368629,36
"2358.4","1546411",0.99,0.974358974358974,39,0.972972972972973,37,0.205430594576227,40,0.195311546957179,40
"2359.4","1546418",0.99,0.971428571428571,35,0.96969696969697,33,0.181108986577356,40,0.169366562334932,40
"2360.4","1546424",0.99,1,40,1,40,0.224109152632005,40,0.224109152632005,40
"2361.4","1546434",0.99,1,40,1,40,0.250487778707843,40,0.250487778707843,40
"2362.4","1546440",0.99,1,40,1,40,0.256572599384922,40,0.256572599384922,40
"2363.4","1546460",0.99,NA,0,NA,0,0,39,0,39
"2364.4","1546463",0.99,1,3,1,3,0.0130647130647131,39,0.0130647130647131,39
"2365.4","1546496",0.99,1,40,1,40,0.232157681267216,40,0.232157681267216,40
"2366.4","1546508",0.99,1,40,1,40,0.335605256873994,40,0.335605256873994,40
"2367.4","1546510",0.99,1,40,1,40,0.345304447396053,40,0.345304447396053,40
"2368.4","1546534",0.99,1,40,1,40,0.181539673247699,40,0.181539673247699,40
"2369.4","1546538",0.99,1,40,1,40,0.197509543184174,40,0.197509543184174,40
"2370.4","1546564",0.99,1,39,1,39,0.222374835023515,40,0.222374835023515,40
"2371.4","1546569",0.99,1,40,1,40,0.32454695828845,40,0.32454695828845,40
"2372.4","1546575",0.99,1,40,1,40,0.200813435829326,40,0.200813435829326,40
"2373.4","1546600",0.99,1,40,1,40,0.241897315673549,40,0.241897315673549,40
"2374.4","1546645",0.99,0.95,40,0.944444444444444,36,0.29659121592645,39,0.267074932088884,39
"2375.4","1546666",0.99,0.875,40,0.870967741935484,31,0.575073612578386,39,0.437253883024785,39
"2376.4","1546686",0.99,0.975,40,0.973684210526316,38,0.373622831580688,40,0.35677766634201,40
"2377.4","1546725",0.99,0.975,40,0.973684210526316,38,0.38353408505461,39,0.369111008131534,39
"2378.4","1546744",0.99,1,1,1,1,0.00235294117647059,34,0.00235294117647059,34
"2379.4","1546746",0.99,0.975,40,0.973684210526316,38,0.564628432073128,39,0.519905712931804,39
"2380.4","1546769",0.99,0.925,40,0.911764705882353,34,0.495505554265287,39,0.417030042322033,39
"2381.4","1546770",0.99,0.9,40,0.909090909090909,33,0.578382944781098,39,0.483486169618669,39
"2382.4","1546777",0.99,0.95,40,0.944444444444444,36,0.411637955948008,40,0.35531431008168,40
"2383.4","1546829",0.99,0.894736842105263,38,0.866666666666667,30,0.180865520132357,39,0.14478068992988,39
"2384.4","1546852",0.99,0.96,25,0.956521739130435,23,0.0468153307685465,39,0.043784394313697,39
"2385.4","1546862",0.99,0.925,40,0.911764705882353,34,0.181170589438714,38,0.155651512214814,38
"2386.4","1546871",0.99,0.833333333333333,12,0.875,8,0.0209472595762918,37,0.0138727363727364,37
"2387.4","1546878",0.99,0.875,40,0.866666666666667,30,0.141236006320681,37,0.109735007448993,37
"2388.4","1546879",0.99,0.975,40,0.973684210526316,38,0.414568638823491,40,0.381235305490158,40
"2389.4","1546912",0.99,0.875,40,0.90625,32,0.373301421025417,40,0.312720216250848,40
"2390.4","1546943",0.99,NA,0,NA,0,0,38,0,38
"2391.4","1546960",0.99,0.933333333333333,15,0.933333333333333,15,0.0244965367003743,37,0.0244965367003743,37
"2392.4","1546971",0.99,1,12,1,12,0.0274188382812307,39,0.0274188382812307,39
"2393.4","1547014",0.99,0.9,40,0.875,32,0.212832715727157,38,0.165449970198007,38
"2394.4","1547016",0.99,0.897435897435897,39,0.90625,32,0.242153918205222,36,0.212042757579356,36
"2395.4","1547031",0.99,1,7,1,7,0.0242399527026588,40,0.0242399527026588,40
"2396.4","1547039",0.99,0.974358974358974,39,0.972972972972973,37,0.115338817936598,40,0.102593719897382,40
"2397.4","1547063",0.99,0.911764705882353,34,0.892857142857143,28,0.146733503825427,40,0.0863619309538537,40
"2398.4","1547075",0.99,0.947368421052632,38,0.941176470588235,34,0.274498357162149,40,0.251179686585414,40
"2399.4","1547094",0.99,0.9,40,0.941176470588235,34,0.288225737737987,40,0.272931934319184,40
"2400.4","1547099",0.99,0.875,40,0.903225806451613,31,0.365354462441929,39,0.290316432520606,39
"2401.4","1547112",0.99,0.9,20,0.875,16,0.0769642440207798,34,0.0375638997045544,34
"2402.4","1547126",0.99,0.5,10,0.5,4,0.0461125541125541,15,0.02,15
"2403.4","1547146",0.99,0.925,40,0.911764705882353,34,0.390414576230651,40,0.319057087304848,40
"2404.4","1547149",0.99,NA,0,NA,0,0,35,0,35
"2405.4","1547202",0.99,0.9,40,0.9375,32,0.192944998669462,38,0.157503142692328,38
"2406.4","1547229",0.99,0.948717948717949,39,0.942857142857143,35,0.399518993344787,39,0.358385992534367,39
"2407.4","1547236",0.99,NA,0,NA,0,0,24,0,24
"2408.4","1547243",0.99,0.95,40,0.944444444444444,36,0.403700805724626,40,0.367094867802898,40
"2409.4","1547245",0.99,0.948717948717949,39,0.942857142857143,35,0.319138165887132,40,0.287365793144932,40
"2410.4","1547259",0.99,NA,0,NA,0,0,37,0,37
"2411.4","1547262",0.99,0.911764705882353,34,0.935483870967742,31,0.18668686113381,35,0.17354927408318,35
"2412.4","1547273",0.99,0.864864864864865,37,0.896551724137931,29,0.225471893164018,37,0.18217346199794,37
"2413.4","1547321",0.99,0.962962962962963,27,0.96,25,0.0558323997894779,38,0.0517205576842148,38
"2414.4","1547361",0.99,0.896551724137931,29,0.91304347826087,23,0.0965264365707373,36,0.0810620613865346,36
"2415.4","1547367",0.99,0.95,40,0.974358974358974,39,0.250393695200737,38,0.250393695200737,38
"2416.4","1547380",0.99,0.9,40,0.875,32,0.185818596026716,38,0.138865092387158,38
"2417.4","1547414",0.99,0.925,40,0.914285714285714,35,0.104428753430011,37,0.0950102440115012,37
"2418.4","1547417",0.99,0.888888888888889,36,0.857142857142857,28,0.152818261644698,38,0.126599707099144,38
"2419.4","1547442",0.99,0.975,40,0.973684210526316,38,0.439109410743262,40,0.418101007381918,40
"2420.4","1547453",0.99,1,14,1,14,0.0198662133967595,40,0.0198662133967595,40
"2421.4","1547459",0.99,0.95,40,0.944444444444444,36,0.227085227094985,40,0.207241896933767,40
"2422.4","1547473",0.99,0.975,40,0.973684210526316,38,0.289130884286891,40,0.278142981061084,40
"2423.4","1547489",0.99,0.970588235294118,34,0.96875,32,0.124823529288429,40,0.110808377773278,40
"2424.4","1547492",0.99,1,40,1,40,0.330599411652268,40,0.330599411652268,40
"2425.4","1547496",0.99,0.95,40,0.972222222222222,36,0.251531504931965,40,0.214964687330664,40
"2426.4","1547501",0.99,0.945945945945946,37,0.939393939393939,33,0.117252115820016,39,0.105034899275876,39
"2427.4","1547508",0.99,0.9,40,0.875,32,0.259996891119802,39,0.203640713666459,39
"2428.4","1547546",0.99,0.975,40,0.973684210526316,38,0.349190546118567,40,0.328357212785234,40
"2429.4","1547568",0.99,0.95,40,0.944444444444444,36,0.272446507385766,40,0.251432014632143,40
"2430.4","1547577",0.99,0.925,40,0.911764705882353,34,0.4070730699952,39,0.345219122299395,39
"2431.4","1547598",0.99,0.848484848484849,33,0.782608695652174,23,0.0934243510916038,39,0.0390668718441324,39
"2432.4","1547615",0.99,0.95,40,0.944444444444444,36,0.311052562182166,39,0.283878996901183,39
"2433.4","1547630",0.99,0.975,40,0.973684210526316,38,0.36943000820776,40,0.352019293922045,40
"2434.4","1547632",0.99,0.896551724137931,29,0.869565217391304,23,0.175043563420163,36,0.117684256060856,36
"2435.4","1547638",0.99,0.837837837837838,37,0.814814814814815,27,0.147471468484755,37,0.0824432485652306,37
"2436.4","1547651",0.99,0.925,40,0.971428571428571,35,0.184225713269593,40,0.173943455205077,40
"2437.4","1547653",0.99,0.925,40,0.911764705882353,34,0.311660743775487,40,0.256409656992243,40
"2438.4","1547659",0.99,0.975,40,0.973684210526316,38,0.252872723272037,39,0.244496654895968,39
"2439.4","1547669",0.99,0.925,40,0.911764705882353,34,0.430111587415171,40,0.363399308633927,40
"2440.4","1547670",0.99,0.925,40,0.942857142857143,35,0.14336625578729,39,0.106109068530103,39
"2441.4","1547681",0.99,0.948717948717949,39,0.942857142857143,35,0.172782073217851,39,0.161413602573362,39
"2442.4","1547693",0.99,0.947368421052632,38,0.941176470588235,34,0.167890764988488,39,0.139190298788022,39
"2443.4","1547745",0.99,0.9,40,0.875,32,0.192505030952916,39,0.156959682050846,39
"2444.4","1547764",0.99,NA,0,NA,0,NA,0,NA,0
"2445.4","1547772",0.99,1,40,1,40,0.237622875707214,40,0.237622875707214,40
"2446.4","1547778",0.99,0.95,40,0.972222222222222,36,0.264618342565706,39,0.250320812139143,39
"2447.4","1547779",0.99,0.9,40,0.90625,32,0.380538964112012,39,0.30178433979985,39
"2448.4","1547781",0.99,NA,0,NA,0,0,36,0,36
"2449.4","1547802",0.99,1,6,1,6,0.020822878702925,40,0.020822878702925,40
"2450.4","1547840",0.99,0.95,40,0.944444444444444,36,0.442161129092794,40,0.389013369989153,40
"2451.4","1547851",0.99,0.857142857142857,21,0.888888888888889,18,0.0368982298265609,38,0.0316350719318241,38
"2452.4","1547862",0.99,0.95,40,0.944444444444444,36,0.453630551773532,40,0.399648146022833,40
"2453.4","1547876",0.99,0.85,40,0.866666666666667,30,0.320450387867301,40,0.250266202226959,40
"2454.4","1547898",0.99,0.95,40,0.944444444444444,36,0.440548138150209,40,0.396408660496799,40
"2455.4","1547911",0.99,0.9,40,0.90625,32,0.24160065259951,38,0.207876390226964,38
"2456.4","1547924",0.99,0.9,40,0.875,32,0.232671365638751,39,0.171742425971056,39
"2457.4","1547932",0.99,0.928571428571429,28,0.923076923076923,26,0.060035182864362,40,0.0566731138988448,40
"2458.4","1547941",0.99,0.911764705882353,34,0.892857142857143,28,0.161903442641165,36,0.129205878767131,36
"2459.4","1547946",0.99,NA,0,NA,0,0,40,0,40
"2460.4","1547957",0.99,NA,0,NA,0,0,30,0,30
"2461.4","1547980",0.99,0.903225806451613,31,0.88,25,0.128001236160629,37,0.109781653804424,37
"2462.4","1547985",0.99,0.9,40,0.875,32,0.266436705545225,40,0.211790537987293,40
"2463.4","1547989",0.99,1,10,1,10,0.0226086111955677,39,0.0226086111955677,39
"2464.4","1547992",0.99,NA,0,NA,0,0,38,0,38
"2465.4","1547997",0.99,0.857142857142857,35,0.888888888888889,27,0.163503541087553,37,0.131751690787315,37
"2466.4","1548000",0.99,NA,0,NA,0,0,18,0,18
"2467.4","1548003",0.99,NA,0,NA,0,0,22,0,22
"2468.4","1548036",0.99,0.975,40,0.973684210526316,38,0.214777087734505,39,0.20012507308249,39
"2469.4","1548095",0.99,1,12,1,12,0.0607246923653559,39,0.0607246923653559,39
"2470.4","1548138",0.99,1,40,1,40,0.130943960838769,40,0.130943960838769,40
"2471.4","1548149",0.99,1,40,1,40,0.361808773140169,40,0.361808773140169,40
"2472.4","1548170",0.99,0.975,40,0.973684210526316,38,0.583683574683228,40,0.557569492686793,40
"2473.4","1548177",0.99,0.95,40,0.972222222222222,36,0.564640629121476,40,0.519819200550047,40
"2474.4","1548180",0.99,0.9,40,0.909090909090909,33,0.452309357407861,40,0.375365027228237,40
"2475.4","1548214",0.99,0.925,40,0.911764705882353,34,0.512135621660093,39,0.423973323570098,39
"2476.4","1548218",0.99,1,40,1,40,0.390917613063691,40,0.390917613063691,40
"2477.4","1548239",0.99,0.85,40,0.862068965517241,29,0.582376038712246,40,0.422558847402597,40
"2478.4","1548256",0.99,0.9,40,0.909090909090909,33,0.363513800267574,39,0.306910800776644,39
"2479.4","1548259",0.99,0.95,40,0.944444444444444,36,0.625876497819234,39,0.555465658658394,39
"2480.4","1548300",0.99,1,1,1,1,0.00244200244200244,39,0.00244200244200244,39
"2481.4","1548302",0.99,1,40,1,40,0.636753784700695,40,0.636753784700695,40
"2482.4","1553033",0.99,0.925,40,0.911764705882353,34,0.884782608695652,40,0.741304347826087,40
"2483.4","1553045",0.99,1,40,1,40,0.700109257386811,40,0.700109257386811,40
"2484.4","1553087",0.99,0.95,40,0.944444444444444,36,0.631796832284861,40,0.576186791918723,40
"2485.4","1553096",0.99,0.95,40,0.944444444444444,36,0.512872470281528,40,0.458617151132592,40
"2486.4","1553107",0.99,NA,0,NA,0,0,38,0,38
"2487.4","1553111",0.99,NA,0,NA,0,0,39,0,39
"2488.4","1553112",0.99,NA,0,NA,0,0,37,0,37
"2489.4","1553113",0.99,NA,0,NA,0,0,36,0,36
"2490.4","1553119",0.99,0.95,40,0.944444444444444,36,0.621571069342835,40,0.555211107226629,40
"2491.4","1553121",0.99,0.95,40,0.944444444444444,36,0.482963445743279,40,0.431367701062428,40
"2492.4","1553122",0.99,0.95,40,0.944444444444444,36,0.430275244849713,40,0.376430260047281,40
"2493.4","1553144",0.99,0.925,40,0.911764705882353,34,0.388094906586842,40,0.333002313994249,40
"2494.4","1553150",0.99,0.95,40,0.944444444444444,36,0.465406369569475,40,0.419492391074851,40
"2495.4","1553176",0.99,0.95,40,0.944444444444444,36,0.350460273069936,39,0.30976150823324,39
"2496.4","1553196",0.99,0.85,40,0.9,30,0.447787680273886,38,0.353608381219799,38
"2497.4","1553316",0.99,0.95,40,0.944444444444444,36,0.627502287546228,40,0.557480642524583,40
"2498.4","1553436",0.99,1,40,1,40,0.434674067805571,40,0.434674067805571,40
"2499.4","1553440",0.99,1,40,1,40,0.197373176868508,40,0.197373176868508,40
"2500.4","1553443",0.99,1,6,1,6,0.0157079721420217,37,0.0157079721420217,37
"2501.4","1553504",0.99,1,40,1,40,0.654696116170166,40,0.654696116170166,40
"2502.4","1554472",0.99,1,40,1,40,0.652531678877004,40,0.652531678877004,40
"2503.4","1555179",0.99,0.85,40,0.838709677419355,31,0.28192706558255,38,0.197648376259798,38
"2504.4","1555183",0.99,0.875,40,0.84375,32,0.255995254665467,39,0.193439708298635,39
"2505.4","1555228",0.99,1,2,1,2,0.0018981018981019,39,0.0018981018981019,39
"2506.4","1555275",0.99,0.974358974358974,39,0.972972972972973,37,0.307428298344185,40,0.297959959037136,40
"2507.4","1555526",0.99,0.975,40,0.973684210526316,38,0.367654449804773,40,0.354496555067931,40
"2508.4","1556444",0.99,1,40,1,40,0.940263130845924,40,0.940263130845924,40
"2509.4","1556451",0.99,1,20,1,20,0.0399249540628432,40,0.0399249540628432,40
"2510.4","1556552",0.99,1,40,1,40,0.42433892466767,40,0.42433892466767,40
"2511.4","1556869",0.99,0.95,40,0.972972972972973,37,0.528970848809724,40,0.502066086904962,40
"2512.4","1556907",0.99,1,40,1,40,0.678545064496998,40,0.678545064496998,40
"2513.4","1556958",0.99,1,40,1,40,0.733219453489068,40,0.733219453489068,40
"2514.4","1557006",0.99,0.921052631578947,38,0.9375,32,0.386877289377289,40,0.307735875235875,40
"2515.4","1557052",0.99,0.95,40,0.944444444444444,36,0.73056354226567,40,0.651840138010351,40
"2516.4","1557077",0.99,1,40,1,40,0.42949231750018,40,0.42949231750018,40
"2517.4","1557088",0.99,0.975,40,0.974358974358974,39,0.475079848384566,40,0.466296064600782,40
"2518.4","1557096",0.99,1,40,1,40,0.639262956306824,40,0.639262956306824,40
"2519.4","1557109",0.99,0.975,40,0.973684210526316,38,0.575106708175904,40,0.547057927688099,40
"2520.4","1557112",0.99,0.9,40,0.875,32,0.616469751000381,40,0.482197887488585,40
"2521.4","1557121",0.99,0.975,40,0.973684210526316,38,0.408595506493395,40,0.396839554112443,40
"2522.4","1557136",0.99,0.975,40,0.973684210526316,38,0.369595441378789,40,0.349948005481353,40
"2523.4","1557159",0.99,1,40,1,40,0.517964960753332,40,0.517964960753332,40
"2524.4","1557160",0.99,1,40,1,40,0.508865050930996,40,0.508865050930996,40
"2525.4","1557207",0.99,0.925,40,0.942857142857143,35,0.654966245776296,40,0.584275001536665,40
"2526.4","1557253",0.99,1,40,1,40,0.783957194516862,40,0.783957194516862,40
"2527.4","1557271",0.99,0.9,40,0.914285714285714,35,0.605867876279236,38,0.542892871198968,38
"2528.4","1557279",0.99,0.75,24,0.947368421052632,19,0.317100254904626,18,0.317100254904626,18
"2529.4","1557283",0.99,0.80952380952381,21,0.882352941176471,17,0.394124787313845,19,0.32458730725005,19
"2530.4","1558769",0.99,0.9,40,0.939393939393939,33,0.352663426127568,40,0.307744071288858,40
"2531.4","1558773",0.99,0.925,40,0.911764705882353,34,0.48867934218916,40,0.397505146014964,40
"2532.4","1558792",0.99,0.875,40,0.866666666666667,30,0.514561089766899,39,0.377824478173358,39
"2533.4","1558794",0.99,0.925,40,0.916666666666667,36,0.57376211873835,40,0.522732706973645,40
"2534.4","1558810",0.99,0.925,40,0.911764705882353,34,0.640171709175097,38,0.536049898967761,38
"2535.4","1558812",0.99,0.875,40,0.833333333333333,30,0.386872657993348,39,0.271911182687045,39
"2536.4","1558875",0.99,0.875,40,0.866666666666667,30,0.292714818219724,39,0.208819355628025,39
"2537.4","1558952",0.99,1,40,1,40,0.783839524031925,40,0.783839524031925,40
"2538.4","1558959",0.99,0.95,40,0.944444444444444,36,0.551396741951986,39,0.490480562614754,39
"2539.4","1558961",0.99,0.95,40,0.944444444444444,36,0.280144317777922,39,0.242097179730784,39
"2540.4","1558963",0.99,0.95,40,0.944444444444444,36,0.303196225651226,39,0.259362281817282,39
"2541.4","1558973",0.99,0.95,40,0.944444444444444,36,0.44058055850664,40,0.381637321791664,40
"2542.4","1558978",0.99,0.975,40,0.973684210526316,38,0.512505686400875,40,0.483132007753941,40
"2543.4","1558982",0.99,1,40,1,40,0.903081146805707,40,0.903081146805707,40
"2544.4","1558998",0.99,NA,0,NA,0,0,40,0,40
"2545.4","1559003",0.99,1,2,1,2,0.0165204678362573,40,0.0165204678362573,40
"2546.4","1559089",0.99,0.975,40,0.973684210526316,38,0.309899933370974,40,0.293802372395364,40
"2547.4","1559092",0.99,0.975,40,0.973684210526316,38,0.335846172458879,39,0.322750934363641,39
"2548.4","1559107",0.99,0.9,40,0.90625,32,0.642004753865823,40,0.510139674500743,40
"2549.4","1559108",0.99,0.925,40,0.911764705882353,34,0.501232901158799,39,0.421199281909493,39
"2550.4","1559109",0.99,0.95,40,0.944444444444444,36,0.344166870054445,40,0.311496415508991,40
"2551.4","1559127",0.99,0.925,40,0.911764705882353,34,0.437063604299556,39,0.356369788311623,39
"2552.4","1559142",0.99,0.95,40,0.972222222222222,36,0.510698716529856,39,0.467739659457896,39
"2553.4","1559228",0.99,1,40,1,40,0.589675011730341,40,0.589675011730341,40
"2554.4","1559233",0.99,0.975,40,0.973684210526316,38,0.38757064496088,40,0.370525190415426,40
"2555.4","1559307",0.99,0.95,40,0.944444444444444,36,0.226805629777321,38,0.204793142906041,38
"2556.4","1559382",0.99,0.975,40,0.973684210526316,38,0.623757848686332,40,0.59123752348308,40
"2557.4","1560",0.99,0.891891891891892,37,0.935483870967742,31,0.200955356984666,37,0.181129079093872,37
"2558.4","1560079",0.99,1,40,1,40,0.742149758454106,40,0.742149758454106,40
"2559.4","1560080",0.99,1,40,1,40,0.784219705415358,40,0.784219705415358,40
"2560.4","1560082",0.99,0.975,40,0.973684210526316,38,0.631966360770709,40,0.599276528080876,40
"2561.4","1560083",0.99,0.95,40,0.947368421052632,38,0.701218855902254,40,0.666218855902254,40
"2562.4","1560086",0.99,0.975,40,0.973684210526316,38,0.676400850312893,40,0.641989085607011,40
"2563.4","1560125",0.99,0.975,40,0.973684210526316,38,0.281954899017184,40,0.263779372992821,40
"2564.4","1560154",0.99,NA,0,NA,0,0,39,0,39
"2565.4","1560183",0.99,0.975,40,0.973684210526316,38,0.536038497589111,40,0.507439463772686,40
"2566.4","1560186",0.99,0.975,40,0.973684210526316,38,0.593735746927725,40,0.564049756589561,40
"2567.4","1560220",0.99,1,31,1,31,0.099963988031545,40,0.099963988031545,40
"2568.4","1560225",0.99,0.975,40,0.973684210526316,38,0.413152734550544,40,0.391615572388382,40
"2569.4","1560227",0.99,0.975,40,0.973684210526316,38,0.328609719759382,39,0.307627777724808,39
"2570.4","1560244",0.99,0.875,40,0.903225806451613,31,0.56527206061664,38,0.470650496481506,38
"2571.4","1560250",0.99,0.95,40,0.944444444444444,36,0.841007040805838,40,0.753772998252647,40
"2572.4","1560295",0.99,NA,0,NA,0,0,39,0,39
"2573.4","1560341",0.99,0.975,40,0.973684210526316,38,0.513353313555562,40,0.484603313555562,40
"2574.4","1560395",0.99,1,40,1,40,0.595434242360105,40,0.595434242360105,40
"2575.4","1560400",0.99,1,40,1,40,0.58795512693804,40,0.58795512693804,40
"2576.4","1560401",0.99,0.975,40,0.973684210526316,38,0.603922043718555,40,0.571848872986848,40
"2577.4","1560419",0.99,1,40,1,40,0.829568671504647,40,0.829568671504647,40
"2578.4","1560432",0.99,1,40,1,40,0.562099028823008,40,0.562099028823008,40
"2579.4","1560439",0.99,0.925,40,0.916666666666667,36,0.441866474755787,39,0.385555473928657,39
"2580.4","1560483",0.99,0.9,40,0.914285714285714,35,0.552134721836099,39,0.489036245663802,39
"2581.4","1560499",0.99,0.95,40,0.944444444444444,36,0.29353665701792,39,0.258067284712861,39
"2582.4","1560511",0.99,0.975,40,0.973684210526316,38,0.678650507055596,40,0.644439980739807,40
"2583.4","1560601",0.99,0.9,40,0.911764705882353,34,0.374881825607954,38,0.333913729965622,38
"2584.4","1560604",0.99,0.95,40,0.944444444444444,36,0.31491177504074,39,0.274915623599936,39
"2585.4","1560612",0.99,0.95,40,0.944444444444444,36,0.386666862578688,39,0.349148408810235,39
"2586.4","1560616",0.99,0.942857142857143,35,0.935483870967742,31,0.147605392454416,40,0.136367509402509,40
"2587.4","1560619",0.99,0.85,40,0.827586206896552,29,0.440564148028211,39,0.320153487972361,39
"2588.4","1560702",0.99,1,32,1,32,0.167200569850896,40,0.167200569850896,40
"2589.4","1560703",0.99,0.947368421052632,38,0.971428571428571,35,0.225953599320871,40,0.218810742178014,40
"2590.4","1560712",0.99,1,40,1,40,0.675093903735023,40,0.675093903735023,40
"2591.4","1560732",0.99,0.975,40,0.973684210526316,38,0.402508011002175,40,0.382949275164369,40
"2592.4","1560737",0.99,0.975,40,0.973684210526316,38,0.367592832696853,40,0.341842832696853,40
"2593.4","1560738",0.99,0.875,40,0.9375,32,0.455106177255612,40,0.37826545144916,40
"2594.4","1560774",0.99,1,40,1,40,0.476463628040031,40,0.476463628040031,40
"2595.4","1560788",0.99,0.875,40,0.866666666666667,30,0.372986612961411,40,0.277472718253968,40
"2596.4","1560811",0.99,0.925,40,0.911764705882353,34,0.470146087459074,40,0.402958587459074,40
"2597.4","1560845",0.99,1,40,1,40,0.454523678871889,40,0.454523678871889,40
"2598.4","1560850",0.99,1,40,1,40,0.59802382730545,40,0.59802382730545,40
"2599.4","1560851",0.99,0.925,40,0.916666666666667,36,0.506847459190107,40,0.439953202573068,40
"2600.4","1561015",0.99,1,40,1,40,0.421562679251193,40,0.421562679251193,40
"2601.4","1561021",0.99,NA,0,NA,0,0,39,0,39
"2602.4","1561023",0.99,1,40,1,40,0.756210871570666,40,0.756210871570666,40
"2603.4","1562260",0.99,0.95,40,0.972222222222222,36,0.89713768115942,40,0.825942028985507,40
"2604.4","1562267",0.99,1,40,1,40,0.657428218757894,40,0.657428218757894,40
"2605.4","1562272",0.99,0.95,40,0.944444444444444,36,0.432825604678115,39,0.389290971890088,39
"2606.4","1562309",0.99,0.9,40,0.90625,32,0.348033173171624,38,0.286908177623878,38
"2607.4","1562351",0.99,0.975,40,0.973684210526316,38,0.412993840980867,40,0.391198969185996,40
"2608.4","1562375",0.99,1,18,1,18,0.132516457959086,40,0.132516457959086,40
"2609.4","1562387",0.99,0.95,40,0.944444444444444,36,0.492129901894663,40,0.43880065352865,40
"2610.4","1562388",0.99,1,40,1,40,0.602256209779946,40,0.602256209779946,40
"2611.4","1562405",0.99,0.95,40,0.947368421052632,38,0.387401431811242,40,0.364901431811242,40
"2612.4","1562434",0.99,1,10,1,10,0.0433522088921363,40,0.0433522088921363,40
"2613.4","1562641",0.99,0.95,40,0.944444444444444,36,0.604699435327571,40,0.546742584875792,40
"2614.4","1562642",0.99,0.95,40,0.944444444444444,36,0.475435619871911,40,0.421685619871911,40
"2615.4","1562646",0.99,0.825,40,0.814814814814815,27,0.43682555117528,40,0.286464328057,40
"2616.4","1562671",0.99,1,40,1,40,0.348059943910668,40,0.348059943910668,40
"2617.4","1562693",0.99,1,40,1,40,0.423796731794724,40,0.423796731794724,40
"2618.4","1562703",0.99,0.975,40,0.973684210526316,38,0.532064148945402,40,0.504360660573309,40
"2619.4","1562711",0.99,0.933333333333333,15,0.928571428571429,14,0.0567140008948397,39,0.0498106478376405,39
"2620.4","1562712",0.99,0.95,40,0.972972972972973,37,0.289938871304396,40,0.266041122711525,40
"2621.4","1563262",0.99,0.975,40,0.973684210526316,38,0.549933934031335,40,0.515831369928771,40
"2622.4","1563392",0.99,1,40,1,40,0.517091663439308,40,0.517091663439308,40
"2623.4","1563396",0.99,0.925,40,0.911764705882353,34,0.555266246728781,40,0.468459245000126,40
"2624.4","1563647",0.99,0.95,40,0.944444444444444,36,0.651336848949113,40,0.586258624172612,40
"2625.4","1563654",0.99,0.975,40,0.974358974358974,39,0.572514751169887,40,0.556889751169887,40
"2626.4","1564468",0.99,0.95,40,0.944444444444444,36,0.602087634827138,40,0.543258049778041,40
"2627.4","1564487",0.99,0.975,40,0.973684210526316,38,0.506639605146221,40,0.478590824658416,40
"2628.4","1565055",0.99,1,40,1,40,0.544186982807707,40,0.544186982807707,40
"2629.4","1565139",0.99,1,40,1,40,0.740936068762156,40,0.740936068762156,40
"2630.4","1565758",0.99,0.95,40,0.944444444444444,36,0.530472846529215,40,0.458151417957786,40
"2631.4","1565761",0.99,0.95,40,0.944444444444444,36,0.330823308072439,40,0.294756234901708,40
"2632.4","1565769",0.99,0.9,40,0.909090909090909,33,0.560799827707037,40,0.479249248632248,40
"2633.4","1567078",0.99,0.975,40,0.973684210526316,38,0.642508035922259,40,0.609574905223171,40
"2634.4","1567079",0.99,1,40,1,40,0.593686430348714,40,0.593686430348714,40
"2635.4","1567084",0.99,1,40,1,40,0.668369054691289,40,0.668369054691289,40
"2636.4","1567937",0.99,0.975,40,0.973684210526316,38,0.249894219304075,40,0.229447790732646,40
"2637.4","1567959",0.99,0.925,40,0.911764705882353,34,0.502565313702107,39,0.420596554491968,39
"2638.4","1567966",0.99,0.825,40,0.777777777777778,27,0.486928612747117,40,0.299922564360021,40
"2639.4","1567969",0.99,0.975,40,0.973684210526316,38,0.3980541104035,40,0.380635564037585,40
"2640.4","1567972",0.99,0.95,40,0.944444444444444,36,0.595668269681062,39,0.520026850289642,39
"2641.4","1568002",0.99,NA,0,NA,0,0,40,0,40
"2642.4","1568073",0.99,1,40,1,40,0.446000153489017,40,0.446000153489017,40
"2643.4","1568098",0.99,0.95,40,0.972972972972973,37,0.370269369147041,40,0.354572903450576,40
"2644.4","1568103",0.99,0.95,40,0.944444444444444,36,0.66902554346068,40,0.59369410406674,40
"2645.4","1568140",0.99,0.95,40,0.944444444444444,36,0.509969780176823,40,0.46007039937187,40
"2646.4","1568149",0.99,0.925,40,0.941176470588235,34,0.324093804567595,40,0.280864637900928,40
"2647.4","1568970",0.99,0.9,40,0.9375,32,0.442621456878328,40,0.384506947396055,40
"2648.4","1568985",0.99,0.925,40,0.971428571428571,35,0.499697837045779,40,0.455444590292532,40
"2649.4","1569056",0.99,0.975,40,0.973684210526316,38,0.76046850838431,40,0.727236185151987,40
"2650.4","1569126",0.99,0.923076923076923,39,0.909090909090909,33,0.464656578618919,40,0.386920749684881,40
"2651.4","1569314",0.99,1,40,1,40,0.689224156458199,40,0.689224156458199,40
"2652.4","1569441",0.99,0.975,40,0.973684210526316,38,0.736144353415184,40,0.699730212001042,40
"2653.4","1569450",0.99,0.925,40,0.911764705882353,34,0.737190101757632,40,0.622813238770686,40
"2654.4","1569454",0.99,0.9,40,0.941176470588235,34,0.494568825565718,40,0.445175897483833,40
"2655.4","1569540",0.99,1,40,1,40,0.751801934703183,40,0.751801934703183,40
"2656.4","1569570",0.99,0.975,40,0.973684210526316,38,0.748363421448528,40,0.709588168923275,40
"2657.4","1569581",0.99,0.975,40,0.973684210526316,38,0.779317013801288,40,0.742650347134621,40
"2658.4","1569595",0.99,1,40,1,40,0.75524662676721,40,0.75524662676721,40
"2659.4","1569625",0.99,0.95,40,0.944444444444444,36,0.649710439376446,40,0.584438571764153,40
"2660.4","1569634",0.99,1,40,1,40,0.735040297417148,40,0.735040297417148,40
"2661.4","1569694",0.99,0.975,40,0.973684210526316,38,0.771738931871911,40,0.73593085106383,40
"2662.4","1569703",0.99,0.925,40,0.972222222222222,36,0.484440078969689,40,0.460081104610715,40
"2663.4","1569764",0.99,1,40,1,40,0.771548681205706,40,0.771548681205706,40
"2664.4","1569788",0.99,1,40,1,40,0.693088154907073,40,0.693088154907073,40
"2665.4","1569828",0.99,0.925,40,0.911764705882353,34,0.621845846406317,40,0.52047822092055,40
"2666.4","1569858",0.99,1,40,1,40,0.799770092682425,40,0.799770092682425,40
"2667.4","1569934",0.99,1,40,1,40,0.630714184199085,40,0.630714184199085,40
"2668.4","1569999",0.99,0.975,40,0.973684210526316,38,0.357666482413712,40,0.338464179782133,40
"2669.4","1570031",0.99,1,12,1,12,0.0608928612594441,40,0.0608928612594441,40
"2670.4","1570252",0.99,0.875,40,0.838709677419355,31,0.342291983928225,39,0.258048340861052,39
"2671.4","1570265",0.99,NA,0,NA,0,0,38,0,38
"2672.4","1570289",0.99,0.975,40,0.973684210526316,38,0.649653528938161,40,0.617361862271494,40
"2673.4","1570315",0.99,1,40,1,40,0.801190228574808,40,0.801190228574808,40
"2674.4","1570328",0.99,1,40,1,40,0.54144074496689,40,0.54144074496689,40
"2675.4","1570331",0.99,0.975,40,0.973684210526316,38,0.558662465971995,40,0.533662465971995,40
"2676.4","1570336",0.99,1,40,1,40,0.600227069407733,40,0.600227069407733,40
"2677.4","1570338",0.99,1,40,1,40,0.584205993997665,40,0.584205993997665,40
"2678.4","1570347",0.99,0.95,40,0.947368421052632,38,0.642766853332439,39,0.608785126247264,39
"2679.4","1570380",0.99,0.975,40,0.973684210526316,38,0.37624187173706,40,0.362217481493157,40
"2680.4","1571548",0.99,1,9,1,9,0.0223002885333202,39,0.0223002885333202,39
"2681.4","1571706",0.99,0.925,40,0.941176470588235,34,0.583612880318907,39,0.506776663238788,39
"2682.4","1571747",0.99,0.95,40,0.944444444444444,36,0.530695845411849,40,0.474938269654274,40
"2683.4","1571752",0.99,0.925,40,0.911764705882353,34,0.706265090947423,40,0.592976035638244,40
"2684.4","1573502",0.99,0.925,40,0.911764705882353,34,0.46452535268287,40,0.392132304554528,40
"2685.4","1573537",0.99,0.925,40,0.911764705882353,34,0.416253499567577,39,0.338237765301843,39
"2686.4","1573539",0.99,1,40,1,40,0.347351881852318,40,0.347351881852318,40
"2687.4","1573544",0.99,1,10,1,10,0.0134450316335397,40,0.0134450316335397,40
"2688.4","1573551",0.99,0.95,40,0.944444444444444,36,0.392112783602165,39,0.352245281033049,39
"2689.4","1573563",0.99,0.975,40,0.973684210526316,38,0.567757132866325,40,0.539815956395737,40
"2690.4","1573603",0.99,0.95,40,0.944444444444444,36,0.543956295505565,40,0.483634325808596,40
"2691.4","1573621",0.99,0.95,40,0.945945945945946,37,0.403573007819764,40,0.368028610356761,40
"2692.4","1573662",0.99,1,40,1,40,0.355655854799935,40,0.355655854799935,40
"2693.4","1573678",0.99,1,40,1,40,0.527712095752073,40,0.527712095752073,40
"2694.4","1573721",0.99,1,40,1,40,0.639565215219098,40,0.639565215219098,40
"2695.4","1573998",0.99,0.975,40,0.973684210526316,38,0.294834065417929,40,0.282188716580719,40
"2696.4","1574005",0.99,1,40,1,40,0.429547539243699,40,0.429547539243699,40
"2697.4","1574025",0.99,0.975,40,0.973684210526316,38,0.335881596703875,40,0.315256596703875,40
"2698.4","1574039",0.99,0.9,40,0.914285714285714,35,0.533912983279216,39,0.47860162796786,39
"2699.4","1574047",0.99,0.95,40,0.944444444444444,36,0.655786829605984,40,0.590272995613889,40
"2700.4","1574068",0.99,0.925,40,0.911764705882353,34,0.500217354983149,40,0.413806370134664,40
"2701.4","1574091",0.99,0.975,40,0.973684210526316,38,0.516673230027587,40,0.495038614642972,40
"2702.4","1574102",0.99,0.972222222222222,36,0.970588235294118,34,0.260586112379141,39,0.250512852305881,39
"2703.4","1574105",0.99,1,40,1,40,0.641835725302137,40,0.641835725302137,40
"2704.4","1579696",0.99,0.95,40,0.944444444444444,36,0.461819767004777,40,0.412177665846131,40
"2705.4","1579708",0.99,0.9,40,0.90625,32,0.642035557839243,40,0.515606986410672,40
"2706.4","1579716",0.99,0.875,40,0.833333333333333,30,0.310271273865024,40,0.183079079485329,40
"2707.4","1579718",0.99,0.875,40,0.909090909090909,33,0.335197620714014,38,0.280779822185435,38
"2708.4","1579722",0.99,0.9,40,0.875,32,0.440305898754331,38,0.34496393421732,38
"2709.4","1579771",0.99,0.95,40,0.944444444444444,36,0.4970255713479,40,0.449168428490757,40
"2710.4","1579792",0.99,0.9,40,0.909090909090909,33,0.571500817182788,39,0.496623163474489,39
"2711.4","1579816",0.99,NA,0,NA,0,0,38,0,38
"2712.4","1579861",0.99,0.9,40,0.909090909090909,33,0.502117576999218,40,0.425857496354057,40
"2713.4","1579881",0.99,0.975,40,0.973684210526316,38,0.289800954860339,40,0.278491431050815,40
"2714.4","1579888",0.99,0.975,40,0.973684210526316,38,0.38188768170434,39,0.359528461976699,39
"2715.4","1579910",0.99,0.95,40,0.944444444444444,36,0.48961951962726,40,0.438071532011161,40
"2716.4","1579954",0.99,0.925,40,0.942857142857143,35,0.623669986152964,40,0.550098557581535,40
"2717.4","1579987",0.99,1,40,1,40,0.581425969167302,40,0.581425969167302,40
"2718.4","1580004",0.99,1,30,1,30,0.119342554915788,40,0.119342554915788,40
"2719.4","1580146",0.99,0.925,40,0.942857142857143,35,0.633702974448768,40,0.557542936569981,40
"2720.4","1580175",0.99,0.925,40,0.911764705882353,34,0.58031914893617,40,0.482446808510638,40
"2721.4","1580391",0.99,0.975,40,0.973684210526316,38,0.28113776390319,39,0.271511731021343,39
"2722.4","1580406",0.99,0.9,40,0.875,32,0.469157117392412,40,0.36233893557423,40
"2723.4","1580412",0.99,0.925,40,0.911764705882353,34,0.649178358797459,39,0.5382886201076,39
"2724.4","1580414",0.99,0.925,40,0.911764705882353,34,0.591994340270202,39,0.496593213619076,39
"2725.4","1580421",0.99,1,40,1,40,0.455922546593108,40,0.455922546593108,40
"2726.4","1580470",0.99,1,40,1,40,0.358617007299104,40,0.358617007299104,40
"2727.4","1580477",0.99,0.925,40,0.916666666666667,36,0.284048840682868,39,0.25086884238659,39
"2728.4","1580482",0.99,1,5,1,5,0.0148496519820049,40,0.0148496519820049,40
"2729.4","1580483",0.99,0.95,40,0.944444444444444,36,0.512546732361302,40,0.457986453458917,40
"2730.4","1580489",0.99,0.95,40,0.944444444444444,36,0.554186687165325,40,0.497187675958997,40
"2731.4","1580504",0.99,0.95,40,0.944444444444444,36,0.615415323977591,40,0.54582503728525,40
"2732.4","1580505",0.99,0.9,40,0.875,32,0.50855872590375,40,0.38732456713088,40
"2733.4","1580510",0.99,0.975,40,0.973684210526316,38,0.398844324563948,40,0.3837252769449,40
"2734.4","1580515",0.99,0.975,40,0.973684210526316,38,0.527554289742847,40,0.50423698205054,40
"2735.4","1580596",0.99,0.95,40,0.944444444444444,36,0.553305795422244,40,0.487617611057589,40
"2736.4","1580687",0.99,0.9,40,0.914285714285714,35,0.437622955561464,40,0.396048694808775,40
"2737.4","1580693",0.99,0.9,40,0.882352941176471,34,0.47372417522935,39,0.399984122178952,39
"2738.4","1580736",0.99,0.95,40,0.944444444444444,36,0.298734102058672,40,0.265193127529326,40
"2739.4","1580744",0.99,0.974358974358974,39,0.972972972972973,37,0.269268563041656,40,0.257431441829535,40
"2740.4","1580745",0.99,0.95,40,0.944444444444444,36,0.558170721503701,38,0.496373203291709,38
"2741.4","1580792",0.99,0.95,40,0.944444444444444,36,0.298737687242517,39,0.273075365068567,39
"2742.4","1580793",0.99,0.925,40,0.911764705882353,34,0.611957161071663,40,0.517348015177235,40
"2743.4","1580805",0.99,0.925,40,0.911764705882353,34,0.375447070103844,38,0.298013159272101,38
"2744.4","1580818",0.99,0.95,40,0.944444444444444,36,0.329712230901611,39,0.293773846792495,39
"2745.4","1580824",0.99,0.95,40,0.944444444444444,36,0.473039137538125,39,0.408378104127092,39
"2746.4","1580844",0.99,0.9,40,0.909090909090909,33,0.522454924272721,39,0.439504863387437,39
"2747.4","1580863",0.99,0.975,40,0.973684210526316,38,0.422069869272313,40,0.403601400803845,40
"2748.4","1580875",0.99,1,36,1,36,0.197255665504623,40,0.197255665504623,40
"2749.4","1580889",0.99,0.975,40,0.973684210526316,38,0.501100772614907,40,0.478274685658385,40
"2750.4","1582192",0.99,NA,0,NA,0,0,34,0,34
"2751.4","1582206",0.99,0.945945945945946,37,0.939393939393939,33,0.211728569031915,39,0.197482730899437,39
"2752.4","1582241",0.99,0.925,40,0.942857142857143,35,0.706883855104922,40,0.630947222357466,40
"2753.4","1582250",0.99,1,40,1,40,0.922617946345976,40,0.922617946345976,40
"2754.4","1582251",0.99,1,40,1,40,0.5300109376618,40,0.5300109376618,40
"2755.4","1582287",0.99,NA,0,NA,0,0,40,0,40
"2756.4","1582298",0.99,0.95,40,0.944444444444444,36,0.694792163282016,40,0.622342271206777,40
"2757.4","1582432",0.99,1,40,1,40,1,40,1,40
"2758.4","1582557",0.99,1,12,1,12,0.0393849206349206,40,0.0393849206349206,40
"2759.4","1582565",0.99,NA,0,NA,0,0,38,0,38
"2760.4","1582593",0.99,NA,0,NA,0,0,38,0,38
"2761.4","1582595",0.99,NA,0,NA,0,0,38,0,38
"2762.4","1582614",0.99,1,40,1,40,0.28186625648983,40,0.28186625648983,40
"2763.4","1582620",0.99,1,40,1,40,0.600303994344291,40,0.600303994344291,40
"2764.4","1582627",0.99,1,40,1,40,0.680563560466107,40,0.680563560466107,40
"2765.4","1582634",0.99,1,40,1,40,0.620966818262066,40,0.620966818262066,40
"2766.4","1582644",0.99,1,1,1,1,0.00366300366300366,39,0.00366300366300366,39
"2767.4","1582645",0.99,1,6,1,6,0.047984544695071,38,0.047984544695071,38
"2768.4","1582650",0.99,NA,0,NA,0,0,39,0,39
"2769.4","1582656",0.99,1,11,1,11,0.0701884920634921,40,0.0701884920634921,40
"2770.4","1582669",0.99,1,40,1,40,0.297375508458636,40,0.297375508458636,40
"2771.4","1582675",0.99,0.973684210526316,38,0.972222222222222,36,0.149732437526478,39,0.143016930810971,39
"2772.4","1582692",0.99,1,40,1,40,0.304657837346021,40,0.304657837346021,40
"2773.4","1582695",0.99,0.947368421052632,38,0.970588235294118,34,0.185328096043064,40,0.162767120433308,40
"2774.4","1582700",0.99,1,40,1,40,0.271330823274066,40,0.271330823274066,40
"2775.4","1582701",0.99,1,40,1,40,0.24541285914407,40,0.24541285914407,40
"2776.4","1582711",0.99,1,40,1,40,0.610056134859028,40,0.610056134859028,40
"2777.4","1582716",0.99,1,40,1,40,0.555706357595892,40,0.555706357595892,40
"2778.4","1582739",0.99,1,40,1,40,0.249598486690092,40,0.249598486690092,40
"2779.4","1582744",0.99,1,40,1,40,0.281761225437539,40,0.281761225437539,40
"2780.4","1582748",0.99,1,12,1,12,0.0657814407814408,39,0.0657814407814408,39
"2781.4","1582785",0.99,1,1,1,1,0.00526315789473684,38,0.00526315789473684,38
"2782.4","1582788",0.99,0.974358974358974,39,0.972972972972973,37,0.199338042499499,39,0.188604589905581,39
"2783.4","1582831",0.99,1,40,1,40,0.222720879934702,40,0.222720879934702,40
"2784.4","1582837",0.99,1,40,1,40,0.252321255072658,40,0.252321255072658,40
"2785.4","1582842",0.99,1,40,1,40,0.229043152007017,40,0.229043152007017,40
"2786.4","1582852",0.99,1,39,1,39,0.270452358059792,40,0.270452358059792,40
"2787.4","1582863",0.99,1,40,1,40,0.351486744726251,40,0.351486744726251,40
"2788.4","1582868",0.99,0.975,40,0.973684210526316,38,0.403712076492848,40,0.379274928275212,40
"2789.4","1582878",0.99,1,39,1,39,0.262486988157627,40,0.262486988157627,40
"2790.4","1582921",0.99,1,37,1,37,0.220544883352896,40,0.220544883352896,40
"2791.4","1582924",0.99,0.975,40,0.973684210526316,38,0.250944214717426,40,0.235700312278401,40
"2792.4","1582941",0.99,1,39,1,39,0.295664608430568,40,0.295664608430568,40
"2793.4","1582950",0.99,1,40,1,40,0.274179932376189,40,0.274179932376189,40
"2794.4","1582955",0.99,0.95,40,0.944444444444444,36,0.44619692346809,40,0.392682430714467,40
"2795.4","1583727",0.99,1,2,1,2,0.00318746264692211,37,0.00318746264692211,37
"2796.4","1583742",0.99,NA,0,NA,0,0,40,0,40
"2797.4","1583765",0.99,1,24,1,24,0.0927198836420501,40,0.0927198836420501,40
"2798.4","1583825",0.99,1,40,1,40,0.496249035202524,40,0.496249035202524,40
"2799.4","1583839",0.99,1,40,1,40,0.746865753597886,40,0.746865753597886,40
"2800.4","1583841",0.99,1,40,1,40,0.63256705428177,40,0.63256705428177,40
"2801.4","1583887",0.99,1,40,1,40,0.606373046265964,40,0.606373046265964,40
"2802.4","1583888",0.99,0.975,40,0.973684210526316,38,0.55259798424775,40,0.534774708385681,40
"2803.4","1583899",0.99,0.975,40,0.973684210526316,38,0.733839845839675,40,0.699533806350709,40
"2804.4","1583902",0.99,1,40,1,40,0.637167885481359,40,0.637167885481359,40
"2805.4","1583903",0.99,1,40,1,40,0.392969996397828,40,0.392969996397828,40
"2806.4","1584032",0.99,0.975,40,0.973684210526316,38,0.476003193407892,40,0.44595092859953,40
"2807.4","1584086",0.99,0.95,40,0.944444444444444,36,0.725728212034493,40,0.649405112619288,40
"2808.4","1584177",0.99,0.888888888888889,9,0.888888888888889,9,0.0330800556492256,33,0.0330800556492256,33
"2809.4","1584256",0.99,NA,0,NA,0,0,3,0,3
"2810.4","1584439",0.99,0.925,40,0.941176470588235,34,0.298195513396185,38,0.250941447056246,38
"2811.4","1584446",0.99,1,40,1,40,0.679399562425878,40,0.679399562425878,40
"2812.4","1584454",0.99,1,40,1,40,0.584771574327405,40,0.584771574327405,40
"2813.4","1584456",0.99,0.975,40,0.973684210526316,38,0.556416784120273,40,0.53014153159502,40
"2814.4","1584461",0.99,1,40,1,40,0.640850951374207,40,0.640850951374207,40
"2815.4","1584463",0.99,1,40,1,40,0.638712002766881,40,0.638712002766881,40
"2816.4","1584474",0.99,0.925,40,0.911764705882353,34,0.261967707089658,39,0.214875774631872,39
"2817.4","1584478",0.99,1,40,1,40,0.439446183695518,40,0.439446183695518,40
"2818.4","1584487",0.99,1,40,1,40,0.6414676859735,40,0.6414676859735,40
"2819.4","1584500",0.99,1,40,1,40,0.59665456763832,40,0.59665456763832,40
"2820.4","1584517",0.99,0.925,40,0.911764705882353,34,0.389467122025262,39,0.327410961131891,39
"2821.4","1584523",0.99,1,40,1,40,0.448653134719727,40,0.448653134719727,40
"2822.4","1584529",0.99,0.975,40,0.973684210526316,38,0.529559261104127,39,0.51141050678516,39
"2823.4","1584536",0.99,1,40,1,40,0.474946636045298,40,0.474946636045298,40
"2824.4","1584556",0.99,1,40,1,40,0.744290394865547,40,0.744290394865547,40
"2825.4","1584603",0.99,0.925,40,0.911764705882353,34,0.481264955933025,39,0.41060472458731,39
"2826.4","1584628",0.99,0.925,40,0.911764705882353,34,0.424722692022791,40,0.353198513952561,40
"2827.4","1584629",0.99,1,40,1,40,0.549970336099867,40,0.549970336099867,40
"2828.4","1584810",0.99,0.975,40,0.973684210526316,38,0.268971799467866,40,0.25760816310423,40
"2829.4","1585",0.99,0.975,40,0.973684210526316,38,0.245830624028652,39,0.239269284133978,39
"2830.4","1585133",0.99,1,1,1,1,0.000735294117647059,40,0.000735294117647059,40
"2831.4","1585156",0.99,0.975,40,0.973684210526316,38,0.514770784397248,40,0.487724000771517,40
"2832.4","1585212",0.99,0.925,40,0.914285714285714,35,0.500828190654529,40,0.436420295917687,40
"2833.4","1585243",0.99,0.9,40,0.882352941176471,34,0.45905268994596,40,0.388826333640975,40
"2834.4","1585255",0.99,0.95,40,0.944444444444444,36,0.43675311159751,39,0.383255279248176,39
"2835.4","1585275",0.99,0.95,40,0.944444444444444,36,0.557243384021671,40,0.505621360212147,40
"2836.4","1585298",0.99,0.925,40,0.914285714285714,35,0.19746402135555,40,0.174798023138081,40
"2837.4","1585310",0.99,0.975,40,0.973684210526316,38,0.481744935877095,40,0.448521251666569,40
"2838.4","1585330",0.99,1,29,1,29,0.113662113754398,39,0.113662113754398,39
"2839.4","1585341",0.99,0.95,40,0.944444444444444,36,0.378181005774593,40,0.346275162684539,40
"2840.4","1585344",0.99,1,29,1,29,0.192947230246803,40,0.192947230246803,40
"2841.4","1585368",0.99,0.928571428571429,28,0.96,25,0.0689962612997043,38,0.0674248193257856,38
"2842.4","1585378",0.99,0.96969696969697,33,0.967741935483871,31,0.0869672381695805,39,0.0828463590487014,39
"2843.4","1585386",0.99,0.956521739130435,23,0.952380952380952,21,0.0958362333466459,39,0.0926311051415177,39
"2844.4","1585412",0.99,0.9,40,0.909090909090909,33,0.132344367574655,39,0.0968054375504304,39
"2845.4","1585422",0.99,0.9,40,0.909090909090909,33,0.207531583357298,40,0.165625885291697,40
"2846.4","1585428",0.99,0.95,40,0.944444444444444,36,0.155154983173409,39,0.136387639406066,39
"2847.4","1585429",0.99,0.925,40,0.941176470588235,34,0.211038809515058,37,0.178838326946928,37
"2848.4","1585435",0.99,NA,0,NA,0,0,38,0,38
"2849.4","1585444",0.99,0.9,40,0.909090909090909,33,0.395241680516015,40,0.320526346507917,40
"2850.4","1585452",0.99,0.894736842105263,38,0.9375,32,0.259157915127561,39,0.238386218875095,39
"2851.4","1585492",0.99,0.909090909090909,33,0.928571428571429,28,0.134272398239432,37,0.12303453862838,37
"2852.4","1585493",0.99,0.897435897435897,39,0.941176470588235,34,0.177929674799272,39,0.159019418389015,39
"2853.4","1585514",0.99,0.846153846153846,39,0.896551724137931,29,0.354196447553307,37,0.291809821348527,37
"2854.4","1585546",0.99,0.923076923076923,39,0.909090909090909,33,0.284992791682176,40,0.258439761379146,40
"2855.4","1585568",0.99,0.85,40,0.827586206896552,29,0.343469901326193,39,0.242560033127946,39
"2856.4","1585569",0.99,NA,0,NA,0,0,37,0,37
"2857.4","1585573",0.99,0.948717948717949,39,0.971428571428571,35,0.103073204728803,38,0.0949062355817971,38
"2858.4","1585576",0.99,0.975,40,0.973684210526316,38,0.33977784758427,40,0.32427825708468,40
"2859.4","1585601",0.99,0.9,40,0.939393939393939,33,0.35478993889289,40,0.303264890603766,40
"2860.4","1585611",0.99,0.9,40,0.90625,32,0.272790459884113,38,0.210440958680123,38
"2861.4","1585626",0.99,0.95,40,0.944444444444444,36,0.475852336346325,40,0.433024893518882,40
"2862.4","1585628",0.99,0.975,40,0.973684210526316,38,0.462570666530446,40,0.433919872879652,40
"2863.4","1585635",0.99,0.9,40,0.878787878787879,33,0.198558183663538,38,0.140096066582001,38
"2864.4","1585644",0.99,0.925,40,0.911764705882353,34,0.369401932706811,39,0.29816465146953,39
"2865.4","1585655",0.99,0.9,40,0.941176470588235,34,0.353177102867144,38,0.327753440665044,38
"2866.4","1585660",0.99,0.846153846153846,13,0.777777777777778,9,0.143808398143076,22,0.112234595601531,22
"2867.4","1585672",0.99,0.9,40,0.90625,32,0.218416315915944,40,0.155211553235375,40
"2868.4","1585711",0.99,1,1,1,1,0.000801282051282051,39,0.000801282051282051,39
"2869.4","1585754",0.99,0.95,40,0.972972972972973,37,0.344118500633531,40,0.32816611968115,40
"2870.4","1585762",0.99,0.921052631578947,38,0.942857142857143,35,0.193799443385301,40,0.182319256905115,40
"2871.4","1585779",0.99,1,40,1,40,0.22026829653045,40,0.22026829653045,40
"2872.4","1585785",0.99,0.846153846153846,13,0.777777777777778,9,0.0392915652831184,40,0.020971343837897,40
"2873.4","1585787",0.99,0.928571428571429,28,0.916666666666667,24,0.0815503059891605,38,0.0704360676303401,38
"2874.4","1585793",0.99,0.842105263157895,38,0.814814814814815,27,0.201458491718351,39,0.157733577031898,39
"2875.4","1585808",0.99,1,32,1,32,0.217275475509677,40,0.217275475509677,40
"2876.4","1585817",0.99,1,40,1,40,0.342051512515206,40,0.342051512515206,40
"2877.4","1585820",0.99,0.925,40,0.911764705882353,34,0.199665914884109,39,0.172593175413456,39
"2878.4","1585822",0.99,0.925,40,0.941176470588235,34,0.415651534219588,40,0.336636382704437,40
"2879.4","1585825",0.99,NA,0,NA,0,0,33,0,33
"2880.4","1585835",0.99,0.964285714285714,28,0.961538461538462,26,0.0472577252662009,40,0.0432398681233437,40
"2881.4","1585856",0.99,0.885714285714286,35,0.888888888888889,27,0.166914095764175,38,0.129955754268105,38
"2882.4","1585865",0.99,0.833333333333333,6,0.833333333333333,6,0.0617543859649123,30,0.0617543859649123,30
"2883.4","1585868",0.99,0.95,40,0.944444444444444,36,0.353140614331023,40,0.322067821461753,40
"2884.4","1585881",0.99,0.888888888888889,36,0.933333333333333,30,0.168816402188877,38,0.1501533407343,38
"2885.4","1585905",0.99,0.878787878787879,33,0.84,25,0.149203230037454,39,0.106945928558745,39
"2886.4","1585906",0.99,1,11,1,11,0.0199293641141467,40,0.0199293641141467,40
"2887.4","1585907",0.99,0.972222222222222,36,0.970588235294118,34,0.127480535926087,40,0.123219172289723,40
"2888.4","1585912",0.99,1,24,1,24,0.133020702880198,39,0.133020702880198,39
"2889.4","1585925",0.99,0.864864864864865,37,0.851851851851852,27,0.145156871419004,37,0.113066494138064,37
"2890.4","1585927",0.99,0.739130434782609,23,0.8,15,0.150508992562026,24,0.101234290970514,24
"2891.4","1585929",0.99,1,4,1,4,0.00664720719783649,38,0.00664720719783649,38
"2892.4","1585943",0.99,0.96551724137931,29,0.962962962962963,27,0.136545527221382,40,0.132217796128945,40
"2893.4","1585955",0.99,0.837837837837838,37,0.888888888888889,27,0.189480837121283,35,0.13691007455052,35
"2894.4","1585958",0.99,0.975,40,0.973684210526316,38,0.471852422174767,40,0.447284741793133,40
"2895.4","1585972",0.99,1,34,1,34,0.175961221462621,40,0.175961221462621,40
"2896.4","1585977",0.99,0.944444444444444,36,0.9375,32,0.188818874404505,38,0.148636688169688,38
"2897.4","1586002",0.99,0.666666666666667,3,0,1,0.00895463510848126,39,0,39
"2898.4","1586009",0.99,0.925,40,0.911764705882353,34,0.544584235131509,40,0.458832091093101,40
"2899.4","1586012",0.99,0.95,40,0.944444444444444,36,0.478882280080078,40,0.425112438810236,40
"2900.4","1586013",0.99,0.975,40,0.973684210526316,38,0.395619786011972,40,0.379688064817093,40
"2901.4","1586032",0.99,0.975,40,0.973684210526316,38,0.397598384586164,40,0.361380435868215,40
"2902.4","1586037",0.99,0.975,40,0.973684210526316,38,0.221051686465628,40,0.211155853132294,40
"2903.4","1586052",0.99,0.925,40,0.942857142857143,35,0.470671851638638,40,0.409700390667177,40
"2904.4","1586069",0.99,1,40,1,40,0.292515281330641,40,0.292515281330641,40
"2905.4","1586077",0.99,0.870967741935484,31,0.96,25,0.0804920435362027,38,0.0707974267104899,38
"2906.4","1586091",0.99,0.88,25,0.842105263157895,19,0.116788634734895,34,0.0687909701959338,34
"2907.4","1586100",0.99,0.842105263157895,38,0.892857142857143,28,0.246057707278572,35,0.204742829825922,35
"2908.4","1586103",0.99,0.925,40,0.916666666666667,36,0.313817532279344,40,0.284688955172826,40
"2909.4","1586113",0.99,0.923076923076923,39,0.909090909090909,33,0.236491849876328,39,0.201444585049652,39
"2910.4","1586124",0.99,0.868421052631579,38,0.9,30,0.289976616756024,36,0.23206433228124,36
"2911.4","1586126",0.99,0.846153846153846,39,0.821428571428571,28,0.202314092390566,37,0.151555167646658,37
"2912.4","1586144",0.99,0.945945945945946,37,0.939393939393939,33,0.127110339340274,39,0.0963131321199166,39
"2913.4","1586151",0.99,0.925,40,0.911764705882353,34,0.356663272181099,40,0.311333771333771,40
"2914.4","1586161",0.99,0.810810810810811,37,0.84,25,0.262033306934735,36,0.180928582647466,36
"2915.4","1586167",0.99,NA,0,NA,0,0,12,0,12
"2916.4","1586215",0.99,0.918918918918919,37,0.903225806451613,31,0.162784407050568,38,0.143759795611096,38
"2917.4","1586218",0.99,0.95,40,0.972972972972973,37,0.632189739457936,40,0.594511168029365,40
"2918.4","1586229",0.99,0.925,40,0.911764705882353,34,0.419008544286229,40,0.358602783262047,40
"2919.4","1586231",0.99,NA,0,NA,0,0,38,0,38
"2920.4","1586254",0.99,0.972972972972973,37,0.971428571428571,35,0.126366598670967,40,0.121268672403686,40
"2921.4","1586256",0.99,0.96969696969697,33,0.967741935483871,31,0.0955020568322521,40,0.0822215349310406,40
"2922.4","1586258",0.99,0.975,40,0.973684210526316,38,0.37538376862965,40,0.355248633494515,40
"2923.4","1586267",0.99,NA,0,NA,0,0,37,0,37
"2924.4","1586291",0.99,0.931034482758621,29,0.92,25,0.088060378929351,38,0.0557388079564643,38
"2925.4","1586297",0.99,0.9,40,0.909090909090909,33,0.303146820560601,40,0.261105945953937,40
"2926.4","1586301",0.99,0.888888888888889,36,0.857142857142857,28,0.269150733646059,36,0.218028882955243,36
"2927.4","1586307",0.99,1,24,1,24,0.0905414468165891,40,0.0905414468165891,40
"2928.4","1586316",0.99,0.925,40,0.911764705882353,34,0.281486996462464,40,0.225216753547484,40
"2929.4","1586341",0.99,1,40,1,40,0.315361762800971,40,0.315361762800971,40
"2930.4","1586348",0.99,1,40,1,40,0.746740415253366,40,0.746740415253366,40
"2931.4","1586351",0.99,1,40,1,40,0.727169965146376,40,0.727169965146376,40
"2932.4","1586378",0.99,0.95,40,0.944444444444444,36,0.285033356693996,39,0.252946599607239,39
"2933.4","1586444",0.99,0.975,40,0.973684210526316,38,0.567665020365853,40,0.540559910029036,40
"2934.4","1586450",0.99,0.95,40,0.972222222222222,36,0.645586948839006,40,0.596180714301649,40
"2935.4","1586476",0.99,1,40,1,40,0.539698983270195,40,0.539698983270195,40
"2936.4","1586484",0.99,0.925,40,0.911764705882353,34,0.585414739438791,40,0.486467005858773,40
"2937.4","1586520",0.99,0.95,40,0.972222222222222,36,0.562812414833958,40,0.519711765483308,40
"2938.4","1586551",0.99,0.975,40,0.973684210526316,38,0.397344032657814,40,0.378709608760232,40
"2939.4","1586558",0.99,0.975,40,0.973684210526316,38,0.366144757457382,39,0.351113811391953,39
"2940.4","1586568",0.99,0.95,40,0.944444444444444,36,0.514286345890566,40,0.464677146610314,40
"2941.4","1586576",0.99,1,40,1,40,0.791312191501145,40,0.791312191501145,40
"2942.4","1586606",0.99,0.975,40,0.973684210526316,38,0.286022702429097,39,0.265456463112858,39
"2943.4","1586607",0.99,0.95,40,0.944444444444444,36,0.57915869046443,40,0.512730119035859,40
"2944.4","1586618",0.99,0.9,40,0.941176470588235,34,0.479296648889272,40,0.427769278410289,40
"2945.4","1586639",0.99,0.975,40,0.973684210526316,38,0.267555871098109,40,0.255434658976897,40
"2946.4","1586650",0.99,0.975,40,0.973684210526316,38,0.293033812333939,40,0.272795717095844,40
"2947.4","1586679",0.99,0.975,40,0.973684210526316,38,0.536178722586542,40,0.509145755553575,40
"2948.4","1586688",0.99,0.897435897435897,39,0.870967741935484,31,0.332921176186021,39,0.259036727301572,39
"2949.4","1586771",0.99,0.947368421052632,38,0.941176470588235,34,0.279549641391747,39,0.24700031936874,39
"2950.4","1586779",0.99,0.95,40,0.944444444444444,36,0.402049405152783,40,0.361897890001268,40
"2951.4","1587215",0.99,0.9,40,0.875,32,0.386686420435923,40,0.277913259157799,40
"2952.4","1587411",0.99,0.975,40,0.973684210526316,38,0.410419014726543,40,0.390853797335238,40
"2953.4","1587421",0.99,0.975,40,0.973684210526316,38,0.505691079860972,40,0.481211913194305,40
"2954.4","1588132",0.99,NA,0,NA,0,0,30,0,30
"2955.4","1588429",0.99,NA,0,NA,0,0,37,0,37
"2956.4","1588455",0.99,0.95,40,0.944444444444444,36,0.605651744492428,40,0.544208826944859,40
"2957.4","1588458",0.99,1,40,1,40,0.74115277340322,40,0.74115277340322,40
"2958.4","1588459",0.99,0.95,40,0.972222222222222,36,0.658152510721355,40,0.613929372748217,40
"2959.4","1588462",0.99,1,40,1,40,0.577574658229777,40,0.577574658229777,40
"2960.4","1588580",0.99,NA,0,NA,0,0,37,0,37
"2961.4","1588708",0.99,0.861111111111111,36,0.931034482758621,29,0.314184600355784,39,0.274835061006245,39
"2962.4","1588901",0.99,0.925,40,0.914285714285714,35,0.672720784288946,40,0.58417430042234,40
"2963.4","1589302",0.99,0.95,40,0.944444444444444,36,0.462607469459038,40,0.416766682339181,40
"2964.4","1589326",0.99,0.925,40,0.911764705882353,34,0.635244232846805,40,0.527683145837876,40
"2965.4","1589540",0.99,0.925,40,0.911764705882353,34,0.550430563588458,39,0.457533917750636,39
"2966.4","1590748",0.99,0.95,40,0.972972972972973,37,0.568969051910586,39,0.53787248889913,39
"2967.4","1591025",0.99,0.925,40,0.914285714285714,35,0.432634097975136,40,0.365833093746806,40
"2968.4","1591498",0.99,0.95,40,0.944444444444444,36,0.457379908530583,40,0.405953140853816,40
"2969.4","1592202",0.99,0.975,40,0.973684210526316,38,0.972872340425532,40,0.922872340425532,40
"2970.4","1592209",0.99,0.975,40,0.973684210526316,38,0.51702380952381,40,0.481607142857143,40
"2971.4","1592210",0.99,1,40,1,40,0.525327380952381,40,0.525327380952381,40
"2972.4","1592241",0.99,1,40,1,40,0.528193110879858,40,0.528193110879858,40
"2973.4","1592244",0.99,0.95,40,0.944444444444444,36,0.587565613694559,40,0.522670925049871,40
"2974.4","1592263",0.99,0.975,40,0.973684210526316,38,0.49449840143753,40,0.466120023059152,40
"2975.4","1592264",0.99,0.975,40,0.973684210526316,38,0.63966782917585,40,0.610863481349763,40
"2976.4","1592265",0.99,0.975,40,0.973684210526316,38,0.508369260438494,40,0.478217745286979,40
"2977.4","1592280",0.99,1,40,1,40,0.750348204601123,40,0.750348204601123,40
"2978.4","1592332",0.99,0.925,40,0.911764705882353,34,0.587916281221092,40,0.492557045945113,40
"2979.4","1592370",0.99,1,40,1,40,0.409794953779038,40,0.409794953779038,40
"2980.4","1592371",0.99,0.975,40,0.973684210526316,38,0.593662373515223,40,0.562811309685436,40
"2981.4","1592379",0.99,0.9,40,0.90625,32,0.384594569489456,38,0.306145927723752,38
"2982.4","1592381",0.99,0.925,40,0.911764705882353,34,0.433177761637614,40,0.344936155913978,40
"2983.4","1592389",0.99,0.975,40,0.973684210526316,38,0.315144960612724,39,0.298313928397077,39
"2984.4","1592425",0.99,0.875,40,0.875,32,0.443113018794331,40,0.371556865867211,40
"2985.4","1592439",0.99,0.975,40,0.973684210526316,38,0.306217235241754,39,0.288072589190131,39
"2986.4","1593577",0.99,0.975,40,0.973684210526316,38,0.507101496939178,40,0.485556781492023,40
"2987.4","1593734",0.99,1,40,1,40,0.368552165938067,40,0.368552165938067,40
"2988.4","1593739",0.99,1,40,1,40,0.523398598095661,40,0.523398598095661,40
"2989.4","1593750",0.99,1,40,1,40,0.454931358190615,40,0.454931358190615,40
"2990.4","1593796",0.99,1,40,1,40,0.213670634920635,40,0.213670634920635,40
"2991.4","1593891",0.99,1,1,1,1,0.00301659125188537,39,0.00301659125188537,39
"2992.4","1593900",0.99,NA,0,NA,0,0,40,0,40
"2993.4","1593903",0.99,1,27,1,27,0.122194264069264,40,0.122194264069264,40
"2994.4","1593931",0.99,1,9,1,9,0.037037037037037,39,0.037037037037037,39
"2995.4","1593961",0.99,NA,0,NA,0,0,18,0,18
"2996.4","1593976",0.99,NA,0,NA,0,0,40,0,40
"2997.4","1593986",0.99,NA,0,NA,0,0,26,0,26
"2998.4","1594013",0.99,0.954545454545455,22,0.95,20,0.111121553884712,38,0.10234962406015,38
"2999.4","1594054",0.99,NA,0,NA,0,0,39,0,39
"3000.4","1594092",0.99,NA,0,NA,0,0,33,0,33
"1.5","1010498",0.95,0.9,40,0.878787878787879,33,0.524967350094125,39,0.419752303702608,39
"2.5","1010508",0.95,0.95,40,0.972972972972973,37,0.496829230204245,40,0.475098460973476,40
"3.5","1010540",0.95,0.9,40,0.882352941176471,34,0.674903386065549,40,0.555518843339693,40
"4.5","1010562",0.95,NA,0,NA,0,0,28,0,28
"5.5","1010567",0.95,NA,0,NA,0,0,25,0,25
"6.5","1010611",0.95,0.9,40,0.878787878787879,33,0.516899833213871,39,0.413920258741084,39
"7.5","1010614",0.95,0.925,40,0.911764705882353,34,0.584192614349815,40,0.482133790820403,40
"8.5","1010690",0.95,0.785714285714286,28,0.8,20,0.0849056500581411,38,0.0614410378993895,38
"9.5","1010714",0.95,0.95,40,0.944444444444444,36,0.64037024632619,40,0.571891985456625,40
"10.5","1010723",0.95,0.975,40,0.973684210526316,38,0.313061524592248,40,0.291963963616638,40
"11.5","1010730",0.95,0.975,40,0.973684210526316,38,0.507435745789378,40,0.485052024859145,40
"12.5","1010794",0.95,0.95,40,0.944444444444444,36,0.728782286858492,40,0.653503397019978,40
"13.5","1013889",0.95,1,40,1,40,0.443067212377337,40,0.443067212377337,40
"14.5","1013891",0.95,1,40,1,40,0.46399901112784,40,0.46399901112784,40
"15.5","1013911",0.95,0.923076923076923,39,0.909090909090909,33,0.357691835455885,40,0.305227927884915,40
"16.5","1013935",0.95,1,40,1,40,0.487972998034197,40,0.487972998034197,40
"17.5","1013936",0.95,1,40,1,40,0.484155529696488,40,0.484155529696488,40
"18.5","1013944",0.95,0.974358974358974,39,0.972972972972973,37,0.354306903000191,39,0.330194476964688,39
"19.5","1013965",0.95,1,40,1,40,0.444334192329946,40,0.444334192329946,40
"20.5","1013976",0.95,1,40,1,40,0.406281341773419,40,0.406281341773419,40
"21.5","1013982",0.95,0.975,40,0.973684210526316,38,0.492626928344789,40,0.471115300437812,40
"22.5","1013990",0.95,1,40,1,40,0.472386841845861,40,0.472386841845861,40
"23.5","1014019",0.95,0.975,40,0.973684210526316,38,0.407727182788253,40,0.386246851525313,40
"24.5","1014046",0.95,1,40,1,40,0.453321341805889,40,0.453321341805889,40
"25.5","1014048",0.95,1,40,1,40,0.456219690217138,40,0.456219690217138,40
"26.5","1014056",0.95,0.975,40,0.973684210526316,38,0.45091268403524,40,0.430563846825937,40
"27.5","1014060",0.95,1,40,1,40,0.483843985689916,40,0.483843985689916,40
"28.5","1014077",0.95,1,40,1,40,0.45492650419976,40,0.45492650419976,40
"29.5","1014094",0.95,0.95,40,0.944444444444444,36,0.425646372676293,40,0.381598753628674,40
"30.5","1014096",0.95,1,40,1,40,0.452186617210724,40,0.452186617210724,40
"31.5","1014098",0.95,1,40,1,40,0.510244495881024,40,0.510244495881024,40
"32.5","1014119",0.95,1,40,1,40,0.518763842746401,40,0.518763842746401,40
"33.5","1014128",0.95,1,40,1,40,0.387818977417822,40,0.387818977417822,40
"34.5","1014150",0.95,1,40,1,40,0.59957060750546,40,0.59957060750546,40
"35.5","1014155",0.95,0.95,40,0.944444444444444,36,0.381936912272574,39,0.351102299730644,39
"36.5","1014163",0.95,0.95,40,0.944444444444444,36,0.472510441065222,40,0.429827514235953,40
"37.5","1014164",0.95,1,40,1,40,0.541540641073272,40,0.541540641073272,40
"38.5","1014172",0.95,1,40,1,40,0.423057372152207,40,0.423057372152207,40
"39.5","1014213",0.95,0.95,40,0.944444444444444,36,0.379335440620612,40,0.351428463876426,40
"40.5","1014271",0.95,1,40,1,40,0.480815721872493,40,0.480815721872493,40
"41.5","1014286",0.95,0.975,40,0.973684210526316,38,0.586704925509273,40,0.557816036620384,40
"42.5","1014294",0.95,1,40,1,40,0.691305653676736,40,0.691305653676736,40
"43.5","1014302",0.95,0.95,40,0.945945945945946,37,0.41770532604507,40,0.385330180865047,40
"44.5","1014304",0.95,1,40,1,40,0.484174511156215,40,0.484174511156215,40
"45.5","1014307",0.95,1,40,1,40,0.468719728014404,40,0.468719728014404,40
"46.5","1014312",0.95,1,40,1,40,0.457958772154427,40,0.457958772154427,40
"47.5","1014361",0.95,1,40,1,40,0.626015354266937,40,0.626015354266937,40
"48.5","1014363",0.95,1,40,1,40,0.593430583755337,40,0.593430583755337,40
"49.5","1014365",0.95,1,40,1,40,0.58360222972289,40,0.58360222972289,40
"50.5","1014371",0.95,1,40,1,40,0.64596979043519,40,0.64596979043519,40
"51.5","1014403",0.95,0.923076923076923,39,0.909090909090909,33,0.381488538719112,40,0.32087722953293,40
"52.5","1014420",0.95,1,40,1,40,0.509021188916963,40,0.509021188916963,40
"53.5","1014435",0.95,1,40,1,40,0.486516416245115,40,0.486516416245115,40
"54.5","1014447",0.95,1,40,1,40,0.423875008425491,40,0.423875008425491,40
"55.5","1014469",0.95,1,40,1,40,0.42252194542142,40,0.42252194542142,40
"56.5","1014484",0.95,0.975,40,0.975,40,0.465719329120492,40,0.465719329120492,40
"57.5","1014493",0.95,1,40,1,40,0.494337236798908,40,0.494337236798908,40
"58.5","1014550",0.95,1,29,1,29,0.118402581361173,40,0.118402581361173,40
"59.5","1014566",0.95,1,40,1,40,0.472167899929528,40,0.472167899929528,40
"60.5","1014582",0.95,1,40,1,40,0.504916272358133,40,0.504916272358133,40
"61.5","1014593",0.95,1,40,1,40,0.438964427045822,40,0.438964427045822,40
"62.5","1014600",0.95,0.925,40,0.914285714285714,35,0.391100878132134,40,0.345449475625584,40
"63.5","1014610",0.95,0.925,40,0.911764705882353,34,0.386140708667651,40,0.332955864111565,40
"64.5","1014611",0.95,1,40,1,40,0.429047824494956,40,0.429047824494956,40
"65.5","1014612",0.95,1,40,1,40,0.506211602492799,40,0.506211602492799,40
"66.5","1014627",0.95,0.975,40,0.973684210526316,38,0.416865423151938,40,0.398413042199557,40
"67.5","1014653",0.95,0.875,40,0.870967741935484,31,0.515161680366352,40,0.369668950348872,40
"68.5","1014655",0.95,0.975,40,0.973684210526316,38,0.512711234158303,40,0.481560440507509,40
"69.5","1014660",0.95,0.825,40,0.827586206896552,29,0.651963113530026,40,0.479433946229517,40
"70.5","1014685",0.95,0.85,40,0.896551724137931,29,0.506316949749717,39,0.403071029003796,39
"71.5","1014696",0.95,0.925,40,0.911764705882353,34,0.659558913101775,40,0.555319525038858,40
"72.5","1014697",0.95,0.975,40,0.973684210526316,38,0.685844436896361,40,0.650205797615231,40
"73.5","1014721",0.95,1,40,1,40,0.723684437543133,40,0.723684437543133,40
"74.5","1014734",0.95,0.975,40,0.973684210526316,38,0.529212741883194,40,0.49892233784279,40
"75.5","1014736",0.95,0.925,40,0.911764705882353,34,0.465624151072351,40,0.39900764761613,40
"76.5","1014746",0.95,0.85,40,0.9,30,0.542034705931459,38,0.44349947330791,38
"77.5","1014794",0.95,0.925,40,0.972222222222222,36,0.257750808650299,40,0.227530502136889,40
"78.5","1014804",0.95,0.95,40,0.947368421052632,38,0.342875400248196,39,0.329068694133798,39
"79.5","1014822",0.95,1,40,1,40,0.368078109765305,40,0.368078109765305,40
"80.5","1014853",0.95,0.931034482758621,29,0.92,25,0.208988216036,36,0.184598485396269,36
"81.5","1014858",0.95,0.692307692307692,39,0.833333333333333,24,0.412293725151697,38,0.298253976630525,38
"82.5","1014873",0.95,1,7,1,7,0.0429410993047357,33,0.0429410993047357,33
"83.5","1014876",0.95,0.875,40,0.939393939393939,33,0.366447994984147,38,0.328097953213053,38
"84.5","1014881",0.95,0.95,40,0.947368421052632,38,0.539801742789462,40,0.515812654214366,40
"85.5","1014887",0.95,0.777777777777778,18,0.818181818181818,11,0.0718908242958998,34,0.0251640387695246,34
"86.5","1014890",0.95,0.807692307692308,26,0.9,20,0.161523997674512,36,0.117305797573959,36
"87.5","1014892",0.95,0.730769230769231,26,0.9375,16,0.109115786473226,38,0.0795488134852,38
"88.5","1014905",0.95,0.916666666666667,24,0.9,20,0.0762320069559548,40,0.0602636877618933,40
"89.5","1014964",0.95,0.95,40,0.944444444444444,36,0.504725087334308,40,0.450558420667642,40
"90.5","1015048",0.95,0.95,40,0.972972972972973,37,0.690462034434144,40,0.653605535077645,40
"91.5","1015164",0.95,0.925,40,0.972222222222222,36,0.649022130174875,40,0.613183259742981,40
"92.5","1015170",0.95,1,40,1,40,0.739414178786007,40,0.739414178786007,40
"93.5","1015176",0.95,0.85,40,0.896551724137931,29,0.465923756134669,40,0.350623056853707,40
"94.5","1015199",0.95,0.95,40,0.944444444444444,36,0.538954442816535,40,0.473603565623553,40
"95.5","1015204",0.95,0.925,40,0.911764705882353,34,0.599403858436633,40,0.49496101731616,40
"96.5","1015242",0.95,0.85,40,0.827586206896552,29,0.633439549842345,40,0.454274837522145,40
"97.5","1015259",0.95,0.925,40,0.911764705882353,34,0.517107334366352,39,0.430471747730765,39
"98.5","1015271",0.95,0.875,40,0.870967741935484,31,0.499543368661049,40,0.374409440089621,40
"99.5","1015283",0.95,0.875,40,0.866666666666667,30,0.548467922852434,39,0.38121530742168,39
"100.5","1015295",0.95,0.972222222222222,36,0.970588235294118,34,0.2381396620578,40,0.216307082872279,40
"101.5","1015303",0.95,0.9,40,0.882352941176471,34,0.636150353829801,40,0.533419544907042,40
"102.5","1015323",0.95,0.95,40,0.972972972972973,37,0.695286459441108,40,0.661067002427534,40
"103.5","1015390",0.95,0.975,40,0.973684210526316,38,0.747727632706362,40,0.711309949779533,40
"104.5","1015398",0.95,0.974358974358974,39,0.972972972972973,37,0.393797363477999,40,0.377399514015633,40
"105.5","1015412",0.95,0.925,40,0.911764705882353,34,0.360317186808539,40,0.318659054021374,40
"106.5","1015414",0.95,0.95,40,0.944444444444444,36,0.727094548647964,40,0.651507316679153,40
"107.5","1015430",0.95,0.95,40,0.944444444444444,36,0.602879422629659,40,0.508385375010611,40
"108.5","1015431",0.95,1,36,1,36,0.28173171055524,40,0.28173171055524,40
"109.5","1015434",0.95,NA,0,NA,0,0,39,0,39
"110.5","1015435",0.95,0.975,40,0.973684210526316,38,0.723522605626955,40,0.691742067324678,40
"111.5","1015441",0.95,0.8,10,0.75,8,0.0545221161010635,35,0.0369674185463659,35
"112.5","1015455",0.95,0.925,40,0.911764705882353,34,0.691374487324927,40,0.576151245119978,40
"113.5","1015481",0.95,0.8,40,0.666666666666667,24,0.19712283292775,35,0.0845246905720125,35
"114.5","1015497",0.95,0.925,40,0.911764705882353,34,0.483852499934408,40,0.403934064921145,40
"115.5","1015521",0.95,0.787878787878788,33,0.833333333333333,24,0.131516024544134,33,0.0936524455165202,33
"116.5","1015525",0.95,0.925,40,0.911764705882353,34,0.506809530316847,40,0.408894366776684,40
"117.5","1015542",0.95,0.925,40,0.911764705882353,34,0.606679310613134,40,0.5111541005291,40
"118.5","1015562",0.95,0.9,40,0.875,32,0.584873840338826,40,0.448124652027137,40
"119.5","1015566",0.95,0.9,40,0.875,32,0.56593561387769,40,0.447877724055094,40
"120.5","1015574",0.95,0.875,40,0.84375,32,0.587514496023393,39,0.455587283451019,39
"121.5","1015575",0.95,0.9,40,0.911764705882353,34,0.522275954891882,40,0.448592199131514,40
"122.5","1015586",0.95,0.95,40,0.944444444444444,36,0.783002873563218,40,0.70176724137931,40
"123.5","1015594",0.95,0.975,40,0.973684210526316,38,0.742176165383319,40,0.705219643644189,40
"124.5","1015597",0.95,0.95,40,0.947368421052632,38,0.700893550124082,39,0.663253839407448,39
"125.5","1015621",0.95,0.975,40,0.973684210526316,38,0.722680393848659,39,0.687219400940858,39
"126.5","1015626",0.95,1,40,1,40,0.812545076676318,40,0.812545076676318,40
"127.5","1015651",0.95,1,40,1,40,0.939222941720629,40,0.939222941720629,40
"128.5","1015673",0.95,0.8,10,0.714285714285714,7,0.0195648502796167,40,0.00774666846143492,40
"129.5","1015680",0.95,0.95,40,0.944444444444444,36,0.473492714606924,40,0.424149375019682,40
"130.5","1015683",0.95,1,40,1,40,0.713060731538992,40,0.713060731538992,40
"131.5","1015691",0.95,0.85,40,0.833333333333333,30,0.403254300078515,38,0.285378050755463,38
"132.5","1016",0.95,0.9,40,0.90625,32,0.501238647351893,39,0.405078893127623,39
"133.5","1016028",0.95,0.95,40,0.944444444444444,36,0.467279739193393,39,0.428662026157075,39
"134.5","1016045",0.95,0.925,40,0.911764705882353,34,0.58161113089244,40,0.493428357783196,40
"135.5","1016091",0.95,0.975,40,0.973684210526316,38,0.515812855624089,40,0.488540128351362,40
"136.5","1016100",0.95,0.975,40,0.973684210526316,38,0.501597318718342,39,0.478583249192645,39
"137.5","1016137",0.95,0.95,40,0.944444444444444,36,0.700234270834155,40,0.625367960673727,40
"138.5","1016185",0.95,0.925,40,0.911764705882353,34,0.645231450312972,40,0.535877970459492,40
"139.5","1016200",0.95,NA,0,NA,0,0,37,0,37
"140.5","1016236",0.95,0.96875,32,0.966666666666667,30,0.297841810966811,40,0.288940295815296,40
"141.5","1016238",0.95,0.95,40,0.972972972972973,37,0.218210197643185,38,0.208341776590553,38
"142.5","1016271",0.95,0.85,40,0.90625,32,0.445789018990076,40,0.393964240582637,40
"143.5","1016290",0.95,1,40,1,40,0.712542350183225,40,0.712542350183225,40
"144.5","1016319",0.95,0.975,40,0.973684210526316,38,0.591747547793083,40,0.55882071852479,40
"145.5","1016323",0.95,0.95,40,0.944444444444444,36,0.516772736778904,40,0.463037980681343,40
"146.5","1016328",0.95,1,40,1,40,0.57859347843013,40,0.57859347843013,40
"147.5","1016338",0.95,1,40,1,40,0.940240518038853,40,0.940240518038853,40
"148.5","1016339",0.95,0.95,40,0.944444444444444,36,0.657222222222222,40,0.58493961352657,40
"149.5","1016362",0.95,1,40,1,40,0.632034925077998,40,0.632034925077998,40
"150.5","1016365",0.95,0.9,40,0.911764705882353,34,0.503779992617202,40,0.427748246585456,40
"151.5","1016379",0.95,0.975,40,0.973684210526316,38,0.630160707172841,40,0.597774343536477,40
"152.5","1016383",0.95,1,40,1,40,0.706599972778969,40,0.706599972778969,40
"153.5","1016388",0.95,1,40,1,40,0.773728044651817,40,0.773728044651817,40
"154.5","1016391",0.95,NA,0,NA,0,NA,0,NA,0
"155.5","1016395",0.95,1,40,1,40,0.811186144516394,40,0.811186144516394,40
"156.5","1016421",0.95,0.95,40,0.944444444444444,36,0.755286445475791,40,0.677853181264606,40
"157.5","1016426",0.95,0.925,40,0.911764705882353,34,0.767268282384561,40,0.641083899950179,40
"158.5","1016471",0.95,0.925,40,0.916666666666667,36,0.610687606910143,40,0.532963641686177,40
"159.5","1016486",0.95,0.95,40,0.944444444444444,36,0.40980300839253,39,0.368061803860628,39
"160.5","1016488",0.95,0.9,40,0.875,32,0.754553176251765,40,0.575836320191159,40
"161.5","1016493",0.95,0.85,40,0.827586206896552,29,0.509075108798983,39,0.34964144450807,39
"162.5","1016494",0.95,0.95,40,0.944444444444444,36,0.576804113038992,40,0.524176272129901,40
"163.5","1016513",0.95,0.925,40,0.911764705882353,34,0.620564253628458,40,0.523138848900421,40
"164.5","1016514",0.95,0.95,40,0.973684210526316,38,0.658161052185906,40,0.640513993362377,40
"165.5","1016519",0.95,1,40,1,40,0.76386506372716,40,0.76386506372716,40
"166.5","1016525",0.95,0.95,40,0.972222222222222,36,0.587907790883367,40,0.55403016325574,40
"167.5","1016527",0.95,1,40,1,40,0.664388248307453,40,0.664388248307453,40
"168.5","1016648",0.95,NA,0,NA,0,0,6,0,6
"169.5","1016659",0.95,0.925,40,0.942857142857143,35,0.705360924756986,39,0.6196466390427,39
"170.5","1016682",0.95,0.925,40,0.942857142857143,35,0.64016963991609,39,0.566368664905438,39
"171.5","1016774",0.95,0.975,40,0.973684210526316,38,0.270537951985837,40,0.257169896430281,40
"172.5","1016776",0.95,0.95,40,0.944444444444444,36,0.275298548400859,40,0.248314574041884,40
"173.5","1016794",0.95,0.9,40,0.875,32,0.479501827800819,40,0.381761906580921,40
"174.5","1016801",0.95,0.85,40,0.866666666666667,30,0.260168102162268,35,0.203853486545327,35
"175.5","1016822",0.95,0.925,40,0.916666666666667,36,0.230350043656174,39,0.206525689872306,39
"176.5","1016830",0.95,0.925,40,0.911764705882353,34,0.334351886710266,39,0.286211691193711,39
"177.5","1016840",0.95,1,40,1,40,0.476698342161913,40,0.476698342161913,40
"178.5","1016953",0.95,0.9,40,0.875,32,0.526186914169806,39,0.415766644475342,39
"179.5","1017015",0.95,NA,0,NA,0,0,39,0,39
"180.5","1017021",0.95,0.925,40,0.942857142857143,35,0.514063688640026,40,0.454770123677856,40
"181.5","1017025",0.95,0.95,40,0.944444444444444,36,0.440502516368591,39,0.398908986686576,39
"182.5","1017066",0.95,0.9,40,0.90625,32,0.486191867191828,39,0.396922966158221,39
"183.5","1017069",0.95,0.95,40,0.944444444444444,36,0.568438430255628,39,0.517280547015193,39
"184.5","1017084",0.95,0.925,40,0.911764705882353,34,0.71203838321725,40,0.597507165789691,40
"185.5","1017087",0.95,0.95,40,0.944444444444444,36,0.747057364355473,40,0.667419421987267,40
"186.5","1017089",0.95,0.9,40,0.909090909090909,33,0.624143786175946,40,0.51263584966801,40
"187.5","1017096",0.95,0.925,40,0.911764705882353,34,0.447050943058415,40,0.370587836448249,40
"188.5","1017103",0.95,0.925,40,0.911764705882353,34,0.569335610643082,39,0.484470207229291,39
"189.5","1017122",0.95,0.975,40,0.973684210526316,38,0.749541062801932,40,0.718019323671498,40
"190.5","1017125",0.95,1,40,1,40,0.771879283226604,40,0.771879283226604,40
"191.5","1017142",0.95,1,40,1,40,0.902267811823026,40,0.902267811823026,40
"192.5","1017283",0.95,0.9,40,0.882352941176471,34,0.630694014506179,39,0.514115147452929,39
"193.5","1017306",0.95,0.925,40,0.911764705882353,34,0.690088472005496,40,0.569731329148353,40
"194.5","1017312",0.95,0.9,40,0.875,32,0.443069545179242,39,0.346019641677726,39
"195.5","1017330",0.95,0.972972972972973,37,0.971428571428571,35,0.201993616318018,39,0.19369080801521,39
"196.5","1017353",0.95,1,40,1,40,0.746986940590402,40,0.746986940590402,40
"197.5","1017354",0.95,0.975,40,0.973684210526316,38,0.593515765444276,40,0.5673252892538,40
"198.5","1017364",0.95,0.975,40,0.973684210526316,38,0.467202745022074,40,0.431091633910963,40
"199.5","1017520",0.95,0.925,40,0.911764705882353,34,0.625940655913332,40,0.521822756536287,40
"200.5","1017547",0.95,0.925,40,0.945945945945946,37,0.63779923777026,40,0.60640388893305,40
"201.5","1017554",0.95,0.925,40,0.944444444444444,36,0.498242455832089,40,0.466869052812344,40
"202.5","1017567",0.95,1,27,1,27,0.166361416361416,39,0.166361416361416,39
"203.5","1017695",0.95,1,40,1,40,0.692551044122124,40,0.692551044122124,40
"204.5","1017719",0.95,0.95,40,0.944444444444444,36,0.626435823754789,40,0.553250339883822,40
"205.5","1017721",0.95,0.8,40,0.769230769230769,26,0.618903416293439,40,0.385192335707359,40
"206.5","1017730",0.95,0.925,40,0.911764705882353,34,0.450698669868025,40,0.380471108637439,40
"207.5","1017790",0.95,0.857142857142857,7,0.857142857142857,7,0.0375861683606249,32,0.0375861683606249,32
"208.5","1017816",0.95,0.975,40,0.973684210526316,38,0.356293591631219,40,0.339063147656589,40
"209.5","1017821",0.95,0.925,40,0.941176470588235,34,0.33418344035706,40,0.299126428543991,40
"210.5","1017830",0.95,1,40,1,40,0.696492421784463,40,0.696492421784463,40
"211.5","1017833",0.95,0.975,40,0.973684210526316,38,0.501970371413969,40,0.469415426359024,40
"212.5","1017835",0.95,0.975,40,0.973684210526316,38,0.453057631568235,40,0.425770809862808,40
"213.5","1017862",0.95,0.875,40,0.870967741935484,31,0.369878139919991,40,0.281763925185492,40
"214.5","1017863",0.95,0.975,40,0.973684210526316,38,0.465100482175974,40,0.439081673398545,40
"215.5","1017982",0.95,1,1,1,1,0.00148148148148148,25,0.00148148148148148,25
"216.5","1018041",0.95,NA,0,NA,0,0,22,0,22
"217.5","1018062",0.95,0.95,40,0.944444444444444,36,0.546512271854884,38,0.479935947322623,38
"218.5","1018070",0.95,0.975,40,0.973684210526316,38,0.687747964865408,40,0.654793419410862,40
"219.5","1018099",0.95,0.8,40,0.769230769230769,26,0.521013351915209,39,0.34453530803642,39
"220.5","1018111",0.95,0.95,40,0.944444444444444,36,0.580154707706875,40,0.516284867059017,40
"221.5","1018135",0.95,0.95,40,0.944444444444444,36,0.609258245178127,39,0.549354399024281,39
"222.5","1018200",0.95,0.875,40,0.935483870967742,31,0.246892290320731,37,0.202539485983461,37
"223.5","1018206",0.95,0.95,40,0.944444444444444,36,0.503346401186159,40,0.444422790075048,40
"224.5","1018440",0.95,0.9,40,0.882352941176471,34,0.627391948211458,38,0.5189317117005,38
"225.5","1018486",0.95,0.9,40,0.909090909090909,33,0.635714525778047,38,0.537030315251731,38
"226.5","1019543",0.95,1,40,1,40,0.927755525657483,40,0.927755525657483,40
"227.5","1019571",0.95,1,40,1,40,0.871172622335973,40,0.871172622335973,40
"228.5","1020",0.95,0.85,40,0.896551724137931,29,0.348533943042835,39,0.280535385217974,39
"229.5","1020003",0.95,0.85,40,0.9,30,0.496080224546958,40,0.392460509248816,40
"230.5","1020037",0.95,0.85,40,0.793103448275862,29,0.553770456817183,39,0.380475219176411,39
"231.5","1020042",0.95,0.95,40,0.944444444444444,36,0.548170616339763,40,0.484963584423053,40
"232.5","1020047",0.95,1,40,1,40,0.787234042553192,40,0.787234042553192,40
"233.5","1020050",0.95,1,40,1,40,0.771462147451757,40,0.771462147451757,40
"234.5","1020276",0.95,0.975,40,0.973684210526316,38,0.497402781888857,39,0.459835697810145,39
"235.5","1020278",0.95,0.975,40,0.973684210526316,38,0.695688488843797,39,0.658964769255627,39
"236.5","1020321",0.95,0.9,40,0.909090909090909,33,0.268128378276793,36,0.226122236180931,36
"237.5","1020323",0.95,0.825,40,0.9,30,0.25804091676134,34,0.219441054568128,34
"238.5","1020327",0.95,1,40,1,40,0.619833987601386,40,0.619833987601386,40
"239.5","1020333",0.95,0.894736842105263,38,0.903225806451613,31,0.277064435165641,35,0.236960257130791,35
"240.5","1020341",0.95,0.897435897435897,39,0.90625,32,0.275944452812269,36,0.232980328813662,36
"241.5","1020348",0.95,0.875,40,0.90625,32,0.285784637425818,35,0.242691474654637,35
"242.5","1021005",0.95,0.9,40,0.875,32,0.405872615554081,37,0.28955853734857,37
"243.5","1021016",0.95,0.925,40,0.911764705882353,34,0.382289973574879,37,0.30346156112488,37
"244.5","1021017",0.95,0.925,40,0.911764705882353,34,0.439110170500509,38,0.350575281238473,38
"245.5","1021035",0.95,0.9,40,0.882352941176471,34,0.413331746290549,40,0.323468842721251,40
"246.5","1021045",0.95,0.875,40,0.870967741935484,31,0.319164246404628,37,0.227581336409033,37
"247.5","1021047",0.95,0.925,40,0.911764705882353,34,0.43445147398451,37,0.352435104617187,37
"248.5","1021070",0.95,0.925,40,0.911764705882353,34,0.388382227818187,37,0.312216884641715,37
"249.5","1021078",0.95,0.95,40,0.947368421052632,38,0.855798220504103,40,0.813663778369661,40
"250.5","1021093",0.95,0.975,40,0.973684210526316,38,0.834896723132017,40,0.790977804213098,40
"251.5","1021255",0.95,1,40,1,40,0.939222941720629,40,0.939222941720629,40
"252.5","1021289",0.95,0.925,40,0.914285714285714,35,0.627153632674129,40,0.534269486332666,40
"253.5","1021290",0.95,0.95,40,0.944444444444444,36,0.698483188374904,40,0.628167217725145,40
"254.5","1021292",0.95,0.95,40,0.944444444444444,36,0.629775322315619,40,0.561847591262888,40
"255.5","1021295",0.95,1,40,1,40,0.67865339825465,40,0.67865339825465,40
"256.5","1021315",0.95,1,40,1,40,0.974236817761332,40,0.974236817761332,40
"257.5","1021316",0.95,NA,0,NA,0,0,38,0,38
"258.5","1021327",0.95,0.975,40,0.973684210526316,38,0.805276884157033,40,0.7688185508237,40
"259.5","1021329",0.95,1,40,1,40,0.933196850559247,40,0.933196850559247,40
"260.5","1021488",0.95,0.925,40,0.911764705882353,34,0.560470452043956,40,0.4625173578278,40
"261.5","1021523",0.95,0.85,40,0.866666666666667,30,0.463712788973586,39,0.339632521415058,39
"262.5","1021532",0.95,0.95,40,0.944444444444444,36,0.652762069041262,40,0.56994471655679,40
"263.5","1021552",0.95,0.925,40,0.911764705882353,34,0.664506391802106,40,0.54748834264696,40
"264.5","1021587",0.95,1,40,1,40,0.868949083861875,40,0.868949083861875,40
"265.5","1021590",0.95,0.975,40,0.973684210526316,38,0.491930202472966,40,0.465263535806299,40
"266.5","1021617",0.95,0.975,40,0.973684210526316,38,0.422623099951552,39,0.408433780499075,39
"267.5","1021845",0.95,1,40,1,40,0.787777520814061,40,0.787777520814061,40
"268.5","1021960",0.95,1,40,1,40,0.795970423476205,40,0.795970423476205,40
"269.5","1021967",0.95,0.95,40,0.944444444444444,36,0.265495912113758,39,0.247843290364147,39
"270.5","1022000",0.95,1,40,1,40,0.770655298961453,40,0.770655298961453,40
"271.5","1022001",0.95,0.95,40,0.944444444444444,36,0.407607752494762,39,0.371796475957679,39
"272.5","1022033",0.95,0.875,40,0.833333333333333,30,0.672252871099639,40,0.475418335721461,40
"273.5","1022052",0.95,0.85,40,0.866666666666667,30,0.669559407108532,40,0.51092845472758,40
"274.5","1022062",0.95,0.875,40,0.870967741935484,31,0.719004799548278,40,0.561297289666855,40
"275.5","1022085",0.95,0.925,40,0.911764705882353,34,0.799126567273306,40,0.662774294546034,40
"276.5","1022086",0.95,0.975,40,0.973684210526316,38,0.629884724024243,40,0.600397544537064,40
"277.5","1022116",0.95,0.794871794871795,39,0.769230769230769,26,0.286406137144046,34,0.221641429787789,34
"278.5","1022120",0.95,0.971428571428571,35,0.96969696969697,33,0.17804211362206,40,0.171687071605253,40
"279.5","1022123",0.95,0.95,40,0.944444444444444,36,0.510987212771401,39,0.466143167927357,39
"280.5","1022132",0.95,0.9,40,0.909090909090909,33,0.353169721959015,40,0.300475756441774,40
"281.5","1022223",0.95,0.975,40,0.973684210526316,38,0.689751067121093,40,0.64650782387785,40
"282.5","1022228",0.95,0.975,40,0.973684210526316,38,0.717036843853304,40,0.677994540680566,40
"283.5","1022229",0.95,0.975,40,0.973684210526316,38,0.633312791971356,40,0.60477112530469,40
"284.5","1022241",0.95,0.939393939393939,33,0.933333333333333,30,0.551515151515152,40,0.493181818181818,40
"285.5","1022246",0.95,0.95,40,0.944444444444444,36,0.550097869225384,39,0.488961436500862,39
"286.5","1022294",0.95,0.875,40,0.90625,32,0.57231734292033,38,0.481881157318905,38
"287.5","1022297",0.95,0.975,40,0.973684210526316,38,0.573182738074042,40,0.546830081069211,40
"288.5","1022341",0.95,NA,0,NA,0,0,8,0,8
"289.5","1022354",0.95,NA,0,NA,0,0,1,0,1
"290.5","1022357",0.95,NA,0,NA,0,0,27,0,27
"291.5","1022358",0.95,NA,0,NA,0,NA,0,NA,0
"292.5","1022387",0.95,NA,0,NA,0,NA,0,NA,0
"293.5","1022395",0.95,0.95,40,0.945945945945946,37,0.714040300597265,40,0.650252421809386,40
"294.5","1022404",0.95,0.925,40,0.973684210526316,38,0.696557439378141,40,0.696557439378141,40
"295.5","1022415",0.95,0.925,40,0.916666666666667,36,0.872743001297096,40,0.778831643022745,40
"296.5","1022432",0.95,0.925,40,0.911764705882353,34,0.770906567992599,40,0.640252081406105,40
"297.5","1022433",0.95,0.939393939393939,33,0.931034482758621,29,0.109188354063098,40,0.0967370553617989,40
"298.5","1022439",0.95,0.975,40,0.973684210526316,38,0.278438237220072,40,0.262366808648643,40
"299.5","1022460",0.95,0.925,40,0.911764705882353,34,0.684608804990461,40,0.567241589905193,40
"300.5","1022462",0.95,0.85,40,0.827586206896552,29,0.703528793438132,40,0.489625269654153,40
"301.5","1022518",0.95,1,40,1,40,0.699833724912248,40,0.699833724912248,40
"302.5","1022527",0.95,0.95,40,0.944444444444444,36,0.615097591619976,40,0.549242087474998,40
"303.5","1022528",0.95,0.975,40,0.973684210526316,38,0.647941934064084,40,0.609640652012801,40
"304.5","1022534",0.95,0.925,40,0.971428571428571,35,0.614100922214999,40,0.572850922214999,40
"305.5","1023330",0.95,0.875,40,0.833333333333333,30,0.442473343276689,39,0.32868678889218,39
"306.5","1023350",0.95,1,40,1,40,0.526785664872557,40,0.526785664872557,40
"307.5","1023351",0.95,0.925,40,0.916666666666667,36,0.534774748332944,40,0.472447162126048,40
"308.5","1023355",0.95,0.875,40,0.878787878787879,33,0.434179503828408,40,0.365855799346615,40
"309.5","1023365",0.95,0.9,40,0.909090909090909,33,0.341258499844832,38,0.262617453424614,38
"310.5","1023385",0.95,0.9,40,0.909090909090909,33,0.644733106347318,39,0.54644250805672,39
"311.5","1023388",0.95,0.875,40,0.870967741935484,31,0.560369280620628,38,0.447593954766809,38
"312.5","1023389",0.95,0.95,40,0.944444444444444,36,0.563073043008372,39,0.500410901228583,39
"313.5","1023467",0.95,0.975,40,0.973684210526316,38,0.60231686198558,40,0.575531147699866,40
"314.5","1023485",0.95,0.975,40,0.973684210526316,38,0.466601076346109,39,0.43960907193475,39
"315.5","1023505",0.95,0.975,40,0.975,40,0.370834338507108,39,0.370834338507108,39
"316.5","1023543",0.95,0.925,40,0.942857142857143,35,0.637225806269453,40,0.567896169172679,40
"317.5","1023568",0.95,0.975,40,0.973684210526316,38,0.536885914686032,39,0.515250368660242,39
"318.5","1023610",0.95,0.925,40,0.911764705882353,34,0.689764708350301,40,0.572852943644418,40
"319.5","1023641",0.95,0.975,40,0.975,40,0.736750642768085,40,0.736750642768085,40
"320.5","1023645",0.95,0.975,40,0.973684210526316,38,0.618852441820991,40,0.589247178663097,40
"321.5","1023647",0.95,0.95,40,0.944444444444444,36,0.672585497514894,40,0.601904603205951,40
"322.5","1023652",0.95,1,40,1,40,0.715278044207115,40,0.715278044207115,40
"323.5","1023685",0.95,0.975,40,0.973684210526316,38,0.675111603897522,40,0.639861109500686,40
"324.5","1023795",0.95,1,40,1,40,0.662689738352267,40,0.662689738352267,40
"325.5","1023797",0.95,0.95,40,0.972972972972973,37,0.754511776396806,40,0.71606417327529,40
"326.5","1024069",0.95,0.95,40,0.944444444444444,36,0.906302035152636,40,0.811112395929695,40
"327.5","1024081",0.95,0.95,40,0.972972972972973,37,0.689961053512883,40,0.654961053512883,40
"328.5","1024089",0.95,0.975,40,0.973684210526316,38,0.63501731113483,40,0.60699247139124,40
"329.5","1024093",0.95,0.925,40,0.914285714285714,35,0.407218483211028,40,0.357757044575507,40
"330.5","1024095",0.95,1,40,1,40,0.863782879793978,40,0.863782879793978,40
"331.5","1025295",0.95,1,40,1,40,0.631298451970297,40,0.631298451970297,40
"332.5","1025320",0.95,1,40,1,40,0.343197293190054,40,0.343197293190054,40
"333.5","1025323",0.95,0.95,40,0.944444444444444,36,0.59568351578448,39,0.518378398662429,39
"334.5","1025336",0.95,NA,0,NA,0,0,33,0,33
"335.5","1025645",0.95,0.975,40,0.973684210526316,38,0.648617599444958,40,0.612979301572618,40
"336.5","1025647",0.95,0.925,40,0.911764705882353,34,0.579255319148936,40,0.480851063829787,40
"337.5","1025650",0.95,0.925,40,0.911764705882353,34,0.563557010365521,39,0.468630660120022,39
"338.5","1026159",0.95,0.975,40,0.973684210526316,38,0.943583102065988,40,0.894138657621544,40
"339.5","1026535",0.95,0.925,40,0.911764705882353,34,0.523404255319149,40,0.431914893617021,40
"340.5","1027295",0.95,0.85,40,0.866666666666667,30,0.319676541945449,35,0.238003565062389,35
"341.5","1027322",0.95,0.9,40,0.939393939393939,33,0.672164553508258,40,0.583110345521124,40
"342.5","1027323",0.95,0.95,40,0.944444444444444,36,0.747919675318977,40,0.671949146863693,40
"343.5","1027340",0.95,0.825,40,0.814814814814815,27,0.563931551959734,40,0.400604135619257,40
"344.5","1027346",0.95,0.85,40,0.935483870967742,31,0.555659398082598,40,0.465627885477556,40
"345.5","1027356",0.95,0.692307692307692,39,0.95,20,0.42459848776999,38,0.318150072168309,38
"346.5","1027360",0.95,0.7,40,0.875,24,0.465375474036488,40,0.357463868098566,40
"347.5","1027366",0.95,0.95,40,0.972972972972973,37,0.556016114929746,40,0.531016114929747,40
"348.5","1027376",0.95,0.875,40,0.866666666666667,30,0.594041303580653,40,0.443031906727506,40
"349.5","1027386",0.95,0.95,40,0.972972972972973,37,0.615976102986948,40,0.577266425567594,40
"350.5","1027389",0.95,0.925,40,0.911764705882353,34,0.549993612832601,40,0.453998989176687,40
"351.5","1027390",0.95,0.925,40,0.941176470588235,34,0.554447268951005,40,0.478187188305843,40
"352.5","1027470",0.95,0.925,40,0.911764705882353,34,0.493552162135686,40,0.408049734008258,40
"353.5","1027484",0.95,0.875,40,0.870967741935484,31,0.671675434995753,40,0.497157335604833,40
"354.5","1027515",0.95,0.95,40,0.944444444444444,36,0.560119329895978,40,0.509764704846231,40
"355.5","1027680",0.95,0.925925925925926,27,0.91304347826087,23,0.182573900888207,37,0.157354735073966,37
"356.5","1028001",0.95,NA,0,NA,0,0,28,0,28
"357.5","103",0.95,NA,0,NA,0,0,11,0,11
"358.5","1033969",0.95,0.975,40,0.973684210526316,38,0.590095618289656,40,0.562619772879028,40
"359.5","1033970",0.95,0.95,40,0.944444444444444,36,0.518055130455763,40,0.468055130455763,40
"360.5","1034109",0.95,0.975,40,0.973684210526316,38,0.57911280424803,40,0.552515582025808,40
"361.5","1034117",0.95,0.875,40,0.833333333333333,30,0.455929802677905,37,0.335059254565978,37
"362.5","1034121",0.95,0.9,40,0.90625,32,0.293658573182813,36,0.23829831657889,36
"363.5","1034122",0.95,0.975,40,0.973684210526316,38,0.489718999264987,40,0.469718999264987,40
"364.5","1034130",0.95,0.825,40,0.857142857142857,28,0.241272639234478,36,0.187386719094387,36
"365.5","1034182",0.95,0.85,40,0.862068965517241,29,0.434443414181262,38,0.305829810859832,38
"366.5","1034876",0.95,0.975,40,0.973684210526316,38,0.411468337863687,40,0.388343337863687,40
"367.5","1034889",0.95,1,40,1,40,0.423146327344427,40,0.423146327344427,40
"368.5","1034904",0.95,1,40,1,40,0.439142232648487,40,0.439142232648487,40
"369.5","1034912",0.95,1,40,1,40,0.415894587781287,40,0.415894587781287,40
"370.5","1034915",0.95,0.925,40,0.916666666666667,36,0.378944372889353,39,0.336532448770112,39
"371.5","1034925",0.95,1,40,1,40,0.474957366796561,40,0.474957366796561,40
"372.5","1034949",0.95,0.95,40,0.945945945945946,37,0.458648523388626,40,0.420477791681309,40
"373.5","1034969",0.95,0.975,40,0.973684210526316,38,0.425728120863327,40,0.407901722011103,40
"374.5","1034975",0.95,1,40,1,40,0.518929210183101,40,0.518929210183101,40
"375.5","1034978",0.95,1,40,1,40,0.468175379404109,40,0.468175379404109,40
"376.5","1034989",0.95,0.958333333333333,24,0.954545454545455,22,0.152309727309727,39,0.139285714285714,39
"377.5","1035084",0.95,0.95,40,0.944444444444444,36,0.438496771662824,40,0.400969086170022,40
"378.5","1035087",0.95,0.975,40,0.973684210526316,38,0.486029967857818,40,0.464006158334009,40
"379.5","1035093",0.95,1,40,1,40,0.533460434913923,40,0.533460434913923,40
"380.5","1035109",0.95,1,40,1,40,0.46075966171118,40,0.46075966171118,40
"381.5","1035116",0.95,1,40,1,40,0.430681682340908,40,0.430681682340908,40
"382.5","1035120",0.95,1,40,1,40,0.43843377765173,40,0.43843377765173,40
"383.5","1035147",0.95,1,40,1,40,0.428826675309942,40,0.428826675309942,40
"384.5","1035150",0.95,1,40,1,40,0.454748473537679,40,0.454748473537679,40
"385.5","1035159",0.95,1,40,1,40,0.449515626649773,40,0.449515626649773,40
"386.5","1035166",0.95,0.975,40,0.973684210526316,38,0.410716750398401,40,0.389375286983767,40
"387.5","1035184",0.95,1,40,1,40,0.455400654719642,40,0.455400654719642,40
"388.5","1035188",0.95,1,40,1,40,0.693802622498275,40,0.693802622498275,40
"389.5","1035198",0.95,1,40,1,40,0.732075492196827,40,0.732075492196827,40
"390.5","1035200",0.95,0.975,40,0.973684210526316,38,0.615859134826526,40,0.584748023715415,40
"391.5","1035214",0.95,1,40,1,40,0.421689095905985,40,0.421689095905985,40
"392.5","1035224",0.95,1,40,1,40,0.44245821315099,40,0.44245821315099,40
"393.5","1035298",0.95,1,40,1,40,0.484705056341146,40,0.484705056341146,40
"394.5","1035300",0.95,1,40,1,40,0.442407815289267,40,0.442407815289267,40
"395.5","1035321",0.95,1,40,1,40,0.413128727024883,40,0.413128727024883,40
"396.5","1035330",0.95,1,40,1,40,0.438946652822504,40,0.438946652822504,40
"397.5","1035340",0.95,1,40,1,40,0.425980980598465,40,0.425980980598465,40
"398.5","1035379",0.95,1,40,1,40,0.545090323287086,40,0.545090323287086,40
"399.5","1035387",0.95,1,40,1,40,0.408104764319313,40,0.408104764319313,40
"400.5","1035390",0.95,1,40,1,40,0.473097443155094,40,0.473097443155094,40
"401.5","1035399",0.95,1,40,1,40,0.403207389185128,40,0.403207389185128,40
"402.5","1035441",0.95,0.9,40,0.875,32,0.556409762259117,40,0.436446024918735,40
"403.5","1035445",0.95,0.95,40,0.947368421052632,38,0.610007625987631,40,0.576943109858599,40
"404.5","1035454",0.95,0.925,40,0.942857142857143,35,0.57552000328997,40,0.512784336588786,40
"405.5","1035460",0.95,0.875,40,0.875,32,0.569446014040346,40,0.446159416287431,40
"406.5","1035482",0.95,0.95,40,0.972222222222222,36,0.531042486419358,40,0.480284910661782,40
"407.5","1035486",0.95,0.85,40,0.866666666666667,30,0.5372821377439,39,0.412415200969942,39
"408.5","1035526",0.95,0.9,40,0.939393939393939,33,0.592862326491981,38,0.524494329887567,38
"409.5","1035531",0.95,0.9,40,0.90625,32,0.601770563553969,40,0.476302793177793,40
"410.5","1035546",0.95,0.9,40,0.911764705882353,34,0.573391546788535,40,0.505755327161388,40
"411.5","1035553",0.95,0.9,40,0.939393939393939,33,0.540614431950921,39,0.478007594344083,39
"412.5","1035557",0.95,0.95,40,0.944444444444444,36,0.567866307703306,39,0.511776564113562,39
"413.5","1035559",0.95,0.95,40,0.944444444444444,36,0.751402812999355,40,0.672384676664146,40
"414.5","1035564",0.95,0.9,40,0.90625,32,0.688909593791279,40,0.556407919908026,40
"415.5","1036155",0.95,0.925,40,0.916666666666667,36,0.706955891010008,40,0.629054537044824,40
"416.5","1037700",0.95,0.975,40,0.973684210526316,38,0.890876503237743,40,0.845131822386679,40
"417.5","1038",0.95,0.875,40,0.903225806451613,31,0.440739418564895,40,0.363462568892036,40
"418.5","1038239",0.95,0.95,40,0.947368421052632,38,0.396482890892979,40,0.366170390892979,40
"419.5","1038297",0.95,0.925,40,0.911764705882353,34,0.651746555968394,40,0.537106007938838,40
"420.5","1038310",0.95,0.9,40,0.909090909090909,33,0.665705303105284,40,0.572262437810369,40
"421.5","1038334",0.95,0.9,40,0.9375,32,0.618526317092494,40,0.514696952013128,40
"422.5","1038344",0.95,0.95,40,0.947368421052632,38,0.526060270740614,39,0.503471748152091,39
"423.5","1038366",0.95,0.85,40,0.870967741935484,31,0.551208023084182,39,0.440693015906216,39
"424.5","1038371",0.95,0.9,40,0.914285714285714,35,0.744557041597884,40,0.661747061676222,40
"425.5","1038394",0.95,0.925,40,0.941176470588235,34,0.418543391493737,40,0.373102602020053,40
"426.5","1038406",0.95,0.925,40,0.916666666666667,36,0.394658326878359,40,0.366958896678929,40
"427.5","1038414",0.95,0.9,40,0.875,32,0.374578559287008,40,0.298557502039658,40
"428.5","1038422",0.95,0.9,40,0.882352941176471,34,0.59239321466636,39,0.489829112102257,39
"429.5","1038450",0.95,0.975,40,0.973684210526316,38,0.615546839807357,40,0.584738912978089,40
"430.5","1038457",0.95,0.96551724137931,29,0.962962962962963,27,0.240429467173653,39,0.212457439201625,39
"431.5","1038458",0.95,0.95,40,0.944444444444444,36,0.527332715678489,39,0.470449053531669,39
"432.5","1038468",0.95,0.85,40,0.903225806451613,31,0.579852261458613,40,0.472880295252776,40
"433.5","1038474",0.95,0.743589743589744,39,0.681818181818182,22,0.279015286541723,37,0.161357438986177,37
"434.5","1038476",0.95,0.815789473684211,38,0.8,25,0.346115518977897,38,0.218075817304397,38
"435.5","1038481",0.95,0.8,40,0.777777777777778,27,0.544839306331142,40,0.356382978723404,40
"436.5","1038482",0.95,0.975,40,0.973684210526316,38,0.737897165235117,40,0.699067378001074,40
"437.5","1038525",0.95,0.9,40,0.90625,32,0.547200834019521,40,0.426753635743659,40
"438.5","1038542",0.95,0.925,40,0.911764705882353,34,0.684966504940956,40,0.561248556223007,40
"439.5","1038595",0.95,0.944444444444444,36,0.9375,32,0.164888675194377,40,0.12209700852771,40
"440.5","1038623",0.95,0.95,40,0.944444444444444,36,0.205456212098193,40,0.183662464909709,40
"441.5","1038652",0.95,1,40,1,40,0.81868641941775,40,0.81868641941775,40
"442.5","1038653",0.95,0.875,40,0.870967741935484,31,0.516444095078884,39,0.394046477579872,39
"443.5","1038719",0.95,1,40,1,40,0.790760097063826,40,0.790760097063826,40
"444.5","1038740",0.95,0.875,40,0.866666666666667,30,0.491381138026786,40,0.363366053602497,40
"445.5","1038754",0.95,0.95,40,0.945945945945946,37,0.582854534220838,40,0.540711677077981,40
"446.5","1038756",0.95,0.925,40,0.942857142857143,35,0.677832302989248,40,0.601912871113934,40
"447.5","1038788",0.95,0.82051282051282,39,0.807692307692308,26,0.244141160454707,39,0.157240328586319,39
"448.5","1038952",0.95,0.875,40,0.9,30,0.507790058421496,40,0.387470541323754,40
"449.5","1038953",0.95,0.975,40,0.973684210526316,38,0.420768474999494,40,0.403695304267786,40
"450.5","1038957",0.95,0.925,40,0.911764705882353,34,0.361355440993466,40,0.307687795532449,40
"451.5","1039015",0.95,0.975,40,0.973684210526316,38,0.783960862508904,40,0.745185609983652,40
"452.5","1039028",0.95,0.95,40,0.944444444444444,36,0.689858423968605,40,0.615247279299321,40
"453.5","1039053",0.95,0.975,40,0.974358974358974,39,0.750580450872051,40,0.730024895316495,40
"454.5","1039071",0.95,NA,0,NA,0,0,11,0,11
"455.5","1039210",0.95,0.975,40,0.973684210526316,38,0.605674339590891,40,0.575754840485345,40
"456.5","1039213",0.95,0.975,40,0.973684210526316,38,0.556800895722369,40,0.529685511106985,40
"457.5","1039286",0.95,0.9,40,0.90625,32,0.500288590547547,40,0.404020354033636,40
"458.5","1039287",0.95,0.95,40,0.944444444444444,36,0.603793197388261,40,0.544641170553307,40
"459.5","1039304",0.95,0.9,40,0.914285714285714,35,0.56895675969866,40,0.498521611849198,40
"460.5","1039309",0.95,0.975,40,0.973684210526316,38,0.459204113765273,40,0.440018067253646,40
"461.5","1039318",0.95,0.95,40,0.944444444444444,36,0.500549119559306,40,0.452719258448195,40
"462.5","1039319",0.95,0.95,40,0.944444444444444,36,0.502433351083697,40,0.457120851083697,40
"463.5","1039379",0.95,0.95,40,0.947368421052632,38,0.500299463962974,40,0.471682247845757,40
"464.5","1039422",0.95,0.9,40,0.941176470588235,34,0.596175663171684,39,0.535278227274248,39
"465.5","1039471",0.95,0.9,40,0.909090909090909,33,0.708195505041395,40,0.587281578542362,40
"466.5","1039487",0.95,0.925,40,0.911764705882353,34,0.844046521189348,40,0.707542512555367,40
"467.5","1039491",0.95,0.95,40,0.944444444444444,36,0.829044027677749,40,0.734834070967792,40
"468.5","1039499",0.95,0.95,40,0.944444444444444,36,0.603070941828386,40,0.541055595512133,40
"469.5","1039513",0.95,NA,0,NA,0,0,11,0,11
"470.5","1039530",0.95,NA,0,NA,0,0,30,0,30
"471.5","1039551",0.95,0.95,40,0.944444444444444,36,0.772127453367333,40,0.691666981527551,40
"472.5","1039562",0.95,0.975,40,0.973684210526316,38,0.817167626716336,40,0.777641935016732,40
"473.5","1039570",0.95,0.925,40,0.916666666666667,36,0.60769668932274,40,0.540628611519536,40
"474.5","1039572",0.95,0.975,40,0.974358974358974,39,0.726424700658636,40,0.709319437500742,40
"475.5","1039577",0.95,0.95,40,0.944444444444444,36,0.425494027512776,40,0.39020893708308,40
"476.5","1039579",0.95,0.95,40,0.945945945945946,37,0.668653041182326,40,0.619021630925915,40
"477.5","1039587",0.95,0.975,40,0.973684210526316,38,0.449973146819069,39,0.428306778998855,39
"478.5","1039619",0.95,0.925,40,0.911764705882353,34,0.457964728324355,40,0.370010182869809,40
"479.5","1039633",0.95,0.925,40,0.911764705882353,34,0.512077682188341,40,0.433814026642533,40
"480.5","1039646",0.95,0.975,40,0.973684210526316,38,0.598679052097067,40,0.569929052097067,40
"481.5","1039650",0.95,0.975,40,0.973684210526316,38,0.612529570525555,40,0.580988872851137,40
"482.5","1039660",0.95,0.975,40,0.973684210526316,38,0.576402058033343,40,0.551970239851525,40
"483.5","1039680",0.95,0.975,40,0.973684210526316,38,0.630278307309212,40,0.598882958472003,40
"484.5","1039693",0.95,0.975,40,0.973684210526316,38,0.68058357959589,40,0.650734213845362,40
"485.5","1039701",0.95,0.975,40,0.973684210526316,38,0.595111158069581,40,0.568115914940617,40
"486.5","1039761",0.95,0.975,40,0.973684210526316,38,0.650047933813223,40,0.620396771022526,40
"487.5","1039771",0.95,0.975,40,0.973684210526316,38,0.584186063890963,40,0.554424159129058,40
"488.5","1039773",0.95,0.85,40,0.821428571428571,28,0.575438588383087,40,0.378048314260788,40
"489.5","1039784",0.95,0.875,40,0.84375,32,0.507525772402433,40,0.398361267943811,40
"490.5","1039838",0.95,0.95,40,0.972222222222222,36,0.549475557145003,40,0.50723238365183,40
"491.5","1039842",0.95,0.825,40,0.807692307692308,26,0.465116648882236,38,0.283366796796009,38
"492.5","1039849",0.95,0.9,40,0.882352941176471,34,0.512770094709306,40,0.425431755964717,40
"493.5","1039882",0.95,0.975,40,0.973684210526316,38,0.519209161681388,39,0.492957635429862,39
"494.5","1041010",0.95,0.975,40,0.973684210526316,38,0.648016212469839,40,0.61269552592964,40
"495.5","1041037",0.95,0.875,40,0.870967741935484,31,0.351608622645319,40,0.281842638629335,40
"496.5","1041042",0.95,0.95,40,0.972972972972973,37,0.662243791625743,40,0.630021569403521,40
"497.5","1041045",0.95,1,40,1,40,0.507029611484603,40,0.507029611484603,40
"498.5","1041049",0.95,0.95,40,0.944444444444444,36,0.559572159518648,40,0.499464074356684,40
"499.5","1041065",0.95,1,40,1,40,0.823616600790514,40,0.823616600790514,40
"500.5","1044637",0.95,0.95,40,0.944444444444444,36,0.770430303191173,40,0.684693123703993,40
"501.5","1046143",0.95,0.925,40,0.911764705882353,34,0.498701674350063,40,0.425424504168823,40
"502.5","1046156",0.95,0.925,40,0.944444444444444,36,0.561815444260581,40,0.524694232139369,40
"503.5","1046159",0.95,0.825,40,0.857142857142857,28,0.443282774777076,39,0.33715741865172,39
"504.5","1046460",0.95,0.95,40,0.944444444444444,36,0.509342118429611,40,0.462317002285592,40
"505.5","1046618",0.95,0.975,40,0.973684210526316,38,0.762634350895479,40,0.722616035877164,40
"506.5","1046682",0.95,0.925,40,0.971428571428571,35,0.546282230170366,40,0.506719660956634,40
"507.5","1047151",0.95,0.975,40,0.973684210526316,38,0.690008932756007,40,0.655548044806747,40
"508.5","1047360",0.95,0.95,40,0.944444444444444,36,0.584220602634183,40,0.521650324075532,40
"509.5","1047487",0.95,0.95,40,0.944444444444444,36,0.705151695335815,40,0.62801775084893,40
"510.5","1047502",0.95,0.925,40,0.916666666666667,36,0.641098202882686,40,0.568326035395001,40
"511.5","1047519",0.95,0.95,40,0.944444444444444,36,0.563610582784909,39,0.501369060865968,39
"512.5","1047529",0.95,0.95,40,0.944444444444444,36,0.72389484768715,39,0.647080403960942,39
"513.5","1047533",0.95,0.975,40,0.973684210526316,38,0.518519348805733,40,0.497007720898756,40
"514.5","1047545",0.95,1,40,1,40,0.774520348399498,40,0.774520348399498,40
"515.5","1047548",0.95,1,40,1,40,0.773074865862256,40,0.773074865862256,40
"516.5","1047549",0.95,1,40,1,40,0.7992474959789,40,0.7992474959789,40
"517.5","1047552",0.95,1,40,1,40,0.806204657342727,40,0.806204657342727,40
"518.5","1047553",0.95,1,40,1,40,0.809582200032424,40,0.809582200032424,40
"519.5","1047556",0.95,1,40,1,40,0.76236215889521,40,0.76236215889521,40
"520.5","1047559",0.95,1,40,1,40,0.788882223165357,40,0.788882223165357,40
"521.5","1047562",0.95,1,40,1,40,0.733312599045965,40,0.733312599045965,40
"522.5","1047563",0.95,1,40,1,40,0.789557674481779,40,0.789557674481779,40
"523.5","1047564",0.95,1,40,1,40,0.81405624758483,40,0.81405624758483,40
"524.5","1047579",0.95,1,40,1,40,0.755771398624469,40,0.755771398624469,40
"525.5","1047600",0.95,1,40,1,40,0.758393055621274,40,0.758393055621274,40
"526.5","1047621",0.95,0.95,40,0.944444444444444,36,0.703983829038669,40,0.63727579121361,40
"527.5","1047626",0.95,1,40,1,40,0.710578002037093,40,0.710578002037093,40
"528.5","1047627",0.95,1,40,1,40,0.816599844857025,40,0.816599844857025,40
"529.5","1047630",0.95,1,40,1,40,0.729474940775083,40,0.729474940775083,40
"530.5","1047708",0.95,1,40,1,40,0.789801110083256,40,0.789801110083256,40
"531.5","1047715",0.95,1,40,1,40,0.895581251927228,40,0.895581251927228,40
"532.5","1047746",0.95,1,40,1,40,0.832493061979648,40,0.832493061979648,40
"533.5","1047751",0.95,1,40,1,40,0.923658649398705,40,0.923658649398705,40
"534.5","1047761",0.95,1,40,1,40,0.812484839140713,40,0.812484839140713,40
"535.5","1047779",0.95,1,40,1,40,0.898311748381129,40,0.898311748381129,40
"536.5","1047793",0.95,0.85,40,0.866666666666667,30,0.584742783835919,40,0.449220119636105,40
"537.5","1047809",0.95,0.974358974358974,39,0.972972972972973,37,0.385186839457259,40,0.364317937018235,40
"538.5","1047823",0.95,0.975,40,0.973684210526316,38,0.726905796931322,40,0.683464794953734,40
"539.5","1047990",0.95,0.95,40,0.944444444444444,36,0.649008952304439,40,0.583441881188834,40
"540.5","1048236",0.95,0.825,40,0.9,30,0.488967331118494,40,0.407433554817276,40
"541.5","104831",0.95,1,40,1,40,0.864664855072464,40,0.864664855072464,40
"542.5","1048353",0.95,0.975,40,0.973684210526316,38,0.477919052619621,40,0.456014290714859,40
"543.5","1049367",0.95,0.925,40,0.941176470588235,34,0.85129455332535,40,0.737013794768458,40
"544.5","1050028",0.95,NA,0,NA,0,0,35,0,35
"545.5","1050030",0.95,1,4,1,4,0.00744395711500975,30,0.00744395711500975,30
"546.5","1050073",0.95,0.95,40,0.944444444444444,36,0.68703602870994,40,0.610000078647674,40
"547.5","1050074",0.95,0.875,40,0.903225806451613,31,0.622245107764701,40,0.479448797394861,40
"548.5","1050091",0.95,0.925,40,0.942857142857143,35,0.632799523041684,37,0.573677901420063,37
"549.5","1050107",0.95,0.9,40,0.941176470588235,34,0.584980860098507,40,0.509366523454759,40
"550.5","1050135",0.95,0.9,40,0.909090909090909,33,0.655285443855342,40,0.541201764406551,40
"551.5","1050209",0.95,1,40,1,40,0.904710144927536,40,0.904710144927536,40
"552.5","1050280",0.95,0.875,40,0.9,30,0.568433404876839,40,0.429637403717754,40
"553.5","1050286",0.95,0.925,40,0.942857142857143,35,0.549366929887821,40,0.48670563956524,40
"554.5","1050309",0.95,0.925,40,0.942857142857143,35,0.601782413657352,40,0.541459833012191,40
"555.5","1050323",0.95,0.875,40,0.870967741935484,31,0.390116751375159,40,0.30072925485139,40
"556.5","1050337",0.95,0.925,40,0.941176470588235,34,0.585121635191089,40,0.496789654671608,40
"557.5","1050388",0.95,0.925,40,0.916666666666667,36,0.517076650259032,39,0.461351125783508,39
"558.5","1050440",0.95,0.95,40,0.944444444444444,36,0.392942332019278,40,0.351617781365683,40
"559.5","1050442",0.95,0.925,40,0.942857142857143,35,0.730747242560842,40,0.655267157212336,40
"560.5","1051420",0.95,0.975,40,0.973684210526316,38,0.876896392229417,40,0.831151711378353,40
"561.5","1051423",0.95,0.975,40,0.973684210526316,38,0.895004625346901,40,0.849259944495837,40
"562.5","1052215",0.95,0.9,40,0.90625,32,0.646289590651622,40,0.517801851555331,40
"563.5","1052236",0.95,0.9,40,0.942857142857143,35,0.570496988409194,39,0.528538946451152,39
"564.5","1052238",0.95,0.9,40,0.875,32,0.521061031725659,39,0.398490725687611,39
"565.5","1052239",0.95,0.925,40,0.911764705882353,34,0.62446786758887,40,0.521519278879193,40
"566.5","1052249",0.95,0.95,40,0.944444444444444,36,0.545534596941491,40,0.493190846941491,40
"567.5","1052264",0.95,0.925,40,0.942857142857143,35,0.615197246377737,40,0.549756069907149,40
"568.5","1053341",0.95,0.925,40,0.911764705882353,34,0.662979849212812,40,0.554119754361863,40
"569.5","1053364",0.95,0.975,40,0.973684210526316,38,0.608398728078004,40,0.580834625513902,40
"570.5","1053366",0.95,0.975,40,0.973684210526316,38,0.588344407087109,40,0.560535833546828,40
"571.5","1053379",0.95,0.825,40,0.862068965517241,29,0.424306399597258,38,0.297460750300086,38
"572.5","1053400",0.95,NA,0,NA,0,0,37,0,37
"573.5","1053440",0.95,0.825,40,0.892857142857143,28,0.268988658460255,38,0.216837453487311,38
"574.5","1053442",0.95,0.825,40,0.827586206896552,29,0.141164752900192,37,0.0963106080460476,37
"575.5","1053445",0.95,0.941176470588235,34,0.933333333333333,30,0.286593076072544,39,0.250236866922217,39
"576.5","1053473",0.95,0.825,40,0.870967741935484,31,0.392227159813367,39,0.332568404590095,39
"577.5","1053480",0.95,0.9,40,0.875,32,0.427833033178508,40,0.323360156494678,40
"578.5","1053491",0.95,0.925,40,0.942857142857143,35,0.38500050514307,38,0.357835819234751,38
"579.5","1053517",0.95,0.95,40,0.944444444444444,36,0.508405194617267,40,0.45052957885372,40
"580.5","1053519",0.95,0.925,40,0.941176470588235,34,0.325516305324242,40,0.292848294571554,40
"581.5","1053520",0.95,0.875,40,0.90625,32,0.322712792378124,40,0.280525772408846,40
"582.5","1053527",0.95,0.875,40,0.866666666666667,30,0.394397009132722,40,0.294410850018539,40
"583.5","1053533",0.95,0.9,40,0.875,32,0.280171972391516,40,0.210115193797474,40
"584.5","1053544",0.95,0.95,40,0.944444444444444,36,0.569085382495394,40,0.523143353509887,40
"585.5","1053545",0.95,0.875,40,0.90625,32,0.481907491223957,40,0.41049742279776,40
"586.5","1053547",0.95,0.921052631578947,38,0.939393939393939,33,0.256310138442789,39,0.22743345956611,39
"587.5","1053571",0.95,0.95,40,0.944444444444444,36,0.568023817191305,40,0.51349786266535,40
"588.5","1053604",0.95,0.875,40,0.870967741935484,31,0.469245936180843,40,0.346919518345804,40
"589.5","1053608",0.95,0.9,40,0.909090909090909,33,0.478046335655137,40,0.402344050708901,40
"590.5","1053625",0.95,0.9,40,0.96875,32,0.607526974287791,39,0.515452103718297,39
"591.5","1053633",0.95,1,2,1,2,0.00575396825396825,12,0.00575396825396825,12
"592.5","1053645",0.95,0.875,40,0.9,30,0.362914874452378,40,0.283135710103101,40
"593.5","1053664",0.95,0.9,40,0.90625,32,0.437801403456582,40,0.365582753932648,40
"594.5","1053692",0.95,0.875,40,0.939393939393939,33,0.557107804400033,40,0.491198713490942,40
"595.5","1053694",0.95,0.85,40,0.827586206896552,29,0.346066019705935,39,0.268659471444831,39
"596.5","1053707",0.95,0.9,40,0.90625,32,0.387106623276746,40,0.306283486458058,40
"597.5","1053719",0.95,0.875,40,0.903225806451613,31,0.376323464912281,40,0.305785590488318,40
"598.5","1053726",0.95,0.725,40,0.826086956521739,23,0.326334811661461,40,0.209284840463304,40
"599.5","1053733",0.95,0.875,40,0.90625,32,0.396726970950503,39,0.331303939336404,39
"600.5","1053734",0.95,0.825,40,0.896551724137931,29,0.470204210046032,40,0.356388966806919,40
"601.5","1053742",0.95,1,2,1,2,0.0390946502057613,27,0.0390946502057613,27
"602.5","1053744",0.95,0.975,40,0.973684210526316,38,0.693268625345972,40,0.657785821113168,40
"603.5","1053754",0.95,0.775,40,0.846153846153846,26,0.283744799167968,35,0.225165396884251,35
"604.5","1053759",0.95,0.923076923076923,39,0.909090909090909,33,0.270349293494213,40,0.230147373444894,40
"605.5","1053768",0.95,0.9,40,0.90625,32,0.571418476058148,40,0.467984425671635,40
"606.5","1053773",0.95,0.875,40,0.939393939393939,33,0.412048167022989,38,0.367099845455062,38
"607.5","1053781",0.95,0.9,40,0.875,32,0.407178941141146,40,0.318329168601857,40
"608.5","1053797",0.95,0.925,40,0.911764705882353,34,0.49465764153203,39,0.413986632433601,39
"609.5","1053802",0.95,0.9,40,0.909090909090909,33,0.334545134140305,38,0.293252595229067,38
"610.5","1053851",0.95,0.95,40,0.944444444444444,36,0.428536593681255,40,0.385510104239324,40
"611.5","1053855",0.95,0.925,40,0.911764705882353,34,0.359218340929952,39,0.311141701894877,39
"612.5","1053856",0.95,0.825,40,0.9,30,0.47955985235397,40,0.407370960165078,40
"613.5","1053859",0.95,0.9,40,0.90625,32,0.463468304977617,40,0.367354167678135,40
"614.5","1053861",0.95,0.875,40,0.90625,32,0.292543355377362,37,0.25434494422984,37
"615.5","1053873",0.95,0.95,40,0.944444444444444,36,0.583075515500035,40,0.515482922907443,40
"616.5","1053882",0.95,1,40,1,40,0.512317345035728,40,0.512317345035728,40
"617.5","1053891",0.95,0.85,40,0.903225806451613,31,0.51102194106888,40,0.427816217205261,40
"618.5","1053907",0.95,0.8,40,0.96551724137931,29,0.369260855647563,40,0.339258826426784,40
"619.5","1053910",0.95,0.8,40,0.851851851851852,27,0.324914155187743,37,0.242398699361665,37
"620.5","1053943",0.95,0.925,40,0.941176470588235,34,0.531206119853923,39,0.456495130949386,39
"621.5","1053975",0.95,0.925,40,0.911764705882353,34,0.34591848174858,40,0.299735686049655,40
"622.5","1053981",0.95,0.825,40,0.814814814814815,27,0.530424508449579,40,0.366100391706107,40
"623.5","1054001",0.95,0.9,40,0.909090909090909,33,0.524430129507397,40,0.426024908858343,40
"624.5","1054030",0.95,0.925,40,0.911764705882353,34,0.553337554039304,40,0.459992646631897,40
"625.5","1054050",0.95,0.9,40,0.90625,32,0.363194269319082,40,0.306535806813846,40
"626.5","1054087",0.95,0.95,40,0.944444444444444,36,0.553523155914681,40,0.500580034221559,40
"627.5","1054088",0.95,1,40,1,40,0.6164806667034,40,0.6164806667034,40
"628.5","1054113",0.95,0.9,40,0.971428571428571,35,0.368533749198973,39,0.356510825885727,39
"629.5","1054120",0.95,0.875,40,0.9,30,0.39598469011,39,0.290096222016197,39
"630.5","1054122",0.95,0.925,40,0.911764705882353,34,0.49668038215621,40,0.428322539018955,40
"631.5","1054130",0.95,0.875,40,0.903225806451613,31,0.319425617439111,40,0.26748324403122,40
"632.5","1054149",0.95,0.85,40,0.857142857142857,28,0.36223623049614,40,0.253711141237177,40
"633.5","1054178",0.95,0.9,40,0.941176470588235,34,0.448786738550468,38,0.412132603212122,38
"634.5","1054189",0.95,0.925,40,0.941176470588235,34,0.297378835813179,39,0.26730409606102,39
"635.5","1054190",0.95,0.875,40,0.866666666666667,30,0.232729442057275,40,0.172802803132474,40
"636.5","1054195",0.95,0.85,40,0.821428571428571,28,0.356465347512772,39,0.232355907072686,39
"637.5","1054211",0.95,0.95,40,0.944444444444444,36,0.410811539071387,40,0.368201345352322,40
"638.5","1054215",0.95,0.825,40,0.827586206896552,29,0.337010302890479,40,0.249010546531896,40
"639.5","1054221",0.95,0.95,40,0.944444444444444,36,0.588939669493451,40,0.522238950206524,40
"640.5","1054238",0.95,0.875,40,0.866666666666667,30,0.459292072165243,39,0.342157686652103,39
"641.5","1054311",0.95,0.925,40,0.942857142857143,35,0.55772801684804,39,0.502869717252899,39
"642.5","1054327",0.95,0.941176470588235,34,0.935483870967742,31,0.209631664391095,40,0.186528985819666,40
"643.5","1054348",0.95,0.897435897435897,39,0.911764705882353,34,0.344968490038376,38,0.29098738342569,38
"644.5","1054349",0.95,0.825,40,0.821428571428571,28,0.421075887635595,35,0.318855464683806,35
"645.5","1054358",0.95,0.95,40,0.947368421052632,38,0.65590041719855,40,0.624443960742094,40
"646.5","1054367",0.95,0.925,40,0.911764705882353,34,0.518526506610554,40,0.442248517995753,40
"647.5","1054372",0.95,0.9,40,0.90625,32,0.485316618374153,38,0.399047518204374,38
"648.5","1054408",0.95,0.875,40,0.903225806451613,31,0.325404413596582,39,0.268624621939345,39
"649.5","1054421",0.95,0.973684210526316,38,0.972222222222222,36,0.289708541609103,40,0.277148155135673,40
"650.5","1054460",0.95,0.85,40,0.9,30,0.415030318065712,36,0.347371143434091,36
"651.5","1054487",0.95,0.95,40,0.972222222222222,36,0.472337831171899,39,0.433691381467757,39
"652.5","1054488",0.95,0.925,40,0.911764705882353,34,0.462062304591056,40,0.389074156692578,40
"653.5","1054497",0.95,0.95,40,0.944444444444444,36,0.381974198456647,40,0.34521808054786,40
"654.5","1054523",0.95,0.95,40,0.944444444444444,36,0.499813256412257,39,0.455304624947104,39
"655.5","1054527",0.95,0.9,40,0.9375,32,0.430910969442709,40,0.370814232816783,40
"656.5","1054538",0.95,0.775,40,0.777777777777778,27,0.423607711610253,40,0.287542794008833,40
"657.5","1054543",0.95,0.923076923076923,26,0.909090909090909,22,0.0979272873702582,39,0.0797211345487208,39
"658.5","1054544",0.95,0.825,40,0.814814814814815,27,0.383983868679259,40,0.256131046098614,40
"659.5","1054548",0.95,0.95,40,0.944444444444444,36,0.345588544965956,40,0.315547567797962,40
"660.5","1054572",0.95,0.875,40,0.90625,32,0.498023306926404,40,0.423800218801714,40
"661.5","1054576",0.95,0.925,40,0.911764705882353,34,0.613939445006179,40,0.511161667228401,40
"662.5","1054611",0.95,0.925,40,0.941176470588235,34,0.497670496058601,40,0.439076746058601,40
"663.5","1054613",0.95,0.95,40,0.944444444444444,36,0.517209890569086,40,0.460543223902419,40
"664.5","1054623",0.95,0.825,40,0.862068965517241,29,0.541361546423216,39,0.415105647041131,39
"665.5","1054645",0.95,0.95,40,0.944444444444444,36,0.39212395376094,39,0.355573295117258,39
"666.5","1054674",0.95,1,40,1,40,0.782489940377126,40,0.782489940377126,40
"667.5","1054722",0.95,0.875,40,0.870967741935484,31,0.43436474963409,40,0.345603605564548,40
"668.5","1054749",0.95,0.9,40,0.875,32,0.442686662429154,40,0.352781609195402,40
"669.5","1054762",0.95,0.975,40,0.973684210526316,38,0.482816058683857,40,0.435593836461635,40
"670.5","1054774",0.95,0.975,40,0.973684210526316,38,0.310833365428172,40,0.297142889237696,40
"671.5","1054785",0.95,0.975,40,0.973684210526316,38,0.499607194195594,40,0.47743839077679,40
"672.5","1054793",0.95,0.9,40,0.939393939393939,33,0.381597315479627,40,0.322725261607573,40
"673.5","1054800",0.95,0.875,40,0.911764705882353,34,0.435540705726594,39,0.380210183535607,39
"674.5","1054802",0.95,0.975,40,0.973684210526316,38,0.32892522156222,40,0.316134523887801,40
"675.5","1054829",0.95,1,40,1,40,0.759632739549483,40,0.759632739549483,40
"676.5","1054963",0.95,0.941176470588235,17,0.933333333333333,15,0.0333118833118833,37,0.0310596310596311,37
"677.5","1054964",0.95,0.775,40,0.708333333333333,24,0.181068782027861,36,0.0963582311408398,36
"678.5","1054972",0.95,0.8125,16,0.909090909090909,11,0.11229462545252,38,0.10453216374269,38
"679.5","1054982",0.95,NA,0,NA,0,0,28,0,28
"680.5","1055023",0.95,0.95,40,0.944444444444444,36,0.547484312146996,40,0.48637593776276,40
"681.5","1055024",0.95,0.95,40,0.972222222222222,36,0.674938998031977,40,0.627473560243959,40
"682.5","1055029",0.95,0.9,40,0.875,32,0.653311668496179,40,0.500545880362743,40
"683.5","1055033",0.95,0.95,40,0.944444444444444,36,0.619284770517345,40,0.556103086230147,40
"684.5","1055060",0.95,0.925,40,0.911764705882353,34,0.686497898961748,39,0.574399996863846,39
"685.5","1055074",0.95,0.875,40,0.833333333333333,30,0.634018379281537,38,0.451757170704539,38
"686.5","1055078",0.95,0.9,40,0.941176470588235,34,0.671333257385889,40,0.597496677299309,40
"687.5","1055125",0.95,0.875,40,0.833333333333333,30,0.561440542395179,40,0.386364686127791,40
"688.5","1055168",0.95,0.95,40,0.944444444444444,36,0.262675068459158,38,0.238259863780795,38
"689.5","1055221",0.95,1,40,1,40,0.677021639554534,40,0.677021639554534,40
"690.5","1055249",0.95,0.975,40,0.973684210526316,38,0.535158186684224,40,0.510668939372396,40
"691.5","1055258",0.95,1,40,1,40,0.52015137164753,40,0.52015137164753,40
"692.5","1055297",0.95,0.875,40,0.90625,32,0.527559194197723,40,0.442599222136687,40
"693.5","1055314",0.95,0.925,40,0.911764705882353,34,0.561117198523251,40,0.473977109929675,40
"694.5","1055327",0.95,0.975,40,0.973684210526316,38,0.59022500683646,40,0.562564252956194,40
"695.5","1055358",0.95,0.975,40,0.973684210526316,38,0.586445582111058,40,0.558036491201967,40
"696.5","1055359",0.95,0.975,40,0.973684210526316,38,0.721027010239455,40,0.684910409448941,40
"697.5","1055417",0.95,0.95,40,0.944444444444444,36,0.651771713517533,40,0.572887493162724,40
"698.5","1055444",0.95,1,9,1,9,0.0274523142717335,38,0.0274523142717335,38
"699.5","1055457",0.95,0.95,40,0.972972972972973,37,0.309236419888398,40,0.295020733613888,40
"700.5","1061035",0.95,0.925,40,0.911764705882353,34,0.634364684776979,40,0.52616362657592,40
"701.5","1061043",0.95,0.875,40,0.90625,32,0.550987005225511,39,0.461474984679008,39
"702.5","1061050",0.95,0.95,40,0.944444444444444,36,0.680201810564429,39,0.603123646792716,39
"703.5","1061058",0.95,0.875,40,0.833333333333333,30,0.656148192278615,40,0.458546208956551,40
"704.5","1061059",0.95,0.925,40,0.914285714285714,35,0.642035255481503,40,0.549006543996909,40
"705.5","1061067",0.95,0.9,40,0.875,32,0.588754000138976,40,0.450391293891294,40
"706.5","1061115",0.95,0.9,40,0.878787878787879,33,0.773226415161899,39,0.623969136492856,39
"707.5","1061150",0.95,0.925,40,0.941176470588235,34,0.674075847740708,40,0.583445414676065,40
"708.5","1061166",0.95,1,40,1,40,0.820820361081784,40,0.820820361081784,40
"709.5","1061169",0.95,1,40,1,40,0.846009416541537,40,0.846009416541537,40
"710.5","1061172",0.95,1,40,1,40,0.875333098670095,40,0.875333098670095,40
"711.5","1061179",0.95,1,40,1,40,0.482196612989296,40,0.482196612989296,40
"712.5","1061185",0.95,1,40,1,40,0.765523129970804,40,0.765523129970804,40
"713.5","1061191",0.95,0.95,40,0.972222222222222,36,0.756320947363147,40,0.687198564110329,40
"714.5","1061194",0.95,0.925,40,0.942857142857143,35,0.693425832208727,40,0.621679037336932,40
"715.5","1061213",0.95,1,40,1,40,0.836346647538508,40,0.836346647538508,40
"716.5","1061214",0.95,0.95,40,0.944444444444444,36,0.707604721086598,40,0.622039503695293,40
"717.5","1061222",0.95,1,40,1,40,0.704462471758524,40,0.704462471758524,40
"718.5","1061228",0.95,0.9,40,0.970588235294118,34,0.720645438578369,40,0.655552959318203,40
"719.5","1061230",0.95,0.925,40,0.944444444444444,36,0.66532169731353,40,0.608090733832567,40
"720.5","1061237",0.95,0.975,40,0.973684210526316,38,0.729011620867365,40,0.694362230623463,40
"721.5","1061240",0.95,0.95,40,0.972972972972973,37,0.757042811839323,40,0.71840644820296,40
"722.5","1061245",0.95,0.925,40,0.942857142857143,35,0.747348936538178,40,0.670618167307409,40
"723.5","1061252",0.95,0.975,40,0.973684210526316,38,0.91035138620245,40,0.864155734028537,40
"724.5","1061281",0.95,0.95,40,0.944444444444444,36,0.890720818815331,40,0.797297473867596,40
"725.5","1061295",0.95,1,40,1,40,0.819298878205128,40,0.819298878205128,40
"726.5","1061314",0.95,0.925,40,0.942857142857143,35,0.675989453913769,40,0.596581199217685,40
"727.5","1061349",0.95,0.9,40,0.971428571428571,35,0.712054077870513,40,0.673776638846123,40
"728.5","1061362",0.95,1,40,1,40,0.839048300441112,40,0.839048300441112,40
"729.5","1061371",0.95,0.925,40,0.972222222222222,36,0.65551992014264,40,0.605519920142641,40
"730.5","1061375",0.95,0.975,40,0.973684210526316,38,0.819249487019772,40,0.784130439400725,40
"731.5","1061381",0.95,0.975,40,0.973684210526316,38,0.798955793179578,40,0.757651445353491,40
"732.5","1061421",0.95,0.95,40,0.944444444444444,36,0.75316068678199,40,0.670408129237233,40
"733.5","1061440",0.95,0.85,40,0.933333333333333,30,0.666731285818256,40,0.559948878410849,40
"734.5","1061452",0.95,0.925,40,0.941176470588235,34,0.681548807561686,40,0.580508834372102,40
"735.5","1061695",0.95,0.975,40,0.973684210526316,38,0.324600864182418,40,0.310017530849085,40
"736.5","1061696",0.95,0.975,40,0.973684210526316,38,0.362876939363695,40,0.341520664060051,40
"737.5","1061711",0.95,1,28,1,28,0.200505952380952,40,0.200505952380952,40
"738.5","1061730",0.95,1,15,1,15,0.103240553306343,40,0.103240553306343,40
"739.5","1061749",0.95,0.970588235294118,34,0.96875,32,0.261522758180072,40,0.247867295995198,40
"740.5","1061753",0.95,0.962962962962963,27,0.96,25,0.161081431641189,40,0.153268931641189,40
"741.5","1061755",0.95,1,34,1,34,0.219636834099068,40,0.219636834099068,40
"742.5","1061758",0.95,0.91304347826087,23,0.95,20,0.215220864904453,40,0.175935150618739,40
"743.5","1061764",0.95,0.91304347826087,23,0.894736842105263,19,0.13989041902893,40,0.108737821626333,40
"744.5","1061771",0.95,1,34,1,34,0.188713758463758,40,0.188713758463758,40
"745.5","1061772",0.95,0.974358974358974,39,0.972972972972973,37,0.350351320669541,40,0.338618864529191,40
"746.5","1061775",0.95,1,38,1,38,0.268613102476299,40,0.268613102476299,40
"747.5","1061798",0.95,NA,0,NA,0,0,31,0,31
"748.5","1061812",0.95,0.975,40,0.973684210526316,38,0.61641902696861,40,0.58025449705408,40
"749.5","1061815",0.95,0.925,40,0.911764705882353,34,0.723595738178222,40,0.610124454394438,40
"750.5","1061841",0.95,1,40,1,40,0.704547092110513,40,0.704547092110513,40
"751.5","1061860",0.95,0.975,40,0.973684210526316,38,0.326591496743322,40,0.310299830076655,40
"752.5","1061861",0.95,0.95,40,0.944444444444444,36,0.549647465761316,40,0.488756023881449,40
"753.5","1061891",0.95,0.875,40,0.833333333333333,30,0.534514865036924,40,0.38239257066463,40
"754.5","1061906",0.95,0.95,40,0.944444444444444,36,0.682825537839769,40,0.618133661089069,40
"755.5","1061914",0.95,0.95,40,0.944444444444444,36,0.644709657795535,40,0.578531010861074,40
"756.5","1061921",0.95,0.95,40,0.944444444444444,36,0.640956314582434,40,0.575057875657679,40
"757.5","1061928",0.95,1,40,1,40,0.706725685477007,40,0.706725685477007,40
"758.5","1061948",0.95,0.5,2,0.5,2,0.0344827586206897,29,0.0344827586206897,29
"759.5","1061966",0.95,1,9,1,9,0.0367213804713805,36,0.0367213804713805,36
"760.5","1061976",0.95,0.975,40,0.973684210526316,38,0.865067828041191,40,0.820299983273347,40
"761.5","1061977",0.95,0.925,40,0.911764705882353,34,0.606095706465734,39,0.50201354132899,39
"762.5","1062003",0.95,0.975,40,0.973684210526316,38,0.611512244948542,40,0.57993329758012,40
"763.5","1062074",0.95,0.95,40,0.944444444444444,36,0.674003167930548,40,0.593653705564957,40
"764.5","1062078",0.95,0.95,40,0.972972972972973,37,0.719735076775436,40,0.682395333185693,40
"765.5","1062117",0.95,0.974358974358974,39,0.972972972972973,37,0.519042725564182,40,0.496315452836909,40
"766.5","1062120",0.95,0.95,40,0.944444444444444,36,0.453808750126046,40,0.400031649855043,40
"767.5","1062141",0.95,0.925,40,0.911764705882353,34,0.571787714449625,38,0.480995833347533,38
"768.5","1062153",0.95,0.975,40,0.973684210526316,38,0.245270433435188,40,0.232457933435188,40
"769.5","1062196",0.95,1,40,1,40,1,40,1,40
"770.5","1062197",0.95,0.9,40,0.914285714285714,35,0.899468085106383,40,0.799468085106383,40
"771.5","1062202",0.95,1,40,1,40,1,40,1,40
"772.5","1062205",0.95,0.975,40,0.973684210526316,38,0.975,40,0.925,40
"773.5","1062216",0.95,1,40,1,40,0.7902289546716,40,0.7902289546716,40
"774.5","1062302",0.95,1,40,1,40,0.738239214356357,40,0.738239214356357,40
"775.5","1062329",0.95,0.925,40,0.911764705882353,34,0.341719695745431,40,0.291754036404772,40
"776.5","1062370",0.95,0.925,40,0.911764705882353,34,0.641796945196962,40,0.531271111381655,40
"777.5","1062386",0.95,0.923076923076923,39,0.939393939393939,33,0.311589990511995,39,0.267336573677933,39
"778.5","1062413",0.95,0.925,40,0.911764705882353,34,0.620030542765817,40,0.513497193392079,40
"779.5","1062445",0.95,0.9,40,0.90625,32,0.505747605334748,40,0.40457849666564,40
"780.5","1062446",0.95,0.875,40,0.833333333333333,30,0.258433372438579,40,0.202349751901908,40
"781.5","1062459",0.95,0.9,40,0.875,32,0.44509858213937,39,0.332141256897562,39
"782.5","1062465",0.95,0.975,40,0.973684210526316,38,0.628448010084738,40,0.594243464630192,40
"783.5","1062478",0.95,0.9,40,0.909090909090909,33,0.614697421911491,39,0.506318345790479,39
"784.5","1062511",0.95,0.709677419354839,31,0.736842105263158,19,0.233211030088599,31,0.150609063720855,31
"785.5","1063296",0.95,NA,0,NA,0,NA,0,NA,0
"786.5","1063380",0.95,0.857142857142857,14,0.8,10,0.0183124476663024,32,0.0130051400841787,32
"787.5","1064344",0.95,0.975,40,0.973684210526316,38,0.616579765924539,39,0.592911126871285,39
"788.5","1064352",0.95,0.975,40,0.973684210526316,38,0.576036812728945,40,0.551694707465787,40
"789.5","1064405",0.95,0.875,40,0.939393939393939,33,0.44370422860697,39,0.401381967534709,39
"790.5","1064423",0.95,0.925,40,0.911764705882353,34,0.507130661481472,39,0.43213509253429,39
"791.5","1064456",0.95,0.975,40,0.973684210526316,38,0.531169165340369,40,0.504161967112241,40
"792.5","1064491",0.95,0.925,40,0.942857142857143,35,0.586037210323895,40,0.524917080453765,40
"793.5","1064532",0.95,0.95,40,0.944444444444444,36,0.713888503076559,40,0.634993616712923,40
"794.5","1065694",0.95,0.975,40,0.973684210526316,38,0.752651848751241,40,0.714125278702932,40
"795.5","1065739",0.95,0.925,40,0.971428571428571,35,0.449610152456266,40,0.408956198567018,40
"796.5","1065834",0.95,0.8,40,0.769230769230769,26,0.713691026827012,40,0.441905642923219,40
"797.5","1065843",0.95,1,40,1,40,0.668359800596156,40,0.668359800596156,40
"798.5","1065850",0.95,1,40,1,40,0.871499904044114,40,0.871499904044114,40
"799.5","1065852",0.95,0.975,40,0.973684210526316,38,0.800427478840336,40,0.755862261449032,40
"800.5","1065859",0.95,1,40,1,40,0.768886144049188,40,0.768886144049188,40
"801.5","1071367",0.95,0.875,40,0.870967741935484,31,0.490480723342866,39,0.390300020854472,39
"802.5","1071389",0.95,0.825,40,0.807692307692308,26,0.457155735171397,40,0.285654107493299,40
"803.5","1071395",0.95,0.875,40,0.833333333333333,30,0.567403697407054,40,0.413294917541632,40
"804.5","1071432",0.95,0.875,40,0.870967741935484,31,0.475804048847968,39,0.366016180997064,39
"805.5","1071433",0.95,0.875,8,0.833333333333333,6,0.0281602303249162,38,0.00915438237169986,38
"806.5","1071447",0.95,0.975,40,0.973684210526316,38,0.679330081127292,40,0.648147285428367,40
"807.5","1071455",0.95,0.9,40,0.875,32,0.51077607667109,40,0.385467450375622,40
"808.5","1071460",0.95,0.975,40,0.973684210526316,38,0.881914893617021,40,0.836702127659575,40
"809.5","1071481",0.95,0.95,40,0.944444444444444,36,0.54598043118916,39,0.481038428747157,39
"810.5","1071496",0.95,0.8,40,0.807692307692308,26,0.407836018444516,40,0.274357092399801,40
"811.5","1071508",0.95,NA,0,NA,0,0,29,0,29
"812.5","1071509",0.95,0.95,40,0.972972972972973,37,0.599659169859543,40,0.562992503192876,40
"813.5","1071517",0.95,0.875,40,0.866666666666667,30,0.477509087349128,40,0.354074737667639,40
"814.5","1071533",0.95,0.925,40,0.911764705882353,34,0.728182020438694,40,0.603920826350285,40
"815.5","1071546",0.95,0.925,40,0.911764705882353,34,0.289245860801343,40,0.245626145800049,40
"816.5","1071552",0.95,0.897435897435897,39,0.870967741935484,31,0.233979744362723,40,0.196111903116637,40
"817.5","1071578",0.95,0.95,40,0.944444444444444,36,0.286761966997551,40,0.2477468154824,40
"818.5","1071605",0.95,0.975,40,0.973684210526316,38,0.658646076146076,40,0.62322940947941,40
"819.5","1071614",0.95,1,40,1,40,1,40,1,40
"820.5","1071641",0.95,0.875,40,0.870967741935484,31,0.437678612192196,39,0.326698474431872,39
"821.5","1071653",0.95,0.9,40,0.875,32,0.395059457921908,40,0.299012990487491,40
"822.5","1071665",0.95,0.939393939393939,33,0.931034482758621,29,0.189907071218452,40,0.167291653099985,40
"823.5","1071670",0.95,0.85,40,0.866666666666667,30,0.490312071207517,40,0.376818336353425,40
"824.5","1071677",0.95,1,40,1,40,1,40,1,40
"825.5","1071695",0.95,1,40,1,40,1,40,1,40
"826.5","1071773",0.95,0.775,40,0.72,25,0.169453457451398,39,0.111423420859129,39
"827.5","1071785",0.95,0.925,40,0.911764705882353,34,0.645007881206832,40,0.537720203694639,40
"828.5","1071899",0.95,1,40,1,40,0.9631822386679,40,0.9631822386679,40
"829.5","1071941",0.95,0.975,40,0.973684210526316,38,0.646800823588466,40,0.608823876052695,40
"830.5","1071946",0.95,0.975,40,0.973684210526316,38,0.765224687340924,40,0.729113576229813,40
"831.5","1071969",0.95,0.975,40,0.973684210526316,38,0.79449660825356,40,0.75949660825356,40
"832.5","1071979",0.95,0.95,40,0.944444444444444,36,0.670176323874811,40,0.601579897778385,40
"833.5","1072011",0.95,1,40,1,40,0.603949902689067,40,0.603949902689067,40
"834.5","1072040",0.95,1,40,1,40,0.757142072902943,40,0.757142072902943,40
"835.5","1072041",0.95,0.975,40,0.973684210526316,38,0.682659877797178,40,0.65439900823196,40
"836.5","1072045",0.95,0.95,40,0.944444444444444,36,0.516578148166298,39,0.447166078754229,39
"837.5","1072120",0.95,0.9,40,0.909090909090909,33,0.567974032477116,40,0.470889863582285,40
"838.5","1072251",0.95,0.95,40,0.944444444444444,36,0.560905544846286,39,0.509234993175734,39
"839.5","1072285",0.95,0.9,40,0.90625,32,0.74746347776597,38,0.595527093550299,38
"840.5","1072286",0.95,0.9,40,0.939393939393939,33,0.646807815505674,40,0.553559909178131,40
"841.5","1072300",0.95,0.925,40,0.911764705882353,34,0.602823563467444,40,0.49920247353587,40
"842.5","1072312",0.95,0.85,40,0.862068965517241,29,0.553154355583444,40,0.406610794977383,40
"843.5","1072327",0.95,0.825,40,0.814814814814815,27,0.628822853157014,39,0.411574721268683,39
"844.5","1072336",0.95,0.85,40,0.90625,32,0.628651691445809,40,0.542013035983624,40
"845.5","1081317",0.95,NA,0,NA,0,0,26,0,26
"846.5","108900",0.95,1,40,1,40,0.78699604743083,40,0.78699604743083,40
"847.5","108926",0.95,1,40,1,40,0.790172924901186,40,0.790172924901186,40
"848.5","1093811",0.95,0.95,40,0.944444444444444,36,0.593266193468981,40,0.522357846496804,40
"849.5","1093812",0.95,1,40,1,40,0.727866710965025,40,0.727866710965025,40
"850.5","1094079",0.95,0.975,40,0.973684210526316,38,0.719104312179408,40,0.688422493997589,40
"851.5","1095327",0.95,0.95,40,0.944444444444444,36,0.811725327812284,40,0.729382332643202,40
"852.5","1095421",0.95,0.975,40,0.973684210526316,38,0.744172406342004,40,0.707267644437242,40
"853.5","1095628",0.95,0.95,40,0.944444444444444,36,0.722993646861467,40,0.65551705164097,40
"854.5","1096255",0.95,0.944444444444444,18,0.9375,16,0.0690696561892214,40,0.0585624098124098,40
"855.5","1096256",0.95,0.925,40,0.916666666666667,36,0.700106155959484,40,0.625689826674734,40
"856.5","1096313",0.95,1,40,1,40,0.732612704394808,40,0.732612704394808,40
"857.5","1096677",0.95,0.925,40,0.942857142857143,35,0.523376455585758,40,0.473616354575657,40
"858.5","1096687",0.95,0.975,40,0.973684210526316,38,0.670941072973475,40,0.637617902241768,40
"859.5","1096700",0.95,0.975,40,0.973684210526316,38,0.666831641563694,40,0.63220603769896,40
"860.5","1097284",0.95,0.975,40,0.973684210526316,38,0.636910139307102,40,0.603821904012985,40
"861.5","1097316",0.95,0.925,40,0.916666666666667,36,0.158304411267753,39,0.141214288914473,39
"862.5","1097850",0.95,0.95,40,0.972972972972973,37,0.462612503775295,40,0.442726140138931,40
"863.5","1097891",0.95,1,40,1,40,0.816152115003859,40,0.816152115003859,40
"864.5","1098080",0.95,0.975,40,0.973684210526316,38,0.221408891440193,40,0.210091061982829,40
"865.5","1098131",0.95,0.975,40,0.973684210526316,38,0.662337830128528,40,0.633849458035505,40
"866.5","1099054",0.95,NA,0,NA,0,0,27,0,27
"867.5","1099057",0.95,NA,0,NA,0,0,30,0,30
"868.5","1099344",0.95,NA,0,NA,0,0,31,0,31
"869.5","1099345",0.95,NA,0,NA,0,0,29,0,29
"870.5","1099371",0.95,NA,0,NA,0,0,31,0,31
"871.5","1099393",0.95,NA,0,NA,0,0,34,0,34
"872.5","1099403",0.95,NA,0,NA,0,0,32,0,32
"873.5","1099548",0.95,0.95,40,0.944444444444444,36,0.306527113015407,40,0.270376925993127,40
"874.5","1099742",0.95,0.975,40,0.973684210526316,38,0.667645616392433,40,0.629298546795363,40
"875.5","1099788",0.95,1,40,1,40,0.599177587023991,40,0.599177587023991,40
"876.5","1099794",0.95,0.925,40,0.916666666666667,36,0.543826409862682,40,0.495278885350892,40
"877.5","1099815",0.95,1,40,1,40,0.697847723237412,40,0.697847723237412,40
"878.5","1099823",0.95,0.975,40,0.975,40,0.495968590967561,40,0.495968590967561,40
"879.5","1099836",0.95,0.95,40,0.947368421052632,38,0.604905676009294,40,0.577405676009294,40
"880.5","1099847",0.95,0.96,25,0.956521739130435,23,0.209743159647899,39,0.17812894053368,39
"881.5","1099872",0.95,0.925,40,0.911764705882353,34,0.642245742565439,40,0.539164288931354,40
"882.5","1099882",0.95,1,40,1,40,0.647294445629897,40,0.647294445629897,40
"883.5","1099891",0.95,1,40,1,40,0.699523427471117,40,0.699523427471117,40
"884.5","1099897",0.95,0.975,40,0.973684210526316,38,0.649741399596276,40,0.619215083806802,40
"885.5","1099974",0.95,0.95,40,0.944444444444444,36,0.23904908560688,39,0.218316846269989,39
"886.5","1101836",0.95,0.909090909090909,11,0.888888888888889,9,0.095924794763804,38,0.0741135097946243,38
"887.5","1101844",0.95,0.815789473684211,38,0.75,24,0.294430116442491,40,0.17504390543128,40
"888.5","1101847",0.95,0.975,40,0.973684210526316,38,0.711369778643729,40,0.671385804284754,40
"889.5","1101851",0.95,1,11,1,11,0.0272120415955461,40,0.0272120415955461,40
"890.5","1101874",0.95,0.857142857142857,35,0.8,25,0.325945963370136,40,0.199370513116595,40
"891.5","1102004",0.95,1,40,1,40,0.653859281986055,40,0.653859281986055,40
"892.5","1102194",0.95,0.775,40,0.931034482758621,29,0.466289985733838,40,0.401757259687954,40
"893.5","1102204",0.95,0.9,40,0.90625,32,0.604933756442907,40,0.478386405621946,40
"894.5","1102205",0.95,0.971428571428571,35,0.96969696969697,33,0.228792295290955,40,0.212253833752494,40
"895.5","1102390",0.95,1,40,1,40,0.766254328552889,40,0.766254328552889,40
"896.5","1102418",0.95,1,40,1,40,0.582548891656969,40,0.582548891656969,40
"897.5","1102419",0.95,1,4,1,4,0.0186011904761905,40,0.0186011904761905,40
"898.5","1102437",0.95,1,40,1,40,0.573160474714751,40,0.573160474714751,40
"899.5","1102551",0.95,1,40,1,40,0.722024599787758,40,0.722024599787758,40
"900.5","1102592",0.95,0.933333333333333,15,0.923076923076923,13,0.0684271323165774,40,0.0580104656499107,40
"901.5","1102632",0.95,0.875,40,0.84375,32,0.640971511281078,40,0.494573125246822,40
"902.5","1102634",0.95,0.9,40,0.941176470588235,34,0.665143741977826,40,0.591671519755604,40
"903.5","1102640",0.95,0.925,40,0.945945945945946,37,0.452212707495369,40,0.430417835700497,40
"904.5","1102675",0.95,0.975,40,0.973684210526316,38,0.589875008484259,40,0.57082738943664,40
"905.5","1103217",0.95,1,40,1,40,0.762498595663409,40,0.762498595663409,40
"906.5","1103237",0.95,1,40,1,40,0.863258977377849,40,0.863258977377849,40
"907.5","1104",0.95,0.9,40,0.875,32,0.411017554313706,40,0.322797804218079,40
"908.5","1104038",0.95,1,40,1,40,0.626615533777686,40,0.626615533777686,40
"909.5","1104179",0.95,0.84375,32,0.826086956521739,23,0.101650127042412,35,0.0861084338609674,35
"910.5","1104193",0.95,0.9,30,0.875,24,0.117517236334041,36,0.0881795692496636,36
"911.5","1105663",0.95,1,40,1,40,0.716198090612904,40,0.716198090612904,40
"912.5","1107614",0.95,0.925,40,0.971428571428571,35,0.600349198605013,40,0.558600540286587,40
"913.5","1107615",0.95,0.95,40,0.944444444444444,36,0.775937033715324,40,0.697808573028723,40
"914.5","1107631",0.95,0.9,40,0.875,32,0.405844294454001,40,0.311629318608591,40
"915.5","1108",0.95,0.875,40,0.866666666666667,30,0.424860596944342,40,0.32279477061381,40
"916.5","1108201",0.95,0.975,40,0.973684210526316,38,0.588142573756584,40,0.559571145185155,40
"917.5","1109272",0.95,1,40,1,40,0.7405248133509,40,0.7405248133509,40
"918.5","1110396",0.95,1,1,1,1,0.00714285714285714,28,0.00714285714285714,28
"919.5","1110595",0.95,0.95,40,0.972222222222222,36,0.683279539835902,40,0.624697037067352,40
"920.5","1110622",0.95,0.975,40,0.973684210526316,38,0.804808302583833,40,0.769341130866662,40
"921.5","1110687",0.95,0.9,40,0.909090909090909,33,0.699327757754228,40,0.580168093888682,40
"922.5","1110693",0.95,0.85,40,0.838709677419355,31,0.513438886402687,39,0.393803168178259,39
"923.5","1110732",0.95,1,32,1,32,0.0943106848783863,39,0.0943106848783863,39
"924.5","1110734",0.95,0.9,40,0.875,32,0.219028652719039,38,0.156658824404938,38
"925.5","1110739",0.95,0.95,40,0.944444444444444,36,0.211408587179679,40,0.183991004762096,40
"926.5","1110791",0.95,0.875,40,0.833333333333333,30,0.48367400992415,40,0.334539232345407,40
"927.5","1110795",0.95,0.975,40,0.973684210526316,38,0.639688407543418,40,0.608021740876752,40
"928.5","1110801",0.95,0.9,40,0.909090909090909,33,0.618776973462997,39,0.527778851214875,39
"929.5","1110819",0.95,0.95,40,0.944444444444444,36,0.754772194954002,40,0.678568986397853,40
"930.5","1110833",0.95,1,40,1,40,0.597993507723251,40,0.597993507723251,40
"931.5","1110838",0.95,0.925,40,0.942857142857143,35,0.67663949675188,40,0.59922014191317,40
"932.5","1110851",0.95,0.925,40,0.911764705882353,34,0.573842408288448,40,0.484801784278311,40
"933.5","1110862",0.95,0.95,40,0.944444444444444,36,0.759593885784881,40,0.673160354038849,40
"934.5","1110880",0.95,0.975,40,0.973684210526316,38,0.761178795399553,39,0.722328756549514,39
"935.5","1110914",0.95,0.95,40,0.944444444444444,36,0.339699893791758,39,0.311001147144294,39
"936.5","1110941",0.95,0.925,40,0.942857142857143,35,0.576573896283303,39,0.516888282751536,39
"937.5","1110963",0.95,0.975,40,0.973684210526316,38,0.681990422362486,40,0.648865422362486,40
"938.5","1110968",0.95,0.925,40,0.911764705882353,34,0.585112256266875,40,0.491684215009887,40
"939.5","1110976",0.95,0.95,40,0.944444444444444,36,0.359352003024679,40,0.33330073149927,40
"940.5","1113179",0.95,0.825,40,0.892857142857143,28,0.513929749305068,40,0.393702219552366,40
"941.5","1114415",0.95,1,40,1,40,0.86152168077956,40,0.86152168077956,40
"942.5","1114514",0.95,0.95,40,0.944444444444444,36,0.62015244079078,40,0.548042428709838,40
"943.5","1114524",0.95,0.975,40,0.973684210526316,38,0.591975356371833,40,0.563504602319683,40
"944.5","1114530",0.95,0.923076923076923,39,0.909090909090909,33,0.334905663768057,40,0.280256840089081,40
"945.5","1114531",0.95,0.9,40,0.875,32,0.61704083482563,40,0.467217246115953,40
"946.5","1114542",0.95,0.925,40,0.911764705882353,34,0.60408527755272,39,0.501145206870713,39
"947.5","1114546",0.95,0.875,40,0.870967741935484,31,0.535955537962375,40,0.40878196206422,40
"948.5","1114633",0.95,0.8,40,0.769230769230769,26,0.262062510617049,36,0.176971922193127,36
"949.5","1114638",0.95,0.95,40,0.972972972972973,37,0.650657376426425,39,0.6197373160946,39
"950.5","1114644",0.95,0.875,40,0.870967741935484,31,0.59238201544343,39,0.470777477508247,39
"951.5","1114663",0.95,0.925,40,0.911764705882353,34,0.669941144530167,40,0.557751719314115,40
"952.5","1114694",0.95,1,40,1,40,0.482769714080598,40,0.482769714080598,40
"953.5","1114709",0.95,0.95,40,0.972222222222222,36,0.640878115148626,40,0.597279253128711,40
"954.5","1114751",0.95,0.875,40,0.90625,32,0.588202863990348,40,0.502431083687318,40
"955.5","1114781",0.95,0.925,40,0.942857142857143,35,0.696762025588,39,0.615786757306231,39
"956.5","1114809",0.95,0.875,40,0.878787878787879,33,0.407873764792543,40,0.344946630147548,40
"957.5","1114815",0.95,0.875,40,0.878787878787879,33,0.485134850674553,39,0.396399325447092,39
"958.5","1114852",0.95,1,34,1,34,0.120502677412862,39,0.120502677412862,39
"959.5","1114878",0.95,0.975,40,0.973684210526316,38,0.413336417026407,40,0.389586417026407,40
"960.5","1114903",0.95,0.9,40,0.875,32,0.458301081765672,40,0.370958506577702,40
"961.5","1115003",0.95,0.925,40,0.914285714285714,35,0.701071940955318,40,0.604120572431369,40
"962.5","1115012",0.95,0.95,40,0.944444444444444,36,0.466517914585257,40,0.418756009823352,40
"963.5","1115022",0.95,0.9,40,0.90625,32,0.566668707731427,39,0.450146594323885,39
"964.5","1115045",0.95,0.825,40,0.862068965517241,29,0.656282983316582,39,0.505544832578431,39
"965.5","1116190",0.95,0.95,40,0.972222222222222,36,0.564828227328227,40,0.528717116217116,40
"966.5","1116207",0.95,0.925,40,0.911764705882353,34,0.476399509465871,39,0.40855298401065,39
"967.5","1116308",0.95,0.948717948717949,39,0.942857142857143,35,0.483738378931098,39,0.436583105603217,39
"968.5","1116315",0.95,0.636363636363636,11,0.714285714285714,7,0.0390097524381095,31,0.0375093773443361,31
"969.5","1116505",0.95,0.825,40,0.896551724137931,29,0.686957610345419,40,0.53568694057719,40
"970.5","1116518",0.95,0.925,40,0.916666666666667,36,0.566718555730513,40,0.51088522239718,40
"971.5","1116744",0.95,0.95,40,0.944444444444444,36,0.507954614503938,40,0.458628527547416,40
"972.5","1116773",0.95,0.975,40,0.973684210526316,38,0.663167790519003,40,0.63139868752897,40
"973.5","1116801",0.95,1,40,1,40,0.662633498359191,40,0.662633498359191,40
"974.5","1116803",0.95,NA,0,NA,0,0,32,0,32
"975.5","1116836",0.95,0.875,40,0.84375,32,0.427411978146623,40,0.339462092538213,40
"976.5","1116837",0.95,0.925,40,0.911764705882353,34,0.616806165074158,40,0.505558739784394,40
"977.5","1116854",0.95,1,40,1,40,0.63149881035599,40,0.63149881035599,40
"978.5","1116858",0.95,0.875,40,0.875,32,0.28436381411731,40,0.247364139420266,40
"979.5","1116859",0.95,0.875,40,0.875,32,0.270974092486561,40,0.236664207926676,40
"980.5","1116872",0.95,0.9,40,0.875,32,0.805804810360777,40,0.626017576318224,40
"981.5","1116895",0.95,1,40,1,40,0.732238404876739,40,0.732238404876739,40
"982.5","1116916",0.95,0.888888888888889,9,0.888888888888889,9,0.0301403551504507,39,0.0301403551504507,39
"983.5","1116919",0.95,NA,0,NA,0,NA,0,NA,0
"984.5","1116950",0.95,0.95,40,0.944444444444444,36,0.620957498526323,40,0.560869779228077,40
"985.5","1116965",0.95,1,40,1,40,0.669432606891723,40,0.669432606891723,40
"986.5","1116984",0.95,0.975,40,0.973684210526316,38,0.617165932806531,40,0.5854245153093,40
"987.5","1116999",0.95,0.925,40,0.911764705882353,34,0.577121668200822,40,0.484289064757754,40
"988.5","1117004",0.95,1,40,1,40,0.706154685163046,40,0.706154685163046,40
"989.5","1117008",0.95,0.875,40,0.838709677419355,31,0.612518481065329,40,0.453242834231542,40
"990.5","1117012",0.95,0.975,40,0.973684210526316,38,0.708472820328583,40,0.674950093055856,40
"991.5","1117130",0.95,1,40,1,40,0.673643061866668,40,0.673643061866668,40
"992.5","1117496",0.95,0.9,40,0.875,32,0.470369267852904,40,0.360665796628317,40
"993.5","1117499",0.95,0.925,40,0.911764705882353,34,0.615073084207373,40,0.514990606201508,40
"994.5","1117508",0.95,0.95,40,0.944444444444444,36,0.740227525204211,40,0.65784747469916,40
"995.5","1117517",0.95,0.9,40,0.939393939393939,33,0.628878611626426,40,0.541813563384907,40
"996.5","1117519",0.95,0.9,40,0.909090909090909,33,0.654502764916368,40,0.534627648203016,40
"997.5","1117528",0.95,0.925,40,0.942857142857143,35,0.463322550467212,40,0.425759555141059,40
"998.5","1117554",0.95,0.875,40,0.90625,32,0.566817322014927,40,0.460746020450204,40
"999.5","1117555",0.95,0.9,40,0.909090909090909,33,0.51193404048856,39,0.419650127083957,39
"1000.5","1117559",0.95,0.9,40,0.941176470588235,34,0.460376965272407,38,0.421811485917453,38
"1001.5","1117578",0.95,0.925,40,0.942857142857143,35,0.665128963891641,40,0.589808451071129,40
"1002.5","1117579",0.95,0.925,40,0.941176470588235,34,0.54580478577267,40,0.461540672869444,40
"1003.5","1117595",0.95,0.975,40,0.973684210526316,38,0.277493732213138,40,0.261000225719632,40
"1004.5","1117598",0.95,0.9,40,0.941176470588235,34,0.518716092733373,40,0.458734407751688,40
"1005.5","1117622",0.95,0.925,40,0.911764705882353,34,0.449583322546685,40,0.393121503584866,40
"1006.5","1117625",0.95,0.9,40,0.875,32,0.603562947600883,40,0.46341145783049,40
"1007.5","1117631",0.95,0.875,40,0.90625,32,0.569297699638769,39,0.475776188470199,39
"1008.5","1117717",0.95,0.925,40,0.941176470588235,34,0.624164546046782,40,0.535500176790307,40
"1009.5","1117730",0.95,0.925,40,0.911764705882353,34,0.584743808440433,40,0.499279994382869,40
"1010.5","1117731",0.95,0.925,40,0.944444444444444,36,0.677976441545911,40,0.615577792897262,40
"1011.5","1118516",0.95,0.925,40,0.911764705882353,34,0.692784458834413,40,0.57759019426457,40
"1012.5","1120509",0.95,0.9,40,0.882352941176471,34,0.619888453329726,40,0.504171307203541,40
"1013.5","1120515",0.95,0.95,40,0.944444444444444,36,0.657538318763928,40,0.591465086440696,40
"1014.5","1120538",0.95,0.875,40,0.875,32,0.800946483272496,40,0.643295953380758,40
"1015.5","1120587",0.95,0.9,40,0.875,32,0.256641052248339,38,0.216719044997018,38
"1016.5","1120618",0.95,0.975,40,0.973684210526316,38,0.525707804912135,40,0.497800828167949,40
"1017.5","1120647",0.95,0.95,40,0.944444444444444,36,0.445058669400775,38,0.404175210754158,38
"1018.5","1124",0.95,0.948717948717949,39,0.971428571428571,35,0.46152535140103,40,0.425506832882512,40
"1019.5","1124098",0.95,0.925925925925926,27,0.958333333333333,24,0.296095238095238,40,0.259428571428571,40
"1020.5","1124104",0.95,0.975,40,0.973684210526316,38,0.512170909891439,39,0.478669226389756,39
"1021.5","1124135",0.95,1,40,1,40,0.577904091398043,40,0.577904091398043,40
"1022.5","1124219",0.95,0.775,40,0.769230769230769,26,0.500687846807434,40,0.317108889532825,40
"1023.5","1124242",0.95,1,40,1,40,0.7482968862185,40,0.7482968862185,40
"1024.5","1124251",0.95,0.95,40,0.944444444444444,36,0.660565601332941,40,0.588091588858928,40
"1025.5","1124252",0.95,0.975,40,0.973684210526316,38,0.672620384958603,40,0.639342483997775,40
"1026.5","1124254",0.95,0.975,40,0.973684210526316,38,0.648213258295909,40,0.61772545341786,40
"1027.5","1124255",0.95,0.925,40,0.911764705882353,34,0.693910473507396,40,0.585753059688468,40
"1028.5","1124943",0.95,0.8,40,0.888888888888889,27,0.536524914493281,40,0.413799291965027,40
"1029.5","1124973",0.95,1,40,1,40,0.552856751345123,40,0.552856751345123,40
"1030.5","1125103",0.95,1,40,1,40,0.803707015460727,40,0.803707015460727,40
"1031.5","1125224",0.95,0.975,40,0.973684210526316,38,0.418609932857861,39,0.401220592297789,39
"1032.5","1125234",0.95,0.95,40,0.944444444444444,36,0.661964434766506,40,0.5947290420462,40
"1033.5","1125278",0.95,0.975,40,0.973684210526316,38,0.734900351307886,40,0.693597830299482,40
"1034.5","1125300",0.95,0.925,40,0.911764705882353,34,0.525036856615589,39,0.43502041201919,39
"1035.5","1125331",0.95,0.8,40,0.730769230769231,26,0.40681765405504,39,0.251366036775466,39
"1036.5","1125337",0.95,0.825,40,0.851851851851852,27,0.478125490865271,40,0.337153786193414,40
"1037.5","1125342",0.95,0.95,40,0.944444444444444,36,0.55895660958665,40,0.498658314132104,40
"1038.5","1125367",0.95,0.925,40,0.911764705882353,34,0.6752494323385,40,0.567162905044656,40
"1039.5","1125369",0.95,0.95,40,0.944444444444444,36,0.573322302773943,40,0.519075507902149,40
"1040.5","1125370",0.95,0.95,40,0.944444444444444,36,0.625541973851505,40,0.562465147024678,40
"1041.5","1125499",0.95,0.95,40,0.945945945945946,37,0.623621490878511,40,0.57896239996942,40
"1042.5","1125601",0.95,0.975,40,0.973684210526316,38,0.480143822842635,39,0.458303249407315,39
"1043.5","1125607",0.95,0.95,40,0.944444444444444,36,0.498293034187828,39,0.452579939694246,39
"1044.5","1125612",0.95,1,40,1,40,0.315915564796591,40,0.315915564796591,40
"1045.5","1125619",0.95,0.974358974358974,39,0.972972972972973,37,0.327404676109044,40,0.308818817523186,40
"1046.5","1125625",0.95,0.975,40,0.973684210526316,38,0.287595718534821,40,0.276787050458711,40
"1047.5","1125631",0.95,0.975,40,0.973684210526316,38,0.430154215358749,40,0.412540578995112,40
"1048.5","1125637",0.95,0.974358974358974,39,0.972972972972973,37,0.405183097344396,40,0.379706906868205,40
"1049.5","1125649",0.95,0.975,40,0.973684210526316,38,0.692887685044296,40,0.660364068310153,40
"1050.5","1125650",0.95,1,40,1,40,0.673738052912524,40,0.673738052912524,40
"1051.5","1125698",0.95,0.95,40,0.944444444444444,36,0.679051172012112,40,0.614861982822923,40
"1052.5","1126",0.95,0.95,40,0.972222222222222,36,0.553289083676578,40,0.493430709292342,40
"1053.5","1126052",0.95,0.925,40,0.911764705882353,34,0.615884941494378,40,0.501075913716601,40
"1054.5","1126206",0.95,0.85,40,0.892857142857143,28,0.560427055670191,40,0.416914758788329,40
"1055.5","1126310",0.95,0.945945945945946,37,0.941176470588235,34,0.311277065040223,40,0.27294373170689,40
"1056.5","1127250",0.95,0.833333333333333,36,0.88,25,0.268896683399143,40,0.176099303183999,40
"1057.5","1127254",0.95,0.925,40,0.942857142857143,35,0.281430161365521,40,0.234146718383065,40
"1058.5","1127273",0.95,0.875,40,0.903225806451613,31,0.361732986381875,38,0.297070130643969,38
"1059.5","1127309",0.95,0.85,40,0.827586206896552,29,0.480278093713323,39,0.33215194108461,39
"1060.5","1127323",0.95,0.85,40,0.827586206896552,29,0.430655084257759,38,0.312077222491042,38
"1061.5","1127386",0.95,0.925,40,0.911764705882353,34,0.565506475485661,40,0.477659574468085,40
"1062.5","1133065",0.95,0.9,40,0.875,32,0.725984708520812,40,0.567761541205105,40
"1063.5","1139",0.95,0.95,40,0.944444444444444,36,0.488663038000826,40,0.4405377335911,40
"1064.5","1142",0.95,0.9,40,0.875,32,0.458854451535089,40,0.353451225728637,40
"1065.5","1148",0.95,1,1,1,1,0.0263157894736842,38,0.0263157894736842,38
"1066.5","1154",0.95,0.875,40,0.90625,32,0.620597162556857,40,0.507221804266638,40
"1067.5","1160",0.95,0.888888888888889,9,0.857142857142857,7,0.0574685459468068,38,0.0516848559525905,38
"1068.5","1173",0.95,0.975,40,0.975,40,0.470535714285714,40,0.470535714285714,40
"1069.5","1174",0.95,0.95,40,0.944444444444444,36,0.408113572778267,40,0.373333261321092,40
"1070.5","1182",0.95,0.9,40,0.875,32,0.467493746319132,40,0.362722240942788,40
"1071.5","1196",0.95,0.742857142857143,35,0.909090909090909,22,0.27598088917647,34,0.228460975929704,34
"1072.5","122004",0.95,0.975,40,0.973684210526316,38,0.67505507370054,39,0.634599233244699,39
"1073.5","1220656",0.95,0.9,40,0.875,32,0.628587291354419,40,0.493506881997694,40
"1074.5","1220677",0.95,0.975,40,0.973684210526316,38,0.538543321355919,40,0.516281416594014,40
"1075.5","1220682",0.95,0.9,40,0.941176470588235,34,0.442601827899984,40,0.389116453320859,40
"1076.5","1220691",0.95,0.925,40,0.911764705882353,34,0.528017237005531,39,0.438599247587542,39
"1077.5","1220720",0.95,1,28,1,28,0.107555870451857,40,0.107555870451857,40
"1078.5","1220723",0.95,0.975,40,0.973684210526316,38,0.331854917036369,40,0.315247774179226,40
"1079.5","1220726",0.95,0.85,40,0.866666666666667,30,0.456847484391991,40,0.354385999798154,40
"1080.5","1220728",0.95,0.875,40,0.870967741935484,31,0.599982128434898,40,0.466933238918617,40
"1081.5","1220729",0.95,0.85,40,0.827586206896552,29,0.420159102221874,40,0.290049649971998,40
"1082.5","1220734",0.95,0.9,40,0.909090909090909,33,0.334393834174354,40,0.278383297775886,40
"1083.5","1220748",0.95,0.85,40,0.862068965517241,29,0.548605961383476,39,0.413805804761687,39
"1084.5","1220779",0.95,0.875,40,0.9375,32,0.42924482765,40,0.380814702726467,40
"1085.5","1220797",0.95,0.875,40,0.870967741935484,31,0.4696230844714,40,0.370227659634799,40
"1086.5","1220803",0.95,0.875,40,0.866666666666667,30,0.405240973596781,40,0.299538503885691,40
"1087.5","1220814",0.95,0.925,40,0.911764705882353,34,0.460511566880555,40,0.386918493287482,40
"1088.5","1220815",0.95,0.875,40,0.903225806451613,31,0.429049506610022,40,0.356341173276688,40
"1089.5","1220816",0.95,0.875,40,0.90625,32,0.473149860898023,40,0.397284060032222,40
"1090.5","1220855",0.95,0.875,40,0.870967741935484,31,0.423079244859554,39,0.336419038968579,39
"1091.5","1220866",0.95,0.9,40,0.941176470588235,34,0.459877224676984,38,0.420502272144137,38
"1092.5","1220872",0.95,0.9,40,0.911764705882353,34,0.451728078763776,40,0.398276337852358,40
"1093.5","1220893",0.95,0.944444444444444,36,0.9375,32,0.137213022306827,39,0.129050055169501,39
"1094.5","1220921",0.95,0.925,40,0.942857142857143,35,0.397628987298105,40,0.363271988088165,40
"1095.5","1220934",0.95,0.8,40,0.821428571428571,28,0.428092981865278,40,0.317515642537939,40
"1096.5","1220945",0.95,0.8,40,0.851851851851852,27,0.232778720732163,39,0.174838987848992,39
"1097.5","1220949",0.95,0.875,40,0.833333333333333,30,0.429243504404709,40,0.29685503583203,40
"1098.5","1220957",0.95,0.925,40,0.916666666666667,36,0.583044839814942,40,0.523026715697981,40
"1099.5","1220969",0.95,0.975,40,0.973684210526316,38,0.612516591007483,40,0.582929251263893,40
"1100.5","1220974",0.95,0.85,40,0.827586206896552,29,0.461574056445786,40,0.33689191260923,40
"1101.5","1221030",0.95,0.95,40,0.944444444444444,36,0.53568426074672,40,0.479996129433588,40
"1102.5","1221031",0.95,0.925,40,0.941176470588235,34,0.303297510675588,40,0.270951807573082,40
"1103.5","1221075",0.95,0.95,40,0.944444444444444,36,0.232613565411537,40,0.217038168586141,40
"1104.5","1221094",0.95,0.85,40,0.827586206896552,29,0.456317772106565,40,0.316001999915793,40
"1105.5","1221096",0.95,0.85,40,0.9,30,0.455170027445847,39,0.3588533811292,39
"1106.5","1221122",0.95,0.9,40,0.882352941176471,34,0.54037241549101,40,0.455038346604309,40
"1107.5","1221179",0.95,0.825,40,0.777777777777778,27,0.306775553511143,39,0.16674026158671,39
"1108.5","1221181",0.95,0.825,40,0.896551724137931,29,0.353432283295082,40,0.284514534377333,40
"1109.5","1221183",0.95,0.882352941176471,17,0.928571428571429,14,0.0594942718276135,39,0.0558181391192227,39
"1110.5","1221189",0.95,0.9,40,0.914285714285714,35,0.528036385052871,40,0.466933907575394,40
"1111.5","1221190",0.95,0.9,40,0.909090909090909,33,0.429573444068009,40,0.367877917372483,40
"1112.5","1221191",0.95,0.964285714285714,28,0.961538461538462,26,0.159819790873744,40,0.135884491938445,40
"1113.5","1221198",0.95,0.825,40,0.933333333333333,30,0.383120998391771,39,0.322099536457122,39
"1114.5","1221201",0.95,0.875,40,0.90625,32,0.193905328487913,39,0.159013632057755,39
"1115.5","1221208",0.95,1,40,1,40,0.515513110167033,40,0.515513110167033,40
"1116.5","1221210",0.95,0.825,40,0.814814814814815,27,0.357586313897347,40,0.248712305523382,40
"1117.5","1221211",0.95,0.825,40,0.807692307692308,26,0.418368668816601,40,0.270662069576114,40
"1118.5","1221214",0.95,0.925,40,0.911764705882353,34,0.584481507883413,40,0.489486278379198,40
"1119.5","1221216",0.95,1,28,1,28,0.144053724973525,39,0.144053724973525,39
"1120.5","1221251",0.95,0.975,40,0.973684210526316,38,0.55463037987649,40,0.515939903686013,40
"1121.5","1221268",0.95,0.931034482758621,29,0.962962962962963,27,0.110271709140122,40,0.104319328187741,40
"1122.5","1221272",0.95,0.875,40,0.875,32,0.408025714515618,39,0.323520758687133,39
"1123.5","1221276",0.95,0.875,40,0.935483870967742,31,0.40917348710599,40,0.341675857897835,40
"1124.5","1221277",0.95,0.875,40,0.9375,32,0.569919209852538,40,0.477390110662254,40
"1125.5","1221309",0.95,0.85,40,0.821428571428571,28,0.560908646148455,40,0.369016673741777,40
"1126.5","1221310",0.95,0.897435897435897,39,0.9375,32,0.419222869386854,40,0.364751324671407,40
"1127.5","1221340",0.95,0.975,40,0.973684210526316,38,0.543454542160728,40,0.51677875556702,40
"1128.5","1221347",0.95,0.85,40,0.862068965517241,29,0.495799292615936,40,0.381798955720862,40
"1129.5","1221349",0.95,0.925,40,0.944444444444444,36,0.568893609785977,40,0.520495303645736,40
"1130.5","1221424",0.95,0.875,40,0.866666666666667,30,0.380739529709598,40,0.297347588425215,40
"1131.5","1221434",0.95,0.925,40,0.911764705882353,34,0.490926158464858,40,0.429763888072712,40
"1132.5","1221448",0.95,0.9,40,0.875,32,0.40085964338278,40,0.312334511107648,40
"1133.5","1221449",0.95,0.875,40,0.909090909090909,33,0.493975415402384,38,0.424537783890449,38
"1134.5","1221457",0.95,0.925,40,0.911764705882353,34,0.494035631098717,39,0.415206435602855,39
"1135.5","1221481",0.95,0.875,40,0.833333333333333,30,0.306224961349894,38,0.228789393821447,38
"1136.5","1221533",0.95,0.9,40,0.939393939393939,33,0.621082518052974,40,0.54104512489058,40
"1137.5","1221537",0.95,0.9,40,0.909090909090909,33,0.365060618959487,39,0.296287590034656,39
"1138.5","1221555",0.95,0.9,40,0.909090909090909,33,0.363974316356937,40,0.300252894101032,40
"1139.5","1221571",0.95,0.85,40,0.9,30,0.600025347742769,40,0.473804682858959,40
"1140.5","1221576",0.95,0.9,40,0.909090909090909,33,0.434895429887773,40,0.363085707485946,40
"1141.5","1221588",0.95,0.8,40,0.846153846153846,26,0.382135971814613,40,0.259383870974277,40
"1142.5","1221592",0.95,0.9,40,0.90625,32,0.535306805768983,40,0.433691093694679,40
"1143.5","1221602",0.95,0.925,40,0.911764705882353,34,0.618740234401238,40,0.520221326838213,40
"1144.5","1221608",0.95,0.9,40,0.875,32,0.382080366593582,40,0.277420599277565,40
"1145.5","1221612",0.95,0.9,40,0.939393939393939,33,0.475036843692558,40,0.412917038210684,40
"1146.5","1221629",0.95,0.961538461538462,26,0.958333333333333,24,0.354700854700855,39,0.316239316239316,39
"1147.5","1221633",0.95,0.875,40,0.866666666666667,30,0.447166648030619,40,0.322322442671707,40
"1148.5","1221642",0.95,0.925,40,0.911764705882353,34,0.362172890189089,40,0.311015482781681,40
"1149.5","1221644",0.95,0.9,40,0.875,32,0.414049877443006,40,0.316178728983622,40
"1150.5","1221651",0.95,0.825,40,0.807692307692308,26,0.47168035425089,40,0.287375358189253,40
"1151.5","1221653",0.95,1,40,1,40,0.414047619047619,40,0.414047619047619,40
"1152.5","1221662",0.95,0.8,40,0.8,25,0.368121191967731,40,0.237570211038961,40
"1153.5","1221717",0.95,1,28,1,28,0.216658939438156,40,0.216658939438156,40
"1154.5","1221723",0.95,0.85,40,0.857142857142857,28,0.491904151960612,40,0.352985160745109,40
"1155.5","1221744",0.95,0.5,2,0.5,2,0.00526315789473684,38,0.00526315789473684,38
"1156.5","1221785",0.95,0.9,40,0.90625,32,0.623595873100913,40,0.48193574018574,40
"1157.5","1221803",0.95,0.95,40,0.972972972972973,37,0.537801490849839,40,0.513426490849839,40
"1158.5","1221813",0.95,0.875,40,0.866666666666667,30,0.544398087292824,40,0.394321492479387,40
"1159.5","1221829",0.95,0.9,40,0.90625,32,0.427206476028572,39,0.344502288735136,39
"1160.5","1221877",0.95,NA,0,NA,0,0,9,0,9
"1161.5","1221878",0.95,NA,0,NA,0,0,3,0,3
"1162.5","1221880",0.95,NA,0,NA,0,0,38,0,38
"1163.5","1221882",0.95,1,40,1,40,0.795682213638967,40,0.795682213638967,40
"1164.5","1221921",0.95,0.975,40,0.973684210526316,38,0.74577952013577,40,0.704350948707198,40
"1165.5","1221940",0.95,0.85,40,0.866666666666667,30,0.570719986676476,39,0.440272404650214,39
"1166.5","1221979",0.95,0.775,40,0.695652173913043,23,0.373361805839073,38,0.207328914921794,38
"1167.5","1222",0.95,0.75,40,0.84,25,0.456926674708578,39,0.323464649186999,39
"1168.5","1222032",0.95,0.939393939393939,33,0.966666666666667,30,0.206564984274474,40,0.186696563221842,40
"1169.5","1222039",0.95,0.9,40,0.939393939393939,33,0.48670185310089,40,0.413109524730336,40
"1170.5","1222081",0.95,0.925,40,0.911764705882353,34,0.518043933439384,40,0.437615020247313,40
"1171.5","1222096",0.95,0.8,40,0.851851851851852,27,0.556099907087114,40,0.390682327211945,40
"1172.5","1222113",0.95,0.875,40,0.9,30,0.586509743759261,40,0.442957688198219,40
"1173.5","1222118",0.95,0.9,40,0.878787878787879,33,0.267438797676424,36,0.22873732159468,36
"1174.5","1222167",0.95,1,40,1,40,0.739139400151637,40,0.739139400151637,40
"1175.5","1222187",0.95,0.975,40,0.973684210526316,38,0.369197579824489,40,0.350896297773207,40
"1176.5","1222216",0.95,0.975,40,0.973684210526316,38,0.528847240119702,40,0.497319462341924,40
"1177.5","1222234",0.95,0.925,40,0.911764705882353,34,0.549241930834079,40,0.460811194903343,40
"1178.5","1222235",0.95,0.925,40,0.911764705882353,34,0.621546122581059,40,0.52531688670066,40
"1179.5","1222238",0.95,1,40,1,40,0.789618653310514,40,0.789618653310514,40
"1180.5","1222274",0.95,1,40,1,40,0.839907323132537,40,0.839907323132537,40
"1181.5","1222282",0.95,0.95,40,0.944444444444444,36,0.830883687432893,40,0.743888264827006,40
"1182.5","1222307",0.95,0.95,40,0.944444444444444,36,0.557689433221929,39,0.489374414906911,39
"1183.5","1222319",0.95,0.95,40,0.944444444444444,36,0.499879470953459,39,0.446846096156483,39
"1184.5","1222374",0.95,0.975,40,0.973684210526316,38,0.442860901489159,40,0.425860901489159,40
"1185.5","1222385",0.95,0.8125,16,0.8,10,0.0698935744896329,34,0.0418878135554832,34
"1186.5","1222396",0.95,0.972972972972973,37,0.971428571428571,35,0.339524177637826,39,0.302283640397288,39
"1187.5","1222407",0.95,0.857142857142857,7,0.857142857142857,7,0.0355259289205778,39,0.0355259289205778,39
"1188.5","1222409",0.95,1,40,1,40,0.445617167858788,40,0.445617167858788,40
"1189.5","1222422",0.95,0.923076923076923,39,0.914285714285714,35,0.417307148175909,40,0.383932652301413,40
"1190.5","1222444",0.95,0.888888888888889,36,0.892857142857143,28,0.273368283087706,38,0.207341592109899,38
"1191.5","1222449",0.95,0.945945945945946,37,0.941176470588235,34,0.364191911524681,38,0.325210768828368,38
"1192.5","1222453",0.95,1,40,1,40,0.488470107135625,40,0.488470107135625,40
"1193.5","1222478",0.95,1,40,1,40,0.640192375225135,40,0.640192375225135,40
"1194.5","1222482",0.95,0.95,40,0.947368421052632,38,0.502845667602753,39,0.471038585795671,39
"1195.5","1222491",0.95,0.975,40,0.973684210526316,38,0.53845890131602,40,0.514595264952383,40
"1196.5","1222529",0.95,0.925,40,0.911764705882353,34,0.519350021958718,40,0.440485287659201,40
"1197.5","1222537",0.95,0.975,40,0.973684210526316,38,0.491791314205795,40,0.461284067828984,40
"1198.5","1222575",0.95,1,9,1,9,0.0404187530909054,37,0.0404187530909054,37
"1199.5","1222578",0.95,0.925,40,0.942857142857143,35,0.371427433006667,40,0.33793390827582,40
"1200.5","1222690",0.95,0.95,40,0.944444444444444,36,0.532457259864152,39,0.482302375743424,39
"1201.5","1222728",0.95,0.975,40,0.973684210526316,38,0.237259875151479,40,0.227086714978319,40
"1202.5","1223671",0.95,NA,0,NA,0,NA,0,NA,0
"1203.5","1225260",0.95,0.925,40,0.911764705882353,34,0.577654988895256,40,0.468797841222758,40
"1204.5","1225278",0.95,0.925,40,0.941176470588235,34,0.60629527266194,40,0.531558285858421,40
"1205.5","1225286",0.95,0.95,40,0.972222222222222,36,0.631392116276454,39,0.576688519219916,39
"1206.5","1225291",0.95,0.9,40,0.875,32,0.49357978688596,40,0.381399007316068,40
"1207.5","1225307",0.95,0.925,40,0.916666666666667,36,0.51355546315438,39,0.446016770615688,39
"1208.5","1225317",0.95,0.95,40,0.944444444444444,36,0.496805104660062,40,0.445642313962387,40
"1209.5","1225319",0.95,0.975,40,0.973684210526316,38,0.50154681311508,40,0.475384022417406,40
"1210.5","1225352",0.95,0.925,40,0.941176470588235,34,0.734039018596142,40,0.634971571962418,40
"1211.5","1225370",0.95,0.85,40,0.827586206896552,29,0.437474521942527,40,0.319091261050193,40
"1212.5","1225372",0.95,0.925,40,0.911764705882353,34,0.545947555339615,39,0.458607811749871,39
"1213.5","1225375",0.95,0.875,40,0.833333333333333,30,0.554687818288034,40,0.390104484954701,40
"1214.5","1225410",0.95,0.925,40,0.911764705882353,34,0.521069112224019,39,0.429809582609102,39
"1215.5","1225452",0.95,0.9,40,0.909090909090909,33,0.473532629313011,37,0.390911405147669,37
"1216.5","1225488",0.95,0.925,40,0.916666666666667,36,0.646646228167967,40,0.571102749907098,40
"1217.5","1227075",0.95,0.975,40,0.973684210526316,38,0.666168683261927,40,0.631333479895868,40
"1218.5","1227082",0.95,0.95,40,0.944444444444444,36,0.441995672451376,39,0.402156958194057,39
"1219.5","1227094",0.95,0.95,40,0.945945945945946,37,0.700953105315895,40,0.647165226528016,40
"1220.5","1227122",0.95,0.95,40,0.944444444444444,36,0.737121624344685,40,0.649579536802597,40
"1221.5","1227126",0.95,0.9,40,0.909090909090909,33,0.669961184354848,39,0.565430298573962,39
"1222.5","1227154",0.95,0.975,40,0.973684210526316,38,0.758465017264595,40,0.724451859369858,40
"1223.5","1227176",0.95,1,40,1,40,0.410496524627688,40,0.410496524627688,40
"1224.5","1227179",0.95,1,40,1,40,0.675645737807752,40,0.675645737807752,40
"1225.5","1227188",0.95,0.9,40,0.875,32,0.528217424439875,39,0.416786217886717,39
"1226.5","1227207",0.95,1,40,1,40,0.666434232776561,40,0.666434232776561,40
"1227.5","1227231",0.95,NA,0,NA,0,0,39,0,39
"1228.5","1227237",0.95,0.947368421052632,19,0.941176470588235,17,0.112870997536946,40,0.0994781403940887,40
"1229.5","1227269",0.95,1,40,1,40,0.634247595572196,40,0.634247595572196,40
"1230.5","1227280",0.95,0.975,40,0.974358974358974,39,0.829841370860417,40,0.808499907445783,40
"1231.5","1227284",0.95,0.975,40,0.973684210526316,38,0.467989868418204,40,0.44419060733446,40
"1232.5","1227293",0.95,0.95,40,0.944444444444444,36,0.603001816021066,40,0.543571991459663,40
"1233.5","1227297",0.95,0.95,40,0.944444444444444,36,0.594903892513809,40,0.538687676297593,40
"1234.5","1227308",0.95,0.975,40,0.973684210526316,38,0.620950090072704,40,0.587903531368251,40
"1235.5","1227322",0.95,1,40,1,40,0.940263644773358,40,0.940263644773358,40
"1236.5","1227329",0.95,0.825,40,0.793103448275862,29,0.578428109728533,40,0.410586013334869,40
"1237.5","1227338",0.95,0.9,40,0.90625,32,0.610380344613618,40,0.501586306673239,40
"1238.5","1227366",0.95,0.85,40,0.838709677419355,31,0.447005627329899,40,0.333663463907366,40
"1239.5","1227379",0.95,0.875,40,0.875,32,0.735452961159853,40,0.590134225017946,40
"1240.5","1227443",0.95,0.975,40,0.974358974358974,39,0.702431567781979,40,0.690589462518821,40
"1241.5","1227445",0.95,0.975,40,0.973684210526316,38,0.653172626985207,40,0.620277890143102,40
"1242.5","1227451",0.95,0.975,40,0.973684210526316,38,0.696749169695232,40,0.665376620675624,40
"1243.5","1227453",0.95,0.975,40,0.973684210526316,38,0.645729298103584,40,0.611269838644125,40
"1244.5","1227480",0.95,NA,0,NA,0,NA,0,NA,0
"1245.5","1227487",0.95,0.8125,32,0.727272727272727,22,0.0685482273717568,33,0.035059201777468,33
"1246.5","1227509",0.95,0.852941176470588,34,0.791666666666667,24,0.206199131347353,33,0.105360137227726,33
"1247.5","1227542",0.95,0.925,40,0.944444444444444,36,0.480277481743154,40,0.441003159574096,40
"1248.5","1227554",0.95,0.975,40,0.973684210526316,38,0.821794192249737,40,0.78531400576955,40
"1249.5","1227904",0.95,1,40,1,40,0.632168484567964,40,0.632168484567964,40
"1250.5","1227906",0.95,1,40,1,40,0.833815802185992,40,0.833815802185992,40
"1251.5","1227907",0.95,1,40,1,40,0.688905605987149,40,0.688905605987149,40
"1252.5","1227994",0.95,0.975,40,0.973684210526316,38,0.730574398984168,40,0.694871439153301,40
"1253.5","1228000",0.95,0.975,40,0.973684210526316,38,0.746661929345658,40,0.712356373790103,40
"1254.5","1228324",0.95,1,40,1,40,0.736603299941268,40,0.736603299941268,40
"1255.5","1228547",0.95,0.975,40,0.973684210526316,38,0.770453739662859,40,0.734791974956977,40
"1256.5","1228557",0.95,0.95,40,0.944444444444444,36,0.442705841312842,40,0.398264636967869,40
"1257.5","1228568",0.95,0.944444444444444,36,0.96969696969697,33,0.123715985765658,40,0.117465985765658,40
"1258.5","1228577",0.95,0.975,40,0.973684210526316,38,0.510452628849163,40,0.476166914563449,40
"1259.5","1228588",0.95,1,1,1,1,0.000768049155145929,31,0.000768049155145929,31
"1260.5","1228601",0.95,0.9,40,0.911764705882353,34,0.606860782297205,40,0.525286106972529,40
"1261.5","1228605",0.95,0.95,40,0.945945945945946,37,0.400284298316608,40,0.372149135714982,40
"1262.5","1228641",0.95,1,40,1,40,0.604990581002375,40,0.604990581002375,40
"1263.5","1228654",0.95,0.925,40,0.941176470588235,34,0.817774402467435,40,0.704658764535395,40
"1264.5","1228656",0.95,0.975,40,0.973684210526316,38,0.516735938326431,40,0.491735938326431,40
"1265.5","1228657",0.95,NA,0,NA,0,0,32,0,32
"1266.5","1228766",0.95,0.925,40,0.916666666666667,36,0.578632411199463,39,0.512701215957923,39
"1267.5","1228773",0.95,0.9,40,0.875,32,0.354849702572236,40,0.284753328915866,40
"1268.5","1228795",0.95,NA,0,NA,0,0,38,0,38
"1269.5","1228797",0.95,0.85,40,0.866666666666667,30,0.544411626819273,40,0.421439316276417,40
"1270.5","1228846",0.95,0.975,40,0.973684210526316,38,0.428591376921725,40,0.41053582136617,40
"1271.5","1228851",0.95,0.8,40,0.72,25,0.349804472504095,40,0.195422586111433,40
"1272.5","1228865",0.95,0.875,40,0.866666666666667,30,0.372680377031896,40,0.265324538985534,40
"1273.5","1228899",0.95,0.621621621621622,37,0.789473684210526,19,0.323740761891905,35,0.208946480543001,35
"1274.5","1228900",0.95,0.925,40,0.942857142857143,35,0.543400723339021,40,0.493299267393911,40
"1275.5","1228904",0.95,0.9,40,0.90625,32,0.480857412746538,40,0.380311632362048,40
"1276.5","1228916",0.95,0.85,40,0.827586206896552,29,0.470288543111787,40,0.345485255043658,40
"1277.5","1228922",0.95,0.85,40,0.827586206896552,29,0.432682194635112,39,0.31525376578427,39
"1278.5","1228947",0.95,0.825,40,0.821428571428571,28,0.372362393626488,39,0.264283268681898,39
"1279.5","1228949",0.95,0.862068965517241,29,0.857142857142857,21,0.103562234024809,37,0.0706658662494094,37
"1280.5","1228950",0.95,0.85,40,0.90625,32,0.338388804260647,34,0.29954076504496,34
"1281.5","1228958",0.95,0.775,40,0.888888888888889,27,0.504025679724693,40,0.392346338440088,40
"1282.5","1228979",0.95,1,1,1,1,0.0125,16,0.0125,16
"1283.5","1229001",0.95,0.85,40,0.9375,32,0.466093280457755,40,0.40094176530624,40
"1284.5","1229004",0.95,0.85,40,0.793103448275862,29,0.428800279658527,40,0.303574447023421,40
"1285.5","1229009",0.95,0.85,40,0.903225806451613,31,0.334329639456434,39,0.270574191409145,39
"1286.5","1229029",0.95,0.875,40,0.833333333333333,30,0.56034345194138,40,0.396962774239265,40
"1287.5","1229034",0.95,0.925,40,0.911764705882353,34,0.401994172978696,40,0.338058543390892,40
"1288.5","1229044",0.95,0.825,40,0.851851851851852,27,0.436630054450427,40,0.28891701418455,40
"1289.5","1229053",0.95,0.894736842105263,38,0.903225806451613,31,0.282721203691329,38,0.243743716676183,38
"1290.5","1229054",0.95,NA,0,NA,0,NA,0,NA,0
"1291.5","1229056",0.95,0.925,40,0.911764705882353,34,0.551294260667282,40,0.47212106089957,40
"1292.5","1229071",0.95,0.925,40,0.911764705882353,34,0.548204402420085,40,0.462779186263162,40
"1293.5","1229073",0.95,0.9,40,0.875,32,0.407210557267233,39,0.317637675224777,39
"1294.5","1229074",0.95,0.95,40,0.944444444444444,36,0.530436133965756,40,0.46471244975523,40
"1295.5","1229080",0.95,0.95,40,0.972222222222222,36,0.619184439982137,40,0.570711568614529,40
"1296.5","1229143",0.95,0.925,40,0.941176470588235,34,0.501845697335511,40,0.43967713672945,40
"1297.5","1229180",0.95,0.825,40,0.814814814814815,27,0.322936381819665,38,0.227431995854753,38
"1298.5","1229182",0.95,0.941176470588235,34,0.933333333333333,30,0.257347150017561,40,0.219918989098021,40
"1299.5","1229197",0.95,0.9,40,0.875,32,0.430655266564228,39,0.326220425805857,39
"1300.5","1229205",0.95,0.95,40,0.944444444444444,36,0.28966356507263,39,0.269282236998994,39
"1301.5","1229206",0.95,0.9,40,0.875,32,0.393199972820047,40,0.298756472993151,40
"1302.5","1229210",0.95,0.95,40,0.944444444444444,36,0.392118863988107,39,0.345013191882435,39
"1303.5","1229216",0.95,0.875,40,0.866666666666667,30,0.35723337195023,38,0.276651973864174,38
"1304.5","1229217",0.95,0.725,40,0.875,24,0.472843857140816,37,0.375771785068744,37
"1305.5","1229222",0.95,0.875,40,0.903225806451613,31,0.373531447418327,40,0.285393006558111,40
"1306.5","1229226",0.95,0.871794871794872,39,0.862068965517241,29,0.2707663898872,39,0.22233496020577,39
"1307.5","1229267",0.95,NA,0,NA,0,0,31,0,31
"1308.5","1229273",0.95,NA,0,NA,0,0,36,0,36
"1309.5","1229282",0.95,0.975,40,0.973684210526316,38,0.576878386897877,40,0.547700668064986,40
"1310.5","1229288",0.95,0.975,40,0.973684210526316,38,0.289216895624107,39,0.277678434085646,39
"1311.5","1229306",0.95,0.85,40,0.866666666666667,30,0.460938870925039,40,0.350631169403134,40
"1312.5","1229308",0.95,0.875,40,0.866666666666667,30,0.387647066134769,38,0.295639664393397,38
"1313.5","1229329",0.95,0.975,40,0.973684210526316,38,0.567549721362158,40,0.543506928569365,40
"1314.5","1229335",0.95,0.923076923076923,39,0.909090909090909,33,0.348913721354457,39,0.284007331448068,39
"1315.5","1229357",0.95,0.9,40,0.875,32,0.411948547512822,37,0.339133052923134,37
"1316.5","1229363",0.95,0.8,40,0.76,25,0.440479217941006,39,0.244047353446698,39
"1317.5","1229365",0.95,0.85,40,0.903225806451613,31,0.513692565213669,39,0.444112687987772,39
"1318.5","1229368",0.95,0.975,40,0.973684210526316,38,0.689725281659842,40,0.651191447073376,40
"1319.5","1229374",0.95,0.85,40,0.785714285714286,28,0.450482145046605,40,0.284074448941018,40
"1320.5","1229397",0.95,0.973684210526316,38,0.972222222222222,36,0.265440982694227,40,0.253034967656633,40
"1321.5","1229402",0.95,0.945945945945946,37,0.96969696969697,33,0.22768622285767,40,0.206207036425033,40
"1322.5","1229411",0.95,0.875,40,0.866666666666667,30,0.380161719906714,40,0.306678683016069,40
"1323.5","1229415",0.95,0.95,40,0.944444444444444,36,0.600315418127378,40,0.531029703841664,40
"1324.5","1229416",0.95,0.85,40,0.862068965517241,29,0.445825381145162,40,0.339413839255679,40
"1325.5","1229420",0.95,0.875,40,0.866666666666667,30,0.635721585929108,40,0.474748745736301,40
"1326.5","1229455",0.95,0.95,40,0.947368421052632,38,0.468141672891092,40,0.443876967008739,40
"1327.5","1229466",0.95,0.875,40,0.833333333333333,30,0.426356811818919,39,0.301313272982277,39
"1328.5","1229474",0.95,0.875,40,0.903225806451613,31,0.42626843870266,39,0.318972119121858,39
"1329.5","1229477",0.95,0.875,40,0.870967741935484,31,0.426391939402614,39,0.313182232442908,39
"1330.5","1229486",0.95,0.85,40,0.862068965517241,29,0.484343112659228,40,0.374524983026857,40
"1331.5","1229504",0.95,0.925,40,0.911764705882353,34,0.385451918563131,39,0.314694015247088,39
"1332.5","1229518",0.95,0.85,40,0.838709677419355,31,0.351444541318113,40,0.270057556592312,40
"1333.5","1229519",0.95,0.875,40,0.90625,32,0.299329477944378,38,0.263988204938631,38
"1334.5","1229522",0.95,0.95,40,0.944444444444444,36,0.59483255697683,40,0.541947941592215,40
"1335.5","1229524",0.95,0.743589743589744,39,0.826086956521739,23,0.351819177161231,34,0.213487192275865,34
"1336.5","1229536",0.95,0.9,40,0.909090909090909,33,0.453633903283004,40,0.376961051774626,40
"1337.5","1229542",0.95,0.95,40,0.944444444444444,36,0.61324566860767,40,0.554782397644399,40
"1338.5","1229558",0.95,0.9,40,0.9375,32,0.370626707416446,39,0.321782289516599,39
"1339.5","1229586",0.95,0.75,40,0.708333333333333,24,0.405677948857128,38,0.240133483003065,38
"1340.5","1229593",0.95,0.775,40,0.928571428571429,28,0.546850543631066,40,0.46198233213242,40
"1341.5","1229605",0.95,0.925,40,0.942857142857143,35,0.612724278879106,40,0.549582975554876,40
"1342.5","1229607",0.95,0.918918918918919,37,0.9375,32,0.298326367704631,39,0.254533794135383,39
"1343.5","1229609",0.95,0.95,40,0.944444444444444,36,0.438520378288405,40,0.395755185701106,40
"1344.5","1229610",0.95,0.825,40,0.777777777777778,27,0.25371761428095,36,0.160020452679442,36
"1345.5","1229620",0.95,0.875,40,0.833333333333333,30,0.368334651485142,39,0.243309085435235,39
"1346.5","1229623",0.95,0.85,40,0.862068965517241,29,0.458248900273269,39,0.336969574760072,39
"1347.5","1229628",0.95,0.947368421052632,38,0.970588235294118,34,0.261532445403986,39,0.23589141976296,39
"1348.5","1229639",0.95,0.875,40,0.9375,32,0.435162266504812,36,0.369505700848247,36
"1349.5","1229679",0.95,0.875,40,0.9375,32,0.522393704442874,39,0.453785666195367,39
"1350.5","1229689",0.95,0.925,40,0.971428571428571,35,0.450573457825864,40,0.408257440509847,40
"1351.5","1229700",0.95,0.925,40,0.941176470588235,34,0.522152450746688,39,0.449878890973128,39
"1352.5","1229728",0.95,0.9,40,0.939393939393939,33,0.385895232595483,40,0.317993510931207,40
"1353.5","1229763",0.95,0.9,40,0.909090909090909,33,0.532734473540962,40,0.451849784580048,40
"1354.5","1229783",0.95,0.925925925925926,27,0.96,25,0.142408402003596,35,0.138721766058896,35
"1355.5","1229789",0.95,0.85,40,0.785714285714286,28,0.319381700954828,39,0.214150240046372,39
"1356.5","1229797",0.95,0.95,40,0.944444444444444,36,0.618334475388577,40,0.559901399455501,40
"1357.5","1229798",0.95,0.941176470588235,34,0.933333333333333,30,0.141849815308758,39,0.122166557390206,39
"1358.5","1229817",0.95,0.925,40,0.911764705882353,34,0.561039790995043,40,0.481893412835507,40
"1359.5","1229821",0.95,0.85,40,0.833333333333333,30,0.495623265636799,40,0.369428908376199,40
"1360.5","1229829",0.95,0.914285714285714,35,0.903225806451613,31,0.210880830888563,38,0.187485695322375,38
"1361.5","1229840",0.95,0.875,40,0.866666666666667,30,0.496379027204454,40,0.372359385421826,40
"1362.5","1229849",0.95,0.9,40,0.875,32,0.504099158668344,39,0.39218283706693,39
"1363.5","1229850",0.95,0.875,40,0.903225806451613,31,0.517025317032011,40,0.405478375353491,40
"1364.5","1229898",0.95,1,40,1,40,0.759253436166463,40,0.759253436166463,40
"1365.5","1229944",0.95,1,4,1,4,0.0319139194139194,40,0.0319139194139194,40
"1366.5","1229971",0.95,0.975,40,0.973684210526316,38,0.611746001925373,40,0.582310518054405,40
"1367.5","1229975",0.95,0.95,40,0.944444444444444,36,0.521311315629373,40,0.475369197402772,40
"1368.5","1229992",0.95,0.95,40,0.944444444444444,36,0.631213013699804,40,0.570965984306433,40
"1369.5","1230004",0.95,0.925,40,0.941176470588235,34,0.623819426785908,40,0.54182123277146,40
"1370.5","1230014",0.95,0.95,40,0.945945945945946,37,0.612430536828489,40,0.569571059704306,40
"1371.5","1230021",0.95,1,40,1,40,0.902927487664112,40,0.902927487664112,40
"1372.5","1230034",0.95,0.875,40,0.90625,32,0.551601307434908,40,0.447224018847093,40
"1373.5","1230074",0.95,1,40,1,40,0.742160296087607,40,0.742160296087607,40
"1374.5","1230075",0.95,0.975,40,0.975,40,0.735911396985911,40,0.735911396985911,40
"1375.5","1230081",0.95,0.925,40,0.941176470588235,34,0.573179866920334,40,0.498600023447018,40
"1376.5","1230091",0.95,0.9,40,0.909090909090909,33,0.596910653603809,40,0.505175064631378,40
"1377.5","1230097",0.95,0.95,40,0.945945945945946,37,0.543070540519995,40,0.508202119467363,40
"1378.5","1230123",0.95,0.9,40,0.909090909090909,33,0.552609759892614,40,0.46236009727453,40
"1379.5","1230130",0.95,0.9,40,0.942857142857143,35,0.54207106401426,40,0.502597379803734,40
"1380.5","1230136",0.95,0.9,40,0.941176470588235,34,0.60024752744547,40,0.537898626346569,40
"1381.5","1230151",0.95,0.925,40,0.911764705882353,34,0.613364332188872,40,0.510538209128773,40
"1382.5","1230160",0.95,0.95,40,0.944444444444444,36,0.54852050351138,40,0.496436030374275,40
"1383.5","1230164",0.95,0.975,40,0.973684210526316,38,0.613896268020313,40,0.584842213966259,40
"1384.5","1230166",0.95,0.9,40,0.878787878787879,33,0.772350937683963,40,0.617176856446052,40
"1385.5","1230175",0.95,0.975,40,0.973684210526316,38,0.677107599114179,40,0.643057101247891,40
"1386.5","1230216",0.95,0.925,40,0.942857142857143,35,0.632082667866258,40,0.565327070092858,40
"1387.5","1230240",0.95,0.925,40,0.945945945945946,37,0.634201738902514,40,0.59523214430792,40
"1388.5","1230253",0.95,1,40,1,40,0.763337037022003,40,0.763337037022003,40
"1389.5","1230263",0.95,0.925,40,0.911764705882353,34,0.652498157655164,39,0.551400971648824,39
"1390.5","1230287",0.95,0.95,40,0.944444444444444,36,0.671826327225038,40,0.605420984600183,40
"1391.5","1230289",0.95,0.95,40,0.944444444444444,36,0.570644210894289,40,0.512058557571794,40
"1392.5","1230308",0.95,0.95,40,0.944444444444444,36,0.614849857444375,40,0.548340408269969,40
"1393.5","1230310",0.95,0.975,40,0.973684210526316,38,0.601627427770888,40,0.5756152820219,40
"1394.5","1230332",0.95,1,40,1,40,0.687286656443102,40,0.687286656443102,40
"1395.5","1230336",0.95,0.9,40,0.875,32,0.634058322125518,40,0.491802937041186,40
"1396.5","1230358",0.95,1,40,1,40,0.757021640640062,40,0.757021640640062,40
"1397.5","1230402",0.95,0.925,40,0.941176470588235,34,0.655421715639944,40,0.566127234714366,40
"1398.5","1230434",0.95,0.975,40,0.973684210526316,38,0.76613058818497,40,0.728755901468178,40
"1399.5","1230437",0.95,0.975,40,0.973684210526316,38,0.696614933035863,40,0.662906365180953,40
"1400.5","1230459",0.95,0.925,40,0.942857142857143,35,0.827962324447061,40,0.735941047851316,40
"1401.5","1230468",0.95,0.95,40,0.944444444444444,36,0.675781882659439,40,0.607072101449658,40
"1402.5","1230479",0.95,0.9,40,0.878787878787879,33,0.581604588505263,40,0.474380542226338,40
"1403.5","1230484",0.95,0.95,40,0.944444444444444,36,0.592481543814843,40,0.52906404737103,40
"1404.5","1230493",0.95,0.95,40,0.944444444444444,36,0.621328739768451,40,0.56057961084859,40
"1405.5","1230498",0.95,0.85,40,0.838709677419355,31,0.72624815643473,40,0.554439645796432,40
"1406.5","1230501",0.95,0.975,40,0.973684210526316,38,0.655741869943774,40,0.620813191265095,40
"1407.5","1230504",0.95,1,40,1,40,0.679417042911101,40,0.679417042911101,40
"1408.5","1230527",0.95,1,40,1,40,0.712676989935047,40,0.712676989935047,40
"1409.5","1230541",0.95,0.925,40,0.911764705882353,34,0.90531914893617,40,0.758510638297872,40
"1410.5","1233140",0.95,0.95,40,0.947368421052632,38,0.60672362154721,40,0.57312987154721,40
"1411.5","1233340",0.95,1,40,1,40,0.79468085106383,40,0.79468085106383,40
"1412.5","1233352",0.95,1,40,1,40,0.790957446808511,40,0.790957446808511,40
"1413.5","1233366",0.95,1,40,1,40,0.782978723404255,40,0.782978723404255,40
"1414.5","1233375",0.95,1,40,1,40,0.802127659574468,40,0.802127659574468,40
"1415.5","1233376",0.95,1,40,1,40,0.812234042553192,40,0.812234042553192,40
"1416.5","1233379",0.95,1,40,1,40,0.828191489361702,40,0.828191489361702,40
"1417.5","1233380",0.95,1,40,1,40,0.858510638297872,40,0.858510638297872,40
"1418.5","1233381",0.95,1,40,1,40,0.76968085106383,40,0.76968085106383,40
"1419.5","1233384",0.95,1,40,1,40,0.840957446808511,40,0.840957446808511,40
"1420.5","1233396",0.95,1,40,1,40,0.858510638297872,40,0.858510638297872,40
"1421.5","1233405",0.95,1,40,1,40,0.879787234042553,40,0.879787234042553,40
"1422.5","1233409",0.95,1,40,1,40,0.815957446808511,40,0.815957446808511,40
"1423.5","1233416",0.95,1,40,1,40,0.848991297893854,40,0.848991297893854,40
"1424.5","1233445",0.95,1,40,1,40,0.858510638297872,40,0.858510638297872,40
"1425.5","1233460",0.95,0.95,40,0.944444444444444,36,0.658716048464832,39,0.599418034387407,39
"1426.5","1233461",0.95,0.95,40,0.944444444444444,36,0.607535885775498,40,0.537047456812695,40
"1427.5","1233552",0.95,0.925,40,0.911764705882353,34,0.510257068838244,40,0.420281223427616,40
"1428.5","1233627",0.95,0.928571428571429,28,0.916666666666667,24,0.178953823247041,40,0.135512316423181,40
"1429.5","1233668",0.95,1,40,1,40,0.654343939502458,40,0.654343939502458,40
"1430.5","1233678",0.95,0.85,40,0.8,30,0.575907737930459,40,0.389241071263793,40
"1431.5","1233706",0.95,0.975,40,0.973684210526316,38,0.512907755279636,40,0.493264898136778,40
"1432.5","1233725",0.95,0.85,40,0.833333333333333,30,0.428691637599861,40,0.328633868606684,40
"1433.5","1236582",0.95,1,40,1,40,0.608643281568461,40,0.608643281568461,40
"1434.5","1236590",0.95,0.95,40,0.945945945945946,37,0.628326903917232,40,0.57906767168836,40
"1435.5","1236601",0.95,0.95,40,0.944444444444444,36,0.406744863788061,40,0.374916291012797,40
"1436.5","1238",0.95,0.825,40,0.862068965517241,29,0.369502195797753,39,0.281311041572443,39
"1437.5","1238689",0.95,1,40,1,40,0.714226313330487,40,0.714226313330487,40
"1438.5","1238709",0.95,0.5,2,0.5,2,0.00317460317460318,30,0.00317460317460318,30
"1439.5","1238733",0.95,1,40,1,40,0.714602835095632,40,0.714602835095632,40
"1440.5","1239742",0.95,1,40,1,40,0.776170212765958,40,0.776170212765958,40
"1441.5","1239887",0.95,0.95,40,0.944444444444444,36,0.478190673597988,40,0.436643054550369,40
"1442.5","1239892",0.95,0.9,40,0.911764705882353,34,0.457797972259079,40,0.397912351344046,40
"1443.5","1239894",0.95,0.9,40,0.875,32,0.619136963579898,40,0.472955545360437,40
"1444.5","1239901",0.95,0.944444444444444,36,0.9375,32,0.274703381890167,40,0.238125648029824,40
"1445.5","1239905",0.95,0.875,40,0.866666666666667,30,0.509730310646526,40,0.382826500877004,40
"1446.5","1239908",0.95,0.9,40,0.875,32,0.512667501718466,39,0.389132703183668,39
"1447.5","1239927",0.95,0.925,40,0.942857142857143,35,0.64267865478759,39,0.573745710854646,39
"1448.5","1239931",0.95,0.85,40,0.862068965517241,29,0.444948771547818,40,0.34108401393306,40
"1449.5","1239936",0.95,0.85,40,0.9375,32,0.463939028654579,40,0.41232221953777,40
"1450.5","1239938",0.95,NA,0,NA,0,0,12,0,12
"1451.5","1241",0.95,0.95,40,0.944444444444444,36,0.530312264376582,39,0.474949537672392,39
"1452.5","1244397",0.95,1,40,1,40,0.830947112933074,40,0.830947112933074,40
"1453.5","1244406",0.95,1,40,1,40,0.872340425531915,40,0.872340425531915,40
"1454.5","1244416",0.95,1,40,1,40,0.788517576318224,40,0.788517576318224,40
"1455.5","1245231",0.95,NA,0,NA,0,0,2,0,2
"1456.5","1245233",0.95,0.9,40,0.875,32,0.661157563142993,40,0.513557090329755,40
"1457.5","1245242",0.95,0.975,40,0.973684210526316,38,0.809750284929667,40,0.769472507151889,40
"1458.5","1245276",0.95,0.925,40,0.911764705882353,34,0.511343118397257,40,0.421726182913386,40
"1459.5","1245307",0.95,0.95,40,0.944444444444444,36,0.643920714608639,39,0.57685583504376,39
"1460.5","1245309",0.95,0.925,40,0.911764705882353,34,0.800983003018156,40,0.668770031489735,40
"1461.5","1245343",0.95,0.975,40,0.973684210526316,38,0.740384478352745,40,0.705713425721166,40
"1462.5","1245361",0.95,0.95,40,0.944444444444444,36,0.612483475201704,40,0.55165014186837,40
"1463.5","1245374",0.95,0.95,40,0.944444444444444,36,0.659662321274334,40,0.590660033477211,40
"1464.5","1245429",0.95,0.95,40,0.945945945945946,37,0.512527168501433,40,0.4745063351681,40
"1465.5","1245513",0.95,0.925,40,0.916666666666667,36,0.530923734814034,39,0.472234276124575,39
"1466.5","1246625",0.95,0.875,40,0.838709677419355,31,0.514400834892506,40,0.392945539223939,40
"1467.5","1246632",0.95,0.9,40,0.875,32,0.65368006345694,40,0.499359335165623,40
"1468.5","1246636",0.95,0.925,40,0.971428571428571,35,0.612379881902321,39,0.567016978676515,39
"1469.5","1246785",0.95,0.925,40,0.911764705882353,34,0.449924929885614,40,0.352903396326153,40
"1470.5","1246803",0.95,0.95,40,0.944444444444444,36,0.687025380582024,40,0.614734557370148,40
"1471.5","1246814",0.95,1,40,1,40,0.694825814775449,40,0.694825814775449,40
"1472.5","1246820",0.95,0.9,40,0.882352941176471,34,0.494856691397175,40,0.417470256560082,40
"1473.5","1246896",0.95,1,40,1,40,0.359024417345642,40,0.359024417345642,40
"1474.5","1248257",0.95,0.975,40,0.973684210526316,38,0.479783147131906,40,0.459529136436719,40
"1475.5","1248258",0.95,0.925,40,0.942857142857143,35,0.688734903775621,40,0.614470380189451,40
"1476.5","1248265",0.95,1,40,1,40,0.686599508651975,40,0.686599508651975,40
"1477.5","1248267",0.95,0.95,40,0.944444444444444,36,0.647377847003368,40,0.572996053525107,40
"1478.5","1248275",0.95,0.975,40,0.973684210526316,38,0.798897697039359,40,0.762269790062615,40
"1479.5","1248285",0.95,1,40,1,40,0.667899370455532,40,0.667899370455532,40
"1480.5","1248305",0.95,0.925,40,0.911764705882353,34,0.601690406367826,40,0.504916212819439,40
"1481.5","1248306",0.95,0.9,40,0.909090909090909,33,0.569629631357136,40,0.488060478947576,40
"1482.5","1248310",0.95,0.9,40,0.909090909090909,33,0.492737423874357,40,0.406355915109509,40
"1483.5","1248337",0.95,0.95,40,0.945945945945946,37,0.871554116558742,40,0.803515263644773,40
"1484.5","1248373",0.95,0.944444444444444,36,0.96969696969697,33,0.24509146923207,40,0.228424802565403,40
"1485.5","1249372",0.95,0.875,40,0.9,30,0.585756635328874,40,0.466726512364928,40
"1486.5","1249391",0.95,0.975,40,0.973684210526316,38,0.658338725573766,40,0.626037698616128,40
"1487.5","1249396",0.95,0.95,40,0.972972972972973,37,0.64412706611662,40,0.613529817836444,40
"1488.5","1249406",0.95,0.95,40,0.945945945945946,37,0.552176256505981,40,0.508229270581868,40
"1489.5","1249466",0.95,1,40,1,40,0.598232491236461,40,0.598232491236461,40
"1490.5","1249580",0.95,1,40,1,40,0.733212943387362,40,0.733212943387362,40
"1491.5","1249581",0.95,0.975,40,0.973684210526316,38,0.698336534548416,40,0.659627430707734,40
"1492.5","1249601",0.95,0.975,40,0.973684210526316,38,0.677182900206156,40,0.647182900206156,40
"1493.5","1249623",0.95,0.95,40,0.944444444444444,36,0.683199884880876,40,0.612330153696433,40
"1494.5","1249631",0.95,0.975,40,0.975,40,0.641763557438314,40,0.641763557438314,40
"1495.5","1249663",0.95,0.875,40,0.833333333333333,30,0.486931826641235,40,0.349310467829682,40
"1496.5","1249669",0.95,0.975,40,0.973684210526316,38,0.549576660751017,40,0.526299884504993,40
"1497.5","1249698",0.95,0.95,40,0.944444444444444,36,0.540479005257036,40,0.479379313382888,40
"1498.5","1249723",0.95,0.95,40,0.944444444444444,36,0.427844618976959,40,0.386565090600657,40
"1499.5","1249819",0.95,1,12,1,12,0.088890392015392,36,0.088890392015392,36
"1500.5","1249821",0.95,1,24,1,24,0.102351673524274,40,0.102351673524274,40
"1501.5","1249860",0.95,0.925,40,0.942857142857143,35,0.571103455057617,40,0.510345198551607,40
"1502.5","1249885",0.95,0.95,40,0.944444444444444,36,0.425824454031972,40,0.382094295301813,40
"1503.5","1249888",0.95,0.975,40,0.973684210526316,38,0.61003656330312,39,0.581914148083931,39
"1504.5","1249889",0.95,0.925,40,0.911764705882353,34,0.56093416318782,39,0.479203393957051,39
"1505.5","1249896",0.95,0.975,40,0.973684210526316,38,0.546718373786215,40,0.518484108051949,40
"1506.5","1249933",0.95,1,1,1,1,0.0025,40,0.0025,40
"1507.5","1249935",0.95,0.825,40,0.857142857142857,28,0.499229306805881,40,0.356458918987989,40
"1508.5","1249975",0.95,0.846153846153846,39,0.821428571428571,28,0.292363130791923,39,0.198104611533404,39
"1509.5","1249982",0.95,0.95,40,0.944444444444444,36,0.638080951283776,40,0.568569673088287,40
"1510.5","1250044",0.95,0.975,40,0.973684210526316,38,0.56910144537391,40,0.548979494154398,40
"1511.5","1250072",0.95,0.9,40,0.909090909090909,33,0.58343932384585,40,0.487514954097951,40
"1512.5","1250073",0.95,0.925,40,0.941176470588235,34,0.558063609818174,40,0.477992308570402,40
"1513.5","1250140",0.95,NA,0,NA,0,0,10,0,10
"1514.5","1250169",0.95,NA,0,NA,0,0,15,0,15
"1515.5","1250174",0.95,0.975,40,0.973684210526316,38,0.719954507293113,40,0.68204274258723,40
"1516.5","1250176",0.95,1,40,1,40,0.688904751197755,40,0.688904751197755,40
"1517.5","1250183",0.95,0.95,40,0.944444444444444,36,0.610108757589564,40,0.549856926087732,40
"1518.5","1250188",0.95,0.95,40,0.944444444444444,36,0.559264309187324,40,0.503051921006245,40
"1519.5","1250232",0.95,0.875,40,0.838709677419355,31,0.581199727401744,40,0.442164801426029,40
"1520.5","1250237",0.95,0.925,40,0.911764705882353,34,0.386393482031025,40,0.322718439983414,40
"1521.5","1250240",0.95,0.95,40,0.944444444444444,36,0.699931426872216,40,0.630252132192922,40
"1522.5","1250243",0.95,0.925,40,0.942857142857143,35,0.586125712215108,40,0.520447976208425,40
"1523.5","1250247",0.95,1,40,1,40,0.672293878812653,40,0.672293878812653,40
"1524.5","1250249",0.95,1,40,1,40,0.877149582478321,40,0.877149582478321,40
"1525.5","1250263",0.95,0.925,40,0.911764705882353,34,0.792876965772433,40,0.661493987049029,40
"1526.5","1250273",0.95,0.975,40,0.973684210526316,38,0.642952425060095,40,0.605630487738158,40
"1527.5","1250276",0.95,0.95,40,0.944444444444444,36,0.719155409843513,40,0.646138180688663,40
"1528.5","1250277",0.95,1,40,1,40,0.818243781530438,40,0.818243781530438,40
"1529.5","1250282",0.95,1,40,1,40,0.64832475776086,40,0.64832475776086,40
"1530.5","1250437",0.95,0.975,40,0.973684210526316,38,0.750853633466954,40,0.711704697296742,40
"1531.5","1250480",0.95,0.875,40,0.870967741935484,31,0.551855993711617,39,0.439741604715507,39
"1532.5","1250518",0.95,0.975,40,0.973684210526316,38,0.691763214947179,40,0.65787432605829,40
"1533.5","1250520",0.95,0.95,40,0.947368421052632,38,0.669626204053321,40,0.635737315164432,40
"1534.5","1250557",0.95,0.875,40,0.833333333333333,30,0.490827946360424,38,0.340069245171969,38
"1535.5","1250583",0.95,0.925,40,0.911764705882353,34,0.533903792784459,40,0.441570305272896,40
"1536.5","1250594",0.95,0.925,40,0.911764705882353,34,0.546912580943571,40,0.453561517113784,40
"1537.5","1250601",0.95,0.925,40,0.911764705882353,34,0.533279370952821,40,0.441489361702128,40
"1538.5","1250604",0.95,0.95,40,0.944444444444444,36,0.567648663393344,39,0.504566047581774,39
"1539.5","1250605",0.95,0.925,40,0.911764705882353,34,0.580249768732655,40,0.480585106382979,40
"1540.5","1250619",0.95,0.925,40,0.911764705882353,34,0.576584181313599,40,0.477994912118409,40
"1541.5","1250620",0.95,0.95,40,0.944444444444444,36,0.636080689922712,40,0.567787442929187,40
"1542.5","1250622",0.95,0.925,40,0.911764705882353,34,0.49817358096729,39,0.409615977608577,39
"1543.5","1250656",0.95,0.925,40,0.911764705882353,34,0.544151248843663,40,0.450430157261795,40
"1544.5","1252548",0.95,0.875,40,0.875,32,0.378437711299775,39,0.306563840061113,39
"1545.5","1252552",0.95,0.95,40,0.944444444444444,36,0.625275603985558,40,0.560668269641382,40
"1546.5","1252561",0.95,1,40,1,40,0.71012726638529,40,0.71012726638529,40
"1547.5","1252570",0.95,0.975,40,0.973684210526316,38,0.754394930280849,40,0.715441441908756,40
"1548.5","1252576",0.95,0.925,40,0.941176470588235,34,0.668378982563091,39,0.566712315896424,39
"1549.5","1252579",0.95,0.925,40,0.911764705882353,34,0.767138924600283,40,0.633892091550557,40
"1550.5","1252601",0.95,0.925,40,0.941176470588235,34,0.527616783339333,38,0.440865115173191,38
"1551.5","1252608",0.95,0.95,40,0.944444444444444,36,0.361082372662253,40,0.325522027834667,40
"1552.5","1252611",0.95,1,40,1,40,0.67977610356126,40,0.67977610356126,40
"1553.5","1252622",0.95,0.95,40,0.947368421052632,38,0.631936935512271,40,0.597214713290049,40
"1554.5","1252636",0.95,1,40,1,40,0.716222185056919,40,0.716222185056919,40
"1555.5","1252642",0.95,0.85,40,0.838709677419355,31,0.391029453751344,40,0.292167938014828,40
"1556.5","1252652",0.95,0.975,40,0.973684210526316,38,0.461648679563776,40,0.434904493517264,40
"1557.5","1252654",0.95,0.975,40,0.973684210526316,38,0.407166889724787,40,0.386575491875325,40
"1558.5","1252664",0.95,NA,0,NA,0,0,6,0,6
"1559.5","1252698",0.95,NA,0,NA,0,0,24,0,24
"1560.5","1252702",0.95,NA,0,NA,0,0,22,0,22
"1561.5","1252751",0.95,1,40,1,40,0.775128361507876,40,0.775128361507876,40
"1562.5","1252905",0.95,0.95,40,0.944444444444444,36,0.557841616968971,38,0.500615217637308,38
"1563.5","1252918",0.95,0.875,16,0.923076923076923,13,0.0157483326486131,39,0.0130417799420604,39
"1564.5","1252934",0.95,0.925,40,0.911764705882353,34,0.67752782591676,40,0.54776406901378,40
"1565.5","1252937",0.95,0.975,40,0.973684210526316,38,0.527261532728532,40,0.505026390609669,40
"1566.5","1252981",0.95,0.975,40,0.973684210526316,38,0.551629491319582,40,0.524176286554976,40
"1567.5","1253",0.95,0.925,40,0.911764705882353,34,0.530729903091123,40,0.441927846407969,40
"1568.5","1253029",0.95,0.975,40,0.973684210526316,38,0.572281509097975,40,0.541940600007066,40
"1569.5","1253059",0.95,0.925,40,0.911764705882353,34,0.553680403422227,40,0.473054392796216,40
"1570.5","1253090",0.95,0.95,40,0.944444444444444,36,0.570512835034881,40,0.500956383421978,40
"1571.5","1253117",0.95,0.95,40,0.944444444444444,36,0.530179170350543,39,0.476850715859297,39
"1572.5","1253135",0.95,0.925,40,0.911764705882353,34,0.497288645951252,39,0.403561859916774,39
"1573.5","1253143",0.95,0.925,40,0.916666666666667,36,0.68415272674179,40,0.615629541257919,40
"1574.5","1253153",0.95,0.95,40,0.944444444444444,36,0.507376609825148,40,0.467777576791628,40
"1575.5","1253187",0.95,1,27,1,27,0.16951373378973,40,0.16951373378973,40
"1576.5","1253192",0.95,0.975,40,0.973684210526316,38,0.488498657463644,39,0.462930891895878,39
"1577.5","1253253",0.95,0.925,40,0.941176470588235,34,0.507408987357457,39,0.4485159424179,39
"1578.5","1253255",0.95,0.975,40,0.973684210526316,38,0.580048780290862,40,0.554134146144521,40
"1579.5","1253279",0.95,0.975,40,0.973684210526316,38,0.564943873719519,40,0.534932799522399,40
"1580.5","1253291",0.95,0.975,40,0.973684210526316,38,0.504859631300327,40,0.480953381300327,40
"1581.5","1253294",0.95,1,40,1,40,0.528852710292947,40,0.528852710292947,40
"1582.5","1253300",0.95,0.9,40,0.90625,32,0.538393965294451,40,0.430284362033685,40
"1583.5","1253302",0.95,0.975,40,0.973684210526316,38,0.556054147445306,40,0.524093920172578,40
"1584.5","1253306",0.95,0.925,40,0.911764705882353,34,0.530120499239742,40,0.456821468907246,40
"1585.5","1253308",0.95,1,40,1,40,0.648548333905808,40,0.648548333905808,40
"1586.5","1253313",0.95,0.975,40,0.973684210526316,38,0.593121635278162,40,0.557894362550889,40
"1587.5","1253327",0.95,0.95,40,0.944444444444444,36,0.58541916731553,40,0.52735639675276,40
"1588.5","1253329",0.95,1,40,1,40,0.619535429704565,40,0.619535429704565,40
"1589.5","1253333",0.95,1,40,1,40,0.719530187242237,40,0.719530187242237,40
"1590.5","1253348",0.95,0.925,40,0.911764705882353,34,0.630575439063318,39,0.525251990623077,39
"1591.5","1253353",0.95,0.975,40,0.973684210526316,38,0.648416256357109,40,0.621143529084381,40
"1592.5","1253367",0.95,0.95,40,0.944444444444444,36,0.60262130204985,40,0.54030767268432,40
"1593.5","1253370",0.95,0.975,40,0.973684210526316,38,0.659231310798313,39,0.629700763825906,39
"1594.5","1253378",0.95,0.875,40,0.838709677419355,31,0.496574141176695,39,0.367846922778982,39
"1595.5","1253385",0.95,0.95,40,0.944444444444444,36,0.623374981370178,39,0.559294425339711,39
"1596.5","1253392",0.95,0.95,40,0.944444444444444,36,0.553716622043933,40,0.501985355894062,40
"1597.5","1253399",0.95,0.95,40,0.944444444444444,36,0.631332309281981,40,0.564476988004421,40
"1598.5","1253439",0.95,NA,0,NA,0,0,35,0,35
"1599.5","1253444",0.95,0.95,40,0.945945945945946,37,0.647691936113677,40,0.593160404582146,40
"1600.5","1253449",0.95,0.95,40,0.944444444444444,36,0.491387081804779,40,0.442112051279748,40
"1601.5","1253468",0.95,0.875,40,0.9375,32,0.657577615160094,38,0.558176107952797,38
"1602.5","1253479",0.95,0.85,40,0.90625,32,0.606222147861572,40,0.532125509206109,40
"1603.5","1253484",0.95,0.925,40,0.911764705882353,34,0.467281608060009,39,0.397671111030157,39
"1604.5","1253497",0.95,0.85,40,0.862068965517241,29,0.666875678575936,40,0.497621631168451,40
"1605.5","1253557",0.95,1,40,1,40,0.649079877235011,40,0.649079877235011,40
"1606.5","1253561",0.95,0.975,40,0.973684210526316,38,0.489486649979625,40,0.46723055241865,40
"1607.5","1253568",0.95,0.925,40,0.911764705882353,34,0.419242238056075,38,0.338638631136679,38
"1608.5","1253569",0.95,0.975,40,0.975,40,0.739493103795429,40,0.739493103795429,40
"1609.5","1253574",0.95,0.95,40,0.945945945945946,37,0.22410341292965,39,0.198880772322394,39
"1610.5","1253577",0.95,0.925,40,0.911764705882353,34,0.309480602145377,40,0.261057161404372,40
"1611.5","1253601",0.95,0.95,40,0.972972972972973,37,0.353415346114764,39,0.334611927311345,39
"1612.5","1253604",0.95,0.891891891891892,37,0.9,30,0.131403511540732,39,0.094709335271657,39
"1613.5","1254542",0.95,0.95,40,0.944444444444444,36,0.825646304178913,40,0.737869455423803,40
"1614.5","1254562",0.95,0.95,40,0.944444444444444,36,0.745184870388359,40,0.666018029128494,40
"1615.5","1254565",0.95,0.925,40,0.942857142857143,35,0.559974747474748,40,0.50489898989899,40
"1616.5","1254576",0.95,0.975,40,0.973684210526316,38,0.732234299516908,40,0.694275362318841,40
"1617.5","1254587",0.95,0.925,40,0.972222222222222,36,0.665863117204799,39,0.632420206838812,39
"1618.5","1254589",0.95,1,40,1,40,0.812768784047692,40,0.812768784047692,40
"1619.5","1254591",0.95,1,40,1,40,0.697979920173663,40,0.697979920173663,40
"1620.5","1254988",0.95,NA,0,NA,0,0,3,0,3
"1621.5","1254990",0.95,0.975,40,0.973684210526316,38,0.578713578058816,40,0.546310522829674,40
"1622.5","1255003",0.95,1,1,1,1,0.0111111111111111,30,0.0111111111111111,30
"1623.5","1255030",0.95,0.95,40,0.944444444444444,36,0.660072076043514,40,0.591836583465916,40
"1624.5","1255043",0.95,0.975,40,0.973684210526316,38,0.716760522246334,40,0.68106607780189,40
"1625.5","1255062",0.95,0.725,40,0.923076923076923,26,0.577808577860472,33,0.498443498495393,33
"1626.5","1255088",0.95,1,40,1,40,0.442616677220063,40,0.442616677220063,40
"1627.5","1255089",0.95,0.948717948717949,39,0.942857142857143,35,0.360702540769058,38,0.339399047514345,38
"1628.5","1255095",0.95,0.975,40,0.973684210526316,38,0.384980621796417,40,0.362435978939274,40
"1629.5","1255115",0.95,NA,0,NA,0,0,3,0,3
"1630.5","1255120",0.95,1,40,1,40,0.736251567820152,40,0.736251567820152,40
"1631.5","1255124",0.95,1,33,1,33,0.175796374248387,40,0.175796374248387,40
"1632.5","1255431",0.95,0.95,40,0.944444444444444,36,0.590838798042098,40,0.534986084863804,40
"1633.5","1255584",0.95,0.825,40,0.777777777777778,27,0.382496935982786,40,0.211605612637515,40
"1634.5","1255585",0.95,0.875,40,0.903225806451613,31,0.364461431411396,40,0.298032462075282,40
"1635.5","1255592",0.95,0.85,40,0.866666666666667,30,0.366952880482287,40,0.278872007651414,40
"1636.5","1255623",0.95,1,40,1,40,0.676008453253656,40,0.676008453253656,40
"1637.5","1255666",0.95,0.925,40,0.944444444444444,36,0.648643207803144,40,0.596903126375563,40
"1638.5","1255674",0.95,1,40,1,40,0.581723136680083,40,0.581723136680083,40
"1639.5","1256843",0.95,0.85,40,0.821428571428571,28,0.25469237765727,38,0.156199604221705,38
"1640.5","1257419",0.95,0.925,40,0.941176470588235,34,0.60239957788671,40,0.530193695533769,40
"1641.5","1257450",0.95,0.95,40,0.944444444444444,36,0.720082465696647,40,0.646949153813336,40
"1642.5","1258410",0.95,0.925,40,0.916666666666667,36,0.648559343254358,40,0.57816975596783,40
"1643.5","1258447",0.95,0.975,40,0.973684210526316,38,0.542766848424506,39,0.515960321617979,39
"1644.5","1258456",0.95,0.95,40,0.944444444444444,36,0.548162032673426,40,0.493372655384048,40
"1645.5","1258461",0.95,0.9,40,0.875,32,0.557274609914809,40,0.443753213371341,40
"1646.5","1258464",0.95,1,40,1,40,0.727272493704008,40,0.727272493704008,40
"1647.5","1258468",0.95,1,40,1,40,0.789446590192123,40,0.789446590192123,40
"1648.5","1258486",0.95,1,40,1,40,0.784089751391992,40,0.784089751391992,40
"1649.5","1258632",0.95,0.925,40,0.945945945945946,37,0.592967470261203,40,0.56447909816818,40
"1650.5","1258635",0.95,0.95,40,0.944444444444444,36,0.837890245156399,40,0.747805346101667,40
"1651.5","1258638",0.95,0.95,40,0.944444444444444,36,0.756047391349433,40,0.678080219632262,40
"1652.5","1258639",0.95,1,40,1,40,0.541493950120098,40,0.541493950120098,40
"1653.5","1258640",0.95,0.975,40,0.973684210526316,38,0.607165186696381,40,0.575629238983962,40
"1654.5","1258652",0.95,0.9,40,0.875,32,0.537420465273328,39,0.402347205200068,39
"1655.5","1258655",0.95,0.9,40,0.909090909090909,33,0.585121531685412,40,0.494407245971126,40
"1656.5","1258667",0.95,0.9,40,0.875,32,0.629271479294699,40,0.486830081683023,40
"1657.5","1258682",0.95,0.95,40,0.944444444444444,36,0.716817601011609,40,0.639624253818262,40
"1658.5","1258708",0.95,0.925,40,0.911764705882353,34,0.574672195747801,40,0.476766984359726,40
"1659.5","1258716",0.95,0.925,40,0.911764705882353,34,0.605415484971025,40,0.513251619424806,40
"1660.5","1258742",0.95,0.925,40,0.911764705882353,34,0.575602141313348,40,0.47904568053275,40
"1661.5","1258992",0.95,1,40,1,40,0.822672996272516,40,0.822672996272516,40
"1662.5","1260022",0.95,1,39,1,39,0.474141295109877,40,0.474141295109877,40
"1663.5","1260077",0.95,0.95,40,0.947368421052632,38,0.532179757760866,40,0.500800447416039,40
"1664.5","1260272",0.95,1,40,1,40,0.934424144310823,40,0.934424144310823,40
"1665.5","1261701",0.95,0.95,40,0.944444444444444,36,0.71040431340898,40,0.633440281708107,40
"1666.5","1261741",0.95,0.975,40,0.973684210526316,38,0.503629495504496,40,0.477493131868132,40
"1667.5","1261779",0.95,0.95,40,0.944444444444444,36,0.51359212978795,40,0.443262064428473,40
"1668.5","1261786",0.95,0.875,40,0.833333333333333,30,0.554640459149554,37,0.383609688118783,37
"1669.5","1261791",0.95,0.9,40,0.875,32,0.516169376523067,40,0.380289453613732,40
"1670.5","1261794",0.95,0.85,40,0.857142857142857,28,0.364158518748362,40,0.27643145594048,40
"1671.5","1261796",0.95,0.825,40,0.9,30,0.350885220898299,38,0.286120012084835,38
"1672.5","1261828",0.95,0.975,40,0.973684210526316,38,0.534635027878538,40,0.509912805656316,40
"1673.5","1261851",0.95,0.9,40,0.909090909090909,33,0.545520555278691,40,0.447956676068471,40
"1674.5","1261887",0.95,0.975,40,0.973684210526316,38,0.697982089813095,40,0.656951922932479,40
"1675.5","1261895",0.95,0.925,40,0.971428571428571,35,0.699456148661651,40,0.650739845709148,40
"1676.5","1261896",0.95,0.95,40,0.944444444444444,36,0.693138631679596,40,0.618060457820935,40
"1677.5","1270483",0.95,0.925,40,0.911764705882353,34,0.6451144773358,40,0.538737280296022,40
"1678.5","1270486",0.95,1,40,1,40,0.786413043478261,40,0.786413043478261,40
"1679.5","1270489",0.95,0.925,40,0.911764705882353,34,0.560316773450646,40,0.477933029933181,40
"1680.5","1270500",0.95,0.9,40,0.90625,32,0.537646630573109,40,0.431918150116368,40
"1681.5","1270501",0.95,0.975,40,0.973684210526316,38,0.705289855072464,40,0.668714924452667,40
"1682.5","1270511",0.95,0.9,40,0.875,32,0.59412246890739,40,0.456132439099599,40
"1683.5","1272147",0.95,0.894736842105263,38,0.866666666666667,30,0.256478110974466,40,0.204895378100614,40
"1684.5","1272173",0.95,1,40,1,40,0.742530330848622,40,0.742530330848622,40
"1685.5","1272177",0.95,0.975,40,0.973684210526316,38,0.639866395352596,40,0.606313763773648,40
"1686.5","1273417",0.95,0.875,40,0.866666666666667,30,0.582180762311692,40,0.428513033673316,40
"1687.5","1273421",0.95,0.975,40,0.973684210526316,38,0.679585930417328,40,0.642085930417328,40
"1688.5","1273424",0.95,0.875,40,0.833333333333333,30,0.436668488872326,39,0.321743498745723,39
"1689.5","1273433",0.95,0.925,40,0.941176470588235,34,0.583009757379717,40,0.512396776610486,40
"1690.5","1273443",0.95,0.85,40,0.821428571428571,28,0.510639562205191,39,0.338503641951918,39
"1691.5","1273483",0.95,0.975,40,0.973684210526316,38,0.759084066908767,40,0.720959066908767,40
"1692.5","1273494",0.95,0.948717948717949,39,0.942857142857143,35,0.3721186356027,39,0.336799859551165,39
"1693.5","1273495",0.95,0.923076923076923,39,0.939393939393939,33,0.386763073289478,39,0.349903606409727,39
"1694.5","1273503",0.95,0.9,40,0.90625,32,0.643420528946898,40,0.522997473300158,40
"1695.5","1273510",0.95,0.95,40,0.944444444444444,36,0.537052048659373,38,0.479815206554109,38
"1696.5","1273516",0.95,1,40,1,40,0.664636114830523,40,0.664636114830523,40
"1697.5","1273533",0.95,0.9,40,0.909090909090909,33,0.650512470404944,39,0.549111519205605,39
"1698.5","1273538",0.95,0.95,40,0.945945945945946,37,0.591380142206785,39,0.532783995805761,39
"1699.5","1273540",0.95,0.9,40,0.90625,32,0.587980275977189,40,0.468460045843711,40
"1700.5","1273549",0.95,0.95,40,0.944444444444444,36,0.729750278906941,40,0.649336970862054,40
"1701.5","1274868",0.95,0.9,40,0.90625,32,0.477683853322945,39,0.367353884297961,39
"1702.5","1274905",0.95,0.95,40,0.944444444444444,36,0.658452799258817,40,0.585952799258816,40
"1703.5","1276512",0.95,0.973684210526316,38,0.972222222222222,36,0.356770964262551,40,0.334003107119694,40
"1704.5","1276526",0.95,0.925,40,0.911764705882353,34,0.680573543015726,40,0.568339500462535,40
"1705.5","1276531",0.95,0.925,40,0.911764705882353,34,0.750168297885689,40,0.626931582909844,40
"1706.5","1276532",0.95,0.95,40,0.944444444444444,36,0.379894118261426,40,0.326057736147605,40
"1707.5","1276547",0.95,0.95,40,0.944444444444444,36,0.492803952151936,40,0.439711617657162,40
"1708.5","1276580",0.95,0.975,40,0.973684210526316,38,0.445811401476769,39,0.423222878888247,39
"1709.5","1276589",0.95,0.825,40,0.866666666666667,30,0.502218824186566,40,0.386392931329423,40
"1710.5","1276846",0.95,0.975,40,0.973684210526316,38,0.518322119239948,40,0.491049391967221,40
"1711.5","1277085",0.95,0.95,40,0.944444444444444,36,0.529645053001205,39,0.480340589062595,39
"1712.5","1277092",0.95,0.925,40,0.941176470588235,34,0.601482754713515,40,0.512195893212953,40
"1713.5","1277093",0.95,0.95,40,0.947368421052632,38,0.558866499832843,40,0.530747812964157,40
"1714.5","1277117",0.95,0.875,40,0.903225806451613,31,0.518062868464955,40,0.420198285131621,40
"1715.5","1277118",0.95,0.95,40,0.944444444444444,36,0.538910747372286,39,0.485297693759232,39
"1716.5","1277132",0.95,0.925,40,0.911764705882353,34,0.643939774191262,40,0.547165476397227,40
"1717.5","1277136",0.95,0.95,40,0.972222222222222,36,0.487836507620996,40,0.455780758492076,40
"1718.5","1277181",0.95,0.95,40,0.944444444444444,36,0.464480777887623,40,0.430029558375428,40
"1719.5","1277184",0.95,0.975,40,0.973684210526316,38,0.576814709315847,40,0.549027547153685,40
"1720.5","1277214",0.95,0.95,40,0.944444444444444,36,0.549916740507173,39,0.50145131704175,39
"1721.5","1278493",0.95,0.909090909090909,33,0.888888888888889,27,0.159454253891272,35,0.122804145167431,35
"1722.5","1279313",0.95,0.95,40,0.944444444444444,36,0.686595192346664,40,0.62585355785503,40
"1723.5","1282110",0.95,0.85,40,0.875,32,0.281157797396515,39,0.243063562304156,39
"1724.5","1282133",0.95,1,4,1,4,0.037037037037037,36,0.037037037037037,36
"1725.5","1284",0.95,0.925,40,0.941176470588235,34,0.547297889118206,39,0.486501342837788,39
"1726.5","1285646",0.95,0.95,40,0.945945945945946,37,0.470275485642883,40,0.444438016660253,40
"1727.5","1285709",0.95,0.85,40,0.838709677419355,31,0.558105752758827,40,0.423800116200785,40
"1728.5","1286227",0.95,0.875,40,0.870967741935484,31,0.588397067497323,40,0.445488789350814,40
"1729.5","1286768",0.95,0.9,40,0.90625,32,0.438024336774337,40,0.36120115995116,40
"1730.5","1288",0.95,0.9,40,0.875,32,0.540633964191352,40,0.422365145108388,40
"1731.5","1288454",0.95,0.916666666666667,36,0.9,30,0.317859095483053,38,0.260390863499585,38
"1732.5","1288911",0.95,0.885714285714286,35,0.862068965517241,29,0.207828981380901,35,0.161286243073457,35
"1733.5","1289083",0.95,0.8,40,0.769230769230769,26,0.546115870762078,40,0.341875902693127,40
"1734.5","1289990",0.95,0.95,40,0.944444444444444,36,0.507807131533825,40,0.459730108316999,40
"1735.5","1290866",0.95,0.918918918918919,37,0.903225806451613,31,0.324586907377122,35,0.26906413305,35
"1736.5","1291246",0.95,1,6,1,6,0.0447008547008547,40,0.0447008547008547,40
"1737.5","1292217",0.95,1,1,1,1,0.003125,32,0.003125,32
"1738.5","1292839",0.95,0.875,40,0.84375,32,0.507442973692974,40,0.375248223998224,40
"1739.5","1292876",0.95,0.888888888888889,36,0.857142857142857,28,0.301759876896707,34,0.23698615806251,34
"1740.5","1294",0.95,0.85,40,0.785714285714286,28,0.425777102981261,40,0.289554107360087,40
"1741.5","1295291",0.95,0.875,40,0.870967741935484,31,0.4641172947094,40,0.357172850264955,40
"1742.5","1296047",0.95,0.9,40,0.909090909090909,33,0.22402811446487,36,0.182196906457191,36
"1743.5","1296206",0.95,0.871794871794872,39,0.903225806451613,31,0.26311747212167,38,0.225018184256945,38
"1744.5","1296657",0.95,0.9,40,0.875,32,0.577701966269223,40,0.434315902008545,40
"1745.5","1296879",0.95,0.868421052631579,38,0.870967741935484,31,0.299540231702944,36,0.246487913650626,36
"1746.5","1297",0.95,0.9,40,0.875,32,0.462000773993808,40,0.34609713622291,40
"1747.5","1298",0.95,0.975,40,0.973684210526316,38,0.598266088738835,40,0.569150235080299,40
"1748.5","1298804",0.95,0.891891891891892,37,0.896551724137931,29,0.243024172110756,40,0.181858147088307,40
"1749.5","1298805",0.95,0.921052631578947,38,0.90625,32,0.288870378122729,40,0.236036799188407,40
"1750.5","1299211",0.95,0.871794871794872,39,0.903225806451613,31,0.277814715157642,36,0.237800097365246,36
"1751.5","1299851",0.95,NA,0,NA,0,0,37,0,37
"1752.5","1299861",0.95,0.914285714285714,35,0.896551724137931,29,0.31170482558751,34,0.258833903339665,34
"1753.5","1300442",0.95,0.85,40,0.833333333333333,30,0.51722434390771,40,0.387545995295538,40
"1754.5","1301034",0.95,0.925,40,0.941176470588235,34,0.578765094468867,40,0.501732266186039,40
"1755.5","1301151",0.95,0.925,40,0.911764705882353,34,0.505336297542055,40,0.41838368316297,40
"1756.5","1301506",0.95,0.925,40,0.972222222222222,36,0.49082217226116,40,0.467707778797929,40
"1757.5","1301508",0.95,0.975,40,0.973684210526316,38,0.915401891252955,40,0.868593380614657,40
"1758.5","1301745",0.95,0.95,40,0.945945945945946,37,0.664129920205367,40,0.601501116819182,40
"1759.5","1302042",0.95,0.95,40,0.972972972972973,37,0.569588290978733,39,0.531376627579663,39
"1760.5","1302826",0.95,0.871794871794872,39,0.875,32,0.319841224389937,35,0.270535687188932,35
"1761.5","1302943",0.95,0.871794871794872,39,0.875,32,0.321574982945935,35,0.275095577619209,35
"1762.5","1303132",0.95,0.825,40,0.821428571428571,28,0.552722072029166,40,0.393586364862624,40
"1763.5","1303600",0.95,0.871794871794872,39,0.903225806451613,31,0.244476101043288,35,0.205363073358832,35
"1764.5","1304219",0.95,0.894736842105263,38,0.903225806451613,31,0.313750217424294,39,0.262321050536603,39
"1765.5","1304919",0.95,0.897435897435897,39,0.90625,32,0.275055121275917,36,0.238411675792607,36
"1766.5","1304923",0.95,0.875,40,0.90625,32,0.252589649531252,36,0.214430278038547,36
"1767.5","1305993",0.95,0.9,40,0.909090909090909,33,0.354026429881693,40,0.299095290759377,40
"1768.5","1306056",0.95,0.9,40,0.875,32,0.568560298889358,40,0.441092184988317,40
"1769.5","1307578",0.95,0.875,40,0.870967741935484,31,0.572177880975246,40,0.439565460072269,40
"1770.5","1308093",0.95,0.888888888888889,36,0.866666666666667,30,0.276614412982124,35,0.234770066424155,35
"1771.5","1308695",0.95,0.925,40,0.911764705882353,34,0.460153084797369,40,0.391529249398822,40
"1772.5","1309",0.95,0.975,40,0.973684210526316,38,0.500967731278951,39,0.480804711115931,39
"1773.5","1311403",0.95,0.9,40,0.909090909090909,33,0.317324707089567,39,0.268758541822363,39
"1774.5","1311708",0.95,0.914285714285714,35,0.896551724137931,29,0.278059130932974,36,0.240425807954823,36
"1775.5","1313314",0.95,0.916666666666667,36,0.9,30,0.300728187622653,36,0.247547273806659,36
"1776.5","1313777",0.95,0.975,40,0.973684210526316,38,0.872054588404915,40,0.827292947606688,40
"1777.5","1313822",0.95,1,40,1,40,0.960615171137835,40,0.960615171137835,40
"1778.5","1314378",0.95,0.95,40,0.944444444444444,36,0.530177154450973,39,0.469897891230533,39
"1779.5","1314384",0.95,0.95,40,0.944444444444444,36,0.427881758771533,40,0.380328848718623,40
"1780.5","1314385",0.95,0.95,40,0.944444444444444,36,0.698708904519211,40,0.623708904519211,40
"1781.5","1330545",0.95,0.975,40,0.973684210526316,38,0.664482865233725,40,0.632043251707155,40
"1782.5","1330570",0.95,0.925,40,0.911764705882353,34,0.603646081516575,40,0.506536678900809,40
"1783.5","1330620",0.95,0.95,40,0.944444444444444,36,0.670934781421668,40,0.598350240358866,40
"1784.5","1330627",0.95,0.95,40,0.944444444444444,36,0.353355577699969,40,0.325278132047795,40
"1785.5","1330635",0.95,1,40,1,40,0.311720431625649,40,0.311720431625649,40
"1786.5","1330642",0.95,0.875,40,0.866666666666667,30,0.387537040825437,39,0.291224486573775,39
"1787.5","1330659",0.95,0.9,40,0.875,32,0.346803994275643,40,0.273785095926829,40
"1788.5","1330740",0.95,0.95,40,0.944444444444444,36,0.337114141469985,40,0.296050793053696,40
"1789.5","1330757",0.95,0.9,40,0.909090909090909,33,0.349984476805743,40,0.296718988424156,40
"1790.5","1330764",0.95,0.875,40,0.833333333333333,30,0.325997020109705,40,0.21121025886253,40
"1791.5","1330798",0.95,0.875,40,0.866666666666667,30,0.568411198968782,39,0.403782132062675,39
"1792.5","1330802",0.95,0.725,40,0.833333333333333,24,0.384605924871607,35,0.289782217876847,35
"1793.5","1330803",0.95,0.95,40,0.944444444444444,36,0.546451595076575,39,0.469946903187268,39
"1794.5","1330840",0.95,0.85,40,0.827586206896552,29,0.380687649610789,40,0.281943286335176,40
"1795.5","1330850",0.95,0.875,40,0.903225806451613,31,0.475109917108176,40,0.376989532590732,40
"1796.5","1330860",0.95,0.925,40,0.911764705882353,34,0.551762210588081,39,0.448429595490759,39
"1797.5","1330866",0.95,0.925,40,0.911764705882353,34,0.45784302998738,40,0.380366515021507,40
"1798.5","1330906",0.95,0.8,40,0.857142857142857,28,0.165842825097885,36,0.139625499746273,36
"1799.5","1330932",0.95,0.875,40,0.903225806451613,31,0.594536712708335,40,0.477927823936258,40
"1800.5","1330949",0.95,0.9,40,0.882352941176471,34,0.481838032039645,39,0.399356893106893,39
"1801.5","1331212",0.95,0.9,40,0.875,32,0.449367688495406,40,0.348506694097647,40
"1802.5","1331429",0.95,0.9,40,0.909090909090909,33,0.595871793875938,40,0.495142371754326,40
"1803.5","1331446",0.95,0.95,40,0.944444444444444,36,0.505465112373007,38,0.454948195079774,38
"1804.5","1331584",0.95,0.9,40,0.90625,32,0.668841264271372,39,0.534800014302702,39
"1805.5","1331634",0.95,0.975,40,0.973684210526316,38,0.473576994680696,40,0.449087488157724,40
"1806.5","1335679",0.95,1,40,1,40,0.74881334523314,40,0.74881334523314,40
"1807.5","1335703",0.95,1,40,1,40,0.747995486069853,40,0.747995486069853,40
"1808.5","1335708",0.95,0.975,40,0.973684210526316,38,0.751427488083201,40,0.712676224180269,40
"1809.5","1335709",0.95,1,40,1,40,0.780512683304825,40,0.780512683304825,40
"1810.5","1335715",0.95,0.8,10,0.857142857142857,7,0.0559894248371168,40,0.0319571667726007,40
"1811.5","1335717",0.95,0.958333333333333,24,0.954545454545455,22,0.1562269163203,40,0.151534834208863,40
"1812.5","1335722",0.95,1,8,1,8,0.0356193137824235,40,0.0356193137824235,40
"1813.5","1335745",0.95,0.857142857142857,14,0.8,10,0.0792090552658696,40,0.0570152788388082,40
"1814.5","1335759",0.95,1,4,1,4,0.0245266367137356,40,0.0245266367137356,40
"1815.5","1335842",0.95,0.975,40,0.973684210526316,38,0.446362806501941,40,0.422282538943412,40
"1816.5","1335849",0.95,1,40,1,40,0.786272844908715,40,0.786272844908715,40
"1817.5","1335850",0.95,0.975,40,0.973684210526316,38,0.675403122767238,40,0.637065872473466,40
"1818.5","1335854",0.95,0.9,40,0.875,32,0.748477711901625,40,0.585977711901625,40
"1819.5","1335859",0.95,0.95,40,0.944444444444444,36,0.915320947682187,40,0.819044351937506,40
"1820.5","1335889",0.95,0.875,40,0.833333333333333,30,0.48153691377028,38,0.350344096377335,38
"1821.5","1335900",0.95,0.9,40,0.909090909090909,33,0.524239114827824,40,0.440921564322774,40
"1822.5","1335943",0.95,0.875,40,0.870967741935484,31,0.519865129151374,40,0.397360088828793,40
"1823.5","1335951",0.95,0.95,40,0.944444444444444,36,0.543289123548509,40,0.47699432338743,40
"1824.5","1336216",0.95,1,40,1,40,0.702309059854178,40,0.702309059854178,40
"1825.5","1336362",0.95,0.95,40,0.972972972972973,37,0.700362602198961,40,0.662267364103723,40
"1826.5","1336363",0.95,1,40,1,40,0.790608045449225,40,0.790608045449225,40
"1827.5","1338223",0.95,0.9,40,0.90625,32,0.590919320299612,40,0.474622422752715,40
"1828.5","1338224",0.95,0.925,40,0.941176470588235,34,0.627172949280467,39,0.557048629156147,39
"1829.5","1338235",0.95,0.95,40,0.947368421052632,38,0.529546017130425,39,0.503127990712398,39
"1830.5","1338237",0.95,0.925,40,0.911764705882353,34,0.663381230047749,40,0.552485508122615,40
"1831.5","1338252",0.95,0.9,40,0.909090909090909,33,0.67887747938965,40,0.566442186954357,40
"1832.5","1338275",0.95,0.925,40,0.944444444444444,36,0.53464276346364,39,0.492593549237006,39
"1833.5","1338284",0.95,0.925,40,0.911764705882353,34,0.43898457408488,40,0.364315261915567,40
"1834.5","1338285",0.95,0.8,40,0.75,24,0.422113413226494,39,0.245880173153669,39
"1835.5","1338288",0.95,0.875,40,0.833333333333333,30,0.556909119953688,40,0.404506386994954,40
"1836.5","1338291",0.95,0.85,40,0.862068965517241,29,0.550121796865483,40,0.395457881262585,40
"1837.5","1338327",0.95,0.882352941176471,17,0.857142857142857,14,0.116088169971871,39,0.0928377361951216,39
"1838.5","1338340",0.95,0.925,40,0.942857142857143,35,0.577478484151143,40,0.511158965339121,40
"1839.5","1338350",0.95,0.717948717948718,39,0.875,24,0.25545772316951,36,0.192445071684373,36
"1840.5","1338376",0.95,0.925,40,0.941176470588235,34,0.451897379737055,40,0.386672211386886,40
"1841.5","1338378",0.95,0.925,40,0.941176470588235,34,0.445333608536806,40,0.389928722245469,40
"1842.5","1338404",0.95,0.925,40,0.911764705882353,34,0.60425852194278,40,0.505481318753812,40
"1843.5","1338405",0.95,0.875,40,0.870967741935484,31,0.523820561063944,40,0.3859841583577,40
"1844.5","1338407",0.95,0.95,40,0.944444444444444,36,0.439839060291385,40,0.395501143306409,40
"1845.5","1338409",0.95,0.9,40,0.939393939393939,33,0.574407802125767,40,0.500028109097109,40
"1846.5","1338413",0.95,0.825,40,0.821428571428571,28,0.401615935842292,40,0.269850664077021,40
"1847.5","1338421",0.95,0.85,40,0.866666666666667,30,0.650118178136604,40,0.504312251374795,40
"1848.5","1338477",0.95,0.921052631578947,38,0.9375,32,0.272118913226242,40,0.235443089050418,40
"1849.5","1338482",0.95,0.925,40,0.911764705882353,34,0.481271500593601,40,0.407103958576794,40
"1850.5","1338495",0.95,0.925,40,0.941176470588235,34,0.525196506580591,40,0.465568379467677,40
"1851.5","1338497",0.95,0.925,40,0.942857142857143,35,0.518722078262308,39,0.458893018433248,39
"1852.5","1338513",0.95,0.925,40,0.916666666666667,36,0.467561892456071,40,0.426365296515642,40
"1853.5","1338517",0.95,0.95,40,0.944444444444444,36,0.615316372616858,40,0.550182308161911,40
"1854.5","1338518",0.95,0.9,40,0.909090909090909,33,0.457906549829463,39,0.385024448270891,39
"1855.5","1338549",0.95,0.875,40,0.903225806451613,31,0.481097348408718,38,0.392792253296684,38
"1856.5","1338558",0.95,0.95,40,0.944444444444444,36,0.459582475963455,40,0.405940567587201,40
"1857.5","1338601",0.95,0.85,40,0.903225806451613,31,0.589469374524818,40,0.492120889676333,40
"1858.5","1338615",0.95,0.975,40,0.973684210526316,38,0.530084948890382,40,0.49766624970339,40
"1859.5","1338625",0.95,0.95,40,0.945945945945946,37,0.628191086149163,40,0.581789570997647,40
"1860.5","1338642",0.95,0.925,40,0.942857142857143,35,0.589448060363425,40,0.519531848526482,40
"1861.5","1338655",0.95,0.95,40,0.944444444444444,36,0.536356049265771,40,0.471158978534645,40
"1862.5","1338657",0.95,0.975,40,0.973684210526316,38,0.638667988966963,39,0.606616706915681,39
"1863.5","1338670",0.95,0.925,40,0.911764705882353,34,0.639275180207088,40,0.535104673294645,40
"1864.5","1338692",0.95,0.9,40,0.909090909090909,33,0.641628176954584,40,0.541972169202646,40
"1865.5","1344894",0.95,1,40,1,40,0.776312571751549,40,0.776312571751549,40
"1866.5","1344897",0.95,NA,0,NA,0,0,16,0,16
"1867.5","1344904",0.95,0.9,40,0.875,32,0.48646975567317,37,0.364374687632156,37
"1868.5","1344952",0.95,0.9,40,0.882352941176471,34,0.434396276235416,39,0.355906744087347,39
"1869.5","1344955",0.95,0.925,40,0.911764705882353,34,0.664712594714599,40,0.555524806696165,40
"1870.5","1344977",0.95,0.9,40,0.875,32,0.538776284405029,39,0.41738055822621,39
"1871.5","1349312",0.95,0.975,40,0.973684210526316,38,0.630606473439237,40,0.600144288565288,40
"1872.5","1349327",0.95,0.975,40,0.973684210526316,38,0.389675592931886,40,0.371838780787673,40
"1873.5","1349332",0.95,0.975,40,0.973684210526316,38,0.628647697744112,40,0.591651899424784,40
"1874.5","1349378",0.95,1,40,1,40,1,40,1,40
"1875.5","1349388",0.95,1,40,1,40,1,40,1,40
"1876.5","1349421",0.95,0.875,40,0.866666666666667,30,0.629908648037678,40,0.458983243920173,40
"1877.5","1349424",0.95,0.95,40,0.944444444444444,36,0.512470259511451,40,0.468969485217994,40
"1878.5","1350",0.95,0.933333333333333,30,0.923076923076923,26,0.264865460490915,35,0.238175238947752,35
"1879.5","1360",0.95,0.945945945945946,37,0.939393939393939,33,0.1847740407387,40,0.154639632136549,40
"1880.5","1372",0.95,0.925,40,0.911764705882353,34,0.54367458200665,40,0.461792861576543,40
"1881.5","1375",0.95,0.9,40,0.875,32,0.497433375827266,40,0.375978057536394,40
"1882.5","1386",0.95,0.9,40,0.875,32,0.60813932220629,40,0.48044131599231,40
"1883.5","1388649",0.95,0.925,40,0.911764705882353,34,0.636855572783826,40,0.53282092523305,40
"1884.5","1388697",0.95,0.95,40,0.944444444444444,36,0.617418441474893,40,0.558547473732958,40
"1885.5","1388721",0.95,0.925,40,0.911764705882353,34,0.657899635691627,40,0.555032914290423,40
"1886.5","1388753",0.95,1,40,1,40,0.57586003015995,40,0.57586003015995,40
"1887.5","1388755",0.95,0.925,40,0.942857142857143,35,0.498065111476044,39,0.446996108794138,39
"1888.5","1388766",0.95,0.925,40,0.911764705882353,34,0.585920105423479,40,0.492088806787083,40
"1889.5","1388790",0.95,0.909090909090909,22,0.888888888888889,18,0.167243541660191,33,0.125750647300475,33
"1890.5","1388794",0.95,0.925,40,0.911764705882353,34,0.771065453330717,40,0.644874426503705,40
"1891.5","1388797",0.95,0.925,40,0.911764705882353,34,0.621951020275085,40,0.510636791026073,40
"1892.5","1388799",0.95,0.925,40,0.911764705882353,34,0.557525696371672,40,0.462401582896495,40
"1893.5","1388803",0.95,0.925,40,0.942857142857143,35,0.514158756137415,39,0.467785614927423,39
"1894.5","1389176",0.95,0.925,40,0.942857142857143,35,0.527480101323867,40,0.469829467074396,40
"1895.5","1390411",0.95,0.814814814814815,27,0.833333333333333,18,0.112270070582091,37,0.0632819520287551,37
"1896.5","1390887",0.95,0.9,40,0.909090909090909,33,0.540599475816023,40,0.451290971248514,40
"1897.5","1390888",0.95,1,40,1,40,0.670441518343006,40,0.670441518343006,40
"1898.5","1390889",0.95,0.95,40,0.944444444444444,36,0.641113391133503,40,0.569543544571396,40
"1899.5","1390905",0.95,0.95,40,0.944444444444444,36,0.462288006468214,40,0.41410113120385,40
"1900.5","1390908",0.95,0.95,40,0.944444444444444,36,0.477398519572345,40,0.420288807652386,40
"1901.5","1390910",0.95,0.9,40,0.911764705882353,34,0.519675125060562,40,0.447196028316759,40
"1902.5","1390919",0.95,0.975,40,0.973684210526316,38,0.49719681843881,40,0.473952176901486,40
"1903.5","1390932",0.95,0.95,40,0.944444444444444,36,0.439868221485869,39,0.396057171424818,39
"1904.5","1390952",0.95,0.925,40,0.914285714285714,35,0.543656885282834,40,0.473016383165471,40
"1905.5","1390953",0.95,0.925,40,0.911764705882353,34,0.6213248598111,40,0.521852934927991,40
"1906.5","1390972",0.95,1,40,1,40,0.765398667526327,40,0.765398667526327,40
"1907.5","1391920",0.95,0.95,40,0.944444444444444,36,0.491733405483405,40,0.45492784992785,40
"1908.5","1391974",0.95,0.95,40,0.944444444444444,36,0.668918224902142,40,0.600109183066785,40
"1909.5","1392007",0.95,0.9,40,0.878787878787879,33,0.74286709221879,40,0.597043119176428,40
"1910.5","1392031",0.95,1,40,1,40,0.873554142435487,40,0.873554142435487,40
"1911.5","1392069",0.95,0.875,40,0.878787878787879,33,0.647533270081115,39,0.528780880495392,39
"1912.5","1392109",0.95,0.925,40,0.911764705882353,34,0.422669336478207,38,0.363252501708356,38
"1913.5","1392116",0.95,0.95,40,0.944444444444444,36,0.783850790909957,40,0.703822808056896,40
"1914.5","1392139",0.95,0.95,40,0.944444444444444,36,0.660380925312832,40,0.58080628490647,40
"1915.5","1392246",0.95,0.95,40,0.944444444444444,36,0.544183054611005,40,0.484977628254415,40
"1916.5","1392330",0.95,0.975,40,0.973684210526316,38,0.682259101679316,40,0.64750300411834,40
"1917.5","1392395",0.95,1,40,1,40,0.709955016653829,40,0.709955016653829,40
"1918.5","1392396",0.95,0.975,40,0.973684210526316,38,0.618789475512839,40,0.586918130483599,40
"1919.5","1392399",0.95,0.975,40,0.973684210526316,38,0.583678919134228,40,0.55277614135645,40
"1920.5","1392482",0.95,0.9,40,0.909090909090909,33,0.151582761492374,39,0.117944561901189,39
"1921.5","1392501",0.95,0.9,40,0.909090909090909,33,0.630524184686667,40,0.529360957669781,40
"1922.5","1393273",0.95,0.925,40,0.911764705882353,34,0.566463310641945,40,0.485690181743816,40
"1923.5","1393288",0.95,0.925,40,0.916666666666667,36,0.623830629028578,40,0.557319887517837,40
"1924.5","1396454",0.95,0.975,40,0.973684210526316,38,0.399472757358506,40,0.369397569388581,40
"1925.5","1396455",0.95,0.975,40,0.973684210526316,38,0.17497398803129,39,0.152995966053268,39
"1926.5","1396463",0.95,0.925,40,0.911764705882353,34,0.577016100642489,40,0.478223303432071,40
"1927.5","1396470",0.95,0.975,40,0.974358974358974,39,0.380420696402056,40,0.366531807513167,40
"1928.5","1396480",0.95,NA,0,NA,0,0,40,0,40
"1929.5","1396495",0.95,0.925,40,0.911764705882353,34,0.405748310259799,39,0.35437308920132,39
"1930.5","1396505",0.95,0.95,40,0.944444444444444,36,0.679105664845939,40,0.604203568297501,40
"1931.5","1396509",0.95,0.925,40,0.911764705882353,34,0.416406257979876,39,0.351160042275089,39
"1932.5","1396513",0.95,0.875,40,0.833333333333333,30,0.371328713294136,40,0.274226094817278,40
"1933.5","1396517",0.95,0.657142857142857,35,0.941176470588235,17,0.243537089026218,32,0.181121140382516,32
"1934.5","1396520",0.95,0.9,40,0.909090909090909,33,0.382536510789912,40,0.316826914554,40
"1935.5","1396566",0.95,0.9,40,0.875,32,0.280026640116705,37,0.230430715064391,37
"1936.5","1396572",0.95,0.85,40,0.827586206896552,29,0.284307897940938,37,0.216144145953657,37
"1937.5","1396586",0.95,0.9,40,0.882352941176471,34,0.303956516584506,39,0.255714167535706,39
"1938.5","1396606",0.95,0.875,40,0.9,30,0.30075335076272,38,0.242775057770882,38
"1939.5","1396608",0.95,0.95,40,0.944444444444444,36,0.43226835437625,40,0.372588185754549,40
"1940.5","1396609",0.95,0.882352941176471,17,0.846153846153846,13,0.0882561656912868,34,0.0710117679321832,34
"1941.5","1396647",0.95,0.85,40,0.827586206896552,29,0.428172372968553,39,0.308324042790519,39
"1942.5","1396655",0.95,0.875,40,0.833333333333333,30,0.419055345370499,38,0.271485897773587,38
"1943.5","1396659",0.95,0.925,40,0.941176470588235,34,0.596938763261331,40,0.522876458695978,40
"1944.5","1396678",0.95,0.875,40,0.833333333333333,30,0.357495355204779,39,0.258525113115998,39
"1945.5","1396688",0.95,0.777777777777778,36,0.916666666666667,24,0.327540944743377,31,0.255250679663738,31
"1946.5","1396703",0.95,0.947368421052632,38,0.941176470588235,34,0.292386405256756,38,0.246063734704304,38
"1947.5","1396737",0.95,0.875,40,0.878787878787879,33,0.5534701081883,40,0.443491659912438,40
"1948.5","1396740",0.95,0.966666666666667,30,0.964285714285714,28,0.13977168514373,38,0.132841678213723,38
"1949.5","1396743",0.95,0.925,40,0.911764705882353,34,0.468039546084636,40,0.398039245969735,40
"1950.5","1396744",0.95,0.85,40,0.827586206896552,29,0.352730042468657,38,0.251804266390017,38
"1951.5","1396745",0.95,0.9,40,0.875,32,0.356681844675828,40,0.273135854422107,40
"1952.5","1396776",0.95,0.9,40,0.875,32,0.327177897963707,39,0.260782777722433,39
"1953.5","1396795",0.95,0.923076923076923,26,0.909090909090909,22,0.0992086696656855,38,0.0728928801920013,38
"1954.5","1396801",0.95,0.85,40,0.9,30,0.456124456846163,39,0.354611984644036,39
"1955.5","1396804",0.95,0.85,40,0.9,30,0.293706146126002,37,0.249830106204787,37
"1956.5","1396818",0.95,0.925,40,0.971428571428571,35,0.29868546645736,39,0.281111617304563,39
"1957.5","1396834",0.95,0.975,40,0.973684210526316,38,0.678615245703267,40,0.647924188792697,40
"1958.5","1396841",0.95,0.85,40,0.903225806451613,31,0.392085537639444,40,0.324660357952864,40
"1959.5","1396857",0.95,0.875,40,0.866666666666667,30,0.666558466132109,40,0.492318418898641,40
"1960.5","1396896",0.95,0.9,40,0.875,32,0.400019443970178,38,0.3089448509219,38
"1961.5","1396907",0.95,0.918918918918919,37,0.9375,32,0.184974755155109,38,0.163154579716513,38
"1962.5","1396909",0.95,0.875,40,0.833333333333333,30,0.345820493198343,39,0.261512373203079,39
"1963.5","1396915",0.95,0.85,40,0.785714285714286,28,0.39043491642439,40,0.243040490328455,40
"1964.5","1396928",0.95,0.875,40,0.870967741935484,31,0.34602991710043,40,0.269306127451945,40
"1965.5","1396935",0.95,0.9,40,0.909090909090909,33,0.491804044408993,40,0.413480239835188,40
"1966.5","1396989",0.95,0.925,40,0.914285714285714,35,0.506036327654873,40,0.430614393530346,40
"1967.5","1396999",0.95,0.810810810810811,37,0.884615384615385,26,0.243915187232371,37,0.200289264616132,37
"1968.5","1397033",0.95,0.825,40,0.777777777777778,27,0.316892262319801,39,0.207293227654904,39
"1969.5","1397056",0.95,0.85,40,0.862068965517241,29,0.379681947883052,39,0.276678408955516,39
"1970.5","1397062",0.95,0.714285714285714,21,0.8,10,0.044078962731105,29,0.0145118100290514,29
"1971.5","1397070",0.95,0.941176470588235,34,0.933333333333333,30,0.319861515773192,39,0.276325190986868,39
"1972.5","1397093",0.95,0.85,40,0.821428571428571,28,0.38328186442314,40,0.239295322480294,40
"1973.5","1397120",0.95,0.897435897435897,39,0.870967741935484,31,0.310736961799461,38,0.219469898754147,38
"1974.5","1397129",0.95,0.875,40,0.866666666666667,30,0.578550995123651,40,0.415509766902157,40
"1975.5","1397140",0.95,0.875,40,0.9,30,0.311237756334308,39,0.23672156776698,39
"1976.5","1397146",0.95,0.825,40,0.821428571428571,28,0.419356544220529,39,0.317870870148496,39
"1977.5","1397182",0.95,1,16,1,16,0.0575399763635058,40,0.0575399763635058,40
"1978.5","1397187",0.95,0.925,40,0.911764705882353,34,0.590886604916083,40,0.505825716743311,40
"1979.5","1397203",0.95,0.9,40,0.90625,32,0.417084435149368,40,0.342530863720797,40
"1980.5","1397222",0.95,0.875,40,0.866666666666667,30,0.43287363004935,38,0.31790353435557,38
"1981.5","1397238",0.95,0.9,40,0.875,32,0.575869201606686,40,0.441005841497885,40
"1982.5","1397260",0.95,0.6,30,0.692307692307692,13,0.178223615464995,30,0.08625,30
"1983.5","1397273",0.95,0.825,40,0.827586206896552,29,0.423068428634921,39,0.319168855985348,39
"1984.5","1397295",0.95,0.925,40,0.911764705882353,34,0.226487587692662,37,0.180646534025522,37
"1985.5","1397297",0.95,0.825,40,0.857142857142857,28,0.359546675319859,36,0.285472601245785,36
"1986.5","1397301",0.95,0.875,40,0.870967741935484,31,0.475514938552512,39,0.361982133513297,39
"1987.5","1397310",0.95,0.9,40,0.875,32,0.390199418126506,38,0.31320972282549,38
"1988.5","1397319",0.95,0.825,40,0.857142857142857,28,0.368842559769979,37,0.265952116153729,37
"1989.5","1397345",0.95,0.85,40,0.866666666666667,30,0.32970016799857,37,0.269945980018575,37
"1990.5","1397369",0.95,0.875,40,0.866666666666667,30,0.468770621679075,38,0.34873227509274,38
"1991.5","1397437",0.95,0.825,40,0.814814814814815,27,0.276085472405961,39,0.178807709668168,39
"1992.5","1397442",0.95,0.9,40,0.90625,32,0.390467399910822,39,0.312980918711882,39
"1993.5","1397476",0.95,0.925,40,0.911764705882353,34,0.530322732501899,40,0.432689804026865,40
"1994.5","1397486",0.95,0.925,40,0.941176470588235,34,0.569513202468537,40,0.493898678104013,40
"1995.5","1397505",0.95,0.9,40,0.909090909090909,33,0.542629494966387,40,0.46043245273645,40
"1996.5","1397508",0.95,0.9,40,0.970588235294118,34,0.414467953583666,40,0.387645676761389,40
"1997.5","1397513",0.95,0.675,40,0.761904761904762,21,0.391931152457208,40,0.265559236928595,40
"1998.5","1397529",0.95,0.95,40,0.944444444444444,36,0.129756704125105,39,0.119669478351605,39
"1999.5","1397548",0.95,NA,0,NA,0,0,40,0,40
"2000.5","1397562",0.95,1,40,1,40,0.547565674393063,40,0.547565674393063,40
"2001.5","1397563",0.95,0.95,40,0.944444444444444,36,0.584759908375883,39,0.528385563766244,39
"2002.5","1397583",0.95,0.666666666666667,3,0,1,0.012,25,0,25
"2003.5","1397586",0.95,0.8,40,0.807692307692308,26,0.476326959900668,40,0.317221225396327,40
"2004.5","1398749",0.95,0.975,40,0.973684210526316,38,0.659225980891627,40,0.626839617255263,40
"2005.5","1398907",0.95,1,40,1,40,0.469289252414252,40,0.469289252414252,40
"2006.5","1398909",0.95,0.918918918918919,37,0.903225806451613,31,0.258961337807492,39,0.205847784693939,39
"2007.5","1398929",0.95,0.95,40,0.944444444444444,36,0.683278780452029,40,0.609649748193964,40
"2008.5","1398956",0.95,0.95,40,0.944444444444444,36,0.596495546921911,38,0.51169127584869,38
"2009.5","1399056",0.95,0.975,40,0.973684210526316,38,0.779312134138805,40,0.737892152640193,40
"2010.5","1399064",0.95,0.925,40,0.911764705882353,34,0.604702769932579,40,0.502963032941384,40
"2011.5","1399069",0.95,NA,0,NA,0,0,3,0,3
"2012.5","1399071",0.95,NA,0,NA,0,0,17,0,17
"2013.5","1399079",0.95,0.975,40,0.973684210526316,38,0.707830819662215,40,0.675608597439993,40
"2014.5","1399086",0.95,1,40,1,40,0.898957241237537,40,0.898957241237537,40
"2015.5","1399088",0.95,0.925,40,0.916666666666667,36,0.521322687833869,40,0.46835690192601,40
"2016.5","1399094",0.95,0.925,40,0.911764705882353,34,0.860948967005859,40,0.720038287593792,40
"2017.5","1399096",0.95,1,40,1,40,0.926978620618769,40,0.926978620618769,40
"2018.5","1399100",0.95,0.925,40,0.911764705882353,34,0.623353025858502,40,0.527066531009748,40
"2019.5","1399105",0.95,1,40,1,40,0.796503191325659,40,0.796503191325659,40
"2020.5","1399151",0.95,0.9,40,0.909090909090909,33,0.694302653345523,38,0.582884996299682,38
"2021.5","1399202",0.95,0.875,40,0.870967741935484,31,0.65811447825709,40,0.510888183046924,40
"2022.5","1399208",0.95,0.9,40,0.875,32,0.631909973600225,39,0.494544106708496,39
"2023.5","1399226",0.95,0.85,40,0.838709677419355,31,0.513085685865858,40,0.396641067266067,40
"2024.5","1399238",0.95,0.95,40,0.944444444444444,36,0.560579311237206,40,0.50566330500541,40
"2025.5","1399245",0.95,0.975,40,0.973684210526316,38,0.548743096357423,39,0.513196205971823,39
"2026.5","1399255",0.95,0.875,40,0.833333333333333,30,0.569397777352832,38,0.401388962211531,38
"2027.5","1399265",0.95,0.975,40,0.973684210526316,38,0.61192607530029,40,0.573354646728861,40
"2028.5","1399276",0.95,0.925,40,0.911764705882353,34,0.710763855691303,40,0.595336803069128,40
"2029.5","1399310",0.95,0.875,40,0.866666666666667,30,0.490321216603834,39,0.36648394276656,39
"2030.5","1399320",0.95,0.875,40,0.833333333333333,30,0.486350936115084,40,0.355944929441001,40
"2031.5","1399330",0.95,0.95,40,0.944444444444444,36,0.633284157317285,39,0.568237069063597,39
"2032.5","1399358",0.95,0.95,40,0.944444444444444,36,0.561983240703703,40,0.500506201482761,40
"2033.5","1399375",0.95,0.95,40,0.972222222222222,36,0.644343341992536,40,0.588703611352805,40
"2034.5","1399438",0.95,0.875,40,0.870967741935484,31,0.617121856730165,38,0.46755048511932,38
"2035.5","1399507",0.95,1,40,1,40,0.37890252324101,40,0.37890252324101,40
"2036.5","1399542",0.95,0.975,40,0.973684210526316,38,0.219234597693643,40,0.210015847693643,40
"2037.5","1399560",0.95,0.825,40,0.851851851851852,27,0.125434564841246,36,0.087180380348595,36
"2038.5","1399576",0.95,0.9,40,0.90625,32,0.480915624417653,40,0.385660914326546,40
"2039.5","1399633",0.95,0.925,40,0.941176470588235,34,0.483924596632702,40,0.428834098895145,40
"2040.5","1399661",0.95,0.925,40,0.911764705882353,34,0.522453339895238,38,0.439940909085594,38
"2041.5","1399791",0.95,0.95,40,0.944444444444444,36,0.535569895297905,38,0.472743852451703,38
"2042.5","1399892",0.95,0.875,40,0.911764705882353,34,0.523604526028389,40,0.471941219576776,40
"2043.5","1399894",0.95,0.95,40,0.944444444444444,36,0.682347172181167,39,0.606380464158007,39
"2044.5","1399895",0.95,0.9,40,0.882352941176471,34,0.54915210438987,39,0.459686865499344,39
"2045.5","1399912",0.95,0.95,40,0.944444444444444,36,0.529776294292114,39,0.471430573989872,39
"2046.5","1399920",0.95,0.925,40,0.911764705882353,34,0.224955692216462,40,0.194236647007285,40
"2047.5","1399925",0.95,1,40,1,40,0.603167535302428,40,0.603167535302428,40
"2048.5","1399933",0.95,0.95,40,0.944444444444444,36,0.340617266360957,40,0.291278642022333,40
"2049.5","1399960",0.95,0.9,40,0.939393939393939,33,0.480782062356475,40,0.397298087997501,40
"2050.5","1399962",0.95,0.95,40,0.944444444444444,36,0.694008336212741,40,0.613552212475367,40
"2051.5","1401109",0.95,0.975,40,0.973684210526316,38,0.558728650594897,40,0.532484061850308,40
"2052.5","1401360",0.95,0.975,40,0.973684210526316,38,0.662438480272671,40,0.627502996401703,40
"2053.5","1401361",0.95,1,40,1,40,0.454299035294683,40,0.454299035294683,40
"2054.5","1401362",0.95,0.9,40,0.971428571428571,35,0.817726296675531,40,0.772517237442081,40
"2055.5","1401367",0.95,1,40,1,40,0.692369380948017,40,0.692369380948017,40
"2056.5","1401373",0.95,1,40,1,40,0.792698500565063,40,0.792698500565063,40
"2057.5","1401379",0.95,0.95,40,0.945945945945946,37,0.776935221255981,40,0.71418773539803,40
"2058.5","1401398",0.95,0.9,40,0.909090909090909,33,0.502953711973211,40,0.42108894535542,40
"2059.5","1401417",0.95,0.9,40,0.882352941176471,34,0.525678070222757,38,0.447152429197116,38
"2060.5","1401748",0.95,0.875,40,0.866666666666667,30,0.513333956804792,40,0.383589322966409,40
"2061.5","1401769",0.95,0.95,40,0.944444444444444,36,0.64450076332645,40,0.58317295031259,40
"2062.5","1401786",0.95,NA,0,NA,0,0,28,0,28
"2063.5","1401798",0.95,1,40,1,40,0.781710093534793,40,0.781710093534793,40
"2064.5","1401799",0.95,1,40,1,40,0.776117021276596,40,0.776117021276596,40
"2065.5","1401804",0.95,1,40,1,40,0.76579450845177,40,0.76579450845177,40
"2066.5","1401807",0.95,0.9,30,0.875,24,0.184532115655132,39,0.142386604161794,39
"2067.5","1401869",0.95,0.975,40,0.973684210526316,38,0.752329402682663,40,0.712329402682664,40
"2068.5","1401892",0.95,0.975,40,0.973684210526316,38,0.402942142188326,40,0.378098882000238,40
"2069.5","1401901",0.95,0.975,40,0.973684210526316,38,0.481662619249528,40,0.462973103120496,40
"2070.5","1401924",0.95,0.861111111111111,36,0.821428571428571,28,0.139410831601419,38,0.0718669068206521,38
"2071.5","1401929",0.95,0.914285714285714,35,0.896551724137931,29,0.134296929131588,38,0.103431848578142,38
"2072.5","1401970",0.95,0.925,40,0.945945945945946,37,0.695138273233958,39,0.656035709131394,39
"2073.5","1401987",0.95,0.95,40,0.947368421052632,38,0.464349147254305,40,0.434083492605349,40
"2074.5","1405",0.95,0.925,40,0.911764705882353,34,0.454639407082745,40,0.382622141402689,40
"2075.5","1406993",0.95,0.925,40,0.911764705882353,34,0.775983165385339,40,0.653071077473251,40
"2076.5","1407025",0.95,0.95,40,0.944444444444444,36,0.536815818233194,40,0.477724909142285,40
"2077.5","1407033",0.95,0.925,40,0.911764705882353,34,0.379923103749536,40,0.329234494972692,40
"2078.5","1407036",0.95,0.975,40,0.973684210526316,38,0.550041740380363,40,0.524416740380363,40
"2079.5","1407037",0.95,0.95,40,0.972222222222222,36,0.518780494395861,40,0.476209222466037,40
"2080.5","1407041",0.95,0.9,40,0.90625,32,0.577271182335037,40,0.448435504124359,40
"2081.5","1407065",0.95,0.975,40,0.973684210526316,38,0.523615248444515,40,0.501537326366593,40
"2082.5","1407075",0.95,0.925,40,0.911764705882353,34,0.502467926164997,40,0.426514808075656,40
"2083.5","1407081",0.95,1,40,1,40,0.415067423761309,40,0.415067423761309,40
"2084.5","1407086",0.95,0.95,40,0.944444444444444,36,0.560109142126364,40,0.508540514675383,40
"2085.5","1407088",0.95,1,40,1,40,0.457771774833989,40,0.457771774833989,40
"2086.5","1407089",0.95,0.95,40,0.945945945945946,37,0.576922748626503,40,0.5227961460624,40
"2087.5","1407101",0.95,1,40,1,40,0.283196888032958,40,0.283196888032958,40
"2088.5","1407103",0.95,0.96969696969697,33,0.967741935483871,31,0.119590021129908,40,0.117083755465747,40
"2089.5","1407105",0.95,NA,0,NA,0,0,39,0,39
"2090.5","1407110",0.95,NA,0,NA,0,0,40,0,40
"2091.5","1407128",0.95,0.875,40,0.909090909090909,33,0.668565631428985,40,0.569104739616119,40
"2092.5","1407216",0.95,0,1,0,1,0,7,0,7
"2093.5","1407217",0.95,NA,0,NA,0,0,11,0,11
"2094.5","1407233",0.95,NA,0,NA,0,0,2,0,2
"2095.5","1407242",0.95,NA,0,NA,0,0,12,0,12
"2096.5","1407273",0.95,1,40,1,40,0.528970534040139,40,0.528970534040139,40
"2097.5","1407277",0.95,0.95,40,0.944444444444444,36,0.579841606255104,40,0.512472188392265,40
"2098.5","1407282",0.95,0.975,40,0.973684210526316,38,0.476014954013985,40,0.454424044923076,40
"2099.5","1407295",0.95,0.875,40,0.838709677419355,31,0.66521369967184,40,0.490118694700757,40
"2100.5","1407313",0.95,1,40,1,40,0.636616051305471,40,0.636616051305471,40
"2101.5","1407379",0.95,0.925,40,0.911764705882353,34,0.402567398282325,40,0.33216009190663,40
"2102.5","1407391",0.95,0.925,40,0.911764705882353,34,0.51401617257068,40,0.434087696634851,40
"2103.5","1407397",0.95,NA,0,NA,0,0,40,0,40
"2104.5","1407400",0.95,0.975,40,0.973684210526316,38,0.80046382332727,40,0.760326628205319,40
"2105.5","1407404",0.95,0.9,40,0.90625,32,0.600893525274316,40,0.474925811755027,40
"2106.5","1407418",0.95,0.875,40,0.870967741935484,31,0.528322198796866,40,0.409649483743102,40
"2107.5","1407432",0.95,0.925,40,0.911764705882353,34,0.628081975174987,40,0.531827990822625,40
"2108.5","1407433",0.95,0.925,40,0.911764705882353,34,0.654500171986666,40,0.542000171986666,40
"2109.5","1407443",0.95,0.925,40,0.911764705882353,34,0.597721826724164,40,0.50343611243845,40
"2110.5","1407457",0.95,0.825,40,0.814814814814815,27,0.545315540194572,40,0.35777671104284,40
"2111.5","1407485",0.95,0.870967741935484,31,0.875,24,0.0990350108159936,38,0.0724811261042141,38
"2112.5","1407493",0.95,0.875,40,0.9,30,0.335429517626449,40,0.239344260291191,40
"2113.5","1407495",0.95,0.975,40,0.973684210526316,38,0.468026066039224,40,0.443621304134462,40
"2114.5","1407500",0.95,0.825,40,0.846153846153846,26,0.346520803071233,39,0.232852064402494,39
"2115.5","1407505",0.95,0.975,40,0.974358974358974,39,0.720148225181083,39,0.702712327745186,39
"2116.5","1407589",0.95,1,40,1,40,0.579437443837062,40,0.579437443837062,40
"2117.5","1407606",0.95,0.975,40,0.973684210526316,38,0.657238652829624,40,0.619547081948398,40
"2118.5","1407672",0.95,0.9,40,0.875,32,0.505018888229374,40,0.402350091544033,40
"2119.5","1407704",0.95,0.85,40,0.862068965517241,29,0.492153657618871,39,0.354334775613942,39
"2120.5","1407808",0.95,0.975,40,0.973684210526316,38,0.566313804832832,40,0.541914640778496,40
"2121.5","1407840",0.95,0.972222222222222,36,0.970588235294118,34,0.227393663611964,40,0.205449219167519,40
"2122.5","1407869",0.95,0.961538461538462,26,0.958333333333333,24,0.246140873015873,40,0.216974206349206,40
"2123.5","1407977",0.95,0.825,40,0.896551724137931,29,0.114129632672045,36,0.0659405782329903,36
"2124.5","1408256",0.95,0.95,40,0.972222222222222,36,0.579592949539388,40,0.527356580324802,40
"2125.5","1408266",0.95,0.975,40,0.973684210526316,38,0.647796434144485,39,0.616039481099518,39
"2126.5","1408269",0.95,0.95,40,0.944444444444444,36,0.423357859623311,38,0.373241024194358,38
"2127.5","1408285",0.95,0.975,40,0.973684210526316,38,0.748866153397373,40,0.708950187010818,40
"2128.5","1408299",0.95,1,40,1,40,0.815718984479392,40,0.815718984479392,40
"2129.5","1408307",0.95,0.9,40,0.941176470588235,34,0.561298281724721,40,0.50701983584128,40
"2130.5","1408334",0.95,0.925,40,0.911764705882353,34,0.222894171000554,39,0.189003895505134,39
"2131.5","1410556",0.95,0.975,40,0.973684210526316,38,0.774836571076164,40,0.735035460992908,40
"2132.5","1417615",0.95,0.95,40,0.972972972972973,37,0.87306488801054,40,0.827956192358366,40
"2133.5","1419037",0.95,0.9,40,0.970588235294118,34,0.827934782608696,40,0.758405797101449,40
"2134.5","1429533",0.95,1,40,1,40,0.948103315766359,40,0.948103315766359,40
"2135.5","1430",0.95,0.85,40,0.821428571428571,28,0.570149604747721,40,0.392303451990952,40
"2136.5","1431388",0.95,0.975,40,0.973684210526316,38,0.76697628458498,40,0.727411067193676,40
"2137.5","1435846",0.95,1,40,1,40,0.785652173913043,40,0.785652173913043,40
"2138.5","1435847",0.95,1,40,1,40,0.937898550724638,40,0.937898550724638,40
"2139.5","1436707",0.95,0.95,40,0.944444444444444,36,0.691305763708556,40,0.622346136379363,40
"2140.5","1442",0.95,0.846153846153846,26,0.842105263157895,19,0.104823975986645,40,0.0747976207656294,40
"2141.5","1444086",0.95,1,40,1,40,0.626439396943248,40,0.626439396943248,40
"2142.5","1446239",0.95,1,40,1,40,0.853927014158524,40,0.853927014158524,40
"2143.5","1446403",0.95,0.975,40,0.973684210526316,38,0.761203337725077,40,0.722072902942468,40
"2144.5","1446407",0.95,0.975,40,0.973684210526316,38,0.677003184014054,40,0.641677097057532,40
"2145.5","1456453",0.95,1,38,1,38,0.387326121009828,40,0.387326121009828,40
"2146.5","1456462",0.95,1,40,1,40,0.832633718376893,40,0.832633718376893,40
"2147.5","1456467",0.95,1,40,1,40,0.797885375494071,40,0.797885375494071,40
"2148.5","1456560",0.95,0.975,40,0.973684210526316,38,0.758284746089717,40,0.719951412756383,40
"2149.5","1456566",0.95,1,40,1,40,0.788877791894096,40,0.788877791894096,40
"2150.5","1456569",0.95,1,40,1,40,0.841500250956773,40,0.841500250956773,40
"2151.5","1457001",0.95,1,40,1,40,0.942100351339482,40,0.942100351339482,40
"2152.5","1457005",0.95,1,40,1,40,0.949465305226175,40,0.949465305226175,40
"2153.5","1457019",0.95,1,40,1,40,0.938417874396135,40,0.938417874396135,40
"2154.5","1459320",0.95,1,40,1,40,0.868854942243466,40,0.868854942243466,40
"2155.5","1459336",0.95,1,40,1,40,0.893061039318684,40,0.893061039318684,40
"2156.5","1459339",0.95,1,40,1,40,0.772920872514636,40,0.772920872514636,40
"2157.5","1459774",0.95,1,40,1,40,0.763393561197099,40,0.763393561197099,40
"2158.5","1459779",0.95,1,40,1,40,0.820278175369176,40,0.820278175369176,40
"2159.5","1459801",0.95,1,40,1,40,0.696614593136332,40,0.696614593136332,40
"2160.5","1459814",0.95,1,40,1,40,0.724837658690035,40,0.724837658690035,40
"2161.5","1459824",0.95,1,40,1,40,0.788810194972986,40,0.788810194972986,40
"2162.5","1462127",0.95,1,40,1,40,0.922246376811594,40,0.922246376811594,40
"2163.5","1466686",0.95,0.95,40,0.944444444444444,36,0.606796316042582,40,0.539910895294683,40
"2164.5","1466696",0.95,1,40,1,40,0.52154043731998,40,0.52154043731998,40
"2165.5","1471122",0.95,0.925,40,0.911764705882353,34,0.458747452942723,39,0.392996567489604,39
"2166.5","1471140",0.95,0.95,40,0.944444444444444,36,0.588356394621638,40,0.525356863664791,40
"2167.5","1471150",0.95,0.888888888888889,36,0.896551724137931,29,0.155317358292267,38,0.123427664421963,38
"2168.5","1471160",0.95,0.975,40,0.973684210526316,38,0.204323503632168,40,0.196269449578113,40
"2169.5","1471179",0.95,1,40,1,40,0.612906778370664,40,0.612906778370664,40
"2170.5","1471231",0.95,NA,0,NA,0,0,22,0,22
"2171.5","1471324",0.95,0.961538461538462,26,0.958333333333333,24,0.250080645825955,33,0.197379723559815,33
"2172.5","1471383",0.95,0.975,40,0.973684210526316,38,0.692991126222584,40,0.658856510837968,40
"2173.5","1471386",0.95,0.95,40,0.944444444444444,36,0.570207875168401,40,0.511643060353587,40
"2174.5","1471402",0.95,0.95,40,0.944444444444444,36,0.730189498771014,40,0.650844019688692,40
"2175.5","1471764",0.95,0.9,40,0.882352941176471,34,0.547472855583898,39,0.449421153701551,39
"2176.5","1471782",0.95,0.9,40,0.875,32,0.447161880341603,40,0.356014618682722,40
"2177.5","1471803",0.95,0.975,40,0.973684210526316,38,0.608975182130424,40,0.57753578819103,40
"2178.5","1471824",0.95,0.95,40,0.944444444444444,36,0.473970562756647,40,0.424546861457946,40
"2179.5","1471862",0.95,0.95,40,0.944444444444444,36,0.490093149538674,40,0.440093149538674,40
"2180.5","1471893",0.95,0.9,40,0.875,32,0.68570392960077,40,0.546093539990381,40
"2181.5","1471895",0.95,0.9,40,0.878787878787879,33,0.592316341731718,40,0.487760914963309,40
"2182.5","1471899",0.95,0.95,40,0.944444444444444,36,0.648991809412959,40,0.582854116835928,40
"2183.5","1471906",0.95,0.975,40,0.973684210526316,38,0.713646740701274,40,0.675896740701274,40
"2184.5","1471907",0.95,0.9,40,0.875,32,0.650585577202105,40,0.508225090116554,40
"2185.5","1471909",0.95,0.925,40,0.911764705882353,34,0.653638023533864,40,0.554830594403855,40
"2186.5","1471919",0.95,0.875,40,0.9,30,0.601165165793726,40,0.467197727434984,40
"2187.5","1471920",0.95,0.925,40,0.911764705882353,34,0.600898538641961,40,0.501900286893709,40
"2188.5","1471934",0.95,0.925,40,0.911764705882353,34,0.578473669704609,40,0.497679550398868,40
"2189.5","1471939",0.95,0.95,40,0.944444444444444,36,0.591858510910101,40,0.542235703892557,40
"2190.5","1471962",0.95,0.95,40,0.944444444444444,36,0.611699980317015,40,0.54803320907615,40
"2191.5","1471982",0.95,0.95,40,0.944444444444444,36,0.694536457269807,40,0.626171464982401,40
"2192.5","1471998",0.95,0.975,40,0.973684210526316,38,0.641453330602312,40,0.608761022910005,40
"2193.5","1472009",0.95,0.975,40,0.973684210526316,38,0.654065686268062,40,0.622285519004024,40
"2194.5","1472026",0.95,0.95,40,0.944444444444444,36,0.63201425067498,40,0.569759536446582,40
"2195.5","1472027",0.95,0.975,40,0.973684210526316,38,0.691863754742921,40,0.659670022549189,40
"2196.5","1472032",0.95,0.975,40,0.973684210526316,38,0.88446608946609,40,0.84446608946609,40
"2197.5","1472034",0.95,0.925,40,0.942857142857143,35,0.739967030729083,40,0.666069181266717,40
"2198.5","1472047",0.95,0.95,40,0.944444444444444,36,0.686263697737427,40,0.619136119433378,40
"2199.5","1472054",0.95,0.975,40,0.973684210526316,38,0.735273845023038,40,0.705970857825314,40
"2200.5","1472087",0.95,0.95,40,0.944444444444444,36,0.647594686972899,40,0.581694930479392,40
"2201.5","1472093",0.95,0.95,40,0.944444444444444,36,0.677517755782412,40,0.60164089966362,40
"2202.5","1472098",0.95,0.95,40,0.944444444444444,36,0.633521617442625,40,0.574078118868029,40
"2203.5","1472103",0.95,0.95,40,0.944444444444444,36,0.68770113745817,40,0.615924383745932,40
"2204.5","1472119",0.95,0.975,40,0.973684210526316,38,0.779621855471347,40,0.742689082362103,40
"2205.5","1472125",0.95,0.9,40,0.875,32,0.657937836794213,40,0.52795017523351,40
"2206.5","1472134",0.95,0.925,40,0.911764705882353,34,0.677722453354855,40,0.565588828318004,40
"2207.5","1472136",0.95,0.975,40,0.973684210526316,38,0.677886693749567,40,0.639923730786604,40
"2208.5","1472137",0.95,0.925,40,0.911764705882353,34,0.61123411466493,40,0.511582599513415,40
"2209.5","1472143",0.95,0.975,40,0.973684210526316,38,0.654559232453588,40,0.626150141544497,40
"2210.5","1472149",0.95,0.925,40,0.911764705882353,34,0.635912624663892,40,0.534910251492402,40
"2211.5","1472166",0.95,0.975,40,0.973684210526316,38,0.715102093160681,40,0.680543269631269,40
"2212.5","1472169",0.95,0.9,40,0.878787878787879,33,0.663603010148658,40,0.536286822528035,40
"2213.5","1472178",0.95,0.95,40,0.944444444444444,36,0.700018116662392,40,0.631942359086635,40
"2214.5","1472179",0.95,0.975,40,0.973684210526316,38,0.658556390228594,40,0.621556390228594,40
"2215.5","1473161",0.95,1,40,1,40,0.789685990338164,40,0.789685990338164,40
"2216.5","1474241",0.95,1,40,1,40,0.8079430171278,40,0.8079430171278,40
"2217.5","1474254",0.95,0.95,40,0.944444444444444,36,0.569260926724324,40,0.512000825714223,40
"2218.5","1474261",0.95,0.95,40,0.944444444444444,36,0.619413313679484,40,0.553552185568509,40
"2219.5","1474263",0.95,0.975,40,0.973684210526316,38,0.680487690863877,40,0.643804998556184,40
"2220.5","1474436",0.95,0.974358974358974,39,0.972972972972973,37,0.62534169443194,39,0.590977899198579,39
"2221.5","1474447",0.95,NA,0,NA,0,0,32,0,32
"2222.5","1474454",0.95,1,2,1,2,0.0115740740740741,36,0.0115740740740741,36
"2223.5","1474572",0.95,0.975,40,0.973684210526316,38,0.724054990264885,40,0.682236808446704,40
"2224.5","1474573",0.95,0.975,40,0.973684210526316,38,0.781314167881943,40,0.745499353067128,40
"2225.5","1474831",0.95,0.95,40,0.944444444444444,36,0.486576416883595,38,0.414732172125358,38
"2226.5","1474836",0.95,0.975,40,0.975,40,0.667911271959029,40,0.667911271959029,40
"2227.5","1474839",0.95,0.975,40,0.973684210526316,38,0.623957461492152,40,0.589513017047707,40
"2228.5","1474858",0.95,0.95,40,0.944444444444444,36,0.697055991596917,40,0.627880465226269,40
"2229.5","1474911",0.95,1,40,1,40,0.794973275773461,40,0.794973275773461,40
"2230.5","1474918",0.95,1,2,1,2,0.00901875901875902,36,0.00901875901875902,36
"2231.5","1474929",0.95,0.85,40,0.827586206896552,29,0.329988985347226,40,0.235574341681505,40
"2232.5","1474980",0.95,0.95,40,0.944444444444444,36,0.351456567609911,39,0.320358180152057,39
"2233.5","1474981",0.95,0.9,40,0.909090909090909,33,0.206185292180254,40,0.177167391398241,40
"2234.5","1474985",0.95,0.925,40,0.942857142857143,35,0.207345911839521,38,0.178119660951431,38
"2235.5","1475019",0.95,0.975,40,0.973684210526316,38,0.67412699951793,40,0.640569307210238,40
"2236.5","1475020",0.95,0.975,40,0.973684210526316,38,0.606303733051424,40,0.575612676140855,40
"2237.5","1475036",0.95,0.95,40,0.944444444444444,36,0.455194296945361,40,0.402141971363965,40
"2238.5","1475064",0.95,0.875,40,0.833333333333333,30,0.493966667933718,39,0.335579915796966,39
"2239.5","1475159",0.95,0.9,40,0.9375,32,0.586353715833354,39,0.468157206460374,39
"2240.5","1475183",0.95,0.875,40,0.870967741935484,31,0.346276246309327,39,0.286542224431377,39
"2241.5","1475204",0.95,0.9,40,0.875,32,0.868987049028677,40,0.675416281221092,40
"2242.5","1475224",0.95,0.975,40,0.973684210526316,38,0.630657188704805,40,0.597085760133376,40
"2243.5","1475248",0.95,0.975,40,0.973684210526316,38,0.503027385111801,39,0.484101866186282,39
"2244.5","1475250",0.95,0.95,40,0.944444444444444,36,0.363922398952063,39,0.33796994384981,39
"2245.5","1475268",0.95,NA,0,NA,0,0,34,0,34
"2246.5","1475272",0.95,NA,0,NA,0,0,39,0,39
"2247.5","1475274",0.95,NA,0,NA,0,0,34,0,34
"2248.5","1476044",0.95,0.9,40,0.90625,32,0.390808738590632,40,0.306867124649018,40
"2249.5","1476062",0.95,0.925,40,0.911764705882353,34,0.574648742935769,40,0.489323009656406,40
"2250.5","1476113",0.95,1,40,1,40,0.652048088456204,40,0.652048088456204,40
"2251.5","1476117",0.95,1,40,1,40,0.656592859232937,40,0.656592859232937,40
"2252.5","1476124",0.95,0.925,40,0.911764705882353,34,0.484538019204528,39,0.395067734966802,39
"2253.5","1476147",0.95,0.925,40,0.941176470588235,34,0.559140624085575,40,0.478207203500992,40
"2254.5","1476488",0.95,1,40,1,40,0.772654911092727,40,0.772654911092727,40
"2255.5","1476491",0.95,1,40,1,40,0.945464076472402,40,0.945464076472402,40
"2256.5","1476503",0.95,NA,0,NA,0,NA,0,NA,0
"2257.5","1476505",0.95,1,40,1,40,0.815025151065775,40,0.815025151065775,40
"2258.5","1476520",0.95,1,40,1,40,0.817741840622882,40,0.817741840622882,40
"2259.5","1476522",0.95,1,40,1,40,0.813776218505038,40,0.813776218505038,40
"2260.5","1476528",0.95,1,40,1,40,0.810405229757177,40,0.810405229757177,40
"2261.5","1476551",0.95,0.95,40,0.972222222222222,36,0.695728355557347,40,0.652687270117068,40
"2262.5","1481",0.95,0.975,40,0.973684210526316,38,0.547332282069096,39,0.52142725616407,39
"2263.5","1481041",0.95,0.95,40,0.944444444444444,36,0.561451094781433,40,0.505964983670322,40
"2264.5","1481058",0.95,0.975,40,0.973684210526316,38,0.549137613367657,40,0.517784348222102,40
"2265.5","1481071",0.95,0.875,40,0.866666666666667,30,0.517063557478093,39,0.373343298071559,39
"2266.5","1494",0.95,0.85,40,0.827586206896552,29,0.247313238463324,39,0.169456686413224,39
"2267.5","1504",0.95,0.75,40,0.846153846153846,26,0.408115706308148,36,0.3221866447537,36
"2268.5","1506",0.95,0.916666666666667,24,0.9,20,0.160390177143621,37,0.134166086966042,37
"2269.5","1512",0.95,0.875,40,0.9375,32,0.334471642949234,38,0.298884944347892,38
"2270.5","1535",0.95,0.975,40,0.973684210526316,38,0.50197883679369,40,0.478198348988812,40
"2271.5","1537801",0.95,0.975,40,0.973684210526316,38,0.636962687799144,40,0.598875080961537,40
"2272.5","1537809",0.95,0.9,40,0.90625,32,0.644316696904242,40,0.525344087535291,40
"2273.5","1537834",0.95,0.95,40,0.945945945945946,37,0.414600054990831,39,0.392474670796482,39
"2274.5","1537879",0.95,0.975,40,0.973684210526316,38,0.656855637249859,40,0.623344998951987,40
"2275.5","1537883",0.95,0.95,40,0.944444444444444,36,0.562891958276181,40,0.501606111837698,40
"2276.5","1537891",0.95,0.975,40,0.973684210526316,38,0.579719764968198,40,0.552338812587246,40
"2277.5","1537928",0.95,NA,0,NA,0,0,3,0,3
"2278.5","1537929",0.95,NA,0,NA,0,0,11,0,11
"2279.5","1537936",0.95,0.95,40,0.944444444444444,36,0.690654761993728,40,0.615509119522505,40
"2280.5","1537941",0.95,NA,0,NA,0,0,9,0,9
"2281.5","1537946",0.95,NA,0,NA,0,NA,0,NA,0
"2282.5","1537947",0.95,0.95,40,0.944444444444444,36,0.702050034444558,40,0.630080337474861,40
"2283.5","1537952",0.95,0.9,40,0.909090909090909,33,0.718252279749191,40,0.594099022873894,40
"2284.5","1537961",0.95,0.975,40,0.973684210526316,38,0.120278735555022,39,0.117057170794995,39
"2285.5","1537962",0.95,0.975,40,0.973684210526316,38,0.388793685702976,39,0.373836420745711,39
"2286.5","1537983",0.95,0.825,40,0.777777777777778,27,0.526841396451412,38,0.340745773412877,38
"2287.5","1537999",0.95,1,40,1,40,0.780076318223867,40,0.780076318223867,40
"2288.5","1538003",0.95,1,40,1,40,0.772606382978723,40,0.772606382978723,40
"2289.5","1538296",0.95,0.95,40,0.944444444444444,36,0.667921102952769,40,0.598007615356355,40
"2290.5","1538676",0.95,0.9,40,0.875,32,0.481265846502114,40,0.37151730970696,40
"2291.5","1539498",0.95,0.95,40,0.944444444444444,36,0.562172130407291,40,0.4951178668414,40
"2292.5","1539766",0.95,1,40,1,40,0.809995029302894,40,0.809995029302894,40
"2293.5","1539817",0.95,0.975,40,0.973684210526316,38,0.614714528899311,40,0.586683127933128,40
"2294.5","1539962",0.95,0.875,40,0.833333333333333,30,0.663527008667607,40,0.477673839071865,40
"2295.5","1545603",0.95,0.925,40,0.911764705882353,34,0.633947594820757,40,0.531944793700308,40
"2296.5","1545610",0.95,0.95,40,0.944444444444444,36,0.58904586790207,40,0.530262723962676,40
"2297.5","1545614",0.95,0.875,40,0.866666666666667,30,0.535716685014689,40,0.401376450945353,40
"2298.5","1545730",0.95,0.95,40,0.944444444444444,36,0.524879310930613,39,0.467803236070681,39
"2299.5","1545746",0.95,0.975,40,0.973684210526316,38,0.571591469211166,39,0.544161534804487,39
"2300.5","1545747",0.95,0.95,40,0.944444444444444,36,0.527730646816715,39,0.4777212469677,39
"2301.5","1545826",0.95,0.9,40,0.878787878787879,33,0.52351088609543,40,0.416124771661618,40
"2302.5","1545833",0.95,0.95,40,0.944444444444444,36,0.744653739046568,39,0.677917718136063,39
"2303.5","1545854",0.95,0.925,40,0.944444444444444,36,0.630470015823477,40,0.583653054631516,40
"2304.5","1545861",0.95,0.9,40,0.882352941176471,34,0.569216013824885,40,0.467882344470046,40
"2305.5","1545862",0.95,0.9,40,0.90625,32,0.620154151963628,40,0.489459045658642,40
"2306.5","1545863",0.95,0.9,40,0.909090909090909,33,0.638566160541967,39,0.523578370554177,39
"2307.5","1545875",0.95,0.925,40,0.911764705882353,34,0.431223231667201,38,0.356943981745356,38
"2308.5","1545881",0.95,0.875,40,0.870967741935484,31,0.576026946843479,40,0.448245873749906,40
"2309.5","1545899",0.95,0.9,40,0.90625,32,0.592930027772561,40,0.470984005045288,40
"2310.5","1545959",0.95,0.95,40,0.972222222222222,36,0.725471254896918,40,0.665445616352027,40
"2311.5","1545979",0.95,1,40,1,40,0.84494142532186,40,0.84494142532186,40
"2312.5","1545980",0.95,0.9,40,0.875,32,0.682971377300646,40,0.52991582174509,40
"2313.5","1545986",0.95,0.846153846153846,39,0.9,30,0.295534184750911,39,0.219878975762369,39
"2314.5","1545990",0.95,NA,0,NA,0,0,14,0,14
"2315.5","1545995",0.95,NA,0,NA,0,0,40,0,40
"2316.5","1546013",0.95,1,40,1,40,0.507405646164631,40,0.507405646164631,40
"2317.5","1546015",0.95,1,40,1,40,0.524903857722916,40,0.524903857722916,40
"2318.5","1546027",0.95,1,40,1,40,0.492089962481673,40,0.492089962481673,40
"2319.5","1546028",0.95,1,40,1,40,0.478641036067369,40,0.478641036067369,40
"2320.5","1546032",0.95,1,40,1,40,0.484946970334449,40,0.484946970334449,40
"2321.5","1546035",0.95,0.975,40,0.973684210526316,38,0.57104981884058,40,0.549242126532888,40
"2322.5","1546045",0.95,0.975,40,0.973684210526316,38,0.461896397284636,40,0.440368158081979,40
"2323.5","1546057",0.95,1,40,1,40,0.430320789891425,40,0.430320789891425,40
"2324.5","1546062",0.95,0.90625,32,0.884615384615385,26,0.246794063007571,33,0.170435018012162,33
"2325.5","1546067",0.95,0.78125,32,0.736842105263158,19,0.238065512949016,33,0.0869754699222143,33
"2326.5","1546075",0.95,0.935483870967742,31,0.925925925925926,27,0.273299910454061,33,0.207438729474303,33
"2327.5","1546079",0.95,0.875,40,0.9,30,0.600839135499156,40,0.462546877886345,40
"2328.5","1546095",0.95,1,33,1,33,0.20547619047619,40,0.20547619047619,40
"2329.5","1546103",0.95,0.975,40,0.973684210526316,38,0.663181272608315,40,0.623042383719427,40
"2330.5","1546105",0.95,1,40,1,40,0.361751820492311,40,0.361751820492311,40
"2331.5","1546107",0.95,0.974358974358974,39,0.972972972972973,37,0.332537110218619,40,0.313024915096668,40
"2332.5","1546108",0.95,0.975,40,0.973684210526316,38,0.358378864327259,40,0.338887678429823,40
"2333.5","1546116",0.95,0.975,40,0.973684210526316,38,0.35336269547653,40,0.332445016664114,40
"2334.5","1546119",0.95,0.975,40,0.973684210526316,38,0.347934358371823,40,0.332690455932799,40
"2335.5","1546161",0.95,0.974358974358974,39,0.972972972972973,37,0.343703620493618,40,0.325578620493618,40
"2336.5","1546182",0.95,0.975,40,0.973684210526316,38,0.360289947021519,40,0.340914947021519,40
"2337.5","1546209",0.95,0.975,40,0.973684210526316,38,0.383322621318934,40,0.371113318993353,40
"2338.5","1546215",0.95,1,40,1,40,0.468911669789435,40,0.468911669789435,40
"2339.5","1546228",0.95,1,40,1,40,0.473614743169479,40,0.473614743169479,40
"2340.5","1546236",0.95,1,40,1,40,0.497924016966219,40,0.497924016966219,40
"2341.5","1546246",0.95,1,40,1,40,0.479601652140214,40,0.479601652140214,40
"2342.5","1546247",0.95,1,40,1,40,0.443301370334836,40,0.443301370334836,40
"2343.5","1546249",0.95,1,40,1,40,0.468943497910729,40,0.468943497910729,40
"2344.5","1546253",0.95,1,40,1,40,0.457228366066284,40,0.457228366066284,40
"2345.5","1546263",0.95,1,40,1,40,0.420052628074382,40,0.420052628074382,40
"2346.5","1546268",0.95,1,40,1,40,0.528508601370561,40,0.528508601370561,40
"2347.5","1546275",0.95,1,40,1,40,0.476588242750873,40,0.476588242750873,40
"2348.5","1546281",0.95,1,40,1,40,0.534807754639008,40,0.534807754639008,40
"2349.5","1546294",0.95,1,40,1,40,0.426717904779093,40,0.426717904779093,40
"2350.5","1546348",0.95,0.975,40,0.973684210526316,38,0.64581991593409,39,0.610703920818095,39
"2351.5","1546359",0.95,1,40,1,40,0.621450565442343,40,0.621450565442343,40
"2352.5","1546367",0.95,1,40,1,40,0.555158580783935,40,0.555158580783935,40
"2353.5","1546368",0.95,1,40,1,40,0.526790071159636,40,0.526790071159636,40
"2354.5","1546374",0.95,1,40,1,40,0.602216871939295,40,0.602216871939295,40
"2355.5","1546393",0.95,0.974358974358974,39,0.972972972972973,37,0.444804153570256,40,0.418018439284541,40
"2356.5","1546398",0.95,0.975,40,0.973684210526316,38,0.40688759112763,39,0.391252819395297,39
"2357.5","1546407",0.95,0.918918918918919,37,0.903225806451613,31,0.349099289312468,36,0.290841974562905,36
"2358.5","1546411",0.95,0.974358974358974,39,0.972972972972973,37,0.389553152912838,40,0.369315057674743,40
"2359.5","1546418",0.95,0.95,40,0.944444444444444,36,0.348859892195381,40,0.317907511243,40
"2360.5","1546424",0.95,1,40,1,40,0.412992633765613,40,0.412992633765613,40
"2361.5","1546434",0.95,1,40,1,40,0.4329566754185,40,0.4329566754185,40
"2362.5","1546440",0.95,1,40,1,40,0.440488318048939,40,0.440488318048939,40
"2363.5","1546460",0.95,0.95,20,0.944444444444444,18,0.0873931623931624,39,0.0715201465201465,39
"2364.5","1546463",0.95,1,26,1,26,0.16472323972324,39,0.16472323972324,39
"2365.5","1546496",0.95,1,40,1,40,0.426382239212913,40,0.426382239212913,40
"2366.5","1546508",0.95,1,40,1,40,0.509748268448887,40,0.509748268448887,40
"2367.5","1546510",0.95,1,40,1,40,0.50466459589758,40,0.50466459589758,40
"2368.5","1546534",0.95,1,40,1,40,0.383749064308835,40,0.383749064308835,40
"2369.5","1546538",0.95,1,40,1,40,0.395758902383619,40,0.395758902383619,40
"2370.5","1546564",0.95,0.925,40,0.911764705882353,34,0.357673313043372,40,0.301434577010691,40
"2371.5","1546569",0.95,1,40,1,40,0.491948319571334,40,0.491948319571334,40
"2372.5","1546575",0.95,1,40,1,40,0.391473073847911,40,0.391473073847911,40
"2373.5","1546600",0.95,1,40,1,40,0.426144994634785,40,0.426144994634785,40
"2374.5","1546645",0.95,0.95,40,0.944444444444444,36,0.462715275972725,39,0.416275675364094,39
"2375.5","1546666",0.95,0.825,40,0.821428571428571,28,0.620467433655663,39,0.416207871533197,39
"2376.5","1546686",0.95,0.925,40,0.911764705882353,34,0.487945099689958,40,0.400595036350605,40
"2377.5","1546725",0.95,0.975,40,0.973684210526316,38,0.546799733438664,39,0.524363836002767,39
"2378.5","1546744",0.95,0.85,40,0.785714285714286,28,0.16624796122902,34,0.102589686093818,34
"2379.5","1546746",0.95,0.925,40,0.942857142857143,35,0.644188282866953,39,0.565489996029131,39
"2380.5","1546769",0.95,0.925,40,0.911764705882353,34,0.622401481382293,39,0.523855538078286,39
"2381.5","1546770",0.95,0.9,40,0.909090909090909,33,0.682716316043385,39,0.571025666402071,39
"2382.5","1546777",0.95,0.95,40,0.944444444444444,36,0.563760499412692,40,0.492674420857101,40
"2383.5","1546829",0.95,0.9,40,0.875,32,0.385236024750091,39,0.317997519790998,39
"2384.5","1546852",0.95,0.9,40,0.939393939393939,33,0.275870278660131,39,0.248705109359412,39
"2385.5","1546862",0.95,0.9,40,0.909090909090909,33,0.389867862279058,38,0.327418574019113,38
"2386.5","1546871",0.95,0.868421052631579,38,0.862068965517241,29,0.248269589348566,37,0.197622436330723,37
"2387.5","1546878",0.95,0.85,40,0.821428571428571,28,0.352776208129478,37,0.222638373250264,37
"2388.5","1546879",0.95,0.9,40,0.941176470588235,34,0.501076422288239,40,0.450747997649153,40
"2389.5","1546912",0.95,0.85,40,0.903225806451613,31,0.484910577076729,40,0.400260165795883,40
"2390.5","1546943",0.95,0.918918918918919,37,0.935483870967742,31,0.182865453088311,38,0.160753602315133,38
"2391.5","1546960",0.95,0.861111111111111,36,0.888888888888889,27,0.238329567541217,37,0.198251027462677,37
"2392.5","1546971",0.95,0.941176470588235,34,0.933333333333333,30,0.213823821252916,39,0.186943467918529,39
"2393.5","1547014",0.95,0.9,40,0.875,32,0.41803816611661,38,0.329039565835411,38
"2394.5","1547016",0.95,0.875,40,0.870967741935484,31,0.450450243963441,36,0.363154182862233,36
"2395.5","1547031",0.95,1,31,1,31,0.170217706078421,40,0.170217706078421,40
"2396.5","1547039",0.95,0.925,40,0.941176470588235,34,0.329787486968488,40,0.281797123160829,40
"2397.5","1547063",0.95,0.8,40,0.8,25,0.281328577511111,40,0.179401888325942,40
"2398.5","1547075",0.95,0.846153846153846,39,0.857142857142857,28,0.359363836902758,40,0.270881843936631,40
"2399.5","1547094",0.95,0.9,40,0.941176470588235,34,0.464545003816001,40,0.429502268773266,40
"2400.5","1547099",0.95,0.875,40,0.903225806451613,31,0.513315387973829,39,0.409185358340879,39
"2401.5","1547112",0.95,0.769230769230769,39,0.826086956521739,23,0.22040297660696,34,0.157379668876348,34
"2402.5","1547126",0.95,0.391304347826087,23,0.4,5,0.185349821109554,15,0.05,15
"2403.5","1547146",0.95,0.925,40,0.911764705882353,34,0.546464936518399,40,0.451498262930359,40
"2404.5","1547149",0.95,0.842105263157895,38,0.862068965517241,29,0.206782950935397,35,0.178511485609455,35
"2405.5","1547202",0.95,0.9,40,0.9375,32,0.408118000235413,38,0.341226909146831,38
"2406.5","1547229",0.95,0.9,40,0.909090909090909,33,0.511310445089782,39,0.427521441454201,39
"2407.5","1547236",0.95,0.5,2,0.5,2,0.0014367816091954,24,0.0014367816091954,24
"2408.5","1547243",0.95,0.875,40,0.833333333333333,30,0.474373586748971,40,0.335858920405357,40
"2409.5","1547245",0.95,0.9,40,0.875,32,0.446701437347035,40,0.344640038532024,40
"2410.5","1547259",0.95,0.866666666666667,30,0.818181818181818,22,0.086881473695716,37,0.0587891725365268,37
"2411.5","1547262",0.95,0.85,40,0.941176470588235,34,0.400351459237711,35,0.377617204245392,35
"2412.5","1547273",0.95,0.825,40,0.896551724137931,29,0.360401164983708,37,0.308774003062428,37
"2413.5","1547321",0.95,0.9,40,0.909090909090909,33,0.33424999373751,38,0.302676030420126,38
"2414.5","1547361",0.95,0.846153846153846,39,0.814814814814815,27,0.277926480295432,36,0.182464769824684,36
"2415.5","1547367",0.95,0.85,40,0.875,32,0.399855860464199,38,0.34014891904697,38
"2416.5","1547380",0.95,0.825,40,0.821428571428571,28,0.381484963473624,38,0.261232628867232,38
"2417.5","1547414",0.95,0.9,40,0.878787878787879,33,0.358969215336869,37,0.302995628113282,37
"2418.5","1547417",0.95,0.825,40,0.777777777777778,27,0.29481528819379,38,0.198572837092344,38
"2419.5","1547442",0.95,0.95,40,0.944444444444444,36,0.572497015203269,40,0.517185009764488,40
"2420.5","1547453",0.95,0.948717948717949,39,0.942857142857143,35,0.26509442489643,40,0.241775097165337,40
"2421.5","1547459",0.95,0.9,40,0.90625,32,0.3798985781519,40,0.303813817163888,40
"2422.5","1547473",0.95,0.95,40,0.944444444444444,36,0.464788000744723,40,0.425809506121068,40
"2423.5","1547489",0.95,0.9,40,0.90625,32,0.311927187764806,40,0.272645030846854,40
"2424.5","1547492",0.95,0.975,40,0.973684210526316,38,0.50011704369682,40,0.4805051240849,40
"2425.5","1547496",0.95,0.95,40,0.972222222222222,36,0.456589268081571,40,0.402476299313429,40
"2426.5","1547501",0.95,0.875,40,0.84375,32,0.314568713942606,39,0.243239046459092,39
"2427.5","1547508",0.95,0.875,40,0.833333333333333,30,0.438004617679647,39,0.315183210692846,39
"2428.5","1547546",0.95,0.925,40,0.941176470588235,34,0.489795964655004,40,0.418775665509705,40
"2429.5","1547568",0.95,0.875,40,0.833333333333333,30,0.392389812961264,40,0.27800014767486,40
"2430.5","1547577",0.95,0.925,40,0.911764705882353,34,0.558488112111255,39,0.472045553446037,39
"2431.5","1547598",0.95,0.825,40,0.814814814814815,27,0.277587983799739,39,0.169680702588442,39
"2432.5","1547615",0.95,0.875,40,0.833333333333333,30,0.413626564192191,39,0.287426237096723,39
"2433.5","1547630",0.95,0.95,40,0.944444444444444,36,0.520070272131586,40,0.468171637677805,40
"2434.5","1547632",0.95,0.794871794871795,39,0.888888888888889,27,0.338136248507006,36,0.265009895693153,36
"2435.5","1547638",0.95,0.825,40,0.814814814814815,27,0.333467434169963,37,0.224948559393592,37
"2436.5","1547651",0.95,0.925,40,0.971428571428571,35,0.409519688213025,40,0.383461220471089,40
"2437.5","1547653",0.95,0.9,40,0.909090909090909,33,0.45428167092454,40,0.388685196836403,40
"2438.5","1547659",0.95,0.825,40,0.814814814814815,27,0.369809881865483,39,0.264342157145129,39
"2439.5","1547669",0.95,0.925,40,0.911764705882353,34,0.565365537208035,40,0.47598973899603,40
"2440.5","1547670",0.95,0.85,40,0.896551724137931,29,0.326254125366473,39,0.238865819228167,39
"2441.5","1547681",0.95,0.9,40,0.909090909090909,33,0.358545213035752,39,0.305634559016602,39
"2442.5","1547693",0.95,0.9,40,0.909090909090909,33,0.371138407778223,39,0.305310346950162,39
"2443.5","1547745",0.95,0.9,40,0.875,32,0.389391046008004,39,0.310336318660302,39
"2444.5","1547764",0.95,NA,0,NA,0,NA,0,NA,0
"2445.5","1547772",0.95,0.95,40,0.944444444444444,36,0.418500239627484,40,0.368183643539563,40
"2446.5","1547778",0.95,0.925,40,0.941176470588235,34,0.439700111008827,39,0.382636654080786,39
"2447.5","1547779",0.95,0.9,40,0.90625,32,0.538503169593261,39,0.429834840736949,39
"2448.5","1547781",0.95,0.875,32,0.875,24,0.150996750561125,36,0.11356678854783,36
"2449.5","1547802",0.95,0.911764705882353,34,0.931034482758621,29,0.153157216919368,40,0.124108611377178,40
"2450.5","1547840",0.95,0.875,40,0.9,30,0.52324224025768,40,0.40948535354242,40
"2451.5","1547851",0.95,0.825,40,0.896551724137931,29,0.265737880386413,38,0.222057524045059,38
"2452.5","1547862",0.95,0.9,40,0.909090909090909,33,0.544080034446881,40,0.46181686300688,40
"2453.5","1547876",0.95,0.8,40,0.851851851851852,27,0.41880528635483,40,0.305020428642703,40
"2454.5","1547898",0.95,0.9,40,0.875,32,0.544066754783183,40,0.41779872085261,40
"2455.5","1547911",0.95,0.8,40,0.8,25,0.337490627410372,38,0.217903352025244,38
"2456.5","1547924",0.95,0.875,40,0.903225806451613,31,0.40410328154976,39,0.323539440509907,39
"2457.5","1547932",0.95,0.9,40,0.914285714285714,35,0.293481595516968,40,0.261546499363122,40
"2458.5","1547941",0.95,0.875,40,0.90625,32,0.371611223389843,36,0.318370482649102,36
"2459.5","1547946",0.95,1,39,1,39,0.247146139774238,40,0.247146139774238,40
"2460.5","1547957",0.95,1,6,1,6,0.022000962000962,30,0.022000962000962,30
"2461.5","1547980",0.95,0.825,40,0.814814814814815,27,0.297156526675028,37,0.212230405755074,37
"2462.5","1547985",0.95,0.9,40,0.875,32,0.42792674758192,40,0.335711952573007,40
"2463.5","1547989",0.95,0.925,40,0.911764705882353,34,0.26151284471199,39,0.220254103453249,39
"2464.5","1547992",0.95,0.972972972972973,37,0.971428571428571,35,0.153334959789035,38,0.148837352133533,38
"2465.5","1547997",0.95,0.825,40,0.862068965517241,29,0.365091093526197,37,0.29265737532635,37
"2466.5","1548000",0.95,0.333333333333333,3,0,1,0.0123456790123457,18,0,18
"2467.5","1548003",0.95,NA,0,NA,0,0,22,0,22
"2468.5","1548036",0.95,0.975,40,0.973684210526316,38,0.425388080363791,39,0.400968055943767,39
"2469.5","1548095",0.95,0.923076923076923,39,0.941176470588235,34,0.219901248566421,39,0.165048668713841,39
"2470.5","1548138",0.95,0.95,40,0.944444444444444,36,0.35795377235603,40,0.320610625637884,40
"2471.5","1548149",0.95,0.925,40,0.971428571428571,35,0.501700512455619,40,0.455297491787893,40
"2472.5","1548170",0.95,0.975,40,0.973684210526316,38,0.693415669348632,40,0.661330107851306,40
"2473.5","1548177",0.95,0.925,40,0.941176470588235,34,0.641974274232339,40,0.557569512327577,40
"2474.5","1548180",0.95,0.85,40,0.862068965517241,29,0.528549396315877,40,0.394278520133236,40
"2475.5","1548214",0.95,0.9,40,0.909090909090909,33,0.601154892807655,39,0.50654716152028,39
"2476.5","1548218",0.95,1,40,1,40,0.550175546053174,40,0.550175546053174,40
"2477.5","1548239",0.95,0.825,40,0.857142857142857,28,0.620740313127167,40,0.44349770021645,40
"2478.5","1548256",0.95,0.9,40,0.909090909090909,33,0.513037447677832,39,0.431690155123643,39
"2479.5","1548259",0.95,0.95,40,0.944444444444444,36,0.729996721013067,39,0.647450100966447,39
"2480.5","1548300",0.95,0.95,40,0.944444444444444,36,0.237653250903803,39,0.216583242463613,39
"2481.5","1548302",0.95,1,40,1,40,0.738119020471386,40,0.738119020471386,40
"2482.5","1553033",0.95,0.925,40,0.911764705882353,34,0.902717391304348,40,0.755978260869565,40
"2483.5","1553045",0.95,1,40,1,40,0.777115250074047,40,0.777115250074047,40
"2484.5","1553087",0.95,0.95,40,0.944444444444444,36,0.719003558453209,40,0.652795985538319,40
"2485.5","1553096",0.95,0.95,40,0.944444444444444,36,0.631036201378205,40,0.56401492478246,40
"2486.5","1553107",0.95,1,3,1,3,0.0394736842105263,38,0.0394736842105263,38
"2487.5","1553111",0.95,0.848484848484849,33,0.833333333333333,24,0.186348422409202,39,0.153175485962194,39
"2488.5","1553112",0.95,NA,0,NA,0,0,37,0,37
"2489.5","1553113",0.95,NA,0,NA,0,0,36,0,36
"2490.5","1553119",0.95,0.95,40,0.944444444444444,36,0.706206723845592,40,0.630458408793392,40
"2491.5","1553121",0.95,0.95,40,0.944444444444444,36,0.607539665853727,40,0.54264604883245,40
"2492.5","1553122",0.95,0.95,40,0.944444444444444,36,0.572840256670044,40,0.503356973995272,40
"2493.5","1553144",0.95,0.925,40,0.911764705882353,34,0.532076237084302,40,0.447540693476177,40
"2494.5","1553150",0.95,0.925,40,0.911764705882353,34,0.565207026400604,40,0.471238870900191,40
"2495.5","1553176",0.95,0.95,40,0.944444444444444,36,0.518923852474416,39,0.460595207938875,39
"2496.5","1553196",0.95,0.825,40,0.896551724137931,29,0.541990926447633,38,0.425456445082931,38
"2497.5","1553316",0.95,0.925,40,0.916666666666667,36,0.686755813066304,40,0.606561007871498,40
"2498.5","1553436",0.95,0.925,40,0.942857142857143,35,0.534180000191114,40,0.469191748311414,40
"2499.5","1553440",0.95,0.975,40,0.974358974358974,39,0.433253565487647,40,0.42283689882098,40
"2500.5","1553443",0.95,0.923076923076923,26,0.909090909090909,22,0.182976731500547,37,0.161195272622314,37
"2501.5","1553504",0.95,0.975,40,0.973684210526316,38,0.721763801445144,40,0.677553844735187,40
"2502.5","1554472",0.95,1,40,1,40,0.738773703723414,40,0.738773703723414,40
"2503.5","1555179",0.95,0.85,40,0.838709677419355,31,0.44158673742636,38,0.320828667413214,38
"2504.5","1555183",0.95,0.85,40,0.838709677419355,31,0.404205092118705,39,0.303338196617212,39
"2505.5","1555228",0.95,0.947368421052632,38,0.941176470588235,34,0.224766271160982,39,0.213361554637051,39
"2506.5","1555275",0.95,0.925,40,0.911764705882353,34,0.463641594221385,40,0.406113428740633,40
"2507.5","1555526",0.95,0.95,40,0.944444444444444,36,0.494751250367695,40,0.450370027039103,40
"2508.5","1556444",0.95,1,40,1,40,0.961632747456059,40,0.961632747456059,40
"2509.5","1556451",0.95,1,40,1,40,0.270119785280076,40,0.270119785280076,40
"2510.5","1556552",0.95,0.95,40,0.944444444444444,36,0.537298182242556,40,0.477146115840489,40
"2511.5","1556869",0.95,0.9,40,0.909090909090909,33,0.59873948845131,40,0.499273908741166,40
"2512.5","1556907",0.95,1,40,1,40,0.769366845207206,40,0.769366845207206,40
"2513.5","1556958",0.95,1,40,1,40,0.797419619083238,40,0.797419619083238,40
"2514.5","1557006",0.95,0.825,40,0.851851851851852,27,0.576590423465423,40,0.381614774114774,40
"2515.5","1557052",0.95,0.925,40,0.911764705882353,34,0.764893617021277,40,0.638829787234042,40
"2516.5","1557077",0.95,1,40,1,40,0.575449896672618,40,0.575449896672618,40
"2517.5","1557088",0.95,0.975,40,0.974358974358974,39,0.608957331316927,40,0.596795169154765,40
"2518.5","1557096",0.95,1,40,1,40,0.734398917416812,40,0.734398917416812,40
"2519.5","1557109",0.95,0.975,40,0.973684210526316,38,0.678889427814326,40,0.645352842448472,40
"2520.5","1557112",0.95,0.9,40,0.875,32,0.691672524853183,40,0.543302167662633,40
"2521.5","1557121",0.95,0.95,40,0.944444444444444,36,0.560218371891984,40,0.504121029937961,40
"2522.5","1557136",0.95,0.95,40,0.944444444444444,36,0.516299934969629,40,0.459569165738859,40
"2523.5","1557159",0.95,0.975,40,0.973684210526316,38,0.621989668695332,40,0.594489668695332,40
"2524.5","1557160",0.95,1,40,1,40,0.643426497230517,40,0.643426497230517,40
"2525.5","1557207",0.95,0.925,40,0.942857142857143,35,0.734504887789123,40,0.654965717282211,40
"2526.5","1557253",0.95,1,40,1,40,0.844632705407451,40,0.844632705407451,40
"2527.5","1557271",0.95,0.9,40,0.914285714285714,35,0.69537260352766,38,0.623740821369562,38
"2528.5","1557279",0.95,0.6,30,0.947368421052632,19,0.514728246386343,18,0.514728246386343,18
"2529.5","1557283",0.95,0.592592592592593,27,0.875,16,0.51703494182026,19,0.441676090145619,19
"2530.5","1558769",0.95,0.875,40,0.909090909090909,33,0.484293077928843,40,0.419750067176155,40
"2531.5","1558773",0.95,0.925,40,0.911764705882353,34,0.599880305918174,40,0.49078181181968,40
"2532.5","1558792",0.95,0.85,40,0.827586206896552,29,0.602117209829384,39,0.413749096809052,39
"2533.5","1558794",0.95,0.925,40,0.916666666666667,36,0.671461299666888,40,0.609654576977812,40
"2534.5","1558810",0.95,0.875,40,0.833333333333333,30,0.684638947530135,38,0.483931212282926,38
"2535.5","1558812",0.95,0.875,40,0.833333333333333,30,0.53041961051555,39,0.375276669165713,39
"2536.5","1558875",0.95,0.85,40,0.862068965517241,29,0.415831337171359,39,0.311822897477435,39
"2537.5","1558952",0.95,1,40,1,40,0.843517944617951,40,0.843517944617951,40
"2538.5","1558959",0.95,0.95,40,0.944444444444444,36,0.673346070748938,39,0.599645072620022,39
"2539.5","1558961",0.95,0.95,40,0.944444444444444,36,0.470708310216066,39,0.415955655463412,39
"2540.5","1558963",0.95,0.95,40,0.944444444444444,36,0.482025467022634,39,0.421952206949374,39
"2541.5","1558973",0.95,0.95,40,0.944444444444444,36,0.571370557367014,40,0.498949059782473,40
"2542.5","1558978",0.95,0.95,40,0.944444444444444,36,0.613006383233358,40,0.540769017885527,40
"2543.5","1558982",0.95,1,40,1,40,0.92724068856932,40,0.92724068856932,40
"2544.5","1558998",0.95,1,35,1,35,0.0999198698480711,40,0.0999198698480711,40
"2545.5","1559003",0.95,0.925,40,0.942857142857143,35,0.157866828218151,40,0.127298372765794,40
"2546.5","1559089",0.95,0.95,40,0.944444444444444,36,0.480491041021218,40,0.434816458222759,40
"2547.5","1559092",0.95,0.975,40,0.973684210526316,38,0.524569835361315,39,0.502072887864368,39
"2548.5","1559107",0.95,0.875,40,0.866666666666667,30,0.688999743834119,40,0.506023553357928,40
"2549.5","1559108",0.95,0.9,40,0.875,32,0.602932985634736,39,0.468138586134454,39
"2550.5","1559109",0.95,0.925,40,0.914285714285714,35,0.486278616588853,40,0.423043322471206,40
"2551.5","1559127",0.95,0.925,40,0.911764705882353,34,0.589457979745585,39,0.48406582288284,39
"2552.5","1559142",0.95,0.95,40,0.972222222222222,36,0.638430213644526,39,0.585752380724758,39
"2553.5","1559228",0.95,1,40,1,40,0.697192009366099,40,0.697192009366099,40
"2554.5","1559233",0.95,0.95,40,0.944444444444444,36,0.523548695054399,40,0.471869402125106,40
"2555.5","1559307",0.95,0.95,40,0.944444444444444,36,0.433048686633444,38,0.391547344586531,38
"2556.5","1559382",0.95,0.975,40,0.973684210526316,38,0.718792712037967,40,0.681001384124688,40
"2557.5","1560",0.95,0.875,40,0.90625,32,0.390720207838742,37,0.341025351692273,37
"2558.5","1560079",0.95,1,40,1,40,0.803079710144928,40,0.803079710144928,40
"2559.5","1560080",0.95,0.975,40,0.975,40,0.818658047870004,40,0.818658047870004,40
"2560.5","1560082",0.95,0.975,40,0.973684210526316,38,0.720307388133475,40,0.682533900359987,40
"2561.5","1560083",0.95,0.925,40,0.916666666666667,36,0.739110847365058,40,0.662444180698392,40
"2562.5","1560086",0.95,0.95,40,0.944444444444444,36,0.738865260318574,40,0.662443465794313,40
"2563.5","1560125",0.95,0.975,40,0.973684210526316,38,0.47862427688884,40,0.452212316755949,40
"2564.5","1560154",0.95,0.95,40,0.944444444444444,36,0.213670746840912,39,0.188063038540896,39
"2565.5","1560183",0.95,0.925,40,0.911764705882353,34,0.601491561691165,40,0.49856323903079,40
"2566.5","1560186",0.95,0.975,40,0.973684210526316,38,0.692228893738783,40,0.658146768134918,40
"2567.5","1560220",0.95,0.925,40,0.911764705882353,34,0.352756985607296,40,0.320302393098356,40
"2568.5","1560225",0.95,0.975,40,0.973684210526316,38,0.565957570258465,40,0.536616354042249,40
"2569.5","1560227",0.95,0.975,40,0.973684210526316,38,0.499875548648844,39,0.470507256122657,39
"2570.5","1560244",0.95,0.85,40,0.862068965517241,29,0.64358323305729,38,0.482565436725727,38
"2571.5","1560250",0.95,0.925,40,0.911764705882353,34,0.843426354198787,40,0.706227001747353,40
"2572.5","1560295",0.95,1,28,1,28,0.120657292458015,39,0.120657292458015,39
"2573.5","1560341",0.95,0.975,40,0.973684210526316,38,0.648169552701485,40,0.611919552701485,40
"2574.5","1560395",0.95,1,40,1,40,0.701117106237975,40,0.701117106237975,40
"2575.5","1560400",0.95,1,40,1,40,0.694280778936196,40,0.694280778936196,40
"2576.5","1560401",0.95,0.975,40,0.973684210526316,38,0.697675905230145,40,0.660663710108194,40
"2577.5","1560419",0.95,0.975,40,0.973684210526316,38,0.844955544117129,40,0.800709512371098,40
"2578.5","1560432",0.95,1,40,1,40,0.674274393557221,40,0.674274393557221,40
"2579.5","1560439",0.95,0.925,40,0.916666666666667,36,0.579897071615257,39,0.509557948372908,39
"2580.5","1560483",0.95,0.9,40,0.914285714285714,35,0.659103262649618,39,0.583142519505252,39
"2581.5","1560499",0.95,0.95,40,0.944444444444444,36,0.481438902804729,39,0.427543211418665,39
"2582.5","1560511",0.95,0.95,40,0.944444444444444,36,0.733323927988692,40,0.655034454304481,40
"2583.5","1560601",0.95,0.9,40,0.911764705882353,34,0.529318422638877,38,0.4673843535953,38
"2584.5","1560604",0.95,0.95,40,0.944444444444444,36,0.503123038756443,39,0.44423166433974,39
"2585.5","1560612",0.95,0.95,40,0.944444444444444,36,0.562645652946643,39,0.504938776489766,39
"2586.5","1560616",0.95,0.95,40,0.944444444444444,36,0.356514782258666,40,0.333395645298065,40
"2587.5","1560619",0.95,0.85,40,0.827586206896552,29,0.560958548338864,39,0.40204237448444,39
"2588.5","1560702",0.95,0.95,40,0.944444444444444,36,0.36694316112898,40,0.334098333542773,40
"2589.5","1560703",0.95,0.925,40,0.941176470588235,34,0.415078771646272,40,0.374015610270611,40
"2590.5","1560712",0.95,1,40,1,40,0.766985310202129,40,0.766985310202129,40
"2591.5","1560732",0.95,0.95,40,0.947368421052632,38,0.526028445668863,40,0.49913518389188,40
"2592.5","1560737",0.95,0.975,40,0.973684210526316,38,0.531467711674476,40,0.495967711674476,40
"2593.5","1560738",0.95,0.825,40,0.903225806451613,31,0.525771686246282,40,0.443238613584177,40
"2594.5","1560774",0.95,1,40,1,40,0.6170075299481,40,0.6170075299481,40
"2595.5","1560788",0.95,0.875,40,0.866666666666667,30,0.503534095273007,40,0.373785173160173,40
"2596.5","1560811",0.95,0.9,40,0.875,32,0.56183085377743,40,0.441387881329831,40
"2597.5","1560845",0.95,1,40,1,40,0.603165813339411,40,0.603165813339411,40
"2598.5","1560850",0.95,0.975,40,0.973684210526316,38,0.679200699888696,40,0.643944289632285,40
"2599.5","1560851",0.95,0.925,40,0.916666666666667,36,0.620695161977672,40,0.540719329678251,40
"2600.5","1561015",0.95,0.925,40,0.911764705882353,34,0.533575109708965,40,0.415396815135322,40
"2601.5","1561021",0.95,1,18,1,18,0.105680491815549,39,0.105680491815549,39
"2602.5","1561023",0.95,1,40,1,40,0.819869565383056,40,0.819869565383056,40
"2603.5","1562260",0.95,0.95,40,0.972222222222222,36,0.911884057971015,40,0.840144927536232,40
"2604.5","1562267",0.95,1,40,1,40,0.749504127886143,40,0.749504127886143,40
"2605.5","1562272",0.95,0.925,40,0.911764705882353,34,0.55378720758682,39,0.46532518688498,39
"2606.5","1562309",0.95,0.85,40,0.9,30,0.455307804526255,38,0.373598307175841,38
"2607.5","1562351",0.95,0.9,40,0.875,32,0.499012217202696,40,0.389423005738484,40
"2608.5","1562375",0.95,0.911764705882353,34,0.892857142857143,28,0.264518580837651,40,0.178437752109764,40
"2609.5","1562387",0.95,0.95,40,0.944444444444444,36,0.619749016655189,40,0.552020258485254,40
"2610.5","1562388",0.95,0.875,40,0.9375,32,0.618668157004872,40,0.532463863742652,40
"2611.5","1562405",0.95,0.875,40,0.84375,32,0.458294831155842,40,0.35428247104115,40
"2612.5","1562434",0.95,0.882352941176471,34,0.846153846153846,26,0.200289445743431,40,0.14609415379647,40
"2613.5","1562641",0.95,0.925,40,0.911764705882353,34,0.681787845588769,40,0.56868160176498,40
"2614.5","1562642",0.95,0.925,40,0.911764705882353,34,0.576531307112042,40,0.478747693666664,40
"2615.5","1562646",0.95,0.825,40,0.814814814814815,27,0.549085525904491,40,0.362014886716917,40
"2616.5","1562671",0.95,1,40,1,40,0.538440901159579,40,0.538440901159579,40
"2617.5","1562693",0.95,0.975,40,0.973684210526316,38,0.557768858871606,40,0.531024672825094,40
"2618.5","1562703",0.95,0.95,40,0.944444444444444,36,0.622435105041267,40,0.558510686436616,40
"2619.5","1562711",0.95,0.85,40,0.821428571428571,28,0.266472800304031,39,0.151642707450561,39
"2620.5","1562712",0.95,0.9,40,0.909090909090909,33,0.442387419332894,40,0.358468794943482,40
"2621.5","1563262",0.95,0.95,40,0.944444444444444,36,0.642559188812199,40,0.570948225564821,40
"2622.5","1563392",0.95,0.975,40,0.973684210526316,38,0.615901380170664,40,0.585544237313521,40
"2623.5","1563396",0.95,0.875,40,0.870967741935484,31,0.607800610705182,40,0.467799441560153,40
"2624.5","1563647",0.95,0.9,40,0.939393939393939,33,0.694686606362017,40,0.608203033287788,40
"2625.5","1563654",0.95,0.9,40,0.911764705882353,34,0.611468762160796,40,0.522462148404182,40
"2626.5","1564468",0.95,0.925,40,0.911764705882353,34,0.676744740473484,40,0.571548615460286,40
"2627.5","1564487",0.95,0.975,40,0.973684210526316,38,0.629088929185574,40,0.594942587722159,40
"2628.5","1565055",0.95,1,40,1,40,0.6697521799212,40,0.6697521799212,40
"2629.5","1565139",0.95,1,40,1,40,0.82644880481837,40,0.82644880481837,40
"2630.5","1565758",0.95,0.875,40,0.866666666666667,30,0.57116839456089,40,0.410601167670133,40
"2631.5","1565761",0.95,0.95,40,0.944444444444444,36,0.51075568121499,40,0.455815052203437,40
"2632.5","1565769",0.95,0.9,40,0.909090909090909,33,0.655424512939851,40,0.557838960365095,40
"2633.5","1567078",0.95,0.875,40,0.870967741935484,31,0.634729507438222,40,0.491295848128059,40
"2634.5","1567079",0.95,1,40,1,40,0.701001109013397,40,0.701001109013397,40
"2635.5","1567084",0.95,1,40,1,40,0.767036949007968,40,0.767036949007968,40
"2636.5","1567937",0.95,0.975,40,0.973684210526316,38,0.449719188029057,40,0.418647759457628,40
"2637.5","1567959",0.95,0.9,40,0.875,32,0.605063898207278,39,0.46773999605579,39
"2638.5","1567966",0.95,0.825,40,0.777777777777778,27,0.585739236584477,40,0.365233524218885,40
"2639.5","1567969",0.95,0.95,40,0.944444444444444,36,0.533808878551859,40,0.477369703691632,40
"2640.5","1567972",0.95,0.9,40,0.911764705882353,34,0.652845653575631,39,0.556525776005754,39
"2641.5","1568002",0.95,1,40,1,40,0.246102910348763,40,0.246102910348763,40
"2642.5","1568073",0.95,1,40,1,40,0.607738089927363,40,0.607738089927363,40
"2643.5","1568098",0.95,0.925,40,0.944444444444444,36,0.503120908480532,40,0.470064775424399,40
"2644.5","1568103",0.95,0.95,40,0.944444444444444,36,0.748318127164415,40,0.663706384740172,40
"2645.5","1568140",0.95,0.925,40,0.911764705882353,34,0.606649360701218,40,0.514359243697479,40
"2646.5","1568149",0.95,0.925,40,0.941176470588235,34,0.486309706348013,40,0.423004782105589,40
"2647.5","1568970",0.95,0.9,40,0.9375,32,0.559097393716472,40,0.479921056579243,40
"2648.5","1568985",0.95,0.9,40,0.970588235294118,34,0.593730919738089,40,0.545139649896819,40
"2649.5","1569056",0.95,0.975,40,0.973684210526316,38,0.818750399689683,40,0.781023126962411,40
"2650.5","1569126",0.95,0.875,40,0.9375,32,0.537205338115801,40,0.470815293856216,40
"2651.5","1569314",0.95,1,40,1,40,0.775377176015474,40,0.775377176015474,40
"2652.5","1569441",0.95,0.95,40,0.944444444444444,36,0.770277379293875,40,0.691130323630861,40
"2653.5","1569450",0.95,0.925,40,0.911764705882353,34,0.787130486175352,40,0.663427895981088,40
"2654.5","1569454",0.95,0.85,40,0.966666666666667,30,0.550862419029569,40,0.486197784883227,40
"2655.5","1569540",0.95,1,40,1,40,0.819289919146533,40,0.819289919146533,40
"2656.5","1569570",0.95,0.975,40,0.973684210526316,38,0.810902643455835,40,0.76875617880937,40
"2657.5","1569581",0.95,0.975,40,0.973684210526316,38,0.831047103785309,40,0.791602659340865,40
"2658.5","1569595",0.95,1,40,1,40,0.820424807744419,40,0.820424807744419,40
"2659.5","1569625",0.95,0.95,40,0.944444444444444,36,0.733576912119713,40,0.659073366020422,40
"2660.5","1569634",0.95,0.975,40,0.973684210526316,38,0.785883902624768,40,0.744443685233463,40
"2661.5","1569694",0.95,0.95,40,0.972222222222222,36,0.803332661723619,40,0.750820035460993,40
"2662.5","1569703",0.95,0.875,40,0.9375,32,0.558276099327648,40,0.482214684619865,40
"2663.5","1569764",0.95,1,40,1,40,0.835324035049634,40,0.835324035049634,40
"2664.5","1569788",0.95,0.975,40,0.973684210526316,38,0.752525929975051,40,0.713081485530607,40
"2665.5","1569828",0.95,0.925,40,0.911764705882353,34,0.706129638015136,40,0.591823896210794,40
"2666.5","1569858",0.95,1,40,1,40,0.858082064980939,40,0.858082064980939,40
"2667.5","1569934",0.95,0.975,40,0.973684210526316,38,0.7051236913205,40,0.66979272205336,40
"2668.5","1569999",0.95,0.925,40,0.944444444444444,36,0.523016619902322,40,0.479346115516357,40
"2669.5","1570031",0.95,0.95,40,0.944444444444444,36,0.231935353169804,40,0.19359470989495,40
"2670.5","1570252",0.95,0.875,40,0.838709677419355,31,0.491287575520165,39,0.365862891271951,39
"2671.5","1570265",0.95,0.884615384615385,26,0.85,20,0.148722888740481,38,0.121816143201381,38
"2672.5","1570289",0.95,0.975,40,0.973684210526316,38,0.735796556500167,40,0.698107162560773,40
"2673.5","1570315",0.95,0.975,40,0.973684210526316,38,0.831868654532867,40,0.790318131884783,40
"2674.5","1570328",0.95,0.95,40,0.944444444444444,36,0.613542045703626,40,0.551963098335205,40
"2675.5","1570331",0.95,0.925,40,0.911764705882353,34,0.622070696598844,40,0.525116290269437,40
"2676.5","1570336",0.95,0.925,40,0.914285714285714,35,0.635526239538341,40,0.550426347450245,40
"2677.5","1570338",0.95,0.95,40,0.944444444444444,36,0.638492854897217,40,0.573859757731225,40
"2678.5","1570347",0.95,0.95,40,0.947368421052632,38,0.725821021719028,39,0.686622672175851,39
"2679.5","1570380",0.95,0.975,40,0.973684210526316,38,0.543889990374616,40,0.522548526959982,40
"2680.5","1571548",0.95,0.95,40,0.944444444444444,36,0.283799525208194,39,0.244129899961646,39
"2681.5","1571706",0.95,0.925,40,0.941176470588235,34,0.68900433545004,39,0.597093258548343,39
"2682.5","1571747",0.95,0.95,40,0.944444444444444,36,0.643249810746508,40,0.575825568322266,40
"2683.5","1571752",0.95,0.925,40,0.911764705882353,34,0.772984430115084,40,0.649604535127217,40
"2684.5","1573502",0.95,0.925,40,0.911764705882353,34,0.586773407673763,40,0.494416010169306,40
"2685.5","1573537",0.95,0.925,40,0.911764705882353,34,0.561505508741911,39,0.461612346348749,39
"2686.5","1573539",0.95,0.95,40,0.944444444444444,36,0.506889839072839,40,0.461800829784914,40
"2687.5","1573544",0.95,1,40,1,40,0.238821196240127,40,0.238821196240127,40
"2688.5","1573551",0.95,0.95,40,0.944444444444444,36,0.542881875155448,39,0.485671276614205,39
"2689.5","1573563",0.95,0.975,40,0.973684210526316,38,0.68734877517072,40,0.654260539876602,40
"2690.5","1573603",0.95,0.95,40,0.944444444444444,36,0.663929619252705,40,0.592172990464826,40
"2691.5","1573621",0.95,0.925,40,0.914285714285714,35,0.527580226337761,40,0.453935557053557,40
"2692.5","1573662",0.95,1,40,1,40,0.574580837672236,40,0.574580837672236,40
"2693.5","1573678",0.95,0.975,40,0.973684210526316,38,0.66910371301717,40,0.634870758471716,40
"2694.5","1573721",0.95,1,40,1,40,0.736668135226383,40,0.736668135226383,40
"2695.5","1573998",0.95,0.975,40,0.973684210526316,38,0.473910330361504,40,0.453217941355161,40
"2696.5","1574005",0.95,0.975,40,0.973684210526316,38,0.569251235966104,40,0.543655997870866,40
"2697.5","1574025",0.95,0.95,40,0.944444444444444,36,0.476390359087439,40,0.426932302609034,40
"2698.5","1574039",0.95,0.875,40,0.909090909090909,33,0.613807882940116,39,0.527076096208329,39
"2699.5","1574047",0.95,0.95,40,0.944444444444444,36,0.744286459192234,40,0.669879344567728,40
"2700.5","1574068",0.95,0.9,40,0.875,32,0.586968794592196,40,0.450392090046741,40
"2701.5","1574091",0.95,0.95,40,0.944444444444444,36,0.617104764259265,40,0.554765020669521,40
"2702.5","1574102",0.95,0.9,40,0.878787878787879,33,0.406180150732512,39,0.341970926907903,39
"2703.5","1574105",0.95,1,40,1,40,0.747651944890895,40,0.747651944890895,40
"2704.5","1579696",0.95,0.925,40,0.911764705882353,34,0.567111247314343,40,0.473344536084396,40
"2705.5","1579708",0.95,0.9,40,0.90625,32,0.70793906800772,40,0.56793906800772,40
"2706.5","1579716",0.95,0.825,40,0.846153846153846,26,0.4147586499149,40,0.254953628547379,40
"2707.5","1579718",0.95,0.875,40,0.909090909090909,33,0.490804798352895,38,0.413369526706036,38
"2708.5","1579722",0.95,0.9,40,0.875,32,0.582873183093261,38,0.45575056371058,38
"2709.5","1579771",0.95,0.95,40,0.944444444444444,36,0.618975594856453,40,0.559689880570739,40
"2710.5","1579792",0.95,0.9,40,0.909090909090909,33,0.671476325083037,39,0.577798698945734,39
"2711.5","1579816",0.95,0.945945945945946,37,0.939393939393939,33,0.125419520543643,38,0.111512959268661,38
"2712.5","1579861",0.95,0.9,40,0.909090909090909,33,0.60641252030614,40,0.510922845330578,40
"2713.5","1579881",0.95,0.925,40,0.914285714285714,35,0.479207845180729,40,0.406785659523249,40
"2714.5","1579888",0.95,0.975,40,0.973684210526316,38,0.552355471348654,39,0.523125928961217,39
"2715.5","1579910",0.95,0.925,40,0.911764705882353,34,0.617725267938116,40,0.516486877845237,40
"2716.5","1579954",0.95,0.875,40,0.870967741935484,31,0.661646500699248,40,0.503025730022557,40
"2717.5","1579987",0.95,0.975,40,0.973684210526316,38,0.672194177217229,40,0.634530035803087,40
"2718.5","1580004",0.95,0.975,40,0.973684210526316,38,0.388283003165997,40,0.374116336499331,40
"2719.5","1580146",0.95,0.925,40,0.942857142857143,35,0.717878150339392,40,0.633242733672725,40
"2720.5","1580175",0.95,0.925,40,0.911764705882353,34,0.669148936170213,40,0.555851063829787,40
"2721.5","1580391",0.95,0.95,40,0.944444444444444,36,0.462560566938007,39,0.42762005525331,39
"2722.5","1580406",0.95,0.9,40,0.875,32,0.584257520053476,40,0.452590853386809,40
"2723.5","1580412",0.95,0.9,40,0.909090909090909,33,0.71078127263579,39,0.594038657749939,39
"2724.5","1580414",0.95,0.9,40,0.875,32,0.664236144336719,39,0.516970215820791,39
"2725.5","1580421",0.95,0.975,40,0.973684210526316,38,0.585846874105968,40,0.555706181465275,40
"2726.5","1580470",0.95,0.95,40,0.944444444444444,36,0.523703137789091,40,0.484438873524827,40
"2727.5","1580477",0.95,0.925,40,0.916666666666667,36,0.450209647553589,39,0.399279698949222,39
"2728.5","1580482",0.95,0.9,40,0.90625,32,0.311775543604981,40,0.251483207650242,40
"2729.5","1580483",0.95,0.95,40,0.944444444444444,36,0.626800999844559,40,0.559780082165746,40
"2730.5","1580489",0.95,0.925,40,0.911764705882353,34,0.635940541378266,40,0.535976777527307,40
"2731.5","1580504",0.95,0.85,40,0.827586206896552,29,0.614305080855029,40,0.423715558776418,40
"2732.5","1580505",0.95,0.825,40,0.851851851851852,27,0.543838235458348,40,0.369633840815692,40
"2733.5","1580510",0.95,0.95,40,0.944444444444444,36,0.536475112968906,40,0.478231065349859,40
"2734.5","1580515",0.95,0.975,40,0.973684210526316,38,0.651155955430008,40,0.622133519532572,40
"2735.5","1580596",0.95,0.95,40,0.944444444444444,36,0.666474140471431,40,0.590488018750015,40
"2736.5","1580687",0.95,0.875,40,0.911764705882353,34,0.532059854907637,40,0.477520204370003,40
"2737.5","1580693",0.95,0.9,40,0.882352941176471,34,0.586168680595788,39,0.492331368482614,39
"2738.5","1580736",0.95,0.95,40,0.944444444444444,36,0.467873626700978,40,0.419617812747489,40
"2739.5","1580744",0.95,0.975,40,0.973684210526316,38,0.476959692665372,40,0.4586561212368,40
"2740.5","1580745",0.95,0.95,40,0.944444444444444,36,0.677803394935186,38,0.60511168408558,38
"2741.5","1580792",0.95,0.95,40,0.944444444444444,36,0.478037786197216,39,0.434819763909426,39
"2742.5","1580793",0.95,0.875,40,0.866666666666667,30,0.655086602701453,40,0.487532533786497,40
"2743.5","1580805",0.95,0.925,40,0.911764705882353,34,0.541504065533053,38,0.438455878554913,38
"2744.5","1580818",0.95,0.95,40,0.944444444444444,36,0.490838396690426,39,0.43809858907257,39
"2745.5","1580824",0.95,0.95,40,0.944444444444444,36,0.616209281826527,39,0.539698986566232,39
"2746.5","1580844",0.95,0.9,40,0.909090909090909,33,0.640609234761988,39,0.540982085033623,39
"2747.5","1580863",0.95,0.975,40,0.973684210526316,38,0.576761257602727,40,0.550766512857982,40
"2748.5","1580875",0.95,0.85,40,0.857142857142857,28,0.30168122649762,40,0.223056065180648,40
"2749.5","1580889",0.95,0.975,40,0.973684210526316,38,0.627003919039172,40,0.598199571213085,40
"2750.5","1582192",0.95,0.888888888888889,9,0.888888888888889,9,0.0434464093301083,34,0.0434464093301083,34
"2751.5","1582206",0.95,0.923076923076923,39,0.909090909090909,33,0.366639430166205,39,0.313466382684989,39
"2752.5","1582241",0.95,0.925,40,0.942857142857143,35,0.765437095282146,40,0.683614708603145,40
"2753.5","1582250",0.95,1,40,1,40,0.943987049028677,40,0.943987049028677,40
"2754.5","1582251",0.95,0.925,40,0.911764705882353,34,0.57299371864027,40,0.481545155452577,40
"2755.5","1582287",0.95,1,20,1,20,0.0924349955599956,40,0.0924349955599956,40
"2756.5","1582298",0.95,0.95,40,0.944444444444444,36,0.75638835862362,40,0.676917960843787,40
"2757.5","1582432",0.95,1,40,1,40,1,40,1,40
"2758.5","1582557",0.95,1,38,1,38,0.264912518037518,40,0.264912518037518,40
"2759.5","1582565",0.95,0.948717948717949,39,0.942857142857143,35,0.232330827067669,38,0.212489557226399,38
"2760.5","1582593",0.95,0.92,25,0.904761904761905,21,0.148934837092732,38,0.125250626566416,38
"2761.5","1582595",0.95,0.95,40,0.944444444444444,36,0.292199248120301,38,0.263690476190476,38
"2762.5","1582614",0.95,1,40,1,40,0.45928920032003,40,0.45928920032003,40
"2763.5","1582620",0.95,1,40,1,40,0.701637798986686,40,0.701637798986686,40
"2764.5","1582627",0.95,1,40,1,40,0.765150245873132,40,0.765150245873132,40
"2765.5","1582634",0.95,1,40,1,40,0.714995918304816,40,0.714995918304816,40
"2766.5","1582644",0.95,0.9375,32,0.928571428571429,28,0.146255596255596,39,0.121591371591372,39
"2767.5","1582645",0.95,0.894736842105263,19,0.9375,16,0.14452798663325,38,0.132466583124478,38
"2768.5","1582650",0.95,0.95,20,0.944444444444444,18,0.0863044363044363,39,0.0797924297924298,39
"2769.5","1582656",0.95,0.966666666666667,30,0.964285714285714,28,0.230753968253968,40,0.215753968253968,40
"2770.5","1582669",0.95,1,40,1,40,0.469562268260685,40,0.469562268260685,40
"2771.5","1582675",0.95,0.974358974358974,39,0.972972972972973,37,0.351242307244934,39,0.332927288929915,39
"2772.5","1582692",0.95,1,40,1,40,0.471577701598365,40,0.471577701598365,40
"2773.5","1582695",0.95,0.95,40,0.944444444444444,36,0.367892224804387,40,0.332613479159787,40
"2774.5","1582700",0.95,0.95,40,0.944444444444444,36,0.408025800301041,40,0.372906752681994,40
"2775.5","1582701",0.95,1,40,1,40,0.429938881665697,40,0.429938881665697,40
"2776.5","1582711",0.95,0.975,40,0.974358974358974,39,0.689550639771145,40,0.665687003407508,40
"2777.5","1582716",0.95,1,40,1,40,0.670548831013947,40,0.670548831013947,40
"2778.5","1582739",0.95,1,40,1,40,0.434354215929656,40,0.434354215929656,40
"2779.5","1582744",0.95,1,40,1,40,0.462819430866619,40,0.462819430866619,40
"2780.5","1582748",0.95,0.971428571428571,35,0.96969696969697,33,0.254741554741555,39,0.233374033374033,39
"2781.5","1582785",0.95,0.925925925925926,27,0.956521739130435,23,0.154010025062657,38,0.127694235588972,38
"2782.5","1582788",0.95,0.975,40,0.973684210526316,38,0.388512679209993,39,0.375394014928538,39
"2783.5","1582831",0.95,1,40,1,40,0.411295274022337,40,0.411295274022337,40
"2784.5","1582837",0.95,1,40,1,40,0.43155653533359,40,0.43155653533359,40
"2785.5","1582842",0.95,1,40,1,40,0.416583293022601,40,0.416583293022601,40
"2786.5","1582852",0.95,0.975,40,0.973684210526316,38,0.433688589128838,40,0.411959099106666,40
"2787.5","1582863",0.95,0.975,40,0.973684210526316,38,0.47969528462651,40,0.452866016333827,40
"2788.5","1582868",0.95,0.975,40,0.973684210526316,38,0.551426682077561,40,0.517561766505329,40
"2789.5","1582878",0.95,0.975,40,0.973684210526316,38,0.418750146074219,40,0.395839929355953,40
"2790.5","1582921",0.95,0.975,40,0.973684210526316,38,0.385990880918084,40,0.362210393113206,40
"2791.5","1582924",0.95,0.975,40,0.973684210526316,38,0.429313896689333,40,0.405533408884455,40
"2792.5","1582941",0.95,1,40,1,40,0.471303912512882,40,0.471303912512882,40
"2793.5","1582950",0.95,1,40,1,40,0.44950908894471,40,0.44950908894471,40
"2794.5","1582955",0.95,0.925,40,0.911764705882353,34,0.551774091024663,40,0.452522883295195,40
"2795.5","1583727",0.95,0.925,40,0.916666666666667,36,0.302560316414599,37,0.260597677154662,37
"2796.5","1583742",0.95,0.975,40,0.973684210526316,38,0.292416500845232,40,0.279587553476811,40
"2797.5","1583765",0.95,0.9,40,0.914285714285714,35,0.252267593867741,40,0.220670547919906,40
"2798.5","1583825",0.95,1,40,1,40,0.623867243867244,40,0.623867243867244,40
"2799.5","1583839",0.95,1,40,1,40,0.809426975266808,40,0.809426975266808,40
"2800.5","1583841",0.95,1,40,1,40,0.725622611756949,40,0.725622611756949,40
"2801.5","1583887",0.95,0.975,40,0.973684210526316,38,0.69131471146012,40,0.652780876873654,40
"2802.5","1583888",0.95,0.925,40,0.911764705882353,34,0.615189966597394,40,0.524531606506184,40
"2803.5","1583899",0.95,0.975,40,0.973684210526316,38,0.801205049441011,40,0.763284027373647,40
"2804.5","1583902",0.95,1,40,1,40,0.735843909181633,40,0.735843909181633,40
"2805.5","1583903",0.95,0.975,40,0.973684210526316,38,0.53029776821454,40,0.501408879325651,40
"2806.5","1584032",0.95,0.975,40,0.973684210526316,38,0.620702642600192,40,0.581634698349321,40
"2807.5","1584086",0.95,0.95,40,0.944444444444444,36,0.78931073183768,40,0.706880698420804,40
"2808.5","1584177",0.95,0.92,25,0.91304347826087,23,0.163012684870392,33,0.15042971228742,33
"2809.5","1584256",0.95,NA,0,NA,0,0,3,0,3
"2810.5","1584439",0.95,0.85,40,0.9,30,0.438972273134659,38,0.36550961852242,38
"2811.5","1584446",0.95,1,40,1,40,0.761803510816669,40,0.761803510816669,40
"2812.5","1584454",0.95,1,40,1,40,0.700633526181791,40,0.700633526181791,40
"2813.5","1584456",0.95,0.975,40,0.973684210526316,38,0.670346488137186,40,0.638452548743247,40
"2814.5","1584461",0.95,1,40,1,40,0.729653805496829,40,0.729653805496829,40
"2815.5","1584463",0.95,1,40,1,40,0.734090838023765,40,0.734090838023765,40
"2816.5","1584474",0.95,0.925,40,0.911764705882353,34,0.440600659503099,39,0.367132867132867,39
"2817.5","1584478",0.95,1,40,1,40,0.587493431557003,40,0.587493431557003,40
"2818.5","1584487",0.95,0.975,40,0.973684210526316,38,0.713415161990743,40,0.679071727647309,40
"2819.5","1584500",0.95,1,40,1,40,0.712560835327484,40,0.712560835327484,40
"2820.5","1584517",0.95,0.925,40,0.911764705882353,34,0.536008565078332,39,0.449978316257386,39
"2821.5","1584523",0.95,1,40,1,40,0.587415985623414,40,0.587415985623414,40
"2822.5","1584529",0.95,0.975,40,0.973684210526316,38,0.647523792204643,39,0.622137358307571,39
"2823.5","1584536",0.95,0.975,40,0.973684210526316,38,0.580495968575283,40,0.545643027398813,40
"2824.5","1584556",0.95,1,40,1,40,0.812596842086101,40,0.812596842086101,40
"2825.5","1584603",0.95,0.925,40,0.911764705882353,34,0.60873629800757,39,0.516237958533424,39
"2826.5","1584628",0.95,0.925,40,0.911764705882353,34,0.558043559967618,40,0.464908961438282,40
"2827.5","1584629",0.95,1,40,1,40,0.674052358854135,40,0.674052358854135,40
"2828.5","1584810",0.95,0.925,40,0.911764705882353,34,0.413045169848609,40,0.347268605758092,40
"2829.5","1585",0.95,0.925,40,0.914285714285714,35,0.491030523094683,39,0.437424905763576,39
"2830.5","1585133",0.95,0.975,40,0.973684210526316,38,0.223974866267479,40,0.212040477127208,40
"2831.5","1585156",0.95,0.95,40,0.944444444444444,36,0.599909622055604,40,0.533796422389773,40
"2832.5","1585212",0.95,0.925,40,0.914285714285714,35,0.611641426489143,40,0.53269405806809,40
"2833.5","1585243",0.95,0.875,40,0.878787878787879,33,0.559682403956257,40,0.468616604836023,40
"2834.5","1585255",0.95,0.95,40,0.944444444444444,36,0.576071663692621,39,0.507586559160519,39
"2835.5","1585275",0.95,0.95,40,0.944444444444444,36,0.665452949243431,40,0.602213861941844,40
"2836.5","1585298",0.95,0.925,40,0.914285714285714,35,0.409130459594169,40,0.361588402998804,40
"2837.5","1585310",0.95,0.95,40,0.944444444444444,36,0.599020235824203,40,0.527239421609178,40
"2838.5","1585330",0.95,0.9,40,0.90625,32,0.345406850080582,39,0.285013239541103,39
"2839.5","1585341",0.95,0.925,40,0.911764705882353,34,0.518022669529928,40,0.439474209632784,40
"2840.5","1585344",0.95,0.891891891891892,37,0.896551724137931,29,0.326750525641661,40,0.273999399992462,40
"2841.5","1585368",0.95,0.85,40,0.9,30,0.252091471033088,38,0.209850187311354,38
"2842.5","1585378",0.95,0.897435897435897,39,0.875,32,0.257770703231844,39,0.214413058253134,39
"2843.5","1585386",0.95,0.842105263157895,38,0.896551724137931,29,0.21835349349462,39,0.174358065845346,39
"2844.5","1585412",0.95,0.825,40,0.857142857142857,28,0.286917165974323,39,0.200930889179223,39
"2845.5","1585422",0.95,0.875,40,0.875,32,0.384704780285425,40,0.298756189032271,40
"2846.5","1585428",0.95,0.925,40,0.911764705882353,34,0.362284532524771,39,0.299346775837015,39
"2847.5","1585429",0.95,0.925,40,0.941176470588235,34,0.407175779588755,37,0.349304238261331,37
"2848.5","1585435",0.95,0.925,40,0.941176470588235,34,0.179973669391564,38,0.152508332662645,38
"2849.5","1585444",0.95,0.825,40,0.857142857142857,28,0.457492889908735,40,0.328854733496745,40
"2850.5","1585452",0.95,0.9,40,0.9375,32,0.431459155709218,39,0.37984954736884,39
"2851.5","1585492",0.95,0.868421052631579,38,0.862068965517241,29,0.287250126668724,37,0.233065137250141,37
"2852.5","1585493",0.95,0.875,40,0.909090909090909,33,0.368226616478622,39,0.306409745610027,39
"2853.5","1585514",0.95,0.846153846153846,39,0.896551724137931,29,0.495983251957199,37,0.400847518763205,37
"2854.5","1585546",0.95,0.8,40,0.814814814814815,27,0.347778917771686,40,0.254814902620171,40
"2855.5","1585568",0.95,0.775,40,0.8,25,0.407380958118866,39,0.266778699941285,39
"2856.5","1585569",0.95,1,4,1,4,0.0418918918918919,37,0.0418918918918919,37
"2857.5","1585573",0.95,0.875,40,0.866666666666667,30,0.300039089279532,38,0.215242660467823,38
"2858.5","1585576",0.95,0.975,40,0.973684210526316,38,0.509285162683338,40,0.485186063584239,40
"2859.5","1585601",0.95,0.9,40,0.939393939393939,33,0.491336325205129,40,0.422213314902498,40
"2860.5","1585611",0.95,0.875,40,0.866666666666667,30,0.450988433650972,38,0.32767770585108,38
"2861.5","1585626",0.95,0.95,40,0.944444444444444,36,0.603425227339417,40,0.547257521171711,40
"2862.5","1585628",0.95,0.875,40,0.870967741935484,31,0.516721037759007,40,0.408661874699844,40
"2863.5","1585635",0.95,0.9,40,0.878787878787879,33,0.392870014074237,38,0.301101688000508,38
"2864.5","1585644",0.95,0.925,40,0.911764705882353,34,0.55827868341604,39,0.454778479915836,39
"2865.5","1585655",0.95,0.9,40,0.941176470588235,34,0.525159625797389,38,0.480051998877369,38
"2866.5","1585660",0.95,0.52,25,0.5,8,0.264965142384497,22,0.0636389484171742,22
"2867.5","1585672",0.95,0.85,40,0.857142857142857,28,0.353724667857081,40,0.23160860686768,40
"2868.5","1585711",0.95,0.945945945945946,37,0.939393939393939,33,0.199032575265747,39,0.167469030115245,39
"2869.5","1585754",0.95,0.85,40,0.9,30,0.421326995469579,40,0.328105644452175,40
"2870.5","1585762",0.95,0.925,40,0.944444444444444,36,0.40256605880547,40,0.382303049755696,40
"2871.5","1585779",0.95,0.925,40,0.911764705882353,34,0.388595256064771,40,0.323677933803699,40
"2872.5","1585785",0.95,0.875,40,0.866666666666667,30,0.210451777455022,40,0.150015015940675,40
"2873.5","1585787",0.95,0.9,40,0.878787878787879,33,0.274020123451348,38,0.235993831216464,38
"2874.5","1585793",0.95,0.825,40,0.814814814814815,27,0.365759586401595,39,0.262785345460953,39
"2875.5","1585808",0.95,0.925,40,0.911764705882353,34,0.416080800334661,40,0.373392717514999,40
"2876.5","1585817",0.95,0.925,40,0.911764705882353,34,0.462113029885062,40,0.400360517065187,40
"2877.5","1585820",0.95,0.925,40,0.911764705882353,34,0.402484466718197,39,0.34212315783148,39
"2878.5","1585822",0.95,0.85,40,0.967741935483871,31,0.503442773925098,40,0.438052360842869,40
"2879.5","1585825",0.95,0.730769230769231,26,0.733333333333333,15,0.0697111194079516,33,0.056592565892732,33
"2880.5","1585835",0.95,0.897435897435897,39,0.870967741935484,31,0.25753632505317,40,0.212044415741218,40
"2881.5","1585856",0.95,0.875,40,0.870967741935484,31,0.36338466065405,38,0.29860887593825,38
"2882.5","1585865",0.95,0.696969696969697,33,0.705882352941177,17,0.185315314906404,30,0.0987876321127362,30
"2883.5","1585868",0.95,0.95,40,0.944444444444444,36,0.508146230076529,40,0.460589990687735,40
"2884.5","1585881",0.95,0.9,40,0.9375,32,0.358067875972723,38,0.315783604361092,38
"2885.5","1585905",0.95,0.868421052631579,38,0.857142857142857,28,0.330952412336736,39,0.250608256548868,39
"2886.5","1585906",0.95,0.923076923076923,39,0.941176470588235,34,0.253346684493996,40,0.227137893285204,40
"2887.5","1585907",0.95,0.925,40,0.941176470588235,34,0.323726563431857,40,0.288979539622333,40
"2888.5","1585912",0.95,0.925,40,0.914285714285714,35,0.315458552133409,39,0.263612635704159,39
"2889.5","1585925",0.95,0.85,40,0.821428571428571,28,0.35712517552512,37,0.237440963372669,37
"2890.5","1585927",0.95,0.606060606060606,33,0.8,15,0.338120135329766,24,0.198198428085861,24
"2891.5","1585929",0.95,0.933333333333333,30,0.923076923076923,26,0.134066454670216,38,0.114981835795443,38
"2892.5","1585943",0.95,0.875,40,0.903225806451613,31,0.345989646674723,40,0.271775794793846,40
"2893.5","1585955",0.95,0.825,40,0.896551724137931,29,0.402051104623046,35,0.303017915589857,35
"2894.5","1585958",0.95,0.975,40,0.973684210526316,38,0.61093716419509,40,0.579675983515304,40
"2895.5","1585972",0.95,0.9,40,0.878787878787879,33,0.297059583182017,40,0.258880472132703,40
"2896.5","1585977",0.95,0.9,40,0.939393939393939,33,0.372782897103952,38,0.331498056184223,38
"2897.5","1586002",0.95,0.96551724137931,29,0.962962962962963,27,0.124837269095813,39,0.104620306571158,39
"2898.5","1586009",0.95,0.925,40,0.911764705882353,34,0.652820753523963,40,0.551256456327445,40
"2899.5","1586012",0.95,0.9,40,0.90625,32,0.559491874224846,40,0.457476659047866,40
"2900.5","1586013",0.95,0.95,40,0.944444444444444,36,0.519697704846167,40,0.472756026325541,40
"2901.5","1586032",0.95,0.95,40,0.972222222222222,36,0.542310387403631,40,0.486743281836525,40
"2902.5","1586037",0.95,0.9,40,0.90625,32,0.356114731907105,40,0.281617236794691,40
"2903.5","1586052",0.95,0.925,40,0.942857142857143,35,0.591130881589972,40,0.519973885432976,40
"2904.5","1586069",0.95,0.975,40,0.973684210526316,38,0.469471322428487,40,0.44512921716533,40
"2905.5","1586077",0.95,0.846153846153846,39,0.892857142857143,28,0.256773509599589,38,0.211579940008845,38
"2906.5","1586091",0.95,0.775,40,0.846153846153846,26,0.278396496657976,34,0.216145914847591,34
"2907.5","1586100",0.95,0.825,40,0.896551724137931,29,0.448281410917394,35,0.36485362955103,35
"2908.5","1586103",0.95,0.9,40,0.882352941176471,34,0.464126998410492,40,0.383330352008196,40
"2909.5","1586113",0.95,0.925,40,0.911764705882353,34,0.417292516986843,39,0.355780499592473,39
"2910.5","1586124",0.95,0.775,40,0.846153846153846,26,0.39924132370311,36,0.304728487002773,36
"2911.5","1586126",0.95,0.85,40,0.827586206896552,29,0.390526982073144,37,0.291607021508301,37
"2912.5","1586144",0.95,0.925,40,0.911764705882353,34,0.324040948592781,39,0.282474632239937,39
"2913.5","1586151",0.95,0.8,40,0.72,25,0.403252934488875,40,0.252130858487766,40
"2914.5","1586161",0.95,0.75,40,0.833333333333333,24,0.418255311451292,36,0.288276032807506,36
"2915.5","1586167",0.95,1,3,1,3,0.00802669552669553,12,0.00802669552669553,12
"2916.5","1586215",0.95,0.875,40,0.90625,32,0.34551894762737,38,0.297596482522243,38
"2917.5","1586218",0.95,0.925,40,0.942857142857143,35,0.704962022362704,40,0.621221705661861,40
"2918.5","1586229",0.95,0.875,40,0.833333333333333,30,0.5179157999292,40,0.372801147827706,40
"2919.5","1586231",0.95,0.791666666666667,24,0.823529411764706,17,0.0897783601871983,38,0.0734576962861064,38
"2920.5","1586254",0.95,0.9,40,0.90625,32,0.290329492841718,40,0.245070163303451,40
"2921.5","1586256",0.95,0.974358974358974,39,0.972972972972973,37,0.324867635920747,40,0.302360646172378,40
"2922.5","1586258",0.95,0.95,40,0.944444444444444,36,0.519361362069491,40,0.450166015244834,40
"2923.5","1586267",0.95,0.88,25,0.842105263157895,19,0.146327573782202,37,0.125512730598937,37
"2924.5","1586291",0.95,0.925,40,0.911764705882353,34,0.277902754941728,38,0.238266794316803,38
"2925.5","1586297",0.95,0.8,40,0.777777777777778,27,0.420255211268634,40,0.292800335853233,40
"2926.5","1586301",0.95,0.794871794871795,39,0.76,25,0.37758506140902,36,0.257012675172896,36
"2927.5","1586307",0.95,0.975,40,0.973684210526316,38,0.352768963148763,40,0.339172471920693,40
"2928.5","1586316",0.95,0.9,40,0.939393939393939,33,0.437671831850433,40,0.366605142691639,40
"2929.5","1586341",0.95,0.975,40,0.973684210526316,38,0.47937555558307,40,0.452599069794956,40
"2930.5","1586348",0.95,1,40,1,40,0.814470140816117,40,0.814470140816117,40
"2931.5","1586351",0.95,1,40,1,40,0.801475018454667,40,0.801475018454667,40
"2932.5","1586378",0.95,0.95,40,0.944444444444444,36,0.45830266179095,39,0.409004737493026,39
"2933.5","1586444",0.95,0.975,40,0.973684210526316,38,0.671991036626486,40,0.639456193420911,40
"2934.5","1586450",0.95,0.95,40,0.972222222222222,36,0.73184871834075,40,0.676442978607945,40
"2935.5","1586476",0.95,0.975,40,0.973684210526316,38,0.642724996933003,40,0.610285383406433,40
"2936.5","1586484",0.95,0.925,40,0.911764705882353,34,0.674780552985918,40,0.561852708397574,40
"2937.5","1586520",0.95,0.9,40,0.939393939393939,33,0.623477149447917,40,0.545841417124685,40
"2938.5","1586551",0.95,0.975,40,0.973684210526316,38,0.544077787977872,40,0.517441941605183,40
"2939.5","1586558",0.95,0.975,40,0.973684210526316,38,0.542741623741906,39,0.518868944696813,39
"2940.5","1586568",0.95,0.9,40,0.90625,32,0.581938736039747,40,0.471083472881852,40
"2941.5","1586576",0.95,1,40,1,40,0.845146579841347,40,0.845146579841347,40
"2942.5","1586606",0.95,0.975,40,0.973684210526316,38,0.482672343830515,39,0.450514224172395,39
"2943.5","1586607",0.95,0.9,40,0.875,32,0.637073588703095,40,0.48826854518031,40
"2944.5","1586618",0.95,0.875,40,0.9375,32,0.574226822533096,40,0.498502309854124,40
"2945.5","1586639",0.95,0.925,40,0.942857142857143,35,0.432457322383478,40,0.393263917748897,40
"2946.5","1586650",0.95,0.95,40,0.944444444444444,36,0.446989029029309,40,0.39774920726844,40
"2947.5","1586679",0.95,0.975,40,0.973684210526316,38,0.665480478404287,40,0.631670954594763,40
"2948.5","1586688",0.95,0.9,40,0.875,32,0.496969598961965,39,0.406861790104156,39
"2949.5","1586771",0.95,0.947368421052632,38,0.941176470588235,34,0.474247421538443,39,0.422054974609154,39
"2950.5","1586779",0.95,0.9,40,0.875,32,0.510670959036242,40,0.399243481475044,40
"2951.5","1587215",0.95,0.9,40,0.875,32,0.525019233888159,40,0.385900122119799,40
"2952.5","1587411",0.95,0.95,40,0.944444444444444,36,0.546407441868641,40,0.494188238970091,40
"2953.5","1587421",0.95,0.925,40,0.911764705882353,34,0.600742767402017,40,0.497435517269109,40
"2954.5","1588132",0.95,NA,0,NA,0,0,30,0,30
"2955.5","1588429",0.95,NA,0,NA,0,0,37,0,37
"2956.5","1588455",0.95,0.925,40,0.911764705882353,34,0.675206917578641,40,0.567476966336211,40
"2957.5","1588458",0.95,0.925,40,0.942857142857143,35,0.740626451042124,40,0.657986614361589,40
"2958.5","1588459",0.95,0.925,40,0.941176470588235,34,0.716791055565511,40,0.630715494947268,40
"2959.5","1588462",0.95,0.95,40,0.944444444444444,36,0.710831530244557,40,0.633172216519067,40
"2960.5","1588580",0.95,0.91304347826087,23,0.894736842105263,19,0.0643281308998038,37,0.0609515888135843,37
"2961.5","1588708",0.95,0.825,40,0.9,30,0.493325375308392,39,0.396949528932546,39
"2962.5","1588901",0.95,0.925,40,0.914285714285714,35,0.747422462304619,40,0.6491945791682,40
"2963.5","1589302",0.95,0.95,40,0.944444444444444,36,0.599695346526918,40,0.540286059108909,40
"2964.5","1589326",0.95,0.925,40,0.911764705882353,34,0.717664917021973,40,0.597688275821482,40
"2965.5","1589540",0.95,0.875,40,0.833333333333333,30,0.613855875233584,39,0.430823003965419,39
"2966.5","1590748",0.95,0.95,40,0.972972972972973,37,0.677325522869829,39,0.639682315013855,39
"2967.5","1591025",0.95,0.925,40,0.914285714285714,35,0.559955826404352,40,0.477384473338813,40
"2968.5","1591498",0.95,0.95,40,0.944444444444444,36,0.586378628867385,40,0.52098721472597,40
"2969.5","1592202",0.95,0.975,40,0.973684210526316,38,0.975,40,0.925,40
"2970.5","1592209",0.95,0.95,40,0.944444444444444,36,0.636785714285714,40,0.564166666666667,40
"2971.5","1592210",0.95,0.975,40,0.973684210526316,38,0.654166666666667,40,0.625,40
"2972.5","1592241",0.95,0.95,40,0.944444444444444,36,0.610295349117085,40,0.546002419824156,40
"2973.5","1592244",0.95,0.925,40,0.911764705882353,34,0.666364673535585,40,0.556022793193704,40
"2974.5","1592263",0.95,0.95,40,0.944444444444444,36,0.603007022433874,40,0.535184199611051,40
"2975.5","1592264",0.95,0.925,40,0.941176470588235,34,0.674209799861974,40,0.5884972394755,40
"2976.5","1592265",0.95,0.975,40,0.973684210526316,38,0.643064080623778,40,0.603367110926808,40
"2977.5","1592280",0.95,1,40,1,40,0.808745200351986,40,0.808745200351986,40
"2978.5","1592332",0.95,0.925,40,0.911764705882353,34,0.676767396443622,40,0.566775876246274,40
"2979.5","1592370",0.95,0.975,40,0.973684210526316,38,0.541088916880951,40,0.516837253909775,40
"2980.5","1592371",0.95,0.975,40,0.973684210526316,38,0.693422762521143,40,0.657784464648802,40
"2981.5","1592379",0.95,0.9,40,0.90625,32,0.533227306485696,38,0.425499165568887,38
"2982.5","1592381",0.95,0.9,40,0.90625,32,0.538329226849783,40,0.423694956477215,40
"2983.5","1592389",0.95,0.975,40,0.973684210526316,38,0.498358679177954,39,0.472438232103661,39
"2984.5","1592425",0.95,0.875,40,0.875,32,0.557274943004921,40,0.463762398202053,40
"2985.5","1592439",0.95,0.975,40,0.973684210526316,38,0.49744492813664,39,0.470852657358322,39
"2986.5","1593577",0.95,0.95,40,0.944444444444444,36,0.603589026132893,40,0.545015810730409,40
"2987.5","1593734",0.95,0.95,40,0.944444444444444,36,0.479724419986775,40,0.424582301123726,40
"2988.5","1593739",0.95,1,40,1,40,0.641738376083541,40,0.641738376083541,40
"2989.5","1593750",0.95,1,40,1,40,0.610850097945743,40,0.610850097945743,40
"2990.5","1593796",0.95,1,40,1,40,0.43264880952381,40,0.43264880952381,40
"2991.5","1593891",0.95,1,26,1,26,0.219235691407637,39,0.219235691407637,39
"2992.5","1593900",0.95,0.823529411764706,17,0.727272727272727,11,0.0739449643493761,40,0.0645834924879043,40
"2993.5","1593903",0.95,1,40,1,40,0.334179292929293,40,0.334179292929293,40
"2994.5","1593931",0.95,0.975,40,0.973684210526316,38,0.334442409442409,39,0.320980870980871,39
"2995.5","1593961",0.95,NA,0,NA,0,0,18,0,18
"2996.5","1593976",0.95,1,12,1,12,0.0613278388278388,40,0.0613278388278388,40
"2997.5","1593986",0.95,0.692307692307692,13,0.5,6,0.0492287778328968,26,0.0163336663336663,26
"2998.5","1594013",0.95,0.9,40,0.914285714285714,35,0.34827694235589,38,0.28530701754386,38
"2999.5","1594054",0.95,0.9375,16,0.928571428571429,14,0.102012879445006,39,0.0855763245469128,39
"3000.5","1594092",0.95,0.846153846153846,13,0.777777777777778,9,0.0569543466133063,33,0.0489300499381145,33
