"","res.mean","res.var","res.skewness","res.kurtosis","res.acf.1","res.acf.2","res.acf.3","actual.mean","actual.var","actual.skewness","actual.kurtosis","actual.entropy","actual.quantile.100","actual.quantile.99","actual.quantile.97","actual.quantile.90","actual.quantile.50","actual.trimmed.99.mean","actual.trimmed.99.var","actual.trimmed.97.mean","actual.trimmed.97.var","actual.acf.1","actual.acf.2","actual.acf.3","trace_name"
"100%",-0.371945108428856,336.487744273953,2.58396556411457,9.55103507331699,0.136888128699676,-0.0438187224035457,-0.0460057735380066,33.2844914242424,336.124236869925,2.58579986556202,9.52252416166621,1.69105834153868,99.106187,98.1739297,96.6557642,41.2017295,28.913132,32.2718499538462,273.616157636239,31.24997346875,210.016359297795,0.135757585841035,-0.0466298119325353,-0.0455766051110156,"1010498"
"100%1",0.245019223055658,315.47117444365,1.04492567412022,2.6062282731713,-0.0947681490672707,0.0849578719496603,-0.184477343214997,31.7056525757576,315.111492261465,1.03048755177422,2.5914075802624,2.46819848226563,71.221582,69.18587625,67.3949863,64.224062,24.6494165,31.0977152,295.566563085542,30.519715015625,278.469316779814,-0.095988463080627,0.0871794686169848,-0.182827194985137,"1010508"
"100%2",0.21871287513426,119.291629946224,2.43163206229735,9.77397332259565,-0.0189704635440874,-0.157563779404424,-0.109095261431787,17.6732187121212,118.511909023791,2.41334278739348,9.68793932474705,2.09587516187682,64.384066,61.42351425,47.03734835,29.223394,14.228014,16.9545902923077,86.2509999822157,16.28467184375,58.4272745552714,-0.0218370231308556,-0.160367961016833,-0.110267069276671,"1010540"
"100%3",4.30316292919022,742.01908188357,0.593870510080238,1.62902824437203,0.028615413090359,0.0908498595910398,-0.108688015705709,56.7379920454545,731.685498885953,0.60517634864388,1.63131740898693,2.34716313566217,99.73085,99.62963915,99.3217874,98.900138,41.7023755,56.0765634615385,714.068005941812,55.3968981875,695.198901026958,0.0162332259003774,0.0821952282790743,-0.113231096790648,"1010562"
"100%4",7.0055718763404,834.131472255143,0.398953117742718,1.38555576581832,0.10705015882284,0.255257089427073,0.145344934677418,59.7480973636364,827.442222921069,0.405278520401054,1.37225887454564,2.31138221115899,99.719054,99.681497,99.6194607,99.5233755,41.134605,59.1331595692308,815.214302868465,58.49990778125,801.88651759703,0.102131482479425,0.249528761370566,0.143267378630064,"1010567"
"100%5",1.16849317635096,352.921543945858,2.65661440372833,9.20195900286507,0.123584083469589,-0.162593013291544,-0.112982193446512,32.8813583181818,354.313402129079,2.66648259795781,9.25461399512615,1.86892574721364,99.089632,98.22526525,97.2980838,45.0632115,27.723373,31.8627694923077,291.287846597538,30.8331278125,226.928689928806,0.128480987089609,-0.156618119269663,-0.103771983432125,"1010611"
"100%6",-1.07981306717377,255.437628011999,3.22608955453689,13.9351409741696,0.00929560685483254,-0.0497706057295604,-0.0817281035582312,29.9347926060606,253.50174368497,3.20223467459602,13.8074420041089,1.80361688000769,97.895055,97.238399,93.58782575,38.2856805,27.278903,28.8892501076923,185.253268861874,27.82681940625,114.778516488973,0.00162861337340275,-0.0565681130231568,-0.0837049878037858,"1010614"
"100%7",-7.01131680051482,836.597188034964,1.62105354857203,4.24521726908693,0.164654280701862,0.0130408833284967,0.232174156323982,29.0700963181818,792.660264230755,1.63058815814094,4.19888387775554,2.23672282474763,99.102857,98.5890138,97.6968734,94.2383835,13.5436875,27.9926692307692,728.238995033048,26.893924546875,661.14713710536,0.127317204814478,-0.0308071158440828,0.205963587665439,"1010690"
"100%8",-2.40000211511982,208.045167132488,3.16359026299236,13.4323842465694,-0.120448660831647,-0.0870071768717689,-0.114089379746233,8.37465321212121,207.108994875829,3.18130006986817,13.5497872254458,1.28512322690201,80.677002,68.4238038999999,40.5966361499999,23.311356,3.102068,7.26230938461538,128.632906925727,6.40975284375,83.3973734972386,-0.123809352112422,-0.0886863820978022,-0.10924683373156,"1010714"
"100%9",-2.72107083877181,437.381692493597,1.51406403553037,4.0542515423614,-0.103989019186234,-0.228703070718929,0.191855423637258,26.5241363939394,432.021242762595,1.52074203341897,4.07127764481467,2.2695797023735,85.214976,82.58844755,80.36046425,66.1414405,15.2872895,25.6212004,384.858358416494,24.753185359375,341.897513067923,-0.11430913492001,-0.235296546693168,0.190949481687406,"1010723"
"100%10",-2.09140400610221,232.05544102508,1.377760908992,3.81500360656476,-0.222026782898046,0.222995924131879,-0.113004597552221,17.6637297575758,220.405000614229,1.46578689165175,4.09589891753116,2.03133640779503,66.4419,58.1826528999999,51.0173153,40.6999145,9.3977325,16.9132963692308,186.62792893489,16.33795153125,168.027580956075,-0.276895813043319,0.194510207621693,-0.152146064483977,"1010730"
"100%11",0.551490796770729,254.764216999264,4.7603435178922,25.2900986454984,0.163789679127238,-0.0583077377895712,-0.0958786949358123,7.78433639393939,251.963008520599,4.78505653813861,25.5145600327002,1.37989718989459,97.665015,91.0784869999999,42.9967081999999,8.6815305,3.3647045,6.40155672307692,129.642107699905,5.1338951875,27.2149906619352,0.15525350145775,-0.0688240815717859,-0.105355907861982,"1010794"
"100%12",-8.02068614540812,47.6604638580004,0.0849330331161618,1.88457537686691,0.792976652308874,0.750499974435953,0.699741783091109,9.25947403030303,11.5131107040625,1.15813095470634,6.836040229893,1.34608756090759,22.992403,20.2275162,18.1489064,12.153416,8.9545355,9.0481982,8.74416203708945,8.896783625,7.39057528996098,0.332379102478746,0.229215078760969,0.157045433518102,"1013889"
"100%13",-7.02195430108391,51.2038492539081,0.0566283770755965,2.03851995620398,0.865028544215573,0.787896331745066,0.741055752397608,10.1165789393939,8.59197071532524,2.91828772862092,15.6759520254163,0.985729521790981,26.396214,20.7270062999999,15.8422468,12.1012295,9.8631775,9.86612301538462,4.58409566866635,9.744119375,3.68820442612786,0.410922326366161,0.187117438028208,0.153815335373906,"1013891"
"100%14",-4.53677470385756,320.431469442157,2.31715270157249,8.93616631125345,0.175008225813819,0.081189333138835,0.019564483222299,16.2762015151515,281.850971328194,3.03238304614101,12.3514920321395,1.73227412171364,95.238739,84.5133379499999,71.104055,33.300633,10.0988925,15.0613932461538,188.787037509801,14.066444359375,127.391821296231,0.0708012163757198,-0.0235247689999501,-0.0847713920433646,"1013911"
"100%15",-6.5249964431952,50.10522010191,0.126954240805344,2.20658104112329,0.789354336527228,0.565319378634614,0.481982416753922,10.3340757272727,25.8888576967617,3.95752737847375,19.0868781736864,0.961831581450644,36.822986,34.5951877,26.77054245,11.39256,9.341236,9.92655403076923,15.3262682291816,9.559850125,6.82507712734595,0.65045318546037,0.182613058474089,-0.0687051380595492,"1013935"
"100%16",-7.44508384134055,53.1285176539013,0.286819503128459,2.71697044715249,0.762584168576719,0.686158145219707,0.64907328735742,9.51053415151515,13.1924513617968,5.41148335403275,39.2630394409219,0.94229467080558,35.406273,20.5710194499999,12.44281115,11.3532665,9.589606,9.11213816923077,2.91993447775602,9.057908984375,2.77440616211308,0.19304864442001,0.0494324286206466,0.0537454389068709,"1013936"
"100%17",-7.86519887670826,236.86375151498,3.23128364069903,20.9003143313435,0.478275744044072,0.470609918279257,0.425284736395048,13.6180156212121,136.13622859257,6.08203464344044,45.1590184743113,1.6246566034836,99.772407,53.4399916499996,25.2022372,16.6014255,12.898856,12.2925634461538,22.2802831971755,12.039450875,18.4641243331841,0.115792690365858,0.124962977351532,0.0835574871508174,"1013944"
"100%18",-8.68573727018247,59.4413697232856,0.268694001224212,2.71469049995825,0.803936056914607,0.687969664086526,0.655352968288217,11.5637348181818,15.4591384940002,2.40202105353426,10.5324111761296,1.28131824881539,29.263992,27.2927552,23.2535355,14.113371,10.8048745,11.2914231692308,10.8028315397149,11.05798728125,7.42962538569389,0.371064612125412,0.0678924077039158,0.02646210013562,"1013965"
"100%19",-6.67564990659988,90.6244815083447,0.746866764621503,3.26231169111838,0.600498891505135,0.323095668528359,0.260732304694383,13.1943077727273,54.0807389079133,2.95625177282842,11.6604441245871,1.47512035401543,46.643883,43.28544285,33.3320978,15.385218,11.347523,12.6796989230769,37.4344805785892,12.22974028125,24.8593136795723,0.358211519656556,-0.0696207286155453,-0.128464186551222,"1013976"
"100%20",-5.09803100801771,116.819766454772,2.27483153157728,9.83247655858706,0.356659081488452,0.265740186687445,0.165777488530712,12.1061260606061,96.3013205453698,3.26428175359181,14.9506170571052,1.50377419541712,64.464978,48.9110564999999,37.8158451,20.4648905,9.404926,11.3006052615385,54.9578713127776,10.84380428125,42.2532242385273,0.223519522725687,0.120530949237326,0.0171452001469827,"1013982"
"100%21",-6.62698388527883,40.1382599042438,0.366722197189107,2.32440062051364,0.694139453118016,0.671310764925409,0.640445647452553,10.4938041363636,12.0856846916786,2.88904799813781,12.9224579788905,1.04875132893167,27.028544,24.8785819,22.0795532,12.586864,10.1545435,10.2394235230769,8.0007915388556,10.028775296875,5.24158001851915,0.069297962949462,0.0899333571922285,0.075218008501315,"1013990"
"100%22",-6.29689059601958,146.221525253274,2.53922702482387,11.9070244618672,0.673905903166596,0.465801881167496,0.306748834380676,13.0661654393939,92.7439713010442,3.46149539924056,15.69062569617,1.54446567846312,62.822488,55.4821335499999,35.7653169499999,17.449631,10.418597,12.3006835538462,55.4972755000342,11.6877311875,31.9432312081145,0.506014033720346,0.203506480391102,-0.016373365576986,"1014019"
"100%23",-7.79368493123337,51.4840392726602,-0.0543073856789204,1.73457100110203,0.920880855070806,0.85581340475599,0.810878406512887,9.33446903030303,4.92258791188821,1.4817761772218,8.01891585940692,0.940827121433676,19.145615,17.33529155,12.15014475,11.1504165,9.151246,9.18352832307692,3.49463562514702,9.071388109375,2.7318365173976,0.572814016872641,0.28346124545221,0.258089133730643,"1014046"
"100%24",-7.823254393404,50.6798432477091,-0.116284314163639,1.79940195540029,0.960590087457438,0.913974037626005,0.868371256951175,9.10173757575758,2.64181671317434,-0.100928249785122,1.73924101128535,0.755438668480551,11.985876,11.67865675,11.42446395,11.1739445,9.0250055,9.05736621538462,2.55251808421426,9.018993328125,2.49669007829856,0.747269859626735,0.66884381558821,0.596833698200793,"1014048"
"100%25",-7.31996306970768,111.278613619884,2.61327864932114,16.2526873170064,0.470035473439844,0.387235088057658,0.380930383203256,10.2582037575758,62.5288066844194,6.05315131683603,44.3257994596246,1.24044612677032,68.3367,39.5244840999997,20.8981432,11.978396,9.3110625,9.36468843076923,10.7983921359987,9.13585209375,7.56332251899905,0.0871592435256144,-0.0236475156327624,0.00243828027682041,"1014056"
"100%26",-6.89706657045722,55.254830921057,0.289354219413108,3.46634170863111,0.559295423502458,0.407425026647079,0.378074825200112,10.3762630151515,30.737862798875,3.12549350549354,14.3937515013418,1.20347483952536,37.027352,35.31388505,24.49630835,11.7008125,9.857363,9.96624626153846,20.1152462717172,9.58460559375,10.9623230395613,0.261340354019827,0.0215835099671318,0.0339249166432905,"1014060"
"100%27",-7.05639466650643,54.639752681939,0.121490695468993,2.0401573687128,0.918182904503407,0.836914131373232,0.799395589769666,9.86587592424243,6.44522640217501,2.51933717316207,12.7826663101415,0.881859700262867,22.057901,20.9252162,12.8826838,11.458917,9.9352235,9.67830630769231,4.22234790195723,9.512103140625,2.49279505961709,0.641839802179693,0.303661491039187,0.277527195470444,"1014077"
"100%28",-7.13202403560338,179.647633402789,3.42970278902111,17.7344588938917,0.42470898988812,0.37136812605131,0.40053431186624,10.6325251666667,109.899559710363,5.04519823681476,28.4791219582274,1.28611523722565,73.168943,66.4084477,19.3628481999999,12.1056735,8.569853,9.67042643076923,50.4984796448262,8.840774015625,6.54651494222402,0.0661860130130974,0.00039133697697632,0.0685214484650881,"1014094"
"100%29",-7.82844553378306,53.93958156835,0.221305047859285,2.02692469616097,0.921188684989279,0.866481761575818,0.820123046489812,9.81062181818182,5.32415234477975,1.90536399710661,10.3992509004116,0.967625084637357,21.330426,17.10800065,13.05437105,12.268957,9.8320875,9.63339406153846,3.33302365101406,9.552128546875,2.95583669378253,0.61869181340132,0.41119515413025,0.300877940982453,"1014096"
"100%30",-6.28229606804797,71.8668345711294,0.733771479405875,3.6124954897721,0.763187898414316,0.63078652357756,0.427204320116357,10.9224367727273,43.5290990396771,3.11215819267803,12.7930583360996,1.23576170235303,39.326217,38.11980985,35.94908025,12.261629,9.8408445,10.4854555384615,31.5959059458146,10.0638188125,20.5340526120462,0.647976887542141,0.47198014609346,0.177260206075084,"1014098"
"100%31",-3.99018585561865,17.3375387565865,0.0772931937766073,1.91133035223552,0.934362934111723,0.88404091575737,0.833459234580553,8.91929343939394,2.35663758732346,-0.0276884708089334,1.72571193145438,0.689009238476659,11.946011,11.75164735,11.17693665,10.8978155,9.0839585,8.87272855384615,2.24978650484418,8.82938071875,2.16280215649336,0.798057824824614,0.739118801570645,0.678152314065314,"1014119"
"100%32",-8.46285321165049,66.7179711746945,-0.279306675058556,2.0874526959563,0.841001605967418,0.772052680045561,0.75383232231016,17.9005857424242,14.1505614726457,0.568045155059354,3.62559368417502,1.46137880536516,30.512547,28.2666319,25.0530191,21.757934,18.1126,17.7065555692308,11.8835136831525,17.560450296875,10.6816547947917,0.364907345741627,0.273319639760319,0.318743970999574,"1014128"
"100%33",-4.16146300699987,30.6168376082487,0.19630370855351,2.41571994464476,0.729975303078709,0.634693328785442,0.629388685200004,10.1462056060606,8.16043299275572,0.727638837484508,5.39624409100983,1.17225116737334,19.290988,19.25326005,17.79985195,12.6359785,10.110405,10.0055166461538,6.97961480870457,9.861338078125,5.73748642396542,0.179302512522868,-0.0332102492192135,-0.0128317678039353,"1014150"
"100%34",-4.9129942951733,247.495723721008,3.59988363141147,17.9552546511649,0.109060912894335,0.0786197242495403,-0.0943994648173478,15.1822941818182,234.626923097391,4.21344442122679,21.7463529894444,1.81398749227985,99.05711,92.1945302499999,41.8346603999999,24.893614,11.9422495,13.8919124,128.340948640135,12.726172046875,42.0144888538767,0.0663125091941592,0.0411964552966589,-0.141798499798824,"1014155"
"100%35",-3.47445092804369,185.545563395212,2.78991114437122,10.2095813511422,-0.116831193589084,0.0114360541126511,-0.0610994329337697,18.5929545757576,183.205687422824,2.79944205601275,10.2503811358211,1.48622426458452,72.964798,72.8167475,62.3975852,32.915304,13.031681,17.7564646769231,139.843023303856,16.897393375,94.0578429267709,-0.126441550443303,0.00831371426928571,-0.0621109146412232,"1014163"
"100%36",-2.99410375307849,27.0830330933312,1.1283170210676,5.8122255918681,0.829910899530216,0.616806695132105,0.54413186867104,9.81976818181818,13.22605355703,3.6674364254089,20.8935984674136,1.00673398180795,31.527946,24.0020964999999,18.98048515,11.932153,9.334687,9.48579621538461,6.06807119607002,9.32229746875,4.42531519868775,0.700004932071706,0.320154153535595,0.221909632708353,"1014164"
"100%37",-7.47061933918144,215.121027096399,2.1609366705316,6.29342136527342,-0.114728756410289,0.0895329871704983,-0.0011488708408079,20.1114774090909,210.597832010547,2.18895577569293,6.32093342934121,1.5860981090089,64.320299,63.6745851,61.6647217,43.845499,13.669946,19.4313416923077,183.307215502744,18.745473703125,155.594422336917,-0.139311293478335,0.0703316449106422,-0.0215039203489275,"1014172"
"100%38",-6.29755741551044,205.807356632216,2.63396796913208,11.2365913877665,0.183299109472323,0.0974326167635506,0.0211634445323711,12.9325679393939,184.127877929429,3.80468008168939,17.3827973730511,1.42084321481539,84.489273,72.0911346499999,59.1922675,12.981532,9.4285855,11.8316955538462,106.973893901688,10.994453078125,63.0819883890423,0.0970315557572179,0.0191549479643993,-0.0562156060763698,"1014213"
"100%39",-6.16619688444849,67.8571535987505,1.21796698427267,6.76346360560683,0.636085099680959,0.54228606331146,0.542622717259382,11.3279103636364,28.8845729937207,3.80443959460203,19.7603080208898,1.16887310669897,42.406913,33.0239133999999,26.393674,13.0155125,10.468016,10.8497718615385,14.2402668453419,10.58224440625,9.81065995814759,0.202882921734398,-0.039260296285694,0.0163671290525512,"1014271"
"100%40",-6.1597969344857,83.2637034323363,5.54502195479877,40.0363422107018,0.302246951658461,0.278882137378762,0.221714620573841,6.74800022727273,63.6287146680104,7.17593631623518,55.5808746077347,0.680764030277815,68.806706,35.9050534499997,12.40275365,7.1103585,5.572468,5.79325090769231,4.44556459680304,5.59957078125,2.07674710401205,0.102869224811142,0.0819747751993156,0.0162089738335829,"1014286"
"100%41",-6.42387940522527,11.5040191009489,0.0163916867517467,1.83575988317644,0.892050877049744,0.85104717664164,0.808623605530915,5.07005554545455,1.39946378648573,1.26374243550137,7.83630265307624,0.458499417373991,10.54245,7.99031209999998,6.5098113,6.2504605,5.0222915,4.98586486153846,0.953181295540488,4.9603926875,0.92590069601734,0.472215177169433,0.479604830043121,0.437657692548408,"1014294"
"100%42",-7.19953491016995,134.453410439999,3.20310657021577,16.0010314902662,0.417620483860789,0.340155144893312,0.320607254776631,11.206184,83.7599579818369,4.30579580374942,22.5988723838882,1.45306241395436,61.831261,57.59857345,29.5257246499999,14.5332655,9.5024155,10.4273366615385,45.0127630625299,9.725897640625,13.7350019814797,0.0932078833667947,0.0591048246829992,0.032968131091486,"1014302"
"100%43",-7.60532368263067,53.5308046777116,0.230087758275999,2.10986130722995,0.753964619498402,0.501812875644777,0.476685098179352,10.1623277878788,23.9211033293163,3.51230403969862,16.7164452484644,1.11589946567503,35.817788,32.4232319,21.47071335,12.728519,9.3487055,9.7676284,14.0071382553488,9.4421945625,7.34203292224012,0.5466341577499,0.0403483588165077,-0.0665100513401797,"1014304"
"100%44",-10.5813012988915,36.1639144794352,-0.0632466298535337,1.90887930879594,0.828559500813494,0.857173866809997,0.742935866047368,9.75987771212121,8.91947535671281,2.82089768681411,13.1943020042537,0.963299130822548,24.555577,22.0730736,18.5743481,11.7124935,9.624066,9.53225156923077,5.63699643331449,9.357187671875,3.7329955723546,0.330173245407609,0.599176566060376,0.0739952139498977,"1014307"
"100%45",-8.32246003424046,49.5333171390732,0.177736992623968,2.53127372581767,0.816497259127347,0.7005295817835,0.665984559167418,9.77531946969697,17.8067566470814,5.25350547221627,35.8414258490101,0.961831581450644,39.036922,27.2615707499999,13.3228609,11.2007955,9.558808,9.32514096923077,4.70510171873243,9.14395571875,2.64479275862198,0.370114794838304,0.0185264111589669,0.0120951921721917,"1014312"
"100%46",0.506550056787708,47.7149043745337,1.76616671875249,6.34727403349459,0.626400037253916,0.51888116932862,0.411763332138292,12.9252412878788,32.6644384945611,2.55053549325107,8.7613069178939,1.04029148316849,34.849399,34.8014615,30.4424501,21.7354835,10.9187575,12.5879465538462,25.6582976355487,12.241263703125,18.2469236021347,0.471335170464136,0.353597784468711,0.223991955483113,"1014361"
"100%47",0.531495326779367,82.8573118709706,2.1205219250954,7.30076284166176,0.424010782824399,0.0906943380711121,0.129817993098233,13.9866330454545,69.7756248163138,2.44573287949246,8.15881504181219,1.38684980392348,47.035223,44.40762595,36.81312145,26.4252385,11.012665,13.4781932,53.7873649219084,13.017028,40.8040252888956,0.325714482536038,-0.0591613221530452,-0.00102681010607302,"1014363"
"100%48",-0.837630992094698,19.4531549265956,0.232227250339506,2.92102199374068,0.733298843159914,0.750731369353621,0.62946086711365,10.4136616818182,5.50155532230343,1.90888226674869,7.78193093666027,1.12455880592509,20.703848,18.0863448,16.30579205,13.2040055,9.8329165,10.2553511230769,3.93208725636226,10.155014109375,3.33913755903263,0.147033056498336,0.293403724418765,0.00225828505471506,"1014365"
"100%49",0.214745185092023,18.1433445515884,0.919741778155508,5.5645841993074,0.641362378315805,0.494672221638039,0.44637441510979,10.7236030606061,7.71563247428333,2.9556487857361,13.2406382953458,1.11861481508088,25.135822,20.44976985,17.80362565,13.4323515,9.832215,10.5018766153846,4.58960182265368,10.385866703125,3.78652486787121,0.224315713997543,-0.0202379146742997,-0.0527533097593661,"1014371"
"100%50",-6.0960302537641,250.639359821165,3.08443506581572,13.2389900955429,0.158003603969813,0.169476969155581,0.149937323817183,13.3759642878788,198.551607361463,3.938637400317,17.7260513371696,1.58185400004216,81.671315,76.9432787,70.37937565,15.291828,9.800745,12.3252665846154,128.744513674279,11.355389296875,69.6131197375874,-0.0462366298547731,-0.0328373629950795,-0.0470569403513726,"1014403"
"100%51",-7.74459015884998,45.1364668988226,-0.210472173014884,2.18823176681804,0.842309688474063,0.814507673584472,0.749316746966421,9.15195925757576,5.52875820084207,-0.790869426983787,3.56703803291332,1.08253488576348,13.672233,13.44355715,12.6685891,11.512213,9.5209495,9.08241658461538,5.29462791739332,9.01619771875,5.09233549583023,0.182002622917135,0.29635396459946,0.107371611755781,"1014420"
"100%52",-6.05575105482634,72.8030490721921,0.554718163769225,2.72064043200108,0.65171778644708,0.455516487518146,0.391697469954884,11.4701091515152,35.8844906134344,2.28519834746142,7.64188146257491,1.46875840123002,33.055222,32.17757965,29.45344885,15.2307295,9.5995015,11.1380304923077,29.1583281303274,10.816671546875,22.901274839739,0.331145047055198,-0.0048463816813564,-0.0734887560542142,"1014435"
"100%53",-6.96373224924555,65.0363271515595,0.483002656709835,2.5659642085613,0.888929826216425,0.801665074873843,0.758487891885432,10.9127342424242,21.3223095847406,2.82788338388383,10.9433447264172,1.2227991783199,30.614686,29.6932278,24.423346,12.8165145,10.161829,10.6096272923077,15.5866727850224,10.3191986875,10.3475442054031,0.758446725228025,0.56418066427467,0.501282012899565,"1014447"
"100%54",-8.52583605278938,77.3550064257023,0.6035435351023,3.19046469692005,0.901549473251776,0.765259806000175,0.684363492217289,9.79116790909091,20.8997511910492,3.72716417878798,18.0655334074774,0.955945991507541,34.236746,30.35939395,24.58086085,11.1812345,8.700294,9.41508209230769,11.8862100801147,9.120449171875,6.4293758554412,0.726616343894598,0.321672732629979,0.130705015107064,"1014469"
"100%55",-7.10729276596846,164.843380960409,4.09723118583433,27.6162078326203,0.37163553227041,0.3617107008863,0.34459000651566,9.81829784848485,95.4812856056685,6.91923751664245,53.5017220719848,1.29481645471358,85.128388,41.9682183499996,18.2045269,11.23111,9.0630245,8.65968107692308,8.35230212042167,8.502361609375,6.87409487452858,0.0355772220848614,0.0409814550296086,0.0368938945705351,"1014484"
"100%56",-6.21198537422546,58.6884577672055,0.445755354107623,2.55210532902732,0.636577479073289,0.615363804468897,0.505049706032897,10.6242095151515,23.7234529157741,1.91918578713624,7.27857322843853,1.51093223860253,28.537571,27.163575,25.01199965,13.526512,9.720059,10.3486193384615,19.0757327122695,10.09744571875,15.2730588653639,0.161887477814339,0.1486203135356,-0.0686434280448516,"1014493"
"100%57",-12.7858891147476,324.255594300437,0.883184439171979,4.20213623643274,0.646533633975335,0.426854418156661,0.399039356004784,25.3203930151515,182.29652771272,2.6156987420322,10.3313595919712,2.18347088024083,85.572022,74.8241601999999,67.2739008,37.5051465,21.5268225,24.3934448769231,128.39172151383,23.695891671875,98.770111360749,0.400954452583378,0.0537619211027955,0.0545485898430264,"1014550"
"100%58",-9.28122416511404,81.0020828240254,0.922861683018927,3.84178725822361,0.694374436533836,0.632136048741027,0.553358126031478,9.40352527272727,35.7999805194274,2.70308988843177,10.7631644594032,1.36156259639474,32.962778,32.9479034,30.98921435,12.1343005,8.1479285,9.04107523076923,27.68032727808,8.6676561875,19.049116569853,0.355839809386618,0.243147349266237,0.130982130903823,"1014566"
"100%59",-7.57024435924617,36.1384529416997,-0.0992966569381835,1.81411780267778,0.907804290757558,0.838570145347646,0.801049576694234,9.05559887878788,7.02120031167462,2.64439184065879,18.1287808789768,1.01363928226568,24.430182,17.4008843999999,11.3410346,10.7367905,8.996944,8.81906683076923,3.43668973517494,8.74411665625,3.12524864935694,0.306731057625061,-0.00534376224353183,0.0459089329640416,"1014582"
"100%60",-8.2529958786808,53.8237906120598,0.022324930519999,1.87520630602858,0.918467416235835,0.868495826759676,0.82691823839403,8.76836615151515,4.00860767810831,1.437996717,8.00125793859621,0.901240699583564,18.089265,13.75975345,11.29074035,11.1891195,8.625388,8.62496770769231,2.71311306187015,8.581162859375,2.63077924561521,0.420231697711213,0.28980734297907,0.330691005563113,"1014593"
"100%61",-4.55483281212842,297.043607614301,2.67239235833979,10.3608109027399,0.419444443065611,0.17645769585311,0.114989393931667,16.2567686363636,240.889186633655,3.25013035027301,12.7052122649023,1.73565376195614,82.146017,79.8432256,68.7477596,21.6645345,11.481063,15.2430878923077,176.776963162919,14.2530851875,115.832255103114,0.293312648139001,0.0336715248002369,-0.0309393796430677,"1014600"
"100%62",-4.32844032239819,255.730138300176,2.62292734285077,10.0328192579701,0.156624415012763,0.206205919934526,0.243285088372177,14.4722377424242,202.921531167749,3.40376114036961,13.63022581174,1.51520687697163,79.333041,71.2996929499999,66.65623195,21.465533,10.5550555,13.4743792307692,140.325774665386,12.63844696875,97.0974863600348,-0.0494320540593712,0.0238714941544839,0.0823156261827773,"1014610"
"100%63",-6.24324998673905,66.8199760825001,0.199232284707573,2.62472799285666,0.734901883856127,0.632936730990043,0.582283561932624,12.1053428939394,22.3667853959128,1.98551428705016,6.97395694839862,1.36608934585355,28.514977,28.18452675,26.0157112,14.9854415,11.2203155,11.8528869846154,18.5044467005468,11.60048534375,14.6526504399928,0.281513479816341,0.0833917209507713,0.0794087571493914,"1014611"
"100%64",-6.36868080708151,40.4269953245602,0.027551804466619,1.95325640442906,0.898072348905048,0.840254717716328,0.827664213894213,9.78955934848485,3.10378103471874,-0.207632790917171,3.89456161803883,0.901578550526686,14.229711,13.94701235,13.0670349,11.7533985,9.919685,9.72124932307692,2.84355838047468,9.65760025,2.62466068743875,0.251352526451213,0.154581924825284,0.269965640545135,"1014612"
"100%65",-7.62889122493067,157.976412205953,3.13103462273972,19.7991240396892,0.442385997594781,0.441266643908271,0.412740191446964,11.4837362121212,89.8974115933315,6.68277142008559,51.2646446587025,1.46003162233195,83.774494,43.2503447499996,17.3902338,13.471343,10.630489,10.3715707076923,9.64424948482181,10.198788234375,7.85444498245515,0.0392178669236342,0.063265014689918,0.0540707297028006,"1014627"
"100%66",2.46247267743384,265.013127650711,2.16384465769604,8.51232970015028,-0.0469699782248304,0.0123349422492326,-0.110981382623739,37.1578796818182,263.875878879642,2.13697312150653,8.4629498735415,2.18406383734029,96.589162,96.46278705,88.3723196,48.270149,34.697945,36.2435522615385,212.759862108109,35.30368996875,158.667061542185,-0.049336408073818,0.00943855201646428,-0.110155918675839,"1014653"
"100%67",-2.66134140318635,188.598410580845,3.15210660871587,16.9974959188682,-0.124156737997939,-0.00830251854177517,-0.100360272252446,18.0202686363636,182.951330473031,3.26955095398463,17.0690678270293,1.82539886129297,95.165764,65.4389129499997,41.9781601,33.8465375,12.118675,16.8334148615385,92.7969220605561,16.324059671875,77.3830978673407,-0.15391110452189,-0.0382754337475343,-0.127832099844579,"1014655"
"100%68",1.81832955139718,193.525792148725,2.65356924596783,10.3058860376757,0.0734510676663336,0.010059318014472,-0.048618632109237,20.9298397727273,192.250119472188,2.65671576865974,10.2930188451399,2.09446205232483,79.628541,76.4490647,62.16024455,33.424415,17.135288,20.0267828307692,141.384032150286,19.171935078125,96.0934534395763,0.0659739819089736,0.00525863345879004,-0.0507703198328149,"1014660"
"100%69",2.35896073504657,279.564721138941,2.55223164976192,8.85791386031922,-0.0254781607827776,0.271145835528702,-0.111337346274062,35.6096474393939,275.79056994375,2.55825014748267,8.87366991336848,1.83787695910643,98.889734,96.1024547,86.5719042,46.5717565,30.4929315,34.6361076461538,217.480039673588,33.699146640625,163.814930111183,-0.0359545437455902,0.266200097380514,-0.118557795645896,"1014685"
"100%70",0.74507836595179,102.316561873661,3.25746924924307,16.3118019525221,0.255402495867639,0.0790966572525824,0.0844357763772791,17.1233071969697,95.0416999892831,3.56119518284075,17.4084830749674,1.59677617972509,71.625737,56.5511904999999,40.35730395,25.3919435,13.997801,16.2848082769231,50.1005710204413,15.782475171875,34.4813867948649,0.20397042994466,0.0104986350225125,0.0256510505286188,"1014696"
"100%71",-0.845599613948283,65.1433167824536,2.75764251221453,14.464801966889,0.323685476575104,0.336238774583081,0.52931723761701,15.7073062121212,48.5064054144657,4.02012856486582,22.4670100903419,1.50455437870318,58.007215,44.5263222499999,29.9952497,20.735809,13.920241,15.0565383846154,21.3017392945582,14.709493984375,13.8059909480522,0.108503545405508,0.135584578655739,0.403801508301307,"1014697"
"100%72",-3.36708176868628,1.46527886146636,1.79546710391356,8.45366226522298,0.306842915330023,0.245413912036784,0.233799821079436,4.49238154545455,1.00726051388985,3.47187043513391,20.6895723561365,0.156798418768562,10.551024,7.77185084999998,6.08615105,5.4069915,4.2828885,4.39917166153846,0.44934338715127,4.369856015625,0.400502916379484,-0.0149128339144479,-0.0651700688688104,-0.0267962110256607,"1014721"
"100%73",-3.58503767262299,190.857292604695,2.51456775720796,9.42664661530617,-0.05317350146304,-0.173582916292851,-0.0993717786376594,10.9394275151515,186.156386907587,2.56676810748465,9.6172172717956,1.38921871306616,74.580651,57.2965666499998,43.0381449,33.453007,5.161631,9.96033176923077,125.750851662663,9.366122078125,104.765173514631,-0.073951183648157,-0.186685020729056,-0.0994758936459506,"1014734"
"100%74",1.05901722785172,133.288959574882,1.86081606346978,8.20233951202269,0.0774664578114671,0.269834601450072,0.118634076647703,33.5619515606061,112.052984774676,2.81228237218144,13.8185728532689,2.08732079580885,88.170833,74.7778195999999,65.4067026,40.1504785,32.1386995,32.7218149230769,67.1921252466945,32.177371453125,48.9747872254102,-0.0901879132234041,0.110401033214909,-0.0649994945342105,"1014736"
"100%75",4.16840682608518,348.030876020737,2.78921350258331,10.009654995332,0.0681582887088369,-0.0862635767775455,0.0725449077356836,30.7263967121212,340.753007325148,2.80035748247443,10.0699512590203,1.94500887360656,100,98.9767609,96.41234935,47.867801,24.536218,29.6606489692308,271.031356686576,28.586193703125,200.226703908746,0.0481492629238914,-0.108646458524235,0.0606654419852951,"1014746"
"100%76",0.689201810225606,523.814749875671,1.32031910514625,3.16247222497976,0.0234991866805247,-0.120549860492371,-0.0702199182188677,27.7178251818182,517.182964173598,1.32612028600421,3.15443823525993,2.20496828975815,85.308396,82.12252695,79.2416218,69.767176,16.2058655,26.8318164,473.328862104594,25.994703234375,435.175326190903,0.0140770221549086,-0.126696257717788,-0.0800185459134199,"1014794"
"100%77",0.836188559814228,468.009023991977,1.51763500214317,4.14107257409769,-0.19047793212894,0.124241592008579,-0.13362252048544,29.7695992121212,454.472639568829,1.56177004792698,4.21079538128367,2.19924014756851,98.986519,83.8128370999999,75.5307129,72.630966,18.6918965,28.7047235230769,386.623150945668,27.9713224375,357.702122778042,-0.219034810952833,0.107286289974712,-0.152517514483323,"1014804"
"100%78",-3.34188783980073,280.353297772046,1.56672720783642,4.11453150457886,-0.133412504912789,-0.232793806323847,-0.19282234647211,20.5229526666667,279.367578527556,1.61694171610166,4.19718654193464,1.88937772259898,66.434463,65.48373465,63.87276135,50.54684,12.0603415,19.8166217384615,250.737918184952,19.111072015625,222.298671415935,-0.133817944169313,-0.230711295016207,-0.18977823648793,"1014822"
"100%79",0.219653978255536,324.809434650043,0.822994021379927,2.49978793812318,0.571416713751703,0.437438533695955,0.413201705597864,61.6373519242424,323.97424123134,0.746228424720185,2.38153713778457,2.79126768960671,99.78676,99.26671125,98.74388685,92.677819,56.1375895,61.0504379538462,306.22357175655,60.45768409375,288.170101052419,0.619562023391223,0.489617788874287,0.453665583756069,"1014853"
"100%80",1.09463804701727,558.371301673127,1.41820041801768,4.91048293459986,0.333055017596377,0.369423614469825,0.113474229915767,41.9524587272727,918.590074890567,0.276236939496277,1.84098466183051,2.92326357616211,98.282429,98.13023475,95.81089055,85.4725675,41.599665,41.0858438,883.154815365537,40.195805671875,845.463197837067,0.638763971994534,0.658571542742087,0.579326983780823,"1014858"
"100%81",3.72755328041377,334.390635453792,0.580465941704425,2.10143712400964,0.263445882092247,0.000131398819076102,-0.0784815240955555,65.9574046515152,335.344735571776,0.578065309529256,2.07381810960201,2.77453104134661,100,99.7801115,99.28176225,97.4949795,60.2433095,65.4336724153846,322.400385309092,64.898859328125,308.846263839776,0.269121532328696,0.00602231887060517,-0.0707501924038978,"1014873"
"100%82",-0.46062675753287,343.83298308627,0.674194663387233,2.86025941948701,0.587647614642588,0.387866789279238,0.0982797895945996,51.3138890151515,335.509808942812,1.38859523321926,4.03850932806254,2.54578944316505,99.600519,99.1458323,98.07855655,83.4081475,45.210409,50.5710177846154,304.248892410718,49.815861796875,271.935844576325,0.656800318454193,0.511649609353573,0.24583796561056,"1014876"
"100%83",-2.30338509073374,198.372245491909,1.97681931497713,7.50903504926194,0.0111344452639258,0.0198628366174681,-0.0376486211749186,14.705901469697,184.52609039347,2.01814631715375,7.29137816848507,2.14852743778746,72.065993,62.0661498999999,46.11783655,35.304146,8.0611675,13.8234385230769,135.968057080216,13.153779453125,108.943745424118,-0.0461653629321309,-0.0288254925882809,-0.0886873673838502,"1014881"
"100%84",-2.93197898139554,552.224513628771,0.28399860209481,3.74268105100946,0.113763651907526,0.0450276880344129,0.0954610247283533,43.9318839393939,1208.7696299024,0.399744311261108,1.59319680508465,2.80079067611985,99.795345,99.53652865,98.79273705,98.3481025,35.023521,43.0724460769231,1178.61627874345,42.192372328125,1146.68772088279,0.584265999410884,0.559152660273747,0.589679256967385,"1014887"
"100%85",2.69317431679629,365.54394840004,1.1112196762027,6.32393971084549,0.00867332047627624,-0.107791857619204,0.16287188057415,46.7755643333333,1222.65758004937,0.137998779459622,1.49722174237446,2.94483250798974,98.963785,98.6353218,98.20497135,96.1343245,44.8717025,45.9726686307692,1198.92135705859,45.1525781875,1173.93886147843,0.721792490373928,0.642255713673628,0.674167296397123,"1014890"
"100%86",-1.02855892549689,539.32550918947,1.03085271508105,3.0438267930712,0.137246729674219,-0.056752143930272,0.0476823101802742,39.2514320454545,949.580058490668,0.608925593356467,2.05027733249326,2.86023586431338,98.786777,98.51691845,97.73330785,88.547541,33.6378135,38.3355036615385,908.819945372881,37.3974395,865.822572893747,0.493390497638668,0.374102428215424,0.410073164756276,"1014892"
"100%87",-4.36806495051834,512.725583290067,1.02332187501045,4.93453829591699,0.0159449978339787,0.0720708893837466,0.0124261557042829,37.4776007575758,993.634834100571,0.621731210540781,1.9006602316208,2.7892893541072,97.604656,97.5416502,95.1443957,88.764981,29.0580625,36.5525691384615,952.446413096133,35.60014484375,908.36610588557,0.523651109272538,0.498671958755984,0.438726123762408,"1014905"
"100%88",-0.177331902751356,235.692805093643,2.64503441153148,12.3869923713606,-0.0649028505399099,-0.100290573524126,-0.15367315171082,19.2272103030303,230.555990509413,2.69999779947352,12.4611054429263,1.92388929681301,97.47835,76.6118738499998,44.2617333499999,37.938903,12.229447,18.0233466153846,138.450012371516,17.283460171875,105.030217111016,-0.0878975618493949,-0.112399905516773,-0.164036246825705,"1014964"
"100%89",0.0842679488581338,84.0828368040917,4.64804482076852,29.7627274190174,0.268135336472416,0.000572301082464376,0.139974121860691,14.6120266515152,83.0173985010419,4.66212976867632,29.8986756538056,1.58761283468991,74.966212,50.6573774499998,25.0881875,21.503555,11.919394,13.6835007230769,27.3920028615948,13.31030534375,18.7671414814945,0.257686873114982,-0.0134008126919054,0.13557942740946,"1015048"
"100%90",1.52496776800981,111.879211750588,2.44294884469085,8.42294971480898,0.674288313858307,0.487493999178042,0.311339285729613,14.7974381060606,105.270507192014,2.56979395341939,8.80481214747728,1.74564971590264,56.2115,50.23645235,45.94739645,23.866469,11.686045,14.1602986923077,80.0975757077174,13.646879625,64.2151563142689,0.657137355551308,0.457769568029028,0.276215201230527,"1015164"
"100%91",0.8640080911556,17.9948762635044,2.2438448294504,15.293532912204,0.374854148012298,0.37795136017012,0.283659348431929,14.338600030303,14.8592736136479,2.87187881589373,19.8219237624664,1.34432504589497,37.281925,25.8501026499999,18.09331045,16.768568,14.243747,13.9856258,6.86488454405958,13.896424546875,6.45495223372094,0.258036767119799,0.274369642362852,0.171763468051509,"1015170"
"100%92",0.4407263693035,379.856678554056,1.22296122578269,3.2435678811743,0.101979028233836,0.117537661656933,-0.105064741298698,32.3867838333333,379.789672999988,1.24010498709833,3.29389854377868,2.46061607386437,87.115168,84.4440853,80.6700165,62.772368,23.4234935,31.5448086923077,338.843729931202,30.740730546875,302.112955053816,0.099686246202233,0.11689817899776,-0.103302569479433,"1015176"
"100%93",0.879775589518075,346.796518119301,1.04860209304672,2.61158528157075,-0.16428366445839,-0.104141497419844,-0.117661941499162,32.4744483484848,345.910568576757,1.04808458853131,2.59503358104046,2.47396741703229,75.511438,73.2732176,71.27683445,65.403623,23.2224345,31.8123408153846,322.298768196171,31.183345796875,301.618428784092,-0.165461478351523,-0.104212769220688,-0.117521497956613,"1015199"
"100%94",-1.28225655464582,146.061770475924,2.14050636667442,7.47379371405981,-0.0671363051576984,-0.232354790391626,-0.0439961776993572,20.0904258181818,144.763717404548,2.13559132410312,7.43472642060448,2.07483517263617,64.81733,63.24447365,52.4919979,34.1716625,16.627165,19.4023196,115.740500463432,18.730519109375,88.2134123349135,-0.0754941408084145,-0.241609235467657,-0.0497220629656187,"1015204"
"100%95",1.80498165928019,169.988232545367,2.79719231310364,11.023919574963,0.217336327055522,-0.189775850452209,-0.167921745698053,20.0046277424242,170.434858313623,2.80377887932215,11.1502627537547,1.99153563881454,77.46028,74.2867239,57.7845183,34.357815,15.691923,19.1206946307692,121.488641828822,18.285426015625,78.0381139934752,0.219471098844432,-0.18684951580665,-0.161248416695796,"1015242"
"100%96",0.348802390717166,241.279643295282,2.81468269651747,11.8292544839532,-0.136300900965167,0.0850874805512958,-0.0861023506681335,33.1452077575758,239.125278057582,2.81047274672886,11.7816254375805,1.85613256542265,97.951351,97.83900175,85.74790835,45.238235,29.5183095,32.1481901692308,177.197219772266,31.122716484375,111.612168239649,-0.1484272406349,0.0832748835423753,-0.0891933042805789,"1015259"
"100%97",3.34778059674608,259.460790517746,2.65273404301409,10.6288645449244,0.00702510494562711,-0.00980307797693877,-0.111387148506537,28.7786215454545,257.624941693377,2.63365418198695,10.5451338680367,1.803144807824,95.526231,95.05248825,69.1988565499999,40.6019635,24.5100875,27.7517352461538,191.991701203176,26.704146796875,123.657870195416,0.00349033669819174,-0.0103683935392163,-0.109309158632999,"1015271"
"100%98",3.96209728670787,334.042704910981,2.39664208137338,8.48321633772446,-0.214443234461041,0.0259821815379449,-0.170449714459544,25.4691492121212,337.513803170054,2.40190678784421,8.61488328526917,2.07337730864375,99.914066,94.4496921499999,82.20318235,47.9869105,18.8708105,24.3238428,256.13235589419,23.274100703125,188.507123408188,-0.200259337362532,0.0376232389218623,-0.154468919507619,"1015283"
"100%99",-2.56126746409769,461.536938262477,1.09613194335838,2.77710884077859,-0.115999164029624,-0.222930077029506,-0.104417689296841,36.3778403484848,458.840717389032,1.0973567023663,2.77375601973349,2.45252350191325,84.020687,83.59186575,82.36454785,77.068548,27.3292925,35.6448734769231,430.441936651598,34.89930959375,401.036334158791,-0.120799189647164,-0.227488897214,-0.106360649533294,"1015295"
"100%100",-0.2037994052348,147.947223140604,3.28715105296785,16.7559041059194,0.0982870755343571,0.0287087630645996,0.100446793169821,19.4247199545455,134.978396957558,3.51198024491394,17.8901416609691,1.80647224991012,85.851494,61.2217752499998,46.5802475,30.5769635,16.1287525,18.4027695846154,68.1257388123679,17.9409438125,55.326805634963,0.0204034806093905,-0.0486730830243952,0.0348933783175333,"1015303"
"100%101",-1.70708621487683,79.105371966443,2.3233135066677,8.95061264014351,0.0116481607706622,0.210949705593368,-0.0421606536811802,19.7035629848485,78.4840696073753,2.34047811009563,9.06308252800952,1.75145944324633,60.642257,49.0401437499999,40.5344322,32.5656425,16.2695895,19.0737369230769,53.5105795383836,18.70312575,45.4187606390564,0.00564495066177586,0.203560049648008,-0.0478847314255234,"1015323"
"100%102",1.77148863259557,36.4038480420434,2.14957400197178,8.44049201435833,0.216566464005153,0.113609465027246,0.169931868063396,14.4715573030303,32.4400881671615,2.49218513139424,9.62626867482253,1.48677548989049,38.61927,36.4571971,31.1438182,17.4307205,13.0529515,14.1000540307692,23.8301974808111,13.7689141875,17.0750605894247,0.131534580460921,0.020887903014058,0.0846456280845286,"1015390"
"100%103",0.053221424271284,220.680335739587,1.10719348121061,4.59130309782948,0.410074698892351,0.315063655058176,0.233640136573316,38.9745023636364,164.69536947917,2.01195923987052,7.89287574413542,2.30699128237086,93.19847,82.4174490999999,73.73045235,51.6531005,35.6593185,38.1402874769231,121.298788898106,37.53916253125,99.7062544544586,0.219523383992161,0.101428920874642,0.0145643597456716,"1015398"
"100%104",1.19150995263573,201.92001997006,1.62453758552429,6.29654062159013,0.255734397013409,0.081616254311347,0.18111016177893,38.8420176060606,147.497805403331,1.9844775099961,7.35951233713781,2.26788632160621,83.358399,82.1372063,77.4365436,52.706368,36.00817,38.1571502,118.81014039318,37.48023628125,90.8827393659869,0.08514794606131,-0.122486411409397,0.116674239675749,"1015412"
"100%105",-0.292586898218089,49.5729484095554,1.75694395266046,7.0468471375527,0.446790066746356,0.192943821860282,0.159275342972861,18.9925802878788,38.8385294718282,2.51067316277476,9.80303493738699,1.62492789235229,44.212545,43.54895805,39.4951597,22.3316955,17.9988225,18.6045808307692,29.5001691145138,18.220408,20.3678396033472,0.325428483516438,0.0264283941298822,0.00517804184132333,"1015414"
"100%106",0.0921479143493527,233.599883072391,1.44326482724263,3.42029073242292,0.398567905003919,0.174384926845264,0.114555510962058,15.778546969697,224.220236447847,1.4519612559906,3.42068668202155,1.50914726979393,51.837136,51.4725523,50.54871945,45.5439785,7.997719,15.2237994461538,207.358620765148,14.66048009375,189.972234183079,0.379769788595512,0.148710844001936,0.091803353237488,"1015430"
"100%107",1.77300971832796,218.122279288984,-0.852430101696992,3.89052543514646,-0.0337102722792806,-0.12378409544748,-0.229932659487924,67.870284030303,214.975226723954,-0.872819528324511,3.92251294766429,2.66343588821581,93.516854,91.6702976,89.81403925,85.511913,68.288015,67.4757214153846,208.0076805363,67.11321709375,202.716190636434,-0.0479256605797996,-0.139452352769442,-0.241521594086161,"1015431"
"100%108",-4.45413428482383,530.662445175864,-0.328137840350678,2.17115529677771,-0.213078728744675,-0.265005139523143,0.182499322879271,64.2796885454545,528.607900880673,-0.334116213611027,2.16285715080337,2.70395654301067,98.481379,98.0826157,97.1095861,95.874136,65.6828265,63.7535086923077,518.467224426387,63.220471375,508.099904001282,-0.214358774967008,-0.268958665495153,0.180393734927961,"1015434"
"100%109",-3.57870843288786,52.166986825278,3.92478430858404,23.1225473855665,0.130943853850758,0.0864075542763066,0.00914206416726867,7.20849245454546,48.4087276446533,4.43424717528293,27.2946686378214,1.15326176868344,52.211492,32.4055928999998,21.05239685,10.783939,4.4310415,6.51613861538462,17.5161239530752,6.2782520625,14.1114626070259,0.066239060927533,0.013573015807807,-0.0645907125833077,"1015435"
"100%110",10.1054880283417,633.680150315958,-0.448512626654868,2.78067809640301,0.420744307903962,0.0271859264018021,0.153581221269193,73.4228339545455,869.431696058963,-1.05653306098324,2.51983313184071,2.48551393413423,99.097303,98.93419395,98.5700984,97.155368,89.7522885,73.0278421230769,872.510344208851,72.6244276875,875.565009893044,0.611870257896449,0.400212784570063,0.533190859963225,"1015441"
"100%111",0.71576739609635,90.4620399940579,3.81662630244588,18.2960881702998,0.0747645508537847,-0.0253100502068874,-0.0118646275865619,13.7889014090909,86.1047740788566,3.97919249077717,19.1763676250806,1.54141484307665,59.572268,59.55581455,42.3318415999999,16.8227465,12.0039205,13.0845419230769,54.6853920653385,12.35856671875,21.2822514920207,0.0342218296130233,-0.0687421923470141,-0.0453836205808966,"1015455"
"100%112",2.08317587953621,809.305123545482,1.67234194377216,4.42355427157903,0.014131593450019,0.0840022863539611,-0.0973389962395279,26.8761741363636,806.708007964843,1.69046360607693,4.48918996658997,1.81109049132895,99.431954,99.4157274,99.4057683,88.2309125,10.86829,25.7599313692308,736.883037993426,24.609196078125,662.324374299315,0.00885465810368623,0.0811684117426031,-0.0965716277171954,"1015481"
"100%113",3.31041740805205,398.1798588198,0.246284571868371,2.35458887485981,0.0860121053765703,-0.232611292248634,-0.216998681614446,34.6739877424242,403.436603121767,0.230436114740962,2.30799378943036,2.57211052507588,86.298388,84.46613745,71.6381691,53.2197465,42.7820045,33.8797662,368.011321435122,33.10476971875,334.721227845804,0.100654269141747,-0.213430504330196,-0.198007784273765,"1015497"
"100%114",-0.308541806648707,598.647969765697,1.97528253823295,6.09798811209635,0.398021662888498,0.12085427832533,0.0588170219296177,39.8501265151515,1573.72375988193,0.660671643070505,1.55528696233973,1.73517634728348,99.213378,99.02880855,98.92728275,97.937702,11.1328405,38.9368457230769,1542.88549550796,37.999461671875,1509.87830551117,0.774952714421745,0.672351878318706,0.598361645294715,"1015521"
"100%115",-2.24689042935749,323.649514632855,2.30646831034868,8.419918544181,0.160297488958692,0.246035016853441,0.0691805323298581,16.166690469697,319.175501189332,2.37185908469031,8.85117814771182,1.85440546241864,97.682071,75.0964000999998,61.63438725,45.2538105,8.552538,14.9126076923077,220.286135087391,14.162259609375,187.131659986682,0.148383139445766,0.239544413421427,0.06283453868644,"1015525"
"100%116",-3.05685374469565,154.596832928695,2.6962354257254,13.8478091548446,-0.103951437265136,-0.149340601803563,-0.0132804652367336,27.9792114393939,153.253261922208,2.6761776463365,13.7406878935104,1.56384350428566,91.305257,77.4522567999999,61.03212625,38.678174,26.6043595,27.0049645846154,92.9666467662886,26.333277328125,65.0936055374592,-0.113555491850279,-0.157885888282423,-0.0215658791877223,"1015542"
"100%117",1.74625319775325,223.223147938875,2.79234190007974,10.5098781045482,-0.102469518486536,-0.162739623150815,0.0344440582409847,34.4706866666667,221.568850586841,2.78577780310428,10.4724877419306,1.90453953456906,92.319686,90.30426025,86.9882068,45.733794,30.549588,33.5807020615385,172.700810708227,32.711353171875,126.274373898202,-0.10992282929466,-0.166473838600295,0.0350260838491224,"1015562"
"100%118",-2.13204994723822,131.978535269338,2.36417540100254,9.51055440293245,0.0934453223393369,-0.219509291780317,-0.197462126237141,29.4362111060606,130.179954369723,2.37245335301136,9.49099493142018,1.6019541133654,76.710227,71.2109539999999,67.563679,41.322149,26.61618,28.7089185538462,97.2717287690513,28.091092171875,73.980486044196,0.0850394475841914,-0.230758048750738,-0.201795304763283,"1015566"
"100%119",2.21207139811244,209.237356844791,3.16479994184273,13.6649594504357,0.0191649376079019,-0.120571831281844,-0.0258100382232894,38.1098713030303,208.394897594198,3.15326158148757,13.6012799681454,1.53081139656697,98.310905,97.9056196,97.5354726,42.6190735,36.159133,37.1837015538461,154.986806257748,36.2383314375,99.3163724083035,0.0183207087002336,-0.120907323298815,-0.0256961898585818,"1015574"
"100%120",2.10636505700527,223.873998642397,3.0078098198894,11.9515447522996,-0.0612556011257201,0.179832228150166,-0.00327025816427565,35.4352964393939,221.643421280679,3.00611659244738,11.9424998594288,1.77709500245286,96.636019,94.27759215,89.82679735,38.561015,33.3311065,34.4937468615385,166.543289970664,33.5794668125,114.81150835192,-0.0694264979148316,0.176653373508219,-0.00827812483813082,"1015575"
"100%121",3.52372333809624,19.6983021240326,-1.16351454532158,9.74394222817322,-0.161943700132324,0.0161667151066162,0.016167912124463,37.0457903181818,18.9974237320044,-1.25707249747616,10.3875483218746,1.03413859820814,51.262266,50.4710171,40.4865882,38.57021,37.4384875,36.8270753076923,16.1324989057337,36.620545859375,13.6120323546894,-0.195938654958676,-0.00917047745951158,0.00581581350763426,"1015586"
"100%122",-4.14847288931735,20.9631792816815,4.54823446485172,25.7562686688304,-0.0339023264705037,0.0368526383447384,0.025439100772185,4.46603506060606,21.0480989650891,4.5638463014449,25.9770071911921,0.988691877521776,33.404301,22.6753431499999,16.1278969,5.5846825,3.094569,4.02083096923077,8.29027479574262,3.819621890625,5.78827927405622,-0.0259953369801622,0.0437683816115898,0.0316735113001846,"1015594"
"100%123",-5.26811652852464,43.4045657623991,1.83587518802193,6.44462149924054,0.316420819324853,0.27618815037479,0.263898727712749,14.0193616818182,45.1629940419148,1.71174930202736,6.45927123992404,1.77592681763227,39.889869,37.89451265,29.12342275,22.664074,12.3183455,13.6213538769231,35.4027352928777,13.258873625,27.4154273846047,0.352045938130603,0.331863521378809,0.32368766993105,"1015597"
"100%124",-4.86863070755199,183.282352291012,5.39160164916896,36.4616112150524,-0.00177535226262019,-0.026626473898501,-0.0231828955070963,4.91690624242424,181.781858700884,5.40142666592273,36.5494507291586,0.682258980368661,99.184896,51.7709319999996,24.65868765,17.857565,0.994994,3.46662947692308,45.760524708431,3.1107903125,38.2451346960749,-0.0106715666363176,-0.0270785005593826,-0.0235174687943782,"1015621"
"100%125",-4.22883292612646,5.14263326464271,4.83769877472406,31.5503316243445,0.0166701323651497,-0.101917142000128,-0.0684464741236588,3.25756504545455,5.12691655126444,4.93829240129194,32.3462426744409,0.75906399409486,18.563959,12.2939998499999,6.34894544999999,4.6403815,2.6617605,3.02208206153846,1.54594463338917,2.92996040625,1.01848405903527,0.0142228754798424,-0.104370518903366,-0.0703172321625972,"1015626"
"100%126",-5.36660114965753,0.435413129415792,2.74185558218542,9.04916225859754,-0.0796424549759383,-0.132600344290002,-0.139566406956211,1.08478810606061,0.440610324624852,2.76317439140968,9.10993548495579,0.184907399167776,3.467462,3.4605434,3.21015905,1.3894915,0.8745065,1.04813158461538,0.358704707749074,1.010495859375,0.272240360873621,-0.0671455765195279,-0.119663866960351,-0.126753703453365,"1015651"
"100%127",0.791176312212772,228.144094198498,-0.295863381042909,2.41891668874381,0.549198072909171,0.540781140088279,0.464312416478073,72.3219987727273,207.026029140922,-0.379344427789931,2.64139921675544,2.66411954815904,97.196162,96.72375045,95.7789169,90.3285655,75.3359135,71.9393193384615,200.545770712803,71.55603721875,194.130461466303,0.501797142402779,0.493587567271928,0.409322940212474,"1015673"
"100%128",2.26377959821872,223.049261118718,3.01359173367825,12.0097373565452,0.134881022305778,0.0207799291141339,-0.152493786361233,18.6006701666667,229.489334702606,3.03055362745867,12.0447211286079,1.48252997552144,92.683866,71.6728818499998,60.1136829,30.897427,13.025336,17.4609286923077,147.285238379195,16.79064203125,120.383096709398,0.157699482371279,0.0501019381749596,-0.116330861057485,"1015680"
"100%129",-5.91118709022239,5.52353397224888,1.18715080087663,5.15836553787751,0.428494080059369,0.312066377119371,0.267318714639475,3.86543590909091,3.39361895314281,3.57584108559905,15.0702937882907,0.782480088042937,12.013767,11.8875383,11.18738295,4.740754,3.362908,3.74007696923077,2.40864746451021,3.61383490625,1.41037378087655,0.126397163142774,-0.0342984206088981,-0.0728307918773087,"1015683"
"100%130",3.89049868267216,515.186688179069,2.50258059527402,7.97930889112441,-0.097623637215265,0.0798915098956473,-0.0990668310527085,22.932348030303,516.046809688755,2.56150353623695,8.13726169723299,1.28228998275638,98.302288,98.1751246,96.0691091,39.6671785,13.7029655,21.7728104923077,435.247189442935,20.58009421875,349.580739679373,-0.097527612307281,0.0758557230669356,-0.0943802474680939,"1015691"
"100%131",3.66802649199725,251.625940000463,2.64974061179473,10.3052541742492,-0.0820738807636836,-0.0479614640142796,0.185130378505008,37.6130109090909,249.855381040812,2.6532793832114,10.3239320177344,2.17847730791448,99.738013,96.82712645,94.83020155,46.163019,34.855506,36.6572416461538,193.408647637535,35.741577828125,141.932042959806,-0.0902545852942407,-0.0532458339504156,0.185165119775076,"1016"
"100%132",-0.207102425780026,353.407887513322,2.27127097492671,8.53441891762836,-0.157700479373352,-0.15801392638084,-0.0221499828674128,20.2934788939394,344.511647517946,2.4275748896857,9.31085664116522,1.63450893172544,99.340397,95.705753,50.5502531499999,46.2212995,11.9550095,19.0773724615385,252.203446285352,17.910633953125,167.661006577594,-0.176591157681921,-0.177962432199064,-0.0350829786892082,"1016028"
"100%133",-2.47157911761132,149.552123027768,2.89433227538262,13.3194061599073,-0.019735130287353,-0.00209678173014178,-0.11373940603222,29.5403985909091,147.897559103594,2.89020260081294,13.2711755298305,1.66239258378366,92.148956,74.7632870499998,61.1077825,41.480326,26.918916,28.5771900153846,88.9400360091099,28.00180590625,68.810377323851,-0.0298799115184822,-0.00559678688086777,-0.117839148611934,"1016045"
"100%134",-4.66489938352265,165.253655524542,2.33996638822311,8.27577794049849,-0.0996612888817356,-0.204391447635688,-0.120543064985175,11.2832709242424,163.303484106837,2.44647473651893,8.72474505946902,1.52270140316253,65.941581,59.8421655999999,39.3885026499999,32.3759485,6.1990275,10.4423738461538,119.146724268886,9.721819296875,87.2604660339691,-0.114459088539536,-0.217551198933423,-0.124602113181227,"1016091"
"100%135",-2.27617257103868,331.350219364952,2.09918166197331,7.83626661234352,-0.141206069982563,-0.187686322215523,0.0172418322052259,17.9225094848485,323.927249638576,2.19479925044693,8.06456369034729,1.76140717665874,99.431836,69.9407854499997,53.65704805,50.407229,9.107627,16.6685198461538,225.12640486593,16.084262515625,206.455824103976,-0.169733843037567,-0.207848026288367,0.00165608898984926,"1016100"
"100%136",-1.88030567820858,69.7034802459994,1.58203994282295,9.54946484316696,-0.120987165994376,-0.0157110022963895,-0.129047128776793,28.7054399242424,69.5489976218475,1.57081762856306,9.36481566524039,1.85528800599956,66.025119,58.6313657499999,45.98494265,35.716494,27.793796,28.1312910153846,48.8622822108327,27.71693440625,38.4658144006971,-0.121080758553193,-0.0159528552159603,-0.124276859235181,"1016137"
"100%137",0.493837505062243,45.5422793667278,2.07303583407998,7.45231201894156,-0.134803941095525,-0.217737789039257,-0.000996422800905985,47.4558310606061,45.271642078063,2.08715369868068,7.53708574331345,1.68009103378358,72.360711,71.829739,69.4348481,55.455678,45.295841,47.0726790615385,36.2789688895571,46.6903173125,27.3427948151526,-0.140040251491378,-0.221491718143763,-0.00440064564102408,"1016185"
"100%138",-2.52122818030898,548.251480102136,-0.33410295400088,2.20649656948001,0.117529139427772,0.314442335866734,0.192158750808204,63.3191487575758,530.299737822075,-0.322485158806056,2.18622402283594,3.04453818618072,98.967682,98.9639666,98.6651347,94.8359855,67.729123,62.7707097846154,518.606365060949,62.20522140625,505.924077620716,0.0927165732025657,0.298268357790524,0.177059741595171,"1016200"
"100%139",-6.87329769538404,334.902715260232,-1.48526488997531,4.47984198745874,0.43473197748652,0.264487697318608,0.394103861644133,72.7407697424242,467.171312029499,-1.38877832812318,3.38294124361468,2.4543445031586,96.338794,94.4890474,93.2365566,88.6318165,82.499186,72.3777232153846,465.659579451294,72.047796546875,465.86015595162,0.608197149870407,0.480587965944255,0.552337651266418,"1016236"
"100%140",-10.8502306826551,358.864110740462,-1.23878248760215,3.36957855396125,0.796498963144475,0.769401133976778,0.67430634186543,70.4604612272727,581.448321739359,-1.12842043776802,2.64088972087457,2.53318680353847,98.816783,97.2521654,93.3080886,90.3065665,81.579254,70.0242101230769,577.832888825154,69.611937171875,575.813543604018,0.860533367721751,0.827396614896993,0.756649823244357,"1016238"
"100%141",1.98679641529144,359.777218258772,1.97390730355527,6.34807110982018,0.256963925673947,0.213013662170023,0.00506684077845375,32.7528220151515,355.273797025887,2.24799772457873,7.01784248448123,2.28201158958193,97.665565,95.62082815,85.5555286,57.7205445,26.658933,31.7541644307692,294.916627673641,30.773451125,237.007791753709,0.256778549074452,0.258789462251759,0.0189382187306455,"1016271"
"100%142",-0.840100676104449,53.5359906993047,1.55907123395306,5.14714974653326,0.465470909015455,0.120879578346715,0.0319926919938491,16.1488988484849,46.1944170128676,2.17979046832683,6.99487306734035,1.51858539661985,38.938096,38.37651355,36.97514875,24.722033,14.095317,15.7982958153846,38.7922162214676,15.450236015625,31.5238790263623,0.364413061111605,-0.0528360304140329,-0.140365670365569,"1016290"
"100%143",-0.567020641672389,128.299606828247,2.15054733045678,8.10348577796978,-0.0652576985641568,0.0796747524555881,-0.0915487798875193,14.5645756818182,119.861914928758,2.22500138676839,8.00907875700146,1.9138774022015,61.174805,53.9678045499999,40.5733161,31.316177,11.3351555,13.8474952307692,87.7684557529473,13.28125121875,68.2987395994909,-0.134746250769011,0.0227851018583874,-0.159084745460672,"1016319"
"100%144",-1.66476987285903,221.727111815065,3.01010316494344,13.9089995861743,-0.121746096888224,-0.0686916826106982,-0.0646861813006058,19.0615147121212,213.055340375545,3.14079025739231,14.4960471309072,1.82289813125463,95.12584,80.2811666499999,45.9313821499999,37.6293135,15.3327115,17.8912943230769,125.951674753153,17.04134765625,80.9630628019085,-0.166317581061328,-0.100720094249868,-0.0959916791259844,"1016323"
"100%145",-2.90539566502034,48.9416637040589,1.87643066062455,6.07637428916193,-0.136838445812298,-0.00635220859758099,-0.0283916096859249,11.0710186818182,45.2862209192728,1.98348033557054,6.18454362546256,1.46987653368106,36.511942,32.20009615,28.40963015,22.989927,9.1072965,10.6796198615385,35.872191600259,10.37963996875,30.5834787489835,-0.216776798288948,-0.0859739544893037,-0.105813676369381,"1016328"
"100%146",-5.35936746634268,0.381797298467545,1.71235814125199,5.68303914467797,0.142177546046882,-0.0915427576993443,-0.0835766142280721,1.24620012121212,0.375836801604167,1.84316861881305,6.08813677190282,0.0785157640989041,3.250615,3.13687605,2.92966165,2.0118155,1.1480155,1.21536296923077,0.318857530051045,1.186296265625,0.268922917155226,0.126407084866287,-0.109614879077647,-0.107159616463621,"1016338"
"100%147",-4.19136240877988,42.3970686752213,5.63406695228536,33.5489532662134,-0.0186820256738609,-0.0328424629951502,-0.0353513811715047,4.51165012121212,41.6952468885359,5.63016066572857,33.4357272065864,0.156798418768562,45.908288,39.0186974999999,6.86089629999992,3.5195765,3.3313365,3.87477876923077,15.566774372962,3.38362034375,0.129626292690882,-0.0357686375989884,-0.0364844502974416,-0.0364881023962107,"1016339"
"100%148",-3.62600359496372,192.283583485965,1.21026743813117,2.84685741966559,-0.197855780690072,-0.331400576769491,-0.23656570737094,12.0563480909091,191.339378712895,1.208979404778,2.83396982030155,1.81787415271843,46.383739,42.9379512,40.42355285,38.058458,3.246379,11.5282343846154,175.875391735156,11.0664485625,164.762445273077,-0.202873433932067,-0.331757702564615,-0.237015713560637,"1016362"
"100%149",-0.982469808151942,258.457010903688,3.61536622422553,14.3814391896874,-0.0330512144860932,-0.00805657323905276,0.0142653991135229,9.69728104545455,252.597019670654,3.61865545531454,14.4143215943101,0.613910807010533,78.355397,74.7427204,69.91858435,11.046398,5.088029,8.64100233846154,182.845297013697,7.638558109375,120.384116671657,-0.0498423587550042,-0.0243104218690676,0.00398935708380638,"1016365"
"100%150",-2.21303649124678,91.2278857110729,6.29600644629359,45.4537545686917,-0.0210275141440402,0.0236904597504455,-0.0420057978799337,7.08148496969697,91.0007257109202,6.25481800261469,45.1502769476977,1.40374721027283,77.331283,47.0701910999997,11.0215348999999,9.708984,6.0822955,6.00071884615385,15.3090795650072,5.613608875,5.80776549837286,-0.0243204667283968,0.0292446663490259,-0.0368672177946938,"1016379"
"100%151",-6.41840339201878,16.8818073599142,3.60739039229802,16.8583938210338,0.404868260223431,0.236517088912086,0.0930473196150916,2.76620234848485,16.9541336342035,3.60682336454089,16.6842917304007,0.605982804832282,25.246661,18.5387890499999,14.5709063,4.9794035,1.394014,2.42034913846154,9.32041322903886,2.2249349375,6.98390853980921,0.408761992548309,0.249846362523995,0.11146441132853,"1016383"
"100%152",-5.18135030871768,28.6444589052334,3.47436148374684,13.6917009361465,-0.0898583426323905,-0.0756235848971989,-0.0480991086998439,3.19408290909091,28.4269499006142,3.48013908130878,13.7272438667246,0.369206256031094,25.939555,25.89297275,22.60529075,2.8038175,1.6595825,2.84415256923077,20.7825055695871,2.484406671875,12.6951200259319,-0.0954055058957048,-0.0804314365657035,-0.0517629205250333,"1016388"
"100%153",4.91820121212121,0.336695456887471,-1.10341889606689,4.67421538981115,-0.0728026959969285,0.270067345088703,0.113754836528181,98.6682012121212,0.336695456887471,-1.10341889606685,4.67421538981109,0.0785157640989041,99.736768,99.6095929,99.4170668,99.258133,98.8139395,98.6517617230769,0.32403843819097,98.63786559375,0.316549882120116,-0.0728026959969287,0.270067345088702,0.11375483652818,"1016391"
"100%154",-5.42040097659042,0.489204910437232,2.20140340689716,10.4459995497559,-0.0368902829193527,0.0215908131176314,-0.0278994125934375,1.66024716666667,0.483093278033442,2.31301918180798,11.345848854255,0.184907399167776,4.664799,4.5050992,3.95356615,1.819129,1.649991,1.61402329230769,0.349506809301099,1.570193859375,0.23010160576834,-0.0519354571397162,0.0221506233381862,-0.0263458275715088,"1016395"
"100%155",0.277904809703661,53.579419638393,1.9943739238344,6.61716766502185,0.382098662403623,0.154700425100182,0.110376816675985,18.6257865909091,49.9583977535434,2.35839897879822,7.62307509894018,1.46402755493965,44.607378,42.8124524,40.65516795,29.066838,16.5870515,18.2260698,40.1819366345256,17.857009109375,31.9564028257409,0.343621498613962,0.107507248249775,0.0698377661927241,"1016421"
"100%156",0.423154216215026,38.228167712815,2.79852754251288,11.7301233369253,0.161808863618291,0.157722057176845,0.197986043659914,9.95249762121212,39.6758064397329,2.93173404705953,12.0624374126757,1.4884497342363,39.544792,35.2714567,30.06198695,14.2229275,7.897283,9.49723155384615,26.606568783621,9.130462828125,18.2785420400024,0.187808142355122,0.182018204380197,0.226643334784469,"1016426"
"100%157",0.348501804042752,150.181366463472,3.98850486347754,23.8676241966402,-0.09822705249475,-0.0411613678598559,0.0450283946062017,21.5590823333333,149.976538232894,3.92093755972625,23.275039625897,2.08524276886787,97.175965,70.0460342499998,45.2539957,30.243214,18.6616865,20.3957456769231,62.9626259645687,19.848216546875,44.4601873589368,-0.101812266707343,-0.0471348561783014,0.0450483417606038,"1016471"
"100%158",-3.76051664329066,350.255698951042,2.48237496917245,9.32163105407909,-0.0869677867339631,-0.095214716906523,-0.0732329021189719,16.7416696212121,329.318756477138,2.72364796525198,10.3738769296346,1.6597387671319,97.932997,90.3911178499999,55.0037581499999,45.6619905,10.00024,15.4925722769231,231.409083300822,14.3857358125,155.39419789392,-0.152424109598583,-0.152136696963678,-0.116537603073611,"1016486"
"100%159",0.0368254377211973,91.7412471383137,2.81398317301465,13.1734573172329,-0.0292560131616739,-0.0753918574335209,-0.165356909648847,31.2481983181818,90.2196611403008,2.89063248996785,13.5252278533911,1.56852187192542,75.824689,71.88744595,62.42471945,33.5065535,30.364571,30.5624061538462,60.5671370112378,29.94982825,37.1221387888028,-0.0458856157066638,-0.0847467165153591,-0.174484099114004,"1016488"
"100%160",5.00217668110507,279.518417242724,2.23642680325129,7.22399126508429,-0.00668543999470436,-0.134120218517092,0.0750972332395633,38.1406136363636,276.844807665103,2.23457196405011,7.2234752163847,1.90461002779374,99.653494,92.7850336999999,82.1615158,61.4686515,33.6464625,37.1942616307692,221.99553873175,36.38344334375,182.731509877721,-0.0127192849089883,-0.136020961456193,0.0771216812682458,"1016493"
"100%161",-0.044367941418836,138.930047598445,2.51201321959658,12.6198048313802,-0.0405887070473847,-0.162939111551252,-0.0949486318239541,33.1026528181818,138.787696410711,2.4898414402637,12.4832676654272,1.98756453937576,90.252448,82.1517430499999,55.9473480499999,43.0960755,31.225572,32.2234252,89.9021722382441,31.511450203125,58.3578479280815,-0.0432180253556367,-0.160800721660192,-0.0905242026287826,"1016494"
"100%162",2.01090226264681,154.734881630767,2.58896733557626,11.4895685636818,0.164130714728674,0.0230489343485639,0.014037469754408,24.2512091666667,143.660595360356,2.8883485763829,12.8442016953286,2.04988533951052,81.89142,75.6337614499999,52.1704809499999,33.598402,21.884765,23.3644366923077,93.9706405613715,22.6003770625,57.4927691565215,0.102312249944412,-0.0396268726767484,-0.042971410712643,"1016513"
"100%163",3.61638305725177,154.717813667857,3.67595132175798,18.9316431037428,0.28403495745883,0.250103984901498,0.472715422966336,24.8517245606061,139.139972104252,4.04702530886392,21.3629859881277,1.82723255433118,92.496514,80.8325116499999,43.4497214999999,31.98197,22.0908685,23.8110354923077,69.8003604259045,23.0182095625,30.0337489841562,0.219858508225664,0.186615253295948,0.434146111330694,"1016514"
"100%164",-0.920336244096984,14.4974721385611,0.355753425288143,2.5030863704089,0.783399627833672,0.791295094409086,0.724146118081993,9.83649118181818,4.70278789557136,1.05382408601232,4.33538231172319,1.12133986476474,17.260476,16.31937025,14.503445,12.6361895,9.35167,9.72227603076923,3.91416183045726,9.627114390625,3.38669765498705,0.396538795988403,0.536123349850925,0.412901573377891,"1016519"
"100%165",0.443014056582677,173.610382616656,3.85121631522721,21.0861807948996,0.321157044265665,0.187847297521636,0.374415772011004,21.5492683484848,148.91183199765,4.23193594875058,23.7872709279032,1.62934191429204,96.982046,69.0921969999998,51.2569259,23.0492885,18.638307,20.3887640769231,62.3159524144863,19.862423109375,45.2823762531986,0.212678087526096,0.0608184292921171,0.292528815364349,"1016525"
"100%166",-0.381764131731113,44.3826010222553,1.54049085432827,5.86063031482729,0.595832201964859,0.429234246443367,0.37582951881533,19.7760706818182,32.8088969196439,2.3331331489155,8.70628398400882,1.59859684853225,42.290282,40.2672883,38.5775612,22.78936,18.5397135,19.4296982,25.3953720333275,19.121131234375,19.603292523472,0.460720007400781,0.248768787429367,0.193263702349433,"1016527"
"100%167",4.0592732552809,20.2726576552563,-5.54299018678971,35.8914512365041,-0.0111018860595544,-0.0595305338642102,-0.0613712115273343,97.3619676212121,20.2417936776436,-5.57546016493816,36.1815325264667,0.59815690079575,99.799007,99.796251,99.63095185,99.2062155,98.258136,97.3244747076923,20.4604284628314,97.285876390625,20.6832837023353,-0.0081607996929437,-0.0564876762566946,-0.0571102871184504,"1016648"
"100%168",-0.268746583064814,145.335018878078,3.26945202322259,18.2365512216371,0.00494416230700368,-0.0656832013442499,-0.014855279108763,28.3902650909091,146.840256890358,3.27060525322378,18.074949114624,1.90694754670129,98.093972,73.5974037999998,55.5751414,37.8841505,26.427731,27.3179003692308,73.2015754097798,26.8008840625,56.9704690328985,0.0159698013408997,-0.0528674871033668,0.00143133744202298,"1016659"
"100%169",0.724192377220784,183.553830547257,3.46505798407603,17.3143107055978,-0.103417695198664,0.00151520075953702,0.189796290215904,33.0025981666667,181.827566797787,3.41494663531446,17.0207062125112,1.73927599280695,97.98216,97.70962605,65.9620598999999,34.9727555,31.409938,32.0029126,118.666412653983,30.97853815625,52.3132802861733,-0.116464119357819,-0.0115551757459803,0.185870803309464,"1016682"
"100%170",-2.42113839535682,549.506592048642,0.548055013469812,1.80169266803488,-0.0362084270478097,0.0592164856114331,0.166281119503637,39.1340488636364,536.371571998807,0.562097072429523,1.80828952185382,2.6461334724248,88.397671,86.133942,82.333272,72.5302965,26.4060815,38.3761469846154,506.712035294497,37.648977234375,480.258980877771,-0.0563227459869158,0.0434898356296476,0.154880880407834,"1016774"
"100%171",1.12290305763915,770.90356652038,0.632815897911648,1.85704250375411,0.00026279360172114,0.116802587681712,-0.199346458659837,34.6040318939394,768.79194932381,0.638136063453501,1.86384269277367,2.62028256302034,92.163533,91.5812253,87.279442,75.34804,23.1890585,33.7185011076923,728.864642731114,32.819295265625,687.69602825727,-0.00164246523001067,0.11697623580238,-0.200297361751626,"1016776"
"100%172",-4.43352505633803,268.82610648516,1.98644081754357,5.35996388325797,-0.06389823853535,-0.195410656102489,-0.0693928330077407,8.49827978787879,267.810250097196,1.98755094386431,5.36506457253158,0.799913762008393,57.732454,54.6746174,52.5978996,35.596385,0.8668105,7.74083095384615,234.064311203291,7.03321753125,205.174976936357,-0.0658348422500324,-0.195823393263084,-0.0662090871137484,"1016794"
"100%173",3.95937854072685,779.259129226377,2.12118131781764,5.95167784466936,0.208791672041145,0.128437711169528,-0.01690641459118,20.4142013181818,770.507893207966,2.12804632950383,5.97556293950367,1.11533251092111,99.543178,99.3877643,99.1620018,64.1655195,8.630036,19.1968324461538,684.550720737326,17.945156703125,593.411834979204,0.201685259965367,0.125426898011254,-0.0174583415446071,"1016801"
"100%174",-0.950657472238287,495.46536798625,1.76486509239534,5.05911660132772,-0.058059346681679,-0.0190357968912322,-0.0380403746597457,28.5907641969697,472.752113152597,1.84076418244659,5.22411307038269,2.16151425400994,99.188191,96.2054632,84.4184912,66.5676695,18.458761,27.5046499384615,402.168706538422,26.456294796875,337.014439890174,-0.0991619129014451,-0.0533125185619973,-0.0672984508464373,"1016822"
"100%175",0.514355297184512,472.044733362443,1.76581501733503,5.19050493740273,-0.0828036504067432,-0.0159345545660457,-0.0560354897140992,24.9945949393939,469.627236842403,1.78817239523303,5.27752611333046,2.2810826681765,99.34982,92.7678764499999,85.22108475,59.665411,14.9175555,23.8506684,390.486788038397,22.829213953125,328.76914694385,-0.0889379973028165,-0.0176632088909444,-0.0548017292827725,"1016830"
"100%176",-1.32071456659023,301.125647983418,1.48053474157686,3.84090937087799,-0.102726212996087,0.0179428519565549,-0.0448236657204743,19.6473734090909,294.775884009639,1.53383388971404,3.94549220865682,1.95499173526797,69.528389,66.4244557,59.5027857,52.7569025,11.232456,18.8799731692308,260.443291152719,18.163205453125,231.118580251634,-0.129956431989863,-0.00492949448323054,-0.0534251635799679,"1016840"
"100%177",2.03565010665927,263.30371832035,2.88251893912451,11.2285828690799,-0.0156123917370394,-0.155524318180775,-0.0912126891136154,35.1655032575758,262.02112839293,2.86243709158147,11.1257721980121,1.93448458103015,99.32235,97.9091668,96.08456495,45.9041195,31.94546,34.1784748461538,201.75336706893,33.194572546875,141.981620685179,-0.0187454997910794,-0.154912727514918,-0.0907746226165484,"1016953"
"100%178",1.52592422231248,62.5306247856763,0.10802121280744,2.09669546792042,-0.136867970810651,0.433910780402163,0.0136867979115807,87.1287921212121,54.4128071241985,-0.071248010170966,1.65338075745802,2.08413077789384,98.312129,97.70329545,97.33370475,96.7369585,87.723349,86.9567407846154,53.2962175137698,86.793948265625,52.4063796368722,-0.38788358999295,0.363320746418172,-0.091715124529312,"1017015"
"100%179",-0.882310328755304,295.1045571973,2.30249392844058,8.06387330869159,-0.0249365258849742,-0.120725757082939,0.0304902157831193,16.5679036060606,284.769274581891,2.32378969234931,8.05730921797736,1.91853573930093,82.715807,76.2357567999999,71.564585,33.9387515,8.4709235,15.5502435538462,220.798629541064,14.6565520625,172.334116816849,-0.0600912206898811,-0.154662432452389,0.00762863937627504,"1017021"
"100%180",-1.46143438547884,346.545037264986,2.49519183264554,9.89669342347481,0.00531059688914786,-0.182190862215798,-0.145640701396232,17.7022389545455,341.536634769119,2.52459282365812,10.0617551120439,2.01774792364537,99.083094,92.9933778999999,60.8296620999999,35.9724215,9.234293,16.4502258,243.333606550577,15.305474640625,161.956105055053,-0.0103371580108547,-0.193183507431215,-0.154204993644217,"1017025"
"100%181",-1.57508376069234,278.542023934859,2.11225404155766,7.92845408025887,-0.0696634511681278,-0.146604679302998,0.107525907706388,31.7201726969697,279.695713777238,2.07272745327681,7.79540262025181,1.92553756205292,98.361936,88.6979036999999,80.8983,47.196555,27.000989,30.6949148,214.62257690871,29.8699260625,173.736637567789,-0.0625386848436569,-0.139791915117923,0.113035473659798,"1017066"
"100%182",-3.66972009856076,240.633224430137,3.1510270039528,15.4592369309973,-0.0475090383204064,-0.0392200467232971,-0.0564603276179579,18.8521297121212,227.906862066526,3.12360417307777,14.6370271077401,2.02016638018125,98.304567,82.0017583999999,44.7003852499999,38.40196,12.87828,17.6297845230769,132.800689245073,16.761135484375,85.8298751060719,-0.10646808304221,-0.0918493597257773,-0.103525222339025,"1017069"
"100%183",-0.921977317415879,105.57074942453,3.21754995658059,18.6348915816821,0.0623713492845672,-0.221160118664925,-0.00933113907525216,20.4503749090909,104.680852029323,3.20421027851066,18.4652709780887,2.12153702773122,79.833282,56.8401260999998,44.3738822,27.4820125,19.4375985,19.5367917230769,51.205466983275,19.14737915625,42.148812836711,0.0566493502066681,-0.228624877229246,-0.0107208932856053,"1017084"
"100%184",0.195159001364605,98.8567238088127,3.2856072398551,17.278313285636,-0.0693750055022925,-0.107173319504312,0.106140709569937,18.9019098333333,98.985407088952,3.28184063336213,17.2956399795597,1.92628702368267,74.83204,59.1373583999999,38.2487556,28.0524675,16.6959015,18.0414462923077,51.6420241470357,17.531369265625,35.5373235196185,-0.0680896670928572,-0.104169900445062,0.110208763766957,"1017087"
"100%185",2.13046348348388,131.197831332796,2.06861137887965,8.24735952554212,0.0521145524180728,-0.0189250004683971,0.0477415613953459,26.6055308333333,130.053805550977,2.07012101067467,8.20233680760925,1.77079782174665,72.733275,66.4438970999999,60.4326338,40.673484,24.212273,25.8958732307692,98.8161150788003,25.315225796875,78.4452731151895,0.0423996477834185,-0.0255933023439407,0.0451451877061145,"1017089"
"100%186",-0.726645666803562,354.611141001147,2.18478672721866,7.74844341964436,-0.173890077950035,-0.0767624952327924,0.0848743962443572,21.215183969697,348.185056468411,2.26348459282741,7.97579874100461,2.0016729354652,97.44642,88.0626722499999,79.55959995,47.0551225,12.4723645,20.0423957230769,262.76321973178,19.058528703125,203.949264698399,-0.197457545720279,-0.0929836145646759,0.0721118219789564,"1017096"
"100%187",0.795895208925397,218.84020471561,2.47080974716679,11.5040680041992,-0.043641626321867,0.0535121507995999,0.157086851641609,33.8590588030303,217.156786920724,2.54182480466804,11.7711823919049,1.89919029559359,97.947683,96.5362821,75.3081812499999,41.460572,32.083806,32.8730799692308,156.335479359413,31.890217203125,95.9869721195934,-0.050663102704446,0.0478523942356419,0.15677119710186,"1017103"
"100%188",-4.43694388093603,113.435661771756,7.46244699843981,59.0751315310243,0.00110101041617173,-0.0291763180631244,-0.0311995363354275,4.92732636363636,111.581329004476,7.79649324679524,62.5445624485791,0.727082822886618,89.596671,35.1090611999995,5.48764845,5.352074,3.597442,3.62472106153846,1.31044701377852,3.59120765625,1.25791810665694,-0.0115753863804733,-0.040887039106512,-0.039515758759044,"1017122"
"100%189",-5.27838884301763,6.08896882463258,0.150358420647994,1.71903249050297,0.753115453445434,0.707173257747417,0.646011221304628,3.91783692424242,1.45627645454483,1.8559712525346,12.1386771272796,0.571336332734998,10.187188,7.09250744999997,5.38067115,5.1041475,3.6878465,3.82138536923077,0.864689145056694,3.7963110625,0.83733305717634,0.0951056649553495,0.0740955486315466,-0.0165602554257684,"1017125"
"100%190",-4.38535651851461,7.72649634781273,1.38615180485636,3.26386171661008,0.0713292389336828,-0.214476449724051,-0.0748328203795778,2.36712618181818,7.68687857269603,1.38525329985185,3.25664233346266,0.774992758456263,9.050243,8.9216379,8.38108355,8.1151045,0.837784,2.264309,7.10742763316102,2.16137025,6.52971608357759,0.0672303154451573,-0.218020677402181,-0.0776614811591926,"1017142"
"100%191",-0.902918123395489,142.828217691931,3.2796718590512,18.3053569726087,-0.0948213211609425,-0.0698781782689343,-0.0439981210560879,31.2117350909091,142.030964022916,3.25128875023574,18.1934104567599,1.84877223045262,99.072103,78.2525821999998,57.0612703,36.8707515,30.036055,30.1677294307692,72.2794997624462,29.59156784375,51.8313256130607,-0.100252238746928,-0.0720194201985949,-0.0452622314382616,"1017283"
"100%192",2.4514351915641,156.130475083671,2.89627392996644,14.9864352322854,-0.0162483817468123,-0.142080757587278,0.0180063437829545,27.0215846818182,155.604895629449,2.8624485386467,14.7997448761464,1.88603592405704,92.883217,78.3737642499999,54.2776276499999,38.15989,24.483915,26.0083288,90.2374432860882,25.31219359375,60.1481286876858,-0.0176885789661542,-0.143882452393014,0.0188105262143328,"1017306"
"100%193",2.81440952666702,271.142732603321,1.91083854403851,7.66069272591531,-0.0732300560395824,-0.0980040313795632,-0.0429638211141814,38.4391784242424,267.872570531766,1.88870075224752,7.60566588700277,2.1359175834511,98.982207,95.71487865,88.4666969,52.152654,36.226774,37.5077472153846,214.73445661042,36.625750328125,167.524979401141,-0.0844752783270727,-0.106960466225136,-0.0495595331515011,"1017312"
"100%194",0.887600624985016,601.398304631076,0.828704403664868,2.5094251698723,0.343323781028869,-0.0645844149705615,-0.201045502583999,35.5382834848485,541.636190615372,0.957434785943562,2.56319735274826,2.59595597874822,99.023591,88.5328269499999,82.838734,72.4592405,21.944188,34.5615864461538,487.009206130316,33.806549453125,457.563469021369,0.313936229599525,-0.0827128928071519,-0.187883324497577,"1017330"
"100%195",-0.0746148180409556,40.5366926668927,2.23791797346751,8.76931779028586,0.623495906237327,0.302845322129742,0.150328289186881,15.7420351212121,34.8785538871666,2.86850958738307,11.1520732714063,1.46542064945681,40.617577,38.8842987,37.50639785,19.3582285,14.24595,15.3593344769231,25.7488013367018,15.00633978125,18.0517847713214,0.575965652771231,0.225515153068347,0.0661381401209454,"1017353"
"100%196",-2.09072672363672,108.524094531367,2.71875647691748,12.2071795525383,-0.0156844587033588,-0.0722538820700274,-0.0446274937699493,16.8299589242424,104.806769488976,3.29031605856207,15.374292771311,1.65379703590028,71.811881,58.4499109499999,39.6281079,28.339272,13.8225925,15.9840832,59.1958024303337,15.4329750625,40.3789251940909,-0.0562770527009253,-0.109963254940791,-0.075823664969491,"1017354"
"100%197",1.74825917876328,197.708606824656,2.02288198618479,9.54874670182004,0.333983154968981,0.416715002984165,0.201905406999051,36.1755190909091,159.480383186342,2.5279095326817,11.8122942001774,2.34268721587366,97.691096,87.0816614499999,66.29267685,45.3573725,33.4687045,35.2291256,102.820325327138,34.508191796875,70.6434322586371,0.186403002525395,0.298359419749821,0.0470394473664736,"1017364"
"100%198",-1.54837113570334,207.721643052777,3.91733749338858,18.3267315847693,0.130628652148126,0.156756625212397,0.0197327886534393,7.96149363636364,207.5394416579,3.90174351603369,18.2169102103168,1.4741932356454,78.351623,77.17238,56.4185718499999,12.537848,2.9024095,6.87856856923077,133.332393877313,5.79014928125,58.4130370124894,0.129187076733701,0.158027333156176,0.0209574506314484,"1017520"
"100%199",1.81814618054162,187.785781347941,2.93291978331727,12.6009733468361,0.11138688671349,0.0388675487523485,-0.123952238096125,16.0081651969697,182.825802979496,2.93540774425582,12.5114589946266,1.77208865319959,82.914891,70.0153335499999,53.16039265,29.8557885,10.427688,14.9788309538462,115.709594692316,14.22741553125,80.8169231838854,0.0966808957774794,0.0254241320747284,-0.137179025384229,"1017547"
"100%200",2.47546188348916,291.635458199058,3.31313689852919,14.6100742258783,-0.0156394329910355,-0.0348150594694088,-0.00684571072643345,16.4356990606061,285.570038081142,3.33071575786676,14.6902703424743,1.9387808904048,96.409975,93.3937605,65.4760218999999,29.531032,10.752787,15.2053255846154,190.051376514579,14.00900809375,99.9945192408404,-0.0312629366431011,-0.0506779537670644,-0.0182031408189659,"1017554"
"100%201",0.901994884756926,13.4223517320519,0.256641244458845,4.16203341270841,-0.0819214593342889,-0.142470428051532,0.028001428405248,86.1893542424242,13.3298091598054,0.388078833672412,4.57104415518482,1.55435195240895,98.475133,96.131012,93.5162951,89.430028,86.407386,86.0003422615385,11.1769982382671,85.86177271875,10.1035401534808,-0.0890838505026024,-0.142355378658517,0.0339944929566258,"1017567"
"100%202",-0.940763023726516,25.4815034935197,0.365959818430778,2.7708966575232,0.495243205320493,0.437613394307137,0.459224642845672,17.1865810151515,13.7753813471972,1.47237442384521,7.63144741073682,1.43344123378011,33.723922,28.6007793,25.6555213,20.197287,17.4813705,16.9321603846154,9.71513971300165,16.792941578125,8.60711682577784,0.107478918236695,0.00675826936371885,0.0866351117518567,"1017695"
"100%203",1.40562165795961,140.2543361837,3.84704517468351,19.7304623877822,0.0767009300043765,-0.00866315818480422,-0.0262699884773931,32.9719018333333,137.827583290997,3.9011312641294,20.1371184921406,1.78433574822735,93.442518,92.08413175,50.6527958499999,39.270392,30.995038,32.0415846615385,82.8256650003172,31.11484859375,28.2952329588458,0.061074058574529,-0.0219282577829911,-0.0372028940690348,"1017719"
"100%204",2.767378147571,257.396904298192,1.86839925718225,6.69642832209033,-0.0766849393132541,0.0305407892360558,-0.066812385139398,34.332998030303,259.069586440239,1.88536120470542,6.77308231054346,2.03134381593918,94.108706,85.9631360999999,80.06914305,53.3078805,30.7041695,33.4133717538462,207.238248154378,32.660814125,173.664051774044,-0.0668656734141002,0.0407431426384544,-0.0569304098551647,"1017721"
"100%205",-0.786013140756783,230.976815725995,1.85200536340243,8.45791677765624,0.0291634208090306,-0.323823217652927,-0.0280741557891308,33.6310805151515,230.20246667042,1.87483658842246,8.64183116585384,1.9448112856891,92.854609,90.43516795,82.09237235,48.050629,32.761297,32.7199493076923,178.953477985133,31.838504890625,131.248249154008,0.0270557120784831,-0.322336149294926,-0.0267186568131319,"1017730"
"100%206",1.81902359400806,1289.13913409263,0.998503342519581,2.31472609765561,0.183934805003746,-0.0494261414002268,-0.181993769790259,33.308049530303,1253.74360639221,1.00274378852671,2.31352777364695,2.06368491994324,99.588937,99.43641385,99.3403552,98.327187,9.604459,32.2883435692308,1204.40515326242,31.24043821875,1151.84711825034,0.163444857827318,-0.0734194844077559,-0.207123818395057,"1017790"
"100%207",-4.7369126500361,255.293231690027,1.7797199037816,6.39775286285404,0.025140149380294,-0.0790107815606048,-0.151923003341333,16.4515480757576,243.242414958602,1.89772455397125,6.5454315506994,1.79801403349023,82.51616,60.8219062499998,48.0056974,43.8056455,8.0097685,15.4351694307692,178.804919658734,14.9085254375,163.570743311375,-0.0305990454898099,-0.124810225371977,-0.195760918117397,"1017816"
"100%208",-1.73107415965876,311.838294979644,1.8988406216919,6.86307273776675,0.0656070182312511,-0.168889238860626,-0.0148852535779286,24.3518057727273,297.572674948977,2.03614615038107,7.22866998438441,2.38714121271966,92.76674,83.2652421499999,77.48362635,41.7180015,17.796428,23.2992683230769,229.033600629552,22.44224046875,184.869962338395,0.0183682665155356,-0.22168875354113,-0.0557362875356066,"1017821"
"100%209",-2.78675147794623,53.590391890139,1.52629343402823,5.04269968928218,-0.147721874015763,-0.192953692233776,0.209568448924219,9.72909554545455,50.7663314678958,1.67921746448832,5.48938838251959,1.69370320616551,36.874572,32.71825555,24.5706747,20.4383875,6.642988,9.31147283076923,40.0363756518226,8.980710859375,33.5507177095434,-0.206884083591938,-0.255305344826582,0.175698438323972,"1017830"
"100%210",-2.06908925670962,242.21640851194,1.56802922156144,4.86681594560053,-0.0793206256975767,-0.0170221007800036,-0.0266578403893308,17.6162253333333,245.423437572238,1.6739253741799,5.22457858127062,1.98124565114728,78.321868,61.8574297499999,49.87598675,44.130299,9.4179775,16.6822923692308,191.631951190788,16.114953765625,173.704449503957,-0.0633951528385523,-0.00178633074419143,-0.0105526672517269,"1017833"
"100%211",-1.21545815581685,315.143927557644,1.26921333776068,3.44624419310216,-0.0343940294374086,-0.0987054858035848,-0.234417452957982,21.101905469697,315.780186834243,1.31300014200955,3.50024454186748,2.3135848537456,76.661224,67.1800867499999,60.63739975,50.7437815,12.3633885,20.2471467230769,272.417917569821,19.59358871875,248.910473305563,-0.0329014643828719,-0.098944928959181,-0.232867784734001,"1017835"
"100%212",-0.696268601385838,339.220078204572,1.28536250637635,3.38510589629369,0.000415431057047211,-0.0722932788920308,-0.0817614721774485,21.3919960151515,335.953192710933,1.31581777459344,3.39455658616237,2.30382109287395,69.105068,68.7910348,65.551084,52.585671,11.3709165,20.6579487538462,305.55922816725,19.908511390625,273.825927616892,-0.00693082657937321,-0.0786563720285529,-0.0853930941782692,"1017862"
"100%213",0.791684191545073,346.649477254169,1.34001653236371,3.96707217230046,-0.094393071704805,-0.20930841128307,0.0347721588818563,22.8321652424242,343.668429427439,1.36687388197073,4.01458615999346,2.20262148684574,86.051397,71.5897523999999,63.39377885,51.65759,12.405022,21.8595616769231,286.522428122727,21.2041999375,263.081905444668,-0.100068607693917,-0.212486666081081,0.0354323216598443,"1017863"
"100%214",15.3609796314336,1128.71565822948,-0.613330488121516,2.49047533129701,0.341677653193175,0.0634986832148527,-0.0789406905287125,71.1570024545455,912.144369484917,-0.719298917686066,1.95747586856256,2.54472438097975,99.165869,99.1521189,99.03574145,98.933993,84.1930505,70.7260968153846,913.922501573885,70.28205590625,915.386339276945,0.303533697565259,0.0620168868394988,-0.128015911003909,"1017982"
"100%215",3.64050010224852,40.0965014749549,-0.421181076100523,1.61075569060903,-0.180703946234157,0.237211383167618,-0.0871616997754275,92.2217293030303,40.4030578857945,-0.43903071012774,1.59722492191867,1.56357123586591,99.148982,99.13242585,99.07351725,98.893281,93.958074,92.1151561846154,40.2750266401969,92.005650640625,40.1248787607491,-0.174274082523631,0.241049547663751,-0.0789964800957419,"1018041"
"100%216",0.384826052365609,352.075228158472,2.76449522108334,11.4493301193431,-0.0973811395501687,-0.114256720122944,-0.125792469743856,17.1562591515152,350.323789590699,2.78914654908571,11.5891046413808,1.80702816675426,99.462349,98.8264501,48.6233965499999,43.06105,8.867748,15.8900116153846,249.890120051693,14.599479875,145.538961936392,-0.0982005056045016,-0.11256422783131,-0.120334266104351,"1018062"
"100%217",-2.29363977646013,61.852036001551,1.95734585408241,6.9856590458671,0.154898309164753,-0.132732583646928,-0.136354701492205,10.951500469697,61.4314329153336,1.95167281931891,7.04763368162899,1.82787004229217,43.899481,35.1178295499999,29.91469355,21.0877895,8.043696,10.4446084615385,45.4185243595541,10.13297346875,39.815624835205,0.154205443539402,-0.132603704595012,-0.130438272254225,"1018070"
"100%218",4.06583026122938,359.607630279965,2.0227139540908,6.57865340941509,-0.121982320873374,0.181455481873368,-0.109440878014946,36.6113244242424,363.470615036925,2.07626597229852,6.76273992150515,2.10572077862195,98.827074,97.8838694,92.8128949,62.8300165,31.168335,35.6541590461538,308.595543626122,34.6897554375,252.962518170284,-0.109600420374611,0.19667990687987,-0.0865099588753817,"1018099"
"100%219",-0.992058934939166,142.61109075088,3.31140854110237,17.3124058431547,-0.00323645027692175,-0.126940525279131,-0.140421166889185,32.4481317575758,141.291305271421,3.27958526692343,17.2533443628998,1.95014634710803,95.934024,86.4688734999999,52.6072049499999,37.816734,31.287258,31.4714257230769,80.5040089236673,30.69172528125,42.2462534290682,-0.0124506203634793,-0.128688390200774,-0.141899169629573,"1018111"
"100%220",-0.0830837613262191,132.945021533279,3.06436779711316,19.2215381898371,0.0158623080281305,0.0398647618967425,0.00145514091734069,32.4917934242424,132.521493946286,3.0331774938912,19.0174462859367,1.64390096584428,98.54873,79.7132379999998,47.1590347499999,39.1853945,31.865712,31.4755328615385,66.3964410945578,30.88029040625,44.4035027491009,0.0149442511370721,0.0435293177694421,0.00675485884779424,"1018135"
"100%221",-0.694932316350013,519.94760424577,1.88030868583284,5.71526587376891,-0.0894257277451299,0.0720090751423676,-0.0320780401254946,30.3891690606061,513.903000747645,1.87193755915,5.66830844364305,2.40153776956406,98.980477,98.85096515,98.65324305,60.3453575,20.94989,29.3339181692308,448.314607471757,28.248803953125,378.783787183838,-0.0983488687358232,0.066146841430898,-0.0340390395890191,"1018200"
"100%222",1.79217242988641,102.268976754988,0.775746935819354,2.96650852806531,0.196882566831076,0.181585274869728,0.0531185023874543,59.3851779848485,103.722390122376,0.773600802110043,2.88839489550468,2.36642573522708,86.36676,86.3179788,80.4182192,74.7639765,57.0239135,58.9700767230769,93.9457214045749,58.543176171875,83.5677580614485,0.213689764174092,0.200671940549906,0.0774102542788591,"1018206"
"100%223",0.61824611019844,217.316606327433,2.76007465911577,13.1671227801711,-0.0375229031128821,0.0187955938887564,-0.0694560344391555,33.1300653484848,215.4909201899,2.78391950941639,13.2454705117083,1.92585438644426,98.846306,98.37308,74.8755194499999,42.734829,30.57802,32.1190462615385,151.343631900684,31.087808453125,84.5840340115414,-0.0465784331704275,0.0154952028215358,-0.0737795505020703,"1018440"
"100%224",4.07826102397303,231.212929199971,2.57480357837474,11.1147559085342,-0.162188369051951,0.0262030525950947,-0.0162113244373101,36.3573271060606,230.012882469868,2.60363234473975,11.1926811580861,2.00219187175321,98.773056,98.3723934,89.00249,42.53837,34.3843635,35.3970851230769,172.695274251801,34.416466890625,112.888850253872,-0.168872288998394,0.0220479301052575,-0.0196128818283976,"1018486"
"100%225",-1.3421181468931,9.08136479249008,0.47148581417484,3.2064493816469,0.201833658798538,0.224662377513662,0.11081179873297,15.2269352575758,7.26681840529634,0.602471467660982,3.07933346513252,1.31994388159418,22.815392,22.433283,20.13071005,19.1352805,14.5474255,15.1101897692308,6.47906801430362,14.998981296875,5.77642737098637,0.00470646933051529,0.0651957051533856,-0.0750427774050234,"1019543"
"100%226",-1.30058164015812,9.59901930813745,0.571619411068185,2.89163903299412,0.128552266729409,0.0643801925089282,0.188908950472376,13.9736378939394,9.04805242066507,0.645239882013173,3.08959611524622,1.37951622102524,21.544551,21.29788965,20.3274779,18.867991,13.1795915,13.8571623076923,8.29186012249107,13.74297621875,7.57392034788886,0.0760892687633113,0.0122396578011881,0.143469810405481,"1019571"
"100%227",0.427449100267638,337.388580671079,1.99972572698893,6.47211146296156,0.176607613796652,0.026971960195462,0.116007495512266,40.024538530303,327.715056003663,2.03021972059973,6.59877126905748,2.30173649634855,98.830198,97.89494355,96.0873769,63.786077,34.72594,39.1198360769231,278.736715172015,38.20934375,229.207218316501,0.155846794344078,0.00717655969578785,0.109581490484987,"1020"
"100%228",3.13243749868822,280.981190211904,1.73797616109508,5.92645414355402,-0.129039091366678,0.150566653779477,0.0376182947191519,36.0955667575758,280.03020707543,1.73318038188836,5.87687520579569,1.95796299995892,89.148672,84.5809829,81.6604344,57.312497,31.963976,35.2793651384615,240.370148626411,34.5474574375,209.306154821456,-0.133341360011568,0.151235400212411,0.0372533591473239,"1020003"
"100%229",5.10954016384942,270.164282720423,2.39497556174907,8.94894098143785,-0.0480336153151351,-0.101195505869071,0.0136894531150971,38.2083595606061,265.778319611833,2.40985687773908,9.02223623639683,2.00529317211827,98.494417,97.9125305,91.294855,48.1110455,34.2935675,37.2808817538462,213.093021422508,36.338407921875,158.685899825459,-0.0607204934690742,-0.108755341374137,0.0124672320142412,"1020037"
"100%230",-2.66714473685137,98.7371167718194,0.520833052546906,7.84155268729743,-0.0688380454303015,-0.213882240710829,-0.00132176750452444,34.3006593939394,98.8190789344831,0.517553611954114,7.87260422093531,2.16544468440147,73.281451,68.9841489,44.3667715499999,40.71805,36.278042,33.7009549076923,76.6027713821099,33.1858101875,60.5503743067246,-0.0659412797004077,-0.208568069548254,0.00700964245927505,"1020042"
"100%231",-6.52923654977726,0.205645404300943,1.8090345398875,6.73613066786054,0.751944923069817,0.652630206866353,0.53118013706774,1.13709116666667,0.0289944502489268,-2.52635168344948,11.1065020786328,0,1.479558,1.4742917,1.2578884,1.23142,1.178345,1.13182244615385,0.0276083972687086,1.126515671875,0.0262092580150017,0.0103089657539675,0.0863958224653269,0.0403583368618889,"1020047"
"100%232",-6.21800288976634,1.28538865293022,6.05829427868241,44.2453789416865,-0.0144404806217637,0.00640208560914751,0.0213767931598993,1.27070610606061,1.17072913389094,7.58854474779617,60.5034217114279,0.0785157640989041,9.871338,4.51261189999995,1.5340212,1.2332735,1.152914,1.13838869230769,0.0332190845062746,1.130751890625,0.0299472846055349,-0.0978939918148686,-0.0496723587292065,-0.0163136630934687,"1020050"
"100%233",-4.05084228856385,342.462140084753,1.96408681318079,7.47723683315032,-0.0297540636099311,-0.07602061120606,-0.1080547024638,17.1513810606061,329.430671473699,2.04288988117846,7.68612565990001,1.82122869116107,98.711504,75.7577166499998,50.307327,43.347803,8.227384,15.8966099384615,230.585098098341,15.154400953125,198.381168691699,-0.0691513445395535,-0.108609723404087,-0.137867760258153,"1020276"
"100%234",-0.837490673003492,188.52814860071,4.74013112250446,29.45515017823,-0.0296526524476001,-0.104156769552312,-0.114465411016532,9.80812684848485,185.560589868578,4.69211393805866,28.9058512371294,1.25840297305295,99.09729,60.3961924999997,38.46709955,17.04151,5.2512295,8.43444741538462,63.8736859693585,7.94815534375,49.5005136818752,-0.0443981734451928,-0.112401260123594,-0.120520979359818,"1020278"
"100%235",0.241056464195074,535.647253929323,1.9055496844693,6.0014134657224,0.336925970627931,-0.0188528494012595,0.062000474053471,30.9775512272727,554.677038349718,1.90820842238945,5.73815827297636,2.41955284133215,100,99.97308805,99.3967822,62.0374615,20.9207065,29.9156674,488.789111914263,28.821246625,418.57224765907,0.385087578473078,0.0708112193196728,0.0804659569229141,"1020321"
"100%236",2.02986303396592,724.053922376251,1.5892066920516,5.14385695691933,0.42181251228042,-0.0596674511350665,-0.188071578387846,33.2984853333333,667.042689385305,1.94150944917775,5.1283515113064,1.75242162757696,100,99.6160437,99.3048455,95.360885,22.3934215,32.2723081846154,607.804274930258,31.22329271875,545.773042630433,0.493927546781038,0.128931968640001,0.0171858986327913,"1020323"
"100%237",1.00282852133446,33.5957442792096,-0.185687944515218,3.53068727563081,0.562963177906908,0.298697481476453,0.140680303512241,34.6401178636364,32.086540244447,-0.560738247653344,3.76900166379827,1.48663614138408,50.195038,48.47885405,43.9794927,38.1736965,36.1525085,34.4008114,28.8005188116134,34.19528103125,26.5047493069417,0.629468233204084,0.505893310735159,0.427278310467121,"1020327"
"100%238",0.0796619866833954,295.515965380738,1.41937942139491,5.86062846068595,0.170985627980073,-0.280438651319169,-0.0820005892336385,45.6740758787879,331.76025005233,1.7426483062029,6.38530779031016,2.21788855621352,100,100,100,54.2927935,44.844393,41.2211312786885,97.2146670988606,41.2211312786885,97.2146670988606,0.361125375399497,0.00330134681977836,0.13729535808282,"1020333"
"100%239",1.66776870738809,395.489874603184,2.65047695147835,8.97403601535743,0.393485838126312,0.123823587507075,0.0582456174606318,32.4298255909091,427.411321713617,2.5767538577335,8.4291756555011,1.76674998310111,99.82203,99.63277015,99.08527965,47.7539495,24.2611975,31.3930224461538,363.039470284903,30.32836871875,295.035270655236,0.436764566598356,0.198716999592177,0.0829926546637651,"1020341"
"100%240",-1.2007364279511,496.777551725747,1.93212682909552,7.9892383762519,0.202131694811236,-0.193356333639777,0.0142724238807804,29.7292006363636,501.323768808571,2.35575179888463,7.42493856088876,2.00237512787284,100,100,100,56.425586,20.008194,26.3829720952381,278.856929340277,26.3829720952381,278.856929340277,0.290853766604232,-0.0234247739927173,0.144387988071973,"1020348"
"100%241",0.462770972764878,422.382921151262,2.68242280198975,9.07355452929672,0.0395065628588453,-0.0743091980112452,-0.155424516705981,27.4963370454545,424.447060122737,2.69113278837732,9.08554927765572,1.80758746228731,98.261448,98.2348942,98.2194142,40.2942925,19.4156045,26.4076430307692,352.750207491488,25.285565640625,276.423180967805,0.0470395628853474,-0.0671600120156289,-0.148868368604405,"1021005"
"100%242",-0.355695523748695,430.511587773156,2.77063300651587,10.018798994372,0.135113930391152,-0.0541374163356723,-0.128653304796981,22.7391551969697,425.916275494651,2.76980207245108,10.0260211159451,2.23480350208725,98.164936,98.13404995,98.0705536,35.447328,15.97839,21.5787585692308,343.598491557104,20.382842,256.003149351238,0.125386199973663,-0.0657774172195223,-0.133691323948496,"1021016"
"100%243",-0.431646338221541,354.66650850796,2.95744101605696,11.9992311918518,0.0110253403130072,0.0062098272752406,-0.0843991648639135,22.4998513030303,352.355354172537,2.98209882701502,12.1176987006007,2.20948634708917,98.12523,98.08066535,97.8409392,36.3852975,16.327486,21.3363839384615,268.434889419696,20.137629484375,179.223388889379,0.00295698243066087,0.00222471805408192,-0.0890560498604067,"1021017"
"100%244",0.237925464715286,427.098991159611,2.64997179320441,10.0139735451614,-0.170233226427871,-0.176080330309829,-0.0130761665513316,19.104755030303,427.197289553307,2.65463578248197,10.0437748600901,2.19028875870266,97.848145,97.8178199,97.77673115,37.635801,11.1455725,17.8933182615385,336.909338595262,16.6447530625,240.844068354566,-0.16810992964097,-0.175330997205191,-0.012097908070866,"1021035"
"100%245",1.4491356348454,404.212706422891,2.6704330673051,8.84008163973018,0.076164218066882,-0.0726343731906588,-0.134738736919333,31.630844,403.734218753927,2.66662824264964,8.81523991153665,1.88607567930427,100,99.8289421,99.4565764,44.0686715,24.638248,30.5790108307692,336.926215378058,29.49841984375,266.291690213572,0.0685414097240191,-0.0821201904588012,-0.142379749349979,"1021045"
"100%246",4.07014060418906,408.921493727014,2.5274947352431,9.02916542063609,0.117769133425475,-0.0818824050182353,0.0641717226464305,29.1253766818182,412.615865924155,2.48400897036826,8.90272860924116,2.27665181816327,99.564188,99.37707965,98.8684047,44.3238515,25.2565865,28.0417026615385,341.45674309586,26.928661625,266.266082020523,0.126757382072394,-0.0711253230785086,0.0747738864079049,"1021047"
"100%247",0.693927787120108,387.510650334504,2.69410934702964,9.60482875858184,0.108136618487882,-0.132011063998799,-0.159993500541308,29.7371807727273,386.083750822563,2.69890770800448,9.63564028103929,1.98093060879671,99.950342,99.6977429,99.13097995,47.4757875,22.1456045,28.6569782923077,315.012232520714,27.549091578125,240.152455508786,0.111435851706372,-0.128582466838753,-0.155891869747702,"1021070"
"100%248",0.324359210879862,45.738615776395,-0.652023137123858,5.11779038756152,-0.0416851122199079,0.0617458498797028,0.0818206724527271,22.4458134393939,45.0612296625776,-0.646416311812381,5.11108567661943,1.69175346691878,44.613435,37.9908033999999,29.46923755,26.834885,24.2672675,22.1047731076923,38.0781178317817,21.912273140625,36.2644329970438,-0.061259714312082,0.0463980707392321,0.0714519768656026,"1021078"
"100%249",3.12948227519237,31.1189655086112,-1.06024341811138,4.24586452662152,-0.0950152728816601,-0.0497664548762853,0.0412849804407235,19.1254016666667,32.0224238547291,-1.14825652978202,4.39599829322345,1.62419345863157,33.570746,29.43024925,24.9824953,23.33228,20.8168135,18.9031656,29.2554111538042,18.773515828125,28.6199378355118,-0.0608926640256943,-0.0176781745426915,0.0721255496004938,"1021093"
"100%250",-5.31984309338299,0.461336786494829,2.89566933226253,10.0012344019688,0.0600186621112744,0.105243761879795,-0.0350128348521289,1.13319689393939,0.467086183611216,2.90178712576408,10.0084288852996,0.228631873582861,3.782499,3.59915025,3.4845495,1.412787,0.8897525,1.0924384,0.36462930623584,1.054813625,0.278311099048734,0.0714705175255266,0.115916476993794,-0.0242526100052975,"1021255"
"100%251",-0.567654289354532,104.303126161774,2.34696539509438,7.88300944973024,0.378251805947372,-0.0493578352422863,-0.0145203592185043,18.4910862878788,98.4778556517213,2.48456587886035,8.29743133167212,1.60775169234819,57.086844,52.2498755,48.2851972,28.0213045,15.125452,17.8973054,76.7229005593567,17.401242140625,61.926576655983,0.357497271537863,-0.0902645927827269,-0.0447401566563113,"1021289"
"100%252",0.0934191298167207,85.9161508831529,2.75119212002611,11.0590984003988,0.695861673977672,0.256175772227752,0.00248839374008153,17.7805498939394,79.6032178117048,3.00100799290199,12.0126314277387,1.548917487348,57.771029,55.20576045,44.3933218,22.327725,15.272986,17.1653117538462,55.84569674544,16.59251253125,35.3918540456482,0.673607429812105,0.206744187576075,-0.0522670822123312,"1021290"
"100%253",-0.883305543852235,69.2804298482133,1.7646360275385,7.35975524536391,0.440211124080569,0.211912482315461,0.284701674482348,18.5197238787879,54.8253030382178,2.47154516308655,9.584264929481,1.65406319527425,48.351803,47.6245804,41.92037575,24.08382,16.597589,18.0607688153846,41.7665457240552,17.60495271875,28.9142075941645,0.313311203749398,0.0412095290691998,0.151296350610109,"1021292"
"100%254",-2.16261343625975,44.6172670202037,1.80823357330708,7.27309926989353,0.6191019194744,0.304063569663256,0.272559064032599,17.3714840757576,34.2312531808796,2.67621031281611,10.7882286787587,1.41383304043821,41.210842,40.76536125,36.9842974,19.86151,16.431426,17.0047247230769,25.8800679418046,16.6372128125,17.5052187163618,0.519852364082274,0.124853986039199,0.103513767480337,"1021295"
"100%255",-3.9192778030303,1.54519128958831,1.22978455807245,3.56531834641596,0.00627216284219887,-0.200758085530806,-0.00650565487889756,2.3307221969697,1.54519128958831,1.22978455807245,3.56531834641596,0.535959889216217,5.509827,5.4868963,5.4625695,4.0520225,1.743272,2.28181289230769,1.41108353782791,2.231926390625,1.27136861984755,0.00627216284219887,-0.200758085530806,-0.00650565487889751,"1021315"
"100%256",-10.2374018177811,528.036499049838,0.855038036414829,2.62821251608047,-0.046807547664177,0.0252151349958081,0.0436423909295782,41.2097423030303,498.522296295627,1.17244051165395,3.13272905679917,2.4056969625478,99.140376,99.0369558,94.43277155,77.5554785,28.1573345,40.3185017846154,453.767432414934,39.4018960625,406.246755308464,-0.104518701456029,-0.0239614538132522,0.00146114755891652,"1021316"
"100%257",3.0726874126829,14.2979965611761,1.59627355092837,6.22675335849311,0.0323489253381463,0.139030278311815,0.0399020399629138,51.2836245,13.9462133807892,1.67703214494449,6.69376700156603,1.20178731307792,67.691931,61.6526418999999,57.9957472,56.2201335,49.0966265,51.0311890153846,9.95500803278611,50.916040140625,9.24870291500202,0.019796938269024,0.132812452302624,0.0332953191543684,"1021327"
"100%258",-4.67397001136584,2.10691511272742,0.932078459981375,4.2982515152813,-0.191118648033131,-0.0292350985542663,-0.168773584961776,1.93258801515152,2.10607560944283,0.919725407927633,4.21085028121137,0.727082822886618,7.62157,5.04420429999998,3.505589,3.4033345,0.892034,1.84506521538462,1.6329009010486,1.816763234375,1.60634983923802,-0.194379697737156,-0.0319449466128826,-0.174952958075945,"1021329"
"100%259",-1.68908372817072,157.519746331622,1.82471700128742,7.88871953011902,-0.0649488507945591,-0.0800833203206437,0.0750470753205375,30.7184092727273,155.975811426755,1.80492560458089,7.82444957802868,2.0037223752788,78.588696,75.08463635,67.9391442,42.113046,28.8821715,29.9819433230769,122.57822102523,29.306695015625,94.8560877421641,-0.0751518531273623,-0.0901581735126254,0.0691299498978692,"1021488"
"100%260",2.36465502957231,266.308170036167,2.18969844230627,8.52824024857586,0.0751421667363487,0.0649378793965292,0.10591462515977,36.0828289242424,261.763999217799,2.21837707365458,8.61614936049458,1.90132979425941,98.893162,98.087708,77.7953530499999,50.1524515,33.521873,35.1165161076923,204.162947344988,34.139367890625,145.289781919596,0.0566642958707013,0.0529129015785732,0.100422283116626,"1021523"
"100%261",1.12973860474002,182.182098738682,2.7957111670012,14.9925709037702,-0.0257240801589931,-0.031744018336204,-0.00845782015255056,33.2463726969697,180.249266551508,2.78698755949074,14.9619908399337,1.97693295616616,97.518871,95.17986355,53.8267480999999,42.7847755,32.608227,32.2575650307692,118.491452542132,31.294083265625,60.003569223349,-0.0349192269064884,-0.0396987360782591,-0.0163248943495097,"1021532"
"100%262",1.08934593581955,166.098573027571,2.76351602669784,12.6498541046715,-0.13437195954609,-0.00674869481810951,-0.100817304125044,28.4350355454545,166.584348103643,2.78087411345111,12.682071796961,1.94220425995364,90.366734,81.4899088999999,67.9234122,39.5025175,25.478409,27.4822401846154,109.231130252297,26.7130551875,72.4809052763088,-0.132589932983699,-0.00243211891476209,-0.0931935181409586,"1021552"
"100%263",-0.746600115630447,0.997347188421032,0.866899003631651,3.22359685522593,0.319221565565531,0.285395268110317,0.325997275798984,6.385881,0.605904356333121,1.28738551526795,4.5500918413957,0.670477648797395,9.356761,8.50830299999999,7.7529738,7.458787,6.0654085,6.34017515384615,0.477350353220992,6.313436625,0.438337272374391,-0.101508588705357,-0.139603747606432,-0.0576350374913127,"1021587"
"100%264",-1.24513689697775,78.4345565714699,1.99295327196814,6.32238676791335,0.246256909578089,0.0347824049034587,-0.0899771853396288,58.8234277727273,82.9240581303332,1.90165730732746,5.93041016885097,1.74784314335814,92.708275,88.91361205,79.9127049,73.5508385,55.122254,58.3021224307692,66.2637017402365,57.85574415625,54.3475904223479,0.280318946272139,0.100568416115265,0.0182871492323264,"1021590"
"100%265",-3.75838862484342,339.919455497253,1.4108074388395,4.98276981148492,-0.0540594007759669,-0.0966733927425384,0.15599144318872,29.7186017575758,306.307267290714,1.66446066604278,5.47142673062178,2.16360418717619,99.832646,76.8385410999998,62.5320903,58.9914795,21.469361,28.6399241538462,234.225692183497,28.08028078125,217.527422831963,-0.164568716649366,-0.203611091781977,0.0754737619433785,"1021617"
"100%266",-6.56369241597556,0.748760396738727,2.35901844709548,7.96944899491617,0.0174011721468824,-0.00275848182399642,0.282668055819674,0.795269075757576,0.651067637945676,3.14377203671781,11.758029636363,0.228631873582861,4.091023,4.01143375,3.6790351,1.1692185,0.522185,0.744565169230769,0.491405578097618,0.69418996875,0.334135836729343,-0.0980850821524236,-0.114512782340179,0.205094174295021,"1021845"
"100%267",-5.96080925549804,4.77698553946098,0.00446402823881136,2.08759469394185,0.783724433040439,0.806420740207526,0.751975737129644,2.90295916666667,0.821137293728472,0.876278024964597,5.87584384686409,0.718465485446548,6.63665,5.34556474999999,4.24943935,3.9619475,2.848914,2.84551776923077,0.616002241970793,2.81731703125,0.573933971528687,0.0279396764216463,0.182408644688762,0.129936789091692,"1021960"
"100%268",-2.13359836276495,393.854483170212,1.50495176453785,4.67851941279888,0.0888418921408348,-0.00890191399927583,-0.047321141916477,30.1555483030303,380.64430546342,1.56919798316326,4.90233567306325,2.72181457261664,98.839456,88.6500403999999,76.0801408,59.798142,22.320714,29.0988728,312.807205866832,28.2541140625,271.309692360632,0.0599854605614469,-0.0387245045002194,-0.0752721861457782,"1021967"
"100%269",-1.57111272915676,11.5579031635405,0.28573801296667,2.49946380637422,0.448768592088945,0.112279340254734,0.111651049921824,8.75619433333333,8.66572127209492,1.19129063471876,4.78952734589019,1.30669087193682,18.61321,18.47253765,15.3230223,12.0231995,8.5462055,8.60454793846154,7.28126254177396,8.451544140625,5.8733717290829,0.290052465242537,-0.126819760457179,-0.103671211718427,"1022000"
"100%270",1.72975091751495,196.62588619679,2.28509457373506,10.7802421929397,0.244141133668261,0.185974418136482,0.295766000934236,34.9517911363636,162.413046195252,2.99650201960053,13.860420327469,2.11204879306211,100,86.7676568499999,69.03114875,41.459393,32.9442105,33.9510494615385,98.813771062105,33.23711978125,67.2275229891594,0.0928785353254014,0.0341031067716741,0.177290423062142,"1022001"
"100%271",0.876274279409435,176.620776751943,2.55072331905454,11.6238774710449,0.174001111831513,-0.070275673302971,-0.150965874202271,29.1615603181818,174.775152354125,2.58704335552082,11.782065911911,2.21872752461943,90.012816,84.5065815,65.18196875,36.7445765,27.429906,28.2253871538462,119.620268072812,27.392319984375,76.3792756861557,0.167393455115939,-0.0776829902421041,-0.156210430057723,"1022033"
"100%272",2.59781168227866,135.208660242855,3.73566718845555,21.1450794514968,0.0581878380234808,0.0347377415854948,0.00273126173945256,26.7158639242424,133.067141233191,3.8062048195933,21.6954294417581,1.93193241576784,96.695208,67.9577154499997,51.49766555,34.609928,24.755757,25.6392586307692,58.6151167977167,25.21981453125,48.0953100772836,0.0480529085505354,0.0257267469136034,-0.00496026568604664,"1022052"
"100%273",-2.32940975808638,35.4047390373414,3.33107974418611,15.1439660877547,0.0127782690886358,-0.000413803539824299,-0.04358781341015,54.2556887575758,35.2024712167023,3.3634490059698,15.3648066193836,1.15461258509341,85.628481,78.1412850499999,72.0153993,57.75128,52.1501675,53.7730304153846,20.368748728037,53.455269671875,14.1238375693866,0.00771575069307499,-0.00410213979940903,-0.044672445871792,"1022062"
"100%274",2.9792157292448,22.8442097652741,0.486222044913449,10.6015127815127,-0.135089766126266,0.0297434950492626,-0.240323669830927,48.8441330606061,22.2708011491903,0.598087950431767,11.1987321650955,1.17337998900526,70.20354,62.6312466999999,56.3678643,54.3169415,48.3266735,48.5155268,15.486611941551,48.358677875,14.1294872103501,-0.161346524294971,0.00800888445619394,-0.260528752156948,"1022085"
"100%275",-0.491173866787964,131.847853425532,3.93911225271497,23.3268011788779,0.151270773015144,0.211376242836734,0.129716741149405,20.8782604545455,124.608427957344,4.30930533473172,25.7032050308118,1.79484631296302,91.851026,62.0681969499997,42.24304525,29.588887,18.0297155,19.7863717538462,47.838899003972,19.376294921875,37.6557862731417,0.105921950696825,0.181258691570586,0.102013990119749,"1022086"
"100%276",6.1934935435716,544.185343471842,1.16520869737583,3.08876184557363,0.117544278688751,0.0177169903753412,-0.140893128551512,44.7378202575758,565.828264953871,1.21635117703163,3.15867869256094,2.64616418982909,98.884929,98.87342335,98.61382215,90.735828,32.266775,43.9047878153846,528.733073900897,43.0459996875,489.055920021887,0.12768983142742,0.0392891352659257,-0.128684265553058,"1022116"
"100%277",-3.59010300552045,426.620597044996,1.40208226294813,3.81397441043977,-0.056738277790524,-0.119580447191901,-0.181192184183848,34.8603682727273,419.406239897652,1.458570500357,3.85159337067795,2.28117643285966,94.200848,91.98762335,85.2897858,67.22921,24.9996115,33.9474378153846,370.851470272089,33.059180796875,325.360989984537,-0.0728250060351804,-0.136421761392559,-0.193561918600407,"1022120"
"100%278",-2.47935522604018,228.716782405427,2.85153183654071,13.9588383632825,-0.0272432330195255,-0.000538876421478096,-0.0684648121246478,18.3026953787879,234.346856775648,2.81091481279866,12.9175452431749,1.40442461750572,98.209953,75.5590792999998,46.2744259499999,35.9069205,11.3612535,17.0733529538462,138.207528381469,16.350085734375,106.36451541293,-0.00231813670104634,0.0274562724507629,-0.0427923680642532,"1022123"
"100%279",-3.56827380916662,433.159212499133,2.12346269450207,6.91068369554091,0.166272890530001,0.0366005999592664,-0.0223257398989428,22.3336859393939,439.046615370596,2.15616344598394,6.89481402823384,1.95691418982192,96.771978,93.278644,86.51065745,46.430541,12.2899985,21.1884814461538,359.242618815728,20.0914636875,286.6316671526,0.178349833495082,0.0542602044658226,0.00394577994494029,"1022132"
"100%280",0.0684347387354075,65.9437841978787,1.86756673884069,7.08756525278291,0.556739600891402,0.270814981983155,0.0947610463626243,20.3869599090909,52.4412351765084,2.29850196882813,7.93656332768324,1.64178409360285,48.850276,46.13006825,40.14114365,26.3410935,18.1460095,19.9490627384615,40.5922638950094,19.562870890625,31.532148701568,0.434683270160448,0.102408681509205,-0.0871707663715433,"1022223"
"100%281",0.832658965233391,62.2141391796955,2.35620752846142,9.38806125254921,0.568158744732335,0.202255966539728,0.147849747109431,20.5232458333333,52.8423137862299,2.80674055950526,11.1056037583096,1.49877346908646,50.772123,48.41154985,45.2539373,23.2454215,19.3943635,20.0578784923077,39.361866161708,19.63471296875,28.3374063991741,0.498441859115222,0.0786344615295018,0.0351424110063382,"1022228"
"100%282",-0.922762391550426,87.7684389838074,3.92315701388976,22.7974596528709,0.206616455528901,0.0461816936339858,0.128242080090149,17.1248982121212,76.1377334410111,4.69014568982407,28.696709102206,1.34893145194216,73.952488,52.2159296499998,36.45481455,18.6251,15.356168,16.2506276,26.8620423738167,15.871549453125,17.9412460924256,0.0894958965699273,-0.087451785745963,0.0163855610466986,"1022229"
"100%283",-8.34477999978463,385.244021056972,-2.12673597972571,5.74461540372487,-0.0473339606232241,0.268754761412598,-0.14037774209171,83.8802018181818,400.587495094494,-2.14630852688576,5.82177035260423,1.10300429565384,95.209315,95.1526493,94.3953908,93.288347,91.664462,83.7059077692308,404.745404211426,83.5275291875,409.001321454911,-0.0129011711291541,0.292017318379906,-0.106445720350829,"1022241"
"100%284",-0.956940950388522,225.008198242534,2.86760108195776,13.7854666801789,-0.00668544731344025,-0.132861114557852,-0.188415828259327,16.4279069242424,224.415855416892,3.0350910144406,14.7780388990745,1.93848863152909,98.092739,71.1195979999998,44.08052035,34.282624,9.7700945,15.1715248923077,123.687683567573,14.524273734375,98.3895896293775,-0.00586095337426206,-0.130772952091018,-0.179198980191029,"1022246"
"100%285",3.7677249347895,504.618536398843,2.74004506270236,9.5533035727848,0.683524743995016,0.396862019943398,0.157719654077123,16.1643891363636,470.531417347722,2.76845838347965,9.68175387608207,1.13405510778928,99.763212,99.6310345,84.4570431999999,39.6821835,7.885897,14.8782534,368.596783494787,13.555103265625,260.558900160615,0.663814112423606,0.361378670030087,0.111632965219415,"1022294"
"100%286",-5.95374168551582,66.2141823081842,4.30876611423959,25.7605240652205,0.0765019056745922,0.302560811250588,0.126678802375925,6.13192468181818,57.4849648454702,5.61019755352203,37.4298845150109,0.666318736507121,59.274623,35.1325140999998,22.03147885,6.6752255,4.4004715,5.31434470769231,14.252505989966,5.051554515625,9.98638686801897,-0.0510107569186057,0.214564241613924,0.0192841721365917,"1022297"
"100%287",4.5795575,0.655865248322797,-0.587817070326308,4.99419886440395,0.237011741168064,-0.0892163281420706,-0.0991172865550065,98.3295575,0.655865248322797,-0.587817070326331,4.99419886440397,0.135793958751594,99.98383,99.806991,99.660242,99.4012945,98.170774,98.3041071538461,0.623205955035239,98.282112421875,0.601498612841277,0.237011741168064,-0.0892163281420705,-0.0991172865550064,"1022341"
"100%288",4.75053196969697,0.405612578558696,0.619448036080819,2.4079823618923,0.278683883315475,0.0390306200016819,-0.184915386479429,98.500531969697,0.405612578558696,0.61944803608084,2.40798236189232,0,100,100,99.82464235,99.436359,98.3179205,98.45367359375,0.345829627557866,98.45367359375,0.345829627557866,0.278683883315475,0.0390306200016818,-0.184915386479429,"1022354"
"100%289",3.8234237522743,2.21302161025881,-3.37397419314484,19.8935375078701,0.0670546605764261,0.248002206896564,0.0266390820935705,97.1498576515151,2.06867721418023,-3.61299215209771,20.9590197735157,0.624752421364452,99.496081,99.30109465,98.73179045,98.223722,97.242078,97.1137619076923,2.0145114378151,97.08122534375,1.97717735947479,0.00315853792389855,0.195495501083903,-0.0426863764169848,"1022357"
"100%290",5.18460059090909,0.175149543741666,0.391828109105556,1.96755828043885,0.0527992935454207,0.188877602251356,0.0282670062989998,98.9346005909091,0.175149543741666,0.3918281091056,1.96755828043888,0,99.882458,99.85858545,99.6303128,99.519561,98.840727,98.9200181692308,0.163809448654633,98.90555390625,0.152770002557366,0.0527992935454205,0.188877602251356,0.0282670062989987,"1022358"
"100%291",4.90001851515151,0.166247294133795,0.569242169671502,3.29326529257639,0.256983560825757,-0.0225697357221419,-0.0428431752223178,98.6500185151515,0.166247294133795,0.569242169671489,3.29326529257638,0,99.8908,99.70557145,99.47441475,99.1817075,98.5724495,98.6309295692308,0.144755346292676,98.615696703125,0.13193453494174,0.256983560825757,-0.0225697357221421,-0.0428431752223178,"1022387"
"100%292",-1.28477692404874,201.213073217022,2.18200729162548,9.20871033120424,0.318679421108308,0.0244930577355623,0.362253953764751,19.6108440151515,185.50259373161,2.19818799877534,9.32899220200089,1.93181729899126,83.543291,65.5156267999998,54.7663319,37.27255,15.2766335,18.6272679076923,124.506630484156,18.046312359375,104.513938892628,0.263166042998488,-0.0477269885133216,0.327841296305902,"1022395"
"100%293",-0.0450553909900862,91.0466602018303,3.55903469472831,20.4839626362788,0.00219623047745215,-0.116020173697202,-0.167356879098796,14.7808254393939,89.7676006017124,3.53747135142074,20.1041518120775,1.88168528513727,71.253997,48.5645321499998,32.7717878,22.440915,12.7055775,13.9120074153846,41.3288865273007,13.56145865625,33.9871622647866,-0.0142644772839709,-0.133730272064473,-0.184064654621254,"1022404"
"100%294",-0.751340351821527,5.4392737925764,2.48438582123468,9.77712794148334,-0.0565782012257275,0.285219228919764,-0.011071058828157,5.69971875757576,5.37506505066582,2.48881421983832,9.80637033710915,0.682086292953519,15.635093,15.1627029,10.57560465,9.3749755,4.987044,5.54686684615385,3.9157537086657,5.40059384375,2.58621093026829,-0.0697379567136155,0.276820720778444,-0.0184108083117757,"1022415"
"100%295",-4.64692628132868,105.295440551859,6.20696686919242,43.5940194872621,-0.0420750764954775,-0.0350823079591338,-0.0246015414103288,2.9863868030303,104.55571956031,6.22212057919229,43.7643638725244,0.234844321379962,77.608281,45.3374059999997,23.746524,2.6415365,0.375791,1.83835766153846,19.1781890508502,1.430194796875,8.64904818890132,-0.0491895729821961,-0.0346905263708453,-0.0234895527945684,"1022432"
"100%296",3.77942011675735,844.047787392986,0.855054251606798,2.0908232833713,-0.101483385067541,-0.131071985628831,-0.0641602586573537,29.9983203333333,841.418466305876,0.856789454970931,2.09083070667372,1.94848716995381,94.418622,91.6870191,86.16201675,74.7314035,8.8358165,29.0072387692308,789.535349785042,28.0508494375,742.417603625286,-0.106358458671707,-0.130730899049553,-0.0633835990972975,"1022433"
"100%297",-0.387839714674345,223.255619795271,0.730434692833423,2.3993060522962,-0.0945730020525131,-0.113096740955409,0.134175720245727,59.2421983181818,220.795429383298,0.725775074451948,2.38379791131941,2.63525965717269,93.611659,90.97417675,89.16918225,84.1207485,55.815853,58.7134373846154,205.739465901882,58.2315536875,193.860371716136,-0.10739532503839,-0.120037127963267,0.132571354665422,"1022439"
"100%298",-1.92104150846935,87.5989808997993,2.29247917692709,9.64945996301672,0.00858641411635122,-0.0969367198491358,-0.222647254126875,28.6369718030303,87.1378347465431,2.31193699494956,9.71897604387984,1.71355106679472,68.219468,65.53009755,55.9523823,37.552079,27.3753425,28.0280103230769,64.0033672711441,27.464667125,44.375308561486,0.0046779529850179,-0.0944371023837876,-0.220973123941877,"1022460"
"100%299",3.27565277719085,251.794878776654,2.71907540285866,10.3477588947439,0.170792880992873,0.0786401543740834,0.117526855749464,22.2214295454545,250.289847490078,2.73753629738158,10.4800628211851,2.15985867331624,87.939658,81.6299532999999,75.31758535,32.921461,18.2222015,21.2103798769231,186.673846000706,20.3194105,137.991906854512,0.175428179115505,0.0882957405916585,0.12906033655013,"1022462"
"100%300",-0.499148308083742,66.4672020466321,1.38484503684426,4.98365340991269,0.385685338340442,0.204622135167655,0.118404269754812,20.9989896666667,59.2991637147901,1.83641960476801,6.09739831628439,1.82034032621233,47.546928,44.70640265,42.92235075,32.1462975,19.2569565,20.5905598461538,49.2016739344186,20.237648453125,41.8749307532224,0.323858249309965,0.117588732007828,0.0326053085004391,"1022518"
"100%301",-0.178706221649789,72.5901131607206,2.40588316866719,9.14592203047202,0.368585725959028,0.108884987719328,0.122930013507445,18.4841665,66.9834463614424,2.74979670326208,10.2488287956851,1.51383786719851,54.177184,50.42949785,41.30994665,25.6516745,16.000389,17.9350431538462,48.1125552676302,17.4588483125,34.1248146935822,0.32128450978586,0.0499028593126234,0.074968011921149,"1022527"
"100%302",-1.98956639290934,62.0932200432423,2.28907792852221,9.83843227400876,0.544124033813376,0.258145414228537,0.19649808797343,18.6412771969697,51.4389938212308,2.85410346542638,12.7841927327899,1.69758980223133,53.194873,49.41078945,33.82152915,24.994599,17.1648495,18.1096834153846,33.5792943480268,17.652440875,20.5143726742852,0.459366262326783,0.127846666515712,0.0679175687956056,"1022528"
"100%303",0.768617914144349,125.721371206964,3.87246172836936,22.8302029496881,0.204970678613862,-0.0590894264152328,-0.166701528041995,21.8841163030303,123.719125059814,4.28550528961168,25.7799323780627,1.73583978936346,92.767946,60.4251393999997,42.19093235,31.3774825,19.3156945,20.7935958461538,47.1329950014223,20.4464679375,40.037092025504,0.193696331914311,-0.070751694490792,-0.171678984370776,"1022534"
"100%304",1.47562346681809,305.051535167789,3.2887747092897,13.032000460517,0.00104804068395692,-0.0470285637059281,-0.0967141022715073,16.7171585151515,301.626098824381,3.30396375402304,13.0837153647185,1.30647336218818,99.383276,83.0374042499999,72.4946723,22.445043,11.738182,15.4453720923077,199.515413792984,14.526771953125,147.784138112579,-0.00915208746272227,-0.0567932049042076,-0.0996789045478494,"1023330"
"100%305",2.59022886918063,340.867565969521,-0.1995066222545,1.58376911916983,-0.0237879913004678,0.180092651326477,0.0915882975437167,30.560692469697,335.96536429876,-0.205981171707022,1.58215017131662,2.59366077055677,62.564271,59.85956705,57.8846894,51.8676115,35.1696495,30.0683297230769,325.134271309939,29.6255975625,317.473729508564,-0.0361051251251558,0.172109651467965,0.084569535545155,"1023350"
"100%306",2.23556945643094,309.602507521624,1.30468278559684,4.16549401975457,0.198800683042499,-0.0346301449417246,-0.0651557594526678,19.6550962727273,320.43751432738,1.14898557537617,3.43284689803066,2.35096077491266,75.487178,67.7469558999999,59.70107395,47.938912,11.12325,18.7961411692308,276.672266831811,18.09640675,249.169434266404,0.264194154659772,0.0303643447166108,-0.0124596413336991,"1023351"
"100%307",2.58283199370752,326.046064183104,1.45680887679789,4.81135994849877,-0.0327598267314174,0.190854235365402,0.221559384811126,35.269153,323.438801021494,1.45579685646221,4.82730955742827,2.733006459639,88.722248,88.6466751,85.86563195,57.994451,29.8673345,34.4467976923077,283.781077937751,33.6005604375,241.667520337938,-0.0346984306184325,0.189514294417522,0.221355252311927,"1023355"
"100%308",5.12664537766992,751.834793536093,0.419346269261626,3.03002039044144,0.534157208030716,0.293544420339399,0.228038527169733,40.7581438939394,640.363407381455,0.828533457260784,2.50117238240968,2.88547931836023,99.035961,98.6173051,97.0031137,79.60224,30.193162,39.8615620923077,597.160462927269,38.947025953125,552.12663241888,0.520417117903064,0.432523804748021,0.421427788614851,"1023365"
"100%309",2.86108138128819,214.252330055249,2.56004389295119,10.9839939221302,-0.0214622839507627,0.173609637369614,-0.0791909212444095,34.7429814393939,210.454931087044,2.60490313051619,11.2215384239801,1.92646374147918,99.281925,89.0948844999999,83.54925945,40.8638955,32.444442,33.7500746153846,148.625677820771,32.971020234375,111.497781679653,-0.0360485067393284,0.163235758340622,-0.0926158860521729,"1023385"
"100%310",2.66541048468121,334.141968054629,2.46524441474544,8.19481345163621,0.209815582255487,0.0272467280429167,-0.115452623612175,36.0138205,328.841451031266,2.43812648106326,8.10570711534599,2.02336722439408,99.531195,98.8598828,93.60116555,54.655687,30.811371,35.0366301230769,270.877082116331,34.045039859375,211.198205204949,0.20127404448824,0.0196264559484414,-0.122275997932231,"1023388"
"100%311",-0.50540958188509,147.765592062999,2.81550161961838,17.2997958124819,0.0612711677462949,-0.10884669613657,0.0543434664051689,33.0612271515152,142.797681723194,2.85363844720646,17.3223303163481,1.64390096584428,98.75584,83.9242719499999,50.6814978499999,39.4319175,32.511685,32.0505408,77.5764336591455,31.364798578125,48.2228097690356,0.0338361925110908,-0.141787938619696,0.0321972281976713,"1023389"
"100%312",-1.29204626186069,189.462796746316,1.78926871959769,6.19600895812943,-0.163686627717659,-0.0838149846498338,-0.0608046712588917,18.7165980757576,187.740734001629,1.86652190068366,6.10128259184553,1.90824499694867,74.050282,59.3556273499999,49.17489625,40.2180975,12.61972,17.8653106307692,142.799492262614,17.34065734375,127.138764676512,-0.169736281202681,-0.0914149710484138,-0.0738628485930121,"1023467"
"100%313",-1.31679372157573,166.870103745402,3.11652465038993,18.5664159828578,0.376962537337145,0.310764510418022,0.33808640119979,29.8187487121212,120.724103429258,4.20511826959699,26.2304123373423,1.99467533366325,99.71307,75.6370790999998,44.5302613999999,35.525035,28.3670175,28.7434514615385,46.2679616388558,28.213300953125,28.7220270373445,0.165457817137126,0.0863543701851655,0.145408206963388,"1023485"
"100%314",-3.05819427384537,293.162174129227,1.41831622825023,4.26259590516791,0.0578694772758537,-0.175472679808157,-0.138609628697961,26.9369195606061,283.89757439666,1.43832187594954,4.17500418304395,2.45622684185944,82.241922,75.2791830999999,65.1837595,51.576731,19.2009955,26.0860733692308,240.48523945644,25.376011765625,211.470635063459,0.0351336208006057,-0.199415256657807,-0.158766639428758,"1023505"
"100%315",0.678832848062262,144.26893600697,2.9478347526537,13.7084595285699,-0.0200670800676277,0.000903009860224501,0.292755490481186,32.7743375757576,141.496948494378,2.94002350352109,13.6932029513468,1.74386095226779,84.427982,82.9394157,78.9108573,35.9305045,31.9034585,31.9796661230769,101.994645256493,31.19594403125,63.6639909694835,-0.0349239247237452,-0.0107489285234097,0.284443480136092,"1023543"
"100%316",-2.62364395160949,229.644877246671,2.94028731279872,14.267598489717,-0.0698455396317373,-0.179743161495811,-0.113751249538471,18.2561791212121,222.132971773667,3.01634221541901,14.1799049286759,1.63308132780809,98.675041,66.6353937499997,46.5648825,43.491695,12.5808805,17.0189658615385,124.524423214433,16.513273515625,109.848008660654,-0.103097254223204,-0.212191257435552,-0.137787834104289,"1023568"
"100%317",-0.44607080501118,146.71331478284,2.25013000641589,11.620815345913,-0.0890436577464472,-0.076668057422368,0.00181695949855093,31.8197894242424,146.038051801654,2.24385419951559,11.5471464152614,1.87754578772466,92.787312,73.9761618499998,54.6431067,45.358752,29.1221785,30.8818275384615,90.2198061144174,30.366745453125,74.3843695337037,-0.0942601801535799,-0.0806376424661935,-0.000597453524857079,"1023610"
"100%318",0.225879130200905,29.400887051569,3.82718561039348,25.1123598312381,0.344341806789984,0.310427648178712,0.310247092668401,10.5201715606061,20.235883861106,5.40920578249101,38.1935776088427,1.12455880592509,42.350871,25.8984752999999,16.7002632,12.6870385,9.756594,10.0304684923077,4.71980487462163,9.920952484375,4.01395768620922,0.120166492716252,0.0853962551686825,0.102011606394092,"1023641"
"100%319",-1.29218262314898,61.842190147916,1.81901944469735,7.77069692273092,0.547528626488381,0.330719474866769,0.24092106207906,20.4334261666667,46.8910346699742,2.80844523122413,12.3058785033326,1.66548407241927,53.992755,46.3522389999999,40.74143845,23.593494,18.9739625,19.9171288,30.0192791287807,19.568363390625,22.5819051646947,0.414776621727573,0.141547938739955,0.0452403400953061,"1023645"
"100%320",-1.57018651903465,41.3035173849793,2.01394161145912,8.897715521852,0.522537286267067,0.270168184417104,0.273975638705371,16.7437712727273,31.6333895867122,3.15749276663227,14.3660135102749,1.4601039783177,44.152406,41.87288265,31.32792965,20.2525965,15.8511425,16.3220999692308,20.3848156981144,15.942047671875,11.3147447762465,0.39306747955431,0.0809380446590565,0.107340447659534,"1023647"
"100%321",-0.115820436169738,26.0867586689585,1.80360225649009,6.31420190264868,0.461137156910813,0.237178400096948,0.246731100466726,17.5580119848485,23.9629510704142,2.13824479993671,7.34304535342235,1.38567543749356,35.160084,33.9795137,33.23279265,20.3075535,16.331311,17.2872108769231,19.4916180125734,17.036326328125,15.7048758503549,0.421926218333056,0.183941954870912,0.200243196374767,"1023652"
"100%322",0.616683958533622,146.846781379325,3.43579446707517,18.9205314281999,-0.100463827818106,-0.0658013626668823,-0.0969825468237892,17.0335399090909,140.756553658849,3.58338329314696,19.7447160848678,1.47545006390494,87.628577,56.0439862999997,37.2792603,33.277661,12.2797915,15.9474624153846,65.0707938256216,15.58668996875,57.6273356928497,-0.142444419394369,-0.0966650741639911,-0.124227787231136,"1023685"
"100%323",-5.49675917519765,141.127206872597,1.96206561176487,5.36792357900268,-0.147334525937939,-0.221583432690252,-0.227165556862869,6.63578796969697,141.119666703923,1.96743798937457,5.37402350429115,1.09204618775535,44.599578,43.1183476,37.668422,28.8598255,0.881014,6.05172966153846,120.776547415656,5.48502603125,101.788735671187,-0.146914044024228,-0.225809988359577,-0.23056050872327,"1023795"
"100%324",0.824782620138045,60.2954491809645,1.28844115676636,4.54907550773067,-0.0590587900401717,0.0246311078238671,0.0971548033681699,11.7569177424242,59.1849979579521,1.24741096017164,4.43988003755484,1.93354743141496,39.362626,34.32711825,28.3916475,23.8354295,10.339603,11.3322145384615,48.1909308319661,11.01528521875,42.4150415361824,-0.075832148140915,0.0145579327769925,0.0864925164461897,"1023797"
"100%325",-4.92262877530682,8.76925456153692,4.73194058303201,26.1123019028679,-0.083882359292224,0.00419429843797426,-0.0807341383984025,1.59974193939394,8.7619344509506,4.72357267157347,26.0030924451978,0.369206256031094,19.48972,16.29563755,6.89630799999998,2.593243,0.7696165,1.32451150769231,3.8971152672157,1.117460953125,1.17146210373501,-0.0849524526826406,0.00947688033623319,-0.0758334363037079,"1024069"
"100%326",-0.809889785554558,41.0424359990147,2.87355168181846,15.3916765055071,0.53364899857443,0.23898102609942,0.192572124786844,15.2784705757576,31.8528648793687,4.08554785958844,22.6769199177763,1.26324379450699,49.471377,38.3499549999999,30.689231,17.192784,14.5275675,14.7524258615385,14.0791882248165,14.477284125,9.3784821537783,0.415938057395891,0.0520249926149685,0.00797686739787349,"1024081"
"100%327",0.182539886949096,80.8881401191232,2.37714030927039,8.99893119203628,0.331789448962464,-0.0407353468901331,-0.0675370100141824,22.3835593787879,75.598174942297,2.78715962870896,10.7303321668848,1.5975490310863,60.996713,56.4204868,47.8219395,29.9348385,19.871218,21.7895108615385,53.4702434917119,21.286903765625,37.8858130102033,0.283278658908841,-0.0997827374261865,-0.130274482824632,"1024089"
"100%328",1.73031032209385,185.183604827222,2.25181114426559,9.94952223295935,0.32214759073638,0.328832990116542,0.21246873013757,33.3676706363636,141.251481300049,3.2063506685451,15.0161282772169,2.04954460324956,91.986052,86.89249405,66.9788563499999,38.871921,31.877362,32.4658493846154,89.7479973854418,31.658287515625,48.7601586485186,0.125873815844418,0.158556123017001,0.0194615586001291,"1024093"
"100%329",-0.611005511057701,19.3592047263699,1.36300218393297,5.44490556332165,0.539717498352477,0.353850617825579,0.374984657672084,10.054701530303,12.6310232156874,2.19825159463883,7.78089552261405,1.07139443933075,22.829865,22.63525695,22.01439475,13.509676,9.035497,9.85816055384615,10.2758751916178,9.66015575,7.88805208898688,0.317548423313964,0.0624021312829229,0.116405641179189,"1024095"
"100%330",-3.52813291196589,48.6782728704364,1.28475899936841,4.90238662343191,0.48461345986728,0.166158361224913,0.26370605668931,19.1937965151515,37.566064572946,2.12579762979803,7.71214508452455,1.72498806706467,42.300404,40.56341615,38.84452555,25.9964585,17.8818115,18.8383102461538,29.8035518564862,18.513469546875,23.4103361602257,0.353075873381874,-0.044773907141035,0.0949278646323278,"1025295"
"100%331",-6.80088762569951,139.868620780696,1.97566696754358,7.46519164459682,0.113675962009208,0.108993183052105,0.129833275219699,14.7676279242424,108.661799516262,2.62682990824549,9.37747979842878,1.62592246131291,57.067315,55.2823591,44.81779,28.3991865,11.1195135,14.1168635076923,82.3828940028643,13.488670296875,58.0193905640568,-0.125250489034266,-0.118917197276585,-0.0827940691663681,"1025320"
"100%332",-0.604654204453013,363.911741344777,2.26633589590213,8.31900550071141,-0.109135362042836,-0.17132423593602,-0.133807658774984,13.9653632272727,363.772133388177,2.2579547095734,8.27792626300862,1.72147906897297,97.976612,79.1615644499998,65.3311135,37.3023025,4.1406375,12.6728824769231,259.115199406385,11.7922965,212.760816318128,-0.108977147183759,-0.172009734407334,-0.133911493836345,"1025323"
"100%333",-1.87829019261177,1612.97174702919,0.732019942893438,1.68112621148956,-0.0189091375141034,0.0842245802629967,0.117198320910003,33.0459082121212,1563.09621681749,0.735155806763384,1.67749499139266,1.81107281000225,99.315364,99.21921535,99.14487385,98.7935295,4.6244895,32.0263781230769,1518.54070515957,30.977298984375,1470.73104612582,-0.0515660336721047,0.0560687278132581,0.0939197655467274,"1025336"
"100%334",-5.96268428763228,102.13094059369,6.15745168254913,42.2918628969883,-0.0453077528330433,-0.0285994125067858,0.00147014597207236,2.96645310606061,101.719802885163,6.15361001353017,42.2352886827764,0.312649713650733,75.561071,49.1370564999998,16.7524454999999,1.9791715,1.3219035,1.84961283076923,20.960797695698,1.333063953125,3.94483186498479,-0.0508964704032359,-0.0345731683557958,-0.00431818827126068,"1025645"
"100%335",-5.46721726227704,198.196281944452,4.68897603161239,23.9051538127249,-0.0371510746077314,-0.0478840827531974,-0.0592684057476503,3.86800010606061,198.089616110935,4.68529004257337,23.8591289654535,0.234844321379962,83.589,73.9084271499999,48.8605766999999,1.619183,0.6408455,2.64152318461538,101.856936503197,1.6094249375,34.2087096756471,-0.0383887697676493,-0.0491390648707306,-0.0605382383866974,"1025647"
"100%336",-5.73183368751431,205.982781062979,5.3428702554214,32.4517309216169,-0.0228581747204879,-0.0522577518809539,-0.0397948914328482,3.97215712121212,205.887391981573,5.3323216317343,32.312802435513,0.234844321379962,99.298649,67.5273711499997,46.3663323,1.8981725,1.304793,2.50559570769231,67.1019332644859,1.756936890625,31.7185493875232,-0.0260393880810713,-0.0525053279384674,-0.0399475286578826,"1025650"
"100%337",-3.50787907154931,5.09619649797985,1.75997253512013,8.82159674147419,-0.323771974122609,0.197883504540103,-0.122578609107514,2.82135604545455,5.05975292581365,1.74371424022937,8.70324044494787,0.741330284638323,13.677632,8.23547189999995,5.0793865,4.945677,1.6733255,2.65433641538462,3.29648852782452,2.612918578125,3.23649274025962,-0.331403763790601,0.193639703426792,-0.125242670713335,"1026159"
"100%338",-5.26262115604036,307.350844306485,4.3752778074876,20.2512126177961,-0.0298062737489097,-0.0466414845473832,-0.0467364209145838,4.52522681818182,307.202337027486,4.37616129920488,20.2564065316951,0.234844321379962,89.83776,87.0700366,78.8967989,1.815773,0.2851985,3.21272630769231,198.233125885584,1.92574196875,93.6691537131663,-0.0308842370419615,-0.0481008243933806,-0.0481199975025474,"1026535"
"100%339",1.16490803093842,110.92404925255,1.52243897652609,4.61013880353406,-0.162448839881941,0.149736623937776,-0.0601831991847895,70.9836620606061,108.989718342835,1.49454415359891,4.49201361877899,2.04053930564552,99.225247,99.2194945,98.8707775,81.361269,66.4196005,70.5491761384615,98.2071341486604,70.1012508125,86.7002092732794,-0.184019147323085,0.140649511164927,-0.0701256705430054,"1027295"
"100%340",1.54153890742697,151.230840296047,2.48873087741234,8.69946057080254,0.503174560477411,0.169353440761307,-0.00940445343669331,17.1221342272727,147.178385297957,2.46436348728113,8.55179817116242,1.83468330781464,65.894308,61.57265235,54.0572276,35.067465,12.99958,16.3717930923077,112.283888106534,15.70188975,84.8682421359224,0.487947778034706,0.148979549472087,-0.0300392968722079,"1027322"
"100%341",-1.11297393775641,65.0300842552001,2.90955366284945,12.037611191994,-0.0426425844774776,0.0281499950820102,0.211629790655223,13.1533088787879,64.6834539433683,2.8983106427453,11.9820446438348,1.68393578029686,48.292182,47.80677305,35.78522645,20.226282,11.196185,12.6127108307692,46.3903315356118,12.066887578125,27.7501839625924,-0.0484314413516989,0.0218694373334937,0.21270510766395,"1027323"
"100%342",1.33946774658673,286.646106033434,1.1614336551269,4.33168292254778,0.252173934371093,0.0232943219536276,-0.110880375498793,40.6844966969697,433.165850963149,1.09751026459973,3.43118340910455,2.78377914253054,91.067821,90.8178713,88.53518575,82.359125,33.958429,39.9093686307692,400.175588723196,39.11602621875,365.517840420944,0.518302897603705,0.339329554818229,0.236810539823382,"1027340"
"100%343",1.54604261715995,356.633907702084,0.353103609211352,5.238138900205,0.519392399160251,0.247082506021657,-0.0684212029759059,41.6335729848485,401.583394464479,0.979749908586233,3.21242061379352,2.80531865267412,93.577771,93.5673554,91.9190051,67.946974,36.4419625,40.8344314769231,365.612208653669,40.010567171875,327.20599386028,0.773069146926741,0.704351574791807,0.598426249970161,"1027346"
"100%344",3.59653488843528,279.381986084745,0.887933152748794,4.13858455773915,0.306203241153788,0.0412966466757869,0.352129077161278,53.2041054545455,790.787677126048,0.338987474822903,1.55421711318767,2.87633433981158,99.311592,99.14702955,97.5157387,92.2877,45.5044165,52.4947595076923,769.744311016605,51.767202328125,747.364501656144,0.795085725307958,0.714350215876197,0.753103161887546,"1027356"
"100%345",6.04827294059783,180.724130855516,0.439559316698563,2.60991102465432,0.324313747496633,0.108660144934559,0.116804181565131,51.7659082878788,606.842752747164,0.201361151480653,1.78169372655866,3.06344502592369,93.690252,92.33157065,91.28538715,87.937207,46.801889,51.1209183846154,588.722004726546,50.48843315625,571.918344383872,0.80205416804368,0.738468855537437,0.735025768745154,"1027360"
"100%346",-0.569320060069022,157.004288749846,2.90257266970643,14.6585734303411,-0.0492946775842703,0.422953456369744,-0.0177971763263729,31.7487032878788,155.055159494935,2.90419766510607,14.7044152097547,1.75278611183643,95.969426,84.5213497499999,61.5093874999999,43.621458,29.445813,30.7606921692308,93.013669429406,30.01699984375,58.5169201406058,-0.0596778666623747,0.417530186023718,-0.0256397582400066,"1027366"
"100%347",2.25562624393851,223.75021748114,2.52638802281193,9.24545325630622,-0.0416606938411861,0.147873933303492,0.0041851198885346,33.6482494545455,222.793463381639,2.51321355502271,9.15311070203726,2.11436708704644,90.804917,89.79421575,80.0719489,43.76614,31.1195315,32.7689161076923,175.188064223367,31.886399296875,127.301042837472,-0.0409355770380144,0.150596637091854,0.00868721261539098,"1027376"
"100%348",2.82686640040146,146.04291025262,1.90187630098968,11.6018954238194,-0.00774350665043343,-0.022125683009516,0.240586101245276,35.5179550909091,143.435576044549,1.93180473259981,11.6067638506695,1.7862576746572,90.135994,85.23539375,59.4826995499999,43.8837865,35.25019,34.6776775692308,99.0419005275667,33.928944265625,64.1503288279633,-0.0282035244537585,-0.0401116613499121,0.230972187420872,"1027386"
"100%349",1.56969294235205,140.661200293574,2.6260778998847,13.382223547839,-0.140593387626025,0.0757740848514432,0.0237833297963994,34.8557053030303,139.817759927079,2.66327671440256,13.4756427525347,1.70480233341481,91.450608,82.3114623999999,76.2799727,37.718938,34.587923,33.9850144923077,91.934038187627,33.30680559375,63.4726323789242,-0.146052008981776,0.0789084968670218,0.0269221998562258,"1027389"
"100%350",1.54671911298928,195.707774215847,2.75667675583122,11.8516867148974,-0.0338386046513622,0.201741242211606,-0.0504360329626777,34.7838698181818,193.969663173663,2.77754981216627,11.9445029687415,1.68959430959809,95.903382,95.3427934,70.0495577999999,47.6474395,32.0508145,33.8435696307692,138.598958636295,32.88736075,81.3327648269609,-0.0400124005315236,0.197291974208796,-0.0533794472418971,"1027390"
"100%351",0.143813435774391,118.568562340574,1.55267477032998,6.03020681862884,-0.0882523871542785,-0.145148775878315,0.064998591656591,52.4450411212121,118.85173969803,1.57047705617624,6.07535526569394,2.32550937881203,92.999859,91.2521533,76.8986371,66.1200275,50.2236635,51.8211208461538,94.987978365576,51.21971521875,72.9623981637923,-0.0974424824157795,-0.146874485041798,0.0600830977964642,"1027470"
"100%352",3.65254801920131,324.77949031604,2.2768545750818,7.60958813039257,-0.164431927377311,-0.121136891923446,-0.168376760574864,17.4721428636364,326.020644590684,2.29320367549829,7.69142421629855,1.87052910993806,85.703563,78.4616991499999,73.7661321,40.277816,9.366058,16.4224287076923,258.31095940866,15.51399425,208.705612494444,-0.159799783736459,-0.116053777740472,-0.163993243053837,"1027484"
"100%353",-0.537357819692989,188.349139265008,4.31291885372867,25.8073763232225,0.20613433698147,0.09679533201457,0.0557021192804226,12.5775610151515,173.019095451431,4.65165970890062,27.8751858518486,1.89112484458624,96.947102,71.1935579499998,35.9594102999999,16.8307385,9.4893705,11.2795680769231,64.4850736215465,10.5600884375,31.8453410464997,0.140161832948932,0.025913566853437,-0.017763141457003,"1027515"
"100%354",-1.26917142845311,930.400681875319,1.11873447309955,2.91044102199717,-0.158419551895295,-0.124893013407409,-0.179906817182511,28.823202,925.297024671385,1.1224791212109,2.9169411822661,2.41733020434956,99.057836,98.82019665,98.68295455,83.8885825,10.552974,27.7426691692308,862.473984420052,26.634082171875,796.067406930707,-0.160998109782269,-0.125950182028623,-0.178414829113871,"1027680"
"100%355",1.2693493840262,995.41428810876,0.618012460173037,1.65940036836173,0.125492695524377,-0.00234404447277949,-0.0438525041810382,51.5248826363636,995.691862236933,0.628019475798964,1.65082022690631,2.07896363588662,99.709783,99.6774663,99.63535265,98.9722375,39.0611795,50.7835764769231,974.740900325422,50.01988134375,952.061260224911,0.127298786241054,0.00228184221499322,-0.0375661807032601,"1028001"
"100%356",2.45291766044231,93.8115031752893,-1.8478252012727,5.81049581508399,-0.0942427501709251,0.0766075243472893,-0.0137337247013325,92.617198469697,93.5504836108126,-1.84658862130907,5.80052774763431,1.65442472971626,99.275944,99.25898225,99.23294375,99.0866425,97.3984925,92.5147562307692,94.2970906073189,92.40952040625,95.0506350285125,-0.0964091225077812,0.075109083425682,-0.0146827461379688,"103"
"100%357",-4.74791572644087,193.033571293095,2.0592197445473,5.55830906052154,-0.178083759204725,-0.1683317220725,-0.168881139373768,7.20055392424242,192.638266428461,2.05977717160492,5.56206750540217,0.817498339075658,54.700291,47.9588575999999,40.608199,35.85308,1.443234,6.46978873846154,160.356760120363,5.878240828125,140.116954032715,-0.178773668637849,-0.169434165598757,-0.170183281775445,"1033969"
"100%358",-5.50509290514533,208.189073743461,2.9861800199528,12.2560661285054,-0.138319721644711,-0.141422979182495,-0.142184412147836,6.95818236363636,207.136844665614,2.99444305264926,12.3400130457229,0.703263440385629,79.184136,60.4589587499998,39.83665535,26.1783785,1.5898145,5.84701384615385,128.833664052654,5.151245765625,99.3806306310947,-0.141404554896751,-0.143782939793951,-0.144293309104206,"1033970"
"100%359",-2.48568728444527,150.221647913802,1.79060860908646,6.4699786085456,0.243467880709021,0.0498744799984017,0.0304263998095881,21.3974277121212,146.691925687885,1.86257033082556,6.92257322570341,1.71977820118287,73.653519,59.1623071999999,49.1371507,35.918953,14.7390795,20.5934878461538,106.291650210574,20.112771296875,92.9317111963282,0.227191534792133,0.0364617722850331,0.0214750031971552,"1034109"
"100%360",5.62194075811228,352.709358077767,1.86906480607801,5.73040402708468,0.171559308501698,-0.0459111684117925,-0.0516638725824855,40.2033497121212,353.730749320024,1.83168762347257,5.60118970766888,2.45414691524114,98.989077,98.8421237,98.19636275,69.6102545,32.381259,39.2989539076923,305.189263957497,38.369828265625,253.845006388278,0.17534139141037,-0.0389036583130635,-0.0422413556978589,"1034117"
"100%361",0.976368415592888,308.390464411288,2.38359914586456,8.15679945886179,-0.00608738186646879,0.126271865622005,-0.0454359878412228,41.5871140606061,295.007648568539,2.37257636569923,8.10091642509628,2.18098451666503,99.590425,99.10595595,98.6926643,57.0199775,35.455655,40.6947554307692,246.990168777164,39.786156484375,197.188507214041,-0.0502029460344543,0.102855528567111,-0.0610173478917835,"1034121"
"100%362",0.474305610670021,121.705863698753,2.36297483025955,10.2354579053613,-0.0986016956944851,-0.0717318747940094,-0.051019806629893,35.6541834393939,123.655032225466,2.3482252812942,9.94909523001661,2.14374073804318,87.600457,74.1659235499999,66.29859135,46.9992965,32.8701105,34.85501,83.404657045266,34.35380790625,68.3796247909384,-0.0807015634528665,-0.0506265759684803,-0.0239573701730727,"1034122"
"100%363",1.51436523252713,398.704421846271,1.62250301431975,4.32844720624277,0.028569419139681,0.0512341221005122,0.282840827018856,47.1409906515152,395.928812992566,1.61707553237112,4.3050714633745,2.37999956746972,99.25815,99.0127906,98.0542918,85.9914345,39.863018,46.3391882,359.589472197267,45.518227484375,321.399585421381,0.0193121223539982,0.0465339983950269,0.285649261206997,"1034130"
"100%364",2.96820861661648,322.176580977979,2.31016629536121,7.57825017775913,-0.0291203580317757,0.110482780685947,-0.0709618862018042,38.3704588939394,319.179077615358,2.31514543760073,7.6039586227215,1.97269493774732,98.095264,98.01657175,96.5805756,57.2865405,32.682902,37.4516157384615,268.367523834965,36.505950375,214.432372717582,-0.0404711504851729,0.105844218430846,-0.0746384239942783,"1034182"
"100%365",-6.5252826455599,119.980778092903,2.95721865289644,18.3321087142591,0.575432277161413,0.575909664525714,0.547484083034886,11.1020811515152,54.0557489049201,6.91012363619198,53.4982078886274,1.2061573323312,67.768417,33.9624798999997,15.6832051,13.2858065,10.182423,10.2302913692308,4.72622579444989,10.143900875,4.3149574354148,0.0980503266254441,0.149289451750761,0.121884776136997,"1034876"
"100%366",-7.58453132358925,61.4508784636627,-0.0783807586527565,1.81167288629857,0.916385184293784,0.870893812736474,0.848389898138712,9.92001948484848,5.34337231440982,-0.514381775697276,3.90139503294102,1.1060429827677,15.479162,14.4034471,13.77117085,12.606254,10.121051,9.83449421538461,4.94281630901057,9.7721548125,4.76744473895818,0.421754097018757,0.317043653366485,0.425584935944809,"1034889"
"100%367",-7.17087136271793,94.4563922823943,0.43787506856148,2.57644839636087,0.74372782692394,0.696347939582072,0.689000555561546,13.5230531363636,29.00092022926,1.97888081683221,6.15360361380793,1.39666866394599,31.364892,30.08474235,28.8912318,21.325856,12.0921705,13.2485633076923,24.474340273882,12.9962685,20.719328291409,0.27049460115214,0.177253326364301,0.21668761982227,"1034904"
"100%368",-8.22428878290405,150.781079511421,1.62829087557259,7.78945035005717,0.720626337736249,0.39322269053587,0.261722127137526,13.8611198333333,92.7478420359925,3.93118668874786,20.3037049005089,1.56650698609603,69.477356,56.4828055999999,36.4302263,16.6221265,11.767173,13.0054854307692,45.8554566772882,12.435481453125,25.4531534434049,0.588836677833847,0.0952876146737866,-0.0797776031993703,"1034912"
"100%369",-5.49846268196996,334.243541314624,3.491834574407,16.6808785092051,0.290005372145077,0.272709975478581,0.243261641287415,13.0305591212121,237.504378661909,4.43972798392042,22.3719579382558,1.46304586249285,99.634155,87.4309353999999,63.0687652499999,14.2221965,9.879699,11.6981961076923,123.995672993275,10.617543375,50.0254340198972,0.0424336923683904,0.0357891262048727,0.000635439447549769,"1034915"
"100%370",-6.40974295483337,45.0177367239047,-0.0154755705465886,1.72813339223568,0.953651708789693,0.913017198834906,0.871215484243186,10.6522441969697,4.34950874733867,0.133374556418494,1.92675249358471,1.09005965871078,14.513636,14.5091666,14.255352,13.4303535,10.59952,10.5928381692308,4.18350524183509,10.531683140625,4.00577657219356,0.849882652641083,0.806297386559628,0.748246629659983,"1034925"
"100%371",-3.78354253173446,169.81093734393,3.38050144939752,17.5240716269097,0.390873325998381,0.356252872836322,0.327112683018148,13.7615609090909,109.540774550792,4.96113357130469,27.6098255977997,1.32943062166303,75.867281,68.8679724499999,29.0262336499999,15.140803,11.7741055,12.8060882923077,50.9727744222993,11.989009765625,8.3740983028604,0.068383382551423,0.0789570497864285,0.0530391583036931,"1034949"
"100%372",-5.43286609454402,150.448458985841,2.49002241504344,14.2664975488314,0.566786741016693,0.501491880904814,0.384804607189709,14.0762841969697,85.8682513922813,4.7013406899234,29.6815946970255,1.58884817754684,75.340396,48.9590234499998,30.4568608,19.3465485,11.867586,13.1337594,28.5580038821183,12.7959483125,21.5866611883108,0.25746631316889,0.176005651288066,0.00522938351194996,"1034969"
"100%373",-4.23662143649221,73.2758175559065,0.799854923387418,3.80709344747124,0.813958586456068,0.605768438698534,0.527460186367504,12.9892986363636,31.7328408910747,2.92647880564249,12.5459808477121,1.34168954248791,37.976928,37.7168136,27.0418315,15.2563635,12.193336,12.6048735692308,22.4673847153979,12.21468796875,12.922525418111,0.62865086229202,0.206474601057363,0.0840754994167333,"1034975"
"100%374",-7.77345360129283,57.3861203316657,0.0930259056544552,1.95225899408041,0.873030897334456,0.842591976218461,0.807360343948788,10.2975406666667,5.24544290576056,-0.178787261145308,4.07026104034698,1.19494598553399,16.772131,15.87596105,13.5860121,13.163199,10.352948,10.1979315846154,4.6712920583991,10.116752265625,4.31592567774832,0.102942165861122,0.195727858612929,0.0816646548688199,"1034978"
"100%375",-0.647747474369107,19.3896581938447,0.610108162711487,3.62688050034029,0.155709980675456,0.198688776453337,0.119599150021586,85.2828352575758,16.0741716624475,0.768029982733531,3.92639165419918,1.60167197762575,98.76049,97.14979585,92.7555936,89.6504145,85.266429,85.0754867230769,13.4839012370188,84.90037715625,11.7014687682169,-0.0214113028543933,0.0253419443705769,-0.0478191015727719,"1034989"
"100%376",-6.59465520363922,170.424252740332,2.55570614443455,11.5546219847041,0.193758276622548,0.165868486333757,0.14801934835521,12.0709713030303,130.855379419809,4.31041190382611,21.6591235529882,1.2780509887265,75.604245,67.2112116499999,48.29062605,13.564379,10.391991,11.0935363230769,69.8135158607839,10.287312109375,28.6545156667552,-0.0399867853420474,-0.0579559557249732,-0.0514165360480674,"1035084"
"100%377",-6.40895343017982,150.851406479801,4.21866593468489,28.580121587263,0.398342214078509,0.324127680819696,0.35923473620864,10.5819261969697,92.8082266914042,7.26475871988252,57.1448773567008,1.20318565481803,86.072193,39.3558167999996,13.96642205,12.048339,9.5941335,9.42053747692308,5.2136774661789,9.345845171875,4.93251004841727,0.0459327009344369,-0.0477683872754476,0.0320556639497949,"1035087"
"100%378",-6.93580808951626,50.8035670741798,-0.106653013867203,1.92595174597282,0.948642848167118,0.903926951647247,0.857741797803948,9.76445172727273,2.34331525333138,-0.572532608122093,3.01300261655486,0.718465485446548,12.1115,12.05455545,11.97055715,11.7444585,9.911025,9.72834329230769,2.29331419823759,9.692475328125,2.24552402703535,0.733714962211832,0.672380196275568,0.594006732182593,"1035093"
"100%379",-7.621351016772,68.6446004120443,-0.0044733900675573,1.9414283706256,0.622111520481215,0.51435405768054,0.452212918512726,13.4631571666667,38.506364761544,1.83118027529477,6.08178251389636,1.66518114683103,35.372495,33.2221013,30.32705075,20.366321,11.4989405,13.1260904307692,31.6002473996556,12.830182515625,26.4025041393499,0.370097177013659,0.237401478206872,0.176405182677304,"1035109"
"100%380",-6.95033077041792,103.285267378808,0.932623520584545,4.4283280391586,0.79826736992622,0.667748009298998,0.634743400250802,12.3345054090909,34.1444143237774,3.65694830238131,16.8034649576741,1.2871542450172,40.738191,39.3816995,32.5732114,14.642407,11.3824935,11.8975256307692,22.0669254459855,11.479498203125,11.0531706889936,0.44616019804654,0.123810790381357,0.104472543501773,"1035116"
"100%381",-7.46954689582996,70.231889312426,-0.0128351808334191,1.79013777590388,0.940691249855389,0.896181827534605,0.857655636049388,11.2578338636364,4.02815638391906,0.118615187084781,2.35382109061892,1.04140834625175,15.855679,15.31263715,14.8292971,14.0470285,11.276083,11.1870977846154,3.75989089082743,11.12720509375,3.58547544875533,0.60525779478016,0.503216064396474,0.518285821363202,"1035120"
"100%382",-8.34629405021951,59.4518263185718,-0.050184083935205,1.80197538336738,0.926293639677619,0.874380164358961,0.836367585325277,9.67658045454546,4.32216023145513,-0.425916818862577,2.80952412938925,1.02012726403801,12.82178,12.79708,12.60562365,12.2917415,9.4103795,9.62819276923077,4.23412471029929,9.57888671875,4.14226227898692,0.535097475070462,0.366039233801745,0.391697398259967,"1035147"
"100%383",-7.5567685382434,57.9223643966413,-0.0410661671322828,2.52100514213101,0.714716093705476,0.561594195487094,0.489852729641905,12.8785336818182,24.2586846287457,2.99636615495367,15.7231637757111,1.45642510154956,40.005126,31.5684347499999,23.9561548,15.9701585,12.0471055,12.4612014923077,13.1369288389888,12.23363275,9.97600374119015,0.391806104676982,0.117637016069374,0.0567430923209854,"1035150"
"100%384",-8.53527706681658,59.7338607955132,-0.0525785452016817,1.81743106251796,0.941527070625494,0.897781747511534,0.85455091769367,10.0969373030303,3.85394952487157,-0.362457228394728,3.00060804265979,0.972117566919038,13.212444,13.17648665,12.9749207,12.4820725,9.8990595,10.0490064307692,3.76161473398677,10.000442078125,3.66708770160135,0.702356628627207,0.629561515445369,0.584060857840104,"1035159"
"100%385",-7.00775766272924,113.478628564837,2.82203017839889,17.3573370997147,0.563827812089982,0.555694747068234,0.529104564561596,10.6899173787879,51.584337233669,6.73249498469282,51.9503016250434,1.24684350842172,65.635462,32.4847898999997,14.19325845,12.954845,10.2256605,9.84460130769231,5.21703125841738,9.769760265625,4.93447056927832,0.0942822863732458,0.108646185134535,0.0841234463040497,"1035166"
"100%386",-7.56898716236317,55.5364441161756,-0.122922327253713,2.11895451053888,0.836356930535406,0.816562626166172,0.742341808582643,10.4276780757576,9.52195119041001,-0.300931130233089,2.79579238882997,1.43850785692151,17.442349,16.57804855,15.81800305,13.709908,10.6953265,10.3197600615385,8.89978709284775,10.2292460625,8.50631530474775,0.243815674121079,0.348059426173227,0.15864137043255,"1035184"
"100%387",-6.35770443206256,7.71632786854916,0.19228135247482,2.10917061107532,0.830380316408363,0.695858892693603,0.663661750009732,4.09317533333333,1.91650409792807,3.34929083360187,18.1901777274161,0.624752421364452,11.916105,10.07416945,5.71929149999999,5.0368585,3.8003045,3.97282256923077,0.989992779767322,3.892986078125,0.591160171665885,0.469903377630576,0.0770436113465997,0.075055387466463,"1035188"
"100%388",-5.4668340602506,10.2202415625378,1.01806705338769,5.05466823151275,0.720446005524051,0.458106674358578,0.388329694756127,4.64180363636364,5.19832383039941,3.75763400025188,20.1484079802815,0.606169142479039,18.116314,13.4014675,9.4263686,5.231435,4.138692,4.43450347692308,2.44205654030542,4.33406284375,1.82447282225413,0.492649233344222,0.0309974339544438,-0.0596458079769761,"1035198"
"100%389",-6.18982160286146,40.8169537981995,3.82611401489336,20.7601730830256,0.129710270378707,0.103407127260964,0.072654093756368,5.12882675757576,34.1473202151986,4.85272555386208,27.4430911433551,0.776932097143695,41.268847,34.0048577999999,16.9974307,5.5580505,3.8156645,4.57282644615385,14.2696647472414,4.17406625,4.15699814653453,-0.0330358969399228,-0.0430942506515617,-0.0730797967876922,"1035200"
"100%390",-8.75367889925998,70.8717638739717,-0.143229165326348,1.88079179509965,0.917039940844371,0.875162195577754,0.836617305174953,10.2275775151515,5.94683433908458,-0.995588179877602,4.12612749621587,1.11393826562623,14.66359,14.48667235,14.0108067,12.7542605,10.769316,10.1593311692308,5.73092489186617,10.093204953125,5.53624662363123,0.306566653564352,0.319366492957527,0.303937896713326,"1035214"
"100%391",-6.28952272166568,64.7278386412349,0.162916666301953,2.67365757699458,0.769904592414687,0.606425247965532,0.49535273392549,12.7025488484848,26.4229602882012,1.99924972842864,6.42146869737018,1.42233321375392,29.505893,28.8958654,27.82250065,17.574482,11.5875025,12.4440358615385,22.418755717842,12.19210846875,18.6436670455158,0.520650756068185,0.208352814981208,0.0231560500555035,"1035224"
"100%392",-5.22005584047606,70.453997781992,0.672671725946362,3.77105536157545,0.776550181450995,0.556305854382644,0.493366713862585,12.2553017424242,27.9304834067852,3.09216965190221,13.2443348567058,1.32760010858321,36.304214,35.3105824,29.07205685,13.5353635,11.0465365,11.8853184769231,19.3256004459452,11.527658609375,11.3127251973701,0.518507335573139,0.0381150753647959,-0.0606267083365646,"1035298"
"100%393",-7.1622201783361,55.2196733574682,-0.0803245907086233,1.77505073898483,0.940498680018686,0.896884443074122,0.86574046271405,10.4407020909091,3.15120374278002,0.191259556854735,2.7731494040728,1.0142428433893,15.690091,14.12852255,13.10215535,12.606949,10.303905,10.3599422615385,2.76922189772302,10.314196390625,2.67646648400893,0.693068714837552,0.638449040250852,0.612763423032825,"1035300"
"100%394",-8.70864553215069,59.514955407509,-0.0782065289439055,2.11302003963977,0.824259531549868,0.609401846922626,0.498322155989205,11.9171547424242,19.4300874855349,3.83196549647755,23.5597949325741,1.32072000530367,39.038996,30.4469430499999,18.4167629,13.855733,11.670814,11.4998956461538,8.23807178264371,11.2761369375,5.11237427384912,0.580959008028407,0.0484387841139285,-0.21113956037341,"1035321"
"100%395",-7.59847744077386,83.7024580207179,0.38743514661842,2.27980804081029,0.888122700885324,0.864635218685023,0.80793340049999,10.8237894393939,12.6119142832966,1.13931838258088,7.22203557331057,1.42685125886589,26.154639,21.17469585,18.3370479,14.2792185,11.0766185,10.5879302153846,9.13439187949029,10.4644105625,8.2854049504395,0.482038173241663,0.54289419065751,0.364379375985979,"1035330"
"100%396",-8.01673605342762,53.0798084456387,0.13076699495279,1.79135050920905,0.878829881768277,0.853939821140686,0.826939312169358,10.7898477575758,7.71610166528961,1.5934208151595,11.1909903700168,1.15550756079485,24.634172,20.07021325,14.3694445,13.0468735,10.7088655,10.5768581538462,4.8407492160837,10.466923171875,4.13081540562014,0.341134737906609,0.160881309873048,0.0707013608747609,"1035340"
"100%397",-6.10503845106542,72.6730728429672,0.316838052869858,2.56020591213809,0.583410763197153,0.490747899503576,0.490337382877651,10.9149851060606,31.8100379163779,2.55420106221781,11.9226378149233,1.41838404080814,37.81502,34.1645576,24.5802584,13.427667,10.4728905,10.5011384153846,20.9956636117825,10.162110515625,13.8526262627145,0.107144355843799,-0.04176824452353,-0.0918293317039737,"1035379"
"100%398",-7.765550677803,59.568313410952,-0.21335960567777,1.93779687051032,0.856537834281044,0.796787201960625,0.824429428899361,10.521572,6.45110967919882,2.07993516708096,14.4140316840327,1.04868343999812,24.37311,17.1811043999999,13.1821113,12.5242365,10.6780885,10.3084714153846,3.55317481563163,10.2615961875,3.46586951782562,0.113820167605611,-0.035388599728575,0.217614891245774,"1035387"
"100%399",-6.41709200734808,81.8141176903021,0.678526729547232,3.9652034776409,0.86840313761469,0.688644591277599,0.608340445629087,11.5280116515152,28.5087716254943,3.86170240545276,19.8980838471111,1.37348785025052,38.58012,38.47938885,20.0934226999999,13.456169,10.762809,11.1118253692308,17.5154406889685,10.6850546875,5.95046048871215,0.693084648407779,0.254380284202883,0.101796163115995,"1035390"
"100%400",-5.80693308989709,132.241143576998,1.83327695836469,7.68272048025911,0.596120537041655,0.291682123332035,0.230302777085081,15.369747030303,88.0857062725535,3.46707321285743,15.3592964237751,1.49845270793024,61.620459,56.8599929,46.0707119,17.6119095,13.5467965,14.6581976153846,56.0249013729702,14.0388465625,31.9665682208196,0.429766725740663,2.72387902799873e-05,-0.0656233103141432,"1035399"
"100%401",-1.18244706271286,161.825326046687,1.77986326033794,5.78988967416492,-0.0162074764339219,-0.197169122642644,-0.0763036763750909,31.0448115757576,158.30159544886,1.80471057139221,5.85521721296504,2.35021930120861,73.496672,71.16511745,66.88553855,48.7279145,27.0128715,30.3917060307692,132.584912318573,29.774237921875,109.874205315958,-0.0355655290847507,-0.216037262090509,-0.0898444225045068,"1035441"
"100%402",-2.2041241942669,87.3449718445637,1.18978538504811,4.78516676417651,0.0936180375227455,-0.0295062367960816,-0.0519817518576007,29.8289828787879,86.6908299683537,1.17875229767385,4.67140087128043,2.29247900479279,61.537003,57.10936875,53.9125596,39.8618085,27.6742835,29.3411671846154,72.3189010470444,28.944540765625,63.2235703202306,0.0884320887378841,-0.0302839783453707,-0.0513149046534336,"1035445"
"100%403",-0.709535069726903,136.814656096755,0.987800135956299,3.4002083496361,0.0127541343734479,0.0202853588799547,0.0724239271217112,31.9805631818182,134.63615565192,0.997364636759004,3.42790296731959,2.45601379240179,65.738677,63.061145,59.33848405,47.460621,28.117778,31.4612075846154,118.905285524661,30.989985875,106.329937136149,-0.00294138178805691,0.00872761406744867,0.0640144150648165,"1035454"
"100%404",1.76715959489263,162.428603543949,0.942984752194866,3.30248955730138,-0.0805944486950348,0.0584721453449801,0.139799006254176,32.8297140757576,160.126016108821,0.981387614956406,3.35316760386522,2.57522280759994,68.528306,67.5957757,61.63348005,52.6549095,29.7323115,32.2805049692308,142.681870862056,31.736549671875,125.678596335384,-0.0963100859269253,0.0456775573291492,0.128462450153211,"1035460"
"100%405",-2.65825264003486,143.524239351857,3.01731579188644,18.2849367086322,-0.000677356810065941,-0.00926124828889476,0.0355189817844443,30.7168992272727,140.563787223323,3.03962936887516,18.3498297328233,1.8188326459471,97.11326,81.8994165499999,45.2504950499999,37.932155,30.0624665,29.6954167538462,73.8601617545922,29.00773034375,44.2749078709968,-0.019532567788858,-0.0240787600538312,0.020617557395396,"1035482"
"100%406",2.16014638189566,279.839343193102,2.0957910029011,7.3229821992182,0.0529348114762887,0.196930741908276,-0.0298562585818816,34.4956674848485,275.509031482251,2.10475450496441,7.32363307817399,1.73350671667469,98.226983,86.9844965499999,80.7189772,48.8765725,29.151429,33.5151857076923,216.298893954462,32.774315953125,184.00084461238,0.0364165689065237,0.187220540986795,-0.0401834049862694,"1035486"
"100%407",3.11412549202367,212.11136199982,2.9197880477742,12.2774706423354,0.133078805367453,-0.00307106141650893,0.135021088480954,36.1895045,210.025025732007,2.91454101786302,12.2074320480901,1.87696627436907,98.750136,98.7117197,78.5123965499999,47.004218,33.4239625,35.2270332461538,152.117019618346,34.235408234375,90.5780373908315,0.123445483265534,-0.0133871818864958,0.13147451792717,"1035526"
"100%408",0.818536324608667,220.483428528122,2.25034505107477,8.81894241699519,-0.0438425716004084,-0.153651216022983,-0.0384884102311861,32.9645534393939,220.526725578271,2.2104587307639,8.6777582874377,1.98486095834442,89.852509,84.85908875,81.4150094,44.9532595,30.37967,32.0893541230769,173.365170776724,31.30683896875,136.272553731277,-0.0444902583288648,-0.150701153526479,-0.0327784464186193,"1035531"
"100%409",2.85703585047453,223.088389799853,2.40046804971425,9.38270428750161,0.0204363100046923,-0.0446139784811512,-0.090051339635817,36.7785798787879,225.966793679949,2.4119256235299,9.46959880243101,1.96710702698478,97.178452,95.33653075,82.80505895,50.269571,32.358756,35.8493510769231,172.454438920213,34.935360828125,120.849458159974,0.0367588749915887,-0.032132245751481,-0.0767885217622025,"1035546"
"100%410",1.37128542376701,280.314822309936,2.23763974197471,8.47753121070848,0.0269114374889519,0.244448997969688,0.0160185231797535,35.206000969697,273.015606399634,2.2378811762629,8.45816699895763,2.04373093938996,99.486267,97.36473525,81.0851727,51.355968,32.7259675,34.2170738,212.669367998409,33.248241015625,154.980924208196,0.00325498297326737,0.22827610086074,-0.00110603309737495,"1035553"
"100%411",0.94459565891043,140.951979629006,3.27828567164018,16.5271200604461,-0.00645353181282193,-0.178661838017702,-0.074919456297495,34.7278083787879,139.749884161635,3.32334063683236,16.7864306486362,1.75561867314632,98.984741,85.7655785499999,62.5531373,45.383072,32.4679385,33.7392401846154,77.4002554605618,33.0375475625,46.6054196166074,-0.0165891163475584,-0.185140160926432,-0.0772127985005009,"1035557"
"100%412",0.428646109221207,39.1609311388321,3.45902712451301,18.1501793070216,-0.10997623136878,0.0473765172889584,-0.108587827267639,15.1158654848485,39.2857377405339,3.51376453997129,18.7429318528307,1.48212123782365,50.606789,42.5287189999999,26.73221575,19.290885,13.996635,14.5698512769231,20.2134536988497,14.2009585,11.683966656603,-0.110560666227373,0.0522012268655474,-0.0948365850031278,"1035559"
"100%413",0.586269964353,76.4670652925973,2.04376232239952,7.12474381007792,-0.0764512811738666,0.111698407905464,-0.1832451359174,21.990976530303,75.7305095626263,2.00302392933357,6.95767693928828,1.96230659939976,52.959457,51.97772625,49.3350613,32.6317165,19.802482,21.5145383692308,61.9140351176177,21.0468108125,48.6614525401837,-0.088899698270865,0.106225013916892,-0.188129390860849,"1035564"
"100%414",-4.85718185541352,107.173553982141,6.44919838330621,45.622308567877,-0.0173550309499848,-0.0121610149558015,0.0380429929630888,2.81475834848485,106.508962700275,6.47645518314777,45.9383451209899,0.291645253633765,78.862576,49.7065880999997,8.72970119999992,2.0875755,0.691693,1.64479192307692,17.8053473120348,1.139129140625,1.46339064257903,-0.0232535002219686,-0.012899954390614,0.0376608447910724,"1036155"
"100%415",-5.37801295744194,6.36256594019308,6.04217280179683,40.8697006569643,-0.0177055091719301,-0.0463388267857071,-0.0255565059916293,1.35234993939394,6.30977354568739,6.06917223223327,41.1225485705901,0.156798418768562,19.256164,13.1631978999999,2.85888889999998,1.6882865,0.836848,1.07690664615385,1.39949247064924,0.93932128125,0.190926919181046,-0.0216893273513202,-0.0523168687288218,-0.0261082542826488,"1037700"
"100%416",1.6821708106985,354.652054490059,2.1065957312468,6.32128636980742,0.357894725413979,0.147988349123038,0.0813634878174653,30.4567336969697,345.499879382696,2.12361375736088,6.40371801091539,2.258967748702,92.987783,87.7234193499999,82.1390459,59.393208,24.1777995,29.4947175538462,289.73390820683,28.629185609375,245.566539974061,0.338395766853234,0.129769158106786,0.069447431035323,"1038"
"100%417",-2.71919633110595,231.560500748417,1.99705871294058,6.68489959233673,0.549411979474758,0.321002724605099,0.323311022388709,31.8986262878788,193.343040356197,2.1028069859848,6.79177304537851,1.95484334067446,83.716953,80.3568612,69.42223155,53.952632,26.4538175,31.1014212615385,154.372182303899,30.360075015625,121.060620990948,0.477215309828011,0.217481990337511,0.22700041614897,"1038239"
"100%418",-1.9573711924533,126.740913005552,2.70650327810673,14.6452861411928,-0.000564569382090253,-0.0753336963394585,-0.0975953576394801,27.1810129393939,124.748367170713,2.69451616321508,14.5605431468135,1.93601606016679,86.857903,67.4704452999998,55.93510695,35.54119,25.256667,26.2629069384615,71.034943308919,25.78215478125,57.1218929149903,-0.014031026971118,-0.0879805153867903,-0.106575816482127,"1038297"
"100%419",2.65280487398095,198.793241671602,3.3533857117221,15.0771075000399,-0.157562790746628,-0.0263553117645124,-0.0822663948526257,19.4437166060606,197.861612058673,3.34753870667476,15.0302731664765,2.00449993771539,89.519851,79.2542995999999,68.3837924,25.6213575,16.4479985,18.3656222307692,124.194663045272,17.50060546875,77.4986947480296,-0.158941420563883,-0.0274178550717024,-0.0769325172811145,"1038310"
"100%420",-1.20586186095998,215.989830876278,2.9622762099116,12.3016071298403,-0.140722107468145,-0.0358969985192552,-0.0746774511029593,29.4241233484848,214.497873466289,2.98042656630774,12.4090353812887,1.59821450309884,94.604929,89.3180876999999,79.576873,38.248244,26.2639775,28.4213417230769,151.430155525506,27.514310703125,100.320409080515,-0.147400846525634,-0.0384009139403981,-0.0788888090505377,"1038334"
"100%421",-1.44249604528905,255.203332343577,2.49784369080702,11.9888372247293,-0.115922335935142,-0.0827459667884003,0.0533818723203377,18.444166,239.937422751058,2.68226573849334,12.2826885335073,1.94595471523959,99.022445,66.9800417499997,49.41699555,41.350928,11.3693255,17.2045001692308,142.201857165992,16.696344859375,127.639342953461,-0.183792125999642,-0.139822543257732,-0.00096830900929328,"1038344"
"100%422",3.08653600074833,234.269522172605,2.34878782235887,9.43874471469142,-0.00293195946260638,0.0480527679566976,-0.03905029749737,35.8340797121212,231.322198341938,2.37258965068642,9.51619865130821,2.06720727705358,93.718141,91.1750641,86.5500726,41.2762835,34.3706615,34.9435556923077,182.540821422273,34.086334453125,137.629185318112,-0.0136811095201062,0.0419615446431771,-0.0429738613601808,"1038366"
"100%423",-0.706721287200888,80.8142478208934,3.23604865008022,17.8861207251426,0.173309936953516,-0.0795712008877803,-0.0375965419805055,17.8824974545455,79.5910334458832,3.24591430150437,17.9985647414556,1.83351975255502,68.393808,54.7776151499999,34.14234675,25.0197995,16.3505015,17.1054003692308,40.9594388032099,16.631331328125,26.9912354117387,0.160372986936705,-0.0939296652969889,-0.0449443906842741,"1038371"
"100%424",2.90067092754129,212.387399944981,0.661652500671972,2.52569866089156,0.179722942347309,0.109315358418595,0.142162306551966,44.9645747272727,434.110385375488,0.788982502125954,3.00906728617943,2.95669198945807,96.716722,96.3025134,94.9471483,71.6045585,41.359615,44.1683878461538,398.950712411013,43.3572770625,362.420771574064,0.624584917074715,0.534491430855562,0.427990265206355,"1038394"
"100%425",0.258938960891514,229.859382948425,0.681485967611364,2.77791857177525,0.320456167557888,0.0881320255369259,-0.00567686806836683,42.4476139242424,299.337099026416,0.851390281233495,3.56131684047612,2.86752569372973,96.780859,94.29479035,73.0867825499999,64.747995,39.7391135,41.6117178461539,257.826616443268,40.80946128125,220.020143589659,0.521267766158299,0.289183145639749,0.188953029456553,"1038406"
"100%426",1.30221528287137,244.251160589747,0.641349116932017,2.89662452532744,0.250852400507986,0.133509309835969,0.111948369804596,43.4702188030303,328.936493906484,0.93804018845162,3.53335298040022,2.82700503893487,95.831638,94.53594425,83.6515365,67.55478,40.7718195,42.6646585076923,291.167847649147,41.8650709375,254.160226912272,0.442130172025517,0.311588758746661,0.227329668281769,"1038414"
"100%427",1.78819460475763,145.88664958206,3.2488140154853,16.4004806326858,0.00449398688841734,-0.133850119050217,-0.213231824787572,33.8932735757576,145.582150795216,3.2272363355489,16.2368523376182,1.63908586660755,98.53225,85.4928053999999,64.79457465,42.3365395,32.105931,32.8988277846154,82.5529957117183,32.18675375,50.8846732694408,0.00411783017584463,-0.130570184093375,-0.206603615855685,"1038422"
"100%428",-0.245296756322085,207.205224878912,2.29935749421496,10.4071389458865,-0.102926547597198,0.00644749368188146,-0.231426839457308,22.2388015757576,204.279388600523,2.28654845390522,10.215950594457,1.84088591610107,93.348879,63.2926144499997,47.02790345,42.449432,15.0563625,21.1448003846154,128.430800414591,20.739118015625,119.739949677941,-0.120080551953055,-0.00866094123290696,-0.242546045663448,"1038450"
"100%429",0.838259606245488,1083.65379075469,1.77318869515358,4.1728012922255,-0.106306027400253,-0.190304013127273,-0.199572243900636,23.1601126515151,1078.28987146574,1.77521981103647,4.17600257251871,1.14994944337032,98.097496,97.56158465,97.228158,96.5629595,8.454682,22.0072298307692,1007.15578571888,20.83120190625,932.99488571955,-0.109739631478045,-0.191535578538573,-0.19770720735812,"1038457"
"100%430",-1.28999902506582,243.138179996884,2.6010266170422,11.6844955881706,-0.188826025924044,-0.0301508864138158,-0.1007056468993,20.5318342424242,246.382607861691,2.64872302368128,11.477307604111,2.00714917202933,98.741132,78.5879710499998,54.7068176,38.2587045,13.9566015,19.3286142769231,154.62238268598,18.572244671875,119.85218375181,-0.18325806629407,-0.0188788772824137,-0.0847252747799805,"1038458"
"100%431",2.26437409436022,159.543685405703,2.02380641998112,9.43934547874402,-0.0598387522516837,-0.159515734234481,-0.0789270173586809,34.6586612424242,158.770541081171,2.03420293401399,9.53996821654688,2.02074112357789,89.684674,82.8770868499999,69.08855845,48.443137,33.6207265,33.8121072,113.914017504953,33.102742265625,82.986014370613,-0.0630013527311013,-0.160012612790001,-0.0772984781162917,"1038468"
"100%432",20.9836676795132,602.719290774747,0.842338004750284,2.54707696651156,0.0752446480703961,0.0443557033822496,-0.0297213945510852,47.3964012272727,538.719521586269,0.957070144513853,2.54594966020385,2.73221820303338,99.508667,99.2741886,99.0858998,89.596157,36.5004805,46.5946740615385,504.584928639822,45.773529421875,468.640964398697,-0.012663202077409,-0.0185170345825371,-0.0895409025261479,"1038474"
"100%433",15.3425548477714,545.199785528136,1.24002453694783,3.83003418709482,0.227844923592947,0.10274807355483,0.0820165389655833,40.8419352424242,437.982781090911,1.40770670608691,4.00434121263675,2.65240633885081,100,99.7803481,95.73177485,79.815389,31.689959,39.9318111692308,390.051473035065,38.9985258125,339.529626090512,0.0795221979022096,-0.0708855730632532,-0.0748118178516097,"1038476"
"100%434",-3.63287243899776,173.999667155943,2.23935762838304,6.23464216795426,-0.112655353406689,0.0642517791123893,0.0654484417916973,6.05031915151515,171.927583133218,2.23919235436803,6.23625652842342,0.784057757651891,46.269295,43.7146208,41.821011,36.6680735,0.5014975,5.43156567692308,149.304135960625,4.85488659375,130.020693362003,-0.125713229528945,0.0574328614970777,0.0628928915915019,"1038481"
"100%435",-5.65636774741605,18.4361170009494,5.24634508213664,32.2409993961526,-0.0285697838359112,-0.0241734007822433,-0.0387521006455346,2.44905457575758,17.9592945863064,5.2081377554485,31.6003720296657,0.390210716048062,30.417835,22.2205484999999,10.59222905,1.6550615,1.471024,2.01876564615385,6.01578627208721,1.77208034375,2.15429643515357,-0.0553400774771932,-0.0454183497753788,-0.0601284822213854,"1038482"
"100%436",1.23574579103939,249.786453734698,2.57549041202112,9.24292854615018,0.139582190929568,0.121970500580416,0.096027358901975,34.6729651666667,247.250372293187,2.58551903157849,9.26840159510187,1.96987807028076,95.071283,92.0737053,87.0058031,43.413769,31.2895305,33.7437602769231,194.068390184477,32.857574890625,146.054613753372,0.131192234550185,0.115452079287285,0.0931079392959082,"1038525"
"100%437",1.05524932298875,135.530611902471,2.82511316481065,13.0544003837233,-0.0182203280395318,-0.101237252290567,-0.0319967661149418,31.9916103181818,134.500234353819,2.83264325186405,13.042082290951,1.8016723242343,84.519969,78.9675402999999,75.6235958,36.3508705,30.867496,31.1834817230769,93.4667281975635,30.483570953125,63.0852652424953,-0.0254528744468513,-0.105026497595915,-0.0341160556084488,"1038542"
"100%438",-1.26584902219116,605.22408978227,1.50021307228257,3.84597383823469,-0.144656822739186,0.0337874516693496,0.113186895546248,30.2318964242424,594.840691575902,1.54080909331545,3.91295490650055,2.27760329957628,97.361255,96.24099885,84.9846474,79.8956395,18.3761095,29.1991370615385,533.597021348238,28.161033203125,471.886599451365,-0.167932640291035,0.0158185040323265,0.0972467110459013,"1038595"
"100%439",-0.954469588024382,561.105264523651,1.58063483472446,4.13384736975406,-0.00297684302102946,-0.0592614894157684,-0.103497507125326,30.1059342424242,547.784212014721,1.62825099035875,4.21481243462536,2.21038698538875,97.47076,94.76240565,82.95762525,77.469202,19.2379565,29.0695523076923,485.321885464177,28.065888109375,427.4278214306,-0.0226972623928433,-0.0755261422272658,-0.117642517905928,"1038623"
"100%440",-3.22882154130296,30.4567599534154,0.24020344219459,1.33297718224198,-0.127494103170764,-0.0756253924620496,-0.348213025260578,7.25659468181818,30.3846120707568,0.234524437362874,1.32707518358873,1.48290754550671,16.008472,16.0066663,15.89917905,14.5650525,5.1672645,7.12195041538462,29.6555484611695,6.983141921875,28.8665095442987,-0.129193046802386,-0.0748865469723316,-0.34676307208848,"1038652"
"100%441",0.772979348696143,223.871693632732,1.90147462538049,6.65058437664778,0.0514170280714289,-0.128624851571838,-0.124090318993639,40.9752269848485,222.029586533878,1.90427961029561,6.64163514767517,2.34631625091154,98.797493,92.3668161499999,78.47730595,63.4536465,36.8077125,40.0856536615385,173.216940288748,39.32286475,138.103404948968,0.0451751751327231,-0.132308449256116,-0.125518396631989,"1038653"
"100%442",-1.56939353010934,45.4229277856331,0.80118706991697,2.69256187514701,-0.110486254673969,-0.132853941953328,-0.033891400231885,21.0307728636364,45.454968305432,0.780922664469938,2.66317789287913,1.97996203768507,38.656183,36.81571515,34.57900555,31.112797,18.9003935,20.7596127076923,41.301438718805,20.5242208125,38.3451663178417,-0.111258132576682,-0.132065731117964,-0.0271923802684381,"1038719"
"100%443",3.35605145643829,233.948199898642,2.08280295858451,8.52956144572252,-0.0816842772468261,0.0206222410476914,-0.0511386846745287,37.6252395606061,231.66790624533,2.08212913388138,8.53660896908258,2.02213206009299,95.326311,91.35499235,88.13871145,48.506335,34.5824355,36.7375307692308,183.222252593065,35.91754546875,142.380667244536,-0.0887079400547257,0.0160357960766408,-0.0556965069325327,"1038740"
"100%444",-3.62255809043368,144.902626002016,2.60059418552122,14.3810066920297,-0.105570187868627,-0.0729258211644561,-0.050744641005168,27.8836354545455,144.413852180535,2.57678135083622,14.2026013266835,1.823509219989,91.056449,75.3202232999999,50.87897745,38.328824,26.406985,26.9117460153846,84.2940443436866,26.2877596875,60.3028078564065,-0.108074395284195,-0.071876916472929,-0.0498441704120025,"1038754"
"100%445",0.0960673265543291,130.811502278189,2.20717135438948,9.42384852803332,0.0475838080709436,-0.00993527191693076,0.0366004902219829,20.4538799090909,129.961256373941,2.21005851876924,9.41085219159817,2.22873125299837,70.990059,61.7903450999999,56.8273658,29.7456495,17.4137475,19.6764002307692,92.0653334047458,19.09577128125,71.5904057329076,0.0421245012498882,-0.0135516841032298,0.0392249515123872,"1038756"
"100%446",7.40975861384377,606.905033951197,0.856301196815575,2.12051232453264,0.215002648581875,0.0303775189014704,0.140537037906725,50.0677688181818,588.618964107603,0.874779967252646,2.13076755342933,2.60859298148486,98.69656,97.4841436,93.74474355,92.4873615,37.2039835,49.3196335692308,560.734021330768,48.57726371875,533.673145745377,0.184737777665915,-0.00645066782336288,0.113507728765967,"1038788"
"100%447",2.05897431711491,239.02195775786,1.56068913646488,4.86439062953715,0.284693453731188,0.186159047407333,0.224368483214973,33.1235850757576,234.594538476191,1.46445100094611,4.61721388105237,2.51597633706623,82.638556,79.29746955,71.2360458,57.426975,28.156657,32.3618162923077,199.904434379023,31.6565568125,170.697530465385,0.286079305902009,0.188202290535719,0.23016941734666,"1038952"
"100%448",-3.28178940245883,187.180730262988,1.62726253653562,5.5290877178451,-0.10010994834964,-0.127211910869992,0.0203246762335824,19.0386839848485,177.379121687866,1.87463704150143,5.70947317433757,2.0521287939654,68.780051,59.5109755999999,50.5840755,45.030201,13.900871,18.2734321846154,141.457750280134,17.707080578125,122.819008386936,-0.159683775680182,-0.181256750281345,-0.0356113852979649,"1038953"
"100%449",-3.33996197690984,371.626969052523,2.25382382342841,8.10566431873842,-0.143466428801812,-0.196316953581474,0.0218443365023697,20.7649613484848,362.916904330562,2.40340320651355,8.58695723506347,1.92947720757555,95.798923,95.2888992,74.0186639499999,47.155534,12.6439655,19.6105927076923,280.550822036478,18.432410234375,194.707022502712,-0.162910338445748,-0.216981339184191,0.00994836763117196,"1038957"
"100%450",-1.46179321672565,36.8654212268282,3.70486927223991,20.1510076223683,0.10738544308148,-0.0130038378339587,0.03427320016091,8.09396189393939,35.8764271280669,3.94858192397281,21.4969131559728,1.24270110210742,43.925377,32.9751298999999,20.36855695,11.0296175,6.651688,7.54270935384615,16.372334205496,7.237457265625,10.5715274988374,0.0902414251520506,-0.0283196029351328,0.0286090968990427,"1039015"
"100%451",-1.06957428816932,40.14891950751,2.6896044568232,12.0238379855405,0.325147139545203,0.259654580231514,0.215597794769338,9.63244884848485,32.1609628626671,3.31278758265104,14.8121653966122,1.3579296078709,37.619159,34.9220529,24.6934617,11.7776535,8.323903,9.20188407692308,20.4202694210455,8.8226984375,11.3935224363446,0.162327843167154,0.091092025625998,0.0455123755838872,"1039028"
"100%452",-0.92920893176976,54.7926510567811,2.11420698604017,6.33762648091619,-0.0405661568587027,-0.0605696484794061,-0.0876266971458457,8.84015084848485,54.9767585144209,2.06926830844087,6.04530408873921,1.33453204541357,33.699916,33.05004535,28.60342145,20.886921,5.6237235,8.45769292307692,46.1684665285741,8.078905078125,37.5636337716671,-0.0351016127878936,-0.0505038278079321,-0.0791835366957331,"1039053"
"100%453",4.48578288227143,330.898643682925,-3.13615574042104,13.4841051388176,0.293556496148998,-0.092990965923999,-0.169373826880134,93.0397470151515,301.891902341005,-3.60501765371099,14.8039103062967,0.80401340753186,99.261949,99.23542055,99.2208035,99.042353,98.2372265,92.9440208307692,305.931601989409,92.84594090625,310.086504616903,0.327712133095596,0.0107261960533552,-0.0218845647358907,"1039071"
"100%454",-2.52761446090187,107.318595923657,2.17841504186118,8.62746618513779,-0.0783737109394025,-0.01905338920761,0.014787497688625,13.0074206666667,100.208509245672,2.43906794656862,9.70384265039495,1.88976868568729,59.016298,48.4645268999999,41.4276784,22.0589525,9.1900505,12.2995917846154,68.682744685128,11.82329159375,55.009890902637,-0.150455883732002,-0.0816477532457523,-0.0397887179687715,"1039210"
"100%455",-1.34553663756977,207.102208994841,2.43445310459254,10.3615440142113,0.325799326170873,0.057880771144606,-0.0678690196776601,16.2073528030303,209.111749246565,2.60242555390736,11.1206430984246,2.17085026311066,86.551922,71.0338102999999,53.5109531,35.419382,10.59261,15.1251286615385,135.029052980896,14.382116546875,101.254526768839,0.336804221754803,0.0788038628155611,-0.042805415206321,"1039213"
"100%456",-1.36407288589263,220.809257805928,2.50523646506796,8.44897839567713,-0.0695221060618508,0.0169649795350948,0.125408035141415,14.3779639848485,216.856907485211,2.53199046306497,8.58213486310893,1.85037390358956,69.393781,68.5846597,60.9105243,29.285896,8.286827,13.5315668,172.911546762085,12.678169734375,128.274663825114,-0.0836446044457131,0.00431701755122905,0.117352075069818,"1039286"
"100%457",-0.948397760701142,109.883024517478,2.72052935186511,10.8243417979052,-0.0407745313429612,-0.0124938871936961,-0.0373136608516371,12.1821817121212,107.614124280984,2.89973760757462,11.7698481680301,1.5775154921665,61.746404,53.1250100499999,40.17136195,22.7316635,8.856899,11.4196552153846,70.8942467501231,10.8405448125,50.202993538197,-0.0606331328771124,-0.0271984871200239,-0.0559383487192338,"1039287"
"100%458",0.930620615727291,141.170086872709,3.25545438651299,15.7778222813122,0.0967176851019765,0.0436002678686658,0.101772841671706,34.3595863333333,139.240761191906,3.26761689112005,15.8796831156477,1.56899195994612,95.706279,85.9963956999999,67.80711375,39.8337245,32.6705845,33.4157910615385,82.5934587545894,32.67591284375,48.3016960323709,0.0866609091264607,0.03675712388723,0.0950449114554863,"1039304"
"100%459",-3.68712971398865,224.048528131643,2.46288678657739,9.81277005419389,-0.0661200280748951,-0.0727123248726493,-0.0685349740133622,15.0748803484848,204.31483902246,2.72650067704255,10.8935436454705,1.52281467951376,85.357309,60.3790088999998,46.87095135,38.8263795,9.92786,13.9936122153846,130.294853044758,13.478994359375,115.116660171526,-0.15767794589211,-0.16096272838026,-0.136624468809192,"1039309"
"100%460",0.897684843035233,136.971853336568,2.25549632211696,12.6922721384794,0.0952118388209964,-0.0236688151069155,-0.0229376046921833,34.3035403181818,134.635074405959,2.26030235469031,12.7632371510002,2.0075108313036,92.014834,81.2144079999999,55.7590563999999,44.2736585,33.800076,33.4156742615385,84.6781783633722,32.759688015625,58.0306078365036,0.0754119057381182,-0.0427821188442043,-0.0349076240585522,"1039318"
"100%461",-0.836325041202259,145.681913573885,2.82544940799,15.3915298414057,-0.0297075128203881,-0.0785017677555081,-0.0121226504853952,34.1572040909091,142.078808053667,2.82678808450962,15.3474416891391,1.73455552681169,97.373645,82.8127213499999,64.0516244,41.255519,32.2744015,33.1846434615385,81.8369401349586,32.531712515625,55.4049190160232,-0.0563611913816271,-0.105837131950234,-0.0326985610767399,"1039319"
"100%462",-0.88690450375285,238.389570244102,1.62364023879163,5.07702430729694,-0.139853789530365,-0.015357614560681,-0.0118242010404675,20.086770469697,225.529129544915,1.68835105357848,4.96635595000252,1.67869307457734,73.345043,67.68518685,50.72010335,45.220732,12.2991745,19.2674124307692,184.689867127927,18.5585036875,154.909791893369,-0.186284118415382,-0.0631699762195181,-0.0557097873009918,"1039379"
"100%463",1.21452814302819,185.691524216265,3.09720194993176,12.7015943894214,-0.0443855306819486,0.36143706927668,-0.108298919339671,35.7613693030303,182.062079918584,3.14329413260381,12.962873634716,1.51201029636874,98.953015,88.4702680499999,81.28084955,42.162831,32.188392,34.7891901384615,122.484301344828,34.038619484375,87.7799586129074,-0.0617247148912332,0.355243990032365,-0.121617113339532,"1039422"
"100%464",-5.18626554065642,51.7311203964338,2.59448698074533,8.37173789116626,0.360005934999433,-0.00277287228597034,-0.0881008198357433,4.44905483333333,50.1323153380423,2.59222601544616,8.35298746359086,0.682174740863622,29.023643,28.21411155,27.29461345,10.8306085,1.909077,4.07098424615385,41.4697153811024,3.70055884375,33.1987060654388,0.347730425235841,-0.0176300738797057,-0.100502475245174,"1039471"
"100%465",-3.75354466218548,11.2352633721693,2.82706900084701,10.1817868230149,0.194572211330151,-0.0599348629413692,-0.0197109462987015,3.2488588030303,11.0207318638779,2.85494220050392,10.3110649919039,0.665318663296415,15.530177,15.49397265,15.19041185,5.832569,2.120018,3.05991544615385,8.83410850574957,2.86593790625,6.52636786198727,0.179010434620414,-0.0783307478466314,-0.0329104394617757,"1039487"
"100%466",0.853983497807829,6.88004895661951,1.67772757601347,6.64868723712712,0.260084836465529,0.169654580512409,0.118903324696392,8.25850518181818,6.45131792539621,1.81521416985808,7.10073587110091,1.09919447121449,18.001431,17.15737805,16.16147065,11.105927,7.851805,8.10861401538461,5.06772309326451,7.974328484375,3.97478701709203,0.211739564617984,0.108675794778069,0.0608086880444333,"1039491"
"100%467",-1.58505452695755,95.8192649430802,3.12396905100315,15.0911835499498,-0.111804410841324,-0.00573777707984713,-0.0451202859037162,10.4240178939394,91.7700240053587,3.43704766390597,17.6000374901027,1.53501899667067,64.511951,47.5447910499999,37.3048781,16.3042215,5.9834445,9.59189584615384,47.4816817694044,9.14163440625,35.0457843698728,-0.157648578545765,-0.0436146777623009,-0.0721327406186909,"1039499"
"100%468",2.68122084252461,325.566856150338,-0.612923940055423,1.57423487938765,0.175020277336417,-0.022388228924877,-0.0158316750306955,84.7176293787879,319.895742784083,-0.611516512908946,1.57160638371796,1.73222110692154,100,99.9632802,99.68159395,99.527861,98.0019075,84.4825159846154,321.168847414117,84.240937984375,322.393715191954,0.164791545964477,-0.0316735750637805,-0.0243635501519016,"1039513"
"100%469",3.52081203030303,0.610602834581152,-0.430001524484533,3.58865993585267,0.155702801216355,0.0831446867861275,0.154980671193829,97.270812030303,0.610602834581152,-0.430001524484548,3.58865993585268,0.535959889216217,99.086104,98.9467349,98.82373495,98.168755,97.318883,97.2428844615385,0.568520083935358,97.217434375,0.535302261433861,0.155702801216355,0.0831446867861272,0.154980671193829,"1039530"
"100%470",-1.40190519216277,31.1441197736949,1.39396627992726,4.60426659190408,0.377790858081704,0.256060242051142,0.133746632370528,42.6026376212121,30.6746297410576,1.37562379201613,4.61286497710761,1.74717517725822,61.398813,58.2486361,55.95568345,51.0629,41.2868775,42.3134656923077,25.6276004269129,42.090982546875,22.8106129334778,0.36773550897284,0.247837632837617,0.126635956261789,"1039551"
"100%471",-1.30116396238973,36.1739139746079,3.82424394770356,21.6403452839665,0.118740137721102,0.0800949526739738,-0.00347610561184728,7.53982436363636,37.4136497987437,3.62695014347226,19.3978464180505,1.24227977056328,43.395944,30.5757450499999,21.05982635,12.749808,5.8689695,6.98819175384615,17.9055410228908,6.727498484375,13.7678513527821,0.150599646430808,0.11607354581945,0.0404052033519635,"1039562"
"100%472",-0.377191640181496,84.4064158725601,2.69076377297177,10.1319194739607,0.293236178667441,-0.0376074746048544,-0.0738690471423393,19.8827944848485,78.8045721856836,3.05539051316945,11.546295697308,1.41122872401324,56.508195,54.1916379,51.9987241,21.06307,17.814345,19.3193267846154,59.0622241717149,18.7939371875,42.0428465551887,0.265745716704316,-0.0816641244086308,-0.118865632169666,"1039570"
"100%473",0.0729989933618584,61.5552807703931,1.5919827771874,5.2849819699423,0.265832130072138,0.0413701489992227,0.260258262035919,18.6338251515152,56.2691606128752,1.95316702662738,6.02153191782929,1.48669634909721,44.098265,43.1273379,41.1672399,32.2099255,16.388334,18.2420645384615,47.00539906287,17.861401,38.3210510048135,0.20087576548751,-0.0518629368324992,0.190413876797961,"1039572"
"100%474",-1.9114223630914,186.599596821652,0.859542879340996,3.98621213900358,0.566930875424895,0.426221820768758,0.355985209243736,35.6589368939394,115.495993254286,2.05308661067904,8.5549958038539,2.19721622824574,80.60359,76.26002935,62.03601165,42.0894855,33.690568,34.9674806923077,85.7174838898215,34.358829,62.9771222099138,0.338464561817095,0.199971163515914,0.104197811415701,"1039577"
"100%475",0.562113879777097,72.1981635298744,2.12110190783949,8.38175774020859,0.46901020019087,0.135782699880742,0.112621658236685,20.9285836666667,61.4066786094922,2.57944110348642,10.3678644205452,1.83660183996691,54.155276,53.01828495,43.1841848,25.4103565,18.959864,20.4174037846154,45.1052752022244,19.917581046875,29.5715651317101,0.393187088644366,0.0322147079570759,0.0163820932772862,"1039579"
"100%476",-4.54678114107053,285.850228218125,2.45448586396344,10.699524402211,-0.0385565722048621,-0.066319825070723,-0.156301224715471,16.0519632575758,272.908144385424,2.55290715936126,10.997751411569,1.80831094481116,98.777114,68.0604435999997,49.96229425,40.3654905,8.163857,14.7792686307692,170.203124757377,14.205183796875,151.440277808733,-0.0916108454175045,-0.109704463344932,-0.194906258132074,"1039587"
"100%477",-3.28327389611567,381.786919452581,2.03886579601715,6.11423106001739,-0.150394236600395,-0.0457112135512895,-0.119509067873637,16.9555807272727,372.550888823704,2.11239112159706,6.2853348805735,1.51287656402529,84.503431,80.3397793,75.88107635,50.3789035,8.7645335,15.9163830307692,307.006938699854,14.9447981875,250.445410118457,-0.176095530492604,-0.0661688900301866,-0.131243595555482,"1039619"
"100%478",-3.54861501824168,193.765453732707,1.84460729249744,5.88484632366893,-0.143852528969575,-0.198959672335996,0.0468083424321039,18.0815814848485,189.165509727612,1.89308085311788,5.91632830550146,1.97631024494446,64.891179,64.3264395,54.67782885,33.8366495,12.1667135,17.3614338307692,157.8473138562,16.63235703125,125.762734461384,-0.170257011824201,-0.225901314310222,0.0296172207292391,"1039633"
"100%479",-1.16698161818358,129.514986784407,1.39862066324176,3.94661071051184,-0.0048130649484494,-0.314536108869749,-0.00782921683103501,20.1409920757576,130.509295978434,1.4022116312167,3.91171303975806,2.07222379235178,52.12487,52.08148185,50.71368185,37.392718,14.822674,19.6489324153846,116.537032483,19.142538875,101.689686462234,0.00360482969280213,-0.301647878988599,0.00286685925936705,"1039646"
"100%480",-1.44336526438998,141.528357024075,2.72169715190441,13.6362964849955,-0.0855977425059251,0.011134511555798,-0.205790158348662,13.8239211969697,139.511474033674,2.91855864776273,14.5544370815117,1.82810788320232,78.541932,50.9288828999998,33.7363482,31.40643,9.185454,12.8282594923077,76.2292172148128,12.465258578125,68.8552705934587,-0.101287107577543,0.00109223909874577,-0.213665508464855,"1039650"
"100%481",-2.17680921064216,122.513686909266,3.28513650501306,17.0802697086448,0.0272289987099417,-0.108744087087587,-0.105571307028498,12.7616515151515,118.817826028073,3.70270530885291,19.9427193426975,1.58734413065838,77.166815,55.8345390999998,31.61046105,25.155798,9.142813,11.7708028461538,55.8482409819575,11.26178525,39.879440389675,-0.00053695163709056,-0.135754149357257,-0.12217465332555,"1039660"
"100%482",-2.56039519827267,87.011098840087,1.88344485091507,6.14134168706552,-0.0854819565814472,-0.0111808237608762,-0.138309555679092,11.9310474090909,80.6286282855619,2.06856293324463,6.67947078157525,1.57318643616617,48.619648,39.3603986499999,32.480501,29.5061595,7.9060275,11.3666074,60.8419621457964,11.00710675,53.391971176547,-0.163618050842185,-0.0693194365779263,-0.197352460178991,"1039680"
"100%483",-2.16296367292624,92.0911405597625,2.70348151322199,12.4577930802065,-0.0683667420703478,-0.0616324369991749,-0.1404294569997,11.8880637424242,87.8289032333243,2.88698211592418,13.2044691405322,1.72805048343394,61.138225,44.3573017499999,33.3554102,25.241498,8.3620645,11.1303689538462,51.2894252150875,10.75238378125,42.8040910884079,-0.115154967296895,-0.107791720295265,-0.178704479998264,"1039693"
"100%484",-3.43572971482401,87.6994335656884,2.54880919033636,11.1286626515432,0.00448910108503223,-0.0949247502417421,-0.13437097628411,11.1220723030303,82.1843156888256,2.85728446358135,12.4793456920376,1.59094114024273,57.656585,41.8065189499999,32.67555775,22.9308985,7.638029,10.4061567230769,49.621372013427,10.048879984375,42.0996725300005,-0.0517803531704601,-0.151878757776033,-0.18058402276146,"1039701"
"100%485",-2.64192557331889,85.2002293247418,1.90869792165452,7.07026632670107,-0.146326136977809,-0.11557842906244,0.0541297379693402,11.3826901363636,80.5211367170473,2.26217888078778,8.20021290403895,1.80422433536529,50.663685,40.2162655499999,34.4806916,24.688298,7.812834,10.7783671384615,57.6563085734081,10.4062989375,49.5589298940285,-0.209402318520906,-0.168950562676874,0.0117337154717862,"1039761"
"100%486",-0.648611270922473,228.780575508182,2.42201354781617,9.99203597443826,-0.0792890240670601,-0.139758694877018,-0.0453815311607571,17.2010797121212,218.815246977212,2.58671208537964,10.4553688176161,1.68951637867176,89.566987,64.7010426499998,48.35544285,42.849634,11.491927,16.0877580615385,140.375618946931,15.53738415625,122.879744677516,-0.134429559095509,-0.184529657448266,-0.0831541068117033,"1039771"
"100%487",0.501396748895111,245.566601973356,1.92203393932618,6.12884865322838,-0.223860469713082,-0.200928596616714,0.202514062549404,18.6980715151515,243.504389830098,1.91080386631089,6.03861606087705,2.36186894094583,72.197555,70.35027515,62.51594415,41.578679,14.003522,17.8750025384615,202.539403546393,17.070618421875,163.64688427072,-0.233994734202352,-0.209199433886706,0.201205984190875,"1039773"
"100%488",2.21361787914004,264.517383326709,2.60257525926686,9.70079321833786,0.101943239217869,-0.0511509457303864,-0.196946766818048,27.5506972727273,264.642530515784,2.64108540062845,9.91877418914918,1.95948669367766,96.713976,92.04167005,71.9611166999999,47.037396,23.244968,26.4866468307692,193.988533422128,25.501659859375,133.956647558784,0.103638516342801,-0.045350554754349,-0.186991185826695,"1039784"
"100%489",-2.94613898703336,274.208983507494,2.00574886773357,6.89871203088461,-0.0585758157383451,-0.12255101172779,-0.120072983881372,16.0211956212121,263.995165593989,2.05822812260003,7.04645492900757,2.03926440997328,84.134043,69.4895559999999,52.9776469,43.8513985,8.1372595,14.9733056615385,195.583787419449,14.244700078125,164.133487846096,-0.0968726033978081,-0.158683236689656,-0.145391022276804,"1039838"
"100%490",2.48514374198405,325.184123980879,2.24464208496446,7.3897878946287,-0.0297626856202973,-0.00155136060884215,-0.119955868504162,36.8649308636364,323.339953194184,2.23644919629625,7.39393771269816,1.94331451722822,98.893013,98.367241,87.9130378,58.095373,31.893427,35.9106526769231,268.211721408527,34.939192046875,211.059705432864,-0.0340141201595706,-0.00238289054741317,-0.121626837070568,"1039842"
"100%491",-0.281510908685929,229.581420567051,2.87438132316138,11.1187393883369,-0.0804977516405288,-0.0756022470288313,0.0111666505379036,32.4072667575758,229.104286061953,2.88761815262154,11.1927738625972,1.70606819124411,93.460095,91.33041875,85.11254435,39.714957,29.2583855,31.4679924769231,174.401379882473,30.550560015625,122.417050575313,-0.0796984311586112,-0.0726709414882772,0.0139618856669319,"1039849"
"100%492",-1.74947750006261,239.504828913778,2.56431601114258,11.7657587881348,-0.0632771439600065,-0.120066506709679,-0.183640739361117,19.1151727727273,234.635003486486,2.65238299030731,12.0391284306536,1.77656444684563,98.418707,67.0775861499997,48.24040185,40.9705675,11.7791905,17.8951184,140.001616391771,17.39032965625,125.626382719807,-0.0918899427728407,-0.139471364287093,-0.202157575380652,"1039882"
"100%493",-0.645085535488529,62.101223986061,2.07577197228258,7.74123231745917,0.576723977000126,0.113043780315389,0.0728271769930887,17.8147158484848,57.5629122584512,2.69290222412317,10.3219661354869,1.5366332713094,49.304931,46.9808092,44.68153465,25.1209145,16.014546,17.330251,42.9578870224143,16.8865149375,30.8304939515443,0.543561536292859,0.0483394653305979,-0.00993023784477337,"1041010"
"100%494",3.17583394657539,263.099599358624,1.44818228263129,4.92750675543402,0.333284144131179,0.185996030340032,0.172703131304759,41.7106934393939,225.373623904268,1.7902738234802,5.70716035603106,2.45245993234224,89.742925,89.3790095,84.34282305,63.9510785,37.464676,40.9717360307692,192.801079009623,40.218434171875,158.928455979271,0.230656030613667,0.073384712262498,0.0680115194024771,"1041037"
"100%495",-4.49393653341961,104.992597936437,4.24696867282503,22.3838139816351,-0.0424885470485788,-0.0319038019086652,0.425745469100348,7.21041083333333,99.8585358707859,4.45142323087496,23.5048570903277,0.669182522529944,65.253757,56.4979053499999,25.4926471499999,11.235959,4.359951,6.31743627692308,48.7661861838866,5.60703346875,16.7244681020972,-0.0868502592497844,-0.0728233727482086,0.405699590609285,"1041042"
"100%496",-4.3578225103523,72.5115690779857,-0.0408923597877013,1.90582720999709,0.625107909398194,0.558625100571584,0.64668477189927,25.7263330454545,30.897568970722,0.571296478465737,3.43478596748488,1.93492180401672,44.102525,39.96166685,36.26553215,31.902576,25.488292,25.4436224,26.0978457881367,25.25161690625,24.1093275026145,0.198362848919855,0.109086870573337,0.380851933725047,"1041045"
"100%497",1.51874387505068,110.600705724428,1.48463066250188,7.04396743056163,0.48282199157022,0.321297879778811,0.299293174339823,30.4457495,81.8339079907242,2.42488818888079,12.5848255648149,2.00706774282476,76.932396,65.0308836499999,48.274293,37.7462045,29.4478085,29.7305703230769,49.3351283536931,29.27913584375,36.8594389410835,0.322330422343921,0.122711902114813,0.115523659917257,"1041049"
"100%498",-4.36174671155776,0.610446484776406,3.25652142464754,15.4210078836484,-0.084752602584211,-0.0214943040782733,-0.112996708033104,2.65485304545455,0.609210725962801,3.56085440283518,16.9375463710125,0.470539777313146,6.51217,6.40245845,4.16390819999999,3.2847535,2.399847,2.59550970769231,0.386155504043561,2.5369491875,0.169282439656652,-0.0838400808102011,-0.0194410242642817,-0.110499614438026,"1041065"
"100%499",0.573385898332542,30.2522103674246,2.74897439071218,18.2609231392409,-0.0351095116430602,-0.0515751028610944,-0.0623780964009574,45.133564969697,30.1038841749788,2.76554414479134,18.3855779660254,1.65357116984018,77.005801,64.0125986999999,52.45471905,48.412052,45.3800685,44.6432228769231,14.6982865701657,44.4498941875,12.4985084578117,-0.0401145594965134,-0.0563036413772443,-0.06113162179136,"1044637"
"100%500",-1.73599528335745,289.830316675144,2.53191075471025,9.95950440365021,-0.0587230948445037,0.031834441313114,-0.117135477588694,17.3274862878788,277.91347725021,2.60440937765343,10.1361977788021,2.05243646283653,92.168104,81.4286700999999,68.8759966,38.926686,10.1112955,16.1760921692308,194.692313721727,15.246876453125,141.610661064862,-0.100189547592873,-0.003471926255898,-0.158989267415028,"1046143"
"100%501",-0.220946441066681,144.818871378294,3.05091646431787,13.8304397465159,0.0251061565952779,-0.0108381879209751,-0.0593239512342514,32.6949718939394,143.688445686164,3.06822259726475,13.9566115542607,1.88204037677991,90.084291,86.1933455,63.5013365499999,42.470706,30.5499585,31.8120592923077,94.4497494583353,30.995088015625,52.5417924435262,0.0160491335738123,-0.0199855033655757,-0.0647530912798957,"1046156"
"100%502",2.67261570834434,382.074386962417,1.81685013726061,5.67221825913511,0.0536574648844481,0.110195921374324,0.0519351141735862,37.8216437575758,376.356269926689,1.82466893446634,5.69812849889914,2.22568080634588,98.445152,97.8843125,90.7299568,70.266273,32.534287,36.8889744,324.734805770088,35.94064084375,271.351912406111,0.0396098194978301,0.102128028988667,0.0458536414799326,"1046159"
"100%503",0.167363261722396,185.311563727927,3.12378776263399,14.0311207173438,-0.137974111732914,0.117454075395695,-0.179167550356114,17.0484049393939,183.766861364516,3.18066294101646,14.2799473199978,2.10310079847384,82.937695,77.9243119499999,49.0898457999999,29.4471225,13.250036,16.0347235538462,118.775747054246,15.109878640625,65.0346407237511,-0.147644107646338,0.120325409020214,-0.17520757883981,"1046460"
"100%504",1.1815625033895,81.9037255527802,1.2281313483969,5.00303257940294,0.107459820693201,0.188688846339505,-0.118823920300784,17.4231107575758,78.1897839232789,1.2862807918838,5.0439242903836,2.21241972804252,51.296557,43.4532078499999,37.225347,27.3214835,15.370307,16.9019808153846,61.4686601771673,16.553107609375,54.5177945907927,0.0649547559157672,0.154637583073928,-0.158431700386573,"1046618"
"100%505",-1.8224415505432,114.304129920155,2.90896082639977,13.5062186698776,-0.0792134859681353,-0.0559905901631619,0.115202963716568,14.0169884848485,109.779953405875,3.12839872481595,14.5794085469606,1.88315159432585,68.879476,57.0310354999999,41.7724744,22.77116,10.34675,13.1729502153846,64.4504361448739,12.58735403125,43.1674863028911,-0.116075896857984,-0.0890384271659631,0.0931355832474016,"1046682"
"100%506",-1.36015591746342,67.2530309749882,2.37978714712842,11.8666540164476,-0.117664891380066,-0.0330727896862526,0.0628057712070612,12.3729405909091,62.6010504330943,2.61581078401832,12.9621607799658,1.82108246016925,54.136732,38.4222611499999,29.771459,21.0069145,9.700087,11.7304207230769,36.317245999782,11.4455738125,31.6107484082894,-0.193999981734965,-0.0975905282431443,0.011224527920194,"1047151"
"100%507",0.353976148204885,152.189645200756,2.52456049570172,9.82136425773126,-0.189869056382045,-0.135405716582786,-0.0400261717860727,16.1627025757576,148.84528768317,2.6731374822216,10.5078528081609,1.83343171980596,69.974561,66.4600032,45.5796928499999,32.095948,11.882879,15.3348278307692,105.90036002228,14.5655665625,69.090464721781,-0.208979188059987,-0.149162420516297,-0.0443817316860077,"1047360"
"100%508",-2.15927768352614,133.902977609043,3.19292963483971,17.7181847874605,-0.0296960929141922,-0.0314550616390393,-0.0376363362576625,27.9388418030303,132.93701547435,3.20357698453789,17.7369972990194,1.71555309204419,92.057695,77.4732328999999,47.8443025499999,34.543312,26.2784975,26.9523979076923,70.7594774569283,26.285715671875,42.9748560611592,-0.0372142399609026,-0.0351974828181652,-0.0392867643539225,"1047487"
"100%509",-0.738685555130034,129.098400281326,2.13462408709438,12.9678632747273,-0.0864889990184889,-0.0444747460816454,-0.0284710072555915,38.8494899242424,129.630708629258,2.1546294353294,12.8990253754632,1.81154488218594,95.560036,84.1373116999999,63.90586505,42.903118,39.494107,37.9770199846154,81.3855767170687,37.351870078125,57.254419990252,-0.0825281960159937,-0.0407251613782519,-0.0236373658091135,"1047502"
"100%510",-0.238341193122391,197.505457166714,2.30038096605636,12.6333993895154,-0.126424557593728,-0.0749325166515733,0.0231495959250954,32.7482284545455,194.743869818487,2.22497649732563,12.3227552584943,2.03648319412881,98.971934,91.9396580999999,55.3263660999999,42.8581635,32.8196795,31.7294022153846,129.231473584384,30.84778275,80.729278045711,-0.143096081433896,-0.0852018194929119,0.0144867314248173,"1047519"
"100%511",-0.709632378532566,151.078656050273,3.46700797470936,22.1588274766981,-0.0305394125699881,-0.110037138642396,-0.0536794468289723,24.9750910909091,150.397256294408,3.46711587489825,22.167453605364,2.1853573507345,99.998637,70.3692553999997,39.8512222,32.061511,24.6809365,23.8208826923077,64.7860564288662,23.34285003125,50.9448489331038,-0.0379783403624291,-0.115990621110277,-0.0544875975027144,"1047529"
"100%512",-2.57723137321501,222.242217806204,1.81086904883663,5.07125960055256,0.166177863165045,0.382995461777274,0.0731194052963879,17.3451182121212,215.948733307514,1.84927180068325,5.10611655667961,1.25091482272012,63.496556,61.7782069,55.66440015,38.4990105,9.823409,16.6350960923077,185.998348411029,15.94419225,157.876944849442,0.140298951559521,0.369871320765961,0.0559003073466231,"1047533"
"100%513",-5.34318294149486,89.1683337409039,0.486364489046257,2.10390694270879,0.63685780896971,0.179974704456413,-0.181477588842908,9.5666503030303,93.4996197841186,0.63589476558136,1.89613041336948,1.66536168888915,29.576585,28.7370931,27.84384005,25.386622,2.4518955,9.25880515384615,88.6833455052751,8.9615199375,84.3244202880263,0.700219796587251,0.295545090334926,-0.0221005198026245,"1047545"
"100%514",-4.85154141710901,141.904800155953,-0.128689979731402,2.34104576899714,0.547694585939097,0.106063542178768,-0.169636114631703,12.3607090757576,133.084544276163,0.546659933632068,1.78781930010525,1.98542655989745,34.516097,33.4880089,32.82709675,31.3212655,9.5819815,12.0198569538462,127.464107648729,11.693066859375,122.51426955085,0.6547676479782,0.267485983913951,0.0328478747469178,"1047548"
"100%515",-4.78478505261778,116.814044994935,0.0349507467333228,2.14858483230002,0.584888936539237,0.136621795489732,-0.258977023120294,10.9822923939394,109.360051270042,0.536735964230946,1.74338541807621,1.8292012773392,31.457343,30.80650255,29.840944,27.06962,6.9857145,10.6672916153846,104.493631224926,10.358092265625,99.91206874985,0.710805943125386,0.345289465324915,0.0222920085755481,"1047549"
"100%516",-3.05706618003194,121.34707120073,0.354927211206515,2.02888280634401,0.610027106092951,0.127071866072794,-0.246621304834375,11.034553969697,114.9949930237,0.470218401548411,1.58346749960906,1.71959260740671,31.652369,30.2618851,28.24040335,27.030407,5.614063,10.7173568153846,110.123620472072,10.42367234375,106.238015064793,0.676345218614436,0.258793109706122,-0.0620588638627773,"1047552"
"100%517",-3.64780099837771,122.463533484875,0.202105595469697,1.8529545576451,0.587975030921428,0.192972704957176,-0.163713306479741,10.8104830151515,107.533971702893,0.407908774122338,1.52506870208846,1.67409982941733,30.67382,29.9147318,27.59498435,26.0540355,4.0428605,10.5048932153846,103.024922200698,10.208001046875,98.9052642281315,0.650564041083779,0.288618160859682,-0.0081999328625158,"1047553"
"100%518",-3.69633547814558,136.244873801953,0.506890450811748,2.18684621859207,0.608050494112138,0.205866892899529,-0.21148419930474,10.9179260757576,130.666428596473,0.715564157062164,1.99432384572732,1.82539886129297,34.923015,34.14254375,32.453394,29.3986815,3.665118,10.5486170153846,123.674995327256,10.186528375,117.085385202031,0.682230416853776,0.288406288147187,-0.075540407007132,"1047556"
"100%519",-3.76186284906509,135.23257433454,0.190618798032966,2.02269563200422,0.603653472094422,0.164004872371787,-0.190602470088208,11.300953,117.013539012502,0.539436004455809,1.77126730619222,1.90981993059179,32.870052,32.63736175,30.8214109,27.6794335,7.3084735,10.9691207076923,111.546311070602,10.632512171875,105.92437726605,0.690877408791523,0.320099477241966,0.0431400643209712,"1047559"
"100%520",-5.00996786376946,106.542516635,0.133107839376108,2.07447569278227,0.588412787481911,0.115769636810023,-0.2853582382141,10.7704487424242,101.424646407429,0.540821998530672,1.754118059282,1.8764894499769,30.954881,30.2259242,29.0008784,26.164043,4.9556415,10.4599190153846,96.6207306321574,10.157208234375,92.1742314472205,0.681221603333051,0.258568933511525,-0.108095981215874,"1047562"
"100%521",-4.62416927966964,129.094806348503,0.350414732707324,1.97972135404911,0.603898575310215,0.200621641936976,-0.186384293201836,11.3540834393939,122.32002899697,0.477700732054708,1.57197508470753,1.78075262036609,31.074595,31.0290014,29.79539265,28.190322,4.7499565,11.0506909538462,118.12677357799,10.738913453125,113.654165768011,0.686595266316356,0.355855809378691,0.0154511726312306,"1047563"
"100%522",-4.82270687673327,136.264107391094,0.275007646311389,2.04051441010221,0.579029915318656,0.144798088453213,-0.212057599758321,10.8774704393939,122.129997714318,0.512289961114752,1.5883413705203,1.61220576505711,31.131283,31.00694125,29.26398755,27.4106275,2.4070205,10.5658733230769,117.600798404869,10.24752778125,112.850958419875,0.685941978140206,0.31282911740704,0.00522495163231072,"1047564"
"100%523",-4.89796034779541,149.623449796231,0.351978073220241,2.18428170445646,0.557351700647528,0.123265056658689,-0.265136719426238,10.6785513636364,129.326697272518,0.717951391875276,1.96134965907139,1.65808492013765,34.105451,33.31202525,32.58071145,29.362671,2.313387,10.3181375230769,122.743061762209,9.965533484375,116.579497575164,0.640352365790937,0.249065678405042,-0.0592810511171072,"1047579"
"100%524",-2.28952817906698,126.859725033994,0.235966813175893,1.7069178959903,0.641981776537177,0.235699710641082,-0.0983978989306642,11.8886387575758,122.188664184286,0.339529896665685,1.44688649759171,1.74761636605975,31.151773,30.88045195,29.701535,27.3523,6.9735125,11.5922828461538,118.271919255631,11.293187953125,114.305163916664,0.670961339904345,0.271682484009069,-0.0254845119440763,"1047600"
"100%525",-2.67084244496185,187.700439689989,1.61013479878547,7.26785612603178,0.193250727013832,0.0116879399854136,-0.197065971024639,12.7536374393939,186.441821156772,1.74767366097382,7.47692745575424,1.93930584606743,69.937283,64.2432862499999,32.0294658999999,27.0238655,9.8794405,11.8738890461538,138.228979329913,11.1035234375,101.813701017164,0.208687201958019,0.0798894621785518,-0.125666370495176,"1047621"
"100%526",-5.38588102451703,99.6133167881829,0.269604852994241,2.21223640240907,0.62182127402847,0.217502842404434,-0.139214511954034,10.1419250757576,102.745801606758,0.589204697567443,1.72250945852734,1.62959191304451,28.800877,28.66094305,28.37865455,26.1124455,2.6554785,9.85486427692308,98.8878486998465,9.562196625,94.8654382944407,0.684384296190701,0.304205515379602,-0.029448630689554,"1047626"
"100%527",-4.13153452601692,126.503241842582,0.221561436584939,2.01337641797112,0.561613869177966,0.131407276929834,-0.254567575891352,10.4403437727273,106.319433822415,0.555321423991423,1.75269627926614,1.77014531718692,30.663008,30.42797255,29.9077749,26.067894,4.441688,10.1292258615385,101.566690011959,9.81403540625,96.696243041574,0.662044145471208,0.2732510360063,-0.0392513917023795,"1047627"
"100%528",-2.627840673678,137.7690445779,0.184337346269615,1.87283577271768,0.687080986360593,0.300707773513252,-0.0735951390937416,12.1007565,128.848728707777,0.480545435774059,1.6255262461852,1.94384494669298,32.330955,31.880713,31.2231649,30.261698,8.029208,11.7895226769231,124.437828328356,11.479385921875,120.130156951923,0.728067429518596,0.348920756815686,0.0322095975375091,"1047630"
"100%529",-5.86465318928389,0.518180987954912,2.27242624002495,7.31957443182429,0.000885133631124278,0.00379477845962166,-0.0250726495145457,1.30744548484848,0.47876074493228,2.84149077138765,9.77983760023458,0.184907399167776,3.916782,3.8424077,3.75589265,1.380066,1.1178845,1.26730184615385,0.379766520829699,1.2276915625,0.283717025593684,-0.0646045082814156,-0.0522782310762713,-0.0652002580501851,"1047708"
"100%530",-5.93545956006022,0.477724645253992,3.97279654612484,21.7665413320131,0.0434931026933932,-0.132597682063107,-0.027782873593594,1.09269531818182,0.477868028474247,4.13467344399265,22.7438536097324,0.135793958751594,5.274398,4.10500509999999,2.3068187,1.6638775,0.857689,1.02836143076923,0.212055805702307,0.990127515625,0.12035008029475,0.0458782915802043,-0.127405535259097,-0.02226768139127,"1047715"
"100%531",-6.03455212012798,0.61021666388379,2.23080694994324,8.02824595037302,-0.0605598171365593,-0.119362993760597,-0.0448371007244619,1.04607086363636,0.570029954833997,2.77061528424938,10.436663118452,0.184907399167776,4.150486,4.09164085,3.583967,2.057222,0.7389855,0.998310630769231,0.428251016774325,0.9504724375,0.286190411119246,-0.109213692817853,-0.168509187929131,-0.110507961765155,"1047746"
"100%532",-5.7145369681739,0.551140570265231,2.26073752140518,7.78170417221117,-0.0464352159843882,-0.083417260064251,0.0602034620084353,0.956399590909091,0.546139492861211,2.35894561229523,7.95856886132783,0.184907399167776,3.892685,3.6293336,3.2392883,2.115702,0.6233615,0.911225969230769,0.419858336599845,0.870971234375,0.321089784019179,-0.0483816272395717,-0.093093762251928,0.0536167593413392,"1047751"
"100%533",-6.20917079170848,0.757110110675784,2.33045013453241,8.26114864759403,0.0153276038935931,-0.019161073516051,0.264802546205732,1.13361353030303,0.698702693611249,2.55775340335381,8.81484533454628,0.228631873582861,4.319691,4.1413609,3.91792395,2.13082,0.7691505,1.08459695384615,0.550878731162167,1.038335390625,0.420377616278363,-0.0622960257491982,-0.118804782634046,0.1908838174855,"1047761"
"100%534",-6.14553377684457,0.283393930844006,2.79812206798571,13.5295376036773,0.0192359593337487,0.0827941855249902,-0.0808662658122968,0.951558242424242,0.270277119169669,3.13419455481009,14.9065007833824,0.0785157640989041,3.780157,2.72250494999999,2.07415095,1.6450955,0.730928,0.908041338461538,0.149449647282409,0.888588859375,0.127188866751402,-0.0360234267001978,0.0403584131510006,-0.128961396189657,"1047779"
"100%535",-1.83813803728452,236.197150474317,1.65598044794334,4.25956802525975,0.130517092349096,-0.00679806767389334,0.000304248796033568,9.84574025757576,235.281538416982,1.66084912895622,4.27701441892118,1.2953071035836,53.961506,53.35513725,51.73026315,38.2292595,1.953777,9.16703616923077,208.499064583238,8.48169875,181.227182884488,0.129414692028696,-0.00421540548089416,0.00403290737445285,"1047793"
"100%536",-3.64967002843914,126.120335321281,4.69312471914326,31.3468317324269,0.0116523871410317,-0.140390637920033,-0.0990335330876356,12.8469753939394,121.590062472161,4.85750779684402,32.7193270543421,1.84348442628574,87.585938,56.9479325499997,26.1231143,16.823117,11.7106115,11.6971452,36.2014534748356,11.247873328125,23.6471622196056,-0.0221626046700257,-0.164880044591426,-0.117650713950618,"1047809"
"100%537",-1.21758295521455,37.8560018906552,2.43389857431315,14.3434404385058,0.268300882413048,0.33018980418865,0.392802671409238,12.289693469697,24.3420010481382,3.51982494167015,22.2265122894995,1.42264983567261,42.548922,29.6107005999999,21.3421202,15.051359,11.9552735,11.8241668769231,10.4133028056975,11.655107515625,8.71824126527313,-0.105775273629156,0.0365100662388151,0.132308554713402,"1047823"
"100%538",-1.98651688428151,171.87142458434,3.22893809586484,13.8609375767357,-0.03712690748079,0.122078700753034,0.151562217789268,9.57322639393939,171.483067621681,3.23222105309463,13.8841290253966,1.6928752199186,70.158783,68.79720915,40.1603509499999,19.8360075,4.3470895,8.64114090769231,116.781567319631,7.712657890625,62.5710329651441,-0.0384893631606126,0.122631875396439,0.152354774198828,"1047990"
"100%539",6.16839291903051,416.939901270985,2.13563280693183,5.72096789756951,0.638541689719112,0.499511626916315,0.34008639916396,18.6796178939394,417.403744020261,2.17307938747498,5.83385635133215,0.766192580931494,77.552184,76.8723828,74.98781515,62.290142,10.740707,17.7738861076923,369.682235553301,16.856191578125,320.717909259967,0.643710685410451,0.509393833400253,0.353464783730888,"1048236"
"100%540",-2.52450001327628,2.12481619423635,6.56806104809425,49.5833677859683,0.0640635129638875,0.0666219965894168,0.01748918223364,4.48351593939394,2.03680151350548,7.04014816850878,54.5850632272473,0.0785157640989041,15.538855,9.12091229999994,5.4613866,4.8849055,4.238851,4.3134338,0.158893268111483,4.2923140625,0.132383160141246,0.0301889097182292,0.0465789302028361,0.00529848521984163,"104831"
"100%541",-2.1164815426091,237.639565379247,1.50772621136023,4.37907571935671,-0.0779434567385806,0.118525187799024,-0.246403214889498,20.8110198939394,232.288349217226,1.54086039894333,4.42525611342224,2.11831975981081,73.602688,63.0267947499999,55.57630345,46.4534655,13.5852,19.9988403846154,192.326069474118,19.41550846875,173.213216245285,-0.102677081954685,0.0970399392325177,-0.274047908927977,"1048353"
"100%542",-3.83491172300283,11.7546263474759,2.52284285796429,9.57813070930232,-0.0738611558404628,0.0274661978168367,0.139070511163584,2.73797137878788,11.7170984959696,2.51235098854584,9.49851369645664,0.980454315722473,17.531437,16.27173115,10.7075476,6.9172145,0.995302,2.5103796,8.47869237681292,2.30595696875,5.89491215433434,-0.0749629976450976,0.0259176376878191,0.139612823358714,"1049367"
"100%543",-1.3833812840459,272.627477047009,0.833279695920616,2.4861258447978,0.169696286234054,-0.0074606602736993,-0.0261852941549928,65.6967548333333,270.742466364886,0.827933983406971,2.47640155197513,2.59859617675959,100,100,100,92.119705,61.122832,64.063266968254,224.93274744526,64.063266968254,224.93274744526,0.167990491060561,-0.00714338165201413,-0.0227606033863018,"1050028"
"100%544",0.716847498350691,281.131381605992,0.838617423115215,2.41471626414342,-0.194711384674136,-0.0458274950628488,-0.0528251416135167,67.5418186060606,280.545250884582,0.839814314334288,2.39730306157177,2.45844414868206,99.652803,99.6508907,99.6467507,99.215602,61.9209655,67.0478034615385,268.753968108284,66.5383963125,256.086032033029,-0.195997396736582,-0.0448136104714507,-0.0479778883189352,"1050030"
"100%545",-0.667479187980913,159.957939618893,3.86670581783668,22.1358873204991,-0.141066337367073,0.0113779062345797,-0.069951133920717,19.854085969697,159.997611246829,3.86070191197956,22.1036336587295,2.11481167012554,96.144841,73.3380400999998,41.2771715499999,26.354624,17.391787,18.6803820461538,71.5387735490444,18.01824028125,44.1585052917995,-0.141503495037541,0.0133343436514397,-0.0691273039746298,"1050073"
"100%546",2.07093337610269,188.864271241678,2.26163123318537,8.73108338432491,0.0331380671043256,0.189849340649975,0.279377090617683,25.7080893636364,182.963975827842,2.30949783879433,8.83645483889364,2.25825477261573,83.869581,75.0833164999999,62.60211205,40.1243945,22.833399,24.8132971846154,132.935705345144,24.10175103125,102.103460397172,0.00318928881458852,0.167052243265323,0.263471979905004,"1050074"
"100%547",1.00796442829222,277.84241570229,2.48472073189004,11.4373198898266,-0.112158469855075,0.0439502466250345,0.240741137319911,33.5775592727273,273.987139637839,2.47388651855376,11.3465458723014,2.0199906863371,98.91445,98.78484715,98.16592395,44.166306,32.9105895,32.5723763384615,211.51640613312,31.538896890625,145.396164987416,-0.127518166415702,0.0330939366420105,0.232916664770335,"1050091"
"100%548",0.177684554927543,176.976822932447,1.86559122901748,7.20740882341288,0.114787804366436,-0.0868224661139857,0.0857875023502747,32.0292111515151,175.104285602606,1.85251768948459,7.1660744584612,1.94522094745316,80.382206,77.86811455,74.09394115,48.3772815,28.580019,31.2853189230769,141.275404951767,30.578614953125,111.019850579661,0.106871102960076,-0.0908913506497876,0.0867793806208757,"1050107"
"100%549",-2.23058936571409,132.222076108089,2.16023955068472,11.9166849527954,-0.208206310476284,-0.120118102400165,-0.0525814330140268,28.1101876666667,131.474940260997,2.18210461176509,11.9914318814246,1.93042116137781,85.892099,68.4658895499998,56.16590825,38.9498885,26.166343,27.2212351846154,81.3420216368485,26.723402203125,66.5035416900499,-0.214480311286722,-0.122680244607528,-0.0540709191850592,"1050135"
"100%550",-4.98521702310144,5.37767454255148,-0.0856215474963292,1.82886555625167,0.909141656746432,0.864299159411052,0.827759692955255,3.92510203030303,0.503895588895181,-0.47482572719176,4.2688170812416,0.398307113805284,5.68277,5.2835517,4.8708569,4.80938,3.9572395,3.89806098461538,0.463387430700169,3.8797715,0.448885018217594,0.498578697045076,0.430323767195867,0.404726803746934,"1050209"
"100%551",-2.26603645164017,179.349737961859,1.83421588349228,7.26787154984785,-0.0245470390384942,-0.0813742632681288,-0.123669514001214,29.3500958181818,178.674365358271,1.84158758714562,7.25646605998149,1.81453240767375,74.61291,74.5466334,72.6141665,42.1601405,26.9908205,28.6537448307692,149.419491702146,27.9372260625,118.383226816658,-0.026329615092628,-0.0811053266958181,-0.121770265723636,"1050280"
"100%552",1.99071514070396,186.486361862819,2.83589606929098,13.4924472646865,0.0649591242742155,0.151705465972127,-0.0634383736149846,35.790105030303,184.42180965532,2.83826282524812,13.5198522381013,1.99015049621075,97.874393,95.85501395,75.8787717999999,43.3753025,34.156106,34.8349621384615,127.04740397227,33.898513796875,72.0317123894251,0.0562755590130497,0.15034091618234,-0.0649395096718154,"1050286"
"100%553",-2.68622626606272,164.269015037275,2.35433145632957,10.7255340813937,0.0591190220581719,-0.200871988410184,0.134681723423673,28.4515239848485,161.388144664766,2.33452857898447,10.5994340687649,1.82414926784096,78.965368,78.7934781,73.9680809,38.97267,26.3699015,27.6743879230769,124.010968936686,26.877098328125,84.6300449421131,0.044195210805772,-0.219863831723152,0.126773378950944,"1050309"
"100%554",-0.906503798054703,436.825214608155,2.14511811333173,6.94142652739736,-0.0254805642685294,-0.163536343466718,-0.166630311576094,17.6872336060606,439.061139364972,2.16281171517679,6.97182693882888,1.89167612618799,91.623511,90.15985725,82.0825722,45.8907275,7.8887395,16.5497524153846,360.420937821082,15.411908921875,281.897806952596,-0.0192537257414222,-0.157731355984569,-0.155233494605289,"1050323"
"100%555",1.87329708629585,168.78990600607,3.038438659264,13.6510846796931,-0.08796912547656,-0.0378380414830006,-0.0419790648312685,35.0143752121212,168.451167668079,3.05296984335023,13.7231316980767,1.70592760331324,95.853401,89.4564402999999,81.7893212,41.077003,33.0646525,34.0783902,113.222239861316,33.26692875,72.1908078448021,-0.0887920373104012,-0.0353383926553178,-0.0377995276919075,"1050337"
"100%556",-0.476017484910113,220.865267722172,2.82333959342736,11.8064762717232,0.191008741096173,-0.0180660530996093,-0.0687363402060278,33.9394254393939,218.835952046093,2.82537617850975,11.8516624154688,1.83262003761053,98.892791,95.6587693,82.2043518,46.899553,31.0248855,32.9401428923077,156.29732881251,31.987373671875,99.734477393951,0.184817695807684,-0.0189121248317291,-0.0707820424214757,"1050388"
"100%557",1.58510390902389,233.017243800899,1.7558633474973,7.03320193181467,0.0659443685385835,0.279685122910507,0.0677186883940269,34.6166245757576,201.246604182201,2.45587364415369,9.67166331375562,2.30129704124648,91.330148,88.3478726,85.06213845,43.4495265,30.9541925,33.7441088307692,154.097979918335,32.91601628125,111.932838267557,-0.0790323345564796,0.183165571816936,-0.0447414402259095,"1050440"
"100%558",0.554019940335957,108.399809311381,2.85551805330725,12.4276360484254,0.355627562227958,0.192527408409461,0.0160741981674736,19.5380936818182,101.528186309547,2.89152712492229,12.1992708415538,1.63257479788397,70.000743,55.0730132999999,45.2684344,33.41145,16.858193,18.7617452307692,63.3108418551739,18.319975546875,51.6146442746405,0.319611131495109,0.153086077387867,-0.0270530597665181,"1050442"
"100%559",-5.45151004854471,2.51546353042368,6.06885989073954,43.5042583827901,-0.0229356648486702,-0.063511739857625,-0.0356634099992293,1.40595918181818,2.49340097923742,6.06074708286462,43.3454586711278,0.345596207246175,12.937037,7.12222604999995,3.7569116,1.6395695,1.0407915,1.22855798461538,0.454662799549554,1.185392109375,0.340652874750066,-0.0322639950866958,-0.0722587199812449,-0.036664467256693,"1051420"
"100%560",-5.2064092741535,3.00352403089705,6.25631015945676,45.6744258104641,-0.0686658407561685,-0.0514985450033883,-0.0722539415900257,1.41137372727273,2.99617624253732,6.22556180329615,45.3268172044413,0.213839861362994,14.200999,7.48183329999994,3.76103765,2.256614,1.0119285,1.21461026153846,0.487024406101147,1.17321634375,0.383259494504413,-0.0742364506636154,-0.0574352265121258,-0.0712964989602084,"1051423"
"100%561",1.02186085275474,151.142105455806,2.94426387804446,14.3883793931172,-0.141726750907544,-0.0908308433473512,-0.0949060455471909,22.3674712272727,150.165040949812,2.92588489074259,14.2403827406299,2.1381058984919,85.347814,73.6872416999999,48.9983222499999,31.003065,20.066074,21.3985428769231,90.5130105736944,20.679637734375,58.3336771050738,-0.147725115281912,-0.0932646275790775,-0.0987614571250983,"1052215"
"100%562",0.658448954334161,203.925393540483,3.05602405671903,13.1141354169419,-0.0708091080807938,0.222123667502328,-0.102474978277411,33.7516558636364,201.653202150867,3.04403703237731,13.0556271547325,1.98773609988673,98.89835,93.0125967499999,84.6234978,44.881684,30.50708,32.7493990307692,138.45732101113,31.857306125,88.8917827378823,-0.0850133124958699,0.213143172827007,-0.111637643463212,"1052236"
"100%563",3.40809857579279,244.916403543935,3.11052776255528,12.2656819838916,-0.0573052989556853,-0.110262110587523,-0.0916198368415259,36.9077156060606,243.308975477445,3.11706294916951,12.2749259928385,1.83710405849997,98.484856,98.0812398,96.56665925,39.3590355,33.8222485,35.9603749846154,187.820209784136,34.99313228125,129.94360149313,-0.0628504488403138,-0.111651264832861,-0.0914841153824256,"1052238"
"100%564",0.780065831299632,131.494442166301,2.64032059606902,13.0921974410481,-0.161251147560919,-0.199193540921651,0.0144157387245954,33.0805914242424,130.693785536418,2.63957633159767,13.1466586060518,1.9582501034011,92.339153,74.1570916999999,61.9992864,46.801231,31.1904905,32.1689212461539,77.8490532613956,31.66583015625,62.6139028104633,-0.166708714057734,-0.205914173546483,0.0135887284731114,"1052239"
"100%565",-1.52619019572835,105.396430951071,2.19918242981683,14.6100685028202,-0.199980864383719,0.0625111557121152,-0.0224171660989562,32.0341737575758,104.031633733975,2.14870577682763,14.3546626653139,1.74397746575458,85.298172,71.7362898999999,49.6573772,36.521672,32.066935,31.2147276307692,61.3136513940828,30.69568059375,44.7600384656166,-0.209898036054619,0.0597151136489569,-0.0272404452211024,"1052249"
"100%566",-2.15542687182399,96.7196416103377,2.89499555186927,13.288529413122,-0.0652071212016182,0.139534080804992,-0.0837391354242345,28.7858863181818,97.103580810471,2.91545303162776,13.4359408935039,1.65697742368299,75.287634,71.48803235,57.9536404,34.512639,27.483497,28.0704748153846,64.8177832436286,27.42404328125,38.6687687657742,-0.0619206554964176,0.147989824458126,-0.0726130454886517,"1052264"
"100%567",1.2922940710827,246.927766441645,3.65403911837579,16.6787734901368,0.149860036469195,-0.0718501395198006,-0.0708873462434119,19.9851787575758,242.762125266442,3.67666640068608,16.7294492671188,1.88654968406743,96.20616,93.01518325,66.8935977499999,25.5537845,15.542278,18.8125482769231,155.742819079339,17.679979265625,74.799983879528,0.135425889346749,-0.0902162329722985,-0.0841842325651954,"1053341"
"100%568",-1.45690477173285,65.3442753017389,2.17603528755556,9.37632577404452,0.289164447286469,0.16866663965545,0.180948482605565,20.2797296666667,50.8865849735933,3.22490232343444,14.5970136040977,1.53961114675303,57.217425,48.0900066999999,40.9197682,23.5344845,18.940635,19.7114574307692,30.3558554615851,19.34483578125,22.0934224999193,0.0930508022069516,-0.0408370767897624,-0.00168544027602827,"1053364"
"100%569",-2.58733979674432,84.0434502091236,2.28288230874655,8.60993638129206,0.511421546682838,0.248276328239383,0.166553884128158,18.2874819242424,70.6767054966131,2.94315384041514,11.8093894556746,1.34078400243787,57.496597,51.99004465,44.4269096,28.0286695,15.7801745,17.6842647692308,47.7485576447068,17.194566125,32.9073193174109,0.425881985179413,0.124772755123699,0.0446132839584465,"1053366"
"100%570",10.1866301138061,715.787407360964,1.45099604362429,3.66006605620878,0.47196397208988,0.294547694957845,0.24931432867072,34.8179994393939,736.027026305371,1.45084828868823,3.5951388585772,2.15052772933748,98.865704,98.3098123,97.98317065,93.763303,20.074313,33.8326501384615,683.270244857795,32.829871453125,628.584611468955,0.484054161063409,0.31273027565496,0.271342301765434,"1053379"
"100%571",-0.91425946508214,442.291318567935,1.20501601913564,3.3139305902062,0.0410227459943014,-0.0345256334219075,-0.180860590592789,50.7800380151515,421.091700284424,1.24380051683402,3.36936581486879,2.64162508920355,98.739266,98.64439005,97.9640458,93.089314,44.15378,50.0422037384615,391.639672424285,49.2835928125,360.35215740168,0.0102693728292185,-0.0604234144904591,-0.184564639805866,"1053400"
"100%572",3.29262774247707,448.899958934943,1.470725960526,3.92285676371944,0.194714229689118,0.235032495822912,0.0729366973591246,44.1670532878788,444.036534368484,1.49965679169513,3.97627058301459,2.44243430988999,99.706862,99.0060918,96.9729382,84.5531285,34.941886,43.3125946923077,402.681299224469,42.448279703125,360.415568490669,0.182988411000249,0.226336342939391,0.0646895977503018,"1053440"
"100%573",3.92000038249349,385.43302411249,1.30715762751027,3.68757215474937,0.192830691885703,-0.0582134781110719,0.0796603948033842,52.6144736363636,370.232468675954,1.31605707833783,3.67996633039793,2.55599396718801,99.885628,98.9796138,98.4381876,90.0745795,45.847408,51.8872251076923,341.021584927426,51.15902925,311.882548726502,0.175076829016115,-0.0753536603745972,0.0828059446522171,"1053442"
"100%574",1.28923990634409,418.400766791577,1.38136318682108,4.19965004887709,0.228105715962921,-0.0182348120923841,-0.0330371622041219,40.5918388181818,409.296339110355,1.38962287737713,4.21102940340735,2.78841383818061,100,97.86410585,93.98540285,72.556459,34.500627,39.6778671076923,360.460482885941,38.786677390625,314.468435663611,0.211356456402204,-0.0387845096948784,-0.0507547352010556,"1053445"
"100%575",4.06872124847252,418.322890097129,2.04832834655409,5.93141369957546,0.537222202226402,0.377223579793784,0.181685346986258,40.1563552878788,413.572006645888,2.06993001986238,5.98693610465322,2.06698903764171,98.001543,97.56156125,96.8326088,83.392986,33.5054335,39.2664293230769,367.664750195296,38.35926965625,319.918498944458,0.535734659912663,0.380000914587254,0.184945210671214,"1053473"
"100%576",0.183292882388675,286.396589192016,1.95007706197059,6.62382680912695,0.148895277572082,-0.136110936632928,-0.00218208259085679,41.2861796818182,284.967223688195,1.92559333093803,6.58439888840444,2.28099220112899,97.782987,94.84870955,92.24611405,65.1567445,37.472229,40.4169980307692,239.489869815527,39.59118996875,198.904566937158,0.145642881843832,-0.136277491186027,0.00257312169590291,"1053480"
"100%577",0.440625226806121,318.166253913751,1.96382525045408,6.64499406867951,0.113928248590591,0.00785147848103495,0.164296622720288,39.6672904848485,307.964513101852,1.95008437848403,6.56349582003203,2.18979421164543,99.972713,98.94029395,96.4680113,64.7739115,34.0003375,38.7395147538462,255.891753423598,37.807563796875,203.435443967877,0.0900411400591039,-0.0149417382432333,0.14964195390686,"1053491"
"100%578",1.26026970236649,293.918436800028,0.261955429069972,1.76454898706455,0.126863171800446,-0.0567170246981073,-0.0211604007982482,42.3208977727273,291.731721033809,0.289109249871451,1.802781426848,2.7161016451455,75.044658,73.6707413,71.08230745,68.3940595,41.882563,41.8174553076923,279.491916527775,41.331307109375,268.496873126255,0.123644374264029,-0.0619775802343611,-0.0208988515187415,"1053517"
"100%579",-2.76617311187118,205.017802086973,2.84105190475818,12.3123410570846,-0.103162153673763,0.229686151995786,-0.128092887703128,37.4106532575758,202.588804833016,2.83902565070615,12.2967472725153,1.99725516983016,97.712946,94.7609684,93.09474945,45.1238025,34.846842,36.4829256769231,148.900777058958,35.597167609375,100.230473675781,-0.115119521366291,0.22341973630565,-0.133551140410957,"1053519"
"100%580",2.72582524298769,362.04964053226,1.91645929287773,5.72161679075848,0.485210183691744,0.0807495696222241,-0.0045761089707183,41.5606068181818,358.112411861238,1.93182692145779,5.81515241824582,2.28963192288904,97.901968,97.64381075,96.6452164,72.771941,35.2966285,40.6938166461538,314.034370228778,39.806144984375,267.723693620463,0.482684133336873,0.079472508548837,-0.000362827734220898,"1053520"
"100%581",2.47459102877996,363.62618145689,1.88314072763558,5.93302713831246,0.0759826065137428,0.178529073431515,0.0214202736486113,38.4172908333333,357.196408762391,1.8860559058969,5.94317538311943,2.26504060174796,97.503503,95.79191585,94.7394542,69.200081,33.2274285,37.5082721846154,308.154954482644,36.611990625,260.754034429507,0.0624628648971786,0.168091716929537,0.0118185193005872,"1053527"
"100%582",-1.24831251494417,289.069782559094,1.86081783308702,6.25144042873156,-0.0322318347872962,-0.00226071992522155,-0.0148220668241458,38.5110682121212,275.716314155135,1.97912043437265,6.58169924263498,2.27787556405601,94.085361,91.12472345,89.4525219,57.010833,33.751184,37.6560790923077,231.711681533709,36.845540734375,192.628968628459,-0.0854808568502358,-0.0529126336664181,-0.0624876364381454,"1053533"
"100%583",-7.36530414006592,314.655305562298,2.46444261238085,9.60535286849288,0.18454165450694,-0.0854494857869229,-0.159635196871475,15.3380190454545,326.2654743961,2.49115873012659,9.87642642265983,1.72791880591215,93.076542,87.4204201,69.3617741,31.0053535,5.4742775,14.1420417692308,236.881074646883,13.044654671875,162.305542744451,0.212662371089628,-0.0433970409503362,-0.11482820419521,"1053544"
"100%584",4.48092430177135,301.67384111037,2.00618334849023,6.57289225897872,0.186483819348194,0.0310803889175645,0.0434718990112898,39.1139336515151,301.061788785868,2.033454791798,6.65798626554627,2.38484600452821,97.634835,95.0388676,91.32926815,55.1229845,34.3007945,38.2136120923077,252.195300555075,37.347558546875,207.382683795074,0.189875666939623,0.0376949579411493,0.0516214763910312,"1053545"
"100%585",-1.65893668788892,112.980353143354,1.04733528752329,4.63825065013582,0.0772958242657085,-0.104527577221238,-0.0967994605417236,64.2898249090909,117.227747805092,1.0263469992318,4.46901150264629,2.45053221200109,98.017408,96.078094,94.6204251,76.608016,62.792338,63.7709390153846,101.261241952111,63.2824560625,87.3334351657862,0.1368361876681,-0.0572164553319738,-0.0958585089367702,"1053547"
"100%586",-2.62280770400401,141.617706826463,2.44081371514335,10.3601537808513,-0.0146799289365971,-0.0120953294304062,-0.301369804773535,23.8684632272727,139.704845972371,2.44948538325456,10.4195312331851,2.15513360726058,74.541141,72.9193013,53.60980425,33.867553,21.3461445,23.0888835692308,101.743018041657,22.323928578125,65.297603701412,-0.0251367660053342,-0.0144124503929015,-0.304311094889255,"1053571"
"100%587",1.81864797169545,282.185051692449,2.04983430237859,7.1521407726959,-0.0933688398572052,0.0911434476272089,-0.16075369391285,40.5639598939394,280.9959791195,2.02620754518171,7.09106802961292,2.19421126877458,97.101506,96.59107075,93.58508405,58.326773,36.304129,39.6941514923077,235.385594916636,38.80943165625,188.186097596802,-0.0956919483451255,0.0935971671600622,-0.155837515623012,"1053604"
"100%588",2.10089687043298,244.12107810329,2.5562156443978,9.29748144399915,0.0170423053467562,0.0255527258774322,0.147368477233283,37.9815291666667,243.010655101508,2.55579103671102,9.29111435017123,2.01457094180795,95.641192,95.4026368,93.74753115,48.685376,34.3004195,37.0944574307692,194.814127099154,36.185399203125,144.14295185398,0.0131455094286876,0.0245019132519129,0.149243609661027,"1053608"
"100%589",3.27035999823922,250.954248403507,2.37135341316072,8.89952446755897,-0.213013496293859,0.07772727956095,0.0775376152388315,39.084963030303,248.094529480827,2.37860840404364,8.95700925688644,2.13768038645368,99.05145,96.4700764,94.81022715,49.5696,35.2070945,38.1624016923077,195.73748651991,37.2730625625,147.385819039322,-0.22564431694999,0.069083020028933,0.0714726401672642,"1053625"
"100%590",6.41699203479454,860.121737812262,-0.892271351289751,1.97295763746571,0.52823968763862,0.477262733740073,0.348537745374666,79.9616485454546,866.65901913659,-0.974168785700286,2.01934367756298,1.31859447854098,99.615232,99.55960695,99.5228758,99.390044,98.692739,79.6592857230769,873.958298576108,79.348811203125,881.3482592013,0.540699322952908,0.47394748160509,0.331581445586957,"1053633"
"100%591",-1.3215203088849,251.317013802288,2.35092239992672,8.20542829740056,0.0324658301490901,-0.0568003133596929,0.113152686332177,38.0319211363636,248.978670445975,2.31150300158972,7.94520795784234,2.02618795213457,96.360041,92.4164364,87.8400456,49.969043,33.391491,37.1345654461538,199.662794036134,36.303965578125,157.939276042929,0.0193106447339696,-0.0690409843792902,0.107484019484186,"1053645"
"100%592",-1.21986255233039,223.599676720318,1.75091248572032,6.34894311046432,-0.218164260835001,0.125178612566386,-0.0932512812348298,36.5310486515151,222.359336348953,1.73995482440792,6.31553345975318,2.25860086480879,90.586856,84.81137525,81.1520286,52.616792,33.0796495,35.6994208461538,180.134331976955,34.98063834375,149.36679233957,-0.225136076814508,0.120035607646687,-0.0945704901332593,"1053664"
"100%593",3.41917889510151,374.490712724347,1.84077420271937,5.79320716232554,0.616701392306742,0.489279645806105,0.447544804060026,29.3610863484849,366.703087929004,1.85246984156768,5.74081401957349,2.45381478319196,95.528674,90.700695,81.67234595,60.932908,22.390843,28.3431234615385,303.952276909928,27.409406421875,252.032743076382,0.612072469024947,0.484622628600831,0.449139185560417,"1053692"
"100%594",3.46847508125121,340.630605689732,1.63412977883373,4.9933787284503,0.139426076291978,-0.183924844859548,-0.148895157674903,41.9087318030303,335.351417671745,1.61002489210157,4.93439454390794,2.18733207673333,98.123526,96.4601695,90.25654585,68.649293,34.0365015,41.0438888153846,291.145746294836,40.192004015625,248.523897296697,0.127863487747566,-0.193616022918342,-0.152176483223517,"1053694"
"100%595",-1.02304182878249,345.639189056236,0.990583573562255,5.35281806811982,0.0472815900673376,0.0360878713580222,-0.142452539019075,42.2148931363636,341.968852256425,1.39449255713405,4.29210028980278,2.62468955730575,95.57129,95.55117315,88.4719781,73.0785185,36.989598,41.3940254923077,302.757548044084,40.5479893125,260.962615591939,0.142421469471005,0.0953919742738047,0.078205855880822,"1053707"
"100%596",0.858151482735548,263.105976555203,1.72213506610872,5.97791671448398,0.0674927562370333,0.0728009037771698,-0.00312276257612151,39.1765842121212,259.523903725586,1.7151221190364,5.87564019329991,2.16806904726618,93.474915,88.0872027999999,83.98663135,59.860472,33.1913105,38.3412252769231,217.460158826904,37.6092736875,186.034020406742,0.0551169250564516,0.0601417073920192,-0.0135876719272784,"1053719"
"100%597",9.83356812389731,554.128449833391,1.17063289280682,2.98729596974824,0.294712664562887,0.267181144299274,0.00359657126855858,47.5600485,553.612976687866,1.1743954912775,2.97490854259626,2.46178416877586,97.726011,97.1457326,96.60583265,94.583963,35.0606715,46.7882644615385,522.817159672556,46.006311171875,491.241866223432,0.293733627381623,0.272664487482934,0.0143777162514921,"1053726"
"100%598",4.56109668968887,433.184272977463,1.52292778332825,4.56271942766413,0.411503077777247,0.307795376892527,0.294034639121102,42.5777756818182,432.242391968887,1.50358128934521,4.51764326165775,2.3807934743445,98.683216,98.56922225,96.6601556,80.7699115,35.305043,41.7146150615385,389.719221999744,40.82722090625,344.623139698882,0.410873857745944,0.309327600342508,0.300038831962558,"1053733"
"100%599",3.29360197302484,253.389049737178,2.19739637013856,8.31668926579912,-0.194143276212626,-0.113468384586881,-0.0129557878513504,39.1778658787879,253.277734044263,2.18440439107923,8.22905845747244,2.18717785356379,97.291808,96.09963715,94.3628905,52.3485985,34.814532,38.2838052307692,204.417581373877,37.390463140625,155.737700231331,-0.196422294057156,-0.116074546910614,-0.0138718239393898,"1053734"
"100%600",3.61586917210185,365.246980855205,-0.0762697488818117,3.14802399758416,0.138122148889422,0.0789052274889851,7.97367961637757e-05,73.0572082878788,437.866840660831,0.122763508604319,1.4746846042205,2.37930520910542,100,99.8910769,99.8112353,99.601286,68.9002795,72.6427038,433.263531542945,72.217864390625,428.301520179027,0.415523380491827,0.377852959853327,0.206341372868164,"1053742"
"100%601",-0.645637652545558,60.7783382343673,0.664949224389739,2.75445950917103,-0.102247843377765,0.0558951512022738,0.013849841338337,35.9110017727273,60.1905784100575,0.84282169169634,3.14577628680871,2.08226450469027,57.628932,57.3621538,53.00775915,47.3325045,34.684465,35.5768797692308,53.7485114361196,35.238729390625,47.1558628214793,-0.110544577372222,0.0872336411473113,0.0477535249736779,"1053744"
"100%602",6.14612821284313,641.939023199854,1.268637503254,2.96608161030925,0.408863300172248,0.34082049868259,0.185216787228647,46.5814591515151,627.587117658933,1.25447393794779,2.93079886164661,2.23184032779588,99.535713,99.5136052,99.35807145,96.4007615,33.9311095,45.7667783230769,593.437783837619,44.92717015625,556.889027412921,0.39859265383108,0.330826501506381,0.174972997905868,"1053754"
"100%603",-1.24492139562094,259.092750002194,2.06964935861792,7.68886946148846,-0.0820878038991109,-0.0908991452884797,-0.11341586067068,38.7790472272727,256.257597422013,2.12042733619843,7.95189774609823,2.13772256036744,96.426393,96.1899945,93.8403528,57.471303,34.097361,37.8921649846154,208.287054583236,36.983250328125,157.843359380202,-0.0980645295939652,-0.105735645141848,-0.125194563789079,"1053759"
"100%604",2.05380269681006,226.225817716568,3.04058388844845,12.5624830754331,0.316247442597579,0.0200500875869936,-0.0397194465655322,24.2516496666667,224.016558527271,3.01923411657096,12.4348547696306,2.00136342652764,91.73783,88.98977235,64.5652689999999,35.7980185,19.0290935,23.2134007384615,156.317551883338,22.208765609375,93.1560503628582,0.308092539789699,0.0100055408446851,-0.0468097531675029,"1053768"
"100%605",4.8474072955734,419.472400613525,1.97550608404293,5.87291971459229,0.639532088810984,0.496480583755919,0.363026866970465,41.8432738636364,405.429049471736,1.99160156936062,5.94912758968086,1.99159500796794,100,99.69965515,97.9697451,71.277733,34.278325,40.948555,358.831977697124,40.033096,309.964490604377,0.631482865045076,0.489278661179547,0.354705273070625,"1053773"
"100%606",1.99811380179776,240.901046523317,2.083493129069,7.0710694517093,-0.0694135714019067,-0.0275940001758674,0.0256778831973204,39.738790469697,237.977473115036,2.10052095402953,7.14304893608219,2.06918719607278,96.09614,93.7894382,82.12068385,64.497019,34.422066,38.8717543230769,192.023054159095,38.033072859375,149.303285539113,-0.0838560588051672,-0.0346914716830653,0.0256662017887681,"1053781"
"100%607",0.485766599977111,223.611687507032,2.4432917354544,10.3140411152741,0.0667965714259757,-0.118239253795593,-0.114702976292377,36.5803337121212,222.44904246742,2.42947098032646,10.2776083026793,2.26693371045083,97.991794,94.2249504,89.60069615,46.4708295,34.056825,35.6355420153846,166.957666313778,34.751774703125,118.798476805723,0.0648551073920852,-0.118760961445685,-0.110308907964274,"1053797"
"100%608",1.82733067063723,273.591401966848,2.44414492280511,8.94110446960277,0.169634737955477,-0.176058699190012,-0.148675797683212,40.4148326515152,269.217325791061,2.44214770951945,8.8791573869332,2.24463711837638,99.629608,99.52148635,96.70127975,51.151217,35.5528255,39.5038361076923,218.584760414658,38.56697,164.948470552872,0.159292811134367,-0.184427232357909,-0.147961844155258,"1053802"
"100%609",-1.0692414523885,94.5693490942899,1.54686655179619,5.77150830144152,0.0499139359102579,0.177575485109864,0.0783363006315009,59.7311652878788,95.3886243942105,1.51749421652793,5.74542984085114,2.31264276270441,93.765745,93.06189965,83.7994921,71.2524835,58.04814,59.2075563692308,78.7611659131917,58.68450403125,62.2088654932206,0.0598464754528874,0.187221862590752,0.0863437537148266,"1053851"
"100%610",-0.252758750567851,252.195669703977,2.28476437404729,8.79457872229012,-0.0854892831086445,0.117039507566182,0.0600391018821276,37.1937575454546,248.514842347563,2.31802769669483,8.90304764737128,2.28083836669342,99.695959,98.2832464,82.2344064,48.0774355,33.60182,36.2321852153846,191.313138781345,35.2745231875,134.689830197419,-0.0994914514921511,0.107696053339637,0.0529942095753229,"1053855"
"100%611",4.15631227564136,404.156463542763,1.80215966969474,5.38108954767272,0.648275178823138,0.452394898205182,0.323251476302591,31.5053033484849,387.580873624385,1.79159947177539,5.3228876268528,2.49544379558408,93.956097,93.57196975,89.06039035,62.5939965,23.810034,30.5445219076923,332.618991815418,29.562949875,275.189725963892,0.635768374974974,0.433753472801181,0.304240234250576,"1053856"
"100%612",2.31542462081595,227.519724108353,2.04617485133081,7.62540093248194,0.00442628421893985,0.152256401267462,-0.0990562682200921,39.7913239393939,225.66110868711,2.05066233946108,7.66562717356729,2.16821759271005,96.405708,95.08785445,78.9148573,51.0513955,36.6627795,38.9203334153846,179.0636015192,38.053803609375,133.054666487239,-0.00679966744639321,0.146104873757892,-0.102720534141284,"1053859"
"100%613",0.327291064514993,353.402717427354,2.02061251220877,6.23397299676417,0.194720580863373,-0.000113175520399102,0.0195548236317246,40.9438723333333,347.10160850514,2.01853058778078,6.22784011959997,2.12679556434537,99.197013,98.691092,98.38604715,67.6092855,33.592478,40.0476701692308,299.431864201193,39.13562325,250.041564192245,0.183471468574315,-0.0047748613398545,0.0208622244846848,"1053861"
"100%614",-0.0567373291426761,133.375377440202,2.31717714036383,9.29770962386731,0.286005035147502,0.199930330181931,0.0439937297776552,26.1704165454545,122.338458748505,2.36735726038921,9.6429264216019,2.11654414020577,75.814307,67.2297686999999,59.03762875,35.3720385,23.0574875,25.4066643846154,85.7216429127889,24.8254040625,65.099912049032,0.22938016005094,0.142217529860295,-0.0185176864585747,"1053873"
"100%615",-0.686550220588437,171.177408551889,0.81399267927476,2.51380695993188,0.0108718365761479,-0.06371664607378,0.127010609645733,49.6357240757576,166.314567829543,0.848639329596744,2.60034434357851,2.54412015392186,81.022815,79.92961705,76.1375701,71.466506,46.236833,49.1528457538462,153.483936219508,48.68115628125,141.420210416665,-0.0181481069941281,-0.0897205903295453,0.104272807640527,"1053882"
"100%616",1.7632726590601,300.897376478494,2.16929366826083,7.16266812924212,0.327777849413447,0.0647875949564509,0.00769896626839853,28.3459941212121,294.851084127641,2.15230024857723,7.14369594364322,2.28205707676327,94.234528,86.5947510499999,75.90302075,54.8379575,23.289546,27.3323243692308,231.570514491274,26.470625921875,186.924729858803,0.31925821363344,0.0565800297191584,0.00231625984381843,"1053891"
"100%617",6.26272660398289,502.485729172438,1.30045091992809,3.50690968018977,0.631076036787859,0.438422030059889,0.281516587275535,44.5580490909091,489.550011545729,1.3274061228644,3.609098578892,2.56712663918829,97.36967,97.1294976,96.8002237,87.4788175,34.5690005,43.7455626153846,453.512688172822,42.9134593125,415.593089991876,0.623514062209926,0.428635114388774,0.274243820421267,"1053907"
"100%618",5.52117513180322,556.051008173805,1.53684855573799,4.01821305790517,0.447385905982879,0.292783165659544,0.141141571743865,43.7412242575758,540.76706534201,1.52235742483782,3.98546289747381,2.28576041670946,99.286999,99.27170645,98.95860465,95.520038,34.1974435,42.8866738769231,500.889639352103,42.00578640625,458.278462127707,0.430679328655658,0.276034676235485,0.126806056279796,"1053910"
"100%619",2.15882685124927,259.005468943245,2.4509805163146,10.190306203725,-0.0369224051244867,0.205797630567776,-0.0457763861153585,36.7083091818182,251.892406018462,2.47915809457424,10.3476632331846,2.08438754841367,99.663656,97.75651245,96.2044841,48.111977,34.158518,35.7397653846154,193.854586054761,34.786799390625,137.854191891231,-0.0679199151008819,0.186936268635845,-0.0705990623448072,"1053943"
"100%620",-1.66352771556354,230.391011695809,2.44948781002731,9.44236472071949,-0.0794662246721923,-0.165155211064241,-0.0720664918953469,37.8114075757576,222.902337577067,2.48163123303178,9.45421088282493,2.07826798180209,96.734464,93.85932355,88.62983455,48.317511,34.376519,36.9048990153846,172.095591487078,36.039176015625,126.068624803732,-0.113987720419642,-0.202177022474722,-0.103623794598277,"1053975"
"100%621",4.83451709625306,294.697435688568,1.94436501320572,6.56387995959257,-0.219280692444609,-0.244397912393863,0.14381041754391,39.679810530303,295.397107647137,1.97007688940691,6.70131288945295,2.14164651204676,97.681561,97.5560304,92.1570693,62.3529145,34.598276,38.7874759076923,247.388447339168,37.870273390625,196.571962103393,-0.217272868095575,-0.24242376675428,0.148888656687198,"1053981"
"100%622",-2.64970437038517,375.562149161471,1.08552055875611,3.70340658726024,0.49238746474064,0.487167157780812,0.335805896808769,21.5181986515152,388.401175054189,0.995816745678647,2.92447064963995,2.59107881195644,70.90638,69.75822065,68.6849177,52.9533015,14.124597,20.7583804769231,356.273216290262,20.00241796875,324.69382990018,0.54452394654643,0.600437348011874,0.453934393115719,"1054001"
"100%623",1.41102447669607,186.533815122469,1.69067084254131,7.42266236867354,0.0219605359634154,-0.0510454658987755,-0.221684434259734,36.3065001515152,186.165727889051,1.69404406935102,7.46654336069197,2.08919966285878,94.881936,80.0571942499999,66.8969111,48.595564,33.2018215,35.4053396,135.431853596353,34.832381765625,116.209732110636,0.0195170915821234,-0.0524406488427729,-0.218253972089634,"1054030"
"100%624",0.036718148028807,291.631310018375,1.86683206912928,6.50380056905585,-0.00545622171279513,-0.134488906638558,0.00480041691878048,38.6882685151515,290.033863323071,1.88111437767301,6.53623995692175,2.38220047635687,97.252019,94.41497765,91.4692066,58.2215695,34.542952,37.7872877384615,240.919343001128,36.926349421875,196.504746712675,-0.00511852317401476,-0.131197243653277,0.0142164039672389,"1054050"
"100%625",1.98984191200458,188.551773891825,1.12994239194297,3.98346739044714,0.180520091603346,-0.205680731154825,-0.0551798433963492,51.6063586969697,188.640497716304,1.13469375361774,4.01694312939915,2.45861404861491,97.314212,91.6904334499999,86.70051305,68.244358,47.742156,50.9031609538462,158.906512867985,50.313175265625,138.764024831671,0.181936962661839,-0.201358761115067,-0.0500548022888031,"1054087"
"100%626",-1.88247548196961,47.8699882627305,0.723046526377359,2.81468855254759,-0.207582117628122,0.078773315472306,-0.225607289889577,57.3078076515152,47.7449961017434,0.712525866655408,2.75628871943717,2.1065946854229,74.200951,73.48556945,72.8577378,67.282533,56.1370595,57.0479131384615,44.0215540808939,56.79709359375,40.6202120028032,-0.204516599495212,0.0808876601206536,-0.221344750388696,"1054088"
"100%627",2.25929806139841,406.122345491397,1.52019661731933,4.38216948384177,0.504446066033906,0.587281460517024,0.33628260797379,41.5120448787879,403.048326904246,1.5452411019741,4.47892108204118,2.30171043652236,98.202368,97.59156235,96.98344965,72.682684,33.1149265,40.6398860615385,359.045444229691,39.755155109375,313.776853544236,0.502661754262881,0.589160505298282,0.341600993214986,"1054113"
"100%628",1.91969903058476,278.571702573869,2.1717650355535,7.72983666077683,-0.050663176240841,-0.204115283210154,0.139377768800726,38.0984534545454,271.449876333642,2.15408856128445,7.57574027785497,2.11314114145789,97.978765,97.52947395,88.585548,52.746323,33.695282,37.1772178923077,219.613480842556,36.237993984375,165.705740780617,-0.0780103892294268,-0.229715150344548,0.124235500582712,"1054120"
"100%629",1.27092740848344,311.570551812439,1.33654359887307,3.95135715433695,0.228783962972645,0.121397903097095,-0.0850095061903591,36.6127609090909,309.021331999014,1.36281995079139,4.05530699173204,2.4594203876102,93.973939,84.9363565499999,78.25385955,64.780231,28.111269,35.7302812461538,262.376662874624,35.037473671875,235.277446458461,0.222275938101291,0.117362189603656,-0.0840902052078294,"1054122"
"100%630",-2.84351616811931,203.7498543973,2.16799264591345,8.17412284427146,0.0386658660887225,-0.159131908994353,-0.161573471579786,39.3029631515152,201.41441555392,2.26932334581654,8.48092984351787,2.18060459669422,92.451463,91.7245576,81.0372047,48.498821,36.172751,38.4852939230769,160.386623039239,37.65954621875,118.571811396151,0.0288200792324098,-0.168459571801778,-0.173096040048821,"1054130"
"100%631",1.71439405314916,300.198080674079,2.07892705952082,7.04458791706434,-0.0668032958681665,-0.156330965102288,-0.146073342039624,38.1420788030303,298.935892187973,2.0780627720677,7.03934345992977,2.28650241270565,97.680701,96.88558785,86.8607286,51.402877,34.107657,37.2261,248.159772852287,36.30061015625,196.362724995618,-0.0720859505145643,-0.158587651852674,-0.145157754929081,"1054149"
"100%632",2.44178240844822,306.189430433485,1.80356438999423,6.08582720590468,0.224062445171767,0.259979128914508,-0.0836853074441204,39.5112716060606,304.74185608381,1.82589289009155,6.18117664401141,2.26996961008238,98.815481,96.6824683,91.15450565,60.1653095,33.6903015,38.5988991538462,254.490241888306,37.70928940625,207.025294221634,0.220104250615111,0.258476922804977,-0.0858862366865488,"1054178"
"100%633",-3.19216057222721,227.601059630872,2.01492567479436,8.18823386267657,-0.0875433214273295,-0.211469889389513,0.128072378305743,37.3887648939394,226.036511826948,1.97511031645534,7.96426359209887,2.20182444382537,98.613478,90.0808863999999,84.02738405,51.683932,33.806047,36.4468462307692,170.95808593442,35.680602984375,135.465939705235,-0.0947627582346768,-0.218900443110739,0.128447264028147,"1054189"
"100%634",1.87372615003989,399.862612509706,0.544968744153852,2.51982965258552,0.211415017079195,-0.10537161039534,0.0866159603303993,49.8515829242424,391.815074244719,0.559627461149644,2.53644749910577,2.96437752049461,94.955104,93.63501185,92.8332324,75.3158915,46.664001,49.1576826,366.064152904942,48.473830875,341.386448478025,0.199563838661847,-0.118781861392852,0.0815791233624478,"1054190"
"100%635",2.92372242793126,331.83636386629,1.94572572231441,5.85380034686604,0.100686552034162,-0.0972431195397558,0.0132979087279852,40.5597427121212,331.511773888247,1.9499736771898,5.85979000935031,2.31480183011599,99.004192,96.94172575,92.21699365,71.9709255,33.955644,39.6605973384615,283.253436428732,38.7829321875,237.610023754129,0.100578516946169,-0.0955965316969496,0.0172104473346842,"1054195"
"100%636",-0.946578444667476,167.171244812507,2.21400716125746,8.80595482517495,-0.179484083770462,-0.0307570386061147,-0.0223054918992415,37.4573621818182,163.849264386247,2.24445815007879,8.88678402177571,2.0147466356521,92.561052,83.6262065999999,72.178664,49.230079,34.2228595,36.6096131076923,118.937241782918,35.9501518125,92.5278381950893,-0.200854037605716,-0.0480976439547122,-0.0370239055854788,"1054211"
"100%637",3.6814687186449,385.909052389241,1.5050011824284,4.50235099665955,0.221510827644857,0.0586513834631426,0.0910266958467487,42.2980235757576,383.449220274378,1.50548483319167,4.48560610743235,2.49913470340977,97.569357,97.25647365,96.60799435,74.9049265,34.4051275,41.4476953692308,341.626607166034,40.578315640625,297.836150589811,0.218464680085381,0.056140659323772,0.0892240766815674,"1054215"
"100%638",-0.141867256131918,104.642997574613,2.44520983164383,10.469135093021,0.076110272082284,0.0612481449640385,-0.0369120343291108,25.0469764393939,102.408801186902,2.48538284033768,10.6069418932778,1.96819282108131,70.700837,66.88138435,45.3901737499999,37.6857745,22.225868,24.3446093538462,71.4252326963431,23.7121070625,46.5374073009447,0.0555551765119377,0.0460854333738106,-0.0510159575075487,"1054221"
"100%639",2.6893043693589,247.686234440228,2.15483913587617,7.72464275250334,-0.0837858826551717,-0.121333835275877,0.167064114667518,38.7066172424242,240.737693165848,2.17287645190718,7.75186550359351,2.12799780796492,99.123229,93.68509045,79.7968507,52.473397,34.318413,37.7771309076923,187.420990117859,36.949322609375,145.807115468856,-0.114694625455245,-0.153302924829219,0.150121234114288,"1054238"
"100%640",-0.0998974620992025,256.083770743334,3.14702656335033,14.1399662051704,0.144405683284646,0.063357993159104,-0.118031247220945,21.3345222727273,252.72893357726,3.12962377687923,14.0335591911688,2.26530213089038,99.396554,91.2623116499999,62.4048762999999,31.68991,16.3291685,20.1335679384615,161.425844359461,19.090618453125,93.2447872949342,0.137429530576568,0.057996028242191,-0.120830726900265,"1054311"
"100%641",-0.598085082442377,479.643358445926,0.888704062682882,2.34169303794343,0.541906005451314,0.296885240238382,0.230497192769356,45.433632030303,457.59154952383,0.927314373674997,2.41867529957909,2.72025200246924,92.035737,91.8221028,85.62855575,83.6349415,36.46919,44.7166765692308,430.705760727856,43.9824516875,402.394936737312,0.534485377655696,0.281289990004331,0.214681096455291,"1054327"
"100%642",0.155837749555403,359.566935861149,1.67885302839723,5.36077402222982,0.0192999761751828,0.26708187189719,0.0817597012229467,43.2032863787879,359.180953985136,1.69312092500766,5.37511269928063,2.50873026113177,98.406752,98.3078441,96.8808689,68.8028415,36.6882935,42.3540022923077,317.102106485476,41.480555671875,272.467741980868,0.016952969219044,0.27154751104519,0.0844381847578046,"1054348"
"100%643",3.66116481288187,500.499109979485,1.74528118430781,4.75660357148856,0.345420309272483,0.24986323271195,0.127176335873128,41.7983472121212,499.826819049339,1.72679054555582,4.70145229690249,2.15850757305837,98.994332,98.84853245,98.46331465,91.5633945,33.2337445,40.9184089846154,456.413237660407,40.014477484375,410.433704285606,0.346863804432733,0.254818006499578,0.132714318900199,"1054349"
"100%644",-0.59286504842146,116.578431742594,3.36810801790648,16.7833741866151,0.00100534134458079,-0.0744299714365817,-0.0969901213169239,24.9337183333333,115.590375063715,3.36711485639856,16.8094477556252,2.05437382497771,82.204078,73.6314860499999,44.7330037999999,33.8510945,22.4026675,24.0526358769231,66.1324730566339,23.350091515625,35.0838352746818,-0.00602806089468192,-0.0809131231583491,-0.0994669410144774,"1054358"
"100%645",1.16587149852975,241.792620128881,2.3101874572351,9.9067420661742,-0.0236794652956541,0.0649556430474201,-0.0157055787188186,36.5057241212121,238.10678010256,2.30408060408608,9.92651205654813,2.15920616875652,97.638235,97.04510155,90.04561175,49.904786,33.801383,35.5652239538462,183.390284057089,34.609591171875,126.895546336916,-0.0397894134286495,0.0516928599100215,-0.0246058293591882,"1054367"
"100%646",1.38570880152484,259.393939581871,2.5704516939305,9.76790983308651,-0.0725089405070289,-0.135501164525467,-0.0729629106426681,37.8850353030303,256.426358532787,2.57006499749816,9.76847349650336,2.082595397315,99.256138,98.84572345,94.62235345,47.7625485,33.8503505,36.9408644923077,201.535117125133,35.977054078125,144.303619888557,-0.08320953635959,-0.142254486110862,-0.076195979339515,"1054372"
"100%647",2.65696595590126,402.636859350094,1.64231984619206,4.59263071145468,0.331327158837645,0.269986852951981,-0.0576506852797189,42.1081307121212,396.93374510104,1.6963203710522,4.73894450268452,2.37065716698149,98.727569,98.17497475,94.56380595,77.4867775,34.17271,41.2370624307692,352.96226135128,40.35205678125,307.567021705632,0.3233322145144,0.266387789987347,-0.0599984631820159,"1054408"
"100%648",-17.2559371846371,310.523630808564,1.41825601587651,7.68690629464033,0.131197557962583,0.105524210735266,0.0545458051043123,16.2650237727273,260.960605312087,2.3340522845328,10.1703558600833,2.14757248897554,94.180693,75.8515737499998,49.20415975,34.580748,9.3218345,15.0663211692308,170.140780367816,14.2707629375,131.659891556215,0.0877809239031734,0.101237639886382,0.0829569471257989,"1054421"
"100%649",2.55427828420756,382.194208548397,2.02521504387156,6.38573060887126,0.299318316837907,0.156774199747747,0.14348858520637,40.4748846969697,383.261289687966,2.02884264190366,6.38372220765158,2.13724590914886,99.371874,99.11040565,98.962832,71.2061315,33.8208465,39.5687771692308,334.969581001167,38.640639078125,284.209860153815,0.299550051345227,0.158956568226138,0.148380436590114,"1054460"
"100%650",-2.39476894038878,194.436439528427,2.62859236979118,15.1025478008002,-0.0595270767065602,-0.0142852271491197,0.443686606407022,33.2012772272727,190.30168843325,2.59480647695387,14.8438730374326,1.63603503122108,97.973406,96.837921,50.6122170499999,39.515251,32.6701555,32.2047829384615,127.691349453039,31.204443515625,64.6423943309822,-0.085162973251144,-0.0390027584713647,0.434726081001526,"1054487"
"100%651",1.19236342344127,259.251481291872,2.4334628769968,8.95982782128103,-0.205060894693626,-0.0557564359790535,0.0581448277119644,25.8658487121212,257.090879541211,2.42801110733105,8.95244250943099,2.12367862424321,85.248891,84.83856225,83.42332255,43.176231,21.2761085,24.9522634461538,205.96001332113,24.0199923125,152.684723197398,-0.214948881382523,-0.0642927477880577,0.0534429433374051,"1054488"
"100%652",-1.6967014693184,176.758356108957,2.12942450705365,8.91308115239682,-0.0626509036565064,0.177759317734911,-0.184053580686438,37.5434997878788,171.547020102244,2.11880471098937,8.68298551841734,2.20829299849152,92.886998,86.0907786999999,73.55308995,49.755063,34.2658515,36.6920613538462,126.33967616833,35.977386125,95.1142892312501,-0.0922877507726618,0.155993169719903,-0.21424956594938,"1054497"
"100%653",-2.79916948630965,420.179251240419,1.63379627309054,4.87709037122044,0.413140115352028,0.156687139385963,0.0427132711996117,19.2626083484849,493.238379477628,1.69304659746494,5.37145064454313,2.31114916730536,98.775392,93.0307017499999,74.4536581499999,52.4131285,7.102602,18.0393347538462,402.064375274364,16.915927375,326.313762113037,0.496656894743349,0.305256876679755,0.205423696426717,"1054523"
"100%654",1.82063211651084,230.989218951562,2.35304728309104,8.82349843006447,0.000933204982441594,-0.0951590520186726,0.397582505060709,38.9967585757576,228.513285834472,2.36761491841022,8.83804890864117,2.09739895390571,97.48502,93.130722,90.76313185,49.131321,33.9592425,38.0969391692308,178.590327199402,37.27367103125,137.325723305961,-0.0129949237070574,-0.108068651878865,0.399308243334348,"1054527"
"100%655",4.70855858390119,349.903495980945,1.23128596984947,3.86228706610453,0.15496769842224,-0.0440163040437121,-0.0146106504129291,42.2620422878788,348.857320744473,1.22635957902828,3.90576853007918,2.73015494586944,97.389018,95.53168265,89.84933395,69.3467925,34.7598905,41.4139349692308,306.751478867908,40.58397178125,266.769942654011,0.15322715055385,-0.0418387483556528,-0.00778630204486698,"1054538"
"100%656",-3.92311449912972,376.343704336814,1.18677496291496,3.47707822640698,0.198618390352423,-0.189484611209223,-0.0977476528564426,49.1064239090909,370.422413841629,1.20631529937103,3.33781699213833,2.54835724827442,99.747127,95.84774905,93.7397563,85.729175,42.3767325,48.3273361692308,336.060691585998,47.617636984375,308.572899248008,0.215408684520771,-0.142685237815185,-0.0794096684297643,"1054543"
"100%657",1.19556292657546,357.896301365987,1.80320285886071,5.62315032989947,-0.212662633235422,0.0338981586157544,-0.216698466103369,38.5849639090909,355.804709307902,1.80940900445216,5.64861149352085,2.30253171127257,96.932985,95.82106445,94.46403565,68.421711,32.686586,37.6873020461538,308.096037781311,36.788317109375,260.378733795552,-0.217776409225982,0.0320400588707716,-0.215866107231762,"1054544"
"100%658",-3.20883130002817,199.394438518714,1.87735484605462,7.42589789825824,-0.106747675761433,0.184529209647962,-0.124783872052842,36.5823841666667,196.52339666037,1.81779341579317,7.17511059835388,2.30148290113557,91.342035,85.30290645,75.08348775,50.486198,33.449949,35.739928,152.704495610258,35.0163164375,121.055613284228,-0.117991009040088,0.173261500759934,-0.13532627092914,"1054548"
"100%659",3.50219661307731,369.375501716905,1.55039882372233,4.6196703265761,0.454005471715339,0.39151245290912,0.288952951208267,36.1133898939394,357.145113068051,1.54641114024033,4.57300564302963,2.59880922621723,95.039883,93.18275305,85.92950565,64.759421,28.6212875,35.2068284615385,308.397313641787,34.31657953125,261.700716405257,0.437824370909093,0.376858266117602,0.276635064444816,"1054572"
"100%660",-2.18672769234765,120.94569497182,4.36380527600974,20.4388960259234,-0.0437329777003379,-0.0338607605539911,-0.0689444474255354,6.99596207575758,120.999210355642,4.36641249012752,20.457229958865,0.576001532500064,63.335897,58.3438827,52.1275788,5.4036175,4.657556,6.12919384615385,73.2757838546801,5.355339453125,35.4954275727566,-0.045467778135001,-0.0347326693333998,-0.0697935197863627,"1054576"
"100%661",-0.604288905129154,184.136392920964,1.9608867940765,9.83842845580186,-0.0491650113876526,0.0231969078559989,0.341771986958785,32.5912633636364,180.038047231205,1.99105427896608,9.97554216902843,1.88748110839609,89.647954,85.32323945,72.20319205,44.680388,31.381957,31.7134681230769,131.953247375433,30.912201265625,92.2831593703673,-0.073530773831709,0.00494731817809151,0.331043628802773,"1054611"
"100%662",-0.816996258783112,222.303396396631,1.94515745879158,7.34845644534604,-0.20079388060953,0.0369888069018702,-0.210483175517361,20.8540936060606,217.213221654235,2.0632732015806,7.56848410039317,2.00673853465423,84.72318,72.3432598499999,51.8244523,41.184273,13.5684425,19.8714922769231,156.831608972331,19.155778890625,125.986135526317,-0.23143175863493,0.0194869015956974,-0.230321468666335,"1054613"
"100%663",3.15937531027591,329.095542168412,2.03443613020206,7.01882768057648,0.158923554514273,-0.0194660982401035,-0.022817811121527,35.6203520151515,331.458333540527,2.05548228480269,7.0752617107455,2.16339882482629,98.091956,97.11497935,90.41981735,60.492363,31.813936,34.6592504153846,275.592417703157,33.69159940625,219.035898323618,0.169622781752083,-0.0082845261098279,-0.00618046631957799,"1054623"
"100%664",-5.54497257258194,347.591675539135,2.96764470865562,12.5300838139782,-0.0534072824743713,-0.0943505146174876,-0.110851615764597,15.0294675757576,333.210451042837,3.23661676786269,13.8680237054702,1.13223732541461,98.941541,98.23935965,54.0938851499999,36.8320765,8.5635435,13.7385126,228.343492211672,12.424094640625,119.611212102189,-0.0924340867711709,-0.131845365649001,-0.134056749192601,"1054645"
"100%665",-4.18328086813516,12.4932390622182,0.910120781541376,5.06294279274233,0.616874547172291,0.437600831173096,0.413147376948252,5.87132533333333,5.59518801240195,2.3352935976417,9.86740515429342,0.952710012170671,16.400268,15.15213215,12.0850159,7.626534,5.395608,5.7093416,3.94951165691347,5.572299140625,2.79048145790209,0.230454421620761,-0.00239809106473148,0.0104558522815207,"1054674"
"100%666",2.64565216193747,267.103243829549,1.50082297288883,6.36803982213835,-0.178248162348068,-0.0115074330905214,0.100407148964239,36.7497397575758,263.272404332848,1.50537743191649,6.37103042211026,2.1795287025297,94.958023,87.6939661999999,80.0207847,52.411858,34.041626,35.8542277076923,214.394588136785,35.10534765625,181.291117032287,-0.191104357324899,-0.020428552715226,0.100351808219953,"1054722"
"100%667",0.667175010529467,200.213433309645,2.88653015237172,12.1132008769202,-0.0814733836191232,-0.130437564332515,-0.109167612515596,36.9390306969697,199.84563198688,2.89187280918364,12.093474232631,1.77929029573557,96.907913,96.1879119,82.89690575,38.4323205,36.66248,36.0164325076923,146.741810526671,35.08231084375,92.3167379181376,-0.0804063849585608,-0.127092828941647,-0.107075146424242,"1054749"
"100%668",-1.91823978687343,300.59517725861,1.23276795923947,3.45642860529839,0.150557422816877,0.124758690827399,0.111870601016898,20.5161006818182,280.752553565913,1.29556419499465,3.43949327225635,2.05890501750268,71.672997,64.7037184499999,60.48678685,47.1279215,12.719946,19.7290715076923,244.190438839706,19.08497840625,221.040279430414,0.0894371948924514,0.0718179351697956,0.0615883186639056,"1054762"
"100%669",-10.2027758096713,231.782774091051,2.41314885641717,11.0961000763041,-0.0901798379087494,-0.157432661271218,-0.208174154665364,17.9138783939394,234.748415257527,2.50581497426025,10.8573619085414,1.79784396757952,94.716094,65.2335935499997,45.6308518,43.808574,11.1374705,16.7323058461538,146.216426083503,16.222523109375,131.608959224406,-0.0835200504650094,-0.149334836410118,-0.190176269962679,"1054774"
"100%670",-4.08451966555455,217.753253751074,2.96394169851559,15.0648479100094,-0.0236835521016746,-0.0509762122635097,-0.173393918530941,14.7135238939394,211.767689836793,3.10106768604221,15.4275816851382,1.62819577543106,95.488941,62.1037813999997,42.9079403,35.4165385,8.228448,13.4708251692308,113.101846349919,12.991819984375,99.9550748364206,-0.0544052148642416,-0.0760533441032411,-0.196226962194488,"1054785"
"100%671",-0.112575390276394,460.353525656706,1.0727937315615,3.78771605987855,0.0195348578572983,0.268638846886946,-0.144131813091603,26.3012189545455,461.139854738093,1.08804971248375,3.81788346722654,2.57092427843878,90.330495,84.2789260999999,79.6416331,52.0695815,25.936949,25.3161531692308,404.190910349512,24.445774484375,361.265054745391,0.0232504985282401,0.273560795794973,-0.134054066339735,"1054793"
"100%672",0.523128595947727,491.138982568761,1.95741541383559,6.21199262932337,-0.0278734181899735,0.166610326780785,-0.0684850536488865,21.3655866666667,459.888014144851,1.95730912666119,6.03215001035544,2.11712294381427,99.025362,92.7204302499999,76.9434235,55.429591,10.080258,20.1708208923077,372.750507494211,19.090279546875,302.682710226491,-0.0893359562730247,0.124129844444803,-0.122483288846054,"1054800"
"100%673",-10.52625884893,276.816283278701,2.47089101956964,10.8071009760101,-0.0181106489134034,-0.00172191517635613,-0.0310093799172704,16.2363733484848,244.785479484026,2.87029227395256,12.6857057167889,1.6370025218356,97.703556,65.0521345999997,47.3017242,44.9233765,9.482665,14.9830320769231,144.874363299621,14.475413828125,130.389066602844,-0.138604000973689,-0.109087401225699,-0.138523208012733,"1054802"
"100%674",-5.55407203624566,5.88009219063993,5.06084327032742,33.6021512910155,0.0681979116093017,0.052397524541002,0.0194858746989873,2.0389631969697,5.19774036802158,5.13546712866268,33.8499133549083,0.345596207246175,17.654712,10.0409454499999,5.82290155,2.838219,1.390731,1.79872090769231,1.46842600567479,1.73399428125,1.21905031092433,-0.019215843396579,-0.0340032457034674,-0.0709018974365923,"1054829"
"100%675",3.88030118552462,774.325314810471,1.51443847565683,3.37344833268742,-0.163287848668271,-0.223993394550219,-0.0356567851809709,39.2320390757576,777.201404334713,1.52093586331781,3.38632794994979,1.31834584183401,99.139513,98.67779395,98.3802966,97.094346,25.649753,38.3103856307692,733.094974221299,37.37102953125,687.194240882748,-0.155868358426308,-0.220625458876586,-0.0325821573132632,"1054963"
"100%676",5.01192640512915,665.915927032247,1.70819881571258,4.14219994438737,-0.0733914429181723,-0.150791198811625,-0.165609941290429,38.8618286818182,649.748119097798,1.71310360890422,4.11636479678059,1.13093161386925,99.134451,98.90769525,98.7550155,96.205713,26.659877,37.9345575692308,602.995350735215,36.98376009375,553.656123530713,-0.0970635141425712,-0.180160510375076,-0.195764515738301,"1054964"
"100%677",-3.32289036234219,483.907493069296,1.22073956508701,2.7325320464297,0.0840402884963562,0.103228999812764,0.1953816621991,54.6346264090909,483.847300951416,1.22743472105167,2.7453806997756,1.83236797391405,98.003155,97.99312875,97.7747761,96.7198855,42.0048205,53.9674182769231,461.910103933799,53.27960090625,438.376421506789,0.0830467384930673,0.103651930217075,0.195413347095826,"1054972"
"100%678",1.09668727329437,168.039045044628,0.0441984968151872,1.16637101301336,0.406186399258219,0.104742838528934,-0.0396601307960754,83.7683164545455,165.59654640251,0.0439294653646707,1.16397753103079,1.72936782478782,98.946738,98.9043242,98.8248736,98.3272655,77.2549835,83.5348022769231,164.54528008199,83.29501034375,163.378788954304,0.397580383993518,0.099226037211847,-0.0437026001277778,"1054982"
"100%679",-2.90776051439438,121.790396049691,2.22486271624629,10.8552724447414,-0.0350251167545938,-0.211279394715793,0.0747719652123428,27.2771874545455,120.88722114085,2.2013905822529,10.7325025471994,1.71101399141865,77.515998,70.5021268499999,57.72201195,35.638409,26.0620065,26.5042826769231,83.3198260550983,25.875827296875,58.94954763097,-0.0374380323559077,-0.212667358860823,0.0724880432371077,"1055023"
"100%680",-3.45703191790361,71.9309413580735,1.24609915001762,9.66176996485252,-0.113088113316777,0.145292244291856,0.015829997535185,27.0422153484848,72.2483874902866,1.26983101060196,9.65315848179259,1.63922645453842,65.310655,56.5408790499999,44.44596335,34.8239685,26.1646925,26.4534701230769,50.4829190749017,26.05713853125,41.061597191243,-0.111196278203657,0.151188295761071,0.0203262165669526,"1055024"
"100%681",-1.16953326388816,203.955670261117,2.62276568391275,11.2788664472513,-0.0274024368225544,-0.103848404717087,-0.0318329061806285,29.3934322424242,204.15359979887,2.62594859314969,11.321721820119,1.70114265030858,93.285112,85.0697736999999,75.1259365,40.285589,26.496824,28.4104833230769,143.52597826012,27.59430134375,102.468625150863,-0.0235947606367595,-0.0977062946690877,-0.0263376230658715,"1055029"
"100%682",-3.239107553246,182.136886872576,3.88333994651626,21.5625109156087,-0.100061893276493,-0.0752969986754947,-0.0185110188711966,10.6808517727273,181.531222736163,4.05225097596167,23.000047581496,1.72309466058833,93.310652,66.1038606999998,35.4491739,23.628078,5.9377025,9.40962407692308,77.666700376001,8.752679921875,50.8278270840069,-0.113209945109335,-0.0822580234599362,-0.02061609435078,"1055033"
"100%683",1.25335158905147,172.311367300131,2.76616831137691,14.2087152992701,-0.0018056790858654,0.0299646175188539,-0.165233458215888,32.3019623333333,171.50368049806,2.76107055930916,14.1749346242711,1.92927210572394,98.41084,88.5860782999999,60.1246265999999,42.883414,30.4087765,31.2849026769231,105.871115909543,30.4722320625,64.597172805089,-0.00673313368029059,0.030316904938963,-0.166038306230935,"1055060"
"100%684",-0.10733430216752,243.76845298485,1.85906561530101,8.69031595865014,0.00530459884055056,-0.169176455957315,-0.0656594927973119,40.8037374848485,241.707927520676,1.85610472637924,8.66112336080679,2.05982774556148,100,99.4321106,85.95395745,44.223777,41.0294415,39.8930257538462,190.686384459967,38.96750546875,137.987652339063,-0.00393494615121438,-0.177528282126457,-0.0685365734597785,"1055074"
"100%685",2.74509627951508,121.816501154538,2.30152356821737,9.21605812181242,-0.13825509834397,0.133554205413056,-0.101264902102548,26.4155970454545,121.124150180029,2.30897022278483,9.28234651116511,1.58352319937625,68.150839,68.07078825,65.3325948,41.173357,23.7416625,25.7735164,95.7779399966934,25.11329503125,68.9414736851237,-0.137248032975357,0.137246990278836,-0.0899336923365,"1055078"
"100%686",0.990143663497262,155.852181521526,1.7140485822055,6.97967637210734,-0.0352826071796985,-0.0407268711324744,-0.0586344973834386,34.3200654848485,153.755379212925,1.72218479262089,6.96953541275355,1.948646074877,77.826394,77.38546845,67.20602245,43.498835,32.2233195,33.6507373538462,126.552836886661,32.971091890625,98.5055578440037,-0.0468318532528489,-0.0479413613365615,-0.0592248649516694,"1055125"
"100%687",-1.55823601317567,297.337998531874,0.530242249701524,2.8893665706136,-0.13434736131283,-0.502620316245566,0.133352626666754,53.6183742575758,297.831717493048,0.535163324436286,2.80859388759846,2.73783874320653,98.893792,98.64458265,86.9566848999999,75.0121405,49.464923,52.9218293692308,270.392208338369,52.2095080625,241.635979732185,-0.130035361564361,-0.506686685590292,0.123016159545937,"1055168"
"100%688",0.251888317330809,62.4526625792449,1.46546311891282,4.91604838280279,0.388457932310236,0.13337014710587,0.175177273500536,21.3521187424242,51.0236391258568,1.99805384278461,6.33720894570398,1.59955105633577,43.570961,43.48405015,42.9487791,31.1800885,19.756297,21.0102904,44.0967415541541,20.659869125,36.8040735927171,0.267392444082116,-0.0308366381268697,0.0375449649473681,"1055221"
"100%689",0.755392229873744,103.503973004567,0.823217646382281,4.94082065477046,0.257725145431381,0.214305144742496,0.0653477684101421,33.9368226818182,79.6301690061248,1.40442742808806,7.7131384167598,2.18281967140134,72.863835,64.8490320999999,51.6590276,41.464455,33.7977245,33.3379455692308,57.1840979945475,32.913017078125,46.3409250597397,0.0496811602734719,0.0207711740007881,-0.148805781264249,"1055249"
"100%690",0.14190392214916,183.105588564294,0.474023142468191,3.37640865520013,0.241544198503384,0.0080924746462736,0.0261932638800349,35.673438,131.970131166738,2.0096477052804,7.45232048224256,2.12475776305053,78.998561,76.77636895,66.38391515,42.818151,32.708299,35.0068976461538,104.678222018842,34.372945984375,80.1906631221956,0.0307122736368939,0.0261573060877076,-0.0183088153651985,"1055258"
"100%691",-1.87738314955109,416.688535150463,2.55147491187927,8.10725798764432,0.435434234842433,-0.099348909602162,-0.156334781166869,9.82153354545455,408.713927984574,2.55745554780699,8.12502930837138,1.25329818354967,86.064417,78.8210815499999,69.39815385,36.5771855,1.504638,8.64856610769231,324.195562305618,7.613062078125,259.563659275385,0.448810086379457,-0.069137792066088,-0.12567119538095,"1055297"
"100%692",-0.985516240346521,268.220578784082,3.4075577190922,14.7360827961233,-0.0930067931618824,-0.069054555545485,-0.0506795580449337,14.1282521818182,257.032136617661,3.43845697460374,14.8450569237422,1.64098673743554,91.916428,83.1038319999999,71.45523155,27.563711,9.5368145,12.9315110153846,166.461975498183,11.9092129375,101.131875462314,-0.139061462813858,-0.112473168919152,-0.0847760803474567,"1055314"
"100%693",-3.0643421153047,158.360152760899,3.97745932191631,22.3464044069568,-0.0730863871313284,-0.10032530779201,-0.116933963935211,11.5248238030303,152.822657268027,4.08979325931983,23.1717788536053,1.54874666334888,87.714931,60.5218689999998,33.45530635,25.375266,7.0189855,10.3526683076923,64.4931737255807,9.797562328125,45.4716074092032,-0.106742008050407,-0.129207037940654,-0.134516331148127,"1055327"
"100%694",-3.50042763023612,215.801262013416,3.14244399877937,15.6560667875853,-0.126202195858364,-0.194044735335807,-0.0282610670768267,12.9329356363636,215.354633473942,3.2835022180035,16.5991726066652,1.64391243128114,95.955936,61.8998275499997,43.15372985,33.488532,7.008111,11.6556587076923,110.992982415173,11.157123328125,96.5723086611891,-0.130891076571947,-0.192756546867266,-0.0176217482214363,"1055358"
"100%695",-4.62038433973538,53.9274914873216,3.14118633785913,13.5590875272121,0.16228861355741,-0.137221558161469,-0.0887784888203335,4.66325309090909,53.5984451331925,3.1368598392476,13.5486542800842,1.02005599538919,42.229132,32.4084126499999,26.4691517,12.9195455,1.753718,4.08531649230769,32.3783296045851,3.725394359375,24.4638847892936,0.158172467330599,-0.14216774325973,-0.0902679027910459,"1055359"
"100%696",-0.801021889775148,202.936507472711,2.41664657440581,11.1634555684329,0.0458768599514212,-0.132366787477759,-0.122067145665677,14.932101030303,200.014039499586,2.50632170565243,11.6100339705069,2.14697600404034,87.064608,63.6538816999998,45.4551748,31.812868,9.126108,13.8223701538462,121.812005770135,13.24071803125,101.724570898453,0.0318673565343819,-0.147026462163124,-0.133116432039387,"1055417"
"100%697",3.24429405247226,235.059611598041,0.0777535293124256,2.20314857269834,0.267904795301813,0.213890906803888,0.0147984562002871,70.0979170757576,235.448064282138,0.10419871786836,2.2034415402991,2.73066636822329,99.484413,98.8905301,97.4161493,90.586448,69.5987415,69.6458171384615,225.580314876167,69.193865109375,215.828065917404,0.274716310085705,0.222802239106054,0.0235494125316302,"1055444"
"100%698",-0.0792776955965639,293.664049943617,0.0635160710440498,2.93828441118059,0.0327580512513163,-0.0827542007450852,0.195874610340596,58.7713547272727,267.229329641638,0.0306101349019461,2.87090851866699,2.89202044423524,97.140437,97.0508722,92.43931905,77.587506,59.200674,58.1810611538462,248.343080910968,57.57447390625,228.306815768694,-0.0518965052995065,-0.164727199747664,0.15219916007613,"1055457"
"100%699",-0.580162638696671,157.954926200532,1.90611613822777,10.0870741943475,0.0594874926602748,-0.0178128827963384,-0.110016118865962,39.871345469697,156.838069594673,1.92109806782308,10.1135657928868,1.92170243587578,87.733225,87.5756611,85.72800565,43.5117185,40.672961,39.1350088615385,123.466317339103,38.379449328125,88.288914992949,0.0578072137179378,-0.0179863661917851,-0.108094969708439,"1061035"
"100%700",1.84341267245083,227.966965219938,2.20408778470953,9.5911927531209,0.144579604983132,0.0754368260980368,-0.0880242617212574,38.104373530303,225.374283761489,2.21053728403504,9.66265249069751,1.7199908037339,99.08457,95.71596385,81.1604881,41.679445,36.6188515,37.1662166615385,170.752451947673,36.2797185,122.338324632636,0.13649508962751,0.0706949333828825,-0.0903354720427511,"1061043"
"100%701",1.95300780450056,152.933683931055,3.3333388864916,18.1432324019267,-0.0595365425426502,-0.0268557640994788,0.0197093907521831,34.7949733636364,151.544628442739,3.36638269746811,18.3066829914759,1.86836446383828,97.988592,94.4453614,46.6190802499999,42.303971,33.167506,33.8227638461538,91.4934554366181,32.90534659375,38.2155037022808,-0.0686136169181658,-0.0352533846873075,0.0174631781881464,"1061050"
"100%702",0.910015554170409,133.783636971732,1.92748853950253,6.87759714434821,-0.0654045772518202,-0.18335478070197,-0.0503261665706974,28.144776,133.29490986993,1.92413681767514,6.87035651251619,1.90534162850801,64.934166,63.64076805,62.72084595,38.626219,25.0088855,27.5787853846154,114.202805928578,27.026198859375,96.1393533591913,-0.0679132292747349,-0.182958367621363,-0.045702380643252,"1061058"
"100%703",-0.398245225247829,161.978182544779,3.10315794145743,14.3553580238084,-0.0519432425605902,-0.108114951222651,-0.0794195531274054,28.3865521969697,161.534738386405,3.0995047983069,14.4137403539246,1.73059014364717,93.619119,80.0857985499999,65.96225025,38.7288455,25.595537,27.3829742461538,97.5467537857272,26.6733546875,66.3395271420641,-0.0535679979380767,-0.10799695448167,-0.0782162768380475,"1061059"
"100%704",2.70673660529467,173.202054835967,1.73579943921049,7.7046790943066,0.0798153563944092,-0.0817219696851822,-0.118070567941169,35.8798389242424,172.929917728802,1.7294836763801,7.70642660900591,1.97845161870034,80.506072,80.0277136,77.24739295,44.1065965,34.342134,35.1932814923077,144.480544916795,34.496768140625,115.204548241423,0.079752528562735,-0.079176358626147,-0.11404267323853,"1061067"
"100%705",1.41959201719384,220.926639761686,3.15743282616337,13.7771740671398,0.219007218344197,-0.0306973480144306,-0.0400346860629107,29.1826702727273,221.444427883632,3.14687507701187,13.7289651547619,1.79010096706689,98.060625,92.96007825,80.9140325,34.2098035,26.8894765,28.1230094307692,150.741112637059,27.152843484375,91.9170148917172,0.223851328451623,-0.0232826558212084,-0.0324650590347091,"1061115"
"100%706",1.46020985275288,65.7566587781675,3.79248052774345,17.3405987106388,-0.0296806543886583,0.111225599533931,-0.0472095121285394,22.6069768181818,64.7756424271691,3.7971615881017,17.3106641011623,1.38200455290313,62.246004,58.1486653,54.8767112,24.180934,21.3160425,21.9971456307692,41.2271816808934,21.4667509375,23.5856519025268,-0.0413310152537722,0.105537927770697,-0.0516039853867559,"1061150"
"100%707",0.163739994409522,6.30899777401424,2.33630096814595,9.1881806656938,-0.166799701998751,0.0854947179824511,-0.10484951698487,8.09385462121212,6.3561239886196,2.78701031972213,11.1699998856038,0.567820412866493,19.102795,18.61545945,15.76118105,10.9575945,7.1227125,7.92448630769231,4.56065922030141,7.76154003125,2.90607273520178,-0.16918792708071,0.0971710880350655,-0.0879486626324776,"1061166"
"100%708",-0.988539829098656,8.79922741557995,2.00131635107173,7.46938461157267,0.23796854775531,0.0457783649523104,0.173067348406989,18.6756353333333,8.72520215770371,2.02107894930497,7.55991068258058,0.946054172178626,31.195596,29.0804089,26.4506688,22.421162,17.595467,18.4830205538462,6.41080612077794,18.33523240625,5.09128808937143,0.232771875109193,0.038679192585087,0.164494128017761,"1061169"
"100%709",0.0108829331871888,6.29664951359096,2.00741424007337,6.51368578999634,0.166309081787116,-0.210606081117065,-0.257579332921845,8.3454268030303,6.66022615327395,2.15472632927727,6.96057164765621,0.670058645251801,17.75742,17.27184595,16.2765707,12.5838805,7.4140105,8.20062690769231,5.37886853148359,8.06297446875,4.23128074574825,0.21689092177248,-0.129824233713494,-0.168885640406764,"1061172"
"100%710",3.47515863548144,39.0273029363659,5.1416135991996,29.9338725137056,0.431670876270877,0.204444959635488,0.0858047608032683,13.1750480454545,37.3974563622325,5.20484397499096,30.5667499234851,0.567820412866493,52.485325,43.3990152999999,25.92532515,13.573137,11.901213,12.5702745538462,13.8332374186828,12.165022796875,3.37449762901629,0.404428648032509,0.18059714790477,0.077680756675445,"1061179"
"100%711",-0.598145539564735,3.05302465803583,0.672754366156086,2.59780693082035,0.118742811560416,0.11945326466656,0.209057495917475,7.7525755,2.69874588645995,0.781991200444219,2.83916992296608,0.923289509446542,12.209375,11.91060705,11.67074995,10.2084035,7.3690135,7.68400935384615,2.42997817165017,7.6204824375,2.20562808905287,0.0127045659688304,0.0176855318234141,0.122319407239206,"1061185"
"100%712",-2.36290585023682,65.4892944035721,2.28608983430204,6.99656298388597,0.873651692917836,0.774568740981936,0.637917926752109,28.6163741666667,59.8538832199105,2.25589173643699,7.00049836912865,1.19821280567701,56.584575,55.2468243,50.85398035,42.015292,25.889224,28.1860941538462,48.5554134899583,27.774525359375,38.3038151078804,0.864244237033174,0.759284065438714,0.616092173155619,"1061191"
"100%713",-3.42399124108605,60.8078224706203,3.63471036617798,14.9814657605264,0.45755657716812,0.0944684770942715,-0.0827597661955369,17.8569104545455,58.9493296565875,3.62801042224307,14.9596730097238,1.1065780328943,52.549865,50.1208319,48.41807765,18.8547435,15.5549265,17.3231726923077,41.0544264971891,16.83114584375,25.9600246306027,0.44585980230249,0.0790625105165662,-0.0958306282945409,"1061194"
"100%714",0.36757422368954,1.47896945339355,2.03882686564261,6.65453370861052,0.183272071440748,0.00321168994776632,-0.004858392149931,7.54858684848485,1.49628579661552,2.05826638917158,6.70629612139729,0.304636097349238,12.10685,11.5579341,11.0183546,8.829025,7.097058,7.47845972307692,1.19472987271531,7.41933621875,0.986184257323265,0.184545004947454,-0.00731193702994916,-0.0211030135619082,"1061213"
"100%715",-2.11110363751181,89.4427789994037,1.02542033808274,2.49572322450652,0.696770071094777,0.518036913224675,0.386836562913685,32.751610530303,85.084474995474,1.02852600769669,2.49913425598696,1.5284378215036,55.982855,53.75470375,51.88762245,47.400179,27.5392895,32.3942067692308,77.9627953221939,32.07919546875,72.7308762361151,0.685568711985934,0.50340808046817,0.376050431898585,"1061214"
"100%716",-1.43857260850809,81.3814180428041,1.3751798962903,3.52866656592139,0.602644270364391,0.378120655958314,0.347167620161214,26.8721346969697,82.4015032725215,1.37921234720307,3.60803144350535,1.70651517395695,53.260761,50.5926631,47.91156815,42.201281,23.247841,26.4661558307692,72.7911752805899,26.11162709375,65.7586467451398,0.602536812363363,0.37864708491737,0.350643021566023,"1061222"
"100%717",4.12323121105594,81.8080162125575,2.9070556403677,11.0320482135993,0.780450497781862,0.492675172889243,0.318009590726521,14.7654978636364,75.6189001048459,2.99261420725495,11.4984367939948,0.92952241029804,52.610443,51.25706435,39.61740575,23.3280495,11.589114,14.1832679384615,54.4088165380071,13.61537646875,34.29640740729,0.763485696026427,0.457686501284594,0.275598084998496,"1061228"
"100%718",1.27274663906643,59.7327960961079,1.9291971356846,6.11656804103127,0.314455634091871,0.200132290104581,0.380081344176711,25.3513082575758,58.0914553120014,1.95763504835987,6.07686781713216,1.44230553308825,50.657894,50.1001914,47.8181311,38.078044,23.0732875,24.9619761692308,48.9809246581145,24.573883765625,39.9562302130248,0.30195511718407,0.186990284313035,0.384091175902472,"1061230"
"100%719",-0.280075446507492,23.6572586171541,5.37808787586908,37.3193680982448,0.0576031275077259,0.0558350178086079,0.0636265853975706,15.1836480757576,21.3474058047757,5.88545448168267,41.2704389454501,0.85543803453313,48.427784,34.3580146499999,20.92902265,16.2703105,14.2648715,14.6721998307692,4.41159315063202,14.4829844375,2.15336406535872,-0.0199533458607774,-0.0271314265952101,-0.00798960537291385,"1061237"
"100%720",1.36901232178261,74.6760340720634,3.90800899798557,17.8831818138964,0.635665847472544,0.466307616410438,0.34649666667821,10.0855354848485,74.7215340709453,3.91700582712185,17.8575318557063,0.592906346993565,55.14646,49.6212649999999,37.92493865,10.0806135,7.6067605,9.39229049230769,44.1522472345049,8.81019878125,22.8181266922094,0.632390947969028,0.465168517771544,0.347533239765655,"1061240"
"100%721",-2.72546803404425,66.2547342795752,1.62243437569708,10.0115523832747,0.481663556965835,-0.0820048152946097,-0.357723122528802,19.0194217121212,62.2283454233343,3.05411567265769,11.6756350346747,1.01212799321094,55.223059,50.049371,42.43548605,26.6297915,16.243301,18.4624426769231,42.7108119707771,18.012425546875,30.2146662809344,0.601014674648246,0.16997905941572,-0.0608897434781932,"1061245"
"100%722",-3.64013587700069,4.43430589206473,2.84941459331007,11.3844041092911,0.0929193947047717,-0.0719537409155381,0.0147448689815505,2.85747386363636,4.33887426810333,2.89106645081705,11.6535178188963,0.526064610287877,13.074457,10.6030881,7.93125975,5.809978,2.0732235,2.70028950769231,2.77496934418616,2.597601046875,2.13290844116226,0.0749489013617034,-0.0864671918665346,0.00440537747244119,"1061252"
"100%723",1.16564414686669,4.83312807934655,1.33451575016327,5.72272924386208,0.201128152069725,0.112438331572656,0.182928806973116,12.1707416060606,4.05425211227109,3.37937507468464,16.4376444935408,0.624752421364452,23.010542,21.0272672,15.5595029,14.387483,11.373989,12.0039754461538,2.28110238374754,11.87967271875,1.31241868589133,0.00115085918195796,-0.0746431568262747,0.0200445658151929,"1061281"
"100%724",-2.23685242433927,29.3098896437042,2.71004364340079,9.53361249427659,0.71268796104727,0.566131708114662,0.348205343219753,19.1335189242424,27.7526717670241,2.76390139659719,9.80490884233472,1.14411906146607,41.202333,38.9281663,34.71217805,21.9213155,17.325132,18.7939987076923,20.5715534366035,18.498535953125,15.2185984021779,0.697667630132916,0.546880901041034,0.322388279216933,"1061295"
"100%725",0.591745703370133,138.192972996627,3.45687628933889,14.2543624893809,0.477170287645584,0.223646839836169,0.210608211355704,11.4482773181818,134.095194039831,3.45614941291995,14.1713768150289,1.05413691324488,65.438898,60.39870375,52.1437792,16.759208,7.5773065,10.6176523846154,90.6223035277513,9.8822289375,56.8831799935125,0.459792154767914,0.207907728718616,0.205253784169039,"1061314"
"100%726",-1.84095482564753,125.087846730384,3.2045476469148,12.2644121382071,0.732802367790221,0.643058910620255,0.385426245440394,16.1265983939394,118.362491474755,3.27600479617739,12.5997618938783,1.0094088053025,64.234257,60.3906874,53.8964575,15.285608,13.095684,15.3864805692308,84.0303428482643,14.7156275625,56.0904727736871,0.716628797660028,0.626701791325507,0.360412657436683,"1061349"
"100%727",0.657514580696565,9.76967941580418,1.39734651271428,4.60526970959654,0.354503239843051,0.00126768854788994,0.112801577157319,13.6094848939394,8.35558392648582,1.48638899529055,4.85981580747551,1.20768530792032,23.588632,22.12593505,20.60332065,17.023129,12.967771,13.4559595538462,6.92850938815951,13.33279753125,6.05078989970109,0.24063330492399,-0.151257198840271,0.000869461712337482,"1061362"
"100%728",-1.81781536547638,145.756445593753,2.06500504980603,5.71998480162696,0.754641649581885,0.577788507453298,0.443418335603156,21.8328766212121,134.561819752234,2.10376508950222,5.82612413933067,1.2359494822679,56.62948,55.4775305,54.3985159,45.9427695,17.603581,21.2975442615385,117.717673063868,20.773173859375,101.684330992261,0.739101562425645,0.554637110590675,0.418799598041491,"1061371"
"100%729",3.55255972064339,59.785248689827,4.7826238593935,26.3629890044452,0.548834080114693,0.173902514200494,-0.069912457887671,13.8689719545455,58.7210251510956,4.80139558409149,26.6017294754137,0.803495650196232,60.652496,51.7217241499999,30.7866444999999,14.502312,11.928416,13.1492254307692,25.4341116778303,12.62166884375,7.74098275981672,0.53996206799753,0.161371758871836,-0.0808825540649226,"1061375"
"100%730",-2.28354385721832,22.0546402998792,2.60583097082166,11.5915952655718,0.403484618897083,0.00393880223646234,-0.0882616844643638,5.15234172727273,21.3136342229053,2.53810772141212,11.1129718602901,1.39551910149892,28.025459,21.9812545999999,15.1302053,10.5937405,3.7299625,4.80044761538462,13.4687915330926,4.5828501875,10.6015797603672,0.383358371834558,-0.0242429182456276,-0.116497503261669,"1061381"
"100%731",-0.171870669246209,66.0396680533934,0.969807066249193,2.65859509985762,0.665822021461349,0.59083224151834,0.424723490283921,34.7595909545455,66.0044692879415,1.03299914147376,2.71776170491941,1.93689144974341,55.027293,53.4701868,51.97398305,48.5592045,31.398424,34.4477801538462,60.6030082830414,34.163655703125,56.3026945601201,0.667053572440192,0.593036755946629,0.431115528115596,"1061421"
"100%732",5.36003271100312,192.534877517526,1.54973515635906,4.27494671822783,0.687534926101762,0.489751190901952,0.477473802612485,22.2869647272727,188.760621319413,1.73988750036439,4.66460312423768,1.58882705340849,67.413293,61.4589224999999,54.3767078,45.049543,16.041981,21.5927135230769,159.85363839937,21.019900875,141.023920062562,0.682827130636363,0.487541249228537,0.484033082160437,"1061440"
"100%733",-0.67724721942845,109.236932368509,2.02161671733834,5.80584586668965,0.753833464383048,0.519903706415189,0.418005217974013,21.7317644545455,101.743723729919,2.09941929532319,6.06530692064718,1.37092469575701,54.111105,53.4158598,52.7441774,39.703788,18.038972,21.2336207538462,86.9313001152404,20.7366226875,72.234141612673,0.734093505945977,0.48619799827383,0.383334999179718,"1061452"
"100%734",-1.6735980207596,318.845148681137,0.432611250375844,2.01019914499016,0.139595824470215,-0.0116959537516288,-0.137779419396875,47.7453444545455,316.967724644588,0.428726668022682,2.00900431760062,2.65679916731626,88.116077,86.28426325,83.91167815,72.6130115,49.173413,47.1242562615385,296.384615307064,46.527793046875,277.890681102203,0.140749010407797,-0.00724709673137574,-0.131389377271707,"1061695"
"100%735",-1.14663612385329,305.387763367985,0.667161145431272,2.09729228282616,-0.0345332121415678,-0.0626363924623604,0.0865622913778181,46.0411775151515,307.172281075435,0.66030769476196,2.09087072092414,2.60283690448892,88.877157,83.0534417,79.3817209,70.703155,39.3235465,45.3821624461538,283.23415163964,44.8425463125,268.73262309854,-0.0282911725848812,-0.0525723740688921,0.101776449407698,"1061696"
"100%736",0.365957959450289,19.9013077212151,0.156874438397936,2.41117296793095,0.406855023084145,0.214732630606558,0.145266119497906,88.4727202272727,20.2041251336832,0.168313244832141,2.41804215504465,1.77473642687334,97.701135,97.536282,96.9710026,95.1968485,88.25433,88.3307446153846,19.1845909195613,88.188295078125,18.1653785594234,0.416131643573496,0.225865035873082,0.156534838446346,"1061711"
"100%737",2.71869049523797,139.563943077903,-0.217295584538173,3.3638681131868,0.0339710248470358,-0.163320333363353,-0.0826209500822215,75.5950020909091,182.546208767585,-0.633401264636948,2.29470790554106,2.54202253364786,96.105983,96.04445335,93.8631231,89.0929325,80.4351095,75.2794485384616,178.782725044885,74.955513015625,174.755480631611,0.300235722669109,0.143440421511016,0.19896394405546,"1061730"
"100%738",3.76753078174534,124.490757951465,0.242944534054686,3.39331111174822,0.303954779344697,0.231050884134898,0.029360213436335,74.4578786515151,160.727970725519,-0.291937291113507,2.33126955069834,2.64528527962494,97.530567,95.80310555,93.37994345,91.158997,76.78501,74.1029142153846,154.884725176128,73.77838265625,150.458951370173,0.504751718825634,0.494017058803818,0.364049210175247,"1061749"
"100%739",0.323646781340143,129.561599270455,-0.0526919831549204,3.14085649335793,0.253532395222554,-0.0204189260678274,-0.208378747859566,74.2294328333333,156.300682398919,-0.520479690074648,2.37994243537804,2.62218319933397,97.28002,93.935978,90.71459505,88.4603125,77.7486285,73.8748084153846,150.405248746818,73.589487609375,147.463813206259,0.448971322194646,0.204393858693237,0.0499145574399278,"1061753"
"100%740",2.5964775599686,114.365780441416,-0.317560231404553,2.42194787792645,0.378986662244208,0.0551312887681063,-0.048370409373228,72.8052620454545,178.587660489826,-0.371768675725081,2.05002017015821,2.63738609517366,94.425492,93.2026821,90.7787831,89.855415,75.5799275,72.4726431230769,174.033230022339,72.159024328125,170.359310585877,0.629279840953872,0.435356920819796,0.305203626882202,"1061755"
"100%741",3.67742567968926,92.5486866030416,0.227273328125727,2.67712131761026,0.0401918094790945,0.00127159353744843,-0.0123255972996034,75.0378593333333,189.86248962564,-0.192305032646261,1.90134632798932,2.6808544627197,97.17892,97.03986485,95.4544282,91.885338,75.396121,74.6972276307692,185.125473856242,74.349293859375,180.149295282266,0.530955934831847,0.521816986065081,0.405602112367599,"1061758"
"100%742",2.89011804831393,123.705557645312,-0.218358537553482,2.61053785080154,0.231217883176762,0.0744991070766289,-0.0941837493836661,75.898629969697,147.473990404009,-0.539314598953648,2.1669391925503,2.55145486656246,96.604396,94.0378983,91.98449605,88.459854,79.196386,75.5800797230769,143.045519890577,75.3132694375,140.653403787041,0.374301779763469,0.278049801708803,0.107901768094631,"1061764"
"100%743",1.20009293943862,142.229231081147,-0.256134038597883,2.96248749461205,0.179148572037138,0.00203295131128492,0.0771316979124411,73.5468388030303,168.846005609487,-0.706474040786749,2.32917484958697,2.42908868561601,92.418427,91.2806111,89.33016715,85.744812,77.832538,73.2565066769231,165.880315397322,72.984453015625,163.661337674735,0.380085685324352,0.292800795840671,0.32348839024619,"1061771"
"100%744",2.55551182401149,98.3017124981417,-0.110026047051201,2.38216876015638,0.308376843110442,0.0423233947775465,-0.123165375239784,71.8008147272727,175.016385018228,-0.286356055827406,1.93988029655775,2.6673385497789,92.676077,92.30428675,91.2832711,88.434131,73.198334,71.4796568461538,170.901547403825,71.157400046875,166.821670177715,0.638768920447062,0.508944517864433,0.360942234795869,"1061772"
"100%745",3.85723157202117,83.3211909268638,-0.267296993218961,3.54258159735957,-0.0377076732823137,-0.0508961027933732,-0.0698715569206444,74.6810712727273,138.536274001922,-0.591540601077519,2.38317390314461,2.5561189838966,92.036359,91.68800905,91.3144051,88.1394285,77.9128715,74.4140668461538,135.962371282812,74.147092328125,133.453882771118,0.373279906962229,0.404032034288666,0.355855692238711,"1061775"
"100%746",0.0850725029180567,146.718016952341,-2.2015766090047,8.27608038556556,0.0225474482397705,0.157156836077347,0.154328326850734,89.1467121212121,146.324412724486,-2.2084787753178,8.34481188221262,2.02318534961118,99.225803,99.22050355,98.94762105,98.308257,94.2978715,88.9916491846154,146.988619591436,88.831867921875,147.625863397563,0.0201034220176346,0.15759245176159,0.155736642507482,"1061798"
"100%747",-0.412840514107843,128.304448270704,4.27822928335264,25.09381563303,0.56755628488439,0.454841824706884,0.242219762989262,15.9492018636364,106.233921587409,5.06901078971186,31.3299578082322,1.44622598270394,84.393346,58.6904616499998,44.61609625,17.2539415,14.1898755,14.8962150307692,34.6887257791883,14.42818015625,20.992055274683,0.485298868025546,0.357763746415648,0.112231102940387,"1061812"
"100%748",-0.0261610708097826,56.933754195386,2.0009599491175,7.4014204570614,0.24599941766335,0.231588128755588,0.0987184321713406,20.5904862272727,51.6330810713679,2.45538129574291,9.00028562955858,1.57015512253175,50.478832,46.8149991,43.63320455,27.4400495,18.38777,20.1306655230769,38.4727208843033,19.744548328125,29.3832354126804,0.182430934222673,0.166968600128012,0.0324385977995509,"1061815"
"100%749",-1.91342260748937,34.9345232204915,1.28399220654953,4.91765141710977,0.583048355241393,0.429322685743849,0.234163573694675,16.4094387575758,26.5365206808789,2.28185289044474,8.10700021198239,1.40948199715255,35.760191,35.04500185,31.85689555,18.687045,15.25092,16.1117348769231,21.0953532085262,15.821919796875,15.9654373618967,0.470644863279937,0.292319608493737,0.0516738194761305,"1061841"
"100%750",0.070289215118201,219.494284374936,1.51200597254318,5.55914881123384,0.356902563655025,0.19923423722825,0.261688038006675,40.3679822424242,183.855546133565,1.80532362958978,6.67101105280334,2.33486419909177,85.167809,83.3450439,82.15365725,49.14273,39.232477,39.6787541384615,155.331757963884,39.011804125,128.845365852407,0.242927296255074,0.0662136002710077,0.1464129237838,"1061860"
"100%751",0.287913476694088,107.964618549075,0.890311724786608,5.19271710369771,0.538470171309014,0.557324507672173,0.535591537506477,30.1180698181818,60.8076904039301,1.79594682958498,9.83622686638533,1.96562138259518,63.764146,61.95287615,39.9321015999999,35.503144,29.1184165,29.6004378769231,44.058966776876,29.110170078125,29.1238246877744,0.199491247527024,0.260101610239195,0.26509215364825,"1061861"
"100%752",0.764183734791259,235.072930116559,2.4900736032164,9.04090618973958,-0.0215653719428779,-0.0761139176007062,-0.0985630902676825,33.330146969697,233.002130516452,2.4896995302896,9.02137340120144,1.70196854572064,89.77481,88.6209235,81.8407158,43.0866635,30.059829,32.4617675384615,186.817311463121,31.59398890625,140.788747910742,-0.029034457788626,-0.0788860849697135,-0.0978082391545234,"1061891"
"100%753",-2.98331769258022,109.377237599077,3.90266048799875,23.8198445912922,-0.0935057176513691,0.00528204529450779,0.0426193074984261,27.7786673181818,109.240644009351,3.88497973220319,23.7951440391013,1.59322101161631,91.510305,74.2229823499999,41.1950994999999,30.8311795,27.513783,26.7981805846154,47.471889811617,26.20261428125,25.1581886791434,-0.0965229587328528,0.00300566966947383,0.0441551464230284,"1061906"
"100%754",-2.14241875509306,101.529945590606,2.5229519279096,11.0933127357604,-0.118822344556792,-0.0702445362383939,-0.0875524392618197,11.0010364242424,98.5844518184476,2.51319214332882,10.8222791486681,1.79935469618427,58.812927,49.4160108999999,34.9930945,21.079461,6.5941995,10.2654688769231,64.3912009923971,9.73280225,46.9546207044588,-0.148380075054805,-0.0976212970302873,-0.107620386756827,"1061914"
"100%755",-1.78976751592055,79.4967917961529,2.20027927540606,7.85673373428045,0.510420360901287,0.229837977385788,0.242132848513996,19.6170757121212,66.7923532272208,2.49569378113114,8.62197818322436,1.47799447135641,52.252201,48.39658755,44.7118473,29.9194825,17.534474,19.1149968615385,51.1824385268902,18.6899110625,40.236798253502,0.426038640025721,0.108637749383994,0.13974325691617,"1061921"
"100%756",-2.05533717392625,18.364651770687,0.120915501875301,1.90860259878423,0.652770340747248,0.603143326790866,0.597271052394109,17.6153791818182,8.56427722125654,0.174374160841318,3.76868642435244,1.34957686687035,27.153635,24.02844605,22.09906905,21.195287,17.83014,17.4686367846154,7.27483547732245,17.392433421875,7.01105286961434,0.318838262225513,0.272674181504075,0.277384301780779,"1061928"
"100%757",2.32437498221612,962.994810583235,0.799415310550135,1.67484524768194,0.166915246332868,-0.0466220383166362,-0.0607967477425668,50.9268656060606,961.595853322186,0.801988056368279,1.6685222197555,1.0680536094376,98.868253,98.80593035,98.69235635,98.424632,30.4706285,50.1893058,940.486000824922,49.430195390625,917.724934702415,0.164878192201105,-0.046871379523228,-0.0584392396166719,"1061948"
"100%758",1.15604986068706,745.689803382061,1.07123567649574,2.29697891188116,-0.165013316794448,-0.145627751161399,-0.133203401875138,47.6938053939394,742.631602573361,1.07453145206747,2.30335180682308,1.53427323474296,98.316641,98.3149367,98.18019155,96.230486,31.199787,46.9149925384615,714.024439536813,46.11188275,683.257024803598,-0.168180212927074,-0.145613823012165,-0.132434279527343,"1061966"
"100%759",-1.43445212932051,37.8835794145106,-0.517721352038798,4.03815800131081,0.0481478380667238,-0.0876268691020183,-0.106944811762242,16.1025902878788,37.3251145116066,-0.531612217651976,4.09385887147854,1.83983945058285,31.636472,29.15368975,25.34206935,23.267903,15.581925,15.8636074923077,34.1299037883419,15.67683875,32.395816933327,0.0361957604259439,-0.0974145467818729,-0.115175848540106,"1061976"
"100%760",-3.89044032078777,315.149264593215,4.22212396036707,19.9762336447926,-0.0495751972521608,-0.0579779873313842,-0.060372983209632,5.77426307575758,313.336796406167,4.21436019088481,19.8911222228866,0.494646468443974,98.292058,91.6878512999999,59.8542850999999,3.594412,1.2799675,4.35091238461538,184.446167966376,3.041836953125,75.9390377942879,-0.0560397546799827,-0.0635597656655898,-0.0636866041156046,"1061977"
"100%761",-1.35127260358671,105.560425541994,5.12538394130471,35.9128484482193,0.159718683552386,0.0579255441889643,-0.00725617281305484,18.9002328636364,96.9850617627859,5.72336648012992,40.4983382688467,1.6069354880856,89.45839,59.0211565499997,27.8548341,21.6407915,17.886686,17.8147227538462,20.7072145379138,17.42695471875,11.2571015773171,0.0892733248249234,-0.00937092098709108,-0.0739346768656777,"1062003"
"100%762",2.35809141164984,79.3081322593321,1.79108149767505,8.59894361577108,-0.057906912445049,0.0433777978829428,-0.141435469862545,35.4273343181818,79.0044234789806,1.77924387204365,8.5231147287645,1.85988300837961,73.872252,68.19970785,54.0972265,45.417059,34.0405115,34.8358740461538,57.1314094243194,34.362289875,43.4457598306885,-0.0629985663386385,0.0407622293283442,-0.142938263955379,"1062074"
"100%763",-0.218432667784762,100.635369070284,2.42074471043052,10.9642568375469,0.177231269667405,0.318510141701041,0.126055665543571,18.9812266212121,99.8112172439551,2.43537005775728,11.0459861012382,2.06894218143227,63.658273,61.1551503,37.6548501999999,27.0225385,16.791529,18.2938874461538,70.1660550887175,17.645240140625,43.9140834464396,0.172384035272585,0.315324658878197,0.123338456355392,"1062078"
"100%764",0.521836674342907,243.48713560511,2.05156773680494,8.35945094530057,0.081415501103817,-0.13152046560663,0.146990429457464,37.8751762424242,216.364265714703,2.44241277489426,9.08917444069716,2.20250403241262,97.173693,95.5405355,79.5642788,55.4974955,32.153238,36.9628913692308,164.763543195095,36.0613561875,114.508204104127,0.016738334546307,-0.0921112957905365,0.226709876952334,"1062117"
"100%765",-3.51515080881434,270.543712675591,2.2749726102852,8.71038045763901,-0.121790604279837,-0.092707717537409,0.00803932921297675,19.2570309242424,260.004656347261,2.33999710925758,8.4443318161128,1.86990696150516,84.303652,82.48389185,57.5916317999999,42.482435,12.538246,18.2563136769231,197.910017383934,17.26806825,137.521474856323,-0.16149705114546,-0.128516307838143,-0.0139691024906851,"1062120"
"100%766",0.850025457623137,366.56849943225,2.06676051080768,7.82206011374705,0.0749087859681298,-0.103950994525813,-0.0535337788730573,26.4897995151515,355.986350159741,2.07973822061243,7.82532144974926,2.55590533048187,99.079546,98.5990647,79.5500583999999,48.5671585,19.5339955,25.3730341846154,279.150186208948,24.23291996875,199.020980229271,0.0519734777747279,-0.129387188731438,-0.072912083351402,"1062141"
"100%767",0.327393712770765,473.026063822803,1.37782936534928,3.76952223893476,0.102654583857492,-0.0740911248201748,-0.187348281005764,29.9653636818182,464.947390145447,1.38808954368717,3.72710370246458,2.11824415918226,91.286595,86.1119346,81.2902154,69.6835165,18.19548,29.0219601230769,413.359748790301,28.173466078125,373.022255484422,0.0839781812657213,-0.0948546800229728,-0.205435129393216,"1062153"
"100%768",-5.90620836363636,0.15749544196308,1.57641949537261,4.81651800682513,-0.225264372259327,0.128862204167509,-0.0983950464649977,0.343791636363636,0.15749544196308,1.57641949537261,4.81651800682514,0,1.610674,1.60498455,1.47406715,0.804017,0.10031,0.324301138461538,0.134846401203381,0.304338328125,0.111049979447564,-0.225264372259327,0.128862204167509,-0.0983950464649977,"1062196"
"100%769",-5.74810418181818,1.02600214480666,4.38948571968387,24.7939739979473,-0.0468948097216158,-0.0742496410977559,-0.0602434080941094,0.501895818181818,1.02600214480666,4.38948571968387,24.7939739979473,0.156798418768562,6.729008,5.13922629999999,2.41304089999999,0.9507375,0.0908635,0.406094092307692,0.436040728277868,0.34551446875,0.204310963281749,-0.0468948097216158,-0.0742496410977559,-0.0602434080941094,"1062197"
"100%770",-5.86600606060606,0.162898112212784,1.65098766414857,5.23141692730759,-0.198509483125265,0.0343860031424023,-0.111739952724573,0.383993939393939,0.162898112212784,1.65098766414857,5.2314169273076,0,1.904184,1.5100279,1.29543305,1.103665,0.1840675,0.3606064,0.129303755088455,0.34596290625,0.117386052163304,-0.198509483125266,0.0343860031424023,-0.111739952724573,"1062202"
"100%771",-5.84957118181818,0.2877853296083,1.77897299054395,5.56894430926029,0.418681207506149,0.123700260191112,-0.138330233980105,0.400428818181818,0.2877853296083,1.77897299054395,5.56894430926029,0,2.428018,2.06787445,1.6726897,1.17461,0.095876,0.369235138461538,0.227991783021227,0.345723953125,0.195623725295545,0.418681207506149,0.123700260191112,-0.138330233980105,"1062205"
"100%772",-5.9186271453459,0.531059120372658,1.59043263214209,4.31976214211396,0.144242433937781,-0.0380153293505754,0.0228485035807682,1.38998092424242,0.504958538342403,1.96961944616124,5.50636869944783,0.228631873582861,3.526973,3.4372418,3.2995224,2.9568625,1.159317,1.35710412307692,0.441388783618169,1.325356921875,0.382772972392103,0.116190289344892,-0.0667931008029178,-0.0140850222366703,"1062216"
"100%773",-7.17956153477541,11.3811386713066,3.17089056031547,14.3155909307813,0.295759815244138,-0.0388954313212549,-0.0113589440677078,2.00543925757576,10.9625850222273,3.99902286931075,19.4365935741456,0.537368801781397,20.331674,17.076929,11.7973584,3.193146,0.8825905,1.72349718461538,5.88481223107267,1.510983484375,3.04122769084228,0.288808325508315,-0.0546062748224138,-0.0239390617281566,"1062302"
"100%774",3.84769021926342,94.2254956588736,0.958076193037762,4.21823472464188,0.0744435797999242,-0.0995836150254221,0.0712549401567941,66.8997818181818,96.3751028454728,0.860770202133182,3.87192820682888,2.42186030333724,94.452938,93.8446017,89.91187055,79.1871635,66.0254565,66.4758871076923,85.998472847058,66.05336915625,75.738306731378,0.098203906089542,-0.0706323252846138,0.089887518022769,"1062329"
"100%775",-0.132862059426338,151.667358256962,2.65477772771657,10.5580615078808,-0.0264033669839979,-0.072461207601032,-0.150875251501624,20.6838539090909,150.168389301258,2.6536353186152,10.5105200935576,2.00952658439381,76.766573,67.2289955999999,57.89335195,35.036165,17.5004405,19.8210428461538,103.345438812031,19.160537625,76.602846727322,-0.0347283963507774,-0.0749328041095179,-0.152241203826149,"1062370"
"100%776",-3.20991929653469,236.882353381341,3.13822205769562,13.8677462505544,-0.137640163149168,0.00179880213972033,-0.0894899976736279,31.8176858484848,229.301717262367,3.08077356714808,13.5301869721244,1.96257160843625,98.637301,97.35644935,86.34093735,38.7427635,28.201883,30.7896917692308,163.082495408705,29.760362578125,96.7619514614062,-0.174240138646922,-0.0257935731619853,-0.120123037744209,"1062386"
"100%777",0.232315483228567,211.673604042783,0.89297010292991,2.43398427264511,0.104903654816924,-0.171278615278369,-0.424734910295918,27.4317502727273,209.388116369546,0.892783930450673,2.4246527248561,2.34418981291056,65.231337,59.8647049499999,54.10424625,51.6066945,21.0938875,26.8502181692308,190.289619237794,26.379518765625,178.861629182321,0.0979106686244584,-0.172864599447144,-0.426166050928306,"1062413"
"100%778",1.1145386707957,311.849129107993,1.19201105323639,3.17948709669185,-0.156055621599868,-0.136742892542874,0.289368510353705,32.7798627424242,308.341771587569,1.18420073915883,3.12708414691105,2.42758396614569,79.507368,75.9615959,73.9338101,63.8942795,26.3231175,32.0609780461538,278.977007519357,31.404863109375,255.354380594667,-0.165762024660586,-0.14711305246891,0.284761539581943,"1062445"
"100%779",-0.47783017091895,445.814720485834,1.38989172198545,3.63432407792341,-0.0160332011503816,0.00796800010161068,-0.210748875630188,36.1195497878788,443.625789800253,1.39066475577527,3.63133076467506,2.46068111746248,90.237438,86.42994405,84.226254,81.444866,27.9325245,35.2869668923077,404.699979603187,34.519892078125,372.777171698515,-0.0210315408163407,0.00840240341740768,-0.210797370460336,"1062446"
"100%780",-1.63481776449562,305.099724180284,2.79056886909526,10.9185368211267,-0.124578814673695,-0.110166490886607,0.0301236469025852,31.8836176060606,303.028100999304,2.7829862066171,10.8651561340953,1.69559744216422,98.116947,97.46909525,96.84615515,39.644233,29.278081,30.8646433076923,239.161702815388,29.829399421875,173.23616071894,-0.131696508506387,-0.114813014833243,0.0276338956396451,"1062459"
"100%781",-2.18040856416284,212.07194738133,1.38846713222583,4.33923927825004,-0.116366244011812,-0.162168611524541,-0.151757568912422,25.1537259242424,211.344896483558,1.39246751792046,4.35927175539772,2.24565975724183,78.982509,61.7526112499998,51.0511064,49.2962125,17.4613755,24.3255908,169.333042685194,23.8857566875,159.404358453437,-0.118366774280779,-0.164571794497764,-0.149245561699222,"1062465"
"100%782",1.44316189190569,226.207137680139,2.67337692264839,12.1446736226248,-0.037797472679378,-0.0653510496692297,-0.155188381603521,32.6073238484848,225.609220391785,2.63050331992239,11.903267063545,1.95613462195317,98.24026,97.9630714,69.7118422499999,48.09471,29.8985415,31.5975863692308,161.78852619205,30.56295778125,94.7368114344408,-0.0412910599523463,-0.065968359057098,-0.156152064626933,"1062478"
"100%783",9.85883490223267,946.469025114301,0.394548500467333,1.51298465332534,0.573975107015323,0.408161947278982,0.225446654153218,56.6891000757576,861.58938780205,0.354357615154347,1.4481701523662,2.45981143165228,99.886002,99.73502,99.48944705,98.960081,40.791443,56.0245323538462,845.695692190419,55.342826265625,828.702679984238,0.527995388351751,0.354830457479504,0.157572806062601,"1062511"
"100%784",6.18489537878788,0.0214400884777202,-2.81267076611578,11.3735372560241,0.366103571257874,0.240442965079003,0.32903567015455,99.9348953787879,0.0214400884777202,-2.81267076611593,11.3735372560246,0,100,100,100,100,100,99.7472408823529,0.0358066056191628,99.7472408823529,0.0358066056191628,0.366103571257873,0.240442965079004,0.329035670154552,"1063296"
"100%785",-2.81364292816335,614.1815106616,1.42671819872199,3.52295677998567,0.172978475451944,0.0215365400754195,-0.000850797234114797,43.2773292272727,641.11232782058,1.52490356118515,3.70184618109994,1.81511099605913,99.896061,99.82837845,99.7530163,99.2614235,29.7049475,42.4062718153846,600.898687425291,41.50962084375,558.028836695647,0.201824488869935,0.0532464108309671,0.0317983216513285,"1063380"
"100%786",-0.855468319942599,167.424209193833,4.05157082729251,23.5444224445421,0.411284728234168,0.114505596387191,-0.0179151298690929,19.0500438030303,157.155261320379,4.37563074141416,25.7459591599244,1.73017476774019,98.534467,68.2395198499997,44.58987965,27.5737315,15.784095,17.8272065230769,60.8811876973721,17.2943995,43.3800402055375,0.37352566879212,0.0633688510620054,-0.067045201105947,"1064344"
"100%787",-4.11660074662848,71.2549592729952,2.5645634399761,13.9732234150596,0.152236834263474,0.248106854746508,0.143234536940001,20.2157974393939,59.240435333775,3.07552235681923,17.2296928089727,1.86940260061517,64.432222,45.7066553999998,32.23465935,28.874514,18.367643,19.5355447538462,29.610741377734,19.284167984375,25.9660409968271,-0.00538380101120187,0.124917816244893,0.012729409922479,"1064352"
"100%788",1.86048363429472,240.683229674775,2.53762297382976,9.28216256590788,0.141545816934032,0.203985416671924,0.153982108528199,35.3204831060606,238.08528804205,2.52139313709238,9.17405430720818,1.97462326204556,98.687175,91.1481987499999,81.62378,47.291001,31.2430885,34.3456109230769,179.023337599058,33.521499375,137.67518741025,0.133265557430484,0.198865545118199,0.149293746759729,"1064405"
"100%789",-0.712640666015177,200.832690779402,2.20002094365834,12.484856874108,-0.186662773209087,-0.106495285139867,-0.0769995520877396,32.9507289393939,198.727552731422,2.19424117552912,12.5221401255401,1.85354736968676,98.772399,92.7489965499999,66.2979306499999,38.686787,33.122724,31.9380878615385,134.105730827541,31.038595078125,83.6104604898831,-0.196603696434988,-0.114354887082537,-0.0821120895846886,"1064423"
"100%790",0.729333506303594,228.830342446591,1.72393067223393,5.13899582039723,-0.102148992867836,-0.193008640662519,-0.162025044458038,19.3198728333333,228.568323724849,1.72851467021804,5.13114704599117,1.64199747880161,75.408364,62.0797584499999,51.48768005,49.21589,10.7465385,18.4569729692308,182.941411893559,17.88750665625,164.720899149102,-0.10608239805422,-0.192576346549507,-0.160213705406275,"1064456"
"100%791",-0.586920710941489,225.508056733915,2.6435014334543,11.9024846543054,0.0149296102075527,0.164417043234603,-0.030822869386881,32.7297952575758,224.486801745194,2.64112774788879,11.873759561197,1.56384350428566,96.503587,95.017973,84.45790655,42.8233895,30.2324965,31.74866,164.407102867522,30.772576140625,105.047883315221,0.00813837138549947,0.159913977683353,-0.0337355469368697,"1064491"
"100%792",-0.717750721215644,113.671988259855,1.77652325520137,11.4830557990328,-0.0417641365764393,-0.218633832165535,-0.00846593613716396,31.6709239393939,113.876882199613,1.79846284534747,11.5664428366388,1.95798236294131,84.793007,69.3561946999999,48.3166129,42.144545,31.0465445,30.8536611230769,71.5462125117811,30.3819360625,58.2000274518181,-0.0410197519302595,-0.217188640847244,-0.00213332138967335,"1064532"
"100%793",-2.12299984964696,69.3356668682705,0.930440507412388,2.7689162255167,0.0724891595477452,0.0677238984510123,0.125620187497919,9.4350926969697,66.7042477583562,1.14539676931906,3.18191573538784,1.68186139906164,36.205584,28.5860974499999,23.76202755,22.0888105,4.516567,9.02323898461538,56.5353172495567,8.781675578125,53.6257444234905,0.0407863506569971,0.0314338600031622,0.101819565580968,"1065694"
"100%794",-2.06778856550983,314.499963844426,2.75626389612002,10.5986032049997,0.44023564475784,0.224328152720837,0.289456238003781,21.8889490606061,310.732122708283,2.79554918973009,10.8395314201478,2.16518465316223,97.278171,91.757435,81.7209623,31.1112025,15.63218,20.7291148769231,226.728404883583,19.665745875,156.772049983581,0.430631860751125,0.214760964474403,0.288767245818271,"1065739"
"100%795",-5.10141027897804,31.5812940239581,2.53607256812461,8.4343705560922,-0.0932174936992422,-0.104508301633768,0.138338073583269,2.40974866666667,31.3619599246887,2.55388820925589,8.55738688522109,0.592906346993565,26.271736,21.4570898,17.14044915,13.242778,0.2054575,2.04264116923077,22.949769247377,1.77979825,18.8177433795334,-0.0980118538964246,-0.108142040961249,0.136210980588409,"1065834"
"100%796",-6.26694315715705,0.716942728759162,1.11897513939871,4.33787698424213,0.409835618093859,0.31537808615431,0.284013878209078,2.29104598484848,0.464312825805318,1.9637058696095,9.71578716346801,0.268283601469721,5.538229,4.58231299999999,3.77621165,2.8221095,2.1303955,2.24108932307692,0.306742008394834,2.212550265625,0.258593795260133,0.161528860026286,0.0679338189623214,0.0805966821942454,"1065843"
"100%797",-4.61817378277252,5.99946100633567,2.47618942529611,9.60915913870484,0.426581116905041,0.230532359782949,0.260104463258236,2.82629560606061,4.35624455342603,3.39995842379195,13.8694424364096,0.410628628376102,12.423762,11.23526495,10.0928025,3.120026,2.355667,2.67864227692308,2.98436433044571,2.554944421875,2.03641966578174,0.230201587815609,-0.0342972369138683,0.00759372050130394,"1065850"
"100%798",-5.30418524246826,11.0236868999162,2.74768850351782,11.2145890314983,0.204580351477278,0.203572043431865,0.177825373585757,2.96333892424242,8.50529835606658,3.54183399443306,14.6240437887732,0.42551440179058,16.06557,15.698502,12.6733745,2.9770205,2.3558605,2.76176613846154,5.95446429415326,2.562717953125,3.47219109317442,-0.0235863615583101,-0.0142964384868036,-0.0335797541977389,"1065852"
"100%799",-5.90119228012255,5.83130536851231,0.14013926741873,2.09873656564384,0.767645197299015,0.728182296849324,0.745032745734424,3.49741318181818,1.30098307293924,1.50931649905869,7.14744279921712,0.831922778050681,8.263411,7.35698469999999,6.35491055,4.4998795,3.471721,3.42409013846154,0.966164463791012,3.37026484375,0.792945230736788,0.185714934721448,0.144384417218856,0.355466917729799,"1065859"
"100%800",4.12483203531245,444.638706387129,1.45762966664992,4.74610046986002,0.260251108195063,-0.0444804615398501,-0.13307027737839,23.2805818636364,441.004602155698,1.45364202346407,4.68477850368688,2.39752499462758,98.685435,86.2625407499999,66.697674,58.4464135,15.339178,22.1205072,358.968255478781,21.22280746875,312.195921984026,0.256578739748249,-0.0501970420586547,-0.139018056950419,"1071367"
"100%801",2.17243709517898,233.569035622119,2.26346736525449,8.06635858999358,0.0131647866740322,-0.00524685479312002,0.141400532630892,29.768047469697,232.062628707366,2.27379884125971,8.1201120046574,2.16109013561578,95.670262,77.8735362999998,67.95640085,54.2233065,25.591754,28.7541672461538,167.787917887509,28.136409171875,145.603976612615,0.00828299140697055,-0.00955510564297063,0.141260947765043,"1071389"
"100%802",0.946851140554294,148.106917087756,1.70975866177804,5.0777612617213,-0.0405400477727699,-0.00693591677218769,0.0843347664408413,27.1740050151515,148.615625180943,1.72581373128131,5.13605255239876,2.18732674657336,64.098599,62.4068479,61.03818835,46.271774,23.161778,26.6059343384615,129.603536029305,26.060778546875,112.310926868241,-0.0434837205529917,-0.00937753603589648,0.079886243617239,"1071395"
"100%803",2.32581891266529,488.429271234169,2.07272020429888,6.89932644286452,0.047940283485005,-0.0412569060202903,-0.150996807159327,22.1392202121212,483.803272954595,2.07271964257649,6.89365264710133,2.12959178031751,99.089211,97.3347336,92.62847005,45.2282085,11.3852055,20.9553742,398.74796912341,19.7767079375,314.676885847841,0.0400233138359114,-0.0434935684560753,-0.151086714778839,"1071432"
"100%804",5.66112720036901,638.486857504248,0.224661683322523,1.47044711422772,0.414589972866854,0.336389768279612,0.346695308052615,60.2785012575758,640.997664434908,0.220350960160337,1.4621221061103,2.89750696606195,98.518228,98.44505685,97.92729495,95.6552705,54.23703,59.6901977692308,628.01650133435,59.08526871875,614.043214020187,0.419064978550926,0.341473830243539,0.353097206427482,"1071433"
"100%805",-0.598791805706688,78.5379769943102,3.04527474708501,17.7339199115938,0.0673489711464543,0.217842586072394,-0.152928921077665,26.7257684393939,79.0103562524149,2.99175929039877,17.2497168654716,2.05377149759713,77.925785,54.1486010499998,40.8907123,35.704814,23.8415975,25.9380758769231,39.2755683786135,25.69733484375,36.1220932060687,0.0709554832074379,0.224259114668662,-0.141010014664259,"1071447"
"100%806",1.07780771249098,188.37041014744,1.93715624073035,5.86121558563946,0.0329437748733404,0.0891097978693934,0.0709181301921184,27.5396956212121,183.637639169753,1.99747949966902,6.03967267466302,2.11533976193375,73.88748,70.6955692,67.15877695,47.5939525,22.15861,26.8266527846154,152.906447888272,26.168055984375,127.101877692879,0.00334213981447903,0.0629228365947137,0.0455129249839431,"1071455"
"100%807",-5.98470398034089,29.0226749595058,7.93682373268759,64.0008041950049,-0.0120753203192894,-0.016330438906264,-0.0191537744329485,0.716275893939394,29.0005184406733,7.93761346056638,64.0090213108601,0.0785157640989041,44.132171,15.5882666499997,0.2088998,0.072483,0.0402275,0.0483390461538462,0.00146450927767479,0.04568071875,0.0010280564370459,-0.0127719013277511,-0.0169392962513387,-0.0171717897244511,"1071460"
"100%808",-0.824049563405703,208.14213293801,2.71280238744923,12.3408853449748,0.175808782464859,0.166890860665492,0.0579926946912497,33.9677601666667,206.953917040258,2.74737487616765,12.4653538859716,2.33525788381957,98.728232,97.6185689,68.4781759499999,46.3124255,31.688942,32.9714452153846,144.623353634483,31.970670015625,81.7822785055187,0.172450345018134,0.165428970228716,0.0554965703380356,"1071481"
"100%809",2.24376521531703,337.501025647264,1.72325339327473,4.73898726773075,0.0300313281472156,-0.0865746836588293,0.0108877273043968,29.9760561666667,335.16255657316,1.7291432956692,4.7463979225785,2.37415501974551,86.037215,80.736842,77.5889847,66.18346,22.875693,29.1135768,291.223440174264,28.351557765625,258.030060858249,0.0263955616012172,-0.0897805809242863,0.00793053391462439,"1071496"
"100%810",-7.35090442075673,1389.57108610982,1.7777839543871,4.18198033498973,0.0445808495920555,-0.171161860055004,-0.0531815683667137,16.7690444090909,1385.47851845091,1.78885401960226,4.19999935183315,0.450561208866305,100,100,100,100,0.128426,0.122853290909091,0.000149682874606281,0.122853290909091,0.000149682874606281,0.0332519099546069,-0.187935500384619,-0.0636703373960205,"1071508"
"100%811",0.78740207640026,216.739799614834,1.60506015794885,5.21035467024139,0.340490194670118,0.159796175722642,-0.0183487546570985,18.2633674242424,213.658500650289,1.55326169855948,4.99616669762346,2.32662676192323,68.905607,64.4545122999999,53.03854785,36.077196,11.2924445,17.4842560461538,176.88259490162,16.78779490625,148.117607686207,0.330979203802239,0.147004481570667,-0.0310678422238706,"1071509"
"100%812",0.865316163277165,256.659883061599,2.01106656091103,6.19196255980899,-0.166060309735951,0.0110013410017836,-0.190194403051238,28.9419497272727,254.901368184018,2.02235611017662,6.23960017760235,2.07171018647271,83.754577,79.9687898,76.9802662,51.9785925,21.4802255,28.0986785384615,211.889912034525,27.320059625,175.794610104062,-0.173389851126873,0.00711299787134198,-0.191965304514884,"1071517"
"100%813",-2.15442410959977,51.4931983712323,2.41748125301276,9.03059788872836,-0.152155673758996,-0.125174402571479,0.0651221399965399,6.98633707575758,51.1713062179777,2.40459843235661,8.95943316273085,1.65978633147629,36.915522,33.84243965,27.69719645,14.534169,4.683527,6.52588807692308,37.9656805680419,6.12492221875,28.1086090645869,-0.157060699200167,-0.130518538333532,0.0648846861444555,"1071533"
"100%814",-0.22046798158837,642.047461984472,1.03998841748128,2.74298769283967,0.0265297308516567,-0.139988568805401,-0.0783430067336839,33.4782921060606,624.06350065682,1.03531015458363,2.70634050245302,2.61618291749687,94.144273,92.0224143,85.93000545,79.188033,20.9548465,32.5449693230769,576.172444052399,31.633486421875,531.173068343792,0.00221655365286597,-0.166986736533503,-0.100291212277576,"1071546"
"100%815",-0.763767888431141,694.641965950939,0.900018991990266,2.36581550581472,0.147674720648812,0.0440054325736173,-0.183927903424428,35.0625058939394,688.037158239335,0.903340131788461,2.36980901236953,2.78561659800713,95.017746,92.59791755,86.225638,78.5899195,22.512189,34.1401175846154,642.469532539449,33.24707359375,600.668826960028,0.137707546430799,0.0349794122027499,-0.193084539223754,"1071552"
"100%816",-0.761416159558488,607.939192497996,1.07906296357231,2.86232734847304,0.250625554456036,-0.0398980772404621,0.119552609549528,31.4553866666667,602.275420833765,1.06965411927328,2.84493705935397,2.42104110657122,93.42857,90.0334653,85.20369775,69.7191195,17.4089145,30.5019530769231,551.544846275511,29.60033778125,507.323575308108,0.24411049313656,-0.049978599531024,0.114366765998027,"1071578"
"100%817",2.80065691704963,9.12694328599799,3.86551997588485,22.7734679439451,0.0951144581700133,-0.108671190144031,-0.0258919416674224,73.7141057575758,8.57700163297286,3.9554689928442,23.0479617173676,0.835724855794869,91.768662,84.8816617499999,80.1004021,76.0328385,72.9979575,73.4363433538462,3.61692661115663,73.315453765625,2.72351207433774,0.0422423075972945,-0.161764397661934,-0.0750417703022902,"1071605"
"100%818",-5.99697165151515,0.0772307829990452,0.408117653899298,1.220829922014,0.947690588052166,0.901920055489657,0.860472363093281,0.253028348484848,0.0772307829990452,0.4081176538993,1.22082992201401,0,0.690935,0.69087065,0.6633164,0.6086005,0.023849,0.246291323076923,0.0754233731424341,0.2393453125,0.0734658042570273,0.947690588052166,0.901920055489657,0.86047236309328,"1071614"
"100%819",3.13944177577342,401.183806423388,2.40603533282722,7.53340958211211,0.233206629197958,-0.124752948189471,-0.00421126983376824,30.117678530303,398.419255965065,2.40397078744023,7.5366747989238,1.84204143300488,99.880781,98.5128963,91.16909395,58.8009805,22.6190125,29.0444000307692,328.521618300851,27.970463421875,258.687678991792,0.230737242966288,-0.128181487481426,-0.00533526753378589,"1071641"
"100%820",0.701341269320163,322.918012487957,2.28044292779395,7.3403006412944,0.0950156273578771,-0.156394314632667,-0.195575082231193,32.7668026818182,319.021746199085,2.2886608071877,7.37957950495111,2.23612603539138,96.872646,90.2030525499999,86.00642625,53.9802845,26.3655365,31.7805589384615,259.733109457218,30.92382184375,216.081540077927,0.0857054778239111,-0.162523674303095,-0.197539129196158,"1071653"
"100%821",-6.50082203610164,622.401323677115,1.13378912005132,2.82816743334172,0.279119381131146,0.0410806485195834,0.14067073991055,32.6082760606061,605.112037847808,1.13748302955492,2.85527176567989,2.60988426276357,89.902253,88.5169249,85.2942302,79.6572875,19.135891,31.7268302615385,563.142971832898,30.8511404375,522.097957352694,0.253293247669749,0.00778954433921837,0.112776733338346,"1071665"
"100%822",1.95956011364077,292.790706223915,2.05699182001919,6.3829300023797,0.0369982777099708,0.146227751290828,-0.135673936211719,28.5191713333333,290.625201318015,2.04633437246984,6.34919991404373,2.23248400902461,87.947856,86.38067415,73.4562251,57.11158,21.619258,27.6048838769231,239.925535766726,26.699697578125,190.415826953517,0.0300134352653626,0.144931665360407,-0.136696315046953,"1071670"
"100%823",-6.22982189393939,1.99556724632691e-06,0.871786899044203,4.04436715717116,0.0203064759555967,-0.107942813747795,0.041684987525589,0.0201781060606061,1.99556724632691e-06,0.871786899044145,4.04436715717092,0,0.025119,0.02412775,0.0229366,0.0218635,0.020184,0.0201020923076923,1.6449142991716e-06,0.02004753125,1.47711699902344e-06,0.020306475955554,-0.107942813747844,0.0416849875256239,"1071677"
"100%824",-6.2284151969697,6.82419355211204e-06,0.628229582069808,2.84018405553159,0.420588453167994,0.383198016973297,0.138291317271553,0.021584803030303,6.82419355211203e-06,0.628229582070365,2.84018405553216,0,0.028979,0.02848435,0.0267341,0.0250965,0.0216845,0.0214710461538462,6.07509976710059e-06,0.021365625,5.447637921875e-06,0.420588453168007,0.383198016973297,0.138291317271578,"1071695"
"100%825",-2.69637420015671,1060.04491929762,2.08698204981633,5.41605194800263,-0.0904397140679443,-0.0139238597744814,-0.00383535671964337,14.1678300151515,1044.2277294208,2.0892204092619,5.41885718488236,0.742048837617955,99.468241,97.47061615,96.00516515,93.3238035,0.617567,12.855516,946.629678503929,11.550212,850.672562623513,-0.103705056190251,-0.0245884541215456,-0.00975387107733294,"1071773"
"100%826",-3.10689930833025,142.18361518966,3.29360260333128,14.4306136589794,0.0661271224573363,-0.00565446686675666,-0.0923180734680273,7.189374,139.926879970652,3.29305736009163,14.3098556645854,1.32660404323532,66.771377,57.8408072999999,39.1171686,18.959361,2.7901885,6.2727278,86.6237443066563,5.5421135625,53.2804246489969,0.0531387821871105,-0.0162941490489434,-0.101438687465648,"1071785"
"100%827",-4.90853579281778,0.422134843820538,0.83329426407374,4.47158198903064,0.215327861596938,0.0274150518904368,0.0710089777399885,1.45767571212121,0.422134843820538,0.833294264073739,4.47158198903064,0.0785157640989041,3.931763,3.03280064999999,2.4813472,2.273948,1.4010805,1.41961283076923,0.333009552203371,1.40197015625,0.317980668784101,0.215327861596938,0.0274150518904368,0.0710089777399886,"1071899"
"100%828",-0.961991542742945,71.9405700460095,2.20246471364436,8.84758959687604,0.558519584167296,0.192569210893906,0.159467256017832,18.2812470606061,58.0184327928907,2.73472041863511,10.4743031971733,1.3874773468891,53.190094,45.8153837999999,39.74558805,24.878673,16.0483675,17.7441878769231,39.8744746592641,17.36762228125,31.2804062159148,0.460859887633595,0.0195808865763778,-4.39791484545447e-05,"1071941"
"100%829",-0.494856324934411,64.4937820627481,4.26957709093689,27.3008769205365,0.00444644836152397,-0.0270439106471326,-0.0707267016276509,9.90244175757576,61.7181811999047,5.04144813946046,33.8165368528584,1.56669608406864,63.671491,40.6363652499998,21.0102843,13.451,8.2663135,9.07522561538462,17.5047796503979,8.775887953125,11.954094489377,-0.0387187277403537,-0.0672822240057822,-0.103375856298638,"1071946"
"100%830",-0.304233665821492,67.9869213254555,5.04474224572179,31.495845738035,0.0355955537066839,-0.0473465965322215,0.0672691083345057,7.09566596969697,66.8583862552143,5.03892444044923,31.4288029257855,0.828160300634589,61.728671,39.5271669999998,25.68177065,9.4080735,4.6796495,6.2551582,21.2610582922026,5.9220745625,14.3818562059532,0.0191854522522093,-0.0581666222108517,0.0597234342161592,"1071969"
"100%831",-0.530294655538535,85.6435825867705,1.94603176139069,9.24391490800941,0.0262289408524424,0.0163441792292109,-0.0746193410939249,19.439596,85.0569280209129,1.92725886928936,9.11757533821641,2.20273217175651,59.79703,55.60274835,37.4906452999999,27.3846805,17.7720085,18.8187124,60.9227307908802,18.279250265625,42.9583878218997,0.0251135196193803,0.015137079457024,-0.0730101050007497,"1071979"
"100%832",-2.20162899644948,52.5636629171603,1.70536755070374,6.99962554111725,0.49658878249548,0.346343250855392,0.334179114832924,20.8157113333333,38.2829204453168,2.74394190384493,10.9513770031088,1.55511322162897,47.716028,44.99446825,41.68445785,23.816253,19.3427595,20.4018603076923,27.5678921381753,20.040498546875,19.5107895110702,0.329655009209687,0.134445961168516,0.139882022749083,"1072011"
"100%833",-4.55398840004416,5.21815716903804,-0.197657775945595,2.39308673582071,0.734771387535937,0.689916455701744,0.562899342034052,4.37540692424242,1.27202030612237,-0.241318719155117,3.95789611637593,0.627409388785946,7.065433,6.8705747,6.71688465,5.626657,4.2972565,4.33402190769231,1.17855035603316,4.296027703125,1.10313383260052,0.135048979529883,0.185520172682484,-0.081304421344371,"1072040"
"100%834",-3.38882621568679,109.665723532278,4.68494010780962,30.4640848236677,0.122350754775764,-0.035352867607243,-0.105878882788451,7.1897221969697,104.63600660018,5.00393542755195,33.0826598195296,1.1051609768186,76.959013,41.7663125999997,19.39974575,18.128493,3.9600395,6.11634849230769,30.2051380663566,5.855410234375,26.2513230092017,0.0824337737523364,-0.0705830255253079,-0.13861322051956,"1072041"
"100%835",1.48292219194267,212.776248777564,2.23492568631605,9.02883942408647,0.234539881976533,0.0196989678418183,-0.0549162283731403,33.4750911212121,210.041915537237,2.18274725790207,8.74988926865918,2.3604820646426,98.619124,84.5959518499999,70.5238368,45.538513,29.5625975,32.4728752307692,146.980508012714,31.776435578125,117.750246115024,0.229211447722216,0.0169531020704582,-0.0561743875194913,"1072045"
"100%836",-0.536819057744792,117.220908464474,3.11160568339905,13.1514336046361,0.251547075155905,-0.0781414328071055,-0.121202812944472,31.3922919242424,116.909697815989,3.10503282389528,13.1135565602278,1.78075500632322,84.110267,73.0127305499999,64.67547105,34.5872425,29.611755,30.5812461538462,75.293822600893,30.01162290625,55.3796967059026,0.249498553363557,-0.0804491598013338,-0.122047238043923,"1072120"
"100%837",-0.0676582712482168,171.900485937028,2.91977102030372,13.902431313875,-0.00241331992737386,-0.0767502885110873,-0.127158861761402,33.0526206363636,170.042473172807,2.95211726545783,14.1019863987727,1.81927210104918,98.094981,89.1582895999999,65.5170748999999,40.83115,30.136448,32.0519689384615,106.572459067672,31.2348711875,64.8404859898886,-0.0113669029656019,-0.0872966884546314,-0.128957862985249,"1072251"
"100%838",3.00408157199831,206.061235856543,2.98112902017858,13.9686540537964,0.0148732290108049,-0.0622633687515705,0.160816908455928,34.1642817727273,205.675910327043,2.95640116842266,13.7783123255471,1.97780607245901,98.920312,98.69650595,75.1111944999999,41.547299,31.5224225,33.1680351538462,143.334671609589,32.14603578125,77.6828992103379,0.0118756645878209,-0.062628534161333,0.164019765303651,"1072285"
"100%839",3.28741016895568,237.949302045313,2.42176225880768,10.5331220700985,-0.0515800816261613,0.316179296314475,-0.155006283665339,35.8761535,236.308358678677,2.46530032737332,10.5606288245428,1.87195787696211,97.260003,95.2565561,90.0527231,44.7617805,32.8263205,34.9317865846154,181.083166411497,34.006067984375,128.210520642661,-0.0556776931559447,0.317291799879369,-0.15194843751405,"1072286"
"100%840",0.699464017748666,159.771423853667,3.26345100190757,16.3907972056036,0.00648910181914066,-0.229848889112844,0.0201347845422136,32.23372,158.080236779962,3.27105184736513,16.4680092205439,1.93843611101199,94.920758,90.92433115,63.8320836999999,37.614971,30.4274665,31.2693040307692,99.1257617500472,30.370818015625,48.2015890157574,-0.00072164209351169,-0.239695765192351,0.0177510106228432,"1072300"
"100%841",3.02408966237917,311.340269312968,2.21956016640519,7.66034230681699,-0.0382462195363151,0.0687539127404394,-0.172297597307725,35.0991253181818,309.785375094771,2.22816521481193,7.67983710156787,1.97110257426191,97.278009,96.27749715,89.50308825,51.5633435,30.619158,34.1425271076923,254.156014945809,33.18008596875,197.91816119398,-0.0394195365380198,0.0710058845459333,-0.167977769241263,"1072312"
"100%842",4.38565656425088,241.16581221806,2.47299281623639,9.26828045377947,-0.0042503395845268,0.0512577168887092,-0.0155456595822304,37.7892010151515,239.692293020139,2.50764224110597,9.35875382257018,2.02300517638583,98.796625,97.11859605,86.66752205,48.3966265,34.192414,36.8506252615385,185.238853371069,35.92305625,132.208232829174,-0.00911320562818311,0.0496792077712075,-0.0167228225482493,"1072327"
"100%843",0.181683194627859,155.633562935085,2.53046330766597,8.31725891816575,-0.0270116319891006,0.273257803699063,0.151119571913445,28.9912415909091,153.227678492824,2.52552862724863,8.2449919330157,1.31479050774736,73.973677,69.8431493,65.70182305,34.163861,26.318448,28.2992041230769,123.976580838398,27.684832015625,101.379264297029,-0.0408825280662864,0.265209434887815,0.143548323663401,"1072336"
"100%844",2.38961870696389,148.78720609522,-0.31378358793615,2.09370448439263,-0.0123054669689921,0.142026751585498,0.00140959106238693,83.983036469697,154.020890611367,-0.354685884367528,2.06234411112375,2.42260367671862,99.602649,99.56303475,99.53036955,98.9529495,84.555726,83.7427347384615,152.579277920325,83.49587584375,151.002273734447,0.0221678126956189,0.167621266169262,-0.00791544112647033,"1081317"
"100%845",-3.7674369343493,0.802166535344205,1.97789360645024,6.07228246692355,0.168363319739334,0.0177989208462159,-0.077258128173745,3.43338446969697,0.767084200423734,2.30301537355925,7.0760419997113,0.784547254422166,6.560566,6.43233205,5.78775495,5.099554,3.084556,3.38527398461538,0.626120656679031,3.33874259375,0.495167720108272,0.140123546603583,-0.00503462110205398,-0.0939980725826974,"108900"
"100%846",-3.07407647964538,1.31786160289596,2.03249719495284,6.8371093765752,0.518703186388172,0.289448029074085,0.114808469274083,4.02274883333333,0.988050431212594,1.79368543511974,5.40350125230598,0.184907399167776,7.353667,7.3057646,6.5059357,5.742811,3.521562,3.97150393846154,0.829932616549596,3.919809140625,0.669197425664746,0.384868719697017,0.133990850080336,-0.0200566069562805,"108926"
"100%847",-4.83040899224376,157.437856782947,2.06420411846796,6.95543452892516,-0.149489612771931,-0.127450441028489,-0.132215283039071,7.40910556060606,156.795315991619,2.05716593739853,6.88950037196273,1.21927660270548,59.040176,49.3748241999999,37.6093069,27.789026,0.7624945,6.6147814,117.564794062173,6.027974796875,97.0195146537727,-0.154623276626123,-0.131784845973799,-0.134926240771684,"1093811"
"100%848",-5.96257109401687,40.5332830342521,1.26798406970308,4.86337940169858,0.611989159393068,0.599008382719718,0.53640026406174,6.02008962121212,16.7398914504178,2.95759681022096,11.2765644260644,0.786590835702731,21.557977,21.55206525,21.18706595,6.308881,5.4073935,5.7810452,13.2260407113286,5.53467275,9.48723762970794,0.0726725982550604,0.0848377266692342,0.00344526564446779,"1093812"
"100%849",-2.42942064128502,63.6344890808317,1.5420912580314,6.39927094654866,0.270540619641841,0.240370134860581,-0.0314069197977199,11.3115993787879,53.3924595199563,2.66374881556468,10.8607472338453,1.42616833993105,46.161606,39.6583969499999,28.3773356,22.3081665,8.782623,10.7754454307692,35.2414522796946,10.3788638125,25.5690962748771,0.147948726191382,0.135312020815941,-0.166407535945328,"1094079"
"100%850",-2.88764968341169,18.0619135443214,4.54702058216483,23.8800765981352,-0.0441320447799721,-0.0301930817856617,-0.00113116395874945,5.26036151515151,17.9174245668848,4.61544208233411,24.4984743776984,0.312649713650733,30.695518,24.6522300999999,18.76303345,5.3587205,4.1483755,4.86905141538462,8.08692003667683,4.61078421875,3.8776517465122,-0.052549432956502,-0.0384999876441683,-0.00595600897094667,"1095327"
"100%851",-0.455807582853521,54.0510807650182,5.59961248912755,39.1890514948732,0.290856700572451,0.147341208715174,0.0628653244871787,11.0190880909091,46.9836379537558,5.87998535261076,42.4313918071451,1.24347877422609,60.771216,37.9263192499998,16.8311774,13.457421,10.1635075,10.2536707384615,9.03945740680822,10.013490265625,5.4310660592107,0.19556470843246,0.0378788188926864,-0.0532555377882411,"1095421"
"100%852",-1.80025790029581,101.169322102301,4.74620247931871,27.7695866883485,0.000364376237436422,0.101895970152457,-0.0698189556095244,8.05295904545454,98.0312217184587,5.11917495398315,30.705937382731,1.39374689180337,71.944736,56.9861026999999,18.6651189999999,10.8309405,5.6717025,7.07000863076923,35.7707541900991,6.415923546875,8.52089792107937,-0.0240106070437075,0.0867849586236124,-0.0826885030737624,"1095628"
"100%853",1.10291781957912,196.283983528052,0.440922086259089,1.98859972893282,0.18585812929879,-0.158644806338038,-0.0215360661698832,66.7701116212121,192.964234509397,0.469907999579629,2.0444821938792,2.64416216457962,95.577744,94.71117635,93.4106264,88.5342635,64.3005005,66.3269172769231,182.969114070864,65.8907040625,173.459678529796,0.173656171862074,-0.170669412552701,-0.0322993137691418,"1096255"
"100%854",-1.63205827451299,50.832471055301,3.82920728567044,17.8746362716708,0.265400896458813,0.0336637675932542,-0.0492247230729703,19.4162472575758,50.052833628715,3.92501371369678,18.5800432538374,0.994985950410998,56.123367,53.26267605,39.36626105,20.8767605,17.638618,18.8515223384615,29.7745377612779,18.337916375,13.0933443430862,0.254695345997347,0.0209286396605149,-0.0552637368913546,"1096256"
"100%855",-4.00966826523515,3.96025149588032,0.0166085903310176,2.0248902777863,0.698483359561108,0.663122605883357,0.615139654244287,4.9940821969697,1.31987540985619,0.508806254097363,2.97261098677573,0.474583289341663,8.628833,7.69265554999999,7.0147803,6.509811,4.810004,4.93816295384615,1.13380170979278,4.9030005,1.07115148107691,0.169126334792402,0.127602367388233,0.0722141531283201,"1096313"
"100%856",-2.62592837119011,226.06319306736,3.47760342584152,15.2814867137092,0.473613731322494,0.18308136345337,0.0504105886553704,11.9903095454545,195.70480201516,3.95343725478346,17.6746348233924,1.30957527478934,77.845085,75.8700535,68.82292685,11.502693,8.149705,10.9771591538462,130.968379866014,9.97982453125,68.3607980885343,0.396772570979719,0.0676847926220453,-0.0721290045141289,"1096677"
"100%857",-0.6799218377705,52.280832058533,5.70479155433629,42.8168963899117,0.168185310266113,0.0711610037629837,0.0984511451869452,11.8910596212121,49.6146391918262,6.2266389071751,47.3918107968448,1.32109293724805,64.540733,33.1458636499997,15.12692315,13.159979,12.0911385,11.0810646461538,7.07587859834161,11.0004416875,6.76393520640422,0.123322581407384,0.0241815575173106,0.0625685063891389,"1096687"
"100%858",-4.82886748883665,34.4980915831009,3.99166371531312,20.3505548196518,0.313032814386567,0.0211940635954596,0.0393502740252261,5.45882201515151,31.3047503523493,4.29333278019206,21.9196707351648,0.754076485319673,37.935761,30.8079370499999,22.63942935,6.13885,3.9126175,4.9591768,15.3097693886606,4.61525959375,7.86084662629605,0.233150471849373,-0.0796033593566046,-0.0511493242418476,"1096700"
"100%859",-1.83447218887891,54.4629513064961,1.01524003958052,4.29926592396892,0.754056928091431,0.627676640295392,0.542265792267165,13.594585969697,38.7878412250328,2.38070610922628,10.7117965407131,1.65685783167827,44.509484,33.2868933999999,27.1963574,23.8016975,11.9945245,13.1189721538462,24.45481612322,12.89826921875,21.6707865637416,0.653268558883837,0.460289032588758,0.355099840221297,"1097284"
"100%860",-0.946590656903139,260.139964721594,0.533718285688339,3.72307980515749,0.0375029584339977,0.161669324642915,-0.0860896817025101,57.1347309848485,254.125511405777,0.50920450790356,3.77744704574412,2.74347153719333,99.314672,97.19597555,95.23869,78.359312,54.4758355,56.4858088153846,230.242535844741,55.86753803125,208.993255903877,0.0190838303097859,0.155380249227725,-0.0963950406094157,"1097316"
"100%861",-4.25472385620587,212.258585357642,2.99941991029558,12.3164637591857,0.602374889438625,0.202710704908591,-0.108857600278325,12.4599240757576,217.989188963214,3.44551447341832,14.1351839216148,1.3257567517015,80.77188,75.2523842,65.68575295,18.4948825,8.242498,11.4089709076923,148.445699736633,10.457855640625,91.9648474638642,0.624342342312492,0.246531749696175,-0.0472472903572156,"1097850"
"100%862",-2.52202890008452,12.043079705633,0.10402722082084,2.25442742566613,0.592971828379761,0.604053658712262,0.569432041164998,6.62434477272727,5.08610656290118,1.13509620526232,4.69044712888375,1.07936061323655,15.006241,13.3144431,11.12995915,9.5807015,6.118539,6.49539252307692,4.0668612986441,6.403078734375,3.5764866934427,0.0562390254238063,0.102601260693135,0.0896947681586192,"1097891"
"100%863",-2.62260568835948,598.571808620527,0.674866172714946,1.9527279093797,-0.259909418501128,0.128997242045206,-0.0895313358905433,30.3633036666667,598.798944503502,0.701904914083696,1.99042736650334,2.57885357633726,90.080479,83.4222949999999,77.34518635,66.001667,15.7014805,29.4445778923077,552.303470758283,28.6571944375,520.634986670063,-0.263390198266074,0.130218881417148,-0.0849979927590536,"1098080"
"100%864",-1.15295899260472,78.3659184598987,5.99784043544001,44.6030052449656,0.0955205784040765,0.111013826419303,0.0754756273758518,9.33479918181818,70.0138281461021,7.46766687586619,59.14095558136,0.959302607934371,75.470814,34.2517230999996,12.05275155,10.2586035,8.571179,8.31732203076923,2.76382027189292,8.25889225,2.58509241039312,-0.00437356036082817,0.0206614024676792,-0.00675107731598863,"1098131"
"100%865",1.60915982886825,19.2861798354683,-1.7003632415617,6.55213872241203,0.0373479712992074,-0.158930626758618,-0.0172177975753237,94.281359530303,19.3239082727298,-1.6981969302949,6.55358787711435,1.51890343147385,98.862971,98.7882275,98.7101805,98.3372365,95.550298,94.2108732,19.2932898671005,94.139980890625,19.2680757519201,0.0398276270512552,-0.155706672884578,-0.0145694265317038,"1099054"
"100%866",2.07591790722131,22.4836369718796,-1.95037340314911,7.36947417457749,-0.00534895925555646,0.23423330780107,0.00708208424633949,94.2529173939394,22.2594041003293,-1.92971041681228,7.28018264977853,1.50409090709438,99.664374,99.3384276,98.89883985,98.285397,95.4950975,94.1696642153846,22.1444044162984,94.091644625,22.0947520638571,-0.0130346324369583,0.230064442641845,0.0047829619888541,"1099057"
"100%867",4.00289486773232,152.132778504114,0.175415997472479,1.81220392848859,0.0114167843684146,-0.11856885424067,-0.00186594317111406,80.5766928787879,155.878335321695,0.100104831259363,1.72742126983793,2.41001155720623,99.454947,99.24517965,99.00804685,98.6251005,78.418336,80.2862582,152.709211583001,79.991789921875,149.459041170562,0.0447067655702776,-0.072347927274047,0.0647203416262127,"1099344"
"100%868",1.8391067728642,187.049396341378,-0.173313238095212,2.01503941494303,0.0809595905515356,0.129907388560461,-0.131232272357817,81.2850351363636,189.224542035398,-0.292719477226072,2.11583396812568,2.46725279476392,99.715556,99.65273805,99.4654291,98.9642245,80.88738,81.0014886615385,186.829381012481,80.71059140625,184.248211237067,0.112092482916245,0.212484950519364,-0.0143646410885552,"1099345"
"100%869",5.02296396417176,128.207389777151,-0.363420038965653,2.42244924350431,-0.0479086616889223,0.0842998035010539,0.0120315516314143,84.4605436212121,118.828081738872,-0.285835292690011,2.17855002434803,2.38940340276654,99.88883,99.7841358,99.5523578,98.764712,85.5870145,84.2231853692308,116.937836047595,83.980926359375,114.95017692518,-0.0871991216543919,0.0138236561957812,-0.0311495482472956,"1099371"
"100%870",0.527678915420607,120.164485620574,0.129208933686332,2.35670848437662,0.125584953689827,-0.110454162927777,-0.277817178534212,79.5502841363636,127.166746904156,-0.0434042696846713,2.23174578496285,2.54307134378486,99.253906,99.0289228,98.72574185,94.428417,79.5716585,79.2471514923077,123.058458002094,78.939954203125,118.847185067099,0.183280470469182,-0.0417246230073324,-0.158152815742004,"1099393"
"100%871",2.10919131401452,163.063647675524,-0.265130942590021,2.14430267339092,-0.118036924635593,0.280693968786464,-0.104721332608445,80.8117947575758,164.033579297016,-0.412431089524887,2.34429111846962,2.62262265443605,100,99.5803275,99.29796845,98.199727,82.1568645,80.5165916,160.805609144644,80.222251625,157.686855430134,-0.0990783041708938,0.286803229499419,-0.075033752643657,"1099403"
"100%872",0.609562291961317,730.964745086665,0.845435397063648,2.16261961663233,0.110177070179124,-0.110974132115309,-0.20530278945146,27.4383003787879,724.699314917173,0.855742408843947,2.19409693481984,1.97502652594123,91.791612,88.4396465,79.11153905,67.4165815,7.5187065,26.4482494307692,671.155277088275,25.507835484375,624.157482905549,0.103596326400019,-0.116803889610922,-0.206701237730592,"1099548"
"100%873",-2.0238006653087,41.0474135303679,3.27580013836543,13.9817602624452,-0.105944053294356,0.325767305792372,0.0456895759417045,19.5484862424242,41.8982450545413,3.35911241171713,14.2949834132499,1.14994074102184,50.233477,47.76337755,40.63290615,21.8459995,17.6352505,19.0764094615385,27.834305294598,18.648957671875,16.3927392032039,-0.08691976639752,0.340889615596,0.0671690166542062,"1099742"
"100%874",0.115994464690662,25.9027600744251,3.30354302813974,18.0198399540541,0.262227256662027,0.358530658517602,0.0183923882640426,22.2964813787879,26.648652216478,3.10269554476071,16.4941327825554,1.51107851076262,51.236638,42.0516511499999,32.7028917,27.0505945,21.205404,21.8512482,13.975280970772,21.6128944375,10.5008311895764,0.288388461679456,0.379035282691181,0.0520276369586111,"1099788"
"100%875",2.63117744580922,291.530015404447,2.29007802502348,8.0783951053744,-0.0332254828281935,-0.0318924802983117,-0.0759119047081085,17.8892049090909,287.67282029249,2.31097926511805,8.20510060292655,1.96976118514001,90.954558,78.5562317999999,59.9911937,42.3348905,10.28523,16.7651225538462,208.703520658706,15.9039493125,163.759255314307,-0.0445098376531137,-0.0394448286224456,-0.082490544066776,"1099794"
"100%876",1.78635384496492,53.7721968206282,-0.661658027632455,3.60314051343073,0.0491030518504487,-0.0222161264416039,0.0613128219228455,58.3694843030303,51.0690219117045,-0.731416786643938,3.60010249973778,2.1130014042175,71.692465,70.37515355,69.421302,67.007365,59.323536,58.1645153692308,49.081889759572,57.984807296875,47.7496198545266,0.0172909947462858,-0.0501816587486813,0.0507386239755836,"1099815"
"100%877",0.256938705585396,163.472245695905,2.55233311886935,8.74693516861824,-0.0761612332232111,-0.052600941929965,0.113761246256252,16.9019207727273,160.175758020487,2.5551666559841,8.76053626683899,1.47952547612992,67.461736,65.26336125,52.11377915,37.405722,12.2596935,16.1240774615385,122.707346145334,15.37477209375,88.1298437060755,-0.096399477461973,-0.0711764062944561,0.103725048999343,"1099823"
"100%878",-2.13007286892348,175.582340635441,2.37265569516457,8.58343454774771,0.0435110754231923,0.0597138199114724,0.134299690933006,23.0051391060606,172.147854219871,2.38300582127502,8.5974129189206,1.63683798897897,79.018006,73.2261966,49.5466476999999,43.222118,17.421126,22.1434026923077,125.78536605834,21.393963203125,91.2428917864844,0.0298118169831059,0.0484513683825813,0.12779300551564,"1099836"
"100%879",-0.296064418532632,103.012815018375,0.854334529032715,6.11300821202011,0.522248336019029,0.215894083477974,0.0287925755562274,69.6401007878788,106.116455745859,1.54493551187458,4.72027553248905,2.1471785210548,98.890466,98.1245723,96.99032665,86.573143,67.040792,69.1900951692308,94.3836828537117,68.74443778125,82.9487449132812,0.565288495127217,0.392832024361552,0.226530565607228,"1099847"
"100%880",4.41063208823767,59.8270186924078,0.187553635463865,2.62648904537977,0.076292852223677,0.0543894341479144,0.0168399975406533,48.6851570606061,56.6151258035749,0.0819308884227751,2.66060846675497,2.27693743882978,65.931363,64.89551715,63.45719805,58.276373,48.7266285,48.4198308153846,52.839858656396,48.171113265625,49.6445541766045,0.035152651746359,0.0145383054901452,-0.00677287232555228,"1099872"
"100%881",-3.74741631796172,38.1824663211413,0.386059568776968,2.94012204298191,0.462515805409218,0.252163326111119,0.0586541457327313,40.1422355757576,34.4984299642751,0.54890341001677,3.04944295047423,1.98688264555168,57.445973,55.4398494,51.50248785,46.8926025,40.2110665,39.8760242307692,30.3518553474153,39.64971790625,27.4971571735875,0.401089859035243,0.177707068459829,-0.020609372634111,"1099882"
"100%882",-3.72655368819942,10.3367042247622,0.616814175685722,2.48472530354058,0.480233600541387,0.373667487976396,0.241661603200185,16.0580057424242,7.23139364404237,0.800448229007442,2.65349044982948,1.17265786692234,22.429516,22.33167605,22.22563055,19.8418965,15.164342,15.9599825076923,6.70848125382813,15.86124796875,6.17964817670944,0.267484684742609,0.130045234302702,-0.0371570761207813,"1099891"
"100%883",1.74916945961058,31.982610012487,0.402149701589061,2.54161050284304,0.114400782569554,0.0114505485732823,0.158407310964438,64.1140096818182,27.257567270671,0.387824672984303,2.8545235323668,1.84452227986969,79.538933,75.97417245,73.56216325,71.3664155,64.0073455,63.8767031692308,23.9601653189682,63.7176721875,22.6906374473107,-0.0293006015159281,-0.120249401046742,0.0520817537922375,"1099897"
"100%884",0.644017203590232,731.575032403193,1.01828759489872,2.60929081018135,-0.0819036587110066,-0.097983254329706,-0.122647091545462,28.6856552575758,715.813313269851,1.05398996411464,2.70226424326804,2.24037015739829,98.845053,95.71505795,81.08537785,74.491524,11.4935205,27.6062799076923,649.932450149918,26.56841434375,590.071924310387,-0.110129732413987,-0.119920904927888,-0.138793374784238,"1099974"
"100%885",-0.941104926019944,1035.20618666178,0.418433735178953,1.42105179486307,0.240480801021164,-0.155086717130858,-0.165526689224336,48.3205934393939,948.003860269142,0.416682420870568,1.37495190159751,2.6678954593141,99.388602,98.54294355,95.4186039,87.5208975,31.689763,47.5349317692308,921.849093884917,46.7450465,895.698267971264,0.257771906111877,-0.0910428560902514,-0.0547045735132305,"1101836"
"100%886",3.74082300792757,365.153937438641,1.15414107369196,3.12179986818079,0.168379483171683,0.132486720225986,0.108214963996537,48.5169889393939,357.817797084375,1.16695768152239,3.09651716180333,2.48825725478089,91.053674,89.97971865,88.18831065,85.810602,41.5125255,47.8625784,335.057978101677,47.213533765625,312.911428077802,0.159929876495719,0.130479057087227,0.109204719670445,"1101844"
"100%887",2.50528381856061,63.1304860245669,3.74983346594504,23.0105759527588,0.279343339086546,0.172860709752852,0.13849280412668,37.2145550151515,62.9683648850499,3.77243355868095,23.162152021065,1.78385238551206,86.584819,62.5411883499998,48.82000605,44.829513,35.1468325,36.4550124923077,25.8613892556792,36.24970615625,23.5256785071459,0.278273061410344,0.175226321586226,0.147461483545972,"1101847"
"100%888",2.979073214116,890.885990336667,0.894854469708811,2.12933521027328,0.197728520796545,-0.120791811358684,0.0552894335477401,33.9835835454545,852.834656113404,0.929266910429558,2.12055512778115,2.2921392049271,94.277118,89.2205522,84.2039673,82.570709,16.672525,33.0559907076923,809.166910088304,32.22096265625,776.487473023224,0.196489214605224,-0.0913960593188517,0.0863677561593013,"1101851"
"100%889",3.66110249871418,499.235066249247,0.930109456748379,3.02265896766324,0.259351282591916,-0.0794168671315828,-0.0416827973868189,49.7598965151515,867.912020569117,-0.320858789866534,1.40241605402046,2.73859437040154,91.887948,87.6451458,84.77833445,81.2262505,61.4723075,49.1117726461538,853.540252922,48.54538534375,846.025171912826,0.602090468854566,0.400644867934005,0.3318976590375,"1101874"
"100%890",-3.53957243376825,49.4507833287847,0.798049565855743,4.66681637470403,0.694430248206972,0.689144411334774,0.646112500933745,10.0981117878788,16.230147541607,3.71855231787537,21.8551124000177,1.17343191787261,34.232063,27.5264250999999,13.6115125,12.444946,9.6922165,9.72682023076923,7.38125237403479,9.50511903125,4.30174202094181,0.132036792637049,0.194482901773793,0.155115894614196,"1102004"
"100%891",3.2050620519525,326.745548966534,1.79411041668565,5.81300886155207,0.427933638356845,0.0826848836013742,-0.111661176088616,34.8392087727273,703.685967190276,0.914144962065352,2.18194504303512,2.43460190273627,87.488009,87.22236115,86.2641763,80.122848,19.4594975,34.0292272307692,671.21127865841,33.20031953125,637.0382365565,0.743455813557004,0.661948573846062,0.604663194720157,"1102194"
"100%892",1.64263408073459,271.061345380889,2.23880779993717,7.3051741346015,0.211349796047877,0.179735197482337,0.00184383786025934,19.9327750757576,265.94293115778,2.24198065703374,7.32093235375932,1.89746060811135,82.840915,77.250902,67.56963875,43.1259295,14.015476,18.9649575384615,208.214089025047,18.101271015625,162.980397533648,0.196647689541456,0.165747269687721,-0.0122302911873204,"1102204"
"100%893",-1.17297104606008,233.320234287694,2.28521009247429,7.83700403620315,0.173583555182266,-0.0339115619039501,0.105527745068489,21.6443897121212,222.372099496752,2.29893731994927,7.96959360678904,1.73087971779964,81.168406,78.8870919,54.0432471499999,44.749316,15.3665445,20.7286356153846,170.445241384248,19.839103484375,121.676066494474,0.137645787288343,-0.0589582737250835,0.0927466128832198,"1102205"
"100%894",1.50392731942991,12.1530821655555,0.866482911785996,3.33112019908515,0.377944602004701,0.0949490289748259,0.0290989319313226,35.1273899393939,12.169413364921,0.918558655512993,3.45890480289426,1.38424375379906,47.219647,43.47940205,40.9720092,39.7863605,33.9131015,34.9413552153846,10.0724464855398,34.839416640625,9.55438271531498,0.376523134703528,0.100752403781718,0.0522318633398926,"1102390"
"100%895",-3.00683731795873,180.895730808446,0.296489021101231,5.73464502393072,0.275635954252621,-0.120563314752513,-0.255306594400156,17.3874046666667,116.688290313101,2.06567863453818,6.14930672407748,1.83112624002854,52.264131,51.57695945,46.4804109,35.302511,13.010351,16.8508396461538,99.4819613777538,16.314025515625,82.3053553264775,0.192241962087276,-0.140473785523959,-0.183367590428647,"1102418"
"100%896",5.19248260134164,122.854584263585,1.93815684994039,7.0050261885293,0.650764808613229,0.327508720908357,0.0356384729856995,87.5720291212121,31.8573975302749,-0.225449821966599,1.71601443217663,1.88327244303653,95.861865,95.79121,95.17743935,93.991518,88.083404,87.4444931846154,31.273993940275,87.3146701875,30.6671394078904,0.596952665668804,0.50796948951384,0.332038446133894,"1102419"
"100%897",1.03233002068423,14.6547453336225,1.53960302192264,5.81500583215202,0.415708149586006,0.277919897600966,0.339584133405285,20.8725148939394,14.4384632625942,1.51761977245942,5.87728247488742,1.48771037497048,35.59237,33.6803287,29.70455295,25.701832,20.0218875,20.6460555846154,11.2758614271866,20.458481953125,9.16509539200455,0.406672157630604,0.271231840115297,0.335071635792706,"1102437"
"100%898",-2.1367549724702,22.7840611585923,3.44038539585547,16.5617877060195,0.0176163299624978,0.390046254674892,-0.00260991851318022,18.1490857121212,22.7344077437727,3.52707685076151,17.3507746004249,1.31592068783696,41.506609,41.3384878,27.11465425,21.525439,17.1760205,17.7897392,14.5615934218448,17.423204484375,6.05651796477162,0.0139149115040242,0.398491077764495,0.0125134452476176,"1102551"
"100%899",0.990976290727494,244.507732511801,0.491554798663074,1.89855784367138,0.399839152515652,0.206660337643403,0.102115295723579,66.1633943484848,235.644443831732,0.479996719309256,1.87292655819278,2.61374143714533,97.540855,96.8276243,96.04980105,87.6030905,62.54161,65.6806641846154,223.889867834382,65.199993671875,212.370277801118,0.382339897582468,0.19215133745929,0.0860526730764843,"1102592"
"100%900",7.65096710901942,101.929755379798,0.766217906819947,3.87375178585311,0.170121543299467,0.0108980116450022,-0.0911611909025994,50.0819826060606,93.6471160663562,1.22893344611214,5.84727265201535,2.33009336266182,90.096122,78.4832557999999,66.7542638,62.913827,48.355775,49.4663804615385,70.0760849064582,49.1106961875,62.9477890512342,0.0505820203591936,-0.0723695383842902,-0.0559651042789243,"1102632"
"100%901",3.40490172633666,122.796973772377,1.88566215406613,7.92434293382712,0.29468967086143,0.179566902336556,0.133902177473942,30.4318003939394,122.041003752509,2.10204073147294,8.68640918863574,2.20772718171538,78.634581,68.7431448999999,62.6032797,41.702979,28.1587505,29.6902191538462,87.6223371029509,29.16323840625,70.9403700782794,0.3120420440762,0.207658565730489,0.18804006096475,"1102634"
"100%902",0.347410443555702,216.893265472687,1.68675666755972,5.41940879691645,0.151641582787794,-0.144137731249884,0.082828497009799,35.2175333787879,276.415708403728,0.926554668751138,4.68685171670952,2.64783347907229,89.073606,88.3206889,74.6523448,56.410045,33.397902,34.3889784153846,235.359038156693,33.552630078125,193.570417947491,0.331442853382199,0.08563007392103,0.275262054470453,"1102640"
"100%903",-0.885588926667184,72.8161969994457,0.957653844878444,4.61663681412535,0.102971811406833,-0.030836631618557,0.0134701886568939,49.9877573484848,72.2358722129115,0.959437985156877,4.60411021025147,2.2358886922267,82.466057,71.8347336999999,66.05845035,59.3213435,49.487222,49.4880912,56.8692201677283,49.228371140625,53.3732586321351,0.0946093892224541,-0.036354513287828,0.0134316050004923,"1102675"
"100%904",-5.98629491870477,3.89420705367235,0.436770428704549,2.80194153987513,0.729730015898279,0.732696146168373,0.694303821468843,2.59552854545455,1.12803605617049,3.17307233812669,18.14504375052,0.381696166180883,8.693861,6.78008874999998,4.52370175,3.12963,2.4762415,2.50170804615385,0.564439575158506,2.450959796875,0.405858931203943,0.170749468046071,0.293077717963358,0.225561186929488,"1103217"
"100%905",-5.35636201221982,2.37196779582327,0.462237196028336,2.5082828106423,0.670144264593763,0.618686828700903,0.559141343987956,2.66289212121212,0.824720581165955,2.86462317700295,14.2725949555188,0.556059532851711,7.049312,6.8002073,3.75168679999999,3.325391,2.509159,2.59540873846154,0.536844131574501,2.53180459375,0.282275651538741,0.14175190883024,0.0966047674265727,0.00559249396210618,"1103237"
"100%906",1.01288140344761,277.784063015407,2.02350872893766,7.29474986039089,-0.0872460208641013,-0.0801013129813656,-0.187110110727505,39.0912977575758,275.392795544119,2.03351175742341,7.36072973140186,2.19026333525326,97.250838,96.39120975,94.3817064,51.872082,34.978289,38.1965356,226.790052753704,37.294476265625,177.442429550331,-0.095897784921109,-0.0891565905282113,-0.193050550488634,"1104"
"100%907",-4.92433518892293,28.2827889493845,0.408185598676238,2.65985282964717,0.618270862321847,0.584521027028331,0.568025294459058,8.54497440909091,9.83347074780027,1.65645833530344,5.27687479662872,1.1886826579297,18.608147,18.1461166,17.65169235,13.634301,7.817405,8.39015636923077,8.40282563238608,8.241606765625,7.09976577534909,0.0691404348028438,-0.0242968421457182,0.0290741070351481,"1104038"
"100%908",-0.00100936183895716,580.823618842249,-0.0362830406260212,3.10247247910486,0.247425871739478,-0.144987867445637,-0.0752992133717471,54.1419446212121,500.76883478257,0.252936261804271,2.92333965059406,2.8352043299818,99.472544,99.35024715,99.21281535,92.047901,53.1572275,53.4445507846154,476.373331922976,52.72830321875,450.470977819746,0.202093024667003,-0.179478715503301,-0.0662165230895184,"1104179"
"100%909",-0.35213631044144,438.584496277343,0.218118886644943,3.12722176897548,-0.0551309253197344,-0.0706296949387203,-0.0514121474455149,52.9464695606061,428.031084449536,0.236720494650927,3.17888466124986,2.96018227994661,99.525163,99.39462025,99.3030309,85.442486,53.272338,52.2298742769231,400.72459721707,51.4940234375,371.78994928641,-0.0633104402640782,-0.0806733544698853,-0.0600369481487585,"1104193"
"100%910",-6.41752341916257,6.51725144514091,1.07357285837178,4.76757571305909,0.766113802002789,0.674007928445933,0.701046181032816,3.60109683333333,1.77201698710093,1.97539583710146,11.0916157971972,0.75906399409486,10.269112,8.29999939999998,5.5041169,4.900028,3.496453,3.49851198461538,1.10471780859451,3.440055796875,0.899865841819756,0.313556908456413,0.125553225992621,0.227940000809184,"1105663"
"100%911",-2.83097723459757,288.288989035308,3.59379171364385,15.6697732019497,0.751311644875299,0.61927033627863,0.353507214584475,11.0668622878788,236.611117976282,3.89790760952042,17.5809903821636,1.04602869821158,91.665689,78.4051761499999,64.6876624,9.3844255,6.992033,9.82688033846154,138.772643519951,8.86691128125,81.0408276727157,0.701054878723794,0.55030170049143,0.235023917498442,"1107614"
"100%912",1.95745435823077,62.2860785485065,3.50765060355776,16.9835894989956,0.380681582509385,0.0347726135562689,-0.134984488503547,11.7548765757576,61.4203493897841,3.64613208830878,17.806040056822,1.20979656659047,55.479934,42.7831355999999,35.2567702,13.707511,10.1769585,11.0821833846154,32.4992133009363,10.69368003125,23.1962478963138,0.375816495886414,0.0326468454930082,-0.132073508077012,"1107615"
"100%913",-2.53098722442907,460.949440722464,3.34878769706178,12.768035200622,-0.0250509591553525,-0.0504804173634833,-0.0632058523878858,10.6596788787879,455.8134177982,3.36922553650204,12.8489508986455,1.21358542890087,96.64315,95.067875,88.7136362,8.318423,4.64929,9.33685624615385,347.33519056919,8.01056259375,238.423737515395,-0.0337549503462749,-0.0591602454280373,-0.0678213273657624,"1107631"
"100%914",0.780013144780166,245.943756355929,2.57206656179835,9.24553641911915,0.00974943735907131,-0.121399981664874,-0.0578428673150391,27.6430288333333,241.821274581418,2.54500633800184,9.09538814129832,2.19448216890929,86.131915,84.97616235,77.31751175,38.19919,24.3393575,26.7431998153846,192.101912620862,25.84303365625,142.434062592237,-0.00779340680984643,-0.141800679700505,-0.0753303670087594,"1108"
"100%915",-2.47607600390893,72.2715311661382,2.25311509800176,12.9811844021553,0.529537581187247,0.294294501386482,0.234633751052284,12.5891609090909,46.9185579766469,4.1276344496604,25.3365400271888,1.45179178723621,56.105815,35.7324548499998,24.72731615,15.6704275,11.312599,11.9196739230769,18.0583355323403,11.719009703125,15.7231986290538,0.316605662000179,-0.0113100387594257,-0.0780759840372861,"1108201"
"100%916",-5.64223656764038,6.75708838412718,0.00373593647678212,2.28485967561888,0.845305166551669,0.818604033424963,0.768023397506321,3.80357981818182,1.57023215190245,0.405324473212019,2.26808399472468,0.777309826056304,6.789465,6.5732672,6.2294553,5.5285215,3.588596,3.75764312307692,1.45511769245146,3.71546796875,1.36223556963353,0.451884787408191,0.457314496898299,0.395363471373174,"1109272"
"100%917",0.757348541036116,145.845652968031,-2.10664077505817,7.38647177511728,-0.0142016024139295,0.0319788246829177,0.0144322531983305,89.3548839242424,144.770636035928,-2.10627982623162,7.39182199799355,2.06300494687404,99.710971,99.6734712,99.6073161,99.263361,93.449375,89.1955595076923,145.322514789531,89.032157640625,145.857668022647,-0.0212709565404044,0.027302012171141,0.0121939169859433,"1110396"
"100%918",0.346663779154121,60.3033935568684,2.06513463914893,7.93521585306081,0.447626701166225,0.216602709909672,0.17448482997441,12.6063172575758,50.9370558041455,2.5891692316432,9.86409092688508,1.56947319628797,42.487336,41.31828695,31.86721585,18.4801145,10.6965025,12.1466092769231,37.7728286031165,11.7006375625,25.4351289957854,0.355555904118056,0.0978514279495297,0.0659336209225752,"1110595"
"100%919",-2.51366893287025,94.4041517491543,6.84021507279443,52.7367055978902,0.0908368599065952,0.0365011385860095,0.0816082758664462,6.55743137878788,87.3681132824076,7.19563590447435,56.2855886070625,1.17590568626917,79.527286,35.0631454999996,10.31141245,9.321915,4.69107,5.43481823076923,5.53505961525058,5.345972953125,5.10846850335964,0.0200851251017378,-0.0269006062520661,0.0252337485917765,"1110622"
"100%920",-1.07083332171218,93.7691738844785,2.65246455320172,11.1019786578735,-0.1923080324977,-0.0262836908056444,0.0463786702410129,28.8027866666667,93.1639795863694,2.64137194926274,11.0844708681215,1.54260092373588,73.885456,67.86877,49.00432895,43.7032755,26.6351695,28.1092071384615,62.8478024916195,27.538585125,42.6651830595025,-0.20044607212905,-0.031944806381622,0.0444243222461776,"1110687"
"100%921",3.70082998183755,239.309251729291,2.87478120742619,10.7804036382871,-0.0932214770357454,-0.0969598878772438,-0.00155441665738817,37.494937530303,237.149366795236,2.87007337944074,10.7254573343452,1.73456970155905,98.336029,96.6796028,92.8951742,45.0601565,34.013471,36.5589207384615,182.973407907876,35.633471359375,130.162691445079,-0.0974291221727119,-0.0997926228111757,0.00248341793448519,"1110693"
"100%922",-0.903559977152218,378.277976538762,0.32380245763819,2.4977841232056,-0.0654434362022668,-0.0776855769752418,0.0969170296166426,58.3911695454545,353.81683186493,0.291690325067063,2.42148827542028,3.00123798486808,97.895545,97.8409398,97.18553545,82.2315105,57.896892,57.7834099230769,334.881631672664,57.1579704375,314.687811409833,-0.103928022340022,-0.150791421994544,0.0492031662554717,"1110732"
"100%923",-0.221808501563505,416.71186749452,0.208988478959739,2.28725659765929,0.00887231695333617,-0.182238885276158,-0.00938913406112213,55.0771003636364,403.073662810087,0.226334012393751,2.34571299839177,2.94571315189335,98.364042,98.19603715,97.4743322,81.028121,57.1336505,54.4111474153846,380.004236351266,53.728422015625,355.644394398254,-0.0143105094994574,-0.198757913224647,-0.005574445311693,"1110734"
"100%924",0.835762077721718,415.169185541904,-0.100203765846432,2.26638494396562,-0.253032194826142,0.167365169836701,-0.250943482097288,57.3713541969697,424.850025168583,-0.128799878383523,2.33948778057283,2.99226117255283,97.907452,97.7783542,97.31199745,81.877527,59.7810485,56.7477219230769,405.717643341261,56.107704453125,385.431527998631,-0.207769515254504,0.189396029045832,-0.226092005254624,"1110739"
"100%925",0.945777238480094,246.704229237413,2.32444383243937,7.66286315349802,-0.0354332198779893,-0.0651491308425379,0.0241515899442452,37.0568516666667,246.346065112408,2.34892694510202,7.76846560763456,1.92924945696564,92.969362,89.05351565,86.29491985,49.444967,31.7252365,36.1966592,201.30055331481,35.403716640625,163.576610799923,-0.0388769891225485,-0.0680729691241884,0.0252097629346126,"1110791"
"100%926",-1.50129915091649,82.4150787502314,3.1423087883249,20.2429542204946,0.033474220599514,-0.113006587327741,-0.0101691739384544,18.5603721818182,83.7409629506833,3.13256861274683,20.1994369810708,2.10934121379611,73.3809,46.4467037499998,30.78758105,25.944586,17.2848035,17.7169794461538,38.0827392239063,17.494687328125,35.4658859513261,0.050081071591238,-0.0961389768573107,0.0051403847590151,"1110795"
"100%927",3.65409578164563,288.506238779117,2.41622300043963,8.79329138110811,-0.148277838782456,0.0837201838498788,-0.0716579372337349,36.1536996060606,287.850262307533,2.40474524694094,8.73289041325343,2.13861597213267,98.78084,95.36967055,93.06692435,51.9666575,31.5536555,35.1902051384615,231.00950300129,34.278600734375,180.602558164937,-0.149827126969101,0.084783438174321,-0.0705463504091015,"1110801"
"100%928",-0.267559711152782,120.375364830101,3.08010819630577,18.8584436567237,-0.321897456214987,-0.0121842576406513,-0.0550674662076233,30.3469086212121,119.852083412195,3.05583843895257,18.7260154177463,1.78664875561553,94.272041,67.2115737999998,48.13731265,41.264917,29.1193255,29.3634450461538,57.8607217897534,28.999740234375,50.1665182104977,-0.327663087373696,-0.0131742981340796,-0.0566834244935293,"1110819"
"100%929",-3.37957480715933,65.8744643637095,2.27676552824182,10.025882354051,-0.0178668851057885,-0.0447867626648606,-0.0439678570511347,10.4096465757576,60.9422893787741,2.6543398975619,11.4335204630338,1.67154124870193,49.228267,39.4616412999999,26.65085685,20.60255,7.259508,9.81243703076923,38.3403531802622,9.43133934375,29.4991171403623,-0.0928944161850844,-0.114604484811862,-0.0974959547109401,"1110833"
"100%930",1.84766414039582,156.963824863135,3.56602263676916,18.4812577371227,-0.0460235148145268,-0.0756529670096685,-0.0557250325331206,34.9969959242424,156.536204439956,3.54641057547902,18.3568754683206,1.95624527219922,97.693037,96.5731039,52.9373496499999,38.924385,34.628062,34.0324414461538,97.540341219784,33.064666109375,38.1861173903115,-0.0516115069390474,-0.0783070351877469,-0.0556696826173635,"1110838"
"100%931",1.04626756321202,217.419003648228,2.5823066411074,11.1698896318462,7.47397528965055e-05,-0.127254259557123,-0.0272585800618905,23.1997459848485,215.831397473375,2.58208753364386,11.2328728556023,2.26963154391615,91.223428,83.3789666999999,64.05232975,36.8639915,18.5136765,22.1532278,146.868659971002,21.262574703125,97.601391749802,-0.00889380411553302,-0.131690530844381,-0.0265524473045526,"1110851"
"100%932",0.482369047444227,104.039256180165,3.86377333259627,25.2738596683129,-0.0625830148958754,0.0835683532528607,-0.0370558539346662,20.7675494393939,102.92004890985,3.79885610872058,24.6910111876685,2.06453636163792,84.793658,57.2067499499998,33.1419958,27.4386315,19.311125,19.7825323846154,40.466366796189,19.429880375,33.0150301848044,-0.0750517655729603,0.0740197053145686,-0.0457701496425746,"1110862"
"100%933",-0.276852879236878,119.903429972893,3.2132061151704,22.780603764914,-0.0315579364403309,-0.0126963436182034,-0.0314558276453271,30.9837118030303,119.256929151231,3.19606443359988,22.6672757606733,1.91223259321636,97.972765,66.5025944499997,48.13369405,39.0155345,30.8314605,29.9531109846154,50.990540041618,29.646798375,45.6884852671581,-0.0358829752890419,-0.01165532138288,-0.0275785854540858,"1110880"
"100%934",-5.28591230316855,394.803872522438,1.91302943767743,6.60912318033305,0.0386801919389076,-0.031601302965255,0.0767075765692755,26.0583185909091,365.565533975575,2.03043640492624,6.6970261783716,1.93119003507752,99.20947,95.738184,62.6665621499999,56.72845,17.1440935,24.9329162615385,287.598612518774,23.855789484375,216.679204724014,-0.0342384970068214,-0.114412488508103,-0.00166958818238719,"1110914"
"100%935",-0.361667915297659,205.271926182911,2.91016124689932,13.3103551658595,-0.0671344845396827,-0.149982227567613,0.265449966273544,32.4046941363636,203.886001145094,2.92202330402926,13.3368606160844,1.67804395125502,99.232371,93.2794539,79.10516505,43.372238,29.5526905,31.3765760307692,137.258937477651,30.459428203125,84.7281994218246,-0.0717391692451654,-0.154617059429342,0.2649845413497,"1110941"
"100%936",0.347125992296587,86.663639889569,2.6408148718607,13.2190689684211,0.293315678407914,0.275566812077302,0.020717313927966,17.0502188030303,79.6118070847094,2.91028701898397,13.5236872974167,1.77141149666578,64.109793,47.8315160499999,37.84142555,29.035293,14.8479215,16.3262253538462,46.2416141623188,15.97091184375,38.7580395039098,0.241298965064906,0.233555727726864,-0.0326779615305635,"1110963"
"100%937",1.4411391722499,215.491378746229,2.35249032014807,8.85465934685685,0.166593610148738,0.0126867301791037,0.0408858755290152,22.2843498181818,200.831668038648,2.47808006852257,9.26970171387989,2.11778480632612,83.505095,75.7411251499999,64.87730925,40.388773,17.5476135,21.3424922,145.373064995283,20.557835421875,107.624912271096,0.110224340517073,-0.0528003810620931,-0.020675934644387,"1110968"
"100%938",-1.50749850841983,178.066225151015,1.43291486355928,5.9100232381371,0.445792145066522,0.302106400898173,0.219565867444799,37.8724027727273,137.664652006104,2.03429861852023,8.15643064059605,2.29958399852139,85.625867,81.4362842,72.5340353,46.204797,35.703647,37.1377340923077,104.159857109972,36.480818140625,77.7373479849285,0.291471956206487,0.121100946395293,0.0318437579261616,"1110976"
"100%939",5.75589776030497,395.639811900559,1.20542328709059,3.67144529001878,0.41698627610609,0.488436092258156,0.139334548193352,36.3512176060606,367.76212082546,1.2461083960957,3.83301379511305,2.7275199378123,93.115725,90.03874265,87.7501959,65.123948,28.2533085,35.4779174923077,323.084895754454,34.651292671875,283.718038656517,0.381526499312854,0.46868162226843,0.104250404009703,"1113179"
"100%940",-3.24912953930942,16.8594878242584,1.3069655392807,5.00442399593598,0.51345364648589,0.462339118475297,0.577783804742536,6.35449678787879,9.92331291550359,2.54324196239101,9.80303540687338,1.06069654392467,19.507364,18.64942835,15.94176275,8.612017,5.620031,6.15214498461538,7.37352661730903,5.964093140625,5.19011072887253,0.185473032694624,0.127091051655439,0.337994385785012,"1114415"
"100%941",2.14528755532991,266.422084037605,1.70677068766726,5.13978115808426,0.180521865155089,-0.216336867089718,-0.275116496062269,18.1037132272727,262.264396660102,1.70950587959221,5.01627330772352,1.89153356995502,75.552199,69.0974,53.2542761,46.1524695,10.338118,17.2198903692308,214.743805801563,16.463611484375,180.921923908098,0.161522701943497,-0.236824460163273,-0.291390174058627,"1114514"
"100%942",-3.40020327212029,164.260414289512,2.28060550336118,9.07736207831111,-0.163911371360126,-0.0420556531891814,-0.246715556814005,16.6176893030303,160.723461423206,2.3026401906019,9.10849634881328,1.8463955930566,76.318164,54.9570748999998,43.38471365,37.4826225,10.300393,15.6992204615385,107.519519216256,15.2655371875,96.9742348622634,-0.180454076796265,-0.0577278942458555,-0.265341306201596,"1114524"
"100%943",4.32348812865142,480.669195348305,0.555663676514424,2.39338793991035,-0.0712743288847674,-0.293639049885256,0.334718120619059,49.7255403181818,479.731516209622,0.545715499593307,2.35661876718716,2.86884579273541,97.882667,97.8006617,97.2661112,75.185168,46.033124,48.9846614461538,450.884501875235,48.222601390625,420.181762881915,-0.0718448382524759,-0.292633734316951,0.337330156843421,"1114530"
"100%944",1.94800853257444,277.061449920329,2.55044903937553,10.2100626340838,-0.0377081633441635,-0.154450565206634,-0.131971742090721,35.1164888030303,276.330569316057,2.5385146485831,10.2042644700038,1.85888141912339,96.912662,96.14594345,93.86793245,42.30703,32.1318965,34.1657784461538,220.927696787633,33.203789125,164.227167539028,-0.0408150541565088,-0.155873155899493,-0.131338750784302,"1114531"
"100%945",0.815189222950012,154.430343969276,3.25523239840279,16.2479204295237,0.0313510676896347,-0.0188673850727006,-0.0549880749431167,32.9133351212121,152.444021025024,3.26481194174781,16.2330820854012,1.97752994770536,98.547031,87.0886164999999,62.4117234499999,42.4281345,30.834812,31.9035859538462,87.4961505104251,31.13772478125,50.7379610422773,0.0244587312628524,-0.0254478654091918,-0.0624602206890088,"1114542"
"100%946",1.71921635466519,214.059619351983,1.96630630709115,7.69776013965458,-0.0386990538671298,0.0602255282413699,-0.201914472486749,35.7315506212121,213.40559773875,1.93651556983448,7.61259828096276,2.02791868851535,91.975794,84.9865350999999,80.2588513,48.6035985,33.238874,34.8662545692308,167.272101780966,34.141929046875,135.783643319457,-0.0410498481047141,0.0603257451887821,-0.19959632458835,"1114546"
"100%947",3.28916810939728,260.770930402789,1.4620633075677,3.91527443942101,-0.0964309803503035,-0.184152033835156,-0.00694116734063204,59.338109,257.6646742392,1.45502800535756,3.88511886286805,2.32999024002653,98.676219,98.6207324,98.16795965,92.0237695,54.026075,58.7329073076923,237.454986318014,58.110126875,215.954615101846,-0.106303727673235,-0.191373341128383,-0.00669639335370311,"1114633"
"100%948",-1.51980437766098,132.408917684125,3.9516306858379,25.0870442613108,0.0415631206590221,0.363008526620686,-0.147933254677667,28.4224860454545,131.064950494916,3.97638301779805,25.1922999705063,1.6167642807088,100,77.2443046999998,45.6611861499999,31.6968255,27.8301295,27.3212935230769,53.0480862402179,26.732700640625,31.3582598049722,0.0354251276788966,0.361311342598383,-0.149611364187878,"1114638"
"100%949",2.15836868835068,285.59292762043,2.39605351162667,8.96538563714596,-0.118565307586524,0.136760702914244,-0.0652576343180312,34.2350550757576,282.68394529907,2.4004238661181,8.97341711791536,2.01284020542716,98.616073,96.91359365,83.3361176,45.1455245,30.9697715,33.2445778769231,222.283953699774,32.26407325,163.266834454191,-0.128676058196275,0.131513624325839,-0.0731158041617145,"1114644"
"100%950",2.89420890449527,102.668860755641,2.47993919232401,10.7508403727581,-0.0930198432350811,-0.173817100621977,-0.0391353321514319,35.4555500909091,101.672607783735,2.47410563729151,10.7093389503997,1.82670988282781,80.309419,75.09753895,67.77988935,44.594561,33.7998265,34.7654905692308,71.8087802813501,34.179152265625,50.5842730653523,-0.102540825496472,-0.183247561696564,-0.0441008480948936,"1114663"
"100%951",-1.49199366285582,90.3385351230443,0.760018223074396,4.46772435722663,0.432096743872008,0.429232876886106,0.327333782004035,30.9589875909091,59.0985163500094,1.57029440650996,7.79815631345237,2.08242684234764,62.797918,60.11963005,43.5862490499999,37.6774105,29.7721345,30.4691578923077,44.1721374741479,30.0284029375,32.2351066599919,0.151031005936997,0.180957852765821,0.0614687312527434,"1114694"
"100%952",1.06104367032909,179.260221680844,3.59585513878232,17.6083996469173,0.130695377205867,0.0562853818480882,0.414948984096852,21.953033,161.766381794317,3.82987947347627,18.6926473126668,1.74482331317541,89.193166,83.0508857,46.7462495999999,27.4066195,18.809701,20.9185694153846,93.6275114392929,19.9994298125,40.1772966821241,0.0396052091587221,-0.0373544962536324,0.368392124100756,"1114709"
"100%953",2.51490592688359,263.53147395557,2.14487328139697,7.82577652821939,-0.000176245271360913,0.224864477844045,-0.114107485907903,34.8725468333333,262.943406622283,2.15019417707969,7.84673457010687,1.91716160155079,93.568645,92.66236495,87.38456585,51.3558425,29.796169,33.9695299384615,213.16968198111,33.06007934375,162.738933287689,-0.00274369682117563,0.22437149365705,-0.108817519700333,"1114751"
"100%954",-0.46686754548976,191.645033394846,2.87114965404263,14.2722582537644,-0.0962706207309401,-0.0930320589888927,-0.0676804852297638,31.3744245151515,190.243288636949,2.87062461396951,14.2103989724213,1.78754328441035,99.282374,92.6815511999999,53.2807210499999,44.118617,28.5840785,30.3296868307692,121.132637737014,29.41097471875,68.1632587915508,-0.104035490463882,-0.0944660239888666,-0.0683723292188965,"1114781"
"100%955",0.408607295494163,231.080435091472,1.66187466031878,6.8707220234049,-0.137475951225873,0.03894753077769,-0.00250440026804342,34.8996537272727,229.306279239696,1.66094246852841,6.85536342722574,2.03148604156402,83.61189,82.5290433,80.46718585,46.910269,32.2168165,34.1502347076923,195.76656293509,33.4034263125,162.57343483752,-0.142971178271636,0.0339068866718327,-0.00403725941651725,"1114809"
"100%956",1.45823814607434,251.142140975285,2.23671909772799,9.57558612280929,0.0987641801341063,-0.176085529323207,-0.03096439349806,34.5742251515152,248.206413671559,2.25332479099218,9.64303685554825,1.82135291339735,99.369593,94.4216058,83.09452385,47.121682,32.089213,33.5773733384615,186.439880427465,32.66831190625,135.637478869402,0.0891594591625293,-0.184755889077624,-0.0366688230583141,"1114815"
"100%957",1.32643038175311,626.224877180447,1.36972436302133,3.40434229627747,0.0178035304084367,-0.0193494882955967,0.00335280100060914,32.7648842424242,610.166084236147,1.3863702832769,3.4423015561718,2.48222815521681,99.136849,94.2075753,87.03952005,79.734708,20.1325865,31.7437770923077,550.737707169594,30.8092525,502.576129958308,-0.00170523401730524,-0.0427030387984817,-0.00819474040749096,"1114852"
"100%958",-0.650681806992395,291.349251841144,1.27843698727381,3.54689145676969,0.0109779132741808,-0.161676808317281,-0.0943641724471355,22.3568320909091,283.338637822539,1.28747896017591,3.4537704338627,2.26551741246353,71.356321,68.6287728,61.93549295,50.373219,13.077177,21.6029938,250.191730645551,20.891164125,221.165379833198,-0.0166506534242992,-0.196453695275343,-0.11876409734173,"1114878"
"100%959",1.81970932266951,98.3122699562556,2.44172418099495,8.23333811292436,-0.0274095100992704,-0.09877680989093,0.054679200804457,61.5151238787879,97.9461698949846,2.43676750488423,8.23601438366299,1.60812380086034,97.837597,97.6593319,92.09934295,75.6259765,58.3844995,60.9563166,78.8435061086784,60.3843318125,58.8096070780842,-0.0318479480702468,-0.101012192809578,0.0557798335444766,"1114903"
"100%960",1.34193943059884,101.739204321339,1.68747709593385,9.99282925403448,-0.0594982234642044,-0.0828739610729444,-0.175099704789327,32.3978133939394,101.25536082247,1.6743077986903,9.89414658614406,1.98734213196599,75.54653,72.00253695,55.7160362,38.300892,32.436238,31.7339869846154,73.7292124910981,31.134608140625,51.5296565257602,-0.064890620281834,-0.0825708867524783,-0.173875155194116,"1115003"
"100%961",0.158512503029633,314.546192399781,1.50904988522972,4.7064438979271,0.0720609229325642,0.00324945626542728,0.0240091559283444,21.7305103939394,291.42183502429,1.62684331925918,5.0198252250128,1.97118048795974,81.555338,77.57950315,62.0475697,45.172038,12.0586855,20.8101284307692,239.996452634306,19.956557484375,196.388478772375,0.00762653110426041,-0.0594429973538257,-0.0311204197369337,"1115012"
"100%962",2.75829642529889,269.603068074211,2.46939290418552,9.6731042599334,-0.115546395367464,-0.0694990281498321,0.102045612169632,37.8604436969697,267.592371142992,2.46168209187816,9.6387523813023,1.93466303252611,98.132289,97.36510635,96.73726715,45.361629,36.0664415,36.9331845384615,214.961746748425,35.995390421875,161.155766709588,-0.123007330671512,-0.0760194408191012,0.103757582219688,"1115022"
"100%963",2.87759344220238,272.696877229724,2.41259185939237,9.27595311274549,0.00692084162095009,-0.0281955026566703,0.0509540916208686,33.7050061515151,275.444678501173,2.414207254206,9.26657477718469,1.8123761010821,98.272623,95.5060891,88.3528514,47.4763175,30.2030825,32.7116582,214.557438856216,31.75377134375,158.269328928871,0.0200256506526456,-0.0119355193555835,0.0649347695365213,"1115045"
"100%964",-0.287918500512709,33.3104166010077,-1.46065543341753,12.4902310412801,-0.213168428720603,0.13206987431017,0.0444772464010115,78.9237209393939,31.9769824632593,-1.32032868157667,12.3794775419262,1.69181834453902,97.617596,93.03725465,88.0150332,83.232603,79.345414,78.6361228615385,27.0099008501302,78.449641703125,25.1715410921037,-0.26312717564359,0.0950310445528772,0.00908492170611189,"1116190"
"100%965",-0.681197858690055,82.8512461779281,2.69237744478902,11.3660295902355,0.172865085291702,0.0570602139768077,0.0855249736884135,54.5118194393939,80.2065117480479,2.78652787271737,11.9117698028144,1.49750703275753,98.755584,87.1928139499999,80.7527119,60.7361025,49.930096,53.8311461384615,50.8615926708873,53.407153,39.9712432613097,0.128989395395137,0.00088958481143022,0.0299463781890321,"1116207"
"100%966",-1.32007149712993,311.634094274356,3.66588724324131,16.1963715069709,0.310548936252535,-0.00267148624120586,-0.0134258577134065,20.0918982878788,304.646406024475,3.63886936092684,16.0272571716315,1.71524531446391,99.78955,99.06350585,86.74498505,23.682288,16.853561,18.8657805692308,210.111206250614,17.61879965625,112.321703021287,0.299427007552481,-0.0150490092410611,-0.0265009549729055,"1116308"
"100%967",5.09036317606043,1378.88983096279,0.848998754072041,1.88686605762276,0.0330889855776573,0.156097777894753,-0.106891959941953,35.5734332727273,1373.63924437821,0.844728963895304,1.87060936906654,1.81111235073754,99.605014,99.3080329,99.07893245,98.6233705,9.4192905,34.5883320307692,1330.72414167431,33.57958534375,1285.37466428077,0.0323002935680621,0.159453004241025,-0.10018719030328,"1116315"
"100%968",8.80707828468297,215.587131593735,2.14577101659177,10.2482853902333,0.4845719296014,0.308688090316383,0.303786142436415,28.2338782424242,230.406114716059,1.7157178322165,8.22611138186481,2.51787164321989,97.508248,80.9867852499999,55.5864358999999,42.6249765,26.855253,27.1681187076923,158.985160705675,26.466204734375,129.444894155725,0.513952896671931,0.347923513980556,0.350998296465237,"1116505"
"100%969",3.14340507437537,173.631120876303,2.93551766315639,13.3549531350579,-0.0545697829476451,-0.0297420035256927,-0.0980949529225475,38.4254820909091,171.078495532243,2.92948173994173,13.3102443081449,1.7041347993774,97.889155,92.05303835,87.5608015,44.698854,35.9541935,37.5106563538462,118.474667859864,36.707533578125,78.4004320078415,-0.0688012808358685,-0.0425080272727197,-0.10826357705156,"1116518"
"100%970",-2.7334010683711,141.92523801528,1.04252665574766,4.25918512754269,0.0536051038759591,-0.200881262472964,0.053956292934065,46.1124073939394,137.223188590453,1.03998971312177,4.1644164341966,2.50227940012131,85.509108,81.3019674,69.5227805,62.7272105,45.2955205,45.5063043076923,115.088491792324,44.9823936875,99.0453975098101,0.0220611004608029,-0.238513942256924,0.0349467423073729,"1116744"
"100%971",-2.53898550821404,88.9165345764337,2.59016576766448,11.1157961450853,-0.04562483713405,-0.12254902478005,-0.17553436707858,11.6582967272727,86.0477255816634,2.73892446989526,11.5169418732563,1.65506797296577,57.923088,42.8703652499999,32.91116505,24.7263005,8.484931,10.9465307076923,53.9352195469209,10.574366296875,45.7750446882069,-0.0742997622136095,-0.151223243394412,-0.193942898423484,"1116773"
"100%972",-2.18019005344673,62.3238914343674,1.79009281787945,6.43504929056401,0.0603068717122602,-0.048052235353711,0.106433020484839,14.7996696818182,54.7712462690105,2.65414998968407,8.90071988152804,1.25121986248343,43.083708,40.93771935,38.43456925,18.996131,13.033973,14.3645306307692,43.1170452396416,13.96737975,33.5383756352856,-0.0493204193386956,-0.159629779996482,0.0199675703861508,"1116801"
"100%973",0.621139805644649,232.686828623066,-0.292249226511792,2.41685595653089,0.0885157729940868,0.094911432094767,0.00778474434083172,76.4526753787879,231.305079630849,-0.32092908761267,2.42196206098814,2.59510588627104,99.736389,99.61731225,99.4450612,98.3219905,77.525066,76.0944644,226.394822366083,75.72792175,221.199263038066,0.083963564312883,0.091450831202992,0.00825325629333534,"1116803"
"100%974",0.825828601133544,215.759552800963,0.58607026261808,2.89471924008636,0.290533632712464,0.215324926363522,0.1589866946356,45.0662376818182,334.55128394668,0.35970858440938,2.61942848961529,2.93822460481718,96.278746,85.4004382999999,77.66301755,71.318441,44.7296045,44.2783529384615,298.727910434895,43.727344578125,283.66087017999,0.598644790526768,0.527551203382261,0.474211087097669,"1116836"
"100%975",-0.107689505176693,210.786643444411,2.2354476244009,10.0334701689008,-0.0113347888044864,0.115821521822947,0.0418467131471373,19.7667888636364,206.454828429968,2.27005577946677,10.2454192355363,2.33933072850845,88.38448,70.8717405999999,60.9159562,32.293749,15.510741,18.7111320769231,136.079913971628,18.043465328125,109.230534943146,-0.0322163209219082,0.104033650350626,0.0352233616562189,"1116837"
"100%976",-3.08102617674713,98.8336011638108,1.51153200855277,4.26490411780354,0.0820484699309631,-0.0575243010815127,-0.122774053574412,11.2047352727273,91.0229078511823,1.61379988715815,4.3089532389931,1.81838205444475,38.096897,38.0396476,35.96889455,28.821262,7.0611345,10.7910097076923,81.1261166308709,10.36573140625,70.6377060141807,0.013261897781688,-0.125929249997627,-0.203787489898338,"1116854"
"100%977",1.24848540624224,290.219055385072,0.375626560817598,2.8843685326103,0.0607522922864982,-0.135213777993141,-0.169359935175795,55.4588407575758,318.43235200516,0.37055247604722,3.02887788840735,2.88506868098513,95.166402,94.8230681,94.1662911,83.7548505,54.73316,54.8479552,298.701354412771,54.2262326875,278.243535709765,0.148523265268038,-0.0192475895046008,-0.0899961415263393,"1116858"
"100%978",1.62928614362537,277.322809454616,0.679473510574186,3.31414215839305,-0.0519092169383235,-0.0127771124601576,-0.215182182618123,54.7891026060606,311.008156970014,0.521639621206545,2.90721345869459,2.88679941736591,94.637234,94.5719779,94.3262763,79.863142,52.6239745,54.1760544307692,290.988245541422,53.54541715625,269.684217697159,0.125560450954165,0.14878872605173,-0.0525657739539012,"1116859"
"100%979",-5.23780619628299,13.163246378282,3.75973418625098,15.6555789597465,-0.0590358166574798,-0.0839456273879674,-0.0860075024978237,1.69790771212121,13.0847504986,3.75750397226946,15.6390831789169,0.270640793616797,18.246861,17.66524945,14.69841145,1.9158235,0.685183,1.44330843076923,9.00788194413818,1.19473396875,5.13232799358559,-0.0632060458575818,-0.0860498692239921,-0.087305757767241,"1116872"
"100%980",-5.76848671148251,9.00715316849046,3.84201644114718,21.4748494633637,0.0125611579848669,-0.0726898818738028,0.105478188817139,2.18206683333333,8.55843973997602,4.02567532982038,22.480965307127,0.706672641158326,19.948128,14.35693005,8.43780584999999,4.4973205,1.0957475,1.90874281538462,3.7595108036843,1.76128121875,2.40483319865992,-0.0322223196717911,-0.093270600376816,0.0962934864881309,"1116895"
"100%981",-5.08746807949008,237.365359924527,-0.13054407717024,1.76382470130959,0.491394834282064,0.433617090295391,0.532620353325889,70.4837974545455,210.182062239833,-0.0934476948355193,1.45147107100148,2.50021233127374,90.723705,90.5862391,90.2128512,89.173444,72.113611,70.1724142615385,207.016305897581,69.8546048125,203.685750693852,0.462579889658911,0.365734351078051,0.477684047897097,"1116916"
"100%982",5.46377416666667,0.286146287224987,-0.714362233263218,4.14677787655153,-0.18219013629352,-0.00381908678781166,0.0673879388763204,99.2137741666667,0.286146287224987,-0.714362233263223,4.14677787655154,0,100,100,100,99.9525505,99.1855165,99.1204931355932,0.238054539578219,99.1204931355932,0.238054539578219,-0.18219013629352,-0.00381908678781174,0.0673879388763204,"1116919"
"100%983",-6.76372439489902,128.288194058905,4.30154646992385,22.6991281596744,-0.0589991768661597,-0.0893810770757224,0.0915948479640625,8.92284789393939,127.576364814894,4.84317678303874,26.4278683999089,1.27041847248205,73.324392,69.02350645,22.8523456499999,13.36813,6.1283835,7.93205490769231,64.7488091743744,7.0136863125,10.939452336417,-0.0677234221753605,-0.0958689768771102,0.0630131331324404,"1116950"
"100%984",-3.45420773943972,60.9961403679315,2.24850010836654,8.30156260198068,-0.0881420803919361,-0.100939563242341,-0.120487210072998,10.2121992121212,57.2819972486881,2.7082199726169,10.1905729003604,1.50108385985452,41.501517,41.2753924,29.97253865,18.515199,7.435336,9.73082509230769,42.8696698918899,9.23984371875,27.8704323872118,-0.152326894700695,-0.152961627872098,-0.157953250516467,"1116965"
"100%985",-1.13019952311024,130.11544076119,1.89779767608307,5.47856772270926,0.0684434775473665,-0.164409740964892,-0.17609378428121,14.319988,124.427141149908,2.00623541056319,5.73048287312698,1.47935368544716,54.542313,46.8427678999999,41.70285405,36.674129,9.4413955,13.701183,101.068709410256,13.2481255625,89.3059402859771,0.0319559067996543,-0.207025533531463,-0.204012080184899,"1116984"
"100%986",0.769978067525928,213.901831175513,3.13354034454999,14.7325339652004,0.0261421058802942,-0.101354062423403,-0.156265849787212,15.5469972424242,211.355131336374,3.21864883254788,15.0789278943035,1.7847675097408,93.760768,73.0970300999998,50.1030495,34.530503,10.352999,14.3437084615385,119.04509198798,13.599541375,84.9091691256282,0.015580301711921,-0.109806444858917,-0.160753033053423,"1116999"
"100%987",-2.30077640304263,53.5172751496458,1.72113525370278,5.23892607613601,0.0665823541449542,-0.0895295709481615,-0.128471591979754,11.0595849090909,47.8485916375387,1.97995156578362,5.81753110007654,1.31215474160181,35.732382,32.94741475,28.8758364,23.476783,8.304739,10.6800034153846,39.0753045325338,10.355506328125,32.8414627892563,-0.0355335856345487,-0.196019634380535,-0.218474168192283,"1117004"
"100%988",0.354357826765623,192.802088283389,2.50619983105942,8.5338094492522,-0.107447812948403,-0.0485738000648219,-0.201434402178718,13.7553271363636,189.014354862622,2.57030850983052,8.78917939891553,1.58780126708716,65.778331,63.4980114,59.6981702,26.6466925,8.77349,12.9549732307692,149.64488731714,12.184423640625,113.389555074826,-0.127344732813203,-0.0612243925150896,-0.208984907648972,"1117008"
"100%989",-2.01896268033032,74.3546819523062,2.49201781034988,10.762752172999,-0.0330908662480518,-0.0539551357723058,-0.117230393376932,10.9250841212121,68.4779955979361,2.79494100311025,11.9360846911928,1.54040142025105,52.828211,39.8230070999999,30.0236824,22.6523045,7.906904,10.2804206307692,42.102496172459,9.9282365,34.6981596473846,-0.114164363876612,-0.129325395975704,-0.175306172691674,"1117012"
"100%990",-5.35682848941771,41.5230447911034,1.73881042640706,7.13158092707391,0.0802879338725048,-0.0613186416951585,0.162108304580631,5.88036183333333,37.7719947013034,1.78051362321711,7.29977301839271,1.39448764365203,33.656464,23.3684518499999,16.5918017,14.1045535,1.9735845,5.45303718461538,26.3010828555661,5.259666625,24.2815460089965,-0.0211077568611367,-0.177814805326058,0.0955153325376625,"1117130"
"100%991",1.17399651799518,389.881324886119,1.12653280617486,2.83908061485668,0.00803336668219884,0.065051835015841,0.0725082942295138,31.4101171666667,386.094266067415,1.11542545150121,2.79641533608358,2.49252506653775,79.924325,77.73311065,75.73534915,64.4800495,20.290673,30.6637447384615,355.267438948469,29.94672159375,327.400550328658,-0.00102360068075944,0.058382609321973,0.0686079646699207,"1117496"
"100%992",0.0311370771485933,194.96721826093,3.02088581247363,13.5341230913575,-0.0524102474167364,-0.0663697127242522,-0.0937025813946149,32.0728279545455,194.187638263641,3.01180823780771,13.4774404687942,1.57607248655665,96.033598,94.46402935,68.3251516999999,44.6539165,29.537009,31.0888161076923,133.268705617449,30.11178390625,73.3025541701336,-0.0557361696801971,-0.0645879848951722,-0.089714726065631,"1117499"
"100%993",-1.55578121222686,69.8634281403717,2.55615807557728,11.4674067405789,-0.092630233671312,-0.119695762229121,0.0383004010362239,16.6953676969697,69.321144371081,2.56807060543537,11.5166349168342,1.80949387883564,58.442494,46.2616109999999,36.28935345,28.1103525,14.1007505,16.0531042153846,43.1624664499174,15.6835796875,34.9612355021547,-0.0971749625879946,-0.123798880767158,0.0354747146586021,"1117508"
"100%994",3.40093601047664,190.612782456773,2.43522934908673,10.1355557097964,-0.0839219341541163,0.114244624672083,0.0264862472027964,27.2074570606061,190.379910061287,2.43654147908404,10.1813180913555,1.87239733206419,89.740814,79.3138818999999,65.2927825,41.6583655,23.6896215,26.2454054153846,132.2229694617,25.5039370625,98.5535576681267,-0.0806336762294537,0.117172819703629,0.0313778450332622,"1117517"
"100%995",2.77265169866885,187.578384291494,3.08566186341441,14.1166005485807,-0.13603190117149,-0.0175732339040749,-0.136786589924334,25.8053097727273,186.452818900911,3.06764923593406,14.0574918212214,1.84410491772093,92.559514,84.4035167999999,67.9484125,34.4414765,23.4997985,24.7783220153846,119.710869460786,23.915298515625,73.1687303221845,-0.13872986035058,-0.0201336766090738,-0.136693810415362,"1117519"
"100%996",-0.18565321338017,288.000760862335,1.31224732644618,3.5860902456751,0.110153541929226,0.117517904874721,-0.114998804737398,29.9019015909091,285.484917655507,1.31154488623563,3.58794719530906,2.43069984513026,79.679193,72.7983398,68.27536345,61.3581515,23.3936355,29.1360971076923,251.17086388176,28.511766359375,229.759131215774,0.105947319590671,0.115838120560642,-0.115128464314005,"1117528"
"100%997",0.882558894300355,254.669157289415,1.14632813839833,2.96998608831348,-0.184719891388607,0.00241953392596907,-0.251375039410088,30.4752243636364,253.312264032187,1.14136210428835,2.95112001693745,2.38618266744722,72.67802,70.93640545,63.0739395,57.662841,22.434211,29.8259505846154,229.386650738332,29.198252734375,207.360518728353,-0.1884216409608,0.00226430528720498,-0.247855264229319,"1117554"
"100%998",1.29319379321395,208.601218576861,2.89892769162356,13.2998117948076,-0.0863951032154714,0.199625011166168,-0.0699627201376459,34.1556284242424,205.923235279138,2.89345642925332,13.2407703791666,1.94626975759016,98.828464,98.10601045,68.4687142999999,41.8497255,31.6707755,33.1606617230769,143.754008448404,32.151968984375,79.8651971582615,-0.101869301520605,0.193478824080182,-0.0780493848733793,"1117555"
"100%999",1.54931707802898,364.258955665881,1.88879911368173,6.09833252714125,0.290307469944297,0.0831279830897457,-0.0039958848016736,38.1268882575758,358.514594529268,1.88825993564929,6.12225559884499,2.46785702182182,99.764837,99.45286105,92.03162115,60.3261965,31.008054,37.1786121230769,304.681180276708,36.20820178125,248.23156866943,0.285828778370211,0.0801445865389438,0.000398419287688875,"1117559"
"100%1000",2.66916142700685,155.137701583783,3.37063323480654,17.7590688195022,-0.133049973630791,0.0344085864640116,-0.0240409717443602,25.2868255757576,152.586159905356,3.3660787083212,17.7085710634632,1.74164587756067,92.690243,80.8432662999999,44.2567270499999,34.7422715,23.53438,24.2498499230769,83.9626180078524,23.465251875,45.2609176062275,-0.148597522487534,0.0214427752621246,-0.0376420105835109,"1117578"
"100%1001",-1.75523626133502,257.397928386771,1.46420825604667,4.30935800329285,-0.234934695501293,-0.008672506488152,-0.0727612441578257,25.995873030303,257.799313965054,1.46228705625339,4.28534932256872,2.37269557223341,80.714705,72.1565053499999,63.77598305,52.229207,19.922094,25.1540448461538,214.992927609382,24.491635484375,189.831091536082,-0.234048260920365,-0.0081960958414192,-0.0725247994415925,"1117579"
"100%1002",2.109473778854,555.828064679539,0.575342471488935,1.85064940759309,-0.0645608786458249,0.128916662732649,0.0935481806331781,44.9429833939394,550.107179422444,0.573668179830377,1.8464760812749,2.85681814503369,88.3953,86.88560545,85.88413795,81.734582,37.797779,44.2744862153846,529.075727267618,43.621389234375,509.617717176923,-0.0761492337089719,0.12262077448414,0.0905151183694506,"1117595"
"100%1003",-0.177280138595531,311.440237681806,1.67507520991292,5.09633899982779,0.365330164795718,0.200438598775093,0.174137450063191,28.3190738030303,302.546018592462,1.66888838470856,5.07497648133115,2.32963560994696,90.231877,78.8043465999999,71.7271062,52.9065145,20.939672,27.3665691384615,247.321073746987,26.658998953125,218.642853657767,0.347290947909533,0.182052312891807,0.160595341742335,"1117598"
"100%1004",-2.38689822606659,192.263115186559,2.81291224160417,12.0111587243773,-0.104912647989207,0.0312128205601252,-0.0851855912729713,27.2193032424242,189.656231512593,2.99229006586315,12.9015521314246,1.82202095474993,93.080608,84.8711879499999,68.08251,39.2008205,23.045553,26.2060524,124.813319891263,25.358479296875,80.0688172804023,-0.12152767868869,0.0163603592590897,-0.0974959058131144,"1117622"
"100%1005",0.86783506374025,210.487525345622,0.963490579324211,2.50284044311875,-0.189352341314533,-0.307905812673623,0.148172267912409,27.7882962121212,210.334276004912,0.95967522236737,2.48871699639132,2.42087294033783,60.787774,59.83184695,58.41694735,50.781209,22.334843,27.2806119384615,196.55912870984,26.780041546875,183.34326849528,-0.192574044978775,-0.312592503513081,0.146671620775739,"1117625"
"100%1006",-0.0601768182874652,295.911361281273,2.76557651723762,10.9958439495572,-0.130009828813266,0.140078664408311,-0.109037205439616,30.6909720909091,295.205723524504,2.74197612143303,10.882510589783,1.74658317451341,98.143493,97.94309475,96.3921114,45.4332775,26.7292495,29.653241,228.672886115668,28.587898078125,158.473789783929,-0.134060749363603,0.140004766175106,-0.107644471072109,"1117631"
"100%1007",-1.55893185365274,165.242873595832,0.413487099146018,2.06320458302804,0.542023789668652,0.404675833062572,0.275944065853061,46.4347689545455,162.737231542476,0.412008809862691,2.04748423624269,2.49611268575027,78.113743,74.7533015,70.32888485,63.019981,43.749117,45.9474001230769,149.564008317972,45.525580859375,140.335399017988,0.534905859002939,0.399918060351691,0.275254141060114,"1117717"
"100%1008",0.275641109951932,136.388778324769,1.86761887527056,6.42263712776796,-0.144571723070352,-0.0540163023221905,-0.118813436628881,28.4037775,135.619519478249,1.85224838886544,6.36977329094135,2.29557298970406,73.554904,65.1174301499999,58.87158215,44.268414,25.124429,27.7091447846154,105.860009411416,27.1956286875,90.3736512286894,-0.150807191942048,-0.0539215345005251,-0.119082007204375,"1117730"
"100%1009",-0.523177677689152,125.129417330912,1.94815375110897,7.2217194442888,-0.0792217289206001,-0.187446052780105,0.047394475205332,11.8239645757576,124.423555161612,1.93750814151544,7.15720019680542,2.1851403030422,59.218204,48.3469396999999,39.9007536,27.1428295,6.869783,11.0948224307692,91.2489780410782,10.6042230625,77.0300402134691,-0.0867283859208623,-0.19593426692291,0.042073996638923,"1117731"
"100%1010",-5.19912000782667,101.929851430036,4.64015830525275,23.5905472237935,-0.0585689431693839,-0.0166093094701097,-0.0478493241422686,3.06213137878788,101.854904255953,4.63840469087679,23.5678117515999,0.234844321379962,60.22161,52.9019690999999,35.5627835,2.374039,0.3275115,2.18275478461538,52.3838919539925,1.451850578125,18.4780279265267,-0.059794853836918,-0.0177043354892331,-0.0489177097820113,"1118516"
"100%1011",-0.0293100776592185,296.318796471394,2.6510207855045,11.3137829296435,0.179337796157656,0.250779434712173,0.162832444040968,11.4459157424242,292.789203507229,2.66310699580974,11.3966564448188,1.39951562438709,96.327573,76.5731018999998,43.0570285499999,32.341209,2.9556175,10.1400440923077,184.743802197799,9.268231046875,138.226655005009,0.170757396128284,0.243514134339538,0.160260928045485,"1120509"
"100%1012",-0.917477862386209,133.359885828832,1.53342035773402,3.95695671919133,-0.0592207994853004,-0.141655979671321,-0.282907022358216,13.0348358030303,132.063931100668,1.53457799252575,3.94331837069719,1.68144563370952,46.793431,44.9073481,40.5985387,34.7053825,6.850341,12.5154728,116.292980578333,12.025218234375,102.48733835732,-0.0692994184893183,-0.145144987317286,-0.287065947277614,"1120515"
"100%1013",0.64459077840579,89.7822720598474,4.41743590694521,23.2367654858678,-0.0436809716253093,0.0258788920968385,0.0496731292801321,7.42942781818182,90.3498800461053,4.39905634685119,23.0507579899946,1.36929177123108,60.098321,56.03319305,24.8273658999999,11.855379,4.5546895,6.61913715384615,48.4061947938317,5.881244328125,13.7709631411866,-0.0376826049788621,0.035228058295072,0.055990243245795,"1120538"
"100%1014",-1.96501166216265,478.908933249478,1.36049250183075,4.14718125139715,-0.20229999341231,0.121003380174773,-0.271371515303912,36.2331213636364,468.791023105583,1.51802296720653,4.48909216703436,2.48788284327691,99.230044,98.55788745,96.9516508,65.9276075,24.9216625,35.2639379384615,414.008302924005,34.280625140625,357.6284188619,-0.221880582391924,0.103606633360775,-0.293493209860821,"1120587"
"100%1015",-3.85069955874844,217.230034915144,2.07504187707694,7.4217709988066,-0.149903221980418,-0.0683719406627808,-0.114413131609943,15.1006896969697,204.511250650194,2.13504508107333,7.50044981470053,1.73306726157261,77.407529,59.1503816499998,46.2950418,38.1562115,8.7200235,14.1421229384615,147.013462369162,13.592474703125,129.673190849123,-0.216551644305325,-0.12978217837212,-0.162781965103841,"1120618"
"100%1016",-0.710358949885501,40.2009129311501,-0.321085453746481,5.75133093218861,0.0291385137075418,-0.0654191589757735,0.18289589781601,81.2596043030303,38.9423774527185,-0.413037245838003,6.01754259031675,1.88292684925954,99.16749,98.57901575,92.17857395,85.9762635,81.854964,80.9840983692308,34.5318586611134,80.714128890625,30.3339901930797,0.000373870148299711,-0.0979817209876652,0.160212578197449,"1120647"
"100%1017",-3.02666402739774,185.390921961541,2.56810307926879,12.2114966781494,-0.123916293925611,-0.125838666365454,0.210532601429748,36.5440136969697,184.171299491231,2.53467509661675,11.9965252685953,2.23329139691845,97.687919,95.95742985,58.1496841499999,49.0521525,35.245175,35.6033382307692,128.603262139831,34.674864953125,74.5786173363039,-0.134559682330488,-0.138413584022349,0.20413268302015,"1124"
"100%1018",2.6036559022943,208.699900455667,2.30055416097978,6.50681482988648,-0.0385235126107932,-0.101329139472004,-0.122489510755843,53.6548417878788,208.567152453584,2.30124859064186,6.50939582131677,1.29927489606951,95.249047,94.90875835,94.35330555,85.6414605,47.809719,53.0149309384615,184.749808792621,52.363202890625,160.027810413112,-0.0392206630772908,-0.101852223132156,-0.122880550696711,"1124098"
"100%1019",-3.89004085313558,297.199382838306,2.72690664241787,11.2609784864913,-0.055501617047881,-0.157089766894607,-0.160964860346876,12.7941936818182,297.355657148096,2.77259042046621,11.2325066883849,1.30433460534175,98.294553,70.8831273999998,49.60488165,42.7481075,5.8647385,11.4788035384615,187.733778435931,10.781235953125,159.038083876697,-0.052312487545244,-0.145125306414686,-0.142330676230405,"1124104"
"100%1020",-6.20221858832955,57.9089844749574,0.602160705225126,2.72976233727449,0.145106612467782,0.00996102168128426,0.178703132080197,10.5708652424242,44.7449666004712,1.67024578725938,4.55483434434116,1.54572654536671,30.830887,29.62365695,28.5646312,22.2996925,7.945294,10.2591726,39.0212986814841,9.966759515625,34.0731546989918,-0.0895466091974128,-0.240414226051933,-0.0487551032079987,"1124135"
"100%1021",1.503452081216,381.724530410684,1.908432631091,5.94765031223173,-0.0670895174778558,-0.23951554596452,0.190538113232572,33.1486372272727,379.403017329277,1.90916773740479,5.92242163909168,1.95124251940647,96.303445,92.8552288,89.7589788,68.283144,26.719456,32.1770248,322.933960043818,31.257939296875,273.073122635958,-0.0715401399466783,-0.243679804578982,0.19083747372313,"1124219"
"100%1022",-2.38020093070449,32.9267006707938,1.06315788283207,4.6727596656824,0.123531333517713,0.116250808499319,-0.0275063273796806,14.9287103787879,32.3051967734939,1.40701560318737,5.33910863003948,1.79929775249346,36.949981,31.9126292,27.73709785,23.21642,13.2946825,14.5899216,25.226862583028,14.361635859375,22.233597651662,0.101210527620845,0.089667515578637,-0.0517157852123682,"1124242"
"100%1023",-0.456954883726867,96.7770439301555,4.08384060121612,23.2106197257132,0.263618208146584,0.19652152225193,0.14109401325318,16.1365293484848,82.2587598067997,4.69731879054766,27.6405299973099,1.44738547775171,73.967116,56.8896614499999,35.84205815,18.0677,13.9826935,15.2468280153846,31.2807606885008,14.73983925,15.0620780395546,0.140357404277024,0.0747734409075658,0.0154365123588451,"1124251"
"100%1024",-1.40134013663656,50.01380745422,2.1283372101729,8.74417440391836,0.397089447355303,0.16888480998277,0.158779941052316,16.1073096969697,40.4347330465679,3.02631340757828,12.5873188343119,1.38963816880906,46.182376,42.43172325,34.77472985,17.8903885,14.6786685,15.6446163692308,26.9271882374168,15.257623796875,17.6133142348217,0.270750324766554,0.00579557324259151,0.00968018766477462,"1124252"
"100%1025",-1.18669347410966,59.5856035679257,3.08151102582923,15.9848666863248,0.0857528149191987,0.107748104416638,0.0324822872881596,15.7337064848485,51.412451924809,3.74550721539041,20.4193725092042,1.53847369990989,58.210346,42.7638311499999,32.75617715,18.4238285,14.262899,15.0802197230769,24.0184461681472,14.777621953125,18.4419827148325,-0.0477291770665988,0.00599686804741804,-0.0646660790565494,"1124254"
"100%1026",0.500824051608473,92.0776450495331,3.1818331427621,13.4041219750945,0.118905104463094,0.136869658433153,-0.0135225802630596,11.5191273636364,88.0950326892136,3.4385949547242,14.7694723997058,1.59861026909179,54.182701,52.31032205,47.70759635,14.6553415,9.0134155,10.8627646923077,61.0167517677275,10.230899796875,36.0186775188874,0.0838860698283272,0.11152876631847,-0.0406620769723475,"1124255"
"100%1027",5.60195067743384,326.218939184219,1.83747792923621,6.16370643752804,0.242431946862641,0.285771348195759,0.150427468682188,28.3655395,322.784747907295,1.84709417447479,6.15405574705528,2.4907040652924,96.604716,89.1811628499999,66.5503493499999,59.0971275,22.840195,27.3157060153846,255.00874430817,26.41151603125,205.851886656377,0.243907645861434,0.291551130970183,0.158350288167863,"1124943"
"100%1028",-7.79956066642896,63.2750946527631,0.907756002607365,5.46846551455004,0.645656421675563,0.657483189695101,0.623060795199466,8.23762701515152,21.181372972664,6.29952909710911,47.4092110624849,1.04466902336931,42.649281,22.8951686999998,11.56466325,10.0730335,7.7209735,7.70821695384615,3.00908939041767,7.637121296875,2.72755790353255,0.00494072670979442,0.131078455597616,0.126683867717942,"1124973"
"100%1029",-1.41619973716831,48.2629305812111,1.74119777304243,4.39119320952843,0.417648818617686,0.158741450805099,-0.0208278289642115,7.35050566666667,47.6910752610754,1.7461704415622,4.41498421029245,0.991123533193974,25.676493,25.36678295,24.867915,21.8571415,4.1053615,7.0685674,43.1784978213195,6.785263515625,38.63619094115,0.411987502120298,0.152940786024243,-0.0243978233192067,"1125103"
"100%1030",-4.96094780951762,337.808036369027,1.82183725643832,6.42212243532567,-0.0369376309327232,0.0492102859142882,-0.198335540045577,22.8380741363636,320.593200306953,1.98808900313949,6.77694631404684,1.8177421479834,99.322073,72.8367153999998,58.03369895,54.587801,14.436058,21.6613972307692,234.14387973809,21.084616421875,216.178431260933,-0.0826897300956917,0.0130506412692881,-0.24882931886957,"1125224"
"100%1031",1.40211598699664,140.913248529182,2.8261764310326,15.1610291257896,-0.0485124138047971,-0.0313211496074164,-0.0492360245796537,34.0833002878788,139.239473585142,2.8294312737555,15.0493608440329,1.84437619426062,89.19796,88.8352041,55.3326146499999,41.1748075,31.8971075,33.2353824461538,93.9299513557839,32.369687265625,46.6847773823114,-0.059579346677461,-0.0382492043211878,-0.0531219035841164,"1125234"
"100%1032",1.15398097375557,61.7219897778335,0.897663500435296,3.78739033159701,0.0181635259689817,-0.0380920473082339,0.00555305567352766,22.0700709848485,61.2938529036005,0.901067445558407,3.76913536707607,2.19239827647604,46.254366,43.76066245,39.2130683,31.136432,20.700817,21.6980049076923,53.100246315118,21.3742565625,47.1170932478325,0.0115087741037271,-0.0417661961568107,0.00706025705695927,"1125278"
"100%1033",-1.75982640446006,400.294882120283,2.37583938245063,8.72133819624414,0.0444457824537905,-0.102693501500598,-0.140344516983255,17.3602676212121,374.392289830868,2.45075676007646,8.82925366820375,1.54283904426869,98.160458,90.6720062499999,75.0457806,47.721419,8.482089,16.1171877692308,278.16583499835,15.01527253125,203.588058710076,-0.0164340139088714,-0.172210060135949,-0.205310363567847,"1125300"
"100%1034",4.29469639757541,345.420192155014,1.94548477061466,6.43257596658262,-0.0556482345814888,-0.0427055562531375,-0.0426667366705253,38.5562911363636,343.77748703724,1.93426740524167,6.39935473270756,2.1830172593188,96.627881,95.278299,94.3352328,61.3224775,34.3827175,37.6628820615385,296.38650630452,36.773995828125,249.65982762865,-0.0587919724657498,-0.0456329170407466,-0.0412478808106851,"1125331"
"100%1035",4.24568842997376,249.658902469089,2.18467024741515,6.75432702569284,0.0416614170042366,0.0531672369397184,0.0829433407136576,38.2685873787879,245.18568946919,2.23944802706005,6.95056093343841,1.79457675779378,95.416717,90.61764805,82.4838867,66.4904855,33.2142715,37.3893853846154,197.940031326731,36.5980705625,160.331199715743,0.0237977616798896,0.041628111861949,0.077007039830212,"1125337"
"100%1036",-1.40554502760023,117.443621726009,1.77042985852155,9.45266851404067,-0.00547464727932527,0.13769462802079,-0.17417276846079,31.7639256818182,117.265484202036,1.77132837737062,9.46840148967149,1.71768693527017,73.793106,73.56775165,66.4950632,39.3873145,31.07469,31.1173229076923,91.4752888388947,30.45593096875,64.4710359286412,-0.00811430833704643,0.137135558229216,-0.173103348257864,"1125342"
"100%1037",1.79917115272129,117.578768092732,3.19489354984632,13.7538358822083,0.100832814993374,0.0523030054526665,0.0360997794741645,13.7917362575758,106.93823574833,3.38900310393975,14.6960829998673,1.74470877341369,61.32152,59.59413265,51.12883375,20.9424555,10.566644,13.0605088153846,73.2936636091428,12.34795425,41.4361665407559,0.0143780808993482,-0.0309802895744597,-0.0446165768410208,"1125367"
"100%1038",0.829954077632807,195.876376036864,2.82514109737036,11.7923627964923,-0.0601543304469003,-0.138495301051178,0.0644050292288527,22.6106973030303,194.980131877052,2.87751328928508,11.7837044551268,1.8185739104281,85.462075,82.80387075,54.7105329999999,40.186003,18.311821,21.6437530307692,136.271065320161,20.710490890625,81.7867162710603,-0.0621591572434435,-0.13588648972886,0.0670094079419782,"1125369"
"100%1039",-1.60997755721656,97.821055214385,2.8555197071536,12.3472814763882,0.490749708712968,0.193855451019859,0.204975975213959,18.6088434242424,81.8721805671431,3.61930906071064,16.2094441796011,1.54562997473114,61.579375,58.38536145,54.4026764,20.6597485,16.8740405,17.9477583230769,54.2875408509903,17.342793484375,31.3469240325202,0.399990781497549,0.055868332745956,0.0772305236286589,"1125370"
"100%1040",-1.2464252757118,230.157953757277,2.699734553339,11.6447768402193,0.0402249071982796,-0.0207127169472535,-0.0796556061998623,14.0644405,227.089690354595,2.70884287709811,11.5647852851344,1.83082909351661,88.005584,73.7558673499999,43.4856026999999,34.4923015,7.1948635,12.9268844461538,145.177148706138,12.09632103125,102.606228553183,0.0292825948859718,-0.0296911622932188,-0.0777811440138784,"1125499"
"100%1041",-1.7208971198035,218.250273574603,2.97953291431407,14.5822635494387,-0.0272137365520269,-0.0985605443855801,-0.157484604319698,18.9456022727273,210.684400996519,3.119194950519,15.0782384151857,1.79572695686662,98.579029,68.4428261499997,49.24185975,40.083609,13.4468335,17.7204726307692,114.863485259509,17.181485640625,97.775273806281,-0.0648757392999759,-0.130198372883865,-0.182121441844863,"1125601"
"100%1042",0.138882405578152,292.211674790881,2.16609166592092,8.54293897197023,0.147440366219686,0.00616612168172134,-0.0529371617274064,21.47822,276.171880362623,2.26682682778414,8.89138252063598,1.96538360605778,99.089534,76.4640323999998,55.78922995,45.969872,13.6025615,20.2841997846154,186.325516388738,19.5967486875,158.518566872178,0.102934068756982,-0.0408159515058069,-0.0930361413469301,"1125607"
"100%1043",-1.43509477860211,96.1690486693954,2.26728555353103,8.79294604407472,-0.117038620783618,0.0416164486093298,-0.0134063075469097,11.9222773484848,91.9439212454324,2.35190903783017,8.8880542700181,1.80013351317282,55.560313,43.5297301499999,36.34003815,26.3745725,8.3644405,11.2509229538462,63.6111393795013,10.8477854375,54.0412727217326,-0.163294844275858,0.00788847197782877,-0.044937429034622,"1125612"
"100%1044",-2.21592598017572,174.157859449502,4.43187749111903,26.4716455954126,-0.0538500011323806,-0.104129610875755,-0.132807352169048,11.1375003484848,170.148954654013,4.45576163786682,26.4873978699051,1.55196658903502,94.489921,62.1042631499997,41.6503952,22.870904,6.598889,9.85515541538462,64.2356680679016,9.31123859375,46.0093923057509,-0.0741928462767648,-0.121130602964815,-0.141218792849604,"1125619"
"100%1045",-0.50698450341825,148.489332614348,3.2730593634458,16.2153399348044,-0.0641115891375545,-0.0603361572267285,-0.13670496605071,12.8508046818182,146.251904688101,3.29470527665093,16.3476304188634,1.74349585041534,80.605248,54.6416960999998,40.06620305,29.265318,8.496734,11.8084286307692,76.7897770921678,11.357602171875,64.7787251166907,-0.0764907990470269,-0.0651595323570765,-0.136576605732797,"1125625"
"100%1046",-0.907214855167012,117.403816240387,3.33852156871487,16.0454027957099,-0.00364598102314384,-0.132149868883424,-0.127836794079737,10.8565498787879,115.15643873256,3.34256776747593,15.9780283364642,1.24655842733954,70.24312,48.1376820999998,36.06179985,23.084477,7.074172,9.94291033846154,61.8354204147725,9.53210028125,51.8318801568538,-0.0198962369893018,-0.146785618642144,-0.140592658494187,"1125631"
"100%1047",0.629008737697203,159.30267870386,2.82968252332421,12.1775177454287,-0.0328209810823146,-0.154802530007105,-0.195599349178868,12.6829488484848,157.757144961784,2.83762577369327,12.2818373648577,1.58258700974018,76.283656,61.0670155999999,35.9648042,29.713677,7.7098625,11.7044764307692,96.9952319940002,11.061211375,71.61443691561,-0.039362977849804,-0.15670317776779,-0.193442465858717,"1125637"
"100%1048",0.117048265191134,67.9567634491153,1.85257403930302,6.59768941618173,0.606207400767858,0.255881886860686,0.145073439480357,20.9717310606061,55.3438918118016,2.50632548069781,9.04234139400127,1.65711298176218,50.212052,48.50622775,43.71627365,24.03873,19.40639,20.5218799692308,42.8391800100523,20.098976421875,31.8834605239133,0.531377104508282,0.119273295559334,-0.00443854210320256,"1125649"
"100%1049",-0.290209505795352,64.5923470205713,1.39231192830855,5.12820460552109,0.479196824801866,0.178231801901168,0.248976708248704,20.4682701515151,52.2006871413605,1.97714273119401,6.83005877394395,1.81966820774644,44.847235,44.14639135,43.6659124,26.117881,19.407247,20.0932091538462,43.7195050056604,19.723274703125,35.5072749124003,0.379091989974002,0.0321597370089143,0.131194551948874,"1125650"
"100%1050",1.17639743552141,114.113913046538,2.63711303123918,11.0489839691697,0.24141994967769,0.0928718086349191,0.114711236990557,20.7550418787879,100.321680579728,3.00708884340811,13.2386616180418,1.87059055707564,66.592272,65.6818898,41.6023413499999,28.7406315,18.3014785,20.0498537230769,69.043928943154,19.344512625,37.7848461315274,0.142365370915756,-0.0173609550744036,0.0171594129636009,"1125698"
"100%1051",3.60249378415166,225.27321155187,2.12882589759878,8.39278102090348,-0.138449043254089,-0.146608339560868,0.289752364885395,30.116103,221.706604525436,2.13049458355907,8.45018568076274,2.3113352293774,97.637775,81.1810879999998,64.19461125,49.8837195,25.1454855,29.0773080461538,153.897208259298,28.4016441875,126.627944895434,-0.153847644585216,-0.161684150620291,0.288255399363213,"1126"
"100%1052",-3.19371432101668,279.906282496865,2.30662636156156,10.0802329324058,-0.100619046093127,-0.184326348307351,-0.200010223898289,18.5530238333333,278.574851398736,2.29135462661024,9.99293734956012,2.26662619571102,93.354987,86.2110839999999,57.7118660499999,32.137774,15.8526985,17.4022244,195.45422218315,16.387190921875,131.539151893317,-0.103251027524847,-0.186888759373818,-0.201403208081753,"1126052"
"100%1053",-1.43170655263853,226.44218300572,2.57121825429295,8.66128185144521,-0.136572362918978,0.021272357624111,0.14749946777744,9.53278290909091,225.055551896575,2.57460486489252,8.68248813519573,1.44672821686892,72.078254,61.5776209999999,52.5013554,33.0289825,3.713125,8.57054489230769,167.408412940445,7.830656,134.440857150219,-0.143611619697602,0.0198139936835964,0.145786919696225,"1126206"
"100%1054",-2.00914524421945,158.654578157064,0.278907792483233,2.90912796238279,0.329734192501927,-0.2057871807682,-0.170558288585552,65.6071839242424,157.620413325297,0.26287951021407,2.90023325529102,2.60026867372933,93.288464,93.0512933,92.61608145,83.265071,65.934261,65.1813180769231,148.075469246811,64.747845140625,138.175727331105,0.328714841514453,-0.203473496638479,-0.165868941038016,"1126310"
"100%1055",4.72313328392584,694.478204882318,0.815089135165333,1.92778269208801,-0.223030208353117,-0.157516555540941,-0.203372218632928,42.8286216363636,695.384385859561,0.809673045586772,1.91713713944987,2.43446315818694,91.296184,89.9116788,87.6558166,85.660246,31.242366,42.0829668307692,669.386535299479,41.3472916875,644.66653534596,-0.218625036126482,-0.15138159922007,-0.196969855233691,"1127250"
"100%1056",-4.44036498596658,403.004397901688,1.24515163581825,3.32750076320851,0.0352312014115338,-0.216241820034063,0.0375347676532312,32.3729306666667,401.460073545792,1.25199397656292,3.36507523232708,2.50767032692349,87.908919,85.1270815,82.43482425,64.1380935,23.550108,31.5185308461538,359.456444852279,30.704302125,321.980005130227,0.0358009224449078,-0.216138983632105,0.0422622901960142,"1127254"
"100%1057",-1.66324374155266,364.636436698799,2.2999517790388,7.82945951933793,0.217413805115836,0.0994368659315148,-0.12308430923486,35.5488686666667,366.805993339323,2.24901491001356,7.65015357889178,2.23087202279717,99.759354,99.52222555,98.8103727,53.834579,29.773146,34.5610150461538,308.042747280642,33.547991203125,246.151790281481,0.225404800692641,0.11343677372015,-0.107118054864806,"1127273"
"100%1058",3.78281237562686,635.651012892185,0.789290306725913,5.32668673810799,0.329171957138336,-0.129447365182737,-0.282746610591948,29.6484790757576,500.334882209225,1.7998783213327,5.16869934774096,2.39511572628059,98.987406,97.16271235,89.68476995,68.7679185,20.0221745,28.5817263538462,432.926891534963,27.5255004375,367.176517101714,0.319462085821025,0.00125372281859366,-0.132578810868189,"1127309"
"100%1059",-0.681424432025075,389.221718040836,2.44455655414291,8.3424164903973,-0.101174661557837,0.0471386940372844,-0.171827136564697,31.6986664242424,385.839055453292,2.44877386523125,8.36394860185702,2.07154202023932,98.760059,98.41473285,97.1800925,46.195855,27.128916,30.6669526923077,321.522448094067,29.611299015625,254.109931814447,-0.10976894660352,0.0452174249347868,-0.172923564481579,"1127323"
"100%1060",-6.09230293986935,124.372926978339,4.42257059130587,20.9421208268268,-0.0379234469559838,-0.0264690134872784,-0.0326414087438246,3.31059442424242,123.643018728299,4.43382039610773,21.0170937636837,0.369206256031094,61.154049,56.3630914,46.9789586,1.998558,0.60936,2.42069512307692,73.2784484462472,1.61815371875,32.5586983353829,-0.0468172175461924,-0.0352174462536132,-0.0386129661902074,"1127386"
"100%1061",2.57568621240294,118.576785272837,1.56300269398749,4.71229942455528,0.0245027757697843,0.00440307909173532,-0.119012001260757,16.5953497272727,117.058791128209,1.56461275965017,4.68789017480771,1.90834278942399,52.48249,51.5615453,41.5197423,32.8779405,11.9334485,16.0432398769231,98.7412266747986,15.4960146875,80.8194568255494,0.0141230833720101,-0.00431344259181492,-0.125963727121433,"1133065"
"100%1062",-1.3524855627366,276.08057219397,2.46853846252619,9.35613082297988,-0.0732521670447595,0.0651310924976938,-0.00881560429967776,17.0911386515152,256.946725398171,2.52443267235404,9.46760506725333,1.67968130764677,85.459518,81.88864485,47.3830918999999,41.4104295,10.8996875,16.0393174307692,187.882111835603,15.04046509375,125.966880407064,-0.149989925085514,0.00288390647034225,-0.0642918073446943,"1139"
"100%1063",1.06954353959115,205.879551372527,2.25962378850874,8.65705600043773,-0.027100894477767,0.0543397192260687,-0.0469606887290133,37.8719443636364,192.48768185805,2.2566355705717,8.61445307285497,2.09444538287047,93.711889,88.1901078,81.0202236,49.167687,35.1656605,37.0128682923077,146.740258851965,36.25968121875,112.159175491191,-0.100443979619755,-0.0118387581187517,-0.113717324428475,"1142"
"100%1064",-1.14895463266011,810.884123577053,0.120350821404966,1.22003466297458,0.526163998096777,0.190825304659488,-0.203791196060076,62.2860655757576,788.965082832275,0.115204422057119,1.18454473192867,2.39576693512008,99.28119,98.6602372,96.9743263,95.177325,49.780972,61.7169098153846,779.723080732203,61.1448946875,770.638168944268,0.5173682843735,0.177947223731372,-0.224449888138518,"1148"
"100%1065",3.55337784868734,223.701221838692,2.20909188191184,7.83471794399053,0.147106932693845,0.098836910003564,0.0797939803844142,28.1364030454545,221.046703061078,2.1958607926477,7.73513300514451,2.22362594686271,81.292623,79.43098335,76.8837176,41.3946545,24.3250355,27.3186150461538,180.308125590894,26.520022125,141.671647561645,0.137671638745923,0.0882442445217634,0.0743493288415193,"1154"
"100%1066",-0.437204766934376,419.267371864917,0.258329660625299,1.80724738220328,0.00514696559872338,0.170879501075482,0.229550994990087,62.4338056363636,432.383934832524,0.313233636385706,1.82132322338881,3.02251373375373,99.477469,98.49408595,97.61406855,93.447427,57.9878515,61.8639031230769,417.599929641475,61.299830171875,403.443339414076,0.0501120844086107,0.204696121544602,0.2765574283084,"1160"
"100%1067",2.17522831537532,14.6219668230094,0.81941640897554,6.23679477890878,-0.110747124942057,-0.0528868553084573,0.0396256104026524,81.6440815606061,14.3358583258713,0.827876178222736,6.10744159885201,1.48127063803131,97.131559,92.06578855,88.86705505,85.580334,81.720262,81.4058126769231,10.8094539709418,81.28187121875,9.97985516072333,-0.123497810133415,-0.0678714628442225,0.0276614405629616,"1173"
"100%1068",0.10817167750427,195.341159212614,2.4733877065609,10.6740415342027,-0.107917247847127,-0.0904676270961771,0.271360251252901,37.5982672878788,190.273141287948,2.51401118620993,10.7267335771572,2.08430647173799,97.001806,95.31763195,74.0581010499999,50.1874435,35.052149,36.6843666923077,138.076276678062,35.78239165625,87.3523857325243,-0.130075490787509,-0.111649544698594,0.264633566497717,"1174"
"100%1069",1.62643818270738,218.389592822943,2.4092982475578,9.68367620494636,-0.058482807688153,-0.0366758080069114,-0.110699078804639,37.6906318333333,217.585594800293,2.39831512451916,9.61257466032948,2.2397913537898,97.423658,96.6459551,79.8050227,51.2885405,35.0098225,36.7716622,165.195723148267,35.842669546875,111.680128601044,-0.0607535395315843,-0.0387873675574107,-0.109022564168238,"1182"
"100%1070",11.5218350493371,736.312550411579,0.526144514186445,1.70917041163514,0.575857611716449,0.294912504706331,0.15529108158712,55.8489308181818,755.995693355178,0.557723761150218,1.71831768362681,2.71731862151589,99.354258,99.1635376,98.9239261,98.062699,44.6133495,55.1796180923077,738.059747678748,54.49397396875,719.03492006523,0.59010047094294,0.322302466254128,0.191960366779948,"1196"
"100%1071",-3.12255141242759,177.52987632801,5.32490620460698,36.3218952844781,0.0165898820407752,0.00812183899875685,0.0226380168186973,9.01032587878788,162.618408085707,5.51859704737094,38.045607616194,1.05944021361667,99.126104,51.5691419499996,25.69405075,20.5946155,4.959101,7.62392929230769,38.2619270783054,7.337404015625,33.5234819673278,-0.0684355975755141,-0.0763646970534032,-0.0550053213872121,"122004"
"100%1072",0.731610701635766,172.015530599253,2.75102132647483,11.4884469477732,-0.0216668154810492,-0.0399424341536865,-0.126236369426571,24.374049030303,170.948899810985,2.76183964373707,11.5236630961881,2.08267453810828,86.692482,74.0974586499999,65.63994435,37.388004,20.3599005,23.4153039076923,112.912197016431,22.729362984375,84.0929783265213,-0.0251719428400809,-0.03823984583448,-0.121768495543547,"1220656"
"100%1073",-1.49275990542973,124.148250405765,2.71530442895119,15.3287245592226,-0.130376383010369,-0.178090739615005,-0.0761993151086137,20.4355211515152,122.397463266663,2.6950044149768,15.1796010245227,2.13610045508878,82.020006,56.1751869999998,38.5615398,29.309709,16.603173,19.4880675384615,65.034390136442,19.1322756875,57.8223428036324,-0.139293812076331,-0.187192503276888,-0.0787046079421019,"1220677"
"100%1074",1.23006375276002,408.01487503379,1.99359522245613,6.17304794700017,0.583083527442879,0.416446037811612,0.179758074140049,34.2199348636364,392.278214055846,1.95532160687582,6.01180953935559,2.34949789691791,97.040533,96.6529237,91.0190156,61.047936,26.693239,33.2534641230769,336.664927807263,32.266108703125,278.558720159203,0.566768815163051,0.398448978437024,0.161779388566968,"1220682"
"100%1075",-0.716490227765745,227.213748584627,2.62533775501054,10.6682617844127,0.0358877716465017,-0.144640748881286,-0.102112126824955,30.2888713484849,226.361391456356,2.61397223772517,10.5989984020305,2.13389420371266,98.874567,90.2127085999999,65.38819745,44.3534155,25.5981815,29.2337068,156.361307592809,28.353786109375,108.477525607598,0.0335999417171233,-0.144135806487808,-0.100161117515,"1220691"
"100%1076",-37.7001810388355,348.29249329509,1.21059375375346,5.38564398741165,0.330832696439113,0.310431349636159,0.428413297996062,12.2263927575758,203.438491692355,3.73873019375851,17.8408702845794,1.67221480877522,88.745321,76.4079173499999,55.68068495,21.9954325,7.0407965,11.0491784769231,115.103306111677,10.131748453125,62.1927351128723,-0.123033303288156,-0.126672840210836,0.0987475273483955,"1220720"
"100%1077",-6.73708819190746,152.332292403786,2.58394112455322,10.7741065120187,-0.0488270214532182,0.00253460309919605,0.209692195552105,29.9976326363636,151.465132766687,2.53616354175163,10.4640992031161,2.05922835091808,87.465076,73.8131831999999,65.0861688,43.160865,26.268339,29.1135181230769,102.205906386605,28.52994553125,81.6666706283425,-0.0566576546694272,-0.00494579343579469,0.205262904671242,"1220723"
"100%1078",2.09756671042206,340.874330248557,2.29514971145294,7.27296482493069,0.169379889279666,0.0929478553599281,-0.141911494643042,31.3376359090909,339.961254065203,2.30099437974079,7.28556836533385,2.1209912422673,95.548805,92.43138875,85.62120775,54.9791345,24.9075465,30.3497717692308,280.783640322441,29.405974765625,227.27195374149,0.170367805814693,0.0946248108278757,-0.138254234997834,"1220726"
"100%1079",0.0488427197365882,65.7839647126,1.84522289970979,5.86345104691527,0.16139283574747,-0.044240299026247,-0.233271165082855,58.4035255151515,64.9575918217938,1.83763629551101,5.8366992891803,1.82859809127295,84.145764,83.45280745,83.00818,67.6887335,55.850417,58.0074910769231,55.6052831549306,57.615738171875,46.4985436943419,0.154378078225685,-0.0502021953527764,-0.233054246416074,"1220728"
"100%1080",-0.556210126476855,383.053909184488,1.40982087806381,3.71868272143696,0.225399073850111,0.0463485709519393,0.0747105364523812,27.3305893030303,377.059940625207,1.4327398059318,3.76646501200236,2.44699703828829,82.585668,79.622994,72.61241065,61.266726,18.4819805,26.4805111692308,335.167095773441,25.67508621875,298.237973839199,0.215370591648318,0.0388032951561372,0.0730521554315715,"1220729"
"100%1081",-1.70259026209216,285.801112216439,1.89243463876077,5.8604854703712,-0.162840257277345,0.0044719702098774,0.0423947729704177,32.7953892424242,286.061404221821,1.86466362752738,5.77532183105352,2.327635816813,88.218333,86.09899305,80.3317641,56.6632615,25.924412,31.9427285692308,242.478354143848,31.114367921875,201.665289891647,-0.160613490771561,0.00467345411255091,0.0456465686469609,"1220734"
"100%1082",4.76787395959889,312.800855735548,2.41826100447191,8.14113310427416,0.236341486882413,-0.0875810381890939,-0.0410520082852726,31.565190530303,311.655638950355,2.43955911016977,8.29525055434809,2.10319465979892,98.535837,94.20021415,88.38214525,49.920707,25.0947715,30.5348728923077,246.387748367209,29.57657953125,190.546356155376,0.237475546728566,-0.0823656160869522,-0.0316145760569085,"1220748"
"100%1083",4.04320030906978,396.97831746551,2.05074607806617,6.02519175474472,0.417076640280219,0.37492713951546,0.196982521458399,33.602521,390.518556427924,2.02810849144772,5.96148269955824,2.11753083073328,95.188216,92.15223565,89.6602084,69.2560265,26.747791,32.6550487692308,337.278094765921,31.750948328125,289.417220502142,0.408395120604432,0.369122629852585,0.196929202340975,"1220779"
"100%1084",2.03304877576462,299.976270030027,2.21636398569185,7.22903028484778,0.302511830877631,0.132755301444406,0.016089777004955,32.7102449090909,296.028848527217,2.21927885275924,7.23734711893637,2.18249767073238,94.473736,92.4008262,82.67107665,53.9041625,25.7140615,31.7600373538462,240.992108233641,30.829965375,188.530407345529,0.291613966064961,0.124365634615282,0.0114536154900864,"1220797"
"100%1085",2.78817881953762,355.000529486381,2.48668614177854,8.51219707421544,-0.120524667987342,-0.0965282765213648,0.0925982003073964,28.6029799393939,350.881422132209,2.47910157477698,8.49492254038474,1.88930214655769,96.003529,94.23368625,90.4995291,45.2156355,22.997611,27.5660484153846,285.314616815356,26.539257078125,221.243128435456,-0.131811552211116,-0.104456041930156,0.0867142923219001,"1220803"
"100%1086",-1.36530032478474,239.704959022591,2.29396237495411,8.50871576962264,-0.0942420884077503,-0.0246323919860614,-0.19515077109289,29.6724155909091,238.370034621185,2.3252454304754,8.61702922271244,2.1375031130414,90.641398,88.3275969,77.1994259,45.6179055,24.7870325,28.7344312461538,183.969500276658,27.822755109375,132.819054124301,-0.101402519212273,-0.0280180887138489,-0.198132845407461,"1220814"
"100%1087",0.353551988000282,366.322393644631,2.32128050241101,7.30938788140543,0.29080960344249,0.084541460534569,-0.00981735490758903,33.5124580151515,362.101897563301,2.31959215048722,7.32048831631752,1.92170920539813,92.64871,92.0162496,91.4398109,50.012198,26.83153,32.6026695230769,313.043499366802,31.679653515625,262.557498293596,0.282382149564664,0.0767399281002448,-0.0135178992249465,"1220815"
"100%1088",1.19841677304421,330.239522128633,2.16801909979854,6.71151869691411,0.411656430153599,0.301938467943812,-0.0442564607720247,32.8086064090909,326.00946694046,2.15848096480467,6.68314932510124,1.98416454617148,95.875676,88.2620147499999,83.67867655,60.6939455,25.7833965,31.8383438,268.891968181489,31.0207811875,229.646844536066,0.404894365674861,0.29639539921622,-0.0501718321235068,"1220816"
"100%1089",2.14242901816245,351.768481451183,1.73395833015556,5.35033882440816,0.0679471141365014,-0.192442972841023,0.0966634425221863,34.2574123787879,348.573804711784,1.73407436699385,5.31838669133546,2.38513385731023,98.890037,91.0554862499999,83.89803515,62.980575,26.1319655,33.2630643076923,288.680424921989,32.42597340625,247.644180038358,0.062651888392738,-0.196440423015181,0.0977866313016642,"1220855"
"100%1090",2.05695456652228,416.235016005055,2.06985923931663,6.39226539683419,0.472079578580118,0.301504810789646,0.0459404153174342,32.8335247424242,409.695065455986,2.07458384148544,6.40749942451867,2.30599318403414,98.7886,98.682104,94.41328935,61.732051,25.412583,31.8188312769231,348.044279753571,30.774988640625,282.657987416729,0.46658706075326,0.29822411173159,0.0435549901048163,"1220866"
"100%1091",-1.60346065791559,207.189356550759,3.22840434638842,14.3280539436573,-0.123667565247706,-0.137487057783841,0.2343687540747,28.4490986363636,205.505821082574,3.24046277222264,14.4434604932963,2.02805274306688,97.495103,88.3896260999999,81.5208876,34.1396205,25.1848545,27.3868524153846,134.195224856271,26.51029265625,86.3488195079311,-0.132731222583024,-0.14600567956685,0.230778479660047,"1220872"
"100%1092",0.940035144692661,395.993095780109,0.862374719808019,2.73180925347858,0.475714494406995,0.271473940951292,0.210874840724285,52.2180147272727,398.279020672573,0.873389505934323,2.74957324031001,2.80357022263763,98.490887,97.29999925,93.48474215,87.2889085,45.7188915,51.5061243846154,370.958391463442,50.800614578125,344.401250671542,0.480044916685457,0.280157701406174,0.221009061648111,"1220893"
"100%1093",1.55391321130245,334.974865510857,1.90854512228841,5.84750547944267,0.354333551901417,0.0354681721160469,-0.0228472883793008,33.0571354393939,332.095825681944,1.89440779975488,5.81771541763619,2.23149646771833,97.012903,90.7953656999999,86.45513375,63.7990445,25.197596,32.0732005538462,273.308553537033,31.207977734375,228.919315409364,0.34865988780354,0.0322619476959775,-0.0202661948611764,"1220921"
"100%1094",4.34620937393693,369.609419723453,1.76690226062907,5.15756774749481,0.110277678212863,-0.0870862974146792,-0.121377830471658,35.0864634545455,365.504265641136,1.83975144978617,5.46808724040278,2.03161510480787,97.049194,96.82915405,87.0584354,67.098829,26.038035,34.1331906769231,311.151294944773,33.155417546875,253.870414828424,0.0984809022830446,-0.0950995893367213,-0.130598260943602,"1220934"
"100%1095",2.77913803684433,581.904140037968,1.30858628317383,3.19683911877764,0.150767715878298,0.0918623418840703,0.137072714214297,42.5205014090909,566.647091754634,1.32545741522354,3.23751014268684,2.30531125779035,98.338097,97.6397344,95.7717807,89.0411845,29.886825,41.6617691692308,526.694949374925,40.792989109375,485.863936452714,0.128736908885007,0.0718922349227241,0.122214888233753,"1220945"
"100%1096",1.60315264640009,385.17758135853,2.30685347863726,7.57495762740762,-0.0870370653827032,-0.0645345690480458,-0.175777132008673,27.971279,377.009311162064,2.31557249509177,7.58882193188246,2.17180347822313,92.855634,91.8793275,90.2237548,43.3960605,20.416867,26.9730581538462,317.044093802768,25.9671118125,256.222585060035,-0.104506069865161,-0.0780246147187552,-0.189194745702313,"1220949"
"100%1097",-2.41752318137799,106.011907488642,3.01061277249088,14.5288458606092,-0.201874680008409,0.0832973166485139,-0.0946864016066191,16.0435987878788,103.420385181338,2.98812049260642,14.2914980003563,1.93430132491052,68.352214,59.9078247999999,32.2401212499999,25.5065075,12.596631,15.2388508615385,62.2685991836442,14.6119446875,37.6958082277984,-0.230363041960184,0.0623134553573317,-0.118830885300468,"1220957"
"100%1098",-1.68935564249115,181.677627506598,3.0566929031501,13.7176256523172,0.293295961236159,0.000965893295953899,0.0877144716065103,21.6500083636364,177.431698861488,3.0693076331632,13.8130093469959,1.96854911327937,91.172881,71.3852455999998,58.2970369,33.457436,17.4803675,20.5804257076923,104.656951484353,19.95308290625,80.7108819673992,0.274368992441336,-0.0232274389807256,0.075092987889289,"1220969"
"100%1099",-0.305810964775588,249.081826914136,2.20288901838408,7.07066367093894,-0.136457135598651,-0.097134085910291,0.0485776656531125,24.5895326515152,248.261039720104,2.21509565126021,7.13852918456304,2.12034109465536,80.923737,79.7361077,69.7758838,47.127345,18.6742045,23.7228525846154,202.505573999331,22.857637546875,157.010914593485,-0.136861199325968,-0.0983415864416624,0.051456014616238,"1220974"
"100%1100",-2.50575698372159,257.095625161965,3.04830509771328,13.2175243022017,0.12211405493794,-0.108554652766548,-0.0322651165700339,13.8001698030303,254.019125215071,3.08065073849648,13.3975752136637,1.91201314589032,94.624664,77.1205169499999,58.6880594,26.2424355,7.0412855,12.5567160461538,155.87941355449,11.695177125,110.068824068189,0.113785684450751,-0.119407075901486,-0.0380545893460244,"1221030"
"100%1101",0.619402848525105,409.176761801931,2.22304489202996,7.71552505771627,0.0565550767175768,-0.0714737487402566,0.164293876077738,23.4395323787879,400.527140250394,2.30039574254376,8.04336511832029,2.14002545566664,97.278848,96.8496088,90.49822755,44.9878665,14.8240855,22.3035429076923,321.517939077207,21.142372015625,238.900997237303,0.0350076887090497,-0.0938896645720337,0.15225421151542,"1221031"
"100%1102",-7.44308626095646,292.777607567423,2.22698761871806,7.44699620524884,-0.0200080226134166,-0.0293299140513548,-0.230534841157027,32.8436788333333,289.267477926552,2.2490269738087,7.55121547038163,2.25300542643548,91.816442,89.2673097,85.60630865,49.5891025,27.31487,31.9364055538462,239.390189775415,31.062057203125,193.439133994084,-0.0294124676365189,-0.0376995042900916,-0.240808227905814,"1221075"
"100%1103",2.07421351635765,347.979880457537,1.76791186941256,5.62873755890457,-0.211212184399378,-0.0324495845087285,-0.0110973034256164,33.9531422575758,351.194196333803,1.75113281968475,5.52415922288602,2.34149752571374,97.490703,94.1346074,84.6320933,61.974683,25.8199405,32.9756413230769,293.533650891265,32.048268859375,242.218834568324,-0.201307580045238,-0.021588653485966,-0.000573849847503372,"1221094"
"100%1104",-0.960005896157977,265.409974652626,2.53383995627422,9.20575725959403,0.163797974833441,0.0290636594945512,0.0421061447272684,31.1777575606061,264.644023510443,2.5357129479341,9.25700016133887,2.06131601080056,98.308233,92.73346835,77.03399385,42.459092,25.968331,30.1449810153846,198.318062130259,29.21393896875,145.072227831942,0.161306905193152,0.031512762824005,0.0506444769004194,"1221096"
"100%1105",-1.82484521394362,117.449556913213,2.34693212004711,9.39903356212393,-0.0772555793035817,-0.0420136864808406,-0.0483094487351457,21.2461098333333,115.576969900824,2.33429505372405,9.3464806207394,2.07628964630257,67.737893,60.4578962499999,56.53662975,31.455254,18.5147105,20.5308516307692,83.5898535719427,19.96824153125,64.3214869687368,-0.101597941619254,-0.0662963850256965,-0.0655109811905695,"1221122"
"100%1106",4.54528935836283,529.73007626073,1.67411651775813,4.44933753128615,0.0043132409363566,-0.0366481234739948,-0.0365719862746118,36.1310481666667,524.635658041698,1.67840119067468,4.46121712593803,2.18834314252287,98.724926,97.83186045,96.7220353,75.014573,24.8934225,35.1680654307692,471.502816381714,34.19645740625,417.508607922518,-0.000310563430085551,-0.0373471639474788,-0.0355578667595914,"1221179"
"100%1107",4.85843898248904,565.541383741068,1.27859627230017,3.17311901210195,0.487472705208598,0.544850827238266,0.407883787227525,39.9295525,568.049621086021,1.28158338484397,3.18244260899377,2.4465921948245,97.576604,97.2611473,94.39581585,85.4915075,26.7139615,39.0426747846154,524.876408610781,38.135665234375,479.604291420552,0.490649306479338,0.550528526355984,0.418858413155209,"1221181"
"100%1108",1.25383865222662,722.594626888247,0.294394671401997,1.54277794458853,0.20101647833136,0.113877129351234,0.0618145074914036,52.8981731060606,681.319202550359,0.328763697372796,1.5345503526542,2.92221476602511,98.082725,97.8929835,97.34584545,87.924072,45.210102,52.2030261538462,659.907903614329,51.490716953125,637.238978775222,0.180689545662494,0.11771040717043,0.0921919280878156,"1221183"
"100%1109",2.83993074736323,286.77086581032,1.51057797394651,4.51316506609147,0.178852862601736,0.0178287061312213,-0.16407584173497,31.1328101515151,292.962714184457,1.50524642219112,4.48221064427537,2.49087223152579,82.829276,81.91451995,76.56537565,59.0618735,22.764185,30.3374799076923,255.721519879424,29.539284921875,218.304678327587,0.193792361855511,0.0367066294668469,-0.140011302240592,"1221189"
"100%1110",1.11512891344884,243.302752919956,2.56475548736134,10.0490187884537,-0.00486296014855769,-0.0300618170569948,-0.0824466485665523,30.3575091363636,241.333466920435,2.55604665180216,10.0763381439193,2.08689163806487,97.653893,93.2185348,70.2226388999999,49.181361,25.093796,29.3221801538462,174.300486753757,28.361116328125,116.987092847148,-0.0140118595498882,-0.0350920242769622,-0.0825664106922592,"1221190"
"100%1111",-19.943572581303,710.6382100077,0.939094111864625,3.5010807336662,0.729485573609919,0.593818122371545,0.46402629293723,31.3161767878788,639.634266608719,1.47140888290671,3.58802785787406,2.18708618743797,96.107674,95.54257635,93.7158382,80.110092,17.7943395,30.3193845230769,583.897535722172,29.305026578125,526.14100208617,0.679906547159389,0.512279162349712,0.336441997000873,"1221191"
"100%1112",0.889524420606413,389.342739046576,2.09148335064502,6.46164967319232,0.538720559839913,0.507980768190964,0.320217593387482,33.6733842272727,380.645672671762,2.09141627594084,6.4558688305258,2.17537700024048,98.135356,97.6863841,95.81819105,69.76686,25.8874415,32.6816615846154,321.589849146323,31.669740203125,260.055673188603,0.530166783171635,0.499869191264645,0.311417265392685,"1221198"
"100%1113",0.174397003433498,545.334760146034,1.46855999695959,3.88306450523906,0.403333068800926,0.121770215699954,-0.114505290607494,37.419437969697,534.385708413398,1.46800152875217,3.86458526221709,2.29851216456872,97.933258,97.33396385,96.98022955,76.0855845,24.526453,36.4884561230769,485.403031887792,35.542787203125,434.858623360442,0.394576006904866,0.110745350895067,-0.129917220982582,"1221201"
"100%1114",2.41349428479433,140.657402770652,1.14761544627643,3.80589394257315,0.13570838524323,-0.121201825479898,-0.201871904965871,25.5203746969697,141.391725020252,1.13576766305574,3.80916596436951,2.22841508090544,59.138648,58.11777555,57.35540705,39.32826,21.1890195,25.0031704923077,125.911969833133,24.494343859375,111.05054910697,0.135449472872717,-0.118636626146033,-0.191431830974635,"1221208"
"100%1115",2.73262274983713,353.16203246387,1.61452669560926,4.7028670160468,-0.102462552509235,0.0513190029809286,-0.119478844532319,37.6406439848485,349.815682111677,1.60229980324613,4.64392815364819,2.40569886222512,91.889054,91.0807413,88.3990975,67.890177,29.166384,36.8060530615385,309.225689224555,35.964811765625,268.057690951928,-0.110121320875134,0.0465704951715709,-0.123732878008844,"1221210"
"100%1116",0.800987273722114,206.504141456609,1.6539331066767,4.64170033447632,0.0330609008798688,-0.0431978447618491,0.0261588189280107,57.818577469697,205.276827592156,1.65239459004266,4.63280496295443,2.2768906559282,97.436971,97.1232186,95.88315095,85.0642175,52.4420655,57.2090637230769,183.915470148994,56.588044796875,161.720956434508,0.0276608776052767,-0.0472854534840846,0.0244528497934943,"1221211"
"100%1117",-0.847637490518198,186.459421487579,2.59155325046635,10.4180495554904,0.0626976728404681,-0.0368005935212042,-0.165470619545757,21.6231115454545,182.296863943167,2.61459621367556,10.5312196098679,2.19411698179928,82.658393,74.1100291499999,62.26410535,33.7072785,18.511053,20.6841072153846,126.907308376009,19.921248515625,91.0632643424532,0.0435307728561846,-0.0555556932692797,-0.181349281746286,"1221214"
"100%1118",-22.5551255098774,473.312001453445,-0.0585568924307562,3.52089335837579,0.544714750706719,0.423500966036003,0.527518570675937,25.2655571969697,414.10111260149,2.42128187495077,7.99245462461317,1.89318640496698,98.687319,97.50131665,93.8435278,54.0823715,16.687154,24.1359916307692,336.261286638384,22.9996368125,257.580721496868,0.437108866385431,0.267803670440963,0.288023850884688,"1221216"
"100%1119",-2.49628187501981,113.5371613124,3.38042250962257,17.5310999718319,-0.0836841263032012,-0.0957159395782322,0.295881793434003,17.1900130909091,107.985423844557,3.45680754392371,18.0311201989964,1.86547731052966,75.97499,61.3023066499999,35.6788755999999,26.1895055,13.9235445,16.2856288307692,55.6646193182943,15.705691296875,34.6730886858867,-0.136576365832318,-0.1474423426584,0.265753675329849,"1221251"
"100%1120",-2.34535177861708,204.842882349327,0.611848955329381,2.89626709924878,0.0108461819677607,-0.221092472524845,0.141612965169025,60.3266544545455,196.009249848615,0.565387924231923,2.77997355054409,2.77646049538721,96.054812,93.48876865,91.2902924,79.3893815,58.9836,59.7769904923077,179.08416565809,59.271833265625,165.295407207964,-0.0338772622232756,-0.268059067132378,0.115927333470305,"1221268"
"100%1121",-0.126027861382564,310.506298612367,2.24383416482839,7.72616869333104,0.0462611397038008,0.15074293798498,0.0178419425871954,33.054007530303,301.7180380707,2.24827595379497,7.72714154227257,2.20983020716671,99.003791,94.64639055,84.7162062,53.4158695,26.779952,32.0393954769231,238.416971196002,31.097822,184.515796562014,0.0221857291487935,0.131587184313639,0.00404236193517416,"1221272"
"100%1122",-0.00510884318489976,336.652384182955,1.48083610321068,3.86606266801312,0.20606515560247,-0.0333568506299573,0.294478823469516,31.1758905757576,331.277681623575,1.48745355493075,3.90922681221505,2.35820342036447,81.045604,80.09548275,78.67044925,63.9533405,22.165564,30.4086642153846,297.524266329486,29.640301484375,263.798299374588,0.193352220013716,-0.0475791144123982,0.284194319903189,"1221276"
"100%1123",-0.281117384439984,163.878279936768,2.13687122781458,6.70422305049622,-0.112437941677933,0.356532822223864,-0.0851108820473334,21.0417128939394,160.684770034288,2.1472445922556,6.74174392031715,2.01987160374556,63.872063,63.77131755,58.5361006,43.5088385,17.1986215,20.3827844307692,134.500519927429,19.70568621875,106.802061284518,-0.131673712272138,0.351542825179545,-0.0965606809424716,"1221277"
"100%1124",1.45362257115314,257.543410532403,1.92171421646072,6.0794249601332,-0.0671181676448033,-0.0503504964544254,0.0913783067388203,32.0321049545455,254.689158800848,1.94660856579707,6.18989763163952,2.13650834164886,87.382557,84.9403354,77.6852299,55.7122275,25.7804175,31.1805595384615,210.748900238497,30.361110578125,170.394572895942,-0.0808310522170393,-0.0602211162576332,0.0870851046235107,"1221309"
"100%1125",4.13100317297335,558.608984640506,1.88680212715154,5.51694627839425,0.467658537127539,0.524550985878173,0.244476805931675,22.1100483636364,540.270702542554,1.93649299103773,5.64145964379353,2.24460533974454,97.481657,92.1210186,89.16939755,52.2692295,12.5057335,20.9504851538462,459.839828229814,19.88354709375,393.031631980592,0.454845645716526,0.519978230693058,0.238938901844349,"1221310"
"100%1126",-2.02847461214902,214.964251922755,2.16361368818959,8.0458661864535,0.33511884137563,0.105323734076861,0.0390216750457444,14.7582499545455,198.791092141629,2.26511279129932,8.25496726993014,1.97713000449929,77.240796,60.8880615499999,52.0554685,37.238684,7.504217,13.7969800153846,140.862783504453,13.19876496875,119.802783765407,0.287775965002747,0.0458392763869223,-0.019805632364811,"1221340"
"100%1127",2.53228662407339,330.465848364476,1.60016969228759,4.79899451400765,0.263939116753231,0.245948820736733,0.140704604176994,34.4613976060606,325.008114259501,1.59343296425477,4.75837546232192,2.32124330075462,94.206644,90.46941375,76.1140529,64.858591,25.8668975,33.5422399692308,274.24808884565,32.684195921875,230.67764206569,0.253026633094004,0.235884725946522,0.132791478106795,"1221347"
"100%1128",2.53339941891606,185.378356397063,2.29328001239696,8.97472160201088,0.0582854703796216,-0.0769466594608191,0.104886675753542,29.0401872272727,186.549342603917,2.30316740886038,8.97180480961518,2.23369567911112,89.25506,79.4283885999999,66.6069271,46.468835,25.028949,28.1138045692308,132.779133768153,27.394690515625,101.240681297214,0.0563105002611739,-0.0782149743096052,0.108860631567818,"1221349"
"100%1129",-1.96944540346473,463.276602784312,2.30175015591512,7.74168890730325,-0.122275534912731,0.0445464112544279,-0.0233731114316676,20.1258836212121,454.980723715871,2.31116954712452,7.70963701779582,1.9255077687149,96.985867,94.91671875,90.67700595,41.979098,9.5485585,18.9434223384615,369.69825793418,17.77374828125,286.545862207011,-0.136604101938907,0.0322108257723341,-0.0331698385835756,"1221424"
"100%1130",-1.52501799323258,69.46210531445,0.957850729304486,3.51443977452294,0.228132450874386,0.212283218040409,0.0921662709934189,70.5457796969697,64.6221185761282,0.926751544450066,3.4027938274597,2.18339700098274,93.506851,93.03451875,87.9053598,80.910456,68.572528,70.1925324461538,57.3805860819699,69.839600359375,50.180688977426,0.18176379412269,0.226278378962897,0.0858640808981592,"1221434"
"100%1131",-2.89769650146145,330.571233494125,2.17086044455888,6.65659535146617,0.311191619548747,0.0692455518614406,0.107603954475675,32.720469469697,329.472899017382,2.16091041816259,6.62533892684551,2.16298147595449,94.818524,92.92304015,86.0874659,66.7684365,25.617508,31.7651147846154,274.303342944135,30.82546978125,221.198705074917,0.309918537884467,0.0711242062898144,0.114493170574526,"1221448"
"100%1132",-0.0235802026746252,309.81391708021,2.28003874366492,7.32145958800066,0.233274253078354,-0.025669369405092,0.239783585642496,32.6975518030303,307.80398961887,2.29962852192838,7.43399555338151,1.94285203831048,98.299185,90.6260812499999,86.1731675,59.970896,26.3276025,31.6882959076923,245.31200310289,30.831950375,201.478704512838,0.230391463621871,-0.0282087838259686,0.236732595609649,"1221449"
"100%1133",0.757474471581005,297.141545699656,2.49935620285615,8.92934926461614,0.0432434102849263,0.148182449034107,0.0500087227076025,30.2028946818182,289.135387596561,2.52924695753499,9.04163153282221,2.1819684491818,98.544943,91.0755394999999,83.32536065,42.480726,25.0951295,29.1514785538462,220.622216634276,28.246758640625,170.865760879559,0.020567902934929,0.12657826959417,0.0335996146092404,"1221457"
"100%1134",-1.21739044751994,401.420212103621,2.098398838551,6.66808829302684,0.25466434171868,-0.19819488047982,-0.187212212054077,33.3766616363636,395.85650122483,2.09629063727905,6.65661960245114,2.18197292856299,98.650702,98.2955628,95.00880745,59.283166,25.840106,32.3724456307692,335.388915374803,31.345384875,272.063870434852,0.246417808843244,-0.2098036434517,-0.1933462583594,"1221481"
"100%1135",0.751190903896607,147.424077735572,2.92606632055849,11.985525631863,0.0919908291621009,0.0904547054446367,-0.0822513777618147,16.0917698484848,143.787917953125,2.93354407001438,12.0358785613817,1.93090005986209,70.700607,66.5449802,52.5250208,26.796356,11.920525,15.2516338923077,99.4153637269163,14.4851385625,62.7802478950442,0.0686455566436078,0.0702840291446888,-0.0981249217705091,"1221533"
"100%1136",-0.161751245743314,313.087468144035,2.55831376377392,9.32949796527565,0.0525798523248082,-0.152591466513555,0.196398062445753,31.2777527424242,308.985275768819,2.56536402647481,9.36169310273487,2.13859567666029,98.648582,98.10859645,90.0705223,43.65012,25.702521,30.2412784461538,242.836483585303,29.18539475,174.162928954095,0.0433149947374625,-0.161423994122187,0.19079451903773,"1221537"
"100%1137",-1.43515422249221,343.342186771882,1.69793642562917,5.05047760346771,-0.0822884297424767,0.073138631304583,-0.0170381797423636,34.9162667272727,340.01588909068,1.69413403924234,5.05275923286712,2.40986443426736,92.460196,92.01337495,83.10299445,67.068264,26.5504805,34.0309755076923,293.52002690023,33.128759828125,245.196723710834,-0.0901775761671398,0.0674813316453757,-0.0198395083256276,"1221555"
"100%1138",1.5077958986847,225.100614361729,1.87192021670656,6.01444353308694,0.286420549194065,-0.0245838663295332,0.0699924572794448,25.3823270909091,220.891155472034,1.83241209244135,5.81850536369127,2.37632694492782,77.031141,71.74780385,68.7819323,43.5261855,19.2623255,24.5877299538462,182.618096665746,23.895304953125,154.307099620609,0.277941460326329,-0.0321955481388213,0.0706571586760425,"1221571"
"100%1139",2.93621223234377,355.791515715823,2.33509333029066,7.7780001425167,0.442965655531769,0.214360362265469,0.102158261038509,30.2901555,343.833327788664,2.30129810347873,7.62469775053551,2.1161909841533,97.178701,95.3665257,83.8468809,44.830729,22.85423,29.2611009538462,279.232156201752,28.243450359375,216.280331034617,0.431872568024616,0.206874367428818,0.102318458570984,"1221576"
"100%1140",0.293053117251891,550.338275216591,1.67318439110123,4.80996889816154,0.238508240720223,0.00101304026061907,0.0270886932889463,34.2508866818182,550.3991555479,1.72951726986048,4.89330842944827,2.19594200515537,97.187087,96.74663205,96.0245232,78.94216,26.699271,33.2826374461538,496.99140042796,32.29471828125,441.317913094666,0.23819421484844,0.00355597944311776,0.0317624865258283,"1221588"
"100%1141",-0.705006849153945,214.861931306496,1.90266534051677,5.86376145728482,0.0345892486585127,-0.112007391481338,-0.168949008486195,24.1659059393939,211.462442594949,1.9382158094926,6.00374697793519,2.29282456165354,70.70287,70.0999872,67.70629695,43.6552745,18.921223,23.4499526461538,180.884829147876,22.7261181875,149.655293573556,0.0238713621406716,-0.122287875679442,-0.176495871295288,"1221592"
"100%1142",1.95870093658549,136.74186006486,2.48258630026988,10.6372224026911,-0.0567837770614818,0.0323814378099967,-0.149990763704319,29.6540155,136.442528519527,2.48657179265012,10.5845944274465,2.0475016605908,86.400807,72.2254386499999,53.93897725,44.98004,25.5112425,28.7809879384615,88.237954211322,28.2214323125,69.2650098404353,-0.062757113052599,0.0277986571768815,-0.149237316790981,"1221602"
"100%1143",-0.432403917093655,218.358891614273,2.41065747238492,8.6813357861486,-0.103419398067512,-0.0178990092956214,0.137824906675182,31.8080350454545,216.885517258287,2.39188834889142,8.63584259456599,2.13949065236172,89.419847,84.1460681,78.7761775,40.2294895,26.865498,30.9216994769231,168.373228680895,30.134439453125,130.718467949448,-0.111871091587554,-0.0237492572943123,0.138407807281572,"1221608"
"100%1144",-2.15953555174053,278.696435992616,2.1131617242819,6.78904213430029,0.184139069097644,0.0784615471284262,-0.11605848491948,24.1247336363636,277.516795112618,2.10520292594576,6.75131952503401,2.10641539511823,83.380474,79.5173914,76.19697755,43.928901,17.267314,23.2131068615385,226.936101414039,22.3658543125,183.822580678242,0.185799728167504,0.0791015224202984,-0.113866878102403,"1221612"
"100%1145",0.296584681818182,3.41791733187985,0.749470723751753,2.9663100088322,0.0972206666024002,0.104329966841022,-0.1617340465417,94.0465846818182,3.41791733187985,0.749470723751741,2.96631000883218,0.952607043666704,98.855408,98.69850905,97.8760802,97.1318215,93.606584,93.9726027846154,3.10926148194137,93.9000805625,2.81597796706075,0.0972206666024003,0.104329966841022,-0.1617340465417,"1221629"
"100%1146",-1.17458364241192,188.048831019016,2.53789994625614,9.70303767497165,-0.157822584327674,-0.0112116803077705,0.17979007871557,30.3514186818182,184.350528018268,2.51745486174694,9.586066077273,1.97103000305305,91.0821,78.2826405999999,70.1260581,44.6510445,25.9037825,29.4171005076923,129.571960254654,28.761264203125,103.63864033838,-0.185166539339393,-0.033182703805958,0.166374033635517,"1221633"
"100%1147",-2.15389469740109,241.302311909489,2.27544149750518,7.73201733214758,-0.170764402164971,-0.0464924456676965,0.0220939856378877,29.6632966818182,235.494299254181,2.24247510139898,7.53309423306284,2.17232616485401,85.751465,82.6989714,74.9576396,43.650603,24.1015945,28.8004017846154,189.974506634647,27.983918671875,149.610954530449,-0.20278522811757,-0.0732108252051772,-0.000350477699371931,"1221642"
"100%1148",2.01655458744916,332.145321890731,2.36777483525999,7.67879620317514,0.246195399661874,0.082540257486863,-0.0665955285601129,34.1166813636364,325.754346642054,2.36702886689042,7.66421083669678,1.96700125941175,96.127816,95.0907826,92.0925121,60.923723,27.1680265,33.1626639076923,270.696097762775,32.20376209375,215.158699519498,0.233973056318335,0.0718941307225039,-0.0761615317045903,"1221644"
"100%1149",4.34635909193915,255.976601957454,2.09322472023559,6.43524682259281,0.0191829329913005,0.214526329638469,-0.146694850507158,31.7953845,251.373158505096,2.09182734416128,6.40036778783968,1.96481247109173,84.137388,83.27092045,78.7035093,55.9630575,24.53747,30.9901229076923,212.442986551682,30.1805254375,173.158284073336,0.00109665051128872,0.206795688654041,-0.156138313898777,"1221651"
"100%1150",-0.653059949905799,7.36923790553686,-0.62516781273423,3.39800649728434,0.00320044980620084,-0.0591870044671175,-0.0246488474115697,89.7680746969697,7.3904138002693,-0.642090095706519,3.42648529000621,1.25987909001941,96.269448,94.8720195,94.05314065,92.3658485,90.1376555,89.6680535692308,6.84383355850458,89.5984988125,6.63630728590425,0.00678354449332894,-0.051713570969289,-0.0151367456447705,"1221653"
"100%1151",4.23878433337735,464.800696957499,1.61675178825961,4.17773150276247,0.13826303254287,0.191728575970731,0.0875739904370018,36.3121692575758,456.540359807102,1.6254295578273,4.20034544256983,2.26697365224908,94.961944,92.1311979,90.32055445,73.860818,25.7817915,35.4098650307692,409.829965081235,34.547410578125,367.884758898048,0.121810914073004,0.181477991666678,0.0806154281386758,"1221662"
"100%1152",-17.4917325772173,593.009711951586,0.492800457023863,3.43022218601112,0.671565237857632,0.499875322175723,0.360294302156467,31.3976073030303,436.275077042223,1.46967060081364,4.04917746460647,2.54987796461724,94.162367,88.4181414999999,81.282372,66.8830405,22.214972,30.4319956153846,381.448209837426,29.57429090625,339.590609191475,0.532903214966538,0.2787585214488,0.0633857850448618,"1221717"
"100%1153",4.28879764187488,352.887341507435,1.71556297925703,4.77671501881204,0.0508629526017747,-0.138330297955644,0.144532585631611,22.8311356060606,348.55963133043,1.71367853052224,4.77595981389442,2.35549238484369,81.184604,79.3664461,70.9978288,55.780032,15.1674755,21.9333899384615,300.729566473321,21.0512954375,254.852569888739,0.037891010639618,-0.14913837303173,0.143603771386675,"1221723"
"100%1154",0.552153707711309,8.80368644753178,-0.139805992715275,1.68317161367012,0.382556013699751,0.279693868071601,0.231595598510632,93.6152846818182,8.72110166720606,-0.208422189874783,1.7783318756828,1.33509102968717,98.451627,98.25420445,97.85048065,97.1400065,93.730695,93.5408794153846,8.48988697966486,93.46889471875,8.28572468799958,0.379173964951989,0.269460601004209,0.215825441378373,"1221744"
"100%1155",1.13697031915905,165.396905236159,2.2923302719088,9.03267891607324,-0.178076025603906,0.00448235151641333,0.280595887555958,28.0524792727273,162.105352544358,2.29027968461542,8.91361359149191,2.03455547378765,81.061128,75.2917637499999,66.46827015,43.1136065,24.678332,27.2369616,120.704722126027,26.534645640625,90.5296324677129,-0.203400320306843,-0.0173782210866301,0.269493578469988,"1221785"
"100%1156",-3.16917703419436,181.580854185193,3.09914314349656,15.1761054763402,0.318748817227914,-0.0123276815591894,-0.127499770901692,21.5435956666667,173.414965702237,3.07602209364704,15.1003402082015,2.09128125880377,92.974284,72.7315042999998,46.62984835,33.3633205,17.2487355,20.444662,96.3776448050947,19.7979919375,70.7017044724803,0.291881856963471,-0.046867753547247,-0.16160742423811,"1221803"
"100%1157",2.13129401028296,270.316610884435,2.51641444241144,9.07981579054509,-0.0957261733228271,0.0161304923005321,-0.119183343995549,24.9285577575758,266.565367330845,2.53169489782621,9.21882015947963,1.98292485961373,93.837235,85.9302300499999,72.60890615,41.4966895,19.627036,23.8684242615385,196.490093040352,22.965233828125,146.536308408484,-0.111879284518781,0.00641817427604484,-0.126239296894397,"1221813"
"100%1158",0.781795232502245,263.714311240831,2.70871966139531,10.3901937071929,0.072827491432588,0.0493505583220374,0.195565875944156,29.1681060454545,258.575189049997,2.71076700439526,10.3930563802948,1.89021348327834,98.788317,90.3667720499999,82.93901055,40.8826275,23.560039,28.0970258769231,186.837228871723,27.1949154375,136.859349653298,0.0605107050055358,0.0421835493219845,0.200123096808504,"1221829"
"100%1159",4.36656023184389,8.35723331802013,-1.76588260458862,6.41929387500476,0.048749226200369,0.0524699637563646,-0.0590103538118609,97.4319502575757,8.44529132469631,-1.71659009763466,6.08867618831712,0.885346528442741,100,99.8909131,99.7998664,99.6373865,98.868511,97.3924418,8.47219828101677,97.354320984375,8.51011860120317,0.0651846060203947,0.0531885635846631,-0.0670090398777652,"1221877"
"100%1160",3.90892530309439,23.9358807081037,-2.34055028806321,7.94384518507538,-0.165399743232544,0.0267993433542219,0.101467538664953,96.8852966060606,23.7385033302887,-2.32460314496408,7.81070027016264,0.817498339075658,100,100,99.8467593,99.6377885,98.8844515,96.787962125,24.1676895196501,96.787962125,24.1676895196501,-0.173484037661028,0.0189413156876954,0.0969431464213055,"1221878"
"100%1161",0.901414987436411,215.186695927395,-0.83039899305215,3.28105184351128,-0.109838038410893,-0.0128414928932837,0.0465971128323945,76.7986101969697,217.477334938737,-0.792999560599611,3.22130371628398,2.70141946763459,98.627759,98.33987075,96.2416461,94.3584415,78.6529755,76.4627771384615,213.379406441302,76.1233696875,209.225627512014,-0.109587748087342,0.00383162711603536,0.0606210078087248,"1221880"
"100%1162",-5.73435727424154,3.73460044291816,3.15391454904245,13.13879449704,-0.0467401641346731,0.223358486754132,-0.0521141752281249,1.50938315151515,3.60566618580149,3.22635097816932,13.6735933539033,0.383505481756644,11.044317,9.27975614999998,6.16265989999999,2.9291245,0.776618,1.36269186153846,2.24092789264369,1.253833796875,1.50568730521841,-0.0885494811121109,0.189744217391218,-0.0751414188051144,"1221882"
"100%1163",-0.812989609414893,79.6613477883604,3.14872885518781,20.2502889703016,-0.115843696600196,-0.0196162124386513,-0.0328165326186809,27.2405337121212,79.6096253772843,3.16767321260473,20.398078655892,1.74784957589125,80.53417,55.9427050499998,41.2179823,35.4944515,25.7804055,26.4206316153846,36.4665852612447,26.1662485625,32.8301777122833,-0.115561343808622,-0.0181262416615575,-0.0275304263852978,"1221921"
"100%1164",2.30860353730213,269.328189713114,2.60591499179504,9.47426181812756,-0.0856870946541714,0.355640462264686,-0.0623485758686878,33.7949883030303,265.308559996048,2.64910115705135,9.65976663189046,1.9555161894474,98.011121,94.83592755,88.05923005,42.690236,30.1051805,32.8070478,204.972485273001,31.864560921875,150.436881851934,-0.101206657419108,0.349950525094191,-0.0711225316997208,"1221940"
"100%1165",4.87789126653798,435.194589378419,0.385066205953658,2.72659004180064,0.134390924985234,-0.0571809578336919,0.0531353746305703,50.9797942272727,413.661980627696,0.485782474869123,2.76124646678372,2.85438778875343,100,98.9487043,88.67193765,81.328857,45.8518875,50.2256372153846,382.488326392611,49.473184328125,351.662658902049,0.139818257153746,-0.0532478884513713,0.0890581653996232,"1221979"
"100%1166",10.2733849791348,432.963848735926,1.26637937933137,3.31136857647477,0.283266777111263,0.069613052363743,0.0679668136674522,47.2616581818182,451.204444059578,1.27620615442337,3.34128801800496,2.58942597694449,99.74518,98.2092586,96.84882085,87.8377015,35.4558155,46.4542193846154,415.116861750196,45.6584693125,380.443881192387,0.308288316892346,0.0993877663707549,0.0954813199077238,"1222"
"100%1167",-0.612178393041396,638.892222974584,1.08817934953126,2.54150689109607,-0.271018500955277,-0.0915584148642699,-0.130328395389852,38.5712376969697,636.111198419162,1.09247797539595,2.54345436242427,2.41762338729154,89.363764,88.927562,88.07287265,84.7691255,24.5728045,37.7898142153846,605.596429148899,36.994456875,573.940308925611,-0.275922906952242,-0.0945388073126972,-0.131078770917153,"1222032"
"100%1168",-0.573704816887644,341.106614341882,0.948432405853338,2.50144725724781,-0.137709960972759,-0.0862799090268923,-0.105293607365407,31.2474483181818,338.989114704116,0.938927337128022,2.49729293115914,2.45523947886003,76.700605,74.07869415,67.023744,60.9468535,24.7484335,30.5481689846154,311.930887154104,29.890063875,288.653155471265,-0.142018320788442,-0.0862990492461511,-0.10544180629132,"1222039"
"100%1169",0.08799818355255,250.681180780403,0.974640812447249,2.55935922555495,-0.0049825965493752,-0.0143230380479294,-0.0756491216462562,32.7566369242424,245.405166316192,0.97330264419795,2.54303245619641,2.51367060876058,68.177581,65.9807747,63.96046825,60.528779,27.5014125,32.2116993230769,229.58146912854,31.702540265625,216.317888107627,-0.0261329904883306,-0.0277918273242651,-0.0931198300695138,"1222081"
"100%1170",5.12190055217192,328.02918476696,2.33505241507449,8.05356935796517,0.0103991460191627,-0.0747036572507674,0.130715397231842,20.8840763484848,327.165974753975,2.34890964828878,8.16576748254701,2.18919283322591,92.513448,87.62991545,73.0167208,39.2331025,13.4155195,19.7820860153846,252.050039622237,18.76305109375,188.490230343128,0.00688947256429244,-0.075544341285007,0.134947069236513,"1222096"
"100%1171",0.12049587156868,240.918992489961,2.60093619562189,8.94688168290037,-0.132608414120993,0.144470054866933,-0.15914724602098,21.3353683030303,239.28636020938,2.58747015122702,8.88574600079699,1.90335310962509,80.504082,76.6518258,71.21896765,34.5251435,16.5959165,20.4250804,188.278500445368,19.5789483125,144.684283897515,-0.136806216829912,0.145206659407414,-0.160534493222367,"1222113"
"100%1172",2.13395626523269,563.23387166533,1.07950246181896,3.13978561135696,0.268635600372454,0.10780039476416,-0.0106098775863766,39.6739867424242,564.420239267964,1.14922912427956,3.23699359328152,2.80688122282151,99.086565,98.96763905,98.55091925,77.507567,30.1101645,38.7599470769231,517.962705897169,37.82020246875,468.653077818438,0.266710325167991,0.0946213137197851,-0.0235184107016883,"1222118"
"100%1173",-1.02111982584121,44.2208549979755,1.85606222470058,6.15883657139703,0.258422906552446,0.15496166691079,0.0881313217832608,15.9371760909091,36.3780048979199,2.64643130595761,8.887803269317,1.35736746138777,39.195824,36.83400415,35.32143285,18.758056,13.7245245,15.5793507384615,28.4870936433559,15.267117859375,22.5953953806598,0.11561127341763,-0.00127992169741257,-0.0744406160128163,"1222167"
"100%1174",-0.426555479499791,433.055476743107,1.5786128737231,4.14991386261832,-0.0656404548946516,-0.173367945250849,0.211758834815374,26.2526873787879,420.478163056068,1.62660062764069,4.25005963992181,2.21870922700664,81.849062,79.25502055,77.14880035,67.5509625,18.1947265,25.3973585384615,378.662287816111,24.5776574375,340.904742893596,-0.0958472850497384,-0.207156344557312,0.19460236415308,"1222187"
"100%1175",-3.14511405411251,253.358300410459,3.06741155652163,14.2394577309499,-0.067236998950734,-0.157257737067447,-0.141987478431073,12.9215134848485,248.958182438038,3.09759191958079,14.3792777375226,1.60941920672366,97.870678,69.8192058499997,44.4329963,36.653684,7.105966,11.6146032615385,140.059362423411,10.941166328125,112.769165247731,-0.0805481573000187,-0.168116057803005,-0.146678296825194,"1222216"
"100%1176",-2.7108237565457,150.047871717885,3.62365363188166,16.5023684077112,-0.064225955109912,-0.00208296909240361,-0.000952220027015934,9.39729256060606,144.865532733036,3.85434047512369,17.8712181671246,1.68393578029686,71.304547,62.5322451499999,55.64322145,13.5640065,5.9916555,8.44487326153846,87.2254668350172,7.6735635,49.9186461184207,-0.101543509036724,-0.0336009439180983,-0.0298510808832167,"1222234"
"100%1177",-3.00297974342789,79.5416256263795,2.67370778749182,11.3195763598945,0.109926299480081,0.00990113829416021,0.127985740227629,9.58748034848485,72.3430979326601,3.15860631196399,13.9524786347843,1.7847335640368,50.812489,45.1289111,39.4416571,15.060949,7.1393355,8.95324944615385,46.9076453969602,8.435823296875,30.2381390590479,0.0284762266295449,-0.0769063043937402,0.0604720620608687,"1222235"
"100%1178",-4.06901816435124,7.16105905816812,0.404132751217169,2.79462590847136,0.388121783703784,0.471299458783135,0.488491387057346,4.92284703030303,3.43399043968382,1.0818346970859,3.21539084980494,0.804065085367851,10.457107,9.63515404999999,8.99220615,7.966574,4.341492,4.83770456923077,3.00837130912166,4.769659890625,2.75442202220013,-0.190975630571279,0.0432086136543165,0.123622683381588,"1222238"
"100%1179",-0.898481228919057,46.6768372638855,1.56917000333797,4.21341550082729,0.228720163892592,-0.203211322720983,-0.0675708323882595,9.55692260606061,46.5952429163872,1.57419458464857,4.23670941511438,1.18493539099077,31.209866,30.24081545,25.91186455,20.5889265,5.758198,9.2238004,39.9880461321434,8.903562609375,33.9469635875733,0.227279772708106,-0.205755772638775,-0.0615623173344496,"1222274"
"100%1180",0.988527994101386,29.9935273308685,1.29350013959683,4.18252067445321,0.216801285780036,-0.0478367437264578,-0.0509044507138304,13.3822208787879,28.9142333205722,1.29262131969712,4.20051861564173,1.60951523165044,29.96917,29.74944075,27.1980895,19.863093,11.1380055,13.1270370461538,25.0612276424558,12.869160671875,21.1302947376409,0.18966252521187,-0.0801114346565136,-0.0768075197401882,"1222282"
"100%1181",1.55378734597574,228.003935649541,2.49565261887967,10.2485294044979,0.151503596502356,-0.0833512777698808,-0.0347744829857495,29.6208466666667,223.884719176428,2.51539349291477,10.4762256875512,2.21173267382171,99.111601,86.9623723499999,71.9740376,42.839325,25.050154,28.5517581384615,151.894380916222,27.741309359375,111.573961089052,0.13905583893586,-0.097613265834235,-0.0465245979370058,"1222307"
"100%1182",0.00803876070616127,281.407417547355,2.33407348303376,9.1292969617629,-0.174946585363568,-0.154863102556717,-0.169206945014606,21.4342776212121,280.93790883607,2.41729952401687,9.59479466680417,1.9865799220581,99.879332,82.8759033499998,52.2976150499999,48.033609,13.26169,20.2274306307692,189.132373059961,19.3916059375,146.678376726913,-0.173078935378132,-0.157576337265472,-0.170621727367348,"1222319"
"100%1183",-3.42149589481586,62.7666933172407,1.63547695878193,7.84892212774021,0.261349490706345,-0.0641884090930761,-0.0812852139863551,48.6209667727273,91.0512889974121,0.924338454431662,4.98571286091253,2.36214022981452,85.523329,75.3533386499999,65.23043505,59.980917,46.352645,48.0532381230769,71.1792339630794,47.712238875,64.7331778264657,0.502428320062377,0.271467713551986,0.127363832241162,"1222374"
"100%1184",2.47943682536998,443.894635430657,0.282022944360663,1.78620780065288,0.135196018219358,0.0990767129389754,0.162180345325341,63.9070232878788,441.923332991334,0.375050234186828,1.62665062426874,2.74325848773568,99.601888,99.29049575,99.11339045,95.5447275,56.209009,63.3578715230769,428.818687887083,62.79904415625,415.220258200862,0.137527896296575,0.0998946883233962,0.166771487073609,"1222385"
"100%1185",-3.34560668252762,127.448480791418,0.350744242790824,2.80880388000177,0.301927173349601,-0.111945630639046,-0.0271883383641809,52.4386663787879,151.556791195188,1.23095630579363,5.38043954897875,2.52635076102203,99.448628,90.9369481999999,79.7961881,66.427942,49.872304,51.7154362,119.366349297023,51.174212765625,102.191466120205,0.512832714749376,0.184423004773785,0.167651735969972,"1222396"
"100%1186",-5.69416384484434,364.254378877312,0.343661817394967,1.88614518967163,0.154839714777602,0.216905681187332,0.0165157310034163,64.0094628939394,369.191164279842,0.252747740882159,1.79690784472859,2.86352917084155,98.278915,97.97335325,96.9803345,93.2077195,60.386826,63.4822405538462,356.525444216722,62.94588775,343.397322820022,0.174433469545603,0.227662922488696,0.0563610374772727,"1222407"
"100%1187",-7.46409294872159,51.834662715556,0.340290341386917,2.63791514636628,0.236883045438792,0.301470195487142,0.0488837299027829,50.8920346515152,80.3721931655969,0.512619015144103,2.64358608638438,2.28926939354476,73.98818,72.14239255,69.68349395,61.792776,48.650937,50.5367093384615,73.2757872906889,50.21465,67.6787773302375,0.551680568422217,0.507101331573675,0.370136724174405,"1222409"
"100%1188",-3.81231842824664,109.140146098086,1.53738082658036,6.48611245111649,0.391956189082363,-0.0432840712829071,-0.169390337335409,46.8274230757576,130.701619921982,1.86800630112637,8.1092869768245,2.35686675744546,97.864571,85.3560827999999,71.92788945,56.784853,44.8588905,46.0422361846154,92.0221961092066,45.533197015625,76.6171860115955,0.500546501286087,0.166063450272088,0.058394851883021,"1222422"
"100%1189",-5.1990680619946,172.946317912203,1.82557330737373,6.5146108618919,0.145182314609077,0.0404561207479145,0.123472237110749,55.8120280454545,179.152837082125,1.79381644992876,6.21630603135268,2.37155649723184,100,99.66771415,93.70065285,69.413193,53.6520685,55.1322130923077,151.407242121241,54.4391415625,122.550350826436,0.200762865734504,0.0757777208893487,0.160104891259497,"1222444"
"100%1190",-1.51964830636529,168.372517882806,0.958052443063014,4.97230628528881,0.372243020964996,0.0885846370115596,-0.0838151820461823,56.8773915,193.44016618865,0.932664719259275,4.05046298413269,2.61696043876519,99.652134,99.27625135,86.2233873,76.314423,55.109226,56.2193185384615,167.834207246671,55.5497164375,141.312763450113,0.513460274481268,0.421449609119939,0.223757030240024,"1222449"
"100%1191",-8.19819066821018,60.7124283042128,0.670255962733479,2.96199447288415,0.396420859369878,0.469583411516384,0.299026814297738,48.3983073787879,88.6323134960814,0.453751042331648,2.62785565058622,2.41555631844397,74.089782,69.3435652,66.25257645,62.1496845,48.011478,48.0030539230769,79.6850181292714,47.709540546875,75.3303399069269,0.640857573743566,0.661670985812505,0.550662112099504,"1222453"
"100%1192",-2.42712425189314,131.516837185347,1.52768967197069,3.68921399967903,-0.186800609351634,-0.0362412790075483,-0.139329284745317,12.8425888333333,132.244043330547,1.52851390554271,3.68231775220229,1.55382706832728,44.045524,41.7537774,39.34218655,35.2661605,7.0169475,12.3625436769231,119.06930582936,11.922587171875,108.348251521226,-0.179198727933619,-0.028648729608086,-0.134414914417271,"1222478"
"100%1193",-0.963493661883282,355.228871372191,2.37405417050346,8.72670100808573,-0.137158108503104,-0.0534838577696631,-0.152712238174502,16.0285988030303,352.647384745135,2.32598460974685,8.37574140035207,1.76463645121218,98.657432,83.8491033999999,55.6658137999999,45.4418355,7.157478,14.7573859846154,251.417915165471,13.802417203125,196.068570804551,-0.13968060608216,-0.0566911857965785,-0.156597352372196,"1222482"
"100%1194",1.91586443280032,353.779158243637,1.66955153847231,5.31419883043353,0.157503437068922,0.0264882536397022,-0.0266181494164456,17.6941822272727,344.219615851108,1.67053558887559,5.27864284714735,1.84159664774284,91.258746,66.7652932499998,52.6613817,48.8741815,7.6228585,16.5624197076923,264.976799800834,15.98407453125,247.375657995306,0.139944447056472,0.00640886305825703,-0.0479333563254829,"1222491"
"100%1195",-3.31015361489972,330.771556246355,3.40089163675029,13.2124101860215,0.377194148977135,-0.0654889915425073,-0.0756695971411712,8.74051724242424,329.979764125733,3.40827737727471,13.276054213395,1.06396728543621,94.287897,78.8502260499999,65.25658115,5.432773,3.37548,7.42440370769231,220.73415668541,6.438259484375,160.971899986784,0.375036596782045,-0.0672299243672212,-0.0761139802431125,"1222529"
"100%1196",-3.79287461503521,317.145600578171,2.27185001000174,8.63538082127566,-0.062960209704467,-0.161378691547538,-0.0908308973968929,13.765336030303,308.602447118485,2.25716653150191,8.50140360273177,1.75861082221513,93.85998,73.7070933499998,49.015939,40.192515,5.111456,12.5331107384615,213.1371518638,11.746822796875,176.281252601186,-0.0935952452846992,-0.188743871128036,-0.119236927247559,"1222537"
"100%1197",-1.41410320892034,1198.88297964073,0.69737730159621,1.90950441861789,-0.0920039032704561,-0.320601845190368,-0.208348308114314,36.4989210606061,1251.18746525481,0.688842181988947,1.89242555412861,2.360396635663,99.078572,99.06539325,99.0426695,94.36237,23.983514,35.5361572,1209.26016259672,34.543623765625,1164.1218824444,-0.0636794395790915,-0.303063692679596,-0.197363493217,"1222575"
"100%1198",2.50692465063703,272.414655878609,0.781829446694672,2.95782703011417,0.344275364862513,0.285166363693534,0.313699333606619,55.1098475606061,265.726084192714,0.820155454023742,3.00270937572618,2.67726857720662,97.316598,94.86457245,92.33872285,79.2733405,47.7256665,54.4605129384615,241.986237995651,53.84982953125,221.526548414506,0.342680586174664,0.283475498566575,0.30600780946913,"1222578"
"100%1199",0.704312262282462,169.860313508482,2.6775202247554,13.1014376934443,0.283374142046339,0.203821434715608,0.138997800277856,31.1132708030303,138.197517124228,3.59488495150306,18.8604088904712,1.98866223097167,98.058823,81.3707561499999,59.3728874,36.960437,28.7195535,30.0833392307692,70.3135358986426,29.42237775,43.0156297581163,0.125422495075865,0.0441020269032833,-0.0223204292641891,"1222690"
"100%1200",-2.18059456608464,574.302131056851,1.60617381230142,4.17127115884411,-0.131339582944261,-0.0911297648800081,-0.072736279220176,28.3971645,559.2502494482,1.66182101145415,4.31533515763932,2.17272034799786,97.548911,90.99588725,86.8671849,74.7910425,17.3015445,27.3332914769231,493.153596030476,26.39369703125,443.474669016372,-0.16221236086951,-0.117559099176373,-0.0941403111501244,"1222728"
"100%1201",5.11800980064062,146.50434049413,-5.44018214209038,30.9876299364535,0.00904764837317529,0.00999692227752487,0.00541537854640051,97.1458576666667,142.475935831978,-5.52302059845516,31.7037118102885,0.156798418768562,100,100,100,99.6300755,99.1742645,96.9617194516129,151.108468135093,96.9617194516129,151.108468135093,-0.0173324640874513,-0.0136628022498847,-0.0145027672791151,"1223671"
"100%1202",1.00199276703115,159.187277371517,2.22986225854896,11.1470236197212,0.0125337309234366,-0.0907282714950352,-0.0440600779411082,35.7059835757576,157.456950286056,2.18571307776844,10.9658234439102,1.85111232186833,93.938409,84.6261781499999,71.2466693,42.5920045,35.371275,34.8101001076923,106.907290474567,34.110071984375,76.7251576149469,0.00113044884162014,-0.101718203259472,-0.0527404382832062,"1225260"
"100%1203",1.31955778972761,179.826304387785,3.14588567821003,13.9319111898909,0.000434656312833906,0.196073493930575,-0.10011967102272,33.6289973333333,178.44823495321,3.13072533063437,13.8655874550016,2.0331263591979,95.535069,89.5749875999999,83.9885527,40.940775,31.6483105,32.6765962307692,121.327113643117,31.83770378125,77.4797145728667,-0.00485508829826929,0.192870753761623,-0.104327473543383,"1225278"
"100%1204",-1.10340000847816,166.938619221489,3.30656965255932,17.1102155496926,-0.0829325221483943,0.0857349521200358,-0.0461975585049939,30.3126635909091,165.843486840253,3.31066879633309,17.0961173094191,1.78990018375189,99.571691,88.3666646999999,53.3942025499999,38.0316955,29.223561,29.2471400923077,93.462463578597,28.417670578125,50.2015356997119,-0.0906091219877539,0.0787362638302549,-0.0503028445199283,"1225286"
"100%1205",0.664466530162168,179.501723917537,2.33256436912489,10.3834062695479,-0.0173379372726974,0.00957187562005019,-0.00986595057369679,35.4159984090909,176.459335777962,2.39416113812779,10.6746132698769,1.87713702543962,90.489102,89.36746135,75.2678865,43.770284,33.2981235,34.5687198923077,131.793956379775,33.7219264375,87.2443918663741,-0.0336334133493135,-0.00305755979481589,-0.0235134929530316,"1225291"
"100%1206",-2.73975885147817,170.955591736049,4.36152391665476,24.7081037488688,-0.0513775322776118,-0.00769231089347966,-0.0884436012158735,19.1109753939394,171.765831803521,4.39295512697261,24.8943693307213,1.93589514708334,98.120677,82.6394001499999,34.0905756499999,24.91716,16.135568,17.8954415230769,76.8918920419191,17.014068296875,27.600108203811,-0.0441705927543266,-0.000830727633025204,-0.0803344669334979,"1225307"
"100%1207",-5.97184189421232,159.007720583018,2.74504410206027,11.4909169724671,0.276648103184662,0.150083336320885,0.145700958584744,10.4004443030303,123.983213586749,3.57138520674988,15.1043456910152,1.29505877172396,61.262232,60.9538278,45.10666595,11.841767,7.487268,9.61795526153846,85.4795670383116,8.818427,45.2642316083688,0.0808562538601332,-0.0633608773982321,-0.0586915425720746,"1225317"
"100%1208",-6.08669182424771,131.248646086509,2.79416982892829,12.848754400916,0.186995309325574,0.146519955928042,0.175993707212025,9.54177471212121,100.520900907379,3.8597585381692,17.6896647661744,1.2614975619213,63.214854,52.5180938999999,42.73233015,10.1477445,6.7697625,8.71603503076923,57.0655388962423,8.121624640625,34.991146667254,-0.0519337781102705,-0.0656545634751488,-0.0135684126301701,"1225319"
"100%1209",-0.87591622716708,67.1962092979783,2.28542312442437,9.01437627597591,-0.0519672074570309,-0.0547359239726267,0.163521702310955,9.28202577272727,65.3200089279369,2.24495234279714,8.69120527148959,1.50201820138597,42.373419,41.65358365,27.08083365,18.222316,5.89343,8.77292741538461,49.2189770705793,8.26522346875,33.2334092544635,-0.0833867469725134,-0.0826916218292294,0.140982165226034,"1225352"
"100%1210",3.51401620768405,304.286740708069,2.21468288413307,7.21027179622017,-0.0499968035995204,0.143956280436834,-0.11201803408549,38.2440885757576,304.110912989591,2.21115794978201,7.12090356786584,2.03727905417818,97.235254,97.15364195,93.68331015,57.2855225,31.111481,37.3365321846154,254.428074615399,36.402576484375,201.705752030517,-0.0503500435287818,0.14803329558186,-0.104792815701209,"1225370"
"100%1211",0.435226065914813,205.096030007054,2.65712026423997,12.3191248951453,-0.0495277647792392,-0.132796732762744,-0.0419714979680229,34.7354479242424,204.810112158239,2.67998515777075,12.4534651896975,2.0162566852824,99.758007,97.06911495,71.8513826499999,47.911676,31.552867,33.7351008615385,141.915216733884,32.76812978125,83.3554924379262,-0.0502086491312381,-0.130786786023248,-0.0363487875003748,"1225372"
"100%1212",1.47410526812283,225.956191234355,2.40850945803673,9.37098745732674,-0.0424971768694199,-0.137516282154763,-0.073425977177196,34.3253149242424,223.148932574822,2.40783525383741,9.18034144494655,1.56899195994612,96.801925,86.6069583999999,79.14705055,46.010957,30.244617,33.3641363076923,165.606947103703,32.617992171875,132.007036010252,-0.0552707483774971,-0.150207480070322,-0.0863678752039379,"1225375"
"100%1213",-2.3252752739624,291.450879956027,2.51399384718954,9.84823956998323,-0.107042388059896,-0.0402347608172433,-0.145476211618554,21.654805030303,285.887162950628,2.48350222261426,9.63059584023592,1.92720215975795,98.833855,85.4000105499999,66.10227125,45.511223,14.2355555,20.4674350307692,197.235490953691,19.565888671875,147.486216079539,-0.128904468768207,-0.0554642672563137,-0.160086118280734,"1225410"
"100%1214",0.689684854673992,303.063793394463,2.68256973560346,10.0989009680964,0.0190440981847324,0.000569054651747686,-0.13103804413449,34.4121506515152,299.02813115196,2.66419204806931,10.0559019437096,1.69007159895674,99.524032,98.95696615,98.4303395,44.8808105,29.6836605,33.4104294,237.401163200266,32.39103575,173.564934487349,0.0106666988593717,-0.00674462199445219,-0.136039959847945,"1225452"
"100%1215",-3.1602677010283,118.053463548678,4.19076043092498,20.476097520785,-0.0584684424157616,-0.0654383754246699,-0.0720061627946671,6.03727865151515,117.371846823804,4.178715127736,20.298687646921,1.02972856082644,66.68673,53.9459948499999,43.574456,5.783319,3.1701625,5.10421016923077,61.7168592304261,4.44825096875,34.7128244307025,-0.0630114422032553,-0.0704822499073425,-0.0703040768867003,"1225488"
"100%1216",-6.03175589359604,124.817000649944,1.68590843377593,4.43739429721229,0.198300866122932,0.115032751218185,0.1656627283563,8.79973742424242,112.3296355499,1.80608026913682,4.67812458322109,1.15896898047399,41.453602,37.9360594,35.18283985,28.3300275,3.7903785,8.29737027692308,97.4011822425481,7.86386046875,86.7075767192411,0.11404805535509,0.0259603744150952,0.0863506019258172,"1227075"
"100%1217",-3.43147488725326,344.309642110789,2.43100675616951,8.95174567294418,-0.135801295988613,-0.10282722736932,-0.106135608891413,16.8522201363636,332.292080678353,2.57396836016271,9.56464360682168,1.57275160172595,98.968436,87.0535778499999,53.4536112499999,46.230009,9.6304475,15.5888937384615,232.068689750948,14.57250325,168.546537401027,-0.166432271562644,-0.13869194814188,-0.1386166390297,"1227082"
"100%1218",-1.27845980898174,76.3357948813612,2.37738424512863,13.82473984239,-0.339866792416622,0.138246538388482,-0.158942769797179,29.8998984393939,76.3221456272421,2.38078936135684,13.8503216239739,1.54490318089502,73.880516,66.6954465499999,44.6867566499999,33.5710705,29.5353295,29.2232735538462,47.2801309240373,28.69822215625,30.0997499120765,-0.339856660878388,0.137738609000162,-0.156610823731157,"1227094"
"100%1219",0.0916577761872068,108.964531750109,1.72820819224433,10.0780818396897,-0.148383574501992,0.0375644131237531,0.102923012276992,30.491531,108.802451758903,1.71789745385228,9.97604041054981,1.93025991879809,75.793293,72.1413551,48.1716520999999,40.579537,30.382659,29.7945808153846,78.4175246829794,29.16363790625,53.7670164579796,-0.149918996590584,0.0406844156101224,0.105744482163737,"1227122"
"100%1220",2.23445534510415,214.115349496235,2.98605694178291,12.1378856824447,-0.0264255045748284,0.014972676451964,-0.0655072612295292,34.5666749848485,213.25790105896,3.00764789175263,12.2221204378178,1.61913021672758,99.27516,93.2111169499999,81.68517695,39.813381,31.855482,33.5711598307692,151.129463992387,32.69030509375,103.057032464869,-0.0280757502686046,0.0176951509918667,-0.0608123743873715,"1227126"
"100%1221",1.94213759693096,112.780889962236,4.868976027998,33.3693475182107,0.0261885264429891,0.0133722635701361,0.166967454393824,20.1493770454545,107.966716483178,5.1387649802741,35.6762546739144,1.92767969389721,92.415984,56.4099710999997,33.03297775,26.643076,18.149154,19.0375830923077,28.0460804698533,18.756574734375,23.3515301573729,-0.0136758037578828,-0.0294300979220578,0.129295163620223,"1227154"
"100%1222",2.19392087571436,185.897420855893,0.817751709016065,3.34671222021365,0.637551393361129,0.358798341467545,0.090850156847426,62.2169233333333,278.168081005274,-0.214857994952755,1.98465835146284,2.76708737749469,90.383553,89.73730025,86.68168025,84.2930815,65.509335,61.7835905692308,270.054289170462,61.352251078125,262.18039326057,0.791603035243884,0.569231014441345,0.271841603198205,"1227176"
"100%1223",-3.99422173776698,10.6760778116663,0.383529814834478,2.36123246108895,0.587600686747243,0.421507724309317,0.448999868104038,6.30172142424242,4.96302853555606,1.55779262959265,6.55312346032799,0.967657748999059,15.410747,13.93377085,10.63059285,8.683854,5.8893535,6.16158256923077,3.74321550757594,6.052568609375,3.02924042605852,0.174102092483526,-0.0952430922167605,0.018405321012534,"1227179"
"100%1224",-1.46903887847094,367.904312186586,2.3515740971524,8.45502778325272,-0.12680449642812,0.0461990899243677,-0.205275536277642,17.0729689393939,360.700745660893,2.40064182082484,8.68871295060894,2.07700384892366,98.217955,83.8598430499999,74.7809561,38.9482935,7.4780625,15.8245845384615,263.391389477401,14.882335046875,209.797663152304,-0.146479410457129,0.0388393082490253,-0.216906692196193,"1227188"
"100%1225",-4.67023912741793,63.671905362609,2.12283903184915,7.88398070065959,0.416822719406319,0.289603711597854,0.543052561952334,9.06624981818182,44.7971818219483,3.01779450121376,11.6119557097079,1.37418106666697,37.722179,35.24104775,31.6679921,13.1240785,6.909729,8.62538936923077,32.6587454949385,8.230394609375,23.0276824729183,0.187815727755671,0.0259470439696057,0.401671523502112,"1227207"
"100%1226",-0.755818565509834,514.182124859744,0.180274453371571,1.54728370390335,-0.176593793366351,0.120214063542649,0.152014928010907,62.9736463333333,505.847352077839,0.183200717699599,1.5334215972983,2.85959769155148,98.166478,97.17766745,95.7776682,94.181106,58.4797,62.4322181538462,494.282083779057,61.897639828125,483.429932226601,-0.193819378413827,0.115176489280806,0.146901445523997,"1227231"
"100%1227",2.27801578168084,352.145302687773,0.425087757122141,2.09627482939364,0.0556388603293311,0.169889443979948,-0.206429995378757,60.890873,343.916193879782,0.422688903621536,2.05806699478356,2.82554559142277,96.184422,95.93105655,95.4174049,91.128496,58.036802,60.3478953230769,329.748778243135,59.794040109375,314.961989049772,0.0354922118996262,0.151851983222046,-0.228073164512189,"1227237"
"100%1228",0.420213799486047,57.6670338691118,1.43442545133142,6.49464084071146,0.372523016645792,0.0641648642153286,0.0438434215594027,20.6303631969697,48.5868787807703,2.30872387063648,9.79029867570736,1.77915094722915,51.417914,48.4366253,35.62865855,28.9449135,19.775154,20.1567085692308,34.5273546025703,19.739917828125,23.7754005965882,0.273554606063875,-0.0855757037605107,-0.0869897261193786,"1227269"
"100%1229",-0.879969931320761,22.0331752637965,1.37250385796479,5.71940144857274,0.743267416244762,0.455420195911771,0.299830569504633,10.0151888030303,14.9832530400734,2.31410047967304,8.0135472902475,1.11962482222727,23.753363,23.6836895,21.97808795,12.640394,8.942455,9.80383227692308,12.2654402708498,9.587545703125,9.41639544473658,0.660790308157315,0.271892588078652,0.0616934910287127,"1227280"
"100%1230",0.187145782188367,143.476950002474,2.71834527190812,15.442761562731,0.245705710989484,0.35516866294853,0.40129269701029,32.8730821363636,108.365200960705,3.39668330539508,20.3796248295867,2.15264141510875,95.067368,71.1858330499998,52.90098195,40.3623465,31.3121025,31.9162469692308,49.6071444524584,31.5035860625,39.3134695281771,0.0128382333857653,0.173312622364373,0.242433825392992,"1227284"
"100%1231",-1.82106432439292,112.240793226107,3.50933954789083,17.4875171092279,0.195503758520372,0.154333369123318,0.145059479640724,18.4082162575758,97.2218268966927,3.94083688126934,20.3213048730993,1.48345837314064,75.407636,61.6355919999999,41.93528255,20.249332,16.374388,17.5313021076923,47.9649711769443,16.958043140625,27.3537440355841,0.0818075378821473,0.0442098054047176,0.0399933032886396,"1227293"
"100%1232",-0.202097370390108,132.55731291488,2.96930755839256,13.9596640158977,0.161336056507539,0.105443174268428,-0.0288754718577215,20.2808520454545,122.732256375624,3.35424596313305,16.0877436746775,1.77403903908937,81.168607,62.4208370499998,45.76086815,26.052057,17.3336485,19.3441173538462,66.7073006927129,18.82877725,50.4871997949459,0.0988163511152288,0.0463918100470704,-0.0852399519524147,"1227297"
"100%1233",-1.04252757599417,77.5745624232854,1.95326082571427,6.89742224889874,0.511033826627868,0.294993444498047,0.112287762272658,19.3444351666667,69.0644424867589,2.34476694952782,8.18219627468937,1.77424411193162,52.086809,48.3443365,45.5894377,29.231348,16.3596725,18.8407063384615,53.3799520350864,18.411199265625,42.2230526205549,0.455000733443893,0.223108205810278,0.035391165463609,"1227308"
"100%1234",-5.25443252014333,0.51183910783345,2.70743853924773,8.93980134368734,-0.0824629173697009,-0.050295836095161,-0.107155976517411,1.14644434848485,0.511067999537318,2.80716806789135,9.30012303984549,0.228631873582861,3.603183,3.59185545,3.5663551,1.3365535,0.8978465,1.10864836923077,0.424647204992448,1.0699435625,0.333908283406152,-0.0885269151404595,-0.0546721170668194,-0.115074220314762,"1227322"
"100%1235",-0.550079331594634,167.234631118454,2.51000360491143,8.88258470750461,0.0356988745776747,-0.122074447883493,0.0145394357553136,10.1871598636364,164.972857712205,2.49812111509009,8.72162695642994,1.08048446178302,65.640916,54.3662597499999,45.41795285,26.346555,4.8511125,9.33402515384615,119.473538695786,8.725255375,97.2512709015421,0.0237173858115309,-0.130693562495727,0.00821857768121819,"1227329"
"100%1236",-0.988248108457155,165.780047403643,2.16257738111196,6.71228271044992,-0.0907548108425681,-0.203262482782631,0.0569402060809582,10.6869396212121,167.20238710808,2.18679093661524,6.85200462301777,1.00954307955386,62.708674,49.7854272999999,42.5756539,36.4522245,4.945312,9.88660524615385,127.499414139733,9.371915390625,112.272725405687,-0.0833702825129187,-0.193603732580726,0.0675382910137501,"1227338"
"100%1237",-0.535804471830986,347.476631634989,2.45992960428406,8.94166932474714,0.216823375339625,-0.0742756106716197,-0.0877226869819523,14.3406226515152,341.6643553821,2.47104727244922,9.03103273957343,1.7604958399381,97.813162,77.9697721999998,58.7744375,40.4461805,5.9168955,13.0564297384615,238.076735176436,12.209110359375,195.129925702154,0.208914035350186,-0.0773449203137773,-0.0877951256975718,"1227366"
"100%1238",1.74790661682778,96.7961057641122,3.95845684343544,21.4622289573902,-0.0602745091936256,0.00327597715963902,-0.0565214410075001,10.3069499848485,95.9680692154335,3.95274762611669,21.3437035299052,1.52661661807531,69.11295,47.1412710499998,33.8245005,18.4818715,7.055717,9.40224229230769,43.423764459313,8.99742784375,33.4504028245204,-0.0655302507228969,-0.00103357873530019,-0.0612053490744935,"1227379"
"100%1239",-0.571977046484602,106.392349529966,3.16730986327567,14.733703425192,0.424243935339187,0.324525401506823,0.128437199433821,18.0017248181818,92.7878545650946,3.43525630129072,16.01482923514,1.44165746039434,70.308709,55.1848391999999,43.3916457,21.495045,15.0794515,17.1970019846154,51.4751566549717,16.730686125,38.1451747173314,0.347561508395064,0.259919072050346,0.0404045428798419,"1227443"
"100%1240",0.0281864829996656,83.1710473172874,2.1825286138034,8.42773499578026,0.415354708406191,-0.0379484423838645,0.0139428334033974,20.559656030303,74.3744341663258,2.49406693300177,8.92377656152518,1.64467932275318,57.745038,49.8134838499999,44.1622324,28.103063,18.0813455,19.9875732307692,53.9182600819428,19.588275203125,44.3972034284859,0.355355836414703,-0.145313655187599,-0.09804080867825,"1227445"
"100%1241",-1.32972441935626,60.0124629118407,2.86006650883339,13.1282152916308,0.473566838187348,0.135709969101046,0.132585197002589,16.2023658030303,54.2329892066468,3.89844548197107,19.8906377698026,1.41402918558987,58.694399,47.3771241999999,35.8652886,18.677861,14.514138,15.5486422153846,26.861943969822,15.146539640625,16.7720406035102,0.423453716452752,0.0566448234750521,0.0193024099354018,"1227451"
"100%1242",-1.28889137029211,74.3241302156465,2.10186167189456,8.3248998477781,0.366794505668414,0.196549493614299,0.189060875760195,20.124399,58.0600538576472,2.81729875124073,11.1904125565374,1.60406964251821,53.450062,50.51767085,45.49389885,23.547993,18.1198655,19.6116964923077,41.6042706034544,19.153462203125,28.6057241857535,0.205008653238648,0.00654938600944704,0.0115545052225762,"1227453"
"100%1243",5.66870107575758,0.0853235490784035,0.0447703116082837,2.49871423897138,0.303353833664203,-0.0205156239411723,-0.161541975646505,99.4187010757576,0.0853235490784035,0.0447703116082199,2.49871423897137,0,100,100,100,99.8159305,99.4160015,99.3910201746032,0.0725294648731601,99.3910201746032,0.0725294648731601,0.303353833664203,-0.0205156239411721,-0.161541975646506,"1227480"
"100%1244",0.759147706611301,193.703210528287,1.97744249944885,5.41203436241242,-0.0226171652036672,0.0784371611418044,-0.116581250162502,62.6379128787879,195.567320359648,1.99638344620075,5.46317632028969,1.63729683451995,100,99.8710114,99.7910034,90.462961,57.5462105,62.0631115384615,176.769874029678,61.47344834375,156.931228903559,-0.0389735356907325,0.0666797027496604,-0.131336706338486,"1227487"
"100%1245",-0.853212663092283,219.228511113399,2.405991782853,7.03284781996425,-0.123138098081937,-0.0669637027662764,-0.129715403380442,57.0283704545455,218.978228005509,2.41064728286208,7.04774640066371,1.19650394101215,99.311197,99.30113435,99.26845575,82.0431385,51.7970055,56.3778654307692,194.418775947743,55.707274015625,168.226534327692,-0.124011191385127,-0.0677386253493198,-0.130498922227192,"1227509"
"100%1246",-0.529107458456352,207.01374810623,1.79088478041372,6.91508753581504,0.369486915995314,0.372130460164603,0.1278218703523,30.9795979393939,160.628264869566,2.28983222402991,8.14453823515687,2.06879174127427,84.342624,75.0791320999999,63.9860484,49.068747,27.1908985,30.1586283076923,118.616053956845,29.53468346875,95.1644642671428,0.2251570309318,0.245006113823695,-0.0351113403871318,"1227542"
"100%1247",-0.770359833764724,111.178319118004,6.87741332220848,52.712798340031,0.107928484612499,0.0591948777990876,0.0257141760815911,7.751377,108.228114489268,6.92598456195443,53.2272566986716,1.04770881617671,87.832136,42.1760625499996,15.251394,12.949771,5.531104,6.51936532307692,9.71487944754976,6.346355046875,7.92105832027245,0.0870559977451083,0.0468596394855685,0.011639214527173,"1227554"
"100%1248",-4.56037555068406,41.7628011880835,0.552696699355473,3.69883048842564,0.669482651034461,0.434654399709291,0.376481545370606,10.8033136363636,23.914608304212,2.2626922972877,10.9972607097458,1.48424730647019,34.414696,28.3875423999999,23.51944085,13.653622,10.021503,10.4400616,15.5736905881724,10.2103414375,12.3868915547758,0.44816876142333,0.0939852350036249,0.0508065274264307,"1227904"
"100%1249",-2.4116674952547,8.82046255762237,0.400170793792232,3.96414673292585,0.409590324679037,0.506263090173469,0.439089341396627,12.9401364242424,4.370524906934,0.733488310741115,4.97559416219822,1.1254133257397,19.613863,19.38850085,17.52879165,15.379482,12.788029,12.8374637076923,3.74201242788655,12.736999828125,3.14443695072083,-0.18202118001158,0.0775450490571026,-0.0194599707269848,"1227906"
"100%1250",-1.90143937896396,50.4519576301203,1.19770557093909,4.80892356642256,0.70251785224183,0.594341811751167,0.662610113694326,11.850475469697,23.1749975126628,2.74016826944609,11.2012136990606,1.36156259639474,34.326222,29.92310705,26.6806918,14.3670935,10.4017715,11.5046947538462,15.6402919079505,11.2539525,11.7980124078621,0.415163629280261,0.222723192535916,0.387429941621203,"1227907"
"100%1251",-2.92781261052418,45.1202718317707,2.0203658080627,7.55727244128162,0.268151983539784,0.287211067916585,0.273013937432529,8.8082288030303,33.1220068938284,2.54814094003927,9.14038564195314,1.26471089446212,33.262201,30.4249419,23.8895413,17.223721,7.2522025,8.43201384615385,24.290088441338,8.112245515625,18.0232550346355,0.0187133856642941,0.0564586811266003,0.0525458598793326,"1227994"
"100%1252",-2.28517306337929,53.2890788489648,1.33851922751782,4.07142530113363,0.0395849485107309,-0.0294110064909157,0.0977442017354922,10.0461221666667,46.4694841991962,1.78521732195039,5.30441603015898,1.5388901311963,35.090479,29.8807095,26.3559038,22.6775865,7.54613,9.66082436923077,37.3864094219313,9.388720859375,33.1579512642201,-0.0773738161837233,-0.148589725448185,0.0158747814638105,"1228000"
"100%1253",-3.75906452626204,10.8286439688194,0.623337202125458,3.20102947958815,0.279003265389492,0.268922803632282,0.372710699225474,5.80494424242424,6.57057543129218,1.79973310456263,10.2473249236284,1.1143862429829,18.426736,13.60653685,10.87731255,8.186619,5.615429,5.61076283076923,4.18303744542423,5.526383421875,3.7856049035619,-0.148776017921447,-0.105977780083847,0.132344490327006,"1228324"
"100%1254",-1.81734116142835,49.4851791950282,0.266397660432104,2.35178108858245,0.395860581199152,0.433251938078386,0.192901785636762,29.1200102727273,48.5909068870881,0.245430016213144,2.11338322321966,2.02251674318293,46.811996,43.33121675,41.27407315,37.038262,27.4406815,28.8478258769231,44.4488925096621,28.650808296875,42.6203712100056,0.39113165530972,0.431072233301774,0.188025770992447,"1228547"
"100%1255",-4.6068814993221,229.085619835306,1.9192754159207,7.17458421221988,-0.0123636684140543,-0.131312021665178,-0.137078963520331,16.8232463333333,224.253958091364,2.06047189366167,7.37177525692207,1.76943571663513,80.118693,69.5795695999999,51.7387347,35.714006,9.447888,15.8494702307692,165.120185722032,15.0986079375,131.053566699459,-0.0327619123380485,-0.15069100708723,-0.145267603823479,"1228557"
"100%1256",-3.5763183809244,344.488564106296,1.02470308766569,3.310493202715,0.279469123145061,-0.0102856736295751,0.240867708282591,51.1911343484848,319.202108928888,1.11925894619622,3.48905674168207,2.81436976989768,97.592034,97.0221088,92.2235063,83.8282745,47.1641985,50.4772743538462,290.47956853631,49.754806359375,261.090911597404,0.228373065309261,-0.0750404396102917,0.204014247605692,"1228568"
"100%1257",-1.39220438653531,128.969582590612,1.1311302126767,4.52254385350522,0.29599678383633,0.118468795528247,0.167304999269917,41.1920489545455,125.01088637769,1.20038907439,4.63848709720828,2.35548980036547,79.087143,74.4456464,68.0944539,57.149266,38.8288575,40.6090475076923,104.501345439332,40.119401703125,90.5502330563474,0.275336179966914,0.091750934779792,0.148145995081918,"1228577"
"100%1258",0.338469434328299,1144.26578613042,0.640053403912472,1.7010394793442,0.532449981815797,0.184188608830671,0.0687190208184259,45.3383697878788,1145.52820917342,0.653283462716937,1.72100634763804,2.48156229447031,98.972272,98.9599389,98.94485155,98.733799,30.237846,44.5132328307692,1118.21555421657,43.6626068125,1088.65597175902,0.534360474601085,0.188807140641833,0.0775557363045771,"1228588"
"100%1259",1.86621132539221,172.829664691547,2.75527344966061,11.435919124055,-0.180276109426227,-0.0620695984280467,-0.1290687532726,26.9639346363636,172.477233889007,2.76893773917727,11.5443835801218,1.97624936059569,80.931063,79.51305225,77.34095725,39.1516725,24.2393885,26.1336711230769,129.634454696309,25.311548671875,87.7274469408718,-0.178952548000895,-0.0581536886733364,-0.123861869354526,"1228601"
"100%1260",-2.50182850492949,348.370976958341,1.92533699861238,6.24097911654612,-0.0778978310855812,-0.0456245920341829,-0.124259853538881,21.8604563333333,325.23846071477,2.06965065583551,6.49296022116205,2.00707003123605,93.520991,77.5417348499999,65.50555285,57.0225255,14.1838035,20.7579865692308,250.023117010967,20.005181359375,217.093208755174,-0.153420060887911,-0.112570676723431,-0.17666927835039,"1228605"
"100%1261",-2.79351448674504,75.9281682302277,-0.266315883701642,2.50602999329638,0.794203186730829,0.778742189570207,0.666412716771949,25.4244079545455,33.2785749499216,-0.072984781168553,3.52219475876058,1.95145617282121,40.56159,40.0016696,35.5251634,32.063842,25.297614,25.1915282307692,30.2111772868322,24.964830640625,27.3427601024209,0.541777305579719,0.575764130599662,0.414741937547858,"1228641"
"100%1262",0.167751102239712,29.2836432862156,2.46620201284755,9.61714207644531,0.46108712907553,0.399390098189921,0.490955522127874,8.92521240909091,24.9147474982158,2.69768056400269,10.6689664640049,1.40002185678673,30.475059,29.45659285,22.7650966,12.9974345,7.218162,8.59367630769231,18.0435829948621,8.2762620625,11.7766467808417,0.367765138804434,0.299532049589289,0.414563339863625,"1228654"
"100%1263",-2.45357808653391,90.1865961543553,1.26161416702234,5.54054218266136,0.439582842309795,0.292312079004009,0.39124929163151,27.8018777121212,57.0145504009406,2.54983712195932,12.0648530654661,1.73399336466871,61.727963,61.0461273,40.4249222999999,33.2131155,25.9279005,27.2799379384615,39.9119029265437,26.758077828125,22.8335580503408,0.140937290724618,-0.0583480302658631,0.139514762630552,"1228656"
"100%1264",-0.855780768287026,1573.65170080583,0.160468886874682,1.2069512848362,-0.0787337625428807,-0.000903369967934085,0.0870884373422191,50.4106406969697,1564.28311749567,0.16591894824057,1.19300543102653,1.98926762019164,98.623395,98.58075175,98.5259726,98.121004,31.784821,49.6689060153846,1552.03776931182,48.905017203125,1538.35916182012,-0.0842129260203554,-0.00585101495390419,0.0838902661038538,"1228657"
"100%1265",3.25369294510767,316.654649851016,1.20811063172922,5.03668469563025,-0.109079087381585,-0.00633257798735626,-0.0916026994299952,29.3336015606061,317.256933830291,1.21143224394845,5.06093275276929,2.68225246309421,98.727112,81.7739952999999,70.0878857,49.3224465,25.1834975,28.2660090923077,246.914066963123,27.572581203125,219.517353822159,-0.110528342253432,-0.00527799991159186,-0.0899954458723748,"1228766"
"100%1266",-1.42093146945046,305.792065343364,2.47220077484935,8.2991780014952,-0.0745477535321219,-0.0536470986357155,0.124148908499984,18.8718422878788,299.251922614966,2.63314367482995,8.86619300197891,1.90176561598472,84.289897,80.05855885,74.33531585,33.1994885,12.6708395,17.8654106769231,237.004095570464,16.9292429375,183.740632201879,-0.0955818255863289,-0.088191053723948,0.0970888824375284,"1228773"
"100%1267",-2.3402162260754,986.819027822743,0.6033738132927,1.6010630313839,-0.266094079032223,-0.0992787671347608,0.121000766943458,50.8513082575758,973.272640174284,0.607841907753409,1.60104186983096,2.52613710760729,98.664845,98.19628665,97.7503855,97.128522,34.0768145,50.1157153846154,952.533671674228,49.36839865625,931.11566128198,-0.283730589874819,-0.11168532725813,0.11464484272393,"1228795"
"100%1268",3.75894735230574,346.99212440473,2.08744050251321,7.00239076277591,0.456809265768494,0.262632119682975,0.094508787546615,29.0923951363636,335.38501169877,2.08201144142742,6.95500080339765,2.26120471748242,96.016194,91.7268661,85.73614995,52.8688075,21.63911,28.0627982307692,270.580175100889,27.104135265625,215.070736088797,0.441831393299553,0.245287113443446,0.0777856642792017,"1228797"
"100%1269",-5.55601792397831,139.06720829833,2.27765629614962,8.6713960996508,-0.0645658248759247,-0.0238056579688431,-0.0424108881074104,23.2479279848485,131.905995462823,2.50292089662011,9.50000196749989,2.0337490704196,69.727886,68.5304196,58.7489594,36.54952,20.3448425,22.5328517076923,100.187269047942,21.824214546875,69.1118644568875,-0.104589678887203,-0.0678951809114272,-0.088963205081182,"1228846"
"100%1270",0.724635879184055,323.09437340953,1.95433604979176,5.80810251194414,-0.0798633839552557,-0.0540703655361978,-0.0418585794551103,37.1123729242424,319.937997960773,1.95565767841057,5.79953319063124,2.34827339293676,95.937848,92.0335021,84.68663475,74.037,31.083334,36.2073656153846,270.803597886644,35.367931296875,229.232655722662,-0.0906370672034493,-0.0579874267231568,-0.0423439688975404,"1228851"
"100%1271",0.293513402171041,315.263156580464,1.90511639810969,6.27780788046329,-0.0716921470209378,-0.0256636076296582,-0.253870370703886,37.7892215,313.113717291891,1.88740260366464,6.2123403048242,2.34963060073424,94.333947,92.91773675,91.40773335,55.190569,32.544501,36.9193026461538,267.984769793792,36.05624234375,223.755281258768,-0.0773307360742578,-0.0284413386948629,-0.257997994874218,"1228865"
"100%1272",18.557796487023,774.477466471823,0.239010348055822,1.49585683854243,0.472953309019897,0.236885908067088,0.108856656761695,56.6193753787879,831.73181470697,0.271410838922068,1.42453370279701,2.71084685912319,99.429151,99.3310179,98.94873125,97.571823,50.2094355,55.9607634461538,815.898890044061,55.283928859375,798.870481440093,0.504213817435222,0.286900806495565,0.171484380956407,"1228899"
"100%1273",-3.21136570044724,148.159099687105,2.21025231718676,8.01648228235034,-0.0789452200579843,-0.0266130016890014,0.119158492498723,28.3321343787879,146.419640628717,2.18182144810118,7.90885019384529,2.24869933499885,76.282732,71.9253738,66.2303483,40.9647625,24.135828,27.5944328769231,112.754819098206,26.938422390625,86.5438788679683,-0.0920601641779957,-0.0368726926896352,0.114243748584544,"1228900"
"100%1274",1.71244969601888,309.847180201118,2.26325832355365,7.61594545375695,-0.0676670062140519,0.0793848359769527,0.038437092607803,36.4273353333333,308.748176038802,2.27414796346605,7.66655070696404,1.90925779643766,97.378991,96.6678039,93.5518172,56.7325945,29.602972,35.4896175538462,255.46338213608,34.5396919375,200.801683503566,-0.0707020327946581,0.0803581325627085,0.0414541309176905,"1228904"
"100%1275",4.00068267167609,296.716628711143,1.97566819341134,6.29266573743436,-0.154979151387079,-0.0150357263506398,0.0583464476323624,40.2018870454545,294.570251577122,1.99947782919208,6.31176552298812,2.27948884600368,96.924632,96.53658915,90.81999235,61.433486,32.850217,39.3292294307692,248.84103497848,38.43862921875,201.173208202853,-0.159057013041467,-0.0166595834583992,0.0569048334809426,"1228916"
"100%1276",-0.264495047558678,305.808616789939,2.16281990663548,7.25719647268209,-0.00518291816094454,0.00566564353035603,-0.0965273287700963,36.0595237575758,296.692033408236,2.16230059497669,7.23173725779467,2.17220832168692,98.452958,96.30523515,83.0813693,55.998366,30.7135735,35.0996247692308,240.443725753403,34.161356890625,186.978129186781,-0.0343071083306764,-0.0228601665097897,-0.1232484725835,"1228922"
"100%1277",0.550700647104396,368.003039577972,1.96764299949717,6.15412611458683,-0.147773459359398,-0.0772768959547355,-0.0533613862734155,36.6838948787879,363.987456399326,1.94884306002762,6.06511747595428,2.04851991930137,99.218475,98.0644962,90.9681453,62.4826705,29.8241715,35.7218244153846,308.499011368358,34.757429125,252.865520473447,-0.162076003708129,-0.090183768369664,-0.0616913099612729,"1228947"
"100%1278",-3.49548772375364,387.650821463208,1.94037216569574,6.38688056134046,-0.125526400617609,0.00645551746667141,-0.00612927234494531,39.8212170909091,360.201131032262,2.05145550836423,6.54601547252646,2.30725184823123,98.577254,98.4971597,98.2909056,60.664215,32.4176555,38.9172780615385,311.813706152209,37.98701628125,260.435641619582,-0.212749771808502,-0.0675605176831536,-0.0750775082089284,"1228949"
"100%1279",1.66349252838958,462.698562432173,1.57118375449367,4.520721783809,0.173417320781702,0.18464320050642,0.324404510953261,42.0492541363636,472.946463786318,1.5843157657954,4.53986895867287,2.46112230626401,99.101309,99.06280885,98.7312893,72.344056,32.5996675,41.1715302153846,429.376210652905,40.26730290625,382.939457216342,0.185826642009058,0.197882728605618,0.338655666751587,"1228950"
"100%1280",5.75256031308436,310.667550655633,1.64053791164986,4.70374272493372,0.141429742706972,0.312402707779212,0.0321116133893193,28.7000406363636,306.535305320642,1.66583320550435,4.78931386198288,2.30280300014125,84.200909,81.07175245,71.94367365,57.5221665,20.637213,27.8461811230769,263.132212578411,27.040858609375,225.088270580062,0.127668386157769,0.307073515171022,0.026776626389984,"1228958"
"100%1281",6.10262081139401,1062.66829093356,-0.463670711974446,1.2896815776098,0.398394156783852,-0.232876221099905,-0.586115711444547,71.6366655,1065.03447752081,-0.466261097196168,1.29762077435718,1.61841609151942,100,99.79670015,99.5015364,99.3025565,97.949775,71.2003065076923,1068.85261809775,70.7551983125,1072.67555540275,0.399164455791595,-0.229630512947685,-0.576843409348382,"1228979"
"100%1282",3.16370506043437,465.12040278507,1.59419684811129,4.69029690792607,0.539627547489497,0.425921954351542,0.38226942417297,20.9717456515152,659.658483872464,1.28844615413235,3.22701179958211,2.23764824633446,86.94127,86.8281648,79.4656209,66.4215105,4.660995,19.9568298923077,601.823512045055,18.912916890625,540.392971340418,0.693839974693105,0.652960719358882,0.587725460057735,"1229001"
"100%1283",1.70198538798796,334.068683866369,1.78850216266607,5.9497297467786,0.0504677514121245,-0.137818993348454,-0.162508879125666,36.8576163636364,331.096570709847,1.7823155671771,5.94840485811265,2.28532593940463,96.807978,95.82976765,86.01400645,63.5609715,31.638843,35.9353031076923,280.046689127434,35.007682234375,228.491187145143,0.0424052363297515,-0.144459092242954,-0.163803974350664,"1229004"
"100%1284",1.30301332691529,307.62896916564,1.92882222477407,6.0384877470278,0.0581717655845837,0.0199229941085458,-0.0427547165100699,38.1853095606061,304.620598368478,1.92298783271327,6.03861770608464,2.26656622260053,99.476395,93.5658812999999,87.16754605,68.1759675,31.974667,37.2423697846154,250.624131317016,36.412042796875,209.726344441793,0.0495224913335865,0.0139250064312081,-0.0454838439503295,"1229009"
"100%1285",0.950711413475252,171.446586264222,1.76191978111077,5.57344145946486,0.0760694897270527,-0.0686792260620483,-0.0314616170047216,29.3234862272727,169.417121596844,1.77407433623656,5.57560262960053,2.24659624092273,69.38188,68.7462697,67.46210915,44.379789,23.824901,28.7072032461538,146.956427806273,28.086940515625,124.245441423344,0.0649058681253737,-0.07651126179932,-0.0318200164459494,"1229029"
"100%1286",-1.94530789919532,227.302343350128,1.5495955963642,5.30794821394655,-0.146388974341304,0.100174937693374,-0.244220700328198,38.7198048787879,225.196371072591,1.55090765168431,5.2986324260916,2.42987857038006,92.024644,85.1981086999999,78.0377105,58.9603725,33.155256,37.8997304307692,184.27447200821,37.2181280625,156.955944385374,-0.153809888112123,0.0949187079003304,-0.250950142913868,"1229034"
"100%1287",2.6540529355577,248.372164974312,1.37022788872343,4.44165364347288,-0.0237711232150025,-0.0234087699936503,-0.0435011170991139,42.6982851818182,243.546499588749,1.44588025969667,4.66557671183241,2.56208490262363,96.253065,88.9252958499999,79.76054095,66.3202295,36.7901225,41.8743654923077,202.489687598829,41.200846609375,176.167789399212,-0.0546097247986766,-0.0631930136324695,-0.0634850926392918,"1229044"
"100%1288",0.522920643520611,478.833462974174,1.29038430622013,4.79661347454035,0.244622592292977,-0.100307121476715,-0.063339812672052,32.5371724545455,471.167862400669,1.5119478374561,5.2063699613491,2.71310904917007,99.556863,98.96994095,94.65638485,55.525829,25.248887,31.5061002923077,408.251351698345,30.456915828125,343.079056476281,0.232600561913488,-0.116912327611936,-0.0764392798811288,"1229053"
"100%1289",7.02130663257873,10.536915346804,2.78989417687478,8.932249285181,0.605502486758743,0.232965212082541,-0.148827774548323,99.6787259545455,0.110236656474952,-0.531007308595204,1.89755523899915,0,100,100,100,100,99.7628505,99.469897825,0.0711902375104445,99.469897825,0.0711902375104445,0.13344336406184,-0.0369616291031982,0.134681448881659,"1229054"
"100%1290",-1.58904489046185,195.725238903207,3.06941833627546,13.91724457012,0.00286689793404771,-0.173265794801641,-0.135734646061981,19.1401823030303,193.128393195103,3.04536609801038,13.6682248083813,2.0412843310614,89.750254,76.5400608999999,56.6654388,33.002561,14.0771815,18.0538735076923,118.215190521565,17.25117028125,78.1806923403063,-0.0127645162943335,-0.187383894980466,-0.142624100175459,"1229056"
"100%1291",0.52342715141811,243.879775071346,2.43190309138946,9.3759961231832,-0.0384220898887507,-0.0804634948923046,-0.00195050565954269,21.3168980757576,243.805139493269,2.50510497723558,9.67330087320367,2.23468091967711,91.152927,78.7876578499999,65.45992395,34.8873565,15.375376,20.2424976307692,171.36979092455,19.43176421875,131.323680659064,-0.0389838488976474,-0.0787337646976623,0.00469466244861657,"1229071"
"100%1292",1.71705117811174,328.337963046868,1.76262270970549,5.75583753344605,-0.213592064667683,-0.19277008948686,0.0826623208664722,39.6607678333333,324.505682954254,1.80933209124369,5.95857564556202,2.26506941947494,98.639685,98.13453425,95.01353035,60.2722655,31.3828285,38.7533998769231,275.159181927498,37.82981971875,224.013524088,-0.226869363737783,-0.20193118250095,0.0839070327470526,"1229073"
"100%1293",-1.29069921507052,51.7287529936896,1.4971382635969,5.26114317301379,-0.0112719818181347,0.0277436242630521,0.177279139112913,57.7470563181818,51.6847193347581,1.50298262081905,5.26391990059303,1.94139259079838,81.570555,80.66964135,77.80833035,67.245731,56.2362055,57.3805409538462,43.6138570515743,57.0242285625,36.0430197532622,-0.00783242642273907,0.0317576417063801,0.182465986359902,"1229074"
"100%1294",0.107954534282395,106.195798476072,2.67966618056754,11.5151810430144,-0.113074095733441,-0.0930374818889705,0.233147596669482,23.0646789545455,102.899932024739,2.63191703050967,11.1591910836407,1.95883318420784,71.257435,62.9686694499999,46.16097235,32.783578,20.132088,22.3232519384615,68.2018825702218,21.7579045,48.492384784005,-0.146396013744093,-0.124700264616952,0.217385707601397,"1229080"
"100%1295",-0.397141165645414,204.81872516286,2.06449451478179,7.43873234388361,-0.0850348438000656,-0.0771013508967834,-0.138617640532581,36.4326618030303,203.773069840555,2.04680523825632,7.34221874755076,2.2520309212068,89.903696,87.1572627,80.6165879,52.807221,31.9901185,35.6100305076923,162.244371773209,34.827712015625,124.997995585185,-0.0937966357645382,-0.085283896841974,-0.143144466294744,"1229143"
"100%1296",1.60811459802264,392.160964170244,1.91383410523552,5.68494490451743,0.188922503590145,0.0144685863067596,-0.0989163940506914,40.1216638030303,384.835068619076,1.90280421151786,5.62439228288848,2.26286288265434,99.703415,99.50768505,96.48577775,78.442025,32.5304625,39.2050214769231,335.300219971549,38.264439125,283.03410045991,0.174457828220902,-0.000287879012198681,-0.106819888577605,"1229180"
"100%1297",-9.87415370944483,265.969512312683,2.37766804616244,8.60799392529128,-0.102259803498696,-0.136208239683879,0.119630804707304,36.0967405909091,254.560411521376,2.35998084557296,8.60794352663849,2.21919579744848,97.040793,96.93259855,81.54876995,47.98685,31.150367,35.1591397846154,200.45643759525,34.19483978125,143.146727160795,-0.14785846730671,-0.184326404115221,0.0912503330249788,"1229182"
"100%1298",-0.285127904627331,263.483003320653,2.44910616768311,8.80914704019595,-0.2324002217832,-0.0490206722524388,-0.101609781339277,35.7061034090909,261.883250375714,2.42288772342653,8.71535652769298,2.2029003379899,99.359317,94.6880894,86.2206659,49.0271635,30.7874075,34.7268232,202.618901415887,33.829229609375,153.41599524499,-0.24057418079807,-0.0548290738996431,-0.104786474147778,"1229197"
"100%1299",-1.30989840096219,311.743933512713,2.21540586724468,8.33314524819978,-0.0641855344266869,-0.0395395901992706,-0.0809036691094421,25.6328218484848,300.035497937825,2.20444544204456,8.11885391616308,1.96879959163801,98.151871,92.2577678499999,59.0073448999999,50.09304,17.294964,24.5171441692308,222.498807532269,23.508286734375,159.818785348816,-0.10606853307765,-0.0765895437701558,-0.112728566679846,"1229205"
"100%1300",0.905269788873629,235.195512274379,2.26978995349853,8.50646368584014,-0.151695249012225,0.138677839757532,-0.110160901117079,38.0364963484848,233.663163873863,2.25767838341181,8.39863074498517,2.24563645622584,97.733761,97.222211,77.5453118999999,52.8685655,33.316761,37.1180768923077,181.587358145621,36.183253703125,127.621524939456,-0.160018543801344,0.130568067194674,-0.118497306302217,"1229206"
"100%1301",-2.60029990228549,234.9270854856,2.49207296385191,9.44067410406,-0.0967563482630397,0.0388277171285319,-0.18785392656275,35.8313730151515,238.298562440024,2.49912064005926,9.42255070091191,2.19341826888606,99.207188,96.31910605,83.01846145,49.49303,30.97493,34.8563604769231,179.221830489495,33.92030384375,125.069040257918,-0.080621514834111,0.0544912106838459,-0.16957703259592,"1229210"
"100%1302",-0.638977137252831,300.318197417732,2.37912235033909,8.4377471498912,-0.232151366653785,-0.121403139463165,0.01314245722918,36.5922837575758,300.388755720376,2.36888090549001,8.39699051992244,2.02914595014831,98.890953,98.8816567,96.5607125,48.7167235,30.3108285,35.6338426923077,244.381909003913,34.6456738125,184.729323555774,-0.232432560456181,-0.121358916827974,0.0147118043991983,"1229216"
"100%1303",3.72905816554666,900.505189857297,1.0910304394659,4.91274014114962,0.489374746168984,0.0016435191696147,-0.283023641732449,36.8206193484848,929.430303736124,0.922294508171704,2.52672028524403,2.81734630037583,99.364641,99.2969539,99.10065335,95.2685775,26.5135545,35.8584036307692,882.622531716258,34.867745765625,832.622313399136,0.686308690292838,0.542305524239628,0.389691021337758,"1229217"
"100%1304",0.312836161199444,321.207783000265,1.85521975814293,5.43813739558657,0.149350585289897,0.0826315920447915,0.228901349761454,37.7075194848485,310.971863758918,1.87932611691413,5.48221434780639,2.27479303565421,89.648243,89.4376677,88.37851895,69.146805,32.106606,36.9084314307692,273.612292878923,36.08943378125,234.288270210484,0.126275531038307,0.060339427902418,0.215811922097745,"1229222"
"100%1305",-2.89114226976916,382.231514244189,1.91474290769106,5.75924969336775,-0.12525666222139,-0.190423493178208,0.0340396839562029,38.3494155454545,379.492905602211,1.89363921453048,5.68664733574527,2.22786342569722,98.234346,97.9653331,95.3109448,67.61914,30.379751,37.4281089230769,329.310069095258,36.484478125,276.576998524717,-0.132099294283547,-0.195841494031291,0.0336801868028546,"1229226"
"100%1306",2.41109307547108,141.382875563672,-0.332058580595285,1.98039958743173,-0.0219575632460989,-0.0610354664533148,0.0530117658059148,84.0491566818182,145.116621906132,-0.433798049877185,2.18560838393709,2.45502816310183,99.910113,99.80644255,99.53898565,98.6743855,85.687975,83.8051419692308,143.419335442771,83.555993875,141.62540232324,0.0385896631919276,-0.0405616076672279,0.103946541562083,"1229267"
"100%1307",0.680870223015107,387.511167355551,0.0906898012320864,2.09933918733905,0.140073167632264,-0.0344562754747013,0.0620627141181488,66.7369841969697,382.196027180363,0.126572582161533,1.95794939906645,2.96610825687539,99.701577,99.0989009,98.6101869,95.600746,64.672207,66.2298366153846,371.10085387256,65.721328078125,360.091544104034,0.146976514548751,-0.0202350519382359,0.0698421418876843,"1229273"
"100%1308",-0.434971734425684,143.053774850266,1.02430995549439,3.3699874348529,0.133766053753853,0.134194462260321,0.0444010471296974,39.2322371969697,142.895130262312,1.04031509793565,3.43047944659601,2.47024539073935,75.031249,70.76215885,67.20525795,56.036714,35.6077425,38.6814831692308,125.073736943069,38.2161404375,112.952663314452,0.129903370465504,0.133554544134149,0.044401990466322,"1229282"
"100%1309",-4.47304010396477,493.810331873473,1.01943790216354,3.04134317859763,0.539807176209676,0.347374884294366,0.257790922097146,33.9187346818182,493.829497386579,1.06572329618893,3.0415166865634,2.7271311945105,98.119435,91.0661016999999,83.2533162,69.667702,26.015525,32.9310316,437.040087332462,32.082014078125,397.014839787732,0.558312704291084,0.408856874445207,0.299473477226732,"1229288"
"100%1310",5.65115982669519,542.395288141477,1.68219202982152,4.49926802554736,0.294608039423689,0.283790176928186,0.189206088435537,26.4847132575758,525.188703641029,1.71016807461985,4.63575615882618,2.29687702321247,90.239826,90.118861,89.12848395,64.932479,15.8319115,25.5038653692308,469.772399566217,24.495273796875,410.990890920678,0.272455066987626,0.265618200344691,0.174694961376388,"1229306"
"100%1311",0.518271534361629,270.423891915645,2.45993103712545,8.84537522304054,-0.010535324694529,-0.0840748578825135,0.0330014292869741,37.9116342727273,270.917020774355,2.46773631427528,8.9040327383679,2.12679556434537,100,99.51231215,93.72435805,49.7967645,32.727988,36.9564286461538,214.865400863637,35.983096109375,156.643217987229,-0.012761109516075,-0.0876133424568055,0.0346846059298009,"1229308"
"100%1312",-3.48250925797193,127.776576770364,1.95167192432955,7.62725992878095,-0.0450174003168716,-0.102432647015411,-0.0387754984579248,28.8797536969697,128.035787670601,1.93551555399394,7.52619413535193,2.24262517390366,77.612134,68.9929974999999,49.0236664,44.7565775,25.73595,28.1300247692308,92.9074003235348,27.56405759375,73.5383536116809,-0.0438918447142125,-0.100500228729795,-0.0354758396859217,"1229329"
"100%1313",-2.17445939389397,320.919208251508,2.82794511817965,12.2189056502091,0.0953057089017801,0.0742657696252255,-0.142669995610344,12.9931222727273,301.841109995922,2.89125052687281,12.5877676207656,1.84413110226944,99.089638,84.0251632499999,57.7419980499999,29.9675435,5.059642,11.6685604923077,190.690201310687,10.664732953125,128.171203358764,0.0399178509190821,0.0256004678562846,-0.193498027483553,"1229335"
"100%1314",-1.59749448228655,279.497537287506,2.80873388719973,10.5986267564172,-0.059734946541502,-0.115186550558039,-0.0805270681763799,36.7780535606061,276.95241370648,2.80911400761928,10.6078086478618,2.0867013656012,99.736719,99.21155735,98.52744195,47.960274,32.9150145,35.8094587076923,219.293604791188,34.82321934375,159.496641971744,-0.0693096026592926,-0.124017600480412,-0.0895270563859903,"1229357"
"100%1315",3.27439181798813,407.740511490699,1.79134186631955,5.19910896177507,-0.101540895861726,0.00929445410896433,-0.0331234464972182,37.4924072424242,402.140113499557,1.80215165809661,5.1943571295749,2.23224517125967,99.09298,98.0218424,90.71255995,71.6025585,30.2237185,36.5447061230769,349.04981531007,35.59313784375,295.647376309912,-0.115607020989488,0.000646018369910714,-0.0395524200981963,"1229363"
"100%1316",3.45377028719208,419.099608296868,2.00905694839011,6.15761458243965,0.557518761706004,0.369112465537873,0.185238923100891,23.2226018333333,416.243388044247,2.0140526627331,6.18008623596992,2.20270145435221,99.286903,86.8238640999999,75.0262049,62.3948665,14.836055,22.0523818153846,332.265749708776,21.145184703125,283.961973015983,0.553671382257658,0.365810900410445,0.185218249188118,"1229365"
"100%1317",-1.21583386834645,121.605031362491,2.95621967123987,15.6128184747832,-0.128396680960187,-0.0199993093417829,-0.0926769472913117,23.1819792424242,120.655265552639,2.98849533480146,15.8779871996002,2.04367909784732,84.784418,59.4617829999998,44.5524901,33.109105,18.8057,22.2342494153846,63.2308399532976,21.86562021875,55.3861353278215,-0.137723674967655,-0.0255228964867485,-0.0966269913066348,"1229368"
"100%1318",0.591331540718046,319.947075050762,1.88865594097208,5.91565677617137,-0.281842850932731,0.024441197291496,-0.00562163003533167,36.0860227878788,318.041952346983,1.87425481265684,5.85344527128606,2.37337923217664,96.222404,90.54015145,84.40356665,62.278994,30.8032225,35.1608476923077,266.442274267324,34.343353484375,227.166144102524,-0.288176887576325,0.0208641658311767,-0.00719301884490796,"1229374"
"100%1319",-8.39392627766626,172.908468722526,0.920880726398298,3.88803813857527,0.0409200008277071,-0.0354794215107607,-0.0372822898101983,54.7904670454545,160.413267159239,1.04370131195592,4.10495747035242,2.5799478736556,97.631469,93.06230895,79.42347405,72.8028945,52.9040575,54.1313747076923,134.210584737078,53.5615213125,115.199987142802,-0.0148929323741934,-0.0913254523879317,-0.0836800612717909,"1229397"
"100%1320",-12.0655270245629,217.901552403818,2.27555011112281,9.01223054663955,-0.190150206228906,-0.0243986454430571,-0.109940256774391,33.5993216363636,215.506343928821,2.2361048208382,8.82495773310831,2.25224435939841,90.144552,88.3555583,84.27086275,48.2989175,29.4604145,32.7293950153846,168.874852634504,31.87528784375,124.096083265469,-0.203871015296673,-0.0365825003205175,-0.12185116846374,"1229402"
"100%1321",3.00340819180758,202.412732996534,1.08485501357012,2.86610036674094,0.308497343309319,-0.00600423622088763,-0.0244650300004698,57.1555407575758,205.037127594145,1.12832452474849,2.92425725870271,2.26258403151018,95.675225,91.88886515,89.43334705,78.7613285,49.5659795,56.5629302307692,185.013187333941,56.042818890625,170.320490986503,0.319497550726638,0.0203831355715875,0.0102172663556152,"1229411"
"100%1322",-0.723248969247971,186.60787102415,1.92747918406279,5.86565152740252,0.385801271142249,0.443549818467302,0.284349532450405,19.1525499848485,169.113869620927,1.88630130958081,5.83017513725046,2.15862563144857,66.894372,58.7745524999999,52.79706905,39.501506,13.767985,18.4180604153846,136.110276236269,17.855806015625,117.688548649272,0.328105758436089,0.394810163228006,0.221987665296371,"1229415"
"100%1323",1.51696696088427,311.577393260256,1.87948716039032,6.53737289153376,0.0967994361716686,-0.0599754851823155,-0.242041034091147,35.9934869545455,307.858673069338,1.87513729382091,6.48782265035891,2.35393560860761,96.682609,96.14956935,89.82349585,54.2022145,30.2213915,35.0598081538462,255.059057557559,34.10976534375,200.376568165895,0.0867219302990401,-0.0699049407297528,-0.250182365760089,"1229416"
"100%1324",1.06716462558213,105.500996341448,2.29312708692652,8.78792498543794,-0.026647772909923,0.0411820688782887,0.21714275041623,38.2576235,106.449429858123,2.44804427064676,9.86357877938051,2.00757266717516,84.432978,78.96404505,62.9091837,47.56757,35.136569,37.5472334307692,74.7799460639299,36.94610840625,52.4605485394679,0.0242668708791376,0.111953605978343,0.323606080781687,"1229420"
"100%1325",-0.0359717376799168,72.9247174028002,0.948638807644868,3.29503594402548,0.179630737301178,0.180813448565379,0.228425601790588,62.7366235,68.6955428161488,0.944899789394683,3.25293169717647,2.0550427151439,87.028495,85.75867385,80.81796545,74.7685405,60.6986185,62.3629024,60.5343449223888,62.0080270625,53.2943212260281,0.133860650028584,0.152097373291564,0.204513031659838,"1229455"
"100%1326",0.805770837612031,303.431784360039,2.18594425599685,7.64132984477789,-0.0646104088963496,-0.0720735017543691,-0.191562850536248,36.6342400151515,298.416545217866,2.16228099335167,7.47502099372436,2.31314366494407,98.378352,97.64769935,89.2800603,52.410551,31.0733475,35.6843306,243.453927788878,34.72230028125,187.100243687955,-0.0809650733194678,-0.0892580489597357,-0.202649210223459,"1229466"
"100%1327",-0.46841705022626,216.41833942822,2.29454856723184,8.77695932568735,0.0559255809918639,0.161526365913463,0.143456699851648,35.6175662575758,215.227171725743,2.29851986218813,8.83610707908593,2.15437254022351,99.008976,87.4258407999999,78.0072617,52.916559,31.1248515,34.6423138,155.764613486564,33.915025453125,123.81679350478,0.0495041261418841,0.157660524386409,0.142683028457502,"1229474"
"100%1328",0.251091795142009,261.705860295932,2.26026349528413,8.30107239086716,-0.107734305061442,0.0739592217646572,-0.0588325015069456,35.541422469697,256.36771628657,2.24939170697948,8.23670810166792,2.16395870757368,98.228503,93.566053,80.5287012,44.528548,32.692066,34.5770058461538,198.925273030094,33.694529328125,151.413768104488,-0.129294340726156,0.0586086945804803,-0.0754294507678418,"1229477"
"100%1329",4.56726798055218,335.404642728925,1.55103233711325,4.47337167625559,0.240641636212223,0.0655625446623321,0.0379003461518701,31.2503539242424,333.63911143754,1.56455329986159,4.5171986867068,2.44983422026003,83.378074,82.2843567,81.3732775,60.4533355,22.8339295,30.448389,296.324270023071,29.647653953125,259.277856748077,0.238720925782386,0.068888804316217,0.0373168888068812,"1229486"
"100%1330",4.06400812510684,353.012176486907,1.59357514695555,6.39625580647381,0.286433554134811,-0.123494908344376,-0.216562645829501,31.196728530303,349.896871945395,1.87765841911114,7.18473997106326,2.68217456172538,99.488689,95.73482525,91.7380593,47.1137885,25.7820345,30.1460829846154,282.425400608118,29.152841875,222.71398387367,0.284540256251165,-0.12590050974906,-0.219277568530024,"1229504"
"100%1331",0.893891907369918,173.784525866378,0.92701028116008,4.61418674931309,0.130131847686598,0.0658450756812664,0.136510184168205,58.3218859545455,170.512374453501,0.945862606735609,4.63427088877974,2.46986777150883,96.049929,94.4447319,92.1877235,73.002393,56.861438,57.7414545230769,150.90019907477,57.181471078125,132.875219874999,0.121611422603932,0.0601621334318665,0.140520739978449,"1229518"
"100%1332",0.63717226286117,526.879302119918,1.40396824202285,3.74981021314848,0.419511931984596,0.239748464009715,0.144477972764431,41.8168102121212,505.345146568604,1.39068646206191,3.69827387573732,2.52145752873297,98.753147,98.5934914,98.29804895,82.0309755,31.607559,40.9408665692308,462.479387760712,40.0413875625,417.116566763764,0.396485581480997,0.216997915986623,0.129717856576375,"1229519"
"100%1333",-2.31345208420052,101.326294328339,2.03958534398302,7.89116097537934,0.0509456499194995,-0.146177565269198,-0.0761790648436144,21.6931376363636,99.282876907422,2.04297785557651,8.00376905940872,2.1845183823286,65.636756,55.9556852499999,44.4791698,35.6706085,18.688028,21.0170819692308,70.6449222887981,20.552617609375,57.7264849971056,0.032516704916897,-0.165459104690897,-0.0914668235080116,"1229522"
"100%1334",6.51990871785255,688.352405905794,0.768340685843586,2.30219859145482,0.347078545759723,0.14353491293733,-0.152588852786447,47.3609894848485,653.813107082964,0.818335892460504,2.39544171280243,2.54499566984844,99.405914,99.2431657,99.01100945,94.3441865,33.963492,46.5602983384615,621.558753683295,45.7384978125,587.372462419003,0.314625448350859,0.105231267602313,-0.199729968972198,"1229524"
"100%1335",-1.49245085814273,269.040545118914,1.7319212577141,5.19983108310327,0.198786008669368,-0.0274428885406793,-0.136300071337826,29.5614422272727,269.8768498945,1.74969423501344,5.22477382643247,2.29687702321247,80.39202,79.981779,76.0837606,55.6760295,22.217778,28.7794333384615,233.667299887478,27.982848234375,196.072742624803,0.199723602516211,-0.018936716323563,-0.123684086084455,"1229536"
"100%1336",-1.24339182718821,102.377582750922,2.59867314374344,11.2713797287472,-0.229836871415477,0.126935347387838,-0.210461192355781,23.1329617727273,102.775064948118,2.55863613514613,11.0989483277558,2.08797682820432,71.409232,63.2497676999999,46.8706262,33.7614965,20.582674,22.3902499230769,67.9492409471447,21.820469296875,47.9087003072652,-0.229696178988939,0.127103068625847,-0.208075470208803,"1229542"
"100%1337",-1.28592158658638,268.5730199776,2.35459820419699,8.35651777602621,-0.11552322627495,0.141193000986981,0.00337769097196252,38.2068416060606,265.827627599644,2.34530157860334,8.30509743121838,2.12324830433716,98.987212,97.116746,92.9582852,54.5962685,31.929011,37.2717589846154,212.208235819564,36.35241815625,160.586798188774,-0.129014953340692,0.131970746429901,-0.00252683893963121,"1229558"
"100%1338",5.25181318383428,517.066130515445,1.60682634710714,4.16952216454268,-0.0370988145693251,0.157171389357143,-0.115558209352749,39.4401154393939,515.040343632203,1.61349787228648,4.18822791419628,2.14018539520796,98.467635,98.1773307,97.75249265,85.067397,29.564316,38.5319997538462,468.535550736241,37.602483921875,419.696439393968,-0.0447740148742994,0.155027248313475,-0.116591813871035,"1229586"
"100%1339",4.59840863900606,604.285843516234,0.577647641583566,4.23089566183813,0.606754900848223,0.313194657863952,0.0740083095346166,26.8524514545455,621.218157291787,1.18859048737197,3.05407970801627,2.60052563080019,93.976526,90.47127035,78.50538615,69.6625785,14.728137,25.8197733846154,560.391375968104,24.839085078125,506.633770175952,0.740722200553484,0.635365825163401,0.532364470227347,"1229593"
"100%1340",1.22641611622031,183.851247199011,2.82632240995121,12.8910538045526,0.117692519277151,0.110116106926548,0.0754850909042096,19.5591111666667,177.718556682178,2.86031781177597,13.0857904281387,1.98123682781629,89.068012,67.6165039999998,50.582539,31.22736,14.2619295,18.4897434615385,104.978567264546,17.902619265625,84.2123939852975,0.0863623764688167,0.0795159774639194,0.0503925264251366,"1229605"
"100%1341",2.32251314733731,347.30200936922,2.04949855028269,6.43791627174651,0.00676822966264605,0.172118838160147,-0.0138873376674465,36.9675761818182,343.187427674408,2.0156670963413,6.29045349174069,2.22326835894442,98.79687,96.7414283,90.8372451,58.445771,30.1520365,36.0163562769231,288.749159961083,35.08482040625,236.856525492683,-0.00450751656263659,0.164393014933904,-0.0198841135230952,"1229607"
"100%1342",-1.63476881807617,244.988741888414,1.50884563567539,5.1117994074365,0.11006605117267,-0.0158260331005373,-0.072294861089879,35.2277186363636,242.14106980247,1.48642134360197,5.03528285752139,2.56082625075554,85.424901,84.543852,75.4971692,58.3570035,33.77597,34.4554542923077,206.50443070159,33.68023575,170.668416189354,0.101782995499973,-0.0199322790391018,-0.078774769268797,"1229609"
"100%1343",1.1263964988731,431.587320097228,1.94070352606207,5.63861349410925,-0.0265310808690925,-0.208446104749384,-0.0178954772768995,39.3659242575758,431.231439203031,1.93528945830268,5.62396451900974,2.28051819636583,98.939874,98.77116455,98.5618427,75.762345,31.0180135,38.4494019538462,382.424902243492,37.50829384375,330.830800473278,-0.0271219332042125,-0.205725010443933,-0.0131108643179275,"1229610"
"100%1344",1.48769011376402,334.140818767614,1.90159976494595,6.2883026540494,0.0131431484307894,-0.167894441170734,-0.228575524718529,38.761870030303,334.314934716166,1.90505966937971,6.21809158712249,2.47403059786933,98.432841,95.65543715,93.76602585,60.1738935,32.761369,37.8438550923077,283.836647262856,36.963916703125,237.942642907105,0.0105178295488468,-0.175909411882661,-0.231724364851217,"1229620"
"100%1345",1.83969370151251,330.741857780604,1.91848366491598,6.17511959906113,-0.151327058826583,0.134431703442098,-0.152727782615736,37.4948360606061,327.381844842324,1.92204938758216,6.17614008822569,2.29971578475233,97.935036,97.37317535,88.6454707,59.0749605,31.8157815,36.5649868307692,275.353595654072,35.619586078125,221.560127684649,-0.163969597767366,0.129591983952542,-0.158098264785526,"1229623"
"100%1346",-8.87393613866145,248.638805175088,2.27868256107804,9.45622596437967,0.00602374412837058,-0.0141655873371342,0.0175379838644837,33.827189,223.383472010191,2.42379144097611,9.94718268303244,2.10176576371325,98.680237,92.5861281999999,80.3233888,48.775382,29.5191115,32.8294498,161.118229070049,31.94702425,113.021836065237,-0.101500381895973,-0.127165597195633,-0.0815812438146414,"1229628"
"100%1347",3.88635893360978,498.751712717544,1.54185073221047,4.30541469935964,0.354718670466963,0.227286583638874,0.0891073525194701,40.9208526212121,494.574682175067,1.53709726906473,4.29870307145948,2.43953904263854,99.205529,99.0867688,98.7908462,76.481024,31.2323335,40.0241652923077,449.116344495326,39.102311296875,400.895826099877,0.349898497841691,0.225830393816181,0.0894536413745359,"1229639"
"100%1348",2.18734682061681,279.845804042386,2.4346930304522,8.83999345600292,0.0984676925904917,0.0878942667665459,0.214205754961266,36.4234851666667,276.226033905514,2.43910309015564,8.87911046545074,1.90514888960398,99.141114,98.1660165,93.6056737,51.532438,29.920705,35.4585985692308,219.029259566214,34.486999109375,161.091233571455,0.0858026264609945,0.0763210655064267,0.206727187121209,"1229679"
"100%1349",0.362725205298188,337.786227935182,1.54228006188846,4.76041238169896,0.183682967430686,0.0459236643184847,0.153193582974686,31.8289710454545,331.697101589586,1.5329834679704,4.69008809698836,2.4327920255622,92.851985,90.09037875,77.74704405,56.561011,23.261993,30.8901554461538,278.629401775371,29.988386625,230.125830735774,0.173169943531016,0.036611093028227,0.150919282225506,"1229689"
"100%1350",-0.977788573935168,245.588270274163,1.9067064062422,7.37736738113672,-0.226842552026258,-0.031665882239796,0.186046154045179,34.4739836515151,244.043317019914,1.88520462030906,7.26699766431895,2.33729628907149,98.152345,89.6212867499999,72.11084625,52.9861085,30.7240685,33.4943165538462,184.454486520608,32.689108375,145.193174139245,-0.236242103843746,-0.0398340072509984,0.18424698497113,"1229700"
"100%1351",3.47936806503494,373.099953961782,2.31517903290627,8.38135275522512,-0.186388622650609,0.0474866486100068,0.0535340517561264,24.3091878939394,363.384434523438,2.30795184911791,8.26561032951812,2.09575143392622,97.341499,94.48195075,89.53045805,48.54145,16.183639,23.1856138769231,285.655338552201,22.0956673125,212.899774852731,-0.212774605253877,0.0301895808776812,0.0464207453891054,"1229728"
"100%1352",-0.197303502051309,221.300381888914,2.65495012189188,9.56650045093197,0.156732709603684,0.00374809403955744,-0.0562161538126964,23.5920499393939,216.922392072723,2.64292278212551,9.49216492040475,2.07103563370837,78.32232,77.349517,75.87,32.4420165,19.083479,22.7500457846154,173.467573863226,21.9051136875,129.773838537012,0.139439808561261,-0.0165753804933207,-0.0713393710647007,"1229763"
"100%1353",-4.50534535189137,580.516223704527,1.10732300793551,3.07863966313954,0.237085785019241,-0.0603933388422447,-0.102427885931427,46.9072035151515,631.234926380548,1.06406095396824,2.77968878549663,2.58029869205154,99.531762,99.39920945,98.824905,94.598023,34.477918,46.0975949230769,597.685472164423,45.265872421875,562.059756931629,0.309723691047513,0.0216907236587247,-0.0359580999601681,"1229783"
"100%1354",2.94832046590945,364.491286986201,1.8921534253499,5.66247400777244,-0.0687336145329573,-0.169969125416304,0.0436642096829265,41.2278394090909,363.544497535092,1.87827650480625,5.62346133846243,2.33143450496204,98.821275,97.62454115,96.7857703,69.42052,33.930979,40.3417865538461,317.321572093895,39.4568121875,271.373045767027,-0.0706876211844424,-0.17222007237824,0.0469124253941667,"1229789"
"100%1355",0.22193947594774,143.163547067677,2.01479379251188,8.12558534100874,0.0696154623695578,0.0440828857856608,0.0799686083830247,26.8016896212121,139.198607029779,2.04256081139557,8.33431350102488,2.29701810541834,79.441884,68.8716639499999,50.62949905,43.3446555,23.4807075,25.9918404769231,98.0536520516308,25.410775375,77.6393579412006,0.0433767178236937,0.0162185082593444,0.0593402509219015,"1229797"
"100%1356",-8.45002263321184,280.964857192349,2.00709917088563,6.82235952272583,-0.059534959388692,-0.153585059097985,0.145258455475585,37.2088833939394,274.389078272516,2.10233105703488,7.21702352530563,2.34197283852613,98.389548,93.62097705,86.59270535,54.902761,31.7214145,36.2676424,220.138764535125,35.411616734375,175.947736617419,-0.0832838793648072,-0.182142527577471,0.124193985098499,"1229798"
"100%1357",-1.85864644112831,141.436048789822,2.41599792906152,8.89856062196915,-0.12926751644203,-0.0101166919086934,-0.138765662830228,23.4272602727273,139.999917810767,2.42592002245693,8.97994449457687,2.03788650953578,70.986769,67.63398905,63.44166365,38.7166155,19.7968065,22.6955755230769,106.819832890685,22.021621296875,78.9649633435983,-0.14125092063816,-0.0197541616366753,-0.148391179853867,"1229817"
"100%1358",3.25019305985773,308.27300982433,1.65089486935278,4.82319276561885,0.163607048427847,0.132669564887065,-0.0583287490342975,33.0026493484849,306.439106253202,1.62863546385978,4.78160843234406,2.34014650712082,92.862443,84.0248577499999,76.20820395,60.6014245,24.8609415,32.0817294461538,255.179385252096,31.34447275,223.835979805121,0.158610499935243,0.129600718872861,-0.0598946050554422,"1229821"
"100%1359",-6.72950276941701,337.889181550043,1.85384334426032,5.64148523815711,-0.0675741273485274,-0.045020557729985,-0.0893268593320905,39.9617708030303,337.899380999061,1.86377176723852,5.66610538374481,2.04542010581407,98.947821,98.5774939,95.23369245,60.7628635,31.950332,39.0542931076923,288.745792357058,38.127358828125,237.408980051234,-0.0694722612349428,-0.0471406422147882,-0.0870283346434801,"1229829"
"100%1360",1.68681603050552,196.314111705706,2.14828177153982,6.69527902511189,0.243527583261499,0.128713452873124,0.146934020909137,30.8152957727273,188.344405977834,2.14908776183252,6.69546759054586,2.10197768342853,75.103666,74.5987161,71.8396345,48.809639,26.5204435,30.1339362307692,160.601457746107,29.443422421875,132.118249705605,0.212414894469139,0.100413776935491,0.132229604650317,"1229840"
"100%1361",-0.25926198120367,234.75749529462,2.34062489265638,9.44096125415903,-0.164541541886589,0.0608509146238286,-0.0409260521586014,34.2806461060606,230.192721996606,2.32626761226604,9.37869984549695,2.39550866999999,98.594997,92.5150718499999,78.2366465,45.6161985,31.2395535,33.2911945538462,169.119199793008,32.4169746875,122.084762933345,-0.185872159422686,0.0433049648040989,-0.0579699374881049,"1229849"
"100%1362",1.11569454281337,198.274400438121,2.18818320663676,7.56766634166457,-0.0298071574423251,-0.0709021912402939,-0.0275217514670204,25.0080536363636,185.407485411005,2.16113869185326,7.40914768083623,2.16028379662049,78.261614,70.9126015499999,62.69160065,42.8659635,21.1565345,24.1887680923077,143.958807285345,23.520538828125,117.183690931019,-0.108103139912225,-0.146728913427747,-0.0915673855218614,"1229850"
"100%1363",0.590773355167011,48.2084389869179,2.28233446139469,7.123041723154,-0.142072750369624,-0.23027108431295,0.0775726867966485,10.6942412121212,47.9061817069909,2.28471030198114,7.16223991929754,1.30730196067119,34.68889,34.15099355,30.60533555,18.683141,7.6988425,10.3250927692308,39.6493420764615,9.957338640625,31.4780616044779,-0.149501569612246,-0.234906739733907,0.0788574274590282,"1229898"
"100%1364",1.86791385792263,544.3518012307,0.616327745570738,1.68356510379984,-0.0754774404448123,-0.201307886657454,-0.156756751697201,58.7425506969697,540.879154331714,0.60861571400226,1.66855721851962,2.42533946975451,97.320995,97.033656,96.6526659,94.170583,44.474454,58.1490361692308,525.951245444611,57.5438815,510.365442364716,-0.0828763364580087,-0.211574712265674,-0.161510791305648,"1229944"
"100%1365",0.121501555772718,68.2166084905956,1.29494131555716,5.82219606120527,0.173288123427063,0.236341029835767,0.0282950135160588,29.1456550606061,67.5430072869351,1.30624701644523,5.89899825622647,2.15930755769236,58.983452,57.17997435,48.8260828,37.296932,28.001279,28.6866120307692,54.6745772620077,28.256576734375,43.5083943823097,0.16405242935363,0.232278762649464,0.0263076909497267,"1229971"
"100%1366",0.870904244757287,186.186849184989,1.51841464247951,7.11234868710666,-0.00758686311613965,-0.252398226594923,-0.0723414008622167,45.4701330151515,184.877021469052,1.509259070395,7.09684579134136,2.58187559399676,97.53436,96.0682759,74.7343055999999,57.5582185,44.7320995,44.6691449076923,145.376874750595,43.878368328125,107.002094497082,-0.0130926848219542,-0.255358143570718,-0.0739168978229867,"1229975"
"100%1367",0.404553784154737,211.259655207388,3.73262814703243,16.9317221983746,0.428598127720978,0.062658846361679,-0.0605493530135257,17.9052801060606,206.7748938109,3.76252948478083,17.1058367718548,1.84339226174386,89.439348,82.7235174499999,71.16609995,20.272477,14.785592,16.8047559846154,130.019925459112,15.83127871875,70.4537176292223,0.41695305784226,0.0483121571625045,-0.0714051890424231,"1229992"
"100%1368",0.929717552057472,127.96544611634,2.31370732857004,11.3498060373282,0.189480529480834,-0.0269781929858643,-0.0499020605670317,26.1420016363636,125.645997360514,2.32703646358772,11.4537817549719,2.32570809647185,82.306266,64.8004711999998,52.5170141,36.0163595,24.660982,25.2779360307692,78.3027942336209,24.80768075,65.1521735025836,0.171937627915004,-0.0448049000765689,-0.0625836292568519,"1230004"
"100%1369",0.790754604590354,117.417987767007,1.94578345239528,9.54407092465971,0.0164244010328916,-0.194110110332865,-0.100850637214976,28.1760617727273,119.257903846884,1.96445683116012,9.62544034842856,2.28506302892548,79.945887,65.5303982499999,53.71374785,38.986007,26.9280515,27.3796029230769,79.2257586828439,26.90478090625,65.8090245641302,0.0297250212995036,-0.18083059593304,-0.0887253187005633,"1230014"
"100%1370",-5.86596792940151,4.45019410921661,3.49428304989461,14.3067401424279,-0.0318727049801814,-0.0367707533609005,0.0423438545481547,0.9287735,4.45019410921661,3.49428304989461,14.3067401424279,0.262712791438547,10.871173,9.71374919999999,8.3840269,1.7318825,0.240588,0.775813507692308,2.97447252368702,0.645896203125,1.92384576517738,-0.0318727049801814,-0.0367707533609005,0.0423438545481548,"1230021"
"100%1371",0.670411386359235,200.259104900389,2.72576008452006,10.1967263427476,0.0492701683142817,0.312222174678767,0.273792380357866,17.8608001666667,192.84669529612,2.78298579747947,10.4937856014789,2.00376200417607,79.087375,69.3653041999999,59.8026902,21.453747,14.4785625,16.9188528615385,137.254095639318,16.181173328125,104.027569772571,0.0188111770091953,0.300072098887857,0.268661833223878,"1230034"
"100%1372",0.208602629910376,27.148454912905,-0.546613247817368,5.60273315326838,-0.0964680897599668,-0.0262241402762731,0.024800723518155,18.9321909242424,27.353299588111,-0.436267978844144,5.61830588871432,1.75668703970008,36.550261,29.3403049999999,25.38034805,24.0555865,19.7585785,18.6611436923077,22.9253238537686,18.554942484375,22.5504167621701,-0.09304149344043,-0.021477450352345,0.0350018168415351,"1230074"
"100%1373",-1.47415627478739,37.0076436490459,-0.248928151131401,4.66132362565408,0.0898505621621028,-0.174956385194124,-0.0579269154630883,18.0596110909091,35.0994932532761,-0.110783582926201,5.33845673252293,1.85312530521121,39.278588,31.4583905499999,26.2737973,23.2365885,18.4216,17.7331652923077,28.6060727351553,17.584503578125,27.6165227794992,0.0507586722905797,-0.220530944853475,-0.0957313302648177,"1230075"
"100%1374",-0.372191223865617,223.144368071987,3.67727271594033,17.4827458618583,0.0261074146387075,-0.135297021378742,0.317237670374901,20.9714382727273,220.410541454304,3.67298901033976,17.4464946956258,2.06601029507917,95.950845,90.45949355,67.9103715499999,27.0097585,18.080221,19.8179089384615,135.979897810531,18.760335453125,65.4045747161737,0.0136596935108405,-0.146505531715288,0.315188179904696,"1230081"
"100%1375",2.98556202396422,309.671593314817,2.83588455727345,10.3183188433601,0.110316987246653,0.18714263630138,0.0492709080597036,19.6454056666667,308.333166395975,2.85148341202698,10.4145102762131,1.95594815810699,96.097368,83.3973923999999,75.16775165,22.7502145,15.0409065,18.4692216307692,221.771767075499,17.56156971875,171.687871365563,0.104698114260525,0.184936534728594,0.0536699031553218,"1230091"
"100%1376",-6.71092148369517,136.146131919653,3.72924534347983,20.0669898144012,0.118138863329471,0.161674810411229,0.0938214241348638,18.3844908030303,116.110324061574,4.0280109895775,21.9269464814484,1.80659324450797,79.843583,70.6467037499999,37.3940693499999,21.296283,17.274317,17.4389663076923,58.8915430346891,16.684973,22.858839371695,-0.0284412377238187,0.0302045062294747,-0.0113541787539023,"1230097"
"100%1377",1.75656040173085,187.523269468012,2.81786751345268,11.2454723858855,0.318148550900053,0.171151038327438,-0.0130767894368143,17.9502374393939,183.24702448934,2.83037455742779,11.3053917617418,2.01140102382994,81.162207,70.1352598999999,55.1470363,23.9921605,14.875622,16.9777456,123.647344554088,16.239934234375,90.1955695817928,0.30310199733555,0.157635258089081,-0.0255653590682344,"1230123"
"100%1378",1.04931696008311,209.16626481845,3.06404535711297,12.1894606153041,0.00894249366800374,0.376374351101001,0.0204183110395209,20.9947767878788,207.55424207571,3.08871303682617,12.309137498471,1.97836341997342,82.352615,79.15454285,70.3918735,24.417895,18.273072,20.0508100461538,151.936552435625,19.154221078125,102.058895524015,0.000714400162437557,0.371583916773577,0.010027715619191,"1230130"
"100%1379",0.704398980455338,183.229312955717,2.58855600794889,9.07306518302577,0.582246842464029,0.360138930425464,0.177440545717707,19.7805835454545,181.433676809901,2.58783568090644,9.04931323183804,1.83827452348768,68.953613,68.00970965,64.14745335,30.6638515,17.2067265,19.0240754,146.452862252259,18.266616359375,111.447815340355,0.580394435187999,0.362036892856798,0.182233285415026,"1230136"
"100%1380",-0.957359066856831,211.799520459179,3.92972474590552,18.5418182381394,0.0230375688430532,-0.0159454475197168,-0.0265326862629758,16.2128907878788,211.094721951072,3.9142984403423,18.4681908217696,1.84688445190972,92.822585,79.4770950499999,72.2852746,21.445656,12.431152,15.0342801076923,122.660206118335,14.139642890625,72.5523480784085,0.0198615049864344,-0.0200590470830146,-0.0278592209637425,"1230151"
"100%1381",-3.28124242476185,130.880431642635,4.62001122810759,27.1262942943788,0.0307475247466804,0.0247731165125792,-0.0241337303983282,18.3664518333333,127.419041128643,4.60628861273985,26.6425981924433,1.65251656579187,87.758302,73.8336711499999,28.3862123499999,21.364071,17.943912,17.2988849076923,54.1591907813904,16.53268321875,16.8462013083767,0.00571944711331472,-0.00111997488963812,-0.0437777095474575,"1230160"
"100%1382",-1.53587206455901,82.3926274896208,4.25217364498082,27.3396888288456,0.0408805147130426,0.00122284175829642,-0.119643217411394,18.9559799242424,80.1928594271642,4.45332336816596,29.2320435520333,1.70038468545703,77.708331,55.9700273999998,24.2136708999999,22.3643,18.411064,18.0520976,27.5043808249032,17.642524328125,17.0303695480568,0.0204444432708477,-0.0147294801698012,-0.133358341349864,"1230164"
"100%1383",-4.81081522212244,57.4282338203606,3.4206434762291,13.7706471304819,-0.064251552585419,-0.0510124043596032,-0.0616925697247683,2.88885727272727,57.4053985549854,3.42709148499935,13.8053337687861,0.502574470622225,38.155163,33.6451757,30.96491115,4.9394225,0.296573,2.34629872307692,38.8601530660408,1.895198375,26.2403938954148,-0.0639540878152621,-0.0450017863279299,-0.0577425694234253,"1230166"
"100%1384",-1.91360713629321,56.7391057338012,3.0730347249883,17.2178165499372,0.0112987258639478,0.0346934378007654,0.0291684519004007,15.6538087424242,56.5883105336609,3.13556964665633,17.8957912859424,1.8154055239666,58.653193,45.5605426499999,28.8520667,20.1747935,14.84195,14.9922797538462,28.5759401463626,14.62480515625,20.24499651905,0.0102538677876975,0.0338873286498657,0.0304253583991175,"1230175"
"100%1385",1.0591251879457,112.542576162572,1.3722363658846,6.90805727088772,0.150178088051093,-0.0742696735299931,0.0069058041407823,26.5833975454545,111.933789886729,1.33093301786453,6.69365241876214,2.34693673001774,69.853013,61.9874481499999,51.48547565,38.700418,25.411712,25.9177111538462,84.4087156424869,25.420298140625,69.6453209524872,0.150078904201279,-0.0683831747002335,0.0118568169435993,"1230216"
"100%1386",0.64884320099308,145.912532246391,3.74386474376202,16.7449867426555,0.337474630751575,-0.00191113268790217,0.0334289546615857,17.0425889090909,138.86539133748,3.71744667165016,16.6060608375407,1.7086618902018,69.941007,69.33545205,66.561367,20.332251,14.795169,16.2287670923077,97.2895893082675,15.404069953125,54.6015900017616,0.311900083839267,-0.0307397394588016,0.011492372265318,"1230240"
"100%1387",-0.471582971915553,27.8880153038673,0.345027957310295,3.74332727060486,-0.222841727367251,-0.113120234884974,0.141881574191839,18.5979986666667,27.7360667055123,0.328799457532878,3.74473320162647,1.82690690795645,36.866441,30.5092921499999,26.5021425,24.7052705,18.633238,18.3169457076923,22.9493848846746,18.179925921875,22.0876316126453,-0.223371638195308,-0.114989754933829,0.143288848872459,"1230253"
"100%1388",-1.30364468032152,187.024639136647,4.25055927364856,23.5156335047439,0.362197414332593,0.00607157649968432,-0.0560653143680346,15.8959881969697,183.298505742682,4.25483362455287,23.5551548352536,1.77435841890885,98.566806,73.2240593499998,48.1143454,19.6537345,12.8379885,14.6241294615385,79.3552563231872,13.92172578125,48.5260717478566,0.354703022232471,0.000828990876379646,-0.0518676741708305,"1230263"
"100%1389",-0.943695160081348,141.765882523321,3.56777358362368,17.0703420381296,0.210376182450337,-0.0486819945926134,-0.092135896844454,15.1892349545455,140.760148780199,3.56749053600249,17.0785296119285,1.99140742670839,74.51397,71.8471097,41.1459789499999,21.917317,12.6211315,14.2765467230769,87.9477022118274,13.399444203125,39.3168110759963,0.200847364413953,-0.0524043551091777,-0.0962704377555914,"1230287"
"100%1390",-1.06737052918493,151.31529783044,3.61255949428455,17.1134741251178,0.254596420673896,-0.15279815254302,-0.1557438069292,17.2329701818182,150.654197985961,3.58044123223889,16.8868602883183,1.89759469497262,80.727034,70.6833340999999,60.9798371,21.5389865,15.0309205,16.2561384307692,89.9947370674671,15.49021578125,53.26946700612,0.252625738943226,-0.157148491222154,-0.157288791590264,"1230289"
"100%1391",-0.441610293988696,94.9251703174803,1.99991422507218,11.0655772108708,0.0586851439020297,-0.0337682026320303,0.0178967334566903,25.1589258636364,92.4050729002842,2.02190796858579,11.2631164909323,2.18008561206489,71.853521,62.9256487999999,37.0550526999999,32.91251,24.9842775,24.4405474769231,59.7662339776546,23.914332078125,42.7014093979613,0.0374994275462951,-0.0543545025758838,0.00051188693875996,"1230308"
"100%1392",-0.367674817838465,99.6543240060317,3.85921411292718,22.218855042478,0.0342398724485157,-0.0228083343610249,-0.0822774579293749,19.0092730454545,100.238620935091,3.86428958686798,22.1386572801553,1.92592183657265,79.540885,58.5813483499998,46.10107455,23.3564035,17.988883,18.0780174769231,44.5431159260842,17.6214951875,31.6922830643236,0.0383305750744615,-0.0186603254232446,-0.0798672052750916,"1230310"
"100%1393",-1.5039174311799,50.5286889220341,-0.0295170790569941,2.43056377654533,-0.112039773790713,0.284845552683677,-0.0177620254682873,27.4806185151515,49.6869361198697,-0.0228200726952345,2.3953968482602,2.14720733878178,44.919495,41.6406922,38.4937063,36.027303,27.020428,27.2123281076923,45.7006875012284,27.014471,43.8701774642514,-0.13277878877541,0.279796301129469,-0.0308856749680595,"1230332"
"100%1394",0.992657935889987,115.032955025058,3.06733698386267,14.072555909018,-0.0203153976271955,-0.0587627570487831,-0.118085098998021,17.4966725151515,115.645186157877,2.99660350405239,13.6802759101483,1.95067352357587,72.269506,59.4819584999999,48.52049405,21.7108365,15.1906465,16.6540135384615,70.5594489022494,16.0924144375,51.1613595282945,-0.0147026494404533,-0.048259456521619,-0.10651644328063,"1230336"
"100%1395",-0.842456596446745,19.5974035954145,-1.1254610913509,5.29030871158384,-0.192195233738365,-0.103292929348546,-0.0459152060857062,17.8484472121212,19.7779273665092,-1.10138518745298,5.25544711944902,1.65474407261949,26.340766,24.8657886,23.9576498,22.6382855,18.372964,17.7177961538462,18.9556030362739,17.6185184375,18.6111401111267,-0.177239964889667,-0.0867178216160194,-0.0304706177607538,"1230358"
"100%1396",-1.62635361751448,94.3057121887404,2.71317832584994,10.9583336087397,0.193001931029184,0.104306360796416,0.287964721326571,15.2652527424242,89.6326979289508,2.85081366735824,11.6352982795412,1.86008172603943,53.443754,53.3534833,51.5803581,20.30374,13.4320035,14.6778911846154,68.2420849394244,14.074344546875,45.6309121613009,0.149399773760278,0.0567797638868982,0.250847408818293,"1230402"
"100%1397",-1.04744962075432,65.5361451686991,4.96978471928743,35.6257673494703,0.127882716787492,-0.00373161984733512,-0.00838183069558105,15.1293899545455,64.7359387338867,4.93227425273305,35.2712681623616,1.72311798217747,70.942804,39.0454872499997,20.6286554,19.502901,14.712417,14.2707220461538,17.0693781773627,14.1519831875,16.4196576353468,0.11644372334296,-0.0165312824124508,-0.0205887753270891,"1230434"
"100%1398",-1.31967437244907,43.8831431884239,3.60622709622,24.1701628534288,0.119527530633295,0.127032026341547,-0.0497560885549076,15.5432092575758,42.5799203982102,3.37661677748699,21.78951824126,1.71445944381542,55.546076,33.7577873999998,21.73677405,21.326526,14.542761,14.9277805384615,18.2373305481466,14.816876609375,17.7228095413174,0.0800996538480837,0.0932718807626904,-0.0798336453337821,"1230437"
"100%1399",-4.90366619955804,118.723698329622,7.7584263626129,62.0703274372311,-0.0204271002096081,-0.0248369787414122,-0.0226517816193377,1.90857298484848,117.618041579338,7.7758297196393,62.2491745425645,0.213839861362994,88.734986,36.0441659999995,7.2382317,1.203008,0.195509,0.572782015384615,1.66127398064666,0.461853828125,0.887402309228486,-0.0218393559621683,-0.0262007267623934,-0.0238990822502282,"1230459"
"100%1400",-1.61971038848097,113.34050488903,3.54530804116717,17.4618776518593,0.414068673364818,-0.0107555513188551,-0.0356624561896097,15.8209293030303,112.687017241692,3.57473304141874,17.6626719480545,1.89469093788628,68.891733,67.1565944,40.9774611499999,20.7605355,14.216095,15.0044554,70.4231077950456,14.20417675,29.8944842073647,0.411561778533542,-0.0161868433179734,-0.0367549556862921,"1230468"
"100%1401",-0.0586690431391191,187.767466781217,2.51870176588189,8.24765554852198,0.271458381918184,0.128018216140725,-0.0465529104411625,19.7286506969697,184.338730057631,2.52591971741235,8.27418898292189,1.816929376455,65.581981,65.2609577,63.4933739,22.395675,16.606528,19.0232148461538,154.330487705382,18.30345103125,123.068004874857,0.258290328732792,0.117284130024332,-0.0552369041345658,"1230479"
"100%1402",0.0812970399168915,99.8609538053378,4.40574705743166,28.300690485874,-0.0440011485481477,-0.0574358196546394,0.0318629183054702,19.9085644848485,96.8676410426967,4.4092568230783,28.4065660434528,1.90643635919906,83.977853,60.7143360999998,29.1340389499999,24.6359835,19.451899,18.9228831230769,34.2344411450601,18.465618375,21.1784360487513,-0.0720746746569086,-0.0862912244213324,0.0156406297623884,"1230484"
"100%1403",-3.87432606040357,85.4291913638553,4.11520254272292,21.6502571177732,-0.00881860310454064,-0.0886094337829543,-0.011250960195422,14.4586991363636,85.6405823049706,4.08304983530935,21.4443165340016,1.72465303031812,62.835991,61.9087738,23.8804977999999,19.79543,12.982205,13.7144331076923,50.3986229103905,12.969197640625,15.0866678039885,-0.00380676068923339,-0.0848093546869566,-0.00674562662802916,"1230493"
"100%1404",-4.59906493236843,58.4574122693874,3.72925110341467,17.3403469672501,-0.0384704962990898,0.193096977182108,-0.0640606783345551,2.72225987878788,58.373448343516,3.73480436543617,17.3921894750588,0.460565550588289,44.963279,31.3062609499999,23.7625219,3.696139,0.2088325,2.07239804615385,31.3983548950002,1.730521734375,24.2917923741266,-0.0416195999060014,0.191009020210652,-0.0631371862932548,"1230498"
"100%1405",-0.236425816421038,78.0633812018729,2.11458354590919,7.78494586289792,0.285019055425268,-0.0526023698400527,-0.0629396393950849,20.1989711515152,71.724877668867,2.28858746222349,8.19383578520934,1.79568976075011,55.253274,49.8038807,44.33542995,31.513868,18.30066,19.6596741846154,53.6328169038301,19.23451921875,42.7216412429527,0.237120452239469,-0.123565165670346,-0.127595552916733,"1230501"
"100%1406",-1.76256828379574,52.1813469212945,1.88383106444245,7.18439637396952,0.298446178836666,0.0215365198920958,0.0930458181192151,19.941897530303,47.4571315404475,2.51908188657443,9.21628883524931,1.5891380975244,46.243276,44.9347103,44.1085664,22.83261,18.2014585,19.5372609384615,37.381010340286,19.151435359375,28.2890990908179,0.241409401848403,-0.0732317881433452,-0.00327911278346453,"1230504"
"100%1407",-1.41669286458718,15.4994477843174,-0.12725077686376,2.00568863505476,0.617447198710008,0.590678522543727,0.55406196474185,9.43455640909091,5.8324864582157,-0.0328195553833074,2.31618268729011,1.18744944255118,14.90752,14.2991603,13.4119161,12.5655035,9.5745535,9.35035696923077,5.45430700470908,9.278150328125,5.20063361537213,0.0575733000584923,0.074859975652526,0.0747579851926342,"1230527"
"100%1408",-4.50289183333333,0.3461909841512,4.22108704432099,19.2411476516734,-0.0450191131380237,-0.0418666036400454,-0.0598414526559953,1.74710816666667,0.3461909841512,4.22108704432099,19.2411476516734,0.184907399167776,4.424441,4.41995925,4.40560165,1.8094335,1.606468,1.70591843076923,0.239541772634153,1.66354925,0.126600026692938,-0.0450191131380236,-0.0418666036400453,-0.0598414526559952,"1230541"
"100%1409",1.5096444821809,109.077423863442,2.09589704433823,11.2525792292746,-0.18450152112901,0.0192068522188377,-0.0314010177003403,33.6579726212121,108.809489311961,2.11068984604063,11.3147885245841,1.61407050745534,82.903603,75.2531354999999,53.2585812499999,44.4786295,32.317509,32.9003475384615,72.599760898375,32.302952140625,50.5368501742542,-0.185856490322782,0.0172086796321505,-0.032898587999829,"1233140"
"100%1410",-6.62352985869737,0.224625841500864,0.482253949712469,2.38728269071502,0.562161755351658,0.638646848225135,0.436716971310458,0.646622272727273,0.115792340251623,0.969896299193502,2.53840079203546,0,1.473607,1.44335145,1.35247645,1.2186765,0.441389,0.633899430769231,0.106890294176584,0.621506296875,0.0985771201212712,0.175989314434425,0.308820469560587,0.0287914805087702,"1233340"
"100%1411",-6.72358643666473,0.155923152222454,1.26728739818028,4.04705370627554,0.708637068117021,0.631701171123438,0.547983946002732,0.576278863636364,0.0363268214360875,2.0454926438701,7.37213425611159,0,1.301645,1.229859,1.1507008,0.7875655,0.506827,0.565119384615385,0.028666453458729,0.555336796875,0.0228939303056306,0.0499093357718259,0.101099023477449,0.0836287923535285,"1233352"
"100%1412",-6.76522467394749,0.325285903932407,0.592428888277107,2.03162081933106,0.82221177280545,0.768985956122904,0.734392732426962,0.569636136363636,0.0385390140201178,2.21834054043853,7.91863508938557,0,1.278874,1.248077,1.16634585,0.738312,0.4996415,0.558724784615385,0.0312741205278305,0.548212765625,0.0245801133495544,-0.112458978153668,-0.147432871743813,-0.0935833800802552,"1233366"
"100%1413",-6.5981325078971,0.231302199140775,0.538942041100896,2.15744802092197,0.817967316440847,0.776309765917762,0.743843924437467,0.572975727272727,0.0295067097598347,1.51689154442978,4.10440086683546,0,1.113117,1.0204504,0.9673952,0.8655505,0.4945955,0.564665861538462,0.0254031038183347,0.558323875,0.0231856757539844,-0.181085859274685,-0.148962105619257,-0.0941100258703299,"1233375"
"100%1414",-6.45157947727713,0.148872604315755,0.813269517046464,2.56800138046523,0.686011798732866,0.628631907853455,0.535774504773106,0.511536575757576,0.0387762322590927,1.91456195316692,6.35173641018551,0,1.226965,1.2107566,1.00063565,0.785181,0.4237365,0.500529984615385,0.0313772164727536,0.4895690625,0.0240582675948711,0.055263157528243,-0.0805076311522524,-0.243652757178832,"1233376"
"100%1415",-6.3899832500044,0.171078808391268,0.722516351729024,2.32750005240072,0.615821078619767,0.560359093231615,0.560120366521404,0.573132803030303,0.0563124896142188,1.90483492497048,6.05911844170446,0,1.337685,1.3294313,1.310433,0.898282,0.468466,0.561370461538462,0.0480475589018177,0.549438953125,0.0395448439633259,-0.14486217349862,-0.160725460855861,-0.0317168535476196,"1233379"
"100%1416",-6.19909072249221,0.102937285251645,0.657763843035539,2.24598776000625,0.505035801440024,0.48015009825729,0.478182390148337,0.606875681818182,0.0419797671726715,2.25283089954331,7.36735849256038,0,1.30762,1.27913765,1.25345075,0.812129,0.5268645,0.596095,0.0349548851138769,0.58566209375,0.0284260955603975,-0.117346099060933,-0.101849991210614,0.0101385050323037,"1233380"
"100%1417",-6.91536179530048,0.229544673053872,0.987118087003495,2.8016382980906,0.54396174861654,0.452603938774517,0.425117509108547,0.511939984848485,0.0799207657927119,1.95957442879122,6.16179737323003,0,1.49603,1.46884505,1.310871,0.9380045,0.3739375,0.496800138461538,0.0660221294267347,0.48184065625,0.0525076281766006,-0.0928595370896272,-0.239608033588211,-0.126165851434783,"1233381"
"100%1418",-6.27793065025619,0.16284043363691,0.711000286423042,2.39311535545244,0.653886860176467,0.602912639351308,0.532728653343921,0.566332727272727,0.0447936969225014,2.12524143860565,7.78241698959144,0,1.368122,1.29333885,1.20754415,0.7740185,0.500119,0.553997507692308,0.0354404263428961,0.543074484375,0.0282388745091248,-0.0718859417016599,-0.117089891306825,-0.117821892568867,"1233384"
"100%1419",-6.2457607563168,0.13753580451578,0.684840237820233,2.68521395800969,0.658860829954381,0.605521964921139,0.594474112253138,0.598502621212121,0.0408108620205686,1.80454909453935,5.3372205408737,0,1.277588,1.2440077,1.14386595,0.9017985,0.506289,0.588055153846154,0.0342348495283148,0.578088421875,0.0283129455501814,-0.128863856268871,-0.130846661407279,-0.00593210374297015,"1233396"
"100%1420",-6.11612981455461,0.0966135329607968,0.659960457317792,2.40552410293648,0.459308721053211,0.463828624995547,0.461020192678533,0.594424303030303,0.0471836910068476,1.98530006879502,6.0014907148612,0,1.324517,1.25777305,1.19427165,0.930162,0.5011525,0.583192107692308,0.0395828879460961,0.573213328125,0.0337289278628142,-0.113146226916674,-0.0322127772743092,0.0653899850034023,"1233405"
"100%1421",-6.66613647987428,0.235021952945224,0.931209175479923,2.84269011001334,0.727750009829899,0.685671498808095,0.589063841677638,0.580905409090909,0.0490587479029993,1.96067752126086,6.15200675408983,0,1.350548,1.278125,1.23679575,0.8486485,0.4806465,0.569064753846154,0.0405602241734779,0.558595015625,0.0340689754789216,-0.129107039257235,-0.145707305945113,-0.208295053876795,"1233409"
"100%1422",-5.91909169263818,2.22710764327237,4.69703918122567,25.3504710552246,-0.096041072512358,0.562772973934798,-0.067112757711105,0.897439393939394,2.30052023233821,5.04671630913885,27.5901964710704,0.135793958751594,9.262028,9.2117934,3.40805239999998,1.1026935,0.509703,0.768753415384615,1.2429475002416,0.6372535625,0.138374819868965,-0.0602823580893764,0.579067053715727,-0.0301408083287069,"1233416"
"100%1423",-6.13942906587079,0.255088300866872,0.715861988149357,2.42524351827057,0.573738620872196,0.479045133598067,0.339288064446082,0.724643090909091,0.134477404654568,1.47448716921973,3.86418352563245,0,1.789902,1.7341476,1.6171782,1.333193,0.5318025,0.708254492307692,0.118819600971327,0.692694,0.10493777738075,0.31301156753689,0.0880048259665737,-0.182771540366867,"1233445"
"100%1424",-0.802591309985385,249.996238638083,2.61550378767859,12.7149403066942,0.0213053822133286,0.284032924417216,-0.118857576302683,17.966227030303,243.92399927751,2.62406412890694,12.8082955986761,1.9586573308667,97.966815,80.7525211499998,42.7145803999999,30.0136805,14.6054615,16.7354487538462,147.698875246793,15.880013796875,102.441687407989,-0.00217320457981578,0.27180726051793,-0.139092866549971,"1233460"
"100%1425",0.255324345887698,291.510363942446,2.6780798495558,12.7541018496138,0.170786061724272,0.188397896314399,-0.096299551572496,20.4256138181818,281.359404215579,2.71363423894112,12.9701650285881,2.18767737841827,96.905585,96.2062513,43.3665031999998,32.548723,18.1001755,19.2489988769231,194.316110914722,18.052425625,104.28610957861,0.141260096817837,0.168106350194608,-0.122494842925154,"1233461"
"100%1426",-3.48255307218319,276.591876905778,4.34096965225287,19.9588345914062,-0.047400178572816,-0.053221609491082,-0.0556122713790162,6.67175731818182,276.775961076092,4.34050304496094,19.9563416042719,0.932150633459355,84.541895,84.3775789,79.54593435,4.6399715,2.951299,5.4737552,186.310253823859,4.242265421875,90.6444917541433,-0.0488515094604385,-0.054693577556255,-0.0571426778699277,"1233552"
"100%1427",0.265090531500362,582.495970055228,0.949988955102956,2.41376559299617,-0.212876719690559,-0.100758238243353,-0.25024010673306,41.5247968333333,579.180507195295,0.949485831296134,2.41574866203246,2.56807232669,94.785208,91.254486,88.4409993,85.591028,31.363135,40.7054058923077,543.778476597258,39.945282109375,514.718784544396,-0.219044406585039,-0.103137127006562,-0.251683353526708,"1233627"
"100%1428",-2.3855447371507,62.2361850804963,2.00750720292889,8.15631774474319,-0.0666846294815058,0.0587463295360518,0.0144268895676451,19.4377873636364,62.0402834988306,1.99755908610103,8.13556142993027,2.01657394266846,51.133616,50.0632064,37.14581235,28.569899,17.055505,18.9501592307692,47.3011904652225,18.47302371875,33.2424822723011,-0.0699230378575522,0.0563530536649672,0.0140908049774098,"1233668"
"100%1429",5.34647074513584,287.805808893009,2.13413519703066,7.56418111699437,-0.090771089887952,-0.177328900334317,-0.045957871762498,39.3624366212121,287.060351068422,2.13451888524223,7.55372941906202,1.78344363888688,97.658911,95.83329565,92.53280115,51.7270835,35.964625,38.4655677846154,238.387999297929,37.58455678125,191.661086563652,-0.0963606389053123,-0.175846680279206,-0.0449074219017957,"1233678"
"100%1430",-1.65958705991377,259.491397917859,1.89340526166793,6.73241465759872,-0.17051279380766,-0.0649123129329074,-0.076957619692203,19.8276595757576,250.484599517661,1.95133667954127,6.88903039540874,1.70673056107113,88.739249,63.4794007499998,49.7320601,45.02016,12.02827,18.7674812769231,180.155659069916,18.281380296875,167.611470660643,-0.22155592268091,-0.102312810636466,-0.11232968935071,"1233706"
"100%1431",2.8068676554681,367.04976091243,2.07446574015742,6.28463581218058,-0.138756755859891,0.187432719170382,-0.0847888896598186,38.5650156666667,370.432212287773,2.05667783234598,6.219911917985,2.08964046717836,97.522262,96.8039899,95.9115088,64.0203865,31.6391715,37.6579811076923,321.832197782421,36.739867875,272.070251849864,-0.121662939626529,0.197110042650818,-0.0699096499138884,"1233725"
"100%1432",-3.61707240246061,82.3951865400705,0.0549492386807678,2.45997044964865,-0.124999916676157,-0.0946557286175741,-0.118704024158556,31.9055591969697,78.1332141291582,0.281617631924589,2.29220262399893,2.32814957682339,52.270688,51.37633545,49.547661,44.0370725,31.8122135,31.5922495230769,72.8565087614825,31.29064778125,68.0822570171335,-0.176770484787206,-0.0707098025691806,-0.128388619440838,"1236582"
"100%1433",-0.300147370736935,154.359338440265,1.34624590440688,5.23722158625902,0.195885208414788,-0.076571635761892,-0.0869511536606031,32.6090048484849,148.424169197317,1.28038101375811,4.71962962124618,2.45551076772871,75.809639,70.77565615,58.8471221,46.651533,29.5262295,31.9443797076923,121.553663821147,31.379994234375,102.748427256398,0.181910039590952,-0.084919420963695,-0.0753157900888624,"1236590"
"100%1434",-0.0848769702775431,177.90247884436,1.87918947177231,7.48541178125656,0.0654507029678829,-0.114638116181065,-0.150268884051976,33.9474455,169.680421848515,1.59310904389418,6.33160380199383,2.54560841916093,83.324174,80.06154255,66.0627674,48.443514,30.261241,33.1878035230769,134.205198292116,32.482851375,103.999914995343,0.0305008518879233,-0.108893009486766,-0.134969297008315,"1236601"
"100%1435",6.2747195315796,511.311152900899,1.29408629257038,3.54815898841719,0.365625103718507,0.417578542042007,0.13543857039199,44.3574277878788,495.352780177309,1.26170551621792,3.46954469796045,2.48570508951858,98.215508,97.29680515,95.68498265,88.049634,35.6031315,43.5288419384615,457.66099452964,42.696446984375,419.774659195898,0.345789963388606,0.403868537111614,0.120020323224102,"1238"
"100%1436",-0.71102764747416,24.7627122243901,0.726060639196391,3.74859374159369,0.507052586515519,0.305375330385711,0.195347459154141,10.5575265757576,17.2222873669555,1.38036190864788,5.45652514561299,1.54977337373649,25.61019,23.5994241,21.17769515,14.097106,9.66159,10.3259471384615,13.9477292727684,10.1354665625,11.8072773044438,0.316173673571807,0.0516205095155342,-0.0780716350957453,"1238689"
"100%1437",2.68006760803933,117.128746450706,-0.0172160431129866,3.3036275991917,0.413603585498537,0.144650967361808,0.0496881322407554,88.3453099242424,152.623715630599,-1.31478185267179,3.60123713602,2.12253566068908,99.032416,98.8074562,98.6793909,98.2164315,94.8532505,88.1808929076923,153.187597742285,88.016745546875,153.829770812894,0.595273548597079,0.370857940416894,0.268612221958117,"1238709"
"100%1438",-6.20103012953478,8.8451058325243,2.96665322645641,12.7367966595562,0.249400611178422,-0.168839795405656,-0.166556232232176,1.94724398484848,8.63827775452198,3.04102274879686,13.3544263447881,0.602340785824256,16.887267,14.06345445,7.77770579999998,6.060696,0.736764,1.71739747692308,5.28443279979748,1.548248375,3.50725984800439,0.239729334510436,-0.178332523664087,-0.174213018926476,"1238733"
"100%1439",-5.50551140431039,2.88351671541826,1.80730207320271,4.71123363166735,-0.0260829205877352,0.168624302424708,-0.135401904721767,1.86863681818182,2.57353300093897,1.74177464738682,4.19941387465977,0.450561208866305,6.104669,5.8532087,5.5781114,5.346236,1.118478,1.80346709230769,2.33281766708445,1.74230553125,2.12612006731675,-0.106904279783099,0.113775665989764,-0.173324248863672,"1239742"
"100%1440",3.6940521323764,132.65060457033,-0.468220039529549,2.35914975716338,0.263728276901919,0.323038748466264,0.260475511480296,72.5477203939394,127.813528175775,-0.451757105764622,2.38979697581322,2.51492752692923,95.490302,94.19525565,88.3847285,83.272361,75.897434,72.1947576,121.557429709947,71.861895640625,116.254954089232,0.238000042245645,0.303454393573022,0.242601369112168,"1239887"
"100%1441",-3.82930878513607,64.5988033084834,3.26553038569232,13.432604427672,0.17195108573294,-0.072489056194692,-0.0107889396800573,62.8217137424242,59.9434142718844,3.18653920377347,13.2512962647252,1.43851281202411,97.906231,94.9058115,90.7681885,65.488745,61.288199,62.2819519384615,41.6369955141713,61.797448046875,27.0292122065177,0.113947537057138,-0.122582368540326,-0.0362837146944286,"1239892"
"100%1442",1.50018577061084,40.2145907834391,2.31594866999817,8.32494876192226,-0.0810069089294842,-0.00460823510096314,-0.050682621825707,53.2545426060606,39.5263499876051,2.32449183453183,8.3213472444057,1.53237979135036,75.862365,75.76020905,75.61675225,57.850872,50.7735745,52.9067299538462,32.1501873710523,52.550503828125,24.4042256267152,-0.106432973258822,-0.0219296329756161,-0.061981989709065,"1239894"
"100%1443",-10.2908394372294,110.395612086507,1.75150544882364,5.54587312200483,0.226950656723778,0.162023327318176,0.0674717768166953,55.7041551515152,87.3988290784286,2.25390393445455,7.25179461831147,1.49275274791192,92.685974,86.62198165,80.5447056,71.999428,52.110023,55.1352040923077,67.3788761358288,54.694242359375,55.7925998312359,0.041218651826678,-0.0295443025138638,-0.151356985214773,"1239901"
"100%1444",1.97613622505762,75.7863745498968,2.212064606805,7.17609001895004,-0.0945179173755758,-0.0597771970973773,0.105343116629483,62.9210283484849,75.2903299223489,2.19077627848911,7.08924102841942,1.72043080238451,92.046247,91.71264815,91.13087825,73.021669,60.2481865,62.4729480615385,63.1974304160879,62.01888446875,50.7835967571015,-0.106190996340564,-0.0677384813912858,0.104906968996439,"1239905"
"100%1445",-0.689159147787187,61.7138136683721,2.91837197507522,12.8811443493085,0.0136195999760914,-0.024439161363589,0.112034314132026,58.4852963030303,61.2618978814529,2.94036985178121,12.997592223597,1.58354200689342,98.929773,85.6483983999999,77.96186515,66.7398645,56.1436605,57.8630735846154,36.6517552715217,57.54067021875,30.4680834767528,0.00631897701812376,-0.0267477211280781,0.11287895705596,"1239908"
"100%1446",2.41609511297167,302.163486921734,2.36254476653684,8.74233084878571,0.616353753227469,0.393337953292143,0.200904360266776,32.255710030303,290.276105454648,2.31006441538449,8.5251341346062,2.43104483495017,98.211808,94.23416615,90.08378825,48.244976,27.924721,31.2410008307692,226.785997557589,30.290198359375,171.567881694817,0.603327430924844,0.378660656293967,0.18781980959623,"1239927"
"100%1447",2.62584217092776,347.300746145772,1.35882994400679,3.22788506315735,0.00627725617678889,-0.0729559416313564,-0.0221311591092196,30.5113210151515,345.657102360389,1.35430903239146,3.2182346323929,2.19036645788855,74.572467,74.4781026,72.56409685,66.0619545,22.9778415,29.8334572307692,320.647949463477,29.136678578125,294.100541773098,0.000811373243147776,-0.0780836535715575,-0.022643290877189,"1239931"
"100%1448",2.10122264430475,232.72670545967,1.77032894548945,5.36893255716673,0.534033986800294,0.39599642676557,0.27836672483231,49.1625902424242,231.168368714049,1.75979450841714,5.34491412188948,2.35563692330434,97.684272,96.69248575,95.12803995,73.757062,44.07459,48.4161028307692,197.946737075684,47.670128703125,164.868623900044,0.529906873883733,0.394496802268994,0.280575623284754,"1239936"
"100%1449",-6.49809639746112,2040.31076307969,-0.210521397399695,1.22282108313117,0.105186987673949,0.142548726959843,0.157718596616771,59.3438007424242,1961.2767017326,-0.268665305713691,1.09924360130404,1.29048533597721,98.866551,98.8262068,98.7965828,98.690757,98.089953,58.7357584307692,1967.04896956922,58.109684609375,1972.30616177945,0.108568152712908,0.150196218857553,0.143999127889647,"1239938"
"100%1450",-0.80367359993309,282.132892436145,2.48004994492124,10.1289542700341,-0.0458401463230254,-0.0763379395375406,-0.119535994701754,19.0387805757576,266.210287760593,2.63759911323424,10.7240084419243,1.83532148057654,98.776349,76.1835872499998,54.62233505,45.8033455,12.7588905,17.8120487538462,170.98434709847,17.090076796875,139.775149589455,-0.101188679705057,-0.12739348415332,-0.162628738689709,"1241"
"100%1451",-3.19329107975455,4.98696936275614,1.33116464005354,6.47505641426632,0.613455966349923,0.605615753044712,0.479720535447234,5.67972143939394,2.14751820937206,3.15250061448292,15.5928644667995,0.625204086313388,12.701946,12.6065507,7.91448529999999,6.502724,5.3518215,5.57168721538462,1.41024497627312,5.462570078125,0.658354327184697,0.13830420966588,0.167024785608207,-0.0644126579366452,"1244397"
"100%1452",-6.46515775207332,0.013905828163656,1.88456768080725,8.31509958682943,0.183076319833903,0.0647006347523697,-0.171775336549603,0.4352305,0.01244477673825,2.07164919525502,9.74732328837369,0,0.977612,0.791235549999998,0.6528011,0.5508845,0.40386,0.426886169230769,0.00804079634681752,0.42276128125,0.0070604782342334,0.0976374128960494,-0.00475126114131498,-0.251269397212027,"1244406"
"100%1453",-6.24847009438663,0.208255357765135,2.73153123017864,9.83986254740745,0.154908289161117,0.156989780167874,-0.0805283776974314,0.863211803030303,0.201089684165673,2.71478844142392,9.7793395949216,0,2.581482,2.5496775,2.49201455,1.1267245,0.6956045,0.836776876923077,0.158062220606939,0.810280390625,0.114897796704551,0.135209860860023,0.145139225615578,-0.100437993695887,"1244416"
"100%1454",4.9314523030303,0.456394813545331,0.439685690373063,2.33083905090079,0.198736008390056,-0.0285926057747907,0.00221730517488777,98.6814523030303,0.456394813545331,0.43968569037309,2.33083905090081,0,100,100,100,99.722052,98.616415,98.5733746229508,0.339617863397676,98.5733746229508,0.339617863397676,0.198736008390057,-0.0285926057747903,0.00221730517488809,"1245231"
"100%1455",-3.46178152257176,78.6773368054986,3.38978400510854,13.1976551211373,-0.0656123519822514,-0.0937718335785036,-0.0743962987300689,5.0942701969697,78.6948770277897,3.39055124748512,13.2059127528261,0.925140373769562,40.522798,40.41563315,40.191964,6.390628,1.845156,4.54921592307692,60.2980127853424,3.98970478125,40.891742576263,-0.0639463359667366,-0.0916416328138651,-0.0689805226223075,"1245233"
"100%1456",-0.9671071981054,17.7932524697412,4.30976953229162,25.6476388103167,0.0183156323225084,-0.0801317792542621,0.193752659892065,6.88047084848485,17.128120324386,4.36726458141608,26.0442353393069,0.885661778007056,33.287426,22.6961621999999,13.90716075,12.1791635,5.7100075,6.47421,6.49846998507059,6.3098511875,4.84411032757065,-0.014417152622224,-0.114837103749033,0.168055413802123,"1245242"
"100%1457",0.160869145995105,212.954752730135,2.68255748246181,12.9577429443595,-0.0829552749160223,0.0277891740125407,-0.118522461161138,33.6129451060606,211.665663414797,2.68629305873899,12.9460381283197,1.99221929875777,97.77079,97.69079775,76.2743941499999,42.3467755,32.496435,32.6259013384615,150.621201892257,31.60993534375,85.8825095151598,-0.0884253085538473,0.0240695688004702,-0.121970446147166,"1245276"
"100%1458",0.406749466800486,167.87527558856,2.57544127918079,13.2092830539582,-0.120210893240753,-0.0272687394936522,-0.22173652452696,33.273476,166.885945004794,2.61736004890262,13.3820192659942,2.11207364497413,97.999835,87.7656720999999,54.3409869499999,44.4319715,31.361045,32.2776858615385,104.007953091212,31.4967908125,65.9962673134319,-0.123763809317747,-0.0301139975239129,-0.22138495429398,"1245307"
"100%1459",-4.45472285330058,26.135270266675,4.31760498006681,21.3357424625075,-0.0194516302745254,-0.0684790807445997,-0.0165843537122116,2.96696643939394,26.0738745773031,4.31707113884747,21.2990375600845,0.446518861807548,31.542912,26.2785412,21.3827296,2.359797,2.079866,2.52733650769231,13.7188956372948,2.200515515625,6.99047592599672,-0.0219953646818354,-0.0703480874460087,-0.0161819329985799,"1245309"
"100%1460",1.58535271848538,15.6686275852623,1.24554839068337,5.25653101477147,0.0268826783251931,-0.00168772495437695,-0.0316507936276942,59.3564956060606,15.5349263607101,1.21103832831743,5.17280260178764,1.4954300547151,72.543912,71.2177872,70.42889325,62.947862,59.118498,59.1536122769231,13.0572566418308,58.97626684375,11.2169351034819,0.0226521655939329,-0.00666032005424516,-0.0379189788715805,"1245343"
"100%1461",-1.34575582236367,89.438785564968,3.79379128688951,21.4592740711924,0.34760996510112,0.101129816394833,0.110068378368849,17.5917672878788,78.6187773209228,4.69494605964878,28.2959063037468,1.44111564074538,74.752358,56.6455497999998,34.74993345,19.387806,15.979287,16.7123735846154,28.7883001396186,16.240758640625,14.7807747286217,0.26634919970126,-0.0125392680231437,0.012803074338035,"1245361"
"100%1462",0.745186359366472,96.2678872927139,1.2269462950508,4.05486250718385,0.215849442802728,-0.107819564720377,-0.135598260034105,17.4677578030303,95.3345689588645,1.32870985851084,4.26711011981613,2.05675555568604,51.481439,46.653369,39.2580808,31.5494395,13.636338,16.9444704,78.7284940279216,16.520889640625,68.2962838657823,0.205102400188862,-0.125713103453545,-0.151442080227385,"1245374"
"100%1463",2.03525432787491,68.4074259985714,0.45834508276133,3.05709436465241,-0.0323201140396578,0.0926333530910434,-0.0480815292696008,69.2537055454546,68.5325015569583,0.521954034184512,3.33349168109679,2.2710546114258,93.349518,91.63942845,87.78573775,79.565902,69.8519585,68.8830007384615,60.5169921755279,68.541819328125,53.8962611189206,-0.0270769911095413,0.089304290738587,-0.0548752510576372,"1245429"
"100%1464",-1.47920337508144,345.380219290634,3.82607761150379,16.5796569309491,-0.0304944974202574,-0.0166016328809206,-0.062227410991577,10.0088981515152,343.560675502134,3.84683493193371,16.7267776104845,0.647991724866218,97.944442,92.66900495,83.2304317,14.4990365,4.651334,8.65604363076923,228.052010972036,7.387725796875,127.054365338154,-0.035980631648695,-0.0188883850613699,-0.0646830541353984,"1245513"
"100%1465",2.80905140643213,257.142247792043,2.40663961575053,8.34764836746563,0.0167940793441246,-0.218770475448292,-0.0944568385829408,35.8038747121212,255.044578470676,2.4034202124701,8.34549364467043,1.91428479068178,96.632931,91.87161015,85.94118445,48.915516,30.604379,34.8680430769231,201.166805153496,34.01742153125,157.278830576408,0.0106635155489564,-0.226006391589331,-0.100491836654429,"1246625"
"100%1466",-2.62090497287518,98.3446009005913,1.93268103300946,8.08390268423057,-0.114457238482368,-0.23141033328984,0.0346670395076261,27.5897944090909,97.8281878228961,1.9175730559908,8.05604849726715,1.67049333662379,64.883679,63.0307201,58.150342,39.197863,26.3031775,27.0160423384615,77.6066019219269,26.468902796875,59.3606960090678,-0.117569655142853,-0.235408910059602,0.0335321262291212,"1246632"
"100%1467",2.77828799899195,179.25179604601,3.36371255512282,15.1292305150874,-0.0406574267164304,0.248841555880243,-0.0587068478856074,35.8291726969697,177.997308416143,3.42328673588706,15.4188076312427,1.850070435385,98.527077,94.3243161,86.63870145,41.1632835,33.451212,34.8645895538462,119.327966305748,33.97089109375,69.27716483669,-0.0456307275901918,0.248974870111731,-0.0623709948758083,"1246636"
"100%1468",-5.09871025314358,316.924616108567,3.32929790079378,12.4233466512942,-0.0692991550145871,-0.0718926131239882,-0.0894747421326179,7.332107,315.030920327328,3.32978973804297,12.4182700286804,0.645314276490153,80.594046,79.58248935,66.27841675,4.0987755,2.18107,6.20500024615385,236.033153989495,5.066987671875,155.541451771491,-0.0741509683487344,-0.0713438228348968,-0.0876960034501774,"1246785"
"100%1469",0.22021482393957,51.076851450294,2.3993682584332,8.25334592638646,0.337055173978582,-0.0800749099773209,-0.0933691807119555,19.1689629090909,51.0003623135465,2.45219447703817,8.41809761994595,1.54920349674848,43.62755,43.60340835,42.30859395,24.1433875,16.9574475,18.7926769538462,42.4399693446623,18.405212390625,33.3447226617822,0.335705331754323,-0.0851897968061427,-0.0966989152966738,"1246803"
"100%1470",-1.34142751841461,41.1212644910506,1.62832804239163,7.07818836768985,0.41155252843522,0.180860185851956,0.103740000524081,18.3661807424242,32.5113428230241,2.64799625667803,10.8104301087708,1.51174024692451,43.535965,40.32328735,37.33572175,21.072847,17.109999,17.9789532923077,23.1151408518252,17.6568528125,16.7326481866325,0.265963140384472,-0.00642841471864131,-0.0821064672717243,"1246814"
"100%1471",1.4914534079464,136.899420080703,1.06267115267307,3.81944410163324,-0.0273163893912025,0.101896945384263,-0.0145215544850391,61.3334453787879,137.353379783263,1.03891028500668,3.67670258777195,2.4566845945743,97.199835,95.53139095,85.93868635,77.377551,57.5889315,60.7816547692308,119.371298834509,60.25272753125,103.05181387873,-0.0267651688229011,0.104421959197339,-0.00655956719455286,"1246820"
"100%1472",9.44836565659781,728.96660351771,0.102586821075627,2.08190446063587,-0.0952649113231807,-0.199371850825982,0.503698214394258,36.6460282727273,689.734158666827,0.102731278492883,1.47427337798344,2.6994285664564,85.409031,80.7271772,77.78416145,70.610305,40.7811205,35.8958282307692,663.200646620594,35.234729,645.154764184002,-0.154712636752219,-0.206267595263923,0.549115002101349,"1246896"
"100%1473",-1.59752880904488,133.217991892954,2.05023206052043,8.28696240668594,0.301215792085739,0.199862662483347,0.183384121871459,28.2798071818182,104.939326702337,2.84025452944715,11.5901532730806,1.84772515401507,74.222203,67.9209066999999,61.90426415,32.096741,26.558308,27.5730010923077,73.581837903212,26.99558078125,53.0596301050221,0.131878592867135,0.0367662669478758,0.0241694407738558,"1248257"
"100%1474",0.614850778097653,113.199072337062,2.85351358486146,11.7850264187361,0.280417996065123,0.243612835733819,0.186673504526159,18.6814478939394,107.456248934851,3.03870375734566,12.7536363976004,1.53631844418194,70.514027,57.2158147999999,47.5766415,29.392939,15.713655,17.8840236,67.1409786941138,17.381348359375,51.7657006462782,0.246580925509613,0.210538146604673,0.157900904813459,"1248258"
"100%1475",-1.17021022498675,50.1961902409728,2.09143030379799,7.57694545056739,0.242148707447046,-0.0235169700985521,0.120445798465195,19.347826469697,44.8332313648722,2.6784088040597,9.76716464043507,1.47756499745479,44.677113,44.55010885,42.35414665,22.6809475,18.246368,18.9581451384615,35.5007717515847,18.55933925,25.7174724265494,0.159571150936234,-0.133610840304378,0.0140005779357929,"1248265"
"100%1476",-0.980080915187604,93.8518327268684,2.93259265034376,13.1768497494822,0.428735025760541,0.26864861547838,0.0631982739646745,16.7734044242424,85.36660280397,3.32491007357986,14.8582922901351,1.62916887525743,64.223017,55.2502993499999,45.23835395,23.3711815,14.510208,16.0434103846154,51.5091094939941,15.506294359375,33.5618537327858,0.380374030353126,0.213373286596868,-0.00277416608031448,"1248267"
"100%1477",1.06378333728629,42.9966222099831,3.32313762441442,20.2945443301863,0.208536653083836,0.0869877592493432,0.152971898984299,11.253749530303,36.6828837586044,4.23728373142999,27.3309161396404,1.55014025762971,50.512441,33.0213953499998,21.7562678,14.505456,10.4084455,10.6497696615385,13.1709848128199,10.44737325,10.7141014692832,0.0827057878223886,-0.0527677265522219,0.0335227864040268,"1248275"
"100%1478",-1.71952458679767,37.0965550161288,1.43578507518822,6.13071382246989,0.582163226482873,0.28068247171361,0.140861098079315,16.8891727878788,32.8615139048095,2.81051654396351,12.2774832443106,1.50890885886409,42.372533,41.65102975,33.1069148,19.1196085,15.881069,16.4971210923077,23.2225765451799,16.110161609375,13.8524826106485,0.508297313670057,0.149020452072311,-0.0106691845121274,"1248285"
"100%1479",2.4534955338422,123.915688369008,2.24822907996871,13.1735531424102,-0.0459070982991829,0.0365396412387812,-0.0159638977621843,35.3581888939394,123.42915861102,2.24765089410901,13.032594221299,1.697143517996,90.743004,79.0600060499999,61.70055805,38.2424505,34.597906,34.5061148153846,77.4100732107289,33.90825471875,55.3862204200297,-0.0520250744051959,0.0319590759017194,-0.0175835063546511,"1248305"
"100%1480",2.95912771715704,214.359762425072,2.51202231618112,11.2372466446224,-0.0666145450168368,-0.0718975117777247,0.149898915024195,36.5861812272727,212.062367820225,2.51881476276413,11.2473410476739,1.73970965399772,95.686613,95.4920199,87.5995608,44.3852345,34.6533125,35.6769438153846,160.761829489009,34.743970453125,106.695178920184,-0.0743854807202561,-0.0757157667460727,0.150885003933641,"1248306"
"100%1481",0.742615100721657,181.298463511899,1.95969650275131,7.22880898082128,0.071446269372188,-0.135561252594697,-0.0805495353488089,43.8858754848485,182.061017067814,1.89689304206421,7.00352646823078,2.36663938864181,95.213995,90.79134235,81.82215515,60.159812,40.9204685,43.0962121076923,143.706451343303,42.388185515625,113.367257065703,0.0774649797859932,-0.124342312362759,-0.0651466083952304,"1248310"
"100%1482",-4.34128404833342,12.3521045672913,5.00134874142181,29.0225284982249,0.263400917376821,0.0121230286949635,-0.0342954901104794,2.37752372727273,12.2475531031783,5.01036707576348,29.1197329658267,0.535041422603127,24.7699,18.88776335,11.07903925,3.325208,1.4639405,2.03302563076923,4.60316705643417,1.819159484375,1.70207418441225,0.257591654712119,0.00811062364337941,-0.038231775547848,"1248337"
"100%1483",2.10302248397674,229.04756542831,0.489352978426249,2.69669540699982,0.154521181685789,-0.0313750993667245,-0.179839273353494,58.0598971515152,263.242690424849,0.339943674808793,2.63165385306994,2.86518560231402,93.903171,93.641468,91.60943635,81.121106,58.8526475,57.5084621692308,247.223262350507,56.94608578125,230.528757710444,0.378200857935253,0.274233494298873,0.164334958999484,"1248373"
"100%1484",0.14270228498218,205.737469229391,2.41389707849914,9.25917745242333,0.0869775463593716,0.143900380073988,0.307514928803479,20.0826255454545,184.717915705057,2.6768539032387,10.4636812891675,2.13938605569933,78.479037,74.74741755,58.93403775,28.4943665,17.3642765,19.1842192153846,134.288890154786,18.347440078125,90.8741979675127,-0.00912480282687764,0.0578202107194884,0.250038862425384,"1249372"
"100%1485",0.234412022786246,128.087829923402,2.54030540735144,12.9266605190734,0.162573501131999,0.0578293001096738,0.234242010586463,19.2485808030303,116.482914249039,2.76175723436804,13.5040154850646,2.19109686381711,76.265309,57.3976452499998,45.3169395,27.518333,16.800697,18.3714003692308,67.4915551965512,17.92035765625,55.3225413658489,0.0822178859132797,-0.0282785430720049,0.159774845393797,"1249391"
"100%1486",-2.86002564010529,97.1648070204921,2.14082459088406,9.66887459959373,0.150838708787675,0.373203510925707,0.0742653184318867,19.1977103484848,88.6727035664707,2.50183996025632,11.3118659474311,2.0852571006657,63.636259,57.94280825,40.980124,27.4112205,16.596773,18.5140403692308,59.1881927307589,17.9458675,39.1296816357319,0.0804123432792864,0.335295587383727,0.0132530627071481,"1249396"
"100%1487",-2.4329625071665,155.244982947022,2.2581735261801,9.7174205484119,0.0116671561916676,-0.0265400085041087,0.152084731183013,20.8659416515152,147.60532226841,2.4812937831563,10.8465382585717,2.21097461232824,79.593196,65.4449976499999,54.634414,32.995493,18.4761125,19.9624454307692,96.0000156006887,19.370815875,74.7483563125691,-0.0330674817926115,-0.0569961856501303,0.136540939093233,"1249406"
"100%1488",-4.90226680559224,40.2129825806774,1.14327591522329,5.39058270436665,0.350651417817262,0.179986115588375,0.316714637031854,14.6767306060606,27.3489328572832,1.42125313473043,5.61947769551429,1.74968791428852,35.197192,31.9453031,23.8152184,21.1875205,13.1884885,14.3610312,21.1917220813289,14.11363659375,17.5445768107462,0.0759330473332238,-0.103599342169824,0.0887085863251831,"1249466"
"100%1489",-3.74778959649957,19.7616298005506,1.98435274000887,8.3144894947855,0.220108153327661,0.273436465453977,0.154174030262246,6.4550523030303,14.5935884638567,3.87951056968703,17.2669791800173,0.782480088042937,23.476757,23.3335035,23.2031119,7.2029115,5.4852825,6.19317992307692,10.2920137462129,5.926567625,5.83248882441673,-0.0420397905378344,0.0487874843330571,-0.0793985678859584,"1249580"
"100%1490",-3.16049931405785,60.6435633290886,1.38162876661978,6.9439212312702,0.261387924678461,0.00394922810849209,0.100691145445547,17.3730668787879,56.9481596784397,1.78089698400854,5.6528257690278,1.82609127523125,42.016432,41.4340918,39.25137525,28.5830785,14.968124,16.9939381846154,48.3375398067881,16.61696028125,39.8555117905947,0.44068855014074,0.33757206347883,0.354047694980679,"1249581"
"100%1491",-4.2167714959502,46.9725928827804,4.64266871164455,30.9516809940607,0.0436682270400151,-0.00564013877772662,0.103805177838871,7.33009607575758,42.5623285833116,6.73070307115677,49.8870857691603,0.890580371768317,56.625588,34.7054995499998,11.11318375,7.797148,6.16076,6.57170389230769,5.2566591798593,6.31653715625,1.10664037217276,-0.0497307408848862,-0.0971099772296476,-0.0250616152551082,"1249601"
"100%1492",-3.40968678240276,81.5127943789505,4.54887476565834,25.1100231341854,-0.00904187119353237,0.050901247160066,0.00799630601489436,6.63303415151515,77.353417746985,4.85331110553923,27.2564055560594,0.919742695862741,60.921695,49.9452190999999,26.0369867999999,8.630692,4.449609,5.79782398461538,32.5034528167872,5.20037109375,9.80957207482818,-0.0577802482436384,0.00969147437513023,-0.0304258890958893,"1249623"
"100%1493",-0.852506054399309,28.3850754008216,1.092495120376,6.39594416596687,-0.092735496598355,0.140610940446369,0.179066242090615,44.2220409848485,27.5890490425237,1.17860731176213,6.89499248998086,1.6913334022556,64.614353,62.29024485,57.72948365,48.780861,44.3196885,43.9083131076923,21.5174340111454,43.64064921875,17.1967866837277,-0.126470166150154,0.12580962971242,0.174145250616467,"1249631"
"100%1494",4.42015227975189,474.638464520711,2.52746264408517,8.8078686279884,0.000387263307074283,-0.038560388390073,-0.114296563011621,17.8562671212121,472.886713152615,2.53260513473696,8.84159011882406,2.17701871118115,96.680549,95.14696825,93.8031761,36.59387,9.673948,16.6435858615385,383.102568075759,15.429873234375,293.337153515101,0.000783132183816678,-0.034622485003544,-0.104286019673912,"1249663"
"100%1495",-0.368387763817724,300.012151330763,1.15065669245234,3.31003391174986,0.317798111312859,0.157376965785935,0.247052604890508,23.3301754393939,294.196521293307,1.14553996517134,3.27944267350452,2.4823077902851,75.991156,65.9111483999999,59.98928005,51.0230785,15.093929,22.5200065076923,255.401957559855,21.926827671875,236.521639614725,0.304802734946938,0.142464824426497,0.245074328509564,"1249669"
"100%1496",-1.89429651231946,95.3234897210987,1.74369886602715,7.22118696612917,0.0529444187516655,0.0811419652194422,0.215502391286395,40.69644,91.7559266328699,1.867846493505,7.54472035505586,2.11807425924942,80.848997,73.9920748499999,66.16526275,51.573174,38.908117,40.0787083538462,67.9824587538195,39.606502453125,54.551087847916,0.0124830563070599,0.0472805968877865,0.184396123658658,"1249698"
"100%1497",-4.31212261052207,209.725889058371,1.76852279559122,6.28700795953112,-0.0614742671772271,-0.0479645573600523,-0.0207821313694496,18.1557102575758,200.01515465551,1.98267775427845,6.95826015477991,2.21987372545761,73.639827,67.8368642499999,58.9732914,35.663963,12.6006715,17.3021084615385,155.002333151905,16.56132590625,121.754922983123,-0.1033006769374,-0.0946151734013764,-0.0568968757447171,"1249723"
"100%1498",1.65834765903368,228.593317450265,-0.256739598951565,2.02504202326076,0.212106780832077,0.0082107952016232,-0.0260885709065235,75.7015836212121,229.897008968787,-0.249347320131131,2.02421256445878,2.8352043299818,99.078141,98.830192,98.6128549,95.423292,77.661838,75.3419442769231,224.897415804442,74.977026515625,219.755714713184,0.217430074064095,0.0177926848786254,-0.0117603518323896,"1249819"
"100%1499",-3.22640440527882,207.109847604285,0.284533298048519,2.5017775632387,0.143914343856858,0.160957546344604,-0.100155601682428,67.2832754848485,203.004024600788,0.273788386151115,2.49797101636605,2.7146640917067,97.674149,96.5626802,95.3395682,88.268171,66.34612,66.8157235846154,191.699247999636,66.3602786875,181.211595219581,0.130197054967045,0.149935693549123,-0.110624842485938,"1249821"
"100%1500",-1.27896067428204,175.880874998719,2.00516864541807,6.53902970209104,0.325337432378471,0.271368067748795,0.0600555699257365,13.0936292575758,171.196788124535,2.09155326365664,6.76730887790007,1.98911541391449,58.408305,56.47256405,54.72152585,30.3507025,6.9974115,12.3964804,141.753493910046,11.724077875,114.580257136676,0.307049281453847,0.256891158343821,0.0460088060922288,"1249860"
"100%1501",-3.07977448432165,308.210311393048,2.70172196886955,11.2441967495852,-0.190818057756602,0.00307519574612785,-0.202911848966233,19.2484467575758,309.033466090012,2.84248466513841,11.7077100316883,1.77805838361026,97.652327,95.29142625,55.4226077499999,37.289459,11.844651,18.0422332153846,217.761053888671,16.855077921875,129.556620446668,-0.186331432115825,0.0127492965866445,-0.195765939776693,"1249885"
"100%1502",-0.0587212211804273,113.934350927405,3.14537584849075,24.0131381477436,0.0224210372107446,-0.13769545352648,0.0156366351368588,32.3068431969697,112.313094878469,3.17898265847605,24.4866978451997,1.43718543635573,98.494189,65.2496458499997,45.533896,34.583403,32.7725085,31.2885763384615,45.6077405668494,31.0376363125,42.2272532322838,0.00642726923577945,-0.154737515664671,0.00194080301274935,"1249888"
"100%1503",1.93635271139049,199.700152042623,3.10324458129183,13.0973220039496,0.0236656104530852,-0.0990930958656062,-0.149572121459033,35.6545266060606,199.016605560093,3.09687798377842,13.0494495378494,1.82929772350143,99.773232,93.9294440499999,87.601087,43.541822,32.170735,34.6680849846154,137.855972705501,33.791292734375,90.0402700237206,0.0212927988121395,-0.0994889706151317,-0.146461254392174,"1249889"
"100%1504",-3.25136044420967,217.905384184729,1.67301331468555,5.94859192771415,-0.0206635914852593,-0.11441806648396,-0.0687704870619341,15.5339652121212,203.07703279629,1.89177562897106,6.45408552386932,1.87852884451646,74.468629,56.5277670999998,46.52560985,38.7595955,8.556601,14.6272780769231,151.943911804479,14.1235276875,137.82334586157,-0.106053131858766,-0.191995861700433,-0.139118231768621,"1249896"
"100%1505",0.511083036817918,373.3744871318,-0.0680888675144159,2.39246717349755,-0.0191830291886284,-0.177278379877672,-0.110511879915505,64.4175063636364,371.124418989563,-0.0598371427120726,2.3685460260508,2.88470179709191,97.632407,97.45326505,96.8970895,94.573381,64.2431715,63.9065078923077,359.60014254734,63.383847015625,347.462559293686,-0.0238309029794973,-0.180509909920114,-0.111339711688295,"1249933"
"100%1506",5.66161556830947,306.63185299416,2.17892270619605,6.39492145609495,0.275170530047438,0.242716003784173,0.208827679912387,17.3676136666667,299.16716363715,2.21555079437471,6.53271245830783,1.32480525465656,81.571229,71.3667801999999,64.8393757,51.113467,10.365741,16.3798657384615,239.377101386961,15.6065499375,204.246242275042,0.256954136225971,0.225371747082734,0.199370675115777,"1249935"
"100%1507",5.04582379287317,232.317671899873,0.853548736696261,2.64470425571832,0.239638735469304,0.112465124902762,0.263789062469615,63.2812703030303,243.629701379626,0.996956001686352,2.91487145764773,2.65602164604795,98.524738,98.0585645,97.7296556,91.341802,58.5218115,62.7390631076923,227.974600214985,62.19111803125,212.020855901515,0.252010600933507,0.129228969941146,0.225141371232712,"1249975"
"100%1508",-1.4544649894001,50.5999007583254,2.44547926829134,10.1378317858082,0.454304010376909,0.187274491792452,0.0755341421871123,18.8620793030303,42.2851432953725,3.10215638389053,13.0838198646387,1.3228597507506,50.03674,46.10790405,36.59873125,22.1228065,17.628951,18.3824691384615,27.7539739042485,17.982314328125,17.7795780511968,0.362887595206393,0.0679573888579032,-0.0462839202425466,"1249982"
"100%1509",-2.16246445730988,132.777800068967,3.26816479443087,17.0260512856903,0.0777618469741831,-0.119095091018191,-0.0680216923110697,18.9698713939394,129.189366197024,3.91418982107384,21.6977535510925,1.56653402142331,87.746004,60.1157994499998,44.712685,28.3060545,16.8840295,17.9117770461538,57.2856940859094,17.484804859375,46.3309419176256,0.0542112336143009,-0.140039486980224,-0.115571454239937,"1250044"
"100%1510",-1.7395632141285,167.190537949743,2.29324839235571,9.10793487315994,-0.0712046869916277,0.0504153349184317,-0.204040987011009,29.691356969697,166.649484992404,2.31192968887453,9.18541183583141,1.63478488651481,83.796994,77.1965507999999,67.3917358,42.1920085,26.514052,28.8589625538462,123.483212629442,28.1592203125,93.5860895457077,-0.0746899459844556,0.0524397548766563,-0.199757894498185,"1250072"
"100%1511",-2.95112179994013,140.4895244091,2.8489687517041,13.4030638085063,-0.0387204412992341,0.143718075333188,-0.0389106475841964,28.2595907878788,139.148256173974,2.85787391592427,13.4223169414413,1.53491104209044,84.27598,77.5771729499999,67.53737945,33.82179,26.8238155,27.3978001846154,92.2719176810256,26.670107640625,59.2937978871438,-0.0447997836346056,0.141358752345544,-0.0417175135567354,"1250073"
"100%1512",4.79575954081935,23.4700469406156,1.67099495056973,5.91653934672419,0.48621155239924,0.257544203295712,-0.009984816776477,97.1222481212121,5.63619011026571,-0.87884425395329,2.62565226132852,0.866183914453699,100,100,99.9882713,99.65153,98.0071505,97.032318375,5.54543819583689,97.032318375,5.54543819583689,-0.0580771052780393,0.0948398561401622,0.0420055686231051,"1250140"
"100%1513",6.80943019383107,152.67388614218,2.97443123579512,13.4147367457849,0.515834227608388,0.237272851682228,-0.0792282825524533,95.8243121212121,20.7069233796983,-2.29978514781524,10.2628341126729,1.16878845518732,100,100,99.85303595,99.5038935,97.6291115,95.693821875,20.7921004915494,95.693821875,20.7921004915494,-0.0138651385138235,-0.0204482674299368,0.0408323161280117,"1250169"
"100%1514",-1.53253078874878,29.8692329696384,1.24479471316604,5.04089974950016,0.557588473792575,0.287091509724581,0.0564736546526148,30.0879993636364,28.2612036964969,1.32641378751874,5.16314290527918,1.71641638365769,50.660441,46.29938365,40.539311,37.013121,28.29464,29.7715002615385,22.0846604581744,29.549943671875,19.2390573203187,0.538568261178929,0.256026457355534,0.0259582418160019,"1250174"
"100%1515",-0.523421731912383,45.5778296787316,1.80581410983037,8.78058961187533,0.322260125075974,0.051628517628895,0.199807765116587,17.0099890757576,39.5415989810911,2.764536995997,13.0960518400537,1.57779231408927,49.284731,40.2829849999999,32.38635015,21.0310365,16.013754,16.5134545846154,23.8778622141148,16.217791515625,18.5688715374975,0.233721670686445,-0.0617875677513667,0.132553868779954,"1250176"
"100%1516",2.62854479744665,102.491022429683,4.10627316766197,24.8775973853611,0.232864038921183,0.0924355909189955,0.0327051810716888,23.7133989545455,92.6218555233713,4.61414093648463,29.0007483729523,1.74385652040197,86.510103,64.8526353499998,39.33898245,27.683799,22.740671,22.7472958153846,32.4453589640435,22.27161415625,18.2445700434478,0.153223259033035,0.00874310598490933,-0.0507034848080685,"1250183"
"100%1517",-0.023504357436309,91.1723361386412,1.70623089298415,8.08897533766539,0.23273423601938,0.350769777925693,0.345943333099506,29.4204336818182,64.8977198252994,2.70978162951799,13.392040557016,1.90502066516884,68.960706,64.55424485,43.6570736499999,34.3171765,28.650282,28.8121218,41.4732854771124,28.29072471875,24.450736000851,-0.0519142187196561,0.128732995046709,0.138626748738093,"1250188"
"100%1518",2.24713757726758,213.913132477083,3.03827127751488,13.4473936562677,0.108948029957303,-0.0564845893138748,-0.0128448478364502,23.1565062272727,203.471929431004,3.07158289641733,13.4422502717267,1.95470572586749,93.736914,84.1870385999999,53.0290574999999,37.707723,18.979717,22.0706538,128.783284215136,21.180432796875,79.2834497946807,0.0635423598025076,-0.101990596010284,-0.0502593794499742,"1250232"
"100%1519",-1.73068000728107,295.628742043556,1.63595599468349,6.22085683454587,0.405613862709496,0.165253727095064,0.185948740209834,35.8817643030303,202.679470606853,2.22805682043626,7.52345679167258,2.17466625626971,90.614571,83.6104810499999,79.2081454,53.374191,31.737779,35.0397211230769,159.001192992701,34.339731640625,129.636543722897,0.291468278604101,0.0703059088551671,0.151138248120363,"1250237"
"100%1520",1.46210216534608,90.839506359339,2.98275718630791,13.8729271274745,0.557825666515448,0.153081780101338,0.0314314705262261,21.6469180757576,82.4494685630867,3.36613542033633,15.1041131011932,1.5027775195854,69.146911,58.2186293499999,47.15595655,23.859668,19.48103,20.9161489538462,48.4723702960091,20.425242375,33.565448586846,0.522446083882852,0.0858433918980908,-0.0414783638950281,"1250240"
"100%1521",2.14623387442995,181.149492749628,2.60017865514451,10.5906427317625,0.514369865877444,0.223296512198331,-0.0514815035214366,24.0402172878788,168.323483504882,2.69474829197533,10.5669543927192,1.83897587708662,85.693963,68.3485361999998,57.87454585,42.8388885,19.9446725,23.0916981230769,111.533627563039,22.530495109375,92.8046670254836,0.479735504081787,0.176491405498636,-0.115209522265111,"1250243"
"100%1522",-1.81975809392883,37.9661913849761,2.33208571800771,10.614631878494,0.476296017867178,0.0345375500275325,-0.0166964010943168,18.059672469697,33.773252875055,3.27617387643738,15.1333445055519,1.52654744114401,46.112178,44.84034185,32.87732835,22.5565685,17.1497095,17.6280954615385,21.9997662587359,17.21360465625,11.1763418080646,0.42658708283783,-0.0539395460157098,-0.100152305727138,"1250247"
"100%1523",-2.84160786882186,5.55343926092058,2.90756386355031,10.0023445309477,0.737161314943593,0.51238682487486,0.293656166815428,4.25455715151515,5.4556524059261,2.89880187013145,9.96081738839792,0.767786470671181,12.947164,12.51539045,12.0983025,4.442628,3.568316,4.12082473846154,4.35921787198804,3.993292359375,3.37013764973214,0.732614766246469,0.504452475070128,0.28422332692739,"1250249"
"100%1524",-4.96704870925114,44.2577218871329,4.5380920901658,22.3314546896243,-0.00436041461572577,-0.0546728001390976,-0.0547149514630237,2.24037562121212,44.0452212586251,4.54309621043972,22.3528304063285,0.234844321379962,37.958903,35.2724075,24.81737345,2.1539955,0.612748,1.69085981538462,24.7929770708386,1.188750859375,8.79299609674118,-0.00825092938123635,-0.0545186216006478,-0.0547702122338355,"1250263"
"100%1525",-2.42148175034179,41.3567901808839,3.25541267474915,16.9769309749889,0.42041128558964,0.168643650287573,0.191429462883279,17.3617980606061,33.2513851536997,4.1851724486973,22.5965945087481,1.20579715993469,50.197158,45.9288199,25.3694006499999,19.2090915,16.4717225,16.8566386769231,16.920668732379,16.43829734375,5.8094385636556,0.293093979974661,-0.0062409918240007,0.0359289833489369,"1250273"
"100%1526",0.246543002227387,40.8923089252281,2.76163747754699,12.8071434346384,0.22264111122494,-0.0837353697464719,0.0101207210323709,11.5689110757576,37.5817807447885,3.49649280191307,16.3091761925273,1.35076216198466,43.05163,39.5318306,26.69050105,13.964057,10.318011,11.0845615538462,22.6767276682117,10.669686671875,11.8431756381398,0.165167446030656,-0.158644840630636,-0.0487961007257577,"1250276"
"100%1527",0.227660035779057,12.2124197802183,0.140380264300933,2.39118000668659,0.51430845897561,0.413011229450535,0.393974233007308,10.8385627878788,6.5987507361878,0.948897200804175,3.45666918911826,1.15613161627086,18.127393,17.39328755,16.98316195,14.7234995,10.3580885,10.7264269384615,5.87035636246415,10.628433609375,5.33790566517258,0.15327930888918,0.0469238793046765,0.0446338886189021,"1250277"
"100%1528",-1.72182139265402,55.4782454171935,2.05982028630835,7.0526556936892,0.260575673429375,-0.0104694850745124,0.0205735163440763,17.8892002121212,49.8833701418241,2.55316304581408,8.81806607811358,1.42985056633802,42.038577,41.9362787,41.7128208,19.690757,15.881556,17.5176713384615,41.540582143998,17.13699128125,32.7700288526902,0.185825792074793,-0.115752840891697,-0.0785249560446755,"1250282"
"100%1529",-3.98926232855281,11.1672534467183,5.32174922722761,37.7024436238052,0.124154632532279,-0.030577807578741,-0.00502400306021361,3.38488589393939,11.07766408585,5.36441514973421,38.0850319629084,0.734699078598206,26.940193,13.4501969999999,6.1813199,5.391385,1.944636,3.02249655384615,2.58057145549865,2.973061296875,2.46204298342355,0.116712388002854,-0.0343926829792653,-0.00503859846406109,"1250437"
"100%1530",4.24855003105136,250.619684921207,2.31170184168962,8.90372024815639,-0.0457806800277779,0.0455390720281286,-0.104118685145533,38.7006391969697,249.15174625036,2.31722868226532,8.96049882247061,1.84132537120315,99.04528,98.084697,84.0968856,44.851169,36.106078,37.7722601076923,196.100259633931,36.837960109375,142.42475454509,-0.0506613308727708,0.0455449038114865,-0.103788788753966,"1250480"
"100%1531",-3.28630157507492,74.8567673273689,2.08097424931637,8.17080416376217,0.00551485234609135,-0.1413277430475,-0.131866920723395,10.0717616363636,72.3049142022396,2.22798742186406,8.46697902784707,1.50072692010726,49.005877,37.3873330499999,28.77940725,23.3539665,6.082374,9.47277524615384,49.7375075843261,9.134362453125,43.0706469387682,-0.0275842908640948,-0.187967869512487,-0.172089879882231,"1250518"
"100%1532",-2.5806060413883,125.581168098607,2.46724078309845,10.2392105414966,-0.115388253457108,-0.0471813004599953,-0.0578122152711582,11.1328325454545,121.303970474671,2.38857998927915,9.4857411458564,1.42130107307128,59.581383,55.43867755,32.9429709499999,25.034402,5.425265,10.3874702307692,86.5028967149495,9.718399609375,58.7568972092845,-0.138053866146134,-0.0720066565091238,-0.0812485388945673,"1250520"
"100%1533",3.03788603755745,344.273523627357,2.15187445273656,8.00753704578107,-0.0416349751232631,-0.178944338678608,-0.0856139787950873,36.9135397272727,343.918110278381,2.13543042813614,7.93881913872551,1.82650136905781,99.737213,98.70032,97.53702635,48.9650805,32.8529525,35.9470216769231,287.554786779807,34.97522525,230.662591123511,-0.0406547829990912,-0.174428921258335,-0.0778625730801575,"1250557"
"100%1534",-4.8151800814625,293.407376118808,4.362035840472,20.25725695611,-0.0505904669517339,-0.0368746215953324,-0.039058867311586,5.1786791969697,293.394988030291,4.36323939218764,20.2688934647546,0.678620174942842,91.056681,84.0036395499999,78.67901275,3.3845185,0.5914525,3.85747916923077,182.701169199286,2.66453590625,93.0534891030967,-0.0506624385969509,-0.0369344308060363,-0.0391353700682912,"1250583"
"100%1535",-5.32493988068952,196.782744277361,4.37956255221673,20.5448880461515,-0.0401955091668684,-0.0604929724573296,-0.0594271878532906,4.44574048484849,196.845213918792,4.3795150579977,20.5460068159798,0.69962463495981,74.343741,72.2526819,59.6586766,3.352426,0.524561,3.37038663076923,123.55213166735,2.3116938125,52.6286523000878,-0.0400578697815433,-0.0609807224161462,-0.0592018808697208,"1250594"
"100%1536",-5.36034939172081,232.234795267025,4.55015259680326,22.5305790971556,-0.0370721762657029,-0.0561848797913517,-0.0313690512270956,4.5473416969697,232.214044754321,4.55460026044919,22.5766315501038,0.59815690079575,89.324375,78.0094908999999,58.5698797,3.351994,0.520846,3.24307964615385,123.514001704679,2.1700518125,50.6036404145838,-0.037926901513137,-0.0570260383553371,-0.03113458646274,"1250601"
"100%1537",-5.46029151883155,221.696122646564,5.09836868389459,29.4158695638776,-0.0334345322133126,-0.0317904574718072,-0.0593738342850489,4.34109245454545,220.693486716512,5.08513386655078,29.2571866667781,0.499459527270928,99.353187,73.4223443999998,47.6415317,3.154532,0.4258875,2.87936792307692,83.0706231383399,1.9953020625,33.5663926454314,-0.0364500365893117,-0.0355188919523861,-0.0592627398586232,"1250604"
"100%1538",-5.32542398608103,194.549351632042,4.54605109301477,22.4025070293729,-0.0391157661251215,-0.0365601999777856,-0.058658507794457,4.00616177272727,194.455679118708,4.54088685517627,22.3452798960357,0.234844321379962,80.512243,71.8051861999999,53.447487,2.873036,0.4641555,2.82914513846154,106.01300656698,1.824650984375,42.0839069309766,-0.0400522085436258,-0.0375571945726605,-0.061014127638168,"1250605"
"100%1539",-5.38269221252619,180.972701375601,4.36129020131798,20.2641353991449,-0.0400888476411972,-0.0547886007083562,-0.0549213598816518,3.97398466666667,181.360853775546,4.35938258421066,20.252821687214,0.291645253633765,71.592834,65.5468277999999,62.19562955,2.989602,0.4652495,2.93369467692308,112.725605414501,2.0062323125,58.5748245667213,-0.0411671712159162,-0.055920395164006,-0.0561066312389161,"1250619"
"100%1540",-5.51516817491592,114.453730985678,4.64093528599096,23.5867938643489,-0.0471037298430585,-0.00631640826695813,-0.0651685441127027,3.59158793939394,114.556853485196,4.64408243759848,23.6121559773213,0.535041422603127,61.843878,58.65757605,34.9479822999999,3.306652,0.5167655,2.69539886153846,63.3110456400859,1.847797671875,17.6024752414828,-0.0486650450455794,-0.0087112008341777,-0.0676343444232289,"1250620"
"100%1541",-5.64296328600356,270.334942995259,4.62327023948679,23.4321721117936,-0.0530532345589498,-0.0572741400594072,-0.0393052299444747,4.77414357575758,270.414220151369,4.62332545740472,23.4288520085597,0.567820412866493,99.216744,82.5171740999998,63.1195599,3.2161825,0.5060995,3.32118049230769,135.241725279627,2.22424428125,59.1423889136972,-0.052595827971709,-0.0576892920482286,-0.0385705747217865,"1250622"
"100%1542",-5.17645608249256,206.161942016768,4.37007857134208,20.4869333867742,-0.0419325524634139,-0.0586135505694194,-0.0511303910254628,4.64110506060606,205.370392621534,4.37201673401896,20.5147615697135,0.775740244508104,78.62725,70.3036164999999,64.8763853,3.6917085,0.668873,3.50285667692308,123.019717848247,2.529125375,63.3119787972129,-0.0441946522676858,-0.0603287410747292,-0.0514036231493446,"1250656"
"100%1543",4.1291809050581,281.797546253119,1.64312727932207,6.03108382760461,0.328166719987144,0.332174306086003,0.29487084661103,38.1746705757576,227.551226713974,2.07836406394778,7.28144581385709,2.34540358155441,98.94204,88.6264749999999,78.47129805,59.520836,33.838901,37.2397879692308,173.367652610167,36.52366059375,142.742025017857,0.162741162943156,0.180681147709939,0.13972933330274,"1252548"
"100%1544",0.731491782773764,104.735807253487,1.95992837315754,7.29475762898012,0.50082499961818,0.20754299003118,0.169313113711388,21.5730714848485,89.5293035050252,2.40527466614571,9.1038898792085,1.97678268577141,61.325955,56.7111604,51.33708635,30.415594,19.4325105,20.9614886615385,66.2204631204238,20.4417264375,49.6952278367489,0.421485328570438,0.0861441236453642,0.0513861030700623,"1252552"
"100%1545",-0.412658621555473,46.5063426351781,1.64383872784777,6.72997408365467,0.779904185734838,0.486317895996703,0.150322285124146,17.7103935151515,42.6080981778573,2.6437589713062,10.4972611228227,1.5186953234422,46.743688,42.7723869,38.658374,23.1577455,15.962455,17.2637274461538,30.0959092858008,16.89856703125,21.8989195085627,0.773220399288212,0.46952272587015,0.123139304357187,"1252561"
"100%1546",-0.389812292817777,64.770457223142,5.76615793932105,40.8071885351879,0.0850944698372657,0.0255149639263684,0.0644880903103044,9.38549012121212,62.0646657878591,5.93995023769938,42.0044480303744,1.25455433655771,66.389079,40.5293548499998,22.44158615,11.2754825,7.860133,8.50851183076923,12.2595059540431,8.225755953125,7.2542531223217,0.0449210036948879,-0.0111928165973917,0.0339655141681735,"1252570"
"100%1547",3.00760475048862,221.850926287251,2.57806797676655,11.5554075320425,-0.0524103860508016,0.23418882321004,-0.0612719846731185,34.6471774090909,220.112008302239,2.58689110954913,11.6370683719804,1.82138740264988,98.745006,96.5958265,82.79215035,47.948574,32.7680465,33.6610569692308,159.317734445447,32.695783234375,101.243104138001,-0.0582292912268745,0.234079396257918,-0.0621517687715927,"1252576"
"100%1548",2.03719361432747,143.439655502016,4.67749730333195,29.047756601558,0.00141986080334891,-0.0947737000644565,-0.0478370178068801,15.0779732878788,140.968918915299,4.81930768809519,30.4235580416301,1.78190082524118,93.748304,62.4799532499997,43.1751212,17.043612,13.267438,13.8676605076923,46.4571078057359,13.3711685,31.1602197245486,-0.0162597325967826,-0.105027511278295,-0.0562416467921218,"1252579"
"100%1549",-0.537219097397567,218.110617417532,2.88783750401689,12.7739025938361,-0.0535545074673219,-0.185675711580021,-0.0894204779397715,34.1185703484849,219.055723965428,2.90292081804381,12.8519714008291,1.96266254577272,99.113544,98.59487325,81.8761762499999,44.3483145,31.449077,33.1186476769231,156.436018985622,32.09994546875,91.4263095013863,-0.0499998141097339,-0.179844285423849,-0.0843587729776193,"1252601"
"100%1550",1.12236617148608,254.585618094748,0.716425152686257,4.89642908844466,0.166511192465849,-0.142326313673456,-0.35839723190489,37.9342158787879,149.727203124107,1.72220167033912,6.71298283153075,2.2988208090509,81.824955,81.69563165,69.9299722,49.9867015,36.130894,37.2589737384615,121.937869984001,36.565739015625,92.6058144409946,0.159130604557263,0.0181091700632571,0.0614082665469937,"1252608"
"100%1551",0.0938655143147135,53.9137110542888,1.23024434215234,4.62308177158897,0.568672049041577,0.281486824616514,0.24163906991478,22.141432969697,39.4335549570158,2.02693921766473,7.62401107497302,1.7027177492184,46.357374,44.2295197,40.60563615,25.9710265,20.89303,21.7688800307692,30.8797093412337,21.43583515625,24.152477050861,0.429913539025985,0.0613780832579201,0.0197521764026452,"1252611"
"100%1552",0.186759159909369,149.763314412013,3.29402829000424,16.3881604203148,0.210971084243927,0.217140866179954,0.165425254319469,22.0780307121212,130.442387507034,3.5800548647761,17.8839360599687,1.89254053861645,85.184272,72.8049082499999,43.1552083499999,33.0419645,19.4498495,21.1071654615385,70.2389573725995,20.40354153125,39.1558097886986,0.121081282923563,0.134185485275163,0.0831481892873206,"1252622"
"100%1553",-1.29631772367193,38.939574755066,1.54640602874151,6.19717261970736,0.493620510873908,0.238736999799798,0.188109859147479,18.2156599848485,29.6127805353903,2.4857718054113,9.6459210204884,1.54041327311168,41.405715,39.6709872,32.69060045,21.879217,17.2037295,17.8588899076923,21.6675591694307,17.532670953125,15.0888923707189,0.34519250155984,0.0282809625734223,-0.0153075348992612,"1252636"
"100%1554",4.0871206256757,442.627144544579,1.13283256923823,3.40121498236579,0.296680728427128,0.167343541539253,0.183140458541939,32.6919883030303,434.139819129573,1.14258942130161,3.41466300911514,2.83741940468892,87.606313,85.47770015,84.2761941,69.45486,26.1955985,31.8471525384615,393.711560309791,31.027084234375,356.150021920753,0.285367473112801,0.156773004320028,0.178956744525616,"1252642"
"100%1555",-2.51379853783037,267.78495494814,1.69565788536925,5.3041229364766,-0.241925149939157,-0.147015072920511,0.112222083052275,16.9146521515152,266.642866915184,1.81795792904191,5.48680211497677,1.71077152027694,77.266889,70.63059505,50.90914685,44.0076455,9.0941525,15.9861562,213.846152557044,15.188171046875,175.796778891232,-0.253646216517131,-0.149222543513586,0.104676644847889,"1252652"
"100%1556",-2.23659921966392,132.420947849098,1.30983134111558,5.47592605081209,0.0501873565308848,0.369904859951153,-0.0718218445123742,38.2606436515151,127.218198494918,1.61922545157408,5.55533225985072,2.20310505174398,79.2192,71.6891105499999,66.39314185,56.5189955,35.1164985,37.6305120153846,102.969053544418,37.16170053125,90.2919715083767,0.126082203872922,0.358269517937074,-0.0630532030704994,"1252654"
"100%1557",4.29527975070397,27.6674563699622,-1.93299871569355,7.89810973800683,0.599329626687629,0.152577428096745,-0.145153446149986,96.820223530303,29.546402578037,-2.67574320242716,9.99022606826006,0.799913762008393,100,100,99.88302555,99.659072,98.813497,96.720855515625,30.1438855813459,96.720855515625,30.1438855813459,0.644941054646305,0.222039553490158,-0.0626855742793403,"1252664"
"100%1558",2.11183997984483,438.765862970395,-0.315893882483312,1.57742091541682,-0.120138276281102,-0.0125538197435591,0.0296933684105478,75.7846311363636,433.823815628687,-0.321259750368399,1.58117992244251,2.55928910405755,99.842849,99.6545245,99.53304455,99.2463695,80.224168,75.4145047076923,431.456452345555,75.037338859375,428.951444399555,-0.131680583017094,-0.0175634492144438,0.0246935364748557,"1252698"
"100%1559",-0.460025077591292,353.089944058973,-0.449140625626213,1.71827174644812,-0.0795593720557423,0.0411946019199728,-0.0357670267602317,78.3702381818182,356.689867523365,-0.453703033256789,1.71843393196847,2.49744582083355,99.920382,99.81786595,99.3732106,99.119313,83.6687655,78.0386975076923,354.922735519212,77.699260515625,352.97926760876,-0.0691683489070494,0.0512861002355821,-0.0269246609459619,"1252702"
"100%1560",-4.50270355049038,49.9631450945937,0.946262824351557,1.99426933752194,-0.0292259345070892,-0.0283025101441498,0.118197566341164,5.62024293939394,49.2224275050164,0.949115513507073,1.99781214156138,0.887157657066373,18.344078,17.66451535,17.25892405,17.201947,0.883432,5.42449163076923,47.4506696818113,5.238958734375,45.9546267787015,-0.042807225611424,-0.0400526458427277,0.10873902609895,"1252751"
"100%1561",0.38605146450651,364.234941844906,2.34465289268181,9.27105333063469,-0.174624631406988,-0.0526594244356278,-0.0275675694867037,21.1978837121212,363.299961671089,2.33060473688369,9.11948253371675,2.05008422314821,99.698051,99.2878256,54.6538336499999,44.7248665,12.261093,19.9901888307692,272.626414705355,18.754614671875,177.654374796859,-0.170361555424572,-0.0500102865501211,-0.0232149974309223,"1252905"
"100%1562",3.42609657185745,1240.92274899207,1.35304741189547,3.03350412808133,0.0613481133306517,-0.155995314628758,-0.0627531232865787,25.5878286515152,1246.47377286449,1.35573906511799,3.03395087863436,1.92846081162605,98.676248,97.7048373,96.7719685,94.7130915,4.927606,24.4633914307692,1182.2025942627,23.327166765625,1116.75908796872,0.0637037410390949,-0.152085867677138,-0.057511086763686,"1252918"
"100%1563",-4.05020322994031,193.568809992703,2.98367385250104,12.2877867668964,-0.137066865371611,-0.13942297503805,0.0274208068660967,6.50721581818182,192.919476497769,2.96628243710159,12.133068568985,0.634915267027501,76.277379,55.0942657499998,41.0195741,28.095674,1.4653945,5.43382869230769,119.844913592396,4.836107671875,98.4949131799154,-0.140644219157961,-0.142915425584846,0.0289817412092994,"1252934"
"100%1564",-3.34146241564267,227.427593669862,2.62881291515729,10.8792990227058,-0.110123650092171,-0.12735754840219,-0.0788675153958492,12.000958969697,224.468426114604,2.66757708985838,10.9248547989778,1.51310375804649,86.181975,60.2484673999998,44.3466662,35.8563455,5.501689,10.8597125692308,141.960525642281,10.30620384375,124.264484758524,-0.11560665193872,-0.135767890819838,-0.083344659985779,"1252937"
"100%1565",-2.39081443690237,242.235479856941,1.89734205723187,6.88377162460698,0.0060485764420309,-0.152111663306415,0.0758063787344284,16.5760087727273,226.709426718121,2.05526157988376,7.372326076578,1.82797401570623,82.604075,60.6558811999998,48.54384025,44.31792,9.4713975,15.5601923692308,162.092988321816,15.040232515625,147.052405055832,-0.0560711483690286,-0.217423802904811,0.0401657774351424,"1252981"
"100%1566",0.630941606815598,294.073524710553,2.23204400684732,7.62664211378914,-0.0590013126362429,-0.0630910420956745,-0.150353475711745,20.2161151515152,279.276559081891,2.31526070400659,7.79468777196629,1.8796832598878,86.302072,78.6032373499999,74.10289455,46.211795,14.69923,19.1994081230769,215.349371538709,18.335997140625,170.258101368792,-0.108744621996231,-0.105265483333256,-0.189983211251422,"1253"
"100%1567",-3.24506700984276,142.905873087576,2.10335242486884,7.25465701797549,-0.164536595833276,-0.0920963154689059,-0.070480217932415,12.3051548484848,137.690017371076,2.12836684034565,7.24034241511432,1.58771118052946,62.444418,47.8085577999999,39.7584865,31.9730355,6.7773275,11.5337815692308,100.537220758116,11.0901264375,89.3141728982434,-0.198935939547377,-0.119988725378097,-0.0866212053084743,"1253029"
"100%1568",-0.0500977076399024,228.773037867362,2.69761824600719,10.7795663363091,0.156946633198282,-0.0967802900687819,-0.0681657066567657,23.2048207878788,216.015115995607,2.9101735536242,11.8341505665643,1.8897269005075,88.816234,86.3163704,60.7007188499999,40.1367955,18.48663,22.1954144307692,152.090946683432,21.214557,91.9320832581719,0.110449536380192,-0.148409918804995,-0.110982218504447,"1253059"
"100%1569",-0.650917258869931,130.869422631722,2.36866902484249,13.4635604250978,-0.173303968796391,-0.0584959377254652,-0.135638171574691,32.8688386969697,129.829962072289,2.3487797211297,13.3619873856626,1.72004949005155,87.384605,82.2471519,49.8719453999999,38.294126,32.3223825,32.0301346,85.4013249941028,31.28871746875,51.0052621339219,-0.181405661622544,-0.0639903020115937,-0.142189088687392,"1253090"
"100%1570",-3.18370386225415,328.207375523364,2.41922147008265,9.34977848425498,-0.159233435617674,-0.0854635977255555,-0.130751848343418,14.943310030303,321.214770312476,2.53495260583635,9.56814277425267,1.19821280567701,99.061935,75.3787897999998,56.5890048,44.167869,7.4613395,13.6491773384615,215.621094019459,12.883909375,180.923894979976,-0.177976682513664,-0.109815296565105,-0.152432652492361,"1253117"
"100%1571",-1.08021074576028,407.739461926298,2.39918577921894,8.65081305334369,-0.154381901101793,-0.203768162695578,0.127036325604959,20.5135532878788,398.921570046142,2.37812686247771,8.44781737700088,2.00928313764107,98.753562,95.25379235,86.13619955,49.6156675,11.588564,19.3098608461538,309.433042348389,18.15268209375,227.228860409113,-0.179180070270541,-0.228500725003506,0.116444838803543,"1253135"
"100%1572",1.58099954149279,146.386687863602,0.993926884992015,5.38391754077322,-0.101848991134666,-0.113189311918127,-0.161964451228454,33.7263563636364,145.768036623545,0.973838751962024,5.31771938428138,1.92019475561056,77.881133,70.6563010999999,56.06158465,52.0459885,33.0022995,33.0470521076923,117.554639840885,32.5201934375,101.348727295206,-0.105171341872126,-0.112860221649261,-0.15990441543006,"1253143"
"100%1573",-2.38691124117796,245.926031299445,2.11226404589484,8.01303459112802,-0.167591256556501,-0.0478904529325795,-0.0799039266322947,19.2041594242424,233.04953840726,2.27363628136,8.44222831280318,1.91209600236176,87.52758,70.3684347499998,59.2220645,42.819118,12.2432235,18.1530298769231,163.713276454864,17.481531984375,136.962184119198,-0.222245491991047,-0.0910724138253097,-0.116904902069979,"1253153"
"100%1574",-1.28601535868857,811.297450705371,0.270898334959023,1.34595219130594,-0.654041519940369,0.296136521580686,-0.0123847224311382,42.6260864848485,813.680232408123,0.269270496598268,1.32944571405324,2.3933980259774,95.681285,94.66156045,81.8390252,78.797989,26.180483,41.8098526615385,782.226704644977,40.992624140625,751.037937304418,-0.650391994304212,0.298375229184657,-0.0107310881085612,"1253187"
"100%1575",-1.57057688418467,411.412579699561,0.627100867080257,2.89347428711802,-0.548980253719105,0.246893573142768,-0.0149570294249535,31.8006132272727,401.851880721358,0.648381808242784,2.91779194914366,2.35753755961797,100,77.2422136499998,60.1565775,54.82216,22.502635,30.7513918923077,335.377100304617,30.2164445625,322.016405528432,-0.579746996711293,0.235904528144635,-0.0263597776560109,"1253192"
"100%1576",-1.76151614837216,288.655263451129,3.1760739238764,14.426866379518,-0.0820841265013642,0.139952887215296,-0.0801707494281352,14.0736219848485,275.613682707624,3.21069008434929,14.3563596221296,1.86536613592874,99.134271,82.1441406999999,65.3510559,29.427413,7.7648055,12.7649966153846,166.828869608924,11.823893296875,111.866666049426,-0.127938039449173,0.110086435118419,-0.119199820679022,"1253253"
"100%1577",-2.14641328176008,131.223430912588,1.80933734362212,5.88820365043449,0.0432483534660568,-0.122032051352574,-0.104329952449405,14.0086366363636,127.116401079202,2.08023995236321,7.04730704553136,1.92595361520449,59.955355,52.9046944999999,41.75646845,30.8442965,9.5101275,13.3017640461538,96.0938933387483,12.74228871875,77.2495386938796,-0.00123087452446148,-0.161556313697859,-0.137475471409609,"1253255"
"100%1578",-0.874101343088057,199.10246448521,3.48091868791876,19.7003465357964,0.0913171908476637,-0.0208115451665406,-0.0154860674192293,14.0501630909091,183.082077949137,3.7103343989203,21.0660122482643,1.85846731434939,96.016165,58.5729052499997,35.3920633,31.1192935,9.4231575,12.7891476769231,80.94817359772,12.388803890625,71.7951042403982,0.0156959152834024,-0.0996111090062331,-0.0911594474066303,"1253279"
"100%1579",-3.01765044729104,175.289450528699,2.792319009557,13.2560579030814,0.171662122556184,0.0895063045761828,0.0258727934894794,13.2443668787879,154.0730765035,3.05636592075767,14.2326192377834,1.81260700736412,79.767817,58.2358571999998,40.01067655,31.161008,9.195303,12.2209291846154,87.3134004123257,11.68310425,69.8760543746556,0.0609507617349187,-0.0292688490975002,-0.0838635763661612,"1253291"
"100%1580",-3.8088567522582,138.427823683425,1.5982357202281,4.83600127609432,-0.0344698554927153,-0.211549034491558,-0.142263915690424,13.1560420909091,136.680885154779,1.83735801079998,5.45582872162846,1.82583461025244,53.575861,51.2390837,44.6996702,31.4249625,8.458777,12.5341987230769,113.262182511602,11.94909528125,92.7794116668944,-0.0577826734294254,-0.233357368225623,-0.151243565538431,"1253294"
"100%1581",1.18322959051291,293.001641905296,2.32858203480028,8.41643537416328,-0.0837883644860395,-0.0915270802484627,0.027032692505484,15.9318561818182,286.733617345697,2.38682767430096,8.76532864478527,1.93552063893745,90.292471,77.5342586499999,59.5374516,34.506116,8.805407,14.7878467230769,204.766899414895,13.914774765625,158.419830430473,-0.106189914312136,-0.10959569153799,0.0140678176170873,"1253300"
"100%1582",-3.10101013175039,114.202175081872,3.0734502161385,15.4854187516115,-0.105095895520589,0.122321089785108,-0.0673963092647151,12.6215481060606,110.056709779294,3.34367055138817,16.8538316518501,1.79127658958914,71.822469,48.9352988499998,36.45993295,24.9666915,9.743492,11.7107647076923,57.001147612686,11.3216916875,48.0522325664326,-0.149243855817777,0.0890612852384438,-0.0997751776512155,"1253302"
"100%1583",1.35167273170109,358.914195100309,2.41905769410697,8.87873692982086,-0.0981607819496272,-0.16438128290598,0.0304652745609858,16.9114688333333,347.694028329611,2.5158929174173,9.37465592341453,2.16305631548394,95.680634,90.00372445,70.8403315499999,37.978002,9.915654,15.6996355230769,256.119529085087,14.58639659375,179.56683733206,-0.129295986179909,-0.194698032595583,0.00921172539217287,"1253306"
"100%1584",-2.42083715768669,107.580709502286,1.70135107517987,5.3092602894935,-0.00582908434222232,0.0760822163549683,-0.100882602950932,12.7087782878788,98.8556900445881,1.91327965844882,5.68263452553953,1.76582106169568,45.116419,44.35220815,40.2466407,29.1245515,9.582589,12.2101992,83.9701937610819,11.71440996875,69.3047755200736,-0.0894468620569012,-0.000108543315146334,-0.183378795169415,"1253308"
"100%1585",-2.82690080727378,80.5543074172888,1.72776115924474,6.09940540361627,-0.0150252497072555,0.00426936839835168,-0.205968640574336,11.8897015909091,76.6490621751031,1.9909704142626,6.61384209858154,1.83502670414085,47.034897,40.7346432999999,32.57422785,26.693763,8.775486,11.3490062769231,58.5330846268739,10.942862640625,48.7257416093162,-0.061043634543964,-0.0315583229186501,-0.247205608922517,"1253313"
"100%1586",-0.665067491248921,187.624663560456,2.71041140205703,11.6351317362411,-0.064534692291559,-0.0298716368304052,-0.137773307559812,14.0465827121212,177.702203224449,2.86773150930474,12.3403631582551,1.95206379415668,77.293242,71.357039,41.4434432999999,30.0723145,9.775705,13.0735571846154,117.948690580308,12.212821796875,71.6353873695673,-0.1219060239538,-0.0819197402292717,-0.188263778491417,"1253327"
"100%1587",-2.5026050458067,134.124499068898,1.85842970178001,5.70102161879355,-0.0606365838087892,0.10082055766235,0.0365039704485662,13.069406469697,124.667966174472,1.89749821755848,5.65369813436316,2.03294806158428,47.55188,47.48166375,46.2184215,31.280996,8.729313,12.5389068769231,108.011566901253,11.9935170625,90.3649944051166,-0.138716542065598,0.0279922505138889,-0.0268596987938221,"1253329"
"100%1588",-1.50201531848115,72.7779841266366,1.80782913135713,5.59676435841247,-0.0102216431685526,-0.00140364102567517,-0.145030834558925,11.7626035606061,68.1575081375262,1.95096731172359,5.86927804627733,1.74564148921056,39.177881,37.81297395,34.5578868,24.1529325,8.745206,11.3408300615385,57.4651548077579,10.93868640625,47.8512790848594,-0.0696039126334455,-0.0570256456021102,-0.194997921703158,"1253333"
"100%1589",-0.014650390717166,240.488112928844,3.33957643136714,16.7928923116357,-0.136847475256507,0.147808390742956,-0.129402322531704,14.3480351515152,231.455510830681,3.38779796231887,17.0613828285095,2.09767932024524,99.681783,75.2847271999998,44.9625409999999,28.525195,9.6615095,13.0352082615385,121.264411602433,12.26782321875,84.8819807805169,-0.180993231389247,0.124679334932007,-0.160046102993692,"1253348"
"100%1590",-1.15599029509799,140.848610570057,2.09233155773064,7.14678239761035,-0.124049641724596,-0.0739989410666008,-0.0579969507542228,13.2407003181818,133.820912476509,2.29468481397778,8.05444493301344,1.62614258830658,63.446733,51.9145441499999,44.8064339,31.3973705,8.676286,12.4682998153846,96.5039283217683,11.948977875,80.4816091470812,-0.183944771679843,-0.126289317782127,-0.0991853896202398,"1253353"
"100%1591",-1.37434935665487,225.258380550809,2.68212590968285,11.4084588979874,-0.0712067801969634,-0.0483589612420269,-0.0565038976919756,14.2144996212121,219.42639318204,2.75379109020046,11.5510654016923,2.22735133501353,81.429486,77.67002705,44.5169836499999,34.275557,9.486687,13.1804229076923,152.227416983079,12.20440290625,92.6859925644358,-0.09826837191883,-0.073803365996286,-0.0696243080919586,"1253367"
"100%1592",-0.718539134153857,174.638614182978,4.14910536709687,25.2750480502383,-0.0877858214393829,-0.113774048892076,-0.125403732942864,12.8881113333333,174.373737402228,4.47205315675421,27.8694512505179,1.8278784206817,98.929274,60.0410239499997,34.80039215,26.1657165,8.7060785,11.5644011384615,61.4106374048421,11.134138703125,50.3370040022803,-0.0847397409915594,-0.108913214312827,-0.116024984163084,"1253370"
"100%1593",1.21636257136443,422.87425321948,2.63697723434829,9.46153610783453,-0.0210872189601241,-0.105969296384549,-0.0910754655319946,16.3152744090909,417.049918061258,2.66322719568723,9.49434501385088,1.97343030218189,99.675507,91.2267809999999,82.1963835,33.6362675,8.421589,15.0328092923077,314.914763446274,13.913361515625,238.379690518333,-0.0340300833307691,-0.112846686877845,-0.0988450110586254,"1253378"
"100%1594",-1.00568197316571,215.044073270641,3.48306080699832,18.873340969742,-0.0290903919389144,-0.0380886081531893,-0.110619658230472,13.2024950909091,205.964225001653,3.68216917750348,20.2648937657267,1.94277433912459,98.702803,67.9079629499997,40.91020535,28.5829695,7.6787845,11.8871057384615,94.9364615831558,11.270871046875,71.7364061129335,-0.0701965369004427,-0.0726002577018228,-0.141956564521338,"1253385"
"100%1595",-1.69660175658972,208.890880789944,3.28785885950453,17.3868271235249,-0.0685163454611587,-0.164691741842414,-0.14740246203535,13.5654023636364,207.103504449281,3.44541689333085,18.2158596500724,1.91810206443356,96.798438,68.1705393499998,37.2016781,30.1831515,8.715718,12.2848941230769,102.069422836757,11.652540640625,77.6726473285916,-0.0773744121038486,-0.161153367881625,-0.141546540020658,"1253392"
"100%1596",-0.88510173995915,182.971154508739,2.63818307847392,11.0775439712983,-0.200455988265591,-0.0827799762985494,-0.116177910106534,13.4062721969697,182.441992889345,2.89382083113246,12.5016741524079,1.71797255593669,80.797214,68.3957021499999,37.6546473999999,32.457469,8.3241375,12.3694884769231,114.304040957806,11.59841853125,77.4443656249532,-0.199829679384694,-0.0806792754879259,-0.122311625169891,"1253399"
"100%1597",0.127100330829598,142.231287266076,0.329793089284216,1.81290380735839,0.550330199589256,0.403722743414275,0.459384855272827,77.7669355,123.106134601832,0.529548021046287,2.04585421917929,2.41826156005344,98.499321,98.4352804,98.2031989,95.570117,74.738793,77.4479757230769,118.28554274071,77.120587890625,113.166872811591,0.539498284649701,0.346580838355562,0.418856813709196,"1253439"
"100%1598",-1.47118449155781,134.901564858453,2.04568246526717,7.86818635966659,0.259768850811793,0.115742359760951,0.215992214893213,21.0521426212121,130.56867458752,2.03210976836302,7.72031045834424,2.08392266986219,71.54671,55.4901480499999,46.5859583,38.356899,16.668799,20.2753031230769,92.7477694403737,19.8601624375,82.9947370644964,0.236860090759393,0.0877116430433867,0.197009875016349,"1253444"
"100%1599",4.28746675416133,203.892014492201,0.304112974700189,3.92849491602116,0.452370132100769,0.548605924505952,0.400555843493674,38.0802804545455,168.727181262356,0.591580445374371,4.33089299818351,2.50766842724617,77.562561,75.63973035,69.24454265,50.6417365,38.5744605,37.4728607538461,146.971710326364,36.892681078125,127.38859365242,0.347345369730649,0.473020876617035,0.303441688446326,"1253449"
"100%1600",0.645529785211205,200.037358272715,3.05456483438248,15.5971966842174,0.0141506800842954,-0.0587665849484024,-0.120212266231961,32.2256761060606,197.952079120367,3.05712917569366,15.5527789238767,1.92231005721125,98.832111,98.370078,61.2927853999999,38.8046575,30.752328,31.2009617230769,131.69488432044,30.155331578125,62.6853608858548,0.00505739441811534,-0.0621913019071775,-0.123453280468684,"1253468"
"100%1601",-0.409383867113904,197.758545318721,2.9643552471563,12.8288880623752,0.00572851668929561,0.128424076438302,0.244592473644589,29.4295707575758,193.337532291711,2.98653122315236,12.8781377874486,1.77423002695548,96.126021,85.8622557999999,74.1230709,35.0315625,26.618272,28.4034715230769,126.821899688849,27.5920318125,86.0052556179119,-0.0182794660238124,0.11383365870958,0.236910996458712,"1253479"
"100%1602",-0.232005919928512,231.885336448595,2.73098631607256,11.291561062458,-0.0486870905733751,-0.026686909026409,-0.0714846154387397,35.0051711969697,229.938817554196,2.74452704058159,11.3650757173855,1.86555910577355,98.038334,96.19887495,89.3014718,46.7314105,31.5803475,34.0354302307692,171.410100083451,33.079602625,114.70396612047,-0.0571360434412017,-0.0306188649398921,-0.0770191216924457,"1253484"
"100%1603",0.783868407603049,109.978788375351,1.87820555456554,5.61676268577219,0.10425521072194,0.0795110906929982,-0.0952512413862453,9.99891251515152,111.453081588933,1.91402298820205,5.78642961315177,1.65136932455775,48.888487,41.9930640499999,37.9093039,25.4148145,5.622279,9.40061136923077,89.5421031427434,8.949368671875,77.7059003297496,0.118247461531188,0.0967924877107458,-0.0732528729032393,"1253497"
"100%1604",-4.57068416005122,84.2750789506699,0.352358995651744,2.00199168501093,-0.442356330008062,0.108504794822106,0.0139395444256173,13.5524485757576,83.6001138819003,0.368834688640614,1.96212517912495,2.15940125303957,37.717589,31.7315335999999,28.41615245,25.3034105,13.208603,13.1806771846154,75.7641476401445,12.9411835,73.2197428239293,-0.450341942015136,0.103321394773989,0.0100603635030211,"1253557"
"100%1605",-4.87945386279999,296.172948886776,1.51432859550372,5.27652526688997,-0.00722195136701614,-0.0170201892777174,-0.204937798939752,18.1512233333333,289.679376980669,1.60274117053165,5.51155392109888,1.96040243371003,87.562536,63.4606341499998,49.5696971,43.985739,8.104948,17.0833569846154,218.873639224574,16.561492453125,204.591271537659,-0.023012113742231,-0.0304238862724009,-0.209441831435404,"1253561"
"100%1606",1.49791833371938,499.735308334735,1.8651063421265,5.99443593768606,0.0800683078631682,-0.139332354979347,0.0809371557587028,23.7139013181818,482.969283282824,1.92491269669924,6.1364624525121,1.92585438644426,99.083791,98.816784,82.8771786,48.977855,12.251305,22.5543645538462,401.660896430877,21.365010703125,315.990280092969,0.0542630871466447,-0.16815543832843,0.0651037677282425,"1253568"
"100%1607",-3.413988182769,8.63638962327516,0.214090767007692,2.79704750384754,0.643563459810723,0.611560663202652,0.603399615339904,6.30089745454545,2.58432001451252,1.72407134037113,6.40469323694925,0.783814638735486,11.852949,11.57531125,11.1983631,8.243075,5.836093,6.21548127692308,2.1425478395918,6.134069828125,1.7452165898843,-0.114732135531308,-0.125376214380661,-0.0400828414639434,"1253569"
"100%1608",-0.959439501876484,538.120441315094,1.65887388898041,4.38456398835829,-0.0763029015876301,-0.0555002456684363,-0.0895861651194041,30.8247719848485,528.13401030238,1.65063972209391,4.35305836462565,2.30464236762416,98.526443,95.696837,87.58399825,74.530845,20.161802,29.7832078153846,464.658658261093,28.777114140625,406.124358440988,-0.0916662772988627,-0.0624669093089293,-0.0943439328987721,"1253574"
"100%1609",1.11335147753862,576.366745662921,1.27635524901693,3.34858039583916,-0.127308769406672,-0.197919755923963,0.0185349333007792,29.2476347575758,569.279153529017,1.28507564845817,3.37146041876639,2.28273327107294,96.557252,92.0628621,78.84216195,75.0316215,15.9329865,28.2121021846154,507.263665514853,27.2522474375,455.303786477126,-0.138796361610419,-0.208717510700652,0.0151889651970263,"1253577"
"100%1610",-2.03545620724571,355.83771541392,1.53153347851933,4.84685484511785,0.057962658923795,-0.103399985917058,-0.0874552889214486,28.1350075606061,351.045453078219,1.52604979923537,4.81434080606446,2.32655628927171,99.184041,81.9914701499999,64.1179621,55.7147575,19.392775,27.0419455076923,277.590365356024,26.32800821875,248.796795399463,0.0458150082451371,-0.114687551586434,-0.095906709265249,"1253601"
"100%1611",-4.05070768488008,518.42166863817,1.62907808316308,4.52391556159998,0.130241035637969,-0.128149835089605,-0.0142102435537297,29.2666813636364,517.468933095434,1.62846343268994,4.52960672910522,2.18344016283654,98.859593,96.0930812,93.66465285,65.8242215,17.989459,28.1960211846154,449.773321154473,27.1584055625,386.819027645748,0.129835760699144,-0.125685595830994,-0.00765595165557272,"1253604"
"100%1612",-1.69980742166288,17.7744550921773,4.49154060222478,23.9922407601017,0.245987438297157,0.0967706474406379,0.307684891866102,5.4141855,16.2602499940059,4.71081467993069,25.7046908340383,0.446518861807548,30.011311,24.3236667,17.39376915,6.0892725,4.4832875,5.03576818461538,7.05922982375,4.782247546875,2.99180389532716,0.184047762562946,0.0312542609485738,0.262351546999113,"1254542"
"100%1613",-2.97477615567059,40.8851243411704,3.47606472364066,16.2366859988542,0.473757829165844,0.16396544171677,-0.00562383708069592,7.13859609090909,37.1771095146173,3.90105025686608,18.733721211987,0.707278846404057,41.019838,34.0648386499999,22.31421845,8.3466395,5.324159,6.61734621538462,19.8167704851489,6.246994765625,11.2109947619411,0.424387581925007,0.0951505444919553,-0.0841521022373533,"1254562"
"100%1614",-4.84323873706267,110.700641163396,4.16256253215586,19.1683097155088,0.295358365262821,-0.0640177637861171,-0.0960321274527853,7.83140866666667,115.095692032,4.33895899723344,20.0874213841132,0.554997072483096,59.255275,59.01558295,52.25063025,7.184524,5.313948,7.04027226153846,75.5572054260724,6.230174671875,34.0810099502491,0.322949672356152,-0.0214648134460114,-0.0476897168118008,"1254565"
"100%1615",-5.26103992204145,34.4262470107888,4.83106251431111,29.7270559264035,0.190819845094258,0.138382595947843,0.514969476878991,4.65820628787879,27.8847762073379,5.83854395038112,37.8756932041905,0.666200910420048,41.163545,30.5827871499999,6.86387429999994,4.8676345,3.914805,4.09658569230769,7.49620500197812,3.77175959375,0.755053575360273,0.00540597007172275,-0.0518155033316402,0.428067021586443,"1254576"
"100%1616",-1.18033469142324,290.775782987363,3.7762342127067,16.93436428536,0.84956390221814,0.57517397513709,0.255742523346811,10.5207112121212,271.96179155864,3.85126995697732,17.4196147845768,1.0726800490839,98.503324,80.6276934999998,61.7651126,8.42185,5.878473,9.16713255384615,155.222256967992,8.20095721875,96.9704441534865,0.841177258682962,0.555762832784766,0.221268735982223,"1254587"
"100%1617",-5.39410185742081,2.01004963769224,-0.0711037937120312,2.60101229421721,0.758360974235473,0.743295595985464,0.605431925085002,3.02694034848485,0.575103435762197,-0.000829139514502556,3.16006806669031,0.691309507311743,5.173682,4.9512507,4.49264635,3.6703265,3.2001315,2.99391355384615,0.511960416096739,2.965201578125,0.466375256860463,0.209974061748545,0.237487467926078,-0.119173677631933,"1254589"
"100%1618",-1.12354599271037,175.895568697534,0.655635289548225,1.51419325697053,0.479786003870883,0.248945286660153,0.134334592973829,12.274452,172.854111018104,0.653411180082685,1.51111492710345,1.35785403182961,33.828991,33.67708925,32.85370985,30.9821085,2.988501,11.9428437076923,168.255777104971,11.604524140625,163.444865207296,0.472768558089786,0.24221160629465,0.128259461450732,"1254591"
"100%1619",4.65542756060606,3.29139846787546,-1.77200694073854,5.13478717984698,0.128848048282368,0.092896782029623,0.09787200051096,98.4054275606061,3.29139846787546,-1.77200694073853,5.13478717984696,0.501146842394199,100,100,99.9358883,99.7317505,99.123914,98.355597171875,3.31231343784064,98.355597171875,3.31231343784064,0.128848048282368,0.0928967820296229,0.0978720005109598,"1254988"
"100%1620",-2.48925220363485,91.587703680407,1.07177630631305,4.92696518801602,0.23021716943991,-0.0634256494087074,0.0494636991666895,28.0808755909091,89.5211044917364,1.05033057709556,4.88535430815397,2.35901149305922,64.265875,55.5912492999999,47.92612785,38.7466185,26.9837595,27.5241832923077,70.4445354418886,27.158619015625,62.858810683043,0.213998906428475,-0.078982878955528,0.0400100322904505,"1254990"
"100%1621",-0.246330070681689,7.45757236063092,1.07295144349317,2.65098308304154,0.0706565400753973,-0.287709703985312,-0.163158584899747,93.4951218333333,7.45757911776523,1.07295177240215,2.65098512075439,0.873058835832657,99.402482,99.2479419,99.02452225,98.4380765,92.356425,93.4042393692308,7.02717603362303,93.314231734375,6.61038632754697,0.0706566765000075,-0.287708995702636,-0.163158614653259,"1255003"
"100%1622",0.0330177514306341,63.4745236473138,2.21962021459156,8.03827928726138,0.365229293224554,-0.0257381254501195,0.0810288124132777,19.974845969697,56.6499729190185,2.70460770093275,9.64327021823707,1.47168426824921,47.354286,47.10210875,46.5521799,23.9591745,17.8821915,19.5536238153846,45.8112561472127,19.125300421875,34.6020966117194,0.304482610748412,-0.123918394856495,-0.0025463801653217,"1255030"
"100%1623",-0.780702966421918,54.8897720746162,2.68641779008824,12.5079987477286,0.475405744654449,0.0973307074399102,-0.0269839950407163,19.7973172121212,50.836395406923,3.21186966126695,15.1104280484403,1.50783038022134,57.582239,48.3792926499999,39.5792043,22.708993,18.371216,19.2160107230769,29.3159563402689,18.837763078125,20.4743848988266,0.442976036825327,0.0461208633016325,-0.0757578407653938,"1255043"
"100%1624",13.1908801776875,1312.21623662783,1.36683906657177,3.0646670387472,0.526653882467015,0.188198401547863,0.323253528751221,22.9424828030303,1385.03034240013,1.36694875596959,3.03550647454844,1.37822108341263,99.496738,99.3654744,98.8827258,97.7860115,2.3528605,21.7647250307692,1314.78901908597,20.553317703125,1239.94459613363,0.549686305043987,0.233658672336958,0.362134222732068,"1255062"
"100%1625",-4.13099675221418,115.236181603059,1.50047211019669,5.09508461575012,0.0407878923922065,0.0421157014500748,-0.0280153558737484,26.1572870151515,118.218543452202,1.51521058810747,5.02850737301952,2.23061582381473,61.523459,61.07658335,54.3070013,37.82027,23.0161735,25.6131920615385,100.498695250429,25.06283634375,82.3810453170578,0.0677022490591669,0.0694685220118619,-0.00225731722140813,"1255088"
"100%1626",0.36317191902171,559.664821617782,1.36137574944045,3.73566723884556,0.363440998540006,0.316104372157355,0.00700142753478362,32.4824471818182,551.730680099365,1.39514483144122,3.80254968687334,2.50256675448727,98.864414,98.48375385,91.29502045,66.658816,20.0743145,31.4611861538462,491.38255464979,30.417161203125,428.211180713853,0.356782654172179,0.308624135236424,-0.00468195625710741,"1255089"
"100%1627",-3.49010507648931,158.578662651144,1.77931760319832,6.8092080676748,0.13309131465368,0.153859221504254,0.129977627147592,42.7298461969697,156.434798456504,1.78406157614998,6.79960921608842,2.262114179113,95.904632,82.0307804499999,68.93809845,59.8743825,39.406228,41.9117725692308,114.671353277,41.4016401875,99.547815124083,0.12125444448569,0.144541778767375,0.12502930263767,"1255095"
"100%1628",5.24817431818182,0.564986663041127,-0.799627440232299,2.64251875679905,0.536263099408077,0.256788565230202,-0.0857399027262949,98.9981743181818,0.564986663041127,-0.799627440232324,2.64251875679908,0,100,100,100,99.8099475,99.210474,98.9504683333333,0.541821848064605,98.9504683333333,0.541821848064605,0.536263099408077,0.256788565230202,-0.0857399027262949,"1255115"
"100%1629",-5.09955292943673,3.69278425491353,0.491191766242055,3.49247576821602,0.346539756546781,0.358564199817444,0.284383613504931,2.85466237878788,2.2114350008589,3.72858878761508,18.9441502542269,0.697111431565087,10.733371,10.0396481,5.99019304999999,3.428087,2.560828,2.73345147692308,1.2757796175572,2.625128765625,0.533016038188711,-0.0629686363096835,0.00142630103939209,-0.0768119716743681,"1255120"
"100%1630",-0.354402807828427,166.230704238935,0.461603257635194,2.68574015260477,-0.108390712455997,-0.0444684686999562,-0.00667953192059586,70.692095,166.785612506307,0.432239001703125,2.65793280611773,2.52013742972728,97.759833,97.52156965,97.3899528,92.476043,66.9935545,70.2756682615385,157.906403925027,69.851955671875,148.7040881748,-0.103740748292517,-0.0385375858535356,-0.00232975814418464,"1255124"
"100%1631",-3.72551618971528,190.262748992117,4.18272603594319,21.9713332401657,-0.0142220940541003,-0.102973759336411,-0.0673438416286767,10.2637738636364,183.905561274767,4.26101611190943,22.3726322670588,1.69140430413777,87.502043,76.9632595499999,36.9410671999999,17.3383905,6.2287565,9.0754928,93.542093113084,8.10341409375,33.5827825935721,-0.0475384987402184,-0.132952007167094,-0.0932609596943282,"1255431"
"100%1632",4.23171513691828,421.24301091805,1.09064970251644,3.14498272802819,0.228589102489425,0.181879678985431,-0.0310418614412906,42.7881833636364,416.989447163292,1.09133291347635,3.14387131380059,2.57909604747897,97.353813,97.34122835,92.10286185,71.0288375,33.7927005,41.9487121384615,376.893681526172,41.083309953125,334.102784044977,0.222533092104388,0.179869565732824,-0.0329447027067941,"1255584"
"100%1633",-4.23158511611466,261.313419465567,1.6256057763036,4.76732786514824,-0.104634398357336,0.155084313681424,-0.120360530295152,34.7527527424242,258.627484596703,1.65314153455768,4.86338211785084,2.39063323690766,82.019903,81.82099975,75.4321579,67.35795,30.530242,34.0255658153846,227.70551440253,33.280435625,195.1741780246,-0.10963411420806,0.147912174327845,-0.131261582114903,"1255585"
"100%1634",2.55421374429067,349.963907420751,1.34254607748422,3.64920147122019,0.197499535364179,0.110295505345826,0.081931681974952,43.9430072575758,351.575417464299,1.31769867534853,3.5988518423132,2.63989435282276,95.560791,91.85551215,85.60013165,79.334126,36.8624265,43.1488875076923,315.362942348446,42.41902071875,285.664628898579,0.204105094491344,0.121929155729566,0.0941335253673218,"1255592"
"100%1635",-4.12310735443629,54.7609199131181,1.69410531851305,5.49312561646792,-0.111790829232917,-0.124321874857839,-0.154386863981364,9.44161453030303,52.0311812607249,1.93834408569007,6.20997815074257,1.59488594631058,35.171509,34.61398385,26.6689095,18.381248,6.198267,9.04577,42.4899300891538,8.650957375,33.0218296709364,-0.149698987936633,-0.161170132159966,-0.193102751834806,"1255623"
"100%1636",-1.80458502223377,102.009856930741,2.65068895235802,11.4485895339789,0.0371463654080028,0.195241006373633,-0.00561175298474092,20.5443998787879,88.7008385086347,2.91884401649705,12.5892964147816,1.83986591136205,64.072412,60.8225875,49.21834625,27.689427,18.7556935,19.8747381538462,60.4679762871558,19.26227028125,37.0301902440828,-0.0970173091749608,0.109352822929285,-0.115578762094658,"1255666"
"100%1637",-4.27987680771584,197.29079071422,-0.918957550817473,4.08837968938514,0.543441679849014,0.411880693021232,0.381176079230949,53.3595996969697,286.916774934409,-0.93870227164296,2.34801299596572,2.31084845675262,77.360376,75.5030335,71.74696745,69.0875265,59.7940065,52.9903569846154,282.332427242803,52.65422309375,279.399781900232,0.73958505039486,0.66405783297912,0.641035533531106,"1255674"
"100%1638",0.948788415035955,255.577776746898,1.53064733224514,4.14102318630584,0.266875941384821,-0.13056563682452,-0.200959432497311,58.0222675,254.202996422901,1.52574578961725,4.11900561379704,2.27394843931486,100,100,99.7387462,90.723003,53.0073675,56.710463359375,205.359446650207,56.710463359375,205.359446650207,0.26359116176672,-0.134562822551609,-0.203885680910136,"1256843"
"100%1639",-3.04283432128959,176.782150950046,2.49455692302243,11.8908311704539,0.0386925850701439,-0.223970066381667,0.0705140755532159,28.2580082121212,176.988481435538,2.49553673134579,12.0035860292299,1.74850804412553,91.633743,79.7748797499999,71.0926921,40.174631,26.541742,27.2829969076923,116.968676261497,26.562585328125,85.0617769697296,0.0404920611286316,-0.220593158702725,0.0760698735526857,"1257419"
"100%1640",0.312818750559048,79.6593854785766,3.13054774693322,16.8039136828743,-0.00514095238244026,-0.0235732780873862,0.0300601582166207,20.5425345606061,78.2709495188101,3.13940767582891,16.8076152602707,1.86732617381547,69.390913,56.8398718999999,41.39017635,25.177606,19.3267355,19.7910210461538,42.2001288542606,19.317730453125,28.2992468133846,-0.0227748799332149,-0.0383548421086213,0.0200696180270566,"1257450"
"100%1641",2.00512098797387,148.182116402554,2.97332452173618,15.1787774127948,-0.104217327691899,0.0101119620189782,-0.141114409985913,34.329086969697,146.522670126291,2.94862790396479,15.1055059116105,1.91606801373057,96.74232,86.7705081499999,61.9363081999999,39.636632,33.21321,33.3688833846154,87.9254640142783,32.618380453125,52.6877471280835,-0.115880136379014,0.00419312067506997,-0.147177830147761,"1258410"
"100%1642",-2.17474267366577,254.106111980903,2.83171054401224,13.1655586713096,-0.150793320454905,-0.114584100659714,-0.0787077794618988,15.2025089242424,250.760357898218,2.88302183838573,13.3382105066699,1.61407050745534,99.196466,66.9240946999997,48.34247155,37.785504,8.062199,13.9102942,144.410162583962,13.353475921875,126.51354270882,-0.16640152662973,-0.122851039640494,-0.0832271945330722,"1258447"
"100%1643",-2.52983059371568,95.2688211241241,2.64952827653972,10.2452578364395,0.415475532202936,0.0220204553157225,-0.00222045012384475,19.1570576060606,84.8082513647738,3.11563704664492,12.1133707377612,1.34111755674309,57.808219,56.79652065,53.04650275,22.688761,16.7555375,18.5624243538462,62.7761391872797,17.973528484375,41.2151239318688,0.353547149351026,-0.0787912072260674,-0.097469501268758,"1258456"
"100%1644",1.74682919458384,272.797849964769,2.43098364625536,8.9224884654779,-0.0406807662408549,-0.150910180203855,0.035003965776725,22.9148208484848,264.685813401705,2.53951786765612,9.27287232896848,2.03949049550852,91.74946,84.4498208999999,70.6861285,43.258811,17.4926285,21.8558264,194.740932871821,20.93921046875,143.171750195558,-0.0697317553888954,-0.176395750421951,0.0198945480149234,"1258461"
"100%1645",0.912694649411019,41.6006220811426,0.824905763759186,4.29128300977468,0.397579690497439,0.266619714608089,0.229108725740093,21.3276225454545,34.0332911407339,1.2979570178549,6.23491987236583,1.80966158302423,44.671679,38.7644451999999,35.29062705,27.59466,20.5713045,20.9684832153846,26.0441303806036,20.74012159375,23.0613829524871,0.283166914375529,0.113844605664894,0.0822031345408515,"1258464"
"100%1646",-1.19462981307555,17.3964645018481,0.547320712113801,2.83285968488051,0.439988865865913,0.325524972892468,0.421914718330848,9.09074866666667,11.0278451130461,0.869230489192886,3.53110544064424,1.3834571550599,18.268604,17.9491212,17.30648955,13.598561,8.537441,8.94955089230769,9.88167471069222,8.8116205625,8.79946544579096,0.125798584701262,-0.0219037734717883,0.152924905844157,"1258468"
"100%1647",0.445998402787315,36.3407864863287,1.73200955533343,6.7535638026208,0.327563191164544,0.137339556137447,0.114168047724688,12.5372772575758,32.1778277240604,2.31320671992892,8.49941548099651,1.56510226189582,35.330755,33.2292543,31.0757354,17.4431365,11.0147155,12.1866083692308,24.5569390568022,11.875497921875,18.6493100500608,0.24449192576164,0.0364256337150982,0.0197448437152101,"1258486"
"100%1648",-3.20230437630518,170.103974487464,2.53890776449446,9.3943951720437,0.352656259112932,0.0359391834722643,-0.057020927906565,12.7820598939394,155.979414003653,2.59636262931049,9.4396653237762,1.14318676481586,63.900354,59.86115455,56.45780445,29.7470815,7.354523,11.9956246,117.559386173483,11.28170934375,86.2673770305207,0.308371019634116,-0.0210919118088953,-0.110246261201396,"1258632"
"100%1649",-0.426483492278978,35.1128028110058,4.54288104016756,28.0306851425843,0.179409386327936,0.0358843438342622,0.0820591092700494,7.85886857575758,34.7490318583392,4.52351570797577,27.8160300598127,1.23785824638193,46.125185,30.0562301499999,20.01855615,11.829266,6.204878,7.27015601538462,12.409188751569,7.049319140625,9.43310218432865,0.173406496725418,0.0282754553169451,0.0778242809191275,"1258635"
"100%1650",-0.891209434349303,33.2004543604317,3.39581872332191,16.8694421081425,0.00452309408326847,-0.163401332733754,-0.146511144972208,9.15052106060606,33.0804426554847,3.41701229130629,16.9964620066268,1.3626654452762,40.812468,33.9892886499999,18.34510085,14.7328285,6.9319095,8.66341418461539,17.9293473724241,8.325103953125,10.7699955975981,0.00233610102630479,-0.161522590363693,-0.144307329898042,"1258638"
"100%1651",-4.35231832786611,91.0976211231972,1.35069671763125,3.20962057842997,0.0112498596721996,-0.123704750886488,-0.125591571471326,10.5257256212121,91.5377893982567,1.38653893422859,3.28549723841042,1.41300271960091,33.818259,33.25172485,31.7918784,29.6168365,5.5678075,10.1673789538462,84.4708490364953,9.8114525625,77.5562723090054,0.0217941394822401,-0.112485975806289,-0.120260830825648,"1258639"
"100%1652",-3.66137920918951,139.083376643365,1.92790392276801,6.1377601665179,-0.145051395095652,-0.17911625777973,0.0505456942653981,11.1760567424242,136.582679576539,2.02235948953425,6.59738340888297,1.4367176223257,57.537904,50.1765298499999,41.9268412,27.7495255,5.501151,10.4627975538462,105.107199344013,9.904205125,86.4678417320874,-0.160969542249903,-0.197843435568767,0.0423600198897323,"1258640"
"100%1653",2.29492758692092,250.792794896523,2.87920338527117,10.8582596704098,-0.110645510964307,-0.0857761084704098,0.011233389774426,35.8780716363636,249.077448023431,2.8748457842596,10.8126314561412,1.86948029980106,99.364298,97.64145285,87.5217456,45.7557435,31.8952325,34.9013604615385,189.94773730638,33.935541609375,132.28327711416,-0.117520997645552,-0.088829719190828,0.00847847826686366,"1258652"
"100%1654",-1.0868938258236,173.784604756548,3.00652211285597,13.0873048291483,0.0221676864680459,0.15606520200433,-0.0778370352852987,30.0643924242424,171.749564727022,3.00698853453775,13.0583839117885,1.57282031660091,88.807312,87.4681066,68.8655203,39.7148315,26.530974,29.1606552,120.48696167105,28.260868625,69.7445382113955,0.0171414574209006,0.156328352114437,-0.0773892341857773,"1258655"
"100%1655",-1.81826415604036,126.799844471139,2.58502729029346,10.3323144990811,-0.0150121869598062,-0.139993312839207,-0.167869730316296,28.4241292727273,125.878477884806,2.58681729076157,10.2869267100952,1.54312912522619,76.013908,71.8354116,65.40513375,35.414131,26.6057805,27.6919788307692,92.4361480547471,27.0373933125,66.0291198207957,-0.0204480291192041,-0.142859612145985,-0.169096566478598,"1258667"
"100%1656",0.542452002870072,76.9964105616732,3.47898323878784,21.0044991621272,-0.00673544347966676,-0.201743823334078,-0.0278355468859616,19.6816945151515,76.4987753009648,3.43590595873456,20.6349244592951,1.9675958981669,72.128305,52.5051735499998,32.44505745,25.887709,17.8502815,18.8748235846154,34.7069934324443,18.514447828125,26.8076956235351,-0.0142800591739482,-0.211481198210879,-0.0304670779669962,"1258682"
"100%1657",-0.115686829758948,193.679807510822,2.50144175034894,11.5848189280758,-0.0588544860976536,-0.0158404128890272,-0.126246159793952,32.7658962878788,191.465926755649,2.51765816538187,11.724815246244,1.89671638872555,94.312056,89.6832357,77.2578847,46.421479,30.6960435,31.8190322923077,135.239162274859,30.953848515625,88.6969813021334,-0.0702888850426483,-0.0199695075710617,-0.129449557296817,"1258708"
"100%1658",-1.28376238844576,179.336027682802,3.07343706748907,13.8811761344988,-0.125455616539249,-0.0759898972775888,0.011929780110168,30.3383125151515,178.219549961985,3.07543611173566,13.8533701676563,1.63728847824322,91.159598,90.20011675,70.0305465499999,40.3795075,27.1402705,29.4026004307692,123.174620271473,28.460711796875,67.4342008003702,-0.133379137359128,-0.0767528361487611,0.0153014028547231,"1258716"
"100%1659",-0.368691810760127,150.618376897992,3.03856860995188,13.4400474156909,-0.162449267389519,0.0556251316136777,-0.0668140519872785,40.4994609545455,149.691035478595,3.01660654013533,13.3376056614395,1.8174854505849,92.629694,91.6903855,88.69654545,43.0021075,39.8161425,39.6974573692308,109.542130929356,38.892970703125,69.1858049888984,-0.171678870595192,0.0522243735033292,-0.0705928545055131,"1258742"
"100%1660",0.143537967187857,17.3639938717263,0.34314761821127,2.49821116096463,0.585046645301217,0.345420200752594,0.276784665386494,12.8696881969697,13.0126543477362,0.609880661067974,3.06912087331957,1.47160314547723,22.401407,22.1430723,21.2375774,18.053528,12.562997,12.7230463692308,11.7935965375966,12.578031953125,10.6109747263943,0.474570583816123,0.194710726237366,0.12677137370517,"1258992"
"100%1661",-1.42015441521486,114.771424462547,0.622057930888888,3.3100532596256,0.444151149026772,0.393859850195468,0.594662161528548,32.4510338787879,70.7886994886967,1.63319234008501,6.32845275975997,2.0504622311127,62.271286,61.0626474,58.54326895,39.23495,30.3435985,31.9922607692308,57.9865538444292,31.5482048125,46.0755237222233,0.136714590066141,0.0582791794200899,0.408039892058513,"1260022"
"100%1662",0.471412153355168,223.24550206866,1.50927897560871,7.18676155496551,-0.058807802681806,0.124720923876636,0.0453841822910012,24.5479928939394,222.727557865654,1.52403686079322,7.28812722580598,2.55377889248089,91.448232,68.8248799499998,53.5235923,38.271825,22.543722,23.5187584461538,156.238781477416,23.001191,141.268068452316,-0.0559646874670414,0.129627071024304,0.0499274579478115,"1260077"
"100%1663",-5.34982984448788,0.489269813162986,2.60336111451997,8.78303177646179,-0.140597267989626,-0.0911980588971426,-0.0468345916350627,1.11806672727273,0.489269813162986,2.60336111451997,8.78303177646179,0.135793958751594,3.838034,3.66610185,3.016139,1.425924,0.8342925,1.07622107692308,0.381227183147579,1.037200734375,0.288215694267258,-0.140597267989626,-0.0911980588971427,-0.0468345916350626,"1260272"
"100%1664",-1.06676045124399,75.1288714311195,2.10725032523404,7.88648729390504,-0.127474573051454,-0.106607506816581,-0.114523090371239,21.4825634090909,74.8659726378159,2.09896477587915,7.8605258044017,1.85117748493304,55.964509,54.22495105,39.8434936,34.051326,19.428706,20.9520719384615,57.4439576051501,20.44681890625,41.7482787163985,-0.132711774216765,-0.105067682236185,-0.111696751109382,"1261701"
"100%1665",-0.022619695524994,38.6648649580395,-0.332435002653047,6.7812292287286,0.164411832353503,-0.23490432629348,0.0545853885630055,72.3341142121212,38.5244752764091,-0.322405900709594,6.61388419154585,1.86087357910557,95.351275,85.1641428499999,79.67214725,77.4630395,73.6053255,71.9800040461538,30.841154875096,71.859710921875,30.3824695963496,0.160861794616466,-0.238716135828151,0.0524749908595689,"1261741"
"100%1666",-1.90730689749617,270.444153224052,1.48741113185816,3.8522893406983,-0.0348961780715693,-0.185149278428073,-0.17939710522823,27.1313730454545,268.329030224023,1.47810205417991,3.82433921269478,2.1901984938381,70.132906,68.2204526,67.1700417,58.404727,19.151706,26.469811,243.57132271147,25.833547578125,221.063100397792,-0.0403763486982228,-0.188837185693633,-0.181046079607528,"1261779"
"100%1667",2.9628122531562,397.342335396446,2.42856069413432,8.05911769049559,-0.0678182658005737,-0.129949904115052,-0.0588981224296525,34.8404204090909,395.441992801172,2.42101793562017,8.01379995681433,1.822460409852,99.442964,99.27453145,98.8317157,46.4426565,29.633983,33.8465351230769,336.330390291508,32.82563978125,273.840778207158,-0.0727633958058024,-0.129766629142642,-0.0578143031739108,"1261786"
"100%1668",-0.105527023612064,288.407173699304,2.26056040416024,8.49336046626596,-0.137874813780763,-0.0611655161412461,-0.0235503604825516,33.0035269090909,287.817372947842,2.25008863896006,8.44450801282676,1.89919029559359,97.118142,96.4279122,82.2891882,46.822429,28.8748975,32.0171482153846,228.031099323405,31.01653725,166.514635487217,-0.142520047215684,-0.0620425526534588,-0.0216599424654055,"1261791"
"100%1669",1.05963292177733,387.705132318115,1.85453326672609,5.41321242179799,0.030822671752057,-0.0106794179886209,0.069946913047237,38.4728044393939,379.976163699245,1.87216437155478,5.46881109855544,2.2597239798541,97.460194,95.0223963,91.0202651,73.06361,31.1025435,37.5653061384615,331.467441864197,36.688049421875,286.623963101572,0.0127662140877351,-0.0267813945717351,0.0599753710856376,"1261794"
"100%1670",3.85159333441621,459.028667801093,1.67989301522709,4.94906109503261,0.493229664034509,0.356889601389833,0.211121050934799,39.2204988333333,439.413392717483,1.657302921559,4.8930013506104,2.23076905429321,98.696264,98.62818625,98.3932393,74.252165,30.5460975,38.3054870615385,390.91532695276,37.36351765625,339.34846550393,0.474469199276062,0.337282917851339,0.190777622811221,"1261796"
"100%1671",-0.948677622391844,312.659791963918,1.23861188903871,3.51162025981635,-0.0192889496213412,0.0373983659393932,-0.277538091513681,30.5073336818182,310.165939846974,1.24038913962994,3.48968715781833,2.48382487325115,85.359503,74.1685231999999,67.8575388,63.2221155,23.994966,29.6634541538462,267.936968126728,29.062217328125,248.626911414497,-0.0275157507380128,0.0336693399947534,-0.279972387328844,"1261828"
"100%1672",-1.01004139083162,142.291053149017,2.64377552522414,10.8169747886443,0.0725279697694241,0.0589966333416993,-0.0655408345308403,17.1209342575758,130.591015698801,2.85344892906114,11.6330954611523,1.99836351509843,68.331731,62.4998490999999,57.94742145,27.225158,13.542234,16.3330758461538,91.6325304024284,15.660786328125,63.6860309466215,-0.0015608071741939,-0.0126612733446165,-0.151463136860972,"1261851"
"100%1673",-0.295842819493599,154.625373990558,2.91494956026785,14.3210292546679,0.127945049163585,-0.105930736387566,-0.0544170473235091,17.3263773484849,154.452239030095,2.92600839748365,14.4039784967534,2.05410200148789,84.278223,63.0432091999998,41.06413725,32.883536,13.9260665,16.2963489538462,86.805166734576,15.744589234375,68.3729762427961,0.125258234445651,-0.108311059526432,-0.0516136178329693,"1261887"
"100%1674",1.53822218180057,180.506046633196,3.53501270622241,17.6881656157111,0.0292787779328999,0.399706295783524,0.172347303126025,18.027050030303,176.761166602542,3.54669952659417,17.7790408868313,2.09652171302825,91.979615,74.3403777999998,54.7325467,27.782961,14.4634465,16.8893182615385,94.0479530403521,16.1400525,59.0265055147099,0.0056297242239029,0.386845999208224,0.160783159035276,"1261895"
"100%1675",-0.607721963349356,124.138759855185,3.41238635184568,18.1539982730128,0.126247550708642,0.0210149922254899,-0.0605324542290874,16.5334750151515,120.949480541058,3.39465465164451,17.9538454202185,2.01831916497839,79.588442,58.1839153499998,40.07920355,27.0106875,13.602225,15.5633986,60.7010571987588,15.0775391875,46.3056522510245,0.10214304600017,-0.00679208725652297,-0.0843618030843665,"1261896"
"100%1676",-4.62125654606201,159.18017062861,4.54512869698386,22.3441750062907,-0.010783096393372,-0.0438998440892028,-0.0563777347852332,4.0160315,158.811566583107,4.54966350655339,22.4018236565342,0.312649713650733,73.065293,65.5453604499999,48.3779029,2.1388145,1.013538,2.95373516923077,86.7755708254753,2.0390096875,33.7444631693302,-0.0104143947672967,-0.0419111287181656,-0.0540639365883212,"1270483"
"100%1677",-6.53669308771327,0.488632391307839,1.25469042289059,2.82598824015702,0.32727847126243,0.282387455834681,0.205038626725379,1.30923422727273,0.28645110855463,2.61263599687421,8.39839307101204,0.0785157640989041,3.138246,3.1264654,3.0809459,1.743619,1.12936,1.28109558461538,0.238600356786797,1.252360796875,0.188658765640068,-0.0654217985675561,-0.0597653940415244,-0.0998689824960839,"1270486"
"100%1678",1.36162433405525,314.187659795979,1.87061723268713,5.96901505260758,0.0541016929963098,-0.140563546550654,-0.08485754258857,17.3651370909091,310.418870189248,1.89131778313757,6.03932690622657,2.43246113293747,76.672707,73.5300233,69.00247415,38.312188,9.9007885,16.4527129384615,260.248368073241,15.5873208125,215.63601926543,0.0457966857650625,-0.150258982073932,-0.0913359523330941,"1270489"
"100%1679",-1.76837141668868,171.037323266941,2.8910857127206,10.8124546991344,-0.049904717999854,-0.0972399458170791,-0.0986214823784946,9.7517543030303,169.362928699035,2.91310298052681,10.9227586500112,1.76973641351127,61.676328,59.47676375,58.19746565,19.387751,4.894104,8.95291470769231,129.850962078217,8.181985515625,93.2483151138884,-0.0552533407996714,-0.0987855631322351,-0.100447367408583,"1270500"
"100%1680",-6.28577711511102,52.8737141477464,7.7926485089373,62.4749667254062,-0.0242143885197519,-0.0276546421552098,0.00490437599707583,1.92628246969697,52.9565235217745,7.8159591834302,62.7111006833287,0.262712791438547,60.295036,24.0223605999997,3.22925065,2.0001,0.777937,1.02830164615385,0.550848344485029,0.974198234375,0.369188704070367,-0.0194901252414738,-0.0230714430262687,0.00909977972320773,"1270501"
"100%1681",-3.47104350174317,245.320760356024,4.4678659086447,22.9850482315241,-0.0716934830236541,-0.0561591235854566,-0.0652635111305459,5.62745895454545,244.222032750899,4.46840434486476,22.9955154527877,0.795055707868536,96.892791,79.5724294999999,46.0564808499999,4.0730445,1.5139165,4.22337692307692,117.863835621096,3.191772171875,50.5319144770204,-0.0758183846263001,-0.0602992232491012,-0.0675827954858469,"1270511"
"100%1682",-0.132842557757731,415.894788051187,1.01831222078064,3.45981032797032,-0.0591514443569282,-0.160276635764822,0.201797562850441,41.0970451969697,447.524630029564,1.06287369092369,3.33682444697383,2.9828449051355,97.416684,95.51219245,92.43619135,74.8786855,35.281581,40.2305892153846,404.860390448089,39.38283753125,364.471944381891,0.109490816225275,0.0496565446667099,0.359470711701669,"1272147"
"100%1683",-1.2011212161622,21.4519952339318,1.31762455666211,4.90930655462417,0.304948182353098,0.182901015957362,0.0116708744549034,11.3939609242424,17.2242650662814,2.00496013357505,6.98998031084189,1.31715509871237,27.607479,25.69441265,22.9712309,17.6365675,10.2226825,11.1445221846154,13.3827545610449,10.93327565625,10.6912288775434,0.157921922371095,0.0321446990734074,-0.154791873149691,"1272173"
"100%1684",-0.680637685114316,74.2336246561089,2.02017366754494,7.21350590077082,0.389506973524698,-0.00189941571816164,0.0212210470572473,19.3433060757576,65.7593424374267,2.41109782824656,8.00578581894865,1.6100769446509,51.152525,47.6228638,42.68339515,30.7962405,17.1925425,18.8539334769231,50.9649789564297,18.434115609375,40.305249028304,0.311605070888918,-0.114517807596772,-0.0718161015010132,"1272177"
"100%1685",1.92514002899125,155.775804288246,2.47906263161269,9.41019411688971,-0.0877430503656145,0.0564615946260036,-0.0286789120947031,34.8882692878788,155.126191665606,2.47366504341524,9.3704825058349,1.8709738952001,88.501026,81.3731071499999,68.59566325,47.3322865,31.755661,34.0634576461538,112.612008335012,33.38421484375,84.3824699651131,-0.0906699425097006,0.0550891088837737,-0.0286955322986426,"1273417"
"100%1686",-2.53604381832268,97.9084872875866,2.41354496004834,16.1340612921149,-0.116009901955997,-0.120085182424133,0.0377663900908636,27.1018516969697,97.6484863126622,2.39606667452059,16.0779002733635,1.70562306461647,82.184222,57.3251292999998,43.3619058,36.5076245,26.5720445,26.2544306153846,51.7546864094936,25.97810196875,47.6001145228323,-0.118892253032283,-0.123479678016212,0.0377455129856224,"1273421"
"100%1687",1.53621966892927,259.239034273797,2.66391890423644,9.62443933560878,-0.00784874177361725,-0.111134331684098,-0.189439411381328,36.1309320454545,257.473359731505,2.65192410908117,9.55576770022784,1.57254436181153,98.636985,94.3193522,91.17834985,47.984999,32.655764,35.1693004615385,200.401958332552,34.281407140625,152.29019322552,-0.0142425765652371,-0.112996892223498,-0.189123322529171,"1273424"
"100%1688",0.843745429375099,193.72906801818,2.07990729703466,9.78402153239493,0.226049360757921,0.101293026905493,0.0849474342538913,33.5549730454545,192.990425403201,2.08213118662494,9.66620298886851,2.13671110584394,96.352175,86.5707221499999,62.4162536499999,47.100436,31.655707,32.5888622461538,134.357083820264,31.8276915625,98.7966606274414,0.226850548635768,0.102676638029109,0.0865243309173005,"1273433"
"100%1689",5.30979421368831,313.095971349147,2.24367379105965,7.61674203214602,-0.0381162799464612,-0.124431394229206,0.00589711835740679,40.076842969697,316.252914143304,2.24753903362907,7.57347313081276,1.86227653458269,99.246629,97.83602175,96.99882525,55.2870515,36.928785,39.1665385692308,266.427172892126,38.261695984375,217.371990749615,-0.0263172059431926,-0.110972746117339,0.0206871134315654,"1273443"
"100%1690",2.08598089290934,51.2424788752516,3.05708271227975,15.5446769949102,0.281381350806845,0.223101992880378,0.0195983101813501,14.4096827575758,46.8149154750252,3.21806662597653,16.5028573239683,1.58014455377759,52.446626,41.4617969499999,27.9877067,20.071877,13.0371265,13.8244990153846,24.934104143633,13.485086671875,17.8356514906424,0.227381975150136,0.166609215482296,-0.0481095054716547,"1273483"
"100%1691",2.1424295014243,201.67002107821,2.84731581834249,14.3716254086802,0.337392442018681,-0.0287896799579705,-0.0730841054483233,38.1445211969697,131.473378785076,3.05758234288305,15.575123352661,2.14018706453466,98.566925,87.7475371999999,65.2179276,44.5008685,36.25702,37.2149457538462,76.4647528567508,36.516402515625,45.9419420019453,0.130470437933424,-0.10551406220362,-0.0310686790938511,"1273494"
"100%1692",6.92592560913504,369.929033123643,1.06084724646822,5.5874075340834,0.259282543836664,0.0659915714208285,0.108702009269568,39.3519543333333,259.980641603669,2.07518270362332,7.1041993076233,2.43516637454694,100,96.2491776,84.13698235,62.9335175,35.078714,38.4189074769231,206.522298989221,37.54686690625,160.319650712439,0.10816201384892,0.0600330478048764,0.198393043811766,"1273495"
"100%1693",1.09185102576022,124.354432712649,2.85273120912054,11.6724189355264,0.170310923300397,0.0514347569578778,0.213014511067343,22.2548904848485,115.301146717083,3.05693616022131,12.4534885612068,1.68400796277175,72.46159,66.1200047499999,53.7733974,32.1921935,19.445047,21.4824797230769,77.6981971092959,20.838373078125,51.9454623844991,0.110343820110861,-0.0107959817723311,0.17090575221951,"1273503"
"100%1694",0.0977059650644038,234.380687328378,4.10071171241958,20.726927696285,0.018633872966393,-0.0524227125855307,0.124077281920989,20.2718728181818,229.896920018922,4.34648279365139,22.1710857926121,1.67012699627911,99.383703,98.66590865,51.5734177999999,22.3063895,17.315788,19.0547677384615,135.665040556181,17.816882796875,38.1814634554352,0.00151276148807047,-0.0660614442713535,0.116682169784847,"1273510"
"100%1695",-0.793247863319423,54.2523858468809,1.9074890082383,7.02783831849063,0.486108608442561,0.0855022136450266,0.113654162713991,16.0442145,44.0757183467587,2.70521528591379,9.56598966084511,1.39471449620308,43.247068,40.1704269,36.94473215,19.9114735,14.3991865,15.6257090615385,33.1941173878799,15.268083046875,25.3995116584009,0.38870435396751,-0.0759340007105462,-0.0200030822991243,"1273516"
"100%1696",3.1522610782843,238.02595436809,2.80986189971068,12.6697687334076,0.010989320931099,-0.016798114199957,0.0959558286618151,35.3009193636364,235.471879783254,2.82991277099303,12.7591160938721,1.63881457773887,98.507177,97.9603463,96.55799095,44.239044,32.3754945,34.3285154,176.686939166895,33.33886878125,115.786644641163,-0.00211643740194209,-0.0298334975326834,0.090345760464625,"1273533"
"100%1697",0.86034869312264,330.254761864506,2.50776700916879,10.2558756053153,-0.0545590602285921,-0.0810811172452915,0.00668366752979302,20.6938521060606,314.643694732431,2.47593748623394,9.84973765159492,1.64609712432508,99.338692,92.9323563499999,51.9234256999999,42.557779,11.95185,19.4839314923077,222.866446114524,18.3901993125,148.592479060516,-0.107374254343622,-0.12051943223269,-0.0316593389849643,"1273538"
"100%1698",0.90894267425563,269.099390664709,3.13648828956761,12.562947629053,-0.108301800039715,0.0590597460661283,0.225613140021098,20.3605036060606,265.285414226581,3.14193533576592,12.5949612659632,1.94056216027899,87.057375,86.195254,84.96477925,24.653699,16.3922635,19.3343978923077,199.875794529044,18.2969504375,133.039534421908,-0.123500209547549,0.0482032473952042,0.215860407960489,"1273540"
"100%1699",0.291422142948955,170.421457090481,4.12040362514005,23.72031765309,-0.00542349621864077,0.01430474499782,-0.0777309647213391,19.2652613484848,169.397081905292,4.09809406999454,23.512717700541,1.90566204565729,96.44514,81.4868440499999,35.3584384999999,23.5809375,18.3648675,18.0778786,78.9512566253189,17.2129645625,31.5599110128937,-0.0118335908899617,0.0121873392445514,-0.0781287112343208,"1273549"
"100%1700",-0.786471726638846,456.748918876794,2.07894007605859,7.08608722258012,-0.077119034380959,-0.207566942399221,-0.0995325845839437,19.8202711818182,448.74622669252,2.13741417928972,7.30099171125911,1.86551814002294,98.754729,98.20639355,80.78074645,47.4978335,8.959649,18.6058949076923,358.319172274933,17.366750515625,264.111785756258,-0.0985536391818392,-0.224403909741765,-0.113125307230439,"1274868"
"100%1701",2.55907004297185,139.387557512758,3.04341644266234,16.5586990055724,-0.0876650116710321,0.0258923425497867,-0.256822029968487,34.8701603181818,137.941585959337,2.9903237015989,16.2293203583733,1.804394401276,97.734703,85.9103527999999,55.3965571999999,38.423269,34.835657,33.9030135076923,78.3291493042234,33.189882546875,46.4969173891478,-0.0953227162895791,0.0198640256214686,-0.266577190252914,"1274905"
"100%1702",-9.43915263428019,77.2495563359218,1.68479198348061,7.98734710515443,0.249575211542639,0.228990696606912,0.239241979423108,53.841141530303,53.8002818421399,2.89420076732695,12.7638710044436,1.63963882561297,91.151178,81.2423420499999,74.51150155,61.4998365,50.8248055,53.2671409692308,32.8825199745212,52.9133960625,25.2625045116557,-0.0458922637266463,-0.0549478569745473,-0.00847204299732562,"1276512"
"100%1703",-4.72726648936489,146.446482611924,4.92582494081218,26.5688217101146,-0.0397410977951054,-0.0415021055581819,-0.0385216782202949,3.63434937878788,145.932858104182,4.92438462558542,26.5557662115994,0.234844321379962,75.614219,65.0099649499999,35.4907067499999,1.8833045,1.171455,2.52696676923077,67.2424268974242,1.63988840625,17.1440683832347,-0.0433984075878264,-0.0426863725924644,-0.0377618263339699,"1276526"
"100%1704",-2.94716792489391,55.9849065568742,4.4397146799499,21.9219012302265,-0.030730866756626,-0.00463677871032131,-0.039407454676529,4.8667351969697,55.8705371095015,4.43383714782056,21.8272543866579,1.0351067154754,44.347078,42.4647586,28.42314045,5.0914295,2.96547,4.25934530769231,32.3812003129007,3.678222546875,10.9364184636943,-0.0342134579786816,-0.00695572707715664,-0.0385627531621609,"1276531"
"100%1705",0.782557607020233,541.70810569306,0.281955495021409,2.09896266213797,-0.104676855297027,0.0178196108041603,-0.0305044714617313,39.0732580454545,538.043239032446,0.292511522411315,2.10519945782067,2.9356875294411,96.80415,91.81004985,78.2702888,66.823407,36.0704255,38.1850904769231,494.25727975904,37.38921815625,460.808220952394,-0.107210120553266,0.0172416798769105,-0.0289893763483362,"1276532"
"100%1706",-0.620121157459189,309.924901975194,1.83685819369073,6.09723740402882,-0.000427052339357729,0.00814412363122566,-0.148111128557029,20.5972099545455,291.075879326678,1.8680963126018,5.83744766474341,1.61970173750594,81.448838,80.59281725,58.0439687999999,45.9604765,11.829964,19.6610310615385,237.709529076879,18.716174,183.394674130664,-0.0563968124387715,-0.0416320592793993,-0.18859525770339,"1276547"
"100%1707",-4.54767413440841,282.044900940676,2.60241921085175,11.071620016536,-0.0540880170401367,-0.075952003083127,-0.0795069276863306,16.1020592727273,261.656262775873,2.91499196547732,12.2296033226883,1.41093738445279,98.449499,68.8528819499998,52.1512735,43.2370135,10.2989535,14.8351755846154,159.752121314193,14.240158921875,139.235334328711,-0.125393270347047,-0.142645578460868,-0.131478119415015,"1276580"
"100%1708",3.73573556293909,313.233095049571,2.08304899654996,6.58943691177744,0.0836023093600627,-0.00196409276215957,0.0858970389650499,38.2842274545455,309.70048417475,2.10221774772626,6.6856712845104,1.96344683656339,97.007756,96.6148674,89.9519437,57.8940975,32.204254,37.3807885538462,260.595785086622,36.458561625,209.384931189814,0.0774474176375465,-0.0065396191593596,0.0847939767192882,"1276589"
"100%1709",-2.4334743422491,192.763719106381,1.93772508631927,5.95539334925549,-0.23728855233641,-0.0503687510792005,-0.0852429015124562,15.5488455454545,192.816293899033,1.98258536121943,5.99549305859384,1.71786830355903,68.587683,59.0625069499999,50.03460545,37.869643,9.2729695,14.7328634307692,151.83812886246,14.120352453125,129.824569273181,-0.231614099726946,-0.0404262514840069,-0.0805661508992162,"1276846"
"100%1710",2.61030889091459,326.788038401818,2.5420918397137,10.4236229538319,-0.0690502897149323,-0.159491419734928,-0.233793490974499,21.7269670151515,320.532566660684,2.58249655348906,10.6097148968236,2.15256711020044,98.534624,98.11815275,52.4699501499999,45.232789,13.9676575,20.5453107538462,233.307276604779,19.3367390625,142.010743148714,-0.0923005093357627,-0.180966256375689,-0.252473857108714,"1277085"
"100%1711",-2.30513740608539,134.025089254651,2.06412986691089,6.89486999217527,-0.0650580253086227,-0.198791424275779,0.133809662985386,11.8592007575758,138.388876807834,2.20690105435141,7.41547443305275,1.64732848123413,57.53509,54.4960527,45.3674977,27.7065125,6.4430655,11.1564947692308,107.927419851342,10.504883,82.0149224295154,-0.0290854874737554,-0.162288147830473,0.151471859388,"1277092"
"100%1712",-3.66756986772656,195.738386787152,2.24117574824101,7.32927018751794,-0.118372260088489,-0.0959180148343342,-0.0836669301262339,12.6299034242424,188.37231484635,2.24554639248357,7.04709099423691,1.47410966942688,65.278332,60.7162147,46.11995445,38.499776,6.865646,11.8199276,147.970335292795,11.0943063125,116.05816534499,-0.148096455825894,-0.131989105511717,-0.115597548430905,"1277093"
"100%1713",2.19129813142465,235.360446865644,2.14041077168026,7.99494816751163,-0.133330942104586,0.0583146553753632,-0.0876382397754895,35.8302369090909,233.540404386933,2.14953502031905,7.97132471978603,1.88718032921857,95.500495,88.8883940499999,81.518304,48.935377,31.974132,34.9122329384615,181.513068539168,34.124486078125,144.013777697038,-0.142037218551589,0.0536118352362575,-0.0911045999145969,"1277117"
"100%1714",-1.32015175103446,146.487156293568,3.04185924434843,17.2370213661428,-0.211807733076894,-0.159159473753165,-0.0324842532298226,32.1712116212121,146.703696781159,3.06119293932244,17.368770155057,1.72513925939436,98.923831,84.2255070999999,50.3653697999999,41.529111,30.0637555,31.1442482461538,79.3535276667067,30.438517359375,48.2197810405113,-0.213503745952838,-0.157598534662696,-0.0298852641014617,"1277118"
"100%1715",-0.336383462856337,148.297308154288,3.76260958457673,20.6564788989832,-0.0374613260921141,-0.176216682404964,-0.0241226016325132,20.4585428484848,147.976881140371,3.76018055947101,20.5654233652737,1.99693369145333,92.337603,70.1309217499998,49.6642349,27.2876035,17.8614575,19.3527111538462,69.5444419092765,18.746136671875,46.7154546725017,-0.0348788267432723,-0.173070357880316,-0.0210865544161271,"1277132"
"100%1716",-0.861869447028789,227.097417719041,1.94243803907084,7.0451156271154,-0.211691272126046,-0.00377861989208023,-0.0629096472042404,20.8015991363636,218.586942773083,1.99281519569772,7.1447924000748,1.8045872903598,84.763023,70.0769067499999,47.32250725,42.5431055,13.4590815,19.8175772307692,158.042077510229,19.15583628125,132.047914493736,-0.249444982560705,-0.0398043541123,-0.0935963267676612,"1277136"
"100%1717",-1.94815908332167,293.560877349019,2.58587050424911,10.4937564870623,-0.108161767511604,-0.108607688057704,-0.0262531305942131,19.9824548333333,281.509498560064,2.59249294177667,10.2477151840358,1.71028305908519,93.717614,89.56968905,52.5645132999999,42.503233,12.4850705,18.8480677692308,200.909369183113,17.77794084375,129.612421695069,-0.146235697476421,-0.150651796572443,-0.0649655485389654,"1277181"
"100%1718",-1.4217326775747,102.047747806117,2.1441525450968,13.4144757601082,-0.114761817486954,-0.084363645938655,0.119336852825866,32.7253012878788,100.4265894243,2.16659784497934,13.461997775538,1.87875350278484,85.368833,66.4361776999998,51.5182197,41.531106,31.841454,31.9154008,58.6796530594062,31.535302828125,50.2056822039327,-0.128109463726656,-0.0959967375802553,0.109095560450245,"1277184"
"100%1719",-2.25667122632191,184.902126380895,2.87281012261701,15.0546395404549,-0.00779879911444651,-0.0613375556754609,-0.0311303037946326,31.7784431363636,182.240964638578,2.87336190213835,15.0502871061745,1.74424875462326,98.539621,93.07276415,52.5039875999999,42.609709,30.105046,30.7513480923077,115.419672638261,29.82357115625,61.2730522229952,-0.0185693531574764,-0.0720116426632976,-0.040671898288654,"1277214"
"100%1720",-1.86242481660592,650.673407461704,1.72181165951346,5.30078528033645,0.357262612083385,-0.104229408203025,-0.170511225828255,26.364755469697,649.714095651381,1.72478810830294,5.30519978091937,2.20078778196099,99.580331,99.52475665,99.194765,56.167562,13.298626,25.238362,575.971388716926,24.07810465625,497.468129923451,0.358233421378783,-0.102129993365448,-0.167978851822999,"1278493"
"100%1721",3.02388059769139,108.329870202729,1.15828917987808,3.60363783817865,-0.0109281192579156,-0.107710094154542,-0.251038092436703,30.1283304393939,106.881488790562,1.14756888806488,3.55441913109267,1.98534010671652,63.994724,59.5271505,51.8237431,43.5910915,23.458779,29.607309,90.609238927003,29.177399234375,80.0115518575542,-0.0259573735098018,-0.118938799827126,-0.258997043201676,"1279313"
"100%1722",0.931213696590302,788.072070019095,1.07917842987567,4.00638284249982,0.352521085822807,-0.163931014280436,-0.298156151577333,32.155565969697,681.987097419155,1.62211574740856,4.31856482025833,2.29220513144588,98.60351,98.30838985,97.1140436,90.509027,21.1065625,31.1332899076923,623.506015711667,30.086161953125,561.977295246801,0.39983593072413,-0.0972924721210947,-0.21425914055551,"1282110"
"100%1723",0.456924466783466,232.487414241515,-0.0425841753020623,1.32865954847377,0.37816116598725,0.106107412226766,-0.081076955252859,78.4690342878788,221.729673161964,-0.00668833403418071,1.2214065584669,2.27178898316931,99.492622,99.21278985,98.68863275,95.3584125,79.299616,78.1455944769231,218.236420356387,77.81877390625,214.703604872476,0.366431444852308,0.166006599760727,-0.0107394690421948,"1282133"
"100%1724",1.96646364699875,238.61900933788,2.40513414357079,10.0485797644415,-0.15697568737225,-0.0936359210089379,-0.107294183122015,37.6008067878788,238.220643812753,2.41509796273458,10.0972901992407,2.23185822363452,98.164418,97.13701695,95.1677614,49.8550325,35.0000035,36.6690589230769,184.587407279341,35.732891078125,130.504920313155,-0.162151055901414,-0.0972431189296299,-0.10914020234587,"1284"
"100%1725",-3.23896430759953,106.644559380075,1.39492152226568,5.494030126751,-0.201476220460696,-0.0584134548993269,-0.124239746390765,41.5209532878788,105.480433126468,1.38509285667545,5.4456207465173,2.34007410188982,79.166191,76.62228015,61.2106308,54.101336,38.8634735,40.9417957846154,84.965263724026,40.4056913125,67.6113256432764,-0.211339488405957,-0.0614839805252513,-0.126001796302885,"1285646"
"100%1726",2.16144352801402,212.688893541652,1.91739567520122,5.55708707914629,0.0159648105351589,-0.10701206409658,-0.0399582728547749,14.4590638333333,210.606924631187,1.91781096648859,5.5337106663165,1.91570952751812,61.021767,59.236048,57.3980503,36.8133395,6.6604695,13.7427145538462,179.978716009336,13.046905296875,151.321099511343,0.00974407048346022,-0.111266227947607,-0.0376613802656511,"1285709"
"100%1727",-0.172777197445108,115.705290522959,2.84950611572525,9.89570770133418,-0.0979602818118226,-0.0814286132931132,0.117834614240825,11.5028474393939,114.230136579592,2.84282094207718,9.85417679083237,1.13237621295114,50.681877,50.40222035,48.8336299,16.757254,7.1476975,10.9000931384615,92.0088819748955,10.28522528125,68.8724594366792,-0.11193672326879,-0.0940959331144267,0.108365344470926,"1286227"
"100%1728",0.868419691643338,50.0130143810628,1.57365169517606,4.32490885984275,0.00367825139467892,-0.0359084108229204,0.0466980914553256,72.8297529545455,49.4806572643601,1.59221630904816,4.38130935571143,1.60227780328457,94.455868,92.6386734,90.9088423,83.5286205,69.9330435,72.4970434923077,42.9359894520225,72.197619421875,37.779303980169,-0.00745231071448149,-0.0449873569437332,0.0418345790636296,"1286768"
"100%1729",-0.0389539897786703,139.256305156737,2.24408243771306,8.39305855857804,-0.117067404702579,0.0120107629821796,-0.0133616556343038,25.3555708636364,137.621385096175,2.28354232194882,8.45641145104093,2.1298630691862,73.273764,66.4956159999999,59.90490715,33.081676,22.017099,24.6183678923077,103.869734592813,24.021063578125,82.3024903526444,-0.128480376359201,0.000407636902356734,-0.0248974226150026,"1288"
"100%1730",-0.816906438399946,445.007108496169,2.30815785720737,7.75553194393139,0.421611647585004,-0.0883421671085705,-0.19617500176956,30.6650625454545,414.276961403495,2.52303085903044,8.26425484368394,1.95242545343095,98.932295,98.75833875,96.4685056,43.25699,22.3077145,29.6147974307692,347.848703583148,28.535893171875,277.621603585727,0.445452959378041,-0.026474853942077,-0.136793264959734,"1288454"
"100%1731",3.37803432536733,655.937151827796,1.62530056428674,4.58004637483676,0.343380175360475,-0.146591855326547,-0.143305883058425,37.0987961666667,656.10753376655,1.654767785673,4.2282421223364,2.13519317209911,99.133241,98.9546691,98.4562166,96.852479,24.7736135,36.1444200923077,606.086472198113,35.164512359375,553.142327597225,0.366589296629577,-0.0422244054833192,-0.08279695721974,"1288911"
"100%1732",3.0067014440424,235.096895508377,1.99184823793422,6.10744274165453,-0.126934286805444,0.013695202248439,0.044968538253051,26.6606948939394,234.285699755467,1.98831794179116,6.08542886869145,2.0245965642602,75.131253,74.71633525,69.72294235,53.93016,21.827581,25.914994,201.189486803667,25.1559639375,166.884841209356,-0.127219170597853,0.0124776527626106,0.0473143803782294,"1289083"
"100%1733",-0.132860848009437,127.934919849817,1.89175248040778,6.36339479470973,-0.044094466367235,-0.0769291799939976,0.00171173603659195,29.6687872424242,127.955551465177,1.91876172234421,6.4735716220922,2.10358340310072,70.225858,66.7735754,63.9296883,45.660919,25.9693795,29.0448323076923,104.228994212757,28.48436634375,85.4396359593754,-0.0437836851869015,-0.0747682094072346,0.00983083549596369,"1289990"
"100%1734",-0.190927333887192,373.458532724399,1.56742832038984,6.16548982621506,0.434438413701849,-0.130233683317867,-0.336231805721923,42.925015969697,371.998909142595,2.00323873225789,5.87979531980763,2.05032435663338,99.646601,99.54385485,99.16066885,71.568929,33.240199,42.0523762,327.462958217903,41.154936296875,280.228672258192,0.542052624176916,0.0567453462044755,-0.108575996137557,"1290866"
"100%1735",-0.397212632687053,64.2007428360199,-0.474997551725367,2.24155213598081,0.413542734066726,0.143381354574344,0.0388920027374222,85.8907873181818,52.4565677691704,-0.534034520484979,2.17602341766465,2.10677342101574,97.567899,96.53622095,95.4995859,93.4966225,87.8211865,85.7111394461539,51.1335502657003,85.55067753125,50.2588902898523,0.380398659973254,0.120923582641045,0.0684307512866372,"1291246"
"100%1736",2.26586500410688,267.023661250994,0.0391961965312131,1.55277432167829,0.477748914368671,0.424946002851614,0.303702231545179,77.6232214545455,239.958142503868,0.103153942724082,1.55055340322953,2.50618206168441,99.587653,99.54808945,99.4715188,98.023486,71.5148925,77.2853071230769,236.113523937516,76.937784015625,231.952597585192,0.453053851695101,0.419792349133992,0.317220096845837,"1292217"
"100%1737",-0.994107763483178,34.3105922716077,2.04393589507201,6.10017896604063,-0.0706726274039096,-0.176758387339589,-0.00524527653213681,70.2121808636364,34.2700068653329,2.04432213774605,6.09842622330117,1.34414451616584,90.767114,88.8155293,85.45958935,79.7408315,67.8886575,69.8959511230769,28.1971553184409,69.616752296875,23.570856874377,-0.0709059669110592,-0.175785938291367,-0.00584172508687254,"1292839"
"100%1738",-0.435686857868584,1144.89251897622,1.04672362180506,5.50339052133946,0.527986996301257,-0.00883294694927266,-0.12997580775357,19.3106431515152,991.613712256202,1.92828610169627,5.07426336861057,1.29392982810263,99.816199,99.75932855,99.29568745,98.402568,3.7933225,18.0720961384615,905.625393395468,16.796211609375,813.963503615718,0.552148313037295,0.0285492463422397,-0.13124661763537,"1292876"
"100%1739",1.42015297007554,145.447488017493,1.5576154384715,4.95280963979149,-0.0891900785916863,-0.0899207392971638,-0.0445562463619354,61.1148996818182,143.979457769721,1.56644744690303,4.97152797352952,2.24797615890758,96.942666,96.3173868,94.97760725,74.373517,57.632213,60.5637032769231,126.142572884021,60.010312734375,108.207879567526,-0.0960058171919355,-0.0962815186721833,-0.0447068499013093,"1294"
"100%1740",-0.156982969071892,392.977025692944,2.13229011677049,6.55457235807017,-0.0811935178727353,0.0817445351295554,-0.0305920234041989,15.0578102272727,392.252551943884,2.12733754197242,6.50949688332193,1.5042984619301,91.153757,76.8767936499999,68.20114765,49.944232,5.592509,13.8871033538462,307.830604078951,13.023008125,264.10752057423,-0.084124734929276,0.0823164509310667,-0.0283449206093711,"1295291"
"100%1741",-1.29115576042359,487.621348091416,2.29429574895147,8.17370546082842,0.250011317969042,-0.2079988052633,-0.111837588877047,29.9618511363636,450.783953765683,2.55749161425886,8.47762893926513,1.9599859677589,99.17234,99.03254905,98.94253015,48.4471895,21.4479395,28.8970743846154,382.89162246573,27.80238371875,310.981706561125,0.271089505783672,-0.113563365303283,-0.00257024074383476,"1296047"
"100%1742",-0.59062435652173,474.822098733195,1.77029041503755,6.35579967747823,0.296223044354467,-0.0225719269977554,-0.263491472523906,31.2621862878788,441.227946308471,2.34751911852619,7.43164738812231,1.91906803177573,99.585276,98.6717478,97.58330975,55.1338145,21.953501,30.2110618307692,375.095135353336,29.149049546875,307.644440918986,0.327449067229586,0.0850514149169868,-0.175602423667489,"1296206"
"100%1743",0.798814157862764,207.485323097479,2.07345633008121,7.19373977148597,-0.062768181474217,-0.193691005213593,-0.0924787059280269,27.5991020454545,206.411917214171,2.07434335973611,7.20834822637231,2.33299965958765,83.657915,77.1649278499999,70.06495975,45.663936,23.345914,26.7366587692308,160.496130460875,26.0033455625,128.050245653551,-0.0696292055270806,-0.198758783342195,-0.0936545169526354,"1296657"
"100%1744",0.656043507885647,506.313886217538,1.42129884094448,4.71167362351154,0.344080735883281,-0.154153182138917,-0.131601470449898,43.2266624848485,457.18399825081,1.86081617479451,5.16223278648997,1.7557775780695,99.439297,99.30122595,99.2039584,91.4696515,31.866127,42.3618527230769,414.856467236244,41.473336671875,370.023649275986,0.391700305708133,-0.0690767801902759,-0.0444597192743657,"1296879"
"100%1745",1.60268564586268,77.1812590736094,3.00293333988486,11.5014017499704,-0.0465591148909393,-0.157918360624,-0.0844409712597941,61.3162922121212,76.8866534688648,2.97912084451939,11.391950812553,1.58605519399845,96.540782,94.59920535,93.0235118,65.3086385,59.0320815,60.7743769846154,58.6871655497157,60.262199421875,42.5529718860758,-0.0498784415069532,-0.154871604422853,-0.0818224031484213,"1297"
"100%1746",-1.8837477689592,106.854446759824,4.19634593765277,26.6157096859279,-0.0637366868589743,-0.119031687767005,0.109495060325366,17.8025471969697,105.51000462338,4.21633103583294,26.7496166496277,2.00224128783325,84.023605,56.0428775499998,29.4791736,26.4286715,15.4862985,16.7837616923077,38.6302577661187,16.40575278125,29.9459576491779,-0.0757000497703253,-0.127213043353422,0.106089699653258,"1298"
"100%1747",0.207595812299508,626.190697890974,1.16301974551665,3.87288747412322,0.405212213565977,0.0423530901804239,-0.0851086697325119,33.3875630606061,629.196058937777,1.30849056678168,3.18681645635497,2.34131650170962,91.529216,91.2904268,90.85545115,81.9385665,20.0094305,32.4930760923077,586.06894049998,31.57637653125,540.604292154474,0.415704965837149,0.203902533021258,0.0723784950904392,"1298804"
"100%1748",-1.48657054682782,547.690856285453,1.49365740488371,4.1648252328566,0.566287356071157,0.178847340392811,-0.0361016920649155,32.2669457727273,526.905753347029,1.33745032456426,3.45130185662256,2.47339052543011,89.280094,89.03337155,88.7290194,75.1865035,20.1618635,31.3898204153846,484.234968801645,30.49121571875,439.314264136274,0.631431458564717,0.351432138151772,0.183807370370602,"1298805"
"100%1749",-3.21832731187855,474.584235774345,2.31404441153878,7.12458233020343,0.481383844707581,0.032339774414701,-0.154048526838022,32.4682037575758,486.057181200767,2.32794230105407,7.06620262935838,1.84775397174205,99.341144,99.237404,99.05634065,59.1784575,23.596545,31.4393892923077,423.676676528113,30.380918125,357.473145817454,0.494018241121601,0.0989313689255964,-0.117558533571228,"1299211"
"100%1750",0.357583269167596,15.8781698838352,-0.595235133992532,2.79949047682506,0.0793416520658614,-0.146796529531393,-0.137421819903282,92.3244972878788,15.5111853091821,-0.652512459662621,2.97057660191749,1.56598707379733,98.781648,98.40324595,98.04707395,97.5299855,93.004827,92.2251565076923,15.0984919491915,92.13180753125,14.7679938447138,0.0673494498727407,-0.109258009182002,-0.137681444879795,"1299851"
"100%1751",1.73654273218662,583.338333021669,1.05921842884334,4.51942105096814,0.469644648382022,-0.091597545505956,-0.303287342002825,44.4609289090909,500.196442176257,1.66635251565596,4.34881534347586,2.05290011500373,99.610453,99.4258543,99.2028087,96.156466,35.0394375,43.6124746923077,460.380051229395,42.74194375,418.314921631372,0.533259582955127,0.0083845918436958,-0.209832432716688,"1299861"
"100%1752",1.37187507796736,240.103108617896,2.14617432980976,6.50030811505603,-0.00757965932832636,-0.0211016738814488,0.0622035310068452,14.9785255454545,235.106066794122,2.15743107111552,6.55431998306064,1.61733282836325,70.808033,64.9464642999999,57.54386705,42.6905475,7.8941645,14.1196100461538,190.032518100367,13.37475653125,156.939336882486,-0.0249075413709722,-0.0389264430647141,0.0474022176458626,"1300442"
"100%1753",-0.0708841195217719,174.330514774649,3.08100721196393,13.4075602352848,0.101227098958652,-0.160335099696677,-0.147397200632543,12.4561878787879,172.479318853589,3.07909573032862,13.4043571528153,1.7302991804917,79.190249,64.4225219999999,50.08064315,25.1599,6.411572,11.4295100153846,105.564396112601,10.72574190625,75.0200189585914,0.0930027272844895,-0.168944674124562,-0.154144045285919,"1301034"
"100%1754",-1.78513335963939,168.481418074372,2.98691585135385,12.6401812464539,-0.0118335791351511,-0.03893453225711,-0.0438156456881376,24.000945030303,167.946785896003,3.01000859463123,12.8292153536032,2.0048032520376,81.834229,80.7770079,63.18532245,32.761382,20.809231,23.1112022,118.282190533103,22.219068875,68.3967282377712,-0.0148852033244055,-0.0405776035001534,-0.0421274779567883,"1301151"
"100%1755",-0.228312580599721,291.201686964249,1.85319616108826,5.52978299648126,0.526287777296003,0.134694695213275,0.0748930474870247,17.1538912121212,283.544291494703,1.84784670537728,5.51131205736635,1.64776381175159,77.682828,71.0363634999999,60.59858065,44.149283,8.567957,16.2226768,230.673932795263,15.42213271875,192.621609303603,0.523243776792301,0.129438908580374,0.0718684016998166,"1301506"
"100%1756",-5.27737422640114,2.41404309640394,4.86082958702429,27.608827592277,-0.00434149204189181,-0.00721413295389756,-0.0337445885213401,1.25292,2.429299406994,4.87458485054766,27.7658073943811,0.234844321379962,11.067837,8.55084459999998,5.4446055,1.3184435,0.9425535,1.10192127692308,0.961832695547831,1.00670846875,0.387605206802562,-0.000895144147294638,-0.0041915673096329,-0.0307156607482246,"1301508"
"100%1757",-1.47245721056292,95.7703518593445,2.33463636309886,9.13776603072173,-0.0445481128889641,0.0724964607421604,-0.00026286278593913,19.3799145606061,95.0330448670895,2.31639872874914,9.07600279103581,2.00524270713968,58.756038,58.5226503,41.7158502,28.8796015,17.0013135,18.7741280461538,72.2745898391158,18.155020984375,48.4897992989637,-0.0537606973165794,0.0678348231688732,-0.00158378512469251,"1301745"
"100%1758",-2.27931351813286,149.248090772845,2.25978154861574,10.3629710007978,-0.175708585734824,0.187976069866697,-0.165259824632851,36.9033421212121,149.435773176905,2.28246828349436,10.535628937364,2.06425178986996,98.325932,73.5582877999998,57.5067051,52.3575165,30.788869,35.9583792,92.7997601891952,35.57926225,84.9073284266267,-0.169371133009038,0.185602345179287,-0.162312492991417,"1302042"
"100%1759",-3.17291773185076,767.149207635999,2.60995836715606,8.23007116952996,0.42647407534896,-0.0404405328988285,-0.0581206469294725,14.0359592424242,765.50087227682,2.61046965116593,8.23166225444479,1.29940231742088,99.841483,99.79499825,99.40320245,27.3491205,2.3263485,12.7158742615385,662.264601227213,11.355654046875,552.349548516745,0.425344106129488,-0.0423766228937881,-0.0585648759957048,"1302826"
"100%1760",-1.90107960183391,768.562617609654,2.44613944143983,7.63192747049373,0.452496599404568,-0.0660591276787118,-0.153637714232778,15.8421332424242,765.737939481482,2.44902793499956,7.64315673079639,1.43113888671187,99.759389,99.63536445,99.49221245,32.3933325,2.5150775,14.5510985384615,667.511663114632,13.222700359375,563.23982090777,0.450501782385287,-0.0699402238946802,-0.156528880648174,"1302943"
"100%1761",1.80436717821739,202.072636227194,1.43740065421221,4.73824230655969,0.0909817289930383,-0.122392495438864,-0.00488227485232992,31.7242076515152,201.329848191373,1.42504764863566,4.69465216721212,2.49542739764862,75.949456,72.4425188,70.2536678,55.46546,28.221996,31.0438192153846,173.87395448591,30.426470015625,151.817932785903,0.0904413733097214,-0.115987717715275,0.00803355305597555,"1303132"
"100%1762",1.15912096351128,896.871043727456,1.67552071126736,5.29240553997479,0.365219027465454,0.0151303004513163,-0.0157607674988495,20.2568146818182,804.184995632364,1.97032780240107,5.74644711710803,2.09827373952525,99.718988,99.4978047,99.27096555,59.5801545,5.6930605,19.0343197076923,717.920471011887,17.778938671875,626.699177940615,0.384120244607877,0.083745356206258,0.0878531708955572,"1303600"
"100%1763",-0.628014661351913,596.993043095189,1.63506951092027,5.8410078179847,0.354506277364128,-0.215033504724868,-0.188232155347359,30.0880251363636,559.776013958245,2.00077133088696,6.00539262904518,2.11241309247711,98.147514,97.6553899,97.2179446,55.5973765,20.3358515,29.0409560769231,496.028614028835,27.972996015625,429.644046108729,0.383242015925985,-0.140820554943262,-0.160556565275987,"1304219"
"100%1764",-4.65699029197663,880.547373087396,1.43071440491554,7.28670022603554,0.371545999877956,-0.20910583559305,-0.188153277097021,16.6561240909091,759.089512291106,2.315725004975,7.02653184530861,1.77254477775603,99.818993,99.8157274,99.38502975,42.94708,5.374984,15.3766953384615,662.729908929293,14.0573629375,559.943594781562,0.432880099137989,-0.0091880648941857,0.00511164673306556,"1304919"
"100%1765",-2.7776497910351,725.755765468669,2.00591026102334,6.76718279955567,0.347896882119523,-0.170501153390873,-0.198666356976978,17.6115556060606,709.884707882005,2.30074313049004,7.1541966901183,1.87089034356211,99.187448,98.99807505,98.66503745,36.403718,5.0466725,16.3565418769231,616.852086698826,15.066861203125,518.377444929558,0.424310179323298,-0.0194931694034965,-0.052024198292819,"1304923"
"100%1766",0.980893084040635,396.464415021121,1.34464620717148,6.09432431826896,0.44634801116774,-0.12582392702599,-0.31442575524669,32.2880957727273,367.16166835005,2.18485014908353,6.46997040839651,2.00271898795039,93.314459,91.9884356,89.0659675,63.501699,24.447313,31.3492286461538,314.633191631814,30.412897484375,262.562792357383,0.588820395419843,0.0479348882445082,-0.139000441489039,"1305993"
"100%1767",0.273100454545454,207.821472602428,2.17693504648771,6.69848608290108,0.0509619382235505,-0.0641213221191222,0.0323950283929909,13.9094640909091,206.768687244301,2.19126056372434,6.78164559523571,1.57946138810935,62.279744,61.06691095,58.0467909,34.829742,6.9644775,13.1653059384615,173.400834484762,12.427047484375,140.68356209662,0.048047755975695,-0.0656028187362914,0.0363957051185545,"1306056"
"100%1768",0.832374147104397,205.359738860284,1.58497741153242,4.12270102369352,-0.253731157047448,-0.14009837701777,0.00290090148628835,14.806477469697,205.387455356546,1.58496475913294,4.11579148153868,1.87983865825957,54.56174,53.66357065,51.40931485,40.3265885,7.053379,14.1948580461538,183.858093291187,13.585716125,162.612373791907,-0.255347087578841,-0.140571506053403,0.00370617973109405,"1307578"
"100%1769",4.65976145287581,659.643257670508,1.46363047072725,4.35972879754499,0.487637783679425,0.0474543120157524,-0.124220168777005,38.1908902121212,678.363156456352,1.55356134092438,3.93405469417433,2.07523186694742,99.876315,99.5330877,99.147633,98.383142,23.006579,37.2418836769231,629.359028055508,36.27147134375,577.982256604538,0.535562242797784,0.0655048513166658,-0.127681577393274,"1308093"
"100%1770",-0.388652125628343,246.056632683941,1.66600103942507,4.53979611948378,-0.111134676361815,0.127054049953799,-0.140300956098094,24.7411640454545,245.031554023488,1.66654160394069,4.52653443309369,2.15786940029647,69.195767,68.672855,68.3113464,54.367509,18.110843,24.0572470769231,217.930270529446,23.364527703125,190.144522502181,-0.117859206368691,0.12784892741157,-0.137896120968119,"1308695"
"100%1771",-0.125542394487096,286.553401064847,2.03891823427822,8.13345568866595,-0.140135896248027,-0.0447052868661541,0.178935583851285,22.0508684090909,273.170967079286,2.11901931416779,8.47512126871826,2.22749068351994,98.746978,75.5785541499998,52.43336675,45.168547,15.9728005,20.8709282615385,185.484519722842,20.21104825,160.079009417691,-0.189320193895674,-0.0859385729467866,0.159138821663268,"1309"
"100%1772",-1.07463616746425,441.558956901576,1.64319366760049,6.31861288972942,0.457192573020934,-0.078913081742703,-0.254344251968841,31.6886101060606,421.930943012371,2.17155804856023,6.50723310665862,1.94312332717916,97.96205,96.2484199,94.1541712,62.3587265,22.466958,30.6690187230769,359.810793464682,29.658758140625,299.092118222921,0.580191532607259,0.100412832895883,-0.0732281034477058,"1311403"
"100%1773",0.221797804253208,732.457551146511,0.993741935835127,4.64005763990815,0.553731428500524,0.000832803919451512,-0.265202086742149,35.6039908939394,580.371782859281,1.89164029348406,5.08816036568483,2.04645864436511,99.268092,99.1180564,98.72919155,92.2182635,25.0738465,34.6245431846154,525.985603708852,33.618094359375,468.363078307999,0.608500368116524,0.183135001197463,-0.0784585090698768,"1311708"
"100%1774",0.505677419158543,443.036154468326,2.2517627165418,7.70892629350529,0.457942586778895,-0.0654347699864422,-0.195933129074658,32.3621833181818,405.106121232868,2.54658444719569,8.34665987463907,1.81320304735786,98.980118,98.97178305,98.91841085,54.3187415,23.9639405,31.3372920153846,342.011979049732,30.28057321875,274.773366236925,0.488755505336827,0.0238583295078076,-0.0746631307580244,"1313314"
"100%1775",-0.536099509437783,13.8656372815016,2.01187341056289,7.58677499167791,-0.0898544177089239,-0.227087949484639,0.150439785789186,8.49835456060606,13.8316478556729,1.99944213511143,7.41849521105245,1.27363920780136,25.075971,19.3116130499999,15.20979955,14.3819095,6.7200115,8.24331430769231,9.75143741805135,8.11887034375,8.89719411719957,-0.091770600925494,-0.228544750437222,0.152340815271723,"1313777"
"100%1776",-5.2250066798197,0.61478455170433,3.45656020679817,17.0669507319219,0.0284287745676837,-0.00595282336429945,-0.153456829783838,1.13394160606061,0.61478455170433,3.45656020679817,17.0669507319219,0.135793958751594,5.247096,4.76925175,2.78279804999999,1.606046,0.9378165,1.07066230769231,0.359960981845751,1.016892171875,0.17765558430933,0.0284287745676836,-0.00595282336429943,-0.153456829783837,"1313822"
"100%1777",-1.03984778882081,145.452069262904,3.03986797784438,17.1084529695679,-0.0634429328968791,0.130265439657173,-0.20670410060159,32.8169875606061,142.918781803909,3.05669107887055,17.2232928909943,1.97330882563803,99.159923,83.0944917999999,50.4855770499999,41.9624335,31.345733,31.7963270153846,76.3621676874648,31.129959078125,48.6923217500852,-0.0829305960640138,0.120554920158535,-0.220288302285177,"1314378"
"100%1778",-2.98188977442361,271.369152271095,2.49797825347231,9.90160229425565,-0.17816478684998,-0.193223124655276,0.0629466091151108,19.7985547121212,267.710244738024,2.59613738072176,10.3207241362812,1.8709365225066,90.764758,88.17924585,52.2737274999999,42.223145,12.3376055,18.7067669692308,193.156832503136,17.64301259375,122.622638872956,-0.19455862594682,-0.207662624056205,0.0547411466864613,"1314384"
"100%1779",-2.71592565493107,105.366582611503,3.13849985351256,18.5671678923237,-0.102122787207634,-0.13017609662299,-0.0726239219340743,27.3666769545455,103.980247320745,3.13207288736242,18.5452685501679,1.62570487007207,86.336186,66.3112258499998,44.1239095,35.374923,25.933124,26.4594537384615,51.2583818224629,26.00524903125,38.6496694949862,-0.112866972155555,-0.139987427180607,-0.0810360982643358,"1314385"
"100%1780",-2.50872713162714,135.742404564344,1.88857298291651,5.11272069260666,0.111625954387903,-0.00806419638920747,0.101004676262813,9.72385434848485,133.938139877462,1.89268975931405,5.14853323102383,0.980610617358645,49.778964,42.8723038499999,37.47257115,32.644879,4.273175,9.10762189230769,110.935725601763,8.63815765625,98.3433128333701,0.102289395472818,-0.0177383234283874,0.096051157835717,"1330545"
"100%1781",-2.13483996790978,220.873540378513,2.98011342847463,11.7246219016392,-0.125405490781135,0.108317204564709,-0.0718059959287449,10.0445879545455,217.784263821066,3.01567384403009,11.8778015373549,0.888439721304813,74.204715,73.11883865,53.6028684999999,26.587023,4.363322,9.05750907692308,156.82936005399,8.06568678125,95.3385735022093,-0.141338118581134,0.0972139947076129,-0.081242792724841,"1330570"
"100%1782",-2.72455999724438,149.795669076082,2.56949833319927,9.7589698458976,-0.0433904680893805,0.0411752258466971,0.0132179662882614,8.81933625757576,147.890844542595,2.61119311155597,10.0288752214313,1.29853819781358,64.832566,55.7687365499999,35.3976631,24.938756,3.5953635,7.95759426153846,101.154536634322,7.28680334375,73.487646669047,-0.0546935321901895,0.0336447550187013,0.00799491179585138,"1330620"
"100%1783",-0.653567047753296,240.587046912102,0.755344870936463,3.08913362883053,-0.0140890334447673,0.174987791586995,-0.0988121800622623,51.5703796515152,239.168253526754,0.766125329435209,3.09855806722249,2.69254404425518,96.319035,91.3915722,85.93491385,73.237131,50.4564335,50.8819388,211.567011921169,50.290432796875,192.130588619798,-0.017629083839924,0.173904367503514,-0.0992721822479288,"1330627"
"100%1784",-4.40531034925959,143.946296714719,0.475719847757483,2.15907423667304,0.326695910840979,0.0199420133228099,-0.0258721011475162,48.3758422575758,140.127406228578,0.591169425106554,2.44700508879119,2.57821540357537,80.092419,76.64303605,71.70396435,64.046588,46.9133625,47.8878949230769,126.56910079611,47.46761709375,117.065568497506,0.314840676512355,0.00552898187296706,-0.0391073442459239,"1330635"
"100%1785",6.92627629117145,320.742751461376,0.443711342021344,2.05382161454218,0.105315222261418,0.203784698303401,0.163632255093553,59.3109231666667,338.726428451342,0.395830322079968,1.99827349542791,2.92924779250193,98.606927,97.44852625,96.42656145,85.4765145,56.960902,58.7063692615385,319.815566276089,58.11076921875,301.754622786128,0.153162677767042,0.252921851440436,0.213632353406709,"1330642"
"100%1786",2.22952309654359,217.524148689261,0.276431615413679,2.3717951052721,0.119943822502148,0.146304882600121,0.144221434903863,60.4637024848485,220.138163184551,0.296221251870428,2.37546288630896,2.72198447254948,95.162129,93.7983523,91.64398235,78.1581745,59.430429,59.9298805384615,204.717156707294,59.41215975,190.493599318505,0.131782393701748,0.155913920371971,0.156854787411176,"1330659"
"100%1787",2.19226424114268,191.791765142749,0.277419655911224,2.29185110089414,0.0395545272791175,-0.205668424461606,0.0970126714784942,66.8352610606061,190.516343235055,0.309506925218546,2.31708991469051,2.78543730770246,96.120678,95.99268715,93.5844643,86.5763005,66.038249,66.3847161846154,180.049978671634,65.923168484375,169.016551414561,0.0319060539574423,-0.211784255087002,0.0963923060224614,"1330740"
"100%1788",1.73160141237476,272.729655198836,0.607802475168384,2.27207256903625,0.247533515290438,0.146088218968819,0.132689652445276,52.1333894848485,267.622932063027,0.610922359116669,2.26114118881102,2.74757118271679,89.137611,88.7061761,86.1762786,77.076253,47.7321075,51.5640937692308,250.349765560754,50.98737859375,232.642455061703,0.233306848297824,0.129179907065744,0.1175392960831,"1330757"
"100%1789",-0.17162384934962,322.039537853668,0.725846040738519,2.47001148047746,-0.0374088434788805,0.200291559245032,-0.0655831075247858,52.1738491818182,319.681409768144,0.729036233630471,2.44869393806027,2.84506178620066,95.551736,93.6854898,89.8048848,79.798288,45.285969,51.5064970769231,295.205902397115,50.86315190625,272.915449061226,-0.0433699641830456,0.198563766129838,-0.0664991988868538,"1330764"
"100%1790",1.68921639443241,274.139396629315,2.63737261433885,9.87893278408355,-0.0662526763423003,0.0124681763831252,-0.0319245421021368,32.615673,269.901740369476,2.6609588591553,10.0442250539337,2.12429711447416,99.222546,95.93303705,85.04150745,44.5144265,28.372871,31.5909518769231,204.750551751417,30.613282953125,145.820405026101,-0.079501600247609,0.00193254745706432,-0.0391213436737917,"1330798"
"100%1791",12.1658674832902,707.502621643579,0.662245796022233,2.11685664332096,0.558736540402023,0.341545371047112,0.1941074169906,51.5407684393939,696.323215561826,0.672316277066664,2.09819160567036,2.79383358270977,100,99.6476207,99.0208457,97.555251,41.0414625,50.7952418,670.352422393586,50.034888109375,643.247726228427,0.558774043177341,0.339959526185913,0.195211697997575,"1330802"
"100%1792",-2.41192980295107,186.032901317214,3.17699781034364,15.3605486692495,-0.0895326299362137,-0.0360234524700271,-0.138441973124139,32.479253969697,185.205549380099,3.16423108761517,15.2859911278129,1.89145664419723,98.956966,95.7317388,53.0198974499999,45.524786,29.180767,31.4565199384615,119.019862213701,30.47935496875,58.8142079887522,-0.091412682770826,-0.0384010298756731,-0.13589524611849,"1330803"
"100%1793",3.70350550556407,350.897851019995,2.27285549394248,7.20579022730346,0.0951918848947938,-0.021274751796005,-0.210341839493367,31.3020871969697,345.998016940638,2.27689241615785,7.22275522581895,1.99237929875861,96.121293,93.61555795,88.91323115,56.6494805,24.5207015,30.3048686461538,285.687704041086,29.33672103125,229.226437140867,0.0857301324435576,-0.0265762938793998,-0.211754428201031,"1330840"
"100%1794",0.329406658848803,279.865007331274,2.20962989898143,8.51218775005038,0.019766308331193,0.10536706799927,0.0776084495906497,33.3007895757576,273.323081331314,2.20819004570316,8.53399705961482,1.90132979425941,96.188753,96.11600955,80.83414985,48.4724375,29.0641495,32.3332824461538,215.747428788287,31.337289359375,154.638337483873,-0.000786673001431929,0.0866229090050081,0.0629324370047235,"1330850"
"100%1795",-1.97994970647791,239.333164974258,3.30378690889433,14.6911175359319,-0.0900783087269851,-0.0205361248976579,-0.116674477006813,29.8279975757576,238.12867792636,3.28980618238889,14.5996244496242,1.75987079105986,98.601114,97.6318119,87.93981405,36.786878,27.4380435,28.7699496307692,167.907476091296,27.70213821875,96.4166516487193,-0.0941810856958489,-0.0223659833875174,-0.119281068474894,"1330860"
"100%1796",-1.06969912909161,254.561520408797,1.39026904430972,3.79801569555501,-0.0100886391398648,0.0681136982297258,-0.13009224545665,31.0898539848485,250.232229844989,1.39050708810079,3.79659742751488,2.41095403698139,76.451415,72.63448695,67.70819735,57.6302155,25.0455735,30.3919838153846,221.938453411772,29.76405828125,199.777360779146,-0.0244768570968498,0.0586544257958846,-0.137085606189421,"1330866"
"100%1797",6.72716985729755,399.533330017059,1.10513662447806,2.70087213080316,0.338768515326169,0.412988973365094,0.281173582896625,56.9097407727273,406.085045155102,1.1101970677223,2.71024809779597,2.45733389140748,99.548015,99.5186831,99.41936975,94.823627,46.0367275,56.2537673230769,383.93263038961,55.577999796875,360.248564023958,0.350848536644181,0.424792176017616,0.29965454710122,"1330906"
"100%1798",2.82532197661684,313.784661447919,2.51584678713577,8.69124183256927,-0.12814574740101,0.00841917748560838,0.0573899640020685,21.5796138787879,313.551615797502,2.51868563470942,8.72884272411597,2.11183513964738,88.395419,82.8317999,78.48494635,32.4782325,15.667742,20.5516784153846,248.636499892914,19.6253608125,196.747265611837,-0.1266471357921,0.00956639581216886,0.0640029272573416,"1330932"
"100%1799",0.842939585494691,279.809335625201,2.4211900297581,9.58390263343046,-0.132172185923763,-0.0391293796246497,-0.0513669002632459,34.2256848181818,278.390303677799,2.39855946867312,9.46888755882143,2.10591275917912,99.540415,97.1557366,93.6635085,53.278175,30.284762,33.2208428153846,216.032539688045,32.2419235,157.11965142852,-0.13996176935575,-0.0384431195146225,-0.0505823808736094,"1330949"
"100%1800",2.09789406091916,177.343710824547,1.36033018782168,5.50152291651874,0.220866928668832,0.274983341051788,0.384116381057385,34.9306633787879,138.669709293269,1.98710181062126,7.72827722918724,2.23407669261921,79.275137,75.18592135,72.8762262,45.068668,31.8932215,34.2484407076923,110.084856421096,33.64319703125,87.9941382909042,0.0110983804730404,0.0938473577430829,0.246522866973345,"1331212"
"100%1801",0.927738504049793,225.81055452977,2.29427537274355,9.72804175942361,0.161310765262134,-0.154250739422668,0.0545385143710567,32.929151530303,223.119774333032,2.27587155518378,9.62529779175365,1.92951457686565,93.436145,91.92173145,79.2637737,45.155332,30.1326925,31.9982747076923,169.361296760174,31.07471215625,116.564660904321,0.150553886962688,-0.162482565003965,0.0524567030037589,"1331429"
"100%1802",-2.29638650651489,187.173831486479,3.28712087777512,17.586988026713,-0.125972334304517,0.0296955893654825,-0.0278707436191894,32.660826530303,184.371168678736,3.24580585824802,17.3788989498735,1.72583438477447,98.708059,98.4325734,55.3105793499999,41.5220325,31.2501835,31.6447152615385,119.063828903188,30.603472765625,50.4521154355544,-0.140785460760996,0.016163030860416,-0.0417005859038624,"1331446"
"100%1803",2.42770662527072,214.160644779634,3.27998990696571,14.5736616637088,0.0217665102875735,-0.12235069482201,-0.0721082929527376,34.1392511818182,212.192278892295,3.28794806809324,14.5755674417194,1.74005184474857,98.357597,97.62500865,89.9922562,38.160212,31.738987,33.1512766307692,151.034590398293,32.150038171875,88.2334065212886,0.0146202667483531,-0.130840129703912,-0.0758693227823271,"1331584"
"100%1804",-2.42427962080714,253.860382628206,2.23117215463218,8.83304671528759,-0.163000076575024,-0.122581054925437,-0.130400293089389,17.7644980454545,250.230222904371,2.21633730433896,8.32447723849378,1.86670095546622,90.065237,64.8229894499998,50.26434415,43.577317,10.5147955,16.6521789846154,172.421174896358,16.11188475,156.140594856803,-0.173345614250557,-0.131190441293644,-0.130601463149478,"1331634"
"100%1805",-5.16959396269416,6.69482343855659,0.850721619520063,4.29843730885555,0.544069627964442,0.568149396589122,0.472980512546489,3.89361625757576,3.13177217459337,3.05032013965536,15.7863902080682,0.811412550238156,13.389938,11.32341965,7.95535144999999,4.908463,3.612341,3.747519,1.77122231267535,3.646532125,1.13600498136364,0.0797474430621915,0.171622119046935,0.036434195088129,"1335679"
"100%1806",-5.4512561482313,8.20087634123812,1.7989749177074,7.03635535485525,0.198882827823347,0.368057185783986,0.137920606471959,4.04144101515152,6.11912633410783,2.97313436225455,12.8294847612105,0.953936642525269,15.977883,13.86891055,12.0482821,5.12641,3.3785895,3.85780344615385,3.98756479392129,3.71912365625,2.79978502552094,-0.0499435496715643,0.202344998983749,-0.0853296167801034,"1335703"
"100%1807",-5.05950068069962,14.2373900575015,4.37329384203779,27.8461796308629,0.113291330894032,0.261940359174301,0.0771474853908931,4.04589775757576,11.8651149414034,5.58021979535139,37.9464165907593,0.940827121433676,28.295554,17.9818551499999,10.20608975,4.897006,3.247681,3.67282612307692,2.8616138364074,3.536021453125,1.68981790075872,-0.0327051797241943,0.154383362032809,-0.0600350684511492,"1335708"
"100%1808",0.109299414814547,59.1196357337976,-0.0440153077008755,2.29646907404662,0.167374121886446,-0.146441068833889,0.00554131963410941,14.3640929848485,59.1916839362903,-0.035178067992591,2.28488782005869,2.0490175041324,34.161699,30.88256275,28.89414365,22.160381,16.426921,14.0595144307692,53.9796309176873,13.8242431875,51.2251463866619,0.17148763068582,-0.141567371350115,0.0148761468284294,"1335709"
"100%1809",1.56176875617011,1280.49888580097,0.295375657555535,1.75149683685382,0.454228469935363,0.0894991122677684,-0.0727295491156942,41.0234116969697,1298.65470543476,0.374933454561241,1.38021669980067,2.60652417893784,96.826454,96.43751155,95.2442876,89.5452975,28.681327,40.1649033538462,1269.98959463126,39.288916203125,1239.95520531251,0.496901854179451,0.172216720312415,0.0148026007151648,"1335715"
"100%1810",0.149435156408514,1024.17189621077,0.705032083460119,2.26446565851235,0.489197748505886,0.151956971124639,-0.0681560341169476,33.8741551212121,969.571654459453,0.753892259618757,2.04437488790792,2.72818000464749,94.605152,94.3944519,94.1552864,86.471406,18.843243,32.9398320923077,926.872812976621,31.981376375,881.643772146794,0.510602452002427,0.256789892749189,0.0591656632862433,"1335717"
"100%1811",9.30503387731552,1398.21868087545,0.0223895055099171,1.21903235708393,0.218878959109841,0.021141073360552,-0.0282536068146736,48.1119298636364,1352.20762738201,-0.0743222848968549,1.21476056177524,2.75363330042545,97.594325,96.8737662,96.38864405,90.5290535,58.0738325,47.3506622461538,1334.76194821121,46.582926140625,1317.30538634939,0.203482339901022,0.0591722321205374,0.0207494862976428,"1335722"
"100%1812",8.59479235437633,1454.64831226755,-0.0774062064394269,1.92551851457691,0.317411993392049,0.0156593468462096,-0.0715242724231467,47.9152222272727,1273.34037441236,0.0194513974008657,1.25428790295868,2.82589478166028,97.048528,96.1680458,95.63524805,93.333792,47.576575,47.1593252153846,1255.21912701602,46.400971859375,1237.45043805853,0.289592166083153,0.0607375266335877,0.0145608447773975,"1335745"
"100%1813",0.951924944275568,1037.74300780154,0.579014859305236,2.07819721027266,0.0324155931544678,-0.113048688134115,0.0210762750087083,49.304972969697,1308.30561172162,0.0540101389609855,1.27860406573604,2.89733879982855,97.071563,95.9911681,94.84390955,93.7961125,44.1513495,48.5701023538462,1292.79109210879,47.8382380625,1278.17530576139,0.290536214152788,0.238658865343642,0.315484066158516,"1335759"
"100%1814",0.590501352747253,166.79745478787,1.08443473173833,7.2318757375012,0.440380597747139,0.548674056073167,0.426681388594054,36.7807346060606,111.571055412566,1.82112576008714,10.8546187652258,2.34490055688133,89.537272,71.0482475499998,56.6985802,44.7119855,35.274547,35.9690955692308,69.8095100651436,35.576540515625,60.8838181026686,0.187430478683276,0.338839399234337,0.179210320223237,"1335842"
"100%1815",1.75938008704418,6.17786478471819,0.173757849803325,8.39106902390983,-0.0581760181702256,-0.0285873940829799,-0.0888176034357252,48.3298201060606,5.96108996953076,0.133550173015738,8.55304397604468,0.932577692835507,56.865794,55.72954655,54.7888329,50.6534175,47.7734835,48.1984974307692,4.91458647296994,48.0903845625,4.23163138805909,-0.0863659424117083,-0.0596093574697948,-0.116903976556549,"1335849"
"100%1816",-3.69793751644006,54.2740387990147,4.40471655149854,24.3955835981927,-0.0153918763545273,-0.0701352984472691,0.159483063038066,5.53893265151515,52.9090930337901,4.40996653856859,24.3706031858931,1.25351365798855,50.287196,37.2106942499999,21.6624809,7.917599,3.117499,4.85049783076923,22.4428739210429,4.45488840625,12.6206007361108,-0.0360180915064327,-0.091038824283544,0.151705124351667,"1335850"
"100%1817",-2.71959108410367,27.0774788676228,3.21993124409524,12.0351100712389,-0.106649502029277,-0.103584356465909,-0.0981201344700428,5.03026365151515,27.0436478621544,3.22066014601388,12.0188096916397,1.0314421744451,25.609432,25.4688461,23.59807445,6.0010855,3.5280485,4.71366106153846,20.8440487844341,4.390544109375,14.3834403362895,-0.107606100286959,-0.0981495207522131,-0.095670050315021,"1335854"
"100%1818",-4.79964183333333,3.74953562605596,2.29323217611822,7.96016891450869,0.0368182330086313,0.112942483518791,-0.0512815982723946,1.45035816666667,3.74953562605596,2.29323217611822,7.96016891450869,0.501146842394199,9.050841,8.87191745,6.20749504999999,4.2969875,0.4920745,1.33342766153846,2.90481974958429,1.217144125,2.07128660162858,0.0368182330086313,0.112942483518791,-0.0512815982723946,"1335859"
"100%1819",2.92237348864297,306.972191120595,2.63049991865178,9.46538260376542,-0.0104135125404007,-0.110441002526486,-0.12864208101503,36.5117903181818,303.719472540368,2.65389895096446,9.54526284395624,1.71852677179331,99.077631,98.5448221,96.1028975,44.001532,32.159323,35.5492389230769,247.242737387807,34.569415703125,188.702424906289,-0.0186123748291813,-0.116066514637886,-0.134840553708114,"1335889"
"100%1820",0.23667558743155,152.926521382072,2.02664342266268,8.52709460951117,0.0143614789185545,0.0835469448113969,-0.0758949851436564,32.9165393030303,150.217268811453,2.03508394137801,8.489692651246,1.95187966796704,79.531646,77.4355702,72.23781985,44.067603,30.855074,32.1993838153846,118.583712147864,31.51020365625,89.563578686761,0.000234075836726847,0.0729251190934379,-0.0837806839030629,"1335900"
"100%1821",2.81919691834381,270.987063949752,2.23588935971076,8.6906037014659,-0.00892901226949633,-0.0508609453370775,-0.147655425006195,36.2356170757576,269.76086495693,2.21956770449026,8.61778013022817,2.05946253099496,97.729575,97.59745015,88.61222325,50.3306035,32.9677915,35.2895561846154,214.838972266695,34.31710696875,156.728095174944,-0.0139824358408261,-0.0529962074643728,-0.144833569278745,"1335943"
"100%1822",-2.15528368219675,328.720590233517,1.96723926503652,6.22635289216785,0.035974766419949,-0.103677814632368,-0.108500660489725,15.9908786969697,305.854211863392,2.08261411668844,6.58120367017528,1.4409610482214,84.722651,76.1416109999999,51.8569306999999,45.8682345,8.2107955,14.9334668153846,236.763748713733,14.0492858125,189.647739306353,-0.0320041909957906,-0.170343074246148,-0.162904551870969,"1335951"
"100%1823",-1.60455564348599,18.9695188731592,1.7680664302226,5.68824364416334,-0.0747225423959653,0.0444135070354001,0.0807897103880812,14.1490363484848,19.0095215332,2.01921614257506,6.3112076992197,1.30708090203145,28.998616,28.46975,27.92180985,20.0619805,12.3363835,13.9205812769231,15.8573222089625,13.697700109375,12.8761519033839,-0.069888641859609,0.0529484293851362,0.0988532710525046,"1336216"
"100%1824",-0.441622484848485,45.8601413531744,4.61229693901098,25.1415333281248,0.00982132439939812,-0.0216433619372864,0.45524976628833,8.9901956969697,46.7469047173858,4.63748097090686,25.2939517925131,1.27456822584871,47.505465,44.9949518,15.5664721999999,11.0261325,7.9964465,8.39765309230769,24.2930431364682,7.84694240625,4.95927505249684,0.032933227563201,0.00184256206863195,0.469028365879909,"1336362"
"100%1825",-0.706491011812142,5.64172669575178,0.55461426434852,3.13855078231941,0.330416936634296,0.304771916279237,0.179024112044542,8.00807256060606,4.81197974107952,0.624032382785088,3.41696681761946,1.15380710407261,15.014617,14.0563181,12.0778278,10.341092,7.9381225,7.90027956923077,4.11913448531877,7.812154078125,3.67869931978073,0.239739059365749,0.23784851492128,0.0894561705794967,"1336363"
"100%1826",-0.0165906629866351,185.906967315169,3.10309709953091,13.5851098418381,-0.0825901403193278,-0.0518400255696789,0.163934625449979,29.3865708181818,183.834082956822,3.12712782252197,13.7287845066838,1.64204332200498,97.434951,81.3416334999999,72.65962585,37.9385585,25.438399,28.3396726615385,114.326580092402,27.64691753125,84.9188043211814,-0.0933991867817698,-0.0599445765452872,0.158503845301173,"1338223"
"100%1827",1.71316798234818,189.807829098435,2.53625618601289,12.1238830429459,-0.0642600047837665,-0.0954536947688813,-0.0495985220933067,34.6039951969697,188.905236986231,2.53842417961708,12.1508957527907,1.7671481794283,99.219955,92.5321589499999,63.4492915499999,44.6513215,32.093811,33.6099035076923,126.589064479839,32.74551078125,80.0006575531232,-0.0693172972314432,-0.097655939107414,-0.0461310883320438,"1338224"
"100%1828",-1.96274897234694,195.715303889509,2.92452739767147,15.812521011961,-0.0802357630588432,0.0233149926481831,-0.0903186132789138,30.7422058636364,191.845107863161,2.9327452377045,15.7454094412467,1.86337864135712,98.831838,95.13228955,51.3399105499999,37.0936005,29.721867,29.6946730615385,122.373122943964,28.7033363125,60.4065472403439,-0.100025952017496,0.00828650679207802,-0.1070532806996,"1338235"
"100%1829",0.264083249361718,187.619851892955,3.2166309104628,15.6859417466448,-0.209852420560912,-0.087374533101253,-0.0758332398549185,32.0750018484849,186.885573418226,3.19874355420427,15.566124953466,1.82824891336443,97.892804,96.30211555,56.9883797499999,43.067044,29.077006,31.0624202769231,122.089521107809,30.056433234375,58.2165244397677,-0.21266068099872,-0.0895562944925829,-0.0755925785325262,"1338237"
"100%1830",-2.65184634503372,94.4102516825062,0.702411264794547,4.97428019576331,-0.218192157757753,0.0610944225162227,-0.0781087935198266,27.469713530303,94.419985217272,0.701165867024216,4.96678574227269,1.92768330268673,60.642658,55.37475575,48.6622082,41.5637195,26.7390385,26.9593605384615,78.6822287398777,26.55969128125,69.5288300785368,-0.219580220241534,0.0608392028279596,-0.0791009880812526,"1338252"
"100%1831",1.14913420610815,281.502473541991,2.50403223145587,9.6761876917359,0.200608386452925,-0.0464232145649191,-0.113052035990372,32.6520262878788,278.1783049722,2.53223837213112,9.76901763862893,2.27245484391582,98.946212,97.1621817,92.22423155,46.5954035,25.6168095,31.6321157384615,213.80361430091,30.623218328125,150.982486776417,0.190483899624294,-0.0584522498740336,-0.126939140035104,"1338275"
"100%1832",0.183264417850791,339.98819904586,1.93595106565891,6.05678394163295,0.474757566053635,0.269711919611024,0.0907504852811066,34.4914097878788,334.962410076674,1.92254325016907,6.00491591673766,2.21563872966238,94.841567,94.6520894,85.5621814,59.048518,26.9939265,33.5629458307692,283.220686827006,32.610022125,228.621876772575,0.468388485461255,0.26385394042578,0.0885063509976224,"1338284"
"100%1833",2.61977826362404,385.588805011388,1.9351403738859,5.48784779446599,0.155090315275678,0.0470837638801888,-0.0937375634531425,38.1392304848485,378.921741198214,1.95187776910715,5.5369876749782,2.28484937551075,98.504974,96.1582114,93.4092659,76.2752985,30.723477,37.2105267384615,327.82692364291,36.3092135625,280.145465649309,0.147437888200387,0.0403920111237323,-0.0982677469140912,"1338285"
"100%1834",-0.478049413008646,174.075203144756,2.27286919054516,7.67321990044876,-0.128624508501009,-0.0417513681200835,-0.247171508177961,22.2634196060606,173.117050609539,2.27759709163783,7.71489753304306,2.21023505063051,69.682897,68.49385265,61.30548645,34.67656,18.3965195,21.5338891846154,140.654223885959,20.810143734375,108.804460145839,-0.135271102428098,-0.0476648496517743,-0.247482069784928,"1338288"
"100%1835",2.34139788443998,204.316071614105,2.24792847282671,7.74887802908997,-0.0410879814950185,-0.127058331084171,0.121151497688004,36.132203969697,202.636689152339,2.2555963013519,7.79590713260021,2.23254527785533,90.156825,86.881566,80.0688385,52.188741,31.050579,35.3010559538462,160.160913077078,34.52266675,123.280593420731,-0.051353406919129,-0.136148841632465,0.120596844417026,"1338291"
"100%1836",3.44316698025049,692.94758654005,0.171208032342886,1.47168026886505,0.220286561270305,0.375537806802608,0.19265298545608,51.7037353636364,735.863370478182,0.0972413152166498,1.46239900895829,3.05338998178738,98.360733,97.13888705,95.7834724,87.8842355,55.855154,50.9859354,713.178717414056,50.275075484375,691.476216596895,0.280775415167773,0.401783074727865,0.256844342529642,"1338327"
"100%1837",-0.63739329909496,196.342974090086,1.83376918638448,5.37475969865817,0.187508168823404,0.174927822125563,-0.127975414027258,22.6323098333333,192.852863721464,1.82507945933242,5.31697079741421,2.11002314003989,66.239793,63.829775,61.5703918,46.6093205,18.064855,21.9614254769231,166.114166757024,21.327509109375,142.589453144655,0.17343349215954,0.164825332175719,-0.139147081236743,"1338340"
"100%1838",10.9237005746769,663.185153324013,0.748856398763439,2.05472668226005,0.689921836308204,0.493763228259449,0.474280087525174,52.5783546363636,651.286346271632,0.740213716630485,2.01040622689387,2.76487230278757,98.730803,98.5866733,98.11174745,96.4671715,42.2296735,51.8683169692308,628.032005956939,51.13955528125,603.323922188558,0.68613569867724,0.491304081570658,0.476948518309794,"1338350"
"100%1839",-3.04065901001884,285.809048597013,1.69536849175697,5.60074989937816,0.0909690260927605,0.12969367572691,-0.15794861192274,33.6478413333333,283.355011384313,1.69792589156873,5.5639995504694,2.34119721693513,87.985384,87.5494355,82.47803595,59.284373,27.819186,32.8118791384615,241.591355028943,31.96027265625,198.226035915864,0.0826164651465948,0.123533531360989,-0.163284232522072,"1338376"
"100%1840",-1.31946468789806,258.806991629354,1.72915994927692,5.91161705756142,-0.0188431662824881,0.00564206420758596,0.148883709223305,35.8563808939394,251.709983549945,1.69008726727949,5.75529334104929,2.38449681429069,91.024141,90.5633716,79.28505535,54.558769,29.4098365,35.0076461230769,208.039297891444,34.143464578125,162.747278649691,-0.043905099803752,-0.0175034577199413,0.13965620615353,"1338378"
"100%1841",-0.0931866730406915,158.67758748287,1.78778140816819,5.30554373351309,0.343811622123581,0.214040550921891,0.0614433677451754,22.8397672121212,156.009167611658,1.76712323731835,5.2540229856268,2.02498011760777,63.811693,60.76690255,58.80174855,43.9591465,18.1055195,22.2094298923077,132.185849626358,21.632586609375,112.622622277573,0.330935353767556,0.20165668670893,0.0524850016972984,"1338404"
"100%1842",1.14153435944571,334.305048248241,2.21426768161589,7.24338646671755,0.349773530505755,-0.0750256965666696,-0.0795879993471933,33.4371077575758,328.298494440704,2.23447171405934,7.30025260600141,1.99369939776429,96.26978,94.046481,90.3312253,56.455947,26.511082,32.4704512615385,271.67720494117,31.5270314375,218.069498583107,0.339931678977805,-0.09019952600077,-0.0930470223900084,"1338405"
"100%1843",-4.30694341461095,142.022644949321,2.95377796160456,14.4715162390979,0.0901290757959061,0.0160166903975108,-0.117784637172718,30.849678,135.25430967813,2.96484756003114,14.711393219604,2.00869680642181,92.838164,77.9408367499999,53.9540176999999,42.358134,27.796386,29.8960089846154,77.309162211932,29.270646640625,53.0970438882188,0.0363708711061122,-0.0395776813522831,-0.169153479081018,"1338407"
"100%1844",0.433966593180497,196.754459920211,2.6562529459669,10.3730470457237,0.307562794616193,-0.0549609298672484,-0.115487117511152,18.2615377727273,195.685879352737,2.70676992593868,10.6577282618769,2.1565570310845,81.010622,73.1526491499999,60.17155775,29.703514,13.195255,17.2961672461538,137.18837460672,16.48952246875,97.0380161606113,0.303216809668608,-0.0607000371221411,-0.116531851205041,"1338409"
"100%1845",1.54348386729879,383.631386121462,2.04147480257147,6.45547642175349,0.415816367456309,0.182656857047543,-0.0618700633031298,33.2309277424242,376.366008193957,2.08077007344437,6.59257376656236,2.2694057422288,97.69132,96.4517765,92.7647417,63.2907765,25.919786,32.2392294,317.247524717642,31.246337203125,258.125247841363,0.406117066692451,0.172362644056033,-0.0719056515959379,"1338413"
"100%1846",2.1047301771169,128.299667743147,1.6638367032137,6.54819061145425,0.0740808424457004,0.0783586429766765,0.083445694706219,24.5081293636364,125.987089598534,1.69002018646373,6.80556831413878,2.2418712804081,72.99668,56.8239279499999,47.2408124,39.6699245,22.2132905,23.7621516615385,91.1974922016353,23.381630234375,83.2106768428022,0.0560961862355923,0.0611507220307201,0.0752641274399626,"1338421"
"100%1847",-4.49466160743976,245.372703588583,2.34359374214544,9.08112014140104,-0.00111285268045527,0.0577787622051017,-0.218497860139178,31.2842718484848,243.917316386767,2.37899221942918,9.27808454048349,2.24334668787645,94.585812,92.40708935,77.675341,46.099903,26.7178785,30.310402,185.074006687023,29.358471859375,129.064673520536,-0.00601718159953791,0.0607952201212114,-0.213221826664552,"1338477"
"100%1848",-0.844647299059743,188.834641805262,3.04942298552728,12.9870204093767,-0.00463764810080889,-0.0366176583765788,-0.021393978447943,29.2201274090909,185.772718775146,3.12882585298225,13.3673567699759,1.93843611101199,88.475874,87.78611415,79.3599761,38.518902,25.536943,28.3085005384615,133.780566219725,27.38496609375,80.431355979946,-0.0177600683475772,-0.0441912201541045,-0.0262200492292293,"1338482"
"100%1849",-0.193074630949237,211.911207730596,2.46213890292294,9.66285877115874,-0.0596859714215844,0.321921894071775,0.0735983194108893,35.1741801363636,209.756811533175,2.43598890659404,9.56091870472997,2.27661936705952,93.355047,92.9348181,79.83801605,49.355106,30.8268565,34.2790898769231,160.105525614921,33.366129703125,108.429916321463,-0.0715458529881966,0.317276802933677,0.0696046828553734,"1338495"
"100%1850",2.7247666019932,347.622944931613,2.13457006389244,6.93709511281579,0.316838307477731,0.0992760273771904,-0.00882213661588349,33.2349086969697,353.012129867026,2.14462617221311,6.94968459436597,2.12227139947473,98.579375,97.70901915,94.92371785,59.5276125,25.546383,32.2296092153846,291.741700564569,31.213816140625,229.230852538466,0.326175397328451,0.118792076736303,0.0163967236918747,"1338497"
"100%1851",-1.62915467637717,234.761211098679,2.31508182325801,8.60288402224362,-0.144138292189389,0.212571305483403,-0.0528008039588738,35.4630962878788,229.043416049277,2.34507323582453,8.76656448822066,2.16798365945486,97.174826,94.60864875,77.1709451999999,52.953105,29.4601035,34.5136850615385,173.075970249305,33.5962916875,121.075593107022,-0.173447309058429,0.19099137113827,-0.0762992072562657,"1338513"
"100%1852",-2.82368184151216,98.6331500442802,2.2351854960775,8.54409907448681,-0.0794239268159159,-0.0726143279805701,0.207837260428966,21.0095810606061,94.0684765136145,2.24377391592662,8.55690425600416,2.03734028609265,63.08723,55.6101597499999,48.15264975,31.605129,18.3038625,20.3622326153846,67.8577232155721,19.874391796875,53.4487369675469,-0.123159819938708,-0.112772787424005,0.185017330510011,"1338517"
"100%1853",1.37370578367933,336.89514543946,2.43148089154061,8.03851943425097,0.272480528975841,0.204124507236537,-0.0339042494088574,33.9591476515152,338.127295886302,2.44665226552978,8.08951449154755,1.93541071211509,97.932463,95.72736075,92.5014462,49.9886045,26.790026,32.9749428,279.397747761319,32.0129888125,223.615231755725,0.274272243053243,0.209406543571746,-0.0250327295691291,"1338518"
"100%1854",2.10316457110912,354.884224543793,2.0765057487029,6.76901794118267,0.372189559841221,0.141100732488949,0.0873345526578054,34.1309893030303,344.819488996195,2.06894826730747,6.75074606710225,2.34149752571374,98.845799,98.5642177,90.6980593,61.057128,25.9752235,33.1353768461538,284.702289368541,32.11542028125,221.530522011046,0.35557383408456,0.123792827168552,0.0777007585072122,"1338549"
"100%1855",-1.63812254798127,207.383945438259,2.91778946406634,13.2919896915018,0.255391005699237,-0.049664414622278,-0.169059476286838,30.4177646212121,208.167622237729,2.93317887279438,13.3606337402953,2.0853002501905,96.11304,95.90752235,55.6996285499999,45.9773585,25.605574,29.4070680769231,143.95070573529,28.36972759375,76.2550424404703,0.258972631875965,-0.0390069060475171,-0.155017873926094,"1338558"
"100%1856",3.7880010225556,228.252269275903,2.56348926921477,10.5594918921282,0.0450323221445336,-0.0573293072413335,-0.0561027477312275,28.1904361818182,227.973335885799,2.55129981845604,10.5325115695518,2.1247581517845,92.163234,89.14004695,74.1805287,39.8011295,24.4481205,27.2062392923077,167.55014583309,26.263959015625,112.455129073093,0.042372946422667,-0.0574096961828071,-0.0518741239975491,"1338601"
"100%1857",-1.56971449648976,201.408826331715,1.65525788030418,5.80324963420321,0.177608529052694,0.0832288662970365,-0.138480858334438,19.1762357424242,184.228055031212,1.74928983733363,5.98765534578681,1.85286544344298,75.522006,58.3898987999999,45.42441175,40.0337945,12.1870545,18.3093777384615,137.467108064665,17.827259921875,124.506588338615,0.111572677814232,0.011056405849918,-0.225508997025664,"1338615"
"100%1858",-0.802826722184071,150.562999164436,2.46950805614495,15.2089687059906,-0.164631805916111,0.0381369012035888,-0.212757997269391,31.085015969697,149.766964275545,2.42979452722861,14.901946256284,1.88079463102385,97.840259,72.0668892999998,49.4309033,46.306058,29.672201,30.0580122307692,82.4584505533229,29.61846678125,71.1888507006695,-0.169311259762043,0.0348737968452554,-0.213880300293167,"1338625"
"100%1859",-1.08350813662775,234.700961087814,2.74748095583164,11.5331983849069,-0.0452562323628401,-0.104466161381966,-0.0782666600336032,14.9989095909091,232.736247482929,2.7851751919773,11.6671922398004,1.99401346450382,85.176245,80.1940431,43.6820023499999,32.1087045,8.002998,13.9192582769231,159.384105790258,12.925632328125,97.7004682451142,-0.0505582398165025,-0.107890190279363,-0.0785436386325705,"1338642"
"100%1860",0.650133324758333,225.928881115988,3.03968763420487,13.1300768350093,-0.0689281318603256,-0.178543185193435,-0.0863164430054878,24.4592955454545,226.12440760256,3.05435099444335,13.199658502324,1.87444779583016,96.562788,90.4042940999999,56.5618044499999,41.752429,18.69024,23.3500110461538,148.389446016938,22.354102125,86.2387834607547,-0.0683015223200883,-0.178170146588134,-0.086215447730898,"1338655"
"100%1861",-1.30305879677073,161.374497476095,2.1447015032207,14.1906870865448,-0.0293988424018963,-0.020539041268145,-0.0225635259034152,31.2368228787879,160.77336125412,2.15599041711391,14.2454227445067,2.09276013367102,99.133497,71.6865657999998,56.84832765,42.067407,30.0683465,30.1922586615385,91.2332469198859,29.7748338125,81.3329386043482,-0.0320244813574066,-0.019044087312773,-0.0187286733993102,"1338657"
"100%1862",0.429517140052472,163.726591066664,2.51285255064184,12.1217366218064,-0.0163795855266521,-0.19923854802436,-0.0516075726520905,28.4064465151515,162.240478785042,2.53568358518289,12.3775679538257,1.93451437436817,93.117428,74.6769845499998,60.51297075,43.6390935,25.3888585,27.4108929538462,99.3221111847313,26.827508234375,78.7520666626843,-0.0227636683966062,-0.205199390005367,-0.0531795721466292,"1338670"
"100%1863",0.671372979795045,218.639775061631,2.74752135523044,10.4761881692935,-0.0520416616202962,0.222164740624881,-0.155298805919556,19.8967836818182,216.552019867039,2.74958230294733,10.4709775765802,1.93350834210202,79.435141,78.71347265,65.8890742,30.5194195,15.475383,18.9808089538462,164.508949052749,18.0535578125,111.192747238394,-0.0588816149943352,0.221725189092994,-0.157733597132971,"1338692"
"100%1864",-5.57153304033067,4.06370792442894,2.38701506644437,8.08028998724927,-0.0568690574975213,-0.00969884781782026,-0.0648257458360792,1.86138122727273,3.80469777903196,2.41133226007853,8.0162707341935,0.589869161838712,8.824746,8.54528435,8.3004814,3.8759805,1.025925,1.75425253846154,3.10577889723437,1.65049390625,2.45452619820705,-0.106630665493837,-0.0408071827158391,-0.105613115731295,"1344894"
"100%1865",2.98589722204344,6.07917115270615,-1.19754228607726,4.04615618628768,-0.14383304146078,0.0643020791831587,0.0348078865646252,96.6306411212121,6.0186797081112,-1.19633139144072,4.00688240067196,0.974062192338082,99.587723,99.38949055,99.2353127,99.059457,97.3562435,96.5851475538461,5.97467691221268,96.542997515625,5.95255056703309,-0.152147245673598,0.0580170641615278,0.0297231619970103,"1344897"
"100%1866",3.79919774316377,352.389025908146,3.19986205420462,12.0718344408029,-0.0141848999931746,-0.0500975573356748,-0.115332308574334,26.0411553787879,349.773399454884,3.19679411235557,12.0296629962889,1.53800369338139,98.595113,98.5940717,98.51602045,24.22168,21.5592375,24.9249406461538,272.922796940215,23.773869234375,191.064464966461,-0.0208501645668043,-0.0566898503177521,-0.119808374945125,"1344904"
"100%1867",2.21416902338567,418.639230395585,2.11589060576681,6.98129754765815,-0.186004158361696,-0.0694703948774508,-0.16087936861416,22.6999358636364,413.220994705167,2.09714885557061,6.86680789835877,2.01427256891174,98.478953,91.8474085999999,83.57633135,47.1419645,12.931101,21.5341048307692,329.873548962615,20.491253703125,264.337822327281,-0.19494091860584,-0.0758585738544163,-0.168294508416408,"1344952"
"100%1868",-0.342315742776398,169.461049167932,2.97738193554972,12.8518088759397,-0.000787512557682657,-0.0730637401613827,-0.169774264800849,28.8660594090909,168.135960151396,2.96182733336038,12.7643751700006,1.97163935808797,89.34045,82.3244702499999,73.50769915,40.0614505,25.4239045,27.9356841692308,113.593193492291,27.1448880625,74.7197857832724,-0.00693407261030482,-0.0736258565100607,-0.173029824679323,"1344955"
"100%1869",1.70312596890462,226.133175590698,2.78920339394017,11.9486988531714,-0.0600223715356616,-0.123741202440428,-0.0900939231783377,37.4503791515152,225.882428078554,2.79902147095986,11.971584269367,1.89511683461862,99.567269,98.2526336,94.2821452,43.422645,35.6445555,36.4947346923077,169.082624417367,35.54082815625,112.578591254205,-0.0612306299858036,-0.122812426244823,-0.0857534813918322,"1344977"
"100%1870",1.79530200793687,129.664305774986,0.527399759848156,4.16214984775806,0.187589584426901,0.050839840365673,-0.088942875288991,25.0550019090909,126.441045509931,0.557236565676132,4.3126362099409,2.3232285024184,67.951472,50.2062906499998,40.2340195,37.017037,26.5956835,24.3950562153846,99.641423333592,24.141054078125,97.00471000057,0.168236923563581,0.035258202426859,-0.0982494603954272,"1349312"
"100%1871",-2.40223281797503,157.706276300531,0.29635908453088,3.94405996116812,-0.0185551807816161,-0.238441983102443,-0.0183615669613713,36.0095367424242,156.547925934234,0.31911546632688,4.08621521237682,2.44470183009684,76.768191,71.9558795999999,55.1854366,50.0004775,36.0577705,35.3824805230769,133.005188417329,34.851509359375,116.757920001957,-0.0206975125768956,-0.250033024927418,-0.0144838593726369,"1349327"
"100%1872",-0.775583532283908,111.378237985173,1.73160888013863,7.80861031146654,-0.0645535904932685,0.00474810371562159,-0.164691008026409,19.5584585151515,112.345180978836,1.74691016328497,7.92747445191065,1.98233094682776,67.778082,52.1688376999999,43.57577425,29.183972,20.261493,18.8166181538462,77.7519783488407,18.4268175,69.0904572775135,-0.0497344341425008,0.0181316086816027,-0.149503530074586,"1349332"
"100%1873",-5.89198413636364,0.170723130193209,1.27823895209414,3.20151468667033,-0.159595111682449,0.0534509649180031,0.083997627828541,0.358015863636364,0.170723130193209,1.27823895209414,3.20151468667032,0,1.500657,1.37369575,1.2740466,1.000532,0.1006185,0.340436769230769,0.152954018920516,0.32536028125,0.140569393626921,-0.159595111682449,0.0534509649180031,0.0839976278285409,"1349378"
"100%1874",-5.88990622727273,0.1674877985696,1.05501536683862,2.53818731587894,-0.0984827580068191,-0.0645920025708212,-0.0370191238596836,0.360093772727273,0.1674877985696,1.05501536683862,2.53818731587894,0,1.225942,1.2161764,1.19655685,1.157341,0.083158,0.346773030769231,0.158353350955568,0.333270765625,0.148977396402617,-0.098482758006819,-0.0645920025708211,-0.0370191238596836,"1349388"
"100%1875",-0.789063864455125,153.126954209372,2.5122178892081,9.42249675360023,0.0200356867820794,-0.161553263967283,0.0545424176308517,29.5777947272727,151.765975201005,2.51552514813154,9.43707246258752,1.71957558193031,79.060505,77.1028506,68.06633975,38.4455495,26.474164,28.8165222615385,115.851475730325,28.07851903125,82.2594851240578,0.0102551894015168,-0.172876165686206,0.0521739340271911,"1349421"
"100%1876",-0.429258073099665,233.146707735273,1.86367546070333,5.9445108125671,-0.0895903713071432,-0.157975142931073,-0.163777407876033,21.0049053333333,234.405156307396,1.91342940798987,6.07211374770941,1.92127791652862,77.040754,74.0931002,53.8875853999999,46.7273235,13.4688325,20.1428153538462,188.960246721031,19.324642125,148.401267470012,-0.0811940122139929,-0.143021390919891,-0.143447476946572,"1349424"
"100%1877",1.69387050871041,474.336751263039,0.783196531465008,2.89228089460397,0.319609375933419,0.208603448271497,0.104722322570336,50.3358722575758,746.199880411625,0.436349072753575,1.83162395615357,2.89175088906601,99.470388,99.32779685,99.18774225,95.209237,40.7394945,49.5799566307692,719.966921871684,48.8038463125,692.063835327872,0.592372847789177,0.499653020941847,0.372062785314536,"1350"
"100%1878",-8.67920499249027,221.578981673628,2.47713000174264,11.4493460666217,0.146562918566973,0.0818289900677984,0.0667115626399322,36.6766267121212,181.955317742047,2.71136551195306,12.515808006792,2.15329391966848,97.550581,95.90524185,69.7485936499999,44.1958795,35.021181,35.7401043384615,126.867736002594,34.8138670625,73.0855374378919,-0.0259078734598512,-0.0854522288780923,-0.116029167433417,"1360"
"100%1879",0.784399124680859,230.249527688779,2.10774585022725,8.07094277700917,-0.0750588992761732,-0.204417770933077,0.0272712611658206,36.5762220606061,229.190597667406,2.0969290808742,8.02500387527509,2.11806122317182,93.21714,92.33518555,86.12842305,54.8279965,34.6000865,35.7048233230769,182.600446717642,34.827394203125,135.411257762531,-0.0802883617675646,-0.204265570918944,0.0285124851508661,"1372"
"100%1880",0.908795873980948,242.299010724811,2.10993128926683,8.50847425545481,-0.0451638526142182,-0.0289696466232572,0.0221531513068696,34.7451621515152,241.275256751181,2.12581019180049,8.57811816073985,1.71385560549149,93.245697,91.8511441,85.74595975,49.128801,32.558941,33.8451539230769,191.526206235192,32.95054334375,142.497477445779,-0.0496856234720348,-0.0307563770045046,0.0224724507202198,"1375"
"100%1881",4.00213093255152,134.010810298624,0.693151579428505,3.05439833273841,0.204735575571132,0.161620705118375,0.0770606484229513,39.910125969697,134.759749932909,0.467443251324254,2.88323900678223,2.46497948064577,67.271221,66.8721847,64.366907,56.9080815,38.2926275,39.4891860461538,125.138409185609,39.06468396875,115.380565937322,0.213401461301197,0.108124350299539,0.036005656858014,"1386"
"100%1882",2.43179712310496,135.477642735479,1.23970980105924,8.10476723986825,-0.0625846861684596,0.119416938610414,-0.142409166235093,35.5646215909091,134.521256146434,1.23147418467209,8.09187564525872,1.88652260003991,78.429887,76.71480935,71.2782626,46.399701,34.826945,34.9051559692308,107.887750125715,34.266309875,83.0454146340249,-0.068693232177054,0.118000161776833,-0.142728405120851,"1388649"
"100%1883",1.96706695804941,139.643185668004,2.50040951725886,13.9924112035151,-0.0614897385175447,-0.0424915179919629,0.0170233896425223,34.8948705606061,138.672797058482,2.50319407178021,13.9982048684596,2.06678117813829,94.81646,84.3840379999999,54.9972541499999,43.9831825,33.788364,33.9729999538462,84.7164272754159,33.273100265625,54.1992491694098,-0.0650506075049706,-0.0459645476935655,0.0155019704674728,"1388697"
"100%1884",-0.979443864279049,183.496406466286,3.15804040276402,14.2298419938891,0.0305729600769827,-0.0876799215250259,0.0474476932593101,38.9309544242424,181.592182320161,3.19070925219501,14.4038847841116,1.81142198791077,97.391541,95.6353749,94.5646605,41.564438,38.473784,38.0315607846154,130.997919547906,37.146276625,82.102439228557,0.0225558938302145,-0.0971981467107361,0.0413520264760161,"1388721"
"100%1885",-3.59943734271683,151.630046524129,1.39511658034389,3.72856151102661,-0.134766879565167,-0.0847954586824609,-0.184690623273086,14.9963113030303,147.111751068121,1.61290703544619,4.13237949729928,1.53388102404225,46.426988,46.3822706,46.2195338,38.3631035,8.848956,14.5127624307692,133.942920993775,14.01517759375,119.942385582258,-0.16263201256898,-0.10240443448849,-0.187014727533423,"1388753"
"100%1886",-0.0844858474283794,206.955970708983,2.2213663350656,10.0230027066514,-0.0231090977482569,0.135070760289681,-0.112739282530277,35.0176614242424,206.02710690608,2.23829358982015,10.0412661314567,2.15962043214964,99.20799,89.0066598999999,78.0908118,48.494548,31.5318215,34.0301179076923,144.830769697344,33.2569379375,108.236278163937,-0.0235781718938211,0.137153016234949,-0.110445776812215,"1388755"
"100%1887",-0.357005504938989,180.07969373023,2.9046478676937,13.7182415307275,-0.0161289749067576,-0.00921517261926294,-0.0102457686699577,37.8273878181818,178.902962202285,2.92178573531176,13.8531412740423,1.88133331488616,97.054755,96.9679215,82.92914035,41.0189325,37.358908,36.9161975538462,126.857647410809,35.9786199375,71.7014320178359,-0.0239969859889339,-0.0145993350386707,-0.00929662621623408,"1388766"
"100%1888",1.34489086444632,496.767006865779,1.94988674048977,5.69717456198901,-0.14044779184498,-0.0743470173489931,-0.0396474673401138,39.4497189242424,496.717754187413,1.95223811716667,5.70010794760501,2.22895765864281,99.373459,99.3540903,99.22385175,86.403603,34.0356345,38.5278152307692,448.265742067688,37.577567640625,396.576812920126,-0.142241530589528,-0.0754331141529861,-0.039627095221468,"1388790"
"100%1889",-3.51705859067139,36.4597972857534,4.38067948089877,21.3918147485738,-0.0498976952426932,-0.0175209691066519,-0.0401764294026633,3.99740181818182,36.1749584760181,4.38384794742078,21.412723846012,0.878578446048631,36.864628,32.7042172,25.1768185,3.9696975,2.6795045,3.49175218461538,19.8565138716187,3.070310875,8.62194136659127,-0.0556383151901429,-0.0228815625761427,-0.0418661071795208,"1388794"
"100%1890",-3.16323078379378,142.047677592913,3.99900306884275,18.4460333490322,-0.0787358828558758,0.0246620679971942,0.0547754686406248,6.65598109090909,141.462235325821,4.01256972484641,18.5733791255164,1.20898895269475,66.885888,63.7324949,43.6351524499999,9.042436,3.1677525,5.72936713846154,86.9700918943058,4.84959921875,38.0195460641724,-0.0821732903102434,0.0224358475645906,0.0536183773002432,"1388797"
"100%1891",-5.65153033734791,92.8574928503057,4.35477892064846,20.4120643705782,-0.035193292375733,-0.00736497021305002,-0.0410253787039531,3.80121912121212,92.9925280684323,4.35545242432531,20.4057169749669,0.535041422603127,53.22591,48.94846735,42.96959255,3.4100275,1.4752025,3.04083926153846,56.2634653005841,2.359520671875,26.9699056055402,-0.0379726292754932,-0.00983508884794214,-0.0434470530063901,"1388799"
"100%1892",-2.13954730229077,406.779904553857,2.76810522296116,10.5979660544493,0.284806426610521,0.372396897812182,0.177448581559837,11.5796830606061,370.701566788178,2.96748050810549,11.3300393094522,1.84483407180775,99.042254,85.8815193999999,72.38010355,28.576844,4.324449,10.2341050461538,256.906375079196,9.16284153125,186.326178496139,0.217872729625438,0.31737469068597,0.120654329798718,"1388803"
"100%1893",-1.11805832034758,409.356221569756,2.22374608971918,8.27282422818733,-0.0480634674928035,0.209229820754036,-0.0965105431586775,16.7804943181818,397.429097437516,2.20566408045552,8.07822101383808,2.13927537078857,94.491315,94.2565948,70.8257978499999,40.5472655,7.2805375,15.5849432307692,309.206792671761,14.357673484375,216.135731830311,-0.0774513247673469,0.189090123733197,-0.125864369605801,"1389176"
"100%1894",-1.70119981135879,1059.61200094832,1.334492015224,3.06017477898324,-0.0287434342746092,-0.167983664368243,-0.112704954878831,22.514372530303,1055.6248134809,1.33439629824675,3.0610419465242,1.26128552273941,99.496962,99.1683012,98.7921891,81.924096,3.9552035,21.330025,979.288376439456,20.116567109375,898.878553920518,-0.0303830186771796,-0.168612257682972,-0.112900740096152,"1390411"
"100%1895",-0.503378361176528,226.078210385232,1.41389005883008,4.42326429691016,0.071333463166908,-0.155672478262241,-0.0494015887461752,25.9324003787879,223.45217109835,1.45131972718022,4.53478919884559,2.3347280583119,76.566741,71.0914829,62.3717586,46.5769895,19.000556,25.1534105230769,186.839433917718,24.481694015625,160.43060075776,0.0626851591643543,-0.164833812785173,-0.0569455822019426,"1390887"
"100%1896",-1.84821800106638,50.8529140528168,0.996071095700783,2.88329006629744,0.0742362936314546,-0.0614634696405255,-0.0352933726369676,22.0304143636364,51.1523899431897,0.986106568679543,2.85676004789722,1.94440708084711,40.527761,38.7971516,37.1249025,34.353612,19.27981,21.7458398,46.594492758727,21.49397346875,43.1991495349553,0.0812128385785051,-0.0554105150526029,-0.0261286627750042,"1390888"
"100%1897",0.752283123748764,124.514926616983,1.58945670891004,6.30667076775018,-0.246086757617281,-0.0123470535552825,0.120479993359122,25.6301780909091,124.5771542826,1.57762717561454,6.24994435206643,2.28401231911116,71.688714,61.8923533999999,48.1229802,38.4608865,22.8462655,24.9215852307692,93.3548723518298,24.42633828125,78.8710220668004,-0.24661112075926,-0.0110626093301342,0.122665993054908,"1390889"
"100%1898",-3.3027681575381,171.582107038832,1.50076626103007,5.07629907975998,0.608654841986561,0.343635692432066,0.252245394394635,38.9668276060606,162.239811826932,1.6524293506588,5.37865579429108,2.35533491703136,83.831851,77.6820339499999,73.7036446,55.002166,34.2344115,38.2765964769231,133.29215416435,37.712627765625,114.700898097159,0.594281945509119,0.308248679309677,0.217082924824695,"1390905"
"100%1899",-2.84688273526219,234.605579943918,1.9511677355796,6.08236620249153,-0.163522559369365,-0.103981071665272,0.0641836120829943,16.144335969697,234.676481484309,1.95403670234226,6.11174938857263,2.08851940594168,68.743228,67.4437363,63.06004965,40.7530935,9.7847775,15.3351222461538,195.068316767305,14.531858375,156.176124181225,-0.160346082727713,-0.0992713725649042,0.0708101369498064,"1390908"
"100%1900",-2.3794711698724,105.381803290126,2.09266170777779,7.04973822920479,0.0375454230090058,-0.0884746930677889,0.152644968839835,25.6430491666667,100.466605906161,2.11399115236038,7.07182208103239,1.99176317420133,59.536836,59.26490915,58.4568519,37.149855,22.711627,25.1216062923077,84.066669696522,24.59040503125,67.0388507268268,-0.00984551900595241,-0.141288659545121,0.111744992518603,"1390910"
"100%1901",-4.28362998286571,167.155504206545,2.72858357598412,13.0733996858,-0.0561344202918947,-0.145357623395004,-0.0788314756823533,20.8138041969697,166.04162523796,2.76347284378454,13.0275365879717,1.95949309154606,88.867841,62.4981957499998,47.2952929,38.046026,15.252465,19.7668190153846,96.2483657298056,19.32100125,84.8332702487192,-0.0604916342031393,-0.146890493046893,-0.0794245701608587,"1390919"
"100%1902",-0.967997081623207,189.003222918008,2.09736521832536,9.40147089106559,0.152636756348922,0.0700808586888512,0.0765753172062805,31.5474961969697,156.041911378499,3.18176707222526,15.2793448619694,2.01027241264679,98.588367,78.5438242999998,67.7021286,36.463013,28.572511,30.5160981846154,88.2329534163009,29.934308953125,67.6104771713494,-0.00879811489861606,-0.0905782918314868,-0.0790808314345611,"1390932"
"100%1903",0.914255225199681,138.946314162656,2.62785452737228,11.9186469477255,0.113516840843446,-0.106658609378967,0.0701244174912115,22.7578789393939,130.47538778999,2.74835424633666,11.7391724580149,1.95957230096412,78.958144,64.9112130499999,55.27444705,36.6370665,19.776781,21.8932594769231,83.1432916659931,21.339287265625,64.4948668903929,0.0640113013712375,-0.168434775201298,0.0373699551173157,"1390952"
"100%1904",0.547710742820418,93.6161986574313,1.95609700788721,6.78687399342424,0.530044196791088,0.24864156690778,0.046026840600874,21.5945386969697,81.7179808893893,2.34161436860449,8.02979633711004,1.79834453738099,55.778354,54.14505935,48.5789143,31.3918095,20.049977,21.0686338461538,64.7211703960115,20.565556359375,49.2817864327074,0.463530311262928,0.148866571247645,-0.0541171154976176,"1390953"
"100%1905",-4.50649469702252,6.04967746516029,0.926837351963254,2.01261154191368,-0.00077537163652158,0.094157663606266,0.0789833333436961,3.48271612121212,5.51249215345126,0.919222849717314,1.952761521523,0.765047147498934,7.885228,7.8835679,7.6460423,7.36282,1.9438165,3.41498516923077,5.294525922527,3.34517753125,5.06050097923697,-0.0847654535552812,0.0335370159174776,0.024778280735083,"1390972"
"100%1906",2.06951401582217,29.8768801260497,-0.719797159572844,6.65281902095343,-0.032651397740195,-0.082113539498031,0.0382970391559241,80.1218780757576,29.1976185350479,-0.717866409372691,6.8622839880262,1.64926874644503,96.163321,95.1580232,87.69100475,84.1859665,81.2979775,79.8750866461538,25.6270160244501,79.644748796875,22.5788290371558,-0.0559477162046343,-0.104953129359285,0.0251334019305812,"1391920"
"100%1907",1.47938093267656,111.927644498355,3.31651966616998,17.1260457381095,0.162645746754913,0.0302000499718443,0.0910784007797544,18.1035687727273,100.67803800555,3.5565889039659,18.3563311424938,1.7353191631888,75.356565,59.6552033499999,38.1216757,28.997859,15.747687,17.2227534461538,51.0217786891837,16.69184921875,33.4981395673093,0.0759556314935052,-0.0651930444644498,0.0121893052610391,"1391974"
"100%1908",-0.519270656031553,58.3315388351932,1.29123831322834,4.21068354386672,-0.136352586725615,-0.00360561166461356,-0.240848411690851,17.5014361212121,58.3709040850378,1.2895739585973,4.23157877568433,1.90091162927355,38.174607,38.05569665,37.86345695,31.291415,15.5661755,17.1833873384615,52.5926861322359,16.858257953125,46.5433542344466,-0.130495372583693,-0.0026432466430197,-0.235492023800558,"1392007"
"100%1909",5.93910341382741,10.1052328042329,0.416697426205435,2.74349609064893,0.584572331335271,0.493169206793549,0.436003750369102,26.6944121666667,14.6914968455016,0.373941821229623,2.39374675504076,1.50400097466801,37.0227,35.20622495,33.8310192,31.258822,26.408464,26.5355154307692,13.2511404770892,26.4153184375,12.5191139296311,0.696750919196016,0.622808488378077,0.576132620309341,"1392031"
"100%1910",1.57066673441269,238.065616328186,2.25164551375063,10.5296583254567,-0.15336521007949,0.0631175792901966,-0.143795562590411,33.5327923484848,237.422187146842,2.23088554472137,10.4555327543995,2.25555002942232,99.190116,97.20834985,73.0682197499999,45.1520235,31.3414645,32.5226796769231,173.733213969393,31.52863959375,112.220275785606,-0.155775540616906,0.0608786876153088,-0.147223708248572,"1392069"
"100%1911",-0.946074030928082,456.837726706121,2.27260845337735,7.89868221297666,-0.0793399243385257,-0.150250937371759,-0.0655929097437798,21.6312046060606,446.411425338807,2.32338413029694,8.08043955204083,2.02235792615309,99.160909,98.5255821,95.5083761,47.723087,12.157251,20.4384399230769,359.381912548714,19.223673625,269.079539600959,-0.108781979610717,-0.174834201908647,-0.0886525002395225,"1392109"
"100%1912",-0.453347055288503,74.1175110689787,0.811771746817313,6.60607057392716,-0.0867790284269011,0.103429405746417,-0.0358746937178792,20.4888245151515,74.3564682465083,0.803466164391274,6.54022174710907,2.16463964112641,55.33497,48.1771374999999,33.86669085,29.311352,19.800359,19.9527299692308,56.5321880088851,19.57194575,47.9907230415368,-0.0822201163737051,0.11053832678193,-0.0297094806439778,"1392116"
"100%1913",0.430835706284225,148.360566809542,2.61463098760455,11.0641703820485,0.157888700286964,-0.115930989817904,-0.11743151162842,14.772722030303,143.124024955582,2.64237839015682,11.1303759560182,1.94666191080146,71.421822,63.4456095999999,38.0602424499999,28.493267,10.2697805,13.9011974153846,95.1952928408478,13.19417353125,64.1903390635942,0.130031886374928,-0.1518741322244,-0.150673467310128,"1392139"
"100%1914",0.277985945609495,189.161404929498,2.99711662170352,13.328316823358,-0.0565111344359081,-0.149594610426795,-0.208514366927796,16.0853917878788,186.035843693098,3.19144807869705,14.3294070026424,1.64517662853233,85.489093,75.0259149499999,45.9126127499999,34.0948145,11.0433775,15.0176425384615,113.652095260416,14.168044828125,68.5098517372697,-0.0639918734035161,-0.154112582528732,-0.207897280359025,"1392246"
"100%1915",1.46795567674713,110.745139172618,2.32864968876184,10.7077237463272,-0.0816180124618742,-0.137864952567008,-0.0988560550623045,16.7276487727273,108.784111114912,2.42806104053185,10.6171107751059,1.96569928396401,68.541665,49.6810127999998,39.2356771,32.0968015,12.492699,15.9305100615385,68.519324582572,15.561841828125,60.7553817178415,-0.0940487508366585,-0.160637243060134,-0.111300165909043,"1392330"
"100%1916",-1.32512259377036,60.9930868701173,1.97885187488325,7.02687666254023,0.571240467368904,0.197226719121727,0.203013739156291,19.0184936969697,50.324454220025,2.42523591056527,8.51032773133383,1.54538344337757,45.837304,43.56478115,42.1872017,25.4575015,17.8076115,18.6058966153846,39.863077378294,18.235033828125,31.5458895090217,0.49360384583518,0.0504722309580356,0.070549175831848,"1392395"
"100%1917",-2.40784235748244,67.5188320389156,2.04623040644847,7.54168823738956,0.484665638066976,0.0770161861713243,0.0269627628841618,18.8377336818182,57.6416808035413,2.6960975129619,9.70997595838485,1.59677617972509,48.258977,46.3189142,44.69711435,24.25693,16.720139,18.3850991692308,45.0065277618004,17.964955953125,34.2359338254981,0.406883593551492,-0.0549813529805793,-0.101823043963349,"1392396"
"100%1918",-2.87384652278206,71.8641123711299,1.9854060822816,8.74755095086985,0.205203231372565,0.147103100416034,0.129326028964962,21.0315738636364,60.0096642855866,2.51693472656451,10.7468131682438,1.7999601569852,56.219278,50.33414615,46.07102565,24.8876155,20.0766885,20.4902245692308,41.5909920254536,20.073427625,30.9490712490443,0.0751952466811733,0.0134321337797969,-8.53586465888375e-05,"1392399"
"100%1919",-1.39940859298102,570.003599395668,1.78207275451583,4.86613655104038,-0.145662240095133,-0.0829265027137226,-0.024508518970856,26.9914051515152,562.366589543722,1.83501595441232,5.04005486278049,2.08576512874198,98.076281,96.0066615,93.84340635,71.8010545,16.530527,25.8977916769231,492.083014729593,24.81975325,424.230966589762,-0.166192809363797,-0.100710839554525,-0.0369469000411524,"1392482"
"100%1920",-0.554637461218812,91.1347531659666,2.23197842637358,7.93361530539328,0.416769374863285,0.0266387123295742,0.0346025473393438,16.8929353030303,78.7394514655566,2.63937335036654,9.38711361945056,1.42720402618439,52.91504,49.9967701,46.93934795,28.8019215,14.4231615,16.3387490769231,59.6807510102898,15.83739525,44.2751448597486,0.338149296230342,-0.0986990722131717,-0.0777353259724897,"1392501"
"100%1921",0.262477570725263,174.752856488741,3.057762558933,13.2822997307076,0.12753493233376,-0.000818485287000323,-0.0152668166226156,20.8288673484848,162.902337482019,3.44432482707572,15.2574729152664,1.72366501872288,83.353837,78.6261965499999,53.8313796499999,23.078369,18.0263015,19.8669447384615,104.339050182947,18.98860725,55.8233595056558,0.0706298768094053,-0.0605033933272355,-0.0729864047769004,"1393273"
"100%1922",-0.758103625148487,85.1572907797773,2.11379652090593,7.25409299258903,0.403016325605811,0.0891470422231301,0.0708742152566805,19.9160322878788,72.5986445985647,2.43457537987612,8.42732054036749,1.69411360902625,51.458145,50.3911011,46.68281485,23.3800055,17.84041,19.4307690153846,58.1738375434622,18.955991359375,44.4309052830898,0.324938426353062,-0.0402290139912277,-0.0584650968975179,"1393288"
"100%1923",2.98920425476731,487.029625377,0.696133676246015,2.0904060664701,0.178120742941011,-0.335536750077429,-0.290375126917914,28.9799733636364,486.275866321982,0.699426944702741,2.10127425167232,1.77551563670863,87.7959,77.6503574499999,72.0809977,58.744091,11.410758,28.0751129538462,439.718057656589,27.385858890625,415.709026669127,0.176097696507448,-0.336480146866615,-0.290451979391559,"1396454"
"100%1924",-0.552576961940732,585.49640581114,0.210481647428898,1.95480730670833,-0.080159740570141,-0.0549576040549715,-0.12047508477396,42.3687557727273,578.330070177401,0.217041838032491,1.97651942259272,2.55265238315801,98.41748,93.5042587,87.60454325,69.8814695,49.026082,41.5064677076923,538.153769203722,40.735339421875,507.91089769034,-0.0899038012336707,-0.0619572568641456,-0.126330696648383,"1396455"
"100%1925",3.61103740853626,396.866804399032,0.413465394132342,1.37803360336961,-0.00947090008183069,-0.63187611852132,-0.2907903979572,29.2591146363636,394.09778560553,0.413803434326684,1.37819240105288,1.82032091118618,63.136979,61.27564485,60.096194,56.999533,12.350567,28.7379167230769,382.232108983248,28.245174984375,372.422848317276,-0.0112191642413335,-0.633664796978068,-0.290506847632577,"1396463"
"100%1926",-0.170501569418766,479.018430582134,0.658474545984331,2.58903948098552,0.28380310108906,-0.10979293492961,-0.21126997749948,33.7378366060606,478.430887699793,0.656606997985166,2.58307721087464,2.34373602601066,95.176494,89.7201502499999,79.91685375,58.3688065,32.317538,32.7926264923077,426.825500391882,31.949040671875,387.238241467224,0.283506097032624,-0.109176203177605,-0.210510398878482,"1396470"
"100%1927",-2.15497329390066,260.050366265995,-0.139331174203504,2.15176276824427,-0.192274330619575,0.159454699732359,-0.100781645515242,68.2741508939394,257.033460982891,-0.123226599716591,2.16176379495526,2.87416241462927,97.775792,96.5723222,95.8882152,89.0982575,69.0296575,67.8202794923077,247.391871472627,67.381154171875,238.723351406454,-0.203706683808954,0.153177561621005,-0.104783273081046,"1396480"
"100%1928",-1.69360297399327,275.536429590112,2.30059074444733,8.71560013357811,-0.0535005873992733,0.205085501387879,-0.133448640436342,33.5122102424242,272.269617818716,2.30500701456899,8.71360124693456,2.10974331328469,98.029968,94.80433325,90.0815422,51.3275805,28.61582,32.5196293538462,211.434071025322,31.573569609375,156.560840778019,-0.0642520965282891,0.201279617974898,-0.137997289429932,"1396495"
"100%1929",-0.466217749079992,123.262860082746,2.88464338529497,14.0892010904271,-0.175085928968742,-0.100385458522557,-0.0127294568503608,16.9697998939394,121.844324301333,2.85859344128615,13.8777355418836,2.00315264914115,76.160555,56.2608914499998,37.23600855,30.14038,13.63882,16.0591728923077,68.9889109848584,15.59844609375,56.2693658298975,-0.188841289450159,-0.113928719299315,-0.0239449539721212,"1396505"
"100%1930",-1.09809327968236,243.663114000412,2.38901335078831,9.67189211837987,0.00833051655721981,-0.14061830055238,-0.108921235651783,34.7161796060606,240.315337646027,2.39277188287102,9.71763742650849,2.34783567153413,99.826062,94.5190655,86.0361239,49.4036445,30.806891,33.7144891076923,177.789162288328,32.8090678125,127.280916032881,-0.00431960838780143,-0.148503765015152,-0.115822281602823,"1396509"
"100%1931",-1.44839064897963,348.735712304531,2.08417322666525,6.52589827412884,0.0454762163978724,-0.215358992768867,-0.194753013324608,36.6603991666667,347.94494007542,2.07068262070526,6.48511554984674,2.33505778877457,96.661525,96.54167605,94.34761915,63.734134,31.0295535,35.7373049230769,297.059142305301,34.78824496875,243.154229604865,0.0436817459558564,-0.216733212640667,-0.194594621830072,"1396513"
"100%1932",13.8709159028137,821.00196444924,0.317786256764172,1.66677764571421,0.445129495545675,0.0781744453831963,-0.291001325693005,56.3425893484849,773.206089403269,0.366150558803696,1.62621232149183,2.7763861904789,99.766773,99.4249809,99.02271735,98.573502,46.9722905,55.6745249846154,755.645108079809,54.993799765625,737.331919348538,0.420027002261156,0.0391030278133436,-0.345226171616054,"1396517"
"100%1933",-0.162695109168383,315.820514357117,2.20773805242738,7.45863127344933,-0.0770067331175417,0.139807343584984,-0.095796166694976,26.5926928787879,313.106761221242,2.20635425027077,7.42719753171527,2.37664138332131,90.918641,88.62393885,84.5904489,50.428244,19.2836035,25.6030629076923,253.285534657373,24.637668109375,196.663958556217,-0.085488881447925,0.133664471482566,-0.101539583179182,"1396520"
"100%1934",-2.58774613543042,321.67514103758,2.50925505092062,9.25351998444026,-0.105414369543611,-0.0514288674863666,-0.0973721560642219,34.8680142575758,319.996219864226,2.58882585902972,9.55351031429999,1.97757853707221,99.386093,98.9554381,98.27427775,47.883954,30.122419,33.8754284307692,259.894281475273,32.862176578125,197.220974025671,-0.107012748563516,-0.0519089975072348,-0.0946323433342849,"1396566"
"100%1935",-0.334014888560211,430.630923860849,1.54260279891027,4.35097956423411,0.344412441768856,0.11552899922994,0.00371424148679886,39.6018046666667,422.357981366502,1.54964984465299,4.38136321776286,2.31747825399849,98.916379,98.86945225,90.09563495,79.284272,31.9438135,38.6892727538462,373.896639998001,37.749352265625,322.314490926407,0.335342495777783,0.106932867319944,0.000295109896670446,"1396572"
"100%1936",0.965230066768794,328.250117604266,1.96087201958299,6.62454228430603,0.133628780314895,-0.0217471180609177,-0.00606672484114301,40.1027558181818,317.186653873057,1.98421960042385,6.65635319046348,2.29176567634381,97.96479,97.6984187,97.18975195,54.153844,33.596351,39.2125706769231,269.766095890649,38.30097040625,219.965212662011,0.106325713572123,-0.0504425011004561,-0.0342881717646999,"1396586"
"100%1937",-1.97847726792034,387.392856928307,1.5888846860772,4.82244898417148,-0.0522619202637873,-0.0497008790510493,-0.0414566804107293,38.6169746363636,383.431466888449,1.58230722777343,4.83512966616289,2.43926602007041,99.040113,98.5019039,91.75080985,65.5867445,29.816118,37.6873878923077,332.297732561068,36.74168928125,279.357403540165,-0.063913971892896,-0.0594006390708427,-0.0474367512430272,"1396606"
"100%1938",-1.37086079383903,198.938020233286,1.7643730273713,6.59464604093748,0.0147819846543849,-0.0591600105540766,-0.0957513632611502,35.7791841060606,196.959699045947,1.76496530689766,6.5984308888358,2.25111764789258,94.397304,80.8703821499999,65.1160902,55.764224,31.2521955,34.8773668769231,146.313743487265,34.27253425,124.82143280086,0.00483194818732178,-0.0685172509359401,-0.100484844125267,"1396608"
"100%1939",8.53382716240875,997.898034269532,0.411996513850765,4.18021056363814,0.266373386024337,0.0296206542647226,-0.0175547389948441,39.6277178787879,1123.48359229833,0.853494867557148,2.06083976412805,2.38709212907781,99.215649,99.0971241,98.58025655,98.0411475,18.7572365,38.7109804769231,1085.30106263423,37.7684441875,1044.51453904073,0.396559056264053,0.235928642007558,0.235689458151321,"1396609"
"100%1940",3.8275814803761,303.073901316272,1.83061376268123,5.83622026564905,0.0254851864959976,-0.12222270298572,-0.158921334007157,40.2853095454545,301.004519696923,1.85458656522787,5.91921388755377,2.46312243183616,98.829698,96.61740935,85.1383268,65.704246,34.5211645,39.3846266461538,252.094199245372,38.508977421875,206.193669449871,0.0178789511635393,-0.128320584179724,-0.159790833408259,"1396647"
"100%1941",0.73271586662969,376.834950620673,1.90277737605077,6.05951573589679,-0.0465641934630051,-0.166760642174842,-0.132915375170179,36.8365270757576,374.534726078386,1.92128466812969,6.11950847780064,2.39516121346192,99.721982,99.2654389,97.77542435,68.155582,29.808829,35.8690585384615,318.521104323874,34.882331203125,260.211992349412,-0.0523810442015162,-0.171846184659592,-0.1343698250648,"1396655"
"100%1942",-0.0730939209849803,196.292589150179,3.33334602248973,16.0731959175053,-0.0708512655693756,-0.143430706836206,0.216641901108091,19.9482995606061,193.782286095998,3.34400033317304,16.1371091033179,1.98344120410234,96.052539,74.7378767999998,59.12228975,32.4991775,15.2298215,18.7774651076923,106.287233171366,18.082413765625,76.5467072625472,-0.0862153638911219,-0.152978135139914,0.216593899060385,"1396659"
"100%1943",1.68439776069234,364.615640972753,1.99940113101879,5.79695994239164,0.0140566246430816,-0.17873040109066,-0.0623518432852363,39.4118685757576,363.483906203301,1.99587195944246,5.7934156923627,2.07572917272656,98.012286,97.45897415,93.84723275,72.5211175,31.689575,38.5103236923077,315.432276625009,37.593906296875,265.772551174918,0.0118829117231322,-0.179767834295136,-0.062819270981319,"1396678"
"100%1944",12.6525844787386,668.852913183693,0.598192897084504,1.91571865002884,0.466439342247924,0.232843694631303,-0.00413771254344964,54.7303933636364,694.784439712531,0.672417149773261,1.96426157664564,2.54446934415937,100,99.70951825,99.2132824,98.8436315,47.9067145,54.0339378769231,673.460114924503,53.322700890625,651.102155926104,0.488826844297422,0.269261967329109,0.0415886144134663,"1396688"
"100%1945",2.12249711952853,448.946479942307,1.87219253483543,6.10558620540259,0.117930024906944,-0.0478985310036976,-0.122849103115245,26.3744461060606,434.673850977068,1.86647811639794,5.99830042201639,2.26161535485752,99.394102,99.2984077,82.7734838499999,55.2108415,17.0389935,25.2510667846154,358.070388401952,24.094882203125,276.775657099786,0.0939330147062097,-0.0730259480880378,-0.144720738923038,"1396703"
"100%1946",1.59444689376332,216.683872352295,2.44546477110156,9.46544706197623,-0.16696795517238,0.00403708176346133,-0.0439097608820809,27.2781799242424,218.337837647504,2.42924254655471,9.36353196548126,2.32635930531134,90.642142,83.0522070499999,72.0894812,39.13477,22.2215965,26.3033497384615,158.977484490386,25.48050646875,117.451889662426,-0.15748191286002,0.00950496443406431,-0.0324001151723661,"1396737"
"100%1947",8.85720909056094,655.418394462116,1.43927588448624,3.91919601593799,0.53152177082132,0.289031104134466,0.105841453621235,35.4456970606061,609.071559687161,1.47051925989062,4.00809985686726,2.58292440413376,100,99.55202065,99.1410759,79.1505075,23.4873175,34.4525539384615,553.3438961445,33.439143828125,495.234891159157,0.499978150274178,0.241400831081709,0.0475143594584132,"1396740"
"100%1948",-0.981872481353335,250.313610340892,2.09119977972973,6.68234512237719,0.276464535927138,-0.187552360473589,-0.067962699805715,27.1221632272727,236.212486971161,2.17017940026637,7.09681906933732,2.1166016215284,86.136751,76.1684686499999,69.79467015,45.919852,21.463993,26.2142464923077,185.441880588704,25.51757953125,156.791994421995,0.236285889272339,-0.254168995681229,-0.122668016392814,"1396743"
"100%1949",1.86101313939218,381.104266433011,1.73335966140486,5.37628307232385,-0.00459844427685096,0.100429763137028,-0.0474291835054071,40.2144413787879,376.421171302603,1.72858746416935,5.36062368312133,2.42849702423679,99.963666,99.2335756,96.29398165,72.764926,32.0625365,39.2952225384615,326.4446900026,38.364828359375,275.279221932813,-0.0165958323860641,0.090972996081881,-0.0564982893511718,"1396744"
"100%1950",0.413103325189724,260.538027732915,2.01733158889326,6.99926321535726,-0.0286474872577403,-0.0536854142675434,-0.137792128343845,39.5641650757576,259.120468872786,2.01015429856607,6.94692671577922,2.34532568018558,96.553979,95.3664888,83.42256975,54.8204725,34.823274,38.6873987076923,212.371466189431,37.811778828125,165.853609071565,-0.0336586085714222,-0.059774941185152,-0.141130541317614,"1396745"
"100%1951",-0.877120292087053,318.285529683183,2.31955990148653,8.1936569172148,0.0654601969500358,-0.188113610709828,-0.130138542399277,36.5436445909091,314.932604693897,2.29912491087349,8.12274795866037,2.33387683609235,98.720254,97.42673385,94.9929447,52.506152,30.859171,35.5870813692308,259.386850682726,34.63171978125,204.113245578349,0.0600548218557546,-0.192087278637049,-0.130450855089792,"1396776"
"100%1952",-13.8732723445055,327.041980302648,1.96457271575459,6.72086332084072,-0.0598664654506568,-0.0323528349887818,0.143707082126487,36.3561793484849,310.764091428151,2.14660176743472,7.03381845158552,2.20777750478168,98.29723,98.2594351,87.5400016,58.1651525,30.8749415,35.4032401076923,255.610926471733,34.421430046875,196.948032488919,-0.106694472206368,-0.0732976492165335,0.107725141127853,"1396795"
"100%1953",2.82181842275457,297.596083570413,2.08275141647478,6.67017860527165,0.0423808697391689,-0.0507759624376846,0.130920690450418,37.6050443484848,297.645221074468,2.08182319431072,6.71460465509625,1.98855094210382,99.457336,94.8099257,89.915127,56.407754,30.39485,36.6534706307692,242.461870665457,35.783876828125,197.097767590784,0.0428920677710414,-0.0537411640678875,0.13228635791409,"1396801"
"100%1954",0.750938240144032,423.421575018496,1.70670994583789,4.85956517842269,0.327971162862339,0.112528507137003,0.00669303153672495,40.0314173484849,414.178276205977,1.69794793058338,4.81395659721142,2.10593631111888,98.963557,98.6848916,98.5281796,71.8423005,30.1830125,39.1247690461539,366.29751417417,38.196486671875,316.009882017351,0.315706355089011,0.0999917595369855,-0.00544225669088262,"1396804"
"100%1955",-4.49424256076639,528.251097929322,1.76739384778261,5.70110924362929,-0.000727943076425804,0.274255898670054,0.298316085278389,24.0210692878788,486.991430503093,1.84041259192376,5.69566325674186,2.07035470015563,98.960576,97.6175265,88.74702155,54.4624285,12.873192,22.8681538,406.755474292395,21.711494546875,326.150087768635,-0.0848279021692307,0.21706444562479,0.235767870587864,"1396818"
"100%1956",-1.26874054434525,84.1790139799104,2.90845675661667,14.5568343720391,-0.144957840084204,-0.00246920560865155,0.0376008541284268,16.7532868181818,82.9638835188673,2.90838598339027,14.4588820128997,1.95796848096924,66.151496,48.7710861999998,37.4012825,26.449386,14.0423285,15.9933143692308,46.1214148287519,15.62739109375,38.1385721054437,-0.156726929959247,-0.0123512586370586,0.0288644745668078,"1396834"
"100%1957",1.76125267601641,426.028660825328,1.85960049817192,5.34552272564273,0.307076991610823,0.14547233151156,-0.0362655175803714,29.1482105757576,419.804826103682,1.85538242308134,5.32206183442162,2.35835502268454,90.22273,89.3456395,85.8203868,67.528828,21.162045,28.2086025846154,367.994392206687,27.26071575,315.3424902545,0.294317220826598,0.133278255585505,-0.0449545160131782,"1396841"
"100%1958",0.847295272419136,115.351960333836,2.64760429596279,11.273093792324,0.0968970813696611,-0.0247885696420998,0.0202277064816151,21.7881462575758,114.226481887772,2.65260365630873,11.3561972482771,2.05914733451306,74.528541,60.2477211999999,48.09559405,34.029591,18.705178,20.9767555692308,72.532392335578,20.483297859375,57.8381777237749,0.088863596099235,-0.0318604714076917,0.0183650639299724,"1396857"
"100%1959",-1.948521072192,304.735387434182,2.54232782512607,9.2819323361747,0.00860244803799271,-0.0573369582209367,-0.098490448123268,35.2002032424242,299.66709770683,2.53337799644465,9.2441236341745,2.0358466906936,100,99.0734263,96.98057585,48.96522,30.2734005,34.2032832923077,238.683301210408,33.197483,176.656502971415,-0.00709045615955956,-0.072630842906246,-0.109677772062338,"1396896"
"100%1960",-2.71020796654517,318.171731548667,2.15379492345736,7.39385854145475,0.0438925366522796,0.0463282822057545,0.0690611497306709,37.8350616969697,314.129498648977,2.10129195889565,7.08145589196827,2.40509124088964,98.506346,98.4113836,93.31342535,56.0866855,32.3709635,36.9016573230769,261.460174303311,35.9413668125,205.605228321034,0.0350608770722681,0.0295379252577795,0.0567926140748534,"1396907"
"100%1961",0.757472029845229,405.299911742122,1.28358762629086,4.01047909575765,-0.11192092501054,-0.0624668440233612,-0.181673806362149,40.2624506363636,403.420847234496,1.28912098993727,4.02922646051882,2.75244834950858,98.254548,97.7314345,91.0176956,70.276043,33.056089,39.3702645230769,357.091581798385,38.4627724375,309.140915213976,-0.116685029014871,-0.0663149076834313,-0.182345226026757,"1396909"
"100%1962",2.53682484793901,327.946549503519,1.54675711595261,4.30375486739608,-0.230495484380165,-0.0641628913153563,0.190572912473413,40.3950336060606,324.505011097637,1.56495204093675,4.34352715060941,2.45543306854282,94.412752,92.639084,83.5165571,72.5941645,31.620182,39.5639917846154,283.915782290349,38.74961615625,245.243468223728,-0.236065096303057,-0.0680037690440441,0.192290807310679,"1396915"
"100%1963",-0.705993368055922,330.642223641655,1.56447627750519,5.18347613562091,-0.152141773235989,0.0163504294360655,-0.00974985715061998,38.5579784242424,329.740042144737,1.5562922112443,5.16117811627607,2.54428832015525,93.676879,93.2853294,92.37486655,55.9426915,30.9803745,37.7099953384615,287.35399516119,36.84492503125,243.201369968344,-0.155192382902356,0.0165204288922017,-0.00791071358656235,"1396928"
"100%1964",-1.64503623629673,201.423680451719,2.40298820687556,8.72044316363908,0.162524996321628,-0.0687365328456798,0.0255506777808065,23.8792361212121,195.650240280853,2.41045018121912,8.63295106817955,2.10737034393015,75.547183,74.9961221,72.1487002,38.198413,19.7418855,23.0843446307692,156.957980193299,22.2778594375,117.133254781256,0.14065077189321,-0.0901793565236255,0.00748386515094451,"1396935"
"100%1965",-3.59819074027609,211.320287004692,2.05901447367998,6.45574659182019,0.0593800982535918,-0.198948854905214,0.13705472919771,24.5375390151515,207.933252613806,2.0524112269275,6.46681188030072,2.14403728059803,74.684729,71.1382809,66.58197875,45.013599,19.712043,23.7660437846154,171.848702942101,23.055690484375,141.734721200015,0.0448991014743094,-0.216814107718127,0.127698702712402,"1396989"
"100%1966",5.96626927988247,999.688059347157,-0.011483774204324,2.929132229744,0.284070995018969,0.011549874385367,-0.163770055702789,48.2487638939394,763.395455809408,0.672359238545334,1.94787105692107,2.79457472397563,98.843577,98.3954462,98.078677,93.7075775,33.0728255,47.4703821538462,735.152044484901,46.678448359375,705.873451416321,0.206005362173942,-0.0538257268297686,-0.0614092019204876,"1396999"
"100%1967",3.26442623223813,395.061403452981,1.60370211685256,4.40907254782227,-0.135769315869328,0.0855827398831243,-0.156970313441283,43.1877002272727,394.291424965804,1.60090643332406,4.39647996988875,2.33030641211947,98.35794,97.9584318,97.15996355,76.9423285,33.9717455,42.3389273076923,352.810025933492,41.473233796875,309.610041035075,-0.136324362876023,0.0863972023752215,-0.155648394307649,"1397033"
"100%1968",1.72474351103129,389.348996982438,1.80961181279685,5.41074450308108,-0.197514326461807,0.0217524473255419,-0.154294737665736,39.0877327878788,388.596596578183,1.79993728878662,5.37031936367386,2.40042538985606,98.248284,98.00125215,96.4843624,69.98876,31.495228,38.1775704615385,339.90090537722,37.244903828125,288.670498833357,-0.199059030066356,0.021016718991049,-0.154260786516176,"1397056"
"100%1969",4.16848435655622,638.454526961066,0.986924606081494,2.33005464662655,0.032733214230065,0.146366234958904,-0.0620311907095977,53.9593987575758,621.789842011748,0.977296684255896,2.29157622264626,2.37061401745668,99.604022,99.60101315,99.3259222,98.736267,41.9051195,53.2571737846154,598.809925346313,52.533076609375,574.085743682427,0.00774588820496847,0.131686234648592,-0.0772003787440125,"1397062"
"100%1970",-0.181689436370393,387.503641818123,1.49200559363762,4.43339247457942,0.10365708453224,0.0445086555130175,-0.0580265110598086,41.4222215151515,368.712372823075,1.48380118488482,4.36784067738722,2.43866419264625,98.093344,95.30976905,93.7155733,72.8398785,33.33889,40.5503580923077,324.215246212373,39.718161796875,284.265315615868,0.0622467288013956,0.00146926943667614,-0.0983331831455217,"1397070"
"100%1971",0.00640183885774313,589.102716230872,1.32526396779143,3.36947557695312,0.173571513391654,0.0107938124559603,0.145292934754558,26.5654483787879,583.976423172247,1.33310447874825,3.3772294610833,2.46353115720494,87.364843,87.1453666,85.888764,71.098065,15.056229,25.6300730769231,535.215496784084,24.670743171875,483.757837584564,0.167954291324044,0.00974933626494236,0.150013637430555,"1397093"
"100%1972",-1.06771693258852,340.567515221686,2.03971655630693,7.11874394805688,-0.0742616305077512,-0.0775277191038541,0.159529260689483,36.7957741666667,320.602264935517,2.05035083005446,6.91673551580132,2.30833242467107,99.157337,99.0932535,92.22431305,60.6782165,30.6867955,35.8363655076923,264.783919128598,34.848515796875,205.491109539463,-0.136415619382209,-0.130318759551919,0.112375388967971,"1397120"
"100%1973",2.06883349828324,274.331226131758,2.46194317141023,8.78336512345239,-0.0845235330970594,0.0654789773778069,-0.0782567518502492,33.5931850909091,274.291785638703,2.51572600792651,8.99650403381359,2.04081945250991,96.925159,96.50705755,82.95603755,49.3957915,28.614148,32.6188470307692,215.855572005065,31.624111421875,154.910884763502,-0.0849859862416099,0.0656283357055072,-0.0734343396961274,"1397129"
"100%1974",-1.01114116002853,370.208341214569,2.00459369063961,6.38006588092137,0.0509226025263589,0.192210465636305,-0.237847841187424,37.8143963181818,369.014143303048,2.00413532525002,6.37132534003828,2.4541763369252,98.298895,97.7983768,96.78874575,63.0133285,31.2805085,36.8838655692308,317.542710636184,35.936287421875,264.140533042372,0.0478918564814817,0.190140456696533,-0.238202820225688,"1397140"
"100%1975",5.74046459718229,499.599735884845,1.0095100114624,3.03271593753903,0.173628054837521,-0.0408207921171383,-0.135856483908682,36.4537171363636,492.822526995612,1.02320622184433,3.07330907505702,2.68869220003339,98.761008,94.9871002,91.90587775,68.5965375,24.341449,35.4951434307692,439.759417788552,34.597333234375,394.236554022784,0.163929167073154,-0.0509281118221448,-0.140591950990314,"1397146"
"100%1976",-3.23764947256879,172.481865171788,1.24087707710661,7.91031378042413,0.492049443957347,0.273653641322372,0.316060160409067,51.2709998030303,1076.7080886525,-0.450151722404925,1.31962434168025,2.34854468180544,89.257314,87.44711145,86.18432325,81.4841595,73.004703,50.6865949692308,1070.73191383321,50.12744196875,1067.13971492033,0.939848908888798,0.887310261369174,0.853784967350045,"1397182"
"100%1977",0.984112632454703,160.259793899929,1.76422545134921,5.82811851268387,0.145070463309075,0.0362927359295829,-0.1036847549667,21.1629859090909,160.784684394156,1.76850510048356,5.8051165326069,2.33858393697343,65.473737,61.76934865,59.69968025,38.995572,16.392557,20.4812820461538,132.586764578238,19.867322734375,110.156940400976,0.158719802982165,0.0545778593075233,-0.0842106075490551,"1397187"
"100%1978",1.81470935421619,314.454309239696,1.42370750622399,4.06606337377378,-0.0799163276576419,-0.0342368867528602,0.136815304758555,42.6557901212121,313.824581225133,1.4183119442549,4.04399286309886,2.42389305832,97.762332,93.3548523,83.88184215,72.1867625,35.244498,41.8079971692308,271.214961003189,41.03965971875,237.08043631113,-0.0849372968899778,-0.035341140154203,0.138360529727365,"1397203"
"100%1979",-1.01867528228831,323.947291678056,2.08062210308441,7.39530813987011,-0.0843538954405522,-0.0488883502709106,-0.0374184409684459,35.9375737272727,317.015476986564,2.06832758093474,7.30372822373302,2.27938587749971,99.190504,98.86020325,93.18466005,52.171347,30.1578835,34.9644517230769,259.392853457669,33.968859578125,199.017625052096,-0.108213649310942,-0.0679550754118268,-0.0548872988554619,"1397222"
"100%1980",-0.539921504699907,134.838563236546,1.2317093030711,4.28204501328319,-0.106320977678629,0.140748372601813,0.0230649280555452,38.1817554545455,133.696179641915,1.24684145506978,4.35186921212007,2.38013700396982,76.327454,72.86345255,68.10037235,51.2862955,34.5770885,37.5948985538461,113.022576498805,37.072971640625,97.0820535782018,-0.116894298218384,0.136711731011282,0.0200564131404929,"1397238"
"100%1981",12.1290480938532,942.685983663101,0.376332797026692,1.44686387520425,0.382053216528283,0.309854262393358,0.095131093916745,56.6087440757576,886.132541265303,0.4111249258655,1.42564868183109,2.4896552551554,99.61894,99.57039345,99.3092249,98.628297,40.790366,55.9470487538462,870.867863455857,55.2658424375,854.312440869412,0.341383713386252,0.269900229316347,0.051878757068114,"1397260"
"100%1982",3.58079849882908,388.262909325107,1.77733505825115,5.07964566086289,0.158240528526636,-0.176610365055042,-0.106330000966602,39.2923958787879,388.378210319435,1.78065631817651,5.115532753581,2.11953500248175,99.240443,98.322643,95.12739065,79.0314205,31.013366,38.3701182307692,338.213919746667,37.44108190625,287.396460244756,0.159550641667487,-0.174913646524052,-0.103709271322659,"1397273"
"100%1983",0.585363654693361,251.811514829792,0.681653663679366,2.79654066434815,-0.157485634154404,-0.00742064917773277,-0.0137042238823895,61.2837551818182,250.629291072101,0.70630606097884,2.86175664276629,2.74664738928839,98.599808,98.52559165,98.4664827,86.7085905,59.376741,60.7096620615385,232.732654209698,60.119412578125,213.723462508184,-0.161654793149953,-0.00825642151275723,-0.0131708664208761,"1397295"
"100%1984",4.73458063304457,594.278295225545,1.45128650448856,3.67299173076982,0.230491626926825,0.30468264170547,0.0491785810650521,41.8559028030303,590.801161460403,1.46172643777073,3.69578595380933,2.28020715224991,99.474132,99.42073645,99.372434,92.2607255,29.9379465,40.9694685076923,548.029869941465,40.0566166875,502.428437693454,0.226267591519191,0.305844629265466,0.0481175408652902,"1397297"
"100%1985",3.20199053602557,278.008361493987,2.49830140668826,9.35058625087032,-0.136294487571922,0.00355049482873743,-0.0392137254061811,33.5374852272727,282.490676319304,2.44678985934941,9.11245827894037,2.08033488467179,99.460508,98.2006143,82.65497505,46.0856355,28.162766,32.5232848769231,218.948931581359,31.507676671875,155.325106936854,-0.119234237760918,0.0210525746815882,-0.0231879656106886,"1397301"
"100%1986",0.0315758477893415,362.825433246688,1.73872744619773,5.45297880008723,0.0581553682227124,-0.0670356182367707,-0.218572478312634,39.4084576818182,358.65847098897,1.73874071454887,5.44859009990727,2.42404818847581,99.857804,99.3285831,92.8075007,70.212457,31.8167235,38.4784677384615,307.094128166433,37.532137265625,253.682285270797,0.0461360587143399,-0.0798148027912407,-0.226595153083071,"1397310"
"100%1987",3.68160213881993,471.832507667852,1.65144007480781,4.64874561540678,0.251793996317164,0.147796680976708,0.0388658946325801,40.4219354545455,467.952816936112,1.66128901096555,4.67475108405662,2.47534896317556,99.775803,99.65604895,99.4592367,77.3302645,32.243535,39.5087990307692,420.120094566651,38.570005796875,369.397843203891,0.246138483882856,0.143003863772606,0.0356067409011224,"1397319"
"100%1988",2.88771113241068,486.705042763289,1.64281364697861,4.62856465607665,0.29641571004769,0.174188065012663,0.0438700514143485,40.9931994848485,474.332579946323,1.61803556859697,4.53167972708243,2.25839550245888,99.447429,99.37259385,99.12893055,77.6122605,31.4141615,40.0939036461538,428.253625890619,39.168303734375,379.257301010634,0.282712453096105,0.161179860947404,0.0292776594216184,"1397345"
"100%1989",1.08020684027081,382.988802834147,2.1074338052832,6.79424328135729,-0.247439688680604,-0.00834072770345089,0.0154148297966832,35.1638527121212,381.635156152398,2.1060467940794,6.78508811207305,2.19282583407874,98.791477,98.3478481,93.40055725,57.5746605,28.5026835,34.1849661846154,324.26402322071,33.186153609375,264.484922153743,-0.253418336779544,-0.0121161518181491,0.0148554161526068,"1397369"
"100%1990",0.328621511585935,445.016563457019,1.94585082603348,5.58995515738349,-0.00617118683344653,0.051195733021012,0.0292046830639976,36.4753517424242,441.122540399012,1.95868049825481,5.64064494132664,1.94227421031303,98.902412,97.17623885,96.0235813,73.576528,27.8074895,35.5149354307692,387.030674568796,34.56600065625,334.547010449963,-0.017184049035642,0.0441526566831859,0.0247827122692126,"1397437"
"100%1991",1.23804488300495,261.721297708499,1.97646398725935,6.91759156441676,-0.097942910460996,-0.112832740317819,0.0508767181603582,39.0955933484848,260.655506760635,1.98808893311034,6.91128781813029,2.3916980070009,99.006272,96.218045,81.32259735,59.350296,32.918846,38.1738906,208.59621834677,37.290409328125,161.120489004437,-0.103126132174238,-0.116357639359963,0.051316983657192,"1397442"
"100%1992",4.43253307802898,259.332569964821,1.13690586364841,3.27183944718765,-0.173526639938364,0.234551511442301,-0.160745922459276,33.6237406212121,259.605143445051,1.13704349182235,3.27524336602333,2.37310794330796,77.683423,77.08189415,75.9660379,58.0374215,27.915012,32.9458993538462,233.274129001697,32.261335375,206.458227593659,-0.171484240220274,0.240349095667877,-0.150285315385837,"1397476"
"100%1993",-1.06009276656454,184.328114123422,3.26421683992005,16.2265765176759,-0.0435930068985795,-0.0232858993767222,0.0693062770541063,19.8956148030303,180.045098459999,3.26931965902764,16.2503101692348,2.0796836758323,94.424368,69.1291889999998,55.10715915,33.5153825,14.9922855,18.7490186,96.04595476666,18.174648453125,76.1031035445105,-0.0691108829055417,-0.0450402551768104,0.0535957139549836,"1397486"
"100%1994",1.88538555304351,239.31552108713,2.23491817455952,7.6980607067629,0.288512892227419,0.166483083591458,0.0760574768453881,25.3142192121212,233.479859971747,2.24409950450644,7.73250652469148,2.14893634146311,86.058264,76.5190342999999,70.6813025,42.9975775,19.4909835,24.3796954461538,179.431769653049,23.64527621875,147.176236951148,0.272802359322182,0.150602103817905,0.0607695950886237,"1397505"
"100%1995",1.15933471087106,323.362607265254,1.58806752143378,4.98716282843545,0.269669063166752,0.218321408584129,0.0335460990752503,32.0933846818182,323.704976058471,1.59369060483767,4.94343247235502,2.37914964097041,97.053331,85.1208617499999,76.7997178,56.3401685,23.046444,31.0940008923077,262.766367336618,30.3502245625,230.91388195541,0.271473737682309,0.221771173969993,0.0422073349170256,"1397508"
"100%1996",17.4807125486768,555.328894573312,0.428580625358289,2.01734307871184,0.408914042769016,0.0544262544282829,-0.0814198210594473,45.4797617272727,600.811277922254,0.436612811964625,1.93158878850551,3.01736527809326,96.649362,96.0321792,95.37457,76.821896,38.9563975,44.6925371076923,569.152836641374,43.89554784375,536.758377069341,0.458818701554201,0.138690236944442,0.012525561784402,"1397513"
"100%1997",-6.61869943278221,248.060764638259,2.38431742897154,9.21035507495259,0.0634654291131573,-0.110127250677822,-0.115177009673999,33.0764434545455,246.669165045162,2.48498323757965,9.71643948686942,2.26392455056206,98.198325,96.73718545,75.6740825499999,48.573493,28.020987,32.0745683538462,184.216329928145,31.076508203125,122.346645893533,0.0614607382262507,-0.10908966525976,-0.106577400477756,"1397529"
"100%1998",-20.9201787908457,187.876808391143,1.99997127316051,8.70932034661581,0.0246075092471877,0.162128252363585,-0.0170607705572932,33.5836773181818,154.787134954284,2.42767192529303,10.1660178664256,1.88652260003991,90.575676,82.1516174999999,63.4432238,46.6732935,29.8462585,32.7068773384615,106.429113999168,32.005178765625,76.0873112425512,-0.174596287999278,-0.00160662696810515,-0.230945497285878,"1397548"
"100%1999",0.4595992771786,164.703239452851,0.354676661082488,2.20177245856199,-0.0333077064954535,-0.0155959278465217,-0.00170593741079752,52.0915165454545,144.700791974594,0.0162589610003533,1.85692721986436,2.61374143714533,73.078535,72.4851253,71.7647616,67.6617295,50.277171,51.7686393384615,140.046478412462,51.449936875,135.632572723588,-0.0971839211089378,-0.0659633467354818,-0.0538743852101534,"1397562"
"100%2000",1.35752922167345,199.700280558442,3.01307704060846,13.7189683908553,-0.141793944067472,-0.0747561991139886,-0.0614219694940458,31.1684214090909,198.286332840067,3.04052738571438,13.9401298127905,1.95880537139096,98.73202,94.7070887,56.1013871499999,47.9344155,28.0281795,30.1289814307692,130.028150883635,29.153812109375,70.2477523909403,-0.148911913745505,-0.0810036830235924,-0.0627107736161834,"1397563"
"100%2001",8.67050372091608,240.703958181086,-0.0952497122505425,1.64808664405922,0.0976486830687691,0.0245998132257271,0.100442748736575,79.5420146060606,255.656305973883,-0.0665298054967081,1.56381174428584,2.30555546263151,99.14819,99.1416354,99.1228623,98.746712,77.4666925,79.2403811384615,253.584618492737,78.9294791875,251.263976654426,0.146588830029906,0.0806034465920802,0.152232665427022,"1397583"
"100%2002",4.27663077679468,339.55348649643,1.60379336007018,4.99160895696084,0.301161433442014,0.248987766693974,0.252210552298489,30.5846705,329.526476748176,1.57511931000632,4.90199783946586,2.53080122494143,96.159861,83.8179547999999,73.7663445,60.8989655,21.917057,29.5758214153846,267.42286746706,28.832126234375,235.650985824533,0.279546223214463,0.228483952239979,0.237821383680144,"1397586"
"100%2003",-2.40626058410367,78.5345804137312,1.82760268242988,6.12543957139282,-0.0412630432536109,-0.140997869128145,-0.17934123119126,11.0254123333333,77.5797801584267,1.90988630490645,6.41085846925835,1.73061422284227,44.808094,40.32602225,37.3849063,22.1957555,7.0940275,10.5056787692308,60.9451987125734,10.077445640625,49.9775326341508,-0.0636775149685758,-0.157058133455162,-0.196168428191101,"1398749"
"100%2004",0.585836372913193,51.8534496890484,-0.386926747788791,2.94949698852785,-0.0102840714021105,-0.152879419948767,0.0717936742345627,81.2125122878788,50.2404588122181,-0.401209008192642,3.05234866980325,2.10036440148086,93.409996,93.1910396,92.9773724,89.9011375,81.094401,81.0248586923077,48.6892734003605,80.836604296875,47.1464616662588,-0.0134482871312354,-0.153785499236343,0.0816531017394122,"1398907"
"100%2005",-1.53946994054725,76.3920988929762,0.0247214897418672,2.45844364792676,0.0557419215104691,-0.123345589059851,-0.0261655183094404,80.1832995909091,75.9341380819126,0.0321582261171803,2.48368692638113,2.36417428051751,98.002293,97.6555557,95.7739579,92.5315795,79.502946,79.9091612307692,72.1423341178537,79.634791078125,68.376424345414,0.0506800574269078,-0.128820120554987,-0.0286114882642726,"1398909"
"100%2006",3.08083378109098,119.0912980693,3.87305734515259,20.9887248913312,-0.00603610653007802,0.00545321472306499,-0.20369897738644,35.6603330151515,117.855169272499,3.87338618438622,20.9600597140481,1.81761308473956,95.698047,88.9069418999999,48.9294006499999,38.574666,35.424135,34.7366758769231,63.3609201288225,33.947402171875,23.8589907096147,-0.012062072175316,0.000293875805463214,-0.20727245377515,"1398929"
"100%2007",-2.24129482011868,200.41876559004,2.23910074808848,11.527129383641,-0.169735572610483,0.129460198475616,0.0809363478500409,39.3706776060606,197.565754535207,2.17651657064235,11.3822684193625,2.18173350565085,100,99.5124376,68.2123494999999,46.35645,39.160761,38.4379188,143.182654323184,37.48773153125,86.7342533268359,-0.184466019086333,0.119022795080192,0.0712674645472248,"1398956"
"100%2008",-3.69936222958815,12.8676157560346,3.45724665874197,15.0095285416862,0.161018285456016,0.0453650315172861,-0.0197178513760429,3.7860453030303,12.8749075933274,3.45758066187176,15.0147685205366,0.930511012721905,20.447706,19.6221293,16.9458005,5.0643835,2.897701,3.52971206153846,8.73633886897803,3.285214,4.98718952756156,0.159658545956032,0.0441264577851804,-0.0209388572351275,"1399056"
"100%2009",-1.34713312243586,170.82454646576,2.51369573395889,9.65899161392694,-0.0709404083047501,-0.120762226318863,-0.0757848520810995,13.9445841666667,166.960333623238,2.48544753857308,9.19799323502678,1.65934174839719,68.772158,64.8193312,45.9365473,31.2197155,8.339405,13.1010830307692,122.570339167341,12.326242359375,85.4609264237973,-0.0941989500891017,-0.14018210029303,-0.0861158775887258,"1399064"
"100%2010",4.28376458050288,29.8715926834881,-3.0264804185833,13.2675732942174,0.0850750108593311,0.0384065033638595,0.272565516534398,96.9082957727273,29.8455110949501,-3.02312394430402,13.2856780069393,0.770981299813174,99.998497,99.97500145,99.77895345,99.57003,99.0682025,96.8607542153846,30.1554996255819,96.81229178125,30.4740198182852,0.0892740750108411,0.0427490847528029,0.277724730550496,"1399069"
"100%2011",10.7185280109168,66.4404373027135,0.668619706375589,2.10132473990329,0.884060264801197,0.87015541866812,0.834004468822877,96.736171030303,4.24930519993403,-0.517757023904102,2.60250293424753,0.905811327246576,99.824845,99.6107363,99.47686215,99.257541,96.917638,96.6886529692308,4.16565336163443,96.6447968125,4.10572313400237,-0.0958593162921942,0.0916140555503377,0.10741670429419,"1399071"
"100%2012",-2.39080727094008,82.5137286884368,5.37326099081861,37.5215785312831,-0.090027267367845,-0.00928255297283294,-0.0144577990806572,8.0840751969697,82.4913056504742,6.17699768719045,44.6307726527441,1.17083325355662,74.909178,40.0635814999997,21.17332785,10.7920865,5.996855,7.05599669230769,14.0020054851093,6.833425265625,11.0008142224021,-0.0875964508154296,-0.036767305376192,-0.0382385349891396,"1399079"
"100%2013",-4.65270807202472,0.582185257616747,0.510892035330946,3.16117844784911,0.178621182558072,0.280055201270688,0.1064020766131,1.98851531818182,0.485542819145338,0.792678646714927,4.16499680261534,0.268283601469721,4.209974,3.94445745,3.6299607,2.798719,1.856602,1.95433903076923,0.415923479664338,1.92547734375,0.368277480490351,0.0455940616259981,0.170311418480418,-0.0194506237878554,"1399086"
"100%2014",-5.70337724068987,206.55116808653,2.31928462667255,8.00990016606758,0.116859302590266,0.477224054070225,0.0865622177273511,11.6243524090909,184.73388677326,2.58876305248276,9.1977480049442,1.6533172332616,68.519104,61.5704096499999,54.96637425,28.231354,5.7534435,10.7490485384615,137.009593417814,10.01342734375,103.976363077893,0.0127333925415978,0.420518203355869,-0.0079906180871396,"1399088"
"100%2015",-4.49810148390647,5.81098201447288,3.28816871874071,13.3206013180513,-0.0187300089250421,-0.0558650845614018,-0.113361330734306,1.98597225757576,5.81628465796692,3.28016085696806,13.2589217925629,0.42551440179058,13.123325,11.8185787,10.57037435,2.9407635,1.3103065,1.81462836923077,3.96808990756731,1.669294078125,2.65715766124398,-0.0191569475185618,-0.0566007808778557,-0.114433572254431,"1399094"
"100%2016",-3.38118929913898,1.00038783172976,1.65276888598698,5.21216009180276,0.31030174040972,0.200633779369718,0.0850816781565689,3.156038,0.937173938826091,1.65751777939888,5.18097397631359,0.516753590801458,6.001862,5.945156,5.7467095,4.9449905,2.910994,3.11225609230769,0.825079540305684,3.068469125,0.713347005232641,0.264009268925476,0.143339985798957,0.0149029550408567,"1399096"
"100%2017",-0.0889589974556728,141.91792524157,3.25491739868693,16.9109553642049,0.168089006888683,0.0556213554875612,0.0158863751578335,15.5708714393939,138.106694439729,3.38117869835148,17.6151455011607,1.63337311319126,80.52829,65.5272474499999,48.31833735,19.6100855,16.077973,14.5715265384615,74.3178575684321,13.90155409375,46.3029741092098,0.14954533380357,0.0370375227589784,0.00232339252694274,"1399100"
"100%2018",-3.75729658283591,17.2198611447729,2.32682277781719,10.0082648280555,0.24950621947551,0.0873814594988872,0.0578796030461253,5.4333166969697,14.2925480456934,3.23725031054805,14.4063254007926,1.04866889622295,23.472081,22.57355805,14.32928965,8.2950605,4.361754,5.15579724615385,9.42930839188782,4.891204421875,5.0260327626204,0.11168804953474,-0.0704718239925668,-0.0974658140168919,"1399105"
"100%2019",3.00993596433539,266.692372084735,2.29733667130158,9.69302483775854,0.137341683249417,-0.0124336975676394,-0.106103781784827,35.2216521969697,265.981506288098,2.35277985458552,9.87375332274689,1.77832967247895,99.041912,98.43517925,90.44741765,46.2612325,32.614652,34.2398020461538,206.447568030392,33.241854,144.939791597419,0.136754838471758,-0.0107932589602518,-0.101326423552935,"1399151"
"100%2020",-0.00537896397443278,150.237251804716,1.76050392136307,11.5546394993556,-0.127119614110807,0.160183678161866,-0.129697968404347,30.8982975454545,149.697714013829,1.76629309728318,11.5989101699241,2.06343023615616,92.369932,70.5266631499998,52.0505804,43.5526005,30.9882435,29.9525800923077,92.9715766895747,29.502387546875,81.2504912577434,-0.131322167160653,0.158685375442765,-0.130849637893549,"1399202"
"100%2021",1.9026578110667,191.300857288365,2.33920450815283,11.1690624021179,0.110480179647286,-0.177833477237588,-0.0759307933671809,34.2646585454545,189.496626230585,2.36642918496251,11.1246387902165,1.97679458327079,98.774179,87.2797336999999,69.80997925,44.0246975,32.163805,33.2722043846154,127.404251691605,32.5250448125,93.1088604210499,0.104757421214903,-0.181159638267721,-0.0774083832660692,"1399208"
"100%2022",1.60862329964961,266.96201185831,2.38672224470917,8.55237702973598,-0.10310403262882,0.0248936956037446,0.0724647552105456,34.5090247575758,265.713547645639,2.38180390810326,8.51190006719412,2.13819980906223,96.688302,93.98629945,81.2373095,47.933743,30.916556,33.5524204923077,209.405394836931,32.630874328125,157.476277504469,-0.105305601506064,0.0251443609728573,0.0746750813824271,"1399226"
"100%2023",-0.735126837347912,137.31498495482,2.81163747331415,13.3941692027891,0.0897687683721313,-0.144591025818579,-0.221601597275951,20.6494408030303,136.719089874513,2.81740989276964,13.3755062953326,1.96443703563539,72.813779,72.5972328,56.29194985,24.700376,20.3416355,19.8469125230769,96.3150522397216,19.024510671875,53.8575626150445,0.0852443581879391,-0.144923117444997,-0.222354964382198,"1399238"
"100%2024",-1.50227840319843,209.420259425263,3.16108927737147,16.9146240686704,0.0315204192328391,0.00223311021486677,-0.0830553530661322,18.5568975606061,195.735155743476,3.35824690802724,17.8671399580705,1.65035751070928,99.64814,63.0676720499997,42.9687686,37.7901545,12.4714425,17.3093399846154,96.0240720746632,16.90213440625,86.7463833024571,-0.0273172160337602,-0.0583962138440616,-0.146076869790016,"1399245"
"100%2025",0.534681365185852,284.207343473091,1.78567192313499,7.59123467905426,-0.0456332333902241,0.0300349476795915,-0.139705865225503,40.4269216060606,279.489680899155,1.7962802620139,7.6321420078036,2.09008030676238,98.993185,98.5759318,90.069803,47.888891,39.2965485,39.5259021692308,230.208344457777,38.606756,178.891420613176,-0.0571654944909348,0.0223286579089783,-0.147586358744232,"1399255"
"100%2026",-5.03568349385488,85.3623938113212,1.55697512881834,11.2765799236274,-0.145040853134045,-0.0405461003751548,-0.065320281957407,26.1588519242424,85.2024097202818,1.52719065665287,11.0882231054467,1.44080467423859,71.783966,52.7985605999998,42.31217985,36.193517,26.152778,25.4569270923077,53.9951170243551,25.189447046875,50.1883283720567,-0.149207047868921,-0.0397087100383991,-0.0630518721620315,"1399265"
"100%2027",1.06752919610691,89.1116273545432,2.60872619528608,9.62366574295569,-0.101058976259679,-0.128231760471519,-0.11759804206479,15.2700937727273,87.9075539294917,2.64421733990691,9.72870170868199,1.63934167685603,53.002734,52.00511985,46.5291286,26.089024,11.947401,14.6895916153846,67.0191160272536,14.114929875,46.6009421841576,-0.111240428460308,-0.140163077590533,-0.125000602010794,"1399276"
"100%2028",1.80965166670188,266.73605258927,1.61974962140078,5.29429943063795,-0.0668614231618476,-0.200396482023866,-0.181567382400229,37.581995969697,266.057934320608,1.61418763902418,5.25936730083369,2.33235914916922,98.537348,85.0290642499999,75.56255165,63.1735685,33.0298085,36.6442213230769,212.109328312494,36.001859578125,188.602676827828,-0.0720182058760919,-0.206138881964469,-0.18330237579707,"1399310"
"100%2029",2.07348665314387,228.189583913436,2.10304377289536,8.05561535680786,0.0299732065107423,-0.0554841333336113,-0.194463987148131,35.9478197575758,227.496593227842,2.11159533452612,8.09657622014488,1.90385760832527,93.654174,88.2715057999999,80.71308915,43.708766,33.4165815,35.0600296923077,178.97724161671,34.27388725,141.602464943133,0.0300026595206529,-0.0559551978542224,-0.19591192181998,"1399320"
"100%2030",-2.36746669144085,155.822859643309,4.34242431092842,27.2703140674317,-0.121363579863148,-0.0934921561412182,0.0432319864176215,19.0042252424242,154.140488566551,4.32954238151071,27.1801250143043,1.94787028730813,99.046385,68.2589601499997,40.4414608,27.368971,16.060206,17.7728074,56.4301471240526,17.242990078125,39.0659525265441,-0.134607506355807,-0.102746044476352,0.0403435735630409,"1399330"
"100%2031",1.035711316156,284.852610384927,2.51341818240073,10.0176281205552,-0.126588155586104,0.0526688154012015,-0.192917329703952,20.9899675454545,279.147284148327,2.54614437222577,10.1834473175222,1.94143634428027,92.883201,90.9823735,51.0707947999999,43.3135295,13.0772535,19.8839178,202.701019148885,18.78899696875,127.942866837249,-0.151063163922357,0.0366462642473173,-0.209235905461311,"1399358"
"100%2032",0.651218359709824,134.727741772102,2.74393792961254,16.6080239110029,-0.0622447582152031,-0.220695749072801,0.270778363175367,32.7734649393939,133.504346247549,2.73416492030099,16.4566529394603,1.99076564515698,97.178506,73.8820165499998,59.2530122,42.8597435,30.860128,31.7826181538462,70.7609540063373,31.320819171875,58.0048044289627,-0.0713612225720297,-0.228104152047246,0.26971853267677,"1399375"
"100%2033",3.35787341772754,221.957092098453,2.85886407424847,11.7609669619056,-0.0877123644309958,-0.102560341543511,-0.121358205275406,35.4741773636364,221.945534357597,2.8407594930327,11.6482953745476,1.68339704380063,99.024491,98.92700335,80.6279701999999,48.913491,32.302811,34.4964802307692,162.271229921325,33.490573515625,99.0365771166492,-0.087662313548355,-0.0997912345617498,-0.116211820666269,"1399438"
"100%2034",-2.03050483372345,380.967272810301,1.47946240271663,3.72532957299168,-0.0841443578681191,0.0352757019875218,0.0762797187275786,24.8794516060606,366.775541385427,1.57821904357301,3.96354353969103,2.10737034393015,74.567137,73.16173365,69.93124925,65.051857,15.7884205,24.1150256769231,333.851339947033,23.360495171875,302.062208735578,-0.113711213130906,0.0156589821856038,0.0603209162618234,"1399507"
"100%2035",-1.5491236447756,522.593596971203,1.53902150109005,3.98332750740535,-0.0953797639928689,0.00402544820196379,-0.0300205480431512,28.8292493333333,509.787696925977,1.59129940002454,4.14029342861217,2.15032236698757,90.978427,88.26800045,84.84611645,72.0140205,18.1756535,27.8731081384615,457.292989591956,26.952242015625,409.31855550211,-0.115153827020614,-0.0107392784391655,-0.037068650756812,"1399542"
"100%2036",0.890632159350108,697.709633686004,1.21654769629879,3.2066152372232,-0.128078116598887,-0.199064937045628,0.162370440632647,37.3712535909091,693.241245266857,1.21088906452024,3.19336807949342,2.54455960902393,98.717283,98.6278287,98.54306985,85.2254395,23.0322985,36.4274685230769,645.118298412683,35.456340515625,593.897447379641,-0.133229389555344,-0.201012058822675,0.163912773224005,"1399560"
"100%2037",0.339756720828272,174.113280880667,2.37121402139281,9.31499042342944,0.124286772442521,-0.208031894010522,-0.04163282856549,33.5462038181818,170.647375484726,2.38560374071305,9.28897433511196,1.80994608616742,84.399646,81.7938727,78.9874506,47.321029,30.218543,32.7638431692308,132.874899511163,32.01967253125,98.9547238178992,0.11051375422096,-0.223717306246885,-0.0435794329644805,"1399576"
"100%2038",-4.17979873407814,152.124411892718,2.69997837419783,12.300640134054,-0.00527187330834174,-0.124833946105628,0.000263147655039938,28.9794374393939,148.813838156031,2.69308370010345,12.2297824943552,1.84257496465516,83.205837,78.35822475,73.06569165,35.6924845,27.498991,28.1451851384615,105.168806313644,27.40139159375,70.8521944972482,-0.0226692262927817,-0.141924033107364,-0.0122797759332793,"1399633"
"100%2039",-1.19904401876992,279.270425131648,2.85980842861995,11.091866038285,0.215895367332658,-0.112371696979793,-0.0871018727840638,33.2778061212121,275.136694348433,2.86481331592339,11.1477194739697,1.77527883709248,99.338668,99.2251858,89.10641005,43.5071855,29.2083255,32.2614851692308,211.197620258384,31.216132125,143.467988914556,0.207450705528805,-0.122790697597506,-0.0942787206359642,"1399661"
"100%2040",-1.74578193362738,421.179518516852,2.42394527523577,9.181348374364,-0.0730298125986874,-0.133114718166717,-0.122716984876226,16.9130976818182,407.220710848278,2.44671872644874,9.0128732868849,1.49720310214924,98.876568,98.6839808,53.8997118499999,47.957783,8.5656325,15.6521212153846,308.541576033976,14.356368734375,204.229196176739,-0.11401768939193,-0.167731708869681,-0.15601903851374,"1399791"
"100%2041",1.37654067868182,190.061247113809,2.48512904969311,9.37054185756655,0.283011118342919,-0.0652675226696727,-0.196453250189902,37.6417431212121,186.466552857495,2.49015312787984,9.36535996308106,2.13405657603474,92.021358,90.0784846,83.10209045,50.9280235,34.400632,36.8051336615385,143.140853446283,35.98908384375,102.091504449063,0.280225901201288,-0.0739502946696164,-0.194963961208468,"1399892"
"100%2042",1.224087200817,154.685515823213,2.59566541739612,14.4827808473388,0.0397138057608977,-0.330111578408372,-0.0113901824504677,33.642475030303,153.568464272484,2.60153591570575,14.5986861891968,1.7965200967256,98.251404,85.2880366999999,54.1796838499999,42.524221,32.385046,32.6484915076923,90.7228419778953,31.93506540625,59.0568942395539,0.0334088203463634,-0.334372246246768,-0.00987031891501399,"1399894"
"100%2043",1.32209190372933,167.303439389761,2.90292984142866,13.6867014801592,-0.0184231500392103,-0.16890057782005,-0.0412219384389902,39.2156263181818,163.468447173279,2.90676178843078,13.6614150779726,1.86836446383828,98.250884,94.70439755,81.0949462,43.192585,37.768495,38.3073915846154,111.540584497631,37.45602659375,66.1699535317778,-0.0387141354968418,-0.190346310855081,-0.0556676273808179,"1399895"
"100%2044",-2.81122290085926,259.458684461537,3.76930152829445,18.9440369449909,-0.0596126653399402,-0.121406919210546,-0.0296468525939074,11.957212469697,255.212829403333,3.83604000237824,19.4013817209135,1.94879446947051,99.02467,88.4999499499999,35.0760117999999,24.407121,6.4306535,10.6177131230769,140.718119651617,9.4893525,60.1589900499884,-0.0734266650394886,-0.134602090117734,-0.0341509928230369,"1399912"
"100%2045",-2.2869953721388,480.263685726614,1.93015599704711,5.43513462648764,-0.0880789512851914,-0.0354512949554077,-0.184015682738319,26.6284828636364,471.701536312382,1.9854415534237,5.58642653934718,1.90537642499078,96.33776,92.09692405,87.8071794,70.3248825,17.4613995,25.5560324461538,403.048589759624,24.552011125,343.82240110807,-0.105288606068037,-0.0484620941152046,-0.198033363669703,"1399920"
"100%2046",-3.1818453794553,59.8695030819735,1.34008130211354,4.04106055507743,-0.153374242779016,-0.0847224754793221,0.121782157220945,11.7421625151515,57.546548568728,1.62524507006536,4.72381992390363,1.87182274816454,35.990275,34.41285695,30.3397442,25.850545,8.949409,11.3691146307692,49.2470082983914,11.022327703125,42.1995165460337,-0.192208428337798,-0.1406328850877,0.0816624750205963,"1399925"
"100%2047",-0.0455656792330756,225.033432566669,1.40830791090514,5.13275092386634,-0.108837961211803,0.115074995864769,0.0638480078691493,41.9247696515151,222.748585062082,1.41102921724644,5.11163899106618,2.56286242389195,94.492905,89.11214975,76.1484319,65.504102,38.075289,41.1160291076923,183.00744273402,40.4113605,153.590673993383,-0.118010046627972,0.112841724762845,0.0634780264702565,"1399933"
"100%2048",0.880041212394133,171.421074038434,1.0869670439742,3.58763675451217,-0.168189943676688,-0.117256382704649,0.0832233257392891,54.962300469697,170.069737707547,1.10330610484924,3.62566220286079,2.42498865135857,97.8373,89.8407263499999,84.8706846,74.482813,48.796663,54.3026850923077,143.970093768906,53.8146820625,130.740074272448,-0.177077679102562,-0.123830050541862,0.0817363766186843,"1399960"
"100%2049",-3.67250095002905,60.4771103863478,2.63440611514762,9.55520719944444,0.518916803873236,0.173530955694854,0.269746524321848,6.14770136363636,51.7470171826461,3.06246885231767,11.1441499948438,1.0795019947318,34.043353,33.5492633,31.8054862,8.853164,3.972458,5.71853749230769,40.3871376613506,5.28783940625,28.9606320006148,0.448225889374824,0.052037556880385,0.179250505047929,"1399962"
"100%2050",-0.855586774192845,227.042169681584,2.57551498040077,11.3613908646198,-0.179071966394498,-0.10936309608671,-0.0866519169041554,15.1789066363636,225.884731917489,2.65900288353909,11.5369793547579,1.47228680542046,91.477037,63.5418290499998,47.5153926,37.2907515,8.321471,14.0050892461538,138.421962112407,13.466109484375,121.702358335947,-0.1898941742308,-0.114416466594726,-0.0896013264977764,"1401109"
"100%2051",-3.24722322015352,151.240626976547,0.410594695073526,2.00539386907621,0.591160684513097,0.312487262770899,0.112531350661031,26.6065231818182,152.284599900223,0.361613520064596,1.96340542809027,2.55140998333821,53.059772,52.3689546,49.25399825,44.5096625,26.0221005,26.1995501230769,143.696053242967,25.79646534375,135.380277018761,0.624571813859643,0.374209093378628,0.205619812244357,"1401360"
"100%2052",-4.21058472521106,300.9419796221,0.501082554645962,2.21948178070814,0.46492956512801,0.0304661652490028,0.0291640129527958,34.0350207424242,330.516929307421,0.287579099131702,1.83692402436314,2.76270211130471,68.578686,67.41590815,66.1300391,61.4820115,33.825269,33.5035797384615,316.961455457189,32.98348259375,304.331410602796,0.577386389056886,0.284933127426535,0.259178078392457,"1401361"
"100%2053",1.60626401996725,32.0705837017886,1.84663560747593,6.35636678265382,0.853686861506807,0.694909745435275,0.505463721828807,11.7982110909091,26.7831613632918,2.36770607879597,8.0479724165449,1.38933562791495,31.433881,29.04205975,27.48411375,16.0707385,10.609442,11.4961238615385,21.1722681858278,11.242092109375,17.3084963542608,0.839263152182073,0.665930139093772,0.455882439312862,"1401362"
"100%2054",-1.47993411739123,42.9812717823847,1.78777046240253,7.2267895873784,0.306236279679287,0.139751435058285,0.190173291689588,19.3080591212121,37.5825336267754,2.66000109900845,10.7213732440829,1.51881302864856,44.35993,43.2892006,42.0014137,22.0678035,18.0692975,18.9226457230769,28.3568562793027,18.55092684375,19.8185620175427,0.22124637892079,0.0475408426405923,0.122767193756764,"1401367"
"100%2055",0.653709158452626,16.1123325954084,1.44873341506757,5.45519289036529,0.306833704241433,0.0401427880835148,0.174843792159141,10.3055368484848,13.2356238430133,2.17629485989963,8.52250053587448,1.27069868797122,24.278849,23.9229493,22.5072702,13.9539595,9.5409655,10.0905628153846,10.3891357213264,9.877426125,7.59869479574514,0.176707322468004,-0.132196835437108,0.0388909923655585,"1401373"
"100%2056",0.498739270931277,37.5711344075288,2.88963430323622,12.1804348756034,0.425292705693407,0.248202730264948,0.111499111663028,9.63190709090909,31.7052881023499,3.3030160337817,15.2945162977249,1.26707475297846,39.809165,30.8052661999999,24.97443085,12.4876765,8.1311835,9.16764158461539,17.967259383409,8.90530765625,13.7747569631198,0.338094000503269,0.148985544678526,0.0121237430394831,"1401379"
"100%2057",1.40289335345025,211.264030702227,2.59273598405996,10.5945571571535,0.210608907321654,-0.0804832852788586,0.0183416829038728,35.0761673484848,209.924277198342,2.56316816348062,10.4311211424819,1.79628329710945,95.380591,92.73598735,78.24635875,43.5424305,31.9034375,34.1484069846154,156.345088140297,33.2552263125,106.932818794857,0.206474767069263,-0.0765102942163695,0.027355791336049,"1401398"
"100%2058",0.285929572781857,262.652045073272,2.19812366641458,9.70490932304489,-0.220762402311654,-0.123184038935647,-0.00370828551564563,34.0569268787879,261.986181565324,2.21193625973176,9.75051306795038,1.87540628905883,99.335071,99.06857945,82.5554639499999,49.858774,31.7347435,33.0526477384615,199.450683152946,32.023390921875,133.70807643537,-0.223397393036467,-0.125960201950894,-0.00406207130886715,"1401417"
"100%2059",1.61330654562182,258.629789993853,2.3754070184759,8.83358742250353,-0.000609180413978728,0.0441016545930223,-0.227088024115532,35.8785328939394,258.725142837272,2.35433602703334,8.71961435068618,2.05889096955275,95.676041,93.41049655,91.3525018,45.508945,31.326388,34.9585712307692,206.847785177767,34.06432096875,158.100352298274,0.00379885892625494,0.0510790090866752,-0.220472017792221,"1401748"
"100%2060",-2.04677149524589,144.453790872581,1.91795238151211,7.04062763170416,-0.00933564741686932,-0.0614428724417147,-0.23539205400087,13.5833457727273,140.46990372847,2.01563304479224,7.37124509518488,1.98911541391449,63.86731,55.6906616499999,38.4124896,29.448999,7.6725705,12.8097463230769,103.132876009491,12.2085259375,81.2490403149773,-0.0363005801323929,-0.0888354239311768,-0.258628428268394,"1401769"
"100%2061",1.79213933770888,56.0091467147017,-3.09342198026485,12.0949166245002,0.148842137268814,0.167670010664143,0.00740567853679114,94.0911462575758,55.8774103687076,-3.09492093446071,12.092201878258,1.38200455290313,99.093922,98.98178725,98.893154,98.6906725,96.1242615,94.0141804769231,56.346096564081,93.9375050625,56.844361576393,0.146880294135542,0.167505962874676,0.00861273336204812,"1401786"
"100%2062",-6.32397088369612,1.0467745177224,2.07541145698539,6.36022788816612,0.149519331052391,0.201636211377388,0.0940756758567766,1.19910316666667,1.06506297575781,2.17488281007876,6.63945358795345,0.304636097349238,4.922448,4.74482055,3.85913505,3.0282895,0.719082,1.14182093846154,0.864885817902704,1.08701853125,0.68318490945578,0.165043784619717,0.212799306349345,0.111084001582753,"1401798"
"100%2063",-6.26331211310286,0.847081848812793,2.68457266713013,10.8983041720973,-0.0681080461364039,-0.140533419232025,0.00862893644165965,1.26876481818182,0.8671348092733,2.68675381662227,10.7594660531815,0.304636097349238,5.794118,4.38922034999999,3.46387355,2.6417215,0.8790745,1.199144,0.5605694953964,1.161119109375,0.47534539380416,-0.0456415825933986,-0.115309315995644,0.0294111959703517,"1401799"
"100%2064",-6.77985307639778,0.96023046945503,3.14065173224618,15.9849457036123,0.0296664044876857,-0.104322034719563,-0.101839512674682,1.10400309090909,0.937728676324961,3.36743375421128,17.0137512635298,0.213839861362994,6.604318,4.40281154999998,3.2128991,2.3714125,0.725641,1.01938286153846,0.479556778908642,0.985039078125,0.410382648734291,0.00775187033772767,-0.133180476639145,-0.122908989093161,"1401804"
"100%2065",0.621780117797696,237.470703849916,-0.00565481596620795,1.99064710917774,0.586767750716627,0.419793994305993,0.182216047381048,67.5822074545455,229.696015025108,-0.007031958602516,1.9749418302813,2.67409272511156,97.957381,97.2611647,93.843182,83.807786,69.2940595,67.1148970923077,218.816787544433,66.64971925,208.170422226502,0.57158655271709,0.407520189386604,0.171762699820268,"1401807"
"100%2066",1.22774789116616,36.0351871399178,2.60210459569435,18.5800263486327,-0.0388759725600181,0.014137698362599,-0.0839957920615731,45.3772249393939,35.4105911227816,2.5835597033268,18.5163558510328,1.50474405027591,79.77528,63.9959508499999,55.41298555,50.6037885,44.9697825,44.8480240923077,17.4718360349986,44.681596515625,15.9444544848147,-0.058394312161575,-0.00144045581988047,-0.0970235616852608,"1401869"
"100%2067",0.972454814244222,243.709188374985,0.867031671517843,3.56504862562358,0.154988413484336,0.355989601442201,0.244640420060893,21.966874969697,215.689711706451,0.967759549432175,3.6733060115064,2.56797846536492,70.043169,60.7463652499999,55.53711775,41.765505,19.708699,21.2272396769231,182.90203078657,20.687971640625,166.857224044379,0.0608536535436907,0.298579317727309,0.181518182865767,"1401892"
"100%2068",-4.32112724728399,216.933587199889,0.821941472744129,3.46631537677913,0.0497452525962633,0.289895024315339,0.101514371538144,30.1180862121212,210.793330025035,0.881760085961053,3.52824656747002,2.51133051734488,77.73079,67.1978051999999,61.0951868,51.8341705,24.7885495,29.3855830769231,178.623288690156,28.88338596875,165.021151771209,0.0195990879165113,0.269853644819674,0.0815512615707908,"1401901"
"100%2069",-0.27971608696837,683.456169585557,1.52252904994618,3.91134885124192,-0.109540688361599,0.0357053231114436,-0.184854700598194,31.6415610757576,668.590803798179,1.53121457414002,3.88059366892682,2.35141982334775,99.042281,98.4579895,96.90976465,81.5052205,18.1768485,30.6046269230769,607.911475322599,29.549334046875,545.023293577951,-0.126327231720352,0.0217161114339063,-0.197438836503487,"1401924"
"100%2070",-0.371578880887997,682.142508647472,1.35468322068532,3.35825123830345,-0.132835897153426,-0.0958700812132816,0.0699378585418972,32.2977443030303,679.478815335549,1.36613667617588,3.37652570416135,2.30453373652203,99.104243,98.9836706,95.01720055,81.2792635,18.5943685,31.2699520153846,620.21277445958,30.21293959375,557.280707193669,-0.133415581796929,-0.095592811858449,0.0738816458126909,"1401929"
"100%2071",-1.2577523032504,206.181738871925,4.01133983871513,19.1730830681427,0.142904603385066,0.103506457146258,0.0711760964392611,18.4889594393939,208.659928189543,4.04317358662182,19.3831440012331,1.3682827640462,98.62846,82.2476767499999,62.7436329,17.873116,15.28468,17.2560440461538,111.544776716288,16.378368875,63.2172729585846,0.146864694478847,0.109854499465478,0.0809913297751632,"1401970"
"100%2072",-1.73596360725023,423.521799688189,1.1399974484348,3.22435963926895,0.275073870519245,0.311361500293438,0.185333479310583,23.0918181666667,416.576100593168,1.13811371366893,3.21076362069023,2.61330198204325,76.237131,75.3231738,72.89351135,57.558636,15.9280315,22.2741979692308,378.863779720379,21.452997265625,340.94943756434,0.262788909227203,0.300524615904415,0.175759296155325,"1401987"
"100%2073",-1.65292151642033,444.263982526855,2.20937391014964,7.57349379069131,0.201172975491537,-0.136308151870197,-0.15408048181458,18.2784921212121,422.195808901298,2.20066814282483,7.4571296098596,1.6860606998215,95.219123,91.89308665,80.66594125,43.8497085,8.234548,17.0947901076923,336.215198888725,15.954050203125,256.884871929666,0.163257051705628,-0.19442179720933,-0.210790067777841,"1405"
"100%2074",2.33173552785555,39.3948978672545,2.14940221974174,8.37545006387491,0.106286161654734,-0.150411075367287,-0.0609854301759353,49.3924428333333,39.1381885877828,2.16336360850156,8.41945024937971,1.66350928532865,75.89255,72.39166755,68.43030735,56.035592,47.007385,48.9847488769231,28.7701666678889,48.6484703125,21.8692877841957,0.10100713590866,-0.149241252497175,-0.0551114234466423,"1406993"
"100%2075",-0.221581697391226,56.0924307926097,0.505035934577748,3.12897265532244,0.410528747292468,0.282929440775508,0.118360914346608,72.4757840757576,54.1804005405683,0.380677611855386,2.70254046279004,2.1384098167712,92.723188,91.48501795,84.53610255,81.4739145,71.5695745,72.1642855538462,48.6098774401713,71.87281640625,43.8473796151462,0.464576795602538,0.340625840580366,0.226318300533715,"1407025"
"100%2076",-0.120989164214464,84.0979192946507,1.362858613393,4.57580882608492,-0.155385415745112,-0.0368374694696911,-0.107978967939969,62.4474653636364,84.0242985170341,1.30009080091531,4.37375192681071,2.04303452721703,89.982144,88.25309005,86.68361255,76.532362,59.432298,62.0238549230769,73.4735568795172,61.628570453125,64.4653434137234,-0.149011333063573,-0.0402391574525586,-0.075056560607734,"1407033"
"100%2077",-0.000513670977606492,39.7824945119661,0.808210488654235,4.17969447006273,0.0120565164228588,0.130319822406998,0.137563115183701,62.9943303939394,39.2126294951965,1.03542413289454,4.07269558232483,1.90759149969789,83.83673,80.3592118,78.465764,70.3503425,61.982751,62.6736780923077,33.0299194144468,62.42659959375,29.5779059160785,0.0197532239061339,0.180650769255202,0.175360476897251,"1407036"
"100%2078",-0.690577862367038,106.580361520641,0.311708293807241,2.38692258632788,-0.170042701257115,0.000618232268420068,0.097423659090034,57.6687871363636,107.51358760761,0.210798388400177,2.44948575467612,2.51699273301574,81.874563,80.17949365,78.38106665,71.7684225,57.3834775,57.2963905846154,100.01481614581,56.9531035,93.9175561879455,-0.141235553637547,0.0281136677023557,0.122625274486251,"1407037"
"100%2079",2.54909947446371,55.7718705598979,0.675048225488483,3.57838848874608,0.467759746465082,0.199244425704269,0.218723118678698,69.2086373333333,80.3840789595225,0.342865200826651,2.70446758591268,2.29838135394882,96.500705,88.5733127999999,83.89075545,79.267013,68.357572,68.7887593692308,69.985121784593,68.54632253125,67.2582239858198,0.635954768758506,0.459611010880263,0.473552940573579,"1407041"
"100%2080",1.741173612727,78.9831712537406,1.43099214434122,6.51390909768852,-0.121638540529741,0.0252602615527207,-0.155765482005792,55.1012114090909,78.4236074283057,1.50494731880485,6.89305372985305,2.17938762032383,94.130001,78.3033199999999,69.7699636,68.3298905,52.794011,54.5007684923077,55.8350325088652,54.262010796875,53.0021144784748,-0.124841180114831,0.0342039892283641,-0.148659113101487,"1407065"
"100%2081",-0.465931075766379,187.192352965486,2.0806072435287,6.99708973234367,0.241545693193142,-0.0263155344741554,0.154130124164636,15.7330283030303,183.418011633075,2.18417032762587,7.37431064935928,2.04282321145883,65.459579,63.7202778,57.2307492,30.8347055,9.610361,14.9680044461538,147.612568091712,14.22088371875,113.636704682576,0.230318942383542,-0.0371415240152238,0.153169788573109,"1407075"
"100%2082",-0.481731906781907,36.087408675128,1.05495925583651,4.04020885471065,0.128760270399602,-0.0696292588314272,-0.0235332276501296,64.6331651060606,33.7590271299297,1.03599628645267,3.64265074538917,1.86063086114217,83.994918,79.60472375,76.8699899,73.062429,62.375384,64.3352919846154,28.4223226104342,64.13364384375,26.2233931747819,0.122558623136427,-0.0688710868559672,-0.00700080538379165,"1407081"
"100%2083",1.42070973092807,50.7477610110707,0.291905630145257,3.83312707660738,0.211205255672214,-0.0275420484095251,-0.0612098243923329,65.6561947121212,50.702944416952,1.09474054646154,3.76815508272337,2.02074112357789,88.877236,84.84607055,81.7943218,76.586416,64.3561985,65.2989479230769,43.0597220090323,65.0274401875,38.9409608843464,0.26128098372896,0.0792044445585349,0.0998654879892956,"1407086"
"100%2084",-3.74677630596638,46.9514161643959,0.56632782673924,3.01281861089001,-0.302634220937164,0.0671792443732891,0.104260416065153,56.6886016060606,49.4831405531498,0.70239092180255,2.96777348007577,2.06004133460346,76.671474,75.82570375,70.1721816,66.3876655,56.150524,56.3811728,44.0065965660568,56.084467859375,38.9720012209679,-0.248970126498935,0.0227946686361833,0.0477601020920943,"1407088"
"100%2085",1.01640328838364,49.1165877322174,1.05867026107373,4.16339415581897,0.17988632331482,-0.0893806099650647,0.179108059353,64.0667351060606,47.3563066808012,1.04055772788309,3.98081953518678,2.0430025017635,85.768428,85.2451052,79.2356292,72.8612635,62.261306,63.7328629076923,40.7278026854647,63.401137078125,34.2114429122874,0.15493851582985,-0.0975722961247042,0.177639419484072,"1407089"
"100%2086",-9.1360472078161,459.646071959868,0.409332437476838,1.49999474584722,-0.530236397977789,-0.0384698094159384,0.180747972789195,28.6637256515152,478.917136496691,0.432689087056353,1.33089351375759,2.11388434886139,65.204552,63.3963794,61.38613175,58.035762,13.451962,28.1015590923077,465.427030583578,27.565290515625,454.006368824523,-0.467051203075458,0.00298464732919134,0.21523957374129,"1407101"
"100%2087",-3.64716549714754,964.163156006017,0.466679010516997,1.52155286428851,-0.396919139665458,-0.138879121527999,0.223865394218124,36.5263594090909,982.227287832584,0.44934358692405,1.44237231796687,2.3244871542865,95.233999,94.4963686,86.6928367,82.446544,13.2961755,35.6231649538461,943.498302093161,34.709477171875,903.976814473348,-0.372912129022906,-0.121958301255221,0.237431076619183,"1407103"
"100%2088",-6.57119202385857,1065.37948024444,0.547440811608597,1.5581723537479,-0.321374395355831,-0.183941961201614,0.184148588373268,37.4950881515152,1097.75610238096,0.533423269101587,1.48721130292501,2.29095202189473,98.843385,96.12923915,91.35891365,86.721396,12.4842165,36.5512682,1055.85211514426,35.643197765625,1018.7513300473,-0.286076974627385,-0.156445496056125,0.205268379732079,"1407105"
"100%2089",-7.34411817786523,1118.33501645663,0.449236539719302,1.4221528408502,-0.576214237813853,0.0679115403955519,0.169883732747903,39.2094843787879,1154.63693421955,0.475359727223882,1.41738068716638,2.43824263338281,96.202202,96.08903765,95.75370405,89.169997,13.972634,38.3326733384615,1121.65993773247,37.43118225,1086.36127239213,-0.529423356533757,0.0972681850471744,0.193431306664495,"1407110"
"100%2090",2.88220594614653,239.220283594735,3.12692029017953,14.2733953890658,-0.0393999935234136,0.20141302313198,0.0585236876139808,23.1667260454545,239.62755366631,3.13650918542631,14.3675190925446,2.09679955926231,95.171593,94.22961755,61.7495695499999,32.6153295,18.0681,22.0589588615385,162.322354586772,20.93921759375,83.3603084359371,-0.0362995636340584,0.204727350286037,0.0644474813212202,"1407128"
"100%2091",5.38249184354741,132.188649846808,-0.528350465326815,4.60879377274436,0.0663987336035061,-0.127323441322165,0.0427634231337035,92.6178218636364,203.78145803844,-2.1474797144192,6.72999388715107,1.1663182432703,100,100,99.97072385,99.8901625,99.4773595,92.387128796875,208.393391997433,92.387128796875,208.393391997433,0.381090529073924,0.275960760776462,0.32986062463588,"1407216"
"100%2092",5.72152089014626,205.157435762554,-0.642093367198568,3.89395411435311,0.302314034024228,0.0659124730836995,-0.229196690367428,90.1985776363636,265.654327286378,-1.53613166440471,3.87580754015539,1.41995658820443,100,99.92433285,99.87929215,99.774945,99.02786,90.0477865230769,268.240611587085,89.894102109375,270.896642707165,0.464729726040435,0.317540364791549,0.133551817053787,"1407217"
"100%2093",4.13139528183571,73.7595049843407,-2.8489012563649,10.54423414608,0.085779962917193,0.00961775151538216,0.0610690673844498,96.7052796818182,71.7100347990403,-3.09927591060545,11.2924568317271,0.550445259620114,100,100,99.99010575,99.8814655,99.3785105,96.602319671875,73.6011481861428,96.602319671875,73.6011481861428,0.151763973052247,0.0991613623258091,0.178296837943249,"1407233"
"100%2094",5.92095657623867,187.932296780981,-0.461341294472365,3.75801918801921,0.27225761648087,0.293941436939284,0.223118688712324,87.2279822575758,351.449892088173,-1.33552963933896,3.52472748930731,1.64891015449053,100,100,100,99.8726425,99.3311155,86.4039811129032,362.92094354855,86.4039811129032,362.92094354855,0.624019118117799,0.556139572588182,0.503001172937769,"1407242"
"100%2095",-1.79394168640155,197.980669685646,0.130073715912941,1.94453752586774,0.171891849297138,-0.0906556184374481,0.0491632362255019,41.0897841818182,192.448746628352,0.143693045552166,1.89373309171967,2.45888533748359,69.601003,67.6194897,63.3190858,58.7023425,39.41836,40.6511500461538,182.71110284846,40.246441125,174.919658624469,0.151114467404889,-0.115631488975833,0.0321499820341884,"1407273"
"100%2096",3.3916989505749,202.79396639292,0.727597232196467,3.97700835459836,-0.298807303834924,0.0176361133714072,0.0565849613186005,46.054196969697,201.090103477522,0.765036008035556,4.06146944370643,2.42484756915271,94.319517,89.5383263,67.9967336999999,63.760336,49.0533875,45.3116535846154,167.7933325811,44.6608381875,142.88365912972,-0.306596057365658,0.0124771322513992,0.0522147556366607,"1407277"
"100%2097",-0.00460422547673149,197.478751713742,0.0202953656777257,2.2224045421212,0.0221616168250961,0.0462703500596915,0.0263422269728345,41.9985915909091,192.296752262211,0.0274190936741214,2.16431641435736,2.37078218369008,76.231589,68.4242459499999,62.72237665,60.9642555,45.3136865,41.4719300923077,176.948589784277,41.1164869375,171.501322140179,0.00183051789244316,0.0324206262359167,0.0176840488071643,"1407282"
"100%2098",1.41153878290458,126.569515335344,0.809301538676927,4.49419524184662,0.104969910386691,0.156883954194472,0.0937661815110013,33.3690423484849,125.056618275242,0.81336706819676,4.46068073196123,2.33231599964441,74.582367,63.2893501999999,55.0829289,44.15147,34.6377085,32.7349912,100.44718956164,32.352592703125,92.5118172217436,0.0943236804750933,0.148375183879836,0.085371928622856,"1407295"
"100%2099",-0.71695585286385,110.444913832932,-0.02078140695122,1.68898350870708,0.0579674499062461,0.0651917083136937,-0.0880920976899181,44.3384048181818,109.423759837783,-0.0185036272748058,1.69712681399656,2.06219319605383,65.220239,64.0052239,62.2175913,55.489374,45.4273385,44.0171458307692,104.295518055264,43.71505459375,99.9932930184302,0.050384822692102,0.0588864898443208,-0.0929170340180885,"1407313"
"100%2100",-1.82818942194461,332.303582655488,1.73393860323797,4.72757027522191,0.114104940919315,0.275815730248419,-0.176957890985726,24.7888672575758,326.137464676228,1.7360016471713,4.73915288148585,2.19321278170389,77.781017,76.1837733,73.79561835,57.564565,15.949844,23.9736034153846,287.287725395424,23.171257859375,249.932300673583,0.100605251615321,0.265395946984337,-0.190790719075472,"1407379"
"100%2101",0.113102119751734,108.465991242265,0.674537227123991,2.38779542208268,0.357802839850321,0.161690126333107,-0.0547007212622992,57.9105418787879,105.879782880667,0.684591616615454,2.40736067044168,2.26679436194441,82.040694,81.9118406,80.83210545,73.6318905,55.251004,57.5393087692308,98.4129771896178,57.1595720625,90.5776821396882,0.345913186975549,0.147045606447967,-0.0672799534581763,"1407391"
"100%2102",-1.22148810893948,690.321108789013,0.471378540836243,1.52188682235483,0.222269795348284,-0.000512267135826772,0.0881891057796304,49.2473196666667,679.691319692578,0.472254918961155,1.53222125250953,2.50428315907023,95.251849,94.9331956,94.0883822,86.4434975,31.634628,48.5395576769231,657.086924974006,47.8173380625,633.449832031993,0.212458117140537,-0.00982311135928364,0.0857792474708796,"1407397"
"100%2103",-1.50865442046555,39.7390184845592,3.84659576952629,22.9113730124044,0.06591395800183,-0.034244717829135,-0.0754932788136646,15.6150448030303,40.0854639700534,3.78955221034019,22.4437731977108,1.55628025962718,54.582728,38.6801302499999,25.645866,21.3728285,13.3305905,15.0155419846154,16.9815238827761,14.7795786875,13.6277461503828,0.0690941782483235,-0.0290653575340409,-0.0665073821686701,"1407400"
"100%2104",1.73292992161006,221.739759607178,2.60346923489451,10.3566491400902,-0.105324440219814,-0.108599921892979,0.0419161131253993,17.9490569090909,220.601767947189,2.62331072655225,10.469367925927,2.21960626884571,83.170412,77.7273561999999,61.87986105,31.43822,14.4141115,16.9456514461538,157.545354778795,16.04173225,106.897456590811,-0.109446481045094,-0.11115394418658,0.0417623627999401,"1407404"
"100%2105",3.8144079943567,245.700229683319,2.91504564687938,11.1541873135228,-0.0222833152249006,0.109237059984639,-0.0430589675063955,37.3473698030303,239.748813885806,2.9670013550339,11.425732239371,1.70765957911848,97.677002,97.5573643,96.977341,43.9636055,34.039748,36.4192216153846,186.580959333178,35.464944703125,130.304399180096,-0.0432634369411263,0.0952213932643973,-0.0578327122050914,"1407418"
"100%2106",-2.73648216146356,76.4757930903111,2.52005356075935,10.8354505488782,-0.109265201292402,0.102463205302202,-0.1689103472136,28.7921613333333,76.6221067582442,2.55366690549197,10.9802000500978,1.66084026959031,68.189074,64.7289537,53.1624189,38.2878305,26.8428265,28.1860549846154,53.5548246075693,27.64418378125,35.3060326746803,-0.107319906721798,0.104880933325631,-0.163126874323422,"1407432"
"100%2107",-3.04071761353512,113.010859310292,2.06399194490083,10.1554626293084,-0.144675555804192,0.0711038618961497,-0.115469976060329,27.7167040757576,112.123726099508,2.09260196520866,10.2643381072126,1.47126635421141,69.48017,69.18274755,64.08928215,36.815832,26.4050675,27.0741892153846,86.6022336782328,26.41874534375,60.0309601033359,-0.154647623404197,0.0646752466913717,-0.118885285003642,"1407433"
"100%2108",-3.35640439073477,126.176113315561,2.21422544460706,9.96602113663235,-0.0938035840111211,-0.00554233802891013,-0.160425729526495,27.495109,126.306618040847,2.23128104988734,10.0327900920961,1.37932051196529,74.016261,72.7632365,59.3734536,34.5101685,26.384927,26.7793989692308,94.4419008024528,26.07144378125,63.3395198702135,-0.0923690770165952,0.000774310340117021,-0.154868405917228,"1407443"
"100%2109",4.47313878209462,178.230984213808,2.08637542568226,6.84948315932568,-0.143870056855358,0.0180408497336685,0.0223738996342795,37.5303597424242,175.581689258786,2.07085972582278,6.8161942777185,1.80114772534813,83.334533,81.8789022,73.4411885,52.8463395,34.638561,36.8256801538462,145.509106727746,36.133970453125,116.682636365704,-0.154706884242273,0.00948159502393266,0.0170180003086108,"1407457"
"100%2110",-0.193629743102142,257.849596363138,1.43574534392115,3.83755422886623,0.285905791540495,0.138987867129149,-0.0753225261221525,59.0580606060606,256.636032262466,1.42111068645095,3.7801054939489,2.18975710285363,98.171898,98.0461399,96.8282153,91.921402,55.3528925,58.4563092615385,236.6853699908,57.83877621875,215.596020066094,0.282931578881088,0.141898581820994,-0.0679442199614846,"1407485"
"100%2111",0.331201685612664,250.896842127056,1.36166060667322,4.08084942640304,-0.107586910256349,0.00157527601286744,0.317598911849006,54.375163969697,244.676389720074,1.37335060939436,4.08900908345303,2.5084259541185,96.819428,96.6482479,96.4851812,75.9103395,48.839194,53.7221752923077,220.298623824906,53.052895625,194.624997072523,-0.134955390714937,-0.0227976010316471,0.303327994250579,"1407493"
"100%2112",-1.74907446355515,117.128509170222,1.00293230422982,3.76104602891308,0.112354037631808,0.240153714003431,0.0787041060759725,54.921332469697,115.291287026521,0.98809713574771,3.69398852839718,2.3509515505187,88.984227,83.61623515,79.3081215,69.2774065,54.6666855,54.3972879384615,98.9399028672492,53.98590528125,89.4855189570123,0.10169167419104,0.235630831030909,0.0754406332354749,"1407495"
"100%2113",5.92045861858856,271.239752258807,0.934209893486422,2.63585925122307,0.242366741832011,0.148653603231979,0.196603416640344,59.9148989545455,263.839096216457,0.960515007995181,2.68756664719006,2.52979790198577,98.82455,97.3374852,95.18260615,86.267016,53.91369,59.3162889384615,244.248118445677,58.734719109375,226.079969999647,0.219555243579017,0.129060126484382,0.183974845655739,"1407500"
"100%2114",1.2092355061011,53.2180401685034,4.65072298126811,31.0795339064247,-0.0687356413100633,0.0240662172502776,-0.00404956770764366,49.7622041818182,53.0908520655267,4.67942496427567,31.3487807690192,1.59481224535935,98.823507,73.5814251999998,58.08587845,54.995724,47.4578945,49.0074149076923,16.3069824148557,48.83581928125,14.6478501791695,-0.0705333911070324,0.0291865878640756,0.00212045239100908,"1407505"
"100%2115",1.6170132271117,102.449475269157,0.154873808542362,3.1214955667382,0.49174705002921,0.38050032911385,0.433730509183387,33.3740796363636,68.4029005453415,0.346517887532966,4.28967465526899,2.24929452421381,61.273358,55.80097095,50.3266322,40.988696,33.652442,32.9448599692308,57.2961043662828,32.633774953125,51.9010533260467,0.270512964312929,0.138033416633422,0.229309470198674,"1407589"
"100%2116",-0.396101646766515,67.5677084090505,1.79484773468113,6.4044497133429,0.36776526513701,0.127215866361448,0.0754906783540795,21.4829427424242,57.3927351619302,2.145834550704,7.2598777988832,1.77147104412605,48.302198,47.28910995,44.5495437,30.7111785,19.6388025,21.0703388153846,47.0397282781052,20.66919409375,37.3151133322552,0.252683136675364,-0.0199607200649986,-0.069004992935221,"1407606"
"100%2117",1.10701034194355,279.139104322493,1.02717611638789,3.61119819528003,-0.110439560313301,0.0401174196280106,-0.132527974248042,33.5247378787879,277.678427073439,1.02772990842585,3.58628313534854,2.55058358061098,88.894948,78.6957843499999,69.31147775,55.4790345,28.204039,32.6728884923077,234.057675976288,32.039591015625,211.645557055195,-0.112879672507694,0.0393325830887805,-0.132033653674801,"1407672"
"100%2118",2.79760531771521,347.401930899409,2.51362775576647,8.5053215456169,-0.118882323493372,-0.177437451532418,-0.0833617303146639,18.728816030303,346.027295066206,2.50332719742574,8.42495158024312,1.13738578107508,98.662503,79.9715534499998,65.90646765,59.003083,10.964023,17.499067,251.540135196316,16.680189984375,211.884077972029,-0.122911687574128,-0.181670679321136,-0.0881442471879584,"1407704"
"100%2119",-1.02370924605145,185.781831486636,1.19045830763878,2.97915296461717,-0.11047444723,-0.19384304583218,0.0498678328755892,37.7202820909091,185.309039587113,1.20054319257634,2.9948562416429,2.31903892446856,70.920184,70.1644017,66.03493635,62.660366,31.8444725,37.2095143692308,170.941625964895,36.700953,156.801335562794,-0.113469339088854,-0.195703223200606,0.050596461727339,"1407808"
"100%2120",-0.401524488581339,395.826896227565,1.49387900696817,4.20151061643871,-0.232027883234882,-0.00244977869263037,-0.118390602988289,37.8436157575758,393.479043200316,1.50025138218549,4.2240740643306,2.34582435030973,89.284534,89.0542351,88.8014745,74.4514555,30.4093625,37.0522170153846,358.195976978506,36.24162309375,321.083726242381,-0.237297096529371,-0.00525600810151439,-0.119580391978802,"1407840"
"100%2121",0.710935696416525,29.1231411562206,-0.236405595705021,2.55818805468287,0.35039881979405,0.274217906207187,-0.0233361888028264,86.8803976212121,29.0384982836205,-0.335257286640229,2.7033314023093,1.85683217299314,96.580383,96.0285616,95.54296885,94.0043845,86.7537395,86.7311670769231,28.0154405580397,86.590538015625,27.1677071794565,0.322920094617459,0.307153335562621,-0.0135657851994945,"1407869"
"100%2122",2.42611549976178,654.610581856094,1.36865889714791,4.01354645216464,0.322874649896675,-0.0289473850022385,0.0300337713431146,40.3818482575758,698.71189759135,1.45864437136776,3.52961644421886,2.19164264928102,98.974447,98.74043595,98.24893935,97.4411235,27.562747,39.4804236615385,655.831935445941,38.5564548125,610.587611227709,0.346622759805901,0.138780299695561,0.151272368141301,"1407977"
"100%2123",0.689907658998468,141.888926172373,1.82829069041582,9.82271581666473,-0.0170071481077031,-0.0297921545139788,-0.121888940589712,35.5517084090909,139.90617674553,1.82761705054939,9.78980734417571,1.79628329710945,85.461734,83.110216,59.7937568499999,47.050645,33.1856345,34.7838618615385,103.14575030587,34.048546984375,69.6126846968343,-0.0273824673521092,-0.0415423211450292,-0.132345589428721,"1408256"
"100%2124",-0.111991774393297,211.581067209677,2.99600271206755,14.7903761429012,-0.156940794920804,-0.103262218253562,0.0277252345630487,19.4341508181818,210.022336353021,2.97141166838406,14.6075710049418,1.83280642410603,98.78493,66.3729614499997,47.15688465,39.210347,12.84324,18.2133696,114.893201564068,17.733572828125,101.725086588898,-0.170503980621352,-0.113525515013864,0.0225518713522647,"1408266"
"100%2125",-5.46034044052886,320.908522923752,3.04437119743059,13.7313693176955,-0.135094859833182,-0.118069557364739,-0.154624234307122,15.3175977272727,318.857507169715,3.25700643008992,14.7158964694759,1.74807711127804,98.71515,98.50974545,49.6639624999999,34.047632,8.2755885,14.0345584615385,215.114483290568,12.716361828125,105.528893409715,-0.144113880061265,-0.12304014263528,-0.154470662776816,"1408269"
"100%2126",0.290975249757892,81.4072930039942,3.13096592916378,20.1434738351303,0.00806463309204867,-0.0943362539472821,-0.119300056539185,26.4441763484848,81.6456796852801,3.15800732129576,20.1958007658154,1.88778311466907,80.282554,56.3078844499998,40.51629615,35.809357,25.0756325,25.6158936153846,37.6223161922222,25.33804121875,33.1920378522117,0.0109059381303515,-0.0885475327362686,-0.114075149384356,"1408285"
"100%2127",-5.4239822168225,5.71365580912168,6.41720556845805,47.8216872534945,-0.0492451785276356,-0.0243945597735107,-0.0479692775275761,2.2066896969697,5.52090988572497,6.5400002727938,49.1315717781493,0.345596207246175,19.930987,10.2287431499999,4.8347557,3.0701635,1.6639625,1.9340082,0.698403840774068,1.886032421875,0.559707507150713,-0.0630741113756489,-0.0393607759154794,-0.068249734690661,"1408299"
"100%2128",-2.4441825620411,333.670815127519,3.22399107264595,12.1599846752313,0.416802553025304,-0.0724717684984855,0.114261382985481,7.87255981818182,327.680204873712,3.23732489944046,12.2267192529984,0.876003599898014,82.676183,80.2391965,76.28168375,13.1588555,2.042552,6.72173484615385,245.311163122796,5.593528,166.408855345544,0.407671525266795,-0.0906671952718976,0.102648896481969,"1408307"
"100%2129",0.178615971398273,642.839747784015,1.43282492390562,3.6493755845156,0.0215886044769672,-0.123820951315677,2.59142194474803e-05,31.4719086666667,632.680989451091,1.44698646453171,3.65064366487276,2.30368364404486,99.317886,98.0383337,94.2050492,80.43685,18.4506925,30.4281244,570.508493842457,29.38248034375,508.353542054633,0.0083691846600307,-0.138379408191344,-0.0105947136193447,"1408334"
"100%2130",-4.0119210015847,45.1450776901928,7.70966383736005,61.5876840814203,-0.0199254862941068,-0.0274681807405804,-0.028658804033933,3.27803990909091,44.8879961951362,7.71914960017069,61.6838367114176,0.474583289341663,56.794989,23.6486822999997,5.5359782,4.190068,2.0667075,2.45470223076923,0.838175204071747,2.40242146875,0.673608616610124,-0.0189971572931057,-0.0265856914020603,-0.0278136936785327,"1410556"
"100%2131",-2.64305930323279,51.7075058554398,7.7558412537899,62.0832572258153,-0.0116106008231313,-0.0223299313202808,-0.0169356525726326,4.0239155,51.2886381997191,7.77026899515355,62.2323899253803,0.686405385803028,61.35614,25.4058821499997,5.77520815,4.4974375,2.8824855,3.14188127692308,0.730725707214354,3.096472375,0.608115352088703,-0.0199135372166472,-0.0208919740708669,-0.0152810668170305,"1417615"
"100%2132",-2.62556480473826,6.64375939395657,3.26195895371222,12.7279553462988,-0.0507793957773864,0.307291019803312,0.180463061155149,4.17710013636364,6.53812598582048,3.23134904699126,12.5939056350221,0.782480088042937,14.733291,14.6663566,13.5210703,5.7480145,3.2372405,4.0146972,4.89798143263942,3.848828171875,3.18619765060083,-0.0685480859998968,0.292449776330242,0.173605937697833,"1419037"
"100%2133",-2.46963339157995,0.810125982226995,3.00978604957419,14.7876753505178,0.188302791200792,0.375839464652504,-0.110060824039263,3.93652581818182,0.798503186497664,3.24528782011569,16.0747403990975,0.319269333818907,8.763827,7.73135919999999,5.9543439,4.578834,3.6455515,3.86225964615385,0.44676720659789,3.81049159375,0.279552412971304,0.179175144775976,0.370737181271956,-0.12077248937377,"1429533"
"100%2134",3.30403375424788,211.100506762367,1.20424874211398,3.07175045150598,0.207591405932354,0.187517678601936,-0.0032289061254406,31.0561334848485,208.290668500094,1.21096581045998,3.08354667727309,2.34929148566946,67.256189,66.71917525,65.19660335,55.758445,23.4050935,30.4992095538462,191.024298838248,29.937790734375,173.521632601931,0.196444478491674,0.181484288951544,-0.00497835967687572,"1430"
"100%2135",-3.20670817738102,11.5443180386005,7.31368642716228,57.388317093141,-0.0179640494509347,0.0415481327155547,-0.0418084722085169,4.108674,11.4958951341417,7.33581577158611,57.5784597774175,0.601740811434842,30.728314,14.9178017499999,6.1574908,5.154964,3.4952435,3.69914107692308,0.603418863743025,3.656870640625,0.496705947475074,-0.0144601049054198,0.043798723691924,-0.040381393321316,"1431388"
"100%2136",-4.54905001383973,0.616535563682736,1.27372158774053,3.67973424536617,0.162472466043103,0.0857416703187928,0.130483143262317,3.39691163636364,0.484890548536777,1.93117811703939,6.2064943232428,0.692687973442475,5.74462,5.65862825,5.4302955,4.1548285,3.099092,3.36079304615385,0.406249934252629,3.325612859375,0.332150629258683,-0.00930982643543132,-0.0643172427795248,0.00554155761505668,"1435846"
"100%2137",-3.26442651355801,0.49975773973334,2.52072563127542,8.30072435633739,-0.0833586555456308,-0.138155288846158,-0.00867071580424678,3.36028956060606,0.502179160812246,2.61650131221753,8.68748815044853,0.655481773901393,5.978522,5.80908845,5.67395075,3.876647,3.17827,3.32000906153846,0.402818766116612,3.28254271875,0.317870564610921,-0.0763630071768106,-0.133372202552918,-0.00260218302221378,"1435847"
"100%2138",-0.71401982854401,141.302017408974,0.275588361347582,2.25958330373914,-0.0906050417624178,-0.119761489689393,-0.0634608085907176,16.5975326515152,139.436917214872,0.283791142036708,2.28125162108974,1.67719593676202,48.705448,46.4165328,35.43994985,26.1140835,20.592061,16.1035647230769,125.477815811153,15.649182296875,114.018286382528,-0.100586660380341,-0.129944108124484,-0.0720019147433949,"1436707"
"100%2139",-6.70254318405437,376.894804660964,1.32754142146186,4.088274608857,0.0737000270214293,-0.0839569060744098,0.149057188903323,44.7649572121212,385.067966861129,1.29476600470958,3.74695269241466,2.53947036838555,97.118466,96.6021528,93.38667245,79.493788,36.3361715,43.9595186153846,348.175821442765,43.1413214375,310.102038229415,0.0887063232489859,-0.0670632995457836,0.164846436628792,"1442"
"100%2140",-2.5669186471044,18.7221350000701,2.30657060598318,8.06565034241481,0.253274781724915,0.251433015451918,0.203951866945992,6.75443257575758,16.2294429859727,2.629061022116,9.82334195524963,0.824602584924619,24.320753,22.84738565,15.612483,12.9305655,5.3548065,6.48418149230769,11.6587739492332,6.240902546875,7.99394034828522,0.140093472564174,0.144446194554722,0.108440183097646,"1444086"
"100%2141",-0.233820070052647,19.4822947909747,-0.165826109423677,1.3202410466174,-0.48069251329466,-0.0951216028422821,0.361714879957979,7.38595701515152,19.3184550934775,-0.171933336955474,1.30898130569302,1.30855934259118,14.328955,13.50170325,12.91936215,12.395656,8.85975,7.27914166153846,18.8626337902619,7.1888741875,18.6277283467312,-0.488200211520069,-0.0995126316849726,0.357350012552737,"1446239"
"100%2142",-2.99277262071389,52.981122731206,7.76798534264504,62.2141313986343,-0.0231019448062105,-0.021146090551476,-0.0244079127500564,4.46965998484849,52.4610540430046,7.79171426145759,62.4623317470353,0.601740811434842,62.506999,25.9644585499997,6.10551785,5.352553,3.3183835,3.57677784615385,0.650405284533576,3.53441959375,0.543943466568397,-0.024378380487309,-0.0222453811613924,-0.0255427993132112,"1446403"
"100%2143",-4.03273899241979,54.6414222886704,7.76614166354077,62.1838921768772,-0.0301298002138519,-0.0298987088731038,-0.0276614143366795,4.26745318181818,54.2866821456576,7.77773440540481,62.304156255752,0.821421567462589,63.268551,26.3723266999997,6.460346,4.600516,3.0838675,3.35974398461538,0.742086749663369,3.31059734375,0.596681355084038,-0.0288266018044443,-0.0286181941011004,-0.0266334283764016,"1446407"
"100%2144",0.435646359819828,281.863231213309,0.398448622287176,10.04965031812,0.459563076170541,0.315099872007019,0.103594810524484,19.6437001363636,498.56230457608,1.74268106486346,4.13883318357905,1.57623147764133,74.539666,73.08038155,70.8798236,68.3006435,9.929517,18.7991468153846,459.156653286789,17.96328015625,420.917226323959,0.758434206199879,0.768934299601336,0.667097532793451,"1456453"
"100%2145",-2.4068112833888,3.22697829254928,5.04122471368225,33.1328912142395,0.192350486020226,0.0710370425451088,0.0139513449358611,4.87390553030303,2.81276458929413,4.96181658917109,32.0943018950498,0.30619287598019,16.174348,11.60019855,7.8033361,5.478686,4.5544615,4.70005256923077,0.861197653810738,4.63072221875,0.562218529795421,0.0748259370612487,-0.049243220846498,-0.0571923610124597,"1456462"
"100%2146",-2.70802909732713,0.950825495254906,1.56117346379686,5.55909904491901,0.278411449389719,0.0919395099118699,0.125046854966627,4.62881259090909,0.862346756399484,1.98443797757577,7.32339386938677,0.228631873582861,8.121038,7.9018658,7.34961545,5.408224,4.433874,4.57508604615385,0.685101883226598,4.524949109375,0.532415292230222,0.210224934762403,-0.0159411441027748,0.027646666532756,"1456467"
"100%2147",-2.67255505504199,16.4047428989401,6.3858134580937,46.7441877565128,-0.0256484123577503,-0.0178533646130973,-0.0305629407972977,5.039663,16.3036970644458,6.41053532031843,47.0177988406124,0.383505481756644,35.130349,20.8225008999999,9.44883919999999,6.168705,4.235773,4.57672936923077,2.41022510431556,4.44326771875,1.29010408188217,-0.0324730069095618,-0.0226659966827192,-0.0291672963083634,"1456560"
"100%2148",-2.47546080372581,6.7922616233605,2.83808151206264,11.6459463985936,0.140274842092822,-0.0214845439756607,-0.0493523906250945,5.08323921212121,6.48392241746126,2.92024311533399,11.919078388146,0.56930867810557,16.177176,16.10926075,11.8683121,7.6045105,4.2656925,4.91256326153846,4.6610765829541,4.738186265625,2.75742901881554,0.105737309964789,-0.0678083087825568,-0.0953538706642516,"1456566"
"100%2149",-3.07848613282447,2.28316139860248,2.73237451779143,11.2493076728558,0.25402642295289,0.133782637847867,-0.116499688130738,4.25802540909091,2.26727145429697,2.89153268978511,12.1167595307072,0.381696166180883,11.804584,9.51452999999998,8.04088115,5.977862,3.7866475,4.14192450769231,1.41251087942637,4.077244828125,1.16265640023699,0.250923272003694,0.133786030913314,-0.118492298578685,"1456569"
"100%2150",-2.77231507096825,0.721469064786962,1.72709616879204,5.60042275434564,0.0649026851245808,0.149213096293376,0.0747838268353484,3.74378286363636,0.699402039679633,1.78195480209157,5.818536944551,0.603747961347484,6.490227,6.3991438,6.2399883,4.7822315,3.4908645,3.70152987692308,0.592331288570569,3.660145984375,0.490265738396484,0.0345806290777364,0.116506483173573,0.0403256523026062,"1457001"
"100%2151",-2.12699846143891,0.767549172825921,1.52162561875159,4.12227528916832,0.0923837074530017,-0.0112125020807326,-0.0781144411646277,4.38546786363636,0.800890936729239,1.50903270570177,4.0299215608833,0.304636097349238,7.049161,6.73541965,6.5430018,6.023501,3.929298,4.34448796923077,0.702375120553261,4.3097693125,0.634999698674621,0.131573957427133,0.031811298279187,-0.0326004917369238,"1457005"
"100%2152",-3.65714303935344,0.561357481371462,2.53252356611693,8.3411123159758,-0.0202636719533606,-0.0694010664944935,0.346218251170161,2.85037109090909,0.562748248034204,2.56659461106189,8.39382589499257,0.398307113805284,5.494033,5.43614205,5.352549,3.2916515,2.579124,2.80969936923077,0.462229443066171,2.769148265625,0.362566297877101,-0.0113931322182819,-0.0617230551216512,0.351706434749456,"1457019"
"100%2153",-2.21675693640061,2.31543579334471,1.86602468281455,6.12189154835229,0.3014598745071,0.145244554683042,0.177447029643327,4.90978154545455,2.1928621422521,2.05222431493999,6.92387146679885,0.470539777313146,10.407683,10.12010025,8.82449465,6.8057865,4.453932,4.82519844615385,1.75441463753954,4.744885171875,1.3625629346008,0.267653592680821,0.117453064223227,0.155412220734634,"1459320"
"100%2154",-2.50015924020566,2.09363521905324,4.22313255005625,26.1782442666288,0.0217558367666842,0.131923414693166,0.0578378394068929,4.56662275757576,2.04296422545603,4.50886835815554,28.3881714551699,0.262712791438547,13.905583,9.82534774999996,7.3365758,5.0750405,4.3189495,4.42294644615385,0.711964201698001,4.372862828125,0.560044670683674,-0.00266745348543509,0.116498065292068,0.0396558600852534,"1459336"
"100%2155",-3.23750449867942,4.26454384361589,3.53970436020307,16.3801855471995,-0.0527591397101344,0.0554399255960209,-0.0596204744090102,4.41858868181818,4.24452085527255,3.64422734799102,16.9755229097688,0.516364341764429,15.037499,13.9404134,10.1146457,5.91774,3.956054,4.25522083076923,2.54834356220365,4.113119984375,1.27563914487589,-0.063253423679549,0.0570262427149146,-0.0593156908484639,"1459339"
"100%2156",-0.35728525627278,21.171524334432,0.818175878860586,2.42002958701368,-0.0344991529561742,0.0606420510771888,-0.0973049557936943,8.44672668181818,20.7652350269559,0.826583519630405,2.41231919889696,1.48141670775948,19.339793,19.02287315,17.56021925,15.8560465,7.1998415,8.27914104615385,19.2310937926695,8.113936625,17.7575670832094,-0.0553192470779346,0.0471832471691224,-0.106808067771669,"1459774"
"100%2157",-3.08971390259363,3.76253294634921,1.98672315355517,6.45322017462072,0.511020718252415,0.415587793516616,0.225297991289259,4.57826454545455,3.32449503220022,2.17689756309024,7.1008830912902,0.568259867968571,10.989076,10.8379198,10.29429695,7.165419,3.854256,4.47963667692308,2.73362898384868,4.38156025,2.15110787805147,0.445423198184664,0.330241255946139,0.109445731699241,"1459779"
"100%2158",-3.42017971598613,2.63783926825248,2.05251456876503,8.27853828076883,0.585471084101737,0.3086871460696,0.253456022907201,5.08207848484849,1.97119280678701,2.43446710835999,9.38298770802419,0.470539777313146,11.3352,10.4628675,8.23924574999999,7.0499745,4.581764,4.98587661538462,1.39070207053768,4.90763796875,1.01454821162078,0.422489718886702,0.0548364856778801,-0.022555908565388,"1459801"
"100%2159",-3.39083721049249,2.28546052401141,1.48048145493889,4.83208400147997,0.363596339442393,0.175891512396314,0.226610466778672,4.91531407575758,1.76016108659425,1.88484863432063,5.99115571579761,0.369333121645653,9.304148,9.0989313,8.8306426,6.545955,4.4759415,4.84779355384615,1.48634510989988,4.783096109375,1.23749489637069,0.203201688819542,0.0102824797726841,0.0598156968492236,"1459814"
"100%2160",-3.05264540701319,3.93648506605257,1.70853261849904,5.04595256182157,0.329933999091998,0.162651738692526,0.00687970229650562,4.10657756060606,4.11628139954767,1.89427980323222,5.29551741478257,1.08253488576348,10.48245,10.17042725,9.41703735,7.7003735,3.334284,4.00848721538462,3.54457556120085,3.91483209375,3.02982623679896,0.358066913388526,0.192573315216316,0.0284732438651292,"1459824"
"100%2161",-3.27897234852887,0.483503077331542,5.34610018083161,36.491340495537,0.113799458206779,0.0347221615828679,0.0773300624752661,3.28400636363636,0.44529387261808,5.09670662316817,33.3535968659191,0.751689756378819,7.820393,6.05023759999998,4.4388391,3.531884,3.1473575,3.2142158,0.130676844584468,3.18479609375,0.0764599277517412,0.0431843207568997,0.00833516471525544,0.0547318828510576,"1462127"
"100%2162",-0.819703098712155,67.1491013993775,2.65630642147859,10.7358378143106,0.431419399371592,0.264050303797684,0.227474773016256,19.9000800909091,58.1586436262788,3.13222624301869,12.8922062783242,1.54838963014243,51.644724,51.3723376,50.15287385,22.575428,18.2100245,19.4117009538462,43.3114560095496,18.91460771875,27.9265880251054,0.347444594810936,0.162644256401529,0.127822997380735,"1466686"
"100%2163",-1.66807037689401,70.8292148617359,0.297308541545071,2.04587915320793,0.72923659741483,0.719225891513331,0.673549588261787,30.9885365151515,30.8507137141595,0.223321049083205,2.35900046094692,1.89161108258989,44.142105,43.14581035,41.5914627,38.3677675,30.178911,30.7861739230769,28.622599246697,30.601436890625,26.8515222345823,0.455485461285273,0.482494477125709,0.427099576080565,"1466696"
"100%2164",0.778327919398549,224.34926136362,2.01826758605916,8.25830309012118,0.362819813322337,0.210464316549276,0.195801105582946,37.9687642424242,183.131345863397,2.42927903802473,9.87273644062911,2.32060279033618,98.608835,87.4188080999999,77.59785785,45.2049115,34.500321,37.0358400769231,128.505816278353,36.3427530625,99.2896950361794,0.228160370613386,0.05565766459989,0.0440386739993371,"1471122"
"100%2165",-0.230189563748785,122.933142499754,2.17386931642503,7.24507071263852,0.173750639138368,0.0897826290286389,0.240976099682831,20.0207026363636,120.529952549515,2.44746880605484,8.2576237913791,1.64714040876674,65.386736,57.4400641499999,49.73764515,38.597701,16.8231535,19.3227636615385,90.2344178815337,18.794039859375,73.4736548276105,0.159723363825443,0.0791575729395596,0.228366622133253,"1471140"
"100%2166",-1.49483332513607,665.462912174061,1.59791100092295,4.08584263886696,0.129532720831794,-0.167223522378132,0.0168483334806319,30.9526485151515,660.420968475227,1.62007391090768,4.13981051055126,2.20110302649451,98.546813,98.4789335,96.18764445,76.2748305,19.2946305,29.9127382923077,599.208015143197,28.84196259375,534.044201599399,0.12737222409282,-0.168153779199824,0.020856281382493,"1471150"
"100%2167",-0.348955133146394,550.70923885355,1.38490058298353,3.67568047384322,-0.00672114695312489,-0.0970322389051454,-0.143232248567631,31.8570413484849,539.836247075663,1.3992470067253,3.65374322051348,2.30280300014125,97.105391,90.5382797999999,84.04916585,78.295207,20.1067545,30.8532205846154,481.636115793215,29.975893671875,439.131016834276,-0.0297491461496752,-0.116313630966406,-0.160366180635044,"1471160"
"100%2168",-3.08172201234206,65.149289513454,1.5965711665447,5.18795767623275,0.0442143833740348,-0.167652588156341,0.0427955711576842,10.8344270909091,61.7613297118304,1.72783234946598,5.39038375605123,1.70009846083344,41.060168,32.8974777499999,28.23543345,24.9034155,7.518213,10.3694156923077,48.4399543603602,10.086091203125,43.9790988461496,-0.00600559556491048,-0.222812879553071,0.0143739465685443,"1471179"
"100%2169",1.66563720732309,372.618789059112,-0.154402990083012,1.48518323043093,0.10520342486504,-0.0982876014725622,-0.151826625231593,77.2575895606061,368.640826372588,-0.152887326543589,1.48766999630104,2.28430679777338,99.911008,99.8589209,99.72252745,99.1925385,77.9157325,76.9090754307692,366.295725187466,76.550922328125,363.681308972831,0.0972295384464377,-0.104056729804528,-0.152162859853807,"1471231"
"100%2170",-0.881342367827021,385.165000922119,1.49800188270285,5.01012299235546,-0.0784366424246699,-0.00605275003657664,-0.0253384173793689,50.164231030303,383.461690835209,1.50499567918618,5.01384728495457,2.20510108089919,99.211997,99.2087197,99.12067695,96.6607705,46.8324885,49.4096500153846,351.781195930473,48.631567125,317.925933136784,-0.0825062118009817,-0.00884970055037272,-0.0258976445312659,"1471324"
"100%2171",-0.592010588030215,91.9336955350284,3.25769883299316,17.558801915456,0.405262746230774,0.184037808868493,0.0988441632807946,16.552818,86.4218506004767,3.34233608630783,16.0956433931362,1.69701223813558,67.759016,50.6975273999998,39.5630492,23.596528,14.4965755,15.7650303384615,46.7911971544241,15.36275625,37.0037208638705,0.378311294355631,0.154687561116747,0.084141250572935,"1471383"
"100%2172",-0.622081376573227,85.9078034244055,2.21665248402844,8.26484038986176,0.247002135610944,0.00249710632265952,-0.0696286768311682,21.2316652121212,77.5547728778409,2.69117941527057,9.73354680598224,1.64689983730235,56.342306,55.6851066,46.7488255,25.327471,18.578648,20.6915015076923,59.4906526093722,20.15025575,41.3786409920988,0.174790715563969,-0.0934687836368412,-0.140314255247979,"1471386"
"100%2173",-1.82947026409064,40.8200390314806,3.23052005247986,19.0711471561234,0.0384114154890276,-0.229152279740693,0.0874706487646739,16.6504700454545,40.4391158952652,3.25133727722663,19.1343521958599,1.58099297692808,52.979092,44.1477837999999,24.47280615,19.5234915,16.1705515,16.0915681692308,20.4447498615416,15.727491671875,12.1483388428832,0.0317885032552046,-0.235140567232476,0.0873599394324591,"1471402"
"100%2174",0.0443230400401464,235.238435404536,2.41033226537813,11.3518096671162,-0.0902114857475272,0.0160912898540002,-0.0613307702819358,32.8588864545455,234.552808677376,2.38562808993755,11.2235084570786,1.88004478406355,99.210098,97.4406667,74.7241977999999,48.548352,31.6695765,31.8380985846154,169.388793650099,30.8279455,105.708892017613,-0.0941748455764738,0.0157516301990334,-0.0604096985835978,"1471764"
"100%2175",-2.69398897374795,189.003867378138,1.95712539872907,10.1138991197447,0.0348880636921014,0.0361529075948912,0.0941764666538085,44.236625,188.525890327155,2.58441431163899,9.58307238233211,2.11180442224309,97.768017,95.45708435,90.1577978,51.7604845,40.921255,43.4130651230769,146.661731161962,42.619320265625,108.001312293828,0.00383377429987728,0.0794704270908305,0.0594617449895646,"1471782"
"100%2176",-4.37024097447749,111.968282734345,2.18431384716399,8.13192472730264,-0.0354726259870825,-0.170389134358607,-0.148608459814081,10.4147017121212,108.019228251667,2.34129378821792,8.40535266353013,1.54174571632185,56.287618,46.5497463499999,34.4764667,27.962674,6.0861575,9.70896453846154,76.8087752856419,9.21525653125,62.1653186344688,-0.0657072267784081,-0.202796906687695,-0.17844042210958,"1471803"
"100%2177",-3.45135413445319,214.761568865225,1.96095904883363,6.99404394755192,-0.00306524256944018,-0.112066996665416,-0.073642463058038,14.8971879393939,208.968203535902,2.07250543181669,7.27138455327533,1.68836817415559,74.581098,67.5466328999999,41.2519170999999,37.3114545,8.3590725,13.9789739384615,156.537380175369,13.20116346875,119.658983499071,-0.0280525707630113,-0.136409453221574,-0.102840788227657,"1471824"
"100%2178",-4.5415532247372,269.71667518441,2.30709207076565,8.44880230328285,-0.029245828778125,-0.0162843876769231,-0.145433165142566,14.8172365909091,255.832293720475,2.38947094690695,8.26505756563097,1.54490318089502,78.455428,76.6598108,51.2343967499999,42.6520005,8.8618385,13.8381874923077,196.504724089162,12.871706984375,138.859613209156,-0.0813995774371705,-0.0637315554820421,-0.191443305758245,"1471862"
"100%2179",5.45863739255916,124.483077750449,1.65360149823944,7.41368947608914,0.285193424032684,-0.123442212515439,-0.262666922740714,51.7462381818182,131.742141428108,0.80168533649344,4.52234483930827,2.5198661408586,91.56798,87.7265034,73.829699,63.472816,50.742667,51.133596,108.99713436969,50.5941519375,91.7852213173941,0.368405615356419,0.10685194561211,0.0408402528818433,"1471893"
"100%2180",2.56605507427822,140.995427269245,1.5889399274119,6.47667360260011,0.171918311427774,-0.0961035673351093,-0.123188435822302,39.7035973787879,155.227729261262,0.937355851092409,4.94852978374218,2.48310879912042,84.248725,76.8598298499999,71.75305855,52.038719,39.424892,39.0182877230769,126.61899277507,38.4891798125,110.400327769901,0.247413282261909,0.0190709582727032,0.00361558525926627,"1471895"
"100%2181",3.01316800397539,114.34848594333,0.998360118426736,4.68486462903825,0.335769472438595,0.0462070374671493,-0.116617107426186,32.4592477272727,124.196497121974,1.0061742036205,3.85104364221429,2.39818323112142,71.933872,62.1917012499999,55.46244925,46.9791545,29.936841,31.8519458153846,101.765382058237,31.459852515625,93.3625510313317,0.395224185007517,0.148251991491875,0.0229132137970188,"1471899"
"100%2182",2.83448398530825,58.9847679573659,1.99098393347071,10.9586464589467,0.224483849629473,-0.0120757008341878,-0.130240021692051,42.6092218333333,75.0956578221294,1.37397078897621,8.40685690937812,2.1566236061991,83.401684,66.1661533499998,56.24834745,50.6528875,43.6676305,41.9816454923077,50.2567394229788,41.74877303125,47.5170780737235,0.355115007513978,0.154804975716428,0.0480553880491885,"1471906"
"100%2183",1.31335980844259,89.8619748087832,1.15381160613331,4.79230260053392,0.183466601982693,0.0870493382684656,0.031202085649939,44.8143928030303,139.070424731851,-0.16257907315903,3.30255618948155,2.45113983333656,80.509512,71.6808635999999,62.99908605,56.01128,48.35155,44.2652371230769,121.306220313271,43.911147453125,115.051962871833,0.542104254008764,0.472310939665767,0.420891603330069,"1471907"
"100%2184",2.60357855805785,93.2285671184133,1.57269203715344,6.3577742047857,0.144843353050836,-0.0203334863718588,0.0245440017185243,34.5923941060606,93.8669911975938,1.55436114158799,6.20438652464401,2.26117589975544,70.893607,68.6465895,57.5484699,45.329687,32.0646605,34.0339139076923,74.7256900444933,33.511996046875,58.1873924778311,0.154099697845026,-0.0046254017524234,0.0454406707732135,"1471909"
"100%2185",1.12180165464681,131.248512062575,1.24892195013996,5.12224947076483,0.161661084484578,0.0099543061853272,-0.0704755620169811,51.2652205757576,103.642410258556,1.31995781728951,5.56130325074608,2.24095588466046,84.149217,84.1435698,82.5938397,59.586962,50.4371925,50.7593129384615,88.3447014046044,50.2377314375,72.0420153246074,0.261253926313145,0.132942470057917,0.115730825105876,"1471919"
"100%2186",2.93822301458075,129.088315529434,2.040386009399,10.6698546673581,0.24781598410517,0.056623571082596,-0.129631275171808,45.9451191060606,127.671568718203,1.31484447343232,7.25110633584499,2.46681333966184,95.992136,78.6758915999999,68.3666157,57.098834,45.292692,45.175165,90.5090112194707,44.797405703125,82.6475789053678,0.313631117895552,0.158476322669769,0.0255712826692746,"1471920"
"100%2187",3.07225069352537,212.978765553555,1.60696035331244,6.2165591696805,0.22748585313314,0.0252689239097084,-0.0671473698555658,32.3195166060606,190.681738119248,1.80188657633162,7.48747409017311,2.50923463077033,89.045638,80.9880917499999,72.61123945,44.9221555,29.56591,31.4468070461538,143.348252908208,30.740516328125,113.163041765608,0.194034562840224,0.0113973710271251,-0.055157080545279,"1471934"
"100%2188",0.792796361158534,190.568928719157,2.13804341073941,9.28156120109945,0.223151770111574,-0.0750221045894824,-0.189116099979318,26.3679481515152,182.245400937286,2.51092436390802,11.595385270318,2.31150852358782,91.779395,81.7999534499999,46.5444211499999,38.072995,21.430421,25.3616182,118.210978229433,24.563730859375,78.6774512228418,0.262371910931671,0.0175724201732432,-0.0685272118189801,"1471939"
"100%2189",3.04059993032116,147.695528159695,2.24832181969141,11.0668752674679,0.331931884136817,0.166734754295471,-0.0479351320257284,41.2842867575758,130.675174066009,1.03223213398564,6.0456576256746,2.45976424768775,83.990777,81.088995,61.4454586,50.741554,41.2761045,40.6272638307692,104.194739020271,40.0194633125,81.8103862669203,0.383754891071896,0.279255494963058,0.154159304357508,"1471962"
"100%2190",1.13004127254711,123.500447073184,1.86636711075976,9.4279362078856,0.261132405449484,-0.0494715634277107,-0.209253821375458,36.9654881363636,144.54769086186,1.73405237306135,9.81965406229761,2.44421749177051,95.823099,72.8122143499998,60.16380825,48.3473465,37.6227485,36.0599864307692,92.6559011274349,35.6793340625,84.6853949270678,0.401650936499301,0.191330987576836,0.112776987845395,"1471982"
"100%2191",1.07036939331692,136.607664698925,2.62450597777498,15.2652883122228,0.223799802288777,-0.0560205467274397,-0.0508771416761827,31.9463377424242,132.117478707436,1.88826016396162,9.3026969301964,2.2833754420695,87.819931,65.6005006499998,50.8339903,44.225788,27.925255,31.086744,85.3825627699503,30.734408875,78.647562693161,0.261995276799194,-0.0178297911120917,-0.0247175409290563,"1471998"
"100%2192",2.24135751102353,150.322336627567,1.32991711570436,5.05779496895523,0.372115768974398,-0.0639567882921122,-0.287863827115842,30.111200469697,149.271709639711,1.1652073327377,6.37451357593681,2.50991421935758,82.377917,64.6340590499998,49.57079595,44.650484,29.1254535,29.3070971384615,108.893774438263,28.904400625,100.054548336846,0.426597321908519,0.125381220827805,0.00418991782613716,"1472009"
"100%2193",4.50769769005227,145.407325538607,2.59571784263024,11.2379572958466,0.0793603278507609,-0.0995863342307476,-0.188514657912448,21.6669367575758,148.741721328211,2.50696693749295,10.9585809421487,2.25064747538621,77.16452,73.02256595,42.9154516499999,34.92732,18.0614365,20.8131277846154,102.916731190187,20.032203484375,64.8850255391477,0.102469006633141,-0.0670554031680054,-0.152035240028249,"1472026"
"100%2194",2.50792186918012,85.4530927355704,1.2992101890447,6.01051116813447,0.335798133728032,0.0743816583315866,-0.0601788696185737,38.4667340757576,86.537813764087,0.637053695197669,4.11994978371226,2.35656827900822,72.664271,62.1326479499999,54.00273985,48.221692,38.3265495,37.9406181230769,69.6004970311783,37.6512250625,65.2443624691353,0.464861088662094,0.321931437147815,0.197391529551261,"1472027"
"100%2195",-0.0975046109027521,39.6637031398593,7.55258846546031,59.8683950376771,-0.0280426211470809,-0.0149202185985793,-0.0308749354027324,6.48924463636364,39.1277258300362,7.55488817798496,59.8776739138753,0.624752421364452,56.081966,27.6770810499997,8.43086499999999,6.488258,5.70709,5.72627969230769,1.31006745615883,5.622281828125,0.627526136114799,-0.0419872547401531,-0.0288383442921738,-0.036427059432185,"1472032"
"100%2196",3.64992194976974,83.1625911374054,0.374926617794918,3.21565916809674,0.368675013317041,0.0666223925794443,-0.125412519473635,35.7074534393939,94.6008304008461,0.38506220878856,3.07532531856978,2.43917042504588,64.105494,60.42098135,53.6073175,47.9943655,35.3118775,35.2705605076923,83.4584491627525,34.9085846875,76.2457652946674,0.582621311404012,0.360937496320616,0.238856123789958,"1472034"
"100%2197",0.738955758366659,105.367940747652,1.52193957894683,7.23374551123501,0.133921841392955,-0.0689684887291233,-0.160088567384515,26.333068,102.997758718634,0.897645353218915,3.90098108727448,2.34448991950622,62.882575,53.9154785499999,44.9391805,38.7627675,24.893483,25.7707678923077,83.7143664886857,25.406451109375,76.3951667738537,0.278835010406614,0.112344216970387,0.0187253520096646,"1472047"
"100%2198",2.08039815972759,102.6922745012,0.83260532993363,4.52472056540597,0.279111487624876,0.0710150787209325,-0.0306403803881275,30.6988825757576,98.8111067958652,1.05942966316264,5.65819550693131,2.33515318161615,72.215263,57.0801208999999,46.4331488,40.632823,30.0658075,30.0601690307692,73.4062481612435,29.76532121875,68.9024306923487,0.268223681922876,0.0803610811667402,-0.0299054362180247,"1472054"
"100%2199",0.603988680356427,106.527636166319,1.04166613453569,4.10647224476328,0.269629889127574,0.177802926485092,-0.0273307844400915,33.6259798333333,102.194030192847,0.997775578741208,3.91310450972004,2.33741200980515,66.817918,64.73081545,55.10629505,44.4511935,30.301309,33.1153346307692,86.5561835304532,32.6389025,73.1544315082114,0.300103563571576,0.241847464053828,0.0487004607718425,"1472087"
"100%2200",-0.53978056638673,88.5300646382438,0.945111234852264,4.07590553728305,0.487096076981437,0.340262687690536,0.162445982968469,31.7690104848485,81.6611625569869,0.885412066819852,4.24578562384575,2.26071455058006,62.669258,59.86328405,48.8064938,41.818137,29.881368,31.2936220615385,68.0018740356522,30.870829046875,57.4453976563251,0.503829404260105,0.335427463937675,0.196241543410788,"1472093"
"100%2201",0.144328971628974,169.91006283885,2.70898989192379,13.4472636976051,0.0892693563996389,-0.0455592011540897,-0.116980423686438,29.2428192272727,173.823196193356,1.94147158680779,8.75770193068665,2.4458232114427,87.053603,80.4462698,50.1159891999999,42.5520445,26.7878895,28.3534225538462,124.289653993366,27.595062359375,88.8495178407211,0.1655302794028,0.0378962870337241,-0.0479764426083167,"1472098"
"100%2202",1.48241288629703,132.311582127044,1.67663551870571,7.68920396197165,0.380998449117124,0.210512906696135,0.0241451169069839,31.4058733030303,115.986716219136,1.23170592783893,5.34499405397854,2.34550991191625,69.874249,68.87256195,51.9176043,42.6555265,29.018184,30.8140521384615,94.6544760430108,30.227815578125,73.7946874272938,0.370567596737212,0.173869084075043,0.0245430011805483,"1472103"
"100%2203",0.635938695100236,71.2177845940326,0.557499940009078,2.430432268038,0.529174177835177,0.303030977387756,0.141920264909073,28.0866452424242,66.6712321327549,0.630369809698867,2.61311625473628,2.22451415304179,50.143338,46.9673704,44.91399045,40.0838615,27.298289,27.7473115076923,60.0972160835457,27.47371896875,56.1707980561327,0.528285160331163,0.289951686776919,0.124490995198334,"1472119"
"100%2204",1.90725354135786,165.246721840365,1.05084407178386,4.26151701283395,0.364703418979308,0.0767222676550376,-0.13507835800888,41.9726846666667,164.876570660493,0.970675793854906,4.38703126179551,2.54733915554172,80.369113,79.7760387,73.815971,54.036796,40.294559,41.3819703846154,144.382871326761,40.787052875,123.633608880188,0.462095881545502,0.228126539511506,0.0710348756543289,"1472125"
"100%2205",2.12504419118582,149.924830959654,1.47198066591481,5.98496321680588,0.435676360115054,0.236234034430631,0.150563279745982,28.0273366969697,101.075807049294,1.53297302233567,6.06560854546367,2.31279980486652,67.730402,62.52880625,49.65577625,39.247377,24.901295,27.4165203076923,78.006439812386,26.911654265625,62.6574586063285,0.30286851331367,0.155426319365809,0.105654000629241,"1472134"
"100%2206",1.71683265180439,93.056657553468,0.661785018674833,3.86555319125538,0.420123510036618,0.370064781740239,0.177301252525143,34.8126423787879,70.3631222515638,0.630227582536311,4.65749431819803,2.19290353326463,67.042265,57.0686467999999,47.24779575,43.0556715,35.916805,34.3168020307692,55.21902687693,34.045217109375,51.2875301525159,0.370140877546083,0.301751082466344,0.165166409348218,"1472136"
"100%2207",2.06379425928716,115.981112844996,1.87638129882582,7.86045940091898,0.295977453236649,0.226934463662236,-0.019195135578217,38.0500336515152,127.847750110078,1.70686704883984,6.83982096991497,2.32127038478214,80.314425,79.85399945,67.6203175,49.5056135,35.765197,37.3998122461538,101.910638757968,36.74033934375,75.2341994032395,0.374779954272404,0.312163488484256,0.078943511782935,"1472137"
"100%2208",-0.0335911338891807,101.557275088014,1.06443239722147,5.21362891708947,0.466635029046426,0.184562558394687,0.112297110802659,31.2284178181818,105.182805737787,0.957842401816658,5.78327648396868,2.37720758883142,73.32734,58.6280579999999,49.5703525,42.348943,29.905654,30.5807420923077,79.115068920624,30.266174625,73.9193169257644,0.510812114950895,0.194115680665684,0.134658966912081,"1472143"
"100%2209",2.53526287122524,139.513174382585,1.4510271406202,5.84230552391526,0.247362470081603,0.0630318006487465,0.13700727174516,29.5981819393939,123.281289500555,1.60835917133846,6.83326183005406,2.37934835863023,76.511318,65.5774736499999,56.2970408,41.446693,27.612214,28.8764413846154,90.7979024484449,28.394979234375,77.1492425367857,0.218615815672203,0.0151320505358783,0.164499799061232,"1472149"
"100%2210",1.01107445223128,94.2632711714815,0.793861051633608,4.19053088888719,0.34231242578286,0.102798256694907,-0.0888399354773158,28.4865998484848,99.2400620012674,0.87886173966197,4.06423185303742,2.24474109179044,65.411309,51.5555261499999,43.9716646,42.046402,26.4517105,27.9185274,79.4682159418826,27.665774390625,76.5574413723468,0.420110702870869,0.304488702311907,0.180405757751967,"1472166"
"100%2211",5.42000680039875,131.796652240585,1.60600714507101,6.37623945615467,0.312675257178658,0.0822777418350537,-0.085420489829473,36.1738032878788,146.4995190759,1.40792072029885,5.76941005736921,2.50871913706049,81.439297,77.75618575,61.822203,48.69608,33.3764725,35.4774110769231,116.745858473248,34.8477929375,92.802777415005,0.427021040258918,0.230374749626182,0.0872315243890913,"1472169"
"100%2212",3.44257181897527,97.2893085750868,0.178269551044391,2.99637745843648,0.460069638234421,0.116115231899678,-0.0628926379040614,39.7477909393939,91.0367612264486,0.450550989246731,4.38191165327678,2.28649305475352,73.744862,66.3533915499999,55.21315535,49.9991035,40.31388,39.2247590769231,74.3822130592358,38.863062046875,67.0408269378224,0.516588666584763,0.231528345348305,0.0943151653437595,"1472178"
"100%2213",2.46113668868778,80.6795445655221,1.37486047199498,7.12589956063592,0.34570781665131,0.160594083656237,-0.0338643328390419,33.0416976666667,94.9522023205404,1.09760338970952,5.48445927006277,2.32956527085361,73.320194,56.9582028999999,47.8843168,45.384434,30.8319915,32.4220284923077,71.0696729802158,32.17631175,68.2556499862618,0.49823631655735,0.337849058031541,0.170169015366527,"1472179"
"100%2214",-4.46664559949465,0.401769511232795,2.97236135829104,11.5120283211419,-0.0519930772312034,-0.0279977997023546,-0.0848366584761961,2.86700357575758,0.390513908860547,3.1351102669677,12.3975253710447,0.33819898090787,5.529052,5.484163,4.85136975,3.1913945,2.661836,2.82604898461538,0.285821431799523,2.784893625,0.180192756041734,-0.0909260005076052,-0.0761657703908602,-0.132747111914268,"1473161"
"100%2215",-4.35310423522265,0.768335122718578,2.19616514505653,7.19287653249291,-0.0825685526440905,-0.0945713293889979,0.162370511656218,2.85266936363636,0.725356117701474,2.619857740302,8.75836282904482,0.381696166180883,6.330907,5.80197079999999,5.38579965,3.8997685,2.5523735,2.79915801538462,0.547526792735677,2.75668925,0.438848156708094,-0.147767755377954,-0.153259624309339,0.141665756043237,"1474241"
"100%2216",-2.63065490190692,177.410271943187,3.24250322943944,15.0137891482678,-0.0280324464299155,-0.0931010658011978,0.146693635385046,11.4048556363636,168.863907962679,3.42753519823996,16.1233064886149,1.49627938373821,73.753257,73.54115745,32.7754258999999,24.209165,6.716871,10.4456494615385,110.736766174727,9.461566640625,49.5197932491024,-0.0736412961076544,-0.141552589256504,0.120940776819592,"1474254"
"100%2217",-1.01185520795697,211.428376509123,2.98626194996401,14.8558078984276,-0.0320585710985604,0.0581925611990736,-0.0676636944684246,15.289449530303,214.073017918573,2.97593976952815,14.8250266551319,2.18433735832448,95.185696,66.4597214499997,47.89532505,30.6659995,9.94424,14.0602765076923,117.649271875551,13.4832200625,97.8429225876376,-0.0177755644760693,0.0731015043586561,-0.0500351257111068,"1474261"
"100%2218",-1.78390902237071,165.483960535137,3.84698355069187,22.5304128284327,-0.0634940884343494,0.0639910692826071,-0.161815782791855,12.6127815909091,161.565261420614,3.87271449716182,22.4451843188555,1.61978266499153,90.698698,57.3229926499997,38.0902067,21.2007355,7.6072275,11.4114598,68.8013938364254,10.9748973125,57.4882732581273,-0.0820969539320281,0.0508016460782254,-0.171969909647365,"1474263"
"100%2219",0.244155721910941,404.215981322397,3.44857994690676,14.724197195168,0.652402040023785,0.396587729083456,0.0675353469404157,10.1239493939394,398.527771446271,3.43628705124498,14.6551445954811,1.24432137123442,98.28744,96.8740501,88.8754646,21.5932275,1.8533535,8.767588,283.237696686091,7.40281603125,166.594121462238,0.653178909871635,0.39984733093636,0.0723917503890549,"1474436"
"100%2220",-1.41919093851355,517.979698085281,0.0555143947692749,1.84275263940555,-0.0645150891700514,-0.0800757308690969,-0.0714464436710176,64.4803257272727,513.445129805928,0.0480577324047378,1.83948433852718,2.94510379685843,99.872728,99.4946854,99.28868725,98.808732,62.9432135,63.9358272307692,501.776697211255,63.38340071875,489.780579778368,-0.0724497757895412,-0.0864752917133866,-0.0774404921219697,"1474447"
"100%2221",2.28822555893332,366.944623209894,0.106456330656581,2.04669557820277,-0.106935130109433,-0.0130032390015087,0.160607735938721,67.0223257121212,350.533209832556,0.137493919172414,2.01475313588351,2.85079077916907,99.227865,99.21655955,98.50645075,95.8505335,65.166643,66.5268558769231,339.723664844341,66.016174375,328.080133341117,-0.16000987156336,-0.0540710298100937,0.134656068822055,"1474454"
"100%2222",-0.424910351416547,24.8923403254994,1.03680448456152,5.27487594467662,0.597784900196814,0.381315705244401,0.377798385511151,46.6694718787879,23.8886496718423,1.06458574057944,5.43367498739188,1.51515334554234,65.921063,59.82912325,55.0484883,53.5096505,45.855608,46.3732935538462,18.4665417481926,46.214300515625,17.1119603598265,0.580094259841503,0.353594653613161,0.354625454551394,"1474572"
"100%2223",0.651886154719771,55.7322940832286,-1.59860518455546,6.83832739721554,0.511066329386728,0.414031366505519,0.316009668001895,44.5715813636364,55.6487906997514,-1.54410194427779,6.72573261224752,1.65919060764019,61.940098,57.53299465,55.0603695,52.788077,45.5246485,44.3043734153846,51.792520159098,44.134755203125,50.7317063211243,0.511018844555129,0.420162941197524,0.323863401982983,"1474573"
"100%2224",-2.28429234722275,357.969349789048,2.92576916908268,12.0377521012541,-0.146403398529339,-0.121640882308738,-0.139016637015546,15.3213138181818,361.07645736926,2.93417385345426,12.0002153130077,1.872580809658,99.208541,98.4811832,55.5132355499999,40.558359,8.3351835,14.0307410923077,256.703334379494,12.71732253125,148.584883404668,-0.136149230281567,-0.108498098709016,-0.121946233576854,"1474831"
"100%2225",-5.03721423065343,54.4195754941374,5.88244321704765,42.6182541942694,0.251609599026555,0.13207135281065,0.13727949140363,4.56773268181818,44.0677577898267,6.71803833648842,50.6258685943437,0.970813393440178,55.009425,28.4735077999998,12.4205457,4.9290295,3.2988965,3.79170664615385,4.99944036437786,3.629312421875,3.36338415492793,0.137420334721704,0.00535534542726576,0.0167699601935913,"1474836"
"100%2226",-6.85210568748789,34.8037707312344,4.44747586715786,30.2657657817193,0.328856836860717,0.359743538999498,0.378595119918235,4.25500698484849,23.0934353847372,6.500641668191,48.4276022945317,0.840293537601459,40.352542,22.0561092999998,11.04699565,5.1863555,3.3712965,3.69966029230769,3.09366237758504,3.566777109375,1.99423473232378,0.0169204853300175,0.076576196969433,0.112110633727147,"1474839"
"100%2227",-2.57289193669994,107.414879856454,4.78110558506323,29.5994604413046,-0.0538827336521218,0.0358401813011776,-0.0394429593566228,8.15917451515152,102.699785875314,5.07822454797595,31.2692427530566,1.17095390338729,75.009447,55.2001334499998,19.8904849999999,14.39628,5.6353585,7.13070878461539,34.4688264945315,6.546288921875,12.8068744707517,-0.0960782464019064,0.000675235978820723,-0.0753043952046378,"1474858"
"100%2228",-6.25275236352111,1.20589851518298,1.313384486821,4.38373733431599,-0.0420780614749899,-0.305329135216412,0.12955238835508,1.27590607575758,1.21922913869625,1.39073331387648,4.66735987344119,0.228631873582861,5.34308,4.76928469999999,3.44816615,2.6314945,0.5819765,1.21333416923077,0.979580439958448,1.162600046875,0.827579558204138,-0.0314672210163266,-0.287219123597699,0.136152899839254,"1474911"
"100%2229",-0.73757567480055,156.009198144017,-0.0846736874988319,2.26034550309733,-0.123722317803824,-0.0267168654205065,0.137281621087438,77.4510477575758,157.01636905037,-0.170067038934838,2.39313025135205,2.58098061829532,99.849216,99.5449445,99.13859095,93.7611625,77.7758595,77.1064605538462,151.595142993002,76.75841921875,146.09018699146,-0.108054508269693,-0.00328966067046698,0.173672358408646,"1474918"
"100%2230",1.2646602740639,333.704959888843,1.29789035044302,3.47557475181257,-0.127844628198042,-0.0659269059906129,-0.0471640096974597,47.0069479545455,329.811916423935,1.28487694778363,3.45866524439975,2.56513894573665,94.40196,93.4760909,90.5503948,78.2658345,39.222416,46.2777939230769,299.79601620133,45.548110296875,269.871846321909,-0.136304565582184,-0.0659135776422027,-0.0419884515342427,"1474929"
"100%2231",-1.79603455119916,289.365823083915,1.43668654106111,4.60111666208506,0.13658068967597,-0.218058142571033,0.081812398463362,46.4330051363636,286.590114309134,1.43460114870329,4.59191413505001,2.61340337097909,97.950126,97.5215472,96.68070205,69.594461,39.3788545,45.6404340461538,249.540043410415,44.833397484375,211.104085805594,0.128718769216093,-0.226258068458786,0.0788841164172964,"1474980"
"100%2232",-1.84128940619368,308.882694871843,1.71323006275613,5.19546263256737,0.113882858839839,0.00514367130410254,0.0873559945554672,45.3819581818182,306.083968003981,1.70679886147181,5.18225601208177,2.5085941203519,97.700181,97.31894495,96.4485101,66.9260395,38.887096,44.5770624461538,268.034380537938,43.756178046875,228.422089930182,0.10913102865748,-0.000842193361450329,0.0848825244221273,"1474981"
"100%2233",-1.0535827508916,308.230717488478,1.4347101702174,4.18881780247955,-0.0216766101961484,-0.104321916606901,-0.0852737916719323,47.6177174393939,307.884495499437,1.46285565057267,4.27118966086046,2.49978720796949,99.321732,99.1386686,97.1342402,74.68652,41.064388,46.8222710615385,270.860674002718,46.006367546875,231.822466593398,-0.0202755370359085,-0.100228487992467,-0.0802544328227018,"1474985"
"100%2234",-0.628836667775958,76.707101772183,3.06086454075037,15.0992150553818,-0.0247243425801196,-0.0856830976060353,-0.119655655224374,17.7127723333333,74.3093726350027,3.21216518766375,15.655387790359,1.81129658246821,64.818448,49.3289226499999,40.5467806,24.52033,15.8704115,16.9880696307692,40.7897892836192,16.613064328125,32.2862462354418,-0.0486979048226859,-0.105881568906354,-0.135614368934288,"1475019"
"100%2235",-0.714682043279981,105.549255662736,2.21104871967486,9.31624799267015,-0.0302085935690911,-0.103373249045995,0.0257481253991827,18.028715030303,103.312853021344,2.30062255468459,9.66569341515898,1.99366207681551,66.894213,51.4880436499999,38.27268605,32.6606085,14.7960075,17.2769381384615,67.6011608523126,16.872008828125,57.9995254766043,-0.0466558047116014,-0.115768280121797,0.0193557340947401,"1475020"
"100%2236",-2.97717655452256,343.870307119464,2.19290062608978,7.34051614602812,-0.0593303121721329,-0.0524068016699945,0.19164606832206,17.1782563333333,309.259329958443,2.30514759390472,7.50835828351979,1.47142568326891,83.423765,83.3368639,54.5844700999999,47.607638,10.1971855,16.1590946615385,245.46359192908,15.11017315625,177.783599476292,-0.17298804808524,-0.154953758760282,0.129238154352024,"1475036"
"100%2237",1.33035193494797,242.287129953393,2.32126010986373,9.42034320915401,-0.148401065589678,-0.07792159588605,-0.1660209493858,36.3502927727273,241.411027202655,2.31282420991943,9.38926213756329,2.14855420170579,99.062929,97.39006755,81.5728615,46.23146,33.9865195,35.3854829846154,183.688419808163,34.43073590625,127.308322430595,-0.153599096410635,-0.0816162198374172,-0.168019086517365,"1475064"
"100%2238",3.28983628465656,252.166574918263,3.04958085386808,12.6277899636223,-0.0710528376436349,-0.215399033171843,0.129309606443851,30.404423469697,247.402652119716,3.08586259199266,12.7989983079841,1.56766719501975,98.72355,97.6603151,86.2114136,47.270931,26.402163,29.3533599846154,178.296373089369,28.295009296875,108.275352333255,-0.0946699313980166,-0.242298045224954,0.113311953964819,"1475159"
"100%2239",0.741315120613456,322.232816403199,1.84092756386336,6.73700731134159,-0.0288615299399684,-0.137844772489195,-0.0814572543885886,40.9069165151515,320.019940881794,1.82738981466182,6.69878664850332,2.21019000142838,98.678308,97.5479697,95.34612945,59.562226,37.459812,40.0181258769231,272.806703879902,39.128732125,225.652927640638,-0.0352799293971055,-0.141162393896917,-0.0829160102848899,"1475183"
"100%2240",-4.32378937878788,2.73259893201557,2.49205274720176,9.2679822595639,-0.0661402974606715,-0.1516521229961,0.177071037743272,1.92621062121212,2.73259893201557,2.49205274720176,9.2679822595639,0.410628628376102,8.617896,8.33943535,6.89135515,3.329349,1.1535975,1.82326161538462,2.0751380607275,1.72378921875,1.46440284293114,-0.0661402974606715,-0.1516521229961,0.177071037743272,"1475204"
"100%2241",-3.72277802559294,118.515049164621,3.22108890917952,19.8823087017076,-0.0619861765135831,-0.217608317616396,-0.0112338443081017,28.1294088636364,117.980369980269,3.22775431929654,19.9271846746025,1.55115618982787,92.404987,67.3501662999998,45.6762745,38.305172,26.6444915,27.1405538153846,55.2583883694538,26.723076390625,44.7931196757717,-0.0663526339165226,-0.219749055343236,-0.0114280041621121,"1475224"
"100%2242",-1.87252976485658,235.882641565143,2.56868152770465,12.3035717510247,-0.0532105715123043,-0.123788338336359,-0.182951948444047,19.7378992272727,230.337422348355,2.5826444024074,11.9493215112004,1.81043276215029,98.35574,66.5415127499997,46.9813856,42.268895,12.2557425,18.5283939846154,137.329481486839,18.04585678125,124.340514714011,-0.0710976596190214,-0.132095045357604,-0.187408626301352,"1475248"
"100%2243",-6.13418009780299,320.259111373321,1.84699344764806,6.98740190270833,-0.0103189488933907,-0.0995486857417125,-0.0315139836560742,25.3622298333333,296.879925036958,2.1809041821087,7.75647066981966,2.20138135534653,99.695598,84.9833744999999,60.6460131499999,53.8095055,19.154243,24.2186395538462,215.132592494786,23.392971296875,174.181714665481,-0.0924194670397015,-0.181745540857791,-0.111918526895471,"1475250"
"100%2244",2.33188070443898,187.14795647567,-0.568268712233457,2.09627218038534,0.363724676279541,0.146934541212106,0.170437929358525,82.0718430151515,185.00519825561,-0.573076042199705,2.0999965792976,2.56234506742104,98.964663,98.7785251,98.6607448,97.8906485,86.070824,81.8119534769231,183.393622317608,81.548416859375,181.744796995056,0.351765338879404,0.147062051084488,0.165259458664231,"1475268"
"100%2245",-0.0503895343996663,175.58268794504,-0.28336490898755,2.0347821575032,-0.0912014713831038,-0.0124260080095319,-0.04656416867516,78.5152952575758,179.074450173687,-0.260175564871116,2.00338071093794,2.66934057502837,98.39055,98.15592405,97.30151555,95.5011425,79.516336,78.2095221076923,175.658625248304,77.89983359375,172.169337849402,-0.0726526223759415,-0.026495791566215,-0.0450899333278536,"1475272"
"100%2246",0.296014190827446,202.016740544033,-0.308488824649224,1.67361684039865,-0.0120121934617182,-0.092077132316683,-0.160156674909672,81.1859670606061,199.180374251059,-0.310038623030814,1.6701817916764,2.47510822573331,98.895643,98.82755615,98.67953405,97.7534865,83.8515275,80.9135105076923,197.345337868183,80.634176390625,195.357068090118,-0.0299608117730012,-0.10018878774156,-0.16644299865781,"1475274"
"100%2247",1.53690887881041,188.252733786271,0.797551283920156,2.81980964300332,0.026207575787705,-0.0183750681268911,0.0288850182163556,59.0081555909091,188.663960493482,0.812686655034813,2.8877636505855,2.58610025622882,95.554152,93.09240375,89.38903025,81.079417,56.700074,58.4459094923077,170.702518386708,57.92526984375,155.750478399232,0.0134748889959073,-0.0189931037531682,0.036587081313858,"1476044"
"100%2248",0.999904260155301,236.546915440328,2.34889126408209,10.1609970214996,0.0573576667024849,0.192930385585599,-0.104989895316495,29.7048062727273,234.290913272126,2.35617127288548,10.1839936006933,2.42341001571391,96.793792,93.3775415,61.7470536999999,44.110519,25.6275515,28.6726680307692,167.58497172712,27.690396875,107.487806385702,0.048721225712377,0.189474113146304,-0.109014270775922,"1476062"
"100%2249",-6.91949575175638,12.2960064299718,1.32887665695562,4.5799241306713,0.340029459918256,0.137318544780761,0.123412895702198,3.18199122727273,9.22949820322972,2.15242692226702,6.7739843944866,0.833579397239869,13.554884,13.1401905,12.68144505,7.3601095,2.332488,3.02240826153846,7.69068676841152,2.867806921875,6.25725142449504,0.131574531371904,-0.115595542243828,-0.117122981098584,"1476113"
"100%2250",-4.13216105586076,42.6680733790108,1.3808093257731,5.65758937583967,0.122880377288777,0.0644577732631276,0.0397759799293273,12.3560065,42.2324185257947,2.24097008368422,8.87759090380754,1.48529836105169,41.758605,36.22119975,26.75267775,21.282193,9.119078,11.9036588307692,29.3773327269145,11.570286,22.6124196715917,0.0805703983678364,0.0488206395143932,0.0485224657159204,"1476117"
"100%2251",-0.415756816632332,333.216677045882,2.55533328814606,9.55092903637613,-0.141327268611654,-0.124815767612415,-0.056117168149281,17.3173925151515,331.211432004919,2.55208899763358,9.49976088466521,1.71965318447428,98.892338,82.9644753999999,71.5951715,42.2735235,9.177045,16.0623933538462,232.35548143541,15.15105678125,182.001303177004,-0.142162223867982,-0.123284918148582,-0.0533568222104258,"1476124"
"100%2252",-1.64621285575687,257.119710283692,3.26080012548084,15.0150858526086,-0.0199697596822423,0.139934054499824,-0.190922343969807,12.7851431212121,256.92765571723,3.2989201379144,15.2155152627135,1.89639448469851,97.797616,77.7569849999998,59.16079095,29.300896,7.2171195,11.4772589230769,147.983357883815,10.61024928125,101.434726114394,-0.0178281378758347,0.143940637402354,-0.184644409996247,"1476147"
"100%2253",-1.93706809706302,2.94435505239819,3.36762446387373,19.5562669601931,0.0853184789471143,-0.141108703323959,-0.0578111629404886,5.79462859090909,3.00043488567651,3.36249569785823,19.2482573969689,0.591625804396816,16.027266,11.514264,9.04372265,7.6221295,5.4316645,5.6372034,1.41093783401682,5.583344296875,1.24443154336043,0.104596888339602,-0.114237851919903,-0.036240472068595,"1476488"
"100%2254",-4.80348891814132,1.50613731661158,1.96705144777251,5.45795229242225,0.0972313810946557,-0.0227377068381402,0.163707162213374,1.70402521212121,1.47735891659965,1.99668446657617,5.54474444281959,0.425328293373262,5.711653,5.361004,5.0069595,4.167608,1.1723435,1.6423694,1.24919253020704,1.58721590625,1.07098715175749,0.0813713714234975,-0.0406015075660379,0.148792016580059,"1476491"
"100%2255",5.34911746969697,0.0953788013729157,1.34725773030834,4.04669385019943,0.143902788222871,-0.0678051674875843,0.0368673043417085,99.099117469697,0.0953788013729157,1.3472577303084,4.04669385019954,0,100,100,99.86657535,99.606685,99.004451,99.070964890625,0.0722046545385036,99.070964890625,0.0722046545385036,0.143902788222871,-0.0678051674875852,0.0368673043417078,"1476503"
"100%2256",-2.02308428456852,5.61562554659164,2.2829646555915,9.982584971371,0.22208817614345,-0.142336934608316,-0.0155342692849733,5.46364383333333,5.54902769504875,2.90105539655825,12.8071209535927,0.676904418283754,17.337173,14.5565419,12.40412385,7.8121345,4.619764,5.28097415384615,3.43209537283502,5.159438140625,2.52560669990556,0.230049036953378,-0.151403133404103,-0.0573117692438938,"1476505"
"100%2257",-0.209092832250453,19.7564164569202,0.584513526008713,2.52986617926485,-0.401390323305211,-0.0450282825242495,0.260020532692694,14.1370853939394,19.8319685974178,0.591090682962579,2.54042922943563,1.68176123426507,25.66103,24.99685805,24.2765721,19.9500225,13.538665,13.9597939384615,18.0625466343687,13.792927796875,16.5348938270121,-0.394027324594925,-0.0393823108313734,0.264510666596442,"1476520"
"100%2258",-0.835279309571602,18.1186657954515,0.394937419697355,2.31986508780809,-0.199619378959392,-0.0386670381197629,0.167296906238935,13.9688118636364,18.1301785800928,0.467379210339894,2.50131713737675,1.69628280781806,25.61975,23.84102565,21.8685123,19.690788,13.2078625,13.7895666615385,16.2886008010442,13.64747784375,15.2308100994265,-0.193619156509472,-0.03105668918082,0.171327534125213,"1476522"
"100%2259",-0.989285518092018,29.2389944782132,1.21464167270354,4.41726622847833,-0.0150647347348769,0.00568517855900538,0.0468422478810974,14.5767833636364,27.4976002383795,1.35999152762131,4.56431786634658,1.75990438074182,32.2453,30.13566325,27.94299625,22.000606,13.286881,14.3049600307692,23.0440372388411,14.075354640625,19.9773890337845,-0.0673865206989474,-0.0498208486035912,-0.00385862888199302,"1476528"
"100%2260",0.328493132630782,91.0391523177517,5.08491711312703,35.0990872686019,0.128099191263588,0.106398283034184,0.0725621771309521,17.5509061060606,83.0218597526137,5.61233805263759,39.2459040949506,1.50549423762887,82.412606,50.6513738999997,33.0147229,20.652724,15.966229,16.5530338,18.5796759460441,16.287469140625,14.2858851426187,0.0465367115995973,0.0284623785819337,-0.00176598254862695,"1476551"
"100%2261",-1.67407984167388,252.372984801713,2.50220621635695,11.1726081269077,-0.114564520203744,-0.123399506581274,-0.129688869674151,19.783217969697,244.183247778435,2.51319762452781,11.0048419968275,1.83959463482236,98.2986,72.8352159499998,47.75590915,42.178543,12.1809265,18.5752890153846,151.639817456907,17.941712859375,127.916971149516,-0.158126444770656,-0.16079455531735,-0.160572164433167,"1481"
"100%2262",-3.2789488100294,131.120212852014,2.89493857952324,13.0114454545532,0.172565352880707,-0.1583748097278,-0.0532252506818764,10.6892118787879,128.517232347163,3.00833369338108,13.696946290222,1.67550476577452,69.54144,55.7196131499999,39.2471985,22.574853,6.047709,9.78379298461538,76.3887178580992,9.182335203125,54.0684464851352,0.156634389265072,-0.175795540046913,-0.0603525631574417,"1481041"
"100%2263",-2.59968555641143,182.617939227939,2.16875083966518,9.20897337050111,-0.0911902860428681,-0.0796339869127268,0.0250521215627702,19.174712469697,173.186539237137,2.28532781924919,9.49339182518176,1.67351763153127,82.765057,59.6258155499998,43.90893905,38.395754,12.7841425,18.1963994769231,112.682590952299,17.74374596875,101.125068535938,-0.148972248936298,-0.132982786100256,-0.0160068349604139,"1481058"
"100%2264",0.258171072993151,317.07113432707,2.39677982407087,9.11754389570387,-0.0911982987239717,0.0159961605691069,0.0645328288958342,32.7541432878788,311.527845256697,2.39192697880572,9.05656125973029,1.83442937123607,99.662654,97.3155677,94.2154761,49.1432635,29.432322,31.7247815846154,246.387937271977,30.719672671875,184.571893571291,-0.112335620780845,-0.000767614516112046,0.0532591197728542,"1481071"
"100%2265",2.91358127631046,448.70406765501,1.41517614134392,3.65322747274394,0.293787577776237,-0.0246837289857986,0.153793476849052,47.4371141060606,433.780370395588,1.40973625235353,3.6240116602821,2.24124906760245,98.614195,97.8736175,97.30073375,92.0152425,36.963798,46.6497744,399.540262914706,45.855632671875,364.79010904004,0.272404094675116,-0.0512415838410369,0.140788413233138,"1494"
"100%2266",8.11292604582431,573.071533802358,1.17886656327982,3.12820849230897,0.417974688776633,0.40572758284607,0.320550391381154,47.0748139545455,552.195727913269,1.21135308095596,3.17971884413502,2.43513670604119,99.361943,99.19674875,98.6831879,95.6581605,35.655518,46.2703965846154,517.983284671259,45.4448121875,481.773449704823,0.394490483282288,0.387500762819381,0.3020316153303,"1504"
"100%2267",1.50807038246473,782.84208926204,0.782822062386806,3.54176748895533,0.365490182230306,0.139903314168295,0.137471608757767,39.6301341212121,1167.43075136087,0.505544293403071,1.61822185280413,2.48947596485073,99.990477,99.77902225,98.9589092,92.3308175,18.2400455,38.7015134615385,1128.47702670693,37.748956453125,1087.13076472118,0.649435310353282,0.478808872454241,0.409911723673085,"1506"
"100%2268",2.23777113545683,338.781417615826,2.2469580944466,7.42769988994858,0.524485196754963,0.361381786048364,0.293001871701717,41.1851326060606,330.744851322441,2.21523979643447,7.31447606995308,2.12531520720686,99.308859,99.2634799,97.8173681,52.22242,34.909819,40.2909214307692,283.058734333424,39.369857,232.338147491548,0.50985208267619,0.347017692810339,0.285957875150097,"1512"
"100%2269",-2.81794680890015,208.233341614147,2.31272588941837,10.7066675131748,-0.0692824691320263,-0.0406682212311255,-0.191009004709707,20.2506226212121,198.184650341,2.47413302331769,11.2106050066833,1.90168158826639,91.928657,62.5443078499997,46.1203063,40.0715515,13.8810175,19.1478836307692,120.975448412792,18.71703859375,110.799905809175,-0.118332040943301,-0.0884216726224533,-0.23541874744669,"1535"
"100%2270",-1.75001624314733,69.3933849253372,2.25483409177085,8.27431411979004,0.415785583145769,0.152433727758634,0.0586183236881443,19.1831750757576,58.6457639284102,2.82043098855878,10.3251097199795,1.4750332160336,48.229023,47.8773899,45.50040515,22.851005,17.0749165,18.7363158769231,46.3689189739071,18.283945046875,33.7918744207793,0.322536706795071,0.0182790563038232,-0.0673280153029197,"1537801"
"100%2271",2.12591960224852,151.318246150873,3.18148470395833,12.580398455376,0.131649265907306,-0.0220113001663589,0.00368734137889882,14.0026033484848,142.888225097147,3.30481165429815,13.0886627624558,1.51625568710863,66.030868,63.86406635,54.6068021,21.452985,10.4756785,13.2021685076923,102.800573815855,12.42880665625,65.53107681942,0.0846684086840482,-0.0739452165714688,-0.0458922556715667,"1537809"
"100%2272",-0.156069805777371,255.574773423575,1.8015974392553,7.11861367056118,0.565925905868293,0.233650780206429,0.150150156874055,38.4095206818182,196.279638234602,2.31592126290417,8.79322945171548,2.28336111027167,98.120814,89.4437793999999,77.0203033,46.729516,35.0493805,37.4908854,143.602533430596,36.752125328125,110.37150416866,0.450070628752641,0.0578457769318805,-0.0210762041454784,"1537834"
"100%2273",-5.21230618324441,119.700268354126,2.16903018728483,6.16742853330516,-0.169525268547025,-0.172919139049638,-0.0892301652301742,5.95093136363636,119.745152411675,2.16790915807424,6.16508772246577,0.758264578753243,44.665472,40.2741565,35.83387955,26.5403935,1.4161925,5.35532304615385,98.1739338473133,4.8466624375,82.890086601931,-0.170571396026855,-0.174362115622959,-0.0899572831770113,"1537879"
"100%2274",-4.88504802971317,138.132304935877,4.52972605860802,22.9286428088203,0.0553863349379198,-0.05656975874783,-0.0479683960659162,4.67103722727273,138.527771031038,4.52773333474425,22.9087096571584,0.576001532500064,71.129731,62.5348043999999,40.1684277999999,3.565103,1.918792,3.64859578461538,71.6634582666651,2.800811859375,26.0652568488421,0.0539967608570601,-0.0577861211183072,-0.0491506258164758,"1537883"
"100%2275",-0.963995808567957,96.6407414131025,3.30113150593418,16.5082151395265,0.0475106409602379,-0.0317573633004601,-0.0456382238059548,18.2950898181818,96.1310825686387,3.23096923735052,15.8744377221086,1.79366669220612,71.294277,56.8475427499999,48.3593209,25.9058595,16.4740275,17.4797177076923,53.7311315152321,16.986142484375,38.7356078754302,0.044254732779601,-0.0332301796494346,-0.0482100990303168,"1537891"
"100%2276",2.0860254501996,626.58178858167,-2.4899592098025,7.88725882886512,-0.0559685525795975,0.0676721296646626,0.0249432089302298,90.0696181363636,707.262545711874,-2.70497256886921,8.44575309615465,0.381696166180883,99.728923,99.7278609,99.6938319,99.456732,98.9998965,89.9210134461539,716.68600659274,89.767790390625,726.358200637288,0.0739924930182372,0.150120066352122,0.0798774222945357,"1537928"
"100%2277",3.52893714217436,4.5406841207396,-1.58552062274315,5.74295214826204,-0.146301101506663,-0.036992555457396,0.026910235951768,97.2084300151515,4.54184870468484,-1.59044719582401,5.76401435666985,0.853076739210687,99.610714,99.4576637,99.3376966,99.1982845,97.946253,97.1714718,4.52157326210727,97.137037734375,4.51515202742235,-0.146271128981495,-0.0370726080833382,0.0266810711148864,"1537929"
"100%2278",-1.81052501524836,63.3238386588139,4.26086517504352,20.726314627955,-0.0456806019869751,-0.0611017282697551,0.00753931538254339,7.05984633333333,62.6590850513494,4.27977012815149,20.7937854864881,0.754076485319673,49.178691,45.7303188,32.80645235,9.429375,4.7797545,6.41186410769231,35.9109273019343,5.826526,14.2016900204343,-0.058753123272486,-0.0736738239062871,-0.00472891571887685,"1537936"
"100%2279",2.48085543583447,549.094513843585,-2.08632147181985,6.83106106148421,0.275540753091956,0.157464368445162,0.173349149008164,87.3089737121212,603.879617692999,-2.48157504027095,7.8919737252244,1.32696193582131,99.767593,99.6956016,99.41709595,99.3118605,98.6237315,87.1173026461538,610.745378712895,86.921372421875,617.793012824197,0.335524120434727,0.241604083565745,0.201625274991979,"1537941"
"100%2280",4.9409999001643,528.203917370976,-2.83466163374041,10.1117581858057,-0.0974427745071768,0.101831223696181,-0.11833010985764,92.7246975909091,505.185125559771,-3.28633737334826,11.9572185201454,0.340273793835875,99.633305,99.5960418,99.54778195,99.47633,99.0712485,92.6184113230769,512.211617546377,92.509699359375,519.446735152164,-0.0782708617790197,0.148045734704411,-0.0809299102567232,"1537946"
"100%2281",-0.336219554399309,82.7669500148238,1.50706393345238,8.77837716321007,-0.124742913185762,-0.212059968528439,-0.0415477200220825,31.1019638484848,82.5215073988694,1.51588981126839,8.76159346798895,2.02795579730716,71.902996,62.3013688999999,47.79216635,40.591359,30.087249,30.4742556615385,57.7859095658314,30.0577399375,47.412266758664,-0.127546954521538,-0.213655472227888,-0.0402555509442916,"1537947"
"100%2282",0.757531134224289,87.5918663319687,2.58484061327143,11.5852028970419,0.385137611867038,0.170889474655311,-0.0327019758194758,20.6273874545455,85.7552436534362,2.5852500455635,11.6137317659584,1.95410880295308,67.014726,52.3269197499999,43.025021,31.6531325,18.5804425,19.9137360923077,53.4608694838866,19.530855390625,44.7673495077053,0.37595337961899,0.162121821662617,-0.0379050051708052,"1537952"
"100%2283",-11.9490832707327,424.023681053162,1.65783132644404,4.7145540263253,-0.123652269060838,-0.163641910623074,-0.0802572313385597,26.2824700757576,413.616653916668,1.81865470816993,5.19116287431964,2.05550033430059,98.105002,86.1334417499999,78.60642765,60.3289665,17.427811,25.1775080461538,339.397875320692,24.32579384375,297.54885675511,-0.144475551669721,-0.182579862419844,-0.110178834783185,"1537961"
"100%2284",-5.46799846201666,378.409215333708,1.68508367355521,5.56814150810544,0.00805159084678021,-0.0749493703851346,-0.0833997815126357,23.7655877575758,352.453087363741,1.92811158065416,5.97663332329437,1.79963491167344,99.108298,77.2212626999998,62.05288055,56.8676605,16.1491745,22.6064691384615,269.200748324254,21.93725871875,244.297241936538,-0.0596273003272486,-0.141702786768161,-0.156385568283371,"1537962"
"100%2285",2.97951580349691,381.908931442069,2.02437146691125,6.20973176541688,-0.0191567761628245,-0.0398946519466498,-0.15446293718281,37.6164869090909,377.943142735386,2.05271558944805,6.32243321109351,2.01872140467272,99.2881,99.08142795,94.61013225,67.418185,32.0204635,36.6676928615385,324.34378307534,35.694217078125,267.814073127882,-0.0286786146542746,-0.0473041563562373,-0.16453091859037,"1537983"
"100%2286",-6.73115840055484,0.568993972546306,2.44581262389408,7.93752387103465,-0.0910090192326853,-0.00461679277969978,-0.0626763942014952,0.784913409090909,0.554206701454242,2.7695960903213,9.00652669212834,0.184907399167776,3.400974,3.3496045,3.20638315,0.936542,0.5033115,0.744666323076923,0.455824314846957,0.704396359375,0.357538021290418,-0.126012253672289,-0.0435736657146981,-0.100380918112602,"1537999"
"100%2287",-6.61891968164045,0.540927100787559,2.39211701402786,7.80617960576469,-0.151480229908767,-0.0528291003178162,-0.0662186639019584,0.935399166666667,0.543658124439109,2.61188112288581,8.44719220331091,0.228631873582861,3.489332,3.46827265,3.19771695,1.284605,0.664964,0.896107892307692,0.450131015694681,0.856095,0.353097262011156,-0.158352978778711,-0.07394510119522,-0.0888199562101028,"1538003"
"100%2288",-1.85219217781241,107.247510460962,3.21719027845606,15.7756841805573,-0.0126885494219298,-0.126539779307,-0.123060360263328,19.0985631969697,105.336851050179,3.21286254750328,15.6954239870712,1.85952898225712,75.384257,58.6526505499998,41.3558508,26.9725505,15.9772625,18.2326294461538,57.4678947764803,17.74183734375,42.7088329265337,-0.0252350892816335,-0.134198430856966,-0.123590746745679,"1538296"
"100%2289",0.369396460203918,309.215772562468,2.19623317228214,7.39982027172413,0.248077442503934,-0.0371261531071858,-0.00287502689614965,26.3956602727273,307.54016078547,2.18277946628223,7.34720483482809,2.34256046546562,96.029057,85.6867847999999,76.15802675,51.750508,19.34242,25.3243772461538,236.526824554872,24.4682289375,192.578210971838,0.243333533014211,-0.0432327772080046,-0.00608434679267608,"1538676"
"100%2290",-4.37286476440461,220.492407947866,3.17065302573636,13.9401389456538,-0.0939122675422561,-0.134484613291237,-0.0527952783586654,10.8453383939394,215.909338900905,3.26405412122073,14.4791614780884,1.6374612289051,82.491459,77.3409285499999,40.3114874999999,27.420045,6.0630645,9.74309038461539,139.044276549965,8.730207953125,74.5313400696367,-0.115495910696001,-0.152810643008094,-0.0685557801621237,"1539498"
"100%2291",-4.32723203763668,16.5380486022909,3.11162038284676,16.3998566196614,0.179520998394122,0.0723257237477354,0.0565915017513693,4.74683959090909,16.5139931467598,3.78393138344661,20.5632193314156,1.24390915185732,29.004139,20.0513984499999,12.60284665,8.198298,3.3856595,4.37365036923077,7.57622169811331,4.20400909375,5.82401960960808,0.170359544725291,0.0882187391717639,0.0921721417387165,"1539766"
"100%2292",-4.10954412733083,116.064509910777,1.56907982841176,4.71109906345948,0.133779016578416,-0.17006992242056,-0.162703384629154,9.84904231818182,115.791892931098,1.5815278028287,4.78454405989707,1.86320513263476,47.267258,44.05797075,33.72065195,24.630602,3.874374,9.27337746153846,95.7015648750012,8.75686940625,79.8561646996117,0.133239350985554,-0.168730578063385,-0.156136085185586,"1539817"
"100%2293",0.451613577060553,111.03540168284,2.97702601627005,12.8167588657163,0.107412633702238,0.0757111661842744,0.0971793940082726,20.0510800606061,99.8993593198071,3.19540418957954,13.8088288311008,1.65701001325821,66.811627,64.73044855,43.8768718999999,22.9584265,17.5888275,19.3316870307692,67.2795346691761,18.639841296875,37.218493630385,0.0126080443004723,-0.0126973502886521,0.0162542561249519,"1539962"
"100%2294",-2.49703321425176,131.226264263013,2.28624669688822,11.4317021760539,-0.0147994409426705,-0.114390002380605,-0.174749528896192,28.446591,130.443860761138,2.28934191248533,11.4539798345526,1.69254660677776,82.446158,72.1793059499999,62.41099425,39.4192395,27.0362465,27.6158284307692,86.8997039235285,27.005903859375,64.0769929159553,-0.0195287687339432,-0.117614535457721,-0.173722828644816,"1545603"
"100%2295",-2.02002609235293,105.837602648106,2.87168624114991,16.5327226917193,-0.0700962319548374,0.0772753659645096,-0.0470961877797367,30.7456756666667,106.706063873656,2.83696316381222,16.4867225661278,1.78177022677826,87.13028,73.6681280499999,48.1504768,35.160745,29.855136,29.8782202153846,58.6840842682681,29.307266203125,38.4117716174618,-0.062827597868037,0.082180613839031,-0.0418210763148372,"1545610"
"100%2296",2.63739985407533,384.679298776781,2.5382599265811,8.99265663978678,-0.00495389472128296,-0.0326206718077936,0.185616058501023,25.9572852272727,381.029890509554,2.54160480461825,8.93704263135051,2.29165475691869,97.754431,97.56033255,94.1885172,47.9838225,19.716517,24.8527137538462,306.366731591174,23.71829025,227.504127177178,-0.0106773728200142,-0.0353250672142406,0.183404810014875,"1545614"
"100%2297",-0.145855293835637,332.96275479665,2.0161148026234,7.61446783251231,0.0237188438878491,-0.13064227841358,-0.0880905775597727,19.9456551969697,328.388028611548,2.05301415415334,7.45444219666103,1.90645405285475,99.322445,79.6939991499998,54.4686729999999,47.7213545,10.9267015,18.7244738153846,235.015410324466,17.93696815625,198.376790504798,0.0171019201429775,-0.139834771425558,-0.0951180944268,"1545730"
"100%2298",-2.24915052403465,268.296487823368,2.3788053404295,10.3552503574537,-0.107268964965111,-0.129104000900896,-0.00316505458946967,17.5008626818182,260.933538739349,2.53939704315983,10.9087824059351,1.88233265273563,98.031579,67.9306210999997,51.28932985,37.6204915,10.004778,16.2619285846154,163.640692857827,15.707858515625,146.242991995915,-0.132341377199824,-0.151332498271895,-0.00937981859650663,"1545746"
"100%2299",-1.76925400203211,331.71061068029,2.08272484024993,8.08138698555437,-0.0618370382559184,-0.00176632893169573,-0.190310021784118,18.1663921060606,327.704198471966,2.17113541275373,8.10904665509905,1.95231552660859,99.301017,79.3149131999998,56.8008347,46.772524,8.7823395,16.9181671076923,229.91346885298,16.111370265625,191.195992419772,-0.0795891948208671,-0.0098168654447889,-0.196660338535949,"1545747"
"100%2300",0.741060727941824,298.900828946665,2.10364330157097,8.57043687896329,0.0962883415018486,-0.323031470494618,-0.0686383976871402,33.8246933939394,297.435848546902,2.10266447255197,8.57437320925931,2.27091769721783,96.91356,95.01157875,89.6202679,46.20908,31.3911085,32.8540954461538,239.835799846189,31.898887015625,184.275729744816,0.0927395297888309,-0.323412165599966,-0.0674592923259388,"1545826"
"100%2301",0.254446038270562,155.130522593694,4.33831225326278,26.7412669301801,-0.0430986403122505,-0.0140785739819669,-0.071225279472676,19.1734809545455,155.093498813804,4.34781416498811,26.760893279741,2.03079043578009,98.839475,70.9130082499998,40.88717755,25.516433,16.2563955,17.9478502769231,58.3362958183887,17.3552279375,36.4197200236378,-0.0427821147861785,-0.00765234770752986,-0.0641460967531369,"1545833"
"100%2302",0.32378879844347,234.887874707184,3.61495124780238,17.8189056613014,-0.0516710792565972,0.345907455494993,-0.0761243671120867,19.5270796969697,233.503722847661,3.60491302856013,17.7809182885126,2.17501668593168,95.923882,93.8632026,49.5704202499999,28.256059,16.040908,18.3517442769231,145.922806739881,17.1892151875,60.3570481511265,-0.0578074828570238,0.343307191382372,-0.0793492513465972,"1545854"
"100%2303",3.31530132724103,183.013749745766,3.0534804338671,12.7104143120673,-0.0259851179862192,-0.152326659856704,-0.060404077579518,35.1542823636364,183.006717451079,3.04101021877265,12.549011222371,1.63450893172544,95.302682,91.5693537,79.8567747,40.80643,32.67356,34.2289223692308,129.306991541608,33.36438834375,82.7451730055365,-0.0282564109680888,-0.154172694121605,-0.0577561377843901,"1545861"
"100%2304",0.182224278722729,177.225225737771,2.13367424162284,9.10607156654112,-0.112882686261492,0.0910650522384717,-0.0714765364459898,33.4636145909091,176.764681577296,2.12511042311319,9.10305573766172,1.90280236565517,86.607083,82.48766445,78.6001095,44.3105175,31.813188,32.6460227692308,135.366016683178,31.9019056875,101.489945657824,-0.119004712191708,0.0887302540585902,-0.0732421810017907,"1545862"
"100%2305",1.99417777051749,208.794352437962,2.57201391607422,11.5182038740358,-0.0944445645095391,-0.141697733816802,-0.00578465344613941,34.9784363939394,207.272448636569,2.54796062585182,11.3393827205673,1.84451368000597,99.276506,94.06750805,79.0350382,47.468437,32.1299255,33.9892353230769,145.879017471369,33.094338015625,96.1036997118539,-0.098197914112202,-0.145455592604383,-0.00595176793717916,"1545863"
"100%2306",-1.01474457799932,423.422756361632,2.24202072592301,7.59282723923767,-0.118475376760245,-0.155557792999754,-0.0625183812655097,21.4073116515152,419.462110758227,2.4125071018683,8.34060932604271,1.6273754762919,99.457968,98.8315604,86.42248955,53.02996,12.5138915,20.2065323230769,330.75188829076,18.983286515625,238.658416691137,-0.139623023537985,-0.172054091076685,-0.0731285997336389,"1545875"
"100%2307",0.793441041677672,239.412130409122,2.05383058078289,9.12081063874467,-0.118350492629659,0.158509272685262,-0.0661957989588435,32.5333781818182,237.22671396269,2.03651838112845,9.03600482005005,1.85759013784469,93.184896,92.48330355,77.87200835,46.846875,30.2757485,31.6002779076923,183.411731692093,30.654883453125,128.182446142551,-0.126038526486302,0.154040545212407,-0.0705322168719528,"1545881"
"100%2308",0.869533175945979,172.599628314026,3.11323089466196,12.9773655220576,-0.0610943267354895,0.0879483735583357,-0.0268920488306572,32.8481661060606,171.474346507899,3.113057424827,12.960028591989,1.56933388244627,91.956489,85.9670522999999,80.20676965,36.8502165,30.7546085,31.9388072923077,119.534805535344,31.145007859375,80.4448967897564,-0.067085444999434,0.0876177798021652,-0.0256080168596618,"1545899"
"100%2309",-0.166928761158945,53.603653180294,1.96795789068427,6.82545320941858,0.615235400792206,0.607641400990207,0.479646962264138,17.2413565909091,44.8868407433768,2.35652898878308,8.31030701657032,1.56547480838719,42.09658,41.48440025,39.06008815,20.788312,15.376231,16.8589685384615,35.9268464288384,16.47934671875,27.1208762142175,0.549701773226703,0.552036541844524,0.411193057832169,"1545959"
"100%2310",-1.14835707930555,40.311996421406,-1.19359661114635,4.18246894003201,-0.375557080925483,0.238116194618244,-0.366875070245205,45.7822725757576,40.1096655142137,-1.19115046306176,4.18089325240027,1.78074406880297,55.691302,53.74497515,52.64230045,51.470094,47.647254,45.6298259692308,39.1928994138139,45.519402109375,39.0127155935007,-0.38177916871038,0.237044042502567,-0.369616217994902,"1545979"
"100%2311",1.67244954784921,108.19231219057,1.35735447759796,7.31936362184718,0.0201313863390085,-0.239674461881551,0.0289033356026331,22.8282257878788,108.108470528209,1.34789993763129,7.36168460486122,1.73240420890985,63.969551,57.0838149999999,50.9853752,28.6160325,24.350281,22.1952823230769,83.3309274111687,21.708081875,69.2042951725552,0.0197867820848425,-0.235633068184285,0.03293471412477,"1545980"
"100%2312",13.509540905719,985.292113131352,0.586550021969217,1.79058580296984,0.620148560892121,0.55715355554682,0.435395395305141,42.1428011666667,955.541829417289,0.622684777752313,1.82675814505268,2.71968753065858,97.990555,97.7455245,97.4469284,94.7893245,29.417792,41.2836049538462,921.520076226528,40.403449015625,885.564986504481,0.610800843205925,0.549286450613905,0.427856887110805,"1545986"
"100%2313",5.48808559736165,1564.11952614365,-0.350808206257559,1.23500278157638,-0.285606542957308,-0.094509632256026,0.00329709551544397,63.7604521969697,1557.82855635065,-0.353691475665819,1.23435847124775,1.49451764450865,100,99.8244675,99.5834543,99.343835,97.5383885,63.2029206923077,1561.27961853169,62.632185859375,1564.50162635228,-0.290226997719174,-0.0964354406200988,0.00348619565851272,"1545990"
"100%2314",-3.39172145473848,316.868229277555,0.582994366301648,1.83067727014464,0.0025668870478821,-0.192432423146088,-0.0265997447905705,62.5081011363636,316.350596422047,0.605913506272186,1.84393835629234,2.42199432168369,97.10554,95.4641041,93.5084773,91.0230775,57.0888795,61.9758328461538,302.519099512345,61.466388765625,290.376297815143,0.0102992059446743,-0.168475053764685,-0.0103177740773216,"1545995"
"100%2315",-4.7725254332361,48.0635393120286,0.503295858607863,4.4148141900831,0.735582344641652,0.620848953261951,0.598855698476863,13.4396768030303,16.6399440772032,3.49523989766673,20.5410055117952,1.35142635340448,37.779843,29.2677094999999,21.54569905,16.297606,12.90566,13.0652127076923,7.64120154283045,12.883665203125,5.6182280499871,0.295105024120617,0.073382611348415,0.106448505927154,"1546013"
"100%2316",-5.80359727129585,45.9011363628898,-0.283300524124858,1.98854683862288,0.92734307610596,0.863256196545157,0.822314968816248,12.2573598939394,7.29346498861446,-0.516854770685355,3.5286974852963,1.2680971510771,17.197384,17.1840473,17.025493,15.2586785,12.8845355,12.1813595230769,7.02445242178406,12.103304734375,6.73819373831982,0.736188640441181,0.611492310386561,0.563040611299355,"1546015"
"100%2317",-4.24616041063037,83.0174991372412,0.72207589112139,3.74296989949601,0.910592632467706,0.799689175687014,0.69117160510077,13.265182969697,24.4856283104957,2.59642345415698,11.060382373278,1.46569188908024,34.510183,33.90976695,27.91165145,16.571853,12.550312,12.9383368153846,17.8116553176441,12.615709796875,11.3242298822761,0.832378601139011,0.601674289408874,0.398670465255964,"1546027"
"100%2318",-3.57941086868687,73.1366051976145,0.624803534278839,3.07123237040489,0.76454654118557,0.590546056967853,0.550951176705595,15.2968517575758,33.2664070318442,1.73809308658147,5.54125234072467,1.52147899697847,36.591923,31.51704605,28.47588375,27.0725,13.7397755,14.9692352769231,26.6942490551708,14.753373015625,24.082573166231,0.519277000168035,0.181786803288451,0.181771810222206,"1546028"
"100%2319",-6.57080289308515,63.1901871362496,0.494954753388545,3.20500899209588,0.547935593264241,0.478617829583264,0.416366860638385,11.5095181212121,29.2977827551237,2.07218786562767,12.7144712961901,1.5612665317616,39.896876,29.9539026999999,19.39626925,15.9918125,11.884634,11.0727895384615,17.1602154450054,10.86142696875,14.5245249794544,0.0882993299589384,-0.0301593429750603,-0.134458318291738,"1546032"
"100%2320",-1.44700889552305,38.7286668769579,2.81242638442701,16.5409932667476,-0.0468528913290626,-0.0952350130183049,0.312780505035666,47.6618498030303,35.6597123067096,4.43616493773686,27.8646222795819,1.30313553785017,86.2083,73.0062585499999,56.4852394,50.967801,46.639835,47.0688274923077,12.9977428382986,46.77463,7.57494187893825,-0.120690920548902,-0.157789710194096,0.29909006463297,"1546035"
"100%2321",-3.68009215553935,122.472742670113,2.00482698700276,8.48843382640417,0.258603030870612,0.12793188275515,0.121111415615679,15.1381031666667,96.6951205467247,3.10508475681823,13.8565604840354,1.74411007869871,65.717495,54.0864697499999,41.0548182,22.3260505,12.780285,14.3599586769231,58.2191538892965,13.837089125,41.3583112274812,0.0802196853122846,-0.0726785431012901,-0.0639217930828139,"1546045"
"100%2322",-6.7205788718198,57.2732324910783,0.606540413719894,3.40854387638778,0.68026536535009,0.642328255505932,0.652936054369527,13.6387632121212,22.800470913892,2.42795766809969,10.1655060561324,1.35109758321317,33.545334,32.4300029,30.20304285,17.7439825,13.019527,13.3325082769231,16.9609697574983,13.04349371875,11.7965729456205,0.258972731282745,0.220660316458281,0.293511925933966,"1546057"
"100%2323",0.93389770174141,302.239924213004,1.85189075864268,5.43535684230315,-0.138543247375947,-0.155811766006771,-0.147736978462753,53.484278030303,301.725194851981,1.83689677525913,5.43029024956992,2.14260146085868,99.429855,99.36376885,99.27919535,90.7765065,49.098169,52.777423,273.390614691557,52.050067359375,243.274338229427,-0.140903676590565,-0.158749836766617,-0.147818297859297,"1546062"
"100%2324",1.8932065600074,298.895475992797,1.93549633702976,5.39713006773244,-0.106777308633163,-0.152418942433937,-0.120557214001878,54.5588079545455,296.993994288779,1.93735068797571,5.40535505919462,2.06156015126896,99.353721,99.2894425,99.239517,97.716552,49.606335,53.8696554461538,270.217674794172,53.160512078125,241.752345395576,-0.113810707771745,-0.158613482240662,-0.124001868141578,"1546067"
"100%2325",0.584212460849049,278.108225411706,1.96864404395171,5.98880390004806,-0.157564971932985,-0.108145319009419,-0.104310822484377,53.8338426969697,277.344723264302,1.97142093925498,6.00430764355745,1.94045031320616,99.288178,99.24758225,99.2010667,83.0870775,50.48567,53.1345452307692,249.336446709206,52.414370578125,219.519979218806,-0.160365808941715,-0.109837431102634,-0.104834045698785,"1546075"
"100%2326",5.84079819373866,222.486768671648,1.17807818767876,4.4646389271141,0.399023013490813,0.243136273861193,0.261434985472483,31.5407083939394,211.668727097184,1.27846910653776,4.60111407320368,2.4404179528427,84.845008,73.5336676999999,58.9502747,52.747071,25.4112395,30.7206422461538,170.539608927433,30.14685625,151.804316307077,0.370213876530794,0.205298162895202,0.228937832974801,"1546079"
"100%2327",-1.18682041599359,12.4829667421256,-1.71519231894919,8.21947447498722,0.231888447735552,0.00640987116295812,0.206497885264347,86.2593146818182,9.38012269372764,-2.16902170404535,10.9349351067755,1.23785824638193,90.939351,90.87796045,90.5849593,89.139028,86.417637,86.1873141230769,9.18228296333362,86.11453928125,8.98150459044501,-0.0217757821067296,-0.300566690898173,-0.0221809003960293,"1546095"
"100%2328",1.32172807822578,47.0618216366323,2.56486857343315,12.4064873595724,0.586551767629488,0.285148290044377,0.094799158040909,14.3993683333333,43.0549207765083,2.91157444342223,14.3755558575638,1.53788274802878,49.443583,38.2504529999999,31.5758972,18.809149,13.3277055,13.8602265692308,24.5328306142947,13.57330225,19.5649943698504,0.555459781859217,0.2338973832512,0.0395371720487028,"1546103"
"100%2329",-10.3501148065954,122.545246557011,0.218830162981128,2.54663402338299,0.760757215754988,0.697296863732357,0.698928190444094,15.2403486515152,32.558448520925,2.19533077040297,8.03300166079397,1.50991722878677,36.600554,36.45579835,31.0484955,18.0019665,14.4034845,14.9117301076923,25.9319980042189,14.5763219375,19.024773831971,0.224762234021928,0.103486613501923,0.241901360813265,"1546105"
"100%2330",-8.24475489876196,196.157201654127,2.56019170552497,14.6448206055107,0.441554276796262,0.326963989490661,0.31948309305988,13.8006321666667,123.617946250582,5.38549715659552,36.2140241406215,1.51416837108927,91.025576,60.2467402499997,32.5341782,15.578204,11.924765,12.6125561076923,32.3591291623518,12.12722853125,17.5544548859149,0.134391117620042,-0.0247402726160954,-0.000493507147821879,"1546107"
"100%2331",-7.80080048516575,148.91213892388,1.47119150290005,7.61748766535326,0.657521364366514,0.551304295802207,0.512315867948714,15.8656775909091,72.5886942961082,3.55518537615762,18.6627490746451,1.58661966580912,65.046002,48.3556393499999,36.5103358,17.9957395,14.039549,15.1090572153846,35.9221335236446,14.73000309375,27.1440850966192,0.340767580470392,0.162348132465101,0.12457399920803,"1546108"
"100%2332",-7.6327006399944,175.74029207644,2.32085618572663,12.8825031345658,0.54736810972272,0.402563398978267,0.42323907393211,16.1284591666667,95.8784735565155,4.05896112632544,23.0051730839165,1.68873610694735,76.011126,56.5421595999998,35.59322445,21.015068,14.4853405,15.2071873692308,41.3365731622958,14.725129828125,26.8777913770555,0.189144723365513,-0.0646345716536563,-0.0600306411226521,"1546116"
"100%2333",-8.77882114600551,138.751378180997,1.77682305569101,10.6164305904477,0.596624945956569,0.493422913702114,0.525746212170436,12.6757343181818,59.4528258802539,6.10112552891872,46.083982638517,1.38228027133812,69.905369,35.3311604999997,16.69871325,15.4852385,11.910417,11.7952784,9.20411156509849,11.718419015625,8.96394708548039,0.113913690865191,-0.0472555209707247,0.0877279794734267,"1546119"
"100%2334",-7.42666542586291,214.417924416534,2.97175902454022,15.6802453334881,0.277529130694418,0.141268508884582,0.149508024288966,14.4154185151515,156.566484062692,4.27756526348103,22.6461404245215,1.69939682404156,84.693524,77.1941047999999,36.5843227999999,16.4686785,12.218375,13.3342168923077,81.8214005522705,12.39950221875,26.3099110732356,0.0256967029798084,-0.150120666404412,-0.11084396498131,"1546161"
"100%2335",-7.83906191002774,134.748472608692,2.09388076219315,11.5526236736375,0.621260455358398,0.527876977852974,0.532453617071974,13.8623082121212,60.9601924302721,4.51556996067513,28.5677319862458,1.57775435451869,64.846442,44.3921126499998,29.9237238,16.731889,12.41594,13.0779369230769,21.292312485502,12.760744640625,15.085293505029,0.228236848612281,0.0649944178693931,0.121219730432184,"1546182"
"100%2336",-8.78994753858058,142.22213736981,2.98991683733055,18.9062851086179,0.349915667767949,0.308834086452876,0.319168627762832,11.3231489848485,87.6395419350072,7.31527207268109,57.645760881663,1.15707186464169,84.842821,39.2435809499996,14.06391635,12.837264,10.640006,10.1920771076923,4.55248555478367,10.1217948125,4.30254407543975,-0.0298331892775701,-0.0672777663363489,-0.00466273564483193,"1546209"
"100%2337",-8.27336825003531,83.2057478192359,0.177516312751533,2.17900284163394,0.907774935390755,0.838207050818714,0.802659680979514,11.9434176515152,12.6913683966639,1.78281867027225,7.79835075748791,1.33281886412127,26.475857,25.23121555,21.7431568,14.6021805,11.6041195,11.7198416615385,9.58752948074324,11.5191981875,7.12057739005537,0.627194481978756,0.391608224121764,0.411324480475756,"1546215"
"100%2338",-7.8182123663506,55.2222237990053,-0.039292790638653,1.84881229599355,0.898925755878101,0.877248643839776,0.845417479091801,9.7542416969697,4.03950721691357,-0.936805459091207,4.24899190632076,0.967687417504808,13.357477,12.84274915,12.4099704,12.154599,10.2410735,9.69880730769231,3.8988373618284,9.654013859375,3.82933724981687,0.269320263512806,0.259898118666657,0.26537935149757,"1546228"
"100%2339",-4.55039780162854,79.0123163861703,0.570968425136469,2.89535189071277,0.811050612571319,0.657097564431165,0.511162129911999,13.2658019090909,49.6594447166778,2.32440611304666,7.56011445210148,1.4200241235904,37.454598,36.90760675,36.27874235,22.9547935,11.1725715,12.8936665846154,41.2834459921722,12.523050859375,33.0003588090952,0.727514350701474,0.517921118232751,0.323128531467063,"1546236"
"100%2340",-6.98376409512235,86.3468761298996,0.592337385687334,3.50844287984182,0.91715226848161,0.833934043121751,0.771202720347964,11.5859571818182,16.599704383372,3.62066790914021,18.4720642250369,1.15375102717937,33.629751,30.5600441,21.3138225,12.932681,11.018887,11.2468218923077,9.26424330777849,10.97087965625,4.45962946282879,0.707649532870896,0.41264166839879,0.23631420078732,"1546246"
"100%2341",-8.84937808684013,70.4919688743136,-0.0309089734602528,1.72933373766084,0.896531079020553,0.827119940909371,0.773991525029486,10.6896517878788,9.98765049964626,1.92113266188865,9.743964674383,1.29268245443713,25.45846,22.6542976,16.4735408,13.2442135,10.3941175,10.4624393538462,6.73402430936303,10.29553428125,5.02851872740555,0.509506872179601,0.232166834923675,0.129948203841895,"1546247"
"100%2342",-6.37718256047987,73.7483242950262,0.438298358456317,2.84389706473452,0.900597946440219,0.811902619730264,0.718642590358648,12.7831521969697,17.467968329839,2.67727207110817,11.2896755683382,1.29031354529445,30.546693,29.58549445,28.06938765,15.4412195,11.916818,12.5098669538462,12.807507912944,12.25114728125,8.65679373984677,0.705360737494827,0.452533216549153,0.177876066948668,"1546249"
"100%2343",-7.39774034851408,67.7885826121462,-0.188935959934238,1.96895051483184,0.878661299033234,0.806152407066498,0.77371115889345,10.3674959090909,11.2361144575209,0.71576367871608,5.63943344782509,1.40608493136332,21.933796,21.4053252,18.03076835,13.9101065,10.523192,10.1895528307692,9.31917097477614,10.01875265625,7.56855754623004,0.471246077687442,0.307069249245629,0.297140159669872,"1546253"
"100%2344",-7.537224478605,86.4919261017906,0.20898026749854,2.28214926694512,0.884418486920914,0.795651965435673,0.755477572557401,12.5465985,17.7362671860843,2.20335159179473,9.03732814033835,1.36562240566098,28.999606,28.2853184,27.5574974,15.3764785,12.284494,12.2934753076923,13.7804237031546,12.049612390625,10.1302498726789,0.569664254387046,0.2607831255984,0.205309988086209,"1546263"
"100%2345",-4.43405676164472,41.4063970753647,0.718372355252506,3.85856008406705,0.668425992052435,0.448959848297807,0.373728337614376,11.538277,21.3764370185741,3.30144003028377,14.5707845259721,1.166781315001,32.387054,32.03671505,28.3240441,13.0744355,10.8373195,11.2175265846154,14.9151705684177,10.895174328125,8.39400658636047,0.423981580240944,0.0706681730857038,-0.0400930384028064,"1546268"
"100%2346",-3.94711545829957,79.969190698084,1.62974183674572,6.4462032593019,0.430812790517949,0.39420895347267,0.479260696028655,13.8191163787879,55.4259259465278,2.27482602447668,7.89743113872739,1.63329880828295,43.479263,40.16941945,36.7608359,25.7581475,11.3862065,13.3628064307692,42.5361937679398,12.97180034375,33.263247389968,0.212993701655286,0.130204611024753,0.26897513510395,"1546275"
"100%2347",-5.60685591720684,26.8420239380712,0.280988468514138,1.9704672043405,0.63165580154383,0.692503677273663,0.561155970810751,8.98105322727273,8.09019826132245,-0.711108999582026,2.39596351037282,1.12869461294693,12.789513,12.6487295,12.45113585,12.1179705,9.714321,8.92246153846154,7.98808577410686,8.865423078125,7.9014295270857,-0.190823128383001,0.13252463751483,-0.1657612996579,"1546281"
"100%2348",-8.82576271263437,80.4382847145962,0.0953825237876302,2.85657278225154,0.62506909939081,0.552907904851351,0.509395055662842,11.4684224545455,26.4342128440221,5.52224115529822,40.6485829192149,1.22805261937672,48.433036,27.3478978999998,15.62726395,13.7514485,11.211294,10.8997360923077,5.49621725433796,10.8201325625,5.17020872167712,-0.00190327281762894,-0.0808338667974278,-0.126528794988345,"1546294"
"100%2349",-1.86282389526878,143.89628482186,0.258842955213707,8.97463246942216,-0.0766447568071097,0.0846136942228154,-0.0997056912531719,47.0209513939394,141.439937634293,0.233924806186381,8.89098808505887,2.12352492336581,99.543645,72.6936237499998,56.49438475,54.7025065,50.9282845,46.2129099538462,100.522492726895,46.025050421875,99.7992284318459,-0.091957108445078,0.0733172825042998,-0.11248960971647,"1546348"
"100%2350",-4.90340355981429,15.7884013989459,2.59137841748527,15.6460730784316,0.283359349425387,0.325688318838236,0.159618812720832,6.66334768181818,11.4962839557721,4.16480189787963,25.7761881078452,0.794267062528943,28.345032,17.7184601999999,11.7457398,10.248269,5.6410335,6.32978330769231,4.32964721150886,6.241241484375,3.88772040822572,0.0471105221926499,0.132227557008113,-0.07837902693374,"1546359"
"100%2351",-6.70280036044421,8.50081482792894,0.314597126190817,2.68572598263421,0.616585823472903,0.554923904725826,0.470640509614602,6.19543271212121,4.13262639818172,1.68233962450927,5.18311523020538,0.73648509933328,13.588576,11.8656366,10.87116725,9.777817,5.690582,6.08169204615385,3.34236728559586,6.005813796875,3.02035370804782,0.280528117811313,0.21609375055179,0.11571665287513,"1546367"
"100%2352",-4.06777391722033,58.6165591965738,2.71857883559687,10.0349407950007,0.344873990819302,0.103557286381011,0.0747041019033018,9.67966031818182,53.2660783915677,2.74521524582151,9.96976101258299,1.42545149237223,41.180178,36.4430859,31.99266795,17.1491675,6.5033,9.19503696923077,38.5848103576657,8.809141546875,29.5082050148203,0.286488589523283,0.0206806339892382,0.00221158608134076,"1546368"
"100%2353",-4.02181577386161,66.0777396066455,2.71078805882528,10.6530627529324,0.608531225132826,0.179606786194371,-0.081083176905069,8.88127934848485,65.7769573700376,2.96783629994015,11.6472701961998,1.34515549204627,43.471812,41.9051573,37.97984525,13.3967695,5.879426,8.34911730769231,48.0979456747541,7.837985171875,31.8678321586865,0.610661865530373,0.186995085668143,-0.0630496362789865,"1546374"
"100%2354",-7.87992888639041,123.124920866158,2.95262501437873,18.8502856008446,0.527061052948463,0.482089708796733,0.447611626152758,11.2548821212121,63.3942003743235,6.41022722146996,48.1892820235844,1.32335069518314,71.026885,37.5238816999997,19.24630775,14.249974,10.1390715,10.3353128461538,8.55939075703844,10.1923676875,7.3649655427499,0.106978052787195,0.0678628769982256,0.0408497801958266,"1546393"
"100%2355",-7.29341574616525,211.869691741276,3.30745792533163,20.7439365296219,0.307342260546275,0.224545897620608,0.206482241364349,14.3323141515152,154.278838038332,4.97355273765077,32.7942880418064,1.76667628214988,98.765576,59.4225495499997,33.15260985,24.291847,10.76409,13.0333408923077,45.2884777665579,12.639520546875,35.9149700406732,0.0667698347699268,-0.0196728039747095,-0.0241222432306315,"1546398"
"100%2356",-7.58607831928977,591.714063653487,2.63178025983069,10.2705613846498,0.257655282742343,-0.0388773888844881,-0.0270579828608769,14.5742248939394,490.849186609782,3.37070748990505,12.9666349232097,1.48268888044462,99.674722,99.631744,98.95075455,22.5170665,7.8724125,13.2649864769231,385.269767206593,11.915867484375,272.98167367569,0.221944115854729,-0.104490029749696,-0.0566330252975276,"1546407"
"100%2357",-6.87495323887853,140.354857932141,2.57078046124375,16.9867588920662,0.294193296914965,0.207353245429109,0.231407366661026,13.619122030303,96.3755979272301,6.17709207447267,45.8564153713688,1.38635903306404,86.34957,50.1948773999997,21.5207934,15.2020895,12.8192415,12.5001920615385,15.2260172838372,12.21539871875,10.1919526776165,-0.000800552769123306,-0.0974821684765557,-0.0301628391038305,"1546411"
"100%2358",-6.81840253181068,305.350083094913,2.43279271175091,9.3280522623722,0.423413219957528,0.195246360266064,0.0247119869411052,16.0774868484848,284.750822159772,2.89656188817212,10.3217145406987,1.63083597344243,81.775607,81.3204146,72.24794615,26.998927,10.7102915,15.0667465384615,221.706269734956,14.03536271875,156.026512267985,0.396883297584215,0.168078110511433,-0.00492362695667364,"1546418"
"100%2359",-8.17489786271809,70.4008563186496,-0.102849235513369,1.89510590251723,0.917115177712675,0.869445388865294,0.823687632827283,10.6726687121212,5.58170234794678,0.81893742222299,6.009754671419,1.11116410226127,20.26737,17.4528414,14.4208239,13.771196,10.801577,10.5250579230769,4.22950431897102,10.440491234375,3.83074120948443,0.480682790006046,0.30830246252915,0.212387338908375,"1546424"
"100%2360",-8.12954109563222,66.6107171848311,-0.152475296449142,1.94269974661286,0.919732552615898,0.862951345208284,0.824751564438394,10.6291641060606,5.68181314284234,1.00787074046717,6.27251075957934,1.04756870334234,20.819244,16.7354578,14.4398449,13.0669885,10.730712,10.4723936461538,4.14714516417334,10.408892046875,3.94983485515042,0.515281212853158,0.344945499111372,0.304503313314733,"1546434"
"100%2361",-7.03166518980782,63.6323628332807,-0.250533494446762,1.96404011780473,0.937598421870509,0.895705222121556,0.853477715335583,12.3546714545455,7.04984309610616,-0.490255222914075,2.91563560634719,1.29190736746727,16.861059,16.78568435,16.6852822,15.6338635,12.866381,12.2853424153846,6.84107218637794,12.215658734375,6.63233593835185,0.76707647446985,0.710436870295951,0.660579174865153,"1546440"
"100%2362",-0.103500587838828,17.4064770080021,1.07336749105548,6.17272836277732,0.152921369652445,0.330586554012038,0.388260014571658,84.6931290909091,11.7762153368147,1.69990068252727,7.80845321538268,1.33672984409574,98.642254,97.77500255,92.41100565,87.4315365,84.75254,84.4785271692308,8.91782488444814,84.278066328125,6.44517022517353,-0.237331547109848,0.0274825766527944,0.154987605917002,"1546460"
"100%2363",-1.11215249053998,25.0921445250878,0.150906784689797,3.48908778715294,0.203129753141673,0.112464133505691,0.307905606416093,84.0044808484848,19.5953428484874,0.51239328955822,4.24661842810681,1.64170006588452,99.1132,97.39955105,90.66930455,88.12664,84.5181015,83.7720390153846,16.3308820803913,83.573526859375,14.0245921674643,-0.0135701952972728,-0.116393819683128,0.132980291718257,"1546463"
"100%2364",-6.32184917903635,127.720460315444,1.50462606804683,7.22526535037347,0.608159379886083,0.437281623313871,0.363087586272114,14.2444420757576,79.57645870724,3.65916127771756,20.4446766702108,1.63050323743616,67.731959,43.6649601999998,30.5628149,27.4222595,11.3266395,13.4215572,36.1095036805836,13.151490796875,31.9328836392958,0.404651046623707,0.159297992553397,0.067940297220558,"1546496"
"100%2365",-5.4445818526711,166.065706290251,1.22861067256324,4.13685255827371,0.655645387083068,0.599514005138638,0.503230572900696,13.3229733787879,90.4252333405799,2.26743452262627,8.16166705463532,1.82299545997861,53.51789,44.9797402499999,40.1199287,23.49452,11.0682245,12.7045900461538,66.578126335337,12.27212621875,55.4617870284957,0.381944454048725,0.307327206782578,0.171148772535966,"1546508"
"100%2366",-6.58143613558686,58.3771830027085,-0.155463897355837,1.78640622401505,0.839811721891,0.812285515762429,0.810515209187086,10.9598800909091,8.92688753148193,3.5214185370689,22.7473977721634,1.08670867313654,29.44583,21.2801009999999,13.98163535,12.890944,11.053078,10.6754808615385,3.72595143273938,10.57848571875,3.17264567177992,0.118741380381265,0.13055127248025,0.353096671388842,"1546510"
"100%2367",-8.59647155664253,104.193614155486,0.498491576637741,3.42607474169211,0.859686478034706,0.698269123426788,0.613575009396687,13.4886408636364,32.9729327592032,3.62310634257034,18.2503076038488,1.42445156369414,41.828069,41.80801,25.1596043999999,16.3281015,12.81814,13.0526496615385,20.9343789795592,12.603515921875,8.14960610434926,0.640377232937262,0.243455058529372,0.0781133959966271,"1546534"
"100%2368",-7.22459692394534,99.5026818440506,0.809549371202335,4.59052791372604,0.838255485930863,0.647275444835121,0.561538488680671,13.5121826363636,38.045508418497,4.10561835680368,21.3273205227042,1.41621507653069,45.666041,45.06829385,24.7833180999999,15.800437,12.6397915,13.0175078923077,22.4804191737781,12.521743484375,6.8558230921329,0.658789703104954,0.235772427630029,0.086437612775354,"1546538"
"100%2369",-4.50669095158122,236.473970215398,2.18771075167188,8.55961375289063,0.254753804054072,0.260384656404753,0.243338950558073,15.9853538333333,183.616275514426,2.99055403621541,11.6394007346156,1.70343195183949,72.689092,70.87977995,66.05360705,28.211689,12.1718795,15.1129886307692,136.21375221302,14.25685509375,90.6993909327597,0.0481192701139838,0.0640850119682755,0.0576893395444024,"1546564"
"100%2370",-5.74983004903484,81.3491378860435,0.617275742712869,3.93919699650469,0.643348079901504,0.471075151773613,0.369900613782868,12.0991815757576,37.7802690367058,3.81473352343401,19.5085157860309,1.45951727204108,45.425815,41.63316185,24.7034627,14.4295465,11.1759715,11.5864641384615,21.0114786914733,11.148893828125,8.89437757430664,0.313431991437502,0.00474939900285366,-0.152551074375833,"1546569"
"100%2371",-9.47328504004972,83.2210405756894,-0.136024541838244,2.07661853900442,0.860918587089004,0.792171280862398,0.731940361253851,14.2119922272727,15.8799086656684,1.65312130737404,6.75970178792728,1.46445852285136,28.810996,28.76579565,24.1923383,17.7561935,13.4644135,13.9873921692308,12.7948326720508,13.75685990625,9.5403188546743,0.454267973506813,0.300054327831005,0.183945090150246,"1546575"
"100%2372",-8.68782007675129,61.0841109165339,-0.176732620364435,1.80611183611434,0.871269494772576,0.769615860770386,0.713602625641461,11.9100994393939,9.23851378223967,3.0892797812213,17.8267936644314,1.09682369931074,29.317905,23.9048519,15.51997115,14.1541935,12.0446765,11.6422870461538,4.6468952172878,11.496226984375,3.3328227480133,0.403193904959041,-0.00959724866217129,-0.0999700524833566,"1546600"
"100%2373",-4.18304901673622,299.523708177611,2.93027309345282,12.4774025533315,0.281268256803113,0.109885746705582,-0.065470592288869,16.743275530303,300.443281778861,2.97364854292059,12.520190123737,1.44940493678349,99.125941,89.4779292499999,67.8491361,29.7033755,8.9374685,15.4758499076923,199.045217329808,14.40074059375,127.024396450429,0.283701990686514,0.11687276190371,-0.0547780942011132,"1546645"
"100%2374",1.95170880779321,223.812661976231,2.90378319655496,11.7998292208132,-0.051768300208885,-0.145334872900162,-0.105545922131146,34.905593969697,222.235631680597,2.89470780890103,11.7353797487399,1.79642660422261,98.943447,98.23237235,80.2164580999999,47.0839095,30.975189,33.9203962307692,161.59407880273,32.921504203125,99.2629428960946,-0.0583703469103227,-0.151500510628941,-0.108141295503443,"1546666"
"100%2375",-3.25284128576585,293.175105294133,1.78608970532669,5.53427373761921,-0.168675673035985,-0.0456353452217479,0.0265933630518853,17.5196350757576,286.00945500934,1.80039284467544,5.43736521362012,1.55591550210741,76.929512,71.2945248499999,65.9582667,45.5207255,8.5524175,16.6056369692308,235.27369291454,15.79853284375,196.607734857404,-0.205125584864237,-0.0646394500757238,0.00985132433505629,"1546686"
"100%2376",-0.895500545005546,132.356433039412,2.43436877761866,18.3578086152337,-0.0738267698823573,-0.0216708552128223,-0.220157808216589,32.6166620454545,131.621426412847,2.46900742694105,18.5002745427782,1.83978898560426,98.857633,67.9929094999997,49.8409296,38.3922655,32.7656295,31.5975701846154,65.1021888598938,31.288572171875,59.9132253887917,-0.0816974240839426,-0.0183490372280001,-0.21669736085142,"1546725"
"100%2377",-0.0655883479213988,377.434648802099,1.50676828388963,5.07000639760419,-0.0442919937157301,-0.0155441618296977,0.012713484248777,47.2919205,373.508517144371,1.52722556805728,5.14195501112751,2.49791599333992,99.138353,99.12149395,99.1012915,71.4021395,43.892825,46.4942830769231,337.263921749791,45.67212475,298.59729008275,-0.0532379221177595,-0.0226288284699652,0.00620160650422948,"1546744"
"100%2378",1.99320946496047,231.680669410068,3.09240038687228,14.9730096281532,-0.137557692909723,-0.141970823043283,-0.0904224906557325,15.3288098030303,230.818764630917,3.06690160242759,14.7625880612407,1.3008517449323,98.342051,67.6974116499997,42.65057595,37.5874425,8.687157,14.0516830153846,126.720335654651,13.471296,106.805150203496,-0.14194218504791,-0.146983275577473,-0.0926756161691208,"1546746"
"100%2379",2.33268189385136,192.885569925446,3.23777478178265,13.7514511168407,-0.0992288740064134,-0.0949671346935781,-0.0459636426570307,35.3450029545455,193.325379980333,3.26637590574351,13.9272171259588,1.99838326267272,99.082486,94.04402725,87.96042525,44.079547,31.5761755,34.3644262923077,132.838597620742,33.47432340625,83.4157961036307,-0.0967679229906544,-0.091864986792687,-0.0406455056194107,"1546769"
"100%2380",0.60005921058053,199.362790011522,2.68057697101487,12.0621105927798,-0.0732603219154927,-0.0927948137561284,-0.110290396310029,32.0088595909091,197.739385735166,2.68836694357555,12.1113238646279,1.60557646953022,99.139575,87.8492283999999,76.26153525,45.873804,28.8372965,30.9760793538462,130.383618938619,30.182427296875,91.4784297947891,-0.0812167755543109,-0.100849945705532,-0.112881895440444,"1546770"
"100%2381",2.21682414632965,295.564604947387,2.36554869902276,9.5413871909572,0.0877777316434312,-0.244867752167578,-0.209719322443681,18.9720800757576,292.829900672178,2.35510028238862,9.407577922198,2.0786495862271,96.749582,85.1555768499999,48.7559877999999,42.618443,11.492755,17.7755031230769,202.836413423825,16.8202351875,146.690838515381,0.0775282590341999,-0.255753554117173,-0.21712600756654,"1546777"
"100%2382",0.387129538543483,326.708314684075,2.3379640804142,7.97485667559945,0.14932799231553,-0.147924433486271,-0.152896242943045,35.8884237121212,317.068119226982,2.36224991788135,8.08581356473497,1.82442055670965,99.202077,97.17456775,94.58373105,49.768038,29.647985,34.9143675076923,259.326247992507,33.95861025,204.002544801341,0.124042984337636,-0.179322977165236,-0.177320338512823,"1546829"
"100%2383",-0.811303462389732,394.085313531639,1.76208366154518,5.45194282239661,0.370884924715923,-0.056733443352494,0.0454941033223687,40.9842303181818,385.113345215473,1.73983652476991,5.37102798548551,2.53185003507843,98.642848,98.12197505,97.7156034,66.324633,32.7421335,40.0971746615385,339.10489520422,39.1949195,291.489224717804,0.354687095510905,-0.0787757810188733,0.0293464274354497,"1546852"
"100%2384",1.4495860540516,416.881201769971,1.99326584721859,6.55981357035451,0.0494426935388162,-0.208391812375023,-0.111769054318157,29.1287518787879,414.817139560414,1.9935806316722,6.54985642123185,2.28369917643791,98.794547,98.54428595,96.5344675,54.6921005,19.913221,28.0569704153846,345.383718358038,26.957711671875,272.23630292053,0.0429385474749377,-0.215454848320388,-0.114432886525567,"1546862"
"100%2385",0.170518782490799,421.596741777382,1.73961080949317,5.08714312666931,0.0339650683399708,-0.0623720436656469,0.0344102631942332,42.3427495151515,411.71186845131,1.75241603437393,5.02503668995554,2.5223525044344,99.859048,99.44757785,98.9158838,78.310887,35.180129,41.4578833846154,366.368684644696,40.555256296875,319.135377473294,0.00712727180025546,-0.0969929368440776,0.0111142267400013,"1546871"
"100%2386",2.84394326833413,416.741973872105,1.81315327529703,5.26618998706092,-0.180001614116879,-0.0125631326337586,0.129056137000477,40.1019460151515,411.757332881216,1.79497600595037,5.20516507420728,2.41350184769477,100,98.82341485,98.0867883,76.341245,32.0336635,39.1804374923077,362.046315872917,38.258415125,312.445148580412,-0.192853608422315,-0.0185549626817093,0.126039055801351,"1546878"
"100%2387",0.767303228003452,297.771354008499,1.7776601307178,5.4743486702405,0.438117451228996,0.390785377385525,0.0848178974577102,28.4127656969697,293.106772138583,1.7695694260748,5.46012074252266,2.26191719515263,87.694585,82.9352681,73.0250766,54.916739,20.3168035,27.5007377076923,242.717633581687,26.6746155,202.149032973644,0.431569286957362,0.382740044769135,0.0751073075047529,"1546879"
"100%2388",3.02720808311764,348.201895143914,2.10004597590987,6.5690194353004,0.406868708311229,0.315351311369775,0.154079986283153,28.8789855909091,331.747553162261,2.13088963802638,6.75227735438202,2.20648622350298,97.889965,87.9881113499999,77.7643893,55.1344035,21.0063545,27.8172782153846,262.454673290407,26.9604178125,218.831893808517,0.379500570660846,0.28712147625842,0.122405304654405,"1546912"
"100%2389",-8.18148805202226,349.382409393394,2.18153239818871,7.01453121741564,-0.220820793422952,0.042991414482962,-0.00113326917004828,37.6058448939394,345.304344654346,2.18876682453309,7.01095260198891,2.14222514967738,99.447801,99.3307204,95.725317,60.139514,31.951066,36.6544301846154,290.874182545696,35.676098203125,233.205416357524,-0.236370871443119,0.0323883081723444,-0.0113960513789961,"1546943"
"100%2390",1.26981922773053,459.468489490276,1.36566726625086,3.73838646229204,-0.00402575310294129,0.153360400923683,-0.166152851031262,44.7193860757576,455.981481783085,1.37461967245315,3.76203322083831,2.60452215368837,99.67805,99.056507,98.0178173,84.465335,34.9324545,43.8738681692308,415.813146505831,43.016868765625,374.571108364243,-0.0101382095184366,0.150417382774618,-0.167459989705853,"1546960"
"100%2391",-11.243163184492,492.572649488831,1.50800010086249,5.27724072301798,0.22760750841124,-0.00156570447713893,-0.0509130316868604,23.7735480454545,429.770451972019,1.96638162972571,6.3088076525076,2.20846116472492,98.463847,97.47184885,73.3996362499999,53.4818125,13.4653165,22.6244665230769,349.236674304682,21.4633223125,267.056865286533,0.101494088851128,-0.147659106629471,-0.198752781197399,"1546971"
"100%2392",-0.319124836335464,338.075493622128,2.01020415346849,7.16597765157665,0.0486106747613673,-0.106129209770869,-0.0733400717403004,36.5942051515152,331.230124148573,2.02034886926468,7.1673854836268,2.35634057764356,98.998449,98.60799465,94.91485715,51.87884,31.41364,35.6341398615385,275.492098385208,34.653458453125,217.283820809969,0.0285953331306304,-0.127825935639576,-0.0894931773782384,"1547014"
"100%2393",2.28130456322082,478.268127622733,1.84996919669998,5.24265227608017,0.382547351309816,0.200466036928206,-0.00128515735963724,38.9176417878788,464.495538864158,1.85937665778962,5.27292780139577,2.11602381061096,99.613453,99.12073415,98.6342013,74.82012,30.294239,37.9838600769231,414.093037352238,37.032741890625,361.762563780915,0.367799717545343,0.183976097444418,-0.0190079077703454,"1547016"
"100%2394",0.920493536508872,251.257259283077,1.39638350201013,4.16197079368693,0.568243082203706,0.479794337192665,0.288817042797275,33.1637371969697,245.329601799954,1.36286577707324,4.0751903990861,2.38074102884477,78.591052,77.94330035,74.1721075,55.861113,26.9061445,32.4648554307692,216.867145639693,31.7597045625,187.935241233958,0.559234975491704,0.472835770178371,0.282972998182623,"1547031"
"100%2395",-0.690415923203563,314.892602187685,1.81902911472607,6.43709447086499,-0.0763628971730394,-0.130280427200629,0.116598911768612,37.8323773787879,308.273457927827,1.79687183543319,6.35517584252789,2.39772197858795,97.563693,97.190463,92.15805235,56.677191,32.313325,36.9134340615385,257.281976370386,35.974745640625,204.028170399967,-0.0998120081493986,-0.151189922001069,0.104109547450535,"1547039"
"100%2396",4.31122454342965,417.768793132721,1.32479784363824,3.53572852008844,0.0353428862954342,0.0975014749042376,0.0566977827149462,44.2764271212121,410.898519479813,1.3070100152894,3.55034050341904,2.4701697901108,96.762207,95.5630948,94.68421585,80.8451775,35.9053835,43.4689535846154,374.187143352051,42.6650713125,338.029081484536,0.0198362909318073,0.0810476249545808,0.0457329753975546,"1547063"
"100%2397",-0.358247917428204,319.841092555009,1.77384008937049,5.34669357324919,-0.207753375842261,0.13096997229025,0.185039898402816,37.783556530303,306.144449564953,1.85253455781172,5.64812024325071,2.18392672094938,94.998934,91.918246,86.62203975,65.020141,30.7282675,36.9033199538462,259.716479758498,36.069630984375,218.597125396563,-0.262704291347572,0.0937347126820091,0.157605243639182,"1547075"
"100%2398",1.26880974926487,463.749811150898,1.8834259402226,5.85232673709388,0.280446050616579,0.295391766766635,0.155334458825116,26.6091906060606,463.763246977029,1.88259392639128,5.84961455454663,2.37002465681774,96.489278,96.14485925,91.9238847,56.2787925,17.1747385,25.5341123384615,394.61570958468,24.433717171875,322.075061074884,0.282484585830386,0.301783569715614,0.165582587269817,"1547094"
"100%2399",2.76778663497262,401.566083886311,2.05006428708579,6.3098917826123,0.0243756503914095,0.0925782887316795,0.0668900118157655,28.6806412121212,394.603762063428,2.05363059503039,6.31063825760873,2.25798232158498,98.212442,92.55002875,85.20922865,56.0665655,20.5887305,27.6109212,325.150729486145,26.643888140625,269.446268669294,0.00737418727435357,0.0834946830115318,0.0625474325219479,"1547099"
"100%2400",0.785718607953444,564.154153516831,1.56612647020008,3.99888970648107,0.077051748304555,0.128394425029379,0.00832849480880573,42.4412703484848,563.311959559934,1.55841786830246,3.98535235115568,2.42969591821751,99.150444,99.05933805,98.9823035,94.097834,32.207548,41.5688215230769,521.741278504244,40.67129871875,477.532919002227,0.0748160685487211,0.129672285275842,0.0111317104581726,"1547112"
"100%2401",21.2210533395753,1025.87296861805,-0.338716791361197,1.32405197992567,0.373375507469851,-0.168850247702661,-0.696333307098146,70.8179446818182,1016.1751643051,-0.347373636519988,1.24506111369134,1.67818453918589,100,100,99.9629937,99.3062015,97.8670375,69.906005453125,1020.48674401426,69.906005453125,1020.48674401426,0.363492247411747,-0.186835279564556,-0.724523770392245,"1547126"
"100%2402",0.900612630156886,331.78982882811,2.60211757447496,10.1613483978494,0.00136286558004445,0.0796127131990146,-0.0282823475318952,21.1669746818182,329.195235843565,2.60559729605879,10.1898823193146,2.22255588127421,96.833948,95.53474685,75.5512875499999,41.385032,14.139438,20.0028674,244.820157537046,18.8336125625,159.780275622447,-0.00698190589132055,0.0732844089842771,-0.0329417002679413,"1547146"
"100%2403",1.26847547152959,559.554944213069,1.46305306871404,3.7277362788224,0.201245897105132,-0.00947252783430608,-0.0463546482917987,42.4216300909091,552.617629365927,1.47071413345294,3.75578084624494,2.27742760573213,98.812644,98.5621574,98.3922326,90.906643,31.007943,41.5540760307692,511.444535928979,40.66543221875,468.106148201265,0.192180415401647,-0.017737099940439,-0.0484787646223849,"1547149"
"100%2404",1.86875853020619,383.507048851373,2.37876947452975,8.35934280666542,-0.121154631915936,-0.104171623868965,0.270435192637993,28.9209480606061,382.365881558227,2.37780442000748,8.35910300572594,2.26798166980905,99.184261,98.9813635,95.2254619,48.251803,21.372911,27.8399740153846,311.127111077001,26.730096875,235.919699848937,-0.12817734594756,-0.110617670407629,0.267338261155401,"1547202"
"100%2405",-1.7898569099801,327.738435978723,2.89213166940048,11.9180359154673,-0.00990634852463458,-0.0402822976610785,-0.000270054720227171,19.5323130757576,326.486219016779,2.74567823054889,11.0660804694479,2.26116096400053,99.187962,95.22105295,63.6839157999999,32.8704895,14.3615275,18.3068415538462,232.391574157681,17.1384324375,147.286001398442,-0.0144233432801365,-0.0398579808867273,0.00147392755613227,"1547229"
"100%2406",7.70231778446933,778.904095150479,-0.311532328803481,1.47955265002414,0.294685745757456,-0.0124234706999574,-0.475267855245374,72.2297361818182,777.937536388261,-0.380596876322591,1.42456952489807,2.27734846493885,99.725156,99.68031055,99.54303225,99.004364,88.856851,71.8067297230769,778.09613154582,71.371582328125,777.945922004549,0.304437466587825,0.00423314007714936,-0.453361775527681,"1547236"
"100%2407",-0.764721485746482,240.659008898522,2.31189395220234,7.68027806656122,0.0138306333486314,-0.10916113194908,-0.136670415803349,25.9609533333333,236.11788798264,2.3190579694013,7.72441534909395,2.14334843070057,84.096555,78.9231231,70.5128514,42.850224,20.4968715,25.0665594615385,186.954404613002,24.268577125,148.4851395723,-0.00400851946143514,-0.121557908904927,-0.146288963716112,"1547243"
"100%2408",0.608629727175885,287.518745967148,1.94355632087735,6.62286827509368,-0.0476909756936233,-0.0565024083029935,-0.0270709987017732,35.6153647121212,270.593333227931,1.9600519588379,6.69595844332116,2.32056543472269,95.732584,93.0208035,79.35508525,54.571147,29.135073,34.6904844153846,218.29967240804,33.801888640625,170.386445479574,-0.106269108680923,-0.110664201775541,-0.0799951120834776,"1547245"
"100%2409",-10.9341607812847,434.386798837657,1.88643477475735,5.56503004845815,0.0136054810212944,-0.155525932345431,-0.0908561863214994,39.5679917727273,433.188268826352,1.89522072380481,5.52979483850236,2.24429990298891,99.125279,98.72151395,98.2059464,68.480221,31.135301,38.6517258153846,384.442845628759,37.7165324375,333.601632579158,0.0101889167090737,-0.159815379664136,-0.0910175195069855,"1547259"
"100%2410",4.65701776013769,638.586404515849,1.54480328152218,3.90436655366808,0.731186963987982,0.654532468126339,0.493075579444822,41.8962021666667,622.192074320273,1.53829219789417,3.89644298794019,2.30310468630504,99.71474,99.6605027,99.62258175,97.5190725,30.5981865,41.0066862,579.542508852021,40.090676640625,534.058082216519,0.721967311347462,0.645798982644348,0.482769790411017,"1547262"
"100%2411",1.93823765062596,467.235171677568,1.83149297251052,5.1870450785216,0.492556450946721,0.287369626630895,0.192005633279062,39.1694985454545,457.614278309353,1.8307972439041,5.21151138750008,2.17981471193018,99.974693,99.7750598,98.71574005,74.270122,30.1583885,38.2340340153846,406.8983014324,37.27413509375,353.364701308187,0.482355694232958,0.276252132898182,0.18401734837778,"1547273"
"100%2412",-0.681279806675119,378.485769389975,1.99398430747305,6.2910536821567,0.0995047350891944,-0.0154812661623187,-0.189819843487268,38.0742666515151,370.801010060859,1.99996720518933,6.30502803223818,2.38029083840539,100,99.2573503,97.47970455,67.0898405,31.2772505,37.1215630615385,316.601128381477,36.156939640625,261.065628641077,0.0814501427938918,-0.033994498082485,-0.204150176258024,"1547321"
"100%2413",2.03307117949395,490.291504269029,1.77111077571762,4.84446466253988,-0.0243597746860046,0.120135310582388,0.0951792185623086,41.626529,474.728383273191,1.77446950387343,4.89921969048996,2.23149473401888,99.422826,99.32826725,98.8122443,84.7311805,31.839329,40.7373552,429.850313785984,39.822667765625,382.184273269662,-0.0548634224405586,0.101937479375782,0.0786725319867882,"1547361"
"100%2414",1.40338870773687,423.634083919712,1.52176269601724,4.27769580140837,-0.0255715509518825,0.0953607273855471,-0.273544885052278,38.3715229848485,418.238753300116,1.53189143135166,4.32708294191961,2.30531125779035,98.891914,98.72585135,90.88569745,75.0891165,30.508926,37.4404400461538,367.456776702515,36.48425265625,313.769157738768,-0.0363491368419691,0.0862943567874889,-0.28288928321663,"1547367"
"100%2415",2.88511121220691,759.943127745929,1.01853885673224,3.19928486136461,0.0916234056370213,-0.0177843560788958,0.127045962591167,33.5289475,773.782578992762,1.08324717440836,2.77132779926604,2.4950350578863,98.104856,98.0097467,97.7771068,79.362414,17.79626,32.5354719846154,720.545348783745,31.513236640625,663.881138455787,0.198482485809619,0.0495216465099288,0.223668234666837,"1547380"
"100%2416",-1.41741147860652,403.432217071549,1.68554197398872,5.45051786281145,0.0992272793684746,0.00321756491967786,-0.037369878057014,37.3840253181818,387.245398490684,1.67538587322313,5.38084235692492,2.37357108815999,98.854556,98.691783,98.35214945,65.9157375,30.792847,36.4383248461538,334.175960741526,35.466984046875,278.069768485774,0.0641065257969628,-0.0302254225547704,-0.0679601614848932,"1547414"
"100%2417",0.993666280386667,411.19316959468,1.85729713900319,5.38575860730481,0.0159383190371516,-0.0521348382226607,-0.0370023780184525,39.7171885454545,403.469529750025,1.87291230620976,5.44990217482633,2.29178778257408,98.728585,98.649597,97.6959086,75.737935,31.768036,38.8093209076923,355.277992536706,37.87498115625,304.084811046949,0.000433540438945902,-0.0649789948180435,-0.0431521773489513,"1547417"
"100%2418",1.55380110475763,145.443852724416,1.06905140964046,3.63906297358911,0.119158244544628,-0.126804598865396,-0.255309098235222,32.5225164393939,143.52672621936,1.08130336610279,3.70792488915002,2.57715226164054,71.48202,65.79639135,57.91239975,51.3978885,29.5372055,31.9231394615385,122.024147435168,31.44170571875,108.865175573648,0.109214765824769,-0.133521725008572,-0.258431543995718,"1547442"
"100%2419",-3.68921602657725,336.945976463039,1.73404175151237,5.17188274857395,0.329578036580327,0.0862693126930219,-0.0298763651036193,36.486361469697,328.808170876627,1.69892035882749,5.00441079823616,2.34624169918154,93.363029,92.95246755,81.8983142,66.506709,29.1446825,35.6113358153846,283.332545004368,34.718834875,235.983350661879,0.313641238398889,0.0690340071064974,-0.0464761879516329,"1547453"
"100%2420",-0.151872320946243,296.173066746433,2.01235475604795,7.15080049861231,0.0583632154752854,-0.0184187653524117,0.027263577390638,36.8895544393939,289.883993134129,1.99180866149521,7.02994021405355,2.44208915409221,97.72126,96.67660535,86.01099815,53.0864425,31.421712,35.9536820461538,236.537175870344,35.01367553125,182.798273119309,0.0392091230732517,-0.0366137578032687,0.0121866170205554,"1547459"
"100%2421",-1.79776265026706,141.995911075673,2.11000406627683,7.23791963316124,-0.237382099695984,-0.127495283546551,0.123599571625256,40.3058894393939,141.179560094487,2.11376902908397,7.26100142798463,2.02345215909867,88.020497,78.9892851999999,72.3886211,51.5923445,36.2320795,39.5718185538461,107.786789036122,39.031904390625,90.5229828777694,-0.244140674160673,-0.132252309304475,0.121736307250585,"1547473"
"100%2422",0.0384281548782419,338.576882536648,1.8340474170372,5.65375694774456,-0.0190274072885503,-0.0450319620788582,-0.0022839022946955,38.1723090909091,332.635952113409,1.80752559617317,5.56403972189446,2.35009972434207,93.953992,92.1719741,90.6328728,66.455071,31.040419,37.3141293538462,289.146245866812,36.47196846875,247.563883793394,-0.0379760339452923,-0.0608533156604282,-0.0182330217181177,"1547489"
"100%2423",-2.74387522030004,141.78968749804,1.88481317683394,6.82532620035718,0.0747384781345237,-0.053845023676628,-0.184963987948423,25.6348422272727,141.311721571299,1.88283813488257,6.8308340685962,2.22244022251775,73.457744,65.2089982999999,60.0678335,41.560269,21.609185,24.8991052769231,107.759363289764,24.338663703125,89.0269440944845,0.0705982113166706,-0.0566607629933145,-0.185831826979579,"1547492"
"100%2424",2.21581523527547,196.843221931249,2.821868477098,12.032536563372,0.00224689430987748,0.172235759948115,0.315661046831455,31.3390126363636,195.889286459178,2.75477919259314,11.7420865303905,2.21475981945822,95.626474,90.97719235,64.1647301999999,44.4684705,27.958549,30.3499747692308,134.342038216219,29.441791046875,82.8292837824689,-0.00327189903779249,0.167314043492554,0.321299904828974,"1547496"
"100%2425",0.359663542311552,347.909863673313,1.82741071127618,5.68336066394433,-0.0184074113477057,-0.0429653680094729,0.138193648239647,38.5017981363636,339.730393774679,1.84390039111981,5.73847656379375,2.1737991056042,100,96.01216485,93.5173039,68.9744585,31.0028845,37.5556719538462,285.876801503189,36.67584075,240.026934954688,-0.0410016277895394,-0.0632137818002972,0.123998224292617,"1547501"
"100%2426",1.95744896416812,371.681969053273,1.82594019029197,5.41901897140281,-0.12533894698282,-0.120645622513866,-0.0736920858718728,37.9721206666667,367.424364383142,1.82846904389279,5.43677035853047,2.28048017481805,99.797368,96.82476135,93.8878,67.7908735,31.03866,37.0209630153846,313.366788991016,36.111538578125,264.504712608478,-0.136764456909984,-0.128021684216497,-0.0786684446768094,"1547508"
"100%2427",1.14871688456515,226.137953544968,1.97918514284029,7.54899502370434,0.0483043096668394,0.255001005348827,0.26298674165447,27.4182333939394,233.760938380115,1.9184623374445,7.3306227434283,2.48368933642837,91.968047,77.8455691499999,66.63587855,42.758027,23.131062,26.4251593384615,172.268319251266,25.740534359375,144.493773210266,0.077245376811794,0.2780112659136,0.283810677298141,"1547546"
"100%2428",-2.23616846017115,109.470561675748,1.85875210185717,6.05180333007004,-0.0330704950038317,0.0442865245286476,0.0163788394418421,58.5579655,109.145765154443,1.8536224686896,6.037079427203,2.15350599351508,93.06548,92.69222075,87.7744755,69.5314355,55.5001535,58.0270806615385,92.2235757994539,57.48857825,74.8155541011924,-0.0365676400804829,0.045719773754469,0.0182608531206717,"1547568"
"100%2429",1.41081144811861,315.308669818655,2.63910249583303,10.2715066685912,0.408582671669866,0.125194231245259,-0.0451861313596989,20.9693397878788,300.872039208106,2.64832648039924,10.2940461395149,2.26034949702821,99.238914,86.6081516999999,75.27649705,38.599278,14.3529165,19.7651924923077,209.802772988849,18.8270396875,155.872446780845,0.380668211364008,0.0910664934261158,-0.0829802490073699,"1547577"
"100%2430",5.43166942480587,477.534447527927,1.27999746529254,3.54846652015619,0.0458521275119233,-0.0295448119041455,0.0032462946695334,44.8346328181818,461.420805128568,1.28545642116639,3.57724609451901,2.5978965568601,99.259939,97.59076825,96.5091584,84.500712,36.264628,43.9973204153846,422.247510793981,43.173966296875,384.780847859799,0.0172971753711837,-0.0553409706011564,-0.0205641090390043,"1547598"
"100%2431",0.914906895295194,289.057876956633,1.98374090393681,7.13377135951249,0.0789493127769448,-0.0350326778748399,-0.165917780419346,36.3887989242424,282.631039834702,1.97669077714724,7.17664392044694,2.23255999838713,98.559111,97.1976795,81.52786785,53.2172425,30.23762,35.4323325846154,226.600570994903,34.478703390625,171.029643340699,0.057237074862817,-0.0561092760650631,-0.187265447471709,"1547615"
"100%2432",2.05322614544046,154.771883222609,2.72482609482251,13.6810403493622,-0.144881023871917,-0.0570206698811733,-0.0827664403374591,29.9033793333333,152.539242996739,2.68361042406173,13.4917731290835,2.08433245645852,93.649701,79.9670410999999,48.7271481999999,42.7998215,27.689897,28.9226666923077,91.4073798196502,28.240216875,62.5626661750176,-0.162674740955318,-0.068857870096809,-0.0899426353299262,"1547630"
"100%2433",3.46151616833941,620.241951453856,1.33081008023195,3.39952733775769,0.434823075250725,0.305269618921218,0.164090007934452,43.2728705606061,601.020416116309,1.31125883884079,3.35589630407968,2.5019125162281,99.543652,99.3585983,99.15383365,92.949701,31.337412,42.4071662307692,560.803580934476,41.518857046875,518.275078484173,0.41806588642045,0.289868126520227,0.150618285328706,"1547632"
"100%2434",0.440203352789957,520.788964127684,1.73100823053211,4.88463639994082,-0.17845471540033,0.0930270811128291,0.134021561733168,38.808158030303,515.908552037966,1.72906695528719,4.87921546937377,2.30232716503672,98.440353,98.4011307,98.1462084,86.118924,30.683214,37.8907396461538,468.296278240761,36.94559478125,417.548984570755,-0.190467776752552,0.0884814767474971,0.134338010844765,"1547638"
"100%2435",1.0034096412498,302.394303305259,1.80962929968715,5.87025547274509,0.0210692373713773,-0.138054162225322,0.1196783234543,38.4218635,294.369819093593,1.77861980130446,5.71627352095805,2.26920702456898,95.579293,93.31250445,91.7556488,63.4985995,32.1540995,37.5425184307692,247.864233989676,36.6901839375,204.516296898691,-0.00276914853072422,-0.159957453726052,0.105526240505141,"1547651"
"100%2436",0.618874715466696,360.013861949599,2.0016274603699,6.35806627123578,0.396432484242452,0.182216664073986,-0.00792488872145326,29.1052198636364,358.598351230765,2.00828419250075,6.39150868473112,2.45704391619204,96.838221,91.1831365,82.73836035,58.1047115,21.9491555,28.0631736923077,292.448474212078,27.124503109375,239.746321509534,0.395433302462554,0.181254015955045,-0.00406535927330465,"1547653"
"100%2437",2.9796408438716,370.629639158193,1.3950089252192,3.67861136773476,-0.0832766947574471,-0.115857370026468,0.149224576812975,42.9389007878788,367.56164688411,1.41310932142214,3.73629678951158,2.49886341454108,99.2885,93.6548505499999,84.9189682,78.7035775,34.279547,42.0719838769231,323.614476038492,41.313400078125,291.266742539664,-0.0883498349240197,-0.122154709496223,0.148851538450239,"1547659"
"100%2438",0.892239749344109,257.22309227689,2.79981995855429,11.8862343501517,-0.0324748686162196,0.0390330741398,-0.0204112562199877,20.214713469697,246.679081987265,2.83038888693126,11.9518559920092,2.14197701593752,96.579142,79.9241126999999,69.59987885,35.4229995,14.8008405,19.0398761076923,159.378118194372,18.228686359375,119.096528785778,-0.072432716485784,0.00203549082791664,-0.0534473783063753,"1547669"
"100%2439",3.07254762909161,385.079848788363,1.46971642952533,4.67868206095395,-0.0986233582893421,0.174004210276797,0.126809517893613,41.367539969697,381.954645396863,1.45479664361741,4.59015990571931,2.50708639533797,98.819311,96.9557376,95.3198676,66.5930945,32.3176265,40.4836665692308,336.26954629925,39.6169695625,292.698117364231,-0.107336726928671,0.167416616131189,0.12325418980525,"1547670"
"100%2440",-0.589520518901977,333.307166280272,2.06712793483146,7.09073209235119,0.329356264394058,-0.0209801972882473,-0.0416286020999228,35.3944475757576,328.767919892241,2.09578230482653,7.23087342397601,2.31557178910883,99.54512,98.99447315,93.1442577,50.4982965,29.7815115,34.4075141538462,269.539407657721,33.402975765625,208.159631630725,0.321205560056465,-0.0300885319381856,-0.0470818630577738,"1547681"
"100%2441",-1.45037147403729,369.359653318705,1.81725156102697,5.72772080279104,0.132211585030535,0.131548542227854,0.0588316410006817,38.0456931818182,332.3702779318,1.82319956280312,5.69223578153892,2.39953041415463,99.117957,97.5603503,87.62988915,65.3990635,31.1278255,37.1061198923077,279.219001043195,36.17462740625,227.182711581669,0.0463202390928995,0.0464600180752334,-0.0339388207376957,"1547693"
"100%2442",-0.879422761132535,297.239325588796,2.21923324561586,8.07959062082581,-0.191575908991093,-0.0616443133575466,0.0560186828555894,37.2501662727273,293.309453800589,2.2144584425266,8.02181721628493,2.22148556579788,98.466602,96.8985199,94.3025485,52.0369155,30.724591,36.3083749538462,239.281828306873,35.3748469375,186.374760649461,-0.20897835215601,-0.0763059283429666,0.0502197458511278,"1547745"
"100%2443",5.97541906060606,0.0352720207780264,-0.0472993776754803,1.91770932202621,-0.102185485769637,-0.201299289585486,-0.0742225492990046,99.7254190606061,0.0352720207780264,-0.0472993776754377,1.91770932202621,0,100,100,100,99.997929,99.6908465,99.692841661017,0.0294504168563593,99.692841661017,0.0294504168563593,-0.102185485769637,-0.201299289585486,-0.0742225492990044,"1547764"
"100%2444",-2.66664521730671,216.70492938248,1.93275706160483,6.31762044133887,0.130425054207332,0.187875647913439,-0.0291370979988787,27.156792530303,201.832415043347,1.91512700215943,6.30377983984772,2.2616695960339,78.412249,73.4987963,69.5095022,47.617871,22.690358,26.3682470461538,163.89846640318,25.673171359375,135.055916267909,0.0713387721252503,0.137669622120702,-0.0891106255050964,"1547772"
"100%2445",-1.08839429868118,219.514455640945,2.43094580772793,9.86616098332539,-0.116238945209877,0.260550766380633,-0.0514090854973648,36.3983998484848,214.183449608365,2.41897906242839,9.65075562153772,2.05382881294189,98.113962,94.8927401,73.7273482999999,51.001752,31.3855025,35.4489296615385,157.979999632939,34.54722175,107.598421874686,-0.140840729307313,0.245175936102571,-0.0741298615025562,"1547778"
"100%2446",3.19143396627545,292.194362538366,1.72913932082039,6.04300813838671,0.236211407372809,-0.134670214723012,-0.0846784318072127,34.2972626666667,288.98331016508,1.72117845784657,6.0331689432585,2.62508715860326,99.109062,87.7287196499999,81.4564867,53.4747645,29.3288455,33.3001580615385,227.810846069063,32.545459859375,194.348381076222,0.229251628836902,-0.1449914444483,-0.0900896682491058,"1547779"
"100%2447",3.0193478968426,626.348789145966,0.759201702004722,2.28666410398467,0.284764157777975,0.228989619755534,0.273025627916951,52.8009056363636,591.290853517648,0.717519049785848,2.12009170602081,2.84340362102874,99.409441,99.3568339,99.3142494,96.177319,45.2182305,52.0838512461538,566.452613977195,51.3456535,539.882601762858,0.250149658587338,0.203132327809576,0.250704126999998,"1547781"
"100%2448",-5.26118592796876,513.961054207822,1.38272972538759,6.98557735719506,0.0176302834805212,-0.209942383956266,-0.0710606147607147,19.6769027878788,463.687493714038,2.25729039221446,7.25589442163156,1.84745213144694,96.479613,91.1136511,85.72568725,40.846796,9.423604,18.4953226307692,378.676457396932,17.4058075625,307.435476584688,0.152023597805403,-0.00111186068649633,0.168204055824607,"1547802"
"100%2449",3.11906736383352,224.803355736966,1.77474977832994,7.04738552136917,-0.190124277045212,-0.165408418753565,0.0815739070650545,34.8484534242424,221.517768083125,1.783804635533,7.11084845628023,2.48549204006093,97.67574,82.6202274499999,69.50908565,55.367512,32.9872145,33.8818797846154,163.264270091699,33.247012078125,139.616569003498,-0.206183226922879,-0.179583325061466,0.0737118839814752,"1547840"
"100%2450",2.73996087073231,527.33242606066,1.36303991493531,3.59859327655757,-0.0525389259260727,0.0768582990788594,0.0342439481908484,43.537792469697,527.732544160863,1.35939885587549,3.59506739070517,2.52704717319496,99.391978,99.2656765,97.7418462,87.620547,34.589591,42.6784973076923,487.117886799378,41.795385265625,444.036456655739,-0.0544730265078739,0.0776539656529261,0.037805488683448,"1547851"
"100%2451",2.05638462267357,231.12281326742,2.58605799748259,9.30293029794119,-0.0269597566090339,0.104690314996352,-0.168445187044254,18.7109459242424,228.012998003594,2.55741400735862,9.13679920373,2.07341210512652,79.438039,74.830371,66.99137505,30.855411,13.8349585,17.7766829538462,173.912968622231,16.923985515625,129.369318882274,-0.0349365423659951,0.0994208782555371,-0.169707173436248,"1547862"
"100%2452",5.29758637338228,545.764155518436,1.78565647522078,4.93041220023222,0.387316589959057,0.300919369769622,0.219297233244921,31.5722813181818,529.397574302589,1.79406291799097,4.94692392646133,2.45279479078193,97.561239,97.05067895,95.39215255,72.2191605,21.5875635,30.5570665846154,469.518529322259,29.52239946875,407.269913700462,0.368499534030816,0.284043783103774,0.203063455202005,"1547876"
"100%2453",0.702077851328509,190.198363990185,2.19939375744475,7.04559576147625,-0.177063365481383,0.304223791844362,0.0594282176801722,25.8245621363636,187.211496256965,2.19458813324341,6.99740674109853,2.05350194242789,75.914237,72.68742705,62.29941825,45.9891055,20.4314935,25.0539517538462,150.89820925397,24.33682734375,119.828611502439,-0.194196677452316,0.29449282055347,0.0509676047037642,"1547898"
"100%2454",4.95826554780519,386.756661415643,1.64378810012926,4.59742436133696,-0.0507165789880766,0.122595521785201,-0.0386757138812293,44.0406568636364,380.60280469016,1.64337589953707,4.59598790582558,2.49480371081587,99.080593,98.58881795,96.78747935,81.067197,35.665091,43.1938886153846,339.1351456823,42.332480375,296.202562154422,-0.0658472225714811,0.112970384979679,-0.0461266982877668,"1547911"
"100%2455",0.824961402664062,316.246971273481,2.09425384283704,7.06369264570615,-0.0484927355567375,-0.16252330069317,0.141764904711123,37.4289442878788,312.607182848243,2.06608144004993,6.96513782584507,2.39502013125606,99.062301,96.68082255,90.6582635,51.4724135,31.819861,36.4807388,258.076343404764,35.56014896875,207.022219839404,-0.0607622182767533,-0.17531226220345,0.137634640454663,"1547924"
"100%2456",0.684775139559453,269.566763028915,1.4109592285366,4.78442470791733,-0.0588207664406957,0.26164478880874,0.0223647945620202,42.0534297272727,256.462847373391,1.39834001813394,4.74853568820358,2.61821909063329,97.905861,87.7161106499999,81.76866985,63.223445,37.8659285,41.1941615538462,211.677871245661,40.552987171875,188.263539757628,-0.107042789891297,0.232292915104924,-0.016895149938837,"1547932"
"100%2457",1.19283348378321,394.920737323473,2.04630137051259,6.12859500578678,0.46416045337308,0.163736237230241,0.022403201310734,37.9714637727273,383.841696861973,2.0430785742997,6.13562640580865,2.02723509294487,99.539175,99.37931465,99.20767235,70.149684,29.8830105,37.0242682153846,330.533111762694,36.05131559375,274.166299377518,0.448112900422246,0.141945171526081,0.00470379920151199,"1547941"
"100%2458",-5.7129958355079,238.794996411893,1.9570010664411,6.82968438686938,0.170982167791548,-0.0294722204614373,0.223139160145108,38.0436070909091,232.18535374076,1.94307098539899,6.70345615645842,2.20438860322898,94.414513,90.2089974,81.6268294,55.299957,32.425852,37.1763623846154,186.117952986768,36.38311040625,148.124880425447,0.147365705412409,-0.058968670196446,0.209332336065012,"1547946"
"100%2459",-4.60024215706215,459.010438897454,-0.525502263870399,2.55788513400597,0.674713330455367,0.465900262542834,0.163016836613707,66.8968616515152,556.078817038009,-0.0702756040063359,1.74903240702213,2.93927341495417,99.56827,99.5113768,99.3483576,98.638339,65.9952635,66.3942246,547.959371394984,65.877247765625,539.149008499805,0.785683759865316,0.591668277314035,0.330909379921823,"1547957"
"100%2460",1.47872166181572,501.412647279573,1.72151770649526,4.71100725693136,-0.00569406696269195,0.143597203852171,-0.0715757320371364,39.6053393787879,491.049368822435,1.72155941104386,4.71628180431731,2.11824605885958,99.654586,99.36574875,98.88167965,80.7510965,30.561031,38.6815048153846,442.274934661085,37.735743625,391.045305614713,-0.0267538188113901,0.126443675608321,-0.0868354609625769,"1547980"
"100%2461",-0.549975032636064,244.613228249695,2.52573895015674,9.65817626983759,-0.0249264163040653,0.0488152696635765,-0.0136950765955159,33.6515330757576,239.813438831819,2.53185765209554,9.68836610329832,1.91556498905748,97.022118,90.8536160499999,83.526706,45.620972,28.844686,32.676601,180.770367897804,31.81948359375,135.84263876992,-0.0446681020942367,0.0374471939603499,-0.0221769903177333,"1547985"
"100%2462",-4.5265299347983,330.183260770151,1.94274988725915,6.77594640835347,-0.0633804529642895,0.0497287401548096,-0.179001226173916,35.6394016060606,320.42965385757,1.93048062335717,6.64419331750024,2.29867453689081,98.204725,95.90742935,90.2490461,51.1197405,30.1665935,34.6768581692308,264.211009566238,33.739458703125,211.222652252111,-0.0934378651784981,0.025645103037589,-0.205944142252457,"1547989"
"100%2463",1.84278031965207,248.700967868191,0.78763623535101,4.31677362317831,-0.0446376202808622,-0.0833739743615656,0.0298995080894601,51.7302004242424,240.794005270341,0.721995135508533,4.27365736570418,2.69541918579749,99.510737,99.3996598,82.47847,70.132144,48.4529245,50.9951152461538,208.835413971342,50.23972878125,175.008901076249,-0.0742219218795535,-0.105499448399995,0.0107686313265694,"1547992"
"100%2464",4.06173393496558,558.013110243323,1.47911303402778,3.79581439261265,0.308189455758216,0.223164893547202,0.137097650111733,42.4792105606061,539.374314983087,1.47385098383329,3.78970713215915,2.33305556134215,100,99.6615684,98.40900425,88.4873765,31.8248495,41.5942753384615,495.987098439572,40.689821265625,450.564480811101,0.286015334718074,0.199902508593832,0.116893997932497,"1547997"
"100%2465",11.2553582425211,995.481560621815,-0.356639917137429,1.36650245646696,0.408572797173201,-0.138520727766385,-0.662296338346578,71.7031687121212,963.646168996329,-0.374669303762331,1.26394746040465,1.71570737338638,99.640154,99.5300141,99.4492095,99.288397,98.119042,71.2733689384615,966.279456874294,70.832785515625,968.760179476862,0.38635257647628,-0.168755083219774,-0.7032894043273,"1548000"
"100%2466",-0.53522681078203,308.511836128845,-0.490315788098716,1.90505120639494,0.218750880744089,-0.0142548251700492,0.0501351568936746,81.5418336212121,307.051013370711,-0.572630739388318,1.92762160239822,2.29119351742539,99.320679,99.3137617,99.29445985,98.8727425,84.2987515,81.2683129230769,306.837179342523,80.986410984375,306.466044571897,0.245589487200859,0.0810671778390107,0.158135890677187,"1548003"
"100%2467",-4.22578442126671,226.482475640284,1.97654341088634,10.2933048794783,-0.191584302668879,0.060720130907173,0.120645178983549,25.6395819090909,220.285936640016,1.95198678381691,10.1178310821231,2.25757507848745,99.154571,75.4150356999998,44.8093900999999,38.253645,25.647803,24.5085820769231,139.25035010586,23.91290040625,118.361754395833,-0.230619226974336,0.0314811651498216,0.0946669309346806,"1548036"
"100%2468",0.0871247295419722,601.627586426078,1.32780985655378,3.37433309619505,-0.0050670082476994,-0.0760730030104803,-0.0999875674241229,32.7064670151515,594.9690766204,1.33873887623485,3.38009468109443,2.29204704038522,99.19634,90.1137697499999,85.09266015,82.6512675,19.7140005,31.6835458923077,535.062183874981,30.8469895,497.933801659821,-0.0152779318719768,-0.0847546564992808,-0.105539550058256,"1548095"
"100%2469",-1.56500815574629,428.579520140097,1.65049722160766,4.70575291377319,-0.0920907614558636,-0.0949883616792943,0.00628669661689705,19.9653330909091,426.911524665374,1.66804687450547,4.68868726954542,2.19011162325111,88.297183,83.65086145,67.26066005,53.6788345,9.420516,18.9140738615385,360.539760431373,17.941653203125,304.70906828901,-0.0987955096700778,-0.100444596185357,0.00354586530053911,"1548138"
"100%2470",0.339678264908875,299.20764509406,1.5560407919996,4.22804371391208,0.247593264796911,0.325228616045466,0.0993919965047562,28.9610791060606,297.251363314675,1.57817201424398,4.28247744182581,2.40247986060525,79.518361,76.7250289,71.69423345,61.9200645,23.0422945,28.1832747692308,261.895808509998,27.448311453125,230.876810576589,0.241585212579489,0.323565673247174,0.104162392708611,"1548149"
"100%2471",-1.24429977192612,88.3427459744483,2.9097232419051,18.7437748905272,-0.0749404539197887,-0.0942074142794791,-0.161428324914126,30.3322149393939,88.0757946000653,2.82672230526881,17.9070795371443,1.47123799528346,84.310484,61.3870444999998,48.10189145,39.048883,29.815261,29.5017800307692,43.9157457521548,29.19643825,38.5417450791161,-0.0732190012083282,-0.0936276245013563,-0.159928190477383,"1548170"
"100%2472",-1.54623064067755,131.701268815228,1.79726619348629,8.78590433940689,-0.019160881870027,-0.0696404601642915,0.129612261580608,26.2847740606061,129.933066048043,1.7512635117155,8.60236922428948,2.16096398916483,72.480501,69.68935485,58.3315784,35.401873,25.0504555,25.5740705692308,98.5954724198365,24.908252453125,71.3206320336451,-0.036011849802949,-0.0840019017484062,0.118775897148984,"1548177"
"100%2473",1.01725302981881,225.699401051112,2.48785686736642,9.0943885798241,-0.159469278020026,0.0352338902781679,-0.0221154300862606,34.0054734090909,221.809360413003,2.48249019532967,9.07203405650231,1.79242045120213,92.143595,89.9419358,79.36874835,46.830167,29.832524,33.1110407692308,172.421168793351,32.241581609375,125.977899563036,-0.17508674842971,0.0223387919875395,-0.0325641776375847,"1548180"
"100%2474",2.10919539014491,200.542207307663,2.36068581392669,10.1866962204963,-0.0310401909516394,-0.00324439446574944,0.0662677254846233,36.1334149242424,199.193092785793,2.31548399666272,9.99428140241038,2.02423141406643,98.047298,89.5828523999999,80.08874005,50.907008,33.863022,35.1808936461538,142.376014081615,34.402078328125,105.174674827876,-0.0367950204605856,-0.00469957529078011,0.0671137579980695,"1548214"
"100%2475",-5.49733744422307,93.3760396620518,0.963201758581487,3.23459591625737,0.000625976049494553,0.192828043480679,0.0424245737986949,13.844952030303,81.2919558598472,1.64129408618092,4.80700423139348,1.54137130481788,43.85302,43.5527759,31.36329755,28.235079,9.87603,13.3832894461538,68.4758667887962,12.9144173125,55.2561321557589,-0.147639003126054,0.0862433809616009,-0.0842839572710113,"1548218"
"100%2476",2.85570358866409,165.780485713245,2.76191918653571,10.4996083834291,-0.118473847920046,0.253251482631137,-0.11018402098053,34.158527,163.347908127156,2.79476662258969,10.684022461062,1.84386797963331,86.742626,85.0217549,76.80061875,41.9646845,31.0703245,33.3495408615385,122.666687100861,32.556641,83.7184917090111,-0.133349358440289,0.249441039128899,-0.117774389190228,"1548239"
"100%2477",0.47470754465339,237.193343135247,2.57067365240153,10.4719187257201,-0.193604460612101,0.173491461430144,-0.11481038351203,33.1027382878788,235.335148207042,2.55513848168964,10.4064727971072,1.74248352898994,99.265393,91.3696395499999,80.87701605,44.4343565,29.96441,32.0848512923077,170.573489189007,31.22495709375,125.176527831229,-0.204411387829914,0.166345750860543,-0.121397125007542,"1548256"
"100%2478",3.32354573967742,186.625126169528,2.71713799181982,12.5289391348573,0.216469871314909,-0.140772448182281,-0.109644632047298,34.6715991969697,185.484425646381,2.70819399875328,12.4386149226733,1.96768485498223,98.987748,88.0555383999999,82.14895225,45.621446,32.126727,33.6821199846154,123.719470823821,32.924513046875,88.3446498681395,0.210254862809474,-0.149206001806609,-0.114408286761088,"1548259"
"100%2479",-4.99658229140035,637.282336567129,0.908061171522021,3.16226140742239,-0.0608808836440403,0.146353133166945,0.0667755952081084,22.3144419545455,624.198177466177,0.931865518449502,3.23245087663968,2.0444202737779,98.414924,95.07224115,71.1352601999999,51.3594845,8.296171,21.1436653076923,543.33384120037,20.01665484375,469.263514389821,-0.0797308260988093,0.130997044794345,0.0522566872114368,"1548300"
"100%2480",-4.48191958977339,3.71474342236587,2.12697370116665,8.11205777995791,0.285147322716408,0.0494065737103882,0.00150899860166454,3.01141145454545,3.35237010413025,2.70077724056422,10.1303111164643,0.692914257075823,10.892489,9.89389789999999,8.93625985,4.703365,2.487359,2.89016410769231,2.43368436695997,2.789132375,1.80822896949108,0.219731215842598,-0.0407684644392652,-0.0833934064235894,"1548302"
"100%2481",-3.28192777272727,2.04953803864624,4.08512569545514,18.8758065486648,-0.0493899438678201,-0.041027199362753,-0.0319190499164041,2.96807222727273,2.04953803864624,4.08512569545514,18.8758065486648,0.348201796014126,10.026514,9.40902114999999,9.0253618,2.9205545,2.6919445,2.85948081538462,1.30279114052061,2.7623395,0.709778967038781,-0.0493899438678201,-0.041027199362753,-0.0319190499164041,"1553033"
"100%2482",-2.84592799912841,4.07386253291477,-0.00199102483416682,2.84666857778627,0.492130072355825,0.451569385312408,0.357288224369907,5.9570935,2.01965953202328,0.50297540453298,3.52587331473733,0.698149968017405,10.163153,9.6344833,8.90867775,7.671191,5.7717755,5.89238489230769,1.77437575910585,5.838362546875,1.61240348294869,0.0109442367631487,-0.00545953873627799,-0.156648113192496,"1553045"
"100%2483",0.936800569999824,143.50792842731,2.93010511921834,15.6096755436022,0.205572659742168,0.107043499586549,0.116429646911245,18.3516888484848,143.314368634417,2.90922350921306,15.4604509586491,2.18251635707913,84.510305,63.5872229499998,33.4644587999999,30.5257755,14.8758465,17.3338639846154,77.1453531432272,16.787190796875,58.9253969634649,0.206394902480206,0.112086314852669,0.12308575222513,"1553087"
"100%2484",-5.74060034802705,137.918352967778,5.00954803751366,27.5664787089288,-0.0500444452659364,-0.0473181325422001,-0.0528722065915434,3.04987559090909,137.87831435291,5.01062004875003,27.56823740561,0.390210716048062,73.948763,63.3298546999999,30.4727980499999,1.160936,0.527271,1.95912347692308,61.4766676942213,1.089547578125,13.286694781862,-0.0487909065856144,-0.045359633012637,-0.0500821761581056,"1553096"
"100%2485",7.76863167795473,1285.21035938764,0.0517960216790042,1.46708829730281,0.193957291502513,-0.00203453157694861,-0.217422374397256,45.3304492272727,1292.47878009205,0.0434515392374989,1.4517694234663,2.70029635258928,99.005051,98.6141813,97.7475176,94.664591,51.4952895,44.5046861230769,1267.35867853597,43.662513828125,1241.0596365531,0.19805423972075,0.00569308553392028,-0.205755200369521,"1553107"
"100%2486",6.14136556607328,1106.45241631382,0.729604344128688,2.08342287427605,0.0104914398305771,0.0320909603544473,-0.111852781161173,32.3830458787879,1105.83884042428,0.718035483305311,2.03557563943574,2.63369882072475,99.090384,98.08185115,97.53520685,88.2928915,14.1830025,31.3567791384615,1053.33899978978,30.322685140625,1000.28964589799,0.00803870663498123,0.0303698915997171,-0.110224991047418,"1553111"
"100%2487",7.01752039635597,1405.96847821895,0.184274210821066,1.36208395206868,0.136018427422472,-0.0922999746015709,0.00355436009660838,44.4414943939394,1405.87170802737,0.184955069417946,1.36225331424618,2.85018142413415,98.94977,98.55927925,98.2299135,95.594076,42.0303725,43.6029055384615,1381.08723981239,42.747497578125,1355.104747325,0.135636835335745,-0.0906367709134164,0.00734110829051786,"1553112"
"100%2488",7.21646906627131,1520.21090956856,0.0809260256792408,1.26969082498385,0.0538803235773258,0.0257449411047063,-0.0198159787408059,45.7830081060606,1502.61725152239,0.0756397594431705,1.26781664944149,2.69532892093293,98.752594,98.62864095,98.4818614,94.947999,54.132168,44.9680914,1481.90455031145,44.1306881875,1459.47843979022,0.0479253646709129,0.0218433122119071,-0.0222288990091261,"1553113"
"100%2489",-3.20682238791753,158.644289537412,5.00333597545604,27.3794945872016,-0.0459046049470978,0.00381196761665933,-0.0573395961334455,4.77314433333333,157.248678558518,5.00921403939743,27.4101554335136,0.832699401260134,75.22066,72.90846765,23.8401274999999,7.283693,1.4093005,3.6893364,82.1416729983655,2.627241015625,10.1021072807708,-0.0550004897013335,-0.00375907971762817,-0.065866757708325,"1553119"
"100%2490",-5.8785372314986,183.757008088264,5.6234989635069,33.662903733914,-0.0391388141769068,-0.0331214406428624,-0.0351300792994827,3.14469186363636,183.58855630194,5.62133678912352,33.6089950812408,0.460565550588289,90.709073,74.8821547499999,9.33149079999983,2.264972,0.5104255,1.79754753846154,66.6363386615134,0.78875971875,1.53009521520614,-0.0430096522264821,-0.0369315866260095,-0.0364502823107236,"1553121"
"100%2491",-5.7347487515891,240.183465155253,5.4656128670318,30.9672491513036,-0.0347167928258499,-0.0356846588667661,-0.0386525931680529,3.40469184848485,239.906598216953,5.46548811760703,30.9704574806652,0.291645253633765,93.217053,90.18827205,9.30250949999976,1.069456,0.5506015,2.02296321538462,117.591983933835,0.670862796875,0.597948470099693,-0.0345574690464105,-0.0355362481877987,-0.0384273802781187,"1553122"
"100%2492",1.50479077860828,218.924027701206,2.39024318499842,10.1296052656423,-0.0482496025536995,0.102958151516455,0.051431293238599,35.7135621060606,217.650866955071,2.37677234227603,10.0886637785043,1.85266845948261,97.077277,94.2663442,79.6962861,44.4321945,34.8044845,34.7695049538462,162.177243992584,33.863516515625,111.358285167591,-0.0574118513608514,0.100049279586702,0.0517320955857061,"1553144"
"100%2493",1.24253973202684,142.401218507966,1.14522972058147,7.87542967907051,-0.0353726849558915,-0.0542026551671454,0.0105752583067581,34.4862933636364,140.899931181048,1.13687328147605,7.82935339180013,1.87516118473865,80.398917,74.9955658,70.35578745,43.7986555,35.1867285,33.7799453076923,110.138402405015,33.181412125,88.5735868416474,-0.0431943355070067,-0.0606111991106092,0.00679699051034483,"1553150"
"100%2494",-0.552274119028754,182.510944827611,3.27642542966394,15.2720988214271,-0.00596820472750976,-0.122047339878265,-0.084821299621804,34.3785272121212,180.725744677271,3.27167876755652,15.2439221512104,1.94250991193238,98.327921,97.27285855,60.0811839999999,44.4321375,31.162482,33.3946903846154,119.622437140885,32.405470734375,57.8854291537998,-0.0131019054644982,-0.129082863080237,-0.0849672941637475,"1553176"
"100%2495",4.92606207628581,277.765732107296,2.39296675720725,8.07073691970714,-0.0447864459356983,0.336138633947418,0.084948585463486,38.1021357121212,272.507599084874,2.38790282892447,7.99464870900302,1.69237385611588,98.398642,98.3600827,83.4053190499999,56.105832,32.7131745,37.1744971538462,219.906146229471,36.218796796875,163.973573563845,-0.0673054496783531,0.32203454175368,0.073140312725774,"1553196"
"100%2496",0.229699570043844,85.9462847943184,3.03537991987701,12.7315294458457,0.305814499584746,0.177868922045883,0.382702601465319,11.6497909545455,69.3466005138544,3.51803344808944,15.2244891041283,1.33260787383792,52.990352,46.8590092499999,41.1533026,14.4566675,9.3647045,11.0137823230769,43.7160106570273,10.50528646875,27.592151122145,0.157050311054869,0.00198707001528774,0.261946530688876,"1553316"
"100%2497",-1.56686549005159,213.308498855586,0.516448492800348,2.65729207196462,0.0425367686689744,0.35005366707816,-0.0741487040863386,48.1544910151515,210.318368147071,0.476890094824145,2.62665422343869,2.67014691402366,85.332138,83.41004835,78.59070165,65.9667725,48.5538265,47.5825272153846,191.962624525243,47.038893625,175.75210429481,0.0272722560395197,0.340451926890727,-0.0862651361193451,"1553436"
"100%2498",-5.02279782855281,382.223712198056,1.34080490349178,3.32969751386903,-0.0448006335688252,0.0324247863887092,0.0214261121478482,26.7831685757576,381.873464894253,1.34825589195686,3.32182183690032,2.22625601349385,78.807267,75.35758245,71.0091106,63.0726425,16.572665,25.9827978307692,345.46928153465,25.240340609375,315.0364618946,-0.0498919961399601,0.0291448408373048,0.0200458704840102,"1553440"
"100%2499",1.11830877410068,391.304172446374,0.295194330766678,1.95945071803624,0.0340292629631028,-0.162124382305078,-0.21573330008306,58.1715547727273,389.404165625234,0.301075568722803,1.95534739514969,2.77131203972674,99.901205,99.21995235,98.7920086,82.4530435,58.0375895,57.5295601538462,368.192630958173,56.88387946875,346.846910254989,0.0269550064653012,-0.167357887858608,-0.220519410907115,"1553443"
"100%2500",-2.88955099670734,27.8965401993108,2.02286512823748,6.8473900007401,-0.00642766861175944,0.0497183915524075,0.0444981197446224,6.88145951515152,26.7995199059898,2.23520989630233,7.3201422306696,1.29381440665834,26.094062,24.84700255,21.71607585,13.8893225,4.989055,6.58588101538462,21.445621343622,6.311043078125,16.8708762129033,-0.0446347173015682,0.0019371122650447,-0.00623371128748041,"1553504"
"100%2501",-5.35079995190492,9.51818162651358,3.0124127652979,17.8413290072993,0.526627532975077,0.493548403608209,0.633307519541195,3.85376889393939,4.61841038231882,5.52124888613025,37.6533072023931,0.746561520150263,18.911062,13.1898107499999,5.07089749999998,4.526815,3.702292,3.62211823076923,1.14776888642547,3.5207585625,0.497906922418715,0.051505197810237,0.0162559975735239,0.384117224880461,"1554472"
"100%2502",-3.62983645333052,548.374562891916,3.24863374255154,11.6619949894784,0.120289561218669,-0.0687580550008224,-0.0714066879397744,7.50467836363636,546.366439443751,3.24872879402003,11.6610453370524,0.390210716048062,99.44794,95.44144465,89.47316555,1.4018345,0.8958075,6.09016664615385,422.716412646562,4.727761421875,308.671736909916,0.117442249317955,-0.0673953383690145,-0.0692895604737508,"1555179"
"100%2503",-1.08435627201416,507.270717847489,2.58307536298268,8.84759196981732,-0.045386495750277,-0.143088017992025,-0.0111918716015869,12.3681158636364,505.173786873674,2.58347018187987,8.85348151145921,1.10039291536945,99.229139,89.7740082499999,81.5065958,23.387203,1.7760205,11.0317924307692,395.085510349948,9.8809956875,315.177067068427,-0.0465828875377554,-0.142777592541225,-0.00801185900530516,"1555183"
"100%2504",2.90236637717364,704.671706777224,0.847849934709408,2.44291273101376,0.413476784735867,0.233248730777708,0.0579918658735403,39.1261468030303,682.022434232587,0.814106412855183,2.38007196339713,2.95991099107793,98.062499,96.99496435,93.939232,80.498265,28.70404,38.2194336923077,638.25459516662,37.3100476875,594.473434342993,0.396025646272705,0.21625859672998,0.0439994148932016,"1555228"
"100%2505",4.1596164136068,203.194390750477,1.41173823213472,4.86915943813182,0.18481231659826,0.0540160628727389,0.169292599178313,40.5607867272727,184.528117439166,1.84830500513861,5.98227452456335,2.25515905400501,86.24582,86.06425615,73.2487745,64.6571195,37.286276,39.8579400615385,154.763444808385,39.137493953125,123.44385495019,0.114875605279296,-0.0170295228968775,0.116000455021027,"1555275"
"100%2506",-7.95271411679617,208.485138959015,1.12293960464968,5.09437006319389,0.226904985505108,0.0866062383146815,0.0382600458252206,25.3771242878788,200.207628044268,1.19667093446659,5.14103551420816,2.40641493635585,74.852337,70.63115705,61.5859984,37.3205065,24.208329,24.6159671692308,165.04997488707,23.9324945625,137.265118474843,0.198139604302328,0.056225858466842,0.0148342429685363,"1555526"
"100%2507",-4.88282995254697,0.623740523464646,2.7772852565554,16.1934512109391,0.0415259732032922,-0.127415875042217,0.177392428929719,1.47611833333333,0.623740523464646,2.77728525655539,16.1934512109391,0.135793958751594,5.918212,4.22904594999999,2.93182375,2.107873,1.377386,1.40777843076923,0.325093940874861,1.377907859375,0.272177216398871,0.0415259732032922,-0.127415875042217,0.177392428929719,"1556444"
"100%2508",0.579820729345915,205.018224089863,0.613480736677637,2.15572080351094,0.173534422097077,-0.00904709837637519,-0.210630186614025,51.7658028484849,201.666194135238,0.620066077790002,2.13339242098506,2.61506153615101,82.330958,80.14352925,78.8013786,74.5118405,46.7305375,51.2955696923077,190.174882370978,50.863224171875,180.996392720541,0.160068216445461,-0.0156046528651904,-0.212583497438165,"1556451"
"100%2509",-2.23199471395399,192.776837127873,2.49254156953792,8.10899996092487,0.102035704441059,-0.0874590914786249,-0.0140596033330953,11.0433749545455,190.450118891438,2.4933640622591,8.07487967958874,1.27651328658756,61.119954,60.537346,52.13097445,26.1341895,5.8242535,10.2729660461538,154.207148236013,9.492486859375,117.022030462528,0.0927180287143517,-0.0938966229649626,-0.0194049226472057,"1556552"
"100%2510",-1.8437349110894,182.787374468466,1.86990442555693,6.44545885668593,0.0650236187548144,-0.109857066527134,0.288682074871113,11.6836804393939,174.035047521741,1.91887359617769,6.63357076499524,1.99526823446692,61.922497,58.54345445,45.2625734,25.684787,3.821991,10.9107755692308,137.285301862057,10.19494440625,106.123458200516,0.0173095096586807,-0.163399175499374,0.258152776713594,"1556869"
"100%2511",-5.91695880059162,36.1789468855174,0.487763098290153,1.36199960443261,-0.130014241352445,-0.127644930856279,0.00287291323106971,5.83492963636364,35.7089881996375,0.498151712186843,1.36684742516515,1.12074773718766,15.394681,14.9777723,14.5526886,14.233085,1.0829925,5.68785653846154,34.8307445045124,5.54620925,34.0708178560425,-0.143868305820966,-0.137749569643695,0.000687534254279421,"1556907"
"100%2512",-5.84461547410772,11.345228424091,1.08155224921211,4.54679018331388,0.497905090789338,0.445307358060825,0.435042735174768,3.5840333030303,5.47547301137103,3.89600837576507,19.3466198061634,0.92507667004671,16.746604,13.84956115,10.13526105,4.1925015,3.044126,3.38153221538462,2.85326948485251,3.242343421875,1.63857300504028,0.000169213140814258,-0.0153445029258241,0.0121802777157381,"1556958"
"100%2513",13.0884336683446,75.1960178623916,-0.384384700635487,3.44428005621118,0.456221200309199,0.491383705642089,0.3105264241567,75.8135758939394,91.2703592110203,-0.832223429088511,3.34631709092931,2.12168733433105,97.840284,94.81783665,88.97541545,83.5976175,78.322013,75.4747034615385,85.0954399043702,75.19789625,81.4446110494955,0.523756606816201,0.566350206948232,0.41623417511137,"1557006"
"100%2514",-5.11946176497984,40.8722109262424,4.64764305787148,23.3172931547968,-0.0419976846599718,-0.0493242115882056,-0.0436868501971665,2.29628489393939,40.8613382369419,4.64597954622339,23.2953015546539,0.213839861362994,35.921776,35.360501,22.18738055,1.48919,0.9845845,1.77896964615385,23.827379880784,1.258980484375,6.62441534753594,-0.0435163592519987,-0.051661142367688,-0.0460304891889883,"1557052"
"100%2515",-2.60604189615798,19.9798915111977,0.0139881637269124,1.91691905973587,0.860102213302239,0.803144151329553,0.75544468206945,17.0317215606061,6.00125485412385,-0.152036609573595,2.11287413666905,1.19393995326783,21.815627,21.70713745,20.95664975,19.7828725,17.1630225,16.9581230153846,5.73607662520454,16.8848324375,5.4765547500404,0.645988316921963,0.58244453112211,0.534175701795365,"1557077"
"100%2516",-0.790039052946666,123.4126284836,3.58611013483681,19.8643524896345,0.335840381507674,0.270411941639536,0.204617589153263,19.751665030303,104.202986868649,4.23225249214188,24.6609320870944,1.59248144991857,83.896155,56.4176734499998,40.2785568,27.938396,17.152742,18.7648267230769,41.532019999365,18.407690140625,33.8904328077015,0.218109439144439,0.160058238772271,0.08898600815802,"1557088"
"100%2517",-6.45898465556495,11.4934876303754,1.39578876541629,7.02785056950255,0.409592722525616,0.327117906627811,0.40162434365277,3.58505686363636,6.35553622207615,3.87010042206059,19.2947069994846,0.93883666544291,17.634618,15.13289345,9.13829224999999,4.3270415,3.0025975,3.36890976923077,3.36982231869704,3.2061456875,1.70048628281875,-0.0102638445863067,-0.0931078012400884,0.0896638923974272,"1557096"
"100%2518",0.484940793486874,62.2916799726081,4.68404976349336,31.7658709732996,0.250513229770728,0.334492102365586,0.208030004727275,12.9978165,50.6283303682437,5.81403725102352,41.6663779480112,1.26140151547443,64.421373,40.2725027999998,22.03688255,15.120295,11.8826345,12.2066848615385,10.0985359797851,11.971332046875,6.65591402541833,0.0867007163063921,0.197573511193577,0.0575019738023162,"1557109"
"100%2519",1.95448770832673,111.0067869583,3.32152028349983,14.5538775548973,0.00302780789350792,-0.0442839045838899,-0.087762369508415,12.6832526969697,109.296633742354,3.40562723828901,15.1221490008573,1.41455949583699,67.285348,53.2875362499999,43.7659785,19.354726,9.4254655,11.8432204615385,64.4049460821159,11.313423078125,47.1667309789852,-0.00625287844878649,-0.0513443810452761,-0.0894723873989749,"1557112"
"100%2520",7.01816365549747,199.658585494248,1.03984951497677,5.62955803918097,0.44665759468431,-0.0475929131731019,-0.164952607996609,36.3228386212121,150.426992543574,1.86905773295534,6.80326704259651,2.21961868863722,76.169709,75.34648595,74.8795589,42.555394,34.769989,35.7098098461538,127.938171550057,35.0974129375,105.560257188156,0.454915313806876,0.0406211270824491,0.00678307886783258,"1557121"
"100%2521",-0.914529941770992,186.707675833576,2.76934527676486,12.2617684220928,0.0425385840769832,0.143780125178379,-0.179168894992367,19.9635932424242,185.969743208837,2.7580362850007,12.195575872351,2.03801881805886,87.521053,74.6643929499999,51.54205915,33.8277765,15.273857,18.9242477076923,117.535032903844,18.161476953125,81.5532682314604,0.0392770010787039,0.14086475957097,-0.177376257034065,"1557136"
"100%2522",-0.323805393717738,76.1532214596567,2.06605758377909,8.84349588177547,0.425555392547666,0.125102779905845,0.0979351075550517,19.8054317575758,64.6065215878989,2.92825754975363,13.0476846834178,1.81922511926759,59.677599,53.2903369499999,39.51699995,25.8306315,17.7120275,19.1920138,40.7658830892233,18.712966484375,26.4862385230037,0.332924256026892,-0.0108231310196971,-0.0300154118462102,"1557159"
"100%2523",-1.29980136223189,49.1649679344568,2.12212942210557,8.12606794279363,0.390541152220835,0.14325323420136,0.0214979463849887,18.2786566363636,43.2790731760101,2.74028575032338,10.3266600879393,1.42350578886772,45.521755,43.0444672,40.81527155,20.3514045,16.4134125,17.8595320461538,32.350987211203,17.48686,23.8289818773859,0.314736047823581,0.0448517465227435,-0.0739766505106825,"1557160"
"100%2524",-1.46485858955329,112.208128612325,3.657125223834,23.9657327798445,-0.0815081725527134,-0.0203543873695383,0.0741057330964287,27.1908516212121,111.426488998637,3.63842335103509,23.7294876703707,1.62553211941019,92.5598,68.5830536999998,40.5688356,32.995171,26.343637,26.1851754923077,46.389367243158,25.724436078125,33.3159486005407,-0.0894380903237587,-0.0217966091037684,0.0735504740579436,"1557207"
"100%2525",-5.48285921738595,3.05429444742637,2.15876499138263,6.77931341632315,0.46778747418803,0.166675313045278,0.0614245923188515,1.38121293939394,2.96068668220172,2.24669873770507,6.8738851802459,0.501146842394199,7.709073,7.07295439999999,6.1570489,3.920898,0.6284175,1.28386124615385,2.38073046441868,1.198758625,1.94716972965364,0.454386153182834,0.151202986025739,0.0442180832432193,"1557253"
"100%2526",3.11157580478228,319.746314005279,2.81492423025101,10.9806684593665,0.396631367843739,0.129001138042465,-0.0601355955113582,27.2459321515152,315.701207698984,2.8181929710987,11.0125377862026,2.14648729883609,100,100,84.8769405,34.879754,24.081019,24.97236753125,154.986699716371,24.97236753125,154.986699716371,0.39070139889987,0.127384769619462,-0.0625703062338654,"1557271"
"100%2527",4.20954710733951,198.421478561031,1.76938187171186,10.5592121943296,0.364293168172135,-0.022649043347199,-0.140583011810897,69.3156565606061,1076.77635702391,-0.334656721012419,1.36624931508912,1.88930214655769,99.30957,99.2808959,99.2515518,99.178419,98.7588585,68.8542117384615,1079.28867975563,68.379036046875,1081.47608941495,0.893648055158916,0.82988042488599,0.762173516685243,"1557279"
"100%2528",5.28849712312936,245.737868001224,0.942443560535521,6.58238662202778,0.0567690219052132,0.125683279428866,0.00872004443846548,70.9862257272727,1017.65909658232,-0.525042422734414,1.68859883719078,1.91955470775859,99.65451,99.52207835,99.39380225,99.1872775,97.6822465,70.5451752,1020.4767029138,70.093525296875,1023.16245512229,0.776628103046221,0.809525570619208,0.718052276860235,"1557283"
"100%2529",3.1599401295142,252.334799569775,2.24402227909072,8.5388938658637,0.0824785066754718,0.159840541881787,-0.111957954572366,37.2003368333333,246.425617927176,2.24467958875196,8.42105448669385,1.98432866586962,96.976322,93.45873715,87.8668654,46.0819155,34.975247,36.2807062923077,194.399239368752,35.416894625,148.935638706391,0.0627015902202453,0.144116332894798,-0.130651746471811,"1558769"
"100%2530",-1.94039107698132,162.585485781022,1.04390006240793,8.04881386513007,0.0610440466460565,-0.169353016368752,-0.0524897053817408,38.919508030303,160.847337416854,1.02139212703808,7.97960841033496,2.02869620978367,85.602388,82.62793795,79.38629275,43.652067,40.380584,38.2013098769231,129.278545062439,37.532169234375,102.194824360912,0.0525510217549063,-0.178758364864661,-0.0582370961675383,"1558773"
"100%2531",3.78044893786206,336.600613497805,2.26061869153752,7.73322568969819,0.0251536268674692,-0.018488279345852,-0.0797973511849296,29.2175626666667,334.304354629721,2.26018534763413,7.74351913024222,2.40534743987209,99.910985,92.3666286999999,81.10770715,48.3727705,24.904967,28.1299715538462,261.379106253815,27.1897479375,208.001825621253,0.0168588272622315,-0.0283663735219248,-0.0839924673522005,"1558792"
"100%2532",-2.18193115449967,142.507881787244,2.34095720414422,13.1060356865889,-0.052702188958064,-0.130352910692631,-0.0362142424621611,27.9016618939394,142.921184745367,2.32715569542918,13.0221335795577,1.74658317451341,86.602352,78.0104238499999,48.1105762499999,38.135158,26.4329825,26.9985743538462,91.2925432682581,26.2738020625,58.5748224271196,-0.0510090997896987,-0.127644927789942,-0.0277799054817243,"1558794"
"100%2533",2.43247120458507,215.336637585827,2.8254563020073,13.3697040334499,-0.03853529526137,-0.0725160121885606,-0.225451939783911,34.0826085454545,215.125270958392,2.78333009763919,13.1439234981356,1.99728963782629,99.399996,99.2224706,75.0584694499999,44.2120275,31.1662495,33.0777256615385,151.788776226023,32.045707625,84.9314960514092,-0.0383967106900881,-0.0706099716487097,-0.221076498527507,"1558810"
"100%2534",3.37986204811332,309.516431672993,2.19569053632711,8.25220757726209,-0.0873101413169429,-0.129410104481941,-0.0199143431150934,39.7032205606061,305.905758492262,2.19694873374067,8.28237110990604,1.84690454519916,99.419134,98.0875193,97.23373115,43.520367,36.6170665,38.7845142,254.906590047414,37.869108234375,204.421580193285,-0.0992530401809903,-0.140725270584373,-0.022967179936228,"1558812"
"100%2535",2.28335795980138,295.995164961471,2.36463022582862,7.94746203570097,-0.0396950113837759,-0.00360483216364853,-0.0259502296603347,37.186427,292.654842928771,2.36914480813454,7.96548034302971,1.94654202206989,98.918729,97.6786213,85.96485905,47.17346,32.4722455,36.2366992769231,237.626363760938,35.28710284375,182.726605611525,-0.0507861931447386,-0.0117436294835987,-0.0325414656605853,"1558875"
"100%2536",0.338818270808022,20.37436997189,0.497381388905786,2.69290890575163,-0.0418453668796329,-0.115300229146408,-0.118922408739756,36.8255992121212,20.1725960119699,0.46993521465132,2.68501514526652,1.6694519317118,49.351877,47.0116872,44.69726455,42.944449,35.917012,36.6328872461538,18.0318421223408,36.49040759375,16.9940603178095,-0.0473463579094865,-0.12173984642241,-0.123194413343175,"1558952"
"100%2537",-1.00189441868716,266.263187193952,3.45460984455934,16.7618610712396,-0.0114742632588164,-0.151626051494704,-0.210482247523206,12.113828469697,264.692638208864,3.45956321983406,16.8011742246371,1.92631410771019,98.463441,86.3008489999999,36.6821971499999,29.209719,4.5189755,10.7853728923077,152.288414050466,9.707773078125,79.1885321507771,-0.0176703054169416,-0.152050528602771,-0.207632616394565,"1558959"
"100%2538",-3.8719841006286,383.051247230256,2.64255858584507,9.91106612147924,-0.156759500965682,-0.139370326790396,-0.10977085220843,13.8700791818182,381.176583841469,2.68774785409066,10.1352719146935,1.70642233658423,98.983304,93.6678094,53.2779010999999,46.3277095,6.060462,12.5606449538462,273.876051150101,11.33806721875,181.000103756387,-0.158680296197592,-0.138714681335608,-0.102564701520685,"1558961"
"100%2539",-2.99528748054338,380.624622354099,2.66097310941857,10.4524618455461,-0.11743842071047,-0.0266233793457553,-0.132389451377119,13.7817581060606,370.652803349536,2.68204102558261,10.4797920831436,1.54283904426869,99.702421,93.13779865,53.4112063499999,39.223227,5.6142065,12.4599017538462,261.033075921578,11.2545408125,170.673542802865,-0.145319256578784,-0.0452956242737956,-0.148410983138999,"1558963"
"100%2540",-3.02788015309105,205.942162129441,3.16648799986752,13.8033905370054,-0.156529300927887,-0.0126286912937128,-0.174160710165391,9.65403046969697,203.877759023913,3.17227281937641,13.8490356613006,1.56700872678547,79.306259,72.9690079499999,39.9046843499999,26.550286,4.1303715,8.58245772307692,131.22864194625,7.62973609375,74.279986782483,-0.163021290835281,-0.0135672511758284,-0.174211580405691,"1558973"
"100%2541",-1.00735095766204,198.763858638996,2.9849586700973,14.0493425795466,0.135121412387861,-0.133120452181301,-0.119898221752871,11.8333600454545,195.603540602617,2.98668829146582,14.0477203951497,1.92157628942483,85.976507,66.4917943499998,39.1422741,29.1242345,6.28415,10.6926962461538,112.73930824234,9.98476921875,81.9254159852517,0.123835400460429,-0.143017512216792,-0.12756468299016,"1558978"
"100%2542",-4.96717404903773,1.61969447633697,2.58050151398429,9.93066474020624,0.0116542222024727,-0.0874019089008113,0.0117145237767248,1.64565675757576,1.59747253136127,2.5298391002096,9.52597720855025,0.470539777313146,7.144974,6.69099775,4.30244839999999,3.645122,1.0987365,1.56105187692308,1.14962196704697,1.484715984375,0.788818858359828,-0.000266811591754413,-0.0927754801341457,0.00588882680466408,"1558982"
"100%2543",-1.40894946243445,553.979388110445,1.57293745844459,4.18918002663359,-0.0936299845077348,-0.225478239524517,-0.0598825163124605,30.2923612575758,542.278043234299,1.64765522732311,4.38727540354185,2.20221328376909,93.632912,92.87153255,90.2510819,76.916222,19.8918605,29.3178912461538,487.94772335238,28.3312714375,432.299694485931,-0.111455608641855,-0.23869452467145,-0.0696697547833617,"1558998"
"100%2544",-1.78921158133789,580.191196057906,1.57109966641239,3.97943443984311,-0.158414775699779,0.00506096662946565,0.0618624661530499,29.8045101969697,572.099696772913,1.60291821841797,4.03469994485624,2.26015590734542,97.179301,93.90936355,83.50931945,78.1259625,18.9352625,28.7679749538462,509.990480093766,27.77765225,454.211042591275,-0.17252569360833,-0.00363833351279159,0.0577303093526988,"1559003"
"100%2545",0.913279767664977,350.591602293898,1.79262703834015,6.04552470377751,-0.0315756508288505,0.0310138139690901,-0.132074651029155,21.8898698181818,330.760361228741,1.80627064218112,5.80330032360318,1.84388863112773,92.405715,82.5856586499999,59.3319881999999,48.5247445,12.2517815,20.8050106615385,258.172302447028,19.922308703125,211.560666092611,-0.0901707510435537,-0.0183656911286606,-0.182997433075606,"1559089"
"100%2546",-0.735637456593499,275.694214549911,2.24983263367233,9.47785485998869,-0.111390655914392,-0.077226551358444,-0.0282315661608375,20.0662623484848,262.096226522966,2.2923556352978,9.57429515600363,1.59411485757537,98.589736,69.5086631999997,47.5644962,45.5047885,11.480466,18.8582089076923,169.808530518275,18.311468046875,153.031626829951,-0.156364667770711,-0.128227641976204,-0.0705417718749504,"1559092"
"100%2547",1.12768681747751,113.072006903768,2.17119112033711,9.17494671915472,-0.0450392061947902,-0.19855437936951,0.310302970076309,28.2944371212121,112.698055615483,2.12934610191918,9.00569135148559,1.86871880286175,74.548451,67.8116007499999,55.01073205,40.605026,25.3065975,27.5828369076923,81.0111308395463,27.010942703125,61.0178359797654,-0.0450970262851164,-0.201246994396014,0.307173351273122,"1559107"
"100%2548",-0.230648135412816,196.032818655616,2.74097436495983,11.5173243285541,-0.166143899323197,-0.118961675946297,0.0378647186593777,32.0999207727273,194.914093578243,2.75222765188157,11.6024456796065,1.88977402817626,98.203998,87.2806485499999,70.6908364,43.8888025,29.254282,31.0829349692308,129.651603723099,30.296748875,91.5016526717534,-0.170063178665601,-0.119195508991649,0.0420883101781096,"1559108"
"100%2549",-1.00194413936577,167.163229095942,2.50371822771348,8.94928497393536,-0.0955343108099897,0.0936067949003587,-0.129426180316546,33.0704767575758,165.413105104158,2.5095212363223,8.94707051795856,1.57712129669365,82.656728,82.01248635,68.6964017,46.495926,29.73597,32.3076113538461,129.548322908063,31.536392984375,92.9119601818681,-0.104558674691118,0.0934868779807655,-0.126515178266819,"1559109"
"100%2550",0.517704919902101,241.680278532673,2.60148777505414,10.7936135594507,-0.10656809346352,0.11062567620315,-0.0685991457322083,32.6274059393939,239.001050667657,2.62141651543106,10.9420463465118,1.79809688996167,99.266927,95.66246705,83.12394645,48.626869,28.745774,31.6021825384615,173.306510468618,30.631566578125,114.778227434788,-0.118844629920275,0.104726032614867,-0.0759500535155133,"1559127"
"100%2551",2.11966958188509,151.847946272075,2.8990329325641,15.1437301247669,-0.0293449738270125,-0.127552417313685,0.307823489773235,34.4621237575758,151.594379170558,2.91761548061225,15.3283139353516,1.65981903775584,99.059618,87.2310960999999,60.2091019499999,44.4937285,32.945922,33.4683161538462,88.7414658753354,32.72779153125,54.483564696011,-0.0310326228881317,-0.127167786230838,0.308888405975675,"1559142"
"100%2552",-4.00774381690366,49.3904079459316,3.70913799860712,15.2644826372441,0.482446878534968,0.139235765497683,-0.0487236880074019,5.0685196969697,48.4796113327389,3.718567104487,15.3061649065019,1.03072254825515,37.396223,34.7096716,30.44619255,4.690647,3.1485835,4.57117041538462,32.8999351861378,4.12285953125,20.3501244992397,0.473527190097399,0.136888761541557,-0.0483299252031865,"1559228"
"100%2553",-3.09224993284337,157.496223648226,4.27774185388053,20.968434234228,-0.0677702000252096,-0.052942697083989,-0.0593295269462152,9.23799451515151,155.680186634611,4.2921298956346,21.1178831129062,0.974941102542237,79.902748,65.7077821499999,50.57983145,7.5980505,6.1021665,8.15084446153846,80.0701806503124,7.370946109375,41.7855836420001,-0.0749166699830691,-0.0595164163877828,-0.0621271803807676,"1559233"
"100%2554",-2.69782841143833,334.245104964058,2.91608521725481,12.5111254027429,-0.0491496460588291,-0.024176100594122,-0.113578400340714,16.0928512727273,335.925767069848,2.99005402645068,12.8279715378054,1.49227081422838,98.577928,98.39987675,51.7624674999999,37.129186,8.295145,14.8238500923077,234.809832064185,13.519472703125,127.887711418469,-0.0460473718020792,-0.0141314396884131,-0.102743481833339,"1559307"
"100%2555",-1.98272296807705,71.0882443989114,4.14069233976418,25.0426160772949,-0.116995245091573,-0.190604249307506,-0.0729153654191405,8.31784224242424,70.9068429823569,4.15637222535538,25.1752321197914,1.43666472991936,61.794227,36.8431176999998,21.53434065,18.203681,5.729644,7.49512863076923,27.3251101608172,7.2464915,23.7337375252649,-0.118770551704072,-0.189580133477802,-0.0700170533917092,"1559382"
"100%2556",2.19911661438029,381.236753019567,1.83792454808842,5.69481279352594,0.296705968081936,0.0589184498210134,-0.0815635080302931,41.3415945606061,381.348241594266,1.82353171864741,5.65669077552251,2.34692257652678,99.367331,99.27610155,98.6797457,67.8659535,34.6220925,40.4488909230769,334.618431844582,39.5304833125,285.021129796389,0.299782327815578,0.063726264330533,-0.0725643501935857,"1560"
"100%2557",-6.67570833341257,5.816327699191,-0.155002018801623,1.79030321767074,0.926976454292745,0.881834326607492,0.858163690940613,3.31947153030303,0.406280023432764,-0.605269312015412,2.96623120088843,0.636514168294813,4.731845,4.36581505,4.09617525,3.9632165,3.5215345,3.29774270769231,0.381369131016545,3.28413365625,0.375289615413319,0.464507172998492,0.40886989789962,0.414405421330666,"1560079"
"100%2558",-4.99825256128396,22.3861005494984,1.5605794156649,5.06262217071372,0.448568434861167,0.273903929901104,0.187070984944726,4.25343778787879,16.0986122784914,2.31282226001281,6.96327086618423,1.08456928055018,17.142809,16.5758348,16.07432895,9.842958,2.9280045,4.05513976923077,13.7510243594399,3.864274125,11.5979539954604,0.245662614778682,0.0233371693572222,-0.0799310195009068,"1560080"
"100%2559",-4.13029985768493,70.4256298347297,5.27922954525381,35.2060798669461,0.0345622243688756,0.103819818541131,0.0494991969865092,6.16861462121212,65.0649495715725,5.7508938480937,39.3562727215885,0.634915267027501,63.535981,36.5548696999998,21.29048955,6.7151685,4.2406785,5.28603975384615,14.6560146263509,5.024468828125,10.4377571580172,-0.0410591710471701,0.035729840403707,-0.0192890517221748,"1560082"
"100%2560",-3.99647609445706,48.2737237987556,2.46487889055746,8.93025151577792,0.05838094166161,0.0370917439110677,0.0777011772319345,6.5705171969697,41.3700237620102,2.77506171683668,10.0371138874897,1.09595560042309,31.894449,31.15714555,29.18184115,13.0751175,4.386039,6.18091824615385,31.9885210625715,5.79686796875,22.9011916918661,-0.0702447358869175,-0.0887345200514124,-0.0292440144628598,"1560083"
"100%2561",1.12230506274541,64.7135228897411,0.442258246274149,3.99118332871752,-0.28004698710762,0.0252735254906347,-0.0978509071340335,31.2524487424242,64.3503020592009,0.433089345121693,3.94198389037045,2.11874314941561,56.412103,53.39993475,48.261782,37.3220055,33.0314345,30.8653771384615,55.4518945510443,30.5386174375,49.3781567621936,-0.285925016878624,0.0243414945461829,-0.0996946558432164,"1560086"
"100%2562",-2.1926734705793,301.808565282033,2.04677016365905,7.69104516291658,-0.0527691740113833,-0.0903539704543233,-0.172726040762498,18.6825701969697,302.806600328211,2.06220190366297,7.53060283905705,2.0256218109972,95.29059,74.1093695499998,54.40770045,46.1142845,10.077639,17.5039852769231,215.787044101937,16.79773353125,186.737267328723,-0.0447602370596708,-0.0865820483723086,-0.167827896003601,"1560125"
"100%2563",-1.45671738045598,587.281333655119,1.5750250396262,4.02808289294731,-0.130949479544133,-0.170646667025041,-0.0791666427310416,31.1542181212121,581.974593467002,1.59646492660111,4.0416811747321,2.39911977677952,98.687455,93.42362565,88.11434545,80.3326065,19.9167905,30.1152452461538,519.683382834057,29.170338828125,469.768306666752,-0.146192874336242,-0.183540014490015,-0.0896830477055998,"1560154"
"100%2564",-2.47150127883718,186.723112258231,2.39189256223827,8.36196378311151,-0.151649545508704,-0.077459575719447,-0.172091417371371,10.0608530606061,185.578718374013,2.38628792338731,8.24461696169027,1.46726648135777,65.406635,58.8679352999999,54.08657525,27.0864375,4.1754595,9.20937949230769,140.583297904058,8.48847765625,108.999447213771,-0.161091234622036,-0.0813671981893278,-0.172915820795165,"1560183"
"100%2565",-3.28476092109943,85.0423228490786,2.73767211176116,11.3343939121465,-0.113534044035299,-0.170362808317808,-0.15541489197019,8.00492266666667,84.7211189776937,2.74346624534426,11.2692483126129,1.29791405218181,53.582478,40.7895380999999,26.53375065,23.2484355,4.04627,7.30372950769231,53.5741789594187,6.88814665625,43.1851835888198,-0.116433858481292,-0.165325069033803,-0.144963085535181,"1560186"
"100%2566",2.5091567159251,340.277923247476,0.682992183658432,2.63927454054995,0.207883093945179,0.133336961631445,-0.0324005215006766,46.3849779545455,339.574515270414,0.770413873144296,2.64647854764147,2.67633905184411,87.536362,86.7676824,85.6623908,75.810306,38.3170185,45.7518797384615,318.345057402496,45.117475078125,297.158696175724,0.172370600925246,0.0821363977993143,-0.0815642769636114,"1560220"
"100%2567",-0.903859262074953,194.493667575419,1.98304490599827,7.1758217523963,-0.0159849458344674,-0.0913022954295708,-0.13065183181116,18.800110530303,187.504321799955,2.13132367438825,7.56333809232904,1.877948897489,78.582383,61.1533986999998,51.4914441,39.556026,12.8465905,17.8803832615385,134.559719245798,17.350880484375,118.437957442465,-0.050193334496508,-0.121447658013707,-0.158066149242686,"1560225"
"100%2568",-2.60172351735867,219.137564858173,3.09007679470882,15.6702019081847,-0.132848637906035,-0.150157414387754,0.137503465835556,17.4882925151515,212.961149189777,3.22992048200136,15.6445298876275,1.41984116676015,98.255303,67.9691529499997,46.31359715,39.010122,11.7862825,16.2457231230769,114.334880749967,15.692355890625,96.2173691548376,-0.162606706765701,-0.172089926565053,0.115092952869509,"1560227"
"100%2569",9.24601098336062,508.937126038819,2.32174096386921,7.41989347263743,0.303438600285148,0.31836700144001,0.204309355660436,21.3019641818182,507.605960376537,2.35924320121384,7.49591936151981,1.71566929434919,98.400776,98.2629838,97.8697115,52.9330225,12.246316,20.1158286153846,422.558722434595,18.895938625,332.432649210998,0.302718939235214,0.317769550066322,0.207600726573209,"1560244"
"100%2570",-4.94749131987217,12.345839853425,3.85323784571395,18.7545774465888,-0.0389806783454151,-0.123171502763943,-0.0869529437352094,1.8436185,12.3564440644442,3.85084123461194,18.7386069277286,0.546815952849525,21.1388,17.4960063,12.98767645,4.191886,0.448061,1.54676955384615,6.7306696129424,1.328211234375,3.73093328999105,-0.0399523869425399,-0.124228003159887,-0.0881320111921354,"1560250"
"100%2571",-4.2985576624717,450.63582450222,1.33285846736499,3.63395345089686,0.141195617400432,-0.048885424145238,-0.0294405193985076,40.0199674848485,454.233423461246,1.45248705661694,3.95735893515794,2.33293647875061,99.553007,98.7010364,97.91013165,69.6636815,29.555021,39.1040745692308,405.856881006039,38.1800400625,356.698809745861,0.143171905990748,-0.0483413702956429,-0.0241840878737707,"1560295"
"100%2572",0.501577065538173,186.326014551017,3.3067378252031,18.8488190036811,0.027972384390537,-0.108802163765035,0.0365614752777868,18.0813526060606,181.465836855855,3.30859185017303,18.6291391601659,2.12186076209963,97.046824,62.2945265499997,39.4797422,35.092061,15.402427,16.8664992,86.8502782790042,16.449073390625,76.8814339655093,-0.00140317458008131,-0.140815662513046,0.0125228595864756,"1560341"
"100%2573",-4.32101281289067,13.9210664675819,0.819966914317877,3.2619037739856,0.467987310879709,0.310683232752563,0.278369592189546,7.26349143939394,12.0278658057871,2.05447114049498,6.38557131619959,1.11116410226127,20.119613,18.52544055,16.998145,13.2536085,5.946638,7.06570495384615,9.6310232999942,6.90005909375,7.99800222620196,0.399751181295158,0.238869189873802,0.21898586389033,"1560395"
"100%2574",-4.52420706879369,14.7011914010092,0.570824504712098,2.46817608789894,0.500355034884906,0.381968000485592,0.216613010627707,7.66710612121212,10.8838608893643,1.29168789827137,3.61975505320818,1.27855718646141,17.190436,16.75017735,15.7657918,12.9511615,6.4502345,7.52059335384615,9.63454949696537,7.380085203125,8.50182420561535,0.36526103176293,0.201575550034625,-0.00443906313105117,"1560400"
"100%2575",-3.49467989361365,56.6290165623108,4.29544119972753,28.4746001665075,0.183201968770786,0.0710009961915288,0.320372213254292,8.50745945454545,48.5053101532083,5.17309530311871,35.6399797526385,1.33308043017993,56.95086,31.5277102999998,17.34876325,13.4367505,6.1193165,7.76217636923077,12.5920517951192,7.60473659375,11.1776292156947,0.0402130435387857,-0.0841631725544339,0.220192672104142,"1560401"
"100%2576",-3.67992054482066,15.079644661691,1.3366503025945,4.73394109337831,0.595641285729695,0.484013044085539,0.446110470961531,6.69954963636364,8.24472194141411,2.09444478062594,6.74599923613519,0.943365287268746,17.426518,16.4980606,15.17267555,11.252266,5.628473,6.53451935384615,6.57405420368106,6.3866505625,5.25553713609237,0.246678636934849,0.0711534526597099,0.0346354735319061,"1560419"
"100%2577",-3.61247647254943,31.6385807445394,0.87794116947987,3.67968914661694,0.369251753148739,0.279711750592625,0.177673008728963,9.05490771212121,23.6207703188863,0.859537784421417,2.92497365000867,1.38066480426865,24.76873,20.50450575,17.7112842,15.960643,6.163137,8.8131566,20.1268891713491,8.66635615625,19.0405977461136,0.170976944651913,0.0698890684312842,-0.0424819528683033,"1560432"
"100%2578",2.00281952240593,161.948108961417,2.64706032108542,12.8598370043995,-0.0380540455404155,-0.183536657060856,0.00885638261605692,36.446655030303,160.813649459012,2.67560889220575,13.0359594810065,1.84054783760584,98.209537,87.2244505499999,76.3059003,42.8643255,34.673915,35.4964568461538,103.697850719948,34.780629546875,72.0115626819124,-0.0422199616328628,-0.188214566091066,0.00760246425044822,"1560439"
"100%2579",3.29098834591411,182.626423023002,2.57760084934332,11.6584488298051,-0.0336885006952935,0.208463668218875,-0.101309222852545,36.2280360454545,181.298165912979,2.59116669806086,11.6433538422896,1.8393652243455,98.265835,88.5290182999999,80.68434155,45.0296725,33.0852815,35.2736083692308,123.965843982119,34.523412921875,89.321251694174,-0.0428516610320682,0.206607417292274,-0.104356731248928,"1560483"
"100%2580",-1.47545853029472,315.542399988945,2.28064167934163,8.6788464413251,-0.0972517963108241,-0.215684184421639,-0.00597862254024073,21.5954738484848,311.401141831692,2.35220967512298,8.89730590338131,2.0283457801217,98.579432,89.2265351999999,63.3596691499999,44.4408175,13.633087,20.4111052615385,223.611817945908,19.41455440625,162.553368134862,-0.108827635747554,-0.226488446452395,-0.00630081576552275,"1560499"
"100%2581",0.218451763192647,49.3362961315486,2.25367098272672,12.9237741469698,-0.0925353247964481,-0.0586017715293591,-0.0526497081324527,20.3960044545455,49.0022976866268,2.24387639408545,12.8582973610413,1.25984891024694,55.245554,46.4635651999999,40.0932381,23.502126,20.191123,19.8598575384615,30.7842471581626,19.51806153125,23.6716578345351,-0.0997775827757294,-0.0580530461280569,-0.0485730446198886,"1560511"
"100%2582",0.653605999005158,198.049310586776,2.90620989491941,13.3800466246012,0.0221140060727924,0.0134101433526085,0.194726154692353,34.5451067121212,195.343949746461,2.91084702384216,13.4373474055108,1.9717845005057,98.800617,95.06950455,80.0276201,42.1317685,32.4238515,33.5565604,133.852469741265,32.62681221875,79.7558553460226,0.00983446768834492,0.00272554123174096,0.18647351721581,"1560601"
"100%2583",0.510253625470139,337.450063241952,2.25052481503902,8.55110830168892,-0.182107700923613,-0.0945112996885016,0.11677142022909,22.7219349242424,330.301314359329,2.31054272556003,8.68530588894627,2.10167757683287,98.032648,95.1635129,55.6713503499999,47.141184,15.6535075,21.5633085692308,246.783481026959,20.437444734375,168.247463566657,-0.206886177852566,-0.111130761049081,0.105752713930794,"1560604"
"100%2584",0.35522276092124,177.04722558443,2.45499287007131,11.7616989316165,-0.136929961199467,0.125911281374009,0.115957519392831,34.5233860909091,177.664932361241,2.43012955573717,11.6129218283236,2.16193266581749,98.927395,87.8530869499999,62.1757822999999,48.86701,31.6776365,33.5325551846154,115.603010611744,32.776970140625,80.3002383369252,-0.129998949752804,0.131196992435214,0.124130720295382,"1560612"
"100%2585",-5.87755126057856,369.356871711722,1.89615841720664,5.84546813714605,0.0225125185839716,-0.0618894042253846,-0.215602165483414,24.9724981969697,348.710128552191,2.05688681042695,6.42919516421493,1.95003499778067,94.090863,90.1072015,71.0691304499999,58.048213,17.050884,23.9091387384615,279.446499452768,22.908310390625,218.705121187558,-0.0256396186173652,-0.107979640768931,-0.255178905170205,"1560616"
"100%2586",4.88988208076907,326.652884879801,1.88522779550574,6.40781857325225,0.140413075320582,0.130414056076617,-0.133749456449869,42.6205302272727,300.316004334569,2.03445975324924,6.47206956889263,2.38888208048067,98.751461,98.04705795,94.70261545,66.0278095,37.44018,41.7569774461538,255.718505773743,40.88337140625,210.106919084286,0.134566989825049,0.177987122299263,-0.0502765164434404,"1560619"
"100%2587",2.91304298457079,220.513995285875,0.972650077048005,4.28332389620299,0.123938084839432,-0.129608113696977,-0.337363465405904,39.8477635151515,187.424449668287,1.32419385577339,4.71377636505301,2.53277443246392,85.521321,80.5848556999999,73.766804,61.9471295,37.418854,39.1450934,157.720713552122,38.539129875,136.317633115397,0.0837431948644188,-0.133766842596253,-0.326743835158814,"1560702"
"100%2588",2.97374918950362,227.766623161633,1.41915904186219,5.94122737589178,0.32575030108804,0.465681699657458,0.305824415334106,39.2629102121212,180.553662927277,1.9849907238113,7.93720571459835,2.33364722272138,95.190391,86.6722573499999,76.74189885,47.8624345,37.92932,38.4024874307692,134.469805651511,37.719939265625,106.289216511602,0.162566707622157,0.350812948774987,0.161926281213199,"1560703"
"100%2589",-0.85986279429251,28.0345027658046,0.354664246113782,2.73122324814195,0.185995866181884,0.0903829054019956,0.131423976706279,50.5016621212121,26.4629243144344,0.280083711633001,2.64947613700008,1.91825416516968,62.965966,62.7757786,61.44059015,57.1141525,50.38619,50.3099036,24.4431384167719,50.1167244375,22.3993801809608,0.141027733368663,0.0401938447514324,0.0855412295301757,"1560712"
"100%2590",-3.29291084382758,254.567714102879,2.68501346347265,12.6087706072869,0.00388753394792438,-0.163097413147106,-0.117091347221902,15.5257595909091,246.66259104786,2.80897720416277,12.782471568354,1.67756666189637,97.662953,66.0784929499997,48.26577245,37.2543585,8.700494,14.2621104615385,145.0679980784,13.718214125,128.106175929878,-0.0243491405106837,-0.193059129367414,-0.150724287084504,"1560732"
"100%2591",-3.13116796283166,214.884686132934,2.20800276530023,8.84623340928186,-0.111276475085363,-0.00446222374492558,-0.0999134529634995,22.2193612121212,207.137166392869,2.27001267601374,8.95399078138324,1.75942283273598,89.668833,68.4108020499998,52.2449101,42.631419,15.233755,21.1816770307692,139.255853654625,20.622575578125,121.113088135301,-0.145518660743158,-0.0311951261991807,-0.12450619125848,"1560737"
"100%2592",1.76604955067526,237.93129533805,1.6950737038968,4.96853488308013,0.25574487184257,0.263541801328385,0.355278687383526,37.828592469697,232.103851489035,1.66488350570498,4.88332484138742,2.33797821531527,86.589272,82.99232215,79.11048725,62.9746235,32.0950555,37.0784281692308,198.533412445681,36.391286375,170.94484706553,0.242057148543823,0.255111514328619,0.348235705228258,"1560738"
"100%2593",-5.22468332348177,110.048965495192,1.79995272848404,5.21497951845552,-0.152869923503381,-0.0929064284682688,-0.0350492266565501,9.61704453030303,106.149620757903,2.03368670791976,6.00806661672551,1.64775814022604,43.190703,42.4094576,40.0014535,27.565835,5.1923755,9.10052670769231,90.174508215568,8.586647640625,74.4188246943884,-0.18236843746266,-0.131404579096923,-0.0683852040189163,"1560774"
"100%2594",2.53388436656806,227.189535911926,2.47182699359259,9.51479186576366,-0.00444478054538214,-0.0111657714785515,-0.00696575949579713,35.5531385,225.615417232118,2.46127447934239,9.51389191726832,1.8069117050122,94.374511,92.7225425,80.10333585,41.949214,31.5544365,34.6481943076923,175.03744023244,33.754681390625,125.878653593273,-0.00815688975227458,-0.0108468146184154,-0.00525758638817276,"1560788"
"100%2595",1.17075361820119,176.61444045118,2.47037445300837,12.2288233022451,-0.0411567755445853,-0.103928341709939,0.124059525729481,34.3966793484848,173.012357209379,2.480955470451,12.2342904928472,1.79113484144898,97.225045,85.0637516999999,75.18072525,39.7189445,33.088805,33.4300891076923,114.010504004535,32.725631703125,83.5350028643753,-0.0614059726799623,-0.125085522840685,0.110900245531223,"1560811"
"100%2596",-1.43677703321672,43.1667821074135,0.582311457653848,2.91238286434174,0.705260782909026,0.579668792104551,0.542789058350523,20.9892230909091,24.438104249237,1.13679218981382,5.0310277902124,1.76543615065067,38.434347,37.2015765,32.0814543,25.410612,21.044189,20.7208365692308,20.0600076326138,20.473696875,16.4033734016823,0.524877626584901,0.33885631644381,0.311323263159706,"1560845"
"100%2597",-1.03257775497527,49.7055556168221,2.53509046006519,10.5223300409011,0.409620501310462,0.100742281973082,0.115996187476769,16.4161225909091,43.0687370673819,3.05269778736413,12.4557701715043,1.45438395456744,46.098532,42.93197445,39.95063225,18.9334095,15.1886115,15.9594701384615,29.9682565087246,15.56466646875,20.3049645715231,0.32904948905309,-0.0246262459043424,0.00454115952843174,"1560850"
"100%2598",0.0188681288363006,209.673407812671,3.18154960137261,13.445546666574,0.104105377680211,0.155000232780345,0.131182058441879,20.5836824545455,190.42781508559,3.34771663907447,14.1587277383115,1.78220178261562,82.866324,82.59267205,64.2837748499999,28.218929,16.430242,19.6254879692308,132.760453447841,18.643928078125,72.2099472441719,0.0263218321702613,0.0870825372537217,0.0656643804691426,"1560851"
"100%2599",-0.842212356399556,322.453476737643,2.73220933029395,8.97354006111419,-0.0990090604885686,-0.127495935281572,-0.128642786807178,11.4540873636364,323.046468602944,2.7349523299688,8.99741730665973,1.06206491542313,78.734445,78.30513235,63.98776965,29.7945215,5.0675135,10.4190049384615,257.304302897976,9.361896203125,188.688555539644,-0.0982823886596886,-0.126905705091796,-0.128195626876659,"1561015"
"100%2600",3.72221921306676,504.761253117832,1.06851956063526,2.55386959371134,0.168864718596437,-0.00917414856661101,-0.0924569533519693,50.4968386818182,493.20461320426,1.10525954487383,2.5770681908787,2.45079276553246,98.198563,97.34285555,94.51917305,93.1008025,39.753655,49.762966,465.246815018471,49.0267296875,437.2834424933,0.143467386465714,-0.0353588526416065,-0.113478974377126,"1561021"
"100%2601",-2.51401698671491,15.7448918052542,1.06178784049377,5.13088789061873,0.0733826175368518,0.21347116803492,-0.0699997734199954,4.96082586363636,15.0887166932028,1.09126266757161,5.61831202500433,1.30485616214197,21.022489,16.59250955,10.29505025,8.8946425,5.1130135,4.71372335384615,11.2909138734301,4.56538878125,10.037129949929,0.0309004667490895,0.186082837887987,-0.105957426984727,"1561023"
"100%2602",-2.59715996969697,1.63152913832918,3.93239741126952,20.6392958843092,-0.0426192205394234,0.40890327978477,-0.0494953050329366,3.65284003030303,1.63152913832918,3.93239741126952,20.6392958843092,0.738059534077892,10.597978,9.97264874999999,5.11568289999999,4.274786,3.413496,3.54599175384615,0.903137010612031,3.450836421875,0.328703608237713,-0.0426192205394234,0.40890327978477,-0.0494953050329366,"1562260"
"100%2603",-4.25154290993513,34.3381014552446,1.1510356993024,2.87754673735287,-0.096478092494384,0.0529826955717989,-0.0581194399806699,6.20066983333333,34.1972847958062,1.17117573575609,2.93549090653359,1.50298822442427,21.23405,20.3331045,18.58274815,16.8868875,2.766386,5.96938706153846,31.192943314666,5.752534046875,28.6236931059966,-0.103161302938775,0.047459823772542,-0.0637908271911426,"1562267"
"100%2604",-1.92831298246263,217.517635891505,3.29008766281319,15.7076347600906,-0.116451129420901,0.00928008317681162,-0.109779963809744,21.2218771818182,215.252626089038,3.29581932226892,15.6630095023381,2.15449716819813,98.755955,81.1076782499999,67.7860507,27.4399405,17.499333,20.0290452153846,124.656230342326,19.223174671875,84.391207303153,-0.128848325475778,0.00525926359488625,-0.114163416669629,"1562272"
"100%2605",1.31078148931206,348.181928750062,1.95861999503232,7.12655654502041,0.050339841428926,-0.0861151416008755,0.109292063708433,35.5974673484848,345.063842507497,1.9802729095578,7.20990482884657,2.14347284345207,98.525827,98.1545418,97.6048936,50.090705,30.894609,34.6293387384615,288.512498641599,33.639881234375,229.383806527318,0.0445389892715522,-0.0913675240219909,0.108991452109111,"1562309"
"100%2606",-0.265956828869755,181.633790955157,1.67224879179343,5.64999147598712,0.0212384958473279,-0.115049686464195,-0.187881852985318,27.770729030303,180.058337343207,1.67235004391772,5.63728175917024,2.23753816538078,75.529825,70.14824945,66.87432835,43.587817,21.9630485,27.0359737076923,147.19735025911,26.407622078125,123.833633782216,0.0136465644619324,-0.118014494201075,-0.189535010164513,"1562351"
"100%2607",0.0566968349532516,475.043520133938,1.22610277034664,3.0737431367228,-0.243343034391106,-0.0667678237021284,0.00835477579109095,37.6299893181818,472.096871496941,1.22955040800235,3.08172560386113,2.5864146946223,87.452356,85.9489515,83.8900696,81.4963185,29.255007,36.8634913692308,440.583639309955,36.109179890625,410.483681235005,-0.250920243303476,-0.0739572300766777,0.00314100531275154,"1562375"
"100%2608",1.7518677662388,141.941217847493,2.96365584083219,14.6195328309015,0.0768665356224966,0.105234528065127,0.0240957995503617,26.1803844848485,138.48285034906,2.98037328104033,14.7505581207941,1.85842453647855,88.003832,75.3522215999999,50.0735763499999,36.9664005,23.6533455,25.2292545230769,80.9065742631937,24.552527,52.4033303542173,0.0551852074233852,0.0848056761858915,0.00850249873136966,"1562387"
"100%2609",1.10471681455461,232.668963545115,0.924339746438547,2.35478917287296,-0.0927836949620045,-0.245249670604652,-0.168997235620782,27.3487081515152,231.846335426218,0.924028145658246,2.35607768459332,2.3008752798001,64.097211,61.19272305,56.06237205,51.797547,20.42252,26.7833465692308,214.317376689358,26.270136859375,200.546112291263,-0.0956752427987899,-0.243590609167379,-0.168184854733186,"1562388"
"100%2610",-0.113352813330868,209.714882284396,1.53155241559674,4.67565972023134,0.109748583531017,0.0604692054019634,0.0706180694499514,28.2373021969697,186.844680427494,1.66031829098583,4.84974895894533,2.0502255538823,69.641314,67.9765249,64.82342155,47.888895,21.9662055,27.6003174,162.939738288877,26.983445796875,140.75118434141,0.0121676865242524,-0.0456988917370771,-0.027170613311974,"1562405"
"100%2611",2.45026295518118,513.315929786091,0.942154773988527,2.501913381734,0.0419470578388612,0.115369914652128,-0.247998735734968,44.0897787424242,509.899555381663,0.926559315936707,2.47380666417841,2.6962998297011,93.568175,90.1808053,86.96931735,84.506067,35.031907,43.3285726461538,479.501472340048,42.625006015625,454.81829261177,0.0362953783578855,0.112644974931431,-0.251431626571466,"1562434"
"100%2612",-0.2837831015354,120.017833136775,1.82156560677839,8.65131003864983,-0.152274325293628,0.110904465846819,-0.118647181661576,27.9965507424242,117.778846923346,1.83511960645854,8.63529994553061,1.90931645584397,72.594965,70.17796795,50.6090311499999,40.7211915,25.910442,27.3104212923077,88.519770110767,26.6609511875,62.4851494112183,-0.17695024626677,0.0973704858446095,-0.133128749007566,"1562641"
"100%2613",-2.81377679524765,121.369103204862,2.59736591346949,11.0008261374884,-0.0656974109656244,0.0483504968002016,0.0470713512627264,27.8743141666667,117.134938380903,2.59558134283635,10.9731654609406,1.65718007916892,74.526255,72.11386255,61.4269554,36.651586,25.4240735,27.156592,84.938757193364,26.47443121875,56.0186087285956,-0.102610792661067,0.0166661747471349,0.0268556535528744,"1562642"
"100%2614",4.25539236548518,295.996051393549,2.0860514843945,6.90762889598998,-0.0706879340995756,0.233789124056373,-0.0830630343777173,36.5648319090909,292.713965020173,2.08983758374884,6.92432689876335,1.93520620054396,97.912489,90.0113119499999,84.8883629,57.9866665,31.639775,35.6210218,238.425940336249,34.837649765625,202.262682278349,-0.0824130277786204,0.230001184020439,-0.0871088593541086,"1562646"
"100%2615",-1.48368370913669,219.859007231531,1.50734983342958,3.98346214467589,0.00412135668540863,-0.102281172918358,-0.0904381368842122,18.4327232424242,207.512896028174,1.56832336029882,4.08104688308151,1.83767545371533,59.006834,57.57121605,54.17617675,41.537501,11.3238895,17.8085061538462,184.988701858503,17.199292328125,163.754953770805,-0.0486424198891068,-0.156077919803261,-0.130601054986515,"1562671"
"100%2616",-1.81002737173023,144.184589801003,2.20104200855493,7.14810894764334,0.0299187316155105,-0.154965744072795,0.0452769471446273,15.4777576515152,137.032140900554,2.28577355830613,7.32054772909257,1.74337563833042,57.981876,54.014029,50.31135165,30.8759655,11.1330475,14.8238481384615,110.918882700347,14.244884890625,90.8640914900864,-0.0158168807130195,-0.20245363970317,0.00617849756892718,"1562693"
"100%2617",-1.23177799822161,106.637101871352,2.29100534443836,9.34694970994008,0.0656064907432867,-0.192503297318061,-0.202136724698813,14.6466093030303,102.490325190792,2.505965461237,10.0366330164872,1.70047371089714,61.50474,53.6061726999999,40.01688275,26.9046635,10.443999,13.9257149846154,69.7676506151849,13.372162125,50.9404202108031,0.0377779298234281,-0.229900612471605,-0.23466345093586,"1562703"
"100%2618",2.39791740887444,704.165371312589,1.63210845698603,4.15529955951546,-0.0801710176106772,-0.167601960660938,-0.0723857179281799,29.9590950757576,701.167204186209,1.63428661619307,4.15645378844713,2.14059770190976,98.184016,97.91967855,97.6598641,81.3886705,16.5416005,28.9094809076923,639.242858423899,27.8334205625,573.967146764572,-0.083428509846001,-0.169684663113175,-0.0733341432704776,"1562711"
"100%2619",0.759273177539486,399.764931224543,1.45070271899933,3.83692149742785,-0.0818456105456305,0.0580515580194575,0.0416228969111573,22.3171676363636,391.096323870363,1.47374739526981,3.87957692721702,2.21320838571111,77.970628,76.7435086,72.34389115,56.145767,12.1107865,21.4609605538462,348.729212893341,20.6074950625,306.831889425081,-0.101870743700835,0.0451329850736109,0.0306071422635706,"1562712"
"100%2620",0.69219357479795,167.182973197686,2.45896600165708,10.4503565553737,0.0688650687162583,-0.00843282797002303,-0.0828102589415012,16.3787658636364,159.584607101907,2.49866381185432,10.48457109053,2.10451136452703,76.715676,64.6470161499999,43.6853545499999,33.2099545,11.960597,15.4505057076923,105.169738373998,14.7833494375,77.8816787603926,0.0255251519217408,-0.0503112662149749,-0.120690633393728,"1563262"
"100%2621",-1.00426981144683,66.0238874111096,2.39649574071206,12.2954527773329,-0.104693372737992,-0.0198968549296201,0.0114208025547599,14.7463508636364,62.4829097317379,2.67419177711371,12.8277635031016,1.84884593140385,56.349919,39.9654508999999,30.76642605,24.7760735,11.812011,14.1062959692308,36.4059475878036,13.840096765625,32.3687594788405,-0.162033405024061,-0.0822691298693977,-0.050332186893792,"1563392"
"100%2622",2.00755936206927,223.338486606782,2.8362014806686,12.8498820059767,-0.0837478043546803,0.0594040229180534,-0.127197140544638,17.8086924242424,221.116767279104,2.84979944265015,12.8874511721797,2.15994573045425,94.992562,69.7710240999998,52.7679521,35.0102545,12.752403,16.6212482769231,131.457005900586,16.00298346875,108.664682371139,-0.0930384794702604,0.0544937716349081,-0.132563534875228,"1563396"
"100%2623",1.29002748372202,74.0299946680236,1.19606689445456,6.21343310548514,0.240693762617016,0.140407671744102,0.057299322871846,41.3766508939394,92.6747626001298,0.716555216498687,4.95630104131064,2.34227484479911,77.286831,70.88982285,55.93904815,51.300104,42.2454495,40.8241865846154,73.9562185155209,40.408232,63.8656003597597,0.363433666773745,0.253311438340564,0.141879058258913,"1563647"
"100%2624",0.221015116226907,84.1372300279966,1.35190729571242,5.79307537647593,0.271669231170466,0.27268088372585,0.153013347565159,42.7671545454545,89.8363868767746,1.06072045773425,5.4923052528668,2.31003138242002,79.232472,71.1922111999999,64.02511115,51.837873,42.868389,42.2061496615385,70.4465374710891,41.820888875,61.8995828321997,0.295809332906904,0.265972610281301,0.125079021519664,"1563654"
"100%2625",1.98972168069128,150.546429807015,2.33440131909752,9.39892222900087,-0.14651697525864,-0.145722203705929,-0.0155610313392066,16.9337948939394,147.270211859952,2.44429611940898,9.87162499040689,2.02473008419059,73.203618,63.1065589499999,44.9950565,32.3622605,12.531025,16.0681053076923,100.074289084409,15.4180806875,74.1733694057029,-0.172947403450147,-0.166057656309675,-0.0316466751513628,"1564468"
"100%2626",-0.835806019500643,74.8089590783889,2.72598676263336,14.4551263627058,-0.0985355475914174,-0.098456180845432,0.140614022577024,15.0864907424242,70.1472584320049,2.98126603246368,15.2780470367038,1.65978633147629,61.545869,43.0622596999998,30.0437412,25.759911,12.4338285,14.3717310769231,37.5082759810622,14.078952703125,32.5225963426163,-0.182550283879487,-0.170843537526963,0.0929168462549577,"1564487"
"100%2627",-0.530709783784973,75.1678435030529,1.39987945842981,4.4315073950926,-0.0518367804904548,-0.0644118642865297,0.210218036642844,15.2486336212121,67.4655072166331,1.66186457242231,4.92871377310736,1.79494130403046,40.601891,38.84205305,37.51867265,24.9036865,12.25977,14.8585835076923,58.4622580871389,14.498648125,50.9547546883496,-0.158246178216999,-0.166785570316869,0.154094821207812,"1565055"
"100%2628",2.58175953798003,12.1554689093143,0.55381531902541,2.43578005319897,0.0812993998895367,-0.134795585782767,-0.0206357474010849,52.6573630454545,12.0952545453616,0.564911122981999,2.44145250083059,1.27063422645317,62.394073,61.97834015,58.26361115,56.27923,51.6773515,52.5075675076923,10.8003809777115,52.3630844375,9.61223868829553,0.0807274997148347,-0.136925238428131,-0.0160335682616581,"1565139"
"100%2629",0.254422913536879,154.227912546459,2.04713786638272,7.72611979897633,-0.149357603789832,-0.148811368226803,-0.166834372219365,27.7344820757576,153.728750983148,2.02920582813525,7.66412746399314,1.82337173424365,77.817177,69.8902976499999,59.9188677,42.5949965,25.3532135,26.9639790769231,116.911267190526,26.35994784375,95.0225132482201,-0.153538406800974,-0.15245973701541,-0.168531579201844,"1565758"
"100%2630",1.99019818519888,269.18647825526,3.19550002436418,13.8391102522445,-0.0558854164576546,-0.156852000731279,-0.14722817779342,21.9307058181818,268.648523063833,3.14332729350392,13.5671609589272,1.88376500957263,96.950816,96.13265905,61.6140597499999,41.252152,15.9038405,20.7765502769231,184.86462637921,19.605994609375,98.6900990625051,-0.0607190111056183,-0.160895717112854,-0.147161963887846,"1565761"
"100%2631",1.39402813164475,204.060349518835,2.51340640121602,9.3827990930729,-0.107822755700529,0.0542345718029628,0.0224187132703889,32.899891530303,200.872698074518,2.53399165491624,9.48103704757694,2.10486394904212,86.834586,84.2185245,82.15443775,45.626088,28.6794955,32.070127,158.52144167623,31.277318421875,120.142885501763,-0.125892843297768,0.0449775064486702,0.0178282466298478,"1565769"
"100%2632",-4.6557464465251,116.324515246239,2.16345308400386,6.08820864919304,0.0689429679586855,-0.11075145583864,-0.0495511923508395,5.13771401515152,115.83522577869,2.16570029895471,6.09503181911749,0.833994679864078,40.076076,37.82935165,35.20075105,28.534314,0.456615,4.60020075384615,98.5485527740629,4.099898,83.8186889532647,0.066762852675623,-0.112666982171646,-0.0493739286003244,"1567078"
"100%2633",-0.890368150362444,25.3001934553991,0.984838926025539,5.2843942493441,0.489024365351024,0.578230389850886,0.454954352969023,16.1861545757576,15.6124846055655,2.03155032758136,9.91265578709484,1.42445156369414,35.222104,29.5066786999999,25.4685533,19.5782175,15.8897885,15.8932938153846,10.1920266286493,15.7286711875,8.58973741996559,0.198169495892025,0.339159743730747,0.190735930169085,"1567079"
"100%2634",2.01084005453137,23.3091867437279,1.94034846656313,8.27707496270031,0.670714500325285,0.40252540345741,0.128656083534127,13.9519023333333,22.5875672128663,2.73469532140589,11.7443707862493,1.42655091766758,35.616208,34.19364465,26.0814643,17.368829,12.5863825,13.6186053230769,15.6033330418835,13.309089015625,9.62011272304914,0.670992151069907,0.405443802754859,0.134415591493879,"1567084"
"100%2635",-2.76668375981849,278.431110159749,2.01884771909074,7.80922400623511,-0.102637396717267,-0.0854846313626137,0.00733351238342239,20.412126,263.955574916969,2.08442111028608,7.72892625814105,2.08595290888155,93.218246,67.9276514499998,53.9067744,47.179107,12.464108,19.2920318461538,185.21210962599,18.744881734375,168.646787925622,-0.157158070271649,-0.13321082976848,-0.0323514787321934,"1567937"
"100%2636",0.984278804298065,178.795845406468,2.38829548935039,11.4012095226059,-0.0152528081743251,-0.081628996374803,0.0444123893698598,38.2204918939394,177.492163497529,2.35769297026588,11.2835306238757,1.99687012188233,98.332126,90.3211359999999,81.4478357,45.697203,37.277472,37.2956975230769,123.776666693713,36.534575203125,88.0557100254176,-0.0216468408373591,-0.0814926495650558,0.0433425843652545,"1567959"
"100%2637",3.02092252341838,232.824062140185,1.82887520606341,6.64816902980878,-0.00681440718168996,-0.100579886045691,-0.188036358457659,36.5162476515152,230.401751091028,1.84862284406511,6.67971324379776,2.04625586649343,87.282602,87.2064597,81.50604875,52.1418775,32.99401,35.7352268153846,193.686819348483,34.931629421875,154.738205795199,-0.0147826213320979,-0.107052723094115,-0.188439076283645,"1567966"
"100%2638",-0.353133456052782,308.922880966954,2.04254733012432,7.06575149837685,-0.172012618368408,0.00133116776088295,-0.17652010432964,20.1092814545455,296.893348081591,2.08636951560661,7.15046559403836,1.8333973690249,91.859384,79.6234251999999,61.5486936,45.549676,12.1021515,19.0054337230769,221.041270310375,18.161224375,178.170227639244,-0.212068994341082,-0.0299846445974232,-0.204403104766998,"1567969"
"100%2639",0.639230436048456,171.266483005053,2.66517982909235,13.536784480564,-0.136802564375806,-0.0718558259033133,-0.159047893779523,32.3801580151515,170.412711219423,2.68008737531403,13.6009747147442,1.75354060928908,98.068153,86.9410226999999,55.9546147999999,40.4873845,30.804255,31.3695734769231,105.629892050362,30.594887265625,68.2713419252502,-0.142204993843674,-0.0726478529766508,-0.159603342699299,"1567972"
"100%2640",-3.0443390491874,325.058434921299,0.307536694489804,1.78761286362982,-0.0716936191404201,-0.114091716526413,0.156969954564871,50.5417102878788,322.794734385855,0.314269948704518,1.79212315122284,2.6673385497789,89.500278,87.1296981,81.13010275,75.4127,48.220573,49.9423477076923,304.051264055726,49.381240140625,288.337354438285,-0.0786409122925553,-0.122343119922149,0.15345489610618,"1568002"
"100%2641",-2.18806339246034,155.214436180333,1.18443852459222,3.03014241134731,-0.223241962551056,-0.244996027432224,-0.0410735840333343,13.886760969697,154.763022013413,1.19202096570023,3.04680681178252,1.87947177436636,50.203436,43.2361555499999,38.79302755,36.474219,6.9697385,13.3280428923077,136.541042842746,12.919347578125,127.817425747896,-0.228436727877048,-0.245927908936196,-0.0402527081781649,"1568073"
"100%2642",-0.600565929744863,196.778317088499,3.29394066893592,14.9347555593564,0.069151157864498,0.389783893932458,-0.0100878726325964,23.7490458181818,196.950856047317,3.26996425174169,14.7906631640928,2.11819300940277,94.798053,83.7424135999999,67.09340965,34.1266195,20.0333865,22.6559841692308,121.125140502375,21.79452490625,74.7804368073257,0.0729934854205243,0.393050730022214,-0.00472897541642698,"1568098"
"100%2643",0.435306049363479,154.701392304133,2.64067766698594,14.2675454782607,-0.0155826340461251,-0.0816169389781466,-0.0958469849677772,32.5291600454545,153.275104366212,2.62063751244587,14.1707085748829,1.90969361816297,89.583809,89.1253367,51.7990559499999,42.0497935,31.401577,31.6513962153846,104.782206363906,30.757223234375,54.448982540447,-0.0245044473072092,-0.0814857039578519,-0.0937502164540711,"1568103"
"100%2644",-1.48839277160918,188.484428034947,2.67108859003172,12.4625904265086,-0.15924845290751,0.0985138223691072,-0.0274190238861949,29.8801297575758,186.85140895754,2.67637450355438,12.4111809447183,1.70073388802355,92.909912,88.14105635,65.2764134999999,41.5012535,27.428429,28.9104408,127.666465505098,28.025085015625,78.7106878084075,-0.170326183853421,0.0926525172761491,-0.0299912450906815,"1568140"
"100%2645",-1.10763855688201,142.135588854644,2.42519621234414,10.3207222533791,-0.113122726115182,0.235549779148003,-0.125306393982488,32.5279987575758,142.514401497947,2.43779904841308,10.4223896797335,1.94884394175804,81.031368,79.48657995,75.4195916,42.678983,31.2107085,31.7817930769231,107.956618174432,31.049402796875,74.7777313833287,-0.106928047643043,0.239972384575627,-0.117172923965906,"1568149"
"100%2646",-1.42601450307807,429.767797558787,2.72075098310348,9.32776033527468,0.399415255763327,0.333009663585368,0.225722332158573,9.41952495454545,432.509344900524,2.7407175821418,9.45473804306527,1.12430932323636,87.981757,86.96447775,74.766786,21.640307,0.6774345,8.21087523076923,342.748280606304,6.98890903125,251.045631960892,0.404577300836174,0.342712824106268,0.238517853837939,"1568970"
"100%2647",-2.48579198626451,337.20826730459,3.01436498714943,12.1822292712961,0.441183127049637,0.457483837279947,0.279249231586277,8.51642498484849,339.138183467116,2.9991636077575,12.0337402933947,1.13405510778928,94.499852,81.9735160999999,69.5767918,24.8383525,0.737298,7.19360303076923,228.865071117187,6.130556734375,158.986705015356,0.44981444098065,0.467720342796215,0.295976354010438,"1568985"
"100%2648",-4.61480942248164,83.0889799773907,7.11068075308933,55.0291314477425,0.0656848316938167,0.233395871300844,0.102108827795873,2.75240572727273,82.6702057724038,7.13522166802226,55.2929794543271,0.706672641158326,73.406397,35.0985377999997,7.19380814999998,5.1459205,0.4192785,1.66542124615385,5.96072778722259,1.4653305,3.45150422363175,0.0598539381754153,0.228732905765433,0.103722334621064,"1569056"
"100%2649",-2.35149020129114,378.011935361035,2.3757807671905,7.49107011143757,0.511666515439916,0.328218557699115,0.327669646486416,9.52476654545455,379.487540498795,2.41323172964136,7.66576183695259,1.2293316233212,79.517273,77.8253516,67.434324,35.0325575,0.737195,8.44795875384616,308.797819028099,7.37817190625,239.233931496581,0.513445202253576,0.334189803613933,0.338598371656773,"1569126"
"100%2650",-6.44584522464036,4.1737392399725,1.24647526990906,2.99310143557637,0.842038224233169,0.764150853879043,0.682474151572221,1.76984596969697,4.17677140176251,1.2759271615431,3.02260193165769,0.64519645040308,7.353273,7.0572344,6.1081814,5.0742195,0.5946345,1.68394709230769,3.75404069230338,1.6024801875,3.38130190048915,0.841919560205039,0.76201977011296,0.680709652241826,"1569314"
"100%2651",-5.04821637919286,44.8093869800817,5.36802962069921,33.9818291003573,0.109671464236175,0.0985987885390243,0.119954403625236,2.60391504545455,44.6691160572977,5.35082095067157,33.7712491195372,0.726995174931508,47.591728,34.1309975999999,10.1509125499999,5.3083775,0.462411,1.91179484615385,13.7403287889274,1.521621140625,4.05971259465718,0.10766841698668,0.0984852982186196,0.121461686774623,"1569441"
"100%2652",-3.85848024386808,110.260591042477,4.32158955472918,21.7096134166352,0.172002227738006,0.0810969322798177,0.0820357892177406,3.90722151515152,110.699201824799,4.32004604839689,21.6858878394163,0.826351737902344,63.764955,52.2694872499999,39.3842803,5.503366,0.483229,2.98633330769231,56.4319504861869,2.313000703125,27.8442079482629,0.175165577077415,0.0896925215048306,0.0952891891870496,"1569450"
"100%2653",-0.820038111228907,408.461629887577,2.61786967415622,9.21939994532283,0.550067151170003,0.33332369716033,0.362116633566454,9.64245857575757,410.360559073897,2.57523722361312,8.90757487192737,1.27601892826055,94.532465,83.7693626499999,68.4057595,41.0275135,0.693711,8.33645847692308,304.101805405987,7.248374296875,231.898129228848,0.557946911828768,0.344976971280557,0.375249038088405,"1569454"
"100%2654",-5.74180175507545,5.03037029265443,1.93889303140501,6.72582097916158,0.7613688566542,0.639087652752581,0.572781171447529,1.70828012121212,4.91338341058323,1.9815397021316,6.89091418548033,0.678620174942842,11.173235,8.78346319999998,6.40846745,4.925872,0.514746,1.56266543076923,3.5895338117888,1.46994671875,3.08683090629517,0.755710434370219,0.629566878406637,0.562821304194102,"1569540"
"100%2655",-5.41500473870019,17.3569716342651,5.08374114452245,34.4680131785654,0.362754763430433,0.32747203569409,0.284496112695195,2.08426893939394,17.352751644066,5.0651001125542,34.2500508403611,0.742333897834472,30.767099,15.7284792999999,7.25631375,5.3608655,0.4160425,1.64299463076923,4.76799803412851,1.54943578125,4.27353621239323,0.364605533227882,0.32878641728645,0.285892187713253,"1569570"
"100%2656",-4.80393897859771,40.4864374578146,6.74930247484005,51.506073708989,0.188444392202029,0.22063238930882,0.197086913727447,2.45762934848485,40.3276348495729,6.75501296902342,51.5628047311258,0.719468505918028,50.955851,22.4406298499998,7.0551713,5.2846335,0.4976275,1.71150286153846,4.20554752258966,1.62752196875,3.81282782964956,0.185374645092563,0.2178846535214,0.201699720854423,"1569581"
"100%2657",-5.87613899650485,3.92119864810628,1.31296140772609,3.39587515953077,0.706756497816227,0.725889725659997,0.61467838639403,1.77335125757576,3.83745120128907,1.319192729108,3.41304361915052,0.610534995239449,7.932093,6.58551529999999,5.84449685,4.968133,0.6033735,1.67860138461538,3.30397137596168,1.613260234375,3.07808064425321,0.698809056866245,0.716528436638894,0.60319174108838,"1569595"
"100%2658",-4.87351713893438,71.6186873663112,4.93951375373013,27.1056025078513,0.122198729623988,0.0856322958144876,0.115056200838626,3.06353056060606,71.2696879854072,4.96010446811156,27.2495186407195,0.776414815690157,50.255137,48.955878,10.3419004999999,5.667024,0.4403345,2.33750584615385,37.5767602479465,1.620025046875,4.70328180012292,0.116951530947543,0.0835782623023321,0.113893446840833,"1569625"
"100%2659",-5.45245858287113,15.1753141143389,4.06930741328754,23.0125060455521,0.643369643572203,0.402046219067562,0.398901193287337,2.05671948484848,14.0984146185204,4.26615373725143,24.6352380051607,0.720783652353588,25.359773,18.5335451499999,6.82593419999998,4.892548,0.4841275,1.69821096923077,5.8324418241116,1.492591078125,3.1754036524207,0.615448846379293,0.358311160366214,0.360919901588868,"1569634"
"100%2660",-4.82477378536087,46.0329259317521,6.5013785344385,48.2888789326157,0.177884453382673,0.166506361783295,0.152724006203267,2.61375296969697,45.7429900715689,6.49530065715381,48.181522767173,0.720783652353588,53.344348,28.8535706499998,6.73894979999997,5.2297275,0.5933475,1.83328227692308,6.24385122995088,1.617142484375,3.30484476044169,0.173654364499148,0.162574293190948,0.14920381860873,"1569694"
"100%2661",-0.491634027027979,400.452768170474,2.23817973931256,7.0268735735123,0.6406361736138,0.523249342019934,0.366297909723293,10.4272952424242,404.768128675348,2.17635614993519,6.63692604090851,1.20832716330423,82.177776,78.5519096,64.247126,40.504932,0.8483795,9.32344169230769,330.574815088044,8.27225296875,263.91519395903,0.650620730307468,0.537448294907673,0.385588917863273,"1569703"
"100%2662",-5.51497725038297,5.40617121149886,1.53548539804063,4.39899312991676,0.453070811017719,0.597909296714899,0.354723252023079,1.98066481818182,5.31730318299403,1.57108253747203,4.56385791523998,0.74511878565635,9.381573,9.3720167,7.2543826,4.9897625,0.616806,1.86680469230769,4.54347538191904,1.74961615625,3.7218122408441,0.443156267361936,0.588961613038508,0.342695147515597,"1569764"
"100%2663",-5.80933821627665,16.4736116888161,5.33628759022275,36.9682337569694,0.45001556079237,0.37317028334507,0.209816521209126,2.03130675757576,15.544329196571,5.54846606776634,39.0767303851288,0.678620174942842,30.101843,15.5049658999999,6.57886795,4.63943,0.5383665,1.59945235384615,3.47458980530912,1.50498896875,2.9488637479685,0.418151146830014,0.342129082878214,0.172892167648008,"1569788"
"100%2664",-2.02031029830706,197.050146972922,2.57746316001059,9.75788660525664,0.620886567365103,0.31099768379021,0.289382271796525,7.3366126969697,198.629996431547,2.60228683883721,9.91857612405617,1.13633697093808,72.421969,56.9163106499999,44.88274115,21.0284375,0.729985,6.33529952307692,135.512389764553,5.675427484375,109.326748869683,0.62895536354243,0.327345768553041,0.309298949838492,"1569828"
"100%2665",-5.57384333397602,6.60629881216011,2.1454244703276,8.38496940832667,0.641988629053093,0.630596721122963,0.609751907794301,1.95019131818182,6.53340057287322,2.13793241543282,8.32383841049293,0.742333897834472,13.799905,9.83929769999997,6.7724615,5.511531,0.564135,1.76788803076923,4.44043818014569,1.675094671875,3.95013054214369,0.639305634574382,0.627527415040172,0.60816570886311,"1569858"
"100%2666",-5.84148116030144,30.8527773440638,4.33258401287078,22.7453731648737,0.215530845492111,0.15447136196952,0.149693095714245,2.76543342424242,30.7827375785039,4.3608403054837,22.9963718633056,0.814435785387147,33.683731,31.030561,11.6710115999999,5.5487735,0.585043,2.28976730769231,16.3232733639994,1.86301475,4.74067105301166,0.214254489732093,0.15495199156715,0.152448037353442,"1569934"
"100%2667",1.38779871609177,320.727250099886,0.887324299648681,2.33829195786695,-0.0821161776118674,-0.0498910932901206,-0.0522463242681718,33.7253006969697,317.763211851014,0.886817820531854,2.33395527138023,2.61191510574001,70.284345,70.07720365,68.2200657,64.860419,27.817252,33.1628538615385,301.773011431406,32.587809921875,284.994305119683,-0.092699547757921,-0.0549098620782234,-0.0518196554197057,"1569999"
"100%2668",0.00612529102178145,426.233286500987,1.07911423493281,3.01604695273741,-0.0754413544751607,-0.127026256488532,-0.205017265821419,37.4321725151515,423.319463733268,1.07185168230314,3.01174525785512,2.69365963168973,89.739019,88.48208865,83.61699695,71.542336,28.7703815,36.6274518,387.092092527624,35.827798234375,351.576427847278,-0.0837577577415444,-0.131759769201165,-0.209805928653768,"1570031"
"100%2669",1.57301840715405,302.953240060769,2.60119060940284,8.77637495775454,-0.0996490893569575,-0.0750050326287022,-0.0280313088597148,34.6622635606061,302.103435307193,2.61595503361541,8.83062450885414,1.56264532000408,97.917905,96.6470315,93.99811595,52.130575,29.0176555,33.6890998461538,244.246037867421,32.716074609375,186.521804967545,-0.102515288470121,-0.0700366094471606,-0.0238310535714731,"1570252"
"100%2670",0.980443787668135,807.462411128067,0.414004160077558,2.15997677584712,0.363423081543675,-0.0188665739909801,-0.106845901419737,49.778843530303,677.123534505804,0.514451579094597,1.85910667290178,2.83883509871913,99.061959,98.3175725,94.3181775,89.032144,37.385355,49.0206417538462,649.599404019772,48.256640078125,621.808988274773,0.364793130478603,0.0630402810041425,0.0665969817488155,"1570265"
"100%2671",0.0914041188438713,70.0597452913446,1.13843320201238,11.7668384466991,0.0260975022672346,-0.0740796282033539,-0.0906549923913824,30.3387497424242,70.1207987134565,1.09951686635659,11.7429273181117,1.66815891673364,71.429968,54.6219124499999,44.48059395,37.0210515,30.0336615,29.7065771538462,44.8231962366567,29.45868896875,41.5294027776872,0.0267863768103306,-0.0740037806313933,-0.0859176582629142,"1570289"
"100%2672",0.553151048377441,22.9927323323009,1.00536420193111,4.63839332475855,0.525108644771285,0.453696318680952,0.32132286306557,11.1350009242424,16.630748444847,1.5968380934725,7.24261299731145,1.59380990196628,28.996663,24.26437635,19.2182369,15.819485,10.5903335,10.8602061230769,11.9028020518885,10.690580875,10.218556222914,0.374760173976993,0.310231859649527,0.140929493024799,"1570315"
"100%2673",-1.36503757337508,64.1118642596888,2.11171990002883,8.6930468724755,0.416801300855205,0.240461550508601,0.245480784016134,19.2858968939394,49.6311076463765,2.8585302249924,12.3576516616803,1.53196173758695,52.322421,49.24395925,37.9566871,24.6170785,17.8064185,18.7776426769231,33.345388107047,18.327507,20.6959714996849,0.279634628899313,0.0689632912445966,0.0865080442140033,"1570328"
"100%2674",0.11771498129047,99.9580375249547,1.76749099663183,6.21795657479549,0.271052847576847,0.273962605073131,0.0994858536011027,21.3248912878788,84.4965464797433,2.11677872094078,7.26397959164685,1.89363483593479,52.862229,51.63201235,49.1937093,29.7756955,19.426424,20.8397014769231,70.2594892734167,20.368922,56.951128260336,0.153577904508856,0.165167202669545,-0.0272478368276011,"1570331"
"100%2675",-0.277252482902823,78.3089023246453,1.98903448638753,6.38600182238361,0.368526276347237,0.0517269523302734,0.00877488989682608,20.8890884393939,69.580982943531,2.34025087218554,7.36035085636836,1.51447104994412,48.95711,48.4248926,46.95529895,30.253821,18.6755665,20.4572727230769,58.3447819555478,20.024756453125,47.0968481283501,0.298791589449204,-0.0390381800770915,-0.0656030311832845,"1570336"
"100%2676",-1.78938314728047,67.287686275337,2.48368364543275,9.42697625519414,0.487949759296362,0.0883545646999261,0.0717149530425049,17.8747920151515,59.3674296432269,2.94598967972751,11.7408652158303,1.46107129062535,52.790073,47.1024664,43.0876556,19.200906,15.9647195,17.3376338461538,41.2372074122799,16.920410796875,30.5666590428768,0.435598019736644,-0.00163147245949526,-0.0213102997035463,"1570338"
"100%2677",1.06509913077316,100.698248938458,3.61525599164676,26.3797381638262,-0.249008645541437,0.0370331535901188,-0.234182851508548,36.267941030303,99.0162479576788,3.55811377139913,26.4239774725347,1.76804943061238,100,65.9055753499997,47.1611281,40.122401,36.8317965,35.2874478153846,37.0893565122662,35.095891703125,35.2837843384091,-0.272874196847417,0.0242881553188966,-0.254311276966734,"1570347"
"100%2678",-1.3183712284054,211.357746234026,1.84751899834789,6.63185704300015,-0.0401318428343346,-0.136659011015677,-0.0537157086181153,20.5411452575758,205.069886160359,1.87715954325027,6.43347382058188,1.94884394175804,80.424141,62.2202026499998,52.22494035,42.1065095,13.3933415,19.6198684,152.207238297796,19.1073963125,137.514679765869,-0.0678230319213508,-0.172685879892649,-0.0910137123398598,"1570380"
"100%2679",-0.791770467751308,112.905912448423,0.478941791497051,4.1381306721011,0.0165557819764799,-0.458927071220367,-0.195281980569841,65.2609340909091,113.514194534089,0.455190308687697,4.11998461188112,2.4310160172232,98.922925,98.1490987,80.3449871999999,76.492978,65.0697605,64.7430573076923,97.5596068264232,64.22759846875,81.8136177312422,0.0197312057170422,-0.45259447471121,-0.189532522339311,"1571548"
"100%2680",1.46084525579737,243.328213050423,3.70661741227025,17.0547049222862,0.0489773635044185,-0.000456517950451084,0.274260810814075,19.1051852272727,239.887064580672,3.75463885030599,17.3462725151106,1.88875593544355,97.93454,86.5085669999999,79.1173523,24.467048,15.9795845,17.8924259230769,146.5058162307,16.916430703125,86.8781361003195,0.0339204365420173,-0.010959509080531,0.275592229620601,"1571706"
"100%2681",-0.557294349374042,89.8657547347186,2.18110137165566,13.6721189375438,-0.233291903737001,0.0607444082368936,-0.201634019884772,30.4239665454545,89.2829986252406,2.20160432165707,13.7160728169432,1.74712975444964,74.444804,72.31153195,41.0591614999999,35.0715095,30.544981,29.7467228923077,60.3850914814472,29.099595953125,34.1083456338074,-0.238691024505672,0.0585838341503315,-0.205194552119917,"1571747"
"100%2682",1.95834429915659,89.766560294729,2.64410488752552,16.673998493707,-0.103976773189951,-0.0970463426192167,-0.128384434268179,20.4095618787879,89.7623401080336,2.67315253132943,16.873631868907,1.92767796019776,73.760019,54.6017636499998,40.3027378,24.951163,20.6747295,19.5887856153846,46.680836665248,19.202895078125,37.7309767996191,-0.103482649974182,-0.0907639990705341,-0.122891723680035,"1571752"
"100%2683",-0.57439173887627,220.192833950012,3.04001601033667,14.0227795713546,0.00859212921942593,-0.0741816055735487,-0.0423983015038439,30.9040695151515,217.250326855843,3.05683717112641,14.0888211178476,1.86670095546622,97.464126,96.3885125,80.0898142499999,40.5724005,28.4903215,29.8800686461538,151.386506115975,28.84992384375,84.7740298692591,-0.00332594366443512,-0.0833800163948301,-0.0488706088922482,"1573502"
"100%2684",-0.235902982374589,233.624244338779,2.70316174411879,11.9075626326255,-0.0218568001191676,-0.106139414223931,-0.000962165191455099,32.5156024848485,232.238071917419,2.69182707316564,11.8433743282671,1.82824891336443,98.359848,97.92304995,77.4094787499999,46.527911,29.955997,31.5026140923077,168.085363425656,30.468469765625,101.197155482532,-0.0285203609025346,-0.108441416563213,-0.000998014857737867,"1573537"
"100%2685",-1.7907714582607,307.668231088757,1.23058572226059,3.08668321031425,-0.148071029097704,-0.0806908998509432,-0.138640402802745,29.6246318484848,305.904441349726,1.24150220829883,3.11066230373479,2.2973613615388,70.86895,70.4277443,70.1361189,63.487534,20.755321,28.9901038769231,284.037364242514,28.3463528125,261.538444917323,-0.154639472159904,-0.0864914718180636,-0.146077710284924,"1573539"
"100%2686",-2.21270317959079,403.453974786983,1.18639038351576,3.27504907085528,-0.294974409199242,-0.077760522157785,-0.0873258944412033,36.3823921666667,400.880092083598,1.1871924818886,3.27919256389509,2.58508026381879,86.034712,84.84371245,83.79796815,71.9720935,29.7995865,35.6185103230769,368.535457031893,34.85938696875,336.83638618752,-0.302088591415138,-0.0799348544724566,-0.0897421252247169,"1573544"
"100%2687",-0.839883331352454,184.609225694476,3.25593059301933,16.7220510467925,-0.168701957188598,0.0487626832679002,-0.217528436261292,31.6669837121212,185.914982135713,3.24805705861963,16.6834642901265,1.90490641846227,98.683376,96.7560818,52.2047891999999,34.6052525,31.138047,30.6359622923077,118.616871534566,29.619050640625,53.253155175972,-0.160257239553279,0.057095533846055,-0.207902193996152,"1573551"
"100%2688",0.476500439094607,77.2947900848715,1.51371358401584,6.82286399393764,0.307804629700485,0.121010380062896,0.227658666416035,33.0593011363636,74.976383557398,1.4843194461964,6.69726388396044,2.1077159007909,71.224391,56.1116491999999,46.56026605,43.8494825,30.3104265,32.4721459076923,53.3762830526567,32.229929140625,50.3968049291995,0.29099314513424,0.0991711803780583,0.209989405545217,"1573563"
"100%2689",0.807798203466976,137.015789429756,3.41815491437551,17.1208463614484,-0.107957024167711,-0.13509162463921,-0.126385352211445,32.9075948333333,136.464099189251,3.40960283077711,17.0014990058073,1.93087520795007,92.195661,88.3441367,52.6596940499999,41.8266965,30.2632845,31.9954707384615,83.6535028156701,31.147427484375,38.2140603450554,-0.111052884417112,-0.13286625741898,-0.126524412346011,"1573603"
"100%2690",-2.04827302544328,286.417342054293,2.06842952759762,7.09774899932177,-0.105836351467106,-0.140472828848406,-0.00222967575851183,16.9216044242424,272.786798950423,2.09579479664807,7.00259994801614,1.75283776458304,77.438863,77.24181485,64.8760931,40.6249785,8.7554735,15.9905696769231,219.77302268702,15.035176828125,163.876568956762,-0.167087409084244,-0.187132723983595,-0.0401127065181002,"1573621"
"100%2691",0.292639156444794,201.206240452936,0.802614879041181,3.14640798498811,0.465027954864533,0.328020687283792,0.186642562218984,37.1009279848485,332.644758220326,0.451867088480223,1.82134522342514,2.74928758729975,72.885109,72.4636737,70.15267785,64.744349,30.9078765,36.5504021230769,317.759174069619,35.992802984375,302.514569198183,0.727744099278558,0.593354310136813,0.37816353679319,"1573662"
"100%2692",1.53357481351315,162.989445240625,0.502256265423796,3.53065328430036,0.577789063627234,0.304735616440358,0.228835309348569,36.4702355454545,301.261833032184,0.546945067622068,2.04229380496945,2.74925876957278,73.540132,70.78070845,67.9064305,63.963561,32.763007,35.8999294461538,284.430193368076,35.378133578125,271.176804826473,0.843547121574251,0.672352088322504,0.474019929782222,"1573678"
"100%2693",-0.835218082879932,56.3304436909142,1.80780955985037,5.79168817645794,0.397233335204583,-0.0681833444608215,-0.0364758941513786,19.4638284545455,50.3933047503006,2.09464157028854,6.67834164624077,1.57593694973386,41.454361,41.44710115,41.42327335,28.3106,17.838712,19.1255125692308,43.6143822369306,18.776798828125,36.3917741990438,0.33033142865303,-0.182449436902786,-0.124447415106057,"1573721"
"100%2694",-3.72082358203476,225.447162080562,2.32308590351428,9.16346419547299,-0.0468948258961621,-0.065965262579611,-0.0481851031860407,14.8872135,206.837814566315,2.53567997050959,9.96347765706398,1.65513459796206,83.903248,61.2424533499998,46.1114147,39.5996155,9.3547595,13.8254283538462,135.612346815278,13.2751930625,118.051962804485,-0.135596878775122,-0.156651847976314,-0.116541903263474,"1573998"
"100%2695",-1.30922903976767,167.173623314725,1.36529520836299,3.71265345213629,-0.215790687459739,-0.00527834499332356,-0.156651653741951,18.8149093484848,164.590048148595,1.52529955760686,3.95461322553077,1.75556565835422,55.152265,54.36559275,47.65643995,44.508264,11.9061165,18.2558731076923,146.495782513213,17.698277375,128.575434042398,-0.220268002233156,-0.0153106842579501,-0.16319562941988,"1574005"
"100%2696",-2.0951505839196,262.841236049142,2.53593607657195,10.9903549058952,-0.00794939560370615,-0.167944092229732,-0.152530931537388,19.0492880757576,257.344954975681,2.64456991014736,11.0288442510765,1.63040928620197,97.649476,79.5188114999999,49.8129460999999,41.752605,12.216921,17.8400544153846,164.79586913414,17.028865484375,124.599018272847,-0.0282517887848041,-0.185865447397904,-0.165449970014565,"1574025"
"100%2697",-0.0266039754195058,156.777472362452,2.28388363088601,9.06644589082301,-0.060328521942483,0.154298418952112,0.156031062839862,29.2969922424242,153.115380506196,2.33184012555529,9.1545965801229,1.87489632840308,79.196346,76.89031955,68.2132366,40.999291,25.486386,28.5293098769231,116.574811600856,27.793070765625,83.1631711467953,-0.0825209058564832,0.139717020092569,0.139510177713009,"1574039"
"100%2698",-1.66120063047731,37.9652095929926,4.11450231814268,23.6344940344889,-0.0926110361507206,-0.11762271928797,-0.14886409727982,55.0576299393939,37.5512419580364,4.12735573003724,23.6466877397679,1.27977778728117,92.647225,81.8237382999999,63.18791815,59.8389505,52.869592,54.4793284769231,16.0564029940434,54.1431350625,8.96059351723134,-0.104146136591193,-0.121096644596786,-0.151974895072966,"1574047"
"100%2699",-0.313690688007324,131.507128342108,2.54752074066048,11.4772842096116,-0.0462865144368076,-0.110422074560567,0.0387028689994256,31.8729344242424,130.206054634309,2.56086476950463,11.4892472673869,1.78261241999072,79.75433,77.5334204,71.99465045,36.053972,30.5913955,31.1362975692308,96.3953901989496,30.4300280625,65.4784881218561,-0.0545063776381971,-0.116652514987667,0.0374239602670872,"1574068"
"100%2700",0.227773714360079,121.017481256094,3.02261164173335,14.8080182443499,0.122628420029432,0.0852301727837738,0.0764666712487947,21.2436381212121,111.199490374451,3.48833873088131,17.6707916332878,1.80033283478972,80.470284,65.2649204499999,41.6270188499999,30.255007,18.9264555,20.3324589538462,58.1139184120727,19.758318984375,37.5955625918794,0.0515894669207195,0.0163576606429383,0.0145308663777289,"1574091"
"100%2701",6.28482433409927,258.025072538631,1.50330379363953,5.21156209937402,0.23127096586648,0.130967784671196,0.301341363337306,45.2708129242424,240.327840422037,1.68006857537046,5.73400235380257,2.5361921517436,98.979863,91.6523791999999,85.3604858,62.596653,42.693502,44.4445198461538,198.963015253937,43.768546546875,172.370718780315,0.178935377026725,0.0780695225248525,0.265081577440528,"1574102"
"100%2702",-0.326513473482647,17.6705293788634,0.325010329251653,2.56899823570774,0.620698542380933,0.64149484294617,0.525386661485799,10.1123830454545,9.62861701345062,0.738938323692315,3.22474506606035,1.42284357073816,19.140234,18.4243721,16.7723699,13.9382685,9.1833185,9.97349303076923,8.50358079505538,9.847470921875,7.60414706951842,0.333975911918178,0.406126030140551,0.258557127091699,"1574105"
"100%2703",-1.09201417361294,145.17718970747,2.3847355767751,10.4507079020862,-0.13060219870899,0.0168440353642838,-0.1991827675252,31.0232993333333,144.31303864503,2.36655932345943,10.3316082673649,1.70457425447947,80.503996,79.2875223,69.6281909,41.5786825,29.201622,30.2620578461538,108.286991520555,29.50626971875,72.8499556839642,-0.138086111231269,0.0127224398135941,-0.200357330624145,"1579696"
"100%2704",-1.57571848410015,166.167115501067,2.37693940968946,11.0536580720331,-0.0389939769848901,0.210178399284335,-0.0500321321582165,27.7627343181818,165.134258756989,2.37614603704572,11.0579084467521,1.73438277614981,86.755693,77.8060171999999,64.96150065,35.462585,26.5226365,26.8551503384615,113.310012918625,26.134340796875,81.3086661797361,-0.042762023437023,0.209106149543113,-0.0476806059796612,"1579708"
"100%2705",2.78338945701055,308.205723356745,2.109248192215,6.38996711674953,-0.125938517254936,-0.0939835716032681,0.207268927672299,38.0974906666667,306.189114885262,2.11657249871241,6.41085242207203,2.01941739119544,95.801145,94.462522,90.3145202,66.2999085,31.7440185,37.2097421384615,258.885284996923,36.32642990625,212.214735102655,-0.13352451049052,-0.0930090178599939,0.210459762077456,"1579716"
"100%2706",2.01249042649622,278.028880342919,2.60040256022384,10.4970687784066,0.0261053455552433,-0.0118693806894595,0.13771822207004,35.7607076363636,277.476485730277,2.5971840665343,10.4857852745502,1.95565720728051,99.249207,98.52374785,93.25072685,41.477145,33.605175,34.7839614923077,218.779174766254,33.794130953125,158.512907112561,0.0225191012461069,-0.0131912331967143,0.137345767693303,"1579718"
"100%2707",0.83064252906168,287.208357972479,2.73641531780112,10.7833389549722,-0.0710037871581415,-0.119037406362519,-0.0124000001055279,33.1793694848485,287.189314657772,2.72957897644789,10.7453286590876,1.67140723035548,99.710154,99.49465885,93.76142405,43.9438395,29.4981,32.1558189538462,222.462336298353,31.105462640625,154.227165295985,-0.0670477413349079,-0.111519333930273,-0.00578789070659079,"1579722"
"100%2708",-3.60445745376191,149.97401069946,3.22918661718556,16.9921077374177,0.0914522339122834,-0.0571728821082934,-0.196417616619666,26.8472487424242,149.354778918535,3.21368952572303,16.9491780883622,1.53902947970272,88.947591,84.3290602,48.1561830999999,29.957795,25.6083615,25.8918588615385,91.4097363311206,25.017635421875,43.1606830015885,0.088467781260481,-0.0578253069127315,-0.197255497921293,"1579771"
"100%2709",4.03365496941525,270.654199973347,2.63495446034542,10.9271748059777,-0.0653539958286014,0.0948284875073872,-0.0763788099911506,35.4685369090909,271.815449464033,2.6640595879752,11.0173216800954,1.575595197198,98.894544,98.2234931,96.96028405,36.771229,33.475759,34.4927521846154,213.154940927329,33.50260521875,152.76007096851,-0.0604726576777173,0.103047224616228,-0.0651619182211541,"1579792"
"100%2710",-0.204794776442445,1089.31710570058,1.00709316326039,2.32516662330159,0.174868163972359,-0.150529873377286,0.0419387484451649,27.0658919545455,1069.54007337782,1.00439972961119,2.26385842978742,1.62275723881309,99.184148,98.5630769,87.3737051,83.1175,5.812519,25.9563803230769,1004.74747606115,24.827126046875,937.557666053782,0.167741564141367,-0.15999062716705,0.0369150234550553,"1579816"
"100%2711",0.312542168383427,210.388036685393,2.88099902532411,12.1368499597936,-0.0869504520534151,0.274891117897937,-0.0720080417631499,32.4245542121212,207.868330851878,2.8670100912911,12.0590017097478,1.85440182904187,95.479511,92.74185335,78.1530712,40.922834,30.015673,31.4544779538462,148.957140679326,30.519895890625,94.5107598642846,-0.0968465569441915,0.270043015332927,-0.076669471697889,"1579861"
"100%2712",1.75661533495849,410.173611986361,1.22212698895993,3.67077272155721,0.0927221327380236,-0.0144562057958098,-0.0156353644919103,25.903113469697,400.142194921771,1.21549920181555,3.73884017098964,2.33673181726082,94.006428,77.8085176999999,68.1395585,55.344085,14.2121915,24.8553701692308,333.845671127459,24.164257734375,308.015643894028,0.0739610507060454,-0.0358531484547018,-0.030598622263468,"1579881"
"100%2713",-1.21872802463686,242.474039479334,2.21233679289719,10.8264323235687,-0.0985719435459456,-0.248291543533917,-0.119309457294805,20.1814446060606,241.185704660985,2.22772366110303,10.7624465570984,2.33990403597911,98.70135,66.3677571499997,46.62226385,38.8624845,16.939972,18.9734460615385,148.585062047999,18.504947390625,136.6397883404,-0.102758111371828,-0.249982671443745,-0.117485819071072,"1579888"
"100%2714",1.89861325485329,44.9431715748593,2.59877915622627,11.8526394601474,-0.0862469791628869,-0.0584542431159113,-0.0323375111058303,60.8173662575758,45.3757386832637,2.50058375613393,11.4519806508943,1.83331965751002,91.273285,89.61313495,75.6989849,65.4851145,60.234465,60.3488136615385,31.5840856439814,59.90552625,19.3048445823181,-0.0722278893011403,-0.0439466808201549,-0.0156828335479521,"1579910"
"100%2715",-0.906722906705051,128.547065366421,2.32846237369956,10.9593086327994,-0.0730768916753832,0.0751918092063624,-0.240631236251072,27.9252854393939,127.817594583773,2.27498184003764,10.8382183410581,1.74898533348417,76.692111,75.2396067,54.5005340499999,37.781443,25.8563055,27.1750265846154,92.6333880703719,26.436238109375,58.6032380343507,-0.0789770811188891,0.0688696700234263,-0.245107292445521,"1579954"
"100%2716",-2.47755709886782,56.3129445652303,1.74779531754829,5.45536639657504,0.01604698833349,-0.0527789653561042,-0.153324443134096,8.42717587878788,53.2419673960515,1.80760979505737,5.38506389596101,1.32040677743785,33.559737,31.93659665,28.0421566,20.424533,4.743358,8.04052109230769,44.1939476088294,7.680801140625,36.4735792037085,-0.0530754475310982,-0.11077327350658,-0.211403783329,"1579987"
"100%2717",0.78156997944289,327.838457913989,1.00911385956179,2.7238263802074,0.115425180263333,0.0734196925511322,-0.0270161615297481,38.9880831060606,323.81995668066,1.01233050260729,2.73545471533604,2.69221451597546,81.508419,81.12346235,79.1619042,68.961733,31.7015465,38.3339240923077,300.558817159959,37.668576375,276.480355657857,0.104177759840838,0.0687641526510328,-0.0301835127787632,"1580004"
"100%2718",1.24072939488141,110.227198873827,2.53163943205674,13.0760573960814,-0.0377291095655242,0.0526274602479151,-0.228904559924433,32.7248031363636,109.654640962997,2.55058630770176,13.1328393936216,1.91601719638926,83.32716,77.6853575999999,54.3555542499999,39.813766,30.8754475,31.9463053384615,71.3417532310158,31.279099734375,43.5208524471591,-0.0436068477783712,0.0543235496372335,-0.22671223800205,"1580146"
"100%2719",-5.62610033511172,117.53939714542,4.41659592779629,20.7323152830789,-0.0381620469593941,-0.044928755679243,-0.0461264419041635,2.92733054545455,117.5116400546,4.41835663219437,20.7553667420308,0.234844321379962,56.967745,55.4496531,45.8125938,1.5200235,0.337629,2.09593955384615,73.6995866988348,1.2750601875,31.051352024968,-0.0400847962950468,-0.0461095275784077,-0.0467083517268387,"1580175"
"100%2720",-1.3082039702164,356.04218161447,1.64286457410779,5.95250963178353,0.213822890228589,-0.0409439609918099,-0.21502544068301,22.0440357424242,348.649235499514,1.69658432586036,5.99229363895278,2.14508609073503,98.778879,79.2040665999998,61.8749918,47.044104,10.9382715,20.8634996923077,262.031155760578,20.116620265625,229.866515499216,0.194664294738721,-0.0587170045710736,-0.22692053148907,"1580391"
"100%2721",1.20832234919796,186.852727344877,2.29577593576477,9.3136538937149,-0.0561736335515564,-0.0436684833535182,-0.146177460995559,32.8426126666667,185.898333577509,2.30504683481018,9.36933308318936,1.64291422326234,88.05732,84.17471985,74.8181926,46.3964255,30.113239,31.9931556307692,141.134209055086,31.210484796875,103.522144846707,-0.0642954131363871,-0.0496745425542831,-0.150955194735015,"1580406"
"100%2722",3.60464808087264,213.667618678061,1.84404971903745,9.80404137307971,-0.161987053114728,0.0453126191464443,-0.225618009941786,35.759249,214.065333913221,1.86045198472807,9.8140217324858,2.01912032769606,99.2372,90.9870125999999,80.0948545,47.305903,35.0133235,34.7826651384615,154.413388193908,33.97388484375,114.307935652049,-0.157272693399986,0.0523206312649624,-0.219322599633339,"1580412"
"100%2723",1.37057282122797,212.04635136232,2.36328269631502,10.4328119516036,-0.157516792877465,-0.0946154386739085,-0.0396706864436569,33.4624459393939,210.979226731597,2.40619273717317,10.6273306448265,2.01359416329549,98.573739,91.2780473499999,73.2164423,45.5203355,31.6619205,32.4607337384615,147.998856978215,31.603095234375,102.500991878533,-0.162519832922539,-0.0956349485506324,-0.0398811910212199,"1580414"
"100%2724",0.219608509842762,173.843573813053,1.87559251255954,6.33428839184489,0.041351364648935,-0.165758801043564,-0.266011997087764,17.0557502878788,171.17562485581,1.88530629380925,6.20549896206233,2.04634887703973,69.665125,55.6284828999999,47.5261215,37.5876815,12.064486,16.2463752923077,130.573295699361,15.749126609375,116.541847020574,0.0223130580653211,-0.181186350592013,-0.280399309664734,"1580421"
"100%2725",-0.263533207014949,295.179165808363,1.1476389777201,3.0196654450232,-0.202084234091116,0.0540887486302024,-0.215660228304499,30.4763907272727,294.215574658585,1.15356732257391,3.03889773777148,2.46994207641714,72.080656,69.5091,67.22205375,64.7500925,23.618855,29.8363251076923,271.702824288526,29.2380736875,252.684371403497,-0.204420803547001,0.0569249769140303,-0.209453659613863,"1580470"
"100%2726",-3.22285574955437,466.147098759835,2.31024965743613,8.373914648356,0.0709812706866491,-0.0728417660358682,-0.0881907536846152,19.8917832878788,436.274593589788,2.35766760405807,8.33421991261819,1.97124539016723,98.375437,96.36729385,93.49330845,47.3391665,10.7001165,18.6843424615385,346.764229372761,17.48744178125,259.065289955836,0.0198529841341212,-0.13575118206247,-0.146594440131895,"1580477"
"100%2727",-0.263102748306506,473.777965083719,1.26750140028829,3.05027500839892,-0.0387830864100776,-0.128688660077622,-0.155509847984091,39.8953732878788,471.815029048734,1.26191205896305,3.04205498328986,2.47752088835788,88.53686,88.11949045,85.57793005,81.774242,30.7070985,39.1470427230769,442.113811945029,38.38535975,411.311378410775,-0.0410595131272125,-0.133505816347385,-0.149715630742937,"1580482"
"100%2728",-1.76485063586181,130.405114605024,3.00986784459431,13.4737006837568,0.0793282760963339,-0.0810247674014718,-0.0445329188200774,23.7581011363636,127.6421603278,2.97797381847128,13.211543917129,1.93654635592283,75.527596,74.67920755,46.4641705499999,34.513533,20.1418225,22.9616473692308,87.7395380614158,22.160698375,47.4117144052722,0.0620956150431195,-0.100471735489979,-0.0574396438866924,"1580483"
"100%2729",-0.551979632727624,149.280602053988,2.18417070411655,7.56496037766013,-0.138143488747318,-0.0488025259788003,-0.258456102173948,19.5050696515152,148.678624278378,2.18856863215266,7.56683740527218,2.07457897365372,64.954894,63.6624275,57.12298935,32.9157945,15.0190545,18.8058415846154,118.69727501915,18.115831546875,89.6045195494621,-0.140123669726894,-0.0458789597861891,-0.254718879717128,"1580489"
"100%2730",2.63394732222281,166.422390504507,1.84807366180397,6.02193358908165,-0.151881309097579,-0.000351899667379583,0.00767157353143842,21.857047,166.259693646078,1.83897925369289,6.02120519349887,2.15917180564646,67.150769,65.7758279,53.63128075,36.7392995,17.28847,21.1602205076923,136.770102501585,20.47466965625,108.35843730881,-0.154644498976347,-0.00230831782424573,0.00986331309561744,"1580504"
"100%2731",1.93161150944659,224.66129551055,1.98285486250222,6.58868572291893,-0.0356885872152403,0.0247069373124978,-0.011930838714079,22.7209253333333,222.106375044406,1.98237452333782,6.55985853209331,2.26526060952399,77.823289,71.34029885,65.2488786,38.66484,16.40337,21.8731966615385,178.092898734051,21.154817578125,147.331147290183,-0.0456236183469375,0.01817578070278,-0.0156768202674567,"1580505"
"100%2732",-1.10707350622436,187.85479936616,2.84532469232476,11.4520535240473,0.00578550787716003,-0.0302232425452018,-0.0256092836277027,18.6026618484848,184.772018399193,2.84633011068912,11.4478423265013,1.91644329530455,77.926312,76.73871585,50.6795190999999,31.2111905,14.321995,17.6899903076923,132.63868830551,16.777345765625,80.5713638995425,-0.0055239840965741,-0.0387230078337745,-0.0286212131729462,"1580510"
"100%2733",-1.81879046741676,106.173943562061,3.02066511785186,14.9901459856337,-0.0942156741237243,-0.0336006571579235,-0.127067365560577,17.9916395151515,105.231130208473,3.00887014958906,14.8482028712449,1.97540749481058,73.764903,55.7457869499998,39.8698599,30.904216,15.3056215,17.1335893076923,58.2575602108465,16.681876859375,45.9049657514279,-0.104946334041609,-0.041032515176269,-0.136192672083663,"1580515"
"100%2734",-1.69978158520416,173.067522243246,2.46009250795431,12.5782990093744,-0.0789404262146463,-0.0842367602156616,-0.183829921162763,28.6472682272727,171.875965993373,2.43364745500599,12.4297285826714,1.99177984365569,94.543174,80.6327885499999,50.8668707999999,43.2981185,27.0999225,27.6334850615385,106.688295353711,26.9224054375,75.4890749066389,-0.0873378852637321,-0.0854033115065176,-0.185013694590214,"1580596"
"100%2735",1.47835887039776,140.781266157184,2.18777126303296,9.77086687048072,0.0274418565445196,0.298107843675916,0.0460740748561726,35.1093741363636,139.346014248488,2.18479260283516,9.73589026847931,1.92410100130517,83.522008,79.5387859,71.648298,41.717377,33.605162,34.3645643846154,104.876855707327,33.692229859375,77.1333651787902,0.0235588290124571,0.299429301710225,0.0450619922617958,"1580687"
"100%2736",-0.346445775060306,258.761687971569,2.18862404567525,9.1077364268302,0.129454447265089,0.000477492552220616,-0.113700941214318,40.6732441515152,258.245098369007,2.17769650155716,9.09487830007325,1.98268909753486,99.253435,99.12899185,94.72974175,45.6078925,39.219492,39.7720104461538,208.611435231545,38.845604609375,156.086183569873,0.128984268137958,-0.000579491988466442,-0.110857529250833,"1580693"
"100%2737",-1.69480200895357,323.193160803969,2.30589605623944,8.48284240620641,-0.118449095956499,-0.105332507330717,-0.232966047560172,18.1014316818182,319.449592267084,2.458236685051,9.22540524811625,1.59397550906896,96.474717,88.3288558999999,51.9347555999999,45.8290825,10.1080895,16.8956888307692,228.412357070412,15.848080484375,160.644889066372,-0.130747965944234,-0.111477318033207,-0.228426200805315,"1580736"
"100%2738",-0.977662093770632,234.885883636426,0.857362220461994,5.11107352252608,0.445101018693496,-0.0399152113948142,-0.187108461471533,42.0405208636364,258.384467189694,0.681781390350242,3.50752512579252,2.6178103652645,97.293552,80.0256526499998,70.3992748,61.317353,37.551433,41.1904742307692,214.669380487549,40.728957375,204.178732027324,0.535718619732165,0.194528950082832,0.0631110366265654,"1580744"
"100%2739",0.960128041924182,184.394213171222,3.42761333276724,18.6959161601969,-0.134028776690544,-0.0341331564801696,0.0019278939617089,31.9701116666667,183.64898598265,3.44004899882499,18.7203614025159,1.75808144361408,99.601656,98.85693475,51.8164105999999,36.4435875,30.58728,30.9296263692308,115.02211782187,29.874527859375,44.4592021553452,-0.138803232681297,-0.0353229959852839,0.0045822845901779,"1580745"
"100%2740",-3.29722460528586,342.975728232146,2.61566314651727,10.5981488651412,-0.114150014783802,-0.232318942615235,-0.0331016676765899,17.2170773333333,344.045235380035,2.7113718097904,10.9585726391842,1.79113484144898,98.394728,96.1546421,55.6199876499999,41.777966,8.8036135,15.9681904,246.396813232718,14.73412396875,151.256966251502,-0.108851005910003,-0.223905405293113,-0.0165851614401656,"1580792"
"100%2741",1.44402795127921,167.452903821907,1.9565075864253,8.28638678933488,-0.0622888792456436,-0.200522242867396,-0.127170267029328,33.4170483939394,167.471011755259,1.9529865753673,8.30890712590007,2.24639752326291,81.637256,81.0953081,77.06698515,48.1811445,31.247218,32.6751990461538,133.725018841737,31.9231945,99.0562678277953,-0.0603715996943263,-0.197277292105495,-0.121736847478454,"1580793"
"100%2742",-1.31572302632367,278.301967322157,2.49683831302949,10.846139029962,-0.03154956050621,-0.0414715000986946,0.0119788193903702,32.4364559393939,276.903348706356,2.49873438954356,10.839663645374,2.05643884400877,99.493921,99.20174015,92.1577195,43.2895585,30.09454,31.4048026307692,210.919035977959,30.347933734375,141.611474744354,-0.0374288819519717,-0.0448947523017453,0.0137716907872432,"1580805"
"100%2743",-1.82943354531976,299.650986205375,3.04202210215578,13.595539771431,-0.0223314068911996,-0.135957112758679,-0.0141055706839979,18.9721309545455,290.320277918296,3.23223850491181,14.4091622662241,1.87776216212392,98.255059,97.7344519,53.3585630499999,35.5718865,12.547723,17.7523936,196.59463560357,16.507054046875,98.8598376173331,-0.0504329319950673,-0.158969362345043,-0.0261792827577735,"1580818"
"100%2744",0.430360322636593,179.524250675665,2.41824113651897,13.5405541238881,0.0624868554968627,-0.141286454377756,0.0217703300317568,31.5978237424242,176.36502105503,2.37212789841628,13.2702502645558,2.1491769129275,99.37408,85.1218874999999,50.4989267999999,45.258948,30.75769,30.5551121076923,107.319990559708,29.822416515625,74.1020814209374,0.0450932895849292,-0.160064844286773,0.00896189830765887,"1580824"
"100%2745",2.83499881525012,269.686845288675,2.83046977849865,11.4892156630454,0.0033457189460422,0.0726204861463175,-0.153706966973679,26.0657446818182,264.419530195398,2.82460614731306,11.490359079655,2.20582615666778,99.162423,92.4128424999999,73.6892154,31.487439,23.110816,24.9411804,185.020964587513,23.943723015625,123.242036972318,-0.0101589252972112,0.0646388268969681,-0.161242300160901,"1580844"
"100%2746",-3.09198640189577,240.190972665254,1.96786463833365,7.30935612581206,-0.0949079803782721,-0.075916597481516,-0.17853881042819,17.6443376818182,233.225810039957,1.99433708349321,7.18844112261653,2.13022821937996,83.685232,63.1207952499998,49.13455985,45.8556935,10.0066395,16.6283239230769,168.683158200385,16.07489715625,151.410555441634,-0.115020522539511,-0.0940274027120251,-0.201739131209514,"1580863"
"100%2747",1.75453217070069,314.256476561057,1.17210223230917,3.41130521572888,0.155336450876044,-0.0629040794984526,0.162943751325282,45.1931376969697,294.980164584743,1.30772732723901,3.50944874303444,2.39855950538646,89.886928,89.25824735,86.48306915,72.9177315,39.6060915,44.5055409230769,268.314225614098,43.811569265625,241.202852401792,0.104896299014626,-0.128364090253294,0.115593663092452,"1580875"
"100%2748",-5.01597118228479,75.8572103488698,2.94776419195038,15.4997725370249,0.124533716378905,0.0138935546303379,0.139684124393553,7.50614862121212,68.9850446408535,3.61122338414706,20.3474262713202,1.08175736449517,57.445256,33.9529208999998,19.85717755,17.773819,4.2134865,6.73785466153846,31.0881628608555,6.510271109375,28.2072876465593,0.0464962555223901,-0.0586322397517671,0.0881195188971694,"1580889"
"100%2749",2.63524499419121,863.442830356327,0.387896391042133,1.90522949259319,0.326386464489463,0.150547228105088,-0.161119661499049,56.4954533939394,807.664374623569,0.144257098297039,1.61264171988769,2.99950724848729,99.520237,99.4275678,99.3496136,97.4396145,52.004563,55.8335336461538,791.172888721448,55.15315653125,773.445618906204,0.388317859175296,0.263198152953429,0.0203065658536926,"1582192"
"100%2750",-6.81099615432689,274.478828295884,0.0500781889467807,3.05887397195912,0.269263064582804,0.150632922982813,0.0990844212398121,46.9489062424242,322.029369082859,0.350574943821831,3.78128204071355,2.90635876166861,98.019028,96.91526235,83.9539315,67.3426225,45.697512,46.1632120615385,286.240854240816,45.379497765625,250.789841243085,0.392044396421633,0.258204262858073,0.176572183335273,"1582206"
"100%2751",-4.72269957779128,48.0794290475676,3.65849688189129,15.4801558295927,0.347979678522987,0.110302828371682,-0.0921701258803465,3.14600783333333,47.8683801205733,3.65982984334156,15.4779608286847,0.467523321824516,36.902746,33.03063425,27.726652,3.053014,1.030662,2.6266734,30.8040719971997,2.184189375,18.558898317443,0.342713975759393,0.103354066846793,-0.100219127957288,"1582241"
"100%2752",-5.16980607918229,0.582908325501826,2.29964538020298,7.21002935229449,0.0892731432525991,0.0383697941817757,0.010602074477127,1.33902863636364,0.593867623897413,2.34235636212333,7.40738365309777,0.228631873582861,4.075432,4.065318,3.58037375,2.607258,1.035921,1.29693012307692,0.486033250697646,1.25375915625,0.372484915749663,0.110023706342387,0.0626662607051354,0.037262355408799,"1582250"
"100%2753",-4.95000025169475,116.023545593828,3.06579174634182,11.7676256993518,0.0331237712290286,-0.089798133253282,0.0692328189396409,7.66786198484848,115.949934101077,3.31415642862398,12.9223935669125,1.23369501895847,51.900353,51.88286735,49.069128,7.9623585,4.263223,6.98736212307692,87.1704951575995,6.28601696875,56.5600074870764,0.0371354901450099,-0.0815112174383363,0.0645184583575502,"1582251"
"100%2754",0.143051355142719,52.1152214821002,-0.0602693448005122,2.65105696265957,0.377117658189359,0.280976150643035,0.294901639332088,77.6132818181818,51.8222598355865,-0.0737758563039577,2.61838814315912,2.14649486111156,92.434721,92.0742479,91.58314565,85.813447,77.4994,77.3852596769231,49.18791497584,77.1587770625,46.6223417960032,0.373145140267718,0.275175617429872,0.291919534782464,"1582287"
"100%2755",-4.44234630940433,84.5270602870504,4.15268188010158,23.0780560581875,0.14031481799528,-0.0410948244696882,-0.0841254886488535,4.28606212121212,84.1257318396515,4.15841115679641,23.1143840904292,0.92952241029804,60.372215,42.8877850499998,20.4007101,13.1699595,0.9644035,3.42319823076923,36.280723701558,2.953668640625,22.5178376680292,0.140125726549284,-0.0418643859462319,-0.0846123287790419,"1582298"
"100%2756",-6.22004612121212,9.80350683379252e-06,-0.28938969602176,2.17219822182473,0.629765512058761,0.449994392021475,0.310969811107386,0.0299538787878788,9.80350683379247e-06,-0.289389696021757,2.17219822182465,0,0.035027,0.0347202,0.0344182,0.033767,0.0300555,0.0298758307692308,9.55229146366864e-06,0.02980271875,9.35409713964844e-06,0.629765512058753,0.449994392021485,0.310969811107396,"1582432"
"100%2757",-2.66941501851937,19.758543517368,0.0577424629174091,3.1864950250974,0.0961294424950417,0.378306708987073,0.349786300872843,81.3368017424242,13.405380721656,0.55218854453422,4.48916148255946,1.49726454928683,93.624622,92.9469047,86.05530805,85.065786,81.482389,81.1477583538462,11.2529487656473,80.969098640625,9.35402203677332,-0.307579022112514,0.133305220006934,0.117183139399163,"1582557"
"100%2758",-2.44737217660513,30.1141472714809,1.10074081537042,5.15868776936575,-0.0141840797850821,0.16309304042334,0.268321148142558,82.1460387424243,23.6508188705821,1.306940753967,6.02244364358065,1.58384869986381,99.551396,99.3647641,94.7622542,85.8484145,81.8669795,81.8782640153846,19.2822595293215,81.606607671875,14.7867288514812,-0.273905348262048,-0.0414776896243237,0.0876763648476025,"1582565"
"100%2759",-0.271782067169019,20.7691890349297,0.064282737344719,3.12140012539946,-0.149083602528591,-0.137388407121805,0.0427995234573291,86.3136578939394,19.8188513195209,0.24176639715316,4.00406920494265,1.69227342715915,99.622549,98.75454615,95.08694535,90.9478715,86.085217,86.1089057230769,17.3568089272256,85.9186205,15.2744587688203,-0.220399695879021,-0.201954845236662,0.00665364722470958,"1582593"
"100%2760",0.95549195597688,16.8306302645825,1.55209974677545,6.11424252464077,0.210782976169793,0.493620805663077,0.217187395802008,85.6831157878788,11.9052335997402,2.09969848798241,8.67330749240876,1.28480728649258,99.751894,99.3099239,94.1948794,89.2471285,84.837785,85.4666730461538,8.99645865033915,85.25409075,6.199598195278,-0.102485693133473,0.308774818589465,-0.0568726947861992,"1582595"
"100%2761",-6.47778994233183,68.8446568769895,0.393786735043915,2.92762362688858,0.923765253238076,0.849504365017427,0.805378357776279,11.6552291363636,10.8631752164329,2.52028314335639,12.2685522611881,1.25718020277124,27.584843,25.6687756,16.6860106,13.7583915,11.3161735,11.4101581538462,7.06635508183582,11.203488015625,4.4004513878867,0.710364414299078,0.475573755778438,0.432768983318466,"1582614"
"100%2762",-6.01658261974585,7.4782425253815,1.05129712136993,4.94310155261083,0.817406760901797,0.694138216763137,0.654008660826172,4.23268424242424,2.12715349845209,4.42242007885283,26.7681777576021,0.234844321379962,13.456844,10.80950255,5.69227204999999,5.063185,3.9651745,4.09077409230769,0.830738550287099,4.008067265625,0.399091593440476,0.433078298446657,0.0916349026814642,0.0668144401640052,"1582620"
"100%2763",-4.58570582195859,12.4233884492352,1.92961011950726,8.64720311041978,0.640546525069173,0.307165120034766,0.296246256450627,5.02706410606061,8.18319065130628,4.0879924815849,20.3439394866599,0.481570010605257,19.713019,19.4135991,12.25117225,5.6243685,4.523789,4.80112633846154,4.93992615347069,4.575325609375,1.70302449797786,0.470230650862934,-0.0084219992629608,0.000948413044765091,"1582627"
"100%2764",-5.16606178632365,6.11582728819848,0.308201049728459,3.37004153700457,0.718158689096121,0.522666910268713,0.45597552441151,4.93990995454546,3.31274333663316,1.95005302067052,5.92743746733565,0.670058645251801,10.519948,10.466297,10.3573002,7.7982295,4.2976675,4.85406321538462,2.87731088551497,4.766823453125,2.42756842035872,0.529195573063887,0.234732804561147,0.193741027066025,"1582634"
"100%2765",-0.994737952467828,21.326367158638,0.216088202024459,3.64956108433831,0.0794884461006314,-0.0223292945887857,0.265266037121887,83.7938240757576,16.9126305200197,0.790502022361698,5.85056852655182,1.58123646880065,99.003664,97.08737235,92.5001233,87.7940405,83.329866,83.5598265384615,13.5590049033121,83.36458128125,11.2930181747923,-0.155265715293601,-0.275302292889379,0.108624797469289,"1582644"
"100%2766",-1.2891807640935,35.0425336094631,0.828563549724072,4.28525592641557,0.197256650317665,0.13960691949202,0.280178292113459,82.3701512121212,26.5581644162617,1.2737147808836,5.291393493735,1.72508909114262,100,99.38061175,96.5031945,87.0776835,81.065584,82.0989227692308,22.1114702577642,81.834107578125,17.8987014269167,-0.035895608058075,-0.0956349880354467,0.103302555056102,"1582645"
"100%2767",-2.36581146872842,22.9558930744109,0.56546448584884,3.47334491153549,0.125471613242453,0.0449434782326283,0.0288044044916437,82.2657115757576,18.0249807804491,1.20751630043405,5.38539566773878,1.5360127922032,99.072194,95.82359345,88.65120835,87.1500125,81.3006415,82.0071503076923,13.8899288403991,81.818600359375,11.7961385828504,-0.0890842937204719,-0.155920490134587,-0.170470225735755,"1582650"
"100%2768",-1.69871608881807,23.1660421884376,0.117321125541336,2.66484450243566,0.222423450401176,0.166541234898692,0.161753907939579,82.6916607878788,18.1835447294088,0.602041515083472,3.66283078605741,1.62336705590435,96.621657,94.4868984,91.5776748,87.355707,82.946877,82.4773531538462,15.4320592790918,82.30766471875,13.8015644799778,-0.014011001652075,-0.0554641429700727,-0.0305465779925973,"1582656"
"100%2769",-6.27921899737505,91.4931745819998,0.393645745805364,2.82449900179007,0.808374733569936,0.710436278849828,0.663378204758157,13.2843825454545,26.9858466987207,2.05830304426502,7.26283086614556,1.47073598259268,34.319995,30.06992775,27.17852865,19.964942,12.3448275,12.9607577384615,20.4886345347255,12.729184734375,17.3230757949224,0.447706179929097,0.215691476862859,0.143031836243958,"1582669"
"100%2770",-7.38743698898072,178.436204405918,3.53575697866511,23.358389980589,0.210807126088889,0.148224630214419,0.167672956503145,12.343967969697,131.904301123857,6.55038111446954,48.9541613592144,1.33979901826327,98.823728,57.2206989999996,19.2335238,14.4431155,10.973333,11.0135101230769,17.105804676456,10.64154828125,8.37996810913267,-0.0388132333425217,-0.0919589020214203,-0.0453861491520719,"1582675"
"100%2771",-7.87897573632042,88.6729359610288,0.193495042958103,2.31221862175817,0.760555206070361,0.654299145014512,0.551589691235167,13.5360434393939,31.0352508931222,2.05085005334723,6.78664734114776,1.52435422584549,34.600925,31.1661222,29.1376406,20.927708,12.1391375,13.2119683384615,24.5810880025511,12.960333265625,20.8493538602967,0.401262948415053,0.171113263537172,-0.0297229263343421,"1582692"
"100%2772",-6.71506321868359,284.596661515601,3.20977834303752,15.1585819187067,0.348842970886358,0.347058966599761,0.337235407553691,12.8418420151515,188.01507094784,4.51079130058029,22.735349083602,1.3522989990059,84.95723,83.4848955,52.7620165499999,13.4208225,9.7278305,11.7323745076923,109.667012593773,10.623628796875,31.4749513339249,0.0335367212583268,0.0448161147754995,0.0427625392944201,"1582695"
"100%2773",-6.17868028578061,164.412522466829,2.71821288685446,13.6041883894954,0.312756728744727,0.233645622039497,0.138923619750901,13.4535584242424,127.488017469478,4.24132973514787,22.1530480987686,1.60150011603839,77.156205,69.2606465499999,32.0522669999999,13.813524,11.8736445,12.4735177076923,66.057704382053,11.652647796875,23.2910743314837,0.126279123896981,0.0459004195044478,-0.0556095127126876,"1582700"
"100%2774",-8.76346801295642,66.4865714350129,-0.0369030908663291,1.93054045543137,0.906723354714366,0.901548132818392,0.837378988710603,10.3449081515152,4.50283955128034,-0.2747163613727,3.10989082661491,1.07255588315408,14.700274,14.6879799,14.2209197,12.719337,10.535654,10.2779025230769,4.2757902259169,10.2090985,4.03488986474481,0.225033251283361,0.542702255892165,0.245894490347816,"1582701"
"100%2775",-1.62539648843274,18.6923481885094,-0.663717276862373,3.00671137444429,0.704180577572696,0.665822652354103,0.57272769186916,7.99474272727273,4.48397400539481,2.05207067225486,8.12617692664922,0.847752503496587,17.48106,14.41173205,12.752044,11.2780925,7.3494875,7.84879938461538,3.14719390930651,7.772077234375,2.8137600722014,-0.0556399773870375,0.0380351869900955,-0.0707858336846536,"1582711"
"100%2776",-1.71194055507416,22.5926953524986,-0.40377909058093,3.18782238871621,0.816724613083027,0.741337821588564,0.687508269372113,7.76059134848485,3.60136877799462,2.81570918428156,14.0759750950183,0.73648509933328,17.936229,14.35151605,12.0174733,9.557938,7.347667,7.60404307692308,2.03928860378967,7.52877365625,1.70289591847394,0.128890974042707,0.0207976520742793,-0.0252298825453844,"1582716"
"100%2777",-7.32203643869875,75.7538762399285,0.512472194746425,3.39431333405104,0.85380955835297,0.695828223098896,0.603412394542485,11.9429387575758,22.6260101316435,3.93739259522628,20.3267317352973,1.18845374111788,36.929878,35.77189975,20.8283067,13.864141,11.5180895,11.5585243076923,13.2209876227804,11.189932921875,4.59669092396932,0.602773278778685,0.184107517099359,-0.00303229322655178,"1582739"
"100%2778",-6.11343005264192,80.8585597607018,0.897823987129026,4.26263085081131,0.792395111710026,0.589468168297834,0.514972099367694,12.0322280606061,40.0538178371758,2.99482333905065,11.6486427369642,1.25170522242188,38.667084,37.3247014,35.49445835,13.4989745,10.5200975,11.6224610461538,29.5880360145028,11.232157625,20.1484596405436,0.531157768975809,0.110002697816565,-0.000858995502308413,"1582744"
"100%2779",-0.491244938717935,14.8212089133271,-0.0383596773212968,6.40997718985356,0.322101995963448,0.228104652276052,0.0959392573871565,84.9050289242424,11.2522938814896,0.420389102421521,7.96446211436693,1.3248062302676,99.380854,93.5286297,89.5483024,87.7328555,85.3360275,84.6823239230769,8.15196993713871,84.593337859375,7.76464069775093,0.117796572016808,0.0463750179357771,-0.116687221451918,"1582748"
"100%2780",-0.456010297932272,27.3055322453361,-1.72756264713438,10.6985908544107,0.172723944447432,0.118474549870192,0.207682431220634,86.7303982878788,22.1684160935496,-1.58934627001618,11.3110930006709,1.42836795309797,99.094364,98.69024925,95.6997244,89.5116025,87.3063355,86.5401834307692,20.1214769857311,86.35373865625,18.1763675571739,0.0192486146485358,-0.0380384178257311,0.0834224253088427,"1582785"
"100%2781",-6.93008812742264,152.297686549061,3.70968398011745,24.234012025473,0.120415821235273,0.106095225157271,0.0641268758368911,13.4066716969697,132.378915658674,6.30294282943291,45.8027014200391,1.31745703169784,98.552184,59.1119799499997,27.14000305,14.212938,11.6409935,12.0967407384615,21.1648527012807,11.693956265625,10.9502569734547,0.00678321565787947,-0.00476625191993277,-0.0512056959003987,"1582788"
"100%2782",-9.40566617354554,76.7571804967281,0.501723365662245,3.09376457166353,0.819649598794638,0.756428750424345,0.692153067992691,11.4535191515152,14.7819438226086,2.55330389570605,15.0401304970714,1.26204775347891,32.030012,27.0451607,15.97465035,13.766099,11.5868195,11.1369577230769,8.39542323661623,10.93033190625,5.7514768930278,0.264957611071836,0.135489010463686,-0.0367397300691219,"1582831"
"100%2783",-6.71899067287852,72.5278723674948,0.187238617647429,2.34594398050459,0.862721825146788,0.786203717452829,0.756435270823073,12.3625331212121,13.8151181261388,2.31506946060227,9.33425348067798,1.10919854766355,26.473536,26.3992332,25.84752835,14.6239025,11.702988,12.1454407692308,10.917138511942,11.92335040625,7.88165039481068,0.472669039447471,0.252519971821984,0.259748881044504,"1582837"
"100%2784",-7.82138031976215,75.1618461414984,0.101263868101268,1.95214513989254,0.930105445425756,0.853768950196809,0.808504222613551,11.1345311818182,9.20668105054169,2.73666319749591,14.7975773203251,1.18084660986623,27.740923,21.8069904499999,17.6866347,13.9148815,10.6829135,10.8790482307692,5.04040077121218,10.758224046875,4.17025561137142,0.726572107905003,0.411930896858888,0.319944651461902,"1582842"
"100%2785",-7.34767877549508,194.780706886977,2.08821825019217,9.07390012682928,0.601391876632504,0.409599985822722,0.367367454029997,13.1882268333333,111.641143720198,3.46700761759839,14.9659365456532,1.55681303842251,62.626199,59.1615209,52.71979305,17.286932,11.0678935,12.4276426461538,75.1784715954583,11.726575734375,44.405972252714,0.342070021064208,0.0329934573162426,-0.0101849617247383,"1582852"
"100%2786",-9.19600802738616,123.39151749636,1.98624996054315,12.030477212777,0.699336367963795,0.670947905138012,0.625330673918841,10.6549075454545,40.8059575669171,6.41190655300219,48.9596197824622,1.17137399086864,58.796466,29.8737292999997,13.99014065,12.520519,9.79235,9.91426818461538,5.2296617830852,9.8457419375,5.00614522310418,0.178071434580842,0.167356874953631,0.115087361935259,"1582863"
"100%2787",-1.81388219156227,126.522451301088,3.98279073608129,23.6490900279586,0.56331403695346,0.28385435367595,0.30216642645115,11.3633851818182,93.3180595591607,5.25936537577771,33.7849096836057,1.41733321377875,76.669626,55.6672614999998,23.9795419999999,12.893576,9.764867,10.3586737846154,28.1303525637501,9.8274296875,10.2255704257626,0.417216635381554,0.047116274097988,0.0850825994829608,"1582868"
"100%2788",-8.16086751430332,139.495617104893,2.18277896161626,10.3880141050403,0.756803364089307,0.5863977960169,0.57515928157804,11.4897860454545,57.9799499936887,4.44724646977456,25.7217897550161,1.38093529030023,58.88647,46.0674254499999,27.26846995,13.9239265,10.037848,10.7606062923077,23.7795438060067,10.31678978125,11.347847971293,0.474367764227571,0.122233097148797,0.138417788730606,"1582878"
"100%2789",-8.21637170492761,123.300406100816,1.88398199385004,10.4628573147242,0.641400616851159,0.543492941404529,0.45345944691925,13.2076234393939,85.6735895422854,3.38197722259631,14.2609819129105,1.24467229258698,60.105693,48.1530984499999,39.94717425,13.868067,10.458407,12.4861146769231,52.6337017407454,12.02938075,39.8967211302772,0.447914954491109,0.27276125841565,0.12033355807519,"1582921"
"100%2790",-3.32899275248056,100.303778139249,4.63591379159121,31.2858933596049,0.317920325794438,0.245879902887962,0.210801881157155,12.0571697575758,79.5490851763046,5.62022281131206,37.9258230859113,1.12657820058411,74.739674,49.4922543999998,28.58775205,13.158988,10.481187,11.0928235384615,19.3953176548274,10.705250625,9.93453988199483,0.158731712585406,0.0798264921773801,0.0457499966551564,"1582924"
"100%2791",-7.71164585612813,83.7759950876366,0.654482570588038,4.04821969753301,0.64461252805997,0.563130170290363,0.538252142419228,11.3013450151515,28.6541108990404,5.90063298711366,44.0485354100628,1.22123487447306,50.575615,27.9069813499998,15.67609305,13.6904085,11.0252945,10.6971254769231,4.99958084952911,10.61894315625,4.68038840802419,0.0670388294133037,-0.0760206553935201,-0.0612796435329532,"1582941"
"100%2792",-7.76185865884598,61.1780056618652,0.0103794427612968,1.7703253991567,0.952542871931734,0.909692529714234,0.869362526047165,10.6541746363636,3.44281619658641,-0.0273524626918059,2.31596974320325,1.00306528816476,14.006449,13.9822638,13.96642425,13.225075,10.7253115,10.6026011846154,3.32023441854569,10.5499974375,3.19224805764781,0.658296412506099,0.593366930203861,0.567603665762828,"1582950"
"100%2793",-2.1958658650802,159.125216602275,4.91487366778973,27.7671896018893,-0.0257861072357656,-0.0307283759794694,-0.0325357282073278,6.70619953030303,154.669591805677,4.95499544577181,28.1765518203289,0.291645253633765,85.693297,61.2453487999998,46.9368035,4.1444885,3.886617,5.49101341538462,59.5884225905291,4.825543796875,31.7342538381494,-0.0538731237084945,-0.0531109516668717,-0.050584543098818,"1582955"
"100%2794",1.50897049910942,649.389582050799,1.2551813387575,3.15158131870672,0.229890068692911,-0.0122692811918139,-0.0794391976644988,34.2099,650.445206072806,1.24649470646247,3.1168297542392,2.32257773155813,98.862531,98.71655465,98.50984355,76.106342,20.434085,33.2152441384615,595.155596726077,32.193014328125,536.532906890778,0.23691507583961,-0.00385667136290241,-0.0695471436494607,"1583727"
"100%2795",3.75991684708026,604.560276041252,0.854622444772042,2.24328952392329,0.144724906901335,0.223390911408966,0.0543751463522583,34.7221180151515,598.672402864513,0.848286225380786,2.23827706374148,2.63360682216073,89.118685,88.898335,85.9871733,69.409304,20.7115015,33.8852477538462,561.659526462985,33.027522171875,522.615400256065,0.139605311271561,0.220338737142681,0.0505061579642938,"1583742"
"100%2796",-3.910803327677,436.589840546007,2.03887916280654,6.4474085285125,0.135423139152919,-0.153117117497108,0.0139709306883653,25.7124479090909,442.581007471382,2.04528676938482,6.51469590476442,2.28494497053528,96.142735,96.1072814,94.02321685,53.5268325,15.841078,24.6289050307692,371.901644883197,23.5123536875,296.677959444336,0.144128919759248,-0.142717049190653,0.0229728425627303,"1583765"
"100%2797",-6.03334215012413,25.9124780083563,0.0662797469409182,1.76695593942258,0.879626803418349,0.865657310573977,0.808916796939964,7.25834872727273,3.72002329174487,1.31392341586128,4.36982347325286,0.957933083921242,12.37282,12.3290282,11.9299111,11.2431365,6.881836,7.17966455384615,3.36863527555385,7.0995741875,3.0043298609394,0.419296051904881,0.420327985074435,0.305765883306865,"1583825"
"100%2798",-2.26664833003187,8.57886428745979,1.00113929569582,3.86723572764493,-0.0150834859768388,0.0372096701373698,0.264269574617875,7.21449371212121,6.91555699931045,1.58185283899346,4.48428822323504,1.16414841229726,15.70409,14.61566695,13.89508915,12.022472,6.179069,7.08388453846154,5.89607227180708,6.97535784375,5.22262557582832,-0.240389189409735,-0.142809244334125,0.165696864058923,"1583839"
"100%2799",-3.67920233508531,10.3341015062775,1.00108369847376,4.41090940615327,0.323382288534952,0.193565886501649,0.553079684595351,6.27735040909091,7.13975822050715,2.48787900399064,9.87465129491679,0.891059455913877,17.676349,17.17723155,13.15285715,9.3088725,5.36253,6.1019812,5.21981292785551,5.93312971875,3.44816902803251,0.0213569544645721,-0.153826739195297,0.40301331665832,"1583841"
"100%2800",-0.32827604578713,52.8444655388492,1.55904688941199,5.82595973138542,0.355592102995881,0.10536845110363,0.151405332484127,19.6795533636364,44.005568417024,1.89276445129237,6.90121136950709,1.68813740163324,44.833084,42.2029175,37.44922425,27.36222,18.6459245,19.2925759692308,34.7989779123591,18.9567306875,28.0112284802864,0.244077523139532,-0.0397426069813801,0.0249200069085142,"1583887"
"100%2801",-1.20854429482507,106.264802161713,3.50943873786319,18.3901362380136,0.268151007056153,-0.0493829033826228,-0.0585687233000947,19.5431328484848,99.2979838697977,3.96322481504775,21.3837353165582,1.56803045289494,79.28809,57.6163294999998,44.66643305,23.504811,17.128338,18.6239796615385,45.0660348092381,18.19705871875,33.9231946626921,0.223337579195915,-0.103213619064891,-0.105007171131502,"1583888"
"100%2802",1.34214830200025,42.6475326060545,3.40032308108003,19.7549339203736,0.210881534275386,0.115473707404521,0.0888070448505787,12.529486530303,37.4958822319453,4.14092524588405,24.6477085528242,1.50584841788267,50.926839,36.6083471499999,24.3932753,15.5378665,11.2871875,11.9387580307692,15.0413713879347,11.67376378125,10.7119659177842,0.103769032013462,0.00527945636412532,-0.0142741764148387,"1583899"
"100%2803",0.893216950689346,26.6091881288924,1.58233839783584,7.00666375004776,0.0474509327414724,0.071886279383339,-0.0109293972159182,13.0828794090909,25.2391256068246,2.54031020841119,10.9369190683303,1.43155076351142,37.829812,30.5162004999999,24.6216435,19.238442,11.50127,12.7021573692308,16.060767919002,12.485345734375,13.2562438921624,0.00946433224363,0.0014634340130762,-0.0792424624454995,"1583902"
"100%2804",-3.97837722481611,228.49115598067,2.05927360320928,6.11430270872824,-0.13427354672493,-0.140099011497856,-0.117332272834937,11.8702074848485,221.174597247526,2.09588554664086,6.1024375878963,1.0734624784237,68.463718,53.8988455999999,45.92176565,42.974699,5.6060365,10.9995380923077,174.544980745941,10.45177740625,157.769531072721,-0.174356309887142,-0.171186063393155,-0.14855344943034,"1583903"
"100%2805",-1.3625190406036,93.6271506962733,2.65504165884266,12.1032883613488,0.162045875784691,-0.049840726745789,0.276682014858057,10.5108632424242,93.611107406301,2.64767309060494,12.0824002769572,1.97253303806917,59.079443,46.7018550499999,36.9628399,17.852027,7.3749885,9.76365432307692,58.2020811254304,9.290633296875,44.5678107131224,0.160849249319322,-0.0510260894731905,0.274659545909163,"1584032"
"100%2806",1.31896161341186,64.5259702993543,1.63452790613834,9.14133085575094,-0.0448419435186012,0.0527569599230114,0.0761319173713744,20.6424257727273,64.0355991586193,1.64628332341498,9.11610280103277,2.07382274250162,56.129347,51.3468238,34.56775575,26.395259,20.723393,20.0964731384615,45.3485198177262,19.648423984375,33.0084675488301,-0.0483946321323731,0.0549685058721456,0.0815839565100572,"1584086"
"100%2807",2.41735812932978,371.949243450134,1.52668564543973,4.06732294072082,-0.0941695875342591,-0.0738162172581324,0.0636707090357646,54.2795584242424,370.54994969667,1.5294225382354,4.07526416590495,2.2619332606499,99.347749,99.10075745,98.8984652,98.707379,47.1474545,53.5862016461538,344.521639119931,52.877114765625,317.222516462202,-0.098975887213353,-0.0777916956490863,0.0611842572343375,"1584177"
"100%2808",5.74722041306294,33.7213288050973,3.83976532341967,17.5420454805474,0.592499995364712,0.282867143035861,-0.0253708311072077,98.1806013030303,2.32115840468421,-2.54163977015922,11.2803043015956,0.470539777313146,99.885985,99.79984765,99.73700345,99.3183715,98.6337195,98.1543646307692,2.31143657787894,98.129378671875,2.30697339518713,-0.0780678535300599,-0.0477388421315998,0.0635261429722791,"1584256"
"100%2809",1.6824896087458,210.764009608061,1.43977688079423,4.72699966509855,0.210116485378729,0.0981448330971519,0.182377707619816,54.7498790757576,209.632902678687,1.45168064043309,4.73489546837261,2.44483797087671,99.95107,99.7310424,91.34190115,75.370963,51.916904,54.0544761384615,180.941398075161,53.342630984375,150.831578399314,0.208381181118426,0.097472295098578,0.18592330015247,"1584439"
"100%2810",-2.37536490801268,6.30577652010742,5.04126317788733,28.6225285141143,0.0103439063776566,0.0131440069261936,0.0483913073519408,5.76151968181818,5.97494293330019,5.33067993880969,30.4897800519988,0.291645253633765,20.619077,18.974811,7.08191239999997,6.008535,5.3191455,5.53294187692308,2.61850948149017,5.336746640625,0.157406593644668,-0.0458194540094923,-0.0417618575713695,-0.0225715941486653,"1584446"
"100%2811",-2.9469604308947,27.5610257503234,4.23584717825203,19.587014513716,-0.0664872066258691,-0.0374607273784301,-0.0339374986530752,6.59792096969697,27.6282249447181,4.28257601251163,19.8439570689814,0.348201796014126,32.322304,31.65106525,27.66127975,6.075474,5.358044,6.20216123076923,17.7159736761462,5.810169546875,8.00504954909075,-0.0631672548289872,-0.0348740945651879,-0.0304789525857153,"1584454"
"100%2812",-1.55548288336888,57.1782844215765,6.95557888754666,52.2104318799942,0.0017468793923804,-0.0280937082040307,-0.0151161853647811,6.83786053030303,56.5671416231931,7.00781170211381,52.7741335198585,0.491544237330114,64.499429,38.2908628499998,9.12716839999995,6.3649725,5.600029,5.95075947692308,5.49881893255671,5.665950125,0.312174127093109,-0.00943462820886214,-0.0311866837394158,-0.0167841075820006,"1584456"
"100%2813",-2.83344476653139,2.17958107740979,5.14683179643971,35.6900311665637,0.123642679922203,0.00442395464623332,-0.0324418538731427,5.6424968030303,1.85460276458031,6.20750567726108,45.3297783915783,0.262712791438547,15.696272,11.02431185,6.52551124999999,6.143405,5.4420635,5.48782333846154,0.304158992452101,5.4406230625,0.164100183404215,0.0183454857320081,-0.102354305602713,-0.110727336810681,"1584461"
"100%2814",-2.33391287546722,4.84905620076519,4.3636797976019,22.2212276462645,-0.0606268442458872,-0.0401367762467295,0.0318673057863602,5.87136163636364,4.60535218665135,4.49810001817376,23.0854746994773,0.291645253633765,18.356564,15.4970437,13.69744565,6.052397,5.4531365,5.6792816,2.24115089436959,5.54993753125,1.18872614924181,-0.105282453207475,-0.0857545298907293,0.00269726863220671,"1584463"
"100%2815",-5.27702481480887,329.869072984855,3.99761595688527,17.4648376596491,-0.0487064477296191,-0.034263840298824,-0.0475165348195898,17.7330003484848,324.438369957627,3.99955465033391,17.4381461694354,0.502574470622225,98.716532,97.2733396,96.2969089,14.851555,13.1748165,16.4870998615385,226.980039952803,15.236957109375,128.940904525921,-0.0652346427264115,-0.0505021575827289,-0.0585873881343902,"1584474"
"100%2816",-5.95804331411286,12.5248975634754,1.28479522392156,4.36970310350475,0.0368034800132815,0.159114271870477,0.114197284667893,4.96356231818182,10.8519751060738,1.23498833371883,3.76570159303365,1.28642694922863,14.562671,14.4682208,13.5606644,9.414216,3.2130655,4.81588372307692,9.57953671740186,4.665860609375,8.26626622669796,-0.102502601643847,0.0526961164269481,0.00133185669018289,"1584478"
"100%2817",-2.1683095268783,17.9006899981627,5.82143695821455,38.0766665546381,-0.0492395493630672,-0.0554055768061736,-0.0468500073372821,6.58816310606061,17.7603879219181,5.95111416577933,39.177523746165,0.652513494326381,36.084562,27.0212759499999,10.1335865,6.5595145,5.7831765,6.13437235384615,4.44250557068472,5.88426809375,0.446030560540772,-0.0510957099055575,-0.0559815539842216,-0.0465691576215202,"1584487"
"100%2818",-0.902298923175416,21.547472703197,4.04911940389171,19.5443993867861,-0.0692516400910377,-0.0664413711570701,-0.0144332435729012,8.55105948484848,21.1458945900247,4.0368733083952,19.4687340801916,0.571449719637082,33.930381,29.2734859,23.3579293,10.522879,7.193341,8.16060838461538,11.4093799748221,7.86990028125,6.09442344837923,-0.0904500085520976,-0.084270929973642,-0.0209745593268155,"1584500"
"100%2819",1.14326855996586,356.640862583664,4.35664791992224,20.0141673825917,-0.0336489654552112,-0.0516694338208389,-0.05626321492684,11.5129201818182,354.274936402957,4.35880050451934,20.0230379214745,0.348201796014126,99.060289,98.12968985,96.5314962,8.182171,7.307796,10.1660375846154,239.995199817174,8.799435078125,122.35096811584,-0.0392803275984072,-0.0517844262642478,-0.0555408442553082,"1584517"
"100%2820",-2.70560873559539,12.0853183751668,5.27327643907315,32.4082065568828,-0.0594528769626023,-0.0624337894577061,-0.0692604714496431,8.23622598484848,12.1245366523814,5.41740300586653,33.8112635490169,0.312649713650733,31.693864,24.4175618499999,15.58819835,8.150429,7.4269875,7.87533924615385,3.71527826656188,7.67808590625,1.24425228276746,-0.0481860035069902,-0.0511031256185563,-0.0552639077283427,"1584523"
"100%2821",-5.26994007450285,236.527981778054,3.69363575346454,26.6368820450588,0.289895775478011,-0.404449467495507,-0.23085281431286,4.62218471212121,275.359124677767,5.45272707100575,30.8344186151879,0.470539777313146,98.477581,98.30127305,10.5533976499997,3.446184,1.3340135,3.17825553846154,141.989942639575,1.69344175,0.904856376960906,0.478863535604893,-0.0191930428520096,-0.00618217685295925,"1584529"
"100%2822",-6.06630775288092,69.7886737938003,3.79324953134309,19.7397202614632,0.125058377511509,0.12849071657477,0.221574812401358,6.1392646969697,60.8891070725955,4.40049301968564,23.2751497713986,1.05162225772738,52.740231,41.3171387999999,28.73494725,6.641848,4.267237,5.42232675384615,27.9018616228657,4.9575780625,14.2983907137054,0.00452455421254413,0.0146547620511303,0.127893415546282,"1584536"
"100%2823",-0.992893982612293,25.1580691497064,0.441602877863926,3.3229031724884,-0.206602797872303,-0.00307051345538834,-0.149530145669842,17.4259692575758,25.0128806252439,0.511996524930627,3.6688374839399,1.79630535870098,34.686358,29.81163165,25.72520115,23.349915,17.679296,17.1604248153846,20.7437800219366,17.00376303125,19.4726121352437,-0.213683482947113,-0.00813046912131083,-0.158178404584084,"1584556"
"100%2824",1.8500272511313,160.990903611886,3.35360842011317,15.5168215010787,-0.0539075670463836,-0.183885837345162,-0.0376349598377861,35.6246561666667,160.200221513397,3.35589289256791,15.5199363572581,1.72256236836251,98.890954,92.5958573999999,72.5828468,44.7877955,32.8837765,34.6513285076923,100.138636012093,33.798908796875,54.4730435794408,-0.0593643871474075,-0.18468226050438,-0.0344373924325086,"1584603"
"100%2825",-0.106307749326501,213.258468751023,3.45046850468203,16.0258956869476,-0.0573761907955713,-0.0243088678586169,-0.00683312370500516,22.0369361363636,210.070261355647,3.43806532097979,15.8931957166582,1.99958321785932,95.786335,86.3856001499999,65.78053835,27.0548155,19.3284505,20.90233,128.338259941864,19.958246625,72.409473021615,-0.0712229605854152,-0.037579328757413,-0.0186594214325672,"1584628"
"100%2826",-2.36786137343511,54.0816855047482,1.14311857704351,4.37131880875107,-0.253356038760522,0.00930570612168533,-0.0238611448776293,17.9830181363636,53.8767841809513,1.15171300595202,4.41410810181882,1.95742315277578,41.114919,39.09040105,36.15678675,28.7894395,16.4581745,17.6271427384615,46.3469360608247,17.30881253125,40.4843890832579,-0.256657767098544,0.00713981317832379,-0.02412921363171,"1584629"
"100%2827",-3.75990613123096,304.148480055287,2.29800225626424,8.32770325765381,-0.190222291862541,-0.0701498724218018,-0.164009784704177,15.8831396666667,305.611145163961,2.38085461715442,8.65374251098971,1.8780641683969,91.473184,77.1675062499999,69.2935706,42.744209,7.670659,14.7202159076923,221.055004923215,13.864837265625,176.950268990321,-0.182703534346392,-0.0603691640000244,-0.154702732981839,"1584810"
"100%2828",1.3133795022616,243.013183752224,0.664609571256239,2.59063084203623,-0.040436842629888,-0.315638345243877,0.102401292362631,55.184955030303,243.358701427865,0.59416231445299,2.43362174440584,2.71754676085977,99.249183,92.1006363999999,83.9353011,77.04422,51.704638,54.5070438307692,216.771484215911,53.97978796875,202.088620294598,-0.0240756112056207,-0.350805641628872,0.0625134171475494,"1585"
"100%2829",-0.266055369234826,565.838791629914,1.41448388805466,3.554403018268,-0.208427862886487,0.104365619751765,-0.130364663174926,30.7628626969697,551.942163853285,1.45741536133948,3.63189335891446,2.34938141809583,92.112498,88.7331688,86.80882005,74.813274,19.3998555,29.8190221538462,501.638473683033,28.92692046875,457.746622758489,-0.234572443584639,0.0855711224805717,-0.15169957469097,"1585133"
"100%2830",-1.19778647551261,27.9566985770066,2.75961070835636,13.5508387563259,-0.0525634355769597,0.0200116603158666,0.0309458985100432,56.5048457272727,27.6557032177688,2.75014221351215,13.5229902534176,1.52270140316253,82.413594,79.5850618,63.7262039,60.8231865,56.0648045,56.1062496,17.5951699782954,55.76319090625,10.2202921309716,-0.0593529094686237,0.0134904063382939,0.0233771016432175,"1585156"
"100%2831",-0.295558852749158,176.975257241567,3.27496816139892,13.7474336399061,0.0526759525872851,0.083319478738416,-0.0370283523933453,19.3129070606061,168.81722164232,3.43454530638267,14.3969757633253,1.60165439541542,76.388185,75.6153688,69.68815305,24.543284,15.7375405,18.4348258615385,120.526654585291,17.5478819375,71.2763644779183,0.0117608442672822,0.0601920313277176,-0.0621016646114442,"1585212"
"100%2832",1.66932709533745,158.075326210788,2.3169657127008,9.65189249958278,-0.0541466866874718,0.0272442175756572,0.132063956529968,34.8427595606061,154.621077063648,2.33357700364292,9.64925395284456,1.68333299484636,83.836955,81.7932718,78.77747785,46.720543,31.911531,34.0890027076923,119.502002905874,33.360817953125,86.9027743103017,-0.0744587352169685,0.0186660659118806,0.12842926902898,"1585243"
"100%2833",0.120617285916735,162.198060616282,3.00132654982019,14.5507213393779,0.230361214413379,-0.144306504213526,-0.186187109308431,34.2306947727273,160.931885723321,2.98457007447167,14.4963905303619,1.84729322652375,99.113208,87.1683887499999,70.9975943,43.815176,32.328401,33.2325022615385,97.6461337883292,32.4902513125,63.3609839911196,0.226316677022618,-0.145561090707854,-0.18743879072988,"1585255"
"100%2834",-0.600519532143046,135.69571022201,3.24003342331925,17.075850002617,-0.170365748770922,-0.12965965672756,-0.15267809550124,28.1638088181818,136.691272693774,3.26092401025927,17.1254167284955,1.72753803712773,91.316023,80.2275540499999,48.6250039999999,36.1059035,25.814916,27.1922362923077,76.493305930395,26.456851859375,42.5371466625745,-0.160331059628964,-0.117018700979224,-0.141894242637856,"1585275"
"100%2835",0.573050916662264,263.625573128199,2.21440293384413,7.81480172198392,-0.119529996670728,-0.0706063124853853,-0.0886816229710269,35.3770760606061,261.967305890348,2.19559066493341,7.68719060753901,2.09681429201315,95.369304,94.08656865,86.3239434,54.2665795,30.281875,34.4541187076923,209.775453965175,33.533153921875,157.921746546873,-0.124140518190267,-0.0728520608095535,-0.0895606014662539,"1585298"
"100%2836",-0.296002721470957,123.134732929526,2.286272955807,9.61397677757592,-0.108876621864435,0.0266258873845787,-0.0813476380783378,23.4534030151515,114.321661970147,2.31767585564936,9.78446981306475,2.14671726852134,68.492746,66.49987915,54.87559635,33.1678805,20.660252,22.7604900461538,84.3919835177471,22.093829,56.8222064803808,-0.18766243735355,-0.0365306018272789,-0.149459784626377,"1585310"
"100%2837",1.21287593915623,113.805834420814,1.2736407506938,4.00347747624247,0.210310986177382,0.171201121697065,0.0422948184153176,66.9938700757576,112.120672450224,1.28139532080786,4.01642528559621,2.2959238081,99.573685,95.6446716,93.06107995,81.4044595,63.1138075,66.4926421538462,97.2644635120952,66.070198296875,87.1843979554485,0.200714778255352,0.164302725762836,0.0391748513251136,"1585330"
"100%2838",-0.793681195305759,219.503287328419,2.34782440719484,7.83542616244896,-0.0538661312426223,0.0776489359640676,-0.172968179574344,25.1029962121212,217.51109018848,2.3573529547883,7.85232234957632,2.04644945617622,80.129879,75.4104162,72.221647,42.631839,20.5234305,24.2564287846154,173.556771638205,23.49685475,138.766669781029,-0.0615966082187953,0.0747944355872039,-0.17653862254862,"1585341"
"100%2839",-2.53971653342188,513.00418221764,1.02349775060274,2.81878877553885,0.489467572306287,0.260453693532908,0.00870654396040091,41.4081208484848,439.985522117174,1.06631457674417,2.87295135273677,2.61181371680417,93.092015,92.2224476,87.7394563,76.9689245,32.021295,40.6129840153846,405.02651964847,39.81390221875,369.850497366645,0.461580366350137,0.246156619183054,0.0212044751552524,"1585344"
"100%2840",-2.65365105962002,359.513069470522,2.28567445482392,7.66949388471722,-0.193191259224952,0.254902328511199,-0.0317688796519877,35.3356257878788,356.112055527745,2.30068088465972,7.76028123507814,2.01997832284137,98.735486,98.43584185,97.77582955,49.141313,29.749773,34.3602433230769,298.800219661429,33.361583140625,238.643032692669,-0.201436383926101,0.248796396208217,-0.0417432045592853,"1585368"
"100%2841",-5.60465300638283,258.197406508495,2.72000623080493,10.2780395027909,-0.136851169272124,0.0613479532820515,-0.0617789720250456,35.799987530303,256.805600631008,2.69438043999347,10.1687341603456,2.10645854464303,98.847515,95.1339948,90.33848575,49.1365315,31.0819535,34.8300255692308,198.661926434139,33.919019609375,147.820448206645,-0.143677134850028,0.0588546984052095,-0.0629051789746002,"1585378"
"100%2842",-0.81584056798373,360.670773510334,2.00050791814107,6.23009779052907,0.00641968387430249,0.18158497916009,0.0612040899735742,40.3893915909091,348.650667121353,2.02586401656408,6.29347820288081,2.32204790605046,100,96.9369543,93.1580602,58.868845,32.99001,39.4723053076923,298.505404981556,38.600190984375,253.731631393605,-0.0225392411246542,0.163485572972684,0.0396022531328887,"1585386"
"100%2843",0.575834498107162,438.188563014729,2.01160439852355,5.93427803386858,-0.128093976198238,0.300559155655128,0.0710795402664755,37.8975554848485,436.689033619499,2.00571288991747,5.9175455527565,2.2472730391895,98.120079,97.92525385,97.6206143,71.6269685,30.3270515,36.9710551230769,386.752733700467,36.020284921875,334.038086757457,-0.130882259409696,0.299723344354421,0.0716363568521087,"1585412"
"100%2844",5.32688751398768,449.754591300746,1.89378771637641,5.66945596523235,-0.028958810495081,-0.00656286092274557,-0.122651201761729,24.9537864393939,451.935496777657,1.90879596668523,5.73281193458402,2.02892374517046,96.69908,89.5935055499999,85.45717505,52.757332,14.6437315,23.8500126923077,378.479462580287,22.88255309375,323.554629318412,-0.0277412721030008,-0.00200977908414305,-0.113584141187314,"1585422"
"100%2845",-0.86979305748948,286.084951650997,2.15275661651546,7.43448766246451,-0.0966285235993201,-0.0386089468724133,-0.095715530864387,37.4258595757576,284.602821484355,2.15736774334245,7.45083063216623,2.26938935662233,99.030829,97.61397005,91.08244365,54.580964,31.3191315,36.4780908153846,229.695795303101,35.534763390625,175.443461134978,-0.100876560465196,-0.0397431651976038,-0.0959903096492476,"1585428"
"100%2846",-3.51157661680137,238.213878284176,3.15535217483883,13.2046433452555,-0.108990162890894,0.170062079786506,-0.0577679049181668,35.923410969697,234.843854054273,3.16388285891333,13.265777279631,2.01873153605295,99.45483,99.02511955,98.75031345,42.778894,31.4837695,34.9460045230769,175.405494539307,33.948383703125,113.455130865383,-0.124830546771257,0.160728882834032,-0.065651317793638,"1585429"
"100%2847",-1.33032804390506,513.640447086393,0.988218204897673,2.62457681710314,0.0149099119366471,0.0294731095696814,0.0652677129692568,46.5164576515152,506.708171657536,0.98998260190494,2.63259759251698,2.69159082914271,98.954985,98.63034965,97.1954413,83.3071395,35.439669,45.7097110769231,471.548239640069,44.88555740625,434.766278146992,0.00186082999225167,0.0184229331565932,0.0572731728175684,"1585435"
"100%2848",1.41743448859895,356.754125716329,1.67484802427196,4.5610805317556,0.416110704311775,0.288094309910369,0.106869965660454,27.3652845757576,341.722761622484,1.66905613008865,4.53701628771383,2.25972757631462,79.999255,78.98598755,77.60291615,61.0352285,19.3686045,26.5555311846154,303.70379828344,25.744830390625,265.728844602137,0.39510441229598,0.268683613049205,0.0934089623328775,"1585444"
"100%2849",0.164305763650451,297.844964518655,2.28609607122484,8.15778568029339,0.000638381761666338,0.22985713788665,-0.0454952164038572,38.2232434848485,284.532604428986,2.19907684086216,7.82680246644837,2.27767007687384,99.732495,96.95286685,94.6681494,52.415316,32.687394,37.2769473076923,229.808583089082,36.367897359375,179.685174645029,-0.0420580390603544,0.197003067348877,-0.0875845503402686,"1585452"
"100%2850",-1.43516755825542,354.242948884293,2.33614929736213,7.81623581306857,0.00159696642120128,0.05871716454244,-0.120972519801385,38.2154055757576,346.176298257972,2.36328763733285,7.90175620840857,2.35009972434207,99.483583,98.77885105,98.1632423,50.920923,32.2331165,37.2728182307692,292.863007868417,36.317715703125,238.144637876055,-0.025206542852384,0.0390139731879872,-0.136573058969541,"1585492"
"100%2851",2.6171498427271,329.917263165581,2.02259684728713,6.6720827349601,-0.0737991322976729,0.120881096428757,0.0274380151426742,39.9184017575758,323.567549912966,2.0383537515212,6.73118255494915,2.25432552544116,98.422245,97.9310751,95.6412066,58.0332575,33.8386975,39.0183426307692,275.07848772397,38.101963625,224.792807750708,-0.0947131157957501,0.104536510472126,0.00744027584024045,"1585493"
"100%2852",4.2867273851443,625.520613037358,1.95978304692698,5.71316969877457,0.399528847221922,0.211342188007162,0.117284732530271,23.9789649848485,607.403686296497,2.02269512592152,5.90894157567198,2.29166712041442,99.208844,99.2078352,99.09494025,63.795371,13.9038685,22.8215822307692,528.339058990321,21.628055515625,444.001465502451,0.387069478823284,0.197709393585009,0.105082252577185,"1585514"
"100%2853",2.10991872033525,332.09818232594,1.84761300550835,5.32742645512008,0.136181080005383,-0.0593746070073603,-0.0216871768999328,39.0490001212121,329.558106355176,1.85377459849076,5.36797517900978,2.1274198551352,97.400685,94.0271733,90.59242275,72.661591,31.603993,38.1512818923077,281.43896184685,37.306604,239.460197411739,0.127828054881172,-0.0632692861674742,-0.0227979367797236,"1585546"
"100%2854",5.91736600548483,533.439163867602,1.75933431207193,4.98143348289664,0.338893341687528,0.124697526518295,0.0531823446063308,27.6020366515152,526.872909032143,1.76464395718631,4.98899119794914,2.43413042218067,98.670558,97.37383335,90.30788,69.560421,16.9256185,26.5086747846154,456.0795947428,25.412316625,385.075759490566,0.334460103413226,0.118960695931219,0.0548440038465827,"1585568"
"100%2855",1.64012127777313,218.731640585438,-1.1885697884603,4.24634032858227,0.402178013631925,0.340324432473792,0.186895356193637,79.5186579393939,220.121617342477,-1.18306704341321,4.20235495288911,2.66057681217077,99.05583,98.99337085,98.33134915,94.374454,83.649306,79.2180860615385,217.545435815131,78.909622734375,214.759857676433,0.403400647845663,0.346324490602227,0.195798492456304,"1585569"
"100%2856",0.36918191369535,303.633179404113,1.94579977250085,6.36282833058297,0.0908030854521779,-0.0728842667177471,0.0814118088645373,40.2452449848485,303.457302713938,1.96634011922902,6.45198937092155,2.50225058239434,99.147032,98.77554855,89.54257605,62.495091,34.370668,39.3390636461538,253.929011774349,38.41349403125,202.212510301162,0.092138698481807,-0.0708869915309887,0.0837124638388055,"1585573"
"100%2857",-4.33212118303312,84.3543230865682,3.11913047341007,14.7724838062482,-0.032514789286394,0.0430163647188912,0.409572067956377,23.1697276363636,82.7448519236814,3.15437129589726,14.9290345526906,1.84152703743883,69.963815,62.9511892499999,42.9477882,30.332454,21.2863165,22.4498186,49.8120942834748,21.875985140625,29.186893715266,-0.0576747863414676,0.0263672440664365,0.409503063466398,"1585576"
"100%2858",-1.58040747218374,286.038324945626,2.36610639277998,8.0511348876755,-0.0744745412924637,0.294946430396505,0.0403083156429076,16.2530413181818,271.519930391707,2.35308641470593,7.84465245643028,1.5301517298109,73.669142,73.14568205,71.4813448,34.897578,8.417705,15.3697166923077,224.199842041447,14.47137134375,175.246380830454,-0.132586069311097,0.259708697990086,-0.00592646645532523,"1585601"
"100%2859",5.39898067841107,386.439634816644,2.18061274405515,6.97627656411356,0.0433736076741129,-0.0489095947181381,-0.0931084021297773,33.4871693636364,382.166707071389,2.1916126191497,7.06273575180741,2.04351985823441,99.529332,98.60045145,97.6008035,60.329271,26.5228075,32.4711360923077,319.912836714996,31.445680640625,256.560147368594,0.0312364481690446,-0.0608887235267277,-0.100524624763345,"1585611"
"100%2860",-0.724794553184371,109.093066296111,2.90796857915977,13.0421509856829,0.096195837845562,-0.215417319201738,-0.102563699980378,23.0979036666667,108.566316065556,2.952179972346,13.143891137667,1.93510603574739,73.089961,68.7620413,42.9030081499999,32.348692,20.929737,22.3287950923077,71.195719137885,21.63968840625,41.4417306394024,0.096748484749158,-0.215747407641203,-0.105428605601119,"1585626"
"100%2861",-1.60388172311135,192.647745347188,1.65221128692941,4.90431001555557,0.210801735940413,0.0458995204330292,-0.163577370001952,33.6640239545455,193.254681160365,1.6325733388224,4.81636733390409,2.26317392677025,79.856518,74.5937774,69.71667415,57.2810335,27.919042,32.9533702,162.895932017223,32.347016703125,141.542984348777,0.212449918705458,0.0502087086089704,-0.156334479266116,"1585628"
"100%2862",-0.565822283485641,351.272455959587,2.19642052784953,7.33038212940996,0.066796330187252,-0.182270580291216,-0.205000166630223,37.176174969697,348.29091482663,2.16168974646322,7.20969464820439,2.31043004494507,98.726386,98.63021915,97.29065215,57.2107355,30.87325,36.2292486461538,294.469052086746,35.255042578125,237.380095931627,0.0581895144118773,-0.189197543540947,-0.209097979773371,"1585635"
"100%2863",6.19091714495625,300.55164037285,2.2741409767513,8.5125724949056,0.0432355133110077,-0.168743404413392,-0.204588376820594,30.6656543484848,310.722663939289,2.26687599776726,8.55103563042481,2.36776016603058,98.103027,95.37860335,93.69849725,48.8486265,24.6346395,29.6281563076923,244.460468428487,28.62372740625,182.703131074263,0.0697890388799125,-0.130133409740364,-0.160643555183753,"1585644"
"100%2864",2.36914944845315,301.26088177221,2.26188796726342,8.04516584364356,0.0251284054491634,0.196525675880114,-0.0855400436805045,37.6172213939394,297.204624176421,2.26337685815672,8.04375109394597,2.38272119468565,98.869813,98.85076995,94.2926608,50.079754,31.5187185,36.6748738307692,243.167753642264,35.703535671875,185.639891562862,0.0172919019519542,0.19184881281541,-0.0927876777570822,"1585655"
"100%2865",22.0076255371172,1007.52028307212,-0.388941265386052,1.40742200736951,0.43505036007054,0.0584681746185597,-0.393919570900399,68.1039754393939,1010.10222368254,-0.302779057913739,1.30271307980616,2.22179224197796,100,99.91566835,99.7639958,99.3095905,82.0567675,67.6132673692308,1009.74982682491,67.109251875,1009.01511267144,0.437532355603195,0.0627371550053133,-0.387193663903074,"1585660"
"100%2866",0.681196520425051,386.868425791561,1.91715796633045,5.57934362432931,-0.0176951638780583,0.0544728837371711,0.0247032070844611,38.413619530303,384.883516860366,1.93548082528187,5.63993413198879,2.10532695608396,97.477567,96.97821165,95.29549525,67.9019135,30.3233165,37.5049434153846,336.309111134808,36.57987490625,285.940077467775,-0.0226593843563617,0.0497236096252479,0.023150289294195,"1585672"
"100%2867",-6.28829602207138,313.473036221403,1.75231529114338,5.53951593540411,0.152226614033659,0.323885195373716,0.285324076993374,39.161957530303,307.724643748209,1.71562737624479,5.41662150987045,2.49073479502569,98.73602,93.9953710999999,85.65646065,65.4657445,33.2865555,38.2454334923077,257.017792429907,37.414225984375,216.124810555785,0.133961318512222,0.310400576708472,0.277240778214767,"1585711"
"100%2868",0.665527837858539,389.775320924793,1.81989734763959,5.18321027690043,0.303757757883078,0.152054443913399,0.0482567758164521,27.8094980454545,383.381421136993,1.8232127358059,5.19235540095599,2.2303375072917,93.775401,87.81213265,74.90616305,62.749383,19.5404875,26.794638,321.303496664032,25.891411375,273.29567195233,0.292487366767333,0.141928004852928,0.0388241286724516,"1585754"
"100%2869",0.0558607185304526,262.322952075754,2.02029205164512,7.03748197845252,0.104470349952429,-0.00934211658278352,0.380940336196781,37.8952511363636,260.50909476616,1.98519801632492,6.88527205382302,2.40121739705352,97.108937,93.550954,87.4703151,55.960372,31.899319,36.9842713538462,209.744572159062,36.130351890625,165.625231870633,0.0957225177477756,-0.0187687455766281,0.380840067718788,"1585762"
"100%2870",0.438703776854509,246.499778500654,0.913085370003194,2.67598900189138,0.242452412140902,0.0433407638972166,0.0860370296967564,43.7302381515152,241.090931766735,0.920477470068607,2.70850101580045,2.47586805334592,83.327443,82.30997785,80.02897285,65.8925265,35.71803,43.1210503846154,220.306780492223,42.517283796875,200.054357926756,0.225673961959653,0.0248020002029818,0.0744276717069569,"1585779"
"100%2871",-2.97914404233796,350.311634552886,2.00127345975411,6.42190285130151,-0.173056377056167,0.0839845332184461,-0.134694080242655,39.8619631363636,332.118961884393,2.03100771442553,6.46089885712118,2.32449112010145,97.048097,96.69220185,94.16707815,64.543814,32.6492285,38.9821764615385,286.142861223726,38.083451625,238.112931862626,-0.232028347335098,0.0412124544877937,-0.185736695597138,"1585785"
"100%2872",-3.80631807325727,312.712855042842,2.55090453300776,9.0401374294068,-0.0669400109026749,-0.112976995294082,-0.17576471720969,35.4619456212121,311.982734992406,2.55367161732033,9.06583855799159,2.1047422941914,98.979899,98.5065196,96.88335415,47.051009,29.5970845,34.4847463384615,253.75785245516,33.488388890625,193.195488248915,-0.070840942262008,-0.11551571861592,-0.17450324038768,"1585787"
"100%2873",3.18572537916645,348.439838654769,1.41561118621494,3.77418846826241,0.18847192548129,0.0950237498515329,-0.147378693287953,50.9486539090909,348.447165569373,1.40401286390812,3.75806713356286,2.47606503730629,98.942814,98.1381491,96.9235538,86.024296,43.5325155,50.2102822153846,317.825169161115,49.4681793125,286.994600728723,0.189041120520238,0.0995745399384148,-0.138827859112267,"1585793"
"100%2874",1.31327296279471,460.765784758515,1.29263818573484,3.15277803950138,0.257270272855822,0.142135293562657,-0.122730556376706,35.388335030303,459.045289876074,1.312037540896,3.17494007324609,2.43074152062797,90.587308,87.2557213,81.66763155,75.8781405,25.1885245,34.5391200615385,418.510564935466,33.74345334375,383.899233335825,0.257361188419669,0.143521432160061,-0.117128749194482,"1585808"
"100%2875",-1.37555293303752,176.109205187587,1.72261340695243,5.41494027207673,0.0226511282070578,0.0385181901641469,-0.0346080633534088,30.8166846666667,176.046075617224,1.7280758870338,5.50010780760914,2.32377864243124,73.072221,71.96351795,70.78118055,49.131706,25.8511405,30.1665994923077,150.862168341757,29.522850671875,126.282574374546,0.0263266680767999,0.0427457994390091,-0.0299188948278221,"1585817"
"100%2876",-1.05364167107742,286.633539271031,2.24568768642714,8.42042678662047,-0.113333051741995,-0.0459907637210443,-0.141441959176273,36.2159161969697,284.073860898792,2.2396376831058,8.38242800002381,2.24405403756964,98.771816,97.46378395,96.35128675,53.4017515,31.4456875,35.2535177384615,227.314315655577,34.29248740625,170.833447374705,-0.121904837886627,-0.0536275801205974,-0.146475525749021,"1585820"
"100%2877",3.72303362851647,279.031382444513,1.37214131379709,3.94150494100096,0.307334956016801,0.259640381580694,0.335411557999811,37.237273469697,280.443290559433,1.39262722418512,3.90019134919727,2.43885538269531,88.957636,81.8419657499999,75.86127835,67.1465615,29.1898885,36.4415755846154,242.970884516547,35.79206190625,219.345883392176,0.313531399864597,0.272055469276971,0.353705724745006,"1585822"
"100%2878",5.79026225367862,617.023416893174,0.754297390603455,2.10434467837884,0.00655594415219553,0.193073101808645,0.0463187768508171,54.2753969848485,602.959803210807,0.741248231141639,2.06744423423864,2.7598920133605,99.462619,99.39400565,99.28800355,98.0224575,45.493789,53.5802089538462,580.339205577962,52.86494565625,556.152902647389,-0.015826349360865,0.179860696570731,0.0392519091751399,"1585825"
"100%2879",-2.78288102994207,348.961762156252,2.14394585618579,6.66847843915676,0.304026828825043,-0.063463819086144,-0.219662748209653,38.1734208030303,347.410281168166,2.14539053868039,6.686593858747,2.16584462335551,97.720699,97.535852,96.0597975,61.9521605,31.2867675,37.2573088307692,297.363819107074,36.317011796875,244.539825503854,0.304470642382477,-0.0626943547044322,-0.21630846249584,"1585835"
"100%2880",-0.67807402377934,432.899519038714,2.05452888081207,6.41064601064412,0.180008027693993,0.0371647133792892,-0.00263904377426693,36.2339353787879,424.244132980758,2.05023630948129,6.37708172553112,2.27025583470598,99.657125,99.1420117,98.49569435,65.664477,28.9682365,35.258194,367.934264069441,34.264343234375,309.480179563855,0.166256235298659,0.0237073590830728,-0.00997065681747669,"1585856"
"100%2881",11.1731931051836,592.160037244393,0.331411953348441,1.77972613351653,0.207741327548358,0.187752768957584,0.0969535246299311,63.906279530303,565.423949371618,0.220413476455728,1.62861885155147,2.69810846745072,100,99.83406215,99.6674228,99.2471645,63.4071625,63.3509915230769,553.772024477987,62.78233965625,541.405990893482,0.182966867411717,0.222987791366725,0.0991380643293738,"1585865"
"100%2882",-4.8384203607751,122.355096662474,3.24589874048337,15.4983137800103,0.0185585758299393,-0.104460691585944,-0.1347728416219,21.4088724393939,121.636983859242,3.25714738976065,15.5411768644771,1.99822660089046,76.57726,72.2250784,41.7507678999999,30.953537,19.2897175,20.5601280153846,75.9640936515245,19.789480078125,38.5476468066671,0.0121065404669846,-0.106456946857851,-0.132061184229911,"1585868"
"100%2883",-3.43831387695667,289.532460285764,2.31173957961401,8.73859036491943,0.00931524776190164,-0.0350126738573815,0.182928723620207,36.2690444242424,279.908078427898,2.38271447974634,8.92737456757794,2.27868921850509,98.591432,98.3829653,92.4083267,49.3582425,30.4721905,35.3102384615385,223.539970865857,34.32648103125,164.127168603532,-0.0282926128018396,-0.0752295133750888,0.152844998665936,"1585881"
"100%2884",1.01174203026782,384.791862640588,1.44048805198052,4.3602836530512,-0.134222024119146,-0.147342664730753,-0.0782267171953796,40.8075795454546,384.356953394639,1.41390337660243,4.27671386734686,2.66540719606098,99.077987,96.4630812,94.25963995,67.921524,33.7605805,39.9111117384615,337.228938380678,39.049487625,294.242393204481,-0.136144849954196,-0.148806557027329,-0.072416338143944,"1585905"
"100%2885",1.40304419395266,228.400372624346,1.0241714100211,3.27114780250329,0.397604479124703,0.169533738310271,-0.0128851383389331,59.1710493333333,329.736516874797,0.836781074007235,2.22131097007822,2.59554534137312,97.647501,96.91133505,95.725545,89.0560495,50.278704,58.5791039230769,311.683028029419,57.986356515625,293.715358554715,0.664325985283369,0.540754804280064,0.4201263298279,"1585906"
"100%2886",-2.49849340284014,138.701641353018,1.81303921764993,6.25759487679904,0.213455098881511,0.195967287125955,0.239872435045866,53.058529469697,134.975983422409,1.80981680393427,6.23328216809763,2.2819795641284,96.550801,92.20883675,86.63508095,66.9115435,48.933175,52.3894176,107.503631198344,51.803770125,86.8894827125163,0.192887596987838,0.181797574726112,0.229379656365383,"1585907"
"100%2887",-1.96903303470498,255.298755201648,2.09079035516532,7.3254130771309,-0.0446512100778858,-0.323487918733689,0.0885855897814885,37.2833836363636,257.825732343749,2.05500841701723,7.1674906335244,2.44424630949748,98.743317,92.2852868499999,84.4935883,55.3098585,31.4909455,36.3378462,202.785573196816,35.518001828125,162.264686161834,-0.0280903425028091,-0.304128862910511,0.105693149573139,"1585912"
"100%2888",2.40246862056944,280.963689433451,1.6626452520452,5.17626351515454,-0.0723902054975309,-0.0510361969281272,0.0235385235168941,51.403776,280.693862358957,1.67654802362513,5.17576832967564,2.39915017407463,99.292412,99.0959196,98.7198087,71.610012,45.783455,50.6670277538462,249.187562910261,49.9119795,216.024757314386,-0.0725600806707841,-0.0493072068526188,0.032133243014475,"1585925"
"100%2889",17.9466102582713,993.187001868865,0.338139669363199,1.34705506771657,0.479012021482711,0.242822987801082,0.127794516423575,58.115182969697,1037.80943337537,0.370110045382342,1.30446877297097,2.0769802969839,100,100,100,99.5047715,41.6978485,55.4129367096774,984.279655668381,55.4129367096774,984.279655668381,0.504754506726461,0.285615562869667,0.184022343930089,"1585927"
"100%2890",-9.89779234433821,316.225864355113,1.86468848032494,7.09833176446759,-0.0880858375913631,0.0373805436845433,0.00329800278628604,34.8241584242424,286.607879927202,2.46151512002182,9.47903378385072,2.20089746196166,99.275219,99.10905235,94.7346296,49.8345575,30.2252755,33.8326036461538,226.127293981363,32.814057171875,162.227133132541,-0.175665887401196,-0.0430006753966814,-0.0769136721081091,"1585929"
"100%2891",1.52567974588848,574.807016681183,0.750617614819829,1.99078192676638,0.663917073599283,0.508929256767046,0.344124632347431,45.8453165606061,577.060632759969,0.846734075566694,2.08381739198738,2.67204755033729,94.98246,94.61624805,92.5590577,84.0713095,32.395053,45.0893605076923,548.221498088746,44.318584,518.171191383709,0.672050395043783,0.518672619780592,0.360939473331934,"1585943"
"100%2892",5.69601868155407,573.36998090142,1.46407817298443,3.87462930297049,0.402680600332089,0.233497869848741,0.245606149397768,41.6648000454545,588.362901468447,1.50839954630457,3.97166738813838,2.51623650186364,99.825048,99.6550964,99.55675635,94.4028215,31.417065,40.770027,544.573797424563,39.851377671875,498.228184785129,0.417042034489861,0.255544051954267,0.271470782608811,"1585955"
"100%2893",-1.25318851395418,150.466865881427,3.68632889721919,20.233021369787,-0.117353300422939,-0.093140805245633,-0.117105255198858,17.8474268787879,149.615512162239,3.67271437045477,20.0793057411972,1.93589514708334,90.266184,64.0751314499998,47.9282199,28.511818,14.4639985,16.7332921538462,69.9917410412436,16.213933328125,53.5526786544734,-0.124707029009614,-0.100112924803848,-0.118854673080915,"1585958"
"100%2894",-3.17337208055393,270.736725990322,1.87989402863876,6.24161282464652,0.1136426580784,-0.0938327019485063,-0.109668958589965,40.1294286212121,262.181462337943,1.86461724335547,6.22507172641966,2.41511686334189,95.811024,92.91423725,90.5254495,61.605746,34.2421505,39.2727886923077,217.782113422624,38.4590130625,178.139958526374,0.0855317191820486,-0.120901693642281,-0.125034870215791,"1585972"
"100%2895",-0.818473907347736,312.054122386276,2.31517067681704,7.78222537422081,-0.100366410028775,-0.121914938521057,0.353782477828346,36.6739327272727,308.553938076428,2.30715339040482,7.69625400828757,2.08634921445882,99.075231,98.53286775,90.67905305,49.4546485,29.100193,35.7139127538462,252.472790680197,34.736929734375,194.375449712802,-0.116108099238701,-0.138207693214406,0.348950476496059,"1585977"
"100%2896",-10.5779850481959,231.428570561365,2.08467950824166,7.02866888053849,0.0401977329742013,-0.0214625605936174,0.131024656852307,45.9036636515152,216.962951010614,1.98826392346095,6.90629882564713,2.34569256407879,98.803664,94.09240485,90.33835225,54.775786,43.8488625,45.0898174923077,176.586034888079,44.3637900625,145.08266280905,-0.0191316834752952,-0.0846355719349179,0.0840081556391647,"1586002"
"100%2897",0.0724087361030418,153.282632125274,2.40425232177894,9.41779968320258,-0.0105910788795547,-0.175302040588259,-0.200760095519311,21.8343336212121,152.567357597824,2.41025069140974,9.41497925463588,2.11587351634013,76.794786,66.4470862999999,60.76942465,36.3517155,17.2379505,20.9887882,107.72804179875,20.365562265625,84.1646057088124,-0.0135327619318789,-0.176384589765739,-0.195700861076244,"1586009"
"100%2898",-1.04741197935485,71.2841869778927,1.48347703027755,4.83216485503972,-0.108884413991822,-0.152599280861829,-0.149008126277931,58.4155720151515,71.1661295606566,1.47994496637456,4.79662561805196,2.08197171048225,84.944958,84.8458018,80.7152361,70.4042835,56.6223325,58.0074276153846,61.2665909223275,57.588912265625,50.838800036502,-0.109459885754191,-0.153397690470338,-0.146565348244688,"1586012"
"100%2899",-4.24956273675453,112.64762752173,2.92493771630975,12.5351227999159,0.0659698737107834,-0.125979823475081,-0.135346843171596,22.1433245909091,111.479202358144,2.92855708961366,12.6001275375513,1.97704158726829,72.037992,67.6388778,45.2225219499999,32.909453,19.5580025,21.3757143230769,74.3053824732373,20.689864171875,44.8910261306411,0.0560070948798097,-0.137514274370875,-0.141230747830287,"1586013"
"100%2900",1.81736616024862,180.555423074514,3.70467179582661,20.0775006382921,-0.0904026157046977,-0.102976988243648,0.29434740886265,18.8132987575758,181.756207872896,3.68002155759449,19.6977591995428,2.05469228548193,97.583859,74.7633853499998,43.9832899499999,32.0185955,15.0565425,17.6014439846154,87.6253858354954,16.900287828125,57.0392353631911,-0.0880978005540859,-0.100321649153228,0.302073748788625,"1586032"
"100%2901",-2.00164705612487,252.709466157625,1.9749468174088,6.9263353585318,-0.0838115272380054,-0.0101887761343519,0.087459020938132,36.2507564090909,253.728174129761,1.95850540852573,6.84962148117612,2.18056821669177,92.419134,90.57131985,83.16406055,52.683603,31.724428,35.3866275230769,208.348248212499,34.53991321875,165.003557235951,-0.078679931001297,-0.00512304001690367,0.0948788478654601,"1586037"
"100%2902",-0.153318437809237,125.394489197364,2.83048150842191,12.0522833311878,-0.0313500052765184,0.15824859961394,0.0927951362833397,23.8067206515151,119.141825823133,2.87014853306371,12.310855116503,1.97806140137145,76.242869,67.8900628499999,57.3938339,32.409872,20.7377485,23.0000106769231,78.0232321046244,22.368879625,53.3511288006597,-0.0747218407474061,0.125510814626717,0.0602422385741288,"1586052"
"100%2903",-2.9768683366348,125.394164328339,1.95179367479841,7.62838162336612,-0.0855063372516156,0.232114865289226,-0.0486013507122903,18.7919896212121,122.750508666112,2.00981211042355,7.65262899806619,2.07017007969099,67.410959,54.9255561999999,43.3398535,31.304357,14.439195,18.0440054769231,87.7132795430902,17.572776703125,74.6501233143604,-0.118432199279292,0.204533652601994,-0.0804686684193893,"1586069"
"100%2904",-0.743433759101195,285.912287968027,2.29793243874401,7.54118350531513,-0.0835684384543592,0.249392190527854,0.0647038647811199,45.6846661969697,277.678106390531,2.21827335977795,7.36362182700692,2.05389591034863,98.854321,98.4329364,97.3997074,54.1524005,42.647804,44.8666715076923,237.788466686801,44.033243921875,196.3548113267,-0.115858587605057,0.228571665482253,0.043970280911768,"1586077"
"100%2905",5.48490420174141,764.162179273012,1.06308020056384,2.63055840156481,0.449351400074157,0.297798354480691,0.344239658765896,46.1034663484849,718.926900221568,1.05859581146765,2.63677138696916,2.48774349477049,99.502426,99.47917225,99.27694835,98.349774,34.367022,45.2819438923077,685.44397043491,44.43530784375,649.562513556325,0.412769414864406,0.253814630764747,0.308898365357111,"1586091"
"100%2906",7.25785523447432,549.042886140923,1.30195699738115,3.4496185800858,0.461571937778457,0.329577902401636,0.229480552547169,46.849992469697,557.66588467796,1.35080693446844,3.51228960107138,2.50554328496543,99.753954,99.68315145,99.6032327,98.885819,37.2625105,46.0360853692308,522.524005126358,45.19844565625,485.081823936895,0.470265722648654,0.342701817375588,0.251951382434468,"1586100"
"100%2907",-2.36007760950293,350.433153529318,1.97214797043558,5.78573510172273,0.196142249745178,0.164415310266377,0.0603289858684526,27.4557667727273,341.1754192721,1.93587675147024,5.66269352743408,2.26650347974271,85.640202,83.97169555,79.1760384,61.386309,19.9174265,26.5606216153846,293.539471597161,25.6776115,247.445079689216,0.172976907660422,0.141549541642006,0.0402021930222004,"1586103"
"100%2908",-2.083257974275,260.319493768974,2.88040136491232,11.7915950031292,-0.0395347989851419,-0.0678949751303732,-0.040332297603364,33.875619,249.073393190645,2.90843635386376,11.9035419736684,2.09301732534452,99.221171,97.56854925,94.6806113,43.085329,30.22968,32.8703028153846,186.201689898148,31.873296984375,124.49975054344,-0.0841860177041404,-0.113631131731534,-0.0712128576565547,"1586113"
"100%2909",7.42369061084993,573.572500634234,1.16640066761811,3.00122296473321,0.471514147459412,0.353729862245276,0.19072930918079,45.1897885454545,553.689321120766,1.2017951979546,3.12265470953579,2.48162053388134,99.69002,99.24517885,98.75357125,88.3268755,32.346503,44.3513234461538,515.808052667586,43.497349609375,476.464918086836,0.454603874267085,0.335971326558802,0.172770144748546,"1586124"
"100%2910",3.66881440849224,372.655088141867,1.95264035260811,5.90562823015151,-0.10509868186745,0.0147486572109232,-0.105698908814618,42.6980521666667,367.632675004189,1.95899048350607,5.92454066966048,2.3459781847453,99.568873,99.5499879,98.869898,66.7682925,35.989834,41.8231164615385,322.764738096805,40.921292984375,274.94437417196,-0.11795391558613,0.00491121505132242,-0.11270425963305,"1586126"
"100%2911",-4.07328415716726,258.91662262772,2.53455293761993,9.78902039828545,-0.139830010167297,-0.00701407324160172,-0.137417808145388,33.7268188484849,258.556492035142,2.51008832273448,9.70526705781689,2.13824524699832,98.207982,96.31472375,89.15916905,48.635492,28.843905,32.7348009538462,197.583717003594,31.757293515625,138.562111116226,-0.140072899160183,-0.00286775825553077,-0.134210714807479,"1586144"
"100%2912",2.74909048469001,425.068932017962,1.64470157832377,4.29500522634662,0.0206122528988582,-0.0459251766304347,-0.255778156140092,29.557632030303,422.096353090167,1.65457280502536,4.3215104752806,2.27369724373562,90.074109,87.10984445,76.34174745,71.559532,19.688346,28.6266093076923,371.381124676554,27.737748484375,325.829173139784,0.0151448176923974,-0.0455830347107461,-0.252847011082143,"1586151"
"100%2913",10.2887287234166,692.482500079785,0.926763569916422,2.40576193299666,0.359192300136132,0.294926865111846,0.19945264481494,46.3420275454545,726.049463852321,0.93677900382355,2.40855383702098,2.66092763056671,99.890975,99.8442855,99.1296521,96.0506185,31.8035065,45.5181975846154,692.425532515063,44.66974528125,656.453046240019,0.390723387621672,0.326889793204186,0.238564576671375,"1586161"
"100%2914",6.69498710761009,1057.21098525691,0.108635493984228,1.08718318020598,-0.55375763526569,0.378267601724332,-0.00455045730217022,63.6326818939394,1049.46057996524,0.104264222832087,1.08153257034189,1.68434054792766,99.342299,99.27502855,99.22958815,99.0533045,44.82344,63.0833031692308,1045.6862064606,62.5183734375,1041.28058931997,-0.564017493993223,0.370434294725367,-0.0119947502471961,"1586167"
"100%2915",0.651098704426602,435.521051650177,1.99859529299877,6.03181815186932,0.405494260855137,0.164596455158857,0.133696065010786,38.0870503181818,430.505455204722,2.00149674650368,6.05132542086667,2.20378677580482,99.605651,99.344078,98.88622265,65.206149,30.106395,37.1406103076923,378.00920228597,36.170881859375,322.791333945755,0.400788772662339,0.159692536532811,0.132328187016631,"1586215"
"100%2916",1.71769566710686,100.723130040779,1.77740898145941,6.32499713759211,-0.0648416633685842,0.0400143655652861,0.232453233024322,21.8833630909091,101.947809607249,1.75339700070599,6.29567422789741,2.11526719072489,60.933889,55.6270251,49.09002185,34.6247745,19.815223,21.2825857692308,79.694633691324,20.790603,65.2068044034524,-0.053016190478051,0.0526275517627715,0.244509214285789,"1586218"
"100%2917",1.18505845275826,221.684020090539,1.96965512702043,6.19942040077225,-0.215165105100792,0.0242765410871848,-0.000906874629451201,26.505630530303,219.274550704703,1.98829863945355,6.30410793403009,2.23051080150212,78.811216,76.0533271,69.18385155,47.139209,20.9905355,25.7009292153846,179.910087719655,24.937376390625,144.82534328738,-0.225653791205361,0.0160771038074947,-0.00278225864744904,"1586229"
"100%2918",-1.71190191370415,577.013950880205,1.21211072084443,3.05711757585385,0.00446046013076604,-0.0128922138997122,-0.00320380559457341,44.497358030303,572.746496487854,1.21288779592569,3.06267320507457,2.6521461740534,98.862426,98.5804105,96.82649025,92.450509,32.2219965,43.6609723692308,535.388276762085,42.805228875,496.154418271803,-0.00241136214364551,-0.0181456194339218,-0.00610245785863341,"1586231"
"100%2919",-3.59542744241368,226.787548222984,2.48247835409707,9.39624575839624,-0.113507059169874,-0.0283477700524683,0.0405523651586825,35.6021849393939,224.419393398544,2.49293194838031,9.43127072060546,2.09781223621855,94.429027,89.6101051,86.29978285,47.2216285,30.367983,34.6971566,173.812963973823,33.87968559375,133.091966542054,-0.123829370003608,-0.0356390332555524,0.037101708162357,"1586254"
"100%2920",-5.303435930053,171.490971567348,2.25271515969823,9.09032345320468,0.00883979493327496,-0.0718196438830628,-0.172946791146807,34.8733904393939,168.055230908001,2.23797913453011,8.9920559614351,2.23278411562027,92.136643,79.6362381999999,72.08446525,48.6600075,31.381185,33.9924173230769,119.417196308454,33.384404296875,97.2539003987445,-0.0104854001837637,-0.0873648953874299,-0.185933662102048,"1586256"
"100%2921",1.67400258806543,199.088616882659,2.06013061026208,7.78363542980797,0.122857312148439,0.259523453449651,-0.0191608210929765,20.8697001212121,192.230748018956,2.05905635117689,7.77392583048321,2.2211995563974,80.022379,70.5201914999999,56.0197855,36.867025,15.5787375,19.9596589076923,140.52859346222,19.249596875,109.952126867443,0.091061639454122,0.238118572706454,-0.044245910828166,"1586258"
"100%2922",2.52504540201602,553.062316103168,0.703564795070501,2.26080371026244,0.0307786080490466,0.110914402533234,-0.0191893687565822,54.8777955151515,496.309672018907,0.89334492196729,2.23080650990398,2.54738403876597,99.502303,99.43269905,98.2952321,93.095198,42.759794,54.1912646307692,472.837778190675,53.484952828125,447.798904908859,-0.0477551647094307,0.0776374881464466,-0.0472172660302402,"1586267"
"100%2923",-3.91374353265367,253.968595616996,2.78427785621039,11.1638970889924,0.00240470349591986,-0.0930274909484278,0.0767683985826617,35.4129560606061,248.024434380985,2.7980741603903,11.2217034217757,2.27708614528832,99.252458,99.09137175,93.71436135,48.840971,31.0120625,34.4308098769231,188.175860585803,33.421843890625,124.945304909536,-0.0220437221096734,-0.118609122483781,0.0584514929688507,"1586291"
"100%2924",6.64486297542831,566.648885391203,1.1284419743509,2.82601927860255,0.0769258565794365,0.019505229627392,-0.0504874771891211,36.1223073787879,571.539216032824,1.11115633127845,2.77008475847091,2.65474643026652,96.161896,93.1014542,88.41469915,76.9163915,22.9996785,35.1986214,524.021205079698,34.319638546875,481.989330763364,0.0878908797927403,0.028891088355776,-0.0391238718268823,"1586297"
"100%2925",3.22732581499481,605.091920393624,1.53604695430064,4.00327427565802,0.287083464221215,0.178222598935736,0.0753849623597703,39.9778936666667,588.454925389753,1.53052082441335,3.96387143157867,2.20251851834177,99.696986,99.69155525,99.56520415,87.9184195,29.1629955,39.0591384,541.796736246226,38.111802578125,491.928374888581,0.267340026206073,0.159826933695374,0.0630040216328949,"1586301"
"100%2926",-2.47022318280025,529.72703715044,0.957535357977732,2.64637139950154,0.457304277948846,0.496478708262874,0.174985915007144,42.9979496515151,485.550743514261,0.963308477700269,2.36582934848472,2.62508715860326,92.767948,90.7901306,87.54520695,78.285533,31.4051565,42.2322573692308,454.32596665705,41.490180890625,425.630772379571,0.476718885242229,0.495125394884865,0.163088707503166,"1586307"
"100%2927",-0.304604740768105,350.766118308025,2.19239312778836,6.92020321289687,0.439129251697314,0.469479694404878,0.378794395443037,25.9505496666667,347.472939426345,2.19228678661871,6.89895711944314,2.25162028383169,89.987762,89.10888205,79.03770635,47.9572925,19.166464,24.9653617846154,288.759396201895,23.970513703125,228.939285926619,0.438532641522664,0.471694474769301,0.382117158504276,"1586316"
"100%2928",-2.04594694276489,108.547703780368,3.9933832717722,19.0618435626063,-0.0312587301844663,-0.00962972970671335,-0.0337589229730699,11.9902729848485,104.812555186624,4.05073004667465,19.3787840458086,1.27778735230084,68.136409,56.6736141499999,48.71421425,12.779942,9.3080335,11.1264862769231,57.1806425676,10.5112541875,33.4709060570862,-0.0682563666844423,-0.0439674621282351,-0.0616125190004945,"1586341"
"100%2929",-6.38330562461656,0.792215141082693,3.0521459573446,11.6293117833051,0.350581878847222,-0.104976594526324,0.000392441286545017,0.82086746969697,0.799342919867401,3.09217743366853,11.8431556029882,0.228631873582861,4.560633,4.42042735,3.82346655,1.539029,0.484032,0.763332615384615,0.593163378840883,0.707370125,0.398864535182141,0.353241874385019,-0.101043396773566,0.00323364012614264,"1586348"
"100%2930",-6.35660620329982,1.67849642907407,3.5793925864991,16.4493070167251,0.146331587037677,0.132042920488183,0.10073594539656,1.08162189393939,1.62003634773937,3.52605478977477,15.8996093610441,0.262712791438547,7.778313,6.38719599999999,4.75500445,1.7256365,0.6248305,0.978595876923077,0.94441221183017,0.905790609375,0.614629198761457,0.112801608695663,0.0961194278176758,0.0687481280847757,"1586351"
"100%2931",-3.36962303453345,319.279935171278,2.9242057739588,12.9710650357297,-0.044126799422428,-0.0144792470288653,-0.010552858155179,18.3398724848485,300.368216060361,2.97831536849848,12.6624148276529,1.76220237925376,98.939185,94.42035185,55.2498682999999,38.942324,11.2542945,17.0998830615385,203.509396723445,15.929769765625,117.693497904473,-0.110497384993168,-0.0728922607285423,-0.063794174806203,"1586378"
"100%2932",-2.41443274633317,113.355660500345,2.28970360681588,9.40007464661117,-0.160889931291648,0.0221485681357637,-0.14161755623186,12.0826223484848,109.592773789514,2.33780925881087,9.53132832398158,1.85780184233685,61.582369,47.5730775999999,38.81624545,25.1618725,7.199409,11.3210877846154,73.0031135933201,10.872517078125,61.0647681263323,-0.192987182969028,4.43901920529539e-05,-0.157275449214132,"1586444"
"100%2933",-1.95875377621362,102.232646455773,3.57977585025749,17.9897298478014,0.0195777294327832,-0.0328377925815303,0.0196097206903956,6.57916022727273,101.84596660112,3.60016971349228,18.1075286049856,1.23719981100808,57.521768,56.03394595,16.7236337999999,12.8497025,1.4261305,5.7954278,62.8732174668722,5.0229686875,25.0705612583134,0.015818924900308,-0.0361814948623286,0.0214455409858174,"1586450"
"100%2934",-5.52701158022851,95.1642904681821,2.40562919110931,8.158013116606,-0.0805129407218852,-0.210271360509731,-0.179806211261186,5.58047724242424,94.782762704804,2.40668033037075,8.1620986795051,1.13143040598282,44.184534,42.3415903,29.6117219,19.54916,1.053219,4.98656867692308,72.9609516985156,4.418402,53.1180973390272,-0.081914728853827,-0.208998641632467,-0.17727379451259,"1586476"
"100%2935",-4.19189366704523,120.042431834462,4.30695699680353,19.7900691229563,-0.0441978355294722,-0.0528010412867614,-0.0360394483669076,4.2951778030303,118.855529758924,4.31433701972917,19.8424438887624,0.62631898883708,56.858425,54.4935599,51.9609707,3.7950345,1.377391,3.48651246153846,77.5240604916125,2.709424046875,39.4840576635228,-0.0522129164319078,-0.0607245534124589,-0.0394720609517666,"1586484"
"100%2936",3.44299752006409,267.142962826504,2.71549690428594,8.86123045753169,0.457099565829015,0.23226174800309,0.227617905535846,14.4236641515152,272.625366149511,2.72784657700103,8.84068174068417,1.33445048289749,73.090752,70.45965795,65.9273102,21.911137,8.5865695,13.5210935692308,223.05378125547,12.653565109375,177.619630724705,0.46976488998245,0.252848366942725,0.245956534153039,"1586520"
"100%2937",-2.43072148623159,105.471218782761,3.62031356458394,20.6287398713448,0.269015147052117,0.142674314014194,0.11140324766018,20.0286543030303,90.8777395649267,4.33233249140626,25.155363148187,1.49180041572013,79.913313,56.9524575499998,43.37776215,21.8063185,17.8173325,19.1073518615385,36.2551781810337,18.709202359375,26.5176686453666,0.162098744324668,0.0282720326545897,0.00432279030758954,"1586551"
"100%2938",1.982214376404,137.178304408672,2.73870199185212,16.4785773691101,0.409597876563936,0.396472964804124,0.390873945454897,34.3471541515152,102.127071485038,3.77396223345293,24.5148206036853,2.11937796031964,98.183941,66.5839270999997,47.93085945,41.9726725,32.754708,33.3650497384615,40.0393380429936,33.11187028125,36.49846325891,0.223733099088068,0.22728593815981,0.228663478621583,"1586558"
"100%2939",0.548530763064132,141.875718288526,2.60505909257941,9.86050628895168,0.202258975996333,0.102915102787458,0.21342099026953,20.6053835454545,132.936487614455,2.77683256504242,10.6022029131848,1.67574958153501,70.635714,68.1128664,48.0857414999999,35.961617,16.8640135,19.8356861538462,95.8810154201671,19.10258109375,62.4453593920991,0.143758253321617,0.0411171757767592,0.169264621877226,"1586568"
"100%2940",-1.25260698680295,11.0170953671128,1.47127383117566,6.31291435695108,0.390682062614534,0.151737433871569,0.107927073210314,7.98455692424243,8.69401298681031,2.53722374298258,11.2676755517212,1.11430854379702,21.493455,20.05437515,16.67024735,10.2050215,7.4185975,7.77672772307692,5.97703056019328,7.596997125,3.97072095016555,0.242975507207643,-0.0481004139681698,-0.0788028379753091,"1586576"
"100%2941",-1.78294295823583,265.58114308175,2.17576267631858,8.9805186483294,-0.0959796854459505,-0.153464714130003,0.0245109189249348,21.664592530303,259.830126516083,2.24851583757769,9.22834193580535,1.98187604947673,98.573326,71.3316758499998,55.23758485,44.3285435,13.549853,20.4813812461538,171.428242843964,19.91604196875,153.332256730993,-0.118015646129889,-0.173091673009422,0.0155430334485602,"1586606"
"100%2942",0.302496276521754,130.832335393477,2.89842868640007,12.5485437681027,-0.0615018209370277,-0.110918280492967,-0.125641051569559,28.7782767424242,130.054671265975,2.89163200852645,12.5008305638434,1.82202557541178,84.417925,75.9629934499999,56.2496660999999,39.909693,25.2620865,27.9222821538462,83.6955478078267,27.24278128125,54.9913974114933,-0.0631574234969772,-0.11308802853071,-0.128103232600787,"1586607"
"100%2943",2.8048655467135,258.250923375136,1.78361044822079,6.9779328286595,0.155683014817129,-0.0751619019534835,0.139228130337913,34.0809471060606,258.35564721291,1.76650413376333,6.92567030343241,2.01859462184498,91.455785,87.3575454,81.61912945,49.421,31.154872,33.1982572923077,210.907023195716,32.386498796875,171.370574864185,0.154580274041757,-0.072215200302586,0.144859401449306,"1586618"
"100%2944",0.869372389403095,161.427537587746,1.93437334238147,8.35725297961665,0.0414766221954346,-0.160285754557584,-0.166378955185732,33.8955636666667,159.966525631017,2.08258494252313,8.734618435691,2.04828497577042,85.963478,81.43630275,71.12571025,50.7062315,31.2802175,33.0945188307692,120.077142380479,32.377267671875,88.514148109391,0.0356292303231161,-0.165079054283997,-0.173616686184634,"1586639"
"100%2945",-1.4447387453521,283.022133298348,1.91120772850492,6.36943082558715,0.0529406678359348,-0.259751540198979,-0.193643880448565,20.0899425909091,285.613560530723,2.10494451207806,6.80171829237797,1.83143722216725,84.915126,78.3871480499999,66.6435877,49.528495,11.9599165,19.0926320769231,224.362150061854,18.22107815625,178.49340327493,0.0665922712489836,-0.23640575997556,-0.175070139984172,"1586650"
"100%2946",-0.40062894343493,110.089428634968,2.98355971085034,19.6493056994019,0.0224182956612541,0.0036301089644057,0.0597737792091391,21.2853622878788,109.269538248703,2.92776901267888,19.315150735897,2.1552073082118,83.127968,53.4511571999997,36.67727375,28.767445,21.613026,20.3339375846154,51.2068163132434,20.066165734375,47.3463081723625,0.0194604947960671,0.00150446650634801,0.0619216773767956,"1586679"
"100%2947",1.54155149079992,283.958845376994,2.31909899070003,8.44378479599056,-0.146191456337683,-0.136057106234902,-0.167311279381283,35.7041023333333,281.333608162859,2.33028903833163,8.46088972602235,1.94119921562752,98.956451,97.1865712,87.96439895,49.9907205,31.8043695,34.7309892769231,223.163182162507,33.770011625,166.624033796583,-0.154993954892769,-0.143530463741614,-0.172555657466996,"1586688"
"100%2948",0.120512842623663,85.4657242335149,2.09103570743174,9.84607486714811,0.134230403459689,-0.225559182995433,-0.0900630453478613,59.6273138787879,84.7434316742076,2.67496018233436,10.2817344456738,1.86860459732345,99.003248,94.8251741,90.6747371,65.3155045,57.018331,59.0215302769231,61.8269078058604,58.49725040625,44.9264433587834,0.198033262688773,-0.131393115189828,-0.0226076298776033,"1586771"
"100%2949",1.58217961441551,241.938017113927,2.5569098969602,9.00430014964988,-0.0103397485698678,0.0551334436899455,-0.123999032198128,15.1333655,239.452321384145,2.56427694053699,9.02821245307306,1.9755044405703,78.266142,71.6375895499999,64.59072585,31.959892,10.4674455,14.1620920153846,180.873639245077,13.3198064375,137.585865201974,-0.0215564391351702,0.0489852623650813,-0.130441948469488,"1586779"
"100%2950",1.04228734389802,312.312274301421,3.08685924565708,12.1763665332926,-0.0530991708326102,-0.00688931921607105,-0.0875071545524137,15.7001236969697,310.652742633652,3.07091417419243,12.0857786671222,1.98647202050557,94.244359,87.0524476499999,71.67927405,26.637859,10.974632,14.4917508461538,219.061129122385,13.418498828125,147.612416141727,-0.0584071024766245,-0.0120827338843434,-0.0869413621282721,"1587215"
"100%2951",0.38667614479346,55.3959295353444,2.83370092769803,11.8021744067944,0.173548396879948,-0.119644760797092,-0.136138523778495,53.3399676666667,55.1925907259634,2.91078280623857,12.1926083377732,1.50830703143992,89.902972,80.8817019499999,75.98740885,61.607418,50.6712195,52.7774599076923,35.1583188985434,52.414231234375,27.1318881385428,0.171056543879162,-0.118802604705026,-0.127294064998246,"1587411"
"100%2952",-0.116805139982965,60.4075483679958,1.39499932265775,3.89858370206442,0.503698121782247,0.455790442102941,0.308297572702687,59.9910429545455,63.126241229123,1.40463018758961,3.89678061150673,1.87580493925489,80.883485,80.6462896,78.912442,75.2133985,57.2530905,59.6696207692308,57.2788075710866,59.343855953125,51.2758124375772,0.521945083667039,0.473398702794777,0.327145288676996,"1587421"
"100%2953",4.5575266898415,291.186984845161,-0.44962331465815,1.86432825258252,0.237691603356735,0.0916263670604905,0.114650199837447,77.4137116212121,300.830923577977,-0.433395641827188,1.84010817705418,2.66101626727285,99.100287,98.96413345,98.7002785,98.3776975,79.946872,77.080072,298.112275441414,76.7392790625,295.221191038944,0.268007895789478,0.124874284508692,0.147960952549822,"1588132"
"100%2954",4.95723226179539,254.283351512461,-0.581766759208088,1.90415483470099,0.332941360385316,0.180768087870352,0.340120742967749,82.1111153939394,235.793728486599,-0.637517470178321,1.98832892721591,2.35447239243367,99.006888,98.7690361,98.28351595,96.7351485,86.8553845,81.8511804307692,234.961956094304,81.58884009375,234.159777250499,0.279038868489199,0.123808878838191,0.306859093275123,"1588429"
"100%2955",2.8795001193545,207.841797087037,3.01651542583832,13.8502939992916,-0.166146148059975,-0.0226126786144315,-0.139001331240094,18.0190199545455,208.687907225972,3.02391128587254,13.9031299777036,2.10502661913768,88.881855,82.3423954499999,46.6147514999999,30.8338345,12.651783,16.9288224923077,133.455476973866,15.96175490625,74.7514372613587,-0.162453035853087,-0.0190775455553707,-0.130924615005474,"1588455"
"100%2956",0.674599129047594,80.5193067217331,1.01002885942749,2.99380547563422,0.022142898522109,0.0135183408545721,-0.0119836994952271,15.4189338181818,79.648011747958,0.995806806705276,2.97107994622885,1.99647817085398,39.974028,39.92962,35.93686355,27.290455,11.885594,15.0411631384615,71.4544604687324,14.652654625,62.7599101864702,0.012280816802371,0.0063651308958616,-0.012840188290571,"1588458"
"100%2957",2.0946607172891,105.591709730077,2.07348825728817,8.64316163902441,-0.0653920293012246,-0.121371485967447,-0.119451955100215,16.0327780909091,105.602723824806,2.09953049956486,8.71221521608481,2.12887549096367,62.886667,51.8422296999999,42.00864865,27.993281,13.5593845,15.3119490307692,72.9341418742385,14.83408534375,59.2307471218686,-0.0665139967724441,-0.120998783136671,-0.117619657435339,"1588459"
"100%2958",7.41653710354269,40.7790334914401,-0.778965252447488,3.8893453047506,0.565113239896064,0.454320845747779,0.312251999535212,64.1825558030303,24.0143345763978,-0.879195465897109,3.72384105261826,1.77800654206762,73.217024,72.26231635,71.15109485,69.1493115,65.2953055,64.0435639846154,23.1087499888783,63.923178375,22.5277990322941,0.289462906380563,0.168313191189892,-5.39920047952481e-05,"1588462"
"100%2959",-1.80429197887066,719.44640071349,1.25459349799927,3.04992365204764,0.272713183275719,0.117504172150184,-0.0640306851777105,41.6157557727273,714.865098949312,1.2498983539584,3.02872681628047,2.65429090966716,99.818376,99.68217825,98.9269785,94.5210075,30.006507,40.7203308461538,672.945160806016,39.800197875,628.428024444324,0.268218327551847,0.115803465252582,-0.0656258400843757,"1588580"
"100%2960",14.6436743226997,746.374158966693,0.663588446450533,2.14502762326254,0.565462392184489,0.496862217827399,0.389571226865113,40.9549731060606,814.71639676211,0.457841289154358,1.81297162341724,2.47081159624947,98.450446,98.0074398,97.6897269,75.592826,36.5483895,40.0704273692308,775.610698577941,39.168888765625,734.899445246778,0.619774494943149,0.583730957278279,0.50573670192548,"1588708"
"100%2961",3.04166780227317,111.764983699078,1.87221679258711,7.02987673820268,-0.0783649879589495,-0.191323096513036,0.110784706273097,17.1749016515152,112.765873680602,1.92524601179915,7.25942292728838,2.00121980082298,57.909481,56.5703926,47.6724708,28.650134,12.7873215,16.5482158153846,88.5802142200505,15.934135671875,65.4531425948075,-0.0672895715791361,-0.180652090288537,0.121036535809489,"1588901"
"100%2962",0.195646324943215,187.595867626806,2.51708410815257,10.4133650494217,-0.110015839111251,-0.0250906914000629,-0.0580098889661335,19.0539343181818,186.007327978405,2.50530643933774,10.3451036878075,2.10151863499343,76.924632,76.8883035,44.6003798499999,36.228238,14.3303055,18.1636158923077,136.552963814308,17.246348296875,83.9969141679001,-0.113707756645442,-0.0246901644449687,-0.0584897462397533,"1589302"
"100%2963",2.83482850301974,134.570482085042,2.68116670848647,11.5792755191713,0.0644294171670222,-0.0505451004231476,-0.177248987394261,15.9099433939394,131.808567226034,2.65449745457776,11.2857266592366,2.06580087899829,70.762167,59.7035609999999,51.41268605,27.92759,12.5389685,15.0660630307692,86.8355428924859,14.46164328125,64.4463380656032,0.0457110987808039,-0.0710606773539063,-0.196953221888214,"1589326"
"100%2964",-0.724044558880496,250.729539379372,2.55905255483189,10.6792454207432,-0.0309387086417377,-0.175041899713357,-0.0865461744756496,28.2571899242424,250.958733355089,2.55906536047912,10.7484727597502,1.6173430843173,99.677665,91.7158175999999,73.19014215,48.557606,26.7781745,27.1584133846154,175.137184598872,26.216690640625,120.228990882559,-0.0292608980867462,-0.168737676933861,-0.0779146369070226,"1589540"
"100%2965",-4.15208046405367,213.047414618258,4.15327257598556,24.2804838558478,-0.111113485889619,-0.137741952055544,-0.135311682847919,6.63313954545455,212.621280465416,4.13547887602072,24.0970301906384,1.11425430262064,97.992519,56.9396044999996,31.3711635,26.769412,1.124749,5.22761063076923,85.5086161068731,4.76500784375,72.9346012272756,-0.114015087466674,-0.136584932032817,-0.134137410592387,"1590748"
"100%2966",-0.788459282305917,241.767540220422,3.77060435831212,16.9085505966864,-0.0750892203560986,-0.0118545018643521,-0.0940862584068131,14.0202539393939,240.493266683028,3.76676811988353,16.8769157600721,1.77791903510384,88.678146,81.8712608499999,77.55952575,18.515496,9.6248585,12.8716709846154,157.123138029019,11.850821859375,91.8395461879584,-0.080496257980209,-0.0158230745551561,-0.0961435634486021,"1591025"
"100%2967",-1.98088679548536,197.277241405152,4.94942306378458,26.4598793471986,-0.0377106305857373,-0.0302371033136546,-0.0442147881554292,7.55638012121212,197.284880883865,4.94694558374572,26.4361851080126,0.417586399612329,87.186874,82.195264,40.3678786999999,5.811882,4.7841905,6.3312956,101.265115345969,5.1879178125,17.8720530516044,-0.0371744531135162,-0.03029361278268,-0.0436009495191633,"1591498"
"100%2968",-5.06100228787879,0.0431784886743565,2.15555869212795,10.3295138736632,0.412070150225023,0.185063346663695,0.0204368630776604,1.18899771212121,0.0431784886743565,2.15555869212796,10.3295138736633,0,2.221596,1.83160835,1.6053472,1.4262185,1.131471,1.17311158461538,0.0271864160048275,1.16610371875,0.0244190417957334,0.412070150225024,0.185063346663695,0.0204368630776609,"1592202"
"100%2969",1.90268041445248,6.02931552433854,1.11872757062112,4.01109643555638,0.0908351839783684,-0.0681506507835432,-0.192803088710548,85.6000550909091,5.98148050190311,1.12239881773853,4.03055820223998,1.18396377272449,93.747636,92.85504625,91.22248045,88.8535945,84.9438715,85.4747076923077,5.03651323667036,85.366899671875,4.35974175346831,0.0924187733324809,-0.0637200626076468,-0.187876713627971,"1592209"
"100%2970",1.52881778731534,5.84963999479232,0.674115919922518,2.85759421666367,0.305655178580692,0.273825105610971,0.130663710401425,85.9894907575758,5.6071310927276,0.688758105904499,2.95713235316482,1.18627744604696,93.133174,91.6209009,90.6739363,89.563008,85.8221645,85.8795879384615,4.89620509114965,85.802603375,4.58747779996023,0.281301034352054,0.264289910557849,0.124200267310345,"1592210"
"100%2971",-1.76916272020319,87.8978954492692,2.77695614589298,11.0995080998994,0.0412865759602549,0.0719145152780247,-0.00524333300975252,9.78463792424242,85.8478400706079,2.80956926804317,11.3528207444312,1.32620533301526,51.554553,49.2618418,28.4385453499999,22.732008,6.050245,9.14202384615385,59.9136877500904,8.534441328125,36.8546655672578,0.0202889755780652,0.052206450260809,-0.0234085816351777,"1592241"
"100%2972",0.060361473975666,168.276347534052,2.29548492833905,8.11293987085997,0.0285885759549675,0.034717576807564,0.233806120392485,12.0251942878788,168.029402949462,2.27442941313337,7.95739168229746,1.42878962014745,64.599023,60.4847661,46.70706955,28.4768155,5.917308,11.2163661538462,127.437075960567,10.481162546875,94.29419793173,0.0300618924333974,0.0365497965481319,0.233711074011195,"1592244"
"100%2973",-0.812249785070342,138.584973106259,2.7188113396547,11.1469408728988,0.303625182697734,0.0827537307436091,0.0733279190355183,11.2651629242424,136.496610247022,2.73745897249306,11.2605033341713,1.33477139827332,66.523965,57.9393590999999,44.22473205,23.2746995,5.8559445,10.4150275076923,90.8963631497688,9.744686078125,63.1083727313517,0.291157124131216,0.0702497286223468,0.0679929443303509,"1592263"
"100%2974",-3.34125424542637,104.047549082511,2.52251676679617,8.38309201353726,0.0125650468673347,-0.132277249886149,-0.0107717869879282,7.43571210606061,102.672807956323,2.51988696858696,8.36455048818627,1.06177051064139,50.414225,41.8957832499999,33.57058215,26.185312,3.629925,6.77450421538461,75.3974618875046,6.2974038125,61.7799355913738,0.0019943559350617,-0.141741770811248,-0.0167751424317039,"1592264"
"100%2975",-3.49527909910552,126.982732552674,2.50804671027868,10.2865372333838,0.0918041495729223,0.204415236319326,0.15737645740972,8.98590256060606,128.465205678028,2.47718096860428,10.0502500148467,1.34348049880087,64.034792,46.3068824499998,34.06287315,24.5976025,3.7279735,8.13899656923077,83.1031094146836,7.6917764375,71.4012154946444,0.100852059073869,0.209136209320935,0.169087795119548,"1592265"
"100%2976",0.685235793545064,7.37433245809243,4.04319531834323,20.7504072526244,0.114214183663648,-0.104833864543863,-0.0621061024958114,10.1681437121212,7.22091924094472,4.19643622728966,22.0984063715034,1.00673398180795,26.204091,21.65622625,16.49005205,10.402749,9.4548835,9.92143683076923,3.31496747596626,9.77634403125,1.99838901207694,0.0991267327918766,-0.103205017706934,-0.0572978260307606,"1592280"
"100%2977",-5.00449679721092,102.202758191782,4.44952626270286,22.081047904934,-0.0514799702869193,0.000428613459264279,-0.068370511516386,3.96062654545455,101.886398443876,4.44821325120229,22.0518977483921,0.775740244508104,59.406444,53.3144178,37.35467875,4.8694215,0.885471,3.10761396923077,55.4302714539273,2.3743876875,21.3510187310475,-0.0497348465921265,0.00191816256637638,-0.0633086736717737,"1592332"
"100%2978",-7.19124504830701,141.86044179914,2.85861668145384,10.9363801564797,0.0629741635609079,0.121321390738501,0.321515682455633,9.45341186363636,129.253955070827,3.33892461495291,13.4265202501605,0.973947429831789,62.998833,55.9046705999999,47.1042309,16.676105,5.5698865,8.62963615384615,86.4544537338675,7.950650203125,57.8388796904731,-0.020959984252241,0.0455064272682614,0.26997117411253,"1592370"
"100%2979",-5.78762163547499,30.3405480476105,5.98851894039143,39.6843157490325,-0.0455154594158064,-0.0283864757100735,-0.0397790034779233,3.00669987878788,30.328472178209,5.97150450282914,39.4542429525178,0.234844321379962,41.695937,29.3984901499999,10.1303329,2.6850835,1.8845585,2.41148084615385,7.41220806842733,2.093272921875,0.946365419696134,-0.0448023309358149,-0.028691378047641,-0.0409513428968557,"1592371"
"100%2980",2.36505418691564,288.421118963352,2.13191403573175,8.7513702921615,-0.127363482352643,0.0303616758426766,-0.0383267171254676,36.2357556818182,284.411615926446,2.12090341579871,8.6945808661616,1.86642947674358,98.859458,98.2931676,88.2178093,48.544931,33.0074595,35.2723141076923,227.524681242618,34.292377734375,168.661860163265,-0.140208676952806,0.0214865476696076,-0.0500784410930469,"1592379"
"100%2981",0.884919053369254,184.452006880338,2.07148102456566,9.09824101384453,-0.0163955074965325,0.135216071658362,-0.0444511407356803,34.6113466060606,183.507757764681,2.08095636140637,9.19120544777751,2.10678980662221,93.163851,83.4603571999999,72.49297295,47.0954915,33.6689165,33.7105388461539,132.77494909764,33.01483790625,103.38957082139,-0.0194755776124409,0.135866787147456,-0.0410563379593221,"1592381"
"100%2982",-3.79856789486164,298.690080313739,2.31507463256069,9.7799407078894,0.00435026746057069,-0.0788632916288784,-0.133970158297798,17.1633989242424,280.69977691666,2.43916068061944,10.1326381479387,1.97741210453827,98.937222,68.1881009999997,50.30144345,47.216943,9.457686,15.9053401076923,180.559243953705,15.347128515625,163.126470341791,-0.0500825607539981,-0.136221309758298,-0.192083835500377,"1592389"
"100%2983",2.8236233111387,163.410806308389,2.67519873255958,10.4210244714642,-0.0874687512793605,-0.190905538882337,0.240447387027413,38.6956718030303,164.36988679895,2.69354813839964,10.5369280896251,1.70951010758891,89.365968,88.71201925,82.2177478,45.573313,36.1032055,37.9161287846154,126.791291329241,37.12794496875,88.3922129627727,-0.074845037786944,-0.175771780460557,0.249852141376904,"1592425"
"100%2984",-1.60498074456359,301.439674026184,2.42299679496512,9.50752734548779,-0.139905954077758,-0.0929950064554795,-0.0858432272929293,16.5603301212121,289.946606888379,2.50633492086458,9.81275474116847,1.61775951560371,98.152816,70.8339367499998,54.51240095,45.508598,9.5978475,15.3050611076923,190.411104361432,14.667268765625,166.945638213099,-0.179751439488311,-0.127085644453027,-0.115873554867732,"1592439"
"100%2985",-2.42048871585024,160.024914182665,4.67912505450942,29.1405302926225,0.145036715593105,0.0611925332360241,0.0949942837823905,9.80267527272727,149.268488312423,4.96877375649041,30.9705450009333,1.59346181343132,90.701618,63.9518137499998,29.6597403499999,13.200028,6.548541,8.55807615384615,49.3291467906551,7.917607453125,23.4369045300352,0.0826201274807788,0.00817816609679973,0.048819640759849,"1593577"
"100%2986",-3.97558000192323,242.949988281613,2.35238692961254,7.91904048373966,-0.1245507065352,-0.0943007868460571,-0.124560987754494,12.2513602272727,235.794498050502,2.40345565035855,7.91586382346081,1.36092743223271,72.366176,69.01379255,49.2864294499999,37.9382065,5.4369775,11.3265169076923,182.969984771831,10.453358375,136.27251227502,-0.152335724260542,-0.126769600487727,-0.156136885607449,"1593734"
"100%2987",-6.39640340492666,33.2022364469222,0.900299022019634,4.26108770717258,0.631179153692069,0.551728860893007,0.474478193166794,7.06399224242424,13.9245000241474,2.02270514231744,8.18788940459283,1.38650767754538,22.22155,20.58888455,17.3818751,9.6929605,6.6161525,6.83079904615385,10.5497046935129,6.629565328125,8.08236822668769,0.186205269159679,0.0748002001198599,0.0197398575460514,"1593739"
"100%2988",-0.978152060324336,38.2613797694344,0.486836048430152,3.46079741953964,0.209430515186058,0.159996277056303,0.0537727222965497,24.9733296363636,38.6124029193918,0.45947498749704,3.74911782611168,2.01837838000047,46.813734,39.4534778499999,33.9164379,32.3810105,24.9789635,24.6373234153846,31.7550279719667,24.467746234375,30.3820329632828,0.208128742730316,0.157852554049616,0.0515044782229793,"1593750"
"100%2989",-1.98981108008043,11.9328403088281,0.171059316088746,2.67439817322486,0.0589045000663356,-0.169712938993963,0.0483959293509998,81.874759969697,12.2688894712642,0.301808259579631,2.84042582863539,1.59050128407769,91.250058,89.7414171,88.5877902,86.7121815,81.5905845,81.7305246153846,11.0845883463577,81.6180473125,10.4354607010967,0.107078582280154,-0.0993802961498546,0.117565913583315,"1593796"
"100%2990",1.8215783186722,161.790338639178,-0.327562768158312,1.98804149445942,0.125499896748421,0.112899182672134,0.173972663233704,76.8831686363636,173.392073449042,-0.380112925992449,1.94404926240497,2.54255758377446,98.107943,95.6911585,93.9307616,92.959731,78.907236,76.5566336461538,169.02238722093,76.27799021875,166.616621644958,0.161016588703336,0.112066862034313,0.190863379847534,"1593891"
"100%2991",3.12482314073298,348.804550296166,0.660133528778602,1.70939514580963,0.37851850271494,0.0232109421143271,0.15593855777932,68.4240709545454,347.466736585765,0.646237716439539,1.68388795272741,2.11048448921527,97.293349,97.25838745,96.6369827,96.448943,57.936828,67.9799282153846,339.793035685631,67.5227464375,331.516315296286,0.375775958389554,0.0239074841426673,0.1607537102741,"1593900"
"100%2992",-2.46539364325128,18.8968745778346,0.340117706551099,2.60795513417181,0.527194744671972,0.291790185056467,0.248192698257286,82.6340086515151,18.3821499645086,0.49211021734691,2.78121600016834,1.69906458645135,92.718836,92.52767815,91.91162825,89.285267,82.481198,82.4788574615385,17.0762074160768,82.3234529375,15.7732363609976,0.518307605192922,0.280548838572744,0.22853628213784,"1593903"
"100%2993",0.187917256013806,19.1502124456491,0.943902656404322,4.22044724047575,0.0777473012070587,0.146401308799794,0.0635239779203449,84.2915851515152,19.4976049170063,0.893513211084961,4.10340795767935,1.61028658395007,98.392843,96.7031342,94.1866586,90.4666865,83.2916945,84.0746427230769,16.691342930635,83.89153884375,14.7728881733292,0.0981404916059687,0.172768132075279,0.0914156829006811,"1593931"
"100%2994",3.18903597811939,5.35970577657518,-0.805257614064102,2.80210738007852,0.162105679637967,0.0989210687789071,0.1468404527254,96.9207853484848,5.30041973771008,-0.813969843111156,2.81252061518064,0.920190858614581,99.97605,99.74021895,99.59104955,99.420341,97.3338685,96.8737812769231,5.23614539568842,96.83097734375,5.19886868231551,0.152827230816544,0.0887460728132537,0.140067572934031,"1593961"
"100%2995",0.968054724122401,136.220020936012,-0.388313486362649,2.81305253444179,0.0145048417423764,-0.127284863844694,0.168096826855643,75.5674429090909,133.740911974381,-0.271055129105163,2.19426171981926,2.571564350878,94.544349,94.4532398,93.21594,90.0281795,76.1125225,75.2754905076923,130.172874957256,74.97660471875,126.400199664405,0.0129046526787406,-0.181993284314672,0.167521163094104,"1593976"
"100%2996",2.3088369148797,389.413812584639,0.879211184512192,2.06010867296871,0.355289104753781,0.243197703122376,0.0833811660106567,65.9196666363636,390.50239620129,0.880293144395808,2.05606672928487,2.06037750109237,99.308217,99.05498285,98.90280565,98.6338295,55.643253,65.4059966307692,379.095571646892,64.882361796875,367.196366401491,0.356414230306952,0.243069612437095,0.0851877701579906,"1593986"
"100%2997",0.631200155174744,17.4471629121926,0.873198635966874,4.37925058555016,-0.0112188273535692,-0.0843409584862801,0.254373491766515,85.2344511515151,17.7153440981491,0.7620368681704,4.06891803199822,1.69190654326594,99.486749,96.8037297,94.2468981,91.1504985,84.96471,85.0151850307692,14.8147641608456,84.8535625,13.3483250914625,-0.00109920905468563,-0.0714414288460311,0.264270218940176,"1594013"
"100%2998",2.50182906622154,164.28032059859,9.25049073905518e-05,1.65617247985273,0.283450624610957,0.0939435937371135,-0.144666676505276,75.650673969697,161.143906979598,-0.0342814264023116,1.69373217803427,2.59039688571265,98.930474,97.3337997,96.13511385,91.5930675,75.8500395,75.2925232,155.157093736974,74.9615618125,150.461619725579,0.265780507296415,0.115079493952645,-0.114079677032121,"1594054"
"100%2999",0.804260198457635,507.965687135839,0.477048825447654,2.1526454449609,0.324364799597499,-0.0404064290478817,-0.121648061602884,62.5381928787879,594.669349168178,0.391893775952623,1.62196932198828,2.52908352463824,98.185177,98.168745,98.1444557,97.940094,56.566094,61.9897777384615,583.968003420966,61.424619625,572.331263415677,0.459874282327967,0.191829502783364,0.0928188685623615,"1594092"
