"","train_iter","test_iter","predict_iter","expected","Quantile_0.95","Quantile_0.97","Quantile_0.98","Quantile_0.99","Quantile_0.995","Quantile_0.999","Quantile_0.9995","Quantile_0.9999","score_pred_1_0.95","score_pred_1_0.97","score_pred_1_0.98","score_pred_1_0.99","score_pred_1_0.995","score_pred_1_0.999","score_pred_1_0.9995","score_pred_1_0.9999","score_pred_2_0.95","score_pred_2_0.97","score_pred_2_0.98","score_pred_2_0.99","score_pred_2_0.995","score_pred_2_0.999","score_pred_2_0.9995","score_pred_2_0.9999","adjustment_0.95","adjustment_0.97","adjustment_0.98","adjustment_0.99","adjustment_0.995","adjustment_0.999","adjustment_0.9995","adjustment_0.9999","time","actual","residuals"
"1",1,1,1,10.0576873072224,17.7910257089363,18.9003060042861,19.7134615705549,20.9950953873617,22.1680412882714,24.5865254797691,25.5282169139661,27.5427768813539,1,1,1,1,1,1,1,1,0.896551724137931,0.862068965517241,0.862068965517241,0.862068965517241,0.827586206896552,0.827586206896552,0.793103448275862,0.793103448275862,0,0,0,0,0,0,0,0,2001,9.25026968716289,-0.807417620059544
"2",1,1,2,10.1107965176748,17.8441349193887,18.9534152147385,19.7665707810073,21.0482045978141,22.2211504987238,24.6396346902215,25.5813261244185,27.5958860918063,1,1,1,1,1,1,1,1,0.896551724137931,0.862068965517241,0.862068965517241,0.862068965517241,0.827586206896552,0.827586206896552,0.793103448275862,0.793103448275862,0,0,0,0,0,0,0,0,2002,6.49946062567422,-3.61133589200063
"3",1,1,3,10.0013593567426,17.7346977584565,18.8439780538062,19.6571336200751,20.9387674368819,22.1117133377915,24.5301975292892,25.4718889634863,27.4864489308741,0,0,0,0,1,1,1,1,0,0,0,0,1,1,0.958333333333333,0.958333333333333,0,0,0,0,0,0,0,0,2003,23.9212513484358,13.9198919916932
"4",2,2,1,10.6861794288045,18.4372384712346,19.5490606387419,20.3640795190011,21.6486501492793,22.824283809577,25.2483098624558,26.1921591455279,28.2113353978277,1,1,1,1,1,1,1,1,0.896551724137931,0.862068965517241,0.862068965517241,0.862068965517241,0.827586206896552,0.793103448275862,0.793103448275862,0.758620689655172,1,1,1,1,0,0,0,0,2004,7.53775620280475,-3.14842322599979
"5",2,2,2,10.0500895331061,17.8011485755362,18.9129707430435,19.7279896233027,21.0125602535809,22.1881939138786,24.6122199667574,25.5560692498295,27.5752455021294,1,1,1,1,1,1,1,1,0.928571428571429,0.892857142857143,0.892857142857143,0.892857142857143,0.857142857142857,0.857142857142857,0.821428571428571,0.821428571428571,1,1,1,1,0,0,0,0,2005,10.7605177993528,0.710428266246611
"6",2,2,3,10.1752133891324,17.9262724315625,19.0380945990697,19.8531134793289,21.1376841096072,22.3133177699049,24.7373438227836,25.6811931058558,27.7003693581556,1,1,1,1,1,1,1,1,0.928571428571429,0.892857142857143,0.892857142857143,0.892857142857143,0.857142857142857,0.857142857142857,0.821428571428571,0.821428571428571,0,0,0,0,0,0,0,0,2006,10.7874865156419,0.612273126509448
"7",3,3,1,10.1749259977003,17.9266819419715,19.0386040740011,19.8536962330413,21.1383823597482,22.3141217218935,24.738365720244,25.6822998653072,27.7016576628178,1,1,1,1,1,1,1,1,0.928571428571429,0.892857142857143,0.892857142857143,0.892857142857143,0.857142857142857,0.857142857142857,0.821428571428571,0.821428571428571,0,0,0,0,0,0,0,0,2007,10.2885652642934,0.113639266593124
"8",3,3,2,10.1561757828529,17.9079317271241,19.0198538591537,19.8349460181939,21.1196321449008,22.2953715070461,24.7196155053966,25.6635496504598,27.6829074479704,0,0,0,0,0,0,0,0,0,0,0,0,0,0,0,0,0,0,0,0,0,0,0,0,2008,46.8716289104639,36.715453127611
"9",3,3,3,11.5310226174737,19.2827785617449,20.3947006937746,21.2097928528148,22.4944789795216,23.670218341667,26.0944623400174,27.0383964850807,29.0577542825912,1,1,1,1,1,1,1,1,0.892857142857143,0.892857142857143,0.892857142857143,0.857142857142857,0.857142857142857,0.821428571428571,0.821428571428571,0.785714285714286,1,1,1,1,1,1,1,1,2009,9.97842502696872,-1.55259759050503
"10",4,4,1,10.1626498561166,18.0308559560325,19.1594818525087,19.9868186706258,21.2908038955609,22.4842057115688,24.9448677283602,25.9029820512956,27.952675495531,1,1,1,1,1,1,1,1,1,0.961538461538462,0.961538461538462,0.961538461538462,0.923076923076923,0.923076923076923,0.884615384615385,0.884615384615385,1,1,1,1,1,1,1,1,2010,17.9341963322546,7.77154647613796
"11",4,4,2,10.4540988476662,18.3223049475821,19.4509308440582,20.2782676621753,21.5822528871104,22.7756547031183,25.2363167199098,26.1944310428451,28.2441244870806,1,1,1,1,1,1,1,1,0.896551724137931,0.862068965517241,0.862068965517241,0.862068965517241,0.827586206896552,0.793103448275862,0.793103448275862,0.758620689655172,0,0,0,0,0,0,0,0,2011,8.91316073354908,-1.5409381141171
"12",4,4,3,10.1236253301295,17.9918314300454,19.1204573265215,19.9477941446386,21.2517793695737,22.4451811855816,24.9058432023731,25.8639575253084,27.9136509695439,1,1,1,1,1,1,1,1,0.928571428571429,0.892857142857143,0.892857142857143,0.892857142857143,0.857142857142857,0.857142857142857,0.821428571428571,0.821428571428571,0,0,0,0,0,0,0,0,2012,10.1672060409924,0.0435807108629689
"13",5,5,1,10.1727602875029,18.0448522293464,19.1740355161315,20.0017809280316,21.3064101473405,22.5004013443018,24.9622785991682,25.9208661024906,27.9715718212678,1,1,1,1,1,1,1,1,0.896551724137931,0.862068965517241,0.862068965517241,0.862068965517241,0.827586206896552,0.827586206896552,0.793103448275862,0.793103448275862,0,0,0,0,0,0,0,0,2013,8.7378640776699,-1.43489620983302
"14",5,5,2,10.1206957842876,17.9927877261311,19.1219710129162,19.9497164248163,21.2543456441252,22.4483368410865,24.9102140959529,25.8688015992753,27.9195073180525,1,1,1,1,1,1,1,1,0.928571428571429,0.892857142857143,0.892857142857143,0.892857142857143,0.857142857142857,0.857142857142857,0.821428571428571,0.821428571428571,0,0,0,0,0,0,0,0,2014,10.9358144552319,0.815118670944315
"15",5,5,3,10.2007572373451,18.0728491791886,19.2020324659737,20.0297778778738,21.3344070971827,22.528398294144,24.9902755490104,25.9488630523328,27.99956877111,1,1,1,1,1,1,1,1,0.896551724137931,0.862068965517241,0.862068965517241,0.862068965517241,0.827586206896552,0.827586206896552,0.793103448275862,0.793103448275862,0,0,0,0,0,0,0,0,2015,8.67044228694714,-1.53031495039798
"16",6,6,1,10.1182538900765,17.9899804305646,19.1191113036957,19.946818293878,21.251386955804,22.4453227309023,24.9070857120417,25.8656287203079,27.916239250836,1,1,1,1,1,1,1,1,1,0.961538461538462,0.961538461538462,0.961538461538462,0.923076923076923,0.923076923076923,0.884615384615385,0.884615384615385,0,0,0,0,0,0,0,0,2016,17.2330097087379,7.11475581866138
"17",6,6,2,10.4306056248359,18.302332165324,19.431463038455,20.2591700286374,21.5637386905634,22.7576744656617,25.2194374468011,26.1779804550673,28.2285909855953,1,1,1,1,1,1,1,1,0.896551724137931,0.862068965517241,0.862068965517241,0.862068965517241,0.827586206896552,0.793103448275862,0.793103448275862,0.758620689655172,0,0,0,0,0,0,0,0,2017,8.33333333333333,-2.09727229150255
"18",6,6,3,10.1059565776844,17.9776831181725,19.1068139913036,19.9345209814859,21.2390896434119,22.4330254185102,24.8947883996496,25.8533314079158,27.9039419384439,1,1,1,1,1,1,1,1,0.928571428571429,0.892857142857143,0.892857142857143,0.892857142857143,0.857142857142857,0.857142857142857,0.821428571428571,0.821428571428571,0,0,0,0,0,0,0,0,2018,9.93797195253506,-0.167984625149327
"19",7,7,1,10.1662606166609,18.0406882105692,19.1702065263777,19.9981975305924,21.303213833786,22.4975592882973,24.9601669828914,25.9190388994164,27.9703530632019,0,0,0,0,0,0,1,1,0,0,0,0,0,0,1,1,0,0,0,0,0,0,0,0,2019,26.024811218986,15.8585506023251
"20",7,7,2,10.7454497258596,18.6198773197679,19.7493956355764,20.5773866397911,21.8824029429847,23.076748397496,25.5393560920901,26.4982280086152,28.5495421724006,1,1,1,1,1,1,1,1,0.928571428571429,0.892857142857143,0.892857142857143,0.857142857142857,0.857142857142857,0.821428571428571,0.821428571428571,0.785714285714286,1,1,1,1,1,1,0,0,2020,9.53344120819849,-1.21200851766109
"21",7,7,3,10.1516959282485,18.0261235221568,19.1556418379653,19.98363284218,21.2886491453736,22.4829945998849,24.945602294479,25.9044742110041,27.9557883747895,1,1,1,1,1,1,1,1,0.928571428571429,0.892857142857143,0.892857142857143,0.892857142857143,0.857142857142857,0.857142857142857,0.821428571428571,0.821428571428571,1,1,1,1,1,1,0,0,2021,10.4638619201726,0.312165991924113
"22",8,8,1,10.1904082064963,18.0832790409579,19.2154428796008,20.0453731787147,21.3534460506961,22.5505888641594,25.0189644022644,25.98008215891,28.0362008472303,1,1,1,1,1,1,1,1,0.896551724137931,0.862068965517241,0.862068965517241,0.862068965517241,0.827586206896552,0.793103448275862,0.793103448275862,0.793103448275862,0,0,0,0,0,0,0,0,2022,8.05016181229773,-2.14024639419855
"23",8,8,2,10.103343873037,17.9962147074986,19.1283785461415,19.9583088452554,21.2663817172369,22.4635245307001,24.9319000688051,25.8930178254507,27.949136513771,0,1,1,1,1,1,1,1,0,1,1,1,0.96,0.96,0.92,0.92,0,0,0,0,0,0,0,0,2023,18.9590075512406,8.85566367820356
"24",8,8,3,10.496835748839,18.3897065833006,19.5218704219436,20.3518007210574,21.6598735930389,22.8570164065021,25.3253919446071,26.2865097012527,28.342628389573,1,1,1,1,1,1,1,1,0.896551724137931,0.862068965517241,0.862068965517241,0.862068965517241,0.827586206896552,0.793103448275862,0.793103448275862,0.758620689655172,1,0,0,0,0,0,0,0,2024,6.43203883495146,-4.06479691388757
"25",9,9,1,10.0543981442359,17.9549484753352,19.0882138711396,19.9189516643929,21.2282972470816,22.4266048400533,24.8973820241555,25.859434915904,27.9175541382359,1,1,1,1,1,1,1,1,0.896551724137931,0.862068965517241,0.862068965517241,0.862068965517241,0.827586206896552,0.827586206896552,0.793103448275862,0.793103448275862,1,0,0,0,0,0,0,0,2025,8.07713052858684,-1.97726761564909
"26",9,9,2,10.1117092840499,18.0122596151492,19.1455250109536,19.9762628042068,21.2856083868955,22.4839159798673,24.9546931639694,25.9167460557179,27.9748652780499,1,1,1,1,1,1,1,1,0.896551724137931,0.862068965517241,0.862068965517241,0.862068965517241,0.827586206896552,0.827586206896552,0.793103448275862,0.793103448275862,0,0,0,0,0,0,0,0,2026,7.42988133764833,-2.68182794640153
"27",9,9,3,10.0891606388772,17.9897109699765,19.1229763657809,19.9537141590341,21.2630597417228,22.4613673346946,24.9321445187967,25.8941974105452,27.9523166328772,1,1,1,1,1,1,1,1,0.896551724137931,0.862068965517241,0.862068965517241,0.862068965517241,0.827586206896552,0.827586206896552,0.793103448275862,0.793103448275862,0,0,0,0,0,0,0,0,2027,8.03667745415318,-2.05248318472398
"28",10,10,1,10.1017347087735,17.9942145141209,19.1263222630301,19.9562114456838,21.2642195130349,22.461303017572,24.9295562672574,25.8906264081453,27.9466432321014,1,1,1,1,1,1,1,1,0.896551724137931,0.862068965517241,0.862068965517241,0.862068965517241,0.827586206896552,0.827586206896552,0.793103448275862,0.793103448275862,0,0,0,0,0,0,0,0,2028,8.49514563106796,-1.60658907770556
"29",10,10,2,10.1179147205459,18.0103945258932,19.1425022748025,19.9723914574561,21.2803995248073,22.4774830293443,24.9457362790297,25.9068064199176,27.9628232438737,1,1,1,1,1,1,1,1,0.962962962962963,0.925925925925926,0.925925925925926,0.925925925925926,0.888888888888889,0.888888888888889,0.851851851851852,0.851851851851852,0,0,0,0,0,0,0,0,2029,14.4822006472492,4.36428592670333
"30",10,10,3,10.3292066389847,18.2216864443321,19.3537941932413,20.183683375895,21.4916914432461,22.6887749477832,25.1570281974686,26.1180983383565,28.1741151623126,1,1,1,1,1,1,1,1,0.896551724137931,0.862068965517241,0.862068965517241,0.862068965517241,0.827586206896552,0.793103448275862,0.793103448275862,0.758620689655172,0,0,0,0,0,0,0,0,2030,8.13106796116505,-2.19813867781966
"31",11,11,1,10.106732403481,17.9998877982739,19.1320924546274,19.9620526750773,21.2701727067878,22.4673586806376,24.9358232106665,25.8969756183273,27.9531684355454,1,1,1,1,1,1,1,1,0.896551724137931,0.862068965517241,0.862068965517241,0.862068965517241,0.827586206896552,0.827586206896552,0.793103448275862,0.793103448275862,0,0,0,0,0,0,0,0,2031,7.861380798274,-2.24535160520695
"32",11,11,2,10.0971955666737,17.9903509614666,19.1225556178201,19.9525158382701,21.2606358699805,22.4578218438303,24.9262863738592,25.88743878152,27.9436315987381,1,1,1,1,1,1,1,1,0.928571428571429,0.892857142857143,0.892857142857143,0.892857142857143,0.857142857142857,0.857142857142857,0.821428571428571,0.821428571428571,0,0,0,0,0,0,0,0,2032,9.93797195253506,-0.159223614138607
"33",11,11,3,10.1706292100898,18.0637846048827,19.1959892612362,20.0259494816862,21.3340695133966,22.5312554872464,24.9997200172753,25.9608724249361,28.0170652421542,1,1,1,1,1,1,1,1,0.896551724137931,0.862068965517241,0.862068965517241,0.862068965517241,0.827586206896552,0.827586206896552,0.793103448275862,0.793103448275862,0,0,0,0,0,0,0,0,2033,8.75134843581445,-1.41928077427531
"34",12,12,1,10.1255136037488,18.017338708883,19.1493525467272,19.9791728880739,21.2870724530048,22.4840566565814,24.9521051587136,25.9130955765181,27.9689418489256,1,1,1,1,1,1,1,1,1,0.961538461538462,0.961538461538462,0.961538461538462,0.923076923076923,0.923076923076923,0.884615384615385,0.884615384615385,0,0,0,0,0,0,0,0,2034,15.722761596548,5.59724799279924
"35",12,12,2,10.3735638099227,18.2653889150569,19.3974027529011,20.2272230942479,21.5351226591788,22.7321068627553,25.2001553648876,26.161145782692,28.2169920550995,1,1,1,1,1,1,1,1,0.928571428571429,0.892857142857143,0.892857142857143,0.892857142857143,0.857142857142857,0.821428571428571,0.821428571428571,0.785714285714286,0,0,0,0,0,0,0,0,2035,9.57389428263215,-0.799669527290551
"36",12,12,3,10.1547806493515,18.0466057544857,19.1786195923299,20.0084399336767,21.3163394986076,22.5133237021841,24.9813722043164,25.9423626221208,27.9982088945283,1,1,1,1,1,1,1,1,1,0.961538461538462,0.961538461538462,0.961538461538462,0.923076923076923,0.923076923076923,0.884615384615385,0.884615384615385,0,0,0,0,0,0,0,0,2036,18.2038834951456,8.04910284579414
"37",13,13,1,10.4638252539833,18.3638682519606,19.4970608752305,20.3277453227318,21.6370068259129,22.8352374696713,25.305855993041,26.2678471066504,28.3258341670434,1,1,1,1,1,1,1,1,0.896551724137931,0.862068965517241,0.862068965517241,0.862068965517241,0.827586206896552,0.793103448275862,0.793103448275862,0.758620689655172,0,0,0,0,0,0,0,0,2037,7.82092772384035,-2.64289753014297
"38",13,13,2,10.0994710464186,17.9995140443959,19.1327066676658,19.9633911151671,21.2726526183481,22.4708832621066,24.9415017854762,25.9034928990857,27.9614799594787,1,1,1,1,1,1,1,1,0.928571428571429,0.892857142857143,0.892857142857143,0.892857142857143,0.857142857142857,0.857142857142857,0.821428571428571,0.821428571428571,0,0,0,0,0,0,0,0,2038,10.5177993527508,0.418328306332223
"39",13,13,3,10.1941085029289,18.0941515009062,19.2273441241761,20.0580285716774,21.3672900748585,22.5655207186169,25.0361392419866,25.998130355596,28.056117415989,1,1,1,1,1,1,1,1,0.896551724137931,0.862068965517241,0.862068965517241,0.862068965517241,0.827586206896552,0.793103448275862,0.793103448275862,0.793103448275862,0,0,0,0,0,0,0,0,2039,8.77831715210356,-1.41579135082535
"40",14,14,1,10.1326094364763,18.0331257066755,19.1663862167393,19.9971204285108,21.3064603663409,22.5047627931618,24.9755293252344,25.9375780693748,27.9956884187308,1,1,1,1,1,1,1,1,0.928571428571429,0.892857142857143,0.892857142857143,0.892857142857143,0.857142857142857,0.857142857142857,0.821428571428571,0.821428571428571,0,0,0,0,0,0,0,0,2040,10.5582524271845,0.425642990708214
"41",14,14,2,10.1946245046684,18.0951407748676,19.2284012849315,20.0591354967029,21.3684754345331,22.5667778613539,25.0375443934266,25.999593137567,28.0577034869229,1,1,1,1,1,1,1,1,0.928571428571429,0.892857142857143,0.892857142857143,0.892857142857143,0.857142857142857,0.821428571428571,0.821428571428571,0.821428571428571,0,0,0,0,0,0,0,0,2041,10.8549083063646,0.660283801696202
"42",14,14,3,10.2049603493671,18.1054766195663,19.2387371296301,20.0694713414016,21.3788112792318,22.5771137060526,25.0478802381253,26.0099289822656,28.0680393316216,1,1,1,1,1,1,1,1,0.896551724137931,0.862068965517241,0.862068965517241,0.862068965517241,0.827586206896552,0.793103448275862,0.793103448275862,0.793103448275862,0,0,0,0,0,0,0,0,2042,8.48166127292341,-1.7232990764437
"43",15,15,1,10.1213047010806,18.0186716134235,19.1514803754283,19.9818834342438,21.2907014340286,22.4885261853364,24.9583078035474,25.9199730492344,27.9772629805599,1,1,1,1,1,1,1,1,0.962962962962963,0.925925925925926,0.925925925925926,0.925925925925926,0.888888888888889,0.888888888888889,0.851851851851852,0.851851851851852,0,0,0,0,0,0,0,0,2043,14.1316073354908,4.01030263441024
"44",15,15,2,10.3193442368607,18.2167111492036,19.3495199112083,20.1799229700239,21.4887409698086,22.6865657211165,25.1563473393275,26.1180125850145,28.17530251634,1,1,1,1,1,1,1,1,0.896551724137931,0.862068965517241,0.862068965517241,0.862068965517241,0.827586206896552,0.793103448275862,0.793103448275862,0.758620689655172,0,0,0,0,0,0,0,0,2044,7.37594390507012,-2.94340033179054
"45",15,15,3,10.0825475604267,17.9799144727697,19.1127232347744,19.94312629359,21.2519442933747,22.4497690446826,24.9195506628936,25.8812159085806,27.9385058399061,1,1,1,1,1,1,1,1,0.928571428571429,0.892857142857143,0.892857142857143,0.892857142857143,0.857142857142857,0.857142857142857,0.821428571428571,0.821428571428571,0,0,0,0,0,0,0,0,2045,10.5852211434736,0.502673583046832
"46",16,16,1,10.194736528667,18.092525842517,19.225395194353,20.0558426684157,21.3647306721273,22.5626194907358,25.032533208606,25.9942498902783,28.0516498585791,1,1,1,1,1,1,1,1,0.896551724137931,0.862068965517241,0.862068965517241,0.862068965517241,0.827586206896552,0.793103448275862,0.793103448275862,0.793103448275862,0,0,0,0,0,0,0,0,2046,9.18284789644013,-1.01188863222691
"47",16,16,2,10.1463196833223,18.0441089971723,19.1769783490082,20.007425823071,21.3163138267826,22.514202645391,24.9841163632612,25.9458330449336,28.0032330132344,1,1,1,1,1,1,1,1,0.928571428571429,0.892857142857143,0.892857142857143,0.892857142857143,0.857142857142857,0.857142857142857,0.821428571428571,0.821428571428571,0,0,0,0,0,0,0,0,2047,11.205501618123,1.05918193480067
"48",16,16,3,10.2161516718003,18.1139409856502,19.2468103374862,20.0772578115489,21.3861458152606,22.584034633869,25.0539483517392,26.0156650334116,28.0730650017123,1,1,1,1,1,1,1,1,0.896551724137931,0.862068965517241,0.862068965517241,0.862068965517241,0.827586206896552,0.793103448275862,0.793103448275862,0.793103448275862,0,0,0,0,0,0,0,0,2048,9.16936353829558,-1.04678813350471
"49",17,17,1,10.1419808961972,18.0371133726999,19.1696016242705,19.9997697335925,21.3082174238957,22.5057032695171,24.9747861018383,25.9361792594591,27.9928871129342,1,1,1,1,1,1,1,1,1,0.961538461538462,0.961538461538462,0.961538461538462,0.923076923076923,0.923076923076923,0.884615384615385,0.884615384615385,0,0,0,0,0,0,0,0,2049,17.7454153182309,7.60343442203364
"50",17,17,2,10.4398992586612,18.3350317351639,19.4675199867345,20.2976880960565,21.6061357863597,22.8036216319811,25.2727044643023,26.234097621923,28.2908054753982,1,1,1,1,1,1,1,1,0.896551724137931,0.862068965517241,0.862068965517241,0.862068965517241,0.827586206896552,0.793103448275862,0.793103448275862,0.758620689655172,0,0,0,0,0,0,0,0,2050,8.4007551240561,-2.0391441346051
"51",17,17,3,10.115280665599,18.0104131421017,19.1429013936723,19.9730695029943,21.2815171932975,22.4790030389189,24.9480858712401,25.9094790288609,27.966186882336,1,1,1,1,1,1,1,1,0.928571428571429,0.892857142857143,0.892857142857143,0.892857142857143,0.857142857142857,0.857142857142857,0.821428571428571,0.821428571428571,0,0,0,0,0,0,0,0,2051,10.9762675296656,0.860986864066561
"52",18,18,1,10.2086491400924,18.1079892019967,19.2410809951859,20.0716915294106,21.3808365361194,22.5789605627945,25.049359253578,26.0112647704058,28.0690687136508,1,1,1,1,1,1,1,1,0.928571428571429,0.892857142857143,0.892857142857143,0.892857142857143,0.857142857142857,0.821428571428571,0.821428571428571,0.821428571428571,0,0,0,0,0,0,0,0,2052,9.6143473570658,-0.594301783026607
"53",18,18,2,10.1617546597062,18.0610947216104,19.1941865147997,20.0247970490244,21.3339420557332,22.5320660824082,25.0024647731918,25.9643702900196,28.0221742332646,1,1,1,1,1,1,1,1,0.896551724137931,0.862068965517241,0.862068965517241,0.862068965517241,0.827586206896552,0.793103448275862,0.793103448275862,0.793103448275862,0,0,0,0,0,0,0,0,2053,8.69741100323625,-1.46434365646992
"54",18,18,3,10.130182138258,18.0295222001622,19.1626139933515,19.9932245275762,21.302369534285,22.5004935609601,24.9708922517436,25.9327977685714,27.9906017118164,1,1,1,1,1,1,1,1,0.928571428571429,0.892857142857143,0.892857142857143,0.892857142857143,0.857142857142857,0.857142857142857,0.821428571428571,0.821428571428571,0,0,0,0,0,0,0,0,2054,11.2594390507012,1.12925691244319
"55",19,19,1,10.220032297076,18.118318409133,19.2512590223613,20.0817587344364,21.3907290717211,22.5886932416707,25.0587623256387,26.0205395026097,28.0780688884696,1,1,1,1,1,1,1,1,0.896551724137931,0.862068965517241,0.862068965517241,0.862068965517241,0.827586206896552,0.793103448275862,0.793103448275862,0.793103448275862,0,0,0,0,0,0,0,0,2055,8.4007551240561,-1.81927717301991
"56",19,19,2,10.1224430588783,18.0207291709353,19.1536697841636,19.9841694962387,21.2931398335234,22.4911040034731,24.961173087441,25.922950264412,27.9804796502719,1,1,1,1,1,1,1,1,0.962962962962963,0.925925925925926,0.925925925925926,0.925925925925926,0.888888888888889,0.888888888888889,0.851851851851852,0.851851851851852,0,0,0,0,0,0,0,0,2056,14.9137001078749,4.79125704899652
"57",19,19,3,10.3447808043947,18.2430669164517,19.37600752968,20.2065072417551,21.5154775790398,22.7134417489895,25.1835108329574,26.1452880099284,28.2028173957883,1,1,1,1,1,1,1,1,0.896551724137931,0.862068965517241,0.862068965517241,0.862068965517241,0.827586206896552,0.793103448275862,0.793103448275862,0.758620689655172,0,0,0,0,0,0,0,0,2057,8.18500539374326,-2.15977541065147
"58",20,20,1,10.1208890708401,18.0201946243594,19.1532814676203,19.9838883733104,21.2930276609998,22.4911464536521,24.9615343524621,25.9234356671913,27.9812306208891,1,1,1,1,1,1,1,1,0.928571428571429,0.892857142857143,0.892857142857143,0.892857142857143,0.857142857142857,0.857142857142857,0.821428571428571,0.821428571428571,0,0,0,0,0,0,0,0,2058,10.2481121898598,0.127223119019622
"59",20,20,2,10.1896180070834,18.0889235606027,19.2220104038636,20.0526173095537,21.3617565972431,22.5598753898954,25.0302632887054,25.9921646034346,28.0499595571323,1,1,1,1,1,1,1,1,0.896551724137931,0.862068965517241,0.862068965517241,0.862068965517241,0.827586206896552,0.793103448275862,0.793103448275862,0.793103448275862,0,0,0,0,0,0,0,0,2059,8.15803667745415,-2.03158132962926
"60",20,20,3,10.1199906533729,18.0192962068922,19.1523830501531,19.9829899558432,21.2921292435325,22.4902480361849,24.9606359349948,25.922537249724,27.9803322034218,1,1,1,1,1,1,1,1,0.896551724137931,0.862068965517241,0.862068965517241,0.862068965517241,0.827586206896552,0.827586206896552,0.793103448275862,0.793103448275862,0,0,0,0,0,0,0,0,2060,8.52211434735707,-1.59787630601584
"61",21,21,1,10.1344447073819,18.0325117956613,19.1654209918291,19.9958976736947,21.3048317125187,22.5027626622691,24.9727632498755,25.9345137562413,27.9919860856902,1,1,1,1,1,1,1,1,0.896551724137931,0.862068965517241,0.862068965517241,0.862068965517241,0.827586206896552,0.827586206896552,0.793103448275862,0.793103448275862,0,0,0,0,0,0,0,0,2061,8.15803667745415,-1.9764080299277
"62",21,21,2,10.1224592584897,18.0205263467691,19.1534355429369,19.9839122248025,21.2928462636265,22.490777213377,24.9607778009833,25.9225283073491,27.980000636798,0,1,1,1,1,1,1,1,0,1,1,1,0.96,0.96,0.92,0.92,0,0,0,0,0,0,0,0,2062,19.1208198489752,8.99836059048552
"63",21,21,3,10.4833544417988,18.3814215300782,19.514330726246,20.3448074081116,21.6537414469356,22.8516723966861,25.3216729842924,26.2834234906582,28.3408958201071,1,1,1,1,1,1,1,1,0.928571428571429,0.892857142857143,0.892857142857143,0.892857142857143,0.857142857142857,0.821428571428571,0.821428571428571,0.785714285714286,1,0,0,0,0,0,0,0,2063,10.7200647249191,0.236710283120324
"64",22,22,1,10.2067309854656,18.1078662342771,19.2412155314523,20.0720148284273,21.3814573485939,22.5798536583393,25.0508137665767,26.0129378839682,28.0712094792788,1,1,1,1,1,1,1,1,0.896551724137931,0.862068965517241,0.862068965517241,0.862068965517241,0.827586206896552,0.793103448275862,0.793103448275862,0.793103448275862,1,0,0,0,0,0,0,0,2064,8.00970873786408,-2.19702224760148
"65",22,22,2,10.1177820237864,18.0189172725979,19.1522665697731,19.9830658667481,21.2925083869147,22.4909046966601,24.9618648048976,25.923988922289,27.9822605175996,1,1,1,1,1,1,1,1,0.962962962962963,0.925925925925926,0.925925925925926,0.925925925925926,0.888888888888889,0.888888888888889,0.851851851851852,0.851851851851852,0,0,0,0,0,0,0,0,2065,12.621359223301,2.50357719951462
"66",22,22,3,10.2691280182853,18.1702632670968,19.303612564272,20.134411861247,21.4438543814136,22.642250691159,25.1132107993965,26.0753349167879,28.1336065120985,1,1,1,1,1,1,1,1,0.896551724137931,0.862068965517241,0.862068965517241,0.862068965517241,0.827586206896552,0.793103448275862,0.793103448275862,0.758620689655172,0,0,0,0,0,0,0,0,2066,8.44120819848975,-1.82791981979554
"67",23,23,1,10.1363694354265,18.0371491830785,19.1704474866968,20.0012094029532,21.3105930064807,22.5089353959647,24.9797843266111,25.9418651544968,28.0000441405917,1,1,1,1,1,1,1,1,0.896551724137931,0.862068965517241,0.862068965517241,0.862068965517241,0.827586206896552,0.827586206896552,0.793103448275862,0.793103448275862,0,0,0,0,0,0,0,0,2067,8.96709816612729,-1.16927126929923
"68",23,23,2,10.1533118410346,18.0540915886865,19.1873898923049,20.0181518085613,21.3275354120887,22.5258778015728,24.9967267322191,25.9588075601049,28.0169865461997,1,1,1,1,1,1,1,1,0.896551724137931,0.862068965517241,0.862068965517241,0.862068965517241,0.827586206896552,0.827586206896552,0.793103448275862,0.793103448275862,0,0,0,0,0,0,0,0,2068,8.09061488673139,-2.06269695430317
"69",23,23,3,10.1250744983545,18.0258542460064,19.1591525496248,19.9899144658812,21.2992980694086,22.4976404588927,24.9684893895391,25.9305702174248,27.9887492035196,1,1,1,1,1,1,1,1,0.962962962962963,0.925925925925926,0.925925925925926,0.925925925925926,0.888888888888889,0.888888888888889,0.851851851851852,0.851851851851852,0,0,0,0,0,0,0,0,2069,15.5879180151025,5.46284351674799
"70",24,24,1,10.3682651272313,18.2668108052877,19.3997886510065,20.2303156562798,21.5393290110228,22.7373325503702,25.2074828096642,26.1692915940815,28.2268885977339,1,1,1,1,1,1,1,1,0.928571428571429,0.892857142857143,0.892857142857143,0.892857142857143,0.857142857142857,0.821428571428571,0.821428571428571,0.785714285714286,0,0,0,0,0,0,0,0,2070,9.39859762675297,-0.969667500478353
"71",24,24,2,10.165956901581,18.0645025796374,19.1974804253562,20.0280074306294,21.3370207853725,22.5350243247198,25.0051745840138,25.9669833684311,28.0245803720835,1,1,1,1,1,1,1,1,0.928571428571429,0.892857142857143,0.892857142857143,0.892857142857143,0.857142857142857,0.821428571428571,0.821428571428571,0.821428571428571,0,0,0,0,0,0,0,0,2071,10.5852211434736,0.419264241892613
"72",24,24,3,10.2047436637971,18.1032893418536,19.2362671875724,20.0667941928456,21.3758075475886,22.573811086936,25.04396134623,26.0057701306473,28.0633671342997,1,1,1,1,1,1,1,1,0.928571428571429,0.892857142857143,0.892857142857143,0.892857142857143,0.857142857142857,0.821428571428571,0.821428571428571,0.821428571428571,0,0,0,0,0,0,0,0,2072,9.6143473570658,-0.590396306731344
"73",25,25,1,10.1746163188969,18.0727027308377,19.205614698817,20.0360934125532,21.3450306538567,22.542964534503,25.0129711652911,25.9747240247062,28.0322013880322,1,1,1,1,1,1,1,1,0.896551724137931,0.862068965517241,0.862068965517241,0.862068965517241,0.827586206896552,0.793103448275862,0.793103448275862,0.793103448275862,0,0,0,0,0,0,0,0,2073,9.06148867313916,-1.11312764575772
"74",25,25,2,10.1566619767976,18.0547483887384,19.1876603567178,20.0181390704539,21.3270763117574,22.5250101924038,24.9950168231919,25.956769682607,28.0142470459329,1,1,1,1,1,1,1,1,0.928571428571429,0.892857142857143,0.892857142857143,0.892857142857143,0.857142857142857,0.857142857142857,0.821428571428571,0.821428571428571,0,0,0,0,0,0,0,0,2074,11.717907227616,1.56124525081833
"75",25,25,3,10.2429304010306,18.1410168129714,19.2739287809508,20.1044074946869,21.4133447359904,22.6112786166368,25.0812852474249,26.04303810684,28.1005154701659,1,1,1,1,1,1,1,1,0.896551724137931,0.862068965517241,0.862068965517241,0.862068965517241,0.827586206896552,0.793103448275862,0.793103448275862,0.793103448275862,0,0,0,0,0,0,0,0,2075,8.37378640776699,-1.86914399326362
"76",26,26,1,10.1268391301526,17.9750804118104,19.1008425283323,19.9260800586318,21.2267565461373,22.4171302195085,24.8715485424597,25.8272317422031,27.871724285931,1,1,1,1,1,1,1,1,1,0.961538461538462,0.961538461538462,0.961538461538462,0.923076923076923,0.923076923076923,0.884615384615385,0.884615384615385,0,0,0,0,0,0,0,0,2076,15.9385113268608,5.81167219670824
"77",26,26,2,10.3325106807748,18.1807519624326,19.3065140789545,20.131751609254,21.4324280967594,22.6228017701306,25.0772200930818,26.0329032928253,28.0773958365531,1,1,1,1,1,1,1,1,0.896551724137931,0.862068965517241,0.862068965517241,0.862068965517241,0.827586206896552,0.793103448275862,0.793103448275862,0.793103448275862,0,0,0,0,0,0,0,0,2077,6.48597626752967,-3.84653441324509
"78",26,26,3,10.0755128964858,17.9237541781436,19.0495162946655,19.874753824965,21.1754303124704,22.3658039858416,24.8202223087928,25.7759055085363,27.8203980522641,1,1,1,1,1,1,1,1,0.896551724137931,0.862068965517241,0.862068965517241,0.862068965517241,0.827586206896552,0.827586206896552,0.793103448275862,0.793103448275862,0,0,0,0,0,0,0,0,2078,8.50862998921251,-1.56688290727324
"79",27,27,1,10.1329212379871,17.9848601638406,19.1111526753398,19.9367790105517,21.2380683027215,22.4290028123547,24.8845775173972,25.8407109806213,27.8861667727657,1,1,1,1,1,1,1,1,0.896551724137931,0.862068965517241,0.862068965517241,0.862068965517241,0.827586206896552,0.827586206896552,0.793103448275862,0.793103448275862,0,0,0,0,0,0,0,0,2079,7.5782092772384,-2.5547119607487
"80",27,27,2,10.108318686928,17.9602576127815,19.0865501242807,19.9121764594926,21.2134657516624,22.4044002612956,24.8599749663381,25.8161084295622,27.8615642217066,1,1,1,1,1,1,1,1,0.928571428571429,0.892857142857143,0.892857142857143,0.892857142857143,0.857142857142857,0.857142857142857,0.821428571428571,0.821428571428571,0,0,0,0,0,0,0,0,2080,9.6143473570658,-0.493971329862189
"81",27,27,3,10.1621590522892,18.0140979781427,19.1403904896419,19.9660168248538,21.2673061170236,22.4582406266568,24.9138153316993,25.8699487949234,27.9154045870678,1,1,1,1,1,1,1,1,0.896551724137931,0.862068965517241,0.862068965517241,0.862068965517241,0.827586206896552,0.827586206896552,0.793103448275862,0.793103448275862,0,0,0,0,0,0,0,0,2081,9.15587918015103,-1.0062798721382
"82",28,28,1,10.1486709795376,18.0002031743998,19.1264373438673,19.9520209115767,21.2532427968692,22.4441156160107,24.8995631221099,25.855647057553,27.9009968949428,1,1,1,1,1,1,1,1,0.962962962962963,0.925925925925926,0.925925925925926,0.925925925925926,0.888888888888889,0.888888888888889,0.851851851851852,0.851851851851852,0,0,0,0,0,0,0,0,2082,14.4822006472492,4.33352966771163
"83",28,28,2,10.2906326475012,18.1421648423634,19.2683990118309,20.0939825795403,21.3952044648328,22.5860772839743,25.0415247900735,25.9976087255166,28.0429585629064,1,1,1,1,1,1,1,1,0.896551724137931,0.862068965517241,0.862068965517241,0.862068965517241,0.827586206896552,0.793103448275862,0.793103448275862,0.793103448275862,0,0,0,0,0,0,0,0,2083,8.57605177993528,-1.71458086756588
"84",28,28,3,10.1332169245441,17.9847491194063,19.1109832888738,19.9365668565832,21.2377887418757,22.4286615610172,24.8841090671164,25.8401930025595,27.8855428399493,1,1,1,1,1,1,1,1,0.896551724137931,0.862068965517241,0.862068965517241,0.862068965517241,0.827586206896552,0.827586206896552,0.793103448275862,0.793103448275862,0,0,0,0,0,0,0,0,2084,6.82308522114347,-3.31013170340058
"85",29,29,1,10.0895642721724,17.9430298767243,19.0695413770365,19.895328241533,21.1968705477241,22.3880366147299,24.84408876536,25.8004081328053,27.846261629748,1,1,1,1,1,1,1,1,0.928571428571429,0.892857142857143,0.892857142857143,0.892857142857143,0.857142857142857,0.857142857142857,0.821428571428571,0.821428571428571,0,0,0,0,0,0,0,0,2085,11.5830636461704,1.49349937399806
"86",29,29,2,10.2148575462903,18.0683231508422,19.1948346511544,20.0206215156509,21.3221638218421,22.5133298888478,24.9693820394779,25.9257014069232,27.9715549038659,0,1,1,1,1,1,1,1,0,1,1,1,0.96,0.96,0.92,0.92,0,0,0,0,0,0,0,0,2086,20.9546925566343,10.739835010344
"87",29,29,3,10.4615397715367,18.3150053760885,19.4415168764008,20.2673037408973,21.5688460470884,22.7600121140942,25.2160642647243,26.1723836321696,28.2182371291122,1,1,1,1,1,1,1,1,0.896551724137931,0.862068965517241,0.862068965517241,0.862068965517241,0.827586206896552,0.793103448275862,0.793103448275862,0.758620689655172,1,0,0,0,0,0,0,0,2087,6.93096008629989,-3.53057968523678
"88",30,30,1,10.1001009896868,17.9641402556833,19.0921684559873,19.9190671341939,21.2223617964014,22.4151316122934,24.87449051503,25.8320974410811,27.8807054114412,1,1,1,1,1,1,1,1,0.928571428571429,0.892857142857143,0.892857142857143,0.892857142857143,0.857142857142857,0.857142857142857,0.821428571428571,0.821428571428571,1,0,0,0,0,0,0,0,2088,9.51995685005394,-0.580144139632827
"89",30,30,2,10.1664183857994,18.0304576517959,19.1584858520999,19.9853845303065,21.288679192514,22.4814490084061,24.9408079111426,25.8984148371937,27.9470228075538,1,1,1,1,1,1,1,1,0.896551724137931,0.862068965517241,0.862068965517241,0.862068965517241,0.827586206896552,0.827586206896552,0.793103448275862,0.793103448275862,0,0,0,0,0,0,0,0,2089,7.95577130528587,-2.2106470805135
"90",30,30,3,10.126351625648,17.9903908916445,19.1184190919485,19.9453177701551,21.2486124323626,22.4413822482547,24.9007411509913,25.8583480770424,27.9069560474024,1,1,1,1,1,1,1,1,1,0.961538461538462,0.961538461538462,0.961538461538462,0.923076923076923,0.923076923076923,0.884615384615385,0.884615384615385,0,0,0,0,0,0,0,0,2090,17.6375404530744,7.51118882742643
"91",31,31,1,10.3734946024917,18.2420961762018,19.3707787999624,20.1981572018949,21.50220796807,22.6956697671462,25.1564554623634,26.1146179422867,28.1644144087401,1,1,1,1,1,1,1,1,0.896551724137931,0.862068965517241,0.862068965517241,0.862068965517241,0.827586206896552,0.793103448275862,0.793103448275862,0.758620689655172,0,0,0,0,0,0,0,0,2091,8.18500539374326,-2.18848920874849
"92",31,31,2,10.1332325884125,18.0018341621225,19.1305167858831,19.9578951878157,21.2619459539907,22.4554077530669,24.9161934482842,25.8743559282075,27.9241523946608,1,1,1,1,1,1,1,1,0.896551724137931,0.862068965517241,0.862068965517241,0.862068965517241,0.827586206896552,0.827586206896552,0.793103448275862,0.793103448275862,0,0,0,0,0,0,0,0,2092,8.38727076591154,-1.74596182250093
"93",31,31,3,10.1383737156752,18.0069752893852,19.1356579131458,19.9630363150784,21.2670870812535,22.4605488803297,24.9213345755469,25.8794970554702,27.9292935219235,1,1,1,1,1,1,1,1,0.928571428571429,0.892857142857143,0.892857142857143,0.892857142857143,0.857142857142857,0.857142857142857,0.821428571428571,0.821428571428571,0,0,0,0,0,0,0,0,2093,9.45253505933118,-0.685838656344046
"94",32,32,1,10.165030698551,18.0339454181911,19.1626729600183,19.9900842890443,21.2941869523941,22.4876962475471,24.9485798744004,25.9067804862176,27.9566585282108,1,1,1,1,1,1,1,1,0.896551724137931,0.862068965517241,0.862068965517241,0.862068965517241,0.827586206896552,0.827586206896552,0.793103448275862,0.793103448275862,0,0,0,0,0,0,0,0,2094,6.99838187702265,-3.16664882152834
"95",32,32,2,10.1029395298106,17.9718542494507,19.100581791278,19.927993120304,21.2320957836537,22.4256050788068,24.88648870566,25.8446893174773,27.8945673594704,1,1,1,1,1,1,1,1,0.896551724137931,0.862068965517241,0.862068965517241,0.862068965517241,0.827586206896552,0.827586206896552,0.793103448275862,0.793103448275862,0,0,0,0,0,0,0,0,2095,8.06364617044229,-2.03929335936835
"96",32,32,3,10.1298911909672,17.9988059106073,19.1275334524345,19.9549447814605,21.2590474448102,22.4525567399633,24.9134403668165,25.8716409786338,27.9215190206269,1,1,1,1,1,1,1,1,0.962962962962963,0.925925925925926,0.925925925925926,0.925925925925926,0.888888888888889,0.888888888888889,0.851851851851852,0.851851851851852,0,0,0,0,0,0,0,0,2096,13.915857605178,3.78596641421083
"97",33,33,1,10.2767927342449,18.146571167324,19.27542260135,20.1029247492894,21.4071705544873,22.6008108524603,25.0619645925802,26.0202703790976,28.0703734212688,1,1,1,1,1,1,1,1,0.928571428571429,0.892857142857143,0.892857142857143,0.892857142857143,0.857142857142857,0.821428571428571,0.821428571428571,0.821428571428571,0,0,0,0,0,0,0,0,2097,11.5830636461704,1.30627091192558
"98",33,33,2,10.2174008789827,18.0871793120618,19.2160307460879,20.0435328940273,21.3477786992252,22.5414189971982,25.0025727373181,25.9608785238355,28.0109815660067,1,1,1,1,1,1,1,1,0.896551724137931,0.862068965517241,0.862068965517241,0.862068965517241,0.827586206896552,0.793103448275862,0.793103448275862,0.793103448275862,0,0,0,0,0,0,0,0,2098,6.51294498381877,-3.70445589516395
"99",33,33,3,10.088318002806,17.9580964358852,19.0869478699112,19.9144500178506,21.2186958230485,22.4123361210215,24.8734898611414,25.8317956476588,27.88189868983,1,1,1,1,1,1,1,1,0.928571428571429,0.892857142857143,0.892857142857143,0.892857142857143,0.857142857142857,0.857142857142857,0.821428571428571,0.821428571428571,0,0,0,0,0,0,0,0,2099,10.2885652642934,0.20024726148737
"100",34,34,1,10.1811476664045,18.0503843727797,19.1791581008103,20.0066032865348,21.3107593122316,22.5043174443813,24.9653017676981,25.9235415879574,27.973503508549,1,1,1,1,1,1,1,1,0.896551724137931,0.862068965517241,0.862068965517241,0.862068965517241,0.827586206896552,0.827586206896552,0.793103448275862,0.793103448275862,0,0,0,0,0,0,0,0,2100,8.03667745415318,-2.14447021225129
"101",34,34,2,10.1233254223091,17.9925621286843,19.121335856715,19.9487810424394,21.2529370681363,22.4464952002859,24.9074795236027,25.865719343862,27.9156812644536,1,1,1,1,1,1,1,1,0.962962962962963,0.925925925925926,0.925925925925926,0.925925925925926,0.888888888888889,0.888888888888889,0.851851851851852,0.851851851851852,0,0,0,0,0,0,0,0,2101,14.4012944983819,4.27796907607276
"102",34,34,3,10.2867511660996,18.1559878724748,19.2847616005055,20.1122067862299,21.4163628119267,22.6099209440764,25.0709052673932,26.0291450876525,28.0791070082441,1,1,1,1,1,1,1,1,0.896551724137931,0.862068965517241,0.862068965517241,0.862068965517241,0.827586206896552,0.793103448275862,0.793103448275862,0.793103448275862,0,0,0,0,0,0,0,0,2102,8.53559870550162,-1.75115246059797
"103",35,35,1,10.1349315599276,18.0023383657891,19.1308496104682,19.9581023833288,21.2619551425374,22.4552357264672,24.9156477761766,25.8736647687838,27.9231499943016,1,1,1,1,1,1,1,1,1,0.961538461538462,0.961538461538462,0.961538461538462,0.923076923076923,0.923076923076923,0.884615384615385,0.884615384615385,0,0,0,0,0,0,0,0,2103,16.7745415318231,6.63960997189547
"104",35,35,2,10.346253478646,18.2136602845075,19.3421715291866,20.1694243020472,21.4732770612558,22.6665576451856,25.126969694895,26.0849866875022,28.1344719130201,1,1,1,1,1,1,1,1,0.866666666666667,0.833333333333333,0.833333333333333,0.833333333333333,0.8,0.766666666666667,0.766666666666667,0.733333333333333,0,0,0,0,0,0,0,0,2104,5.98705501618123,-4.35919846246479
"105",35,35,3,10.0695635687038,17.9369703745652,19.0654816192443,19.8927343921049,21.1965871513135,22.3898677352433,24.8502797849527,25.8082967775599,27.8577820030778,1,1,1,1,1,1,1,1,0.962962962962963,0.925925925925926,0.925925925925926,0.925925925925926,0.888888888888889,0.888888888888889,0.851851851851852,0.851851851851852,0,0,0,0,0,0,0,0,2105,13.2686084142395,3.19904484553573
"106",36,36,1,10.2565882930528,18.1297987111157,19.2591424336101,20.0870054525664,21.3918200351519,22.5859808758077,25.0482079171331,26.0069316177121,28.0579287032056,1,1,1,1,1,1,1,1,0.962962962962963,0.925925925925926,0.925925925925926,0.925925925925926,0.888888888888889,0.851851851851852,0.851851851851852,0.851851851851852,0,0,0,0,0,0,0,0,2106,12.8775620280475,2.62097373499465
"107",36,36,2,10.247099615412,18.1203100334749,19.2496537559693,20.0775167749256,21.3823313575111,22.5764921981669,25.0387192394923,25.9974429400713,28.0484400255648,1,1,1,1,1,1,1,1,0.928571428571429,0.892857142857143,0.892857142857143,0.892857142857143,0.857142857142857,0.821428571428571,0.821428571428571,0.821428571428571,0,0,0,0,0,0,0,0,2107,9.8705501618123,-0.376549453599704
"108",36,36,3,10.1741349563119,18.0473453743749,19.1766890968692,20.0045521158255,21.3093666984111,22.5035275390668,24.9657545803922,25.9244782809713,27.9754753664647,1,1,1,1,1,1,1,1,0.928571428571429,0.892857142857143,0.892857142857143,0.892857142857143,0.857142857142857,0.857142857142857,0.821428571428571,0.821428571428571,0,0,0,0,0,0,0,0,2108,9.85706580366775,-0.317069152644191
"109",37,37,1,10.1699029994565,18.0395413263773,19.1683726633906,19.9958600792575,21.3000826648856,22.4937017124056,24.9548116364514,25.9131003621908,27.9631669062492,1,1,1,1,1,1,1,1,0.928571428571429,0.892857142857143,0.892857142857143,0.892857142857143,0.857142857142857,0.857142857142857,0.821428571428571,0.821428571428571,0,0,0,0,0,0,0,0,2109,9.96494066882416,-0.204962330632355
"110",37,37,2,10.1725556531731,18.042193980094,19.1710253171072,19.9985127329741,21.3027353186022,22.4963543661222,24.957464290168,25.9157530159074,27.9658195599658,1,1,1,1,1,1,1,1,0.962962962962963,0.925925925925926,0.925925925925926,0.925925925925926,0.888888888888889,0.888888888888889,0.851851851851852,0.851851851851852,0,0,0,0,0,0,0,0,2110,15.2912621359223,5.1187064827492
"111",37,37,3,10.3035304304306,18.1731687573514,19.3020000943647,20.1294875102315,21.4337100958597,22.6273291433797,25.0884390674254,26.0467277931649,28.0967943372232,1,1,1,1,1,1,1,1,0.896551724137931,0.862068965517241,0.862068965517241,0.862068965517241,0.827586206896552,0.793103448275862,0.793103448275862,0.793103448275862,0,0,0,0,0,0,0,0,2111,7.2411003236246,-3.06243010680596
"112",38,38,1,10.1049208750598,17.9760482789502,19.1050932111348,19.9327372024886,21.2372065704637,22.4310514721539,24.8926270824174,25.8510971336018,27.901551587085,1,1,1,1,1,1,1,1,0.928571428571429,0.892857142857143,0.892857142857143,0.892857142857143,0.857142857142857,0.857142857142857,0.821428571428571,0.821428571428571,0,0,0,0,0,0,0,0,2112,9.95145631067961,-0.153464564380183
"113",38,38,2,10.1713801860367,18.0425075899271,19.1715525221117,19.9991965134656,21.3036658814406,22.4975107831308,24.9590863933943,25.9175564445788,27.9680108980619,1,1,1,1,1,1,1,1,0.896551724137931,0.862068965517241,0.862068965517241,0.862068965517241,0.827586206896552,0.827586206896552,0.793103448275862,0.793103448275862,0,0,0,0,0,0,0,0,2113,8.83225458468177,-1.33912560135495
"114",38,38,3,10.1439367889666,18.0150641928571,19.1441091250416,19.9717531163955,21.2762224843705,22.4700673860607,24.9316429963243,25.8901130475087,27.9405675009919,1,1,1,1,1,1,1,1,0.928571428571429,0.892857142857143,0.892857142857143,0.892857142857143,0.857142857142857,0.857142857142857,0.821428571428571,0.821428571428571,0,0,0,0,0,0,0,0,2114,10.2481121898598,0.104175400893114
"115",39,39,1,10.1760810177547,18.0462492507343,19.175156598174,20.0026997333226,21.3070101394352,22.5007095598947,24.9619852040163,25.9203384566095,27.9705430429308,1,1,1,1,1,1,1,1,0.896551724137931,0.862068965517241,0.862068965517241,0.862068965517241,0.827586206896552,0.827586206896552,0.793103448275862,0.793103448275862,0,0,0,0,0,0,0,0,2115,6.25674217907228,-3.91933883868244
"116",39,39,2,10.0782519203619,17.9484201533415,19.0773275007812,19.9048706359298,21.2091810420424,22.4028804625019,24.8641561066235,25.8225093592167,27.8727139455379,0,1,1,1,1,1,1,1,0,1,1,1,0.96,0.96,0.92,0.92,0,0,0,0,0,0,0,0,2116,19.066882416397,8.98863049603507
"117",39,39,3,10.3922304423996,18.2623986753793,19.3913060228189,20.2188491579675,21.5231595640801,22.7168589845396,25.1781346286612,26.1364878812545,28.1866924675757,1,1,1,1,1,1,1,1,0.896551724137931,0.862068965517241,0.862068965517241,0.862068965517241,0.827586206896552,0.793103448275862,0.793103448275862,0.758620689655172,1,0,0,0,0,0,0,0,2117,8.65695792880259,-1.73527251359706
"118",40,40,1,10.1421350248793,18.0201132001796,19.1501408160821,19.9785051616499,21.2841098970243,22.4789938822029,24.9427119672288,25.9020162393433,27.9542553412036,1,1,1,1,1,1,1,1,0.928571428571429,0.892857142857143,0.892857142857143,0.892857142857143,0.857142857142857,0.857142857142857,0.821428571428571,0.821428571428571,1,0,0,0,0,0,0,0,2118,10.302049622438,0.159914597558631
"119",40,40,2,10.180945867173,18.0589240424733,19.1889516583758,20.0173160039435,21.322920739318,22.5178047244966,24.9815228095224,25.940827081637,27.9930661834972,1,1,1,1,1,1,1,1,1,0.961538461538462,0.961538461538462,0.961538461538462,0.923076923076923,0.923076923076923,0.884615384615385,0.884615384615385,0,0,0,0,0,0,0,0,2119,15.9115426105717,5.73059674339871
"120",40,40,3,10.3132844769613,18.1912626522616,19.3212902681641,20.1496546137319,21.4552593491063,22.6501433342849,25.1138614193108,26.0731656914253,28.1254047932856,1,1,1,1,1,1,1,1,0.896551724137931,0.862068965517241,0.862068965517241,0.862068965517241,0.827586206896552,0.793103448275862,0.793103448275862,0.758620689655172,0,0,0,0,0,0,0,0,2120,8.84573894282632,-1.46754553413502
"121",41,41,1,10.1474213665775,18.027933867119,19.1583250099883,19.9869558382275,21.2929805832748,22.4882489595467,24.9527596163202,25.9123724941425,27.9652717960238,1,1,1,1,1,1,1,1,0.896551724137931,0.862068965517241,0.862068965517241,0.862068965517241,0.827586206896552,0.827586206896552,0.793103448275862,0.793103448275862,0,0,0,0,0,0,0,0,2121,8.48166127292341,-1.66576009365411
"122",41,41,2,10.1388997107151,18.0194122112566,19.1498033541259,19.9784341823651,21.2844589274124,22.4797273036843,24.9442379604578,25.9038508382801,27.9567501401614,1,1,1,1,1,1,1,1,0.896551724137931,0.862068965517241,0.862068965517241,0.862068965517241,0.827586206896552,0.827586206896552,0.793103448275862,0.793103448275862,0,0,0,0,0,0,0,0,2122,6.64778856526429,-3.49111114545085
"123",41,41,3,10.0959758145195,17.976488315061,19.1068794579303,19.9355102861695,21.2415350312168,22.4368034074887,24.9013140642622,25.8609269420845,27.9138262439658,0,1,1,1,1,1,1,1,0,1,1,1,0.96,0.96,0.92,0.92,0,0,0,0,0,0,0,0,2123,19.336569579288,9.24059376476852
"124",42,42,1,10.3927902751596,18.2815358416209,19.4131079463621,20.2426044761952,21.5499936741024,22.7465107919166,25.2135962150769,26.1742116363354,28.2292556788382,1,1,1,1,1,1,1,1,0.896551724137931,0.862068965517241,0.862068965517241,0.862068965517241,0.827586206896552,0.793103448275862,0.793103448275862,0.758620689655172,1,0,0,0,0,0,0,0,2124,7.99622437971953,-2.39656589544007
"125",42,42,2,10.1326721956905,18.0214177621519,19.1529898668931,19.9824863967262,21.2898755946334,22.4863927124475,24.9534781356078,25.9140935568663,27.9691375993692,1,1,1,1,1,1,1,1,0.928571428571429,0.892857142857143,0.892857142857143,0.892857142857143,0.857142857142857,0.857142857142857,0.821428571428571,0.821428571428571,1,0,0,0,0,0,0,0,2125,9.70873786407767,-0.423934331612871
"126",42,42,3,10.1719528093559,18.0606983758172,19.1922704805584,20.0217670103915,21.3291562082987,22.5256733261129,24.9927587492732,25.9533741705317,28.0084182130346,1,1,1,1,1,1,1,1,0.928571428571429,0.892857142857143,0.892857142857143,0.892857142857143,0.857142857142857,0.857142857142857,0.821428571428571,0.821428571428571,0,0,0,0,0,0,0,0,2126,10.1941747572816,0.0222219479256474
"127",43,43,1,10.1781449776708,18.0643527450673,19.1955608245519,20.0247905064431,21.3317591189663,22.5278913187986,24.9941830838257,25.9544894763675,28.008872413907,1,1,1,1,1,1,1,1,0.896551724137931,0.862068965517241,0.862068965517241,0.862068965517241,0.827586206896552,0.827586206896552,0.793103448275862,0.793103448275862,0,0,0,0,0,0,0,0,2127,7.18716289104639,-2.99098208662446
"128",43,43,2,10.1109648120961,17.9971725794925,19.1283806589771,19.9576103408684,21.2645789533915,22.4607111532238,24.9270029182509,25.8873093107928,27.9416922483322,1,1,1,1,1,1,1,1,0.896551724137931,0.862068965517241,0.862068965517241,0.862068965517241,0.827586206896552,0.827586206896552,0.793103448275862,0.793103448275862,0,0,0,0,0,0,0,0,2128,8.9940668824164,-1.1168979296797
"129",43,43,3,10.1513331627105,18.0375409301069,19.1687490095915,19.9979786914828,21.304947304006,22.5010795038383,24.9673712688653,25.9276776614072,27.9820605989467,0,1,1,1,1,1,1,1,0,1,1,1,0.96,0.96,0.92,0.92,0,0,0,0,0,0,0,0,2129,21.1974110032362,11.0460778405257
"130",44,44,1,10.4239162222669,18.3210830038739,19.4538630588611,20.2842450740583,21.593029906496,22.7908243031867,25.2605433335481,26.2221842092424,28.2794220058562,1,1,1,1,1,1,1,1,0.928571428571429,0.892857142857143,0.892857142857143,0.892857142857143,0.857142857142857,0.821428571428571,0.821428571428571,0.785714285714286,1,0,0,0,0,0,0,0,2130,9.85706580366775,-0.56685041859911
"131",44,44,2,10.1737950924141,18.0709618740212,19.2037419290083,20.0341239442055,21.3429087766432,22.5407031733339,25.0104222036953,25.9720630793897,28.0293008760035,1,1,1,1,1,1,1,1,0.928571428571429,0.892857142857143,0.892857142857143,0.892857142857143,0.857142857142857,0.821428571428571,0.821428571428571,0.821428571428571,1,0,0,0,0,0,0,0,2131,9.53344120819849,-0.640353884215626
"132",44,44,3,10.1666572718238,18.0638240534309,19.196604108418,20.0269861236152,21.3357709560529,22.5335653527436,25.003284383105,25.9649252587994,28.0221630554131,1,1,1,1,1,1,1,1,0.928571428571429,0.892857142857143,0.892857142857143,0.892857142857143,0.857142857142857,0.821428571428571,0.821428571428571,0.821428571428571,0,0,0,0,0,0,0,0,2132,10.0323624595469,-0.134294812276861
"133",45,45,1,10.1762649108134,18.0726387207748,19.2053050308597,20.0356036655976,21.3442570801115,22.5419312036688,25.0114022441855,25.9729465594337,28.0299777843382,1,1,1,1,1,1,1,1,0.896551724137931,0.862068965517241,0.862068965517241,0.862068965517241,0.827586206896552,0.793103448275862,0.793103448275862,0.793103448275862,0,0,0,0,0,0,0,0,2133,6.83656957928803,-3.33969533152535
"134",45,45,2,10.1060232645855,18.0023970745469,19.1350633846318,19.9653620193697,21.2740154338836,22.4716895574409,24.9411605979576,25.9027049132058,27.9597361381103,1,1,1,1,1,1,1,1,0.928571428571429,0.892857142857143,0.892857142857143,0.892857142857143,0.857142857142857,0.857142857142857,0.821428571428571,0.821428571428571,0,0,0,0,0,0,0,0,2134,10.3290183387271,0.222995074141599
"135",45,45,3,10.1827852324042,18.0791590423656,19.2118253524504,20.0421239871884,21.3507774017023,22.5484515252596,25.0179225657763,25.9794668810245,28.0364981059289,1,1,1,1,1,1,1,1,0.896551724137931,0.862068965517241,0.862068965517241,0.862068965517241,0.827586206896552,0.793103448275862,0.793103448275862,0.793103448275862,0,0,0,0,0,0,0,0,2135,8.17152103559871,-2.01126419680545
"136",46,46,1,10.1308458990765,18.0266489510071,19.1592333908045,19.9894720107021,21.2980308343995,22.4956183888378,24.9649109334445,25.9263857472794,27.9832682878485,1,1,1,1,1,1,1,1,0.962962962962963,0.925925925925926,0.925925925925926,0.925925925925926,0.888888888888889,0.888888888888889,0.851851851851852,0.851851851851852,0,0,0,0,0,0,0,0,2136,15.453074433657,5.32222853458044
"137",46,46,2,10.2914033347327,18.1872063866632,19.3197908264607,20.1500294463582,21.4585882700556,22.6561758244939,25.1254683691007,26.0869431829355,28.1438257235046,1,1,1,1,1,1,1,1,0.896551724137931,0.862068965517241,0.862068965517241,0.862068965517241,0.827586206896552,0.793103448275862,0.793103448275862,0.758620689655172,0,0,0,0,0,0,0,0,2137,8.10409924487595,-2.18730408985671
"138",46,46,3,10.1293592561538,18.0251623080843,19.1577467478818,19.9879853677793,21.2965441914768,22.494131745915,24.9634242905218,25.9248991043567,27.9817816449257,1,1,1,1,1,1,1,1,0.928571428571429,0.892857142857143,0.892857142857143,0.892857142857143,0.857142857142857,0.857142857142857,0.821428571428571,0.821428571428571,0,0,0,0,0,0,0,0,2138,10.302049622438,0.172690366284195
"139",47,47,1,10.1769038865991,18.0714809248288,19.2038895035984,20.0339992089427,21.3423548473485,22.5397564474588,25.0086655748918,25.9699910965917,28.0265542565786,1,1,1,1,1,1,1,1,0.896551724137931,0.862068965517241,0.862068965517241,0.862068965517241,0.827586206896552,0.793103448275862,0.793103448275862,0.793103448275862,0,0,0,0,0,0,0,0,2139,8.1445523193096,-2.03235156728953
"140",47,47,2,10.1332782065136,18.0278552447433,19.1602638235129,19.9903735288572,21.2987291672629,22.4961307673733,24.9650398948062,25.9263654165062,27.982928576493,1,1,1,1,1,1,1,1,0.896551724137931,0.862068965517241,0.862068965517241,0.862068965517241,0.827586206896552,0.827586206896552,0.793103448275862,0.793103448275862,0,0,0,0,0,0,0,0,2140,9.20981661272923,-0.923461593784326
"141",47,47,3,10.1548183860558,18.0493954242855,19.1818040030551,20.0119137083994,21.3202693468051,22.5176709469155,24.9865800743485,25.9479055960484,28.0044687560353,1,1,1,1,1,1,1,1,0.962962962962963,0.925925925925926,0.925925925925926,0.925925925925926,0.888888888888889,0.888888888888889,0.851851851851852,0.851851851851852,0,0,0,0,0,0,0,0,2141,13.3090614886731,3.15424310261733
"142",48,48,1,10.2341092654696,18.1216091252428,19.2530025441681,20.0823680887429,21.3895508376711,22.5858790142444,25.0525748615481,26.0130385926494,28.0677581244825,1,1,1,1,1,1,1,1,0.896551724137931,0.862068965517241,0.862068965517241,0.862068965517241,0.827586206896552,0.793103448275862,0.793103448275862,0.793103448275862,0,0,0,0,0,0,0,0,2142,8.76483279395901,-1.46927647151057
"143",48,48,2,10.1404260738093,18.0279259335825,19.1593193525077,19.9886848970826,21.2958676460108,22.4921958225841,24.9588916698878,25.9193554009891,27.9740749328222,0,1,1,1,1,1,1,1,0,1,1,1,0.96,0.96,0.92,0.92,0,0,0,0,0,0,0,0,2143,18.9859762675297,8.84555019372041
"144",48,48,3,10.3511437571283,18.2386436169016,19.3700370358268,20.1994025804017,21.5065853293299,22.7029135059032,25.1696093532069,26.1300730843082,28.1847926161412,1,1,1,1,1,1,1,1,0.896551724137931,0.862068965517241,0.862068965517241,0.862068965517241,0.827586206896552,0.793103448275862,0.793103448275862,0.758620689655172,1,0,0,0,0,0,0,0,2144,7.52427184466019,-2.82687191246812
"145",49,49,1,10.1179889216965,18.0113301754161,19.14356149162,19.9735412550168,21.2816920888302,22.4789062526356,24.9474289072225,25.9086039469925,27.9648451810694,1,1,1,1,1,1,1,1,0.928571428571429,0.892857142857143,0.892857142857143,0.892857142857143,0.857142857142857,0.857142857142857,0.821428571428571,0.821428571428571,1,0,0,0,0,0,0,0,2145,10.0862998921251,-0.0316890295713321
"146",49,49,2,10.1684861975931,18.0618274513128,19.1940587675167,20.0240385309135,21.3321893647269,22.5294035285323,24.9979261831192,25.9591012228891,28.015342456966,1,1,1,1,1,1,1,1,0.896551724137931,0.862068965517241,0.862068965517241,0.862068965517241,0.827586206896552,0.827586206896552,0.793103448275862,0.793103448275862,0,0,0,0,0,0,0,0,2146,8.68392664509169,-1.48455955250145
"147",49,49,3,10.1408455834181,18.0341868371378,19.1664181533417,19.9963979167384,21.3045487505519,22.5017629143572,24.9702855689441,25.9314606087141,27.987701842791,1,1,1,1,1,1,1,1,0.928571428571429,0.892857142857143,0.892857142857143,0.892857142857143,0.857142857142857,0.857142857142857,0.821428571428571,0.821428571428571,0,0,0,0,0,0,0,0,2147,9.73570658036678,-0.405139003051344
"148",50,50,1,10.1566261898199,18.0470875029726,19.17890571669,20.0085826561858,21.3162562020507,22.5130335539247,24.9806555508174,25.9414798991755,27.9969708993076,1,1,1,1,1,1,1,1,0.896551724137931,0.862068965517241,0.862068965517241,0.862068965517241,0.827586206896552,0.827586206896552,0.793103448275862,0.793103448275862,0,0,0,0,0,0,0,0,2148,7.92880258899676,-2.22782360082313
"149",50,50,2,10.1194189489836,18.0098802621363,19.1416984758537,19.9713754153494,21.2790489612144,22.4758263130884,24.943448309981,25.9042726583391,27.9597636584713,1,1,1,1,1,1,1,1,0.962962962962963,0.925925925925926,0.925925925925926,0.925925925925926,0.888888888888889,0.888888888888889,0.851851851851852,0.851851851851852,0,0,0,0,0,0,0,0,2149,15.3991370010787,5.27971805209519
"150",50,50,3,10.2732458999039,18.1637072130566,19.2955254267741,20.1252023662698,21.4328759121347,22.6296532640088,25.0972752609014,26.0580996092595,28.1135906093917,1,1,1,1,1,1,1,1,0.896551724137931,0.862068965517241,0.862068965517241,0.862068965517241,0.827586206896552,0.793103448275862,0.793103448275862,0.793103448275862,0,0,0,0,0,0,0,0,2150,9.0210355987055,-1.25221030119843
"151",51,51,1,10.1432714114568,18.0338743826446,19.165712915978,19.9954047507252,21.3031017733499,22.4999006110562,24.9675669093489,25.9284085074575,27.9839364099715,1,1,1,1,1,1,1,1,0.896551724137931,0.862068965517241,0.862068965517241,0.862068965517241,0.827586206896552,0.827586206896552,0.793103448275862,0.793103448275862,0,0,0,0,0,0,0,0,2151,9.23678532901834,-0.906486082438494
"152",51,51,2,10.1476824911679,18.0382854623556,19.1701239956891,19.9998158304362,21.3075128530609,22.5043116907672,24.9719779890599,25.9328195871685,27.9883474896825,1,1,1,1,1,1,1,1,1,0.961538461538462,0.961538461538462,0.961538461538462,0.923076923076923,0.923076923076923,0.884615384615385,0.884615384615385,0,0,0,0,0,0,0,0,2152,16.6396979503776,6.4920154592097
"153",51,51,3,10.2990376637527,18.1896406349405,19.3214791682739,20.1511710030211,21.4588680256458,22.6556668633521,25.1233331616448,26.0841747597534,28.1397026622674,1,1,1,1,1,1,1,1,0.896551724137931,0.862068965517241,0.862068965517241,0.862068965517241,0.827586206896552,0.793103448275862,0.793103448275862,0.758620689655172,0,0,0,0,0,0,0,0,2153,9.14239482200647,-1.15664284174627
"154",52,52,1,10.1482180659888,18.0418420432099,19.174113913647,20.0041234052383,21.3123210943659,22.5095781399585,24.9781892120287,25.9393986791424,27.9957135636168,1,1,1,1,1,1,1,1,0.928571428571429,0.892857142857143,0.892857142857143,0.892857142857143,0.857142857142857,0.857142857142857,0.821428571428571,0.821428571428571,0,0,0,0,0,0,0,0,2154,10.0862998921251,-0.0619181738637096
"155",52,52,2,10.1669252333961,18.0605492106171,19.1928210810542,20.0228305726456,21.3310282617732,22.5282853073657,24.9968963794359,25.9581058465496,28.0144207310241,1,1,1,1,1,1,1,1,0.896551724137931,0.862068965517241,0.862068965517241,0.862068965517241,0.827586206896552,0.827586206896552,0.793103448275862,0.793103448275862,0,0,0,0,0,0,0,0,2155,7.96925566343042,-2.19766956996567
"156",52,52,3,10.1249677293541,18.0185917065751,19.1508635770123,19.9808730686036,21.2890707577312,22.4863278033238,24.9549388753939,25.9161483425077,27.9724632269821,0,1,1,1,1,1,1,1,0,1,1,1,0.96,0.96,0.92,0.92,0,0,0,0,0,0,0,0,2156,19.8759439050701,9.75097617571599
"157",53,53,1,10.3634409540787,18.2640980790998,19.3973787935657,20.2281278161312,21.537491097606,22.7358148884325,25.2066254707126,26.1686913667959,28.226838409294,1,1,1,1,1,1,1,1,0.896551724137931,0.862068965517241,0.862068965517241,0.862068965517241,0.827586206896552,0.793103448275862,0.793103448275862,0.758620689655172,1,0,0,0,0,0,0,0,2157,8.98058252427185,-1.38285842980683
"158",53,53,2,10.1529404179473,18.0535975429684,19.1868782574343,20.0176272799999,21.3269905614746,22.5253143523012,24.9961249345812,25.9581908306645,28.0163378731626,1,1,1,1,1,1,1,1,0.928571428571429,0.892857142857143,0.892857142857143,0.892857142857143,0.857142857142857,0.857142857142857,0.821428571428571,0.821428571428571,1,0,0,0,0,0,0,0,2158,11.6639697950378,1.51102937709044
"159",53,53,3,10.2047839905836,18.1054411156047,19.2387218300706,20.0694708526362,21.3788341341109,22.5771579249375,25.0479685072175,26.0100344033008,28.068181445799,1,1,1,1,1,1,1,1,0.896551724137931,0.862068965517241,0.862068965517241,0.862068965517241,0.827586206896552,0.793103448275862,0.793103448275862,0.793103448275862,0,0,0,0,0,0,0,0,2159,9.07497303128371,-1.12981095929992
"160",54,54,1,10.1579064966806,18.0585639882132,19.1918447552519,20.0225938163559,21.331957158572,22.5302810049888,25.0010917018897,25.9631576426033,28.0213047805789,1,1,1,1,1,1,1,1,0.928571428571429,0.892857142857143,0.892857142857143,0.892857142857143,0.857142857142857,0.821428571428571,0.821428571428571,0.821428571428571,0,0,0,0,0,0,0,0,2160,10.9762675296656,0.81836103298501
"161",54,54,2,10.1935815305062,18.0942390220388,19.2275197890776,20.0582688501816,21.3676321923977,22.5659560388145,25.0367667357154,25.9988326764289,28.0569798144045,1,1,1,1,1,1,1,1,0.896551724137931,0.862068965517241,0.862068965517241,0.862068965517241,0.827586206896552,0.793103448275862,0.793103448275862,0.793103448275862,0,0,0,0,0,0,0,0,2161,7.87486515641856,-2.31871637408768
"162",54,54,3,10.1353882129183,18.0360457044509,19.1693264714896,20.0000755325936,21.3094388748097,22.5077627212265,24.9785734181274,25.940639358841,27.9987864968166,1,1,1,1,1,1,1,1,1,0.961538461538462,0.961538461538462,0.961538461538462,0.923076923076923,0.923076923076923,0.884615384615385,0.884615384615385,0,0,0,0,0,0,0,0,2162,16.5857605177994,6.45037230488107
"163",55,55,1,10.299869470885,18.2035281152355,19.3372393716065,20.1683040020018,21.4781647204791,22.6769437635668,25.1486930254534,26.1111244176388,28.1700533657472,1,1,1,1,1,1,1,1,0.962962962962963,0.925925925925926,0.925925925925926,0.925925925925926,0.888888888888889,0.851851851851852,0.851851851851852,0.814814814814815,0,0,0,0,0,0,0,0,2163,13.3090614886731,3.0091920177881
"164",55,55,2,10.2399385918771,18.1435972362276,19.2773084925986,20.1083731229939,21.4182338414712,22.6170128845589,25.0887621464455,26.0511935386309,28.1101224867393,1,1,1,1,1,1,1,1,0.928571428571429,0.892857142857143,0.892857142857143,0.892857142857143,0.857142857142857,0.821428571428571,0.821428571428571,0.821428571428571,0,0,0,0,0,0,0,0,2164,9.53344120819849,-0.706497383678652
"165",55,55,3,10.1708824349956,18.074541079346,19.208252335717,20.0393169661123,21.3491776845896,22.5479567276774,25.019705989564,25.9821373817494,28.0410663298578,1,1,1,1,1,1,1,1,0.928571428571429,0.892857142857143,0.892857142857143,0.892857142857143,0.857142857142857,0.821428571428571,0.821428571428571,0.821428571428571,0,0,0,0,0,0,0,0,2165,11.3133764832794,1.14249404828379
"166",56,56,1,10.2094858961221,18.1130592209791,19.246758239009,20.0778138981144,21.3876604767284,22.5864265790725,25.0581491585827,26.0205701613823,28.0794768834834,1,1,1,1,1,1,1,1,0.928571428571429,0.892857142857143,0.892857142857143,0.892857142857143,0.857142857142857,0.821428571428571,0.821428571428571,0.821428571428571,0,0,0,0,0,0,0,0,2166,11.2864077669903,1.07692187086822
"167",56,56,2,10.2089933885416,18.1125667133987,19.2462657314286,20.077321390534,21.387167969148,22.585934071492,25.0576566510022,26.0200776538019,28.0789843759029,1,1,1,1,1,1,1,1,0.928571428571429,0.892857142857143,0.892857142857143,0.892857142857143,0.857142857142857,0.821428571428571,0.821428571428571,0.821428571428571,0,0,0,0,0,0,0,0,2167,9.80312837108954,-0.405865017452086
"168",56,56,3,10.1819054716172,18.0854787964743,19.2191778145042,20.0502334736096,21.3600800522236,22.5588461545676,25.0305687340778,25.9929897368774,28.0518964589785,1,1,1,1,1,1,1,1,0.896551724137931,0.862068965517241,0.862068965517241,0.862068965517241,0.827586206896552,0.793103448275862,0.793103448275862,0.793103448275862,0,0,0,0,0,0,0,0,2168,8.54908306364617,-1.63282240797103
"169",57,57,1,10.162037693025,18.0646755076599,19.1982403348655,20.0291976256718,21.3388891636715,22.5375133734947,25.0089433863841,25.9712504717632,28.0299134903892,1,1,1,1,1,1,1,1,0.962962962962963,0.925925925925926,0.925925925925926,0.925925925925926,0.888888888888889,0.851851851851852,0.851851851851852,0.851851851851852,0,0,0,0,0,0,0,0,2169,14.7788565264293,4.6168188334043
"170",57,57,2,10.2741026204304,18.1767404350653,19.3103052622708,20.1412625530772,21.4509540910768,22.6495783009,25.1210083137895,26.0833153991686,28.1419784177945,1,1,1,1,1,1,1,1,0.928571428571429,0.892857142857143,0.892857142857143,0.892857142857143,0.857142857142857,0.821428571428571,0.821428571428571,0.785714285714286,0,0,0,0,0,0,0,0,2170,9.78964401294498,-0.484458607485418
"171",57,57,3,10.1843536525949,18.0869914672298,19.2205562944354,20.0515135852417,21.3612051232413,22.5598293330646,25.031259345954,25.9935664313331,28.0522294499591,1,1,1,1,1,1,1,1,0.928571428571429,0.892857142857143,0.892857142857143,0.892857142857143,0.857142857142857,0.821428571428571,0.821428571428571,0.821428571428571,0,0,0,0,0,0,0,0,2171,10.3964401294498,0.2120864768549
"172",58,58,1,10.1998885441227,18.1019924406791,19.2354806819688,20.066381831632,21.3759848842416,22.5745281126065,25.0457911507219,26.0080332207021,28.0665571519209,1,1,1,1,1,1,1,1,0.896551724137931,0.862068965517241,0.862068965517241,0.862068965517241,0.827586206896552,0.793103448275862,0.793103448275862,0.793103448275862,0,0,0,0,0,0,0,0,2172,7.96925566343042,-2.23063288069231
"173",58,58,2,10.157001270412,18.0591051669683,19.192593408258,20.0234945579213,21.3330976105309,22.5316408388958,25.0029038770111,25.9651459469913,28.0236698782101,1,1,1,1,1,1,1,1,0.928571428571429,0.892857142857143,0.892857142857143,0.892857142857143,0.857142857142857,0.821428571428571,0.821428571428571,0.821428571428571,0,0,0,0,0,0,0,0,2173,10.1672060409924,0.0102047705804615
"174",58,58,3,10.1958380793834,18.0979419759397,19.2314302172294,20.0623313668927,21.3719344195023,22.5704776478672,25.0417406859825,26.0039827559627,28.0625066871815,1,1,1,1,1,1,1,1,0.928571428571429,0.892857142857143,0.892857142857143,0.892857142857143,0.857142857142857,0.821428571428571,0.821428571428571,0.821428571428571,0,0,0,0,0,0,0,0,2174,9.49298813376483,-0.702849945618555
"175",59,59,1,10.1513623836395,17.7445302683726,18.8337043192522,19.6321210456838,20.8905246266792,22.042210313076,24.4168583032047,25.3414811224891,27.3195262113796,1,1,1,1,1,1,1,1,0.896551724137931,0.862068965517241,0.862068965517241,0.862068965517241,0.827586206896552,0.827586206896552,0.793103448275862,0.793103448275862,0,0,0,0,0,0,0,0,2175,8.46817691477886,-1.68318546886061
"176",59,59,2,10.12867378635,17.7218416710831,18.8110157219627,19.6094324483943,20.8678360293897,22.0195217157865,24.3941697059152,25.3187925251997,27.2968376140901,0,1,1,1,1,1,1,1,0,1,1,1,0.96,0.96,0.92,0.92,0,0,0,0,0,0,0,0,2176,18.7971952535059,8.66852146715594
"177",59,59,3,10.3573509642939,17.950518849027,19.0396928999066,19.8381096263382,21.0965132073336,22.2481988937304,24.6228468838591,25.5474697031436,27.525514792034,1,1,1,1,1,1,1,1,0.896551724137931,0.862068965517241,0.862068965517241,0.862068965517241,0.827586206896552,0.827586206896552,0.793103448275862,0.793103448275862,1,0,0,0,0,0,0,0,2177,8.26591154261057,-2.09143942168331
"178",60,60,1,10.1322210622706,17.7305025462697,18.8204100985958,19.619364516706,20.8786155663371,22.0310768524796,24.4073240431533,25.3325695472831,27.3119467455208,1,1,1,1,1,1,1,1,0.928571428571429,0.892857142857143,0.892857142857143,0.892857142857143,0.857142857142857,0.857142857142857,0.821428571428571,0.821428571428571,1,0,0,0,0,0,0,0,2178,11.1380798274002,1.00585876512961
"179",60,60,2,10.1923279821861,17.7906094661852,18.8805170185113,19.6794714366215,20.9387224862526,22.0911837723951,24.4674309630688,25.3926764671986,27.3720536654363,1,1,1,1,1,1,1,1,0.928571428571429,0.892857142857143,0.892857142857143,0.892857142857143,0.857142857142857,0.857142857142857,0.821428571428571,0.821428571428571,0,0,0,0,0,0,0,0,2179,9.74919093851133,-0.443137043674785
"180",60,60,3,10.1632621946213,17.7615436786204,18.8514512309465,19.6504056490568,20.9096566986878,22.0621179848303,24.438365175504,25.3636106796338,27.3429878778715,1,1,1,1,1,1,1,1,1,0.961538461538462,0.961538461538462,0.961538461538462,0.923076923076923,0.923076923076923,0.884615384615385,0.884615384615385,0,0,0,0,0,0,0,0,2180,16.0463861920173,5.88312399739592
"181",61,61,1,10.2992153452175,17.8987944512185,18.9888881361619,19.7879789983923,21.0474451008444,22.2001032024279,24.5767562046845,25.5021597207182,27.4818749537349,1,1,1,1,1,1,1,1,0.896551724137931,0.862068965517241,0.862068965517241,0.862068965517241,0.827586206896552,0.827586206896552,0.793103448275862,0.793103448275862,0,0,0,0,0,0,0,0,2181,7.40291262135922,-2.89630272385824
"182",61,61,2,10.1178887237074,17.7174678297084,18.8075615146518,19.6066523768822,20.8661184793343,22.0187765809178,24.3954295831744,25.3208330992081,27.3005483322248,1,1,1,1,1,1,1,1,1,0.961538461538462,0.961538461538462,0.961538461538462,0.923076923076923,0.923076923076923,0.884615384615385,0.884615384615385,0,0,0,0,0,0,0,0,2182,18.2847896440129,8.16690092030555
"183",61,61,3,10.3461735654525,17.9457526714535,19.035846356397,19.8349372186274,21.0944033210794,22.247061422663,24.6237144249196,25.5491179409532,27.52883317397,1,1,1,1,1,1,1,1,0.896551724137931,0.862068965517241,0.862068965517241,0.862068965517241,0.827586206896552,0.827586206896552,0.793103448275862,0.793103448275862,0,0,0,0,0,0,0,0,2183,8.25242718446602,-2.09374638098651
"184",62,62,1,10.1435514293446,17.7486654272127,18.8395530443709,19.6392258969264,20.8996092881638,22.0531068886016,24.4314908442688,25.3575683461013,27.338725436567,1,1,1,1,1,1,1,1,0.928571428571429,0.892857142857143,0.892857142857143,0.892857142857143,0.857142857142857,0.857142857142857,0.821428571428571,0.821428571428571,0,0,0,0,0,0,0,0,2184,10.8818770226537,0.73832559330916
"185",62,62,2,10.1944030012682,17.7995169991363,18.8904046162945,19.69007746885,20.9504608600874,22.1039584605252,24.4823424161924,25.4084199180249,27.3895770084906,1,1,1,1,1,1,1,1,0.962962962962963,0.925925925925926,0.925925925925926,0.925925925925926,0.888888888888889,0.888888888888889,0.851851851851852,0.851851851851852,0,0,0,0,0,0,0,0,2185,13.0663430420712,2.87194004080303
"186",62,62,3,10.2366489225585,17.8417629204266,18.9326505375849,19.7323233901404,20.9927067813778,22.1462043818156,24.5245883374828,25.4506658393153,27.4318229297809,1,1,1,1,1,1,1,1,0.896551724137931,0.862068965517241,0.862068965517241,0.862068965517241,0.827586206896552,0.827586206896552,0.793103448275862,0.793103448275862,0,0,0,0,0,0,0,0,2186,7.09277238403452,-3.14387653852402
"187",63,63,1,10.1184321928091,17.7232817989446,18.8141314914028,19.6137765433374,20.8741161173554,22.0275736164575,24.4058748876239,25.3319201943788,27.3130084099327,1,1,1,1,1,1,1,1,0.896551724137931,0.862068965517241,0.862068965517241,0.862068965517241,0.827586206896552,0.827586206896552,0.793103448275862,0.793103448275862,0,0,0,0,0,0,0,0,2187,9.37162891046386,-0.746803282345283
"188",63,63,2,10.1628255240882,17.7676751302236,18.8585248226818,19.6581698746164,20.9185094486344,22.0719669477366,24.450268218903,25.3763135256579,27.3574017412117,1,1,1,1,1,1,1,1,0.896551724137931,0.862068965517241,0.862068965517241,0.862068965517241,0.827586206896552,0.827586206896552,0.793103448275862,0.793103448275862,0,0,0,0,0,0,0,0,2188,9.12891046386192,-1.03391506022626
"189",63,63,3,10.1580972402833,17.7629468464188,18.853796538877,19.6534415908116,20.9137811648296,22.0672386639317,24.4455399350981,25.371585241853,27.3526734574068,0,1,1,1,1,1,1,1,0,1,1,1,0.96,0.96,0.92,0.92,0,0,0,0,0,0,0,0,2189,19.6871628910464,9.52906565076307
"190",64,64,1,10.3659617668564,17.9774626703194,19.0692664336692,19.869610865246,21.1310527481425,22.2855190757131,24.6659004391507,25.592755676804,27.5755765770836,1,1,1,1,1,1,1,1,0.896551724137931,0.862068965517241,0.862068965517241,0.862068965517241,0.827586206896552,0.827586206896552,0.793103448275862,0.793103448275862,1,0,0,0,0,0,0,0,2190,8.52211434735707,-1.84384741949929
"191",64,64,2,10.1528768389906,17.7643777424536,18.8561815058034,19.6565259373802,20.9179678202768,22.0724341478473,24.4528155112849,25.3796707489383,27.3624916492178,1,1,1,1,1,1,1,1,0.962962962962963,0.925925925925926,0.925925925925926,0.925925925925926,0.888888888888889,0.888888888888889,0.851851851851852,0.851851851851852,1,0,0,0,0,0,0,0,2191,14.8327939590076,4.67991712001697
"192",64,64,3,10.2733161460451,17.8848170495082,18.976620812858,19.7769652444348,21.0384071273313,22.1928734549019,24.5732548183395,25.5001100559928,27.4829309562724,1,1,1,1,1,1,1,1,0.896551724137931,0.862068965517241,0.862068965517241,0.862068965517241,0.827586206896552,0.827586206896552,0.793103448275862,0.793103448275862,0,0,0,0,0,0,0,0,2192,8.44120819848975,-1.8321079475554
"193",65,65,1,10.1556574882725,17.7688269851806,18.8608700937825,19.6613899768884,20.9231083931105,22.0778278028223,24.4587309935302,25.3857894164152,27.369044990749,1,1,1,1,1,1,1,1,0.928571428571429,0.892857142857143,0.892857142857143,0.892857142857143,0.857142857142857,0.857142857142857,0.821428571428571,0.821428571428571,0,0,0,0,0,0,0,0,2193,10.9223300970874,0.766672608814863
"194",65,65,2,10.2010213388108,17.8141908357188,18.9062339443207,19.7067538274267,20.9684722436487,22.1231916533606,24.5040948440685,25.4311532669534,27.4144088412872,1,1,1,1,1,1,1,1,0.896551724137931,0.862068965517241,0.862068965517241,0.862068965517241,0.827586206896552,0.827586206896552,0.793103448275862,0.793103448275862,0,0,0,0,0,0,0,0,2194,8.33333333333333,-1.86768800547744
"195",65,65,3,10.1536851469448,17.7668546438528,18.8588977524547,19.6594176355607,20.9211360517827,22.0758554614945,24.4567586522024,25.3838170750874,27.3670726494212,0,1,1,1,1,1,1,1,0,1,1,1,0.96,0.96,0.92,0.92,0,0,0,0,0,0,0,0,2195,19.1477885652643,8.99410341831953
"196",66,66,1,10.3516515795074,17.9719845694183,19.0650552189374,19.8663283387319,21.1292339492033,22.2850398741195,24.6681833385208,25.5961140625582,27.5812357502677,1,1,1,1,1,1,1,1,0.928571428571429,0.892857142857143,0.892857142857143,0.892857142857143,0.857142857142857,0.857142857142857,0.821428571428571,0.821428571428571,1,0,0,0,0,0,0,0,2196,9.80312837108954,-0.548523208417832
"197",66,66,2,10.1866077181924,17.8069407081033,18.9000113576224,19.7012844774169,20.9641900878883,22.1199960128045,24.5031394772058,25.4310702012432,27.4161918889527,1,1,1,1,1,1,1,1,0.928571428571429,0.892857142857143,0.892857142857143,0.892857142857143,0.857142857142857,0.857142857142857,0.821428571428571,0.821428571428571,1,0,0,0,0,0,0,0,2197,11.8392664509169,1.65265873272455
"198",66,66,3,10.2225696562278,17.8429026461388,18.9359732956578,19.7372464154524,21.0001520259238,22.15595795084,24.5391014152413,25.4670321392786,27.4521538269882,1,1,1,1,1,1,1,1,0.896551724137931,0.862068965517241,0.862068965517241,0.862068965517241,0.827586206896552,0.827586206896552,0.793103448275862,0.793103448275862,0,0,0,0,0,0,0,0,2198,8.29288025889968,-1.92968939732815
"199",67,67,1,10.1492885480288,17.6479846174296,18.7236075060853,19.5120905818084,20.754837499798,21.8921942737912,24.237297637776,25.1504165896942,27.1038514614535,1,1,1,1,1,1,1,1,0.928571428571429,0.928571428571429,0.892857142857143,0.892857142857143,0.857142857142857,0.857142857142857,0.821428571428571,0.821428571428571,0,0,0,0,0,0,0,0,2199,11.8797195253506,1.73043097732182
"200",67,67,2,10.1890542397159,17.6877503091167,18.7633731977724,19.5518562734956,20.7946031914851,21.9319599654784,24.2770633294631,25.1901822813814,27.1436171531406,1,1,1,1,1,1,1,1,0.896551724137931,0.862068965517241,0.862068965517241,0.862068965517241,0.827586206896552,0.827586206896552,0.793103448275862,0.793103448275862,0,0,0,0,0,0,0,0,2200,8.03667745415318,-2.15237678556273
"201",67,67,3,10.1464481414797,17.6451442108805,18.7207670995362,19.5092501752593,20.7519970932489,21.8893538672422,24.2344572312269,25.1475761831451,27.1010110549044,1,1,1,1,1,1,1,1,0.928571428571429,0.928571428571429,0.892857142857143,0.892857142857143,0.857142857142857,0.857142857142857,0.821428571428571,0.821428571428571,0,0,0,0,0,0,0,0,2201,9.88403451995685,-0.262413621522846
"202",68,68,1,10.1663295205011,17.6655134949381,18.7412063693379,19.5297407479622,20.7725685256739,21.909999302146,24.2552552510243,25.1684336153165,27.1219955879348,1,1,1,1,1,1,1,1,0.928571428571429,0.928571428571429,0.892857142857143,0.892857142857143,0.857142857142857,0.857142857142857,0.821428571428571,0.821428571428571,0,0,0,0,0,0,0,0,2202,9.45253505933118,-0.713794461169922
"203",68,68,2,10.1615874312547,17.6607714056917,18.7364642800914,19.5249986587158,20.7678264364275,21.9052572128996,24.2505131617779,25.1636915260701,27.1172534986884,1,1,1,1,1,1,1,1,1,1,0.961538461538462,0.961538461538462,0.923076923076923,0.923076923076923,0.884615384615385,0.884615384615385,0,0,0,0,0,0,0,0,2203,15.9115426105717,5.74995517931705
"204",68,68,3,10.2325705796618,17.7317545540988,18.8074474284986,19.595981807123,20.8388095848346,21.9762403613068,24.3214963101851,25.2346746744773,27.1882366470956,1,1,1,1,1,1,1,1,0.896551724137931,0.862068965517241,0.862068965517241,0.862068965517241,0.827586206896552,0.827586206896552,0.793103448275862,0.793103448275862,0,0,0,0,0,0,0,0,2204,8.09061488673139,-2.14195569293045
"205",69,69,1,10.1493432417347,17.6517286870467,18.7278807846659,19.5167517958967,20.7601101482611,21.8980265044331,24.2442836647286,25.1578518732954,27.1122478395561,1,1,1,1,1,1,1,1,0.928571428571429,0.928571428571429,0.892857142857143,0.892857142857143,0.857142857142857,0.857142857142857,0.821428571428571,0.821428571428571,0,0,0,0,0,0,0,0,2205,11.6774541531823,1.52811091144762
"206",69,69,2,10.1870769377005,17.6894623830125,18.7656144806317,19.5544854918625,20.7978438442269,21.9357602003989,24.2820173606944,25.1955855692612,27.1499815355219,1,1,1,1,1,1,1,1,0.896551724137931,0.862068965517241,0.862068965517241,0.862068965517241,0.827586206896552,0.827586206896552,0.793103448275862,0.793103448275862,0,0,0,0,0,0,0,0,2206,8.30636461704423,-1.88071232065627
"207",69,69,3,10.1516129377326,17.6539983830447,18.7301504806639,19.5190214918946,20.762379844259,21.900296200431,24.2465533607265,25.1601215692934,27.1145175355541,1,1,1,1,1,1,1,1,0.928571428571429,0.928571428571429,0.892857142857143,0.892857142857143,0.857142857142857,0.857142857142857,0.821428571428571,0.821428571428571,0,0,0,0,0,0,0,0,2207,11.0032362459547,0.851623308222058
"208",70,70,1,10.1856702625147,17.6875820721087,18.7636662307936,19.5524874395328,20.7957672970064,21.9336118149831,24.2797208528977,25.1932313866706,27.1475039692764,1,1,1,1,1,1,1,1,0.928571428571429,0.892857142857143,0.892857142857143,0.892857142857143,0.857142857142857,0.857142857142857,0.821428571428571,0.821428571428571,0,0,0,0,0,0,0,0,2208,12.4460625674218,2.26039230490706
"209",70,70,2,10.2050586477187,17.7069704573126,18.7830546159976,19.5718758247368,20.8151556822104,21.9530002001871,24.2991092381017,25.2126197718746,27.1668923544804,1,1,1,1,1,1,1,1,0.896551724137931,0.862068965517241,0.862068965517241,0.862068965517241,0.827586206896552,0.827586206896552,0.793103448275862,0.793103448275862,0,0,0,0,0,0,0,0,2209,8.62998921251348,-1.5750694352052
"210",70,70,3,10.1537790868521,17.6556908964461,18.731775055131,19.5205962638702,20.7638761213438,21.9017206393206,24.2478296772351,25.1613402110081,27.1156127936138,1,1,1,1,1,1,1,1,1,1,0.961538461538462,0.961538461538462,0.923076923076923,0.923076923076923,0.884615384615385,0.884615384615385,0,0,0,0,0,0,0,0,2210,17.529665587918,7.37588650106587
"211",71,71,1,10.1433125604953,17.4305592112941,18.475851515494,19.2421008206527,20.4498045643562,21.5550899720241,23.834065740186,24.7214364193764,26.6197880254469,1,1,1,1,1,1,1,1,0.896551724137931,0.896551724137931,0.862068965517241,0.862068965517241,0.862068965517241,0.827586206896552,0.827586206896552,0.793103448275862,0,0,0,0,0,0,0,0,2211,8.48166127292341,-1.66165128757188
"212",71,71,2,10.1508634503458,17.4381101011445,18.4834024053444,19.2496517105032,20.4573554542067,21.5626408618746,23.8416166300364,24.7289873092269,26.6273389152974,1,1,1,1,1,1,1,1,0.962962962962963,0.962962962962963,0.925925925925926,0.925925925925926,0.925925925925926,0.888888888888889,0.888888888888889,0.851851851851852,0,0,0,0,0,0,0,0,2212,13.1877022653722,3.03683881502642
"213",71,71,3,10.1469360873684,17.4341827381672,18.479475042367,19.2457243475258,20.4534280912293,21.5587134988972,23.8376892670591,24.7250599462495,26.62341155232,1,1,1,1,1,1,1,1,0.896551724137931,0.896551724137931,0.862068965517241,0.862068965517241,0.862068965517241,0.827586206896552,0.827586206896552,0.793103448275862,0,0,0,0,0,0,0,0,2213,8.06364617044229,-2.0832899169261
"214",72,72,1,10.1479574750204,17.4287642577559,18.4731328187577,19.2387049759255,20.4453414505847,21.5496500980935,23.8266118952771,24.7131983893876,26.6098723887478,1,1,1,1,1,1,1,1,0.896551724137931,0.896551724137931,0.862068965517241,0.862068965517241,0.862068965517241,0.827586206896552,0.827586206896552,0.793103448275862,0,0,0,0,0,0,0,0,2214,8.41423948220065,-1.73371799281975
"215",72,72,2,10.1475136299264,17.4283204126619,18.4726889736637,19.2382611308316,20.4448976054907,21.5492062529996,23.8261680501831,24.7127545442937,26.6094285436539,1,1,1,1,1,1,1,1,0.866666666666667,0.866666666666667,0.833333333333333,0.833333333333333,0.833333333333333,0.8,0.8,0.766666666666667,0,0,0,0,0,0,0,0,2215,5.40722761596548,-4.74028601396095
"216",72,72,3,10.1513204551554,17.4321272378909,18.4764957988927,19.2420679560606,20.4487044307197,21.5530130782286,23.8299748754121,24.7165613695227,26.6132353688829,1,1,1,1,1,1,1,1,1,1,0.961538461538462,0.961538461538462,0.961538461538462,0.923076923076923,0.923076923076923,0.884615384615385,0,0,0,0,0,0,0,0,2216,16.9633225458468,6.81200209069138
"217",73,73,1,10.1352785122025,17.4222251193376,18.4674743848772,19.2336921406374,20.441346158584,21.5465860574474,23.8254679915081,24.7128021342723,26.6110755779862,1,1,1,1,1,1,1,1,0.896551724137931,0.896551724137931,0.862068965517241,0.862068965517241,0.862068965517241,0.827586206896552,0.827586206896552,0.793103448275862,0,0,0,0,0,0,0,0,2217,9.10194174757282,-1.03333676462972
"218",73,73,2,10.1482226719855,17.4351692791205,18.4804185446601,19.2466363004203,20.4542903183669,21.5595302172303,23.838412151291,24.7257462940552,26.6240197377691,1,1,1,1,1,1,1,1,0.928571428571429,0.928571428571429,0.892857142857143,0.892857142857143,0.892857142857143,0.857142857142857,0.857142857142857,0.821428571428571,0,0,0,0,0,0,0,0,2218,11.6639697950378,1.51574712305231
"219",73,73,3,10.1440041636514,17.4309507707864,18.4762000363261,19.2424177920863,20.4500718100328,21.5553117088962,23.8341936429569,24.7215277857212,26.6198012294351,1,1,1,1,1,1,1,1,0.928571428571429,0.928571428571429,0.892857142857143,0.892857142857143,0.892857142857143,0.857142857142857,0.857142857142857,0.821428571428571,0,0,0,0,0,0,0,0,2219,9.85706580366775,-0.286938359983651
"220",74,74,1,10.1480958112503,17.4343614813771,18.4795130724111,19.2456592280822,20.4532003954264,21.5583370138912,23.8370059952394,24.7242572200561,26.6223532774504,1,1,1,1,1,1,1,1,0.928571428571429,0.928571428571429,0.892857142857143,0.892857142857143,0.892857142857143,0.857142857142857,0.857142857142857,0.821428571428571,0,0,0,0,0,0,0,0,2220,11.5021574973031,1.35406168605287
"221",74,74,2,10.1450086601445,17.4312743302713,18.4764259213053,19.2425720769764,20.4501132443206,21.5552498627854,23.8339188441336,24.7211700689503,26.6192661263446,1,1,1,1,1,1,1,1,0.896551724137931,0.896551724137931,0.862068965517241,0.862068965517241,0.862068965517241,0.827586206896552,0.827586206896552,0.793103448275862,0,0,0,0,0,0,0,0,2221,9.08845738942826,-1.05655127071619
"222",74,74,3,10.1495381687341,17.435803838861,18.4809554298949,19.2471015855661,20.4546427529102,21.5597793713751,23.8384483527232,24.7256995775399,26.6237956349343,1,1,1,1,1,1,1,1,0.928571428571429,0.928571428571429,0.892857142857143,0.892857142857143,0.892857142857143,0.857142857142857,0.857142857142857,0.821428571428571,0,0,0,0,0,0,0,0,2222,12.4460625674218,2.29652439868768
"223",75,75,1,10.141784261791,17.4253309268496,18.470092500198,19.2359527542325,20.4430433052112,21.5477675214658,23.8255861752539,24.712506305833,26.6098940535068,0,0,0,0,0,1,1,1,0,0,0,0,0,1,1,0.958333333333333,0,0,0,0,0,0,0,0,2223,22.2491909385113,12.1074066767203
"224",75,75,2,10.1287863356831,17.4123330007417,18.45709457409,19.2229548281245,20.4300453791032,21.5347695953578,23.8125882491459,24.699508379725,26.5968961273989,1,1,1,1,1,1,1,1,0.928571428571429,0.928571428571429,0.892857142857143,0.892857142857143,0.892857142857143,0.857142857142857,0.857142857142857,0.821428571428571,1,1,1,1,1,0,0,0,2224,10.5987055016181,0.469919165935059
"225",75,75,3,10.1442336646477,17.4277803297062,18.4725419030546,19.2384021570891,20.4454927080678,21.5502169243224,23.8280355781105,24.7149557086896,26.6123434563635,1,1,1,1,1,1,1,1,0.896551724137931,0.896551724137931,0.862068965517241,0.862068965517241,0.862068965517241,0.827586206896552,0.827586206896552,0.793103448275862,1,1,1,1,1,0,0,0,2225,8.02319309600863,-2.12104056863903
"226",76,76,1,10.1575601470739,17.4526500199977,18.4990673663596,19.2661413812876,20.4751449696618,21.5816199897279,23.8630486065476,24.7513743577533,26.6517691488608,1,1,1,1,1,1,1,1,0.896551724137931,0.896551724137931,0.862068965517241,0.862068965517241,0.862068965517241,0.827586206896552,0.827586206896552,0.793103448275862,0,0,0,0,0,0,0,0,2226,7.90183387270766,-2.2557262743662
"227",76,76,2,10.1577006083225,17.4527904812464,18.4992078276083,19.2662818425363,20.4752854309105,21.5817604509765,23.8631890677963,24.751514819002,26.6519096101094,1,1,1,1,1,1,1,1,0.928571428571429,0.928571428571429,0.892857142857143,0.892857142857143,0.892857142857143,0.857142857142857,0.857142857142857,0.821428571428571,0,0,0,0,0,0,0,0,2227,11.6639697950378,1.50626918671522
"228",76,76,3,10.1533463096137,17.4484361825376,18.4948535288995,19.2619275438275,20.4709311322017,21.5774061522677,23.8588347690875,24.7471605202931,26.6475553114006,1,1,1,1,1,1,1,1,0.896551724137931,0.896551724137931,0.862068965517241,0.862068965517241,0.862068965517241,0.827586206896552,0.827586206896552,0.793103448275862,0,0,0,0,0,0,0,0,2228,8.10409924487595,-2.04924706473776
"229",77,77,1,10.1555356386532,17.45113609468,18.497626679758,19.2647543821714,20.4738425886674,21.5803950508841,23.8619833448186,24.7503712699147,26.6508990695918,1,1,1,1,1,1,1,1,1,1,0.961538461538462,0.961538461538462,0.961538461538462,0.923076923076923,0.923076923076923,0.884615384615385,0,0,0,0,0,0,0,0,2229,15.6418554476807,5.48631980902753
"230",77,77,2,10.1481350459168,17.4437355019436,18.4902260870216,19.257353789435,20.466441995931,21.5729944581477,23.8545827520822,24.7429706771783,26.6434984768554,1,1,1,1,1,1,1,1,0.928571428571429,0.928571428571429,0.892857142857143,0.892857142857143,0.892857142857143,0.857142857142857,0.857142857142857,0.821428571428571,0,0,0,0,0,0,0,0,2230,12.3247033441208,2.17656829820407
"231",77,77,3,10.1513918362802,17.4469922923071,18.493482877385,19.2606105797984,20.4696987862944,21.5762512485111,23.8578395424456,24.7462274675417,26.6467552672189,1,1,1,1,1,1,1,1,0.896551724137931,0.896551724137931,0.862068965517241,0.862068965517241,0.862068965517241,0.827586206896552,0.827586206896552,0.793103448275862,0,0,0,0,0,0,0,0,2231,7.82092772384035,-2.33046411243984
"232",78,78,1,10.1592349019705,17.4582778234581,18.5052622003378,19.2727518757834,20.4824105965798,21.5894851910946,23.8721500638446,24.7609571792138,26.6623817524118,1,1,1,1,1,1,1,1,0.928571428571429,0.928571428571429,0.892857142857143,0.892857142857143,0.892857142857143,0.857142857142857,0.857142857142857,0.821428571428571,0,0,0,0,0,0,0,0,2232,10.3425026968716,0.183267794901159
"233",78,78,2,10.1565333893636,17.4555763108512,18.502560687731,19.2700503631766,20.479709083973,21.5867836784877,23.8694485512377,24.758255666607,26.6596802398049,1,1,1,1,1,1,1,1,0.928571428571429,0.928571428571429,0.892857142857143,0.892857142857143,0.892857142857143,0.857142857142857,0.857142857142857,0.821428571428571,0,0,0,0,0,0,0,0,2233,10.3829557713053,0.226422381941648
"234",78,78,3,10.1564900495892,17.4555329710768,18.5025173479565,19.2700070234022,20.4796657441986,21.5867403387133,23.8694052114633,24.7582123268325,26.6596369000305,1,1,1,1,1,1,1,1,0.928571428571429,0.928571428571429,0.892857142857143,0.892857142857143,0.892857142857143,0.857142857142857,0.857142857142857,0.821428571428571,0,0,0,0,0,0,0,0,2234,11.1515641855448,0.995074135955571
"235",79,79,1,10.1585127441473,17.4564825937585,18.503313047788,19.270689890415,20.480170772724,21.5870826101998,23.8694118960099,24.7580883430259,26.6592333774875,1,1,1,1,1,1,1,1,0.896551724137931,0.896551724137931,0.862068965517241,0.862068965517241,0.862068965517241,0.827586206896552,0.827586206896552,0.793103448275862,0,0,0,0,0,0,0,0,2235,8.60302049622438,-1.55549224792289
"236",79,79,2,10.1614502199199,17.459420069531,18.5062505235606,19.2736273661876,20.4831082484965,21.5900200859724,23.8723493717825,24.7610258187985,26.6621708532601,0,0,1,1,1,1,1,1,0,0,1,1,1,0.96,0.96,0.92,0,0,0,0,0,0,0,0,2236,20.873786407767,10.7123361878471
"237",79,79,3,10.1473068180518,17.445276667663,18.4921071216926,19.2594839643196,20.4689648466285,21.5758766841044,23.8582059699145,24.7468824169305,26.6480274513921,1,1,1,1,1,1,1,1,0.896551724137931,0.896551724137931,0.862068965517241,0.862068965517241,0.862068965517241,0.827586206896552,0.827586206896552,0.793103448275862,1,1,0,0,0,0,0,0,2237,9.18284789644013,-0.964458921611698
"238",80,80,1,10.1665104539551,17.4748523246841,18.5231705551501,19.2916380091363,20.5028378299324,21.6113228327118,23.8968958106771,24.7868352624828,26.6906822423967,1,1,1,1,1,1,1,1,0.928571428571429,0.928571428571429,0.892857142857143,0.892857142857143,0.892857142857143,0.857142857142857,0.857142857142857,0.821428571428571,1,1,0,0,0,0,0,0,2238,9.72222222222222,-0.444288231732925
"239",80,80,2,10.1654391132452,17.4737809839742,18.5220992144402,19.2905666684264,20.5017664892225,21.6102514920019,23.8958244699672,24.7857639217729,26.6896109016867,1,1,1,1,1,1,1,1,0.962962962962963,0.962962962962963,0.925925925925926,0.925925925925926,0.925925925925926,0.888888888888889,0.888888888888889,0.851851851851852,0,0,0,0,0,0,0,0,2239,12.7831715210356,2.61773240779038
"240",80,80,3,10.1593592547164,17.4677011254453,18.5160193559113,19.2844868098975,20.4956866306936,21.6041716334731,23.8897446114384,24.7796840632441,26.6835310431579,1,1,1,1,1,1,1,1,0.928571428571429,0.928571428571429,0.892857142857143,0.892857142857143,0.892857142857143,0.857142857142857,0.857142857142857,0.821428571428571,0,0,0,0,0,0,0,0,2240,10.6256742179072,0.466314963190849
"241",81,81,1,10.1653807772485,17.473578867293,18.5218764736674,19.2903288092069,20.5015048014599,21.6099679964565,23.8954960091954,24.7854179527747,26.6892274773496,1,1,1,1,1,1,1,1,0.962962962962963,0.962962962962963,0.925925925925926,0.925925925925926,0.925925925925926,0.888888888888889,0.888888888888889,0.851851851851852,0,0,0,0,0,0,0,0,2241,14.5361380798274,4.37075730257885
"242",81,81,2,10.1585957036877,17.4667937937321,18.5150914001065,19.283543735646,20.494719727899,21.6031829228956,23.8887109356345,24.7786328792139,26.6824424037887,1,1,1,1,1,1,1,1,0.962962962962963,0.962962962962963,0.925925925925926,0.925925925925926,0.925925925925926,0.888888888888889,0.888888888888889,0.851851851851852,0,0,0,0,0,0,0,0,2242,12.769687162891,2.61109145920338
"243",81,81,3,10.1616606851928,17.4698587752372,18.5181563816116,19.2866087171511,20.4977847094041,21.6062479044007,23.8917759171396,24.7816978607189,26.6855073852938,1,1,1,1,1,1,1,1,1,1,0.961538461538462,0.961538461538462,0.961538461538462,0.923076923076923,0.923076923076923,0.884615384615385,0,0,0,0,0,0,0,0,2243,16.2621359223301,6.10047523713735
"244",82,82,1,10.1669204733063,17.4804949739344,18.5295637797585,19.298581441418,20.5106484576065,21.6199271139767,23.9071365175106,24.7977131485652,26.7029232456959,1,1,1,1,1,1,1,1,0.928571428571429,0.928571428571429,0.892857142857143,0.892857142857143,0.892857142857143,0.857142857142857,0.857142857142857,0.821428571428571,0,0,0,0,0,0,0,0,2244,12.0280474649407,1.86112699163441
"245",82,82,2,10.1715617840203,17.4851362846485,18.5342050904725,19.303222752132,20.5152897683205,21.6245684246907,23.9117778282246,24.8023544592793,26.7075645564099,1,1,1,1,1,1,1,1,0.928571428571429,0.928571428571429,0.892857142857143,0.892857142857143,0.892857142857143,0.857142857142857,0.857142857142857,0.821428571428571,0,0,0,0,0,0,0,0,2245,11.0571736785329,0.885611894512627
"246",82,82,3,10.1726260336107,17.4862005342389,18.535269340063,19.3042870017225,20.516354017911,21.6256326742812,23.9128420778151,24.8034187088697,26.7086288060004,1,1,1,1,1,1,1,1,0.896551724137931,0.896551724137931,0.862068965517241,0.862068965517241,0.862068965517241,0.827586206896552,0.827586206896552,0.793103448275862,0,0,0,0,0,0,0,0,2246,8.54908306364617,-1.62354296996458
"247",83,83,1,10.1727497023037,17.4852461358834,18.5341603023433,19.303064605945,20.5149529558041,21.624068097498,23.9109403519278,24.8013857063652,26.7063149635009,1,1,1,1,1,1,1,1,0.928571428571429,0.928571428571429,0.892857142857143,0.892857142857143,0.892857142857143,0.857142857142857,0.857142857142857,0.821428571428571,0,0,0,0,0,0,0,0,2247,11.1380798274002,0.965330125096543
"248",83,83,2,10.171385610133,17.4838820437128,18.5327962101726,19.3017005137743,20.5135888636334,21.6227040053274,23.9095762597571,24.8000216141946,26.7049508713303,1,1,1,1,1,1,1,1,0.896551724137931,0.896551724137931,0.862068965517241,0.862068965517241,0.862068965517241,0.827586206896552,0.827586206896552,0.793103448275862,0,0,0,0,0,0,0,0,2248,8.25242718446602,-1.918958425667
"249",83,83,3,10.1729060045316,17.4854024381113,18.5343166045711,19.3032209081729,20.515109258032,21.6242243997259,23.9110966541557,24.8015420085931,26.7064712657288,1,1,1,1,1,1,1,1,1,1,0.961538461538462,0.961538461538462,0.961538461538462,0.923076923076923,0.923076923076923,0.884615384615385,0,0,0,0,0,0,0,0,2249,17.7184466019417,7.54554059741019
"250",84,84,1,10.1676733414855,17.4854490460242,18.5351204780975,19.3045798936499,20.5173431686497,21.6272590381677,23.9157823044495,24.8068705176347,26.713175042136,1,1,1,1,1,1,1,1,0.896551724137931,0.896551724137931,0.862068965517241,0.862068965517241,0.862068965517241,0.827586206896552,0.827586206896552,0.793103448275862,0,0,0,0,0,0,0,0,2250,9.23678532901834,-0.930888012467136
"251",84,84,2,10.1774163497029,17.4951920542416,18.5448634863149,19.3143229018674,20.5270861768672,21.6370020463852,23.925525312667,24.8166135258521,26.7229180503534,1,1,1,1,1,1,1,1,0.928571428571429,0.928571428571429,0.892857142857143,0.892857142857143,0.892857142857143,0.857142857142857,0.857142857142857,0.821428571428571,0,0,0,0,0,0,0,0,2251,9.39859762675297,-0.778818722949934
"252",84,84,3,10.1772304735525,17.4950061780912,18.5446776101645,19.314137025717,20.5269003007168,21.6368161702347,23.9253394365165,24.8164276497017,26.722732174203,1,1,1,1,1,1,1,1,0.928571428571429,0.928571428571429,0.892857142857143,0.892857142857143,0.892857142857143,0.857142857142857,0.857142857142857,0.821428571428571,0,0,0,0,0,0,0,0,2252,9.85706580366775,-0.320164669884743
"253",85,85,1,10.1758131717139,17.4923226891491,18.5418124976684,19.3111387744601,20.5236922062944,21.6334160282262,23.9215433137124,24.8124773428327,26.7184520214488,1,1,1,1,1,1,1,1,0.928571428571429,0.928571428571429,0.892857142857143,0.892857142857143,0.892857142857143,0.857142857142857,0.857142857142857,0.821428571428571,0,0,0,0,0,0,0,0,2253,10.5043149946063,0.32850182289231
"254",85,85,2,10.1750216455048,17.4915311629399,18.5410209714592,19.310347248251,20.5229006800852,21.6326245020171,23.9207517875032,24.8116858166235,26.7176604952397,1,1,1,1,1,1,1,1,0.962962962962963,0.962962962962963,0.925925925925926,0.925925925925926,0.925925925925926,0.888888888888889,0.888888888888889,0.851851851851852,0,0,0,0,0,0,0,0,2254,13.3495145631068,3.17449291760199
"255",85,85,3,10.1715422282104,17.4880517456455,18.5375415541649,19.3068678309566,20.5194212627909,21.6291450847227,23.9172723702088,24.8082063993292,26.7141810779453,1,1,1,1,1,1,1,1,0.896551724137931,0.896551724137931,0.862068965517241,0.862068965517241,0.862068965517241,0.827586206896552,0.827586206896552,0.793103448275862,0,0,0,0,0,0,0,0,2255,8.88619201725998,-1.28535021095045
"256",86,86,1,10.1746294311085,17.4885445009484,18.537662158471,19.3067156307643,20.5188390889441,21.6281694007884,23.9154853121733,24.8061034144649,26.71140223099,1,1,1,1,1,1,1,1,0.928571428571429,0.928571428571429,0.892857142857143,0.892857142857143,0.892857142857143,0.857142857142857,0.857142857142857,0.821428571428571,0,0,0,0,0,0,0,0,2256,12.1224379719525,1.94780854084402
"257",86,86,2,10.1691479013548,17.4830629711948,18.5321806287173,19.3012341010107,20.5133575591905,21.6226878710347,23.9100037824197,24.8006218847112,26.7059207012364,1,1,1,1,1,1,1,1,0.896551724137931,0.896551724137931,0.862068965517241,0.862068965517241,0.862068965517241,0.827586206896552,0.827586206896552,0.793103448275862,0,0,0,0,0,0,0,0,2257,9.20981661272923,-0.959331288625613
"258",86,86,3,10.1740812781331,17.4879963479731,18.5371140054956,19.306167477789,20.5182909359688,21.627621247813,23.914937159198,24.8055552614895,26.7108540780147,1,1,1,1,1,1,1,1,0.928571428571429,0.928571428571429,0.892857142857143,0.892857142857143,0.892857142857143,0.857142857142857,0.857142857142857,0.821428571428571,0,0,0,0,0,0,0,0,2258,10.9088457389428,0.734764460809679
"259",87,87,1,10.1733187718246,17.4872402388207,18.5363588139598,19.30541295891,20.5175374772802,21.6268687594063,23.9141866714048,24.8048055526804,26.7101060356856,1,1,1,1,1,1,1,1,0.896551724137931,0.896551724137931,0.862068965517241,0.862068965517241,0.862068965517241,0.827586206896552,0.827586206896552,0.793103448275862,0,0,0,0,0,0,0,0,2259,7.84789644012945,-2.3254223316952
"260",87,87,2,10.1782946645437,17.4922161315397,18.5413347066788,19.310388851629,20.5225133699993,21.6318446521254,23.9191625641238,24.8097814453994,26.7150819284047,1,1,1,1,1,1,1,1,0.962962962962963,0.962962962962963,0.925925925925926,0.925925925925926,0.925925925925926,0.888888888888889,0.888888888888889,0.851851851851852,0,0,0,0,0,0,0,0,2260,14.0507011866235,3.87240652207983
"261",87,87,3,10.1682113577122,17.4821328247082,18.5312513998473,19.3003055447975,20.5124300631677,21.6217613452939,23.9090792572923,24.7996981385679,26.7049986215731,1,1,1,1,1,1,1,1,0.896551724137931,0.896551724137931,0.862068965517241,0.862068965517241,0.862068965517241,0.827586206896552,0.827586206896552,0.793103448275862,0,0,0,0,0,0,0,0,2261,9.04800431499461,-1.12020704271755
"262",88,88,1,10.1802310908857,17.4949273634693,18.5441570777474,19.3132926930075,20.5255456186698,21.6349944186117,23.922554639296,24.8132678689303,26.7187701913273,1,1,1,1,1,1,1,1,0.928571428571429,0.928571428571429,0.892857142857143,0.892857142857143,0.892857142857143,0.857142857142857,0.857142857142857,0.821428571428571,0,0,0,0,0,0,0,0,2262,11.8122977346278,1.63206664374215
"263",88,88,2,10.1738562828471,17.4885525554307,18.5377822697088,19.3069178849689,20.5191708106312,21.6286196105731,23.9161798312574,24.8068930608917,26.7123953832887,1,1,1,1,1,1,1,1,0.928571428571429,0.928571428571429,0.892857142857143,0.892857142857143,0.892857142857143,0.857142857142857,0.857142857142857,0.821428571428571,0,0,0,0,0,0,0,0,2263,10.3559870550162,0.182130772169105
"264",88,88,3,10.1772147183016,17.4919109908852,18.5411407051633,19.3102763204234,20.5225292460857,21.6319780460276,23.9195382667119,24.8102514963461,26.7157538187431,1,1,1,1,1,1,1,1,0.896551724137931,0.896551724137931,0.862068965517241,0.862068965517241,0.862068965517241,0.827586206896552,0.827586206896552,0.793103448275862,0,0,0,0,0,0,0,0,2264,8.02319309600863,-2.15402162229293
"265",89,89,1,10.183318852049,17.498507831006,18.5478082197383,19.3169956427572,20.5293302238594,21.638853754518,23.9265680616412,24.81734128831,26.7229719623301,1,1,1,1,1,1,1,1,0.928571428571429,0.928571428571429,0.892857142857143,0.892857142857143,0.892857142857143,0.857142857142857,0.857142857142857,0.821428571428571,0,0,0,0,0,0,0,0,2265,10.9897518878101,0.806433035761184
"266",89,89,2,10.176157655215,17.491346634172,18.5406470229043,19.3098344459232,20.5221690270255,21.6316925576841,23.9194068648072,24.810180091476,26.7158107654961,1,1,1,1,1,1,1,1,0.928571428571429,0.928571428571429,0.892857142857143,0.892857142857143,0.892857142857143,0.857142857142857,0.857142857142857,0.821428571428571,0,0,0,0,0,0,0,0,2266,9.8705501618123,-0.305607493402675
"267",89,89,3,10.1788593794751,17.4940483584321,18.5433487471644,19.3125361701833,20.5248707512856,21.6343942819442,23.9221085890673,24.8128818157361,26.7185124897562,1,1,1,1,1,1,1,1,0.962962962962963,0.962962962962963,0.925925925925926,0.925925925925926,0.925925925925926,0.888888888888889,0.888888888888889,0.851851851851852,0,0,0,0,0,0,0,0,2267,14.940668824164,4.7618094446889
"268",90,90,1,10.1730119035086,17.4893955585863,18.5388673132425,19.3081803556882,20.5207129285551,21.6304176604474,23.9185055843918,24.8094242872071,26.7153661782671,1,1,1,1,1,1,1,1,0.928571428571429,0.928571428571429,0.892857142857143,0.892857142857143,0.892857142857143,0.857142857142857,0.857142857142857,0.821428571428571,0,0,0,0,0,0,0,0,2268,10.1267529665588,-0.0462589369497763
"269",90,90,2,10.1838190298216,17.5002026848994,18.5496744395556,19.3189874820013,20.5315200548682,21.6412247867604,23.9293127107049,24.8202314135201,26.7261733045802,1,1,1,1,1,1,1,1,1,1,0.961538461538462,0.961538461538462,0.961538461538462,0.923076923076923,0.923076923076923,0.884615384615385,0,0,0,0,0,0,0,0,2269,17.8802588996764,7.69643986985475
"270",90,90,3,10.1664125938832,17.482796248961,18.5322680036172,19.3015810460629,20.5141136189298,21.623818350822,23.9119062747665,24.8028249775817,26.7087668686418,1,1,1,1,1,1,1,1,0.896551724137931,0.896551724137931,0.862068965517241,0.862068965517241,0.862068965517241,0.827586206896552,0.827586206896552,0.793103448275862,0,0,0,0,0,0,0,0,2270,7.11974110032363,-3.0466714935596
"271",91,91,1,10.1912161814561,17.5089393691336,18.5586032681187,19.328057161557,20.5408117330213,21.6507196371,23.9392264795307,24.8303082977185,26.7365991414056,1,1,1,1,1,1,1,1,0.928571428571429,0.928571428571429,0.892857142857143,0.892857142857143,0.892857142857143,0.857142857142857,0.857142857142857,0.821428571428571,0,0,0,0,0,0,0,0,2271,10.2615965480043,0.0703803665481946
"272",91,91,2,10.1804258507677,17.4981490384452,18.5478129374303,19.3172668308686,20.5300214023329,21.6399293064116,23.9284361488423,24.8195179670301,26.7258088107172,1,1,1,1,1,1,1,1,0.896551724137931,0.896551724137931,0.862068965517241,0.862068965517241,0.862068965517241,0.827586206896552,0.827586206896552,0.793103448275862,0,0,0,0,0,0,0,0,2272,8.95361380798274,-1.22681204278497
"273",91,91,3,10.1849179626852,17.5026411503626,18.5523050493478,19.3217589427861,20.5345135142504,21.6444214183291,23.9329282607598,24.8240100789476,26.7303009226346,1,1,1,1,1,1,1,1,0.928571428571429,0.928571428571429,0.892857142857143,0.892857142857143,0.892857142857143,0.857142857142857,0.857142857142857,0.821428571428571,0,0,0,0,0,0,0,0,2273,12.3651564185545,2.18023845586927
"274",92,92,1,10.1699232486486,17.4860044899353,18.5354328659571,19.3047141097869,20.5171965640994,21.6268554277006,23.9148487763226,24.8057306541003,26.7115937653779,1,1,1,1,1,1,1,1,0.962962962962963,0.962962962962963,0.925925925925926,0.925925925925926,0.925925925925926,0.888888888888889,0.888888888888889,0.851851851851852,0,0,0,0,0,0,0,0,2274,12.7022653721683,2.53234212351973
"275",92,92,2,10.1686986780932,17.48477991938,18.5342082954017,19.3034895392315,20.515971993544,21.6256308571453,23.9136242057673,24.804506083545,26.7103691948226,1,1,1,1,1,1,1,1,0.928571428571429,0.928571428571429,0.892857142857143,0.892857142857143,0.892857142857143,0.857142857142857,0.857142857142857,0.821428571428571,0,0,0,0,0,0,0,0,2275,9.92448759439051,-0.244211083702734
"276",92,92,3,10.1787891394691,17.4948703807558,18.5442987567776,19.3135800006074,20.5260624549199,21.6357213185211,23.9237146671431,24.8145965449208,26.7204596561985,0,0,0,0,0,1,1,1,0,0,0,0,0,1,1,0.958333333333333,0,0,0,0,0,0,0,0,2276,23.0312837108954,12.8524945714263
"277",93,93,1,10.1410796156616,17.4728195894095,18.5244940747397,19.2954218242311,20.5104993752545,21.6225332604957,23.9154236399922,24.8082122873258,26.7181545496656,1,1,1,1,1,1,1,1,0.928571428571429,0.928571428571429,0.892857142857143,0.892857142857143,0.892857142857143,0.857142857142857,0.857142857142857,0.821428571428571,1,1,1,1,1,0,0,0,2277,10.3829557713053,0.241876155643675
"278",93,93,2,10.1849372351395,17.5166772088874,18.5683516942176,19.339279443709,20.5543569947324,21.6663908799736,23.9592812594702,24.8520699068037,26.7620121691436,1,1,1,1,1,1,1,1,0.928571428571429,0.928571428571429,0.892857142857143,0.892857142857143,0.892857142857143,0.857142857142857,0.857142857142857,0.821428571428571,1,1,1,1,1,0,0,0,2278,11.2729234088457,1.08798617370621
"279",93,93,3,10.1818513045579,17.5135912783058,18.565265763636,19.3361935131274,20.5512710641508,21.663304949392,23.9561953288886,24.8489839762221,26.758926238562,1,1,1,1,1,1,1,1,0.896551724137931,0.896551724137931,0.862068965517241,0.862068965517241,0.862068965517241,0.827586206896552,0.827586206896552,0.793103448275862,0,0,0,0,0,0,0,0,2279,8.88619201725998,-1.29565928729795
"280",94,94,1,10.1906962102435,17.5225843451265,18.574280082886,19.3452234114256,20.5603255169572,21.6723818743815,23.965318589024,24.8581252779929,26.7681061367934,1,1,1,1,1,1,1,1,0.928571428571429,0.928571428571429,0.892857142857143,0.892857142857143,0.892857142857143,0.857142857142857,0.857142857142857,0.821428571428571,0,0,0,0,0,0,0,0,2280,10.8683926645092,0.677696454265678
"281",94,94,2,10.1839435447728,17.5158316796558,18.5675274174154,19.338470745955,20.5535728514865,21.6656292089108,23.9585659235533,24.8513726125222,26.7613534713228,1,1,1,1,1,1,1,1,0.896551724137931,0.896551724137931,0.862068965517241,0.862068965517241,0.862068965517241,0.827586206896552,0.827586206896552,0.793103448275862,0,0,0,0,0,0,0,0,2281,8.34681769147789,-1.83712585329493
"282",94,94,3,10.1925336702355,17.5244218051185,18.5761175428781,19.3470608714177,20.5621629769492,21.6742193343735,23.967156049016,24.8599627379849,26.7699435967855,0,0,1,1,1,1,1,1,0,0,1,1,1,0.96,0.96,0.92,0,0,0,0,0,0,0,0,2282,19.2017259978425,9.00919232760699
"283",95,95,1,10.1548747126671,17.4939184356301,18.5466405804142,19.3183363144448,20.5346243041555,21.6477659778134,23.9429404940046,24.8366185215405,26.7484634344585,1,1,1,1,1,1,1,1,0.928571428571429,0.928571428571429,0.892857142857143,0.892857142857143,0.892857142857143,0.857142857142857,0.857142857142857,0.821428571428571,1,1,0,0,0,0,0,0,2283,10.0862998921251,-0.0685748205419365
"284",95,95,2,10.1907882538169,17.5298319767799,18.582554121564,19.3542498555946,20.5705378453053,21.6836795189632,23.9788540351543,24.8725320626903,26.7843769756083,1,1,1,1,1,1,1,1,0.928571428571429,0.928571428571429,0.892857142857143,0.892857142857143,0.892857142857143,0.857142857142857,0.857142857142857,0.821428571428571,1,1,0,0,0,0,0,0,2284,9.80312837108954,-0.387659882727323
"285",95,95,3,10.1919039111603,17.5309476341233,18.5836697789074,19.355365512938,20.5716535026487,21.6847951763066,23.9799696924978,24.8736477200337,26.7854926329517,1,1,1,1,1,1,1,1,1,1,0.961538461538462,0.961538461538462,0.961538461538462,0.923076923076923,0.923076923076923,0.884615384615385,0,0,0,0,0,0,0,0,2285,15.9115426105717,5.71963869941147
"286",96,96,1,10.1730296344774,17.5142264575346,18.5672574458458,19.3391795769685,20.5558243965176,21.6692926393489,23.96514050491,24.8590807162288,26.7714865187691,1,1,1,1,1,1,1,1,0.928571428571429,0.928571428571429,0.892857142857143,0.892857142857143,0.892857142857143,0.857142857142857,0.857142857142857,0.821428571428571,0,0,0,0,0,0,0,0,2286,10.2615965480043,0.0885669135269058
"287",96,96,2,10.1948964915803,17.5360933146375,18.5891243029487,19.3610464340714,20.5776912536205,21.6911594964517,23.9870073620129,24.8809475733317,26.793353375872,1,1,1,1,1,1,1,1,0.962962962962963,0.962962962962963,0.925925925925926,0.925925925925926,0.925925925925926,0.888888888888889,0.888888888888889,0.851851851851852,0,0,0,0,0,0,0,0,2287,15.453074433657,5.25817794207665
"288",96,96,3,10.1748040333831,17.5160008564403,18.5690318447515,19.3409539758742,20.5575987954233,21.6710670382546,23.9669149038157,24.8608551151345,26.7732609176748,1,1,1,1,1,1,1,1,0.928571428571429,0.928571428571429,0.892857142857143,0.892857142857143,0.892857142857143,0.857142857142857,0.857142857142857,0.821428571428571,0,0,0,0,0,0,0,0,2288,9.95145631067961,-0.223347722703521
"289",97,97,1,10.1992133907656,17.5426683491632,18.5960232473963,19.3681828199998,20.5852018767107,21.699012619825,23.9955666829349,24.8897818682167,26.8027759224048,0,0,1,1,1,1,1,1,0,0,1,1,1,0.96,0.96,0.92,0,0,0,0,0,0,0,0,2289,19.336569579288,9.13735618852243
"290",97,97,2,10.1634192191836,17.5068741775812,18.5602290758143,19.3323886484178,20.5494077051287,21.663218448243,23.9597725113529,24.8539876966347,26.7669817508228,1,1,1,1,1,1,1,1,0.896551724137931,0.896551724137931,0.862068965517241,0.862068965517241,0.862068965517241,0.827586206896552,0.827586206896552,0.793103448275862,1,1,0,0,0,0,0,0,2290,8.48166127292341,-1.6817579462602
"291",97,97,3,10.2048190871771,17.5482740455748,18.6016289438079,19.3737885164113,20.5908075731223,21.7046183162366,24.0011723793465,24.8953875646282,26.8083816188164,1,1,1,1,1,1,1,1,0.928571428571429,0.928571428571429,0.892857142857143,0.892857142857143,0.892857142857143,0.857142857142857,0.857142857142857,0.821428571428571,1,1,0,0,0,0,0,0,2291,9.51995685005394,-0.684862237123211
"292",98,98,1,10.2011094698404,17.5490837460896,18.6030869012565,19.3757216772296,20.593489713267,21.7079859191237,24.0059533302875,24.9007188345503,26.8148901858319,1,1,1,1,1,1,1,1,0.928571428571429,0.928571428571429,0.892857142857143,0.892857142857143,0.892857142857143,0.857142857142857,0.857142857142857,0.821428571428571,0,0,0,0,0,0,0,0,2292,10.4773462783172,0.276236808476726
"293",98,98,2,10.1970979901297,17.5450722663789,18.5990754215459,19.3717101975189,20.5894782335563,21.703974439413,24.0019418505768,24.8967073548396,26.8108787061213,1,1,1,1,1,1,1,1,0.928571428571429,0.928571428571429,0.892857142857143,0.892857142857143,0.892857142857143,0.857142857142857,0.857142857142857,0.821428571428571,0,0,0,0,0,0,0,0,2293,12.3921251348436,2.19502714471384
"294",98,98,3,10.1890750307084,17.5370493069575,18.5910524621245,19.3636872380975,20.5814552741349,21.6959514799916,23.9939188911555,24.8886843954182,26.8028557466999,1,1,1,1,1,1,1,1,0.896551724137931,0.896551724137931,0.862068965517241,0.862068965517241,0.862068965517241,0.827586206896552,0.827586206896552,0.793103448275862,0,0,0,0,0,0,0,0,2294,8.36030204962244,-1.82877298108592
"295",99,99,1,10.2058787404791,17.5544138250582,18.6084974233143,19.381191167923,20.5990521458289,21.7136334116943,24.0117762071502,24.9066100012476,26.8209274449349,1,1,1,1,1,1,1,1,1,1,0.961538461538462,0.961538461538462,0.961538461538462,0.923076923076923,0.923076923076923,0.884615384615385,0,0,0,0,0,0,0,0,2295,15.9385113268608,5.73263258638179
"296",99,99,2,10.1726749995191,17.5212100840983,18.5752936823543,19.3479874269631,20.565848404869,21.6804296707344,23.9785724661902,24.8734062602876,26.787723703975,1,1,1,1,1,1,1,1,0.896551724137931,0.896551724137931,0.862068965517241,0.862068965517241,0.862068965517241,0.827586206896552,0.827586206896552,0.793103448275862,0,0,0,0,0,0,0,0,2296,8.26591154261057,-1.90676345690856
"297",99,99,3,10.2062923102063,17.5548273947855,18.6089109930415,19.3816047376503,20.5994657155561,21.7140469814216,24.0121897768774,24.9070235709748,26.8213410146621,1,1,1,1,1,1,1,1,0.896551724137931,0.896551724137931,0.862068965517241,0.862068965517241,0.862068965517241,0.827586206896552,0.827586206896552,0.793103448275862,0,0,0,0,0,0,0,0,2297,8.69741100323625,-1.50888130697007
"298",100,100,1,10.2028491274973,17.5504410016303,18.6043893045316,19.3769838711678,20.5946885323135,21.7091267377348,24.0069745584417,24.9016934974595,26.8157652317381,1,1,1,1,1,1,1,1,0.928571428571429,0.928571428571429,0.892857142857143,0.892857142857143,0.892857142857143,0.857142857142857,0.857142857142857,0.821428571428571,0,0,0,0,0,0,0,0,2298,11.4347357065804,1.23188657908304
"299",100,100,2,10.1887068090547,17.5362986831877,18.590246986089,19.3628415527251,20.5805462138708,21.6949844192921,23.992832239999,24.8875511790168,26.8016229132955,1,1,1,1,1,1,1,1,0.928571428571429,0.928571428571429,0.892857142857143,0.892857142857143,0.892857142857143,0.857142857142857,0.857142857142857,0.821428571428571,0,0,0,0,0,0,0,0,2299,10.0188781014024,-0.169828707652295
"300",100,100,3,10.1960218013526,17.5436136754856,18.5975619783869,19.3701565450231,20.5878612061687,21.70229941159,24.000147232297,24.8948661713148,26.8089379055934,1,1,1,1,1,1,1,1,0.928571428571429,0.928571428571429,0.892857142857143,0.892857142857143,0.892857142857143,0.857142857142857,0.857142857142857,0.821428571428571,0,0,0,0,0,0,0,0,2300,10.9897518878101,0.793730086457545
"301",101,101,1,10.1885944651941,17.5345942715666,18.5883142061612,19.3607413678948,20.5781821781944,21.6923789084265,23.9897288341093,24.8842539064559,26.7979109018716,1,1,1,1,1,1,1,1,0.928571428571429,0.928571428571429,0.892857142857143,0.892857142857143,0.892857142857143,0.857142857142857,0.857142857142857,0.821428571428571,0,0,0,0,0,0,0,0,2301,10.6391585760518,0.450564110857714
"302",101,101,2,10.1905166438533,17.5365164502258,18.5902363848205,19.3626635465541,20.5801043568537,21.6943010870858,23.9916510127685,24.8861760851152,26.7998330805309,1,1,1,1,1,1,1,1,0.962962962962963,0.962962962962963,0.925925925925926,0.925925925925926,0.925925925925926,0.888888888888889,0.888888888888889,0.851851851851852,0,0,0,0,0,0,0,0,2302,14.7788565264293,4.58833988257601
"303",101,101,3,10.1678201496843,17.5138199560568,18.5675398906515,19.3399670523851,20.5574078626847,21.6716045929168,23.9689545185995,24.8634795909462,26.7771365863619,1,1,1,1,1,1,1,1,0.896551724137931,0.896551724137931,0.862068965517241,0.862068965517241,0.862068965517241,0.827586206896552,0.827586206896552,0.793103448275862,0,0,0,0,0,0,0,0,2303,7.96925566343042,-2.19856448625392
"304",102,102,1,10.2085268080402,17.556278865565,18.610250145384,19.3828615552009,20.6005927632842,21.7150552643515,24.0129531799826,24.9076916245904,26.8218050871669,1,1,1,1,1,1,1,1,0.928571428571429,0.928571428571429,0.892857142857143,0.892857142857143,0.892857142857143,0.857142857142857,0.857142857142857,0.821428571428571,0,0,0,0,0,0,0,0,2304,10.9762675296656,0.767740721625353
"305",102,102,2,10.1920316503892,17.5397837079139,18.593754987733,19.3663663975499,20.5840976056331,21.6985601067005,23.9964580223316,24.8911964669393,26.8053099295159,1,1,1,1,1,1,1,1,0.896551724137931,0.896551724137931,0.862068965517241,0.862068965517241,0.862068965517241,0.827586206896552,0.827586206896552,0.793103448275862,0,0,0,0,0,0,0,0,2305,8.72437971952535,-1.46765193086383
"306",102,102,3,10.2043845262983,17.552136583823,18.606107863642,19.378719273459,20.5964504815422,21.7109129826096,24.0088108982407,24.9035493428484,26.817662805425,1,1,1,1,1,1,1,1,0.928571428571429,0.928571428571429,0.892857142857143,0.892857142857143,0.892857142857143,0.857142857142857,0.857142857142857,0.821428571428571,0,0,0,0,0,0,0,0,2306,12.2707659115426,2.06638138524434
"307",103,103,1,10.182813869582,17.530827054256,18.5848357904989,19.3574746576678,20.5752491419363,21.689751249187,23.9877308283701,24.8825010705259,26.7966825575796,1,1,1,1,1,1,1,1,1,1,0.961538461538462,0.961538461538462,0.961538461538462,0.923076923076923,0.923076923076923,0.884615384615385,0,0,0,0,0,0,0,0,2307,15.7766990291262,5.59388515954419
"308",103,103,2,10.1627849722361,17.51079815691,18.5648068931529,19.3374457603218,20.5552202445903,21.6697223518411,23.9677019310241,24.8624721731799,26.7766536602336,1,1,1,1,1,1,1,1,0.928571428571429,0.928571428571429,0.892857142857143,0.892857142857143,0.892857142857143,0.857142857142857,0.857142857142857,0.821428571428571,0,0,0,0,0,0,0,0,2308,11.4617044228695,1.29891945063342
"309",103,103,3,10.1874359228157,17.5354491074896,18.5894578437326,19.3620967109015,20.5798711951699,21.6943733024207,23.9923528816038,24.8871231237596,26.8013046108133,1,1,1,1,1,1,1,1,0.896551724137931,0.896551724137931,0.862068965517241,0.862068965517241,0.862068965517241,0.827586206896552,0.827586206896552,0.793103448275862,0,0,0,0,0,0,0,0,2309,7.03883495145631,-3.14860097135941
"310",104,104,1,10.2184953753015,17.5686736530829,18.6229929531466,19.3958594784653,20.613992780155,21.7288232756068,24.0274799547926,24.9225138411248,26.83725934202,1,1,1,1,1,1,1,1,0.896551724137931,0.896551724137931,0.862068965517241,0.862068965517241,0.862068965517241,0.827586206896552,0.827586206896552,0.793103448275862,0,0,0,0,0,0,0,0,2310,7.99622437971953,-2.22227099558201
"311",104,104,2,10.2130565019194,17.5632347797008,18.6175540797645,19.3904206050832,20.6085539067729,21.7233844022247,24.0220410814105,24.9170749677427,26.8318204686379,1,1,1,1,1,1,1,1,0.866666666666667,0.866666666666667,0.833333333333333,0.833333333333333,0.833333333333333,0.8,0.8,0.766666666666667,0,0,0,0,0,0,0,0,2311,6.20280474649407,-4.01025175542536
"312",104,104,3,10.2232448140296,17.5734230918109,18.6277423918747,19.4006089171933,20.618742218883,21.7335727143348,24.0322293935206,24.9272632798528,26.842008780748,1,1,1,1,1,1,1,1,0.928571428571429,0.928571428571429,0.892857142857143,0.892857142857143,0.892857142857143,0.857142857142857,0.857142857142857,0.821428571428571,0,0,0,0,0,0,0,0,2312,10.8549083063646,0.631663492335035
"313",105,105,1,10.1955724657723,17.5475291663612,18.6021035657462,19.3751570910809,20.5935851279409,21.708685363786,24.0078982177081,24.9031486632334,26.8183574490913,1,1,1,1,1,1,1,1,0.896551724137931,0.896551724137931,0.862068965517241,0.862068965517241,0.862068965517241,0.827586206896552,0.827586206896552,0.793103448275862,0,0,0,0,0,0,0,0,2313,7.96925566343042,-2.22631680234193
"314",105,105,2,10.2111907374132,17.563147438002,18.617721837387,19.3907753627217,20.6092033995817,21.7243036354268,24.0235164893489,24.9187669348742,26.8339757207321,1,1,1,1,1,1,1,1,0.928571428571429,0.928571428571429,0.892857142857143,0.892857142857143,0.892857142857143,0.857142857142857,0.857142857142857,0.821428571428571,0,0,0,0,0,0,0,0,2314,9.51995685005394,-0.691233887359218
"315",105,105,3,10.2027977409707,17.5547544415596,18.6093288409445,19.3823823662792,20.6008104031392,21.7159106389843,24.0151234929064,24.9103739384317,26.8255827242896,1,1,1,1,1,1,1,1,0.896551724137931,0.896551724137931,0.862068965517241,0.862068965517241,0.862068965517241,0.827586206896552,0.827586206896552,0.793103448275862,0,0,0,0,0,0,0,0,2315,7.01186623516721,-3.19093150580346
"316",106,106,1,10.2142972836186,17.5670137814357,18.6216971671407,19.394830584666,20.6133845415066,21.7286000187905,24.0280504877618,24.9233934540724,26.8388001695953,1,1,1,1,1,1,1,1,1,1,0.961538461538462,0.961538461538462,0.961538461538462,0.923076923076923,0.923076923076923,0.884615384615385,0,0,0,0,0,0,0,0,2316,15.8036677454153,5.58937046179672
"317",106,106,2,10.1672266894789,17.519943187296,18.574626573001,19.3477599905263,20.5663139473669,21.6815294246508,23.9809798936221,24.8763228599327,26.7917295754556,1,1,1,1,1,1,1,1,0.896551724137931,0.896551724137931,0.862068965517241,0.862068965517241,0.862068965517241,0.827586206896552,0.827586206896552,0.793103448275862,0,0,0,0,0,0,0,0,2317,8.9940668824164,-1.17315980706253
"318",106,106,3,10.2036847416883,17.5564012395054,18.6110846252104,19.3842180427357,20.6027719995763,21.7179874768602,24.0174379458315,24.9127809121421,26.828187627665,1,1,1,1,1,1,1,1,0.962962962962963,0.962962962962963,0.925925925925926,0.925925925925926,0.925925925925926,0.888888888888889,0.888888888888889,0.851851851851852,0,0,0,0,0,0,0,0,2318,14.5361380798274,4.33245333813906
"319",107,107,1,10.1799994383803,17.5367476769765,18.5920093809148,19.3655667333936,20.5847888641915,21.7006158514825,24.0013271861798,24.8971610990337,26.8136180962267,0,0,1,1,1,1,1,1,0,0,1,1,1,0.96,0.96,0.92,0,0,0,0,0,0,0,0,2319,20.2265372168285,10.0465377784481
"320",107,107,2,10.1474020079077,17.5041502465039,18.5594119504422,19.332969302921,20.5521914337189,21.6680184210099,23.9687297557072,24.8645636685611,26.7810206657541,1,1,1,1,1,1,1,1,0.896551724137931,0.896551724137931,0.862068965517241,0.862068965517241,0.862068965517241,0.827586206896552,0.827586206896552,0.793103448275862,1,1,0,0,0,0,0,0,2320,7.20064724919094,-2.94675475871681
"321",107,107,3,10.2220207705535,17.5787690091497,18.634030713088,19.4075880655668,20.6268101963647,21.7426371836557,24.043348518353,24.9391824312069,26.8556394283999,1,1,1,1,1,1,1,1,0.928571428571429,0.928571428571429,0.892857142857143,0.892857142857143,0.892857142857143,0.857142857142857,0.857142857142857,0.821428571428571,1,1,0,0,0,0,0,0,2321,10.6391585760518,0.417137805498248
"322",108,108,1,10.2003920795735,17.553848155674,18.6086376274667,19.3818488111735,20.6005253371413,21.7158529891771,24.0155347500296,24.9109677750571,26.8265671531437,1,1,1,1,1,1,1,1,0.928571428571429,0.928571428571429,0.892857142857143,0.892857142857143,0.892857142857143,0.857142857142857,0.857142857142857,0.821428571428571,0,0,0,0,0,0,0,0,2322,11.3673139158576,1.1669218362841
"323",108,108,2,10.1970381215213,17.5504941976217,18.6052836694145,19.3784948531213,20.5971713790891,21.7124990311248,24.0121807919773,24.9076138170049,26.8232131950915,1,1,1,1,1,1,1,1,0.928571428571429,0.928571428571429,0.892857142857143,0.892857142857143,0.892857142857143,0.857142857142857,0.857142857142857,0.821428571428571,0,0,0,0,0,0,0,0,2323,11.596548004315,1.39950988279372
"324",108,108,3,10.1959822458382,17.5494383219386,18.6042277937314,19.3774389774382,20.596115503406,21.7114431554417,24.0111249162942,24.9065579413217,26.8221573194084,1,1,1,1,1,1,1,1,0.866666666666667,0.866666666666667,0.833333333333333,0.833333333333333,0.833333333333333,0.8,0.8,0.766666666666667,0,0,0,0,0,0,0,0,2324,6.17583603020496,-4.0201462156332
"325",109,109,1,10.219365736119,17.5737283293939,18.6286478332099,19.4019543366154,20.6207810982261,21.7362462452929,24.0362115056306,24.9317549175847,26.8475904463626,1,1,1,1,1,1,1,1,0.928571428571429,0.928571428571429,0.892857142857143,0.892857142857143,0.892857142857143,0.857142857142857,0.857142857142857,0.821428571428571,0,0,0,0,0,0,0,0,2325,9.60086299892125,-0.618502737197748
"326",109,109,2,10.2041157799723,17.5584783732473,18.6133978770633,19.3867043804688,20.6055311420794,21.7209962891463,24.0209615494839,24.916504961438,26.8323404902159,1,1,1,1,1,1,1,1,0.896551724137931,0.896551724137931,0.862068965517241,0.862068965517241,0.862068965517241,0.827586206896552,0.827586206896552,0.793103448275862,0,0,0,0,0,0,0,0,2326,7.32200647249191,-2.88210930748043
"327",109,109,3,10.2142624043376,17.5686249976126,18.6235445014286,19.3968510048341,20.6156777664447,21.7311429135115,24.0311081738492,24.9266515858033,26.8424871145812,1,1,1,1,1,1,1,1,0.896551724137931,0.896551724137931,0.862068965517241,0.862068965517241,0.862068965517241,0.827586206896552,0.827586206896552,0.793103448275862,0,0,0,0,0,0,0,0,2327,8.07713052858684,-2.1371318757508
"328",110,110,1,10.2051224675763,17.5589016465301,18.6137374646238,19.3869826223881,20.6057126956755,21.7210893539939,24.020872160359,24.9163445297386,26.8320280771762,1,1,1,1,1,1,1,1,0.896551724137931,0.896551724137931,0.862068965517241,0.862068965517241,0.862068965517241,0.827586206896552,0.827586206896552,0.793103448275862,0,0,0,0,0,0,0,0,2328,9.277238403452,-0.927884064124337
"329",110,110,2,10.2003858401757,17.5541650191295,18.6090008372232,19.3822459949875,20.6009760682749,21.7163527265933,24.0161355329584,24.911607902338,26.8272914497756,0,0,1,1,1,1,1,1,0,0,1,1,1,0.96,0.96,0.92,0,0,0,0,0,0,0,0,2329,20.5771305285868,10.3767446884111
"330",110,110,3,10.1557870338645,17.5095662128182,18.5644020309119,19.3376471886762,20.5563772619636,21.671753920282,23.9715367266471,24.8670090960268,26.7826926434643,0,0,0,0,0,1,1,1,0,0,0,0,0,1,1,0.958333333333333,1,1,0,0,0,0,0,0,2330,22.9234088457389,12.7676218118745
"331",111,111,1,10.1989839987877,17.577336304153,18.6356969240215,19.4115259302461,20.6343284685102,21.7534322297173,24.0608999083426,24.9593645562767,26.8814494835803,1,1,1,1,1,1,1,1,0.896551724137931,0.896551724137931,0.862068965517241,0.862068965517241,0.862068965517241,0.827586206896552,0.827586206896552,0.793103448275862,1,1,1,1,1,0,0,0,2331,6.40507011866235,-3.79391388012533
"332",111,111,2,10.2116020113387,17.589954316704,18.6483149365725,19.4241439427971,20.6469464810612,21.7660502422683,24.0735179208936,24.9719825688277,26.8940674961313,1,1,1,1,1,1,1,1,0.928571428571429,0.928571428571429,0.892857142857143,0.892857142857143,0.892857142857143,0.857142857142857,0.857142857142857,0.821428571428571,1,1,1,1,1,0,0,0,2332,9.39859762675297,-0.813004384585708
"333",111,111,3,10.2093153184519,17.5876676238172,18.6460282436857,19.4218572499103,20.6446597881744,21.7637635493815,24.0712312280068,24.9696958759409,26.8917808032445,1,1,1,1,1,1,1,1,0.896551724137931,0.896551724137931,0.862068965517241,0.862068965517241,0.862068965517241,0.827586206896552,0.827586206896552,0.793103448275862,0,0,0,0,0,0,0,0,2333,7.07928802588997,-3.13002729256191
"334",112,112,1,10.2122799635255,17.5917891732422,18.650315741002,19.4262663949761,20.6492606651498,21.7685398985976,24.0763693814967,24.974974906095,26.8973612107691,1,1,1,1,1,1,1,1,0.928571428571429,0.928571428571429,0.892857142857143,0.892857142857143,0.892857142857143,0.857142857142857,0.857142857142857,0.821428571428571,0,0,0,0,0,0,0,0,2334,12.2168284789644,2.00454851543886
"335",112,112,2,10.2043986831274,17.583907892844,18.6424344606038,19.4183851145779,20.6413793847516,21.7606586181994,24.0684881010985,24.9670936256969,26.8894799303709,1,1,1,1,1,1,1,1,0.896551724137931,0.896551724137931,0.862068965517241,0.862068965517241,0.862068965517241,0.827586206896552,0.827586206896552,0.793103448275862,0,0,0,0,0,0,0,0,2335,6.87702265372168,-3.32737602940569
"336",112,112,3,10.2125902501554,17.5920994598721,18.6506260276318,19.426576681606,20.6495709517797,21.7688501852274,24.0766796681266,24.9752851927249,26.8976714973989,1,1,1,1,1,1,1,1,0.962962962962963,0.962962962962963,0.925925925925926,0.925925925925926,0.925925925925926,0.888888888888889,0.888888888888889,0.851851851851852,0,0,0,0,0,0,0,0,2336,14.1046386192017,3.89204836904634
"337",113,113,1,10.1996400973607,17.5805031675627,18.6392239348624,19.415316946397,20.6385355897057,21.7580201685068,24.0662730507209,24.9650434354037,26.8877824251658,1,1,1,1,1,1,1,1,0.928571428571429,0.928571428571429,0.892857142857143,0.892857142857143,0.892857142857143,0.857142857142857,0.857142857142857,0.821428571428571,0,0,0,0,0,0,0,0,2337,10.0323624595469,-0.167277637813759
"338",113,113,2,10.209849424504,17.590712494706,18.6494332620057,19.4255262735403,20.648744916849,21.7682294956501,24.0764823778642,24.975252762547,26.8979917523091,1,1,1,1,1,1,1,1,0.928571428571429,0.928571428571429,0.892857142857143,0.892857142857143,0.892857142857143,0.857142857142857,0.857142857142857,0.821428571428571,0,0,0,0,0,0,0,0,2338,10.2481121898598,0.0382627653557854
"339",113,113,3,10.2093085329997,17.5901716032018,18.6488923705014,19.424985382036,20.6482040253447,21.7676886041459,24.0759414863599,24.9747118710427,26.8974508608049,1,1,1,1,1,1,1,1,0.896551724137931,0.896551724137931,0.862068965517241,0.862068965517241,0.862068965517241,0.827586206896552,0.827586206896552,0.793103448275862,0,0,0,0,0,0,0,0,2339,8.26591154261057,-1.94339699038912
"340",114,114,1,10.2110351926443,17.5896572972703,18.6480566175018,19.4239139929454,20.6467612446098,21.7659059273337,24.0734579815822,24.9719554830705,26.8941106939647,1,1,1,1,1,1,1,1,0.928571428571429,0.928571428571429,0.892857142857143,0.892857142857143,0.892857142857143,0.857142857142857,0.857142857142857,0.821428571428571,0,0,0,0,0,0,0,0,2340,10.0862998921251,-0.12473530051912
"341",114,114,2,10.2067439764294,17.5853660810555,18.6437654012869,19.4196227767305,20.642470028395,21.7616147111189,24.0691667653674,24.9676642668557,26.8898194777498,1,1,1,1,1,1,1,1,0.962962962962963,0.962962962962963,0.925925925925926,0.925925925925926,0.925925925925926,0.888888888888889,0.888888888888889,0.851851851851852,0,0,0,0,0,0,0,0,2341,13.4439050701187,3.23716109368926
"342",114,114,3,10.198829066522,17.5774511711481,18.6358504913795,19.4117078668231,20.6345551184876,21.7536998012115,24.06125185546,24.9597493569483,26.8819045678424,1,1,1,1,1,1,1,1,0.896551724137931,0.896551724137931,0.862068965517241,0.862068965517241,0.862068965517241,0.827586206896552,0.827586206896552,0.793103448275862,0,0,0,0,0,0,0,0,2342,8.56256742179072,-1.63626164473129
"343",115,115,1,10.2120798926233,17.5906126224211,18.6489991226089,19.4248471003467,20.6476795400637,21.7668106669553,24.074334770583,24.9728213888659,26.8949533173248,1,1,1,1,1,1,1,1,1,1,0.961538461538462,0.961538461538462,0.961538461538462,0.923076923076923,0.923076923076923,0.884615384615385,0,0,0,0,0,0,0,0,2343,16.6127292340885,6.40064934146517
"344",115,115,2,10.1925700219422,17.57110275174,18.6294892519279,19.4053372296657,20.6281696693826,21.7473007962743,24.0548248999019,24.9533115181848,26.8754434466437,1,1,1,1,1,1,1,1,0.896551724137931,0.896551724137931,0.862068965517241,0.862068965517241,0.862068965517241,0.827586206896552,0.827586206896552,0.793103448275862,0,0,0,0,0,0,0,0,2344,7.98274002157497,-2.20983000036723
"345",115,115,3,10.2134851261899,17.5920178559877,18.6504043561756,19.4262523339134,20.6490847736304,21.768215900522,24.0757400041497,24.9742266224326,26.8963585508914,1,1,1,1,1,1,1,1,0.928571428571429,0.928571428571429,0.892857142857143,0.892857142857143,0.892857142857143,0.857142857142857,0.857142857142857,0.821428571428571,0,0,0,0,0,0,0,0,2345,10.1402373247033,-0.0732478014865841
"346",116,116,1,10.2143212855667,17.595360887486,18.6541069767288,19.4302185504602,20.6534664500883,21.7729778041505,24.0812858939793,24.9800777749937,26.902862751846,1,1,1,1,1,1,1,1,0.928571428571429,0.928571428571429,0.892857142857143,0.892857142857143,0.892857142857143,0.857142857142857,0.857142857142857,0.821428571428571,0,0,0,0,0,0,0,0,2346,9.57389428263215,-0.640427002934523
"347",116,116,2,10.2162897757031,17.5973293776225,18.6560754668653,19.4321870405966,20.6554349402248,21.7749462942869,24.0832543841158,24.9820462651301,26.9048312419825,1,1,1,1,1,1,1,1,0.928571428571429,0.928571428571429,0.892857142857143,0.892857142857143,0.892857142857143,0.857142857142857,0.857142857142857,0.821428571428571,0,0,0,0,0,0,0,0,2347,11.1380798274002,0.921790051697096
"348",116,116,3,10.2108529934215,17.5918925953409,18.6506386845837,19.426750258315,20.6499981579432,21.7695095120053,24.0778176018342,24.9766094828485,26.8993944597008,1,1,1,1,1,1,1,1,0.928571428571429,0.928571428571429,0.892857142857143,0.892857142857143,0.892857142857143,0.857142857142857,0.857142857142857,0.821428571428571,0,0,0,0,0,0,0,0,2348,10.7065803667745,0.49572737335305
"349",117,117,1,10.214568098082,17.5945475284922,18.6531415453306,19.4291416427086,20.6522138418065,21.7715643954793,24.0795409327623,24.9782037163058,26.9007125150097,1,1,1,1,1,1,1,1,1,1,0.961538461538462,0.961538461538462,0.961538461538462,0.923076923076923,0.923076923076923,0.884615384615385,0,0,0,0,0,0,0,0,2349,15.9385113268608,5.72394322877888
"350",117,117,2,10.1956329430287,17.575612373439,18.6342063902774,19.4102064876554,20.6332786867533,21.7526292404261,24.0606057777091,24.9592685612526,26.8817773599565,1,1,1,1,1,1,1,1,0.896551724137931,0.896551724137931,0.862068965517241,0.862068965517241,0.862068965517241,0.827586206896552,0.827586206896552,0.793103448275862,0,0,0,0,0,0,0,0,2350,8.68392664509169,-1.51170629793705
"351",117,117,3,10.221888389984,17.6018678203942,18.6604618372326,19.4364619346107,20.6595341337086,21.7788846873813,24.0868612246644,24.9855240082078,26.9080328069117,1,1,1,1,1,1,1,1,0.896551724137931,0.896551724137931,0.862068965517241,0.862068965517241,0.862068965517241,0.827586206896552,0.827586206896552,0.793103448275862,0,0,0,0,0,0,0,0,2351,8.56256742179072,-1.65932096819326
"352",118,118,1,10.2251527417856,17.6082809960494,18.6673266843488,19.4436578785328,20.6672519271767,21.7870800753681,24.0960413595116,24.9950875764827,26.9184166541076,1,1,1,1,1,1,1,1,0.896551724137931,0.896551724137931,0.862068965517241,0.862068965517241,0.862068965517241,0.827586206896552,0.827586206896552,0.793103448275862,0,0,0,0,0,0,0,0,2352,8.87270765911543,-1.35244508267022
"353",118,118,2,10.2239737497617,17.6071020040255,18.6661476923248,19.4424788865088,20.6660729351527,21.7859010833442,24.0948623674876,24.9939085844587,26.9172376620836,1,1,1,1,1,1,1,1,0.896551724137931,0.896551724137931,0.862068965517241,0.862068965517241,0.862068965517241,0.827586206896552,0.827586206896552,0.793103448275862,0,0,0,0,0,0,0,0,2353,8.1175836030205,-2.10639014674117
"354",118,118,3,10.2268443390374,17.6099725933012,18.6690182816006,19.4453494757846,20.6689435244285,21.7887716726199,24.0977329567634,24.9967791737345,26.9201082513594,1,1,1,1,1,1,1,1,0.928571428571429,0.928571428571429,0.892857142857143,0.892857142857143,0.892857142857143,0.857142857142857,0.857142857142857,0.821428571428571,0,0,0,0,0,0,0,0,2354,11.0167206040992,0.789876265061807
"355",119,119,1,10.211768548203,17.5932240138874,18.652029755179,19.4281850567182,20.6515018767837,21.7710763065414,24.0795144514498,24.9783569723463,26.9012502830707,1,1,1,1,1,1,1,1,0.896551724137931,0.896551724137931,0.862068965517241,0.862068965517241,0.862068965517241,0.827586206896552,0.827586206896552,0.793103448275862,0,0,0,0,0,0,0,0,2355,7.59169363538296,-2.62007491282
"356",119,119,2,10.2252598824863,17.6067153481707,18.6655210894623,19.4416763910015,20.664993211067,21.7845676408246,24.0930057857331,24.9918483066296,26.914741617354,0,0,1,1,1,1,1,1,0,0,1,1,1,0.96,0.96,0.92,0,0,0,0,0,0,0,0,2356,18.8511326860841,8.62587280359789
"357",119,119,3,10.1809084489171,17.5623639146016,18.6211696558932,19.3973249574324,20.6206417774979,21.7402162072555,24.048654352164,24.9474968730605,26.8703901837849,1,1,1,1,1,1,1,1,0.896551724137931,0.896551724137931,0.862068965517241,0.862068965517241,0.862068965517241,0.827586206896552,0.827586206896552,0.793103448275862,1,1,0,0,0,0,0,0,2357,8.4007551240561,-1.78015332486105
"358",120,120,1,10.2253022588831,17.6140512212519,18.6739031513608,19.4508253593921,20.6753509190094,21.7960315821419,24.1067506574217,25.0064813100663,26.9312746005509,1,1,1,1,1,1,1,1,0.896551724137931,0.896551724137931,0.862068965517241,0.862068965517241,0.862068965517241,0.827586206896552,0.793103448275862,0.793103448275862,1,1,0,0,0,0,0,0,2358,8.23894282632147,-1.98635943256159
"359",120,120,2,10.2260707088569,17.6148196712257,18.6746716013346,19.4515938093659,20.6761193689832,21.7968000321157,24.1075191073955,25.0072497600401,26.9320430505247,1,1,1,1,1,1,1,1,0.928571428571429,0.928571428571429,0.892857142857143,0.892857142857143,0.892857142857143,0.857142857142857,0.821428571428571,0.821428571428571,0,0,0,0,0,0,0,0,2359,9.39859762675297,-0.827473082103896
"360",120,120,3,10.2205634840446,17.6093124464134,18.6691643765224,19.4460865845537,20.670612144171,21.7912928073035,24.1020118825833,25.0017425352278,26.9265358257125,1,1,1,1,1,1,1,1,0.928571428571429,0.928571428571429,0.892857142857143,0.892857142857143,0.892857142857143,0.857142857142857,0.821428571428571,0.821428571428571,0,0,0,0,0,0,0,0,2360,10.2346278317152,0.0140643476705886
"361",121,121,1,10.2161866093971,17.6049807761985,18.6648391904911,19.4417661517395,20.6662992030152,21.7869867224821,24.097719934762,24.9974560919667,26.9222611583541,1,1,1,1,1,1,1,1,0.896551724137931,0.896551724137931,0.862068965517241,0.862068965517241,0.862068965517241,0.827586206896552,0.827586206896552,0.793103448275862,0,0,0,0,0,0,0,0,2361,8.53559870550162,-1.68058790389545
"362",121,121,2,10.2241583500054,17.6129525168068,18.6728109310994,19.4497378923478,20.6742709436235,21.7949584630904,24.1056916753703,25.0054278325751,26.9302328989624,1,1,1,1,1,1,1,1,1,1,0.961538461538462,0.961538461538462,0.961538461538462,0.923076923076923,0.884615384615385,0.884615384615385,0,0,0,0,0,0,0,0,2362,15.8306364617044,5.60647811169904
"363",121,121,3,10.1899304796157,17.5787246464172,18.6385830607098,19.4155100219582,20.6400430732338,21.7607305927008,24.0714638049806,24.9711999621854,26.8960050285728,1,1,1,1,1,1,1,1,0.896551724137931,0.896551724137931,0.862068965517241,0.862068965517241,0.862068965517241,0.827586206896552,0.827586206896552,0.793103448275862,0,0,0,0,0,0,0,0,2363,8.62998921251348,-1.55994126710225
"364",122,122,1,10.2209295133246,17.604087160475,18.6631370649289,19.4394713497561,20.6630702696361,21.7829028759625,24.091873352285,24.9909231484386,26.9142598830067,1,1,1,1,1,1,1,1,0.866666666666667,0.866666666666667,0.833333333333333,0.833333333333333,0.833333333333333,0.8,0.8,0.766666666666667,0,0,0,0,0,0,0,0,2364,5.08360302049622,-5.13732649282834
"365",122,122,2,10.2407559695255,17.623913616676,18.6829635211299,19.459297805957,20.6828967258371,21.8027293321634,24.1116998084859,25.0107496046396,26.9340863392077,1,1,1,1,1,1,1,1,0.928571428571429,0.928571428571429,0.892857142857143,0.892857142857143,0.892857142857143,0.857142857142857,0.821428571428571,0.821428571428571,0,0,0,0,0,0,0,0,2365,9.84358144552319,-0.397174524002331
"366",122,122,3,10.2141447944725,17.597302441623,18.6563523460769,19.432686630904,20.656285550784,21.7761181571104,24.0850886334329,24.9841384295866,26.9074751641547,1,1,1,1,1,1,1,1,0.896551724137931,0.896551724137931,0.862068965517241,0.862068965517241,0.862068965517241,0.827586206896552,0.827586206896552,0.793103448275862,0,0,0,0,0,0,0,0,2366,7.30852211434736,-2.90562268012517
"367",123,123,1,10.2225588276986,17.6086591426197,18.6681311472333,19.4447748516866,20.6688614551944,21.7891403875342,24.0990311385317,24.9984392644117,26.9225425735664,1,1,1,1,1,1,1,1,0.896551724137931,0.896551724137931,0.862068965517241,0.862068965517241,0.862068965517241,0.827586206896552,0.827586206896552,0.793103448275862,0,0,0,0,0,0,0,0,2367,9.26375404530744,-0.958804782391141
"368",123,123,2,10.212561568454,17.5986618833752,18.6581338879887,19.434777592442,20.6588641959498,21.7791431282896,24.0890338792872,24.9884420051672,26.9125453143218,1,1,1,1,1,1,1,1,0.928571428571429,0.928571428571429,0.892857142857143,0.892857142857143,0.892857142857143,0.857142857142857,0.857142857142857,0.821428571428571,0,0,0,0,0,0,0,0,2368,11.9336569579288,1.72109538947478
"369",123,123,3,10.198910138589,17.5850104535102,18.6444824581237,19.421126162577,20.6452127660848,21.7654916984246,24.0753824494222,24.9747905753022,26.8988938844568,1,1,1,1,1,1,1,1,1,1,0.961538461538462,0.961538461538462,0.961538461538462,0.923076923076923,0.923076923076923,0.884615384615385,0,0,0,0,0,0,0,0,2369,16.1812297734628,5.98231963487375
"370",124,124,1,10.1841901764348,17.5734734517049,18.6334020243636,19.4103804150534,20.634994525494,21.7557562299692,24.0666424034979,24.9664381196191,26.8913706003635,1,1,1,1,1,1,1,1,0.896551724137931,0.896551724137931,0.862068965517241,0.862068965517241,0.862068965517241,0.827586206896552,0.827586206896552,0.793103448275862,0,0,0,0,0,0,0,0,2370,6.45900755124056,-3.72518262519424
"371",124,124,2,10.2324966762781,17.6217799515482,18.6817085242069,19.4586869148966,20.6833010253373,21.8040627298125,24.1149489033412,25.0147446194624,26.9396771002068,1,1,1,1,1,1,1,1,0.928571428571429,0.928571428571429,0.892857142857143,0.892857142857143,0.892857142857143,0.857142857142857,0.821428571428571,0.821428571428571,0,0,0,0,0,0,0,0,2371,9.68176914778857,-0.550727528489515
"372",124,124,3,10.2164838420721,17.6057671173422,18.6656956900009,19.4426740806906,20.6672881911313,21.7880498956065,24.0989360691352,24.9987317852563,26.9236642660008,1,1,1,1,1,1,1,1,0.896551724137931,0.896551724137931,0.862068965517241,0.862068965517241,0.862068965517241,0.827586206896552,0.827586206896552,0.793103448275862,0,0,0,0,0,0,0,0,2372,8.87270765911543,-1.34377618295663
"373",125,125,1,10.2208060610551,17.6105128227026,18.6705021408077,19.447525060818,20.6722093549793,21.7930352913017,24.1040539037663,25.0039011879779,26.9289439883099,1,1,1,1,1,1,1,1,0.928571428571429,0.928571428571429,0.892857142857143,0.892857142857143,0.892857142857143,0.857142857142857,0.821428571428571,0.821428571428571,0,0,0,0,0,0,0,0,2373,9.97842502696872,-0.242381034086382
"374",125,125,2,10.2143606155936,17.6040673772411,18.6640566953462,19.4410796153565,20.6657639095178,21.7865898458402,24.0976084583048,24.9974557425164,26.9224985428484,1,1,1,1,1,1,1,1,0.928571428571429,0.928571428571429,0.892857142857143,0.892857142857143,0.892857142857143,0.857142857142857,0.857142857142857,0.821428571428571,0,0,0,0,0,0,0,0,2374,10.8549083063646,0.640547690771042
"375",125,125,3,10.2092514210204,17.5989581826679,18.658947500773,19.4359704207834,20.6606547149447,21.7814806512671,24.0924992637317,24.9923465479433,26.9173893482752,1,1,1,1,1,1,1,1,0.928571428571429,0.928571428571429,0.892857142857143,0.892857142857143,0.892857142857143,0.857142857142857,0.857142857142857,0.821428571428571,0,0,0,0,0,0,0,0,2375,9.73570658036678,-0.473544840653641
"376",126,126,1,10.215075586581,17.6043260163169,18.6642498775686,19.4412248145716,20.6658334815743,21.7865902042379,24.0974661058244,24.9972578223329,26.9221817467081,0,0,0,0,0,0,0,0,0,0,0,0,0,0,0,0,0,0,0,0,0,0,0,0,2376,28.5329018338727,18.3178262472917
"377",126,126,2,10.1085466850212,17.4977971147571,18.5577209760088,19.3346959130117,20.5593045800145,21.6800613026781,23.9909372042646,24.8907289207731,26.8156528451483,1,1,1,1,1,1,1,1,0.896551724137931,0.896551724137931,0.862068965517241,0.862068965517241,0.862068965517241,0.827586206896552,0.827586206896552,0.793103448275862,1,1,1,1,1,1,1,1,2377,6.93096008629989,-3.17758659872134
"378",126,126,3,10.2309708602715,17.6202212900073,18.6801451512591,19.457120088262,20.6817287552647,21.8024854779284,24.1133613795148,25.0131530960233,26.9380770203985,1,1,1,1,1,1,1,1,0.896551724137931,0.896551724137931,0.862068965517241,0.862068965517241,0.862068965517241,0.827586206896552,0.793103448275862,0.793103448275862,1,1,1,1,1,1,1,1,2378,8.89967637540453,-1.33129448486693
"379",127,127,1,10.2302845066321,17.6500256843278,18.7143231788212,19.4945041983897,20.7241660483329,21.8495474228581,24.1699588430133,25.0734634290077,27.0063302930327,1,1,1,1,1,1,1,1,0.896551724137931,0.896551724137931,0.862068965517241,0.862068965517241,0.862068965517241,0.827586206896552,0.793103448275862,0.793103448275862,0,0,0,0,0,0,0,0,2379,9.18284789644013,-1.04743661019201
"380",127,127,2,10.2282497514038,17.6479909290995,18.7122884235928,19.4924694431613,20.7221312931046,21.8475126676297,24.1679240877849,25.0714286737793,27.0042955378043,1,1,1,1,1,1,1,1,0.928571428571429,0.928571428571429,0.892857142857143,0.892857142857143,0.892857142857143,0.857142857142857,0.821428571428571,0.821428571428571,0,0,0,0,0,0,0,0,2380,10.5987055016181,0.370455750214354
"381",127,127,3,10.2180759752619,17.6378171529576,18.702114647451,19.4822956670195,20.7119575169627,21.8373388914879,24.1577503116431,25.0612548976375,26.9941217616625,1,1,1,1,1,1,1,1,0.896551724137931,0.896551724137931,0.862068965517241,0.862068965517241,0.862068965517241,0.827586206896552,0.793103448275862,0.793103448275862,0,0,0,0,0,0,0,0,2381,6.86353829557713,-3.3545376796848
"382",128,128,1,10.2497090198774,17.6681779707574,18.7322929753525,19.5123402210884,20.7417912269143,21.8669796377864,24.1869931883176,25.0903428547892,27.0228782995643,0,0,0,0,0,0,0,0,0,0,0,0,0,0,0,0,0,0,0,0,0,0,0,0,2382,28.7486515641855,18.4989425443081
"383",128,128,2,10.0800971038264,17.4985660547064,18.5626810593015,19.3427283050374,20.5721793108633,21.6973677217354,24.0173812722666,24.9207309387383,26.8532663835133,1,1,1,1,1,1,1,1,0.928571428571429,0.928571428571429,0.892857142857143,0.892857142857143,0.892857142857143,0.857142857142857,0.857142857142857,0.821428571428571,1,1,1,1,1,1,1,1,2383,11.4347357065804,1.35463860275393
"384",128,128,3,10.2142817619962,17.6327507128761,18.6968657174713,19.4769129632071,20.706363969033,21.8315523799051,24.1515659304363,25.054915596908,26.987451041683,1,1,1,1,1,1,1,1,0.928571428571429,0.928571428571429,0.892857142857143,0.892857142857143,0.892857142857143,0.857142857142857,0.821428571428571,0.821428571428571,1,1,1,1,1,1,1,1,2384,10.9897518878101,0.77547012581398
"385",129,129,1,10.2299924506167,17.6774427458496,18.7457148728352,19.5288094883168,20.7630635260352,21.8926476515774,24.2217246776124,25.1286034129429,27.0686885927873,1,1,1,1,1,1,1,1,1,1,0.961538461538462,0.961538461538462,0.923076923076923,0.923076923076923,0.884615384615385,0.884615384615385,0,0,0,0,0,0,0,0,2385,16.2621359223301,6.03214347171342
"386",129,129,2,10.1809962283327,17.6284465235656,18.6967186505512,19.4798132660328,20.7140673037512,21.8436514292934,24.1727284553284,25.0796071906589,27.0196923705033,1,1,1,1,1,1,1,1,0.928571428571429,0.928571428571429,0.892857142857143,0.892857142857143,0.892857142857143,0.857142857142857,0.821428571428571,0.821428571428571,0,0,0,0,0,0,0,0,2386,11.5695792880259,1.38858305969321
"387",129,129,3,10.2246041192658,17.6720544144986,18.7403265414843,19.5234211569659,20.7576751946843,21.8872593202265,24.2163363462614,25.123215081592,27.0633002614363,1,1,1,1,1,1,1,1,0.962962962962963,0.962962962962963,0.925925925925926,0.925925925925926,0.888888888888889,0.888888888888889,0.851851851851852,0.851851851851852,0,0,0,0,0,0,0,0,2387,13.403451995685,3.17884787641925
"388",130,130,1,10.2179604528184,17.6688646401217,18.7376321979571,19.5210899879717,20.7559164337042,21.8860244246634,24.2161816030126,25.1234809200386,27.0644658500731,1,1,1,1,1,1,1,1,0.866666666666667,0.866666666666667,0.833333333333333,0.833333333333333,0.8,0.8,0.766666666666667,0.766666666666667,0,0,0,0,0,0,0,0,2388,6.06796116504854,-4.14999928776988
"389",130,130,2,10.2834685479618,17.7343727352651,18.8031402931006,19.5865980831151,20.8214245288477,21.9515325198068,24.281689698156,25.1889890151821,27.1299739452165,1,1,1,1,1,1,1,1,1,0.961538461538462,0.961538461538462,0.961538461538462,0.923076923076923,0.923076923076923,0.884615384615385,0.884615384615385,0,0,0,0,0,0,0,0,2389,15.7497303128371,5.46626176487527
"390",130,130,3,10.1970074959159,17.6479116832192,18.7166792410546,19.5001370310692,20.7349634768017,21.8650714677609,24.1952286461101,25.1025279631361,27.0435128931706,1,1,1,1,1,1,1,1,0.896551724137931,0.896551724137931,0.862068965517241,0.862068965517241,0.862068965517241,0.827586206896552,0.793103448275862,0.793103448275862,0,0,0,0,0,0,0,0,2390,7.06580366774542,-3.13120382817051
"391",131,131,1,10.280599467502,17.735095524068,18.8043783043842,19.5882137771449,20.8236354976312,21.9542882815516,24.2855687624873,25.1933054627419,27.1352260864767,1,1,1,1,1,1,1,1,0.928571428571429,0.892857142857143,0.892857142857143,0.892857142857143,0.857142857142857,0.857142857142857,0.821428571428571,0.821428571428571,0,0,0,0,0,0,0,0,2391,9.95145631067961,-0.32914315682242
"392",131,131,2,10.250326268804,17.7048223253699,18.7741051056862,19.5579405784468,20.7933622989331,21.9240150828535,24.2552955637893,25.1630322640439,27.1049528877786,1,1,1,1,1,1,1,1,0.896551724137931,0.862068965517241,0.862068965517241,0.862068965517241,0.827586206896552,0.827586206896552,0.793103448275862,0.793103448275862,0,0,0,0,0,0,0,0,2392,8.19848975188781,-2.05183651691616
"393",131,131,3,10.2687165296953,17.7232125862612,18.7924953665775,19.5763308393382,20.8117525598245,21.9424053437449,24.2736858246806,25.1814225249352,27.1233431486699,1,1,1,1,1,1,1,1,0.928571428571429,0.892857142857143,0.892857142857143,0.892857142857143,0.857142857142857,0.857142857142857,0.821428571428571,0.821428571428571,0,0,0,0,0,0,0,0,2393,11.8257820927724,1.55706556307707
"394",132,132,1,10.2328219471001,17.6864332138789,18.7555890787772,19.53933151646,20.7746066021486,21.9051251865163,24.2361289628775,25.1437579219574,27.0854480550563,1,1,1,1,1,1,1,1,0.896551724137931,0.862068965517241,0.862068965517241,0.862068965517241,0.827586206896552,0.827586206896552,0.793103448275862,0.793103448275862,0,0,0,0,0,0,0,0,2394,6.90399137001079,-3.32883057708934
"395",132,132,2,10.286071026375,17.7396822931538,18.808838158052,19.5925805957348,20.8278556814234,21.9583742657912,24.2893780421523,25.1970070012323,27.1386971343312,1,1,1,1,1,1,1,1,1,0.961538461538462,0.961538461538462,0.961538461538462,0.923076923076923,0.923076923076923,0.884615384615385,0.884615384615385,0,0,0,0,0,0,0,0,2395,16.0733549083064,5.78728388193135
"396",132,132,3,10.1868672622465,17.6404785290253,18.7096343939235,19.4933768316063,20.7286519172949,21.8591705016626,24.1901742780238,25.0978032371037,27.0394933702027,1,1,1,1,1,1,1,1,0.928571428571429,0.928571428571429,0.892857142857143,0.892857142857143,0.892857142857143,0.857142857142857,0.821428571428571,0.821428571428571,0,0,0,0,0,0,0,0,2396,12.3247033441208,2.13783608187435
"397",133,133,1,10.2276561863331,17.6828313884398,18.7522115862913,19.5361184707694,20.771652744961,21.9024085375611,24.2339014109552,25.1417208110097,27.0838183543809,1,1,1,1,1,1,1,1,0.896551724137931,0.862068965517241,0.862068965517241,0.862068965517241,0.827586206896552,0.827586206896552,0.793103448275862,0.793103448275862,0,0,0,0,0,0,0,0,2397,8.03667745415318,-2.19097873217994
"398",133,133,2,10.2745587152921,17.7297339173988,18.7991141152503,19.5830209997284,20.81855527392,21.9493110665201,24.2808039399142,25.1886233399687,27.1307208833398,1,1,1,1,1,1,1,1,0.928571428571429,0.892857142857143,0.892857142857143,0.892857142857143,0.857142857142857,0.857142857142857,0.821428571428571,0.821428571428571,0,0,0,0,0,0,0,0,2398,12.1494066882416,1.87484797294955
"399",133,133,3,10.2295735853157,17.6847487874224,18.7541289852739,19.538035869752,20.7735701439436,21.9043259365437,24.2358188099378,25.1436382099923,27.0857357533635,1,1,1,1,1,1,1,1,0.962962962962963,0.925925925925926,0.925925925925926,0.925925925925926,0.888888888888889,0.888888888888889,0.851851851851852,0.851851851851852,0,0,0,0,0,0,0,0,2399,13.3495145631068,3.11994097779107
"400",134,134,1,10.2176767065996,17.6744242780968,18.7440300186947,19.5281022368044,20.7638970972627,21.8948913773226,24.2268759853747,25.1348868534226,27.0773940041669,1,1,1,1,1,1,1,1,0.928571428571429,0.928571428571429,0.892857142857143,0.892857142857143,0.857142857142857,0.857142857142857,0.821428571428571,0.821428571428571,0,0,0,0,0,0,0,0,2400,11.0706580366775,0.852981330077847
"401",134,134,2,10.2426058210847,17.6993533925819,18.7689591331798,19.5530313512895,20.7888262117478,21.9198204918077,24.2518050998598,25.1598159679077,27.102323118652,1,1,1,1,1,1,1,1,0.896551724137931,0.862068965517241,0.862068965517241,0.862068965517241,0.827586206896552,0.827586206896552,0.793103448275862,0.793103448275862,0,0,0,0,0,0,0,0,2401,7.75350593311758,-2.4890998879671
"402",134,134,3,10.2788931711635,17.7356407426608,18.8052464832587,19.5893187013683,20.8251135618267,21.9561078418865,24.2880924499386,25.1961033179866,27.1386104687308,1,1,1,1,1,1,1,1,1,0.961538461538462,0.961538461538462,0.961538461538462,0.923076923076923,0.923076923076923,0.884615384615385,0.884615384615385,0,0,0,0,0,0,0,0,2402,16.747572815534,6.46867964437043
"403",135,135,1,10.1815448216363,17.6423195839506,18.7125029901292,19.4969986647668,20.7334609451245,21.8650660450808,24.1983100959273,25.106811356468,27.0503676036025,1,1,1,1,1,1,1,1,0.962962962962963,0.962962962962963,0.925925925925926,0.925925925925926,0.925925925925926,0.888888888888889,0.851851851851852,0.851851851851852,0,0,0,0,0,0,0,0,2403,14.4012944983819,4.2197496767456
"404",135,135,2,10.2079257508921,17.6687005132064,18.738883919385,19.5233795940226,20.7598418743803,21.8914469743366,24.2246910251831,25.1331922857238,27.0767485328583,1,1,1,1,1,1,1,1,0.928571428571429,0.928571428571429,0.892857142857143,0.892857142857143,0.857142857142857,0.857142857142857,0.821428571428571,0.821428571428571,0,0,0,0,0,0,0,0,2404,10.0997842502697,-0.108141500622388
"405",135,135,3,10.256290787861,17.7170655501753,18.7872489563539,19.5717446309916,20.8082069113493,21.9398120113055,24.2730560621521,25.1815573226928,27.1251135698272,1,1,1,1,1,1,1,1,0.896551724137931,0.862068965517241,0.862068965517241,0.862068965517241,0.827586206896552,0.827586206896552,0.793103448275862,0.793103448275862,0,0,0,0,0,0,0,0,2405,8.7378640776699,-1.51842671019113
"406",136,136,1,10.2744118817662,17.7363888204038,18.8067446683453,19.5913667510513,20.8280282661702,21.9598157049454,24.2934357181878,25.2020833681773,27.1459527861791,0,0,0,0,0,0,1,1,0,0,0,0,0,0,1,1,0,0,0,0,0,0,0,0,2406,26.8608414239482,16.586429542182
"407",136,136,2,10.0761186212624,17.5380955599,18.6084514078416,19.3930734905475,20.6297350056664,21.7615224444416,24.095142457684,25.0037901076735,26.9476595256753,1,1,1,1,1,1,1,1,0.928571428571429,0.928571428571429,0.892857142857143,0.892857142857143,0.892857142857143,0.857142857142857,0.821428571428571,0.821428571428571,1,1,1,1,1,1,0,0,2407,11.9606256742179,1.8845070529555
"408",136,136,3,10.2391499105903,17.7011268492279,18.7714826971694,19.5561047798754,20.7927662949943,21.9245537337695,24.2581737470119,25.1668213970014,27.1106908150032,1,1,1,1,1,1,1,1,0.896551724137931,0.862068965517241,0.862068965517241,0.862068965517241,0.827586206896552,0.827586206896552,0.793103448275862,0.793103448275862,1,1,1,1,1,1,0,0,2408,7.95577130528587,-2.28337860530442
"409",137,137,1,10.2915348645986,17.7786297290671,18.8525885255332,19.6398517420085,20.8806760108414,22.0162731843795,24.3577484476303,25.269454716598,27.2198674364979,1,1,1,1,1,1,1,1,1,0.961538461538462,0.961538461538462,0.961538461538462,0.923076923076923,0.923076923076923,0.884615384615385,0.884615384615385,0,0,0,0,0,0,0,0,2409,16.235167206041,5.94363234144239
"410",137,137,2,10.2024845137191,17.6895793781876,18.7635381746537,19.550801391129,20.7916256599619,21.9272228335,24.2686980967508,25.1804043657185,27.1308170856184,1,1,1,1,1,1,1,1,1,0.961538461538462,0.961538461538462,0.961538461538462,0.923076923076923,0.923076923076923,0.884615384615385,0.884615384615385,0,0,0,0,0,0,0,0,2410,18.3926645091694,8.19017999545025
"411",137,137,3,10.1792792105583,17.6663740750269,18.7403328714929,19.5275960879682,20.7684203568011,21.9040175303392,24.2454927935901,25.1571990625577,27.1076117824576,1,1,1,1,1,1,1,1,0.928571428571429,0.928571428571429,0.892857142857143,0.892857142857143,0.857142857142857,0.857142857142857,0.821428571428571,0.821428571428571,0,0,0,0,0,0,0,0,2411,12.1224379719525,1.9431587613942
"412",138,138,1,10.260082558169,17.7552588728514,18.8303768832319,19.618489859007,20.860653453671,21.9974763726,24.3414789867272,25.2541693368312,27.206687300965,1,1,1,1,1,1,1,1,0.896551724137931,0.862068965517241,0.862068965517241,0.862068965517241,0.827586206896552,0.827586206896552,0.793103448275862,0.793103448275862,0,0,0,0,0,0,0,0,2412,8.76483279395901,-1.49524976421002
"413",138,138,2,10.2935708663291,17.7887471810115,18.863865191392,19.651978167167,20.8941417618311,22.0309646807601,24.3749672948872,25.2876576449913,27.2401756091251,1,1,1,1,1,1,1,1,0.896551724137931,0.862068965517241,0.862068965517241,0.862068965517241,0.827586206896552,0.827586206896552,0.793103448275862,0.793103448275862,0,0,0,0,0,0,0,0,2413,8.72437971952535,-1.56919114680372
"414",138,138,3,10.2939743399214,17.7891506546038,18.8642686649843,19.6523816407593,20.8945452354234,22.0313681543524,24.3753707684795,25.2880611185835,27.2405790827174,1,1,1,1,1,1,1,1,0.896551724137931,0.862068965517241,0.862068965517241,0.862068965517241,0.827586206896552,0.827586206896552,0.793103448275862,0.793103448275862,0,0,0,0,0,0,0,0,2414,8.53559870550162,-1.75837563441974
"415",139,139,1,10.2967237301599,17.7916391498966,18.8667197371607,19.6548052799998,20.8969256369613,22.0337089849261,24.3776300081194,25.2902885889509,27.2427385890973,1,1,1,1,1,1,1,1,0.962962962962963,0.925925925925926,0.925925925925926,0.925925925925926,0.888888888888889,0.888888888888889,0.851851851851852,0.851851851851852,0,0,0,0,0,0,0,0,2415,14.3743257820928,4.07760205193286
"416",139,139,2,10.2374244560066,17.7323398757432,18.8074204630074,19.5955060058465,20.837626362808,21.9744097107728,24.3183307339661,25.2309893147975,27.183439314944,1,1,1,1,1,1,1,1,0.928571428571429,0.892857142857143,0.892857142857143,0.892857142857143,0.857142857142857,0.857142857142857,0.821428571428571,0.821428571428571,0,0,0,0,0,0,0,0,2416,11.9336569579288,1.69623250192222
"417",139,139,3,10.2622123743016,17.7571277940383,18.8322083813024,19.6202939241415,20.8624142811031,21.9991976290678,24.3431186522611,25.2557772330926,27.208227233239,1,1,1,1,1,1,1,1,0.896551724137931,0.862068965517241,0.862068965517241,0.862068965517241,0.827586206896552,0.827586206896552,0.793103448275862,0.793103448275862,0,0,0,0,0,0,0,0,2417,8.76483279395901,-1.49737958034262
"418",140,140,1,10.2968324506689,17.7932425456257,18.8685375310817,19.6567802380602,20.8991483051578,22.0361583564015,24.3805468165805,25.2933874045579,27.2462267724918,0,1,1,1,1,1,1,1,0,1,1,1,0.96,0.96,0.92,0.92,0,0,0,0,0,0,0,0,2418,20.2265372168285,9.92970476615963
"419",140,140,2,10.1821769939518,17.6785870889087,18.7538820743646,19.5421247813432,20.7844928484407,21.9215028996845,24.2658913598634,25.1787319478409,27.1315713157748,1,1,1,1,1,1,1,1,0.896551724137931,0.862068965517241,0.862068965517241,0.862068965517241,0.827586206896552,0.827586206896552,0.793103448275862,0.793103448275862,1,0,0,0,0,0,0,0,2419,9.12891046386192,-1.05326653008989
"420",140,140,3,10.2931904538084,17.7896005487653,18.8648955342213,19.6531382411998,20.8955063082974,22.0325163595411,24.37690481972,25.2897454076975,27.2425847756314,1,1,1,1,1,1,1,1,0.896551724137931,0.862068965517241,0.862068965517241,0.862068965517241,0.827586206896552,0.827586206896552,0.793103448275862,0.793103448275862,1,0,0,0,0,0,0,0,2420,7.53775620280475,-2.75543425100368
"421",141,141,1,10.3170510064671,17.8223441900767,18.8989133775257,19.688090135571,20.9319303827574,22.070287767052,24.4174542783601,25.3313765632786,27.2865300048838,1,1,1,1,1,1,1,1,0.928571428571429,0.892857142857143,0.892857142857143,0.892857142857143,0.857142857142857,0.857142857142857,0.821428571428571,0.821428571428571,0,0,0,0,0,0,0,0,2421,10.9088457389428,0.591794732475739
"422",141,141,2,10.2806864088947,17.7859795925044,18.8625487799534,19.6517255379986,20.895565785185,22.0339231694797,24.3810896807877,25.2950119657063,27.2501654073115,1,1,1,1,1,1,1,1,0.896551724137931,0.862068965517241,0.862068965517241,0.862068965517241,0.827586206896552,0.827586206896552,0.793103448275862,0.793103448275862,0,0,0,0,0,0,0,0,2422,8.7108953613808,-1.56979104751394
"423",141,141,3,10.3043961265119,17.8096893101215,18.8862584975705,19.6754352556158,20.9192755028022,22.0576328870969,24.4047993984049,25.3187216833234,27.2738751249286,1,1,1,1,1,1,1,1,1,0.961538461538462,0.961538461538462,0.961538461538462,0.923076923076923,0.923076923076923,0.884615384615385,0.884615384615385,0,0,0,0,0,0,0,0,2423,16.747572815534,6.44317668902207
"424",142,142,1,10.2199158610226,17.7286482751563,18.8057107903835,19.5952491813095,20.8396594066754,21.9785384326125,24.3267805110587,25.241121592331,27.1971709647454,1,1,1,1,1,1,1,1,0.896551724137931,0.862068965517241,0.862068965517241,0.862068965517241,0.827586206896552,0.827586206896552,0.793103448275862,0.793103448275862,0,0,0,0,0,0,0,0,2424,7.22761596548004,-2.99229989554253
"425",142,142,2,10.3266636646234,17.8353960787571,18.9124585939843,19.7019969849103,20.9464072102762,22.0852862362133,24.4335283146595,25.3478693959318,27.3039187683463,1,1,1,1,1,1,1,1,0.928571428571429,0.892857142857143,0.892857142857143,0.892857142857143,0.857142857142857,0.857142857142857,0.821428571428571,0.821428571428571,0,0,0,0,0,0,0,0,2425,12.4056094929881,2.07894582836474
"426",142,142,3,10.2686025363193,17.777334950453,18.8543974656801,19.6439358566062,20.8883460819721,22.0272251079092,24.3754671863554,25.2898082676277,27.2458576400421,1,1,1,1,1,1,1,1,0.896551724137931,0.862068965517241,0.862068965517241,0.862068965517241,0.827586206896552,0.827586206896552,0.793103448275862,0.793103448275862,0,0,0,0,0,0,0,0,2426,6.93096008629989,-3.33764245001937
"427",143,143,1,10.3344523660628,17.8444643851508,18.9217104486062,19.7113833891714,20.9560056814217,22.0950787900832,24.4437210455542,25.3582179447879,27.3146006584815,1,1,1,1,1,1,1,1,0.928571428571429,0.892857142857143,0.892857142857143,0.892857142857143,0.857142857142857,0.857142857142857,0.821428571428571,0.821428571428571,0,0,0,0,0,0,0,0,2427,10.4638619201726,0.129409554109762
"428",143,143,2,10.2908500971614,17.8008621162493,18.8781081797047,19.6677811202699,20.9124034125202,22.0514765211818,24.4001187766528,25.3146156758865,27.27099838958,1,1,1,1,1,1,1,1,0.896551724137931,0.862068965517241,0.862068965517241,0.862068965517241,0.827586206896552,0.827586206896552,0.793103448275862,0.793103448275862,0,0,0,0,0,0,0,0,2428,9.31769147788565,-0.973158619275711
"429",143,143,3,10.3049958714233,17.8150078905113,18.8922539539666,19.6819268945318,20.9265491867822,22.0656222954437,24.4142645509147,25.3287614501484,27.285144163842,0,1,1,1,1,1,1,1,0,1,1,1,0.96,0.96,0.92,0.92,0,0,0,0,0,0,0,0,2429,20.6040992448759,10.2991033734527
"430",144,144,1,10.169438453531,17.6889064947623,18.7675089425489,19.5581761777694,20.8043656014605,21.9448729422525,24.2964724251045,25.2121207875991,27.1709668260137,1,1,1,1,1,1,1,1,0.928571428571429,0.892857142857143,0.892857142857143,0.892857142857143,0.857142857142857,0.857142857142857,0.821428571428571,0.821428571428571,1,0,0,0,0,0,0,0,2430,10.5987055016181,0.429267048087079
"431",144,144,2,10.294722444357,17.8141904855883,18.8927929333748,19.6834601685953,20.9296495922864,22.0701569330785,24.4217564159305,25.3374047784251,27.2962508168396,1,1,1,1,1,1,1,1,0.896551724137931,0.862068965517241,0.862068965517241,0.862068965517241,0.827586206896552,0.827586206896552,0.793103448275862,0.793103448275862,1,0,0,0,0,0,0,0,2431,6.78263214670982,-3.51209029764719
"432",144,144,3,10.3425059610736,17.8619740023049,18.9405764500914,19.731243685312,20.9774331090031,22.1179404497951,24.4695399326471,25.3851882951417,27.3440343335563,1,1,1,1,1,1,1,1,0.896551724137931,0.862068965517241,0.862068965517241,0.862068965517241,0.827586206896552,0.827586206896552,0.793103448275862,0.793103448275862,0,0,0,0,0,0,0,0,2432,8.58953613807983,-1.75296982299382
"433",145,145,1,10.3184968712423,17.8388770504946,18.917610336566,19.7083734825136,20.9547140733815,22.0953597617406,24.4472445019122,25.3630039357859,27.3220875891406,1,1,1,1,1,1,1,1,0.896551724137931,0.862068965517241,0.862068965517241,0.862068965517241,0.827586206896552,0.827586206896552,0.793103448275862,0.793103448275862,0,0,0,0,0,0,0,0,2433,7.75350593311758,-2.56499093812476
"434",145,145,2,10.3287997276195,17.8491799068717,18.9279131929432,19.7186763388907,20.9650169297586,22.1056626181177,24.4575473582893,25.373306792163,27.3323904455177,1,1,1,1,1,1,1,1,0.896551724137931,0.862068965517241,0.862068965517241,0.862068965517241,0.827586206896552,0.827586206896552,0.793103448275862,0.793103448275862,0,0,0,0,0,0,0,0,2434,9.26375404530744,-1.06504568231201
"435",145,145,3,10.3101881160995,17.8305682953517,18.9093015814232,19.7000647273708,20.9464053182387,22.0870510065977,24.4389357467693,25.354695180643,27.3137788339978,1,1,1,1,1,1,1,1,0.896551724137931,0.862068965517241,0.862068965517241,0.862068965517241,0.827586206896552,0.827586206896552,0.793103448275862,0.793103448275862,0,0,0,0,0,0,0,0,2435,8.29288025889968,-2.01730785719984
"436",146,146,1,10.3207486079034,17.8412372200552,18.9199860598854,19.7107606074827,20.9571191687618,22.0977813035659,24.4496999544808,25.3654725922682,27.3245844927482,1,1,1,1,1,1,1,1,1,0.961538461538462,0.961538461538462,0.961538461538462,0.923076923076923,0.923076923076923,0.884615384615385,0.884615384615385,0,0,0,0,0,0,0,0,2436,17.2330097087379,6.91226110083446
"437",146,146,2,10.2131807278165,17.7336693399683,18.8124181797984,19.6031927273958,20.8495512886749,21.990213423479,24.3421320743939,25.2579047121813,27.2170166126613,1,1,1,1,1,1,1,1,0.928571428571429,0.892857142857143,0.892857142857143,0.892857142857143,0.857142857142857,0.857142857142857,0.821428571428571,0.821428571428571,0,0,0,0,0,0,0,0,2437,11.4886731391586,1.27549241134209
"438",146,146,3,10.282296741266,17.8027853534178,18.881534193248,19.6723087408453,20.9186673021244,22.0593294369285,24.4112480878434,25.3270207256308,27.2861326261108,1,1,1,1,1,1,1,1,0.928571428571429,0.892857142857143,0.892857142857143,0.892857142857143,0.857142857142857,0.857142857142857,0.821428571428571,0.821428571428571,0,0,0,0,0,0,0,0,2438,10.9088457389428,0.626548997676826
"439",147,147,1,10.2932949903707,17.8161895123421,18.8952834590609,19.6863109865306,20.9330682753999,22.0740953240244,24.4267663867132,25.3428319930157,27.302570640879,1,1,1,1,1,1,1,1,0.962962962962963,0.925925925925926,0.925925925925926,0.925925925925926,0.888888888888889,0.888888888888889,0.851851851851852,0.851851851851852,0,0,0,0,0,0,0,0,2439,12.9584681769148,2.66517318654409
"440",147,147,2,10.2682050806576,17.7910996026289,18.8701935493478,19.6612210768175,20.9079783656867,22.0490054143112,24.4016764770001,25.3177420833026,27.2774807311659,1,1,1,1,1,1,1,1,0.928571428571429,0.892857142857143,0.892857142857143,0.892857142857143,0.857142857142857,0.857142857142857,0.821428571428571,0.821428571428571,0,0,0,0,0,0,0,0,2440,12.2437971952535,1.97559211459595
"441",147,147,3,10.2769535360181,17.7998480579894,18.8789420047083,19.669969532178,20.9167268210472,22.0577538696717,24.4104249323606,25.3264905386631,27.2862291865264,1,1,1,1,1,1,1,1,0.928571428571429,0.892857142857143,0.892857142857143,0.892857142857143,0.857142857142857,0.857142857142857,0.821428571428571,0.821428571428571,0,0,0,0,0,0,0,0,2441,12.3247033441208,2.04774980810276
"442",148,148,1,10.2827996018693,17.8065249561706,18.8857380785785,19.6768529675341,20.9237479489179,22.0649010131549,24.4178319060427,25.3339986831007,27.2939537655056,1,1,1,1,1,1,1,1,0.896551724137931,0.862068965517241,0.862068965517241,0.862068965517241,0.827586206896552,0.827586206896552,0.793103448275862,0.793103448275862,0,0,0,0,0,0,0,0,2442,7.34897518878101,-2.93382441308832
"443",148,148,2,10.3429585465225,17.8666839008239,18.9458970232317,19.7370119121873,20.9839068935711,22.1250599578081,24.4779908506959,25.3941576277539,27.3541127101588,1,1,1,1,1,1,1,1,1,0.961538461538462,0.961538461538462,0.961538461538462,0.923076923076923,0.923076923076923,0.884615384615385,0.884615384615385,0,0,0,0,0,0,0,0,2443,18.6893203883495,8.34636184182697
"444",148,148,3,10.2058483230717,17.729573677373,18.8087867997809,19.5999016887365,20.8467966701203,21.9879497343573,24.3408806272451,25.2570474043031,27.217002486708,1,1,1,1,1,1,1,1,0.896551724137931,0.862068965517241,0.862068965517241,0.862068965517241,0.827586206896552,0.827586206896552,0.793103448275862,0.793103448275862,0,0,0,0,0,0,0,0,2444,7.82092772384035,-2.38492059923139
"445",149,149,1,10.3424589940541,17.8734821219268,18.9537420466343,19.745624291794,20.9937287215312,22.1359886678355,24.4912018286261,25.4082572582302,27.3701134345384,1,1,1,1,1,1,1,1,0.896551724137931,0.862068965517241,0.862068965517241,0.862068965517241,0.827586206896552,0.827586206896552,0.793103448275862,0.793103448275862,0,0,0,0,0,0,0,0,2445,9.08845738942826,-1.25400160462581
"446",149,149,2,10.3257390241853,17.856762152058,18.9370220767655,19.7289043219252,20.9770087516624,22.1192686979667,24.4744818587573,25.3915372883614,27.3533934646696,1,1,1,1,1,1,1,1,0.896551724137931,0.862068965517241,0.862068965517241,0.862068965517241,0.827586206896552,0.827586206896552,0.793103448275862,0.793103448275862,0,0,0,0,0,0,0,0,2446,7.53775620280475,-2.78798282138051
"447",149,149,3,10.3461943064716,17.8772174343443,18.9574773590518,19.7493596042115,20.9974640339487,22.139723980253,24.4949371410436,25.4119925706477,27.373848746956,1,1,1,1,1,1,1,1,0.962962962962963,0.925925925925926,0.925925925925926,0.925925925925926,0.888888888888889,0.888888888888889,0.851851851851852,0.851851851851852,0,0,0,0,0,0,0,0,2447,14.1585760517799,3.81238174530836
"448",150,150,1,10.2552337839029,17.7808281117979,18.8603093222516,19.6516207325802,20.8988254559714,22.0402619947962,24.393777380804,25.3101717434573,27.2706136996011,1,1,1,1,1,1,1,1,1,0.961538461538462,0.961538461538462,0.961538461538462,0.923076923076923,0.923076923076923,0.884615384615385,0.884615384615385,0,0,0,0,0,0,0,0,2448,18.6623516720604,8.40711788815748
"449",150,150,2,10.1965158972992,17.7221102251942,18.8015914356478,19.5929028459765,20.8401075693676,21.9815441081925,24.3350594942003,25.2514538568535,27.2118958129973,0,1,1,1,1,1,1,1,0,1,1,1,0.96,0.96,0.92,0.92,0,0,0,0,0,0,0,0,2449,19.3635382955771,9.16702239827794
"450",150,150,3,10.1873741904028,17.7129685182978,18.7924497287514,19.5837611390801,20.8309658624712,21.9724024012961,24.3259177873039,25.2423121499572,27.2027541061009,1,1,1,1,1,1,1,1,0.896551724137931,0.862068965517241,0.862068965517241,0.862068965517241,0.827586206896552,0.827586206896552,0.793103448275862,0.793103448275862,1,0,0,0,0,0,0,0,2450,8.81877022653722,-1.36860396386559
"451",151,151,1,10.3311499520538,17.8705362711398,18.9519958230635,19.7447574524081,20.9942479004622,22.1377763249246,24.4956049468122,25.4136787652568,27.3777135802516,1,1,1,1,1,1,1,1,0.928571428571429,0.892857142857143,0.892857142857143,0.892857142857143,0.857142857142857,0.857142857142857,0.821428571428571,0.821428571428571,1,0,0,0,0,0,0,0,2451,11.2864077669903,0.95525781493653
"452",151,151,2,10.3043650905486,17.8437514096346,18.9252109615583,19.7179725909029,20.967463038957,22.1109914634194,24.468820085307,25.3868939037517,27.3509287187464,1,1,1,1,1,1,1,1,1,0.961538461538462,0.961538461538462,0.961538461538462,0.923076923076923,0.923076923076923,0.884615384615385,0.884615384615385,0,0,0,0,0,0,0,0,2452,18.2578209277238,7.95345583717527
"453",151,151,3,10.2286941976623,17.7680805167484,18.8495400686721,19.6423016980167,20.8917921460708,22.0353205705332,24.3931491924208,25.3112230108654,27.2752578258602,1,1,1,1,1,1,1,1,0.928571428571429,0.892857142857143,0.892857142857143,0.892857142857143,0.857142857142857,0.857142857142857,0.821428571428571,0.821428571428571,0,0,0,0,0,0,0,0,2453,9.65480043149946,-0.573893766162863
"454",152,152,1,10.3265219643408,17.8706387867009,18.952776888275,19.7460359270008,20.996310353804,22.1405562723338,24.4998642873104,25.4185141408618,27.383781267444,1,1,1,1,1,1,1,1,0.928571428571429,0.892857142857143,0.892857142857143,0.892857142857143,0.857142857142857,0.857142857142857,0.821428571428571,0.821428571428571,0,0,0,0,0,0,0,0,2454,11.4617044228695,1.1351824585287
"455",152,152,2,10.3075680633047,17.8516848856649,18.933822987239,19.7270820259647,20.9773564527679,22.1216023712977,24.4809103862743,25.3995602398258,27.3648273664079,1,1,1,1,1,1,1,1,0.928571428571429,0.892857142857143,0.892857142857143,0.892857142857143,0.857142857142857,0.857142857142857,0.821428571428571,0.821428571428571,0,0,0,0,0,0,0,0,2455,10.180690399137,-0.126877664167733
"456",152,152,3,10.3210055304572,17.8651223528173,18.9472604543914,19.7405194931171,20.9907939199203,22.1350398384502,24.4943478534267,25.4129977069782,27.3782648335604,1,1,1,1,1,1,1,1,1,0.961538461538462,0.961538461538462,0.961538461538462,0.923076923076923,0.923076923076923,0.884615384615385,0.884615384615385,0,0,0,0,0,0,0,0,2456,15.7766990291262,5.45569349866906
"457",153,153,1,10.2650002002534,17.8117326244652,18.8942459114306,19.6877799790112,20.93848788533,22.0831305224968,24.4432565272472,25.3622248835889,27.3281733830151,1,1,1,1,1,1,1,1,0.962962962962963,0.925925925925926,0.925925925925926,0.925925925925926,0.888888888888889,0.888888888888889,0.851851851851852,0.851851851851852,0,0,0,0,0,0,0,0,2457,12.8505933117584,2.58559311150498
"458",153,153,2,10.2962804487108,17.8430128729226,18.925526159888,19.7190602274686,20.9697681337874,22.1144107709543,24.4745367757046,25.3935051320463,27.3594536314725,1,1,1,1,1,1,1,1,0.928571428571429,0.892857142857143,0.892857142857143,0.892857142857143,0.857142857142857,0.857142857142857,0.821428571428571,0.821428571428571,0,0,0,0,0,0,0,0,2458,12.1763754045307,1.88009495581995
"459",153,153,3,10.3034878792309,17.8502203034427,18.9327335904082,19.7262676579888,20.9769755643076,22.1216182014744,24.4817442062247,25.4007125625665,27.3666610619927,1,1,1,1,1,1,1,1,0.896551724137931,0.862068965517241,0.862068965517241,0.862068965517241,0.827586206896552,0.827586206896552,0.793103448275862,0.793103448275862,0,0,0,0,0,0,0,0,2459,9.06148867313916,-1.24199920609178
"460",154,154,1,10.3372839190026,17.8839193209571,18.9664186909216,19.7599425566742,21.0106343836493,22.1552623050681,24.5153579675803,25.4343145094864,27.400237734297,1,1,1,1,1,1,1,1,0.928571428571429,0.892857142857143,0.892857142857143,0.892857142857143,0.857142857142857,0.857142857142857,0.821428571428571,0.821428571428571,0,0,0,0,0,0,0,0,2460,11.4886731391586,1.15138922015593
"461",154,154,2,10.3121114097789,17.8587468117334,18.9412461816978,19.7347700474504,20.9854618744255,22.1300897958444,24.4901854583565,25.4091420002627,27.3750652250733,1,1,1,1,1,1,1,1,0.928571428571429,0.892857142857143,0.892857142857143,0.892857142857143,0.857142857142857,0.857142857142857,0.821428571428571,0.821428571428571,0,0,0,0,0,0,0,0,2461,11.596548004315,1.28443659453612
"462",154,154,3,10.3109926315912,17.8576280335456,18.9401274035101,19.7336512692627,20.9843430962378,22.1289710176566,24.4890666801688,25.4080232220749,27.3739464468855,1,1,1,1,1,1,1,1,1,0.961538461538462,0.961538461538462,0.961538461538462,0.923076923076923,0.923076923076923,0.884615384615385,0.884615384615385,0,0,0,0,0,0,0,0,2462,16.2621359223301,5.95114329073894
"463",155,155,1,10.2697076746004,17.8187428228972,18.9015864156531,19.6953626131923,20.9464521462943,22.0914440466947,24.4522901934468,25.3715389533392,27.3380873199271,1,1,1,1,1,1,1,1,1,0.961538461538462,0.961538461538462,0.961538461538462,0.923076923076923,0.923076923076923,0.884615384615385,0.884615384615385,0,0,0,0,0,0,0,0,2463,17.8802588996764,7.61055122507594
"464",155,155,2,10.2534746060329,17.8025097543296,18.8853533470855,19.6791295446247,20.9302190777268,22.0752109781272,24.4360571248793,25.3553058847716,27.3218542513596,1,1,1,1,1,1,1,1,0.896551724137931,0.862068965517241,0.862068965517241,0.862068965517241,0.827586206896552,0.827586206896552,0.793103448275862,0.793103448275862,0,0,0,0,0,0,0,0,2464,7.72653721682848,-2.5269373892044
"465",155,155,3,10.3553371112943,17.9043722595911,18.987215852347,19.7809920498862,21.0320815829882,22.1770734833886,24.5379196301407,25.4571683900331,27.423716756621,1,1,1,1,1,1,1,1,0.928571428571429,0.892857142857143,0.892857142857143,0.892857142857143,0.857142857142857,0.857142857142857,0.821428571428571,0.821428571428571,0,0,0,0,0,0,0,0,2465,10.6796116504854,0.324274539191098
"466",156,156,1,10.3256658064894,17.8695664005002,18.9516734859937,19.7449097884474,20.9951483800717,22.1393615023959,24.4986018952386,25.4172254185852,27.3824362169746,1,1,1,1,1,1,1,1,0.896551724137931,0.862068965517241,0.862068965517241,0.862068965517241,0.827586206896552,0.827586206896552,0.793103448275862,0.793103448275862,0,0,0,0,0,0,0,0,2466,9.12891046386192,-1.19675534262752
"467",156,156,2,10.3395665849635,17.8834671789742,18.9655742644677,19.7588105669214,21.0090491585458,22.15326228087,24.5125026737127,25.4311261970593,27.3963369954486,1,1,1,1,1,1,1,1,0.896551724137931,0.862068965517241,0.862068965517241,0.862068965517241,0.827586206896552,0.827586206896552,0.793103448275862,0.793103448275862,0,0,0,0,0,0,0,0,2467,9.18284789644013,-1.15671868852336
"468",156,156,3,10.3390830796253,17.882983673636,18.9650907591295,19.7583270615832,21.0085656532075,22.1527787755318,24.5120191683745,25.4306426917211,27.3958534901104,1,1,1,1,1,1,1,1,0.896551724137931,0.862068965517241,0.862068965517241,0.862068965517241,0.827586206896552,0.827586206896552,0.793103448275862,0.793103448275862,0,0,0,0,0,0,0,0,2468,7.92880258899676,-2.4102804906285
"469",157,157,1,10.3489214113209,17.8934871978846,18.9756896994783,19.7689959465017,21.019344779425,22.1636587941243,24.5231072158402,25.4418117399263,27.4071958231531,0,1,1,1,1,1,1,1,0,1,1,1,0.96,0.96,0.92,0.92,0,0,0,0,0,0,0,0,2469,18.8511326860841,8.50221127476328
"470",157,157,2,10.2520481592742,17.7966139458379,18.8788164474316,19.672122694455,20.9224715273783,22.0667855420776,24.4262339637935,25.3449384878796,27.3103225711064,1,1,1,1,1,1,1,1,0.896551724137931,0.862068965517241,0.862068965517241,0.862068965517241,0.827586206896552,0.827586206896552,0.793103448275862,0.793103448275862,1,0,0,0,0,0,0,0,2470,8.4007551240561,-1.85129303521809
"471",157,157,3,10.3447355300596,17.8893013166233,18.971503818217,19.7648100652404,21.0151588981637,22.159472912863,24.5189213345789,25.437625858665,27.4030099418918,1,1,1,1,1,1,1,1,0.928571428571429,0.892857142857143,0.892857142857143,0.892857142857143,0.857142857142857,0.857142857142857,0.821428571428571,0.821428571428571,1,0,0,0,0,0,0,0,2471,10.4638619201726,0.119126390113014
"472",158,158,1,10.3292512349975,17.880194204592,18.9633114577597,19.7572882614831,21.0086939747605,22.153975241933,24.5154180308348,25.4348991068216,27.4019444671025,1,1,1,1,1,1,1,1,0.896551724137931,0.862068965517241,0.862068965517241,0.862068965517241,0.827586206896552,0.827586206896552,0.793103448275862,0.793103448275862,0,0,0,0,0,0,0,0,2472,8.19848975188781,-2.13076148310966
"473",158,158,2,10.3516784164637,17.9026213860582,18.985738639226,19.7797154429494,21.0311211562267,22.1764024233992,24.5378452123011,25.4573262882878,27.4243716485687,1,1,1,1,1,1,1,1,0.928571428571429,0.892857142857143,0.892857142857143,0.892857142857143,0.857142857142857,0.857142857142857,0.821428571428571,0.821428571428571,0,0,0,0,0,0,0,0,2473,10.7335490830636,0.381870666599923
"474",158,158,3,10.326581332442,17.8775243020364,18.9606415552042,19.7546183589276,21.006024072205,22.1513053393775,24.5127481282793,25.4322292042661,27.399274564547,1,1,1,1,1,1,1,1,0.962962962962963,0.925925925925926,0.925925925925926,0.925925925925926,0.888888888888889,0.888888888888889,0.851851851851852,0.851851851851852,0,0,0,0,0,0,0,0,2474,13.5652642934196,3.23868296097766
"475",159,159,1,10.3019722095385,17.8532334694371,18.9363963785873,19.7304066503317,20.9818651133526,22.1271946568694,24.4887369862321,25.4082568205452,27.3753850964921,1,1,1,1,1,1,1,1,0.928571428571429,0.892857142857143,0.892857142857143,0.892857142857143,0.857142857142857,0.857142857142857,0.821428571428571,0.821428571428571,0,0,0,0,0,0,0,0,2475,11.8527508090615,1.55077859952296
"476",159,159,2,10.3192061548104,17.8704674147089,18.9536303238591,19.7476405956036,20.9990990586245,22.1444286021413,24.505970931504,25.425490765817,27.392619041764,0,1,1,1,1,1,1,1,0,1,1,1,0.96,0.96,0.92,0.92,0,0,0,0,0,0,0,0,2476,19.066882416397,8.74767626158662
"477",159,159,3,10.2466064640983,17.7978677239968,18.8810306331471,19.6750409048915,20.9264993679124,22.0718289114292,24.4333712407919,25.352891075105,27.3200193510519,1,1,1,1,1,1,1,1,0.896551724137931,0.862068965517241,0.862068965517241,0.862068965517241,0.827586206896552,0.827586206896552,0.793103448275862,0.793103448275862,1,0,0,0,0,0,0,0,2477,8.87270765911543,-1.3738988049829
"478",160,160,1,10.352240959479,17.908643361623,18.9925437230212,19.7870945825709,21.0394050788815,22.1855143996963,24.5486645432527,25.4688104163297,27.4372779766603,1,1,1,1,1,1,1,1,0.962962962962963,0.925925925925926,0.925925925925926,0.925925925925926,0.888888888888889,0.888888888888889,0.851851851851852,0.851851851851852,1,0,0,0,0,0,0,0,2478,15.0485436893204,4.69630272984143
"479",160,160,2,10.2917942934602,17.8481966956043,18.9320970570025,19.7266479165522,20.9789584128628,22.1250677336775,24.4882178772339,25.408363750311,27.3768313106415,1,1,1,1,1,1,1,1,0.896551724137931,0.862068965517241,0.862068965517241,0.862068965517241,0.827586206896552,0.827586206896552,0.793103448275862,0.793103448275862,0,0,0,0,0,0,0,0,2479,9.37162891046386,-0.920165382996352
"480",160,160,3,10.3473577135342,17.9037601156783,18.9876604770765,19.7822113366262,21.0345218329368,22.1806311537515,24.5437812973079,25.463927170385,27.4323947307155,1,1,1,1,1,1,1,1,0.928571428571429,0.892857142857143,0.892857142857143,0.892857142857143,0.857142857142857,0.857142857142857,0.821428571428571,0.821428571428571,0,0,0,0,0,0,0,0,2480,11.5156418554477,1.16828414191347
"481",161,161,1,10.3304622557605,17.8884721428236,18.9726030839861,19.7673229695427,21.0198998717604,22.1662530061456,24.5299058662085,25.4502474833097,27.4191337987235,1,1,1,1,1,1,1,1,0.928571428571429,0.892857142857143,0.892857142857143,0.892857142857143,0.857142857142857,0.857142857142857,0.821428571428571,0.821428571428571,0,0,0,0,0,0,0,0,2481,11.7988133764833,1.4683511207228
"482",161,161,2,10.3276428396468,17.88565272671,18.9697836678724,19.764503553429,21.0170804556468,22.1634335900319,24.5270864500948,25.447428067196,27.4163143826098,1,1,1,1,1,1,1,1,1,0.961538461538462,0.961538461538462,0.961538461538462,0.923076923076923,0.923076923076923,0.884615384615385,0.884615384615385,0,0,0,0,0,0,0,0,2482,16.3160733549083,5.98843051526149
"483",161,161,3,10.2826664397384,17.8406763268016,18.9248072679641,19.7195271535206,20.9721040557384,22.1184571901235,24.4821100501864,25.4024516672876,27.3713379827014,1,1,1,1,1,1,1,1,0.928571428571429,0.892857142857143,0.892857142857143,0.892857142857143,0.857142857142857,0.857142857142857,0.821428571428571,0.821428571428571,0,0,0,0,0,0,0,0,2483,9.62783171521036,-0.654834724528065
"484",162,162,1,10.3541636682727,17.9154379341163,19.0000371220914,19.7951002549802,21.0482181574774,22.1950664130522,24.5597401580247,25.4804792797191,27.4502159764906,1,1,1,1,1,1,1,1,0.928571428571429,0.892857142857143,0.892857142857143,0.892857142857143,0.857142857142857,0.857142857142857,0.821428571428571,0.821428571428571,0,0,0,0,0,0,0,0,2484,10.4638619201726,0.109698251899884
"485",162,162,2,10.3459880429429,17.9072623087865,18.9918614967616,19.7869246296504,21.0400425321476,22.1868907877224,24.5515645326949,25.4723036543893,27.4420403511608,1,1,1,1,1,1,1,1,0.928571428571429,0.892857142857143,0.892857142857143,0.892857142857143,0.857142857142857,0.857142857142857,0.821428571428571,0.821428571428571,0,0,0,0,0,0,0,0,2485,9.49298813376483,-0.852999909178081
"486",162,162,3,10.3554823175195,17.916756583363,19.0013557713382,19.796418904227,21.0495368067241,22.1963850622989,24.5610588072715,25.4817979289659,27.4515346257374,1,1,1,1,1,1,1,1,0.962962962962963,0.925925925925926,0.925925925925926,0.925925925925926,0.888888888888889,0.888888888888889,0.851851851851852,0.851851851851852,0,0,0,0,0,0,0,0,2486,13.3764832793959,3.02100096187644
"487",163,163,1,10.319466168435,17.8804848708405,18.9650474004578,19.7600836610152,21.0131592093921,22.1599687026535,24.5245625240403,25.4452705256817,27.4149406473411,1,1,1,1,1,1,1,1,0.962962962962963,0.925925925925926,0.925925925925926,0.925925925925926,0.888888888888889,0.888888888888889,0.851851851851852,0.851851851851852,0,0,0,0,0,0,0,0,2487,12.8775620280475,2.55809585961248
"488",163,163,2,10.3244471454771,17.8854658478826,18.9700283775,19.7650646380574,21.0181401864343,22.1649496796956,24.5295435010824,25.4502515027239,27.4199216243832,1,1,1,1,1,1,1,1,0.896551724137931,0.862068965517241,0.862068965517241,0.862068965517241,0.827586206896552,0.827586206896552,0.793103448275862,0.793103448275862,0,0,0,0,0,0,0,0,2488,9.12891046386192,-1.19553668161519
"489",163,163,3,10.3618717837936,17.9228904861991,19.0074530158165,19.8024892763739,21.0555648247508,22.2023743180121,24.5669681393989,25.4876761410404,27.4573462626997,1,1,1,1,1,1,1,1,0.962962962962963,0.925925925925926,0.925925925925926,0.925925925925926,0.888888888888889,0.888888888888889,0.851851851851852,0.851851851851852,0,0,0,0,0,0,0,0,2489,15.4261057173679,5.06423393357423
"490",164,164,1,10.3030762682586,17.8667619099501,18.9517069888683,19.7470236763789,21.0005412123423,22.1477552107916,24.5131830769555,25.4342158327652,27.4045807008383,1,1,1,1,1,1,1,1,0.896551724137931,0.862068965517241,0.862068965517241,0.862068965517241,0.827586206896552,0.827586206896552,0.793103448275862,0.793103448275862,0,0,0,0,0,0,0,0,2490,7.30852211434736,-2.99455415391126
"491",164,164,2,10.3863365492547,17.9500221909463,19.0349672698644,19.830283957375,21.0838014933384,22.2310154917877,24.5964433579516,25.5174761137614,27.4878409818345,1,1,1,1,1,1,1,1,0.928571428571429,0.892857142857143,0.892857142857143,0.892857142857143,0.857142857142857,0.857142857142857,0.821428571428571,0.821428571428571,0,0,0,0,0,0,0,0,2491,10.9897518878101,0.603415338555418
"492",164,164,3,10.3485789799658,17.9122646216573,18.9972097005755,19.792526388086,21.0460439240495,22.1932579224988,24.5586857886626,25.4797185444724,27.4500834125455,1,1,1,1,1,1,1,1,0.896551724137931,0.862068965517241,0.862068965517241,0.862068965517241,0.827586206896552,0.827586206896552,0.793103448275862,0.793103448275862,0,0,0,0,0,0,0,0,2492,8.87270765911543,-1.47587132085036
"493",165,165,1,10.36806277463,17.9302690700498,19.0150019495809,19.810163084781,21.0634354510506,22.210425071223,24.5753902942971,25.4962429095725,27.4662224030995,1,1,1,1,1,1,1,1,0.896551724137931,0.862068965517241,0.862068965517241,0.862068965517241,0.827586206896552,0.827586206896552,0.793103448275862,0.793103448275862,0,0,0,0,0,0,0,0,2493,8.50862998921251,-1.8594327854175
"494",165,165,2,10.3718201858297,17.9340264812495,19.0187593607806,19.8139204959807,21.0671928622503,22.2141824824227,24.5791477054968,25.5000003207722,27.4699798142992,1,1,1,1,1,1,1,1,0.896551724137931,0.862068965517241,0.862068965517241,0.862068965517241,0.827586206896552,0.827586206896552,0.793103448275862,0.793103448275862,0,0,0,0,0,0,0,0,2494,8.4007551240561,-1.97106506177363
"495",165,165,3,10.3729334928519,17.9351397882717,19.0198726678027,19.8150338030029,21.0683061692725,22.2152957894448,24.580261012519,25.5011136277944,27.4710931213213,1,1,1,1,1,1,1,1,1,0.961538461538462,0.961538461538462,0.961538461538462,0.923076923076923,0.923076923076923,0.884615384615385,0.884615384615385,0,0,0,0,0,0,0,0,2495,17.0711974110032,6.69826391815137
"496",166,166,1,10.2883373967148,17.8526168357898,18.9376470897905,19.7330262147145,20.9866421597696,22.1339462218073,24.4995597890888,25.4206648518223,27.3911844060575,0,0,0,0,0,0,0,0,0,0,0,0,0,0,0,0,0,0,0,0,0,0,0,0,2496,38.3495145631068,28.061177166392
"497",166,166,2,10.0792144673582,17.6434939064331,18.7285241604339,19.5239032853579,20.777519230413,21.9248232924506,24.2904368597322,25.2115419224657,27.1820614767008,1,1,1,1,1,1,1,1,0.896551724137931,0.896551724137931,0.862068965517241,0.862068965517241,0.827586206896552,0.827586206896552,0.793103448275862,0.793103448275862,1,1,1,1,1,1,1,1,2497,8.06364617044229,-2.01556829691591
"498",166,166,3,10.3768634529951,17.94114289207,19.0261731460708,19.8215522709948,21.0751682160498,22.2224722780875,24.5880858453691,25.5091909081025,27.4797104623377,1,1,1,1,1,1,1,1,0.928571428571429,0.892857142857143,0.892857142857143,0.892857142857143,0.857142857142857,0.857142857142857,0.821428571428571,0.821428571428571,1,1,1,1,1,1,1,1,2498,9.84358144552319,-0.533282007471875
"499",167,167,1,10.3692472399658,18.0006960465759,19.0953611635539,19.8978031043353,21.1625509213472,22.3200428259729,24.7066625933065,25.6359468943925,27.6239642887378,1,1,1,1,1,1,1,1,0.896551724137931,0.862068965517241,0.862068965517241,0.862068965517241,0.827586206896552,0.827586206896552,0.793103448275862,0.793103448275862,0,0,0,0,0,0,0,0,2499,9.03451995685005,-1.33472728311576
"500",167,167,2,10.3747377501202,18.0061865567302,19.1008516737083,19.9032936144897,21.1680414315015,22.3255333361273,24.7121531034609,25.6414374045468,27.6294547988922,1,1,1,1,1,1,1,1,0.928571428571429,0.892857142857143,0.892857142857143,0.892857142857143,0.857142857142857,0.857142857142857,0.821428571428571,0.821428571428571,0,0,0,0,0,0,0,0,2500,11.8257820927724,1.45104434265222
"501",167,167,3,10.3557954900877,17.9872442966977,19.0819094136758,19.8843513544572,21.149099171469,22.3065910760948,24.6932108434283,25.6224951445143,27.6105125388597,1,1,1,1,1,1,1,1,0.896551724137931,0.862068965517241,0.862068965517241,0.862068965517241,0.827586206896552,0.827586206896552,0.793103448275862,0.793103448275862,0,0,0,0,0,0,0,0,2501,8.09061488673139,-2.26518060335626
"502",168,168,1,10.3791246345014,18.0110065345703,19.1057337750473,19.9082212553277,21.1730408482265,22.3305984418434,24.7173536525818,25.646690691616,27.634820908225,0,1,1,1,1,1,1,1,0,1,1,1,0.96,0.96,0.92,0.92,0,0,0,0,0,0,0,0,2502,20.4153182308522,10.0361935963508
"503",168,168,2,10.294446340723,17.9263282407919,19.0210554812689,19.8235429615493,21.0883625544481,22.2459201480649,24.6326753588033,25.5620123978376,27.5501426144466,1,1,1,1,1,1,1,1,0.896551724137931,0.862068965517241,0.862068965517241,0.862068965517241,0.827586206896552,0.827586206896552,0.793103448275862,0.793103448275862,1,0,0,0,0,0,0,0,2503,7.90183387270766,-2.39261246801529
"504",168,168,3,10.3804216762004,18.0123035762693,19.1070308167463,19.9095182970268,21.1743378899255,22.3318954835424,24.7186506942808,25.647987733315,27.636117949924,1,1,1,1,1,1,1,1,0.962962962962963,0.925925925925926,0.925925925925926,0.925925925925926,0.888888888888889,0.888888888888889,0.851851851851852,0.851851851851852,1,0,0,0,0,0,0,0,2504,12.6887810140237,2.30835933782335
"505",169,169,1,10.351728791972,17.9928365657584,19.0888871777718,19.8923447527484,21.158693334957,22.317650253186,24.7072907158789,25.6377511929164,27.6282847798281,1,1,1,1,1,1,1,1,0.928571428571429,0.892857142857143,0.892857142857143,0.892857142857143,0.857142857142857,0.857142857142857,0.821428571428571,0.821428571428571,0,0,0,0,0,0,0,0,2505,10.2346278317152,-0.117100960256744
"506",169,169,2,10.3721421135989,18.0132498873853,19.1093004993987,19.9127580743753,21.179106656584,22.3380635748129,24.7277040375058,25.6581645145433,27.6486981014551,1,1,1,1,1,1,1,1,0.962962962962963,0.925925925925926,0.925925925925926,0.925925925925926,0.888888888888889,0.888888888888889,0.851851851851852,0.851851851851852,0,0,0,0,0,0,0,0,2506,12.5134843581446,2.14134224454566
"507",169,169,3,10.3531868863739,17.9942946601603,19.0903452721737,19.8938028471503,21.1601514293589,22.3191083475879,24.7087488102808,25.6392092873183,27.6297428742301,1,1,1,1,1,1,1,1,0.962962962962963,0.925925925925926,0.925925925925926,0.925925925925926,0.888888888888889,0.888888888888889,0.851851851851852,0.851851851851852,0,0,0,0,0,0,0,0,2507,14.0507011866235,3.69751430024964
"508",170,170,1,10.3391277584953,17.9786379612468,19.0744594155566,19.8777490069648,21.1438328262785,22.3025474346149,24.6916882812181,25.6219542214488,27.6120716358765,1,1,1,1,1,1,1,1,0.928571428571429,0.892857142857143,0.892857142857143,0.892857142857143,0.857142857142857,0.857142857142857,0.821428571428571,0.821428571428571,0,0,0,0,0,0,0,0,2508,11.0167206040992,0.677592845603913
"509",170,170,2,10.3647710969076,18.004281299659,19.1001027539688,19.9033923453771,21.1694761646907,22.3281907730272,24.7173316196304,25.647597559861,27.6377149742887,1,1,1,1,1,1,1,1,1,0.961538461538462,0.961538461538462,0.961538461538462,0.923076923076923,0.923076923076923,0.884615384615385,0.884615384615385,0,0,0,0,0,0,0,0,2509,16.1272923408846,5.76252124397701
"510",170,170,3,10.3215763179821,17.9610865207335,19.0569079750433,19.8601975664516,21.1262813857652,22.2849959941017,24.6741368407049,25.6044027809355,27.5945201953633,1,1,1,1,1,1,1,1,0.896551724137931,0.862068965517241,0.862068965517241,0.862068965517241,0.827586206896552,0.827586206896552,0.793103448275862,0.793103448275862,0,0,0,0,0,0,0,0,2510,7.11974110032363,-3.20183521765844
"511",171,171,1,10.3984663787123,18.0415407151582,19.1378734135222,19.9415377712994,21.2082122687954,22.3674674633302,24.757722938642,25.688422884731,27.6794687676527,1,1,1,1,1,1,1,1,1,0.961538461538462,0.961538461538462,0.961538461538462,0.923076923076923,0.923076923076923,0.884615384615385,0.884615384615385,0,0,0,0,0,0,0,0,2511,16.3969795037756,5.99851312506334
"512",171,171,2,10.3172687922992,17.960343128745,19.0566758271091,19.8603401848863,21.1270146823823,22.2862698769171,24.6765253522289,25.6072252983178,27.5982711812396,1,1,1,1,1,1,1,1,0.928571428571429,0.892857142857143,0.892857142857143,0.892857142857143,0.857142857142857,0.857142857142857,0.821428571428571,0.821428571428571,0,0,0,0,0,0,0,0,2512,9.57389428263215,-0.743374509667024
"513",171,171,3,10.3769867846321,18.0200611210779,19.116393819442,19.9200581772192,21.1867326747152,22.34598786925,24.7362433445618,25.6669432906507,27.6579891735725,1,1,1,1,1,1,1,1,0.928571428571429,0.892857142857143,0.892857142857143,0.892857142857143,0.857142857142857,0.857142857142857,0.821428571428571,0.821428571428571,0,0,0,0,0,0,0,0,2513,12.2977346278317,1.92074784319964
"514",172,172,1,10.3571566304061,18.0032666152927,19.1000347510868,19.9040183053479,21.1711958960095,22.3309115193023,24.7221163475822,25.6531859456876,27.6450226249648,1,1,1,1,1,1,1,1,0.896551724137931,0.862068965517241,0.862068965517241,0.862068965517241,0.827586206896552,0.827586206896552,0.793103448275862,0.793103448275862,0,0,0,0,0,0,0,0,2514,8.09061488673139,-2.26654174367473
"515",172,172,2,10.3960740997529,18.0421840846395,19.1389522204335,19.9429357746946,21.2101133653563,22.369828988649,24.761033816929,25.6921034150343,27.6839400943115,0,0,0,0,1,1,1,1,0,0,0,0,1,1,0.958333333333333,0.958333333333333,0,0,0,0,0,0,0,0,2515,24.9460625674218,14.5499884676689
"516",172,172,3,10.2401547514085,17.8862647362951,18.9830328720892,19.7870164263503,21.054194017012,22.2139096403047,24.6051144685846,25.53618406669,27.5280207459672,1,1,1,1,1,1,1,1,0.928571428571429,0.892857142857143,0.892857142857143,0.892857142857143,0.857142857142857,0.857142857142857,0.821428571428571,0.821428571428571,1,1,1,1,0,0,0,0,2516,11.8257820927724,1.58562734136385
"517",173,173,1,10.3661774090588,18.030875765284,19.1303102416644,19.9362483512336,21.2065065629763,22.3690415577789,24.7660596170198,25.6993927278742,27.6960717387309,1,1,1,1,1,1,1,1,0.962962962962963,0.925925925925926,0.925925925925926,0.925925925925926,0.888888888888889,0.888888888888889,0.851851851851852,0.851851851851852,1,1,1,1,0,0,0,0,2517,12.5134843581446,2.14730694908573
"518",173,173,2,10.3595371463448,18.02423550257,19.1236699789504,19.9296080885196,21.1998663002622,22.3624012950649,24.7594193543057,25.6927524651602,27.6894314760169,1,1,1,1,1,1,1,1,0.928571428571429,0.892857142857143,0.892857142857143,0.892857142857143,0.857142857142857,0.857142857142857,0.821428571428571,0.821428571428571,0,0,0,0,0,0,0,0,2518,9.99190938511327,-0.367627761231526
"519",173,173,3,10.3838847762962,18.0485831325215,19.1480176089018,19.953955718471,21.2242139302137,22.3867489250163,24.7837669842572,25.7171000951116,27.7137791059683,1,1,1,1,1,1,1,1,0.896551724137931,0.862068965517241,0.862068965517241,0.862068965517241,0.827586206896552,0.827586206896552,0.793103448275862,0.793103448275862,0,0,0,0,0,0,0,0,2519,7.64563106796117,-2.73825370833507
"520",174,174,1,10.4012958022629,18.0571433997673,19.1553083116029,19.9603157695769,21.2291071592187,22.3902997245786,24.7845498433858,25.7168051941267,27.7111785533653,1,1,1,1,1,1,1,1,0.962962962962963,0.925925925925926,0.925925925925926,0.925925925925926,0.888888888888889,0.888888888888889,0.851851851851852,0.851851851851852,0,0,0,0,0,0,0,0,2520,15.4261057173679,5.02480991510496
"521",174,174,2,10.3241165249855,17.97996412249,19.0781290343255,19.8831364922995,21.1519278819414,22.3131204473012,24.7073705661084,25.6396259168494,27.6339992760879,1,1,1,1,1,1,1,1,0.928571428571429,0.892857142857143,0.892857142857143,0.892857142857143,0.857142857142857,0.857142857142857,0.821428571428571,0.821428571428571,0,0,0,0,0,0,0,0,2521,12.3247033441208,2.0005868191353
"522",174,174,3,10.354881228233,18.0107288257374,19.108893737573,19.913901195547,21.1826925851888,22.3438851505487,24.7381352693559,25.6703906200969,27.6647639793354,1,1,1,1,1,1,1,1,0.962962962962963,0.925925925925926,0.925925925925926,0.925925925925926,0.888888888888889,0.888888888888889,0.851851851851852,0.851851851851852,0,0,0,0,0,0,0,0,2522,14.4552319309601,4.10035070272709
"523",175,175,1,10.3410780221419,18.0000459344916,19.0986584284183,19.9039939854943,21.1733024999297,22.3349683357346,24.7301942856427,25.6628295982589,27.6580158097285,1,1,1,1,1,1,1,1,0.962962962962963,0.925925925925926,0.925925925925926,0.925925925925926,0.888888888888889,0.888888888888889,0.851851851851852,0.851851851851852,0,0,0,0,0,0,0,0,2523,13.8888888888889,3.54781086674694
"524",175,175,2,10.3467013028503,18.0056692151999,19.1042817091266,19.9096172662026,21.178925780638,22.3405916164429,24.735817566351,25.6684528789673,27.6636390904368,1,1,1,1,1,1,1,1,0.928571428571429,0.892857142857143,0.892857142857143,0.892857142857143,0.857142857142857,0.857142857142857,0.821428571428571,0.821428571428571,0,0,0,0,0,0,0,0,2524,12.0954692556634,1.74876795281315
"525",175,175,3,10.3645083584267,18.0234762707763,19.122088764703,19.927424321779,21.1967328362144,22.3583986720193,24.7536246219274,25.6862599345437,27.6814461460132,1,1,1,1,1,1,1,1,0.896551724137931,0.862068965517241,0.862068965517241,0.862068965517241,0.827586206896552,0.827586206896552,0.793103448275862,0.793103448275862,0,0,0,0,0,0,0,0,2525,8.87270765911543,-1.49180069931125
"526",176,176,1,10.4006277134604,18.0596313418586,19.1582489589426,19.9635882715381,21.2329027051372,22.3945739581359,24.789811077696,25.7224507394685,27.7176462550856,1,1,1,1,1,1,1,1,0.928571428571429,0.892857142857143,0.892857142857143,0.892857142857143,0.857142857142857,0.857142857142857,0.821428571428571,0.821428571428571,0,0,0,0,0,0,0,0,2526,10.0458468176915,-0.354780895768949
"527",176,176,2,10.3891925941786,18.0481962225768,19.1468138396608,19.9521531522563,21.2214675858554,22.3831388388541,24.7783759584142,25.7110156201867,27.7062111358038,1,1,1,1,1,1,1,1,0.896551724137931,0.862068965517241,0.862068965517241,0.862068965517241,0.827586206896552,0.827586206896552,0.793103448275862,0.793103448275862,0,0,0,0,0,0,0,0,2527,8.34681769147789,-2.04237490270074
"528",176,176,3,10.4057538014143,18.0647574298125,19.1633750468965,19.968714359492,21.2380287930911,22.3997000460898,24.7949371656499,25.7275768274224,27.7227723430395,0,1,1,1,1,1,1,1,0,1,1,1,0.96,0.96,0.92,0.92,0,0,0,0,0,0,0,0,2528,20.4962243797195,10.0904705783052
"529",177,177,1,10.2877725933605,17.9542819165456,19.0539761604235,19.8601046920054,21.1306630324087,22.2934727037045,24.6910571153712,25.624610748332,27.6217615220097,0,0,0,0,0,0,0,0,0,0,0,0,0,0,0,0,1,0,0,0,0,0,0,0,2529,53.6677454153182,43.3799728219577
"530",177,177,2,9.95601347516863,17.6225227983537,18.7222170422316,19.5283455738136,20.7989039142169,21.9617135855126,24.3592979971794,25.2928516301402,27.2900024038178,1,1,1,1,1,1,1,1,0.896551724137931,0.896551724137931,0.862068965517241,0.862068965517241,0.827586206896552,0.827586206896552,0.793103448275862,0.793103448275862,1,1,1,1,1,1,1,1,2530,9.12891046386192,-0.827103011306709
"531",177,177,3,10.4014607789848,18.0679701021699,19.1676643460478,19.9737928776297,21.244351218033,22.4071608893288,24.8047453009955,25.7382989339563,27.735449707634,1,1,1,1,1,1,1,1,0.896551724137931,0.862068965517241,0.862068965517241,0.862068965517241,0.827586206896552,0.827586206896552,0.793103448275862,0.793103448275862,1,1,1,1,1,1,1,1,2531,7.92880258899676,-2.47265818998801
"532",178,178,1,10.4101265961764,18.2410394087934,19.364315906782,20.187731359691,21.4855360277101,22.6732814239163,25.1222805312247,26.0758536369808,28.1158320578018,1,1,1,1,1,1,1,1,0.962962962962963,0.925925925925926,0.925925925925926,0.925925925925926,0.888888888888889,0.851851851851852,0.851851851851852,0.851851851851852,0,0,0,0,0,0,0,0,2532,14.5091693635383,4.09904276736194
"533",178,178,2,10.4040298604622,18.2349426730793,19.3582191710679,20.1816346239769,21.479439291996,22.6671846882022,25.1161837955106,26.0697569012667,28.1097353220877,1,1,1,1,1,1,1,1,0.896551724137931,0.862068965517241,0.862068965517241,0.862068965517241,0.827586206896552,0.793103448275862,0.793103448275862,0.793103448275862,0,0,0,0,0,0,0,0,2533,6.72869471413161,-3.67533514633062
"534",178,178,3,10.4112385008455,18.2421513134626,19.3654278114512,20.1888432643602,21.4866479323793,22.6743933285855,25.1233924358939,26.07696554165,28.116943962471,1,1,1,1,1,1,1,1,0.962962962962963,0.925925925925926,0.925925925925926,0.925925925925926,0.888888888888889,0.851851851851852,0.851851851851852,0.851851851851852,0,0,0,0,0,0,0,0,2534,12.9045307443366,2.49329224349104
"535",179,179,1,10.4072687532777,18.2396482248193,19.3631351023052,20.1867047734581,21.4847525085173,22.6727203586605,25.1221781412834,26.075929842631,28.1162903329027,1,1,1,1,1,1,1,1,0.896551724137931,0.862068965517241,0.862068965517241,0.862068965517241,0.827586206896552,0.793103448275862,0.793103448275862,0.793103448275862,0,0,0,0,0,0,0,0,2535,7.53775620280475,-2.86951255047298
"536",179,179,2,10.4180914656916,18.2504709372331,19.373957814719,20.1975274858719,21.4955752209312,22.6835430710744,25.1330008536972,26.0867525550449,28.1271130453165,0,0,0,0,1,1,1,1,0,0,0,0,1,0.958333333333333,0.958333333333333,0.916666666666667,0,0,0,0,0,0,0,0,2536,22.7615965480043,12.3435050823127
"537",179,179,3,10.3873908568593,18.2197703284009,19.3432572058868,20.1668268770397,21.4648746120989,22.6528424622421,25.102300244865,26.0560519462126,28.0964124364843,1,1,1,1,1,1,1,1,0.928571428571429,0.892857142857143,0.892857142857143,0.892857142857143,0.857142857142857,0.821428571428571,0.821428571428571,0.821428571428571,1,1,1,1,0,0,0,0,2537,10.6256742179072,0.238283361047896
"538",180,180,1,10.4181999612734,18.2638485305612,19.3892387449894,20.2142036532484,21.5144504546754,22.7044308811475,25.1580383726629,26.1134058568766,28.1572229905453,1,1,1,1,1,1,1,1,0.962962962962963,0.925925925925926,0.925925925925926,0.925925925925926,0.888888888888889,0.851851851851852,0.851851851851852,0.814814814814815,1,1,1,1,0,0,0,0,2538,12.621359223301,2.20315926202759
"539",180,180,2,10.4125376034215,18.2581861727094,19.3835763871376,20.2085412953965,21.5087880968236,22.6987685232956,25.152376014811,26.1077434990248,28.1515606326934,1,1,1,1,1,1,1,1,0.928571428571429,0.892857142857143,0.892857142857143,0.892857142857143,0.857142857142857,0.821428571428571,0.821428571428571,0.785714285714286,0,0,0,0,0,0,0,0,2539,9.50647249190938,-0.906065111512154
"540",180,180,3,10.4213754727714,18.2670240420592,19.3924142564874,20.2173791647464,21.5176259661734,22.7076063926454,25.1612138841609,26.1165813683746,28.1603985020433,1,1,1,1,1,1,1,1,0.962962962962963,0.925925925925926,0.925925925925926,0.925925925925926,0.888888888888889,0.851851851851852,0.851851851851852,0.814814814814815,0,0,0,0,0,0,0,0,2540,14.5091693635383,4.08779389076692
"541",181,181,1,10.40935022395,18.2556520089314,19.3811359214831,20.2061695149527,21.506524572773,22.6966040750426,25.1504158498502,26.1058628763769,28.1498501748719,1,1,1,1,1,1,1,1,0.962962962962963,0.925925925925926,0.925925925925926,0.925925925925926,0.888888888888889,0.851851851851852,0.851851851851852,0.814814814814815,0,0,0,0,0,0,0,0,2541,14.428263214671,4.01891299072103
"542",181,181,2,10.4095921733704,18.2558939583518,19.3813778709036,20.2064114643732,21.5067665221934,22.696846024463,25.1506577992707,26.1061048257974,28.1500921242924,1,1,1,1,1,1,1,1,0.896551724137931,0.862068965517241,0.862068965517241,0.862068965517241,0.827586206896552,0.793103448275862,0.793103448275862,0.758620689655172,0,0,0,0,0,0,0,0,2542,8.37378640776699,-2.03580576560341
"543",181,181,3,10.4276980550009,18.2739998399823,19.3994837525341,20.2245173460037,21.5248724038239,22.7149519060935,25.1687636809012,26.1242107074278,28.1681980059229,1,1,1,1,1,1,1,1,1,0.961538461538462,0.961538461538462,0.961538461538462,0.923076923076923,0.884615384615385,0.884615384615385,0.846153846153846,0,0,0,0,0,0,0,0,2543,17.1521035598706,6.72440550486966
"544",182,182,1,10.4042211241347,18.2547771443652,19.3808712900515,20.2063522136254,21.5074123190559,22.6981370779453,25.153279300247,26.1092443665496,28.1543399072526,1,1,1,1,1,1,1,1,0.896551724137931,0.862068965517241,0.862068965517241,0.862068965517241,0.827586206896552,0.793103448275862,0.793103448275862,0.758620689655172,0,0,0,0,0,0,0,0,2544,7.48381877022654,-2.92040235390812
"545",182,182,2,10.4342687967668,18.2848248169974,19.4109189626837,20.2363998862575,21.5374599916881,22.7281847505775,25.1833269728792,26.1392920391818,28.1843875798847,1,1,1,1,1,1,1,1,0.928571428571429,0.892857142857143,0.892857142857143,0.892857142857143,0.857142857142857,0.821428571428571,0.821428571428571,0.785714285714286,0,0,0,0,0,0,0,0,2545,12.4056094929881,1.9713406962213
"546",182,182,3,10.4189725617449,18.2695285819754,19.3956227276618,20.2211036512356,21.5221637566661,22.7128885155555,25.1680307378572,26.1239958041599,28.1690913448628,1,1,1,1,1,1,1,1,0.896551724137931,0.862068965517241,0.862068965517241,0.862068965517241,0.827586206896552,0.793103448275862,0.793103448275862,0.758620689655172,0,0,0,0,0,0,0,0,2546,7.14670981661273,-3.27226274513214
"547",183,183,1,10.4400669394979,18.2916166346114,19.4178533143381,20.2434387221877,21.5446635077689,22.7355389812424,25.1909919602795,26.1470780267346,28.1924324229972,1,1,1,1,1,1,1,1,0.928571428571429,0.892857142857143,0.892857142857143,0.892857142857143,0.857142857142857,0.821428571428571,0.821428571428571,0.785714285714286,0,0,0,0,0,0,0,0,2547,12.378640776699,1.93857383720113
"548",183,183,2,10.419986253812,18.2715359489255,19.3977726286522,20.2233580365018,21.5245828220829,22.7154582955565,25.1709112745936,26.1269973410487,28.1723517373113,1,1,1,1,1,1,1,1,0.896551724137931,0.862068965517241,0.862068965517241,0.862068965517241,0.827586206896552,0.793103448275862,0.793103448275862,0.758620689655172,0,0,0,0,0,0,0,0,2548,9.20981661272923,-1.21016964108274
"549",183,183,3,10.4321485247815,18.2836982198951,19.4099348996217,20.2355203074713,21.5367450930525,22.727620566526,25.1830735455632,26.1391596120183,28.1845140082808,1,1,1,1,1,1,1,1,0.896551724137931,0.862068965517241,0.862068965517241,0.862068965517241,0.827586206896552,0.793103448275862,0.793103448275862,0.758620689655172,0,0,0,0,0,0,0,0,2549,8.58953613807983,-1.84261238670172
"550",184,184,1,10.4350040401413,18.2867110705724,19.4129703186853,20.2385722702425,21.5398231307544,22.7307224678954,25.1862246511647,26.1423298763988,28.1877252590266,0,0,0,0,0,0,0,0,0,0,0,0,0,0,0,0,0,0,0,0,0,0,0,0,2550,86.5156418554477,76.0806378153064
"551",184,184,2,10.1374467880072,17.9891538184383,19.1154130665512,19.9410150181084,21.2422658786204,22.4331652157613,24.8886673990307,25.8447726242647,27.8901680068925,1,1,1,1,1,1,1,1,0.962962962962963,0.925925925925926,0.925925925925926,0.925925925925926,0.888888888888889,0.888888888888889,0.851851851851852,0.851851851851852,1,1,1,1,1,1,1,1,2551,14.3473570658037,4.20991027779645
"552",184,184,3,10.4130180656368,18.264725096068,19.3909843441808,20.216586295738,21.51783715625,22.708736493391,25.1642386766603,26.1203439018943,28.1657392845222,0,0,0,0,0,0,0,0,0,0,0,0,0,0,0,0,1,1,1,1,1,1,1,1,2552,60.8414239482201,50.4284058825832
"553",185,185,1,10.6654457177378,19.2057053691303,20.4307315164874,21.3287343339216,22.74409792012,24.0394327458384,26.7102693089456,27.7502198376529,29.9749854318987,1,1,1,1,1,1,1,1,0.862068965517241,0.862068965517241,0.862068965517241,0.827586206896552,0.827586206896552,0.793103448275862,0.793103448275862,0.758620689655172,1,1,1,1,1,1,1,1,2553,8.95361380798274,-1.71183190975503
"554",185,185,2,10.4887032546884,19.0289629060809,20.2539890534381,21.1519918708722,22.5673554570706,23.862690282789,26.5335268458962,27.5734773746035,29.7982429688493,1,1,1,1,1,1,1,1,0.892857142857143,0.892857142857143,0.892857142857143,0.857142857142857,0.857142857142857,0.821428571428571,0.821428571428571,0.785714285714286,1,1,1,1,1,1,1,1,2554,10.5582524271845,0.0695491724960853
"555",185,185,3,10.4941690429168,19.0344286943093,20.2594548416665,21.1574576591006,22.572821245299,23.8681560710174,26.5389926341246,27.5789431628319,29.8037087570777,1,1,1,1,1,1,1,1,0.892857142857143,0.892857142857143,0.892857142857143,0.857142857142857,0.857142857142857,0.821428571428571,0.821428571428571,0.785714285714286,0,0,0,0,0,0,0,0,2555,11.717907227616,1.22373818469918
"556",186,186,1,10.4966413347953,19.0364807102685,20.2614465726915,21.1594051983827,22.5746991329245,23.8699702137385,26.5406753419317,27.5805746934873,29.8052308044803,1,1,1,1,1,1,1,1,0.862068965517241,0.862068965517241,0.862068965517241,0.827586206896552,0.827586206896552,0.793103448275862,0.793103448275862,0.758620689655172,0,0,0,0,0,0,0,0,2556,9.06148867313916,-1.43515266165618
"557",186,186,2,10.4922665698771,19.0321059453502,20.2570718077733,21.1550304334644,22.5703243680062,23.8655954488202,26.5363005770135,27.576199928569,29.8008560395621,1,1,1,1,1,1,1,1,0.892857142857143,0.892857142857143,0.892857142857143,0.857142857142857,0.857142857142857,0.821428571428571,0.821428571428571,0.785714285714286,0,0,0,0,0,0,0,0,2557,9.51995685005394,-0.972309719823148
"558",186,186,3,10.4930216054467,19.0328609809199,20.2578268433429,21.1557854690341,22.5710794035759,23.8663504843898,26.5370556125831,27.5769549641387,29.8016110751317,1,1,1,1,1,1,1,1,0.862068965517241,0.862068965517241,0.862068965517241,0.827586206896552,0.827586206896552,0.793103448275862,0.793103448275862,0.758620689655172,0,0,0,0,0,0,0,0,2558,7.20064724919094,-3.29237435625579
"559",187,187,1,10.4854319492494,19.0261190792121,20.2512065446611,21.1492543111924,22.5646887427312,23.8600884058084,26.5310586563492,27.5710612392777,29.7959381930903,1,1,1,1,1,1,1,1,0.961538461538462,0.961538461538462,0.961538461538462,0.923076923076923,0.923076923076923,0.884615384615385,0.884615384615385,0.846153846153846,0,0,0,0,0,0,0,0,2559,17.3408845738943,6.85545262464488
"560",187,187,2,10.5029503596352,19.0436374895979,20.268724955047,21.1667727215782,22.582207153117,23.8776068161942,26.548577066735,27.5885796496636,29.8134566034761,1,1,1,1,1,1,1,1,0.892857142857143,0.892857142857143,0.892857142857143,0.857142857142857,0.857142857142857,0.821428571428571,0.821428571428571,0.785714285714286,0,0,0,0,0,0,0,0,2560,12.0280474649407,1.52509710530545
"561",187,187,3,10.4937718307895,19.0344589607522,20.2595464262012,21.1575941927325,22.5730286242713,23.8684282873484,26.5393985378892,27.5794011208178,29.8042780746304,1,1,1,1,1,1,1,1,0.892857142857143,0.892857142857143,0.892857142857143,0.857142857142857,0.857142857142857,0.821428571428571,0.821428571428571,0.785714285714286,0,0,0,0,0,0,0,0,2561,12.4325782092772,1.93880637848778
"562",188,188,1,10.4987863762893,19.0421959495745,20.2676739258968,21.166007955595,22.5818935733156,23.8777061600966,26.5495278134592,27.5898619093029,29.8154480685124,1,1,1,1,1,1,1,1,0.862068965517241,0.862068965517241,0.862068965517241,0.827586206896552,0.827586206896552,0.793103448275862,0.793103448275862,0.758620689655172,0,0,0,0,0,0,0,0,2562,6.40507011866235,-4.09371625762692
"563",188,188,2,10.4876207077906,19.0310302810759,20.2565082573982,21.1548422870963,22.570727904817,23.866540491598,26.5383621449606,27.5786962408043,29.8042824000138,1,1,1,1,1,1,1,1,0.892857142857143,0.892857142857143,0.892857142857143,0.857142857142857,0.857142857142857,0.821428571428571,0.821428571428571,0.785714285714286,0,0,0,0,0,0,0,0,2563,12.1628910463862,1.67527033859554
"564",188,188,3,10.4982867938061,19.0416963670913,20.2671743434136,21.1655083731118,22.5813939908325,23.8772065776134,26.5490282309761,27.5893623268197,29.8149484860293,1,1,1,1,1,1,1,1,0.961538461538462,0.961538461538462,0.961538461538462,0.923076923076923,0.923076923076923,0.884615384615385,0.884615384615385,0.846153846153846,0,0,0,0,0,0,0,0,2564,15.722761596548,5.22447480274189
"565",189,189,1,10.502841998097,19.0492163225472,20.2751195667004,21.1737653380795,22.5901422992736,23.8864045615434,26.5591533958274,27.5998485105004,29.826206997093,1,1,1,1,1,1,1,1,1,1,1,0.96,0.96,0.92,0.92,0.88,0,0,0,0,0,0,0,0,2565,19.2556634304207,8.75282143232373
"566",189,189,2,10.50873337906,19.0551077035102,20.2810109476634,21.1796567190425,22.5960336802366,23.8922959425064,26.5650447767904,27.6057398914634,29.832098378056,1,1,1,1,1,1,1,1,0.862068965517241,0.862068965517241,0.862068965517241,0.827586206896552,0.827586206896552,0.793103448275862,0.793103448275862,0.758620689655172,0,0,0,0,0,0,0,0,2566,9.37162891046386,-1.13710446859614
"567",189,189,3,10.4922510040757,19.0386253285259,20.2645285726791,21.1631743440582,22.5795513052523,23.8758135675221,26.5485624018061,27.5892575164791,29.8156160030717,1,1,1,1,1,1,1,1,0.862068965517241,0.862068965517241,0.862068965517241,0.827586206896552,0.827586206896552,0.793103448275862,0.793103448275862,0.758620689655172,0,0,0,0,0,0,0,0,2567,8.67044228694714,-1.82180871712856
"568",190,190,1,10.4957279988481,19.0478262091642,20.2745504950815,21.1737981293833,22.5911237010362,23.8882541276245,26.5627930203233,27.6041851346632,29.8320347122601,1,1,1,1,1,1,1,1,0.892857142857143,0.892857142857143,0.892857142857143,0.857142857142857,0.857142857142857,0.821428571428571,0.821428571428571,0.785714285714286,0,0,0,0,0,0,0,0,2568,10.1941747572816,-0.301553241566515
"569",190,190,2,10.4990018601391,19.0511000704552,20.2778243563725,21.1770719906743,22.5943975623272,23.8915279889155,26.5660668816143,27.6074589959542,29.8353085735511,1,1,1,1,1,1,1,1,0.892857142857143,0.892857142857143,0.892857142857143,0.857142857142857,0.857142857142857,0.821428571428571,0.821428571428571,0.785714285714286,0,0,0,0,0,0,0,0,2569,9.88403451995685,-0.614967340182217
"570",190,190,3,10.4983354989913,19.0504337093074,20.2771579952248,21.1764056295266,22.5937312011794,23.8908616277678,26.5654005204666,27.6067926348065,29.8346422124033,1,1,1,1,1,1,1,1,0.892857142857143,0.892857142857143,0.892857142857143,0.857142857142857,0.857142857142857,0.821428571428571,0.821428571428571,0.785714285714286,0,0,0,0,0,0,0,0,2570,10.6121898597627,0.113854360771333
"571",191,191,1,10.5001149734632,19.0514007881071,20.2780085429141,21.1771707543326,22.5943616889488,23.8913688962852,26.5656537245699,27.6069469131928,29.8345848590578,1,1,1,1,1,1,1,1,0.892857142857143,0.892857142857143,0.892857142857143,0.857142857142857,0.857142857142857,0.821428571428571,0.821428571428571,0.785714285714286,0,0,0,0,0,0,0,0,2571,11.5560949298813,1.05597995641818
"572",191,191,2,10.5019980351401,19.053283849784,20.279891604591,21.1790538160096,22.5962447506258,23.8932519579621,26.5675367862468,27.6088299748697,29.8364679207347,1,1,1,1,1,1,1,1,0.892857142857143,0.892857142857143,0.892857142857143,0.857142857142857,0.857142857142857,0.821428571428571,0.821428571428571,0.785714285714286,0,0,0,0,0,0,0,0,2572,11.9066882416397,1.40469020649963
"573",191,191,3,10.5026974580486,19.0539832726926,20.2805910274995,21.1797532389181,22.5969441735343,23.8939513808707,26.5682362091553,27.6095293977783,29.8371673436433,1,1,1,1,1,1,1,1,0.862068965517241,0.862068965517241,0.862068965517241,0.827586206896552,0.827586206896552,0.793103448275862,0.793103448275862,0.758620689655172,0,0,0,0,0,0,0,0,2573,8.13106796116505,-2.37162949688358
"574",192,192,1,10.499887234669,19.0500893379447,20.2765416437588,21.175589903623,22.5926012364857,23.8894440730495,26.5633899870548,27.6045512117497,29.8319068472559,1,1,1,1,1,1,1,1,0.925925925925926,0.925925925925926,0.925925925925926,0.888888888888889,0.888888888888889,0.851851851851852,0.851851851851852,0.814814814814815,0,0,0,0,0,0,0,0,2574,12.5943905070119,2.09450327234288
"575",192,192,2,10.5075989991258,19.0578011024016,20.2842534082156,21.1833016680798,22.6003130009425,23.8971558375064,26.5711017515116,27.6122629762065,29.8396186117128,1,1,1,1,1,1,1,1,0.892857142857143,0.892857142857143,0.892857142857143,0.857142857142857,0.857142857142857,0.821428571428571,0.821428571428571,0.785714285714286,0,0,0,0,0,0,0,0,2575,11.3673139158576,0.859714916731784
"576",192,192,3,10.5054788463597,19.0556809496355,20.2821332554495,21.1811815153137,22.5981928481765,23.8950356847403,26.5689815987455,27.6101428234404,29.8374984589467,1,1,1,1,1,1,1,1,0.892857142857143,0.892857142857143,0.892857142857143,0.857142857142857,0.857142857142857,0.821428571428571,0.821428571428571,0.785714285714286,0,0,0,0,0,0,0,0,2576,10.0862998921251,-0.419178954234608
"577",193,193,1,10.5067215617506,19.056639573211,20.283051128519,21.1820695163113,22.5990337670914,23.8958335143304,26.569690582933,27.610817213664,29.8380988423225,1,1,1,1,1,1,1,1,0.862068965517241,0.862068965517241,0.862068965517241,0.827586206896552,0.827586206896552,0.793103448275862,0.793103448275862,0.758620689655172,0,0,0,0,0,0,0,0,2577,8.87270765911543,-1.63401390263515
"578",193,193,2,10.5046960796089,19.0546140910693,20.2810256463774,21.1800440341697,22.5970082849498,23.8938080321888,26.5676651007913,27.6087917315224,29.8360733601808,1,1,1,1,1,1,1,1,0.892857142857143,0.892857142857143,0.892857142857143,0.857142857142857,0.857142857142857,0.821428571428571,0.821428571428571,0.785714285714286,0,0,0,0,0,0,0,0,2578,10.3155339805825,-0.189162099026412
"579",193,193,3,10.5071041528218,19.0570221642822,20.2834337195902,21.1824521073825,22.5994163581626,23.8962161054016,26.5700731740042,27.6111998047352,29.8384814333937,1,1,1,1,1,1,1,1,0.961538461538462,0.961538461538462,0.961538461538462,0.923076923076923,0.923076923076923,0.884615384615385,0.884615384615385,0.846153846153846,0,0,0,0,0,0,0,0,2579,17.2060409924488,6.69893683962698
"580",194,194,1,10.5233546300271,19.0769128233837,20.3038465312007,21.2032476817815,22.6208152140909,23.9181670820586,26.5931625622906,27.6347324592971,29.862962367255,1,1,1,1,1,1,1,1,0.892857142857143,0.892857142857143,0.892857142857143,0.857142857142857,0.857142857142857,0.821428571428571,0.821428571428571,0.785714285714286,0,0,0,0,0,0,0,0,2580,10.3155339805825,-0.207820649444592
"581",194,194,2,10.5114048027122,19.0649629960688,20.2918967038858,21.1912978544666,22.608865386776,23.9062172547437,26.5812127349756,27.6227826319822,29.8510125399401,1,1,1,1,1,1,1,1,0.862068965517241,0.862068965517241,0.862068965517241,0.827586206896552,0.827586206896552,0.793103448275862,0.793103448275862,0.758620689655172,0,0,0,0,0,0,0,0,2581,8.65695792880259,-1.85444687390958
"582",194,194,3,10.5085284254915,19.0620866188482,20.2890203266652,21.188421477246,22.6059890095553,23.9033408775231,26.578336357755,27.6199062547615,29.8481361627194,1,1,1,1,1,1,1,1,0.892857142857143,0.892857142857143,0.892857142857143,0.857142857142857,0.857142857142857,0.821428571428571,0.821428571428571,0.785714285714286,0,0,0,0,0,0,0,0,2582,10.2750809061489,-0.233447519342672
"583",195,195,1,10.508620882156,19.0593980998924,20.2859329008858,21.1850416336662,22.6021482793296,23.8990783457693,26.5732041180918,27.6144353746841,29.8419408293898,1,1,1,1,1,1,1,1,0.892857142857143,0.892857142857143,0.892857142857143,0.857142857142857,0.857142857142857,0.821428571428571,0.821428571428571,0.785714285714286,0,0,0,0,0,0,0,0,2583,11.7313915857605,1.22277070360451
"584",195,195,2,10.5112443145228,19.0620215322592,20.2885563332527,21.187665066033,22.6047717116964,23.9017017781361,26.5758275504586,27.6170588070509,29.8445642617567,1,1,1,1,1,1,1,1,0.833333333333333,0.833333333333333,0.833333333333333,0.8,0.8,0.766666666666667,0.766666666666667,0.733333333333333,0,0,0,0,0,0,0,0,2584,6.18932038834951,-4.32192392617331
"585",195,195,3,10.5012606969047,19.0520379146411,20.2785727156345,21.1776814484149,22.5947880940782,23.891718160518,26.5658439328404,27.6070751894327,29.8345806441385,1,1,1,1,1,1,1,1,1,1,1,0.96,0.96,0.92,0.92,0.88,0,0,0,0,0,0,0,0,2585,19.3905070118662,8.88924631496158
"586",196,196,1,10.5216810308026,19.0790034426778,20.306477094981,21.2062740507215,22.6244654209514,23.922388222771,26.598560905203,27.6405891724698,29.8697996716733,1,1,1,1,1,1,1,1,0.833333333333333,0.833333333333333,0.833333333333333,0.8,0.8,0.766666666666667,0.766666666666667,0.733333333333333,0,0,0,0,0,0,0,0,2586,5.52858683926645,-4.99309419153613
"587",196,196,2,10.5124229229851,19.0697453348603,20.2972189871635,21.197015942904,22.6152073131339,23.9131301149535,26.5893027973855,27.6313310646523,29.8605415638558,1,1,1,1,1,1,1,1,0.892857142857143,0.892857142857143,0.892857142857143,0.857142857142857,0.857142857142857,0.821428571428571,0.821428571428571,0.785714285714286,0,0,0,0,0,0,0,0,2587,10.2615965480043,-0.250826374980807
"588",196,196,3,10.5155840084364,19.0729064203116,20.3003800726148,21.2001770283553,22.6183683985852,23.9162912004048,26.5924638828368,27.6344921501036,29.8637026493071,1,1,1,1,1,1,1,1,0.892857142857143,0.892857142857143,0.892857142857143,0.857142857142857,0.857142857142857,0.821428571428571,0.821428571428571,0.785714285714286,0,0,0,0,0,0,0,0,2588,9.6143473570658,-0.901236651370608
"589",197,197,1,10.5157781783939,19.0744553546333,20.3021233361299,21.2020627444732,22.6204786376365,23.9186069219043,26.5952032863257,27.6373965237426,29.8669599434975,1,1,1,1,1,1,1,1,0.892857142857143,0.892857142857143,0.892857142857143,0.857142857142857,0.857142857142857,0.821428571428571,0.821428571428571,0.785714285714286,0,0,0,0,0,0,0,0,2589,10.5987055016181,0.0829273232242684
"590",197,197,2,10.5155626431852,19.0742398194246,20.3019078009212,21.2018472092645,22.6202631024278,23.9183913866956,26.594987751117,27.6371809885339,29.8667444082888,1,1,1,1,1,1,1,1,0.925925925925926,0.925925925925926,0.925925925925926,0.888888888888889,0.888888888888889,0.851851851851852,0.851851851851852,0.814814814814815,0,0,0,0,0,0,0,0,2590,14.7518878101402,4.23632516695508
"591",197,197,3,10.5146532617567,19.0733304379961,20.3009984194927,21.200937827836,22.6193537209993,23.9174820052672,26.5940783696885,27.6362716071054,29.8658350268603,1,1,1,1,1,1,1,1,0.862068965517241,0.862068965517241,0.862068965517241,0.827586206896552,0.827586206896552,0.793103448275862,0.793103448275862,0.758620689655172,0,0,0,0,0,0,0,0,2591,9.37162891046386,-1.14302435129281
"592",198,198,1,10.5183816018998,19.0776655591816,20.305420578154,21.2054237891342,22.6239402431501,23.9221605602891,26.5989466862703,27.6412138116358,29.8709352998385,0,0,0,1,1,1,1,1,0,0,0,1,1,0.958333333333333,0.958333333333333,0.916666666666667,0,0,0,0,0,0,0,0,2592,22.4649406688242,11.9465590669244
"593",198,198,2,10.5125527969688,19.0718367542505,20.299591773223,21.1995949842032,22.6181114382191,23.916331755358,26.5931178813393,27.6353850067047,29.8651064949074,1,1,1,1,1,1,1,1,0.892857142857143,0.892857142857143,0.892857142857143,0.857142857142857,0.857142857142857,0.821428571428571,0.821428571428571,0.785714285714286,1,1,1,0,0,0,0,0,2593,11.2864077669903,0.773854970021535
"594",198,198,3,10.5175291917039,19.0768131489857,20.3045681679581,21.2045713789383,22.6230878329542,23.9213081500932,26.5980942760744,27.6403614014399,29.8700828896426,1,1,1,1,1,1,1,1,1,1,1,0.96,0.96,0.92,0.92,0.88,1,1,1,0,0,0,0,0,2594,19.9838187702265,9.46628957852265
"595",199,199,1,10.5281014586495,19.1043684559173,20.3345595446222,21.2363485113497,22.6576795374466,23.958475739165,26.6405730530959,27.6849082094268,29.9190538351369,1,1,1,1,1,1,1,1,0.892857142857143,0.892857142857143,0.892857142857143,0.857142857142857,0.857142857142857,0.821428571428571,0.821428571428571,0.785714285714286,0,0,0,0,0,0,0,0,2595,9.53344120819849,-0.994660250451014
"596",199,199,2,10.5336963758931,19.1099633731609,20.3401544618658,21.2419434285933,22.6632744546902,23.9640706564086,26.6461679703395,27.6905031266704,29.9246487523805,1,1,1,1,1,1,1,1,0.892857142857143,0.892857142857143,0.892857142857143,0.857142857142857,0.857142857142857,0.821428571428571,0.821428571428571,0.785714285714286,0,0,0,0,0,0,0,0,2596,10.1537216828479,-0.37997469304524
"597",199,199,3,10.5333642904825,19.1096312877503,20.3398223764552,21.2416113431827,22.6629423692796,23.963738570998,26.6458358849289,27.6901710412599,29.9243166669699,1,1,1,1,1,1,1,1,0.862068965517241,0.862068965517241,0.862068965517241,0.827586206896552,0.827586206896552,0.793103448275862,0.793103448275862,0.758620689655172,0,0,0,0,0,0,0,0,2597,6.47249190938511,-4.06087238109743
"598",200,200,1,10.5346328615911,19.1118117521987,20.3421336440911,21.2440184958176,22.6655006485407,23.9664351607143,26.6488176554445,27.6932638533596,29.9276470302696,1,1,1,1,1,1,1,1,0.925925925925926,0.925925925925926,0.925925925925926,0.888888888888889,0.888888888888889,0.851851851851852,0.851851851851852,0.814814814814815,0,0,0,0,0,0,0,0,2598,14.7518878101402,4.2172549485491
"599",200,200,2,10.527994397159,19.1051732877665,20.335495179659,21.2373800313855,22.6588621841086,23.9597966962822,26.6421791910124,27.6866253889275,29.9210085658375,1,1,1,1,1,1,1,1,0.862068965517241,0.862068965517241,0.862068965517241,0.827586206896552,0.827586206896552,0.793103448275862,0.793103448275862,0.758620689655172,0,0,0,0,0,0,0,0,2599,9.12891046386192,-1.3990839332971
"600",200,200,3,10.5325029308206,19.1096818214281,20.3400037133205,21.2418885650471,22.6633707177701,23.9643052299438,26.6466877246739,27.691133922589,29.925517099499,1,1,1,1,1,1,1,1,0.862068965517241,0.862068965517241,0.862068965517241,0.827586206896552,0.827586206896552,0.793103448275862,0.793103448275862,0.758620689655172,0,0,0,0,0,0,0,0,2600,6.43203883495146,-4.10046409586912
"601",201,201,1,10.5393415976146,19.118073962455,20.3486186867474,21.2506668852918,22.6724064928173,23.9735766265478,26.6564449467622,27.7010803118005,29.9358681738332,1,1,1,1,1,1,1,1,0.892857142857143,0.892857142857143,0.892857142857143,0.857142857142857,0.857142857142857,0.821428571428571,0.821428571428571,0.785714285714286,0,0,0,0,0,0,0,0,2601,11.4077669902913,0.868425392676667
"602",201,201,2,10.5324954727274,19.1112278375678,20.3417725618602,21.2438207604047,22.6655603679302,23.9667305016606,26.6495988218751,27.6942341869134,29.9290220489461,1,1,1,1,1,1,1,1,0.862068965517241,0.862068965517241,0.862068965517241,0.827586206896552,0.827586206896552,0.793103448275862,0.793103448275862,0.758620689655172,0,0,0,0,0,0,0,0,2602,7.5512405609493,-2.98125491177815
"603",201,201,3,10.5378016833446,19.116534048185,20.3470787724774,21.2491269710218,22.6708665785473,23.9720367122778,26.6549050324922,27.6995403975305,29.9343282595632,1,1,1,1,1,1,1,1,0.925925925925926,0.925925925925926,0.925925925925926,0.888888888888889,0.888888888888889,0.851851851851852,0.851851851851852,0.814814814814815,0,0,0,0,0,0,0,0,2603,14.9676375404531,4.42983585710849
"604",202,202,1,10.528884859272,19.1092787042409,20.3400617534419,21.2422846555548,22.6642996175272,23.9657217544941,26.6491096773972,27.693947361476,29.9291680445207,1,1,1,1,1,1,1,1,0.892857142857143,0.892857142857143,0.892857142857143,0.857142857142857,0.857142857142857,0.821428571428571,0.821428571428571,0.785714285714286,0,0,0,0,0,0,0,0,2604,10.9897518878101,0.46086702853813
"605",202,202,2,10.5368588615507,19.1172527065196,20.3480357557206,21.2502586578334,22.6722736198059,23.9736957567728,26.6570836796758,27.7019213637546,29.9371420467994,1,1,1,1,1,1,1,1,0.925925925925926,0.925925925925926,0.925925925925926,0.888888888888889,0.888888888888889,0.851851851851852,0.851851851851852,0.814814814814815,0,0,0,0,0,0,0,0,2605,14.8867313915858,4.34987253003509
"606",202,202,3,10.5290470423692,19.1094408873381,20.3402239365391,21.2424468386519,22.6644618006244,23.9658839375913,26.6492718604944,27.6941095445732,29.9293302276179,1,1,1,1,1,1,1,1,0.862068965517241,0.862068965517241,0.862068965517241,0.827586206896552,0.827586206896552,0.793103448275862,0.793103448275862,0.758620689655172,0,0,0,0,0,0,0,0,2606,6.80960086299892,-3.71944617937028
"607",203,203,1,10.5507959976418,19.1320564475524,20.3629638037132,21.2652778287791,22.6874364118038,23.9889899901563,26.6726489305996,27.7175921414778,29.9530385779465,1,1,1,1,1,1,1,1,0.892857142857143,0.892857142857143,0.892857142857143,0.857142857142857,0.857142857142857,0.821428571428571,0.821428571428571,0.785714285714286,0,0,0,0,0,0,0,0,2607,10.4908306364617,-0.0599653611801152
"608",203,203,2,10.5424728141557,19.1237332640663,20.3546406202271,21.256954645293,22.6791132283177,23.9806668066702,26.6643257471135,27.7092689579917,29.9447153944604,1,1,1,1,1,1,1,1,0.862068965517241,0.862068965517241,0.862068965517241,0.827586206896552,0.827586206896552,0.793103448275862,0.793103448275862,0.758620689655172,0,0,0,0,0,0,0,0,2608,6.79611650485437,-3.74635630930135
"609",203,203,3,10.5508264854934,19.132086935404,20.3629942915648,21.2653083166307,22.6874668996554,23.9890204780079,26.6726794184512,27.7176226293294,29.9530690657981,1,1,1,1,1,1,1,1,0.892857142857143,0.892857142857143,0.892857142857143,0.857142857142857,0.857142857142857,0.821428571428571,0.821428571428571,0.785714285714286,0,0,0,0,0,0,0,0,2609,10.8683926645092,0.317566179015751
"610",204,204,1,10.541507834843,19.1229170988538,20.3538458011061,21.2561754738791,22.6783587196269,23.9799348692002,26.6636403489943,27.7086016810198,29.9440868840487,1,1,1,1,1,1,1,1,0.892857142857143,0.892857142857143,0.892857142857143,0.857142857142857,0.857142857142857,0.821428571428571,0.821428571428571,0.785714285714286,0,0,0,0,0,0,0,0,2610,10.9762675296656,0.434759694822572
"611",204,204,2,10.5412279942309,19.1226372582417,20.353565960494,21.255895633267,22.6780788790148,23.979655028588,26.6633605083822,27.7083218404076,29.9438070434365,1,1,1,1,1,1,1,1,0.862068965517241,0.862068965517241,0.862068965517241,0.827586206896552,0.827586206896552,0.793103448275862,0.793103448275862,0.758620689655172,0,0,0,0,0,0,0,0,2611,7.8344120819849,-2.70681591224597
"612",204,204,3,10.5493783520598,19.1307876160706,20.3617163183229,21.2640459910959,22.6862292368437,23.987805386417,26.6715108662111,27.7164721982366,29.9519574012655,1,1,1,1,1,1,1,1,0.961538461538462,0.961538461538462,0.961538461538462,0.923076923076923,0.923076923076923,0.884615384615385,0.884615384615385,0.846153846153846,0,0,0,0,0,0,0,0,2612,17.9881337648328,7.43875541277298
"613",205,205,1,10.5237899323839,19.1086011820539,20.3400178696317,21.2427052590118,22.6654523104071,23.9675444525475,26.6523138517137,27.6976894447721,29.9340608762011,1,1,1,1,1,1,1,1,0.862068965517241,0.862068965517241,0.862068965517241,0.827586206896552,0.827586206896552,0.793103448275862,0.793103448275862,0.758620689655172,0,0,0,0,0,0,0,0,2613,8.69741100323625,-1.82637892914761
"614",205,205,2,10.5551812587716,19.1399925084416,20.3714091960194,21.2740965853995,22.6968436367949,23.9989357789352,26.6837051781015,27.7290807711598,29.9654522025888,1,1,1,1,1,1,1,1,0.925925925925926,0.925925925925926,0.925925925925926,0.888888888888889,0.888888888888889,0.851851851851852,0.851851851851852,0.814814814814815,0,0,0,0,0,0,0,0,2614,14.185544768069,3.63036350929746
"615",205,205,3,10.5366380514569,19.121449301127,20.3528659887047,21.2555533780849,22.6783004294802,23.9803925716205,26.6651619707868,27.7105375638452,29.9469089952742,1,1,1,1,1,1,1,1,0.892857142857143,0.892857142857143,0.892857142857143,0.857142857142857,0.857142857142857,0.821428571428571,0.821428571428571,0.785714285714286,0,0,0,0,0,0,0,0,2615,9.76267529665588,-0.773962754801035
"616",206,206,1,10.5545568641968,19.1395655377263,20.3710105440437,21.2737186924158,22.696498462552,23.9986205487468,26.6834516892281,27.7288513226618,29.9652741836524,1,1,1,1,1,1,1,1,0.961538461538462,0.961538461538462,0.961538461538462,0.923076923076923,0.923076923076923,0.884615384615385,0.884615384615385,0.846153846153846,0,0,0,0,0,0,0,0,2616,16.3969795037756,5.84242263957881
"617",206,206,2,10.5288738687976,19.1138825423271,20.3453275486445,21.2480356970167,22.6708154671528,23.9729375533476,26.6577686938289,27.7031683272626,29.9395911882532,1,1,1,1,1,1,1,1,0.862068965517241,0.862068965517241,0.862068965517241,0.827586206896552,0.827586206896552,0.793103448275862,0.793103448275862,0.758620689655172,0,0,0,0,0,0,0,0,2617,8.26591154261057,-2.26296232618704
"618",206,206,3,10.5603511985247,19.1453598720541,20.3768048783715,21.2795130267437,22.7022927968798,24.0044148830747,26.689246023556,27.7346456569897,29.9710685179803,1,1,1,1,1,1,1,1,0.925925925925926,0.925925925925926,0.925925925925926,0.888888888888889,0.888888888888889,0.851851851851852,0.851851851851852,0.814814814814815,0,0,0,0,0,0,0,0,2618,14.428263214671,3.8679120161463
"619",207,207,1,10.5407048676551,19.1294087923982,20.3613838504403,21.2644805521043,22.6878727303197,23.9905552898236,26.6765420640273,27.7223916695473,29.9597771555748,1,1,1,1,1,1,1,1,0.862068965517241,0.862068965517241,0.862068965517241,0.827586206896552,0.827586206896552,0.793103448275862,0.793103448275862,0.758620689655172,0,0,0,0,0,0,0,0,2619,9.00755124056095,-1.53315362709419
"620",207,207,2,10.5655642425886,19.1542681673317,20.3862432253738,21.2893399270378,22.7127321052532,24.0154146647571,26.7014014389608,27.7472510444808,29.9846365305083,1,1,1,1,1,1,1,1,0.862068965517241,0.862068965517241,0.862068965517241,0.827586206896552,0.827586206896552,0.793103448275862,0.793103448275862,0.758620689655172,0,0,0,0,0,0,0,0,2620,9.25026968716289,-1.31529455542574
"621",207,207,3,10.5644511362483,19.1531550609914,20.3851301190335,21.2882268206975,22.7116189989129,24.0143015584168,26.7002883326205,27.7461379381405,29.983523424168,1,1,1,1,1,1,1,1,0.862068965517241,0.862068965517241,0.862068965517241,0.827586206896552,0.827586206896552,0.793103448275862,0.793103448275862,0.758620689655172,0,0,0,0,0,0,0,0,2621,8.87270765911543,-1.6917434771329
"622",208,208,1,10.5672678250252,19.1556016814722,20.3875236564282,21.2905814456485,22.7139122930365,24.0165387228241,26.7024097637859,27.7482143059547,29.9855033879797,1,1,1,1,1,1,1,1,0.925925925925926,0.925925925925926,0.925925925925926,0.888888888888889,0.888888888888889,0.851851851851852,0.851851851851852,0.814814814814815,0,0,0,0,0,0,0,0,2622,14.0507011866235,3.48343336159832
"623",208,208,2,10.5427245531425,19.1310584095895,20.3629803845455,21.2660381737658,22.6893690211538,23.9919954509414,26.6778664919032,27.723671034072,29.960960116097,1,1,1,1,1,1,1,1,0.925925925925926,0.925925925925926,0.925925925925926,0.888888888888889,0.888888888888889,0.851851851851852,0.851851851851852,0.814814814814815,0,0,0,0,0,0,0,0,2623,14.185544768069,3.64282021492654
"624",208,208,3,10.5420854054372,19.1304192618842,20.3623412368402,21.2653990260606,22.6887298734485,23.9913563032361,26.6772273441979,27.7230318863667,29.9603209683917,1,1,1,1,1,1,1,1,0.892857142857143,0.892857142857143,0.892857142857143,0.857142857142857,0.857142857142857,0.821428571428571,0.821428571428571,0.785714285714286,0,0,0,0,0,0,0,0,2624,9.47950377562028,-1.06258162981694
"625",209,209,1,10.5715169973786,19.1602875061628,20.3922721151079,21.2953758180411,22.7187790311232,24.0214716896909,26.7074792870428,27.7533370005257,29.9907398319139,1,1,1,1,1,1,1,1,0.925925925925926,0.925925925925926,0.925925925925926,0.888888888888889,0.888888888888889,0.851851851851852,0.851851851851852,0.814814814814815,0,0,0,0,0,0,0,0,2625,12.8505933117584,2.27907631437974
"626",209,209,2,10.5545987124221,19.1433692212063,20.3753538301514,21.2784575330846,22.7018607461667,24.0045534047344,26.6905610020862,27.7364187155692,29.9738215469574,1,1,1,1,1,1,1,1,0.892857142857143,0.892857142857143,0.892857142857143,0.857142857142857,0.857142857142857,0.821428571428571,0.821428571428571,0.785714285714286,0,0,0,0,0,0,0,0,2626,10.9762675296656,0.421668817243502
"627",209,209,3,10.5640052788579,19.1527757876421,20.3847603965872,21.2878640995204,22.7112673126025,24.0139599711702,26.6999675685221,27.745825282005,29.9832281133932,1,1,1,1,1,1,1,1,0.862068965517241,0.862068965517241,0.862068965517241,0.827586206896552,0.827586206896552,0.793103448275862,0.793103448275862,0.758620689655172,0,0,0,0,0,0,0,0,2627,8.1175836030205,-2.44642167583742
"628",210,210,1,10.5800447806933,19.168613225744,20.4005688503998,21.3036513064612,22.7270210318436,24.0296830426088,26.7156274475954,27.7614605557039,29.9988107488281,1,1,1,1,1,1,1,1,0.862068965517241,0.862068965517241,0.862068965517241,0.827586206896552,0.827586206896552,0.793103448275862,0.793103448275862,0.758620689655172,0,0,0,0,0,0,0,0,2628,7.07928802588997,-3.50075675480335
"629",210,210,2,10.5853575193505,19.1739259644012,20.405881589057,21.3089640451184,22.7323337705008,24.034995781266,26.7209401862526,27.7667732943611,30.0041234874853,0,0,0,1,1,1,1,1,0,0,0,1,1,0.958333333333333,0.958333333333333,0.916666666666667,0,0,0,0,0,0,0,0,2629,23.7594390507012,13.1740815313507
"630",210,210,3,10.5000087178056,19.0885771628563,20.3205327875121,21.2236152435735,22.6469849689559,23.9496469797211,26.6355913847077,27.6814244928162,29.9187746859404,1,1,1,1,1,1,1,1,0.862068965517241,0.862068965517241,0.862068965517241,0.827586206896552,0.827586206896552,0.793103448275862,0.793103448275862,0.758620689655172,1,1,1,0,0,0,0,0,2630,8.36030204962244,-2.13970666818316
"631",211,211,1,10.5808524218282,19.1745931569338,20.4072907017205,21.3109170207594,22.7351439415082,24.0385904538823,26.7261524140671,27.7726153538197,30.0113129454338,1,1,1,1,1,1,1,1,0.892857142857143,0.892857142857143,0.892857142857143,0.857142857142857,0.857142857142857,0.821428571428571,0.821428571428571,0.785714285714286,1,1,1,0,0,0,0,0,2631,11.084142394822,0.503289972993784
"632",211,211,2,10.56528843672,19.1590291718256,20.3917267166123,21.2953530356511,22.7195799563999,24.023026468774,26.7105884289588,27.7570513687115,29.9957489603255,1,1,1,1,1,1,1,1,0.925925925925926,0.925925925925926,0.925925925925926,0.888888888888889,0.888888888888889,0.851851851851852,0.851851851851852,0.814814814814815,0,0,0,0,0,0,0,0,2632,13.5652642934196,2.99997585669967
"633",211,211,3,10.5511113413738,19.1448520764794,20.3775496212661,21.281175940305,22.7054028610538,24.0088493734279,26.6964113336127,27.7428742733653,29.9815718649794,1,1,1,1,1,1,1,1,0.892857142857143,0.892857142857143,0.892857142857143,0.857142857142857,0.857142857142857,0.821428571428571,0.821428571428571,0.785714285714286,0,0,0,0,0,0,0,0,2633,10.4773462783172,-0.0737650630566726
"634",212,212,1,10.5749214282777,19.1669787438108,20.399434816666,21.3028841252179,22.7268320555308,24.0300232370265,26.7170587332946,27.7633166824327,30.0015757377377,1,1,1,1,1,1,1,1,0.925925925925926,0.925925925925926,0.925925925925926,0.888888888888889,0.888888888888889,0.851851851851852,0.851851851851852,0.814814814814815,0,0,0,0,0,0,0,0,2634,15.5070118662352,4.93209043795743
"635",212,212,2,10.5421197507335,19.1341770662666,20.3666331391218,21.2700824476737,22.6940303779866,23.9972215594823,26.6842570557504,27.7305150048885,29.9687740601935,1,1,1,1,1,1,1,1,0.862068965517241,0.862068965517241,0.862068965517241,0.827586206896552,0.827586206896552,0.793103448275862,0.793103448275862,0.758620689655172,0,0,0,0,0,0,0,0,2635,7.5782092772384,-2.96391047349514
"636",212,212,3,10.5938285614466,19.1858858769797,20.4183419498349,21.3217912583868,22.7457391886997,24.0489303701954,26.7359658664635,27.7822238156016,30.0204828709066,1,1,1,1,1,1,1,1,0.925925925925926,0.925925925925926,0.925925925925926,0.888888888888889,0.888888888888889,0.851851851851852,0.851851851851852,0.814814814814815,0,0,0,0,0,0,0,0,2636,14.2125134843581,3.6186849229115
"637",213,213,1,10.554417997166,19.1472790634028,20.3798504273227,21.2833842497449,22.7074653843777,24.010778473909,26.6980653310086,27.7444211531627,29.982889588157,1,1,1,1,1,1,1,1,0.862068965517241,0.862068965517241,0.862068965517241,0.827586206896552,0.827586206896552,0.793103448275862,0.793103448275862,0.758620689655172,0,0,0,0,0,0,0,0,2637,8.84573894282632,-1.70867905433969
"638",213,213,2,10.5938391596523,19.1867002258891,20.419271589809,21.3228054122312,22.746886546864,24.0501996363953,26.7374864934949,27.7838423156489,30.0223107506433,1,1,1,1,1,1,1,1,0.961538461538462,0.961538461538462,0.961538461538462,0.923076923076923,0.923076923076923,0.884615384615385,0.884615384615385,0.846153846153846,0,0,0,0,0,0,0,0,2638,16.8554476806904,6.26160852103812
"639",213,213,3,10.5350045603637,19.1278656266005,20.3604369905204,21.2639708129427,22.6880519475754,23.9913650371067,26.6786518942064,27.7250077163604,29.9634761513547,1,1,1,1,1,1,1,1,0.862068965517241,0.862068965517241,0.862068965517241,0.827586206896552,0.827586206896552,0.793103448275862,0.793103448275862,0.758620689655172,0,0,0,0,0,0,0,0,2639,9.15587918015103,-1.3791253802127
"640",214,214,1,10.5954734349351,19.1905501464922,20.4234393255093,21.3272061216139,22.7516544516054,24.055303596791,26.7432833633306,27.7899089854224,30.0289546032752,1,1,1,1,1,1,1,1,0.892857142857143,0.892857142857143,0.892857142857143,0.857142857142857,0.857142857142857,0.821428571428571,0.821428571428571,0.785714285714286,0,0,0,0,0,0,0,0,2640,11.8527508090615,1.25727737412638
"641",214,214,2,10.5744771514289,19.169553862986,20.402443042003,21.3062098381077,22.7306581680992,24.0343073132848,26.7222870798244,27.7689127019162,30.007958319769,1,1,1,1,1,1,1,1,0.862068965517241,0.862068965517241,0.862068965517241,0.827586206896552,0.827586206896552,0.793103448275862,0.793103448275862,0.758620689655172,0,0,0,0,0,0,0,0,2641,9.19633225458468,-1.3781448968442
"642",214,214,3,10.5951584906825,19.1902352022396,20.4231243812567,21.3268911773614,22.7513395073528,24.0549886525384,26.7429684190781,27.7895940411698,30.0286396590226,1,1,1,1,1,1,1,1,0.892857142857143,0.892857142857143,0.892857142857143,0.857142857142857,0.857142857142857,0.821428571428571,0.821428571428571,0.785714285714286,0,0,0,0,0,0,0,0,2642,9.77615965480043,-0.818998835882082
"643",215,215,1,10.5942511195898,19.1886848655992,20.4214818167872,21.3251810054774,22.749522777816,24.053074401884,26.740853090709,27.7874004186518,30.0262785418748,1,1,1,1,1,1,1,1,0.892857142857143,0.892857142857143,0.892857142857143,0.857142857142857,0.857142857142857,0.821428571428571,0.821428571428571,0.785714285714286,0,0,0,0,0,0,0,0,2643,11.2189859762675,0.624734856677733
"644",215,215,2,10.5829865370913,19.1774202831007,20.4102172342887,21.313916422979,22.7382581953176,24.0418098193856,26.7295885082105,27.7761358361533,30.0150139593763,1,1,1,1,1,1,1,1,0.862068965517241,0.862068965517241,0.862068965517241,0.827586206896552,0.827586206896552,0.793103448275862,0.793103448275862,0.758620689655172,0,0,0,0,0,0,0,0,2644,8.13106796116505,-2.45191857592627
"645",215,215,3,10.6070948491675,19.2015285951769,20.4343255463649,21.3380247350551,22.7623665073937,24.0659181314617,26.7536968202867,27.8002441482295,30.0391222714525,1,1,1,1,1,1,1,1,1,1,1,0.96,0.96,0.92,0.92,0.88,0,0,0,0,0,0,0,0,2645,19.5523193096009,8.94522446043337
"646",216,216,1,10.5173389528132,19.1176380971824,20.3512763888739,21.2555923204347,22.6809061558716,23.9853474080156,26.6749604111396,27.7222219707772,29.9626280494723,1,1,1,1,1,1,1,1,1,1,1,0.96,0.96,0.92,0.92,0.88,0,0,0,0,0,0,0,0,2646,18.9859762675297,8.46863731471642
"647",216,216,2,10.5221719532973,19.1224710976665,20.356109389358,21.2604253209187,22.6857391563557,23.9901804084996,26.6797934116236,27.7270549712613,29.9674610499564,1,1,1,1,1,1,1,1,0.862068965517241,0.862068965517241,0.862068965517241,0.827586206896552,0.827586206896552,0.793103448275862,0.793103448275862,0.758620689655172,0,0,0,0,0,0,0,0,2647,6.32416396979504,-4.19800798350229
"648",216,216,3,10.6302240355487,19.2305231799178,20.4641614716093,21.3684774031701,22.793791238607,24.098232490751,26.787845493875,27.8351070535127,30.0755131322077,1,1,1,1,1,1,1,1,0.925925925925926,0.925925925925926,0.925925925925926,0.888888888888889,0.888888888888889,0.851851851851852,0.851851851851852,0.814814814814815,0,0,0,0,0,0,0,0,2648,12.9449838187702,2.31475978322154
"649",217,217,1,10.581926873452,19.1876312129187,20.4220448329487,21.3269291173026,22.7531387470864,24.0583998264647,26.7497032223035,27.7976229745171,30.0394371242281,1,1,1,1,1,1,1,1,0.925925925925926,0.925925925925926,0.925925925925926,0.888888888888889,0.888888888888889,0.851851851851852,0.851851851851852,0.814814814814815,0,0,0,0,0,0,0,0,2649,12.7022653721683,2.12033849871632
"650",217,217,2,10.58399530171,19.1896996411768,20.4241132612068,21.3289975455606,22.7552071753445,24.0604682547227,26.7517716505616,27.7996914027752,30.0415055524861,1,1,1,1,1,1,1,1,0.925925925925926,0.925925925925926,0.925925925925926,0.888888888888889,0.888888888888889,0.851851851851852,0.851851851851852,0.814814814814815,0,0,0,0,0,0,0,0,2650,13.9428263214671,3.35883101975707
"651",217,217,3,10.5734233350577,19.1791276745244,20.4135412945544,21.3184255789083,22.7446352086922,24.0498962880704,26.7411996839092,27.7891194361229,30.0309335858338,1,1,1,1,1,1,1,1,0.925925925925926,0.925925925925926,0.925925925925926,0.888888888888889,0.888888888888889,0.851851851851852,0.851851851851852,0.814814814814815,0,0,0,0,0,0,0,0,2651,13.9428263214671,3.36940298640939
"652",218,218,1,10.5825570023644,19.1888166884345,20.4233099681163,21.3282526468088,22.7545543132979,24.0598996242833,26.751376696342,27.7993640733139,30.0413228926328,1,1,1,1,1,1,1,1,0.961538461538462,0.961538461538462,0.961538461538462,0.923076923076923,0.923076923076923,0.884615384615385,0.884615384615385,0.846153846153846,0,0,0,0,0,0,0,0,2652,16.7206040992449,6.13804709688051
"653",218,218,2,10.559800731101,19.1660604171711,20.4005536968529,21.3054963755455,22.7317980420346,24.0371433530199,26.7286204250787,27.7766078020505,30.0185666213695,1,1,1,1,1,1,1,1,0.862068965517241,0.862068965517241,0.862068965517241,0.827586206896552,0.827586206896552,0.793103448275862,0.793103448275862,0.758620689655172,0,0,0,0,0,0,0,0,2653,6.83656957928803,-3.72323115181299
"654",218,218,3,10.6407732885575,19.2470329746276,20.4815262543094,21.386468933002,22.8127705994911,24.1181159104764,26.8095929825352,27.857580359507,30.099539178826,1,1,1,1,1,1,1,1,0.892857142857143,0.892857142857143,0.892857142857143,0.857142857142857,0.857142857142857,0.821428571428571,0.821428571428571,0.785714285714286,0,0,0,0,0,0,0,0,2654,10.69309600863,0.0523227200724854
"655",219,219,1,10.6111505262516,19.2206082623109,20.4555602745157,21.3608392261107,22.7876709003146,24.0935012721405,26.7859784857863,27.8343552904703,30.0771472122797,1,1,1,1,1,1,1,1,1,1,1,0.96,0.96,0.92,0.92,0.88,0,0,0,0,0,0,0,0,2655,20.091693635383,9.48054310913132
"656",219,219,2,10.5322364081598,19.1416941442191,20.3766461564239,21.2819251080189,22.7087567822228,24.0145871540487,26.7070643676945,27.7554411723785,29.9982330941879,0,0,0,1,1,1,1,1,0,0,0,1,1,0.958333333333333,0.958333333333333,0.916666666666667,0,0,0,0,0,0,0,0,2656,23.462783171521,12.9305467633612
"657",219,219,3,10.5039314877539,19.1133892238131,20.348341236018,21.2536201876129,22.6804518618168,23.9862822336428,26.6787594472886,27.7271362519726,29.9699281737819,1,1,1,1,1,1,1,1,0.862068965517241,0.862068965517241,0.862068965517241,0.827586206896552,0.827586206896552,0.793103448275862,0.793103448275862,0.758620689655172,1,1,1,0,0,0,0,0,2657,8.91316073354908,-1.5907707542048
"658",220,220,1,10.6359202260946,19.2649783431435,20.5027418599384,21.4100817790062,22.8401617930336,24.14896503186,26.8475719671226,27.8983355173395,30.1462334025551,1,1,1,1,1,1,1,1,0.892857142857143,0.892857142857143,0.892857142857143,0.857142857142857,0.857142857142857,0.821428571428571,0.821428571428571,0.785714285714286,1,1,1,0,0,0,0,0,2658,9.51995685005394,-1.11596337604062
"659",220,220,2,10.6319175204635,19.2609756375124,20.4987391543073,21.4060790733751,22.8361590874025,24.1449623262289,26.8435692614915,27.8943328117084,30.1422306969241,1,1,1,1,1,1,1,1,0.925925925925926,0.925925925925926,0.925925925925926,0.888888888888889,0.888888888888889,0.851851851851852,0.851851851851852,0.814814814814815,0,0,0,0,0,0,0,0,2659,13.3629989212513,2.73108140078788
"660",220,220,3,10.6065670514666,19.2356251685155,20.4733886853104,21.3807286043783,22.8108086184056,24.1196118572321,26.8182187924946,27.8689823427115,30.1168802279272,1,1,1,1,1,1,1,1,0.862068965517241,0.862068965517241,0.862068965517241,0.827586206896552,0.827586206896552,0.793103448275862,0.793103448275862,0.758620689655172,0,0,0,0,0,0,0,0,2660,7.29503775620281,-3.31152929526379
"661",221,221,1,10.6498785345068,19.2799556339474,20.5178653149252,21.4253123793371,22.8555612676881,24.1645190595881,26.8634446661253,27.9143322981993,30.1624956316634,1,1,1,1,1,1,1,1,0.961538461538462,0.961538461538462,0.961538461538462,0.923076923076923,0.923076923076923,0.884615384615385,0.884615384615385,0.846153846153846,0,0,0,0,0,0,0,0,2661,16.6396979503776,5.98981941587077
"662",221,221,2,10.5855549241193,19.2156320235599,20.4535417045377,21.3609887689496,22.7912376573006,24.1001954492006,26.7991210557378,27.8500086878118,30.0981720212759,1,1,1,1,1,1,1,1,0.892857142857143,0.892857142857143,0.892857142857143,0.857142857142857,0.857142857142857,0.821428571428571,0.821428571428571,0.785714285714286,0,0,0,0,0,0,0,0,2662,10.5447680690399,-0.0407868550793928
"663",221,221,3,10.6275091404182,19.2575862398588,20.4954959208366,21.4029429852485,22.8331918735995,24.1421496654995,26.8410752720368,27.8919629041107,30.1401262375748,1,1,1,1,1,1,1,1,0.892857142857143,0.892857142857143,0.892857142857143,0.857142857142857,0.857142857142857,0.821428571428571,0.821428571428571,0.785714285714286,0,0,0,0,0,0,0,0,2663,10.8683926645092,0.240883524090954
"664",222,222,1,10.6291318937933,19.2614921648332,20.4997293469669,21.4074164854061,22.8380437601381,24.1473478496692,26.8469874834651,27.8981531381764,30.1469112453157,1,1,1,1,1,1,1,1,0.862068965517241,0.862068965517241,0.862068965517241,0.827586206896552,0.827586206896552,0.793103448275862,0.793103448275862,0.758620689655172,0,0,0,0,0,0,0,0,2664,7.84789644012945,-2.7812354536639
"665",222,222,2,10.6512397860341,19.2836000570739,20.5218372392077,21.4295243776469,22.8601516523789,24.16945574191,26.8690953757059,27.9202610304171,30.1690191375564,1,1,1,1,1,1,1,1,0.925925925925926,0.925925925925926,0.925925925925926,0.888888888888889,0.888888888888889,0.851851851851852,0.851851851851852,0.814814814814815,0,0,0,0,0,0,0,0,2665,14.4552319309601,3.80399214492597
"666",222,222,3,10.6028787717574,19.2352390427973,20.473476224931,21.3811633633702,22.8117906381022,24.1210947276333,26.8207343614292,27.8719000161405,30.1206581232797,1,1,1,1,1,1,1,1,0.925925925925926,0.925925925925926,0.925925925925926,0.888888888888889,0.888888888888889,0.851851851851852,0.851851851851852,0.814814814814815,0,0,0,0,0,0,0,0,2666,13.3090614886731,2.7061827169157
"667",223,223,1,10.6157210932796,19.2496940547993,20.4881625633899,21.3960192751973,22.8269138185458,24.1364625111952,26.8366064894577,27.8879685220762,30.1371467403643,1,1,1,1,1,1,1,1,0.862068965517241,0.862068965517241,0.862068965517241,0.827586206896552,0.827586206896552,0.793103448275862,0.793103448275862,0.758620689655172,0,0,0,0,0,0,0,0,2667,7.90183387270766,-2.7138872205719
"668",223,223,2,10.6563759581346,19.2903489196544,20.5288174282449,21.4366741400524,22.8675686834009,24.1771173760502,26.8772613543128,27.9286233869312,30.1778016052194,1,1,1,1,1,1,1,1,0.925925925925926,0.925925925925926,0.925925925925926,0.888888888888889,0.888888888888889,0.851851851851852,0.851851851851852,0.814814814814815,0,0,0,0,0,0,0,0,2668,13.3090614886731,2.65268553053853
"669",223,223,3,10.6157210932796,19.2496940547993,20.4881625633899,21.3960192751973,22.8269138185458,24.1364625111952,26.8366064894577,27.8879685220762,30.1371467403643,1,1,1,1,1,1,1,1,0.892857142857143,0.892857142857143,0.892857142857143,0.857142857142857,0.857142857142857,0.821428571428571,0.821428571428571,0.785714285714286,0,0,0,0,0,0,0,0,2669,10.4099244875944,-0.205796605685165
"670",224,224,1,10.6397378902942,19.2737748575406,20.5122525471973,21.4201159891658,22.851021140081,24.1605795407311,26.860743535813,27.9121133624321,30.1613082544215,1,1,1,1,1,1,1,1,0.925925925925926,0.925925925925926,0.925925925925926,0.888888888888889,0.888888888888889,0.851851851851852,0.851851851851852,0.814814814814815,0,0,0,0,0,0,0,0,2670,15.6148867313916,4.97514884109734
"671",224,224,2,10.5985357884612,19.2325727557075,20.4710504453642,21.3789138873327,22.809819038248,24.119377438898,26.8195414339799,27.870911260599,30.1201061525885,1,1,1,1,1,1,1,1,0.862068965517241,0.862068965517241,0.862068965517241,0.827586206896552,0.827586206896552,0.793103448275862,0.793103448275862,0.758620689655172,0,0,0,0,0,0,0,0,2671,6.93096008629989,-3.66757570216127
"672",224,224,3,10.6672771189806,19.3013140862269,20.5397917758836,21.4476552178521,22.8785603687674,24.1881187694175,26.8882827644994,27.9396525911184,30.1888474831079,0,0,0,1,1,1,1,1,0,0,0,1,1,0.958333333333333,0.958333333333333,0.916666666666667,0,0,0,0,0,0,0,0,2672,22.0873786407767,11.4201015217961
"673",225,225,1,10.5412660515011,19.1870247819335,20.4271838568152,21.3362798346545,22.7691276146533,24.0804639013038,26.7842936998833,27.8370908898755,30.0893393395441,1,1,1,1,1,1,1,1,0.862068965517241,0.862068965517241,0.862068965517241,0.827586206896552,0.827586206896552,0.793103448275862,0.793103448275862,0.758620689655172,1,1,1,0,0,0,0,0,2673,6.3915857605178,-4.14968029098329
"674",225,225,2,10.6872902076411,19.3330489380735,20.5732080129553,21.4823039907946,22.9151517707933,24.2264880574438,26.9303178560234,27.9831150460155,30.2353634956841,1,1,1,1,1,1,1,1,0.892857142857143,0.892857142857143,0.892857142857143,0.857142857142857,0.857142857142857,0.821428571428571,0.821428571428571,0.785714285714286,1,1,1,0,0,0,0,0,2674,9.88403451995685,-0.80325568768427
"675",225,225,3,10.6547985783969,19.3005573088293,20.5407163837111,21.4498123615504,22.8826601415491,24.1939964281996,26.8978262267792,27.9506234167713,30.2028718664399,1,1,1,1,1,1,1,1,0.862068965517241,0.862068965517241,0.862068965517241,0.827586206896552,0.827586206896552,0.793103448275862,0.793103448275862,0.758620689655172,0,0,0,0,0,0,0,0,2675,6.64778856526429,-4.00701001313261
"676",226,226,1,10.6808391485168,19.3235042245947,20.5632195416014,21.4719902236722,22.9043252972779,24.2151923571849,26.9180546623275,27.9704751369019,30.2219176794846,1,1,1,1,1,1,1,1,0.862068965517241,0.862068965517241,0.862068965517241,0.827586206896552,0.827586206896552,0.793103448275862,0.793103448275862,0.758620689655172,0,0,0,0,0,0,0,0,2676,8.84573894282632,-1.83510020569044
"677",226,226,2,10.6588712057745,19.3015362818524,20.5412515988592,21.45002228093,22.8823573545357,24.1932244144427,26.8960867195852,27.9485071941597,30.1999497367424,0,0,0,0,0,0,0,0,0,0,0,0,0,0,0,0,0,0,0,0,0,0,0,0,2677,49.5685005393743,38.9096293335998
"678",226,226,3,10.2518577880966,18.8945228641745,20.1342381811812,21.043008863252,22.4753439368577,23.7862109967648,26.4890733019073,27.5414937764818,29.7929363190645,1,1,1,1,1,1,1,1,0.892857142857143,0.892857142857143,0.892857142857143,0.857142857142857,0.857142857142857,0.821428571428571,0.821428571428571,0.785714285714286,1,1,1,1,1,1,1,1,2678,10.9358144552319,0.683956667135346
"679",227,227,1,10.6601353732227,19.4191799957858,20.6755889489678,21.5965968656077,23.0482193354985,24.3767381396987,27.1159963813394,28.1825884356829,30.4643482310733,1,1,1,1,1,1,1,1,0.961538461538462,0.961538461538462,0.961538461538462,0.923076923076923,0.923076923076923,0.884615384615385,0.846153846153846,0.846153846153846,1,1,1,1,1,1,1,1,2679,18.4735706580367,7.81343528481399
"680",227,227,2,10.5772007363701,19.3362453589332,20.5926543121152,21.5136622287551,22.9652846986459,24.2938035028461,27.0330617444868,28.0996537988303,30.3814135942207,1,1,1,1,1,1,1,1,0.892857142857143,0.892857142857143,0.892857142857143,0.857142857142857,0.857142857142857,0.821428571428571,0.821428571428571,0.785714285714286,0,0,0,0,0,0,0,0,2680,9.68176914778857,-0.895431588581527
"681",227,227,3,10.673933085615,19.4329777081781,20.6893866613601,21.610394578,23.0620170478907,24.3905358520909,27.1297940937317,28.1963861480752,30.4781459434656,1,1,1,1,1,1,1,1,0.862068965517241,0.862068965517241,0.862068965517241,0.827586206896552,0.827586206896552,0.793103448275862,0.758620689655172,0.758620689655172,0,0,0,0,0,0,0,0,2681,8.87270765911543,-1.80122542649955
"682",228,228,1,10.6871463043756,19.4505503579503,20.7075846336862,21.6290509416972,23.0813958931239,24.4105759093997,27.1511974969122,28.218320400758,30.5012158421967,1,1,1,1,1,1,1,1,0.892857142857143,0.892857142857143,0.892857142857143,0.857142857142857,0.857142857142857,0.821428571428571,0.785714285714286,0.785714285714286,0,0,0,0,0,0,0,0,2682,10.2481121898598,-0.439034114515875
"683",228,228,2,10.672015906447,19.4354199600217,20.6924542357576,21.6139205437686,23.0662654951953,24.395445511471,27.1360670989836,28.2031900028294,30.4860854442681,1,1,1,1,1,1,1,1,0.925925925925926,0.925925925925926,0.925925925925926,0.888888888888889,0.888888888888889,0.851851851851852,0.814814814814815,0.814814814814815,0,0,0,0,0,0,0,0,2683,13.3495145631068,2.67749865665982
"684",228,228,3,10.6378983424902,19.4013023960649,20.6583366718008,21.5798029798118,23.0321479312385,24.3613279475142,27.1019495350268,28.1690724388726,30.4519678803113,1,1,1,1,1,1,1,1,0.892857142857143,0.892857142857143,0.892857142857143,0.857142857142857,0.857142857142857,0.821428571428571,0.785714285714286,0.785714285714286,0,0,0,0,0,0,0,0,2684,9.47950377562028,-1.1583945668699
"685",229,229,1,10.6864613683806,19.4483054603411,20.7051159731185,21.6264182521676,23.0785046736485,24.4074480844008,27.147581817599,28.2145147643508,30.4970038306828,1,1,1,1,1,1,1,1,0.961538461538462,0.961538461538462,0.961538461538462,0.923076923076923,0.923076923076923,0.884615384615385,0.846153846153846,0.846153846153846,0,0,0,0,0,0,0,0,2685,18.1499460625674,7.46348469418682
"686",229,229,2,10.5859082303203,19.3477523222809,20.6045628350582,21.5258651141073,22.9779515355883,24.3068949463405,27.0470286795388,28.1139616262906,30.3964506926225,1,1,1,1,1,1,1,1,0.862068965517241,0.862068965517241,0.862068965517241,0.827586206896552,0.827586206896552,0.793103448275862,0.793103448275862,0.758620689655172,0,0,0,0,0,0,0,0,2686,9.03451995685005,-1.55138827347028
"687",229,229,3,10.6916219493386,19.4534660412991,20.7102765540765,21.6315788331256,23.0836652546065,24.4126086653587,27.152742398557,28.2196753453088,30.5021644116408,1,1,1,1,1,1,1,1,0.892857142857143,0.892857142857143,0.892857142857143,0.857142857142857,0.857142857142857,0.821428571428571,0.785714285714286,0.785714285714286,0,0,0,0,0,0,0,0,2687,9.6143473570658,-1.0772745922728
"688",230,230,1,10.6887830495919,19.4542295797434,20.7115568310227,21.633237904134,23.0859213519402,24.4154111586847,27.1566714997414,28.224043116704,30.5074706299767,1,1,1,1,1,1,1,1,0.862068965517241,0.862068965517241,0.862068965517241,0.827586206896552,0.827586206896552,0.793103448275862,0.758620689655172,0.758620689655172,0,0,0,0,0,0,0,0,2688,7.76699029126214,-2.92179275832981
"689",230,230,2,10.7112211307482,19.4766676608997,20.7339949121789,21.6556759852902,23.1083594330965,24.4378492398409,27.1791095808977,28.2464811978603,30.5299087111329,1,1,1,1,1,1,1,1,0.833333333333333,0.833333333333333,0.833333333333333,0.8,0.8,0.766666666666667,0.733333333333333,0.733333333333333,0,0,0,0,0,0,0,0,2689,5.74433656957929,-4.96688456116892
"690",230,230,3,10.7357883728901,19.5012349030416,20.7585621543208,21.6802432274321,23.1329266752384,24.4624164819828,27.2036768230396,28.2710484400022,30.5544759532748,1,1,1,1,1,1,1,1,0.862068965517241,0.862068965517241,0.862068965517241,0.827586206896552,0.827586206896552,0.793103448275862,0.758620689655172,0.758620689655172,0,0,0,0,0,0,0,0,2690,9.07497303128371,-1.66081534160639
"691",231,231,1,10.6941982215592,19.4614844344489,20.7190755722549,21.6409500868246,23.0939384223116,24.4237072609844,27.1655429348908,28.2331385706905,30.5170453273384,1,1,1,1,1,1,1,1,0.862068965517241,0.862068965517241,0.862068965517241,0.827586206896552,0.827586206896552,0.793103448275862,0.758620689655172,0.758620689655172,0,0,0,0,0,0,0,0,2691,8.75134843581445,-1.94284978574478
"692",231,231,2,10.697979981252,19.4652661941417,20.7228573319477,21.6447318465174,23.0977201820044,24.4274890206772,27.1693246945836,28.2369203303833,30.5208270870311,1,1,1,1,1,1,1,1,0.892857142857143,0.892857142857143,0.892857142857143,0.857142857142857,0.857142857142857,0.821428571428571,0.785714285714286,0.785714285714286,0,0,0,0,0,0,0,0,2692,12.4190938511327,1.72111386988067
"693",231,231,3,10.6551200380672,19.4224062509569,20.6799973887629,21.6018719033326,23.0548602388196,24.3846290774924,27.1264647513988,28.1940603871985,30.4779671438463,1,1,1,1,1,1,1,1,0.892857142857143,0.892857142857143,0.892857142857143,0.857142857142857,0.857142857142857,0.821428571428571,0.785714285714286,0.785714285714286,0,0,0,0,0,0,0,0,2693,9.46601941747573,-1.18910062059147
"694",232,232,1,10.693177675876,19.4592503412107,20.7166674061494,21.638414316973,23.0912015331628,24.4207863082971,27.1622424636276,28.2296903252995,30.5132809488369,1,1,1,1,1,1,1,1,0.892857142857143,0.892857142857143,0.892857142857143,0.857142857142857,0.857142857142857,0.821428571428571,0.785714285714286,0.785714285714286,0,0,0,0,0,0,0,0,2694,10.69309600863,-8.16672460324241e-05
"695",232,232,2,10.6781992549375,19.4442719202722,20.7016889852108,21.6234358960345,23.0762231122242,24.4058078873586,27.147264042689,28.2147119043609,30.4983025278984,1,1,1,1,1,1,1,1,0.892857142857143,0.892857142857143,0.892857142857143,0.857142857142857,0.857142857142857,0.821428571428571,0.785714285714286,0.785714285714286,0,0,0,0,0,0,0,0,2695,9.70873786407767,-0.969461390859792
"696",232,232,3,10.6902149112948,19.4562875766295,20.7137046415681,21.6354515523918,23.0882387685815,24.4178235437159,27.1592796990463,28.2267275607183,30.5103181842557,1,1,1,1,1,1,1,1,0.862068965517241,0.862068965517241,0.862068965517241,0.827586206896552,0.827586206896552,0.793103448275862,0.758620689655172,0.758620689655172,0,0,0,0,0,0,0,0,2696,8.7108953613808,-1.97931954991397
"697",233,233,1,10.7041617524961,19.4695047900657,20.726817196232,21.6484873871648,23.1011536833108,24.4306277929277,27.1718557682505,28.2392147828837,30.522615336,1,1,1,1,1,1,1,1,0.961538461538462,0.961538461538462,0.961538461538462,0.923076923076923,0.923076923076923,0.884615384615385,0.846153846153846,0.846153846153846,0,0,0,0,0,0,0,0,2697,16.6666666666667,5.96250491417059
"698",233,233,2,10.607025247005,19.3723682845746,20.6296806907409,21.5513508816737,23.0040171778197,24.3334912874366,27.0747192627594,28.1420782773926,30.4254788305089,1,1,1,1,1,1,1,1,1,1,1,0.96,0.96,0.92,0.88,0.88,0,0,0,0,0,0,0,0,2698,19.848975188781,9.241949941776
"699",233,233,3,10.5681706448086,19.3335136823782,20.5908260885445,21.5124962794773,22.9651625756233,24.2946366852402,27.035864660563,28.1032236751962,30.3866242283125,1,1,1,1,1,1,1,1,0.862068965517241,0.862068965517241,0.862068965517241,0.827586206896552,0.827586206896552,0.793103448275862,0.793103448275862,0.758620689655172,0,0,0,0,0,0,0,0,2699,8.9940668824164,-1.57410376239219
"700",234,234,1,10.711058103379,19.4842549401108,20.7426939056234,21.6651899184941,23.1191578122262,24.4498231385021,27.1935072702907,28.2618226449087,30.5472691384148,1,1,1,1,1,1,1,1,0.862068965517241,0.862068965517241,0.862068965517241,0.827586206896552,0.827586206896552,0.793103448275862,0.758620689655172,0.758620689655172,0,0,0,0,0,0,0,0,2700,8.7108953613808,-2.0001627419982
"701",234,234,2,10.7144901829088,19.4876870196406,20.7461259851532,21.6686219980238,23.122589891756,24.4532552180319,27.1969393498204,28.2652547244385,30.5507012179446,1,1,1,1,1,1,1,1,0.862068965517241,0.862068965517241,0.862068965517241,0.827586206896552,0.827586206896552,0.793103448275862,0.758620689655172,0.758620689655172,0,0,0,0,0,0,0,0,2701,8.91316073354908,-1.80132944935969
"702",234,234,3,10.7120386975304,19.4852355342622,20.7436744997748,21.6661705126454,23.1201384063776,24.4508037326535,27.194487864442,28.2628032390601,30.5482497325662,1,1,1,1,1,1,1,1,0.862068965517241,0.862068965517241,0.862068965517241,0.827586206896552,0.827586206896552,0.793103448275862,0.758620689655172,0.758620689655172,0,0,0,0,0,0,0,0,2702,8.61650485436893,-2.09553384316143
"703",235,235,1,10.7174481251365,19.4892712754985,20.7475131976202,21.6698647682513,23.1236050031363,24.4540619769889,27.1973165092181,28.2654646095465,30.5505532532568,1,1,1,1,1,1,1,1,0.892857142857143,0.892857142857143,0.892857142857143,0.857142857142857,0.857142857142857,0.821428571428571,0.785714285714286,0.785714285714286,0,0,0,0,0,0,0,0,2703,10.2346278317152,-0.482820293421273
"704",235,235,2,10.696948583334,19.4687717336961,20.7270136558177,21.6493652264488,23.1031054613339,24.4335624351864,27.1768169674156,28.244965067744,30.5300537114543,1,1,1,1,1,1,1,1,0.862068965517241,0.862068965517241,0.862068965517241,0.827586206896552,0.827586206896552,0.793103448275862,0.758620689655172,0.758620689655172,0,0,0,0,0,0,0,0,2704,7.21413160733549,-3.48281697599853
"705",235,235,3,10.7352143946986,19.5070375450607,20.7652794671823,21.6876310378134,23.1413712726984,24.471828246551,27.2150827787802,28.2832308791086,30.5683195228189,1,1,1,1,1,1,1,1,0.961538461538462,0.961538461538462,0.961538461538462,0.923076923076923,0.923076923076923,0.884615384615385,0.846153846153846,0.846153846153846,0,0,0,0,0,0,0,0,2705,16.7745415318231,6.03932713712447
"706",236,236,1,10.6175943402543,19.390078495813,20.6484152333949,21.5708363082979,23.024686090518,24.3552433216327,27.098704573203,28.166933164375,30.4521940021027,1,1,1,1,1,1,1,1,0.862068965517241,0.862068965517241,0.862068965517241,0.827586206896552,0.827586206896552,0.793103448275862,0.758620689655172,0.758620689655172,0,0,0,0,0,0,0,0,2706,8.23894282632147,-2.37865151393279
"707",236,236,2,10.7317157003923,19.504199855951,20.7625365935329,21.6849576684359,23.138807450656,24.4693646817707,27.212825933341,28.281054524513,30.5663153622407,1,1,1,1,1,1,1,1,0.892857142857143,0.892857142857143,0.892857142857143,0.857142857142857,0.857142857142857,0.821428571428571,0.785714285714286,0.785714285714286,0,0,0,0,0,0,0,0,2707,12.3247033441208,1.59298764372856
"708",236,236,3,10.6770888881935,19.4495730437522,20.7079097813341,21.6303308562371,23.0841806384572,24.4147378695719,27.1581991211422,28.2264277123142,30.5116885500419,1,1,1,1,1,1,1,1,0.862068965517241,0.862068965517241,0.862068965517241,0.827586206896552,0.827586206896552,0.793103448275862,0.758620689655172,0.758620689655172,0,0,0,0,0,0,0,0,2708,8.07713052858684,-2.59995835960666
"709",237,237,1,10.7337433061777,19.5069714621461,20.7654149201315,21.6879142261997,23.141887310419,24.4725573870068,27.2162513134112,28.2845705017841,30.5700251540538,1,1,1,1,1,1,1,1,0.925925925925926,0.925925925925926,0.925925925925926,0.888888888888889,0.888888888888889,0.851851851851852,0.814814814814815,0.814814814814815,0,0,0,0,0,0,0,0,2709,13.2686084142395,2.53486510806174
"710",237,237,2,10.663090098719,19.4363182546874,20.6947617126728,21.617261018741,23.0712341029603,24.4019041795481,27.1455981059525,28.2139172943254,30.4993719465951,1,1,1,1,1,1,1,1,0.892857142857143,0.892857142857143,0.892857142857143,0.857142857142857,0.857142857142857,0.821428571428571,0.785714285714286,0.785714285714286,0,0,0,0,0,0,0,0,2710,9.49298813376483,-1.17010196495422
"711",237,237,3,10.7144742495981,19.4877024055665,20.7461458635518,21.6686451696201,23.1226182538393,24.4532883304272,27.1969822568315,28.2653014452044,30.5507560974742,1,1,1,1,1,1,1,1,0.862068965517241,0.862068965517241,0.862068965517241,0.827586206896552,0.827586206896552,0.793103448275862,0.758620689655172,0.758620689655172,0,0,0,0,0,0,0,0,2711,9.22330097087379,-1.49117327872431
"712",238,238,1,10.7212024628775,19.4939675358681,20.7523445686182,21.6747951818088,23.128691520026,24.4592913589943,27.202840463227,28.271103261817,30.5564372794553,1,1,1,1,1,1,1,1,0.961538461538462,0.961538461538462,0.961538461538462,0.923076923076923,0.923076923076923,0.884615384615385,0.846153846153846,0.846153846153846,0,0,0,0,0,0,0,0,2712,16.7745415318231,6.05333906894554
"713",238,238,2,10.6150721444439,19.3878372174344,20.6462142501846,21.5686648633751,23.0225612015923,24.3531610405607,27.0967101447934,28.1649729433834,30.4503069610216,1,1,1,1,1,1,1,1,0.862068965517241,0.862068965517241,0.862068965517241,0.827586206896552,0.827586206896552,0.793103448275862,0.758620689655172,0.758620689655172,0,0,0,0,0,0,0,0,2713,8.46817691477886,-2.14689522966503
"714",238,238,3,10.7318154947209,19.5045805677115,20.7629576004616,21.6854082136521,23.1393045518694,24.4699043908377,27.2134534950704,28.2817162936604,30.5670503112986,1,1,1,1,1,1,1,1,0.925925925925926,0.925925925925926,0.925925925925926,0.888888888888889,0.888888888888889,0.851851851851852,0.814814814814815,0.814814814814815,0,0,0,0,0,0,0,0,2714,13.5113268608414,2.77951136612051
"715",239,239,1,10.6658758405741,19.4418063732491,20.7006374637258,21.6234209229692,23.077841867762,24.408921824471,27.1534608781677,28.2221091359366,30.5082677661842,1,1,1,1,1,1,1,1,0.862068965517241,0.862068965517241,0.862068965517241,0.827586206896552,0.827586206896552,0.793103448275862,0.758620689655172,0.758620689655172,0,0,0,0,0,0,0,0,2715,8.34681769147789,-2.31905814909622
"716",239,239,2,10.7413544901978,19.5172850228728,20.7761161133495,21.6988995725929,23.1533205173857,24.4844004740947,27.2289395277914,28.2975877855603,30.5837464158079,1,1,1,1,1,1,1,1,0.925925925925926,0.925925925925926,0.925925925925926,0.888888888888889,0.888888888888889,0.851851851851852,0.814814814814815,0.814814814814815,0,0,0,0,0,0,0,0,2716,12.9989212513484,2.25756676115064
"717",239,239,3,10.6733645838788,19.4492951165538,20.7081262070305,21.6309096662739,23.0853306110667,24.4164105677757,27.1609496214724,28.2295978792413,30.5157565094889,1,1,1,1,1,1,1,1,0.892857142857143,0.892857142857143,0.892857142857143,0.857142857142857,0.857142857142857,0.821428571428571,0.785714285714286,0.785714285714286,0,0,0,0,0,0,0,0,2717,9.5873786407767,-1.0859859431021
"718",240,240,1,10.7259000658258,19.5013262012345,20.7600849402998,21.6828153624945,23.1371527143344,24.4681561671229,27.2125374782315,28.2811243153615,30.5671515484701,1,1,1,1,1,1,1,1,0.892857142857143,0.892857142857143,0.892857142857143,0.857142857142857,0.857142857142857,0.821428571428571,0.785714285714286,0.785714285714286,0,0,0,0,0,0,0,0,2718,11.1650485436893,0.439148477863512
"719",240,240,2,10.7022359817928,19.4776621172015,20.7364208562667,21.6591512784615,23.1134886303014,24.4444920830899,27.1888733941984,28.2574602313284,30.5434874644371,1,1,1,1,1,1,1,1,0.961538461538462,0.961538461538462,0.961538461538462,0.923076923076923,0.923076923076923,0.884615384615385,0.846153846153846,0.846153846153846,0,0,0,0,0,0,0,0,2719,18.4735706580367,7.77133467624389
"720",240,240,3,10.5926126181526,19.3680387535613,20.6267974926266,21.5495279148213,23.0038652666612,24.3348687194497,27.0792500305583,28.1478368676883,30.4338641007969,1,1,1,1,1,1,1,1,0.892857142857143,0.892857142857143,0.892857142857143,0.857142857142857,0.857142857142857,0.821428571428571,0.785714285714286,0.785714285714286,0,0,0,0,0,0,0,0,2720,9.85706580366775,-0.735546814484872
"721",241,241,1,10.7275992681779,19.5074663789651,20.7668621374162,21.6900595253198,23.1451328729133,24.4768099059327,27.222580064676,28.2917076809955,30.578891802727,1,1,1,1,1,1,1,1,0.925925925925926,0.925925925925926,0.925925925925926,0.888888888888889,0.888888888888889,0.851851851851852,0.814814814814815,0.814814814814815,0,0,0,0,0,0,0,0,2721,14.0507011866235,3.32310191844562
"722",241,241,2,10.6644035290804,19.4442706398676,20.7036663983187,21.6268637862224,23.0819371338158,24.4136141668352,27.1593843255785,28.228511941898,30.5156960636296,1,1,1,1,1,1,1,1,0.862068965517241,0.862068965517241,0.862068965517241,0.827586206896552,0.827586206896552,0.793103448275862,0.758620689655172,0.758620689655172,0,0,0,0,0,0,0,0,2722,8.02319309600863,-2.64121043307178
"723",241,241,3,10.7552347039247,19.5351018147119,20.794497573163,21.7176949610667,23.1727683086601,24.5044453416795,27.2502155004228,28.3193431167423,30.6065272384739,1,1,1,1,1,1,1,1,0.892857142857143,0.892857142857143,0.892857142857143,0.857142857142857,0.857142857142857,0.821428571428571,0.785714285714286,0.785714285714286,0,0,0,0,0,0,0,0,2723,10.3290183387271,-0.426216365197632
"724",242,242,1,10.7174787114426,19.4978007127958,20.7572617213518,21.6805069407063,23.1356556765865,24.4674017046501,27.2133141235126,28.282497132022,30.569799754235,1,1,1,1,1,1,1,1,0.862068965517241,0.862068965517241,0.862068965517241,0.827586206896552,0.827586206896552,0.793103448275862,0.758620689655172,0.758620689655172,0,0,0,0,0,0,0,0,2724,8.37378640776699,-2.34369230367558
"725",242,242,2,10.7471783601103,19.5275003614635,20.7869613700195,21.710206589374,23.1653553252541,24.4971013533178,27.2430137721802,28.3121967806897,30.5994994029027,0,0,0,1,1,1,1,1,0,0,0,1,1,0.958333333333333,0.916666666666667,0.916666666666667,0,0,0,0,0,0,0,0,2725,24.1639697950378,13.4167914349275
"726",242,242,3,10.5073280939733,19.2876500953265,20.5471111038825,21.470356323237,22.9255050591172,24.2572510871808,27.0031635060433,28.0723465145528,30.3596491367657,1,1,1,1,1,1,1,1,0.862068965517241,0.862068965517241,0.862068965517241,0.827586206896552,0.827586206896552,0.793103448275862,0.793103448275862,0.758620689655172,1,1,1,0,0,0,0,0,2726,8.62998921251348,-1.87733888145981
"727",243,243,1,10.7563295376933,19.5492212067967,20.8104852251306,21.7350521369763,23.1922840238085,24.5259365428981,27.2757799345393,28.3464935560695,30.637070617876,1,1,1,1,1,1,1,1,0.892857142857143,0.892857142857143,0.892857142857143,0.857142857142857,0.857142857142857,0.821428571428571,0.785714285714286,0.785714285714286,1,1,1,0,0,0,0,0,2727,11.4077669902913,0.65143745259798
"728",243,243,2,10.7101335971072,19.5030252662106,20.7642892845445,21.6888561963902,23.1460880832224,24.479740602312,27.2295839939532,28.3002976154834,30.5908746772899,1,1,1,1,1,1,1,1,0.862068965517241,0.862068965517241,0.862068965517241,0.827586206896552,0.827586206896552,0.793103448275862,0.758620689655172,0.758620689655172,0,0,0,0,0,0,0,0,2728,9.08845738942826,-1.62167620767891
"729",243,243,3,10.7487049649752,19.5415966340786,20.8028606524125,21.7274275642582,23.1846594510904,24.51831197018,27.2681553618212,28.3388689833514,30.6294460451579,1,1,1,1,1,1,1,1,0.862068965517241,0.862068965517241,0.862068965517241,0.827586206896552,0.827586206896552,0.793103448275862,0.758620689655172,0.758620689655172,0,0,0,0,0,0,0,0,2729,9.35814455231931,-1.39056041265588
"730",244,244,1,10.7452655373089,19.5368298957906,20.7979035229323,21.7223308689185,23.1793427826822,24.5127939833409,27.262222278734,28.3327742731662,30.6230055662111,1,1,1,1,1,1,1,1,0.862068965517241,0.862068965517241,0.862068965517241,0.827586206896552,0.827586206896552,0.793103448275862,0.758620689655172,0.758620689655172,0,0,0,0,0,0,0,0,2730,8.83225458468177,-1.91301095262715
"731",244,244,2,10.7541284568707,19.5456928153523,20.806766442494,21.7311937884803,23.188205702244,24.5216569029026,27.2710851982957,28.341637192728,30.6318684857728,1,1,1,1,1,1,1,1,0.961538461538462,0.961538461538462,0.961538461538462,0.923076923076923,0.923076923076923,0.884615384615385,0.846153846153846,0.846153846153846,0,0,0,0,0,0,0,0,2731,18.0151024811219,7.26097402425123
"732",244,244,3,10.5993682460617,19.3909326045434,20.652006231685,21.5764335776713,23.033445491435,24.3668966920936,27.1163249874868,28.186876981919,30.4771082749639,1,1,1,1,1,1,1,1,0.862068965517241,0.862068965517241,0.862068965517241,0.827586206896552,0.827586206896552,0.793103448275862,0.758620689655172,0.758620689655172,0,0,0,0,0,0,0,0,2732,7.88834951456311,-2.71101873149859
"733",245,245,1,10.7780146681413,19.5732104087818,20.8348049261865,21.7596141096745,23.2172278466011,24.5512298332976,27.3017937883359,28.3727879774964,30.6639652574803,1,1,1,1,1,1,1,1,0.862068965517241,0.862068965517241,0.862068965517241,0.827586206896552,0.827586206896552,0.793103448275862,0.758620689655172,0.758620689655172,0,0,0,0,0,0,0,0,2733,7.25458468176915,-3.52342998637212
"734",245,245,2,10.7892668998928,19.5844626405334,20.8460571579381,21.7708663414261,23.2284800783527,24.5624820650492,27.3130460200874,28.384040209248,30.6752174892319,1,1,1,1,1,1,1,1,0.925925925925926,0.925925925925926,0.925925925925926,0.888888888888889,0.888888888888889,0.851851851851852,0.814814814814815,0.814814814814815,0,0,0,0,0,0,0,0,2734,12.5134843581446,1.72421745825171
"735",245,245,3,10.6958973172734,19.4910930579139,20.7526875753186,21.6774967588066,23.1351104957332,24.4691124824297,27.2196764374679,28.2906706266285,30.5818479066124,1,1,1,1,1,1,1,1,0.833333333333333,0.833333333333333,0.833333333333333,0.8,0.8,0.766666666666667,0.733333333333333,0.733333333333333,0,0,0,0,0,0,0,0,2735,6.18932038834951,-4.50657692892384
"736",246,246,1,10.8100931216928,19.6060960193078,20.8678063163771,21.7927003719026,23.2504478776649,24.5845722890395,27.3353886701686,28.406481147128,30.6978686941458,1,1,1,1,1,1,1,1,0.892857142857143,0.892857142857143,0.892857142857143,0.857142857142857,0.857142857142857,0.821428571428571,0.785714285714286,0.785714285714286,0,0,0,0,0,0,0,0,2736,9.78964401294498,-1.02044910874787
"737",246,246,2,10.7453353524634,19.5413382500784,20.8030485471477,21.7279426026732,23.1856901084355,24.5198145198101,27.2706309009392,28.3417233778985,30.6331109249164,1,1,1,1,1,1,1,1,0.862068965517241,0.862068965517241,0.862068965517241,0.827586206896552,0.827586206896552,0.793103448275862,0.758620689655172,0.758620689655172,0,0,0,0,0,0,0,0,2737,6.957928802589,-3.78740654987443
"738",246,246,3,10.7962684293854,19.5922713270004,20.8539816240697,21.7788756795952,23.2366231853575,24.5707475967321,27.3215639778612,28.3926564548206,30.6840440018384,1,1,1,1,1,1,1,1,0.961538461538462,0.961538461538462,0.961538461538462,0.923076923076923,0.923076923076923,0.884615384615385,0.846153846153846,0.846153846153846,0,0,0,0,0,0,0,0,2738,17.4757281553398,6.67945972595436
"739",247,247,1,10.6074295081725,19.4068410858805,20.6690403285337,21.5942928045818,23.0526052254495,24.3872466447623,27.1391290388461,28.2106365920221,30.5029121113619,1,1,1,1,1,1,1,1,0.862068965517241,0.862068965517241,0.862068965517241,0.827586206896552,0.827586206896552,0.793103448275862,0.758620689655172,0.758620689655172,0,0,0,0,0,0,0,0,2739,8.38727076591154,-2.22015874226096
"740",247,247,2,10.7753343523379,19.5747459300459,20.8369451726992,21.7621976487473,23.2205100696149,24.5551514889277,27.3070338830115,28.3785414361875,30.6708169555273,1,1,1,1,1,1,1,1,0.892857142857143,0.892857142857143,0.892857142857143,0.857142857142857,0.857142857142857,0.821428571428571,0.785714285714286,0.785714285714286,0,0,0,0,0,0,0,0,2740,9.99190938511327,-0.783424967224645
"741",247,247,3,10.7456894317805,19.5451010094885,20.8073002521418,21.7325527281899,23.1908651490575,24.5255065683703,27.2773889624541,28.3488965156301,30.6411720349699,1,1,1,1,1,1,1,1,0.862068965517241,0.862068965517241,0.862068965517241,0.827586206896552,0.827586206896552,0.793103448275862,0.758620689655172,0.758620689655172,0,0,0,0,0,0,0,0,2741,6.89050701186624,-3.85518241991428
"742",248,248,1,10.8032927823662,19.6034618495195,20.8657697474613,21.7911018730381,23.2495398314211,24.5842961421423,27.3364154295512,28.4080152224929,30.7004880703127,1,1,1,1,1,1,1,1,0.892857142857143,0.892857142857143,0.892857142857143,0.857142857142857,0.857142857142857,0.821428571428571,0.785714285714286,0.785714285714286,0,0,0,0,0,0,0,0,2742,11.5830636461704,0.77977086380422
"743",248,248,2,10.7150172177842,19.5151862849375,20.7774941828793,21.7028263084561,23.1612642668392,24.4960205775603,27.2481398649693,28.3197396579109,30.6122125057307,1,1,1,1,1,1,1,1,0.961538461538462,0.961538461538462,0.961538461538462,0.923076923076923,0.923076923076923,0.884615384615385,0.846153846153846,0.846153846153846,0,0,0,0,0,0,0,0,2743,18.5005393743258,7.78552215654154
"744",248,248,3,10.5848868596505,19.3850559268038,20.6473638247455,21.5726959503223,23.0311339087054,24.3658902194265,27.1180095068355,28.1896092997771,30.4820821475969,1,1,1,1,1,1,1,1,0.862068965517241,0.862068965517241,0.862068965517241,0.827586206896552,0.827586206896552,0.793103448275862,0.758620689655172,0.758620689655172,0,0,0,0,0,0,0,0,2744,7.82092772384035,-2.76395913581012
"745",249,249,1,10.7935307889784,19.5980941481057,20.861032369104,21.7868265516596,23.2459927690303,24.5814155793264,27.334909114844,28.40704400232,30.700661577583,1,1,1,1,1,1,1,1,0.961538461538462,0.961538461538462,0.961538461538462,0.923076923076923,0.923076923076923,0.884615384615385,0.846153846153846,0.846153846153846,0,0,0,0,0,0,0,0,2745,18.5814455231931,7.78791473421473
"746",249,249,2,10.5824523869075,19.3870157460348,20.6499539670332,21.5757481495888,23.0349143669594,24.3703371772556,27.1238307127732,28.1959656002492,30.4895831755122,1,1,1,1,1,1,1,1,0.862068965517241,0.862068965517241,0.862068965517241,0.827586206896552,0.827586206896552,0.793103448275862,0.758620689655172,0.758620689655172,0,0,0,0,0,0,0,0,2746,7.09277238403452,-3.48968000287303
"747",249,249,3,10.8078142898704,19.6123776489977,20.875315869996,21.8011100525516,23.2602762699223,24.5956990802184,27.349192615736,28.421327503212,30.714945078475,1,1,1,1,1,1,1,1,0.892857142857143,0.892857142857143,0.892857142857143,0.857142857142857,0.857142857142857,0.821428571428571,0.785714285714286,0.785714285714286,0,0,0,0,0,0,0,0,2747,10.7200647249191,-0.0877495649512809
"748",250,250,1,10.7416371587447,19.5507448484481,20.8143349142387,21.7406069302358,23.2005262722518,24.5366383390688,27.2915530449903,28.3642412972559,30.659042685509,1,1,1,1,1,1,1,1,0.892857142857143,0.892857142857143,0.892857142857143,0.857142857142857,0.857142857142857,0.821428571428571,0.785714285714286,0.785714285714286,0,0,0,0,0,0,0,0,2748,12.0954692556634,1.35383209691873
"749",250,250,2,10.7137207550469,19.5228284447503,20.7864185105408,21.712690526538,23.172609868554,24.508721935371,27.2636366412924,28.3363248935581,30.6311262818112,1,1,1,1,1,1,1,1,0.862068965517241,0.862068965517241,0.862068965517241,0.827586206896552,0.827586206896552,0.793103448275862,0.758620689655172,0.758620689655172,0,0,0,0,0,0,0,0,2749,9.26375404530744,-1.44996670973942
"750",250,250,3,10.7711957038365,19.5803033935399,20.8438934593305,21.7701654753277,23.2300848173436,24.5661968841607,27.3211115900821,28.3937998423477,30.6886012306009,1,1,1,1,1,1,1,1,0.862068965517241,0.862068965517241,0.862068965517241,0.827586206896552,0.827586206896552,0.793103448275862,0.758620689655172,0.758620689655172,0,0,0,0,0,0,0,0,2750,9.16936353829558,-1.60183216554095
"751",251,251,1,10.7742330503399,19.5832287641767,20.8468027680008,21.7730630098075,23.232963794242,24.5690588772382,27.3239385644071,28.3966131813307,30.6913853995041,1,1,1,1,1,1,1,1,1,1,1,0.96,0.96,0.92,0.88,0.88,0,0,0,0,0,0,0,0,2751,20.0377562028047,9.26352315246484
"752",251,251,2,10.5532439424824,19.3622396563192,20.6258136601433,21.55207390195,23.0119746863845,24.3480697693807,27.1029494565497,28.1756240734732,30.4703962916466,1,1,1,1,1,1,1,1,0.892857142857143,0.892857142857143,0.892857142857143,0.857142857142857,0.857142857142857,0.821428571428571,0.785714285714286,0.785714285714286,0,0,0,0,0,0,0,0,2752,11.7313915857605,1.17814764327808
"753",251,251,3,10.722138843773,19.5311345576098,20.7947085614339,21.7209688032406,23.1808695876751,24.5169646706713,27.2718443578402,28.3445189747638,30.6392911929372,1,1,1,1,1,1,1,1,0.892857142857143,0.892857142857143,0.892857142857143,0.857142857142857,0.857142857142857,0.821428571428571,0.785714285714286,0.785714285714286,0,0,0,0,0,0,0,0,2753,11.6639697950378,0.941830951264745
"754",252,252,1,10.7329690544476,19.5470944384616,20.8114042489649,21.7382038722963,23.198954788773,24.5358279090533,27.2923118227008,28.3656110814304,30.661719595476,1,1,1,1,1,1,1,1,0.961538461538462,0.961538461538462,0.961538461538462,0.923076923076923,0.923076923076923,0.884615384615385,0.846153846153846,0.846153846153846,0,0,0,0,0,0,0,0,2754,16.8284789644013,6.09550990995373
"755",252,252,2,10.6259959893653,19.4401213733793,20.7044311838826,21.631230807214,23.0919817236907,24.428854843971,27.1853387576185,28.2586380163481,30.5547465303937,1,1,1,1,1,1,1,1,0.925925925925926,0.925925925925926,0.925925925925926,0.888888888888889,0.888888888888889,0.851851851851852,0.814814814814815,0.814814814814815,0,0,0,0,0,0,0,0,2755,13.3090614886731,2.68306549930786
"756",252,252,3,10.6988940833248,19.5130194673388,20.7773292778421,21.7041289011735,23.1648798176501,24.5017529379305,27.2582368515779,28.3315361103076,30.6276446243532,1,1,1,1,1,1,1,1,0.892857142857143,0.892857142857143,0.892857142857143,0.857142857142857,0.857142857142857,0.821428571428571,0.785714285714286,0.785714285714286,0,0,0,0,0,0,0,0,2756,9.50647249190938,-1.19242159141537
"757",253,253,1,10.7823353467697,19.599580312355,20.8643375997677,21.7914652450977,23.2527331648437,24.5900794443506,27.3475389597785,28.4212180910925,30.7181392663488,1,1,1,1,1,1,1,1,0.892857142857143,0.892857142857143,0.892857142857143,0.857142857142857,0.857142857142857,0.821428571428571,0.785714285714286,0.785714285714286,0,0,0,0,0,0,0,0,2757,11.7718446601942,0.989509313424479
"758",253,253,2,10.7361212424028,19.5533662079881,20.8181234954008,21.7452511407309,23.2065190604768,24.5438653399837,27.3013248554117,28.3750039867256,30.671925161982,1,1,1,1,1,1,1,1,0.862068965517241,0.862068965517241,0.862068965517241,0.827586206896552,0.827586206896552,0.793103448275862,0.758620689655172,0.758620689655172,0,0,0,0,0,0,0,0,2758,6.27022653721683,-4.46589470518602
"759",253,253,3,10.8483554958652,19.6656004614505,20.9303577488632,21.8574853941932,23.3187533139392,24.656099593446,27.413559108874,28.487238240188,30.7841594154443,1,1,1,1,1,1,1,1,0.961538461538462,0.961538461538462,0.961538461538462,0.923076923076923,0.923076923076923,0.884615384615385,0.846153846153846,0.846153846153846,0,0,0,0,0,0,0,0,2759,17.8802588996764,7.03190340381118
"760",254,254,1,10.6107670487258,19.4312446153503,20.6964655913343,21.6239331425875,23.0857367961386,24.4235733769799,27.1820438393114,28.2561166056314,30.5538798840398,1,1,1,1,1,1,1,1,0.862068965517241,0.862068965517241,0.862068965517241,0.827586206896552,0.827586206896552,0.793103448275862,0.758620689655172,0.758620689655172,0,0,0,0,0,0,0,0,2760,8.29288025889968,-2.31788678982615
"761",254,254,2,10.8172738544373,19.6377514210617,20.9029723970458,21.830439948299,23.29224360185,24.6300801826913,27.3885506450228,28.4626234113428,30.7603866897512,1,1,1,1,1,1,1,1,0.862068965517241,0.862068965517241,0.862068965517241,0.827586206896552,0.827586206896552,0.793103448275862,0.758620689655172,0.758620689655172,0,0,0,0,0,0,0,0,2761,9.29072276159655,-1.5265510928407
"762",254,254,3,10.7957808816909,19.6162584483154,20.8814794242994,21.8089469755526,23.2707506291037,24.608587209945,27.3670576722765,28.4411304385965,30.7388937170049,1,1,1,1,1,1,1,1,0.862068965517241,0.862068965517241,0.862068965517241,0.827586206896552,0.827586206896552,0.793103448275862,0.758620689655172,0.758620689655172,0,0,0,0,0,0,0,0,2762,7.8344120819849,-2.96136879970602
"763",255,255,1,10.8317511064542,19.6499395079588,20.9148321230683,21.8420589700794,23.3034832439527,24.6409726181022,27.3987271787924,28.4725211926418,30.7696881360433,1,1,1,1,1,1,1,1,0.892857142857143,0.892857142857143,0.892857142857143,0.857142857142857,0.857142857142857,0.821428571428571,0.785714285714286,0.785714285714286,0,0,0,0,0,0,0,0,2763,10.2481121898598,-0.583638916594476
"764",255,255,2,10.7776156599034,19.5958040614079,20.8606966765175,21.7879235235285,23.2493477974019,24.5868371715513,27.3445917322415,28.418385746091,30.7155526894925,1,1,1,1,1,1,1,1,0.862068965517241,0.862068965517241,0.862068965517241,0.827586206896552,0.827586206896552,0.793103448275862,0.758620689655172,0.758620689655172,0,0,0,0,0,0,0,0,2764,7.22761596548004,-3.54999969442334
"765",255,255,3,10.8453605762575,19.663548977762,20.9284415928716,21.8556684398826,23.317092713756,24.6545820879055,27.4123366485956,28.4861306624451,30.7832976058466,0,0,0,1,1,1,1,1,0,0,0,1,1,0.958333333333333,0.916666666666667,0.916666666666667,0,0,0,0,0,0,0,0,2765,23.4897518878101,12.6443913115526
"766",256,256,1,10.4797548923392,19.3092588793934,20.5757746170702,21.5041912906345,22.9674908784207,24.3066965320083,27.0679898703062,28.14316178713,30.4432764776068,1,1,1,1,1,1,1,1,0.862068965517241,0.862068965517241,0.862068965517241,0.827586206896552,0.827586206896552,0.793103448275862,0.758620689655172,0.758620689655172,1,1,1,0,0,0,0,0,2766,8.50862998921251,-1.97112490312665
"767",256,256,2,10.8209778330327,19.6504818200869,20.9169975577637,21.845414231328,23.3087138191142,24.6479194727018,27.4092128109997,28.4843847278235,30.7844994183003,1,1,1,1,1,1,1,1,0.892857142857143,0.892857142857143,0.892857142857143,0.857142857142857,0.857142857142857,0.821428571428571,0.785714285714286,0.785714285714286,1,1,1,0,0,0,0,0,2767,9.62783171521036,-1.19314611782231
"768",256,256,3,10.7954859301726,19.6249899172268,20.8915056549037,21.8199223284679,23.2832219162541,24.6224275698417,27.3837209081396,28.4588928249634,30.7590075154402,1,1,1,1,1,1,1,1,0.892857142857143,0.892857142857143,0.892857142857143,0.857142857142857,0.857142857142857,0.821428571428571,0.785714285714286,0.785714285714286,0,0,0,0,0,0,0,0,2768,12.5,1.70451406982742
"769",257,257,1,10.7289078983123,19.5589254778066,20.8255148858629,21.7539855633423,23.217370267983,24.5566538201593,27.3181077766964,28.3933422338587,30.6935907168473,1,1,1,1,1,1,1,1,0.862068965517241,0.862068965517241,0.862068965517241,0.827586206896552,0.827586206896552,0.793103448275862,0.758620689655172,0.758620689655172,0,0,0,0,0,0,0,0,2769,8.29288025889968,-2.43602763941264
"770",257,257,2,10.8272401188629,19.6572576983573,20.9238471064135,21.852317783893,23.3157024885337,24.6549860407099,27.4164399972471,28.4916744544094,30.791922937398,1,1,1,1,1,1,1,1,0.892857142857143,0.892857142857143,0.892857142857143,0.857142857142857,0.857142857142857,0.821428571428571,0.785714285714286,0.785714285714286,0,0,0,0,0,0,0,0,2770,10.7335490830636,-0.093691035799301
"771",257,257,3,10.7701948242486,19.600212403743,20.8668018117992,21.7952724892787,23.2586571939193,24.5979407460956,27.3593947026328,28.4346291597951,30.7348776427837,1,1,1,1,1,1,1,1,0.862068965517241,0.862068965517241,0.862068965517241,0.827586206896552,0.827586206896552,0.793103448275862,0.758620689655172,0.758620689655172,0,0,0,0,0,0,0,0,2771,7.22761596548004,-3.5425788587686
"772",258,258,1,10.8476244002384,19.6773190717889,20.9438621615023,21.8722988854189,23.335630075042,24.6748646504983,27.4362176224779,28.5114127590223,30.8115771234345,1,1,1,1,1,1,1,1,0.892857142857143,0.892857142857143,0.892857142857143,0.857142857142857,0.857142857142857,0.821428571428571,0.785714285714286,0.785714285714286,0,0,0,0,0,0,0,0,2772,12.4595469255663,1.61192252532798
"773",258,258,2,10.7264619303452,19.5561566018958,20.8226996916092,21.7511364155257,23.2144676051489,24.5537021806052,27.3150551525848,28.3902502891291,30.6904146535414,1,1,1,1,1,1,1,1,0.862068965517241,0.862068965517241,0.862068965517241,0.827586206896552,0.827586206896552,0.793103448275862,0.758620689655172,0.758620689655172,0,0,0,0,0,0,0,0,2773,7.56472491909385,-3.16173701125137
"774",258,258,3,10.8398175400648,19.6695122116154,20.9360553013288,21.8644920252454,23.3278232148685,24.6670577903248,27.4284107623044,28.5036058988487,30.803770263261,1,1,1,1,1,1,1,1,0.862068965517241,0.862068965517241,0.862068965517241,0.827586206896552,0.827586206896552,0.793103448275862,0.758620689655172,0.758620689655172,0,0,0,0,0,0,0,0,2774,8.09061488673139,-2.74920265333344
"775",259,259,1,10.8318250471159,19.660881089716,20.9273325736476,21.8557021461401,23.3189274968077,24.6580652088952,27.4192184593651,28.4943358298295,30.7943338293097,1,1,1,1,1,1,1,1,0.862068965517241,0.862068965517241,0.862068965517241,0.827586206896552,0.827586206896552,0.793103448275862,0.758620689655172,0.758620689655172,0,0,0,0,0,0,0,0,2775,8.36030204962244,-2.47152299749349
"776",259,259,2,10.8253689886557,19.6544250312558,20.9208765151873,21.8492460876799,23.3124714383475,24.651609150435,27.4127624009048,28.4878797713693,30.7878777708495,1,1,1,1,1,1,1,1,0.892857142857143,0.892857142857143,0.892857142857143,0.857142857142857,0.857142857142857,0.821428571428571,0.785714285714286,0.785714285714286,0,0,0,0,0,0,0,0,2776,9.66828478964401,-1.15708419901167
"777",259,259,3,10.7940571051235,19.6231131477236,20.8895646316552,21.8179342041477,23.2811595548153,24.6202972669028,27.3814505173727,28.4565678878371,30.7565658873173,1,1,1,1,1,1,1,1,0.892857142857143,0.892857142857143,0.892857142857143,0.857142857142857,0.857142857142857,0.821428571428571,0.785714285714286,0.785714285714286,0,0,0,0,0,0,0,0,2777,9.99190938511327,-0.802147720010259
"778",260,260,1,10.7812411613863,19.6026596839343,20.8680156318813,21.7955821240456,23.2575417207183,24.5955210200515,27.3542857520641,28.4284730989297,30.7264814994363,1,1,1,1,1,1,1,1,0.862068965517241,0.862068965517241,0.862068965517241,0.827586206896552,0.827586206896552,0.793103448275862,0.758620689655172,0.758620689655172,0,0,0,0,0,0,0,0,2778,7.8344120819849,-2.94682907940137
"779",260,260,2,10.8302178060205,19.6516363285685,20.9169922765156,21.8445587686799,23.3065183653526,24.6444976646858,27.4032623966984,28.477449743564,30.7754581440706,1,1,1,1,1,1,1,1,0.925925925925926,0.925925925925926,0.925925925925926,0.888888888888889,0.888888888888889,0.851851851851852,0.814814814814815,0.814814814814815,0,0,0,0,0,0,0,0,2779,15.3721682847896,4.5419504787691
"780",260,260,3,10.6591056538295,19.4805241763775,20.7458801243246,21.6734466164889,23.1354062131616,24.4733855124948,27.2321502445074,28.306337591373,30.6043459918796,1,1,1,1,1,1,1,1,0.892857142857143,0.892857142857143,0.892857142857143,0.857142857142857,0.857142857142857,0.821428571428571,0.785714285714286,0.785714285714286,0,0,0,0,0,0,0,0,2780,9.60086299892125,-1.05824265490829
"781",261,261,1,10.7927056100451,19.6158529959138,20.8814569343038,21.8092052153359,23.2714513337644,24.6096928566083,27.36899826438,28.4433961355619,30.7418549106226,1,1,1,1,1,1,1,1,0.925925925925926,0.925925925925926,0.925925925925926,0.888888888888889,0.888888888888889,0.851851851851852,0.814814814814815,0.814814814814815,0,0,0,0,0,0,0,0,2781,12.5269687162891,1.73426310624404
"782",261,261,2,10.7242285489412,19.54737593481,20.8129798731999,21.740728154232,23.2029742726605,24.5412157955044,27.3005212032761,28.374919074458,30.6733778495188,1,1,1,1,1,1,1,1,0.862068965517241,0.862068965517241,0.862068965517241,0.827586206896552,0.827586206896552,0.793103448275862,0.758620689655172,0.758620689655172,0,0,0,0,0,0,0,0,2782,7.25458468176915,-3.46964386717202
"783",261,261,3,10.8476134839256,19.6707608697944,20.9363648081843,21.8641130892164,23.3263592076449,24.6646007304888,27.4239061382605,28.4983040094424,30.7967627845032,1,1,1,1,1,1,1,1,0.892857142857143,0.892857142857143,0.892857142857143,0.857142857142857,0.857142857142857,0.821428571428571,0.785714285714286,0.785714285714286,0,0,0,0,0,0,0,0,2783,10.6661272923409,-0.181486191584725
"784",262,262,1,10.7621755853784,19.5671872551432,20.8301897824127,21.756031104544,23.2152716197202,24.5507624270569,27.3043961649209,28.3765856433466,30.6703200049981,1,1,1,1,1,1,1,1,0.862068965517241,0.862068965517241,0.862068965517241,0.827586206896552,0.827586206896552,0.793103448275862,0.758620689655172,0.758620689655172,0,0,0,0,0,0,0,0,2784,8.92664509169364,-1.8355304936848
"785",262,262,2,10.801873687181,19.6068853569458,20.8698878842153,21.7957292063466,23.2549697215229,24.5904605288595,27.3440942667235,28.4162837451492,30.7100181068007,1,1,1,1,1,1,1,1,0.961538461538462,0.961538461538462,0.961538461538462,0.923076923076923,0.923076923076923,0.884615384615385,0.846153846153846,0.846153846153846,0,0,0,0,0,0,0,0,2785,17.6914778856526,6.8896041984716
"786",262,262,3,10.6018444920516,19.4068561618164,20.6698586890859,21.5957000112172,23.0549405263934,24.3904313337301,27.1440650715941,28.2162545500197,30.5099889116713,1,1,1,1,1,1,1,1,0.925925925925926,0.925925925925926,0.925925925925926,0.888888888888889,0.888888888888889,0.851851851851852,0.814814814814815,0.814814814814815,0,0,0,0,0,0,0,0,2786,13.6326860841424,3.03084159209079
"787",263,263,1,10.7014347290569,19.5097085766934,20.7731790350743,21.6993633731137,23.1591445238162,24.4951301185221,27.2497840529949,28.3223707680083,30.6169549376736,1,1,1,1,1,1,1,1,0.892857142857143,0.892857142857143,0.892857142857143,0.857142857142857,0.857142857142857,0.821428571428571,0.785714285714286,0.785714285714286,0,0,0,0,0,0,0,0,2787,11.5695792880259,0.868144558968968
"788",263,263,2,10.7485511392626,19.5568249868991,20.82029544528,21.7464797833193,23.2062609340219,24.5422465287277,27.2969004632006,28.369487178214,30.6640713478793,1,1,1,1,1,1,1,1,0.961538461538462,0.961538461538462,0.961538461538462,0.923076923076923,0.923076923076923,0.884615384615385,0.846153846153846,0.846153846153846,0,0,0,0,0,0,0,0,2788,16.0194174757282,5.27086633646559
"789",263,263,3,10.6469275094073,19.4552013570438,20.7186718154247,21.644856153464,23.1046373041666,24.4406228988724,27.1952768333453,28.2678635483587,30.562447718024,1,1,1,1,1,1,1,1,0.925925925925926,0.925925925925926,0.925925925925926,0.888888888888889,0.888888888888889,0.851851851851852,0.814814814814815,0.814814814814815,0,0,0,0,0,0,0,0,2789,14.8058252427184,4.15889773331119
"790",264,264,1,10.6832245191973,19.4946700098492,20.7585954129018,21.6851132471673,23.145420029199,24.4818866794957,27.2375324971754,28.3105054243142,30.6059158173668,1,1,1,1,1,1,1,1,0.892857142857143,0.892857142857143,0.892857142857143,0.857142857142857,0.857142857142857,0.821428571428571,0.785714285714286,0.785714285714286,0,0,0,0,0,0,0,0,2790,10.3425026968716,-0.34072182232569
"791",264,264,2,10.7828545032681,19.59429999392,20.8582253969726,21.7847432312381,23.2450500132698,24.5815166635665,27.3371624812463,28.410135408385,30.7055458014376,1,1,1,1,1,1,1,1,0.862068965517241,0.862068965517241,0.862068965517241,0.827586206896552,0.827586206896552,0.793103448275862,0.758620689655172,0.758620689655172,0,0,0,0,0,0,0,0,2791,7.79395900755124,-2.98889549571689
"792",264,264,3,10.8397429231756,19.6511884138275,20.9151138168801,21.8416316511456,23.3019384331773,24.638405083474,27.3940509011538,28.4670238282925,30.7624342213451,1,1,1,1,1,1,1,1,0.961538461538462,0.961538461538462,0.961538461538462,0.923076923076923,0.923076923076923,0.884615384615385,0.846153846153846,0.846153846153846,0,0,0,0,0,0,0,0,2792,17.9072276159655,7.06748469278985
"793",265,265,1,10.6147880628068,19.4295617577515,20.6939645628328,21.6208323556421,23.0816907156534,24.4186621678067,27.1753488308562,28.248727034644,30.5450044358092,1,1,1,1,1,1,1,1,0.892857142857143,0.892857142857143,0.892857142857143,0.857142857142857,0.857142857142857,0.821428571428571,0.785714285714286,0.785714285714286,0,0,0,0,0,0,0,0,2793,11.6100323624595,0.99524429965272
"794",265,265,2,10.7591292900448,19.5739029849894,20.8383057900707,21.7651735828801,23.2260319428914,24.5630033950446,27.3196900580941,28.393068261882,30.6893456630471,1,1,1,1,1,1,1,1,0.892857142857143,0.892857142857143,0.892857142857143,0.857142857142857,0.857142857142857,0.821428571428571,0.785714285714286,0.785714285714286,0,0,0,0,0,0,0,0,2794,10.5582524271845,-0.200876862860298
"795",265,265,3,10.7832376748939,19.5980113698386,20.8624141749199,21.7892819677292,23.2501403277405,24.5871117798938,27.3437984429433,28.4171766467311,30.7134540478963,1,1,1,1,1,1,1,1,0.862068965517241,0.862068965517241,0.862068965517241,0.827586206896552,0.827586206896552,0.793103448275862,0.758620689655172,0.758620689655172,0,0,0,0,0,0,0,0,2795,6.87702265372168,-3.90621502117224
"796",266,266,1,10.8649379384247,19.680818777413,20.9453803927012,21.8723646009957,23.3334064462203,24.6705458232722,27.4275787288147,28.501091749936,30.7976575657486,1,1,1,1,1,1,1,1,0.925925925925926,0.925925925925926,0.925925925925926,0.888888888888889,0.888888888888889,0.851851851851852,0.814814814814815,0.814814814814815,0,0,0,0,0,0,0,0,2796,13.915857605178,3.05091966675325
"797",266,266,2,10.7051704523019,19.5210512912902,20.7856129065784,21.7125971148728,23.1736389600975,24.5107783371494,27.2678112426919,28.3413242638132,30.6378900796258,1,1,1,1,1,1,1,1,0.862068965517241,0.862068965517241,0.862068965517241,0.827586206896552,0.827586206896552,0.793103448275862,0.758620689655172,0.758620689655172,0,0,0,0,0,0,0,0,2797,8.9940668824164,-1.71110356988551
"798",266,266,3,10.8168852653955,19.6327661043837,20.8973277196719,21.8243119279664,23.285353773191,24.6224931502429,27.3795260557854,28.4530390769067,30.7496048927193,1,1,1,1,1,1,1,1,0.925925925925926,0.925925925925926,0.925925925925926,0.888888888888889,0.888888888888889,0.851851851851852,0.814814814814815,0.814814814814815,0,0,0,0,0,0,0,0,2798,15.5609492988134,4.74406403341791
"799",267,267,1,10.6697138020231,19.4870519128852,20.7518225611796,21.6789600006757,23.1402433572395,24.4776037644575,27.2350924096568,28.308782883305,30.6057283232109,1,1,1,1,1,1,1,1,0.862068965517241,0.862068965517241,0.862068965517241,0.827586206896552,0.827586206896552,0.793103448275862,0.758620689655172,0.758620689655172,0,0,0,0,0,0,0,0,2799,7.88834951456311,-2.78136428746
"800",267,267,2,10.8459427105044,19.6632808213664,20.9280514696609,21.8551889091569,23.3164722657208,24.6538326729387,27.4113213181381,28.4850117917863,30.7819572316921,1,1,1,1,1,1,1,1,0.862068965517241,0.862068965517241,0.862068965517241,0.827586206896552,0.827586206896552,0.793103448275862,0.758620689655172,0.758620689655172,0,0,0,0,0,0,0,0,2800,7.30852211434736,-3.537420596157
"801",267,267,3,10.8592605366286,19.6765986474907,20.9413692957851,21.8685067352812,23.329790091845,24.667150499063,27.4246391442623,28.4983296179105,30.7952750578163,1,1,1,1,1,1,1,1,0.925925925925926,0.925925925925926,0.925925925925926,0.888888888888889,0.888888888888889,0.851851851851852,0.814814814814815,0.814814814814815,0,0,0,0,0,0,0,0,2801,12.7966558791802,1.93739534255155
"802",268,268,1,10.7333158558494,19.5515058915037,20.8163987410178,21.7436257598587,23.2050503045571,24.5425399265644,27.3002949983101,28.3740892111506,30.6712565802535,1,1,1,1,1,1,1,1,0.862068965517241,0.862068965517241,0.862068965517241,0.827586206896552,0.827586206896552,0.793103448275862,0.758620689655172,0.758620689655172,0,0,0,0,0,0,0,0,2802,6.60733549083064,-4.12598036501873
"803",268,268,2,10.8779190697826,19.6961091054369,20.9610019549511,21.8882289737919,23.3496535184903,24.6871431404977,27.4448982122434,28.5186924250839,30.8158597941867,1,1,1,1,1,1,1,1,0.892857142857143,0.892857142857143,0.857142857142857,0.857142857142857,0.857142857142857,0.821428571428571,0.785714285714286,0.785714285714286,0,0,0,0,0,0,0,0,2803,12.2842502696872,1.40633119990454
"804",268,268,3,10.7452873637567,19.563477399411,20.8283702489251,21.755597267766,23.2170218124644,24.5545114344718,27.3122665062175,28.386060719058,30.6832280881608,1,1,1,1,1,1,1,1,0.892857142857143,0.892857142857143,0.892857142857143,0.857142857142857,0.857142857142857,0.821428571428571,0.785714285714286,0.785714285714286,0,0,0,0,0,0,0,0,2804,10.3559870550162,-0.389300308740514
"805",269,269,1,10.7905714768949,19.6098666186018,20.8749179859908,21.8022612060233,23.263868898182,24.601526135978,27.3596268128659,28.433555594873,30.7310108477199,1,1,1,1,1,1,1,1,0.961538461538462,0.961538461538462,0.961538461538462,0.923076923076923,0.923076923076923,0.884615384615385,0.846153846153846,0.846153846153846,0,0,0,0,0,0,0,0,2805,17.4487594390507,6.65818796215584
"806",269,269,2,10.6226621449243,19.4419572866312,20.7070086540202,21.6343518740527,23.0959595662115,24.4336168040074,27.1917174808953,28.2656462629024,30.5631015157494,1,1,1,1,1,1,1,1,0.862068965517241,0.862068965517241,0.862068965517241,0.827586206896552,0.827586206896552,0.793103448275862,0.758620689655172,0.758620689655172,0,0,0,0,0,0,0,0,2806,7.5782092772384,-3.04445286768588
"807",269,269,3,10.856330644929,19.6756257866359,20.9406771540249,21.8680203740574,23.3296280662161,24.6672853040121,27.4253859809,28.4993147629071,30.796770015754,1,1,1,1,1,1,1,1,0.892857142857143,0.892857142857143,0.892857142857143,0.857142857142857,0.857142857142857,0.821428571428571,0.785714285714286,0.785714285714286,0,0,0,0,0,0,0,0,2807,10.302049622438,-0.554281022490999
"808",270,270,1,10.7962622442779,19.6178862554255,20.8832716789292,21.8108597780877,23.2728534300578,24.6108638966564,27.3696928921091,28.4439052613963,30.7419671923557,1,1,1,1,1,1,1,1,0.892857142857143,0.892857142857143,0.892857142857143,0.857142857142857,0.857142857142857,0.821428571428571,0.785714285714286,0.785714285714286,0,0,0,0,0,0,0,0,2808,9.68176914778857,-1.11449309648935
"809",270,270,2,10.8112643055019,19.6328883166494,20.8982737401532,21.8258618393117,23.2878554912817,24.6258659578803,27.3846949533331,28.4589073226203,30.7569692535796,1,1,1,1,1,1,1,1,0.892857142857143,0.892857142857143,0.892857142857143,0.857142857142857,0.857142857142857,0.821428571428571,0.785714285714286,0.785714285714286,0,0,0,0,0,0,0,0,2809,10.571736785329,-0.239527520172837
"810",270,270,3,10.7897396089632,19.6113636201107,20.8767490436145,21.804337142773,23.266330794743,24.6043412613416,27.3631702567944,28.4373826260816,30.735444557041,1,1,1,1,1,1,1,1,0.892857142857143,0.892857142857143,0.892857142857143,0.857142857142857,0.857142857142857,0.821428571428571,0.785714285714286,0.785714285714286,0,0,0,0,0,0,0,0,2810,10.7200647249191,-0.0696748840440709
"811",271,271,1,10.7882330266703,19.6097005325889,20.8750635067754,21.8026351495096,23.2646028641181,24.602589592952,27.3613696437702,28.4355629553587,30.7335841161936,1,1,1,1,1,1,1,1,0.862068965517241,0.862068965517241,0.862068965517241,0.827586206896552,0.827586206896552,0.793103448275862,0.758620689655172,0.758620689655172,0,0,0,0,0,0,0,0,2811,7.92880258899676,-2.85943043767358
"812",271,271,2,10.8563708878058,19.6778383937243,20.9432013679108,21.870773010645,23.3327407252535,24.6707274540875,27.4295075049056,28.5037008164941,30.801721977329,1,1,1,1,1,1,1,1,0.961538461538462,0.961538461538462,0.961538461538462,0.923076923076923,0.923076923076923,0.884615384615385,0.846153846153846,0.846153846153846,0,0,0,0,0,0,0,0,2812,16.0194174757282,5.16304658792239
"813",271,271,3,10.6588698410364,19.480337346955,20.7457003211415,21.6732719638757,23.1352396784842,24.4732264073181,27.2320064581363,28.3061997697248,30.6042209305597,1,1,1,1,1,1,1,1,0.892857142857143,0.892857142857143,0.892857142857143,0.857142857142857,0.857142857142857,0.821428571428571,0.785714285714286,0.785714285714286,0,0,0,0,0,0,0,0,2813,9.74919093851133,-0.909678902525117
"814",272,272,1,10.8172781326799,19.6390171283415,20.9044190453761,21.8320192350824,23.2940319432523,24.6320598500051,27.3909248051192,28.4651511761125,30.7632430609142,1,1,1,1,1,1,1,1,0.892857142857143,0.892857142857143,0.892857142857143,0.857142857142857,0.857142857142857,0.821428571428571,0.785714285714286,0.785714285714286,0,0,0,0,0,0,0,0,2814,9.41208198489752,-1.40519614778234
"815",272,272,2,10.8258063926089,19.6475453882705,20.9129473053051,21.8405474950115,23.3025602031813,24.6405881099341,27.3994530650482,28.4736794360415,30.7717713208432,1,1,1,1,1,1,1,1,0.862068965517241,0.862068965517241,0.862068965517241,0.827586206896552,0.827586206896552,0.793103448275862,0.758620689655172,0.758620689655172,0,0,0,0,0,0,0,0,2815,6.71521035598706,-4.11059603662181
"816",272,272,3,10.8940324720409,19.7157714677025,20.9811733847372,21.9087735744435,23.3707862826133,24.7088141893661,27.4676791444802,28.5419055154736,30.8399974002753,1,1,1,1,1,1,1,1,0.862068965517241,0.862068965517241,0.827586206896552,0.827586206896552,0.827586206896552,0.793103448275862,0.758620689655172,0.758620689655172,0,0,0,0,0,0,0,0,2816,8.81877022653722,-2.07526224550369
"817",273,273,1,10.8406767934477,19.6630694258155,20.9285651013644,21.8562340205506,23.3183550548873,24.6564821012944,27.4155514713659,28.4898574359391,30.7881195952423,1,1,1,1,1,1,1,1,0.862068965517241,0.862068965517241,0.862068965517241,0.827586206896552,0.827586206896552,0.793103448275862,0.758620689655172,0.758620689655172,0,0,0,0,0,0,0,0,2817,8.65695792880259,-2.18371886464515
"818",273,273,2,10.8447641899936,19.6671568223613,20.9326524979102,21.8603214170964,23.3224424514331,24.6605694978402,27.4196388679118,28.4939448324849,30.7922069917881,1,1,1,1,1,1,1,1,0.961538461538462,0.961538461538462,0.961538461538462,0.923076923076923,0.923076923076923,0.884615384615385,0.846153846153846,0.846153846153846,0,0,0,0,0,0,0,0,2818,17.8263214670982,6.98155727710462
"819",273,273,3,10.6131450523976,19.4355376847654,20.7010333603142,21.6287022795004,23.0908233138372,24.4289503602442,27.1880197303158,28.262325694889,30.5605878541922,1,1,1,1,1,1,1,1,0.862068965517241,0.862068965517241,0.862068965517241,0.827586206896552,0.827586206896552,0.793103448275862,0.758620689655172,0.758620689655172,0,0,0,0,0,0,0,0,2819,7.60517799352751,-3.00796705887008
"820",274,274,1,10.878194131238,19.7035049432922,20.9694192063975,21.8973949703035,23.359999629897,24.6985692881133,27.4585512745832,28.5332125869598,30.8322349416235,1,1,1,1,1,1,1,1,0.892857142857143,0.892857142857143,0.857142857142857,0.857142857142857,0.857142857142857,0.821428571428571,0.785714285714286,0.785714285714286,0,0,0,0,0,0,0,0,2820,9.38511326860841,-1.49308086262956
"821",274,274,2,10.8317829705966,19.6570937826509,20.9230080457561,21.8509838096622,23.3135884692556,24.6521581274719,27.4121401139418,28.4868014263185,30.7858237809821,1,1,1,1,1,1,1,1,0.862068965517241,0.862068965517241,0.862068965517241,0.827586206896552,0.827586206896552,0.793103448275862,0.758620689655172,0.758620689655172,0,0,0,0,0,0,0,0,2821,8.13106796116505,-2.70071500943153
"822",274,274,3,10.8644817428667,19.6897925549209,20.9557068180262,21.8836825819322,23.3462872415257,24.6848568997419,27.4448388862119,28.5195001985885,30.8185225532522,1,1,1,1,1,1,1,1,0.862068965517241,0.862068965517241,0.827586206896552,0.827586206896552,0.827586206896552,0.793103448275862,0.758620689655172,0.758620689655172,0,0,0,0,0,0,0,0,2822,8.72437971952535,-2.1401020233413
"823",275,275,1,10.8496628639986,19.6744524291097,20.9402919238635,21.8682128789882,23.3307311531587,24.6692217517976,27.4290407261987,28.5036385661452,30.802525134274,1,1,1,1,1,1,1,1,0.892857142857143,0.892857142857143,0.892857142857143,0.857142857142857,0.857142857142857,0.821428571428571,0.785714285714286,0.785714285714286,0,0,0,0,0,0,0,0,2823,10.814455231931,-0.0352076320676105
"824",275,275,2,10.7952792802983,19.6200688454094,20.8859083401633,21.813829295288,23.2763475694584,24.6148381680974,27.3746571424985,28.449254982445,30.7481415505737,1,1,1,1,1,1,1,1,0.892857142857143,0.892857142857143,0.892857142857143,0.857142857142857,0.857142857142857,0.821428571428571,0.785714285714286,0.785714285714286,0,0,0,0,0,0,0,0,2824,12.2168284789644,1.42154919866607
"825",275,275,3,10.7587896499446,19.5835792150557,20.8494187098096,21.7773396649343,23.2398579391047,24.5783485377437,27.3381675121448,28.4127653520912,30.71165192022,1,1,1,1,1,1,1,1,0.925925925925926,0.925925925925926,0.925925925925926,0.888888888888889,0.888888888888889,0.851851851851852,0.814814814814815,0.814814814814815,0,0,0,0,0,0,0,0,2825,14.6709816612729,3.91219201132831
"826",276,276,1,10.699424089038,19.5237387195937,20.7895100891064,21.7173811051676,23.179820669193,24.518239232637,27.2779096784655,28.3524496854582,30.6512125315806,1,1,1,1,1,1,1,1,0.862068965517241,0.862068965517241,0.862068965517241,0.827586206896552,0.827586206896552,0.793103448275862,0.758620689655172,0.758620689655172,0,0,0,0,0,0,0,0,2826,9.07497303128371,-1.62445105775427
"827",276,276,2,10.8476500843473,19.671964714903,20.9377360844157,21.8656071004769,23.3280466645023,24.6664652279463,27.4261356737748,28.5006756807675,30.7994385268899,1,1,1,1,1,1,1,1,0.892857142857143,0.892857142857143,0.892857142857143,0.857142857142857,0.857142857142857,0.821428571428571,0.785714285714286,0.785714285714286,0,0,0,0,0,0,0,0,2827,11.1245954692557,0.276945384908379
"828",276,276,3,10.793360081246,19.6176747118018,20.8834460813144,21.8113170973757,23.2737566614011,24.612175224845,27.3718456706736,28.4463856776662,30.7451485237887,1,1,1,1,1,1,1,1,0.892857142857143,0.892857142857143,0.892857142857143,0.857142857142857,0.857142857142857,0.821428571428571,0.785714285714286,0.785714285714286,0,0,0,0,0,0,0,0,2828,9.50647249190938,-1.28688758933666
"829",277,277,1,10.8393734240742,19.6619486614081,20.927470530055,21.8551586500361,23.3173099472021,24.6554646900237,27.4145911670265,28.4889193674729,30.7872290959675,1,1,1,1,1,1,1,1,0.892857142857143,0.892857142857143,0.892857142857143,0.857142857142857,0.857142857142857,0.821428571428571,0.785714285714286,0.785714285714286,0,0,0,0,0,0,0,0,2829,10.9223300970874,0.0829566730131646
"830",277,277,2,10.8014262439343,19.6240014812682,20.8895233499151,21.8172114698962,23.2793627670622,24.6175175098838,27.3766439868866,28.450972187333,30.7492819158276,1,1,1,1,1,1,1,1,0.862068965517241,0.862068965517241,0.862068965517241,0.827586206896552,0.827586206896552,0.793103448275862,0.758620689655172,0.758620689655172,0,0,0,0,0,0,0,0,2830,7.14670981661273,-3.65471642732157
"831",277,277,3,10.9026187243074,19.7251939616413,20.9907158302882,21.9184039502693,23.3805552474353,24.7187099902569,27.4778364672597,28.5521646677061,30.8504743962007,1,1,1,1,1,1,1,1,1,1,0.96,0.96,0.96,0.92,0.88,0.88,0,0,0,0,0,0,0,0,2831,20.1725997842503,9.26998105994287
"832",278,278,1,10.5532462370689,19.3814686882454,20.6478006007199,21.5760825216097,23.0391697225026,24.3781810004949,27.1390735579011,28.2140894216343,30.51387026782,1,1,1,1,1,1,1,1,0.862068965517241,0.862068965517241,0.862068965517241,0.827586206896552,0.827586206896552,0.793103448275862,0.758620689655172,0.758620689655172,0,0,0,0,0,0,0,0,2832,8.26591154261057,-2.28733469445836
"833",278,278,2,10.8779193687146,19.7061418198912,20.9724737323656,21.9007556532554,23.3638428541483,24.7028541321406,27.4637466895468,28.53876255328,30.8385433994657,1,1,1,1,1,1,1,1,0.892857142857143,0.892857142857143,0.857142857142857,0.857142857142857,0.857142857142857,0.821428571428571,0.785714285714286,0.785714285714286,0,0,0,0,0,0,0,0,2833,10.2076591154261,-0.670260253288541
"834",278,278,3,10.8249715420363,19.6531939932128,20.9195259056873,21.847807826577,23.3108950274699,24.6499063054623,27.4107988628685,28.4858147266016,30.7855955727874,1,1,1,1,1,1,1,1,0.892857142857143,0.892857142857143,0.892857142857143,0.857142857142857,0.857142857142857,0.821428571428571,0.785714285714286,0.785714285714286,0,0,0,0,0,0,0,0,2834,10.5987055016181,-0.226266040418173
"835",279,279,1,10.8155666450358,19.6434334081297,20.9097143002349,21.8379588207512,23.3009870740265,24.6399444034061,27.4007257247639,28.4756982762297,30.7753864645056,1,1,1,1,1,1,1,1,0.862068965517241,0.862068965517241,0.862068965517241,0.827586206896552,0.827586206896552,0.793103448275862,0.758620689655172,0.758620689655172,0,0,0,0,0,0,0,0,2835,6.80960086299892,-4.00596578203686
"836",279,279,2,10.9210735766686,19.7489403397625,21.0152212318677,21.943465752384,23.4064940056593,24.7454513350389,27.5062326563967,28.5812052078625,30.8808933961384,1,1,1,1,1,1,1,1,0.892857142857143,0.892857142857143,0.857142857142857,0.857142857142857,0.857142857142857,0.821428571428571,0.785714285714286,0.785714285714286,0,0,0,0,0,0,0,0,2836,10.7874865156419,-0.133587061026722
"837",279,279,3,10.8103100719295,19.6381768350235,20.9044577271286,21.8327022476449,23.2957305009202,24.6346878302999,27.3954691516577,28.4704417031234,30.7701298913994,1,1,1,1,1,1,1,1,0.892857142857143,0.892857142857143,0.892857142857143,0.857142857142857,0.857142857142857,0.821428571428571,0.785714285714286,0.785714285714286,0,0,0,0,0,0,0,0,2837,9.43905070118662,-1.3712593707429
"838",280,280,1,10.8475513252226,19.6757256522028,20.9420506616789,21.8703275223403,23.3334067476871,24.672410726493,27.4332882337873,28.5082982374196,30.8080665470947,1,1,1,1,1,1,1,1,1,1,1,0.96,0.96,0.92,0.88,0.88,0,0,0,0,0,0,0,0,2838,21.1704422869471,10.3228909617246
"839",280,280,2,10.5204485714022,19.3486228983825,20.6149479078586,21.54322476852,23.0063039938668,24.3453079726727,27.106185479967,28.1811954835993,30.4809637932744,1,1,1,1,1,1,1,1,0.862068965517241,0.862068965517241,0.862068965517241,0.827586206896552,0.827586206896552,0.793103448275862,0.758620689655172,0.758620689655172,0,0,0,0,0,0,0,0,2839,7.67259978425027,-2.84784878715198
"840",280,280,3,10.896804728384,19.7249790553643,20.9913040648403,21.9195809255018,23.3826601508485,24.7216641296544,27.4825416369488,28.557551640581,30.8573199502561,1,1,1,1,1,1,1,1,0.862068965517241,0.862068965517241,0.827586206896552,0.827586206896552,0.827586206896552,0.793103448275862,0.758620689655172,0.758620689655172,0,0,0,0,0,0,0,0,2840,7.32200647249191,-3.57479825589209
"841",281,281,1,10.9142185900379,19.751050412311,21.01861726437,21.9478044551012,23.4123184733097,24.7526355685329,27.5162205760576,28.5922848060453,30.894308421583,1,1,1,1,1,1,1,1,0.862068965517241,0.862068965517241,0.827586206896552,0.827586206896552,0.827586206896552,0.793103448275862,0.758620689655172,0.758620689655172,0,0,0,0,0,0,0,0,2841,7.44336569579288,-3.47085289424503
"842",281,281,2,10.9107824052524,19.7476142275255,21.0151810795845,21.9443682703157,23.4088822885242,24.7491993837474,27.5127843912721,28.5888486212598,30.8908722367975,1,1,1,1,1,1,1,1,0.892857142857143,0.892857142857143,0.857142857142857,0.857142857142857,0.857142857142857,0.821428571428571,0.785714285714286,0.785714285714286,0,0,0,0,0,0,0,0,2842,10.1132686084142,-0.797513796838162
"843",281,281,3,10.8351863399712,19.6720181622443,20.9395850143033,21.8687722050345,23.333286223243,24.6736033184662,27.4371883259909,28.5132525559786,30.8152761715163,1,1,1,1,1,1,1,1,0.925925925925926,0.925925925925926,0.925925925925926,0.888888888888889,0.888888888888889,0.851851851851852,0.814814814814815,0.814814814814815,0,0,0,0,0,0,0,0,2843,12.5809061488673,1.74571980889611
"844",282,282,1,10.7633048227083,19.5989741390156,20.8663742396803,21.7954391936559,23.2597605516081,24.5999013249718,27.3631227764028,28.4390454476155,30.7407662265439,1,1,1,1,1,1,1,1,0.892857142857143,0.892857142857143,0.892857142857143,0.857142857142857,0.857142857142857,0.821428571428571,0.785714285714286,0.785714285714286,0,0,0,0,0,0,0,0,2844,9.95145631067961,-0.811848512028707
"845",282,282,2,10.8367529955585,19.6724223118658,20.9398224125305,21.868887366506,23.3332087244583,24.673349497822,27.4365709492529,28.5124936204657,30.814214399394,1,1,1,1,1,1,1,1,1,1,1,0.96,0.96,0.92,0.88,0.88,0,0,0,0,0,0,0,0,2845,20.7659115426106,9.92915854705211
"846",282,282,3,10.5346738436312,19.3703431599385,20.6377432606032,21.5668082145788,23.031129572531,24.3712703458947,27.1344917973256,28.2104144685384,30.5121352474668,1,1,1,1,1,1,1,1,0.862068965517241,0.862068965517241,0.862068965517241,0.827586206896552,0.827586206896552,0.793103448275862,0.758620689655172,0.758620689655172,0,0,0,0,0,0,0,0,2846,9.34466019417476,-1.19001364945644
"847",283,283,1,10.8624047541221,19.7047149828464,20.9730676647774,21.9028309064286,23.3682528521847,24.7094008788966,27.4746991748755,28.5514305124124,30.8548812707632,1,1,1,1,1,1,1,1,0.862068965517241,0.862068965517241,0.827586206896552,0.827586206896552,0.827586206896552,0.793103448275862,0.758620689655172,0.758620689655172,0,0,0,0,0,0,0,0,2847,9.277238403452,-1.58516635067013
"848",283,283,2,10.8643279079789,19.7066381367032,20.9749908186342,21.9047540602853,23.3701760060414,24.7113240327533,27.4766223287323,28.5533536662692,30.85680442462,1,1,1,1,1,1,1,1,0.862068965517241,0.862068965517241,0.827586206896552,0.827586206896552,0.827586206896552,0.793103448275862,0.758620689655172,0.758620689655172,0,0,0,0,0,0,0,0,2848,8.56256742179072,-2.30176048618817
"849",283,283,3,10.8847133388607,19.7270235675849,20.9953762495159,21.9251394911671,23.3905614369232,24.7317094636351,27.497007759614,28.5737390971509,30.8771898555018,1,1,1,1,1,1,1,1,0.892857142857143,0.892857142857143,0.857142857142857,0.857142857142857,0.857142857142857,0.821428571428571,0.785714285714286,0.785714285714286,0,0,0,0,0,0,0,0,2849,10.5447680690399,-0.339945269820742
"850",284,284,1,10.8279511682071,19.6700806530586,20.9384074088493,21.8681516453983,23.3335436367612,24.6746642493379,27.4399060204144,28.516615348704,30.8200190226844,1,1,1,1,1,1,1,1,0.925925925925926,0.925925925925926,0.925925925925926,0.888888888888889,0.888888888888889,0.851851851851852,0.814814814814815,0.814814814814815,0,0,0,0,0,0,0,0,2850,12.7427184466019,1.91476727839486
"851",284,284,2,10.7654436822435,19.6075731670951,20.8758999228858,21.8056441594348,23.2710361507977,24.6121567633743,27.3773985344508,28.4541078627405,30.7575115367209,1,1,1,1,1,1,1,1,0.961538461538462,0.961538461538462,0.961538461538462,0.923076923076923,0.923076923076923,0.884615384615385,0.846153846153846,0.846153846153846,0,0,0,0,0,0,0,0,2851,15.9924487594391,5.22700507719551
"852",284,284,3,10.6730246385796,19.5151541234312,20.7834808792219,21.7132251157709,23.1786171071338,24.5197377197104,27.2849794907869,28.3616888190766,30.665092493057,1,1,1,1,1,1,1,1,0.862068965517241,0.862068965517241,0.862068965517241,0.827586206896552,0.827586206896552,0.793103448275862,0.758620689655172,0.758620689655172,0,0,0,0,0,0,0,0,2852,7.61866235167206,-3.05436228690759
"853",285,285,1,10.9155614831687,19.7585557472621,21.0270065481318,21.9568417156627,23.4223770255075,24.7636288025586,27.5291410202155,28.6059556529884,30.909584604792,1,1,1,1,1,1,1,1,0.892857142857143,0.892857142857143,0.857142857142857,0.857142857142857,0.857142857142857,0.821428571428571,0.785714285714286,0.785714285714286,0,0,0,0,0,0,0,0,2853,9.85706580366775,-1.05849567950094
"854",285,285,2,10.8526593058851,19.6956535699785,20.9641043708481,21.893939538379,23.3594748482239,24.700726625275,27.4662388429318,28.5430534757048,30.8466824275084,1,1,1,1,1,1,1,1,0.862068965517241,0.862068965517241,0.827586206896552,0.827586206896552,0.827586206896552,0.793103448275862,0.758620689655172,0.758620689655172,0,0,0,0,0,0,0,0,2854,8.00970873786408,-2.84295056802098
"855",285,285,3,10.904572548583,19.7475668126764,21.0160176135461,21.945852781077,23.4113880909218,24.7526398679729,27.5181520856298,28.5949667184027,30.8985956702063,1,1,1,1,1,1,1,1,0.892857142857143,0.892857142857143,0.857142857142857,0.857142857142857,0.857142857142857,0.821428571428571,0.785714285714286,0.785714285714286,0,0,0,0,0,0,0,0,2855,9.78964401294498,-1.11492853563801
"856",286,286,1,10.8468015963005,19.6748516820409,20.9411588701891,21.869422666964,23.3324813020085,24.6714664366562,27.4323050893888,28.50729996412,30.8070359085454,1,1,1,1,1,1,1,1,0.892857142857143,0.892857142857143,0.892857142857143,0.857142857142857,0.857142857142857,0.821428571428571,0.785714285714286,0.785714285714286,0,0,0,0,0,0,0,0,2856,11.2998921251348,0.453090528834355
"857",286,286,2,10.8047529496421,19.6328030353825,20.8991102235307,21.8273740203056,23.2904326553502,24.6294177899978,27.3902564427304,28.4652513174616,30.764987261887,1,1,1,1,1,1,1,1,0.862068965517241,0.862068965517241,0.862068965517241,0.827586206896552,0.827586206896552,0.793103448275862,0.758620689655172,0.758620689655172,0,0,0,0,0,0,0,0,2857,7.79395900755124,-3.01079394209087
"858",286,286,3,10.9023658793848,19.7304159651252,20.9967231532734,21.9249869500482,23.3880455850928,24.7270307197404,27.487869372473,28.5628642472042,30.8626001916297,1,1,1,1,1,1,1,1,0.961538461538462,0.961538461538462,0.923076923076923,0.923076923076923,0.923076923076923,0.884615384615385,0.846153846153846,0.846153846153846,0,0,0,0,0,0,0,0,2858,18.4735706580367,7.5712047786519
"859",287,287,1,10.6073484830376,19.4393338503144,20.7062055204545,21.6348831095556,23.0985939325213,24.4381759468226,27.2002452991174,28.2757193745148,30.5764804726619,1,1,1,1,1,1,1,1,0.925925925925926,0.925925925925926,0.925925925925926,0.888888888888889,0.888888888888889,0.851851851851852,0.814814814814815,0.814814814814815,0,0,0,0,0,0,0,0,2859,13.3629989212513,2.75565043821378
"860",287,287,2,10.7516595303579,19.5836448976348,20.8505165677749,21.7791941568759,23.2429049798416,24.582486994143,27.3445563464377,28.4200304218351,30.7207915199823,1,1,1,1,1,1,1,1,0.892857142857143,0.892857142857143,0.892857142857143,0.857142857142857,0.857142857142857,0.821428571428571,0.785714285714286,0.785714285714286,0,0,0,0,0,0,0,0,2860,10.7065803667745,-0.0450791635833951
"861",287,287,3,10.8266708135297,19.6586561808066,20.9255278509467,21.8542054400477,23.3179162630134,24.6574982773148,27.4195676296095,28.4950417050069,30.7958028031541,1,1,1,1,1,1,1,1,0.862068965517241,0.862068965517241,0.862068965517241,0.827586206896552,0.827586206896552,0.793103448275862,0.758620689655172,0.758620689655172,0,0,0,0,0,0,0,0,2861,8.19848975188781,-2.62818106164193
"862",288,288,1,10.8990967067585,19.7316941574149,20.998653625605,21.9273955748803,23.3912078374465,24.7308826888453,27.4931434609255,28.568692069939,30.86961261781,1,1,1,1,1,1,1,1,0.892857142857143,0.892857142857143,0.857142857142857,0.857142857142857,0.857142857142857,0.821428571428571,0.785714285714286,0.785714285714286,0,0,0,0,0,0,0,0,2862,11.2594390507012,0.36034234394271
"863",288,288,2,10.8139138170135,19.6465112676699,20.9134707358601,21.8422126851353,23.3060249477016,24.6456997991004,27.4079605711805,28.483509180194,30.7844297280651,1,1,1,1,1,1,1,1,0.862068965517241,0.862068965517241,0.862068965517241,0.827586206896552,0.827586206896552,0.793103448275862,0.758620689655172,0.758620689655172,0,0,0,0,0,0,0,0,2863,8.44120819848975,-2.37270561852376
"864",288,288,3,10.8923421163822,19.7249395670386,20.9918990352288,21.920640984504,23.3844532470703,24.7241280984691,27.4863888705492,28.5619374795627,30.8628580274338,1,1,1,1,1,1,1,1,0.961538461538462,0.961538461538462,0.923076923076923,0.923076923076923,0.923076923076923,0.884615384615385,0.846153846153846,0.846153846153846,0,0,0,0,0,0,0,0,2864,17.529665587918,6.63732347153579
"865",289,289,1,10.6399211486113,19.4757504423795,20.7431734904229,21.6722552659258,23.136603136687,24.4767681744624,27.2400396564158,28.3159818081423,30.6177442617229,1,1,1,1,1,1,1,1,0.892857142857143,0.892857142857143,0.892857142857143,0.857142857142857,0.857142857142857,0.821428571428571,0.785714285714286,0.785714285714286,0,0,0,0,0,0,0,0,2865,11.1515641855448,0.511643036933505
"866",289,289,2,10.818678557649,19.6545078514172,20.9219308994606,21.8510126749635,23.3153605457247,24.6555255835001,27.4187970654535,28.49473921718,30.7965016707605,1,1,1,1,1,1,1,1,0.862068965517241,0.862068965517241,0.862068965517241,0.827586206896552,0.827586206896552,0.793103448275862,0.758620689655172,0.758620689655172,0,0,0,0,0,0,0,0,2866,9.12891046386192,-1.68976809378703
"867",289,289,3,10.8753669537497,19.7111962475179,20.9786192955614,21.9077010710642,23.3720489418254,24.7122139796009,27.4754854615542,28.5514276132807,30.8531900668613,1,1,1,1,1,1,1,1,0.862068965517241,0.862068965517241,0.827586206896552,0.827586206896552,0.827586206896552,0.793103448275862,0.758620689655172,0.758620689655172,0,0,0,0,0,0,0,0,2867,8.49514563106796,-2.38022132268174
"868",290,290,1,10.8966047673684,19.7315135772235,20.9988045898362,21.9277895770467,23.3919848974798,24.7320103218339,27.4949939364165,28.5708240004816,30.8723466649897,1,1,1,1,1,1,1,1,0.892857142857143,0.892857142857143,0.857142857142857,0.857142857142857,0.857142857142857,0.821428571428571,0.785714285714286,0.785714285714286,0,0,0,0,0,0,0,0,2868,12.2572815533981,1.36067678602967
"869",290,290,2,10.7900636775045,19.6249724873596,20.8922634999723,21.8212484871829,23.2854438076159,24.62546923197,27.3884528465526,28.4642829106177,30.7658055751259,1,1,1,1,1,1,1,1,0.862068965517241,0.862068965517241,0.862068965517241,0.827586206896552,0.827586206896552,0.793103448275862,0.758620689655172,0.758620689655172,0,0,0,0,0,0,0,0,2869,7.64563106796117,-3.14443260954336
"870",290,290,3,10.9206624328215,19.7555712426766,21.0228622552893,21.9518472424998,23.4160425629329,24.756067987287,27.5190516018696,28.5948816659347,30.8964043304429,1,1,1,1,1,1,1,1,0.892857142857143,0.892857142857143,0.857142857142857,0.857142857142857,0.857142857142857,0.821428571428571,0.785714285714286,0.785714285714286,0,0,0,0,0,0,0,0,2870,10.6796116504854,-0.241050782336078
"871",291,291,1,10.8363144643208,19.6705901455966,20.9377903414079,21.866708755555,23.3307991486002,24.6707285438485,27.4335141570789,28.5092671248463,30.8106248572871,1,1,1,1,1,1,1,1,0.862068965517241,0.862068965517241,0.862068965517241,0.827586206896552,0.827586206896552,0.793103448275862,0.758620689655172,0.758620689655172,0,0,0,0,0,0,0,0,2871,8.64347357065804,-2.19284089366276
"872",291,291,2,10.8946348332322,19.728910514508,20.9961107103193,21.9250291244664,23.3891195175116,24.7290489127599,27.4918345259903,28.5675874937577,30.8689452261985,1,1,1,1,1,1,1,1,1,1,0.96,0.96,0.96,0.92,0.88,0.88,0,0,0,0,0,0,0,0,2872,21.0895361380798,10.1949013048476
"873",291,291,3,10.5381467504161,19.3724224316919,20.6396226275032,21.5685410416503,23.0326314346956,24.3725608299438,27.1353464431743,28.2110994109416,30.5124571433824,1,1,1,1,1,1,1,1,0.892857142857143,0.892857142857143,0.892857142857143,0.857142857142857,0.857142857142857,0.821428571428571,0.785714285714286,0.785714285714286,0,0,0,0,0,0,0,0,2873,9.51995685005394,-1.0181899003622
"874",292,292,1,10.8780410315316,19.7189134276698,20.9870598649916,21.9166719194698,23.3818555755288,24.722785520508,27.4876341561722,28.5641904083113,30.867266606567,1,1,1,1,1,1,1,1,0.925925925925926,0.925925925925926,0.888888888888889,0.888888888888889,0.888888888888889,0.851851851851852,0.814814814814815,0.814814814814815,0,0,0,0,0,0,0,0,2874,13.9967637540453,3.11872272251367
"875",292,292,2,10.7456541343133,19.5865265304514,20.8546729677733,21.7842850222514,23.2494686783104,24.5903986232896,27.3552472589538,28.4318035110929,30.7348797093486,1,1,1,1,1,1,1,1,0.862068965517241,0.862068965517241,0.862068965517241,0.827586206896552,0.827586206896552,0.793103448275862,0.758620689655172,0.758620689655172,0,0,0,0,0,0,0,0,2875,9.26375404530744,-1.48190008900582
"876",292,292,3,10.8856173901074,19.7264897862455,20.9946362235674,21.9242482780455,23.3894319341046,24.7303618790838,27.495210514748,28.5717667668871,30.8748429651427,1,1,1,1,1,1,1,1,1,1,0.96,0.96,0.96,0.92,0.88,0.88,0,0,0,0,0,0,0,0,2876,19.2556634304207,8.37004604031332
"877",293,293,1,10.5921466925063,19.4377509821705,20.7065761685624,21.6366857786058,23.1026536438182,24.4443012937298,27.2106297572632,28.2877622138006,30.5920710858089,0,0,0,0,0,0,0,0,0,0,0,0,0,0,0,0,0,0,0,0,0,0,0,0,2877,81.445523193096,70.8533765005897
"878",293,293,2,8.70591950099984,17.551523790664,18.8203489770559,19.7504585870993,21.2164264523117,22.5580741022233,25.3244025657567,26.4015350222941,28.7058438943024,1,1,1,1,1,1,1,1,0.896551724137931,0.862068965517241,0.862068965517241,0.862068965517241,0.827586206896552,0.793103448275862,0.793103448275862,0.758620689655172,1,1,1,1,1,1,1,1,2878,8.46817691477886,-0.237742586220987
"879",293,293,3,10.9193326754216,19.7649369650858,21.0337621514777,21.9638717615211,23.4298396267334,24.771487276645,27.5378157401784,28.6149481967159,30.9192570687241,1,1,1,1,1,1,1,1,0.892857142857143,0.892857142857143,0.857142857142857,0.857142857142857,0.857142857142857,0.821428571428571,0.785714285714286,0.785714285714286,1,1,1,1,1,1,1,1,2879,9.73570658036678,-1.18362609505483
"880",294,294,1,10.9084665618763,20.1281185769954,21.4505976641755,22.4200381523215,23.9479963494113,25.3463772914054,28.2296835029548,29.3523638872751,31.7541134161447,1,1,1,1,1,1,1,1,0.862068965517241,0.862068965517241,0.827586206896552,0.827586206896552,0.793103448275862,0.758620689655172,0.758620689655172,0.724137931034483,0,0,0,0,0,0,0,0,2880,8.92664509169364,-1.98182147018269
"881",294,294,2,10.9257041051677,20.1453561202868,21.4678352074669,22.4372756956129,23.9652338927026,25.3636148346967,28.2469210462461,29.3696014305665,31.771350959436,1,1,1,1,1,1,1,1,0.892857142857143,0.892857142857143,0.857142857142857,0.857142857142857,0.821428571428571,0.785714285714286,0.785714285714286,0.75,0,0,0,0,0,0,0,0,2881,11.5156418554477,0.589937750280006
"882",294,294,3,10.8705439666354,20.0901959817544,21.4126750689346,22.3821155570805,23.9100737541703,25.3084546961644,28.1917609077138,29.3144412920341,31.7161908209037,1,1,1,1,1,1,1,1,0.892857142857143,0.892857142857143,0.857142857142857,0.857142857142857,0.821428571428571,0.785714285714286,0.785714285714286,0.75,0,0,0,0,0,0,0,0,2882,9.85706580366775,-1.01347816296761
"883",295,295,1,10.9129497562125,20.1300149642258,21.4521229963711,22.4212914834113,23.9488209730927,25.3468095638623,28.2293067907577,29.3516721786344,31.7527478357855,1,1,1,1,1,1,1,1,0.892857142857143,0.892857142857143,0.857142857142857,0.857142857142857,0.821428571428571,0.785714285714286,0.785714285714286,0.75,0,0,0,0,0,0,0,0,2883,11.3673139158576,0.454364159645138
"884",295,295,2,10.8805295990911,20.0975948071044,21.4197028392497,22.3888713262899,23.9164008159713,25.3143894067409,28.1968866336363,29.319252021513,31.7203276786641,1,1,1,1,1,1,1,1,0.862068965517241,0.862068965517241,0.827586206896552,0.827586206896552,0.793103448275862,0.758620689655172,0.758620689655172,0.724137931034483,0,0,0,0,0,0,0,0,2884,8.30636461704423,-2.57416498204684
"885",295,295,3,10.9462383103996,20.163303518413,21.4854115505583,22.4545800375984,23.9821095272798,25.3800981180494,28.2625953449448,29.3849607328216,31.7860363899726,1,1,1,1,1,1,1,1,1,1,0.96,0.96,0.92,0.88,0.88,0.84,0,0,0,0,0,0,0,0,2885,19.7141316073355,8.76789329693588
"886",296,296,1,10.6990683115876,19.9204556521819,21.2431836567449,22.2128066132501,23.7410524030582,25.1396965487034,28.0235454569526,29.1464371524882,31.5486387393243,1,1,1,1,1,1,1,1,0.892857142857143,0.892857142857143,0.857142857142857,0.857142857142857,0.821428571428571,0.821428571428571,0.785714285714286,0.75,0,0,0,0,0,0,0,0,2886,9.43905070118662,-1.26001761040099
"887",296,296,2,10.927443772006,20.1488311126003,21.4715591171633,22.4411820736685,23.9694278634765,25.3680720091218,28.251920917371,29.3748126129065,31.7770141997427,1,1,1,1,1,1,1,1,0.892857142857143,0.892857142857143,0.857142857142857,0.857142857142857,0.821428571428571,0.785714285714286,0.785714285714286,0.75,0,0,0,0,0,0,0,0,2887,11.084142394822,0.156698622816034
"888",296,296,3,10.8908797219127,20.1122670625071,21.4349950670701,22.4046180235753,23.9328638133833,25.3315079590285,28.2153568672777,29.3382485628133,31.7404501496495,0,0,0,0,0,0,0,1,0,0,0,0,0,0,0,1,0,0,0,0,0,0,0,0,2888,31.8230852211435,20.9322054992307
"889",297,297,1,10.4334130885401,19.6807585393186,21.0072100095618,21.9795624446815,23.5121102306139,24.9146915450928,27.8066584582528,28.9327110823212,31.3416748418297,1,1,1,1,1,1,1,1,0.925925925925926,0.925925925925926,0.888888888888889,0.888888888888889,0.888888888888889,0.851851851851852,0.814814814814815,0.777777777777778,1,1,1,1,1,1,1,0,2889,14.0507011866235,3.61728809808338
"890",297,297,2,10.8314563316803,20.0788017824588,21.4052532527019,22.3776056878216,23.910153473754,25.312734788233,28.2047017013929,29.3307543254614,31.7397180849699,1,1,1,1,1,1,1,1,0.892857142857143,0.892857142857143,0.857142857142857,0.857142857142857,0.821428571428571,0.785714285714286,0.785714285714286,0.75,1,1,1,1,1,1,1,0,2890,10.6526429341963,-0.178813397483941
"891",297,297,3,10.9075617165599,20.1549071673384,21.4813586375815,22.4537110727012,23.9862588586336,25.3888401731126,28.2808070862725,29.406859710341,31.8158234698495,1,1,1,1,1,1,1,1,0.892857142857143,0.892857142857143,0.857142857142857,0.857142857142857,0.821428571428571,0.785714285714286,0.785714285714286,0.75,0,0,0,0,0,0,0,0,2891,11.2459546925566,0.338392975996761
"892",298,298,1,10.9002786267818,20.1461047793065,21.4723383193973,22.4445310012814,23.9768269963417,25.3791778728692,28.2706696485635,29.3965372671302,31.8051052444704,1,1,1,1,1,1,1,1,0.961538461538462,0.961538461538462,0.923076923076923,0.923076923076923,0.884615384615385,0.846153846153846,0.846153846153846,0.807692307692308,0,0,0,0,0,0,0,0,2892,17.8532901833873,6.9530115566055
"893",298,298,2,10.7571058712042,20.0029320237289,21.3291655638197,22.3013582457038,23.8336542407641,25.2360051172916,28.127496892986,29.2533645115526,31.6619324888928,1,1,1,1,1,1,1,1,0.862068965517241,0.862068965517241,0.827586206896552,0.827586206896552,0.793103448275862,0.758620689655172,0.758620689655172,0.724137931034483,0,0,0,0,0,0,0,0,2893,7.07928802588997,-3.67781784531423
"894",298,298,3,10.9905651195848,20.2363912721095,21.5626248122003,22.5348174940844,24.0671134891447,25.4694643656722,28.3609561413666,29.4868237599332,31.8953917372734,1,1,1,1,1,1,1,1,0.862068965517241,0.862068965517241,0.827586206896552,0.827586206896552,0.793103448275862,0.758620689655172,0.758620689655172,0.724137931034483,0,0,0,0,0,0,0,0,2894,8.69741100323625,-2.29315411634853
"895",299,299,1,10.9606924506941,20.2102769820251,21.5370496289461,22.5096375019479,24.0425563671226,25.4454772917698,28.3381444433829,29.4644697211059,31.8740167684275,1,1,1,1,1,1,1,1,0.862068965517241,0.862068965517241,0.827586206896552,0.827586206896552,0.793103448275862,0.758620689655172,0.758620689655172,0.724137931034483,0,0,0,0,0,0,0,0,2895,9.26375404530744,-1.69693840538665
"896",299,299,2,10.9480270903584,20.1976116216894,21.5243842686104,22.4969721416122,24.0298910067869,25.4328119314341,28.3254790830472,29.4518043607702,31.8613514080918,1,1,1,1,1,1,1,1,0.925925925925926,0.925925925925926,0.888888888888889,0.888888888888889,0.851851851851852,0.814814814814815,0.814814814814815,0.777777777777778,0,0,0,0,0,0,0,0,2896,13.3090614886731,2.36103439831474
"897",299,299,3,10.8575602308177,20.1071447621488,21.4339174090698,22.4065052820715,23.9394241472462,25.3423450718935,28.2350122235065,29.3613375012295,31.7708845485512,1,1,1,1,1,1,1,1,0.892857142857143,0.892857142857143,0.857142857142857,0.857142857142857,0.821428571428571,0.785714285714286,0.785714285714286,0.75,0,0,0,0,0,0,0,0,2897,9.60086299892125,-1.25669723189648
"898",300,300,1,10.942645738631,20.1922677901962,21.5190458190693,22.4916376372996,24.0245627206428,25.4274893361317,28.3201682216285,29.4464980682041,31.8560548896696,1,1,1,1,1,1,1,1,0.961538461538462,0.961538461538462,0.923076923076923,0.923076923076923,0.884615384615385,0.846153846153846,0.846153846153846,0.807692307692308,0,0,0,0,0,0,0,0,2898,18.7432578209277,7.80061208229677
"899",300,300,2,10.7413651391151,19.9909871906803,21.3177652195534,22.2903570377837,23.8232821211269,25.2262087366158,28.1188876221126,29.2452174686882,31.6547742901537,1,1,1,1,1,1,1,1,0.892857142857143,0.892857142857143,0.857142857142857,0.857142857142857,0.821428571428571,0.821428571428571,0.785714285714286,0.75,0,0,0,0,0,0,0,0,2899,11.5830636461704,0.841698507055391
"900",300,300,3,10.8990052546651,20.1486273062304,21.4754053351035,22.4479971533338,23.9809222366769,25.3838488521659,28.2765277376627,29.4028575842382,31.8124144057037,1,1,1,1,1,1,1,1,0.862068965517241,0.862068965517241,0.827586206896552,0.827586206896552,0.793103448275862,0.758620689655172,0.758620689655172,0.724137931034483,0,0,0,0,0,0,0,0,2900,7.861380798274,-3.03762445639112
"901",301,301,1,10.9827209127372,20.2364045534501,21.563765182046,22.5367840737667,24.0703822777896,25.4739249305052,28.3678740163521,29.4946984441177,31.9053133228511,1,1,1,1,1,1,1,1,0.862068965517241,0.862068965517241,0.827586206896552,0.827586206896552,0.793103448275862,0.758620689655172,0.758620689655172,0.724137931034483,0,0,0,0,0,0,0,0,2901,9.34466019417476,-1.63806071856249
"902",301,301,2,10.950169433415,20.2038530741279,21.5312137027238,22.5042325944444,24.0378307984673,25.4413734511829,28.3353225370299,29.4621469647955,31.8727618435288,1,1,1,1,1,1,1,1,0.862068965517241,0.862068965517241,0.827586206896552,0.827586206896552,0.793103448275862,0.758620689655172,0.758620689655172,0.724137931034483,0,0,0,0,0,0,0,0,2902,8.53559870550162,-2.41457072791339
"903",301,301,3,10.9679247857726,20.2216084264855,21.5489690550813,22.521987946802,24.0555861508249,25.4591288035405,28.3530778893875,29.479902317153,31.8905171958864,1,1,1,1,1,1,1,1,0.892857142857143,0.892857142857143,0.857142857142857,0.857142857142857,0.821428571428571,0.785714285714286,0.785714285714286,0.75,0,0,0,0,0,0,0,0,2903,10.5852211434736,-0.382703642299017
"904",302,302,1,10.9243441398946,20.1771161595042,21.5043460239624,22.4772690593096,24.0107161818236,25.4141205653752,28.3077845555606,29.4344979748924,31.8448753733443,1,1,1,1,1,1,1,1,0.862068965517241,0.862068965517241,0.827586206896552,0.827586206896552,0.793103448275862,0.758620689655172,0.758620689655172,0.724137931034483,0,0,0,0,0,0,0,0,2904,8.26591154261057,-2.65843259728403
"905",302,302,2,10.9753012230405,20.2280732426501,21.5553031071084,22.5282261424555,24.0616732649696,25.4650776485211,28.3587416387066,29.4854550580383,31.8958324564902,1,1,1,1,1,1,1,1,0.961538461538462,0.961538461538462,0.923076923076923,0.923076923076923,0.884615384615385,0.846153846153846,0.846153846153846,0.807692307692308,0,0,0,0,0,0,0,0,2905,18.6084142394822,7.63311301644166
"906",302,302,3,10.748068183663,20.0008402032726,21.3280700677309,22.300993103078,23.834440225592,25.2378446091436,28.131508599329,29.2582220186608,31.6685994171127,1,1,1,1,1,1,1,1,0.892857142857143,0.892857142857143,0.857142857142857,0.857142857142857,0.821428571428571,0.785714285714286,0.785714285714286,0.75,0,0,0,0,0,0,0,0,2906,9.80312837108954,-0.944939812573475
"907",303,303,1,10.9478831755651,20.2042965502258,21.5320487354719,22.505354656964,24.0394052554325,25.4433619376498,28.338164706351,29.4653215348137,31.8766475181758,1,1,1,1,1,1,1,1,0.925925925925926,0.925925925925926,0.888888888888889,0.888888888888889,0.851851851851852,0.814814814814815,0.814814814814815,0.777777777777778,0,0,0,0,0,0,0,0,2907,14.8327939590076,3.88491078344244
"908",303,303,2,10.834560822746,20.0909741974067,21.4187263826528,22.392032304145,23.9260829026134,25.3300395848307,28.2248423535319,29.3519991819947,31.7633251653567,1,1,1,1,1,1,1,1,0.862068965517241,0.862068965517241,0.827586206896552,0.827586206896552,0.793103448275862,0.758620689655172,0.758620689655172,0.724137931034483,0,0,0,0,0,0,0,0,2908,7.48381877022654,-3.35074205251949
"909",303,303,3,11.0001390594388,20.2565524340995,21.5843046193456,22.5576105408377,24.0916611393062,25.4956178215234,28.3904205902247,29.5175774186874,31.9289034020495,1,1,1,1,1,1,1,1,0.892857142857143,0.892857142857143,0.857142857142857,0.857142857142857,0.821428571428571,0.785714285714286,0.785714285714286,0.75,0,0,0,0,0,0,0,0,2909,11.9201725997843,0.920033540345463
"910",304,304,1,10.9014099020818,20.1592359208477,21.4871907376339,22.4606451977465,23.9949299114653,25.3991008549792,28.2943454066801,29.4216742533301,31.8333682351056,1,1,1,1,1,1,1,1,0.862068965517241,0.862068965517241,0.827586206896552,0.827586206896552,0.793103448275862,0.758620689655172,0.758620689655172,0.724137931034483,0,0,0,0,0,0,0,0,2910,8.87270765911543,-2.02870224296633
"911",304,304,2,10.9709242055893,20.2287502243553,21.5567050411415,22.530159501254,24.0644442149729,25.4686151584867,28.3638597101876,29.4911885568377,31.9028825386132,1,1,1,1,1,1,1,1,0.862068965517241,0.862068965517241,0.827586206896552,0.827586206896552,0.793103448275862,0.758620689655172,0.758620689655172,0.724137931034483,0,0,0,0,0,0,0,0,2911,8.89967637540453,-2.07124783018481
"912",304,304,3,10.9703090347618,20.2281350535278,21.556089870314,22.5295443304265,24.0638290441454,25.4679999876592,28.3632445393601,29.4905733860102,31.9022673677857,1,1,1,1,1,1,1,1,1,1,0.96,0.96,0.92,0.88,0.88,0.84,0,0,0,0,0,0,0,0,2912,21.0355987055016,10.0652896707398
"913",305,305,1,10.6936719166548,19.958375537741,21.2873168869064,22.2614945224859,23.7969190502481,25.2021331468002,28.0995285642233,29.2276948990132,31.6411805187058,1,1,1,1,1,1,1,1,0.862068965517241,0.862068965517241,0.827586206896552,0.827586206896552,0.793103448275862,0.793103448275862,0.758620689655172,0.724137931034483,0,0,0,0,0,0,0,0,2913,8.26591154261057,-2.42776037404418
"914",305,305,2,10.9900863236998,20.254789944786,21.5837312939515,22.5579089295309,24.0933334572931,25.4985475538452,28.3959429712684,29.5241093060582,31.9375949257508,1,1,1,1,1,1,1,1,0.925925925925926,0.925925925925926,0.888888888888889,0.888888888888889,0.851851851851852,0.814814814814815,0.814814814814815,0.777777777777778,0,0,0,0,0,0,0,0,2914,13.0258899676375,2.03580364393777
"915",305,305,3,10.8795960537031,20.1442996747893,21.4732410239547,22.4474186595342,23.9828431872964,25.3880572838485,28.2854527012716,29.4136190360615,31.8271046557541,1,1,1,1,1,1,1,1,0.862068965517241,0.862068965517241,0.827586206896552,0.827586206896552,0.793103448275862,0.758620689655172,0.758620689655172,0.724137931034483,0,0,0,0,0,0,0,0,2915,9.04800431499461,-1.83159173870845
"916",306,306,1,10.9769625836409,20.2410040255543,21.5698503908628,22.5439583987275,24.0792731845935,25.4843868458218,28.3815751767607,29.5096608777515,31.922973997602,1,1,1,1,1,1,1,1,0.892857142857143,0.892857142857143,0.857142857142857,0.857142857142857,0.821428571428571,0.785714285714286,0.785714285714286,0.75,0,0,0,0,0,0,0,0,2916,10.302049622438,-0.674912961202894
"917",306,306,2,10.9469052307479,20.2109466726614,21.5397930379699,22.5139010458346,24.0492158317005,25.4543294929288,28.3515178238677,29.4796035248585,31.8929166447091,1,1,1,1,1,1,1,1,0.862068965517241,0.862068965517241,0.827586206896552,0.827586206896552,0.793103448275862,0.758620689655172,0.758620689655172,0.724137931034483,0,0,0,0,0,0,0,0,2917,8.64347357065804,-2.30343166008989
"918",306,306,3,10.9866585039289,20.2506999458423,21.5795463111509,22.5536543190156,24.0889691048815,25.4940827661098,28.3912710970487,29.5193567980395,31.9326699178901,1,1,1,1,1,1,1,1,0.961538461538462,0.961538461538462,0.923076923076923,0.923076923076923,0.884615384615385,0.846153846153846,0.846153846153846,0.807692307692308,0,0,0,0,0,0,0,0,2918,17.4487594390507,6.46210093512179
"919",307,307,1,10.7780075542281,20.0447992445829,21.3740401091677,22.3484373038897,23.8842078840354,25.2897386862794,28.187787115669,29.3162077154144,31.7302372839863,1,1,1,1,1,1,1,1,0.925925925925926,0.925925925925926,0.888888888888889,0.888888888888889,0.851851851851852,0.814814814814815,0.814814814814815,0.777777777777778,0,0,0,0,0,0,0,0,2919,13.1067961165049,2.32878856227675
"920",307,307,2,10.8837212965547,20.1505129869094,21.4797538514943,22.4541510462163,23.989921626362,25.395452428606,28.2935008579956,29.4219214577409,31.8359510263129,1,1,1,1,1,1,1,1,0.892857142857143,0.892857142857143,0.857142857142857,0.857142857142857,0.821428571428571,0.785714285714286,0.785714285714286,0.75,0,0,0,0,0,0,0,0,2920,11.2459546925566,0.362233396001949
"921",307,307,3,10.9290271861232,20.195818876478,21.5250597410629,22.4994569357848,24.0352275159305,25.4407583181745,28.3388067475641,29.4672273473095,31.8812569158815,1,1,1,1,1,1,1,1,0.925925925925926,0.925925925925926,0.888888888888889,0.888888888888889,0.851851851851852,0.814814814814815,0.814814814814815,0.777777777777778,0,0,0,0,0,0,0,0,2921,12.7022653721683,1.77323818604507
"922",308,308,1,10.8979533385912,20.1638079161889,21.4929143600797,22.4672130179971,24.0028282919429,25.4082169586033,28.3059723202037,29.4342788073873,31.8480642550186,1,1,1,1,1,1,1,1,0.892857142857143,0.892857142857143,0.857142857142857,0.857142857142857,0.821428571428571,0.785714285714286,0.785714285714286,0.75,0,0,0,0,0,0,0,0,2922,10.3425026968716,-0.555450641719585
"923",308,308,2,10.9559083987832,20.2217629763809,21.5508694202717,22.5251680781891,24.0607833521349,25.4661720187953,28.3639273803957,29.4922338675792,31.9060193152105,1,1,1,1,1,1,1,1,0.892857142857143,0.892857142857143,0.857142857142857,0.857142857142857,0.821428571428571,0.785714285714286,0.785714285714286,0.75,0,0,0,0,0,0,0,0,2923,10.3964401294498,-0.559468269333331
"924",308,308,3,10.9545837116931,20.2204382892908,21.5495447331816,22.523843391099,24.0594586650448,25.4648473317052,28.3626026933056,29.4909091804891,31.9046946281204,1,1,1,1,1,1,1,1,0.892857142857143,0.892857142857143,0.857142857142857,0.857142857142857,0.821428571428571,0.785714285714286,0.785714285714286,0.75,0,0,0,0,0,0,0,0,2924,10.3290183387271,-0.625565372965994
"925",309,309,1,10.9580022522839,20.2234385216901,21.5524849629003,22.52673963598,24.0622855843777,25.4676108045867,28.3652353466502,29.4934908962929,31.9071673732711,1,1,1,1,1,1,1,1,0.961538461538462,0.961538461538462,0.923076923076923,0.923076923076923,0.884615384615385,0.846153846153846,0.846153846153846,0.807692307692308,0,0,0,0,0,0,0,0,2925,17.5026968716289,6.54469461934502
"926",309,309,2,10.7823322325857,20.047768501992,21.3768149432021,22.3510696162818,23.8866155646795,25.2919407848885,28.1895653269521,29.3178208765948,31.7314973535729,1,1,1,1,1,1,1,1,0.862068965517241,0.862068965517241,0.827586206896552,0.827586206896552,0.793103448275862,0.758620689655172,0.758620689655172,0.724137931034483,0,0,0,0,0,0,0,0,2926,8.4007551240561,-2.3815771085296
"927",309,309,3,11.0052218252479,20.2706580946541,21.5997045358643,22.573959208944,24.1095051573416,25.5148303775507,28.4124549196142,29.5407104692569,31.9543869462351,1,1,1,1,1,1,1,1,0.892857142857143,0.892857142857143,0.857142857142857,0.857142857142857,0.821428571428571,0.785714285714286,0.785714285714286,0.75,0,0,0,0,0,0,0,0,2927,11.5156418554477,0.510420030199798
"928",310,310,1,10.9316445983299,20.1997985718751,21.5292348441638,22.5037752820884,24.0397716312505,25.4455090563528,28.3439835191305,29.4725700045961,31.8869544523984,1,1,1,1,1,1,1,1,0.961538461538462,0.961538461538462,0.923076923076923,0.923076923076923,0.884615384615385,0.846153846153846,0.846153846153846,0.807692307692308,0,0,0,0,0,0,0,0,2928,15.6688241639698,4.73717956563991
"929",310,310,2,10.8283076200172,20.0964615935624,21.4258978658511,22.4004383037757,23.9364346529378,25.3421720780401,28.2406465408178,29.3692330262834,31.7836174740858,1,1,1,1,1,1,1,1,0.892857142857143,0.892857142857143,0.857142857142857,0.857142857142857,0.821428571428571,0.785714285714286,0.785714285714286,0.75,0,0,0,0,0,0,0,0,2929,11.0302049622438,0.201897342226596
"930",310,310,3,10.9437229464444,20.2118769199896,21.5413131922783,22.5158536302028,24.051849979365,25.4575874044672,28.3560618672449,29.4846483527106,31.8990328005129,1,1,1,1,1,1,1,1,0.862068965517241,0.862068965517241,0.827586206896552,0.827586206896552,0.793103448275862,0.758620689655172,0.758620689655172,0.724137931034483,0,0,0,0,0,0,0,0,2930,9.0210355987055,-1.92268734773885
"931",311,311,1,10.9975805630424,20.2667677352572,21.5963522109305,22.5710012890316,24.1071688685584,25.5130630029732,28.4118605829506,29.5405728813947,31.9552264808324,1,1,1,1,1,1,1,1,0.862068965517241,0.862068965517241,0.827586206896552,0.827586206896552,0.793103448275862,0.758620689655172,0.758620689655172,0.724137931034483,0,0,0,0,0,0,0,0,2931,9.35814455231931,-1.63943601072305
"932",311,311,2,10.9891908776416,20.2583780498565,21.5879625255298,22.5626116036308,24.0987791831577,25.5046733175724,28.4034708975499,29.5321831959939,31.9468367954316,1,1,1,1,1,1,1,1,0.862068965517241,0.862068965517241,0.827586206896552,0.827586206896552,0.793103448275862,0.758620689655172,0.758620689655172,0.724137931034483,0,0,0,0,0,0,0,0,2932,9.25026968716289,-1.7389211904787
"933",311,311,3,10.9918755769698,20.2610627491847,21.590647224858,22.5652963029591,24.1014638824859,25.5073580169007,28.4061555968781,29.5348678953221,31.9495214947599,1,1,1,1,1,1,1,1,0.862068965517241,0.862068965517241,0.827586206896552,0.827586206896552,0.793103448275862,0.758620689655172,0.758620689655172,0.724137931034483,0,0,0,0,0,0,0,0,2933,9.25026968716289,-1.74160588980695
"934",312,312,1,10.9925124889587,20.2614357128768,21.590982327457,22.5656036515642,24.1017274873615,25.5075815876983,28.4062966218527,29.5349767792165,31.9495616192589,1,1,1,1,1,1,1,1,0.892857142857143,0.892857142857143,0.857142857142857,0.857142857142857,0.821428571428571,0.785714285714286,0.785714285714286,0.75,0,0,0,0,0,0,0,0,2934,9.43905070118662,-1.55346178777209
"935",312,312,2,10.9878034845105,20.2567267084286,21.5862733230089,22.560894647116,24.0970184829134,25.5028725832501,28.4015876174045,29.5302677747683,31.9448526148108,1,1,1,1,1,1,1,1,0.862068965517241,0.862068965517241,0.827586206896552,0.827586206896552,0.793103448275862,0.758620689655172,0.758620689655172,0.724137931034483,0,0,0,0,0,0,0,0,2935,9.0210355987055,-1.96676788580504
"936",312,312,3,10.9982305657886,20.2671537897067,21.596700404287,22.5713217283941,24.1074455641915,25.5132996645282,28.4120146986826,29.5406948560464,31.9552796960888,1,1,1,1,1,1,1,1,0.892857142857143,0.892857142857143,0.857142857142857,0.857142857142857,0.821428571428571,0.785714285714286,0.785714285714286,0.75,0,0,0,0,0,0,0,0,2936,10.7470334412082,-0.251197124580436
"937",313,313,1,10.9559631739057,20.2241659903081,21.5536092686808,22.5281548424004,24.0641592862112,25.4699041195021,28.3683938571419,29.49698629022,31.9113834617465,1,1,1,1,1,1,1,1,0.862068965517241,0.862068965517241,0.827586206896552,0.827586206896552,0.793103448275862,0.758620689655172,0.758620689655172,0.724137931034483,0,0,0,0,0,0,0,0,2937,8.46817691477886,-2.48778625912685
"938",313,313,2,11.0127883697454,20.2809911861478,21.6104344645205,22.5849800382401,24.120984482051,25.5267293153418,28.4252190529816,29.5538114860597,31.9682086575862,0,0,0,0,0,1,1,1,0,0,0,0,0,1,1,0.954545454545455,0,0,0,0,0,0,0,0,2938,28.3710895361381,17.3583011663927
"939",313,313,3,10.5164925764944,19.7846953928968,21.1141386712696,22.0886842449891,23.6246886888,25.0304335220908,27.9289232597306,29.0575156928088,31.4719128643352,1,1,1,1,1,1,1,1,0.925925925925926,0.925925925925926,0.888888888888889,0.888888888888889,0.851851851851852,0.851851851851852,0.814814814814815,0.777777777777778,1,1,1,1,1,0,0,0,2939,13.9697950377562,3.45330246126176
"940",314,314,1,10.8869951970381,20.1767147419137,21.5092444082959,22.4860524521955,24.0256228290363,25.4346311892999,28.3398499571414,29.4710624900837,31.8910648398087,1,1,1,1,1,1,1,1,0.892857142857143,0.892857142857143,0.857142857142857,0.857142857142857,0.821428571428571,0.785714285714286,0.785714285714286,0.75,1,1,1,1,1,0,0,0,2940,9.85706580366775,-1.02992939337032
"941",314,314,2,10.9911151398318,20.2808346847075,21.6133643510896,22.5901723949893,24.12974277183,25.5387511320936,28.4439698999352,29.5751824328774,31.9951847826025,1,1,1,1,1,1,1,1,0.892857142857143,0.892857142857143,0.857142857142857,0.857142857142857,0.821428571428571,0.785714285714286,0.785714285714286,0.75,0,0,0,0,0,0,0,0,2941,9.88403451995685,-1.10708061987498
"942",314,314,3,10.9904323861086,20.2801519309842,21.6126815973664,22.589489641266,24.1290600181068,25.5380683783704,28.4432871462119,29.5744996791542,31.9945020288792,1,1,1,1,1,1,1,1,0.892857142857143,0.892857142857143,0.857142857142857,0.857142857142857,0.821428571428571,0.785714285714286,0.785714285714286,0.75,0,0,0,0,0,0,0,0,2942,9.47950377562028,-1.51092861048832
"943",315,315,1,10.9974896218198,20.2850438841722,21.6172629595635,22.5938433253965,24.1330548534244,25.5417347967576,28.4462764053594,29.5772252710601,31.9966635576002,1,1,1,1,1,1,1,1,0.892857142857143,0.892857142857143,0.857142857142857,0.857142857142857,0.821428571428571,0.785714285714286,0.785714285714286,0.75,0,0,0,0,0,0,0,0,2943,10.8549083063646,-0.142581315455153
"944",315,315,2,10.9637034981447,20.2512577604972,21.5834768358885,22.5600572017214,24.0992687297494,25.5079486730826,28.4124902816844,29.5434391473851,31.9628774339251,1,1,1,1,1,1,1,1,0.862068965517241,0.862068965517241,0.827586206896552,0.827586206896552,0.793103448275862,0.758620689655172,0.758620689655172,0.724137931034483,0,0,0,0,0,0,0,0,2944,8.49514563106796,-2.46855786707678
"945",315,315,3,11.0216698868029,20.3092241491553,21.6414432245467,22.6180235903796,24.1572351184075,25.5659150617407,28.4704566703425,29.6014055360432,32.0208438225833,1,1,1,1,1,1,1,1,0.961538461538462,0.961538461538462,0.923076923076923,0.923076923076923,0.884615384615385,0.846153846153846,0.846153846153846,0.807692307692308,0,0,0,0,0,0,0,0,2945,15.9385113268608,4.91684144005796
"946",316,316,1,10.8424508132161,20.1302848185297,21.4625440206216,22.4391538012472,23.9784116906292,25.3871340636793,28.2917631576457,29.4227460877486,31.8422572482458,1,1,1,1,1,1,1,1,0.862068965517241,0.862068965517241,0.827586206896552,0.827586206896552,0.793103448275862,0.758620689655172,0.758620689655172,0.724137931034483,0,0,0,0,0,0,0,0,2946,8.37378640776699,-2.46866440544908
"947",316,316,2,11.0323098648672,20.3201438701808,21.6524030722727,22.6290128528983,24.1682707422802,25.5769931153304,28.4816222092967,29.6126051393997,32.0321162998968,1,1,1,1,1,1,1,1,0.892857142857143,0.892857142857143,0.857142857142857,0.857142857142857,0.821428571428571,0.785714285714286,0.785714285714286,0.75,0,0,0,0,0,0,0,0,2947,10.2885652642934,-0.743744600573738
"948",316,316,3,10.9842528500107,20.2720868553243,21.6043460574163,22.5809558380419,24.1202137274238,25.5289361004739,28.4335651944403,29.5645481245433,31.9840592850404,1,1,1,1,1,1,1,1,0.892857142857143,0.892857142857143,0.857142857142857,0.857142857142857,0.821428571428571,0.785714285714286,0.785714285714286,0.75,0,0,0,0,0,0,0,0,2948,9.50647249190938,-1.47778035810135
"949",317,317,1,11.0046781966343,20.2915387410345,21.6236583086046,22.6001657304404,24.1392622897006,25.547837014099,28.4521616729421,29.583026064355,32.0022836350977,1,1,1,1,1,1,1,1,0.925925925925926,0.925925925925926,0.888888888888889,0.888888888888889,0.851851851851852,0.814814814814815,0.814814814814815,0.777777777777778,0,0,0,0,0,0,0,0,2949,13.8619201725998,2.85724197596545
"950",317,317,2,10.8938423382506,20.1807028826508,21.5128224502209,22.4893298720567,24.0284264313169,25.4370011557153,28.3413258145583,29.4721902059713,31.891447776714,1,1,1,1,1,1,1,1,0.862068965517241,0.862068965517241,0.827586206896552,0.827586206896552,0.793103448275862,0.758620689655172,0.758620689655172,0.724137931034483,0,0,0,0,0,0,0,0,2950,9.19633225458468,-1.69751008366594
"951",317,317,3,11.0125705332994,20.2994310776996,21.6315506452697,22.6080580671055,24.1471546263657,25.5557293507641,28.4600540096072,29.5909184010201,32.0101759717628,1,1,1,1,1,1,1,1,1,1,0.96,0.96,0.92,0.88,0.88,0.84,0,0,0,0,0,0,0,0,2951,20.3883495145631,9.37577898126367
"952",318,318,1,10.7311945305624,20.0232709042665,21.3561386372951,22.3331945002323,23.8731554705491,25.2825213003258,28.1884771306063,29.3199766554535,31.740592966803,1,1,1,1,1,1,1,1,0.892857142857143,0.892857142857143,0.857142857142857,0.857142857142857,0.821428571428571,0.785714285714286,0.785714285714286,0.75,0,0,0,0,0,0,0,0,2952,9.47950377562028,-1.25169075494213
"953",318,318,2,11.0164618337897,20.3085382074937,21.6414059405223,22.6184618034596,24.1584227737763,25.5677886035531,28.4737444338335,29.6052439586808,32.0258602700303,1,1,1,1,1,1,1,1,0.892857142857143,0.892857142857143,0.857142857142857,0.857142857142857,0.821428571428571,0.785714285714286,0.785714285714286,0.75,0,0,0,0,0,0,0,0,2953,10.7874865156419,-0.228975318147798
"954",318,318,3,10.9822579667772,20.2743343404813,21.6072020735099,22.5842579364472,24.1242189067639,25.5335847365406,28.4395405668211,29.5710400916684,31.9916564030179,1,1,1,1,1,1,1,1,0.925925925925926,0.925925925925926,0.888888888888889,0.888888888888889,0.851851851851852,0.814814814814815,0.814814814814815,0.777777777777778,0,0,0,0,0,0,0,0,2954,12.5809061488673,1.59864818209007
"955",319,319,1,10.9352944594127,20.2261288200797,21.5588183971144,22.5357436631785,24.0754987966591,25.4846762454256,28.3902436549828,29.5215919394501,31.9418847023379,1,1,1,1,1,1,1,1,0.862068965517241,0.862068965517241,0.827586206896552,0.827586206896552,0.793103448275862,0.758620689655172,0.758620689655172,0.724137931034483,0,0,0,0,0,0,0,0,2955,8.68392664509169,-2.25136781432096
"956",319,319,2,11.0385964232707,20.3294307839377,21.6621203609724,22.6390456270365,24.1788007605171,25.5879782092836,28.4935456188408,29.6248939033081,32.0451866661959,1,1,1,1,1,1,1,1,0.892857142857143,0.892857142857143,0.857142857142857,0.857142857142857,0.821428571428571,0.785714285714286,0.785714285714286,0.75,0,0,0,0,0,0,0,0,2956,10.5177993527508,-0.520797070519842
"957",319,319,3,10.9899837343963,20.2808180950633,21.6135076720981,22.5904329381622,24.1301880716428,25.5393655204093,28.4449329299664,29.5762812144337,31.9965739773215,1,1,1,1,1,1,1,1,1,1,0.96,0.96,0.92,0.88,0.88,0.84,0,0,0,0,0,0,0,0,2957,18.7971952535059,7.80721151910963
"958",320,320,1,10.7780088911162,20.0719132524094,21.405043194397,22.3822912690553,23.9225551888344,25.3321982766901,28.2387257823399,29.3704479019017,31.7915404100018,1,1,1,1,1,1,1,1,0.961538461538462,0.961538461538462,0.923076923076923,0.923076923076923,0.884615384615385,0.846153846153846,0.846153846153846,0.807692307692308,0,0,0,0,0,0,0,0,2958,17.6914778856526,6.91346899453648
"959",320,320,2,10.8074640455184,20.1013684068116,21.4344983487993,22.4117464234576,23.9520103432366,25.3616534310924,28.2681809367421,29.399903056304,31.820995564404,1,1,1,1,1,1,1,1,0.862068965517241,0.862068965517241,0.827586206896552,0.827586206896552,0.793103448275862,0.758620689655172,0.758620689655172,0.724137931034483,0,0,0,0,0,0,0,0,2959,8.98058252427185,-1.82688152124658
"960",320,320,3,11.0395131887363,20.3334175500295,21.6665474920172,22.6437955666754,24.1840594864545,25.5937025743102,28.50023007996,29.6319521995218,32.0530447076219,1,1,1,1,1,1,1,1,0.925925925925926,0.925925925925926,0.888888888888889,0.888888888888889,0.851851851851852,0.814814814814815,0.814814814814815,0.777777777777778,0,0,0,0,0,0,0,0,2960,13.3495145631068,2.31000137437052
"961",321,321,1,10.9306267730354,20.2264153963677,21.5598156193961,22.5372618229976,24.0778380185137,25.487766899816,28.394883679815,29.5268352466517,31.9484186111807,1,1,1,1,1,1,1,1,0.862068965517241,0.862068965517241,0.827586206896552,0.827586206896552,0.793103448275862,0.758620689655172,0.758620689655172,0.724137931034483,0,0,0,0,0,0,0,0,2961,8.50862998921251,-2.42199678382292
"962",321,321,2,11.0598410741691,20.3556296975014,21.6890299205298,22.6664761241313,24.2070523196474,25.6169812009497,28.5240979809487,29.6560495477854,32.0776329123144,1,1,1,1,1,1,1,1,0.892857142857143,0.892857142857143,0.857142857142857,0.857142857142857,0.821428571428571,0.785714285714286,0.785714285714286,0.75,0,0,0,0,0,0,0,0,2962,11.0976267529666,0.0377856787974213
"963",321,321,3,10.9907348184096,20.2865234417419,21.6199236647703,22.5973698683718,24.1379460638878,25.5478749451901,28.4549917251891,29.5869432920258,32.0085266565549,1,1,1,1,1,1,1,1,0.892857142857143,0.892857142857143,0.857142857142857,0.857142857142857,0.821428571428571,0.785714285714286,0.785714285714286,0.75,0,0,0,0,0,0,0,0,2963,9.65480043149946,-1.33593438691014
"964",322,322,1,11.028432421064,20.3242427834124,21.657646124714,22.6350946141591,24.1756744124476,25.5856065909921,28.4927301695383,29.624684383543,32.0462734111569,1,1,1,1,1,1,1,1,1,1,0.96,0.96,0.92,0.88,0.88,0.84,0,0,0,0,0,0,0,0,2964,20.7389428263215,9.71051040525742
"965",322,322,2,10.7303693763492,20.0261797386976,21.3595830799992,22.3370315694443,23.8776113677328,25.2875435462772,28.1946671248235,29.3266213388281,31.7482103664421,1,1,1,1,1,1,1,1,0.862068965517241,0.862068965517241,0.827586206896552,0.827586206896552,0.793103448275862,0.758620689655172,0.758620689655172,0.724137931034483,0,0,0,0,0,0,0,0,2965,8.87270765911543,-1.85766171723382
"966",322,322,3,11.0494636334649,20.3452739958132,21.6786773371148,22.6561258265599,24.1967056248484,25.6066378033929,28.5137613819391,29.6457155959438,32.0673046235577,1,1,1,1,1,1,1,1,0.862068965517241,0.862068965517241,0.827586206896552,0.827586206896552,0.793103448275862,0.758620689655172,0.758620689655172,0.724137931034483,0,0,0,0,0,0,0,0,2966,9.20981661272923,-1.83964702073562
"967",323,323,1,11.0454212091769,20.3478183493558,21.6821665067869,22.6603075916906,24.2019790061444,25.6129102272311,28.5220937205553,29.6548500088957,32.0781549136951,1,1,1,1,1,1,1,1,0.892857142857143,0.892857142857143,0.857142857142857,0.857142857142857,0.821428571428571,0.785714285714286,0.785714285714286,0.75,0,0,0,0,0,0,0,0,2967,11.0167206040992,-0.0287006050776526
"968",323,323,2,10.996063789254,20.2984609294329,21.632809086864,22.6109501717677,24.1526215862215,25.5635528073082,28.4727363006324,29.6054925889728,32.0287974937722,1,1,1,1,1,1,1,1,0.892857142857143,0.892857142857143,0.857142857142857,0.857142857142857,0.821428571428571,0.785714285714286,0.785714285714286,0.75,0,0,0,0,0,0,0,0,2968,10.4638619201726,-0.532201869081378
"969",323,323,3,11.0111656863946,20.3135628265734,21.6479109840046,22.6260520689083,24.1677234833621,25.5786547044488,28.487838197773,29.6205944861134,32.0438993909128,0,0,0,0,1,1,1,1,0,0,0,0,1,0.956521739130435,0.956521739130435,0.91304347826087,0,0,0,0,0,0,0,0,2969,26.8338727076591,15.8227070212645
"970",324,324,1,10.5726464985806,19.8919674911103,21.2287432283213,22.2086638454304,23.7531400228931,25.1666381513374,28.0811143225768,29.2159314345828,31.643645058317,1,1,1,1,1,1,1,1,0.862068965517241,0.862068965517241,0.827586206896552,0.827586206896552,0.793103448275862,0.793103448275862,0.758620689655172,0.724137931034483,1,1,1,1,0,0,0,0,2970,8.09061488673139,-2.48203161184918
"971",324,324,2,11.0867775822276,20.4060985747573,21.7428743119683,22.7227949290775,24.2672711065401,25.6807692349844,28.5952454062238,29.7300625182298,32.157776141964,1,1,1,1,1,1,1,1,0.892857142857143,0.892857142857143,0.857142857142857,0.857142857142857,0.821428571428571,0.785714285714286,0.785714285714286,0.75,1,1,1,1,0,0,0,0,2971,10.8683926645092,-0.218384917718407
"972",324,324,3,11.0105826158741,20.3299036084039,21.6666793456149,22.646599962724,24.1910761401866,25.604574268631,28.5190504398704,29.6538675518764,32.0815811756105,1,1,1,1,1,1,1,1,0.892857142857143,0.892857142857143,0.857142857142857,0.857142857142857,0.821428571428571,0.785714285714286,0.785714285714286,0.75,0,0,0,0,0,0,0,0,2972,9.53344120819849,-1.47714140767565
"973",325,325,1,11.0500011476603,20.3693964799224,21.706182880523,22.6861113144073,24.2305998120749,25.6441092159193,28.5586086357815,29.6934348001638,32.1211677896416,1,1,1,1,1,1,1,1,0.806451612903226,0.806451612903226,0.774193548387097,0.774193548387097,0.741935483870968,0.709677419354839,0.709677419354839,0.67741935483871,0,0,0,0,0,0,0,0,2973,2.56202804746494,-8.48797310019538
"974",325,325,2,11.2471582293383,20.5665535616004,21.903339962201,22.8832683960853,24.4277568937529,25.8412662975973,28.7557657174596,29.8905918818419,32.3183248713196,0,0,0,0,0,0,0,0,0,0,0,0,0,0,0,0,0,0,0,0,0,0,0,0,2974,89.428263214671,78.1811049853327
"975",325,325,3,8.7905123489327,18.1099076811948,19.4466940817954,20.4266225156796,21.9711110133473,23.3846204171917,26.2991198370539,27.4339460014362,29.861678990914,1,1,1,1,1,1,1,1,0.866666666666667,0.833333333333333,0.833333333333333,0.8,0.8,0.766666666666667,0.766666666666667,0.733333333333333,1,1,1,1,1,1,1,1,2975,4.97572815533981,-3.8147841935929
"976",326,326,1,11.2957382117592,21.0525927466225,22.4521288742177,23.478055862301,25.0950437746332,26.5749043391086,29.6262124838653,30.8143082147015,33.3560007584036,0,0,0,0,0,0,0,0,0,0,0,0,0,0,0,0,1,1,1,1,1,1,1,1,2976,43.2038834951456,31.9081452833864
"977",326,326,2,9.69577191131947,19.4526264461827,20.852162573778,21.8780895618613,23.4950774741935,24.9749380386689,28.0262461834256,29.2143419142618,31.7560344579639,1,1,1,1,1,1,1,1,0.862068965517241,0.862068965517241,0.827586206896552,0.827586206896552,0.827586206896552,0.793103448275862,0.758620689655172,0.724137931034483,1,1,1,1,1,1,1,1,2977,7.28155339805825,-2.41421851326121
"978",326,326,3,11.1992323079232,20.9560868427864,22.3556229703817,23.381549958465,24.9985378707972,26.4783984352726,29.5297065800293,30.7178023108654,33.2594948545676,1,1,1,1,1,1,1,1,0.892857142857143,0.857142857142857,0.857142857142857,0.857142857142857,0.821428571428571,0.785714285714286,0.785714285714286,0.75,1,1,1,1,1,1,1,1,2978,10.0053937432578,-1.19383856466533
"979",327,327,1,11.1035760470184,20.9303451287563,22.3399098914865,23.3731883492716,25.0017630877463,26.4922278669748,29.5654007249496,30.7620099756264,33.3219154876425,1,1,1,1,1,1,1,1,0.925925925925926,0.888888888888889,0.888888888888889,0.851851851851852,0.851851851851852,0.814814814814815,0.814814814814815,0.777777777777778,0,0,0,0,0,0,0,0,2979,13.8079827400216,2.70440669300313
"980",327,327,2,10.9301947247456,20.7569638064834,22.1665285692136,23.1998070269987,24.8283817654734,26.318846544702,29.3920194026767,30.5886286533535,33.1485341653697,1,1,1,1,1,1,1,1,0.862068965517241,0.827586206896552,0.827586206896552,0.827586206896552,0.793103448275862,0.758620689655172,0.758620689655172,0.724137931034483,0,0,0,0,0,0,0,0,2980,8.44120819848975,-2.48898652625581
"981",327,327,3,11.1748960235562,21.0016651052941,22.4112298680243,23.4445083258094,25.073083064284,26.5635478435126,29.6367207014874,30.8333299521642,33.3932354641803,1,1,1,1,1,1,1,1,0.862068965517241,0.827586206896552,0.827586206896552,0.793103448275862,0.793103448275862,0.758620689655172,0.758620689655172,0.724137931034483,0,0,0,0,0,0,0,0,2981,8.26591154261057,-2.90898448094565
"982",328,328,1,11.1820430625365,21.0095344334896,22.4192028023409,23.4525572083731,25.0812516506853,26.5718259823646,29.645224725327,30.8419219294246,33.4020156001456,1,1,1,1,1,1,1,1,0.862068965517241,0.827586206896552,0.827586206896552,0.793103448275862,0.793103448275862,0.758620689655172,0.758620689655172,0.724137931034483,0,0,0,0,0,0,0,0,2982,6.72869471413161,-4.45334834840489
"983",328,328,2,11.2521394294223,21.0796308003754,22.4892991692267,23.5226535752589,25.1513480175711,26.6419223492504,29.7153210922128,30.9120182963104,33.4721119670314,1,1,1,1,1,1,1,1,0.862068965517241,0.827586206896552,0.827586206896552,0.793103448275862,0.793103448275862,0.758620689655172,0.758620689655172,0.724137931034483,0,0,0,0,0,0,0,0,2983,7.76699029126214,-3.48514913816017
"984",328,328,3,11.2047936377538,21.032285008707,22.4419533775582,23.4753077835904,25.1040022259026,26.5945765575819,29.6679753005443,30.864672504642,33.4247661753629,1,1,1,1,1,1,1,1,0.862068965517241,0.827586206896552,0.827586206896552,0.793103448275862,0.793103448275862,0.758620689655172,0.758620689655172,0.724137931034483,0,0,0,0,0,0,0,0,2984,8.06364617044229,-3.14114746731154
"985",329,329,1,11.1928607879096,21.0215743557261,22.431418038113,23.4649009573605,25.093797952406,26.5845576594984,29.6583386259766,30.8551846574316,33.4155967144361,1,1,1,1,1,1,1,1,0.961538461538462,0.923076923076923,0.923076923076923,0.884615384615385,0.884615384615385,0.846153846153846,0.846153846153846,0.807692307692308,0,0,0,0,0,0,0,0,2985,16.3160733549083,5.1232125669987
"986",329,329,2,10.8184684373195,20.6471820051361,22.0570256875229,23.0905086067704,24.7194056018159,26.2101653089084,29.2839462753866,30.4807923068415,33.041204363846,1,1,1,1,1,1,1,1,0.925925925925926,0.888888888888889,0.888888888888889,0.888888888888889,0.851851851851852,0.814814814814815,0.814814814814815,0.777777777777778,0,0,0,0,0,0,0,0,2986,12.8101402373247,1.99167180000517
"987",329,329,3,10.9775240110996,20.8062375789162,22.216081261303,23.2495641805505,24.878461175596,26.3692208826884,29.4430018491667,30.6398478806216,33.2002599376261,1,1,1,1,1,1,1,1,0.862068965517241,0.827586206896552,0.827586206896552,0.827586206896552,0.793103448275862,0.758620689655172,0.758620689655172,0.724137931034483,0,0,0,0,0,0,0,0,2987,7.76699029126214,-3.2105337198375
"988",330,330,1,11.2132196168034,21.043575622612,22.4536548984782,23.4873105190258,25.1164797126954,26.6074885348285,29.6817831488562,30.8788291805837,33.4396690980614,1,1,1,1,1,1,1,1,0.925925925925926,0.888888888888889,0.888888888888889,0.851851851851852,0.851851851851852,0.814814814814815,0.814814814814815,0.777777777777778,0,0,0,0,0,0,0,0,2988,14.3203883495146,3.10716873271121
"989",330,330,2,10.912725367845,20.7430813736536,22.1531606495198,23.1868162700674,24.815985463737,26.3069942858701,29.3812888998978,30.5783349316253,33.139174849103,1,1,1,1,1,1,1,1,0.862068965517241,0.827586206896552,0.827586206896552,0.827586206896552,0.793103448275862,0.758620689655172,0.758620689655172,0.724137931034483,0,0,0,0,0,0,0,0,2989,7.87486515641856,-3.0378602114264
"990",330,330,3,11.2082732094131,21.0386292152218,22.448708491088,23.4823641116355,25.1115333053051,26.6025421274382,29.6768367414659,30.8738827731935,33.4347226906712,1,1,1,1,1,1,1,1,0.862068965517241,0.827586206896552,0.827586206896552,0.793103448275862,0.793103448275862,0.758620689655172,0.758620689655172,0.724137931034483,0,0,0,0,0,0,0,0,2990,7.49730312837109,-3.710970081042
"991",331,331,1,11.225019691504,21.0569648909702,22.4672721228779,23.5010948461179,25.1305274143131,26.6217772757089,29.6965688859287,30.8938084343468,33.4550623419742,1,1,1,1,1,1,1,1,0.925925925925926,0.888888888888889,0.888888888888889,0.851851851851852,0.851851851851852,0.814814814814815,0.814814814814815,0.777777777777778,0,0,0,0,0,0,0,0,2991,14.8327939590076,3.60777426750353
"992",331,331,2,10.8868870754641,20.7188322749302,22.129139506838,23.1629622300779,24.7923947982731,26.2836446596689,29.3584362698887,30.5556758183068,33.1169297259343,1,1,1,1,1,1,1,1,0.862068965517241,0.827586206896552,0.827586206896552,0.827586206896552,0.793103448275862,0.758620689655172,0.758620689655172,0.724137931034483,0,0,0,0,0,0,0,0,2992,8.87270765911543,-2.01417941634863
"993",331,331,3,11.1616198259965,20.9935650254627,22.4038722573704,23.4376949806104,25.0671275488056,26.5583774102014,29.6331690204212,30.8304085688393,33.3916624764667,1,1,1,1,1,1,1,1,0.892857142857143,0.857142857142857,0.857142857142857,0.821428571428571,0.821428571428571,0.785714285714286,0.785714285714286,0.75,0,0,0,0,0,0,0,0,2993,10.1941747572816,-0.967445068714975
"994",332,332,1,11.1071212574029,20.9392058503346,22.3495330770255,23.3833704573988,25.0128261270503,26.5040971308022,29.5789323342123,30.7761888566234,33.3374790767049,1,1,1,1,1,1,1,1,0.862068965517241,0.827586206896552,0.827586206896552,0.793103448275862,0.793103448275862,0.758620689655172,0.758620689655172,0.724137931034483,0,0,0,0,0,0,0,0,2994,7.64563106796117,-3.46149018944171
"995",332,332,2,11.2255120900844,21.0575966830161,22.467923909707,23.5017612900804,25.1312169597319,26.6224879634837,29.6973231668938,30.894579689305,33.4558699093865,1,1,1,1,1,1,1,1,0.892857142857143,0.857142857142857,0.857142857142857,0.821428571428571,0.821428571428571,0.785714285714286,0.785714285714286,0.75,0,0,0,0,0,0,0,0,2995,9.45253505933118,-1.77297703075327
"996",332,332,3,11.1415736161197,20.9736582090514,22.3839854357423,23.4178228161156,25.0472784857672,26.538549489519,29.6133846929291,30.8106412153403,33.3719314354218,1,1,1,1,1,1,1,1,0.925925925925926,0.888888888888889,0.888888888888889,0.851851851851852,0.851851851851852,0.814814814814815,0.814814814814815,0.777777777777778,0,0,0,0,0,0,0,0,2996,13.9967637540453,2.85519013792557
"997",333,333,1,10.9307674778871,20.7628154792313,22.1731374571764,23.2069709899678,24.836420595354,26.3276860491156,29.4025098090623,30.5997618757025,33.1610425635557,1,1,1,1,1,1,1,1,0.862068965517241,0.827586206896552,0.827586206896552,0.827586206896552,0.793103448275862,0.758620689655172,0.758620689655172,0.724137931034483,0,0,0,0,0,0,0,0,2997,7.47033441208198,-3.46043306580507
"998",333,333,2,11.2351243295352,21.0671723308794,22.4774943088245,23.5113278416159,25.1407774470021,26.6320429007638,29.7068666607104,30.9041187273506,33.4653994152038,1,1,1,1,1,1,1,1,0.925925925925926,0.888888888888889,0.888888888888889,0.851851851851852,0.851851851851852,0.814814814814815,0.814814814814815,0.777777777777778,0,0,0,0,0,0,0,0,2998,13.3629989212513,2.12787459171619
"999",333,333,3,10.9603227919934,20.7923707933376,22.2026927712828,23.2365263040742,24.8659759094604,26.357241363222,29.4320651231686,30.6293171898088,33.190597877662,1,1,1,1,1,1,1,1,0.862068965517241,0.827586206896552,0.827586206896552,0.827586206896552,0.793103448275862,0.758620689655172,0.758620689655172,0.724137931034483,0,0,0,0,0,0,0,0,2999,8.94012944983819,-2.02019334215519
"1000",334,334,1,11.1660792498297,20.9979950043903,22.4082980126818,23.4421176398089,25.071545328147,26.5627907235179,29.6375731252905,30.8348090881917,33.3960553253249,1,1,1,1,1,1,1,1,0.892857142857143,0.857142857142857,0.857142857142857,0.821428571428571,0.821428571428571,0.785714285714286,0.785714285714286,0.75,0,0,0,0,0,0,0,0,3000,12.4865156418554,1.32043639202577
