"","train_iter","test_iter","predict_iter","mean","sd"
"1",1,1,1,14.9613080209392,7.70221256484275
"2",1,1,2,12.1978854624551,7.70221256484275
"3",1,1,3,15.1643874461673,7.70221256484275
"4",2,2,1,13.3417709599027,7.70251921343872
"5",2,2,2,16.1150636906714,7.70251921343872
"6",2,2,3,10.1855982625727,7.70251921343872
"7",3,3,1,13.0785270597502,7.71388283205431
"8",3,3,2,12.8719142155036,7.71388283205431
"9",3,3,3,15.938823622288,7.71388283205431
"10",4,4,1,14.5147984645286,7.71578458812823
"11",4,4,2,16.0378135445628,7.71578458812823
"12",4,4,3,12.9506208147637,7.71578458812823
"13",5,5,1,15.2283236221249,7.71354817337479
"14",5,5,2,13.237899796019,7.71354817337479
"15",5,5,3,13.5876383494433,7.71354817337479
"16",6,6,1,14.9729436382447,7.7140565870475
"17",6,6,2,12.2430827760108,7.71405658704751
"18",6,6,3,13.9823720718356,7.7140565870475
"19",7,7,1,15.6607924412904,7.71382402188203
"20",7,7,2,13.5918542420222,7.71382402188203
"21",7,7,3,15.7982933029809,7.71382402188203
"22",8,8,1,13.7797038314346,7.71344158884169
"23",8,8,2,14.2276940691112,7.71344158884169
"24",8,8,3,15.8098205119402,7.71344158884169
"25",9,9,1,14.3168348447421,7.71068522829185
"26",9,9,2,12.8673155005863,7.71068522829185
"27",9,9,3,16.2190065819571,7.71068522829185
"28",10,10,1,15.0225445719495,7.71468562301543
"29",10,10,2,14.3527189147064,7.71468562301543
"30",10,10,3,15.0070870567824,7.71468562301543
"31",11,11,1,13.2456138606823,7.69165060207904
"32",11,11,2,13.7581535059721,7.69165060207904
"33",11,11,3,16.3653067016554,7.69165060207904
"34",12,12,1,13.0193276316727,7.69300162356325
"35",12,12,2,12.8830902833849,7.69300162356325
"36",12,12,3,15.3379825015707,7.69300162356325
"37",13,13,1,14.4587290334336,7.69540280661647
"38",13,13,2,15.9731520648319,7.69540280661647
"39",13,13,3,12.8958758791644,7.69540280661647
"40",14,14,1,14.1192569176419,7.69320043282639
"41",14,14,2,13.5159034223504,7.69320043282639
"42",14,14,3,16.2114891890298,7.69320043282639
"43",15,15,1,14.1204761163574,7.68949586508429
"44",15,15,2,13.2606958860058,7.68949586508429
"45",15,15,3,15.9637928223384,7.68949586508429
"46",16,16,1,14.5350062133328,7.69044623430446
"47",16,16,2,16.0592756166521,7.69044623430447
"48",16,16,3,12.4514912098195,7.69044623430447
"49",17,17,1,13.0409368770131,7.69424120814483
"50",17,17,2,10.4487540995155,7.69424120814483
"51",17,17,3,16.0032459529008,7.69424120814483
"52",18,18,1,13.513182322725,7.70523761796038
"53",18,18,2,11.3446921187991,7.70523761796038
"54",18,18,3,16.0622008557052,7.70523761796038
"55",19,19,1,12.7474239160244,7.7105597199814
"56",19,19,2,14.7065174370701,7.7105597199814
"57",19,19,3,13.5519583220005,7.7105597199814
"58",20,20,1,13.7997823759696,7.70975289372371
"59",20,20,2,16.4276943068645,7.70975289372371
"60",20,20,3,14.1861056595777,7.70975289372371
"61",21,21,1,13.3613413003139,7.71263117154509
"62",21,21,2,15.9191624339022,7.71263117154509
"63",21,21,3,13.8406071746319,7.71263117154509
"64",22,22,1,13.6120295186455,7.69240376663427
"65",22,22,2,16.1628952932496,7.69240376663427
"66",22,22,3,13.4198054175042,7.69240376663427
"67",23,23,1,16.0301600790342,7.69527692708026
"68",23,23,2,12.8704142978664,7.69527692708026
"69",23,23,3,12.8911594486661,7.69527692708027
"70",24,24,1,15.773917799804,7.69690283889924
"71",24,24,2,13.1255127844769,7.69690283889924
"72",24,24,3,12.7318134570151,7.69690283889924
"73",25,25,1,13.2982894113555,7.69576889311638
"74",25,25,2,14.6551242929912,7.69576889311638
"75",25,25,3,14.5287271272115,7.69576889311638
"76",26,26,1,13.9115147840972,7.69588575840353
"77",26,26,2,16.2149939954556,7.69588575840353
"78",26,26,3,14.2521974237603,7.69588575840353
"79",27,27,1,13.5995503087982,7.69568836606991
"80",27,27,2,16.0905077290896,7.69568836606991
"81",27,27,3,14.0110662481339,7.69568836606991
"82",28,28,1,12.2092605356353,7.69980096063436
"83",28,28,2,14.4773612448109,7.69980096063436
"84",28,28,3,13.657968123376,7.69980096063436
"85",29,29,1,13.1425759886736,7.69860930755867
"86",29,29,2,15.224663665174,7.69860930755867
"87",29,29,3,12.6964143437092,7.69860930755867
"88",30,30,1,12.9536383581852,7.69885694725771
"89",30,30,2,15.3135908571632,7.69885694725771
"90",30,30,3,12.6208901750321,7.69885694725771
"91",31,31,1,13.9545121153701,7.69995863323055
"92",31,31,2,15.522816344774,7.69995863323055
"93",31,31,3,13.3097932478175,7.69995863323056
"94",32,32,1,15.7891521008207,7.69884174070035
"95",32,32,2,11.3044697281079,7.69884174070035
"96",32,32,3,10.9271343152816,7.69884174070035
"97",33,33,1,13.4903644430635,7.70678432105085
"98",33,33,2,12.4158888743143,7.70678432105085
"99",33,33,3,15.827222692937,7.70678432105085
"100",34,34,1,13.769549844165,7.70750408026969
"101",34,34,2,14.2635379536162,7.70750408026969
"102",34,34,3,15.712737764506,7.70750408026969
"103",35,35,1,14.2239076980692,7.70515097093398
"104",35,35,2,15.2869889967712,7.70515097093398
"105",35,35,3,13.8569812923706,7.70515097093397
"106",36,36,1,14.4336274474515,7.70424107216299
"107",36,36,2,13.3473529374917,7.70424107216298
"108",36,36,3,16.0667936173795,7.70424107216298
"109",37,37,1,14.0425716383177,7.7034360693696
"110",37,37,2,14.242619404275,7.7034360693696
"111",37,37,3,15.0978236037425,7.7034360693696
"112",38,38,1,14.3695811282298,7.69168394789055
"113",38,38,2,15.5490069039612,7.69168394789055
"114",38,38,3,13.1170712766517,7.69168394789055
"115",39,39,1,12.4627170940471,7.69497906221129
"116",39,39,2,15.7189289462462,7.69497906221129
"117",39,39,3,14.1002412958472,7.69497906221129
"118",40,40,1,13.1106852455067,7.69287240566997
"119",40,40,2,14.5051947934235,7.69287240566997
"120",40,40,3,15.7383144479105,7.69287240566997
"121",41,41,1,13.9234436753617,7.69178986929857
"122",41,41,2,15.7966097176715,7.69178986929856
"123",41,41,3,12.7498938657218,7.69178986929857
"124",42,42,1,12.4694697319644,7.69480178822076
"125",42,42,2,16.0729467377489,7.69480178822076
"126",42,42,3,13.566289001272,7.69480178822076
"127",43,43,1,12.2114994702577,7.69460775115884
"128",43,43,2,15.6323020151828,7.69460775115884
"129",43,43,3,15.1389889023677,7.69460775115884
"130",44,44,1,13.1796996559615,7.69032554381208
"131",44,44,2,15.4729833625296,7.69032554381208
"132",44,44,3,14.3437525569093,7.69032554381208
"133",45,45,1,13.8818399298375,7.68921371238582
"134",45,45,2,15.4696835309186,7.68921371238582
"135",45,45,3,13.6482604329649,7.68921371238582
"136",46,46,1,15.4827034913694,7.68946102270029
"137",46,46,2,14.0860143744494,7.68946102270029
"138",46,46,3,15.5647154857793,7.68946102270029
"139",47,47,1,12.7305142850038,7.68658040064308
"140",47,47,2,15.6492278023205,7.68658040064307
"141",47,47,3,11.1910822299325,7.68658040064307
"142",48,48,1,13.9782570323436,7.69048149352841
"143",48,48,2,13.3899581353681,7.69048149352841
"144",48,48,3,15.4988601135092,7.69048149352841
"145",49,49,1,12.7726344708671,7.69126627142138
"146",49,49,2,13.4865150486068,7.69126627142138
"147",49,49,3,15.0939943914894,7.69126627142138
"148",50,50,1,13.7172499344801,7.68765213243227
"149",50,50,2,15.5257033888025,7.68765213243227
"150",50,50,3,14.2005005820539,7.68765213243227
"151",51,51,1,12.5303931356893,7.69027871271049
"152",51,51,2,13.3118281352034,7.69027871271049
"153",51,51,3,15.6399569315265,7.69027871271049
"154",52,52,1,12.7057970996196,7.69102043362611
"155",52,52,2,13.0583957663549,7.69102043362611
"156",52,52,3,15.4446444898245,7.69102043362611
"157",53,53,1,14.1918529651883,7.69204346510329
"158",53,53,2,15.1196518798454,7.69204346510329
"159",53,53,3,13.2962177462393,7.69204346510329
"160",54,54,1,13.5381501281182,7.69025194114466
"161",54,54,2,16.0909426201456,7.69025194114466
"162",54,54,3,14.1905578898754,7.69025194114466
"163",55,55,1,15.1958820504858,7.68582848543775
"164",55,55,2,12.7494023963076,7.68582848543775
"165",55,55,3,15.1061944053225,7.68582848543775
"166",56,56,1,13.1473725901048,7.68153039989388
"167",56,56,2,15.8667358719938,7.68153039989388
"168",56,56,3,13.6762762742887,7.68153039989388
"169",57,57,1,15.4170795200448,7.68325920505008
"170",57,57,2,14.2639826457489,7.68325920505008
"171",57,57,3,13.67994656656,7.68325920505008
"172",58,58,1,15.3674669712867,7.68176385474571
"173",58,58,2,13.0093737291701,7.68176385474571
"174",58,58,3,14.8284742302315,7.68176385474571
"175",59,59,1,14.2253827207341,7.68231798145844
"176",59,59,2,15.4195051623856,7.68231798145844
"177",59,59,3,14.0655002180862,7.68231798145844
"178",60,60,1,15.15083113641,7.68340612430172
"179",60,60,2,13.6538412761779,7.68340612430171
"180",60,60,3,13.9232994510197,7.68340612430171
"181",61,61,1,15.842150350641,7.6829562258028
"182",61,61,2,13.6183419360358,7.6829562258028
"183",61,61,3,12.7367874245349,7.6829562258028
"184",62,62,1,13.9845678754368,7.68369093542659
"185",62,62,2,11.251562241125,7.68369093542659
"186",62,62,3,14.0740116961961,7.68369093542659
"187",63,63,1,15.3543373939898,7.68975161061267
"188",63,63,2,14.4040821235055,7.68975161061267
"189",63,63,3,15.0920273453665,7.68975161061267
"190",64,64,1,14.3167212005639,7.68561529924847
"191",64,64,2,13.4481649481678,7.68561529924848
"192",64,64,3,15.7922798338959,7.68561529924847
"193",65,65,1,12.8344548245902,7.68595159087305
"194",65,65,2,12.1620466978084,7.68595159087305
"195",65,65,3,15.1359694055972,7.68595159087305
"196",66,66,1,14.5240252400127,7.68309184113662
"197",66,66,2,13.0430836122913,7.68309184113662
"198",66,66,3,12.5109486545338,7.68309184113662
"199",67,67,1,12.8363958160907,7.6439605748005
"200",67,67,2,12.9965084684383,7.6439605748005
"201",67,67,3,15.544551224939,7.6439605748005
"202",68,68,1,14.1546037743277,7.64385430641049
"203",68,68,2,14.2145866761041,7.64385430641049
"204",68,68,3,13.3548317506417,7.64385430641049
"205",69,69,1,15.7000501908932,7.64413222759542
"206",69,69,2,14.1114700436949,7.64413222759542
"207",69,69,3,14.5111128480215,7.64413222759542
"208",70,70,1,14.125649726777,7.64178090874431
"209",70,70,2,13.6012141737443,7.64178090874431
"210",70,70,3,13.3514829580145,7.64178090874431
"211",71,71,1,13.2380796990514,7.6411399744968
"212",71,71,2,14.9506399075316,7.6411399744968
"213",71,71,3,13.5925746693199,7.6411399744968
"214",72,72,1,14.8303086961071,7.63261303539705
"215",72,72,2,13.5059657967501,7.63261303539705
"216",72,72,3,14.1606409658662,7.63261303539705
"217",73,73,1,15.4435799047482,7.62629169075818
"218",73,73,2,12.439908580341,7.62629169075818
"219",73,73,3,14.5442321103677,7.62629169075818
"220",74,74,1,15.7306638933203,7.62627040656042
"221",74,74,2,10.72731692984,7.62627040656042
"222",74,74,3,13.5849424523679,7.62627040656042
"223",75,75,1,15.8262165078635,7.63610569489613
"224",75,75,2,13.0325796587103,7.63610569489613
"225",75,75,3,15.2343123441428,7.63610569489613
"226",76,76,1,15.7133086940295,7.63610271389125
"227",76,76,2,15.7523238060523,7.63610271389125
"228",76,76,3,12.6046852522147,7.63610271389126
"229",77,77,1,13.4575611124482,7.6335440839872
"230",77,77,2,14.531687124369,7.63354408398719
"231",77,77,3,14.106090025306,7.63354408398719
"232",78,78,1,15.1401364572658,7.62242382833364
"233",78,78,2,13.4024012182616,7.62242382833364
"234",78,78,3,13.290780268603,7.62242382833364
"235",79,79,1,14.343972524187,7.61960630618007
"236",79,79,2,15.2412539726383,7.61960630618007
"237",79,79,3,13.3784471345859,7.61960630618007
"238",80,80,1,12.9000267693487,7.61966109310858
"239",80,80,2,15.4058900950983,7.61966109310858
"240",80,80,3,14.3185831020889,7.61966109310858
"241",81,81,1,15.0168700884107,7.61557583663795
"242",81,81,2,13.5204085201633,7.61557583663795
"243",81,81,3,14.6408620383789,7.61557583663795
"244",82,82,1,12.8692494215584,7.60276240516945
"245",82,82,2,13.17552781057,7.60276240516945
"246",82,82,3,13.9105959441979,7.60276240516945
"247",83,83,1,15.9421556605864,7.5911328770165
"248",83,83,2,13.4333281821552,7.5911328770165
"249",83,83,3,12.3013736496511,7.5911328770165
"250",84,84,1,14.5608906696485,7.58590169315421
"251",84,84,2,13.0065210695118,7.58590169315421
"252",84,84,3,15.2769199444656,7.58590169315421
"253",85,85,1,12.9643881467769,7.5794133611529
"254",85,85,2,13.7276513319842,7.5794133611529
"255",85,85,3,15.0979392651583,7.5794133611529
"256",86,86,1,13.1185365864593,7.57080968236705
"257",86,86,2,12.2633617214047,7.57080968236705
"258",86,86,3,13.3709677213248,7.57080968236705
"259",87,87,1,15.358025328671,7.57163524307145
"260",87,87,2,13.9273098486971,7.57163524307145
"261",87,87,3,15.0759846426546,7.57163524307145
"262",88,88,1,12.2664749891961,7.56583366930667
"263",88,88,2,13.9733104683656,7.56583366930667
"264",88,88,3,15.2936436885743,7.56583366930667
"265",89,89,1,14.160677259228,7.56042916719733
"266",89,89,2,15.7498845016814,7.56042916719733
"267",89,89,3,13.8078083858016,7.56042916719732
"268",90,90,1,14.9760373585832,7.56155507638747
"269",90,90,2,11.772485595016,7.56155507638747
"270",90,90,3,15.7117442502968,7.56155507638747
"271",91,91,1,13.789630904431,7.56082270092616
"272",91,91,2,13.8674211167258,7.56082270092617
"273",91,91,3,15.7680953037942,7.56082270092617
"274",92,92,1,13.9080978178824,7.55618131102595
"275",92,92,2,14.8142537054993,7.55618131102595
"276",92,92,3,12.199346715519,7.55618131102595
"277",93,93,1,9.96723498016862,7.56901681824689
"278",93,93,2,12.2470891068605,7.56901681824689
"279",93,93,3,15.1739288641001,7.56901681824689
"280",94,94,1,16.0538215550511,7.57627335107733
"281",94,94,2,13.3062404361802,7.57627335107734
"282",94,94,3,12.4213511869464,7.57627335107734
"283",95,95,1,14.3757279956533,7.57122820585041
"284",95,95,2,12.8782110872164,7.57122820585041
"285",95,95,3,11.9985152462671,7.57122820585041
"286",96,96,1,14.8603126550642,7.57278309992743
"287",96,96,2,12.3804550644284,7.57278309992743
"288",96,96,3,13.403807941463,7.57278309992743
"289",97,97,1,15.4597507593672,7.5733235718701
"290",97,97,2,14.0604161040477,7.5733235718701
"291",97,97,3,14.2426079579049,7.5733235718701
"292",98,98,1,13.7789570867764,7.57004605077998
"293",98,98,2,15.3983622961041,7.57004605077998
"294",98,98,3,13.6122164567989,7.57004605077998
"295",99,99,1,14.1256962987643,7.55951593640825
"296",99,99,2,15.4183532339536,7.55951593640825
"297",99,99,3,13.9108927724421,7.55951593640825
"298",100,100,1,13.9053463879386,7.50120477175338
"299",100,100,2,12.4244834765848,7.50120477175338
"300",100,100,3,13.8044990929002,7.50120477175338
"301",101,101,1,15.614404041031,7.50178780050318
"302",101,101,2,14.4524803249409,7.50178780050318
"303",101,101,3,9.87881017969438,7.50178780050318
"304",102,102,1,12.7757387651593,7.50279846091757
"305",102,102,2,14.6770921536924,7.50279846091757
"306",102,102,3,12.590627865024,7.50279846091757
"307",103,103,1,15.5784065478422,7.50012715715848
"308",103,103,2,12.9215663888996,7.50012715715848
"309",103,103,3,13.3506871324178,7.50012715715849
"310",104,104,1,15.6555423797729,7.50125648197375
"311",104,104,2,13.4703377014038,7.50125648197375
"312",104,104,3,12.6249665484581,7.50125648197375
"313",105,105,1,15.5341043945724,7.49564207538712
"314",105,105,2,14.4154760371323,7.49564207538712
"315",105,105,3,12.2528834319264,7.49564207538712
"316",106,106,1,15.432580808981,7.49539312008081
"317",106,106,2,13.8629458301232,7.4953931200808
"318",106,106,3,12.660672229296,7.4953931200808
"319",107,107,1,15.2635545086901,7.49635283467516
"320",107,107,2,12.993586533673,7.49635283467516
"321",107,107,3,13.1805250727921,7.49635283467516
"322",108,108,1,15.30975596527,7.49096763521345
"323",108,108,2,12.8622828019376,7.49096763521345
"324",108,108,3,14.8181238014565,7.49096763521345
"325",109,109,1,15.4535511063103,7.49074183084351
"326",109,109,2,11.3954659247732,7.49074183084351
"327",109,109,3,12.4740445978165,7.49074183084351
"328",110,110,1,13.9263928544652,7.4929921594532
"329",110,110,2,15.2892064978905,7.4929921594532
"330",110,110,3,12.236289320296,7.4929921594532
"331",111,111,1,15.6165177247367,7.49066044472663
"332",111,111,2,13.0462799390801,7.49066044472663
"333",111,111,3,13.9285802987822,7.49066044472663
"334",112,112,1,15.3719647990183,7.48920129573769
"335",112,112,2,11.4103059698815,7.48920129573769
"336",112,112,3,14.9412915569582,7.48920129573769
"337",113,113,1,10.2070871937612,7.49760428119284
"338",113,113,2,12.0297964916377,7.49760428119284
"339",113,113,3,12.105293326461,7.49760428119284
"340",114,114,1,15.4574536855945,7.50652017464951
"341",114,114,2,13.4879435292088,7.50652017464951
"342",114,114,3,12.5272068675572,7.50652017464951
"343",115,115,1,15.2735912650119,7.50482182232323
"344",115,115,2,12.4231599006248,7.50482182232323
"345",115,115,3,13.1357677417216,7.50482182232323
"346",116,116,1,13.04524785385,7.50343030257107
"347",116,116,2,15.7832795468647,7.50343030257107
"348",116,116,3,13.3074140540605,7.50343030257107
"349",117,117,1,12.4738985801054,7.50493895789052
"350",117,117,2,12.5005741225512,7.50493895789052
"351",117,117,3,15.5762641665556,7.50493895789052
"352",118,118,1,11.6377938427015,7.50434656027974
"353",118,118,2,14.7447882988585,7.50434656027974
"354",118,118,3,13.5978388722356,7.50434656027974
"355",119,119,1,14.0959686841947,7.49564005464099
"356",119,119,2,15.0695737487963,7.49564005464098
"357",119,119,3,12.8729276113067,7.49564005464098
"358",120,120,1,11.8439080597799,7.49838399211195
"359",120,120,2,14.8172595409462,7.49838399211195
"360",120,120,3,14.6860034845704,7.49838399211195
"361",121,121,1,12.3410444745582,7.49891186676494
"362",121,121,2,15.1761354938691,7.49891186676494
"363",121,121,3,12.1318324598882,7.49891186676494
"364",122,122,1,13.3582321838492,7.49222562414151
"365",122,122,2,14.5835195013243,7.49222562414151
"366",122,122,3,13.9843110105415,7.49222562414151
"367",123,123,1,15.6784264360581,7.49334128699345
"368",123,123,2,13.6784460013734,7.49334128699345
"369",123,123,3,12.6845000499518,7.49334128699344
"370",124,124,1,13.5160493389388,7.49145873462638
"371",124,124,2,15.8590621594683,7.49145873462638
"372",124,124,3,13.5428419383731,7.49145873462638
"373",125,125,1,14.038419338683,7.48782986051476
"374",125,125,2,15.818108418159,7.48782986051476
"375",125,125,3,12.785647267632,7.48782986051476
"376",126,126,1,14.6055351926125,7.48637083243335
"377",126,126,2,12.5166050746867,7.48637083243335
"378",126,126,3,12.7918904390645,7.48637083243335
"379",127,127,1,15.1874057717338,7.48790990887859
"380",127,127,2,14.0052160300109,7.48790990887858
"381",127,127,3,10.1112607531743,7.48790990887858
"382",128,128,1,14.9104339511988,7.49620409701027
"383",128,128,2,13.0669689149623,7.49620409701027
"384",128,128,3,15.8820262692737,7.49620409701027
"385",129,129,1,12.5809242893994,7.4951334035069
"386",129,129,2,13.2952099452107,7.4951334035069
"387",129,129,3,15.4759456974225,7.4951334035069
"388",130,130,1,13.568005587577,7.47957902452298
"389",130,130,2,13.4164208273668,7.47957902452298
"390",130,130,3,15.6969594073143,7.47957902452298
"391",131,131,1,14.0869641597669,7.4799938364633
"392",131,131,2,10.4896181189012,7.47999383646329
"393",131,131,3,15.2382232466403,7.4799938364633
"394",132,132,1,14.0534334164206,7.48408305671313
"395",132,132,2,14.6288567305662,7.48408305671313
"396",132,132,3,12.8808727008031,7.48408305671313
"397",133,133,1,13.8842174363984,7.48305826309261
"398",133,133,2,14.9707627270121,7.4830582630926
"399",133,133,3,12.504304917319,7.4830582630926
"400",134,134,1,15.8251987763386,7.48315082213787
"401",134,134,2,13.5496673799773,7.48315082213787
"402",134,134,3,13.5660087185508,7.48315082213787
"403",135,135,1,11.5611564398846,7.480725688211
"404",135,135,2,15.9027529051418,7.480725688211
"405",135,135,3,12.0446122865007,7.480725688211
"406",136,136,1,15.2102729916913,7.48160481994454
"407",136,136,2,13.0617285140519,7.48160481994454
"408",136,136,3,13.1216372320596,7.48160481994454
"409",137,137,1,14.771790068486,7.47867779796884
"410",137,137,2,12.0758517373306,7.47867779796884
"411",137,137,3,13.8549527412915,7.47867779796884
"412",138,138,1,15.3279728744255,7.48026704304217
"413",138,138,2,14.0732336557252,7.48026704304217
"414",138,138,3,9.37068927955259,7.48026704304217
"415",139,139,1,15.3365845676182,7.49413265274574
"416",139,139,2,12.0271103910479,7.49413265274574
"417",139,139,3,12.1527174967593,7.49413265274574
"418",140,140,1,13.557314820973,7.49584992795921
"419",140,140,2,12.3111693617798,7.49584992795921
"420",140,140,3,14.1123665102207,7.49584992795921
"421",141,141,1,14.8999443377987,7.4378308950077
"422",141,141,2,13.64799671431,7.4378308950077
"423",141,141,3,15.7026153524204,7.4378308950077
"424",142,142,1,13.6399688455508,7.4375200817728
"425",142,142,2,13.6837795575846,7.4375200817728
"426",142,142,3,15.0665551561515,7.4375200817728
"427",143,143,1,12.6265854641136,7.43657272402142
"428",143,143,2,13.9396998600561,7.43657272402142
"429",143,143,3,14.9518922069284,7.43657272402142
"430",144,144,1,12.7257783952447,7.43336477750214
"431",144,144,2,14.9336993676038,7.43336477750214
"432",144,144,3,13.6384585991654,7.43336477750214
"433",145,145,1,14.017955220792,7.4310667528844
"434",145,145,2,15.2586879517134,7.4310667528844
"435",145,145,3,12.3044322642111,7.4310667528844
"436",146,146,1,10.6715641051233,7.43971994881885
"437",146,146,2,12.7738036329606,7.43971994881885
"438",146,146,3,15.833215691931,7.43971994881885
"439",147,147,1,12.5483833179524,7.44025135031432
"440",147,147,2,12.3158460603691,7.44025135031432
"441",147,147,3,15.6186862945324,7.44025135031432
"442",148,148,1,11.4161176564212,7.44589953517343
"443",148,148,2,15.3420634769627,7.44589953517343
"444",148,148,3,14.046067550016,7.44589953517343
"445",149,149,1,13.8164769542735,7.44404021375979
"446",149,149,2,15.3340231488219,7.44404021375979
"447",149,149,3,12.2662953576919,7.44404021375979
"448",150,150,1,12.7544660481371,7.44688082189575
"449",150,150,2,15.2609244302828,7.44688082189575
"450",150,150,3,12.5698082258339,7.44688082189575
"451",151,151,1,14.1733442985856,7.44496529868661
"452",151,151,2,14.4430796311012,7.44496529868661
"453",151,151,3,12.4704697246238,7.44496529868661
"454",152,152,1,15.8669133875671,7.43002094072594
"455",152,152,2,12.4756848057624,7.43002094072594
"456",152,152,3,15.4347519530352,7.43002094072595
"457",153,153,1,12.8745214328421,7.42883304380839
"458",153,153,2,12.7639936619693,7.42883304380839
"459",153,153,3,4.64020250282373,7.42883304380839
"460",154,154,1,15.6208012536299,7.48834787344852
"461",154,154,2,15.8753103670342,7.48834787344852
"462",154,154,3,12.2902895223059,7.48834787344852
"463",155,155,1,11.4398015799154,7.49649561557775
"464",155,155,2,15.5385687765031,7.49649561557775
"465",155,155,3,13.5027933030319,7.49649561557775
"466",156,156,1,15.0059880398729,7.49359011255962
"467",156,156,2,12.1892631763962,7.49359011255962
"468",156,156,3,14.1767398899111,7.49359011255962
"469",157,157,1,14.8609874784899,7.49205493963656
"470",157,157,2,10.8327887241393,7.49205493963656
"471",157,157,3,12.4440682258795,7.49205493963657
"472",158,158,1,13.2063277465917,7.49956898815753
"473",158,158,2,14.9852134448496,7.49956898815753
"474",158,158,3,12.3438377110727,7.49956898815753
"475",159,159,1,15.0309627616382,7.50105981571718
"476",159,159,2,12.2744769090945,7.50105981571718
"477",159,159,3,15.8581779686088,7.50105981571718
"478",160,160,1,13.7450747551659,7.50142237185427
"479",160,160,2,12.8582894297454,7.50142237185427
"480",160,160,3,12.1769787528979,7.50142237185427
"481",161,161,1,15.7891124618915,7.50282655131335
"482",161,161,2,13.4432370791592,7.50282655131335
"483",161,161,3,12.8655416454369,7.50282655131335
"484",162,162,1,15.2281024575327,7.49980717879368
"485",162,162,2,13.6212242894962,7.49980717879368
"486",162,162,3,14.1875607770504,7.49980717879368
"487",163,163,1,15.622886595853,7.49056605423212
"488",163,163,2,15.8926819364279,7.49056605423212
"489",163,163,3,13.9564234568478,7.49056605423212
"490",164,164,1,13.9654144011366,7.49200398785446
"491",164,164,2,15.8481691928803,7.49200398785446
"492",164,164,3,13.2333820502577,7.49200398785446
"493",165,165,1,8.64883989429425,7.51436351393237
"494",165,165,2,14.9753129756447,7.51436351393237
"495",165,165,3,13.8553926344354,7.51436351393237
"496",166,166,1,14.168273740906,7.51195899897725
"497",166,166,2,14.8996906354242,7.51195899897725
"498",166,166,3,12.4983844339362,7.51195899897725
"499",167,167,1,14.3952691938439,7.51290329324944
"500",167,167,2,13.4758214032706,7.51290329324944
"501",167,167,3,12.5294891743764,7.51290329324944
"502",168,168,1,15.6775154561399,7.51536895794321
"503",168,168,2,15.9227770986825,7.51536895794321
"504",168,168,3,12.0497992928172,7.51536895794321
"505",169,169,1,10.5771965475907,7.52582365811854
"506",169,169,2,15.6736129419462,7.52582365811854
"507",169,169,3,12.4629774566133,7.52582365811854
"508",170,170,1,15.0277705670422,7.52521769151105
"509",170,170,2,12.2942538955601,7.52521769151105
"510",170,170,3,15.1272200427992,7.52521769151105
"511",171,171,1,11.7290829506873,7.52532768612478
"512",171,171,2,15.7507714583657,7.52532768612478
"513",171,171,3,13.7520650974068,7.52532768612478
"514",172,172,1,13.1116161570337,7.52272379906831
"515",172,172,2,15.7080705622615,7.52272379906831
"516",172,172,3,12.5247555449657,7.52272379906831
"517",173,173,1,11.8970377916808,7.52697368569883
"518",173,173,2,15.2391163638105,7.52697368569883
"519",173,173,3,12.4733510990424,7.52697368569883
"520",174,174,1,15.4102894448568,7.45082803218461
"521",174,174,2,12.9495319817608,7.45082803218461
"522",174,174,3,15.6468484495964,7.45082803218461
"523",175,175,1,14.6568769955255,7.45106389778453
"524",175,175,2,13.6099446187884,7.45106389778453
"525",175,175,3,13.9145067647483,7.45106389778453
"526",176,176,1,14.1017459161571,7.44839469032591
"527",176,176,2,13.4997190363841,7.4483946903259
"528",176,176,3,12.3555955544625,7.4483946903259
"529",177,177,1,15.6567473104067,7.44295535047123
"530",177,177,2,11.9911843537337,7.44295535047123
"531",177,177,3,15.6731602788694,7.44295535047123
"532",178,178,1,12.5891605266614,7.44500862825
"533",178,178,2,12.721168363501,7.44500862825
"534",178,178,3,14.6077803650004,7.44500862825
"535",179,179,1,12.283339923689,7.44287753840408
"536",179,179,2,15.4010209594409,7.44287753840407
"537",179,179,3,12.3656006370334,7.44287753840407
"538",180,180,1,4.23893572765478,7.51441759838086
"539",180,180,2,12.2512751499128,7.51441759838086
"540",180,180,3,13.8038016233314,7.51441759838086
"541",181,181,1,14.0935594010533,7.51511892602291
"542",181,181,2,11.5107052073847,7.51511892602291
"543",181,181,3,16.3838658238064,7.51511892602291
"544",182,182,1,16.6410830684969,7.52822302485722
"545",182,182,2,16.6410830684969,7.52822302485722
"546",182,182,3,10.6372528261093,7.52822302485722
"547",183,183,1,15.9826320030242,7.54378775085752
"548",183,183,2,15.5714240106822,7.54378775085752
"549",183,183,3,16.2541473281113,7.54378775085752
"550",184,184,1,13.3943882280543,7.55246662786365
"551",184,184,2,15.613189744255,7.55246662786365
"552",184,184,3,13.7937984366983,7.55246662786364
"553",185,185,1,15.4336176399816,7.55410722060185
"554",185,185,2,14.7291221306043,7.55410722060185
"555",185,185,3,12.6959273700854,7.55410722060185
"556",186,186,1,14.6378428882908,7.55352602289447
"557",186,186,2,13.2163712020755,7.55352602289447
"558",186,186,3,15.5453580540803,7.55352602289447
"559",187,187,1,13.1817037591774,7.55472002658013
"560",187,187,2,15.658962937958,7.55472002658014
"561",187,187,3,14.8375286705171,7.55472002658013
"562",188,188,1,13.5831322801889,7.55554664139738
"563",188,188,2,15.7855365439875,7.55554664139738
"564",188,188,3,15.5771314676234,7.55554664139738
"565",189,189,1,13.4913181391481,7.48038718944653
"566",189,189,2,15.5608731432582,7.48038718944653
"567",189,189,3,13.1743713636971,7.48038718944653
"568",190,190,1,15.5216087728918,7.47924901143836
"569",190,190,2,14.4582048547527,7.47924901143836
"570",190,190,3,13.0911623335726,7.47924901143836
"571",191,191,1,13.0848562881917,7.4799467552122
"572",191,191,2,15.1519967900904,7.4799467552122
"573",191,191,3,13.875390640339,7.4799467552122
"574",192,192,1,12.7907686309665,7.47786183073834
"575",192,192,2,15.4614373039763,7.47786183073834
"576",192,192,3,14.2227697067591,7.47786183073834
"577",193,193,1,15.6441463527045,7.47594561547151
"578",193,193,2,13.2503702924203,7.47594561547151
"579",193,193,3,15.5297082395863,7.47594561547151
"580",194,194,1,10.4028027386227,7.4716635671029
"581",194,194,2,12.6100249324245,7.4716635671029
"582",194,194,3,12.7715289953856,7.4716635671029
"583",195,195,1,14.5406919302324,7.47353147492825
"584",195,195,2,13.4574933015114,7.47353147492825
"585",195,195,3,13.9576368658838,7.47353147492825
"586",196,196,1,15.3190298401645,7.46841314163067
"587",196,196,2,13.1646715286744,7.46841314163067
"588",196,196,3,15.1351375730778,7.46841314163067
"589",197,197,1,13.6928621552961,7.46524211986531
"590",197,197,2,15.579372718993,7.46524211986531
"591",197,197,3,13.1243614594841,7.46524211986531
"592",198,198,1,14.8421025918547,7.42297702575424
"593",198,198,2,15.6648676216302,7.42297702575424
"594",198,198,3,11.6537146687112,7.42297702575424
"595",199,199,1,14.2285815213888,7.42583241714608
"596",199,199,2,14.2701983293859,7.42583241714608
"597",199,199,3,13.7569243640884,7.42583241714607
"598",200,200,1,12.4398161574916,7.41980526722831
"599",200,200,2,15.32906298989,7.41980526722831
"600",200,200,3,14.0546813904146,7.41980526722831
"601",201,201,1,15.5666975456858,7.41529161310325
"602",201,201,2,13.4287677319935,7.41529161310325
"603",201,201,3,12.7640684561493,7.41529161310325
"604",202,202,1,12.8785068183449,7.40942133392042
"605",202,202,2,15.4865665142891,7.40942133392042
"606",202,202,3,14.5976143366592,7.40942133392042
"607",203,203,1,12.7370250494552,7.41102641100484
"608",203,203,2,15.3274103898324,7.41102641100484
"609",203,203,3,12.8435560483019,7.41102641100484
"610",204,204,1,15.8030329489771,7.40737740706969
"611",204,204,2,13.8687253317573,7.40737740706969
"612",204,204,3,15.600310753286,7.40737740706969
"613",205,205,1,9.98618804305315,7.41749571021096
"614",205,205,2,11.5392140598353,7.41749571021096
"615",205,205,3,15.4542514639597,7.41749571021096
"616",206,206,1,12.6615150692595,7.42154759770017
"617",206,206,2,13.5241280166971,7.42154759770017
"618",206,206,3,15.5056171735548,7.42154759770017
"619",207,207,1,12.6041600616611,7.42332101656882
"620",207,207,2,15.5809635879965,7.42332101656882
"621",207,207,3,13.7623511651717,7.42332101656882
"622",208,208,1,13.3518817438714,7.4215068434549
"623",208,208,2,15.5996957512995,7.4215068434549
"624",208,208,3,13.2118310268977,7.4215068434549
"625",209,209,1,12.2678853394751,7.4124120132532
"626",209,209,2,12.7109402032444,7.41241201325321
"627",209,209,3,15.4786130541618,7.41241201325321
"628",210,210,1,14.4340004744606,7.40413213081209
"629",210,210,2,14.1913548904678,7.40413213081209
"630",210,210,3,12.1768322512722,7.40413213081208
"631",211,211,1,15.226529114196,7.37288721676061
"632",211,211,2,12.4244516787773,7.37288721676061
"633",211,211,3,10.9964558978566,7.37288721676061
"634",212,212,1,14.9301062344028,7.36898185740328
"635",212,212,2,14.3780049267404,7.36898185740328
"636",212,212,3,10.825861063685,7.36898185740328
"637",213,213,1,12.7113027038698,7.37265774373315
"638",213,213,2,15.543983137073,7.37265774373315
"639",213,213,3,13.2650159572737,7.37265774373315
"640",214,214,1,15.3362374037194,7.36929818859837
"641",214,214,2,13.5072464674006,7.36929818859837
"642",214,214,3,13.5892508648656,7.36929818859837
"643",215,215,1,15.5144518145517,7.36116824190275
"644",215,215,2,12.6085165554314,7.36116824190275
"645",215,215,3,15.7811730528381,7.36116824190275
"646",216,216,1,13.1990384681904,7.35746653668436
"647",216,216,2,11.7758560666856,7.35746653668436
"648",216,216,3,12.2404486688297,7.35746653668436
"649",217,217,1,14.4903469337547,7.35970562222042
"650",217,217,2,11.7398255536466,7.35970562222042
"651",217,217,3,15.705966074058,7.35970562222041
"652",218,218,1,11.3629234645063,7.35787539207303
"653",218,218,2,12.0844419857084,7.35787539207303
"654",218,218,3,15.8058807518267,7.35787539207303
"655",219,219,1,13.6126969729743,7.36157755677818
"656",219,219,2,13.6009093191097,7.36157755677818
"657",219,219,3,6.9349910587175,7.36157755677818
"658",220,220,1,15.1462793165521,7.38231049478466
"659",220,220,2,12.3732782838255,7.38231049478466
"660",220,220,3,15.80447966812,7.38231049478466
"661",221,221,1,12.0102482559303,7.38180177175642
"662",221,221,2,15.0186882445849,7.38180177175642
"663",221,221,3,13.9427634013518,7.38180177175642
"664",222,222,1,12.3249974538987,7.38043357780341
"665",222,222,2,15.4626487067955,7.38043357780341
"666",222,222,3,12.2186864467418,7.38043357780341
"667",223,223,1,12.7025946201384,7.38110461471119
"668",223,223,2,15.5794320834939,7.38110461471119
"669",223,223,3,13.2880147822601,7.38110461471119
"670",224,224,1,14.6900679065695,7.38306675992483
"671",224,224,2,15.9573152112053,7.38306675992483
"672",224,224,3,11.7390654419283,7.38306675992483
"673",225,225,1,15.7568447096422,7.38594359686845
"674",225,225,2,15.5128563526742,7.38594359686845
"675",225,225,3,12.6204852846178,7.38594359686844
"676",226,226,1,15.8834519744571,7.16785563455192
"677",226,226,2,12.2854674559723,7.16785563455192
"678",226,226,3,13.4292808749491,7.16785563455192
"679",227,227,1,15.8370394549169,7.16432774196565
"680",227,227,2,12.6357485935291,7.16432774196564
"681",227,227,3,11.9299521831443,7.16432774196564
"682",228,228,1,12.8151580921463,7.16554001692424
"683",228,228,2,16.0968430561779,7.16554001692424
"684",228,228,3,12.1416691616234,7.16554001692424
"685",229,229,1,15.1602274528134,7.16661030279356
"686",229,229,2,16.1906534910828,7.16661030279356
"687",229,229,3,13.2187540026595,7.16661030279356
"688",230,230,1,15.6437467889141,7.14969594082181
"689",230,230,2,13.8791497120917,7.14969594082181
"690",230,230,3,12.3451266533075,7.14969594082181
"691",231,231,1,15.429590677122,7.15238192403466
"692",231,231,2,11.7997686385369,7.15238192403466
"693",231,231,3,12.6789642880212,7.15238192403466
"694",232,232,1,9.70406429895639,7.15796004408081
"695",232,232,2,12.6639213245914,7.15796004408081
"696",232,232,3,15.5939916534641,7.15796004408081
"697",233,233,1,12.9215017575078,7.15956239684904
"698",233,233,2,15.4552374974503,7.15956239684904
"699",233,233,3,11.5522528320361,7.15956239684904
"700",234,234,1,15.8504611034056,7.15559020839977
"701",234,234,2,12.1650855348834,7.15559020839977
"702",234,234,3,15.6269629243137,7.15559020839977
"703",235,235,1,11.5083856592342,7.15577415910969
"704",235,235,2,15.574841563658,7.15577415910969
"705",235,235,3,13.8419322792815,7.15577415910969
"706",236,236,1,11.0363512854932,7.15908473582189
"707",236,236,2,12.8021226422769,7.15908473582189
"708",236,236,3,14.924805230751,7.15908473582189
"709",237,237,1,13.7677422570648,7.16002864284745
"710",237,237,2,11.8254935805019,7.16002864284745
"711",237,237,3,15.5850874817587,7.16002864284745
"712",238,238,1,12.119768274771,7.16242248157852
"713",238,238,2,15.9268882684505,7.16242248157852
"714",238,238,3,12.809123335355,7.16242248157852
"715",239,239,1,15.8167812761945,7.16247521828576
"716",239,239,2,14.24968012661,7.16247521828575
"717",239,239,3,13.9991944283747,7.16247521828576
"718",240,240,1,11.9750213367872,7.15378199148943
"719",240,240,2,14.9310250621291,7.15378199148943
"720",240,240,3,12.302765886292,7.15378199148943
"721",241,241,1,15.7815266215149,7.13323817431032
"722",241,241,2,11.9652317923605,7.13323817431032
"723",241,241,3,11.9841633913476,7.13323817431032
"724",242,242,1,15.747760732275,7.13665409340524
"725",242,242,2,13.2627021212175,7.13665409340524
"726",242,242,3,15.7998948290104,7.13665409340524
"727",243,243,1,13.1501099030559,7.13835522805473
"728",243,243,2,13.364556002393,7.13835522805473
"729",243,243,3,11.7183668280702,7.13835522805473
"730",244,244,1,15.8830085509064,7.13971760923375
"731",244,244,2,11.0719585785808,7.13971760923375
"732",244,244,3,15.0112181583526,7.13971760923375
"733",245,245,1,12.3377452817932,7.13774362854346
"734",245,245,2,13.3499825022083,7.13774362854346
"735",245,245,3,15.3111921167626,7.13774362854346
"736",246,246,1,12.7411063764775,7.12138664345027
"737",246,246,2,15.2916719799573,7.12138664345026
"738",246,246,3,9.23168152356935,7.12138664345027
"739",247,247,1,11.2891246994643,7.13437769203477
"740",247,247,2,15.808630316701,7.13437769203477
"741",247,247,3,15.8102273151523,7.13437769203477
"742",248,248,1,15.5145719628677,7.127682882185
"743",248,248,2,11.7564134244217,7.12768288218499
"744",248,248,3,15.2741780265065,7.12768288218499
"745",249,249,1,15.9835302865554,7.13165009406659
"746",249,249,2,13.0615173631823,7.13165009406659
"747",249,249,3,13.4806618394614,7.13165009406659
"748",250,250,1,15.081177656986,7.13077670928988
"749",250,250,2,11.8054678992657,7.13077670928988
"750",250,250,3,15.8380954466302,7.13077670928988
"751",251,251,1,11.0993578147,7.1339336379714
"752",251,251,2,13.0867980270803,7.1339336379714
"753",251,251,3,12.4178861109394,7.13393363797141
"754",252,252,1,15.1900045733737,7.13515142424649
"755",252,252,2,14.0546148501579,7.13515142424649
"756",252,252,3,15.9335483383651,7.13515142424649
"757",253,253,1,11.1329729573129,7.13984481543964
"758",253,253,2,15.3788711697756,7.13984481543964
"759",253,253,3,11.8392849472878,7.13984481543964
"760",254,254,1,12.6581843113705,7.1377272263618
"761",254,254,2,14.4994514264522,7.1377272263618
"762",254,254,3,11.6299025019007,7.1377272263618
"763",255,255,1,13.0560228023985,7.12725021950508
"764",255,255,2,15.223569045005,7.12725021950508
"765",255,255,3,11.6477667106453,7.12725021950508
"766",256,256,1,12.2436185383457,7.12638495957548
"767",256,256,2,15.2637189804093,7.12638495957548
"768",256,256,3,12.8872997951041,7.12638495957548
"769",257,257,1,15.7268446379696,7.12972363681087
"770",257,257,2,12.1795224954394,7.12972363681088
"771",257,257,3,11.6387920311051,7.12972363681087
"772",258,258,1,15.8488592767884,7.13033039951824
"773",258,258,2,12.7007857113625,7.13033039951824
"774",258,258,3,9.0434888766972,7.13033039951824
"775",259,259,1,11.512251736006,7.14129359560757
"776",259,259,2,15.276554672688,7.14129359560757
"777",259,259,3,12.6590996995993,7.14129359560757
"778",260,260,1,14.9273724327953,7.14154471776052
"779",260,260,2,13.9344273874854,7.14154471776052
"780",260,260,3,13.8054734854971,7.14154471776052
"781",261,261,1,11.6123639463522,7.13799129490991
"782",261,261,2,15.720857796111,7.13799129490991
"783",261,261,3,11.4892872681568,7.13799129490991
"784",262,262,1,11.5051684411229,7.13689988718753
"785",262,262,2,4.43452024575835,7.13689988718753
"786",262,262,3,13.5346461200131,7.13689988718753
"787",263,263,1,15.6697183546347,7.18439007611038
"788",263,263,2,11.4169691762853,7.18439007611038
"789",263,263,3,12.8589020567712,7.18439007611038
"790",264,264,1,12.1271554314227,7.1864122915976
"791",264,264,2,14.4055478357477,7.1864122915976
"792",264,264,3,14.1961134364643,7.1864122915976
"793",265,265,1,15.6275413182151,7.18740119075065
"794",265,265,2,13.2495506376983,7.18740119075066
"795",265,265,3,11.6526055304625,7.18740119075066
"796",266,266,1,15.691872154486,7.1902342800436
"797",266,266,2,13.5389872861933,7.1902342800436
"798",266,266,3,12.904385998561,7.1902342800436
"799",267,267,1,11.6127510239129,7.18866436494223
"800",267,267,2,15.6821616592355,7.18866436494223
"801",267,267,3,11.047019371609,7.18866436494223
"802",268,268,1,14.0821830360219,7.141780829839
"803",268,268,2,12.5016393849543,7.141780829839
"804",268,268,3,14.513240395404,7.141780829839
"805",269,269,1,14.280614291794,7.14131638303628
"806",269,269,2,11.8021945592541,7.14131638303628
"807",269,269,3,14.8802834162696,7.14131638303628
"808",270,270,1,13.1960033353475,7.1425547921663
"809",270,270,2,11.2128236728843,7.1425547921663
"810",270,270,3,15.7243979854012,7.1425547921663
"811",271,271,1,12.4800654487796,7.1461422676022
"812",271,271,2,13.3696633529627,7.1461422676022
"813",271,271,3,15.5712581661929,7.14614226760219
"814",272,272,1,12.8880834287301,7.14612259024224
"815",272,272,2,13.8206263096493,7.14612259024225
"816",272,272,3,12.5952713296019,7.14612259024225
"817",273,273,1,11.4865371296699,7.1426819408315
"818",273,273,2,14.36229356337,7.1426819408315
"819",273,273,3,3.02768229374767,7.1426819408315
"820",274,274,1,12.1018297550119,7.20294543236512
"821",274,274,2,14.9330750011349,7.20294543236512
"822",274,274,3,12.2330795346335,7.20294543236512
"823",275,275,1,15.5429661711652,7.20255681896222
"824",275,275,2,13.6005332663891,7.20255681896222
"825",275,275,3,14.30601737224,7.20255681896222
"826",276,276,1,12.018970830463,7.19960499692535
"827",276,276,2,13.445787437056,7.19960499692535
"828",276,276,3,12.5571560417218,7.19960499692535
"829",277,277,1,11.4196687916902,7.19970798851618
"830",277,277,2,12.8482589873112,7.19970798851618
"831",277,277,3,14.8039927267313,7.19970798851618
"832",278,278,1,12.8702250891205,7.19705774815615
"833",278,278,2,15.6044262469291,7.19705774815615
"834",278,278,3,13.8755147578424,7.19705774815616
"835",279,279,1,11.6732543057069,7.17271007808392
"836",279,279,2,15.6181072396152,7.17271007808392
"837",279,279,3,12.0726528349737,7.17271007808392
"838",280,280,1,13.410822895743,7.16996271800854
"839",280,280,2,15.6404266223129,7.16996271800854
"840",280,280,3,12.9791843095316,7.16996271800854
"841",281,281,1,14.3236610331827,7.16941643413533
"842",281,281,2,14.0373859469232,7.16941643413533
"843",281,281,3,11.3782084790014,7.16941643413533
"844",282,282,1,11.3890875461227,7.17173486391534
"845",282,282,2,15.1017010764853,7.17173486391534
"846",282,282,3,12.0300686855528,7.17173486391534
"847",283,283,1,14.523390933949,7.16620181105595
"848",283,283,2,13.2410517293984,7.16620181105595
"849",283,283,3,15.4445750523544,7.16620181105595
"850",284,284,1,11.1076906882597,7.17006368699316
"851",284,284,2,12.006945101479,7.17006368699316
"852",284,284,3,9.59617795114638,7.17006368699316
"853",285,285,1,15.5790253181587,7.17346441661778
"854",285,285,2,12.2085300078069,7.17346441661778
"855",285,285,3,13.4423006951429,7.17346441661778
"856",286,286,1,15.6697729037533,7.17454815191816
"857",286,286,2,13.3140951426421,7.17454815191816
"858",286,286,3,14.8983882538437,7.17454815191816
"859",287,287,1,11.5470081721411,7.17340115074045
"860",287,287,2,14.9329986833243,7.17340115074045
"861",287,287,3,11.8731375698188,7.17340115074045
"862",288,288,1,15.7918090009657,7.17408425816915
"863",288,288,2,12.8091372669861,7.17408425816915
"864",288,288,3,12.539951743855,7.17408425816915
"865",289,289,1,13.0023829029439,7.17121153315901
"866",289,289,2,15.7317313091088,7.17121153315901
"867",289,289,3,11.1849504355328,7.17121153315901
"868",290,290,1,13.5123435668919,7.17229279339176
"869",290,290,2,11.9081379280413,7.17229279339176
"870",290,290,3,12.8706613113517,7.17229279339176
"871",291,291,1,14.9825514552779,7.17327036465687
"872",291,291,2,12.886813293687,7.17327036465687
"873",291,291,3,15.4016990875961,7.17327036465687
"874",292,292,1,12.7498876105185,7.17032900952478
"875",292,292,2,13.0895503799561,7.17032900952478
"876",292,292,3,15.379069707911,7.17032900952478
"877",293,293,1,13.0473358111825,7.17166427919099
"878",293,293,2,12.3863657697917,7.17166427919099
"879",293,293,3,15.562872279388,7.17166427919099
"880",294,294,1,13.8511906428066,7.16279693494253
"881",294,294,2,12.7377990853066,7.16279693494253
"882",294,294,3,12.2514901291571,7.16279693494253
"883",295,295,1,11.1282277239855,7.16335531707383
"884",295,295,2,14.4291792144388,7.16335531707383
"885",295,295,3,13.960800962415,7.16335531707383
"886",296,296,1,11.8734371703001,7.15896991985799
"887",296,296,2,14.54403688028,7.15896991985799
"888",296,296,3,12.051902067387,7.15896991985799
"889",297,297,1,11.2910313192875,7.16015259695842
"890",297,297,2,14.8456396801118,7.16015259695842
"891",297,297,3,12.2448618275588,7.16015259695842
"892",298,298,1,15.4267291681516,7.15957117486814
"893",298,298,2,10.7212331756992,7.15957117486814
"894",298,298,3,10.6002938130254,7.15957117486814
"895",299,299,1,15.3686963129244,7.163699451599
"896",299,299,2,13.5444399895548,7.163699451599
"897",299,299,3,8.96155215279686,7.163699451599
"898",300,300,1,11.7810126092312,7.17088375699374
"899",300,300,2,13.6646011815628,7.17088375699374
"900",300,300,3,10.8155551500462,7.17088375699374
"901",301,301,1,10.0834057289749,7.17409234108764
"902",301,301,2,15.3505886690695,7.17409234108764
"903",301,301,3,14.2003565950393,7.17409234108764
"904",302,302,1,11.5262687491147,7.17431897569204
"905",302,302,2,14.8775116818048,7.17431897569204
"906",302,302,3,11.7595631771665,7.17431897569204
"907",303,303,1,11.4453147321202,7.17570953072985
"908",303,303,2,13.2004051312106,7.17570953072985
"909",303,303,3,14.0685143608682,7.17570953072985
"910",304,304,1,10.2174555575824,7.17469766065441
"911",304,304,2,15.379213703578,7.17469766065441
"912",304,304,3,12.023834058353,7.17469766065441
"913",305,305,1,10.6333438039062,7.16937964036601
"914",305,305,2,15.2659571072998,7.16937964036601
"915",305,305,3,13.6351520187403,7.16937964036601
"916",306,306,1,13.5414080816534,7.16882653003444
"917",306,306,2,11.2854436916088,7.16882653003444
"918",306,306,3,11.9998324151229,7.16882653003444
"919",307,307,1,14.9081003077186,7.16867401104263
"920",307,307,2,14.1470487736404,7.16867401104263
"921",307,307,3,10.9051261563093,7.16867401104263
"922",308,308,1,13.9759224062759,7.16157412925414
"923",308,308,2,12.0438959901586,7.16157412925414
"924",308,308,3,12.0754135499648,7.16157412925414
"925",309,309,1,14.3486697549739,7.1597024945222
"926",309,309,2,11.2192637458651,7.1597024945222
"927",309,309,3,15.282139454874,7.1597024945222
"928",310,310,1,12.3103754915512,7.15727978042718
"929",310,310,2,13.1088183442338,7.15727978042718
"930",310,310,3,9.96534254627084,7.15727978042718
"931",311,311,1,14.0530729469125,7.15690432268734
"932",311,311,2,12.84379163254,7.15690432268734
"933",311,311,3,14.5045800695111,7.15690432268734
"934",312,312,1,11.8911598952606,7.15520560957404
"935",312,312,2,14.6089505410107,7.15520560957404
"936",312,312,3,10.8838668587238,7.15520560957404
"937",313,313,1,10.9204493075139,7.15434804317236
"938",313,313,2,14.0987000396991,7.15434804317236
"939",313,313,3,11.2936170551735,7.15434804317236
"940",314,314,1,11.1828869625117,7.15544749431757
"941",314,314,2,15.29273954702,7.15544749431757
"942",314,314,3,7.32440150855427,7.15544749431757
"943",315,315,1,13.4729924480967,7.16569628315343
"944",315,315,2,15.4471140113221,7.16569628315343
"945",315,315,3,13.3715929456518,7.16569628315343
"946",316,316,1,14.2903961141353,7.16743666044453
"947",316,316,2,10.7984435371464,7.16743666044453
"948",316,316,3,10.6782495172863,7.16743666044453
"949",317,317,1,13.3327582523518,7.16953693809362
"950",317,317,2,10.2027163169143,7.16953693809362
"951",317,317,3,14.423244749939,7.16953693809362
"952",318,318,1,10.4121836118205,7.17005163236739
"953",318,318,2,12.9643216900712,7.17005163236739
"954",318,318,3,15.3242617155154,7.17005163236739
"955",319,319,1,11.2633062991111,7.17057036203007
"956",319,319,2,11.477851348289,7.17057036203007
"957",319,319,3,15.3743680502695,7.17057036203007
"958",320,320,1,10.2704135424938,7.17614584021525
"959",320,320,2,14.5763133296376,7.17614584021525
"960",320,320,3,12.5563397530216,7.17614584021525
"961",321,321,1,14.8340330057179,7.17481980352114
"962",321,321,2,11.533094425438,7.17481980352114
"963",321,321,3,15.2549900431453,7.17481980352114
"964",322,322,1,14.093044542911,7.17078114673926
"965",322,322,2,11.6233124202749,7.17078114673926
"966",322,322,3,11.7123117760455,7.17078114673926
"967",323,323,1,15.3014526592432,7.10161092654064
"968",323,323,2,12.4447838363123,7.10161092654064
"969",323,323,3,14.2012043422907,7.10161092654064
"970",324,324,1,10.1261626200203,7.09881232577468
"971",324,324,2,11.8852438202666,7.09881232577468
"972",324,324,3,14.9503598361674,7.09881232577468
"973",325,325,1,10.9700454796321,7.10152302772855
"974",325,325,2,14.1971863743277,7.10152302772855
"975",325,325,3,7.75285465963747,7.10152302772855
"976",326,326,1,12.7832789734403,7.11489519260726
"977",326,326,2,11.7576890115936,7.11489519260726
"978",326,326,3,14.3117388520635,7.11489519260726
"979",327,327,1,11.6809567757949,7.11423972191809
"980",327,327,2,15.0044836107718,7.11423972191809
"981",327,327,3,12.7744401811213,7.11423972191809
"982",328,328,1,12.6696214063684,7.11051578262326
"983",328,328,2,15.0413088144298,7.11051578262326
"984",328,328,3,11.4474426584815,7.11051578262326
"985",329,329,1,14.9101284578667,7.11030579828076
"986",329,329,2,13.4995940117333,7.11030579828076
"987",329,329,3,12.3202947207037,7.11030579828076
"988",330,330,1,12.7968347953731,7.10697846037711
"989",330,330,2,14.4501529875576,7.10697846037712
"990",330,330,3,12.1197303270033,7.10697846037711
"991",331,331,1,15.6453452882246,7.10650560567277
"992",331,331,2,12.5944760372965,7.10650560567277
"993",331,331,3,12.7125742018485,7.10650560567277
"994",332,332,1,14.9049860621421,7.10282023752178
"995",332,332,2,10.6741887836604,7.10282023752178
"996",332,332,3,15.4084181414033,7.10282023752178
"997",333,333,1,13.0171534020754,7.10320424683454
"998",333,333,2,11.3298118002215,7.10320424683454
"999",333,333,3,15.1214062557491,7.10320424683454
"1000",334,334,1,12.9084123342517,7.10376353214167
