"","quantile","score1.n","score1.w","score1_adj.n","score1_adj.w","score2.n","score2.w","score2_adj.n","score2_adj.w"
"1",0.9999,1,33,1,33,0.605542605542606,33,0.605542605542606,33
"2",0.9999,1,33,1,33,0.933929033929034,33,0.933929033929034,33
"3",0.9999,1,33,1,33,0.961538461538462,33,0.961538461538462,33
"4",0.9999,1,33,1,33,0.973366140032807,33,0.973366140032807,33
"5",0.9999,1,33,1,33,0.943722943722944,33,0.943722943722944,33
"6",0.9999,0.939393939393939,33,0.931034482758621,29,0.735630110630111,33,0.630832130832131,33
"7",0.9999,1,33,1,33,0.942470862470862,33,0.942470862470862,33
"8",0.9999,0.96969696969697,33,0.96969696969697,33,0.854369286257831,33,0.854369286257831,33
"9",0.9999,1,33,1,33,1,33,1,33
"10",0.9999,1,33,1,33,0.975966562173459,33,0.975966562173459,33
"11",0.9999,1,33,1,33,0.386868686868687,33,0.386868686868687,33
"12",0.9999,1,33,1,33,0.894784804567413,33,0.894784804567413,33
"13",0.9999,1,33,1,33,0.421588880102812,33,0.421588880102812,33
"14",0.9999,1,33,1,33,1,33,1,33
"15",0.9999,1,33,1,33,0.913026367571822,33,0.913026367571822,33
"16",0.9999,1,33,1,33,1,33,1,33
"17",0.9999,1,33,1,33,0.976969696969697,33,0.976969696969697,33
"18",0.9999,1,33,1,33,0.992685475444096,33,0.992685475444096,33
"19",0.9999,1,33,1,33,1,33,1,33
"20",0.9999,1,33,1,33,0.426262626262626,33,0.426262626262626,33
"21",0.9999,1,33,1,33,0.920454545454545,33,0.920454545454545,33
"22",0.9999,1,33,1,33,0.998877665544332,33,0.998877665544332,33
"23",0.9999,1,33,1,33,0.804269972451791,33,0.804269972451791,33
"24",0.9999,1,33,1,33,0.875082090252369,33,0.875082090252369,33
"25",0.9999,1,33,1,33,0.892785547785548,33,0.892785547785548,33
"26",0.9999,1,33,1,33,0.870791245791246,33,0.870791245791246,33
"27",0.9999,1,33,1,33,0.664141414141414,33,0.664141414141414,33
"28",0.9999,1,33,1,33,0.667171717171717,33,0.667171717171717,33
"29",0.9999,1,33,1,33,0.898863636363636,33,0.898863636363636,33
"30",0.9999,1,33,1,33,0.658916840735023,33,0.658916840735023,33
"31",0.9999,1,33,1,33,0.947811447811448,33,0.947811447811448,33
"32",0.9999,1,33,1,33,0.881118881118881,33,0.881118881118881,33
"33",0.9999,1,33,1,33,0.943181818181818,33,0.943181818181818,33
"34",0.9999,1,33,1,33,0.68287419651056,33,0.68287419651056,33
"35",0.9999,1,33,1,33,0.971145276292335,33,0.971145276292335,33
"36",0.9999,1,33,1,33,0.917892156862745,33,0.917892156862745,33
"37",0.9999,1,33,1,33,0.953823953823954,33,0.953823953823954,33
"38",0.9999,1,33,1,33,0.858891108891109,33,0.858891108891109,33
"39",0.9999,1,33,1,33,0.950558213716108,33,0.950558213716108,33
"40",0.9999,1,33,1,33,0.948077263866738,33,0.948077263866738,33
"41",0.9999,1,33,1,33,0.976604278074866,33,0.976604278074866,33
"42",0.9999,0.96969696969697,33,0.967741935483871,31,0.934370015948963,33,0.876794258373206,33
"43",0.9999,1,33,1,33,1,33,1,33
"44",0.9999,1,33,1,33,0.884078139496096,33,0.884078139496096,33
"45",0.9999,1,33,1,33,0.937229437229437,33,0.937229437229437,33
"46",0.9999,1,33,1,33,0.928571428571429,33,0.928571428571429,33
"47",0.9999,1,33,1,33,0.955381400208986,33,0.955381400208986,33
"48",0.9999,0.96969696969697,33,0.967741935483871,31,0.734923538793508,33,0.687076648841355,33
"49",0.9999,1,33,1,33,0.898395721925134,33,0.898395721925134,33
"50",0.9999,0.96969696969697,33,0.967741935483871,31,0.919674688057041,33,0.862633689839572,33
"51",0.9999,1,33,1,33,0.865354041669831,33,0.865354041669831,33
"52",0.9999,0.939393939393939,33,0.931034482758621,29,0.899669774669775,33,0.782051282051282,33
"53",0.9999,1,33,1,33,0.94969696969697,33,0.94969696969697,33
"54",0.9999,0.96969696969697,33,0.967741935483871,31,0.942760942760943,33,0.882154882154882,33
"55",0.9999,1,33,1,33,0.97006993006993,33,0.97006993006993,33
"56",0.9999,1,33,1,33,0.962962962962963,33,0.962962962962963,33
"57",0.9999,1,33,1,33,0.902814913844326,33,0.902814913844326,33
"58",0.9999,1,33,1,33,0.964127440412025,33,0.964127440412025,33
"59",0.9999,1,33,1,33,0.805387205387205,33,0.805387205387205,33
"60",0.9999,1,33,1,33,0.998877665544332,33,0.998877665544332,33
"61",0.9999,0.96969696969697,33,0.967741935483871,31,0.937229437229437,33,0.877705627705628,33
"62",0.9999,1,33,1,33,1,33,1,33
"63",0.9999,1,33,1,33,0.770987385819922,33,0.770987385819922,33
"64",0.9999,0.909090909090909,33,0.892857142857143,28,0.801776945057577,33,0.669381562662195,33
"65",0.9999,1,33,1,33,0.832269904009034,33,0.832269904009034,33
"66",0.9999,1,33,1,33,0.963869463869464,33,0.963869463869464,33
"67",0.9999,1,33,1,33,0.95959595959596,33,0.95959595959596,33
"68",0.9999,1,33,1,33,0.937165775401069,33,0.937165775401069,33
"69",0.9999,1,33,1,33,0.983164983164983,33,0.983164983164983,33
"70",0.9999,0.96969696969697,33,0.967741935483871,31,0.922520661157025,33,0.865867169720925,33
"71",0.9999,1,33,1,33,0.781146549528903,33,0.781146549528903,33
"72",0.9999,1,33,1,33,0.958974358974359,33,0.958974358974359,33
"73",0.9999,1,33,1,33,0.982517482517483,33,0.982517482517483,33
"74",0.9999,1,33,1,33,0.961445221445221,33,0.961445221445221,33
"75",0.9999,1,33,1,33,0.927346542346542,33,0.927346542346542,33
"76",0.9999,1,33,1,33,0.962703962703963,33,0.962703962703963,33
"77",0.9999,1,33,1,33,0.84768426018426,33,0.84768426018426,33
"78",0.9999,1,33,1,33,0.96,33,0.96,33
"79",0.9999,1,33,1,33,0.962703962703963,33,0.962703962703963,33
"80",0.9999,1,33,1,33,0.98489898989899,33,0.98489898989899,33
"81",0.9999,1,33,1,33,0.961881977671451,33,0.961881977671451,33
"82",0.9999,1,33,1,33,0.985370950888192,33,0.985370950888192,33
"83",0.9999,1,33,1,33,1,33,1,33
"84",0.9999,1,33,1,33,1,33,1,33
"85",0.9999,1,33,1,33,0.997835497835498,33,0.997835497835498,33
"86",0.9999,1,33,1,33,0.964285714285714,33,0.964285714285714,33
"87",0.9999,1,33,1,33,1,33,1,33
"88",0.9999,1,33,1,33,0.965327881994549,33,0.965327881994549,33
"89",0.9999,1,33,1,33,0.997474747474747,33,0.997474747474747,33
"90",0.9999,1,33,1,33,0.828424101151374,33,0.828424101151374,33
"91",0.9999,1,33,1,33,0.968013468013468,33,0.968013468013468,33
"92",0.9999,1,33,1,33,0.981191222570533,33,0.981191222570533,33
"93",0.9999,1,33,1,33,1,33,1,33
"94",0.9999,0.96969696969697,33,0.967741935483871,31,0.837789661319073,33,0.800356506238859,33
"95",0.9999,1,33,1,33,0.971861471861472,33,0.971861471861472,33
"96",0.9999,1,33,1,33,0.997755331088664,33,0.997755331088664,33
"97",0.9999,1,33,1,33,0.950146627565982,33,0.950146627565982,33
"98",0.9999,1,33,1,33,0.921457219251337,33,0.921457219251337,33
"99",0.9999,1,33,1,33,0.928313908313908,33,0.928313908313908,33
"100",0.9999,1,33,1,33,1,33,1,33
"101",0.9999,1,33,1,33,0.9335232668566,33,0.9335232668566,33
"102",0.9999,1,33,1,33,0.944055944055944,33,0.944055944055944,33
"103",0.9999,1,33,1,33,0.945075757575758,33,0.945075757575758,33
"104",0.9999,1,33,1,33,0.831168831168831,33,0.831168831168831,33
"105",0.9999,1,33,1,33,0.736843711843712,33,0.736843711843712,33
"106",0.9999,1,33,1,33,0.95627212293879,33,0.95627212293879,33
"107",0.9999,1,33,1,33,0.774103674103674,33,0.774103674103674,33
"108",0.9999,1,33,1,33,0.854626114626115,33,0.854626114626115,33
"109",0.9999,1,33,1,33,0.882190324295587,33,0.882190324295587,33
"110",0.9999,1,33,1,33,0.829142300194932,33,0.829142300194932,33
"111",0.9999,1,33,1,33,0.880746057061846,33,0.880746057061846,33
"112",0.9999,1,33,1,33,0.880070324931985,33,0.880070324931985,33
"113",0.9999,1,33,1,33,0.875376007391818,33,0.875376007391818,33
"114",0.9999,1,33,1,33,0.862567230749049,33,0.862567230749049,33
"115",0.9999,1,33,1,33,0.888053602085223,33,0.888053602085223,33
"116",0.9999,1,33,1,33,0.957070707070707,33,0.957070707070707,33
"117",0.9999,1,33,1,33,0.833333333333333,33,0.833333333333333,33
"118",0.9999,0.96969696969697,33,0.967741935483871,31,0.796969696969697,33,0.745454545454545,33
"119",0.9999,1,33,1,33,0.911845730027548,33,0.911845730027548,33
"120",0.9999,1,33,1,33,0.9103514620756,33,0.9103514620756,33
"121",0.9999,1,33,1,33,0.904138790502427,33,0.904138790502427,33
"122",0.9999,1,33,1,33,0.95,33,0.95,33
"123",0.9999,1,33,1,33,0.945151515151515,33,0.945151515151515,33
"124",0.9999,1,33,1,33,0.968652037617555,33,0.968652037617555,33
"125",0.9999,1,33,1,33,0.668962350780533,33,0.668962350780533,33
"126",0.9999,1,33,1,33,0.974207890874558,33,0.974207890874558,33
"127",0.9999,0.939393939393939,33,0.931034482758621,29,0.905844155844156,33,0.788961038961039,33
"128",0.9999,1,33,1,33,0.459090909090909,33,0.459090909090909,33
"129",0.9999,1,33,1,33,0.744138353229262,33,0.744138353229262,33
"130",0.9999,1,33,1,33,0.726515151515152,33,0.726515151515152,33
"131",0.9999,1,33,1,33,0.996632996632997,33,0.996632996632997,33
"132",0.9999,1,33,1,33,0.730808080808081,33,0.730808080808081,33
"133",0.9999,0.96969696969697,33,0.967741935483871,31,0.945295055821372,33,0.886204146730462,33
"134",0.9999,1,33,1,33,1,33,1,33
"135",0.9999,1,33,1,33,1,33,1,33
"136",0.9999,1,4,1,4,0.0102067472757128,33,0.0102067472757128,33
"137",0.9999,1,33,1,33,0.858264462809917,33,0.858264462809917,33
"138",0.9999,1,33,1,33,0.917748917748918,33,0.917748917748918,33
"139",0.9999,1,33,1,33,0.982749573658664,33,0.982749573658664,33
"140",0.9999,1,33,1,33,0.962424242424242,33,0.962424242424242,33
"141",0.9999,1,33,1,33,1,33,1,33
"142",0.9999,1,33,1,33,0.935715519048852,33,0.935715519048852,33
"143",0.9999,0.96969696969697,33,0.967741935483871,31,0.841991341991342,33,0.792207792207792,33
"144",0.9999,1,33,1,33,0.989090909090909,33,0.989090909090909,33
"145",0.9999,1,33,1,33,0.433669415093564,33,0.433669415093564,33
"146",0.9999,1,33,1,33,0.820661157024793,33,0.820661157024793,33
"147",0.9999,1,33,1,33,0.338350538350538,33,0.338350538350538,33
"148",0.9999,0.96969696969697,33,0.967741935483871,31,0.917289780926145,33,0.863570772661682,33
"149",0.9999,1,33,1,33,0.873323817889035,33,0.873323817889035,33
"150",0.9999,1,33,1,33,0.940103000447828,33,0.940103000447828,33
"151",0.9999,0.96969696969697,33,0.967741935483871,31,0.912878787878788,33,0.852272727272727,33
"152",0.9999,1,33,1,33,0.853386809269162,33,0.853386809269162,33
"153",0.9999,1,33,1,33,0.912573599240266,33,0.912573599240266,33
"154",0.9999,1,33,1,33,0.993506493506493,33,0.993506493506493,33
"155",0.9999,1,33,1,33,0.967754467754468,33,0.967754467754468,33
"156",0.9999,1,33,1,33,0.821519968965789,33,0.821519968965789,33
"157",0.9999,1,33,1,33,0.95959595959596,33,0.95959595959596,33
"158",0.9999,1,33,1,33,0.832467532467532,33,0.832467532467532,33
"159",0.9999,0.96969696969697,33,0.967741935483871,31,0.966810966810967,33,0.907647907647908,33
"160",0.9999,1,33,1,33,0.866161616161616,33,0.866161616161616,33
"161",0.9999,0.939393939393939,33,0.966666666666667,30,0.798538747155348,33,0.757216433105761,33
"162",0.9999,1,33,1,33,1,33,1,33
"163",0.9999,0.96969696969697,33,0.967741935483871,31,0.810606060606061,33,0.752525252525252,33
"164",0.9999,1,33,1,33,0.963636363636364,33,0.963636363636364,33
"165",0.9999,1,33,1,33,0.783585858585859,33,0.783585858585859,33
"166",0.9999,1,33,1,33,0.976430976430976,33,0.976430976430976,33
"167",0.9999,1,33,1,33,0.972027972027972,33,0.972027972027972,33
"168",0.9999,1,33,1,33,0.975348725348725,33,0.975348725348725,33
"169",0.9999,1,33,1,33,0.537046329091784,33,0.537046329091784,33
"170",0.9999,1,33,1,33,0.424242424242424,33,0.424242424242424,33
"171",0.9999,1,33,1,33,0.88975468975469,33,0.88975468975469,33
"172",0.9999,1,33,1,33,0.939393939393939,33,0.939393939393939,33
"173",0.9999,1,33,1,33,0.893677030040666,33,0.893677030040666,33
"174",0.9999,1,33,1,33,0.96969696969697,33,0.96969696969697,33
"175",0.9999,1,33,1,33,0.96551724137931,33,0.96551724137931,33
"176",0.9999,1,32,1,32,0.333441137986593,33,0.333441137986593,33
"177",0.9999,1,33,1,33,0.976190476190476,33,0.976190476190476,33
"178",0.9999,1,33,1,33,0.78765727449938,33,0.78765727449938,33
"179",0.9999,1,33,1,33,0.962481962481962,33,0.962481962481962,33
"180",0.9999,1,33,1,33,0.964085297418631,33,0.964085297418631,33
"181",0.9999,1,33,1,33,0.963390058217644,33,0.963390058217644,33
"182",0.9999,1,33,1,33,0.910353535353535,33,0.910353535353535,33
"183",0.9999,1,33,1,33,0.984326018808778,33,0.984326018808778,33
"184",0.9999,1,33,1,33,0.935927906516142,33,0.935927906516142,33
"185",0.9999,1,33,1,33,0.924819624819625,33,0.924819624819625,33
"186",0.9999,1,33,1,33,0.96760710553814,33,0.96760710553814,33
"187",0.9999,0.96969696969697,33,0.967741935483871,31,0.781385281385281,33,0.727272727272727,33
"188",0.9999,1,33,1,33,0.906204906204906,33,0.906204906204906,33
"189",0.9999,1,33,1,33,0.965367965367965,33,0.965367965367965,33
"190",0.9999,1,33,1,33,0.552525252525253,33,0.552525252525253,33
"191",0.9999,1,33,1,33,1,33,1,33
"192",0.9999,0.96969696969697,33,0.967741935483871,31,0.819125319125319,33,0.768231768231768,33
"193",0.9999,1,33,1,33,1,33,1,33
"194",0.9999,1,33,1,33,0.81659249841068,33,0.81659249841068,33
"195",0.9999,1,33,1,33,0.750393545848091,33,0.750393545848091,33
"196",0.9999,1,33,1,33,0.950478468899521,33,0.950478468899521,33
"197",0.9999,1,33,1,33,1,33,1,33
"198",0.9999,1,33,1,33,0.881673881673882,33,0.881673881673882,33
"199",0.9999,1,33,1,33,0.888429752066116,33,0.888429752066116,33
"200",0.9999,1,33,1,33,0.888213301849666,33,0.888213301849666,33
"201",0.9999,1,33,1,33,0.43947718947719,33,0.43947718947719,33
"202",0.9999,1,33,1,33,0.349150849150849,33,0.349150849150849,33
"203",0.9999,1,33,1,33,0.819314019314019,33,0.819314019314019,33
"204",0.9999,1,33,1,33,0.74025974025974,33,0.74025974025974,33
"205",0.9999,1,33,1,33,0.951178451178451,33,0.951178451178451,33
"206",0.9999,1,33,1,33,0.88,33,0.88,33
"207",0.9999,1,33,1,33,0.9375,33,0.9375,33
"208",0.9999,0.96969696969697,33,0.967741935483871,31,0.547362149634877,33,0.504509379509379,33
"209",0.9999,1,33,1,33,0.946127946127946,33,0.946127946127946,33
"210",0.9999,1,33,1,33,0.988636363636364,33,0.988636363636364,33
"211",0.9999,1,33,1,33,0.968253968253968,33,0.968253968253968,33
"212",0.9999,1,33,1,33,0.955266955266955,33,0.955266955266955,33
"213",0.9999,1,33,1,33,0.979101358411703,33,0.979101358411703,33
"214",0.9999,0.96969696969697,33,0.967741935483871,31,0.756132756132756,33,0.713564213564214,33
"215",0.9999,1,33,1,33,0.75,33,0.75,33
"216",0.9999,1,33,1,33,0.578354978354978,33,0.578354978354978,33
"217",0.9999,1,33,1,33,0.875206611570248,33,0.875206611570248,33
"218",0.9999,1,33,1,33,0.65530303030303,33,0.65530303030303,33
"219",0.9999,1,33,1,33,0.96969696969697,33,0.96969696969697,33
"220",0.9999,1,33,1,33,0.998556998556998,33,0.998556998556998,33
"221",0.9999,1,33,1,33,0.726142869476203,33,0.726142869476203,33
"222",0.9999,1,33,1,33,0.662121212121212,33,0.662121212121212,33
"223",0.9999,0.96969696969697,33,0.967741935483871,31,0.740426191741981,33,0.697363990785043,33
"224",0.9999,NA,0,NA,0,0,32,0,32
"225",0.9999,0.96969696969697,33,0.967741935483871,31,0.959170246526568,33,0.899686520376176,33
"226",0.9999,1,33,1,33,0.829199689199689,33,0.829199689199689,33
"227",0.9999,1,33,1,33,0.971014492753623,33,0.971014492753623,33
"228",0.9999,0.96969696969697,33,0.967741935483871,31,0.968181818181818,33,0.907575757575758,33
"229",0.9999,1,33,1,33,0.957792207792208,33,0.957792207792208,33
"230",0.9999,1,33,1,33,1,33,1,33
"231",0.9999,1,33,1,33,0.961212121212121,33,0.961212121212121,33
"232",0.9999,1,33,1,33,0.232617298526389,33,0.232617298526389,33
"233",0.9999,1,33,1,33,0.713250148544266,33,0.713250148544266,33
"234",0.9999,1,33,1,33,0.935828877005348,33,0.935828877005348,33
"235",0.9999,0.9,30,0.964285714285714,28,0.664095500459137,33,0.664095500459137,33
"236",0.9999,1,33,1,33,0.93318101651435,33,0.93318101651435,33
"237",0.9999,1,33,1,33,1,33,1,33
"238",0.9999,1,33,1,33,0.968652037617555,33,0.968652037617555,33
"239",0.9999,1,33,1,33,1,33,1,33
"240",0.9999,1,33,1,33,1,33,1,33
"241",0.9999,1,33,1,33,0.953030303030303,33,0.953030303030303,33
"242",0.9999,1,33,1,33,0.947492163009404,33,0.947492163009404,33
"243",0.9999,1,33,1,33,0.962962962962963,33,0.962962962962963,33
"244",0.9999,1,33,1,33,0.915137331803998,33,0.915137331803998,33
"245",0.9999,1,33,1,33,0.90993006993007,33,0.90993006993007,33
"246",0.9999,1,33,1,33,0.976430976430976,33,0.976430976430976,33
"247",0.9999,1,33,1,33,0.817604617604618,33,0.817604617604618,33
"248",0.9999,1,33,1,33,0.92,33,0.92,33
"249",0.9999,1,33,1,33,0.891045796308954,33,0.891045796308954,33
"250",0.9999,1,33,1,33,1,33,1,33
"251",0.9999,1,33,1,33,0.559403559403559,33,0.559403559403559,33
"252",0.9999,1,33,1,33,0.962703962703963,33,0.962703962703963,33
"253",0.9999,1,33,1,33,0.61600837109609,33,0.61600837109609,33
"254",0.9999,1,33,1,33,0.442148760330578,33,0.442148760330578,33
"255",0.9999,1,33,1,33,0.802188552188552,33,0.802188552188552,33
"256",0.9999,1,33,1,33,0.857323232323232,33,0.857323232323232,33
"257",0.9999,1,33,1,33,0.682251082251082,33,0.682251082251082,33
"258",0.9999,1,33,1,33,0.997668997668998,33,0.997668997668998,33
"259",0.9999,1,33,1,33,0.955266955266955,33,0.955266955266955,33
"260",0.9999,0.96969696969697,33,0.967741935483871,31,0.889393939393939,33,0.834722222222222,33
"261",0.9999,1,33,1,33,1,33,1,33
"262",0.9999,1,33,1,33,0.932900432900433,33,0.932900432900433,33
"263",0.9999,0.96969696969697,33,0.967741935483871,31,0.414814814814815,33,0.391245791245791,33
"264",0.9999,0.96969696969697,33,0.967741935483871,31,0.875,33,0.821524064171123,33
"265",0.9999,0.96969696969697,33,0.967741935483871,31,0.712842712842713,33,0.66955266955267,33
"266",0.9999,1,33,1,33,0.886363636363636,33,0.886363636363636,33
"267",0.9999,1,33,1,33,0.832177544677545,33,0.832177544677545,33
"268",0.9999,1,33,1,33,1,33,1,33
"269",0.9999,1,33,1,33,1,33,1,33
"270",0.9999,1,33,1,33,1,33,1,33
"271",0.9999,1,33,1,33,0.741269841269841,33,0.741269841269841,33
"272",0.9999,1,33,1,33,0.816618104118104,33,0.816618104118104,33
"273",0.9999,1,33,1,33,0.983766233766234,33,0.983766233766234,33
"274",0.9999,1,33,1,33,1,33,1,33
"275",0.9999,1,33,1,33,0.941176470588235,33,0.941176470588235,33
"276",0.9999,1,33,1,33,1,33,1,33
"277",0.9999,0.96969696969697,33,0.967741935483871,31,0.968484848484849,33,0.909090909090909,33
"278",0.9999,1,33,1,33,0.990595611285267,33,0.990595611285267,33
"279",0.9999,1,33,1,33,0.951610971373817,33,0.951610971373817,33
"280",0.9999,NA,0,NA,0,0,33,0,33
"281",0.9999,1,33,1,33,0.813131313131313,33,0.813131313131313,33
"282",0.9999,1,33,1,33,0.779882154882155,33,0.779882154882155,33
"283",0.9999,1,33,1,33,0.880808080808081,33,0.880808080808081,33
"284",0.9999,1,33,1,33,0.838383838383838,33,0.838383838383838,33
"285",0.9999,1,33,1,33,0.457606366697276,33,0.457606366697276,33
"286",0.9999,0.96969696969697,33,0.967741935483871,31,0.936147186147186,33,0.877705627705628,33
"287",0.9999,0.96969696969697,33,0.967741935483871,31,0.743097643097643,33,0.704713804713805,33
"288",0.9999,1,33,1,33,0.946475625823452,33,0.946475625823452,33
"289",0.9999,1,33,1,33,0.965207631874298,33,0.965207631874298,33
"290",0.9999,1,33,1,33,0.967452300785634,33,0.967452300785634,33
"291",0.9999,1,33,1,33,0.964085297418631,33,0.964085297418631,33
"292",0.9999,0.939393939393939,33,0.931034482758621,29,0.909053590088073,33,0.791013584117032,33
"293",0.9999,1,33,1,33,0.875,33,0.875,33
"294",0.9999,1,33,1,33,0.693357820630548,33,0.693357820630548,33
"295",0.9999,1,33,1,33,0.962670180061484,33,0.962670180061484,33
"296",0.9999,1,33,1,33,1,33,1,33
"297",0.9999,1,33,1,33,0.932929292929293,33,0.932929292929293,33
"298",0.9999,1,33,1,33,0.733636363636364,33,0.733636363636364,33
"299",0.9999,1,33,1,33,1,33,1,33
"300",0.9999,1,33,1,33,0.965367965367965,33,0.965367965367965,33
"301",0.9999,1,33,1,33,0.970819304152638,33,0.970819304152638,33
"302",0.9999,1,33,1,33,1,33,1,33
"303",0.9999,0.96969696969697,33,0.967741935483871,31,0.344779462961281,33,0.331070949252767,33
"304",0.9999,0.909090909090909,33,0.928571428571429,28,0.520951270951271,33,0.455516705516705,33
"305",0.9999,1,33,1,33,0.69301405665042,33,0.69301405665042,33
"306",0.9999,1,33,1,33,0.962962962962963,33,0.962962962962963,33
"307",0.9999,1,33,1,33,1,33,1,33
"308",0.9999,1,33,1,33,0.916666666666667,33,0.916666666666667,33
"309",0.9999,1,33,1,33,0.953654188948307,33,0.953654188948307,33
"310",0.9999,1,33,1,33,0.912781662781663,33,0.912781662781663,33
"311",0.9999,1,33,1,33,0.925407925407925,33,0.925407925407925,33
"312",0.9999,1,33,1,33,0.853146853146853,33,0.853146853146853,33
"313",0.9999,1,33,1,33,0.893048128342246,33,0.893048128342246,33
"314",0.9999,1,33,1,33,0.881313131313131,33,0.881313131313131,33
"315",0.9999,1,33,1,33,0.919191919191919,33,0.919191919191919,33
"316",0.9999,1,33,1,33,0.845765345765346,33,0.845765345765346,33
"317",0.9999,1,33,1,33,0.866355866355866,33,0.866355866355866,33
"318",0.9999,1,33,1,33,0.882352941176471,33,0.882352941176471,33
"319",0.9999,1,33,1,33,0.992424242424242,33,0.992424242424242,33
"320",0.9999,1,33,1,33,0.858141858141858,33,0.858141858141858,33
"321",0.9999,1,33,1,33,0.997245179063361,33,0.997245179063361,33
"322",0.9999,0.96969696969697,33,0.967741935483871,31,0.916221033868093,33,0.859180035650624,33
"323",0.9999,1,33,1,33,0.860881542699725,33,0.860881542699725,33
"324",0.9999,1,33,1,33,1,33,1,33
"325",0.9999,1,33,1,33,0.987373737373737,33,0.987373737373737,33
"326",0.9999,1,33,1,33,0.919191919191919,33,0.919191919191919,33
"327",0.9999,1,33,1,33,0.916666666666667,33,0.916666666666667,33
"328",0.9999,1,33,1,33,0.995670995670996,33,0.995670995670996,33
"329",0.9999,1,33,1,33,1,33,1,33
"330",0.9999,1,33,1,33,0.852617079889807,33,0.852617079889807,33
"331",0.9999,1,33,1,33,0.899286987522282,33,0.899286987522282,33
"332",0.9999,1,33,1,33,0.939393939393939,33,0.939393939393939,33
"333",0.9999,1,33,1,33,0.919191919191919,33,0.919191919191919,33
"334",0.9999,1,33,1,33,0.824643493761141,33,0.824643493761141,33
"335",0.9999,0.96969696969697,33,0.967741935483871,31,0.965909090909091,33,0.90530303030303,33
"336",0.9999,1,33,1,33,0.882001836547291,33,0.882001836547291,33
"337",0.9999,1,33,1,33,0.972027972027972,33,0.972027972027972,33
"338",0.9999,1,33,1,33,0.853719008264463,33,0.853719008264463,33
"339",0.9999,1,33,1,33,0.74066985645933,33,0.74066985645933,33
"340",0.9999,1,33,1,33,0.68991748991749,33,0.68991748991749,33
"341",0.9999,NA,0,NA,0,0,33,0,33
"342",0.9999,1,33,1,33,0.950558213716108,33,0.950558213716108,33
"343",0.9999,1,33,1,33,0.928500693206575,33,0.928500693206575,33
"344",0.9999,1,33,1,33,1,33,1,33
"345",0.9999,1,33,1,33,1,33,1,33
"346",0.9999,1,33,1,33,0.80952380952381,33,0.80952380952381,33
"347",0.9999,1,33,1,33,0.922736133262449,33,0.922736133262449,33
"348",0.9999,1,33,1,33,0.892255892255892,33,0.892255892255892,33
"349",0.9999,1,33,1,33,0.98018648018648,33,0.98018648018648,33
"350",0.9999,1,33,1,33,0.590314567587295,33,0.590314567587295,33
"351",0.9999,1,33,1,33,0.198989898989899,33,0.198989898989899,33
"352",0.9999,1,33,1,33,0.389772727272727,33,0.389772727272727,33
"353",0.9999,1,33,1,33,0.851133588633589,33,0.851133588633589,33
"354",0.9999,1,33,1,33,0.673002754820937,33,0.673002754820937,33
"355",0.9999,1,33,1,33,0.830853994490358,33,0.830853994490358,33
"356",0.9999,1,33,1,33,0.513756613756614,33,0.513756613756614,33
"357",0.9999,NA,0,NA,0,NA,0,NA,0
"358",0.9999,1,33,1,33,0.230154567654568,33,0.230154567654568,33
"359",0.9999,1,33,1,33,0.94896331738437,33,0.94896331738437,33
"360",0.9999,1,33,1,33,0.488822204731296,33,0.488822204731296,33
"361",0.9999,0.939393939393939,33,0.967741935483871,31,0.907925407925408,33,0.877622377622378,33
"362",0.9999,1,32,1,32,0.691462241462242,33,0.691462241462242,33
"363",0.9999,1,33,1,33,0.961212121212121,33,0.961212121212121,33
"364",0.9999,NA,0,NA,0,NA,0,NA,0
"365",0.9999,0.939393939393939,33,0.966666666666667,30,0.530808080808081,33,0.489141414141414,33
"366",0.9999,1,33,1,33,0.846127946127946,33,0.846127946127946,33
"367",0.9999,1,33,1,33,0.954545454545455,33,0.954545454545455,33
"368",0.9999,NA,0,NA,0,0,30,0,30
"369",0.9999,1,33,1,33,0.876005670742513,33,0.876005670742513,33
"370",0.9999,1,33,1,33,0.649216195886982,33,0.649216195886982,33
"371",0.9999,1,33,1,33,0.923306138306138,33,0.923306138306138,33
"372",0.9999,0.96969696969697,33,0.967741935483871,31,0.81798375916023,33,0.767478708655179,33
"373",0.9999,1,33,1,33,0.470960228854966,33,0.470960228854966,33
"374",0.9999,1,33,1,33,0.975108225108225,33,0.975108225108225,33
"375",0.9999,1,33,1,33,0.815882967607106,33,0.815882967607106,33
"376",0.9999,1,33,1,33,0.945887445887446,33,0.945887445887446,33
"377",0.9999,1,33,1,33,0.811926961926962,33,0.811926961926962,33
"378",0.9999,1,33,1,33,0.874284195336827,33,0.874284195336827,33
"379",0.9999,1,33,1,33,0.949007314524556,33,0.949007314524556,33
"380",0.9999,1,33,1,33,0.903863193336877,33,0.903863193336877,33
"381",0.9999,1,33,1,33,0.811004784688995,33,0.811004784688995,33
"382",0.9999,1,33,1,33,0.918326118326118,33,0.918326118326118,33
"383",0.9999,1,33,1,33,0.875274483970136,33,0.875274483970136,33
"384",0.9999,1,33,1,33,0.997474747474747,33,0.997474747474747,33
"385",0.9999,1,33,1,33,0.965853112404837,33,0.965853112404837,33
"386",0.9999,1,33,1,33,0.986013986013986,33,0.986013986013986,33
"387",0.9999,1,33,1,33,0.926767676767677,33,0.926767676767677,33
"388",0.9999,1,33,1,33,0.921717171717172,33,0.921717171717172,33
"389",0.9999,1,33,1,33,0.924242424242424,33,0.924242424242424,33
"390",0.9999,1,33,1,33,0.917355371900826,33,0.917355371900826,33
"391",0.9999,1,33,1,33,0.909090909090909,33,0.909090909090909,33
"392",0.9999,1,33,1,33,0.970819304152638,33,0.970819304152638,33
"393",0.9999,1,33,1,33,0.962962962962963,33,0.962962962962963,33
"394",0.9999,1,33,1,33,0.928671328671329,33,0.928671328671329,33
"395",0.9999,1,33,1,33,0.964085297418631,33,0.964085297418631,33
"396",0.9999,1,33,1,33,0.933193473193473,33,0.933193473193473,33
"397",0.9999,1,33,1,33,0.941398601398601,33,0.941398601398601,33
"398",0.9999,0.96969696969697,33,0.967741935483871,31,0.917725643532095,33,0.861094819159335,33
"399",0.9999,1,33,1,33,0.177753768585687,33,0.177753768585687,33
"400",0.9999,1,33,1,33,0.94274322169059,33,0.94274322169059,33
"401",0.9999,1,33,1,33,0.971786833855799,33,0.971786833855799,33
"402",0.9999,1,33,1,33,1,33,1,33
"403",0.9999,1,33,1,33,0.952430285763619,33,0.952430285763619,33
"404",0.9999,1,33,1,33,0.946671846671847,33,0.946671846671847,33
"405",0.9999,0.96969696969697,33,0.967741935483871,31,0.798368298368298,33,0.748584748584749,33
"406",0.9999,0.96969696969697,33,0.96875,32,0.781818181818182,33,0.757575757575758,33
"407",0.9999,1,33,1,33,0.904323145989813,33,0.904323145989813,33
"408",0.9999,1,33,1,33,0.895204216073781,33,0.895204216073781,33
"409",0.9999,0.878787878787879,33,0.964285714285714,28,0.861952861952862,33,0.803591470258137,33
"410",0.9999,1,33,1,33,0.970741901776385,33,0.970741901776385,33
"411",0.9999,0.939393939393939,33,0.966666666666667,30,0.914315569487983,33,0.854754440961338,33
"412",0.9999,1,33,1,33,0.941110613524407,33,0.941110613524407,33
"413",0.9999,1,33,1,33,0.972831765935214,33,0.972831765935214,33
"414",0.9999,1,33,1,33,0.96551724137931,33,0.96551724137931,33
"415",0.9999,1,33,1,33,1,33,1,33
"416",0.9999,1,33,1,33,0.954209583519928,33,0.954209583519928,33
"417",0.9999,0.96969696969697,33,0.967741935483871,31,0.928374655647383,33,0.870523415977961,33
"418",0.9999,1,33,1,33,0.708571731299004,33,0.708571731299004,33
"419",0.9999,1,33,1,33,1,33,1,33
"420",0.9999,1,33,1,33,0.99025974025974,33,0.99025974025974,33
"421",0.9999,0.96969696969697,33,0.967741935483871,31,0.75050505050505,33,0.702693602693603,33
"422",0.9999,1,33,1,33,0.902870813397129,33,0.902870813397129,33
"423",0.9999,0.96969696969697,33,0.967741935483871,31,0.942424242424242,33,0.886363636363636,33
"424",0.9999,0.96969696969697,33,0.967741935483871,31,0.915453233635052,33,0.854847173028991,33
"425",0.9999,1,33,1,33,0.79610886917211,33,0.79610886917211,33
"426",0.9999,1,33,1,33,0.816399286987522,33,0.816399286987522,33
"427",0.9999,1,33,1,33,1,33,1,33
"428",0.9999,1,33,1,33,0.997245179063361,33,0.997245179063361,33
"429",0.9999,1,33,1,33,0.961038961038961,33,0.961038961038961,33
"430",0.9999,1,33,1,33,0.910386473429952,33,0.910386473429952,33
"431",0.9999,1,33,1,33,0.957738677093516,33,0.957738677093516,33
"432",0.9999,1,33,1,33,0.617743763205345,33,0.617743763205345,33
"433",0.9999,1,33,1,33,0.398981439253744,33,0.398981439253744,33
"434",0.9999,1,33,1,33,0.655273779914928,33,0.655273779914928,33
"435",0.9999,1,33,1,33,0.82014097014097,33,0.82014097014097,33
"436",0.9999,1,33,1,33,0.964285714285714,33,0.964285714285714,33
"437",0.9999,1,33,1,33,0.908170607595895,33,0.908170607595895,33
"438",0.9999,1,33,1,33,0.941176470588235,33,0.941176470588235,33
"439",0.9999,1,33,1,33,0.96551724137931,33,0.96551724137931,33
"440",0.9999,1,33,1,33,0.946127946127946,33,0.946127946127946,33
"441",0.9999,1,33,1,33,0.937950937950938,33,0.937950937950938,33
"442",0.9999,1,33,1,33,0.991473173291355,33,0.991473173291355,33
"443",0.9999,1,33,1,33,0.940574576938213,33,0.940574576938213,33
"444",0.9999,1,33,1,33,0.767230929989551,33,0.767230929989551,33
"445",0.9999,1,33,1,33,0.726435786435786,33,0.726435786435786,33
"446",0.9999,1,33,1,33,0.90829346092504,33,0.90829346092504,33
"447",0.9999,1,33,1,33,1,33,1,33
"448",0.9999,1,33,1,33,0.962962962962963,33,0.962962962962963,33
"449",0.9999,1,33,1,33,1,33,1,33
"450",0.9999,1,33,1,33,0.996753246753247,33,0.996753246753247,33
"451",0.9999,1,33,1,33,0.967532467532468,33,0.967532467532468,33
"452",0.9999,1,33,1,33,0.831746031746032,33,0.831746031746032,33
"453",0.9999,1,33,1,33,0.815018315018315,33,0.815018315018315,33
"454",0.9999,1,33,1,33,0.817793317793318,33,0.817793317793318,33
"455",0.9999,1,33,1,33,0.83000333000333,33,0.83000333000333,33
"456",0.9999,1,33,1,33,0.843106893106893,33,0.843106893106893,33
"457",0.9999,1,33,1,33,1,33,1,33
"458",0.9999,1,33,1,33,1,33,1,33
"459",0.9999,1,33,1,33,0.818348318348318,33,0.818348318348318,33
"460",0.9999,1,33,1,33,0.774802974802975,33,0.774802974802975,33
"461",0.9999,0.96969696969697,33,0.967741935483871,31,0.794483294483294,33,0.745920745920746,33
"462",0.9999,1,33,1,33,0.813075813075813,33,0.813075813075813,33
"463",0.9999,1,33,1,33,0.848595848595849,33,0.848595848595849,33
"464",0.9999,1,33,1,33,0.895316804407713,33,0.895316804407713,33
"465",0.9999,1,33,1,33,0.994775339602926,33,0.994775339602926,33
"466",0.9999,1,33,1,33,0.962424242424242,33,0.962424242424242,33
"467",0.9999,1,33,1,33,0.99030303030303,33,0.99030303030303,33
"468",0.9999,1,33,1,33,0.931818181818182,33,0.931818181818182,33
"469",0.9999,1,33,1,33,0.976190476190476,33,0.976190476190476,33
"470",0.9999,1,33,1,33,0.938993105659772,33,0.938993105659772,33
"471",0.9999,1,33,1,33,0.69622742577288,33,0.69622742577288,33
"472",0.9999,1,33,1,33,0.924862661704767,33,0.924862661704767,33
"473",0.9999,1,33,1,33,0.986824769433465,33,0.986824769433465,33
"474",0.9999,1,33,1,33,0.988505747126437,33,0.988505747126437,33
"475",0.9999,1,33,1,33,1,33,1,33
"476",0.9999,1,33,1,33,0.959792732520005,33,0.959792732520005,33
"477",0.9999,1,33,1,33,0.242929292929293,33,0.242929292929293,33
"478",0.9999,1,33,1,33,0.707070707070707,33,0.707070707070707,33
"479",0.9999,1,33,1,33,0.907163947163947,33,0.907163947163947,33
"480",0.9999,1,33,1,33,0.557176157176157,33,0.557176157176157,33
"481",0.9999,1,33,1,33,0.886431508763525,33,0.886431508763525,33
"482",0.9999,1,33,1,33,1,33,1,33
"483",0.9999,1,33,1,33,1,33,1,33
"484",0.9999,1,33,1,33,0.995959595959596,33,0.995959595959596,33
"485",0.9999,1,33,1,33,1,33,1,33
"486",0.9999,1,33,1,33,1,33,1,33
"487",0.9999,1,33,1,33,0.769474305598708,33,0.769474305598708,33
"488",0.9999,1,33,1,33,0.948717948717949,33,0.948717948717949,33
"489",0.9999,1,33,1,33,0.952380952380952,33,0.952380952380952,33
"490",0.9999,1,33,1,33,0.974878656696839,33,0.974878656696839,33
"491",0.9999,1,33,1,33,0.96969696969697,33,0.96969696969697,33
"492",0.9999,1,33,1,33,0.460186172017723,33,0.460186172017723,33
"493",0.9999,0.96969696969697,33,0.967741935483871,31,0.847676976159948,33,0.803019878871272,33
"494",0.9999,1,33,1,33,0.935725677830941,33,0.935725677830941,33
"495",0.9999,1,33,1,33,0.875,33,0.875,33
"496",0.9999,1,33,1,33,0.998834498834499,33,0.998834498834499,33
"497",0.9999,1,33,1,33,1,33,1,33
"498",0.9999,1,33,1,33,0.69003774003774,33,0.69003774003774,33
"499",0.9999,1,33,1,33,0.997575757575758,33,0.997575757575758,33
"500",0.9999,1,33,1,33,0.994172494172494,33,0.994172494172494,33
"501",0.9999,1,33,1,33,0.964285714285714,33,0.964285714285714,33
"502",0.9999,1,33,1,33,0.842566010987064,33,0.842566010987064,33
"503",0.9999,1,33,1,33,0.958778966131907,33,0.958778966131907,33
"504",0.9999,1,33,1,33,0.919106571389853,33,0.919106571389853,33
"505",0.9999,1,33,1,33,0.95001295001295,33,0.95001295001295,33
"506",0.9999,1,33,1,33,1,33,1,33
"507",0.9999,1,33,1,33,0.981601731601732,33,0.981601731601732,33
"508",0.9999,1,33,1,33,0.920454545454545,33,0.920454545454545,33
"509",0.9999,1,24,1,24,0.497979797979798,33,0.497979797979798,33
"510",0.9999,1,33,1,33,0.964285714285714,33,0.964285714285714,33
"511",0.9999,1,33,1,33,0.933189033189033,33,0.933189033189033,33
"512",0.9999,1,33,1,33,0.977961432506887,33,0.977961432506887,33
"513",0.9999,1,33,1,33,0.951313131313131,33,0.951313131313131,33
"514",0.9999,1,33,1,33,0.531047465606289,33,0.531047465606289,33
"515",0.9999,1,33,1,33,0.910368507206452,33,0.910368507206452,33
"516",0.9999,1,33,1,33,0.578552908766813,33,0.578552908766813,33
"517",0.9999,0.939393939393939,33,0.931034482758621,29,0.878787878787879,33,0.761363636363636,33
"518",0.9999,1,33,1,33,0.824456361562808,33,0.824456361562808,33
"519",0.9999,1,33,1,33,0.934057321988356,33,0.934057321988356,33
"520",0.9999,0.933333333333333,15,0.933333333333333,15,0.108802308802309,33,0.108802308802309,33
"521",0.9999,1,33,1,33,1,33,1,33
"522",0.9999,1,33,1,33,0.937373737373737,33,0.937373737373737,33
"523",0.9999,1,33,1,33,0.708025857201269,33,0.708025857201269,33
"524",0.9999,1,33,1,33,0.933320617228663,33,0.933320617228663,33
"525",0.9999,1,33,1,33,0.38274099637736,33,0.38274099637736,33
"526",0.9999,0.96969696969697,33,0.967741935483871,31,0.232598714416896,33,0.202295684113866,33
"527",0.9999,1,33,1,33,0.911237728201021,33,0.911237728201021,33
"528",0.9999,1,33,1,33,0.936001120372644,33,0.936001120372644,33
"529",0.9999,1,33,1,33,0.388423192968648,33,0.388423192968648,33
"530",0.9999,1,33,1,33,0.986363636363636,33,0.986363636363636,33
"531",0.9999,1,33,1,33,0.912752525252525,33,0.912752525252525,33
"532",0.9999,1,33,1,33,0.881560705090117,33,0.881560705090117,33
"533",0.9999,0.96969696969697,33,0.96969696969697,33,0.90282131661442,33,0.90282131661442,33
"534",0.9999,1,33,1,33,0.96760710553814,33,0.96760710553814,33
"535",0.9999,1,33,1,33,0.945609945609946,33,0.945609945609946,33
"536",0.9999,1,33,1,33,0.388888888888889,33,0.388888888888889,33
"537",0.9999,1,33,1,33,0.86013986013986,33,0.86013986013986,33
"538",0.9999,1,33,1,33,0.88961038961039,33,0.88961038961039,33
"539",0.9999,1,33,1,33,0.876767676767677,33,0.876767676767677,33
"540",0.9999,1,33,1,33,0.892899584076055,33,0.892899584076055,33
"541",0.9999,1,33,1,33,0.931818181818182,33,0.931818181818182,33
"542",0.9999,0.939393939393939,33,0.933333333333333,30,0.938181818181818,33,0.847272727272727,33
"543",0.9999,NA,0,NA,0,0,32,0,32
"544",0.9999,1,33,1,33,0.992727272727273,33,0.992727272727273,33
"545",0.9999,1,33,1,33,0.874541062801932,33,0.874541062801932,33
"546",0.9999,1,33,1,33,0.956751307541821,33,0.956751307541821,33
"547",0.9999,1,33,1,33,0.940559440559441,33,0.940559440559441,33
"548",0.9999,1,33,1,33,0.961538461538462,33,0.961538461538462,33
"549",0.9999,1,33,1,33,0.202776244865494,33,0.202776244865494,33
"550",0.9999,1,33,1,33,0.812261672841383,33,0.812261672841383,33
"551",0.9999,1,33,1,33,0.925864259197593,33,0.925864259197593,33
"552",0.9999,1,33,1,33,0.932777777777778,33,0.932777777777778,33
"553",0.9999,1,33,1,33,0.595979020979021,33,0.595979020979021,33
"554",0.9999,1,33,1,33,0.961538461538462,33,0.961538461538462,33
"555",0.9999,1,33,1,33,0.604817404817405,33,0.604817404817405,33
"556",0.9999,1,33,1,33,0.680141906692121,33,0.680141906692121,33
"557",0.9999,1,33,1,33,0.928571428571429,33,0.928571428571429,33
"558",0.9999,1,33,1,33,0.78030303030303,33,0.78030303030303,33
"559",0.9999,0.939393939393939,33,0.931034482758621,29,0.843730131086453,33,0.735900880728467,33
"560",0.9999,1,33,1,33,1,33,1,33
"561",0.9999,0.96969696969697,33,0.967741935483871,31,0.929617319439454,33,0.870328781890047,33
"562",0.9999,1,33,1,33,0.995867768595041,33,0.995867768595041,33
"563",0.9999,1,33,1,33,1,33,1,33
"564",0.9999,1,33,1,33,1,33,1,33
"565",0.9999,1,33,1,33,1,33,1,33
"566",0.9999,1,33,1,33,0.844251336898396,33,0.844251336898396,33
"567",0.9999,1,33,1,33,0.867965367965368,33,0.867965367965368,33
"568",0.9999,1,33,1,33,0.970075757575758,33,0.970075757575758,33
"569",0.9999,1,33,1,33,0.95614262280929,33,0.95614262280929,33
"570",0.9999,1,33,1,33,0.5185360094451,33,0.5185360094451,33
"571",0.9999,1,33,1,33,0.894660894660895,33,0.894660894660895,33
"572",0.9999,1,33,1,33,0.989177489177489,33,0.989177489177489,33
"573",0.9999,1,33,1,33,1,33,1,33
"574",0.9999,1,33,1,33,0.962962962962963,33,0.962962962962963,33
"575",0.9999,1,33,1,33,0.519420809075982,33,0.519420809075982,33
"576",0.9999,1,33,1,33,0.92159026744007,33,0.92159026744007,33
"577",0.9999,1,33,1,33,0.998917748917749,33,0.998917748917749,33
"578",0.9999,0.96969696969697,33,0.96875,32,0.963203463203463,33,0.932900432900433,33
"579",0.9999,1,33,1,33,0.968574635241302,33,0.968574635241302,33
"580",0.9999,1,33,1,33,0.881385851741583,33,0.881385851741583,33
"581",0.9999,1,33,1,33,0.893762583485904,33,0.893762583485904,33
"582",0.9999,1,33,1,33,1,33,1,33
"583",0.9999,1,33,1,33,0.964085297418631,33,0.964085297418631,33
"584",0.9999,0.939393939393939,33,0.931034482758621,29,0.49862258953168,33,0.434986225895317,33
"585",0.9999,0.96969696969697,33,0.967741935483871,31,0.9337822671156,33,0.875420875420875,33
"586",0.9999,1,33,1,33,0.964085297418631,33,0.964085297418631,33
"587",0.9999,1,33,1,33,0.962962962962963,33,0.962962962962963,33
"588",0.9999,1,33,1,33,1,33,1,33
"589",0.9999,0.96969696969697,33,0.967741935483871,31,0.936026936026936,33,0.877665544332211,33
"590",0.9999,1,33,1,33,0.994172494172494,33,0.994172494172494,33
"591",0.9999,1,33,1,33,0.962962962962963,33,0.962962962962963,33
"592",0.9999,1,33,1,33,0.994227994227994,33,0.994227994227994,33
"593",0.9999,1,33,1,33,0.96969696969697,33,0.96969696969697,33
"594",0.9999,1,33,1,33,1,33,1,33
"595",0.9999,1,33,1,33,0.763636363636364,33,0.763636363636364,33
"596",0.9999,1,33,1,33,0.966329966329966,33,0.966329966329966,33
"597",0.9999,1,7,1,7,0.023015873015873,33,0.023015873015873,33
"598",0.9999,NA,0,NA,0,0,33,0,33
"599",0.9999,0.96875,32,0.966666666666667,30,0.155319428046701,33,0.149197603743058,33
"600",0.9999,1,33,1,33,0.943573667711599,33,0.943573667711599,33
"601",0.9999,1,33,1,33,0.492207792207792,33,0.492207792207792,33
"602",0.9999,1,33,1,33,0.920321164574038,33,0.920321164574038,33
"603",0.9999,0.939393939393939,33,0.931034482758621,29,0.824675324675325,33,0.725108225108225,33
"604",0.9999,0.96969696969697,33,0.967741935483871,31,0.844808377896613,33,0.794897504456328,33
"605",0.9999,1,33,1,33,0.842676767676768,33,0.842676767676768,33
"606",0.9999,1,33,1,33,0.984848484848485,33,0.984848484848485,33
"607",0.9999,0.96969696969697,33,0.967741935483871,31,0.826091800356506,33,0.781528520499109,33
"608",0.9999,1,33,1,33,1,33,1,33
"609",0.9999,0.96969696969697,33,0.967741935483871,31,0.838636363636364,33,0.789393939393939,33
"610",0.9999,1,33,1,33,0.979166666666667,33,0.979166666666667,33
"611",0.9999,0.939393939393939,33,0.931034482758621,29,0.664089423648247,33,0.588331847890671,33
"612",0.9999,1,33,1,33,0.948306595365419,33,0.948306595365419,33
"613",0.9999,1,33,1,33,0.955266955266955,33,0.955266955266955,33
"614",0.9999,0.96969696969697,33,0.967741935483871,31,0.915824915824916,33,0.858585858585859,33
"615",0.9999,1,33,1,33,0.952380952380952,33,0.952380952380952,33
"616",0.9999,1,33,1,33,0.962481962481962,33,0.962481962481962,33
"617",0.9999,1,33,1,33,0.880459001782531,33,0.880459001782531,33
"618",0.9999,1,33,1,33,0.911483253588517,33,0.911483253588517,33
"619",0.9999,1,33,1,33,0.648233451725755,33,0.648233451725755,33
"620",0.9999,1,33,1,33,0.971479500891266,33,0.971479500891266,33
