"","train_iter","test_iter","predict_iter","expected","Quantile_0.95","Quantile_0.97","Quantile_0.98","Quantile_0.99","Quantile_0.995","Quantile_0.999","Quantile_0.9995","Quantile_0.9999","score_pred_1_0.95","score_pred_1_0.97","score_pred_1_0.98","score_pred_1_0.99","score_pred_1_0.995","score_pred_1_0.999","score_pred_1_0.9995","score_pred_1_0.9999","score_pred_2_0.95","score_pred_2_0.97","score_pred_2_0.98","score_pred_2_0.99","score_pred_2_0.995","score_pred_2_0.999","score_pred_2_0.9995","score_pred_2_0.9999","adjustment_0.95","adjustment_0.97","adjustment_0.98","adjustment_0.99","adjustment_0.995","adjustment_0.999","adjustment_0.9995","adjustment_0.9999","time","actual","residuals"
"1",1,1,1,0.518942653053674,4.6153030496248,5.20289040640729,5.63362007125381,6.31250333451696,6.93381445349528,8.21488898394501,8.71370428161518,9.7808195736469,1,1,1,1,1,1,1,1,0.967741935483871,0.967741935483871,0.967741935483871,0.935483870967742,0.935483870967742,0.935483870967742,0.935483870967742,0.903225806451613,0,0,0,0,0,0,0,0,2001,0.218034,-0.300908653053674
"2",1,1,2,0.48315262186688,4.579513018438,5.16710037522049,5.59783004006702,6.27671330333017,6.89802442230849,8.17909895275821,8.67791425042839,9.7450295424601,1,1,1,1,1,1,1,1,0.967741935483871,0.967741935483871,0.967741935483871,0.935483870967742,0.935483870967742,0.935483870967742,0.935483870967742,0.903225806451613,0,0,0,0,0,0,0,0,2002,0.204782,-0.27837062186688
"3",1,1,3,0.47597087880897,4.57233127538009,5.15991863216259,5.59064829700911,6.26953156027226,6.89084267925058,8.1719172097003,8.67073250737048,9.73784779940219,1,1,1,1,1,1,1,1,0.967741935483871,0.967741935483871,0.967741935483871,0.935483870967742,0.935483870967742,0.935483870967742,0.935483870967742,0.903225806451613,0,0,0,0,0,0,0,0,2003,0.547961,0.0719901211910296
"4",2,2,1,0.660269990871474,4.75664107518551,5.34422996503199,5.77496075368782,6.45384578821352,7.07515852824391,8.35623640112299,8.85505300024352,9.92217107646724,1,1,1,1,1,1,1,1,0.967741935483871,0.967741935483871,0.967741935483871,0.935483870967742,0.935483870967742,0.935483870967742,0.935483870967742,0.903225806451613,0,0,0,0,0,0,0,0,2004,0.193841,-0.466428990871474
"5",2,2,2,0.468378647083582,4.56474973139762,5.1523386212441,5.58306940989992,6.26195444442563,6.88326718445602,8.1643450573351,8.66316165645563,9.73027973267935,1,1,1,1,1,1,1,1,0.967741935483871,0.967741935483871,0.967741935483871,0.935483870967742,0.935483870967742,0.935483870967742,0.935483870967742,0.903225806451613,0,0,0,0,0,0,0,0,2005,0.294969,-0.173409647083582
"6",2,2,3,0.523178115666497,4.61954919998053,5.20713808982701,5.63786887848284,6.31675391300855,6.93806665303894,8.21914452591802,8.71796112503854,9.78507920126227,1,1,1,1,1,1,1,1,0.967741935483871,0.967741935483871,0.967741935483871,0.935483870967742,0.935483870967742,0.935483870967742,0.935483870967742,0.903225806451613,0,0,0,0,0,0,0,0,2006,0.228472,-0.294706115666497
"7",3,3,1,0.487096484340805,4.58347467148258,5.17106458016807,5.60179611568167,6.28068232734767,6.90199614469193,8.18307623887256,8.68189370290701,9.74901362944061,1,1,1,1,1,1,1,1,0.967741935483871,0.967741935483871,0.967741935483871,0.935483870967742,0.935483870967742,0.935483870967742,0.935483870967742,0.903225806451613,0,0,0,0,0,0,0,0,2007,0.22247,-0.264626484340805
"8",3,3,2,0.483844043294783,4.58022223043656,5.16781213912205,5.59854367463565,6.27742988630165,6.89874370364591,8.17982379782654,8.67864126186099,9.74576118839459,1,1,1,1,1,1,1,1,0.967741935483871,0.967741935483871,0.967741935483871,0.935483870967742,0.935483870967742,0.935483870967742,0.935483870967742,0.903225806451613,0,0,0,0,0,0,0,0,2008,0.178559,-0.305285043294783
"9",3,3,3,0.460048985185512,4.55642717232729,5.14401708101278,5.57474861652638,6.25363482819238,6.87494864553663,8.15602873971727,8.65484620375172,9.72196613028532,1,1,1,1,1,1,1,1,0.967741935483871,0.967741935483871,0.967741935483871,0.935483870967742,0.935483870967742,0.935483870967742,0.935483870967742,0.903225806451613,0,0,0,0,0,0,0,0,2009,0.215708,-0.244340985185512
"10",4,4,1,0.480497438805337,4.57690015532514,5.16449358253707,5.59522769729902,6.27411797417965,6.8954355119913,8.17652327736255,8.67534372834829,9.74247004486516,1,1,1,1,1,1,1,1,0.967741935483871,0.967741935483871,0.967741935483871,0.935483870967742,0.935483870967742,0.935483870967742,0.935483870967742,0.903225806451613,0,0,0,0,0,0,0,0,2010,0.166606,-0.313891438805337
"11",4,4,2,0.453885309303497,4.5502880258233,5.13788145303524,5.56861556779718,6.24750584467781,6.86882338248946,8.14991114786071,8.64873159884645,9.71585791536332,1,1,1,1,1,1,1,1,0.967741935483871,0.967741935483871,0.967741935483871,0.967741935483871,0.935483870967742,0.935483870967742,0.935483870967742,0.903225806451613,0,0,0,0,0,0,0,0,2011,0.202018,-0.251867309303497
"12",4,4,3,0.473077780687945,4.56948049720774,5.15707392441968,5.58780803918163,6.26669831606225,6.88801585387391,8.16910361924516,8.6679240702309,9.73505038674777,1,1,1,1,1,1,1,1,0.967741935483871,0.967741935483871,0.967741935483871,0.935483870967742,0.935483870967742,0.935483870967742,0.935483870967742,0.903225806451613,0,0,0,0,0,0,0,0,2012,0.219489,-0.253588780687945
"13",5,5,1,0.481849312479701,4.57826303080644,5.16585803613212,5.596593307727,6.27548540791951,6.89680461441857,8.17789582043793,8.67671761111771,9.7438467936413,1,1,1,1,1,1,1,1,0.967741935483871,0.967741935483871,0.967741935483871,0.935483870967742,0.935483870967742,0.935483870967742,0.935483870967742,0.903225806451613,0,0,0,0,0,0,0,0,2013,0.208969,-0.272880312479701
"14",5,5,2,0.47614751384545,4.57256123217219,5.16015623749787,5.59089150909275,6.26978360928526,6.89110281578431,8.17219402180367,8.67101581248346,9.73814499500705,1,1,1,1,1,1,1,1,0.967741935483871,0.967741935483871,0.967741935483871,0.935483870967742,0.935483870967742,0.935483870967742,0.935483870967742,0.903225806451613,0,0,0,0,0,0,0,0,2014,0.215261,-0.26088651384545
"15",5,5,3,0.479557753104643,4.57597147143138,5.16356647675707,5.59430174835194,6.27319384854445,6.89451305504351,8.17560426106287,8.67442605174265,9.74155523426624,1,1,1,1,1,1,1,1,0.967741935483871,0.967741935483871,0.967741935483871,0.935483870967742,0.935483870967742,0.935483870967742,0.935483870967742,0.903225806451613,0,0,0,0,0,0,0,0,2015,0.533743,0.054185246895357
"16",6,6,1,0.652363239979554,4.74876136667117,5.33635413551208,5.76708776765654,6.44597728387227,7.0672941255266,8.34838045549876,8.84720034757945,9.91432546843106,1,1,1,1,1,1,1,1,0.967741935483871,0.967741935483871,0.967741935483871,0.935483870967742,0.935483870967742,0.935483870967742,0.935483870967742,0.903225806451613,0,0,0,0,0,0,0,0,2016,0.181285,-0.471078239979554
"17",6,6,2,0.461374144729833,4.55777227142145,5.14536504026236,5.57609867240682,6.25498818862255,6.87630503027688,8.15739136024904,8.65621125232973,9.72333637318134,1,1,1,1,1,1,1,1,0.967741935483871,0.967741935483871,0.967741935483871,0.935483870967742,0.935483870967742,0.935483870967742,0.935483870967742,0.903225806451613,0,0,0,0,0,0,0,0,2017,0.195498,-0.265876144729833
"18",6,6,3,0.469075851063025,4.56547397775464,5.15306674659555,5.58380037874001,6.26268989495574,6.88400673661007,8.16509306658223,8.66391295866292,9.73103807951453,1,1,1,1,1,1,1,1,0.967741935483871,0.967741935483871,0.967741935483871,0.935483870967742,0.935483870967742,0.935483870967742,0.935483870967742,0.903225806451613,0,0,0,0,0,0,0,0,2018,0.213815,-0.255260851063025
"19",7,7,1,0.478772101762885,4.57517691141311,5.16277063886645,5.59350497371971,6.2723955974915,6.89371345277649,8.17480187274251,8.67362257860951,9.74074944039371,1,1,1,1,1,1,1,1,0.967741935483871,0.967741935483871,0.967741935483871,0.935483870967742,0.935483870967742,0.935483870967742,0.935483870967742,0.903225806451613,0,0,0,0,0,0,0,0,2019,0.182586,-0.296186101762885
"20",7,7,2,0.461846460877851,4.55825127052808,5.14584499798142,5.57657933283468,6.25546995660647,6.87678781189146,8.15787623185748,8.65669693772447,9.72382379950867,1,1,1,1,1,1,1,1,0.967741935483871,0.967741935483871,0.967741935483871,0.935483870967742,0.935483870967742,0.935483870967742,0.935483870967742,0.903225806451613,0,0,0,0,0,0,0,0,2020,0.211616,-0.250230460877851
"21",7,7,3,0.477580277359087,4.57398508700931,5.16157881446265,5.59231314931592,6.2712037730877,6.8925216283727,8.17361004833871,8.67243075420571,9.73955761598991,1,1,1,1,1,1,1,1,0.967741935483871,0.967741935483871,0.967741935483871,0.935483870967742,0.935483870967742,0.935483870967742,0.935483870967742,0.903225806451613,0,0,0,0,0,0,0,0,2021,0.271335,-0.206245277359087
"22",8,8,1,0.51014455975218,4.60655497807174,5.19414951004004,5.62488443464128,6.30377598792887,6.92509469390284,8.20618486789505,8.70500625673176,9.77213457959268,1,1,1,1,1,1,1,1,0.967741935483871,0.967741935483871,0.967741935483871,0.935483870967742,0.935483870967742,0.935483870967742,0.935483870967742,0.903225806451613,0,0,0,0,0,0,0,0,2022,0.192054,-0.31809055975218
"23",8,8,2,0.467182149670098,4.56359256798966,5.15118709995795,5.5819220245592,6.26081357784679,6.88213228382076,8.16322245781297,8.66204384664968,9.7291721695106,1,1,1,1,1,1,1,1,0.967741935483871,0.967741935483871,0.967741935483871,0.935483870967742,0.935483870967742,0.935483870967742,0.935483870967742,0.903225806451613,0,0,0,0,0,0,0,0,2023,0.310936,-0.156246149670098
"24",8,8,3,0.531604359725194,4.62801477804476,5.21560931001305,5.64634423461429,6.32523578790189,6.94655449387585,8.22764466786807,8.72646605670477,9.79359437956569,1,1,1,1,1,1,1,1,0.967741935483871,0.967741935483871,0.967741935483871,0.935483870967742,0.935483870967742,0.935483870967742,0.935483870967742,0.903225806451613,0,0,0,0,0,0,0,0,2024,0.548799,0.0171946402748059
"25",9,9,1,0.660619325436181,4.75700818048416,5.34459961938824,5.77533227662532,6.45422025626637,7.07553569165399,8.35661912206034,8.85543788512961,9.9225605906877,1,1,1,1,1,1,1,1,0.967741935483871,0.967741935483871,0.967741935483871,0.935483870967742,0.935483870967742,0.935483870967742,0.935483870967742,0.903225806451613,0,0,0,0,0,0,0,0,2025,0.183758,-0.476861325436181
"26",9,9,2,0.462793825584634,4.55918268063261,5.14677411953669,5.57750677677377,6.25639475641482,6.87771019180244,8.1587936222088,8.65761238527807,9.72473509083616,1,1,1,1,1,1,1,1,0.967741935483871,0.967741935483871,0.967741935483871,0.935483870967742,0.935483870967742,0.935483870967742,0.935483870967742,0.903225806451613,0,0,0,0,0,0,0,0,2026,0.218613,-0.244180825584634
"27",9,9,3,0.481682684089092,4.57807153913707,5.16566297804115,5.59639563527823,6.27528361491928,6.8965990503069,8.17768248071325,8.67650124378252,9.74362394934061,1,1,1,1,1,1,1,1,0.967741935483871,0.967741935483871,0.967741935483871,0.935483870967742,0.935483870967742,0.935483870967742,0.935483870967742,0.903225806451613,0,0,0,0,0,0,0,0,2027,0.515173,0.0334903159109083
"28",10,10,1,0.642395609539618,4.73880236933996,5.32639637652542,5.75713091643572,6.43602186340277,7.05734001447471,8.33842904432057,8.83724998765806,9.90437735746275,1,1,1,1,1,1,1,1,0.967741935483871,0.967741935483871,0.967741935483871,0.935483870967742,0.935483870967742,0.935483870967742,0.935483870967742,0.903225806451613,0,0,0,0,0,0,0,0,2028,0.198027,-0.444368609539618
"29",10,10,2,0.470526463412388,4.56693322321273,5.15452723039819,5.58526177030849,6.26415271727554,6.88547086834748,8.16655989819334,8.66538084153083,9.73250821133552,1,1,1,1,1,1,1,1,0.967741935483871,0.967741935483871,0.967741935483871,0.935483870967742,0.935483870967742,0.935483870967742,0.935483870967742,0.903225806451613,0,0,0,0,0,0,0,0,2029,0.177078,-0.293448463412388
"30",10,10,3,0.459173689793236,4.55558044959358,5.14317445677904,5.57390899668933,6.25279994365638,6.87411809472833,8.15520712457419,8.65402806791168,9.72115543771637,1,1,1,1,1,1,1,1,0.967741935483871,0.967741935483871,0.967741935483871,0.935483870967742,0.935483870967742,0.935483870967742,0.935483870967742,0.903225806451613,0,0,0,0,0,0,0,0,2030,0.202469,-0.256704689793236
"31",11,11,1,0.472731995531662,4.56913960858352,5.1567337381605,5.58746836778965,6.26635945616471,6.88767773665267,8.16876703333999,8.66758808057823,9.73471567265773,1,1,1,1,1,1,1,1,0.967741935483871,0.967741935483871,0.967741935483871,0.935483870967742,0.935483870967742,0.935483870967742,0.935483870967742,0.903225806451613,0,0,0,0,0,0,0,0,2031,0.206894,-0.265837995531662
"32",11,11,2,0.475129750442211,4.57153736349407,5.15913149307105,5.5898661227002,6.26875721107526,6.89007549156322,8.17116478825054,8.66998583548878,9.73711342756828,1,1,1,1,1,1,1,1,0.967741935483871,0.967741935483871,0.967741935483871,0.935483870967742,0.935483870967742,0.935483870967742,0.935483870967742,0.903225806451613,0,0,0,0,0,0,0,0,2032,0.403264,-0.0718657504422111
"33",11,11,3,0.581535881918947,4.67794349497081,5.26553762454779,5.69627225417694,6.375163342552,6.99648162303996,8.27757091972728,8.77639196696551,9.84351955904502,1,1,1,1,1,1,1,1,0.967741935483871,0.967741935483871,0.967741935483871,0.935483870967742,0.935483870967742,0.935483870967742,0.935483870967742,0.903225806451613,0,0,0,0,0,0,0,0,2033,0.207655,-0.373880881918947
"34",12,12,1,0.475156800426305,4.57156614105569,5.15916051843868,5.58989532972149,6.26878670440522,6.89010524692167,8.17119508388264,8.67001634148861,9.73714438360772,1,1,1,1,1,1,1,1,0.967741935483871,0.967741935483871,0.967741935483871,0.935483870967742,0.935483870967742,0.935483870967742,0.935483870967742,0.903225806451613,0,0,0,0,0,0,0,0,2034,0.190559,-0.284597800426305
"35",12,12,2,0.465890286839376,4.56229962746876,5.14989400485175,5.58062881613456,6.25952019081829,6.88083873333474,8.16192857029571,8.66074982790168,9.72787787002079,1,1,1,1,1,1,1,1,0.967741935483871,0.967741935483871,0.967741935483871,0.935483870967742,0.935483870967742,0.935483870967742,0.935483870967742,0.903225806451613,0,0,0,0,0,0,0,0,2035,0.226819,-0.239071286839376
"36",12,12,3,0.4855442282679,4.58195356889729,5.16954794628027,5.60028275756309,6.27917413224681,6.90049267476326,8.18158251172423,8.68040376933021,9.74753181144931,1,1,1,1,1,1,1,1,0.967741935483871,0.967741935483871,0.967741935483871,0.935483870967742,0.935483870967742,0.935483870967742,0.935483870967742,0.903225806451613,0,0,0,0,0,0,0,0,2036,0.185912,-0.2996322282679
"37",13,13,1,0.463209875410586,4.55963548226549,5.14723219289739,5.57796871456337,6.25686278502266,6.87818379470162,8.15927871867769,8.65810195702788,9.72523423655197,1,1,1,1,1,1,1,1,0.967741935483871,0.967741935483871,0.967741935483871,0.935483870967742,0.935483870967742,0.935483870967742,0.935483870967742,0.903225806451613,0,0,0,0,0,0,0,0,2037,0.214066,-0.249143875410586
"38",13,13,2,0.478470414359348,4.57489602121425,5.16249273184616,5.59322925351214,6.27212332397143,6.89344433365038,8.17453925762646,8.67336249597664,9.74049477550074,1,1,1,1,1,1,1,1,0.967741935483871,0.967741935483871,0.967741935483871,0.935483870967742,0.935483870967742,0.935483870967742,0.935483870967742,0.903225806451613,0,0,0,0,0,0,0,0,2038,0.18372,-0.294750414359348
"39",13,13,3,0.462021728029195,4.5584473348841,5.146044045516,5.57678056718198,6.25567463764127,6.87699564732023,8.1580905712963,8.65691380964649,9.72404608917058,1,1,1,1,1,1,1,1,0.967741935483871,0.967741935483871,0.967741935483871,0.935483870967742,0.935483870967742,0.935483870967742,0.935483870967742,0.903225806451613,0,0,0,0,0,0,0,0,2039,0.619614,0.157592271970805
"40",14,14,1,0.698330759682771,4.79475329397685,5.38234956387656,5.81308576246475,6.49197932371344,7.11329986736499,8.39439383044431,8.89321669464765,9.96034817375959,1,1,1,1,1,1,1,1,0.967741935483871,0.967741935483871,0.967741935483871,0.935483870967742,0.935483870967742,0.935483870967742,0.935483870967742,0.903225806451613,0,0,0,0,0,0,0,0,2040,0.186635,-0.511695759682771
"41",14,14,2,0.463614665023138,4.56003719931722,5.14763346921693,5.57836966780512,6.25726322905381,6.87858377270536,8.15967773578468,8.65850059998801,9.72563207909996,1,1,1,1,1,1,1,1,0.967741935483871,0.967741935483871,0.967741935483871,0.935483870967742,0.935483870967742,0.935483870967742,0.935483870967742,0.903225806451613,0,0,0,0,0,0,0,0,2041,0.808943,0.345328334976862
"42",14,14,3,0.800965214207849,4.89738774850193,5.48498401840164,5.91572021698983,6.59461377823852,7.21593432189007,8.49702828496939,8.99585114917273,10.0629826282847,1,1,1,1,1,1,1,1,0.967741935483871,0.967741935483871,0.967741935483871,0.935483870967742,0.935483870967742,0.935483870967742,0.935483870967742,0.903225806451613,0,0,0,0,0,0,0,0,2042,0.642946,-0.158019214207849
"43",15,15,1,0.711892623146599,4.80831574003938,5.39591209350782,5.82664835335588,6.50554201115773,7.12686264317432,8.40795678845254,8.90677972359913,9.97391135447994,1,1,1,1,1,1,1,1,0.967741935483871,0.967741935483871,0.967741935483871,0.935483870967742,0.935483870967742,0.935483870967742,0.935483870967742,0.903225806451613,0,0,0,0,0,0,0,0,2043,0.234268,-0.477624623146599
"44",15,15,2,0.490498636959326,4.58692175385211,5.17451810732055,5.60525436716861,6.28414802497045,6.90546865698704,8.18656280226526,8.68538573741185,9.75251736829266,1,1,1,1,1,1,1,1,0.967741935483871,0.967741935483871,0.967741935483871,0.935483870967742,0.935483870967742,0.935483870967742,0.935483870967742,0.903225806451613,0,0,0,0,0,0,0,0,2044,0.274945,-0.215553636959326
"45",15,15,3,0.512534673095697,4.60895778998848,5.19655414345692,5.62729040330498,6.30618406110682,6.92750469312342,8.20859883840163,8.70742177354822,9.77455340442904,1,1,1,1,1,1,1,1,0.967741935483871,0.967741935483871,0.967741935483871,0.935483870967742,0.935483870967742,0.935483870967742,0.935483870967742,0.903225806451613,0,0,0,0,0,0,0,0,2045,0.193124,-0.319410673095697
"46",16,16,1,0.467673704922958,4.56412899115225,5.1517299590329,5.58246960146604,6.26136859064062,6.88269410190721,8.16379830765709,8.66262516007551,9.72976517117378,1,1,1,1,1,1,1,1,0.967741935483871,0.967741935483871,0.967741935483871,0.935483870967742,0.935483870967742,0.935483870967742,0.935483870967742,0.903225806451613,0,0,0,0,0,0,0,0,2046,0.212388,-0.255285704922958
"47",16,16,2,0.478114446255987,4.57456973248528,5.16217070036593,5.59291034279907,6.27180933197365,6.89313484324024,8.17423904899012,8.67306590140853,9.74020591250681,1,1,1,1,1,1,1,1,0.967741935483871,0.967741935483871,0.967741935483871,0.935483870967742,0.935483870967742,0.935483870967742,0.935483870967742,0.903225806451613,0,0,0,0,0,0,0,0,2047,0.183706,-0.294408446255987
"48",16,16,3,0.462569318405389,4.55902460463468,5.14662557251533,5.57736521494847,6.25626420412305,6.87758971538964,8.15869392113952,8.65752077355794,9.72466078465621,1,1,1,1,1,1,1,1,0.967741935483871,0.967741935483871,0.967741935483871,0.935483870967742,0.935483870967742,0.935483870967742,0.935483870967742,0.903225806451613,0,0,0,0,0,0,0,0,2048,0.213727,-0.248842318405389
"49",17,17,1,0.477424618319783,4.57063598245304,5.15777163785492,5.58817018396304,6.26653156311186,6.8873650559347,8.16745477429243,8.66588661313555,9.73218157190939,1,1,1,1,1,1,1,1,0.967741935483871,0.967741935483871,0.967741935483871,0.935483870967742,0.935483870967742,0.935483870967742,0.935483870967742,0.903225806451613,0,0,0,0,0,0,0,0,2049,0.180891,-0.296533618319783
"50",17,17,2,0.459606111372323,4.55281747550558,5.13995313090746,5.57035167701558,6.2487130561644,6.86954654898724,8.14963626734498,8.6480681061881,9.71436306496193,1,1,1,1,1,1,1,1,0.967741935483871,0.967741935483871,0.967741935483871,0.967741935483871,0.935483870967742,0.935483870967742,0.935483870967742,0.903225806451613,0,0,0,0,0,0,0,0,2050,0.191009,-0.268597111372323
"51",17,17,3,0.465096659956024,4.55830802408928,5.14544367949116,5.57584222559928,6.2542036047481,6.87503709757094,8.15512681592867,8.65355865477179,9.71985361354563,1,1,1,1,1,1,1,1,0.967741935483871,0.967741935483871,0.967741935483871,0.935483870967742,0.935483870967742,0.935483870967742,0.935483870967742,0.903225806451613,0,0,0,0,0,0,0,0,2051,0.388883,-0.076213659956024
"52",18,18,1,0.572461835643166,4.66566985424664,5.25280502976131,5.68320322408912,6.36156404878863,6.98239703418179,8.26248570627587,8.76091713773261,9.82721122498499,1,1,1,1,1,1,1,1,0.967741935483871,0.967741935483871,0.967741935483871,0.935483870967742,0.935483870967742,0.935483870967742,0.935483870967742,0.903225806451613,0,0,0,0,0,0,0,0,2052,0.24341,-0.329051835643166
"53",18,18,2,0.493524866486774,4.58673288509025,5.17386806060491,5.60426625493273,6.28262707963224,6.9034600650254,8.18354873711948,8.68198016857622,9.7482742558286,1,1,1,1,1,1,1,1,0.967741935483871,0.967741935483871,0.967741935483871,0.935483870967742,0.935483870967742,0.935483870967742,0.935483870967742,0.903225806451613,0,0,0,0,0,0,0,0,2053,0.192776,-0.300748866486774
"54",18,18,3,0.466049702736355,4.55925772133983,5.1463928968545,5.57679109118231,6.25515191588182,6.87598490127498,8.15607357336906,8.6545050048258,9.72079909207818,1,1,1,1,1,1,1,1,0.967741935483871,0.967741935483871,0.967741935483871,0.935483870967742,0.935483870967742,0.935483870967742,0.935483870967742,0.903225806451613,0,0,0,0,0,0,0,0,2054,0.192698,-0.273351702736355
"55",19,19,1,0.466115560112642,4.55932431767268,5.14645959918426,5.57685787121288,6.25521881837849,6.8760519158521,8.15614081904363,8.65457234048338,9.72086662023636,1,1,1,1,1,1,1,1,0.967741935483871,0.967741935483871,0.967741935483871,0.935483870967742,0.935483870967742,0.935483870967742,0.935483870967742,0.903225806451613,0,0,0,0,0,0,0,0,2055,0.199878,-0.266237560112642
"56",19,19,2,0.470010722803547,4.56321948036359,5.15035476187516,5.58075303390378,6.25911398106939,6.879947078543,8.16003598173453,8.65846750317428,9.72476178292727,1,1,1,1,1,1,1,1,0.967741935483871,0.967741935483871,0.967741935483871,0.935483870967742,0.935483870967742,0.935483870967742,0.935483870967742,0.903225806451613,0,0,0,0,0,0,0,0,2056,0.22451,-0.245500722803547
"57",19,19,3,0.483373626341484,4.57658238390153,5.1637176654131,5.59411593744172,6.27247688460733,6.89330998208094,8.17339888527247,8.67183040671222,9.7381246864652,1,1,1,1,1,1,1,1,0.967741935483871,0.967741935483871,0.967741935483871,0.935483870967742,0.935483870967742,0.935483870967742,0.935483870967742,0.903225806451613,0,0,0,0,0,0,0,0,2057,0.379994,-0.103379626341484
"58",20,20,1,0.567286703307601,4.66049378171243,5.24762882236376,5.67802691783029,6.35638758671218,6.97722042950171,8.25730880756293,8.75574012453134,9.8220339668589,1,1,1,1,1,1,1,1,0.967741935483871,0.967741935483871,0.967741935483871,0.935483870967742,0.935483870967742,0.935483870967742,0.935483870967742,0.903225806451613,0,0,0,0,0,0,0,0,2058,0.171512,-0.395774703307601
"59",20,20,2,0.454167494265161,4.54737457266999,5.13450961332132,5.56490770878785,6.24326837766974,6.86410122045927,8.14418959852049,8.6426209154889,9.70891475781646,1,1,1,1,1,1,1,1,0.967741935483871,0.967741935483871,0.967741935483871,0.967741935483871,0.935483870967742,0.935483870967742,0.935483870967742,0.903225806451613,0,0,0,0,0,0,0,0,2059,0.244331,-0.209836494265161
"60",20,20,3,0.493677992453309,4.58688507085814,5.17402011150947,5.60441820697599,6.28277887585789,6.90361171864742,8.18370009670864,8.68213141367705,9.74842525600461,1,1,1,1,1,1,1,1,0.967741935483871,0.967741935483871,0.967741935483871,0.935483870967742,0.935483870967742,0.935483870967742,0.935483870967742,0.903225806451613,0,0,0,0,0,0,0,0,2060,0.182908,-0.310769992453309
"61",21,21,1,0.460765235201013,4.55399825910339,5.14113702141123,5.57153784503016,6.24990281381791,6.87073959186326,8.15083608398499,8.64927056034609,9.71557116156068,1,1,1,1,1,1,1,1,0.967741935483871,0.967741935483871,0.967741935483871,0.967741935483871,0.935483870967742,0.935483870967742,0.935483870967742,0.903225806451613,0,0,0,0,0,0,0,0,2061,0.205217,-0.255548235201013
"62",21,21,2,0.472867691129951,4.56610071503233,5.15323947734017,5.5836403009591,6.26200526974685,6.8828420477922,8.16293853991393,8.66137301627502,9.72767361748962,1,1,1,1,1,1,1,1,0.967741935483871,0.967741935483871,0.967741935483871,0.935483870967742,0.935483870967742,0.935483870967742,0.935483870967742,0.903225806451613,0,0,0,0,0,0,0,0,2062,0.186661,-0.286206691129951
"63",21,21,3,0.462801207996804,4.55603423189918,5.14317299420702,5.57357381782595,6.2519387866137,6.87277556465905,8.15287205678078,8.65130653314188,9.71760713435647,1,1,1,1,1,1,1,1,0.967741935483871,0.967741935483871,0.967741935483871,0.935483870967742,0.935483870967742,0.935483870967742,0.935483870967742,0.903225806451613,0,0,0,0,0,0,0,0,2063,0.590524,0.127722792003196
"64",22,22,1,0.681703220976887,4.77493603763433,5.36207477021468,5.79247557204194,6.47084050648331,7.09167725309501,8.37177368040403,8.87020813152883,9.93650867875544,1,1,1,1,1,1,1,1,0.967741935483871,0.967741935483871,0.967741935483871,0.935483870967742,0.935483870967742,0.935483870967742,0.935483870967742,0.903225806451613,0,0,0,0,0,0,0,0,2064,0.189731,-0.491972220976887
"65",22,22,2,0.464261435054492,4.55749425171193,5.14463298429228,5.57503378611954,6.25339872056092,6.87423546717261,8.15433189448163,8.65276634560644,9.71906689283305,1,1,1,1,1,1,1,1,0.967741935483871,0.967741935483871,0.967741935483871,0.935483870967742,0.935483870967742,0.935483870967742,0.935483870967742,0.903225806451613,0,0,0,0,0,0,0,0,2065,0.198592,-0.265669435054492
"66",22,22,3,0.46906878364855,4.56230160030599,5.14944033288634,5.5798411347136,6.25820606915498,6.87904281576667,8.15913924307569,8.65757369420049,9.7238742414271,1,1,1,1,1,1,1,1,0.967741935483871,0.967741935483871,0.967741935483871,0.935483870967742,0.935483870967742,0.935483870967742,0.935483870967742,0.903225806451613,0,0,0,0,0,0,0,0,2066,0.191691,-0.27737778364855
"67",23,23,1,0.465232902524691,4.55845911100375,5.14559689569825,5.57599700267979,6.25436084195833,6.87519658628157,8.15529094698312,8.65372459342763,9.72002341920214,1,1,1,1,1,1,1,1,0.967741935483871,0.967741935483871,0.967741935483871,0.935483870967742,0.935483870967742,0.935483870967742,0.935483870967742,0.903225806451613,0,0,0,0,0,0,0,0,2067,0.199329,-0.265903902524691
"68",23,23,2,0.46937666076716,4.56260286924622,5.14974065394072,5.58014076092226,6.2585046002008,6.87934034452404,8.15943470522559,8.6578683516701,9.72416717744461,1,1,1,1,1,1,1,1,0.967741935483871,0.967741935483871,0.967741935483871,0.935483870967742,0.935483870967742,0.935483870967742,0.935483870967742,0.903225806451613,0,0,0,0,0,0,0,0,2068,0.195683,-0.27369366076716
"69",23,23,3,0.467398637390354,4.56062484586942,5.14776263056391,5.57816273754546,6.25652657682399,6.87736232114724,8.15745668184878,8.65589032829329,9.72218915406781,1,1,1,1,1,1,1,1,0.967741935483871,0.967741935483871,0.967741935483871,0.935483870967742,0.935483870967742,0.935483870967742,0.935483870967742,0.903225806451613,0,0,0,0,0,0,0,0,2069,0.285197,-0.182201637390354
"70",24,24,1,0.51587158092183,4.60910061267883,5.19623880234805,5.62663920619546,6.30500351337133,6.92583968591227,8.20593492955113,8.70436891978722,9.77066848103488,1,1,1,1,1,1,1,1,0.967741935483871,0.967741935483871,0.967741935483871,0.935483870967742,0.935483870967742,0.935483870967742,0.935483870967742,0.903225806451613,0,0,0,0,0,0,0,0,2070,0.203224,-0.31264758092183
"71",24,24,2,0.471400105146672,4.56462913690367,5.15176732657289,5.5821677304203,6.26053203759617,6.88136821013711,8.16146345377597,8.65989744401207,9.72619700525972,1,1,1,1,1,1,1,1,0.967741935483871,0.967741935483871,0.967741935483871,0.935483870967742,0.935483870967742,0.935483870967742,0.935483870967742,0.903225806451613,0,0,0,0,0,0,0,0,2071,0.186139,-0.285261105146672
"72",24,24,3,0.462131258531097,4.5553602902881,5.14249847995731,5.57289888380472,6.2512631909806,6.87209936352153,8.15219460716039,8.65062859739649,9.71692815864415,1,1,1,1,1,1,1,1,0.967741935483871,0.967741935483871,0.967741935483871,0.935483870967742,0.935483870967742,0.935483870967742,0.935483870967742,0.903225806451613,0,0,0,0,0,0,0,0,2072,0.199475,-0.262656258531097
"73",25,25,1,0.468646402666188,4.56189031277639,5.14903063661628,5.57943260491297,6.25779937785455,6.87863780705393,8.15873770367189,8.65717350565048,9.72347694275784,1,1,1,1,1,1,1,1,0.967741935483871,0.967741935483871,0.967741935483871,0.935483870967742,0.935483870967742,0.935483870967742,0.935483870967742,0.903225806451613,0,0,0,0,0,0,0,0,2073,0.186673,-0.281973402666188
"74",25,25,2,0.461698324534236,4.55494223464443,5.14208255848433,5.57248452678102,6.2508512997226,6.87168972892197,8.15178962553994,8.65022542751853,9.71652886462589,1,1,1,1,1,1,1,1,0.967741935483871,0.967741935483871,0.967741935483871,0.935483870967742,0.935483870967742,0.935483870967742,0.935483870967742,0.903225806451613,0,0,0,0,0,0,0,0,2074,0.211569,-0.250129324534236
"75",25,25,3,0.475210225266394,4.56845413537659,5.15559445921648,5.58599642751318,6.26436320045475,6.88520162965413,8.1653015262721,8.66373732825069,9.73004076535805,1,1,1,1,1,1,1,1,0.967741935483871,0.967741935483871,0.967741935483871,0.935483870967742,0.935483870967742,0.935483870967742,0.935483870967742,0.903225806451613,0,0,0,0,0,0,0,0,2075,0.542404,0.0671937747336061
"76",26,26,1,0.655206836068932,4.74844795237127,5.33558787546366,5.76598954999325,6.44435585992152,7.06519386537305,8.34529288827002,8.8437283500456,9.91003105935688,1,1,1,1,1,1,1,1,0.967741935483871,0.967741935483871,0.967741935483871,0.935483870967742,0.935483870967742,0.935483870967742,0.935483870967742,0.903225806451613,0,0,0,0,0,0,0,0,2076,0.216533,-0.438673836068932
"77",26,26,2,0.478376969903922,4.57161808620626,5.15875800929865,5.58915968382824,6.26752599375651,6.88836399920804,8.16846302210501,8.66689848388059,9.73320119319187,1,1,1,1,1,1,1,1,0.967741935483871,0.967741935483871,0.967741935483871,0.935483870967742,0.935483870967742,0.935483870967742,0.935483870967742,0.903225806451613,0,0,0,0,0,0,0,0,2077,0.186606,-0.291770969903922
"78",26,26,3,0.462137453639141,4.55537856994148,5.14251849303387,5.57292016756346,6.25128647749173,6.87212448294326,8.15222350584023,8.65065896761581,9.71696167692708,1,1,1,1,1,1,1,1,0.967741935483871,0.967741935483871,0.967741935483871,0.935483870967742,0.935483870967742,0.935483870967742,0.935483870967742,0.903225806451613,0,0,0,0,0,0,0,0,2078,0.312662,-0.149475453639141
"79",27,27,1,0.530504273903306,4.62374435572184,5.21088413042651,5.64128569618079,6.31965183466571,6.94048968321301,8.22058838259087,8.71902371839699,9.78532615822185,1,1,1,1,1,1,1,1,0.967741935483871,0.967741935483871,0.967741935483871,0.935483870967742,0.935483870967742,0.935483870967742,0.935483870967742,0.903225806451613,0,0,0,0,0,0,0,0,2079,0.186048,-0.344456273903306
"80",27,27,2,0.461798557590207,4.55503863940874,5.14217841411341,5.5725799798677,6.25094611835261,6.87178396689991,8.15188266627777,8.65031800208389,9.71662044190875,1,1,1,1,1,1,1,1,0.967741935483871,0.967741935483871,0.967741935483871,0.935483870967742,0.935483870967742,0.935483870967742,0.935483870967742,0.903225806451613,0,0,0,0,0,0,0,0,2080,0.219491,-0.242307557590207
"81",27,27,3,0.479946039469454,4.57318612128799,5.16032589599266,5.59072746174694,6.26909360023186,6.88993144877916,8.17003014815702,8.66846548396314,9.734767923788,1,1,1,1,1,1,1,1,0.967741935483871,0.967741935483871,0.967741935483871,0.935483870967742,0.935483870967742,0.935483870967742,0.935483870967742,0.903225806451613,0,0,0,0,0,0,0,0,2081,0.195084,-0.284862039469454
"82",28,28,1,0.466682142841817,4.55993737619812,5.14707932425943,5.57748248318817,6.25585113271324,6.87669127935396,8.15679471714526,8.65523189795965,9.72153828480969,1,1,1,1,1,1,1,1,0.967741935483871,0.967741935483871,0.967741935483871,0.935483870967742,0.935483870967742,0.935483870967742,0.935483870967742,0.903225806451613,0,0,0,0,0,0,0,0,2082,0.27113,-0.195552142841817
"83",28,28,2,0.50794255211401,4.60119778547032,5.18833973353162,5.61874289246037,6.29711154198543,6.91795168862615,8.19805512641745,8.69649230723184,9.76279869408188,1,1,1,1,1,1,1,1,0.967741935483871,0.967741935483871,0.967741935483871,0.935483870967742,0.935483870967742,0.935483870967742,0.935483870967742,0.903225806451613,0,0,0,0,0,0,0,0,2083,0.197935,-0.31000755211401
"84",28,28,3,0.468229014825025,4.56148424818133,5.14862619624263,5.57902935517138,6.25739800469644,6.87823815133717,8.15834158912847,8.65677876994286,9.7230851567929,1,1,1,1,1,1,1,1,0.967741935483871,0.967741935483871,0.967741935483871,0.935483870967742,0.935483870967742,0.935483870967742,0.935483870967742,0.903225806451613,0,0,0,0,0,0,0,0,2084,0.180254,-0.287975014825025
"85",29,29,1,0.458507722276686,4.55176754668785,5.13891015329614,5.56931379497136,6.2476832053646,6.8685240483487,8.14862892192272,8.64706666179153,9.71337424462639,1,1,1,1,1,1,1,1,0.967741935483871,0.967741935483871,0.967741935483871,0.967741935483871,0.935483870967742,0.935483870967742,0.935483870967742,0.903225806451613,0,0,0,0,0,0,0,0,2085,0.220513,-0.237994722276686
"86",29,29,2,0.48035124067011,4.57361106508128,5.16075367168956,5.59115731336478,6.26952672375803,6.89036756674213,8.17047244031614,8.66891018018495,9.73521776301981,1,1,1,1,1,1,1,1,0.967741935483871,0.967741935483871,0.967741935483871,0.935483870967742,0.935483870967742,0.935483870967742,0.935483870967742,0.903225806451613,0,0,0,0,0,0,0,0,2086,0.197585,-0.28276624067011
"87",29,29,3,0.467911085928948,4.56117091034011,5.1483135169484,5.57871715862362,6.25708656901687,6.87792741200097,8.15803228557498,8.65647002544379,9.72277760827865,1,1,1,1,1,1,1,1,0.967741935483871,0.967741935483871,0.967741935483871,0.935483870967742,0.935483870967742,0.935483870967742,0.935483870967742,0.903225806451613,0,0,0,0,0,0,0,0,2087,0.418013,-0.0498980859289484
"88",30,30,1,0.587877547980999,4.68112691739715,5.26826802432712,5.69867056666632,6.37703824436996,6.99787750160377,8.27797910553681,8.77641557229707,9.84272043157151,1,1,1,1,1,1,1,1,0.967741935483871,0.967741935483871,0.967741935483871,0.935483870967742,0.935483870967742,0.935483870967742,0.935483870967742,0.903225806451613,0,0,0,0,0,0,0,0,2088,0.196988,-0.390889547980999
"89",30,30,2,0.467924263235081,4.56117363265123,5.1483147395812,5.57871728192041,6.25708495962404,6.87792421685786,8.15802582079089,8.65646228755115,9.72276714682559,1,1,1,1,1,1,1,1,0.967741935483871,0.967741935483871,0.967741935483871,0.935483870967742,0.935483870967742,0.935483870967742,0.935483870967742,0.903225806451613,0,0,0,0,0,0,0,0,2089,0.232107,-0.235817263235081
"90",30,30,3,0.486983823949895,4.58023319336605,5.16737430029601,5.59777684263522,6.27614452033885,6.89698377757267,8.1770853815057,8.67552184826596,9.7418267075404,1,1,1,1,1,1,1,1,0.967741935483871,0.967741935483871,0.967741935483871,0.935483870967742,0.935483870967742,0.935483870967742,0.935483870967742,0.903225806451613,0,0,0,0,0,0,0,0,2090,0.187905,-0.299078823949895
"91",31,31,1,0.46297014097601,4.55621805225159,5.14335895002394,5.5737613390406,6.25212877508892,6.87296781116082,8.15306895908252,8.65150524828447,9.71780972770851,1,1,1,1,1,1,1,1,0.967741935483871,0.967741935483871,0.967741935483871,0.935483870967742,0.935483870967742,0.935483870967742,0.935483870967742,0.903225806451613,0,0,0,0,0,0,0,0,2091,0.205739,-0.25723114097601
"92",31,31,2,0.472648572962146,4.56589648423772,5.15303738201007,5.58343977102674,6.26180720707506,6.88264624314695,8.16274739106865,8.66118368027061,9.72748815969465,1,1,1,1,1,1,1,1,0.967741935483871,0.967741935483871,0.967741935483871,0.935483870967742,0.935483870967742,0.935483870967742,0.935483870967742,0.903225806451613,0,0,0,0,0,0,0,0,2092,0.165236,-0.307412572962146
"93",31,31,3,0.450667776128318,4.5439156874039,5.13105658517625,5.56145897419291,6.23982641024123,6.86066544631312,8.14076659423483,8.63920288343678,9.70550736286082,1,1,1,1,1,1,1,1,0.967741935483871,0.967741935483871,0.967741935483871,0.967741935483871,0.935483870967742,0.935483870967742,0.935483870967742,0.903225806451613,0,0,0,0,0,0,0,0,2093,0.196044,-0.254623776128318
"94",32,32,1,0.46699967509682,4.56027374738815,5.14741839773122,5.57782353756189,6.25619530923355,6.87703831324976,8.15714764263201,8.65558711747038,9.72189841192466,1,1,1,1,1,1,1,1,0.967741935483871,0.967741935483871,0.967741935483871,0.935483870967742,0.935483870967742,0.935483870967742,0.935483870967742,0.903225806451613,0,0,0,0,0,0,0,0,2094,0.197818,-0.26918167509682
"95",32,32,2,0.467962305986413,4.56123637827774,5.14838102862081,5.57878616845148,6.25715794012314,6.87800094413936,8.1581102735216,8.65654974835997,9.72286104281426,1,1,1,1,1,1,1,1,0.967741935483871,0.967741935483871,0.967741935483871,0.935483870967742,0.935483870967742,0.935483870967742,0.935483870967742,0.903225806451613,0,0,0,0,0,0,0,0,2095,0.294318,-0.173644305986413
"96",32,32,3,0.520326387635629,4.61360045992696,5.20074511027003,5.6311502501007,6.30952202177236,6.93036502578857,8.21047435517082,8.70891383000919,9.77522512446347,1,1,1,1,1,1,1,1,0.967741935483871,0.967741935483871,0.967741935483871,0.935483870967742,0.935483870967742,0.935483870967742,0.935483870967742,0.903225806451613,0,0,0,0,0,0,0,0,2096,0.20531,-0.315016387635629
"97",33,33,1,0.472024695654433,4.56529209213116,5.15243578488655,5.5828402227596,6.26121088805917,6.88205287952829,8.16216012115086,8.66059878307285,9.72690833845558,1,1,1,1,1,1,1,1,0.967741935483871,0.967741935483871,0.967741935483871,0.935483870967742,0.935483870967742,0.935483870967742,0.935483870967742,0.903225806451613,0,0,0,0,0,0,0,0,2097,0.177549,-0.294475695654433
"98",33,33,2,0.45696103722348,4.55022843370021,5.1373721264556,5.56777656432865,6.24614722962822,6.86698922109733,8.1470964627199,8.6455351246419,9.71184468002463,1,1,1,1,1,1,1,1,0.967741935483871,0.967741935483871,0.967741935483871,0.967741935483871,0.935483870967742,0.935483870967742,0.935483870967742,0.903225806451613,0,0,0,0,0,0,0,0,2098,0.200898,-0.25606303722348
"99",33,33,3,0.469630658660183,4.56289805513691,5.1500417478923,5.58044618576535,6.25881685106492,6.87965884253404,8.15976608415661,8.6582047460786,9.72451430146133,1,1,1,1,1,1,1,1,0.967741935483871,0.967741935483871,0.967741935483871,0.935483870967742,0.935483870967742,0.935483870967742,0.935483870967742,0.903225806451613,0,0,0,0,0,0,0,0,2099,0.498674,0.0290433413398167
"100",34,34,1,0.631216427305548,4.72447968671921,5.3116227860488,5.74202678891232,6.42039676858305,7.04123813256751,8.32134408038641,8.81978223853672,9.88609071620098,1,1,1,1,1,1,1,1,0.967741935483871,0.967741935483871,0.967741935483871,0.935483870967742,0.935483870967742,0.935483870967742,0.935483870967742,0.903225806451613,0,0,0,0,0,0,0,0,2100,0.196634,-0.434582427305549
"101",34,34,2,0.467320018084012,4.56058327749767,5.14772637682726,5.57813037969079,6.25650035936151,6.87734172334597,8.15744767116487,8.65588582931519,9.72219430697944,1,1,1,1,1,1,1,1,0.967741935483871,0.967741935483871,0.967741935483871,0.935483870967742,0.935483870967742,0.935483870967742,0.935483870967742,0.903225806451613,0,0,0,0,0,0,0,0,2101,0.196004,-0.271316018084012
"102",34,34,3,0.466978160257864,4.56024141967153,5.14738451900112,5.57778852186464,6.25615850153536,6.87699986551982,8.15710581333872,8.65554397148904,9.7218524491533,1,1,1,1,1,1,1,1,0.967741935483871,0.967741935483871,0.967741935483871,0.935483870967742,0.935483870967742,0.935483870967742,0.935483870967742,0.903225806451613,0,0,0,0,0,0,0,0,2102,0.203269,-0.263709160257864
"103",35,35,1,0.470746775175255,4.56402233096991,5.15116719410866,5.58157248992875,6.25994450745905,6.88078773648405,8.16089752980945,8.65933718529456,9.72564886620631,1,1,1,1,1,1,1,1,0.967741935483871,0.967741935483871,0.967741935483871,0.935483870967742,0.935483870967742,0.935483870967742,0.935483870967742,0.903225806451613,0,0,0,0,0,0,0,0,2103,0.183499,-0.287247775175255
"104",35,35,2,0.460015300089791,4.55329085588444,5.1404357190232,5.57084101484329,6.24921303237358,6.87005626139859,8.15016605472398,8.64860571020909,9.71491739112085,1,1,1,1,1,1,1,1,0.967741935483871,0.967741935483871,0.967741935483871,0.967741935483871,0.935483870967742,0.935483870967742,0.935483870967742,0.903225806451613,0,0,0,0,0,0,0,0,2104,0.196409,-0.263606300089791
"105",35,35,3,0.467023056455666,4.56029861225032,5.14744347538907,5.57784877120916,6.25622078873946,6.87706401776447,8.15717381108986,8.65561346657497,9.72192514748672,1,1,1,1,1,1,1,1,0.967741935483871,0.967741935483871,0.967741935483871,0.935483870967742,0.935483870967742,0.935483870967742,0.935483870967742,0.903225806451613,0,0,0,0,0,0,0,0,2105,0.205513,-0.261510056455666
"106",36,36,1,0.47171744663635,4.56501184758725,5.15215941390016,5.58256669127632,6.26094183198425,6.88178791932835,8.16190360619028,8.66034555645693,9.72666214659357,1,1,1,1,1,1,1,1,0.967741935483871,0.967741935483871,0.967741935483871,0.935483870967742,0.935483870967742,0.935483870967742,0.935483870967742,0.903225806451613,0,0,0,0,0,0,0,0,2106,0.192117,-0.27960044663635
"107",36,36,2,0.464446143387017,4.55774054433792,5.14488811065082,5.57529538802699,6.25367052873492,6.87451661607901,8.15463230294095,8.6530742532076,9.71939084334424,1,1,1,1,1,1,1,1,0.967741935483871,0.967741935483871,0.967741935483871,0.935483870967742,0.935483870967742,0.935483870967742,0.935483870967742,0.903225806451613,0,0,0,0,0,0,0,0,2107,0.295009,-0.169437143387017
"108",36,36,3,0.520295571121444,4.61358997207234,5.20073753838525,5.63114481576141,6.30951995646935,6.93036604381344,8.21048173067538,8.70892368094203,9.77524027107867,1,1,1,1,1,1,1,1,0.967741935483871,0.967741935483871,0.967741935483871,0.935483870967742,0.935483870967742,0.935483870967742,0.935483870967742,0.903225806451613,0,0,0,0,0,0,0,0,2108,0.201202,-0.319093571121444
"109",37,37,1,0.46907882689427,4.56238081529339,5.14952946995992,5.57993754515139,6.25831394331499,6.87916118147725,8.15927924119844,8.65772211539142,9.72404068208316,1,1,1,1,1,1,1,1,0.967741935483871,0.967741935483871,0.967741935483871,0.935483870967742,0.935483870967742,0.935483870967742,0.935483870967742,0.903225806451613,0,0,0,0,0,0,0,0,2109,0.177645,-0.29143382689427
"110",37,37,2,0.456291212150814,4.54959320054994,5.13674185521646,5.56714993040793,6.24552632857153,6.86637356673379,8.14649162645498,8.64493450064797,9.71125306733971,1,1,1,1,1,1,1,1,0.967741935483871,0.967741935483871,0.967741935483871,0.967741935483871,0.935483870967742,0.935483870967742,0.935483870967742,0.903225806451613,0,0,0,0,0,0,0,0,2110,0.199223,-0.257068212150814
"111",37,37,3,0.468004552174344,4.56130654057347,5.14845519523999,5.57886327043146,6.25723966859506,6.87808690675732,8.15820496647851,8.6566478406715,9.72296640736324,1,1,1,1,1,1,1,1,0.967741935483871,0.967741935483871,0.967741935483871,0.935483870967742,0.935483870967742,0.935483870967742,0.935483870967742,0.903225806451613,0,0,0,0,0,0,0,0,2111,0.558012,0.0900074478256557
"112",38,38,1,0.66324195606244,4.756531138186,5.34367795590341,5.77408468452323,6.45245896032324,7.07330425610724,8.35341831086014,8.85185962562829,9.91817485624333,1,1,1,1,1,1,1,1,0.967741935483871,0.967741935483871,0.967741935483871,0.935483870967742,0.935483870967742,0.935483870967742,0.935483870967742,0.903225806451613,0,0,0,0,0,0,0,0,2112,0.189667,-0.47357495606244
"113",38,38,2,0.463373572853186,4.55666275497675,5.14380957269415,5.57421630131397,6.25259057711399,6.87343587289798,8.15354992765089,8.65199124241903,9.71830647303407,1,1,1,1,1,1,1,1,0.967741935483871,0.967741935483871,0.967741935483871,0.935483870967742,0.935483870967742,0.935483870967742,0.935483870967742,0.903225806451613,0,0,0,0,0,0,0,0,2113,0.167037,-0.296336572853186
"114",38,38,3,0.451094265377788,4.54438344750135,5.13153026521875,5.56193699383858,6.24031126963859,6.86115656542258,8.14127062017549,8.63971193494364,9.70602716555867,1,1,1,1,1,1,1,1,0.967741935483871,0.967741935483871,0.967741935483871,0.967741935483871,0.935483870967742,0.935483870967742,0.935483870967742,0.903225806451613,0,0,0,0,0,0,0,0,2114,1.591564,1.14046973462221
"115",39,39,1,1.22428336805642,5.31778694554747,5.90496451642014,6.33539378857516,7.01380359577686,7.63468140975085,8.91486251340038,9.41332993517052,10.4797010164806,1,1,1,1,1,1,1,1,0.967741935483871,0.967741935483871,0.935483870967742,0.935483870967742,0.935483870967742,0.935483870967742,0.903225806451613,0.903225806451613,0,0,0,0,0,0,0,0,2115,0.166765,-1.05751836805642
"116",39,39,2,0.451060263863209,4.54456384135426,5.13174141222693,5.56217068438195,6.24058049158365,6.86145830555764,8.14163940920717,8.64010683097731,9.70647791228736,1,1,1,1,1,1,1,1,0.967741935483871,0.967741935483871,0.967741935483871,0.967741935483871,0.935483870967742,0.935483870967742,0.935483870967742,0.903225806451613,0,0,0,0,0,0,0,0,2116,0.222231,-0.228829263863209
"117",39,39,3,0.481161065939278,4.57466464343033,5.161842214303,5.59227148645802,6.27068129365972,6.89155910763371,8.17174021128324,8.67020763305338,9.73657871436343,1,1,1,1,1,1,1,1,0.967741935483871,0.967741935483871,0.967741935483871,0.935483870967742,0.935483870967742,0.935483870967742,0.935483870967742,0.903225806451613,0,0,0,0,0,0,0,0,2117,0.197628,-0.283533065939278
"118",40,40,1,0.467858820980077,4.56154389130373,5.14874749574851,5.57919585175832,6.25763573747717,6.87854107918408,8.1587789419619,8.65726846418038,9.72368682496742,1,1,1,1,1,1,1,1,0.967741935483871,0.967741935483871,0.967741935483871,0.935483870967742,0.935483870967742,0.935483870967742,0.935483870967742,0.903225806451613,0,0,0,0,0,0,0,0,2118,0.727588,0.259729179019923
"119",40,40,2,0.755390180621498,4.84907525094515,5.43627885538993,5.86672721139974,6.5451670971186,7.1660724388255,8.44631030160332,8.9447998238218,10.0112181846088,1,1,1,1,1,1,1,1,0.967741935483871,0.967741935483871,0.967741935483871,0.935483870967742,0.935483870967742,0.935483870967742,0.935483870967742,0.903225806451613,0,0,0,0,0,0,0,0,2119,0.181214,-0.574176180621498
"120",40,40,3,0.458953356912687,4.55263842723634,5.13984203168112,5.57029038769093,6.24873027340978,6.86963561511669,8.14987347789451,8.64836300011299,9.71478136090002,1,1,1,1,1,1,1,1,0.967741935483871,0.967741935483871,0.967741935483871,0.967741935483871,0.935483870967742,0.935483870967742,0.935483870967742,0.903225806451613,0,0,0,0,0,0,0,0,2120,0.326798,-0.132155356912687
"121",41,41,1,0.537760643990631,4.63147431511123,5.21868202209218,5.64913338545741,6.32757801114065,6.9484876908431,8.228734498086,8.72722750303394,9.7936533144222,1,1,1,1,1,1,1,1,0.967741935483871,0.967741935483871,0.967741935483871,0.935483870967742,0.935483870967742,0.935483870967742,0.935483870967742,0.903225806451613,0,0,0,0,0,0,0,0,2121,0.187252,-0.350508643990631
"122",41,41,2,0.462040720116582,4.55575439123718,5.14296209821813,5.57341346158336,6.2518580872666,6.87276776696905,8.15301457421195,8.65150757915989,9.71793339054815,1,1,1,1,1,1,1,1,0.967741935483871,0.967741935483871,0.967741935483871,0.935483870967742,0.935483870967742,0.935483870967742,0.935483870967742,0.903225806451613,0,0,0,0,0,0,0,0,2122,0.589581,0.127540279883418
"123",41,41,3,0.680350963708818,4.77406463482941,5.36127234181036,5.7917237051756,6.47016833085883,7.09107801056128,8.37132481780418,8.86981782275213,9.93624363414038,1,1,1,1,1,1,1,1,0.967741935483871,0.967741935483871,0.967741935483871,0.935483870967742,0.935483870967742,0.935483870967742,0.935483870967742,0.903225806451613,0,0,0,0,0,0,0,0,2123,0.563151,-0.117199963708818
"124",42,42,1,0.666626477091457,4.76033920020953,5.34754677120774,5.77799803489112,6.45644250346342,7.07735203937859,8.35759855014809,8.85609143965742,9.92251700408792,1,1,1,1,1,1,1,1,0.967741935483871,0.967741935483871,0.967741935483871,0.935483870967742,0.935483870967742,0.935483870967742,0.935483870967742,0.903225806451613,0,0,0,0,0,0,0,0,2124,0.205096,-0.461530477091457
"125",42,42,2,0.472329271216406,4.56604199433448,5.15324956533269,5.58370082901607,6.26214529758836,6.88305483350354,8.16330134427304,8.66179423378237,9.72821979821287,1,1,1,1,1,1,1,1,0.967741935483871,0.967741935483871,0.967741935483871,0.935483870967742,0.935483870967742,0.935483870967742,0.935483870967742,0.903225806451613,0,0,0,0,0,0,0,0,2125,0.171778,-0.300551271216406
"126",42,42,3,0.454249383195445,4.54796210631352,5.13516967731173,5.56562094099511,6.2440654095674,6.86497494548258,8.14522145625208,8.64371434576141,9.71013991019191,1,1,1,1,1,1,1,1,0.967741935483871,0.967741935483871,0.967741935483871,0.967741935483871,0.935483870967742,0.935483870967742,0.935483870967742,0.903225806451613,0,0,0,0,0,0,0,0,2126,0.190764,-0.263485383195445
"127",43,43,1,0.463950935289345,4.55768745074622,5.14489843454899,5.57535219998152,6.2538006116201,6.87471375621303,8.15496770767532,8.65346349438642,9.71989525679905,1,1,1,1,1,1,1,1,0.967741935483871,0.967741935483871,0.967741935483871,0.935483870967742,0.935483870967742,0.935483870967742,0.935483870967742,0.903225806451613,0,0,0,0,0,0,0,0,2127,0.378374,-0.0855769352893446
"128",43,43,2,0.565753945232396,4.65949046068927,5.24670144449205,5.67715520992457,6.35560362156316,6.97651676615608,8.25677071761837,8.75526650432947,9.8216982667421,1,1,1,1,1,1,1,1,0.967741935483871,0.967741935483871,0.967741935483871,0.935483870967742,0.935483870967742,0.935483870967742,0.935483870967742,0.903225806451613,0,0,0,0,0,0,0,0,2128,0.198736,-0.367017945232396
"129",43,43,3,0.468276789962688,4.56201330541956,5.14922428922234,5.57967805465486,6.25812646629345,6.87903961088638,8.15929356234867,8.65778934905976,9.72422111147239,1,1,1,1,1,1,1,1,0.967741935483871,0.967741935483871,0.967741935483871,0.935483870967742,0.935483870967742,0.935483870967742,0.935483870967742,0.903225806451613,0,0,0,0,0,0,0,0,2129,0.200596,-0.267680789962688
"130",44,44,1,0.469281220938102,4.56302462155535,5.15023659297465,5.58069108237736,6.25914063508258,6.8800548239749,8.16031092866659,8.65880755378617,9.72524110980562,1,1,1,1,1,1,1,1,0.967741935483871,0.967741935483871,0.967741935483871,0.935483870967742,0.935483870967742,0.935483870967742,0.935483870967742,0.903225806451613,0,0,0,0,0,0,0,0,2130,0.182224,-0.287057220938102
"131",44,44,2,0.459311212404224,4.55305461302147,5.14026658444077,5.57072107384349,6.2491706265487,6.87008481544103,8.15034092013271,8.64883754525229,9.71527110127174,1,1,1,1,1,1,1,1,0.967741935483871,0.967741935483871,0.967741935483871,0.967741935483871,0.935483870967742,0.935483870967742,0.935483870967742,0.903225806451613,0,0,0,0,0,0,0,0,2131,0.20531,-0.254001212404224
"132",44,44,3,0.471839386637465,4.56558278725472,5.15279475867401,5.58324924807673,6.26169880078194,6.88261298967427,8.16286909436595,8.66136571948553,9.72779927550498,1,1,1,1,1,1,1,1,0.967741935483871,0.967741935483871,0.967741935483871,0.935483870967742,0.935483870967742,0.935483870967742,0.935483870967742,0.903225806451613,0,0,0,0,0,0,0,0,2132,0.177531,-0.294308386637465
"133",45,45,1,0.456970264528358,4.55073034414735,5.13794470802473,5.56840095121377,6.24685326810329,6.86776998676552,8.1480313075618,8.6465299636895,9.7129678646435,1,1,1,1,1,1,1,1,0.967741935483871,0.967741935483871,0.967741935483871,0.967741935483871,0.935483870967742,0.935483870967742,0.935483870967742,0.903225806451613,0,0,0,0,0,0,0,0,2133,0.197799,-0.259171264528358
"134",45,45,2,0.467966102870812,4.5617261824898,5.14894054636719,5.57939678955622,6.25784910644574,6.87876582510797,8.15902714590426,8.65752580203196,9.72396370298596,1,1,1,1,1,1,1,1,0.967741935483871,0.967741935483871,0.967741935483871,0.935483870967742,0.935483870967742,0.935483870967742,0.935483870967742,0.903225806451613,0,0,0,0,0,0,0,0,2134,0.187417,-0.280549102870812
"135",45,45,3,0.46233363821365,4.55609371783264,5.14330808171002,5.57376432489906,6.25221664178858,6.87313336045081,8.1533946812471,8.65189333737479,9.71833123832879,1,1,1,1,1,1,1,1,0.967741935483871,0.967741935483871,0.967741935483871,0.935483870967742,0.935483870967742,0.935483870967742,0.935483870967742,0.903225806451613,0,0,0,0,0,0,0,0,2135,0.515066,0.0527323617863497
"136",46,46,1,0.640085961414937,4.73383464527431,5.32104737452885,5.75150241946108,6.42995284774957,7.05086783797204,8.3311255949175,8.8296228633794,9.89605779570071,1,1,1,1,1,1,1,1,0.967741935483871,0.967741935483871,0.967741935483871,0.935483870967742,0.935483870967742,0.935483870967742,0.935483870967742,0.903225806451613,0,0,0,0,0,0,0,0,2136,0.182254,-0.457831961414937
"137",46,46,2,0.459519740348786,4.55326842420816,5.1404811534627,5.57093619839493,6.24938662668342,6.87030161690589,8.15055937385135,8.64905664231324,9.71549157463456,1,1,1,1,1,1,1,1,0.967741935483871,0.967741935483871,0.967741935483871,0.967741935483871,0.935483870967742,0.935483870967742,0.935483870967742,0.903225806451613,0,0,0,0,0,0,0,0,2137,0.191181,-0.268338740348786
"138",46,46,3,0.464363059265945,4.55811174312532,5.14532447237986,5.57577951731209,6.25422994560058,6.87514493582305,8.1554026927685,8.6538999612304,9.72033489355172,1,1,1,1,1,1,1,1,0.967741935483871,0.967741935483871,0.967741935483871,0.935483870967742,0.935483870967742,0.935483870967742,0.935483870967742,0.903225806451613,0,0,0,0,0,0,0,0,2138,0.176897,-0.287466059265945
"139",47,47,1,0.456436852296674,4.55019927378607,5.13741397358444,5.56787046301965,6.24632316802361,6.86724024188655,8.14750229506726,8.64600123636537,9.71243974738427,1,1,1,1,1,1,1,1,0.967741935483871,0.967741935483871,0.967741935483871,0.967741935483871,0.935483870967742,0.935483870967742,0.935483870967742,0.903225806451613,0,0,0,0,0,0,0,0,2139,0.199368,-0.257068852296674
"140",47,47,2,0.468632796523459,4.56239521801286,5.14960991781123,5.58006640724643,6.2585191122504,6.87943618611334,8.15969823929404,8.65819718059215,9.72463569161105,1,1,1,1,1,1,1,1,0.967741935483871,0.967741935483871,0.967741935483871,0.935483870967742,0.935483870967742,0.935483870967742,0.935483870967742,0.903225806451613,0,0,0,0,0,0,0,0,2140,0.38533,-0.0833027965234588
"141",47,47,3,0.569562091183306,4.6633245126727,5.25053921247108,5.68099570190628,6.35944840691024,6.98036548077318,8.26062753395389,8.759126475252,9.8255649862709,1,1,1,1,1,1,1,1,0.967741935483871,0.967741935483871,0.967741935483871,0.935483870967742,0.935483870967742,0.935483870967742,0.935483870967742,0.903225806451613,0,0,0,0,0,0,0,0,2141,0.201836,-0.367726091183306
"142",48,48,1,0.470614455867105,4.5643920476157,5.15160892345613,5.58206700803435,6.26052222718113,6.88144160197705,8.16170839942603,8.66020918801213,9.72665165093321,1,1,1,1,1,1,1,1,0.967741935483871,0.967741935483871,0.967741935483871,0.935483870967742,0.935483870967742,0.935483870967742,0.935483870967742,0.903225806451613,0,0,0,0,0,0,0,0,2142,0.207877,-0.262737455867105
"143",48,48,2,0.47389210501702,4.56766969676562,5.15488657260605,5.58534465718427,6.26379987633105,6.88471925112696,8.16498604857594,8.66348683716204,9.72992930008313,1,1,1,1,1,1,1,1,0.967741935483871,0.967741935483871,0.967741935483871,0.935483870967742,0.935483870967742,0.935483870967742,0.935483870967742,0.903225806451613,0,0,0,0,0,0,0,0,2143,0.201763,-0.27212910501702
"144",48,48,3,0.47057484845311,4.56435244020171,5.15156931604214,5.58202740062036,6.26048261976714,6.88140199456305,8.16166879201203,8.66016958059813,9.72661204351922,1,1,1,1,1,1,1,1,0.967741935483871,0.967741935483871,0.967741935483871,0.935483870967742,0.935483870967742,0.935483870967742,0.935483870967742,0.903225806451613,0,0,0,0,0,0,0,0,2144,0.202444,-0.26813084845311
"145",49,49,1,0.469753360101838,4.56354078797444,5.15075907472151,5.58121819356185,6.25967504283375,6.88059590951334,8.16086578306079,8.65936776939529,9.72581279465888,1,1,1,1,1,1,1,1,0.967741935483871,0.967741935483871,0.967741935483871,0.935483870967742,0.935483870967742,0.935483870967742,0.935483870967742,0.903225806451613,0,0,0,0,0,0,0,0,2145,0.187296,-0.282457360101838
"146",49,49,2,0.461531797287593,4.55531922516019,5.14253751190727,5.57299663074761,6.2514534800195,6.87237434669909,8.15264422024655,8.65114620658105,9.71759123184463,1,1,1,1,1,1,1,1,0.967741935483871,0.967741935483871,0.967741935483871,0.935483870967742,0.935483870967742,0.935483870967742,0.935483870967742,0.903225806451613,0,0,0,0,0,0,0,0,2146,0.212061,-0.249470797287593
"147",49,49,3,0.474972977845738,4.56876040571834,5.15597869246541,5.58643781130575,6.26489466057765,6.88581552725724,8.16608540080469,8.66458738713919,9.73103241240278,1,1,1,1,1,1,1,1,0.967741935483871,0.967741935483871,0.967741935483871,0.935483870967742,0.935483870967742,0.935483870967742,0.935483870967742,0.903225806451613,0,0,0,0,0,0,0,0,2147,1.389073,0.914100022154262
"148",50,50,1,1.11491489405477,5.20883923544735,5.79607716125093,6.22655067645996,6.90503021619076,7.5259718490833,8.80628454025575,9.30480319859945,10.3712838902832,1,1,1,1,1,1,1,1,0.967741935483871,0.967741935483871,0.967741935483871,0.935483870967742,0.935483870967742,0.935483870967742,0.935483870967742,0.903225806451613,0,0,0,0,0,0,0,0,2148,0.222145,-0.892769894054769
"149",50,50,2,0.481647236901274,4.57557157829385,5.16280950409744,5.59328301930647,6.27176255903727,6.8927041919298,8.17301688310225,8.67153554144596,9.73801623312966,1,1,1,1,1,1,1,1,0.967741935483871,0.967741935483871,0.967741935483871,0.935483870967742,0.935483870967742,0.935483870967742,0.935483870967742,0.903225806451613,0,0,0,0,0,0,0,0,2149,0.17357,-0.308077236901274
"150",50,50,3,0.455286590446453,4.54921093183903,5.13644885764262,5.56692237285165,6.24540191258245,6.86634354547498,8.14665623664743,8.64517489499113,9.71165558667484,1,1,1,1,1,1,1,1,0.967741935483871,0.967741935483871,0.967741935483871,0.967741935483871,0.935483870967742,0.935483870967742,0.935483870967742,0.903225806451613,0,0,0,0,0,0,0,0,2150,0.234295,-0.220991590446453
"151",51,51,1,0.487407794253473,4.5814276490999,5.16867927547972,5.59916283386708,6.27765820288997,6.89861432268433,8.17895688423956,8.67748717329133,9.74399274654241,1,1,1,1,1,1,1,1,0.967741935483871,0.967741935483871,0.967741935483871,0.935483870967742,0.935483870967742,0.935483870967742,0.935483870967742,0.903225806451613,0,0,0,0,0,0,0,0,2151,0.18814,-0.299267794253473
"152",51,51,2,0.462369589249111,4.55638944409554,5.14364107047536,5.57412462886272,6.25261999788561,6.87357611767997,8.1539186792352,8.65244896828697,9.71895454153804,1,1,1,1,1,1,1,1,0.967741935483871,0.967741935483871,0.967741935483871,0.935483870967742,0.935483870967742,0.935483870967742,0.935483870967742,0.903225806451613,0,0,0,0,0,0,0,0,2152,0.813662,0.351292410750889
"153",51,51,3,0.801703314105325,4.89572316895176,5.48297479533157,5.91345835371893,6.59195372274182,7.21290984253618,8.49325240409141,8.99178269314318,10.0582882663943,1,1,1,1,1,1,1,1,0.967741935483871,0.967741935483871,0.967741935483871,0.935483870967742,0.935483870967742,0.935483870967742,0.935483870967742,0.903225806451613,0,0,0,0,0,0,0,0,2153,0.230127,-0.571576314105325
"154",52,52,1,0.485505870339066,4.57960335602489,5.16686611787505,5.59735783909532,6.27586607375319,6.89683396812278,8.17720080754458,8.67574054973194,9.74226634607079,1,1,1,1,1,1,1,1,0.967741935483871,0.967741935483871,0.967741935483871,0.935483870967742,0.935483870967742,0.935483870967742,0.935483870967742,0.903225806451613,0,0,0,0,0,0,0,0,2154,0.66199,0.176484129660934
"155",52,52,2,0.719778670059401,4.81387615574523,5.40113891759539,5.83163063881566,6.51013887347352,7.13110676784312,8.41147360726491,8.91001334945228,9.97653914579113,1,1,1,1,1,1,1,1,0.967741935483871,0.967741935483871,0.967741935483871,0.935483870967742,0.935483870967742,0.935483870967742,0.935483870967742,0.903225806451613,0,0,0,0,0,0,0,0,2155,0.22271,-0.497068670059401
"156",52,52,3,0.481482369007566,4.57557985469339,5.16284261654355,5.59333433776382,6.27184257242168,6.89281046679128,8.17317730621308,8.67171704840044,9.73824284473929,1,1,1,1,1,1,1,1,0.967741935483871,0.967741935483871,0.967741935483871,0.935483870967742,0.935483870967742,0.935483870967742,0.935483870967742,0.903225806451613,0,0,0,0,0,0,0,0,2156,0.173496,-0.307986369007566
"157",53,53,1,0.454788792603115,4.54892734980093,5.13619600300313,5.56669204286651,6.24520708424043,6.86618120808805,8.14656089200174,8.64510563548208,9.71164213108425,1,1,1,1,1,1,1,1,0.967741935483871,0.967741935483871,0.967741935483871,0.967741935483871,0.935483870967742,0.935483870967742,0.935483870967742,0.903225806451613,0,0,0,0,0,0,0,0,2157,0.210706,-0.244082792603115
"158",53,53,2,0.474974523832152,4.56911308102997,5.15638173423217,5.58687777409554,6.26539281546946,6.88636693931709,8.16674662323078,8.66529136671112,9.73182786231328,1,1,1,1,1,1,1,1,0.967741935483871,0.967741935483871,0.967741935483871,0.935483870967742,0.935483870967742,0.935483870967742,0.935483870967742,0.903225806451613,0,0,0,0,0,0,0,0,2158,0.254453,-0.220521523832152
"159",53,53,3,0.49870645568049,4.59284501287831,5.1801136660805,5.61060970594388,6.2891247473178,6.91009887116542,8.19047855507912,8.68902329855946,9.75555979416162,1,1,1,1,1,1,1,1,0.967741935483871,0.967741935483871,0.967741935483871,0.935483870967742,0.935483870967742,0.935483870967742,0.935483870967742,0.903225806451613,0,0,0,0,0,0,0,0,2159,0.51514,0.0164335443195103
"160",54,54,1,0.640125729466822,4.73424063114458,5.32150589116767,5.75199944366831,6.43051056465068,7.05148110057239,8.33185338658128,8.83039524952032,9.89692558278208,1,1,1,1,1,1,1,1,0.967741935483871,0.967741935483871,0.967741935483871,0.935483870967742,0.935483870967742,0.935483870967742,0.935483870967742,0.903225806451613,0,0,0,0,0,0,0,0,2160,0.16966,-0.470465729466822
"161",54,54,2,0.452664888765403,4.54677979044316,5.13404505046625,5.56453860296689,6.24304972394926,6.86402025987097,8.14439254587986,8.6429344088189,9.70946474208066,1,1,1,1,1,1,1,1,0.967741935483871,0.967741935483871,0.967741935483871,0.967741935483871,0.935483870967742,0.935483870967742,0.935483870967742,0.903225806451613,0,0,0,0,0,0,0,0,2161,0.207003,-0.245661888765403
"162",54,54,3,0.472927567283155,4.56704246896091,5.154307728984,5.58480128148464,6.26331240246702,6.88428293838872,8.16465522439761,8.66319708733666,9.72972742059841,1,1,1,1,1,1,1,1,0.967741935483871,0.967741935483871,0.967741935483871,0.935483870967742,0.935483870967742,0.935483870967742,0.935483870967742,0.903225806451613,0,0,0,0,0,0,0,0,2162,0.176663,-0.296264567283155
"163",55,55,1,0.456142996763572,4.55027598589123,5.13754384040208,5.56803929478645,6.246553413373,6.86752669268949,8.14790463527377,8.64644870072818,9.71298374582984,1,1,1,1,1,1,1,1,0.967741935483871,0.967741935483871,0.967741935483871,0.967741935483871,0.935483870967742,0.935483870967742,0.935483870967742,0.903225806451613,0,0,0,0,0,0,0,0,2163,0.197964,-0.258178996763572
"164",55,55,2,0.46769788960078,4.56183087872844,5.14909873323929,5.57959418762366,6.25810830621021,6.8790815855267,8.15945952811098,8.65800359356539,9.72453863866705,1,1,1,1,1,1,1,1,0.967741935483871,0.967741935483871,0.967741935483871,0.935483870967742,0.935483870967742,0.935483870967742,0.935483870967742,0.903225806451613,0,0,0,0,0,0,0,0,2164,0.168317,-0.29938088960078
"165",55,55,3,0.451615644262782,4.54574863339044,5.13301648790129,5.56351194228566,6.24202606087221,6.8629993401887,8.14337728277298,8.64192134822739,9.70845639332905,1,1,1,1,1,1,1,1,0.967741935483871,0.967741935483871,0.967741935483871,0.967741935483871,0.935483870967742,0.935483870967742,0.935483870967742,0.903225806451613,0,0,0,0,0,0,0,0,2165,0.217221,-0.234394644262782
"166",56,56,1,0.478427154714096,4.57258089437779,5.15985172537299,5.5903493616629,6.26886691920264,6.88984334583467,8.1702277778341,8.66877437008884,9.73531482077306,1,1,1,1,1,1,1,1,0.967741935483871,0.967741935483871,0.967741935483871,0.935483870967742,0.935483870967742,0.935483870967742,0.935483870967742,0.903225806451613,0,0,0,0,0,0,0,0,2166,0.203021,-0.275406154714096
"167",56,56,2,0.470719508446928,4.56487324811062,5.15214407910582,5.58264171539574,6.26115927293547,6.8821356995675,8.16252013156693,8.66106672382167,9.72760717450589,1,1,1,1,1,1,1,1,0.967741935483871,0.967741935483871,0.967741935483871,0.935483870967742,0.935483870967742,0.935483870967742,0.935483870967742,0.903225806451613,0,0,0,0,0,0,0,0,2167,0.194036,-0.276683508446928
"168",56,56,3,0.465842522410977,4.55999626207467,5.14726709306987,5.57776472935979,6.25628228689952,6.87725871353155,8.15764314553098,8.65618973778572,9.72273018846994,1,1,1,1,1,1,1,1,0.967741935483871,0.967741935483871,0.967741935483871,0.935483870967742,0.935483870967742,0.935483870967742,0.935483870967742,0.903225806451613,0,0,0,0,0,0,0,0,2168,0.208427,-0.257415522410977
"169",57,57,1,0.473301282832811,4.56745954865045,5.15473102888316,5.58522914109525,6.26374744874724,6.88472456187888,8.16511040936424,8.66365755277039,9.73019918253253,1,1,1,1,1,1,1,1,0.967741935483871,0.967741935483871,0.967741935483871,0.935483870967742,0.935483870967742,0.935483870967742,0.935483870967742,0.903225806451613,0,0,0,0,0,0,0,0,2169,0.179323,-0.293978282832811
"170",57,57,2,0.45750800233859,4.55166626815623,5.13893774838894,5.56943586060103,6.24795416825302,6.86893128138465,8.14931712887002,8.64786427227617,9.71440590203831,1,1,1,1,1,1,1,1,0.967741935483871,0.967741935483871,0.967741935483871,0.967741935483871,0.935483870967742,0.935483870967742,0.935483870967742,0.903225806451613,0,0,0,0,0,0,0,0,2170,0.2007,-0.25680800233859
"171",57,57,3,0.469108227638376,4.56326649345601,5.15053797368872,5.58103608590082,6.25955439355281,6.88053150668444,8.1609173541698,8.65946449757596,9.7260061273381,1,1,1,1,1,1,1,1,0.967741935483871,0.967741935483871,0.967741935483871,0.935483870967742,0.935483870967742,0.935483870967742,0.935483870967742,0.903225806451613,0,0,0,0,0,0,0,0,2171,0.515805,0.0466967723616243
"172",58,58,1,0.640336379426062,4.73449345700699,5.32176476679745,5.75226275406722,6.43078086479464,7.05175779770173,8.3321432735841,8.83069027229824,9.89723159252083,1,1,1,1,1,1,1,1,0.967741935483871,0.967741935483871,0.967741935483871,0.935483870967742,0.935483870967742,0.935483870967742,0.935483870967742,0.903225806451613,0,0,0,0,0,0,0,0,2172,0.19613,-0.444206379426062
"173",58,58,2,0.466863682816397,4.56102076039733,5.14829207018779,5.57879005745755,6.25730816818498,6.87828510109207,8.15867057697444,8.65721757568858,9.72375889591116,1,1,1,1,1,1,1,1,0.967741935483871,0.967741935483871,0.967741935483871,0.935483870967742,0.935483870967742,0.935483870967742,0.935483870967742,0.903225806451613,0,0,0,0,0,0,0,0,2173,0.172842,-0.294021682816397
"174",58,58,3,0.454226372552392,4.54838345013332,5.13565475992378,5.56615274719355,6.24467085792097,6.86564779082806,8.14603326671043,8.64458026542457,9.71112158564716,1,1,1,1,1,1,1,1,0.967741935483871,0.967741935483871,0.967741935483871,0.967741935483871,0.935483870967742,0.935483870967742,0.935483870967742,0.903225806451613,0,0,0,0,0,0,0,0,2174,0.402333,-0.0518933725523916
"175",59,59,1,0.578522658455574,4.67266494238219,5.2599341301513,5.69043056187782,6.36894622087655,6.98992090997181,8.27030175936337,8.76884695664883,9.83538442307605,1,1,1,1,1,1,1,1,0.967741935483871,0.967741935483871,0.967741935483871,0.935483870967742,0.935483870967742,0.935483870967742,0.935483870967742,0.903225806451613,0,0,0,0,0,0,0,0,2175,0.189542,-0.388980658455574
"176",59,59,2,0.463052815539083,4.5571950994657,5.14446428723481,5.57496071896133,6.25347637796006,6.87445106705532,8.15483191644688,8.65337711373234,9.71991458015956,1,1,1,1,1,1,1,1,0.967741935483871,0.967741935483871,0.967741935483871,0.935483870967742,0.935483870967742,0.935483870967742,0.935483870967742,0.903225806451613,0,0,0,0,0,0,0,0,2176,0.370224,-0.0928288155390835
"177",59,59,3,0.561098889657995,4.65524117358462,5.24251036135372,5.67300679308024,6.35152245207897,6.97249714117423,8.25287799056579,8.75142318785125,9.81796065427847,1,1,1,1,1,1,1,1,0.967741935483871,0.967741935483871,0.967741935483871,0.935483870967742,0.935483870967742,0.935483870967742,0.935483870967742,0.903225806451613,0,0,0,0,0,0,0,0,2177,0.202943,-0.358155889657995
"178",60,60,1,0.470210467331234,4.56437844083915,5.1516513135558,5.58215044652529,6.26067036301728,6.88164894855254,8.16203783197068,8.66058615748581,9.72713031613305,1,1,1,1,1,1,1,1,0.967741935483871,0.967741935483871,0.967741935483871,0.935483870967742,0.935483870967742,0.935483870967742,0.935483870967742,0.903225806451613,0,0,0,0,0,0,0,0,2178,0.404006,-0.0662044673312335
"179",60,60,2,0.57930422229426,4.67347219580218,5.26074506851883,5.69124420148832,6.36976411798031,6.99074270351557,8.27113158693371,8.76967991244884,9.83622407109607,1,1,1,1,1,1,1,1,0.967741935483871,0.967741935483871,0.967741935483871,0.935483870967742,0.935483870967742,0.935483870967742,0.935483870967742,0.903225806451613,0,0,0,0,0,0,0,0,2179,0.540175,-0.03912922229426
"180",60,60,3,0.65318747042823,4.74735544393615,5.3346283166528,5.76512744962229,6.44364736611428,7.06462595164954,8.34501483506767,8.84356316058281,9.91010731923004,1,1,1,1,1,1,1,1,0.967741935483871,0.967741935483871,0.967741935483871,0.935483870967742,0.935483870967742,0.935483870967742,0.935483870967742,0.903225806451613,0,0,0,0,0,0,0,0,2180,0.184954,-0.46823347042823
"181",61,61,1,0.460614828025773,4.55475062466467,5.14201888188865,5.57251463148103,6.25102921535193,6.87200292049471,8.15238174108551,8.65092614841158,9.71746192487911,1,1,1,1,1,1,1,1,0.967741935483871,0.967741935483871,0.967741935483871,0.935483870967742,0.935483870967742,0.935483870967742,0.935483870967742,0.903225806451613,0,0,0,0,0,0,0,0,2181,0.533221,0.072606171974227
"182",61,61,2,0.64954469202581,4.74368048866471,5.33094874588869,5.76144449548107,6.43995907935197,7.06093278449474,8.34131160508555,8.83985601241162,9.90639178887915,1,1,1,1,1,1,1,1,0.967741935483871,0.967741935483871,0.967741935483871,0.935483870967742,0.935483870967742,0.935483870967742,0.935483870967742,0.903225806451613,0,0,0,0,0,0,0,0,2182,0.187451,-0.46209369202581
"183",61,61,3,0.461969414795143,4.55610521143404,5.14337346865802,5.5738692182504,6.2523838021213,6.87335750726408,8.15373632785488,8.65228073518095,9.71881651164848,1,1,1,1,1,1,1,1,0.967741935483871,0.967741935483871,0.967741935483871,0.935483870967742,0.935483870967742,0.935483870967742,0.935483870967742,0.903225806451613,0,0,0,0,0,0,0,0,2183,0.534773,0.0728035852048572
"184",62,62,1,0.650782062509775,4.74490078087579,5.3321665883697,5.76266054219265,6.44117229570867,7.06214341052252,8.34251689014273,8.84105921784129,9.90759054536283,1,1,1,1,1,1,1,1,0.967741935483871,0.967741935483871,0.967741935483871,0.935483870967742,0.935483870967742,0.935483870967742,0.935483870967742,0.903225806451613,0,0,0,0,0,0,0,0,2184,0.191211,-0.459571062509775
"185",62,62,2,0.464398370964414,4.55851708933042,5.14578289682433,5.57627685064729,6.25478860416331,6.87575971897716,8.15613319859736,8.65467552629593,9.72120685381747,1,1,1,1,1,1,1,1,0.967741935483871,0.967741935483871,0.967741935483871,0.935483870967742,0.935483870967742,0.935483870967742,0.935483870967742,0.903225806451613,0,0,0,0,0,0,0,0,2185,0.40657,-0.0578283709644142
"186",62,62,3,0.581231447461575,4.67535016582759,5.26261597332149,5.69310992714445,6.37162168066047,6.99259279547432,8.27296627509453,8.77150860279309,9.83803993031463,1,1,1,1,1,1,1,1,0.967741935483871,0.967741935483871,0.967741935483871,0.935483870967742,0.935483870967742,0.935483870967742,0.935483870967742,0.903225806451613,0,0,0,0,0,0,0,0,2186,0.190282,-0.390949447461575
"187",63,63,1,0.463285024443705,4.5574278526734,5.14469711851807,5.5751936074777,6.25370935668291,6.87468412833477,8.15506514794885,8.6536104115143,9.72014801973425,1,1,1,1,1,1,1,1,0.967741935483871,0.967741935483871,0.967741935483871,0.935483870967742,0.935483870967742,0.935483870967742,0.935483870967742,0.903225806451613,0,0,0,0,0,0,0,0,2187,0.686815,0.223529975556295
"188",63,63,2,0.732692184772666,4.82683501300237,5.41410427884703,5.84460076780667,6.52311651701188,7.14409128866373,8.42447230827781,8.92301757184326,9.98955518006321,1,1,1,1,1,1,1,1,0.967741935483871,0.967741935483871,0.967741935483871,0.935483870967742,0.935483870967742,0.935483870967742,0.935483870967742,0.903225806451613,0,0,0,0,0,0,0,0,2188,0.242485,-0.490207184772666
"189",63,63,3,0.491609147897036,4.58575197612674,5.1730212419714,5.60351773093104,6.28203348013625,6.9030082517881,8.18338927140218,8.68193453496763,9.74847214318758,1,1,1,1,1,1,1,1,0.967741935483871,0.967741935483871,0.967741935483871,0.935483870967742,0.935483870967742,0.935483870967742,0.935483870967742,0.903225806451613,0,0,0,0,0,0,0,0,2189,0.297996,-0.193613147897036
"190",64,64,1,0.521722034899685,4.6159050288285,5.20318005609421,5.63368076845131,6.31220317425366,6.93318403799533,8.21357761882209,8.71212777337935,9.77867584489539,1,1,1,1,1,1,1,1,0.967741935483871,0.967741935483871,0.967741935483871,0.935483870967742,0.935483870967742,0.935483870967742,0.935483870967742,0.903225806451613,0,0,0,0,0,0,0,0,2190,0.218193,-0.303529034899685
"191",64,64,2,0.478424453939775,4.57260744786859,5.1598824751343,5.5903831874914,6.26890559329375,6.88988645703542,8.17028003786218,8.66883019241944,9.73537826393548,1,1,1,1,1,1,1,1,0.967741935483871,0.967741935483871,0.967741935483871,0.935483870967742,0.935483870967742,0.935483870967742,0.935483870967742,0.903225806451613,0,0,0,0,0,0,0,0,2191,0.245312,-0.233112453939775
"192",64,64,3,0.493138024833749,4.58732101876257,5.17459604602827,5.60509675838537,6.28361916418772,6.90460002792939,8.18499360875615,8.68354376331341,9.75009183482946,1,1,1,1,1,1,1,1,0.967741935483871,0.967741935483871,0.967741935483871,0.935483870967742,0.935483870967742,0.935483870967742,0.935483870967742,0.903225806451613,0,0,0,0,0,0,0,0,2192,0.234229,-0.258909024833749
"193",65,65,1,0.4874083494418,4.58159228087909,5.16886744262225,5.59936825355777,6.2778908147319,6.89887182066917,8.17926569468748,8.67781596340549,9.74436427914556,1,1,1,1,1,1,1,1,0.967741935483871,0.967741935483871,0.967741935483871,0.935483870967742,0.935483870967742,0.935483870967742,0.935483870967742,0.903225806451613,0,0,0,0,0,0,0,0,2193,0.236182,-0.2512263494418
"194",65,65,2,0.488468135401994,4.58265206683929,5.16992722858245,5.60042803951796,6.27895060069209,6.89993160662937,8.18032548064767,8.67887574936568,9.74542406510575,1,1,1,1,1,1,1,1,0.967741935483871,0.967741935483871,0.967741935483871,0.935483870967742,0.935483870967742,0.935483870967742,0.935483870967742,0.903225806451613,0,0,0,0,0,0,0,0,2194,0.188256,-0.300212135401994
"195",65,65,3,0.462461324378811,4.5566452558161,5.14392041755927,5.57442122849478,6.25294378966891,6.87392479560619,8.15431866962449,8.6528689383425,9.71941725408257,1,1,1,1,1,1,1,1,0.967741935483871,0.967741935483871,0.967741935483871,0.935483870967742,0.935483870967742,0.935483870967742,0.935483870967742,0.903225806451613,0,0,0,0,0,0,0,0,2195,0.539026,0.0765646756211887
"196",66,66,1,0.652821292352569,4.74700231063647,5.33427705451305,5.76477755913236,6.44329963751423,7.06428020160205,8.34467316457585,8.84322307855811,9.90977063541219,1,1,1,1,1,1,1,1,0.967741935483871,0.967741935483871,0.967741935483871,0.935483870967742,0.935483870967742,0.935483870967742,0.935483870967742,0.903225806451613,0,0,0,0,0,0,0,0,2196,0.177639,-0.475182292352569
"197",66,66,2,0.456706132095517,4.55088715037942,5.138161894256,5.56866239887531,6.24718447725718,6.868165041345,8.1485580043188,8.64710791830106,9.71365547515514,1,1,1,1,1,1,1,1,0.967741935483871,0.967741935483871,0.967741935483871,0.967741935483871,0.935483870967742,0.935483870967742,0.935483870967742,0.903225806451613,0,0,0,0,0,0,0,0,2197,0.279908,-0.176798132095517
"198",66,66,3,0.512204811694751,4.60638582997865,5.19366057385523,5.62416107847454,6.30268315685641,6.92366372094423,8.20405668391803,8.70260659790029,9.76915415475437,1,1,1,1,1,1,1,1,0.967741935483871,0.967741935483871,0.967741935483871,0.935483870967742,0.935483870967742,0.935483870967742,0.935483870967742,0.903225806451613,0,0,0,0,0,0,0,0,2198,0.190071,-0.322133811694751
"199",67,67,1,0.463055815757879,4.55723290000686,5.14450707958026,5.57500717053833,6.25352859693888,6.87450856433613,8.15490029700022,8.65344973193362,9.71999626395872,1,1,1,1,1,1,1,1,0.967741935483871,0.967741935483871,0.967741935483871,0.935483870967742,0.935483870967742,0.935483870967742,0.935483870967742,0.903225806451613,0,0,0,0,0,0,0,0,2199,0.276288,-0.186767815757879
"200",67,67,2,0.509839255279805,4.60401633952878,5.19129051910219,5.62179061006025,6.3003120364608,6.92129200385805,8.20168373652215,8.70023317145555,9.76677970348065,1,1,1,1,1,1,1,1,0.967741935483871,0.967741935483871,0.967741935483871,0.935483870967742,0.935483870967742,0.935483870967742,0.935483870967742,0.903225806451613,0,0,0,0,0,0,0,0,2200,0.190092,-0.319747255279805
"201",67,67,3,0.463067210868239,4.55724429511722,5.14451847469063,5.57501856564869,6.25353999204924,6.87451995944649,8.15491169211059,8.65346112704398,9.72000765906908,1,1,1,1,1,1,1,1,0.967741935483871,0.967741935483871,0.967741935483871,0.935483870967742,0.935483870967742,0.935483870967742,0.935483870967742,0.903225806451613,0,0,0,0,0,0,0,0,2201,0.402254,-0.0608132108682394
"202",68,68,1,0.578558785957606,4.67274246745503,5.26001759334649,5.69051837800099,6.36904089775298,6.9900218657809,8.2704156616343,8.76896589991704,9.83551415054696,1,1,1,1,1,1,1,1,0.967741935483871,0.967741935483871,0.967741935483871,0.935483870967742,0.935483870967742,0.935483870967742,0.935483870967742,0.903225806451613,0,0,0,0,0,0,0,0,2202,0.174089,-0.404469785957606
"203",68,68,2,0.454707164507498,4.54889084600493,5.13616597189638,5.56666675655088,6.24518927630288,6.86617024433079,8.14656404018419,8.64511427846693,9.71166252909685,1,1,1,1,1,1,1,1,0.967741935483871,0.967741935483871,0.967741935483871,0.967741935483871,0.935483870967742,0.935483870967742,0.935483870967742,0.903225806451613,0,0,0,0,0,0,0,0,2203,0.204475,-0.250232164507498
"204",68,68,3,0.471201172656789,4.56538485415422,5.15265998004567,5.58316076470017,6.26168328445217,6.88266425248008,8.16305804833348,8.66160828661622,9.72815653724614,1,1,1,1,1,1,1,1,0.967741935483871,0.967741935483871,0.967741935483871,0.935483870967742,0.935483870967742,0.935483870967742,0.935483870967742,0.903225806451613,0,0,0,0,0,0,0,0,2204,0.190076,-0.281125172656789
"205",69,69,1,0.462222259248079,4.55612370645438,5.14335834828558,5.57382945618563,6.25230520169952,6.87324336214063,8.15354889350386,8.65206476401416,9.71853949168739,1,1,1,1,1,1,1,1,0.967741935483871,0.967741935483871,0.967741935483871,0.935483870967742,0.935483870967742,0.935483870967742,0.935483870967742,0.903225806451613,0,0,0,0,0,0,0,0,2205,0.168785,-0.293437259248079
"206",69,69,2,0.450667886324864,4.54456933353116,5.13180397536236,5.56227508326242,6.2407508287763,6.86168898921741,8.14199452058064,8.64051039109094,9.70698511876417,1,1,1,1,1,1,1,1,0.967741935483871,0.967741935483871,0.967741935483871,0.967741935483871,0.935483870967742,0.935483870967742,0.935483870967742,0.903225806451613,0,0,0,0,0,0,0,0,2206,0.173109,-0.277558886324864
"207",69,69,3,0.453014469788298,4.5469159169946,5.1341505588258,5.56462166672585,6.24309741223974,6.86403557268085,8.14434110404408,8.64285697455438,9.70933170222761,1,1,1,1,1,1,1,1,0.967741935483871,0.967741935483871,0.967741935483871,0.967741935483871,0.935483870967742,0.935483870967742,0.935483870967742,0.903225806451613,0,0,0,0,0,0,0,0,2207,0.524491,0.071476530211702
"208",70,70,1,0.644040050007241,4.73792579783386,5.32515818772527,5.75562764484563,6.43410078852641,7.05503656778076,8.33533718940131,8.83385114819243,9.90032178612587,1,1,1,1,1,1,1,1,0.967741935483871,0.967741935483871,0.967741935483871,0.935483870967742,0.935483870967742,0.935483870967742,0.935483870967742,0.903225806451613,0,0,0,0,0,0,0,0,2208,0.239578,-0.404462050007241
"209",70,70,2,0.489392044216357,4.58327779204298,5.17051018193438,5.60097963905474,6.27945278273552,6.90038856198987,8.18068918361043,8.67920314240154,9.74567378033498,1,1,1,1,1,1,1,1,0.967741935483871,0.967741935483871,0.967741935483871,0.935483870967742,0.935483870967742,0.935483870967742,0.935483870967742,0.903225806451613,0,0,0,0,0,0,0,0,2209,0.170264,-0.319128044216357
"210",70,70,3,0.451769079053695,4.54565482688032,5.13288721677172,5.56335667389208,6.24182981757286,6.86276559682721,8.14306621844776,8.64158017723888,9.70805081517232,1,1,1,1,1,1,1,1,0.967741935483871,0.967741935483871,0.967741935483871,0.967741935483871,0.935483870967742,0.935483870967742,0.935483870967742,0.903225806451613,0,0,0,0,0,0,0,0,2210,1.574208,1.1224389209463
"211",71,71,1,1.21441278162966,5.30850653462121,5.89576876104876,6.32626008977862,7.00476770582303,7.62573503404018,8.90610070611851,9.40463999377433,10.4711648177341,1,1,1,1,1,1,1,1,0.967741935483871,0.967741935483871,0.935483870967742,0.935483870967742,0.935483870967742,0.935483870967742,0.903225806451613,0.903225806451613,0,0,0,0,0,0,0,0,2211,0.166074,-1.04833878162966
"212",71,71,2,0.450487751505055,4.54458150449661,5.13184373092416,5.56233505965402,6.24084267569843,6.86181000391558,8.14217567599391,8.64071496364973,9.7072397876095,1,1,1,1,1,1,1,1,0.967741935483871,0.967741935483871,0.967741935483871,0.967741935483871,0.935483870967742,0.935483870967742,0.935483870967742,0.903225806451613,0,0,0,0,0,0,0,0,2212,0.211201,-0.239286751505055
"213",71,71,3,0.474969544313433,4.56906329730499,5.15632552373254,5.5868168524624,6.26532446850681,6.88629179672396,8.16665746880228,8.6651967564581,9.73172158041788,1,1,1,1,1,1,1,1,0.967741935483871,0.967741935483871,0.967741935483871,0.935483870967742,0.935483870967742,0.935483870967742,0.935483870967742,0.903225806451613,0,0,0,0,0,0,0,0,2213,0.167531,-0.307438544313433
"214",72,72,1,0.450511812479895,4.54478482409866,5.13207276362094,5.56258294128033,6.2411202655706,6.86211478264993,8.14253651514273,8.64109763118689,9.70766915260582,1,1,1,1,1,1,1,1,0.967741935483871,0.967741935483871,0.967741935483871,0.967741935483871,0.935483870967742,0.935483870967742,0.935483870967742,0.903225806451613,0,0,0,0,0,0,0,0,2214,0.199736,-0.250775812479895
"215",72,72,2,0.467988890487671,4.56226190210643,5.14954984162872,5.58006001928811,6.25859734357838,6.87959186065771,8.16001359315051,8.65857470919466,9.72514623061359,1,1,1,1,1,1,1,1,0.967741935483871,0.967741935483871,0.967741935483871,0.935483870967742,0.935483870967742,0.935483870967742,0.935483870967742,0.903225806451613,0,0,0,0,0,0,0,0,2215,0.218343,-0.249645890487671
"216",72,72,3,0.478086576887009,4.57235958850577,5.15964752802806,5.59015770568744,6.26869502997771,6.88968954705704,8.17011127954984,8.668672395594,9.73524391701293,1,1,1,1,1,1,1,1,0.967741935483871,0.967741935483871,0.967741935483871,0.935483870967742,0.935483870967742,0.935483870967742,0.935483870967742,0.903225806451613,0,0,0,0,0,0,0,0,2216,0.195009,-0.283077576887009
"217",73,73,1,0.465462245344168,4.55974619654116,5.14703570525103,5.57754703320004,6.25608617048913,6.87708234681739,8.15750750049722,8.6560699486578,9.72264431987267,1,1,1,1,1,1,1,1,0.967741935483871,0.967741935483871,0.967741935483871,0.935483870967742,0.935483870967742,0.935483870967742,0.935483870967742,0.903225806451613,0,0,0,0,0,0,0,0,2217,0.218805,-0.246657245344168
"218",73,73,2,0.478378371489495,4.57266232268649,5.15995183139636,5.59046315934537,6.26900229663446,6.88999847296272,8.17042362664254,8.66898607480313,9.735560446018,1,1,1,1,1,1,1,1,0.967741935483871,0.967741935483871,0.967741935483871,0.935483870967742,0.935483870967742,0.935483870967742,0.935483870967742,0.903225806451613,0,0,0,0,0,0,0,0,2218,0.170524,-0.307854371489495
"219",73,73,3,0.452172139920218,4.54645609111721,5.13374559982708,5.56425692777609,6.24279606506518,6.86379224139344,8.14421739507327,8.64277984323385,9.70935421444872,1,1,1,1,1,1,1,1,0.967741935483871,0.967741935483871,0.967741935483871,0.967741935483871,0.935483870967742,0.935483870967742,0.935483870967742,0.903225806451613,0,0,0,0,0,0,0,0,2219,1.611673,1.15950086007978
"220",74,74,1,1.23495876997739,5.32946260070685,5.91678364922786,6.3473180973685,7.02589367494118,7.64692320126434,8.92741711893013,9.42600634190148,10.4926379924543,1,1,1,1,1,1,1,1,0.967741935483871,0.967741935483871,0.935483870967742,0.935483870967742,0.935483870967742,0.935483870967742,0.903225806451613,0.903225806451613,0,0,0,0,0,0,0,0,2220,0.175533,-1.05942576997739
"221",74,74,2,0.455740598823315,4.55024442955278,5.13756547807379,5.56809992621443,6.2466755037871,6.86770503011027,8.14819894777606,8.64678817074741,9.71341982130022,1,1,1,1,1,1,1,1,0.967741935483871,0.967741935483871,0.967741935483871,0.967741935483871,0.935483870967742,0.935483870967742,0.935483870967742,0.903225806451613,0,0,0,0,0,0,0,0,2221,0.268166,-0.187574598823315
"222",74,74,3,0.50600123974169,4.60050507047115,5.18782611899217,5.6183605671328,6.29693614470548,6.91796567102864,8.19845958869444,8.69704881166578,9.7636804622186,1,1,1,1,1,1,1,1,0.967741935483871,0.967741935483871,0.967741935483871,0.935483870967742,0.935483870967742,0.935483870967742,0.935483870967742,0.903225806451613,0,0,0,0,0,0,0,0,2222,0.178298,-0.32770323974169
"223",75,75,1,0.457007227031747,4.55166713631353,5.13901057294866,5.56956143264883,6.2481628768706,6.86921607624266,8.14975880510639,8.64836703381991,9.7150393433465,1,1,1,1,1,1,1,1,0.967741935483871,0.967741935483871,0.967741935483871,0.967741935483871,0.935483870967742,0.935483870967742,0.935483870967742,0.903225806451613,0,0,0,0,0,0,0,0,2223,0.299873,-0.157134227031747
"224",75,75,2,0.522964839653571,4.61762474893535,5.20496818557048,5.63551904527065,6.31412048949242,6.93517368886449,8.21571641772822,8.71432464644173,9.78099695596832,1,1,1,1,1,1,1,1,0.967741935483871,0.967741935483871,0.967741935483871,0.935483870967742,0.935483870967742,0.935483870967742,0.935483870967742,0.903225806451613,0,0,0,0,0,0,0,0,2224,0.304836,-0.218128839653571
"225",75,75,3,0.5256573967701,4.62031730605188,5.20766074268701,5.63821160238718,6.31681304660895,6.93786624598102,8.21840897484475,8.71701720355826,9.78368951308485,1,1,1,1,1,1,1,1,0.967741935483871,0.967741935483871,0.967741935483871,0.935483870967742,0.935483870967742,0.935483870967742,0.935483870967742,0.903225806451613,0,0,0,0,0,0,0,0,2225,0.233666,-0.2919913967701
"226",76,76,1,0.486843889388362,4.58150575149371,5.16884946824443,5.59940053328275,6.27800230114284,6.89905579670735,8.17959913628701,8.67820760279656,9.74488042104008,1,1,1,1,1,1,1,1,0.967741935483871,0.967741935483871,0.967741935483871,0.935483870967742,0.935483870967742,0.935483870967742,0.935483870967742,0.903225806451613,0,0,0,0,0,0,0,0,2226,0.260366,-0.226477889388362
"227",76,76,2,0.50132269196001,4.59598455406536,5.18332827081608,5.6138793358544,6.29248110371449,6.913534599279,8.19407793885865,8.69268640536821,9.75935922361173,1,1,1,1,1,1,1,1,0.967741935483871,0.967741935483871,0.967741935483871,0.935483870967742,0.935483870967742,0.935483870967742,0.935483870967742,0.903225806451613,0,0,0,0,0,0,0,0,2227,0.228252,-0.27307069196001
"228",76,76,3,0.483908000357542,4.57856986246289,5.16591357921361,5.59646464425193,6.27506641211202,6.89611990767653,8.17666324725619,8.67527171376574,9.74194453200926,1,1,1,1,1,1,1,1,0.967741935483871,0.967741935483871,0.967741935483871,0.935483870967742,0.935483870967742,0.935483870967742,0.935483870967742,0.903225806451613,0,0,0,0,0,0,0,0,2228,0.400816,-0.0830920003575421
"229",77,77,1,0.577395111467329,4.67203656067834,5.25937734937648,5.68992626801207,6.3685246528758,6.98957505233621,8.27011200809303,8.76871798891701,9.83538548953474,1,1,1,1,1,1,1,1,0.967741935483871,0.967741935483871,0.967741935483871,0.935483870967742,0.935483870967742,0.935483870967742,0.935483870967742,0.903225806451613,0,0,0,0,0,0,0,0,2229,0.218722,-0.358673111467329
"230",77,77,2,0.47861556511616,4.57325701432717,5.16059780302532,5.5911467216609,6.26974510652463,6.89079550598504,8.17133246174187,8.66993844256584,9.73660594318357,1,1,1,1,1,1,1,1,0.967741935483871,0.967741935483871,0.967741935483871,0.935483870967742,0.935483870967742,0.935483870967742,0.935483870967742,0.903225806451613,0,0,0,0,0,0,0,0,2230,0.206446,-0.27216956511616
"231",77,77,3,0.471956269856531,4.56659771906754,5.15393850776569,5.58448742640127,6.26308581126501,6.88413621072541,8.16467316648224,8.66327914730621,9.72994664792394,1,1,1,1,1,1,1,1,0.967741935483871,0.967741935483871,0.967741935483871,0.935483870967742,0.935483870967742,0.935483870967742,0.935483870967742,0.903225806451613,0,0,0,0,0,0,0,0,2231,0.527508,0.0555517301434693
"232",78,78,1,0.64586932534552,4.7405171061088,5.32785880301318,5.75840838740742,6.43700782158919,7.05805918138108,8.33859811723475,8.83720486905415,9.90387401906198,1,1,1,1,1,1,1,1,0.967741935483871,0.967741935483871,0.967741935483871,0.935483870967742,0.935483870967742,0.935483870967742,0.935483870967742,0.903225806451613,0,0,0,0,0,0,0,0,2232,0.198848,-0.44702132534552
"233",78,78,2,0.46761347338278,4.56226125414606,5.14960295105044,5.58015253544468,6.25875196962645,6.87980332941834,8.16034226527202,8.65894901709142,9.72561816709924,1,1,1,1,1,1,1,1,0.967741935483871,0.967741935483871,0.967741935483871,0.935483870967742,0.935483870967742,0.935483870967742,0.935483870967742,0.903225806451613,0,0,0,0,0,0,0,0,2233,0.160463,-0.30715047338278
"234",78,78,3,0.446794539294087,4.54144232005736,5.12878401696175,5.55933360135599,6.23793303553776,6.85898439532965,8.13952333118332,8.63813008300272,9.70479923301054,1,1,1,1,1,1,1,1,0.967741935483871,0.967741935483871,0.967741935483871,0.967741935483871,0.935483870967742,0.935483870967742,0.935483870967742,0.903225806451613,0,0,0,0,0,0,0,0,2234,0.209247,-0.237547539294087
"235",79,79,1,0.473459105375769,4.56811915667163,5.15546261367745,5.58601348831031,6.26461495606784,6.88566817697974,8.16621095025621,8.66481919626284,9.73149154278456,1,1,1,1,1,1,1,1,0.967741935483871,0.967741935483871,0.967741935483871,0.935483870967742,0.935483870967742,0.935483870967742,0.935483870967742,0.903225806451613,0,0,0,0,0,0,0,0,2235,0.189614,-0.283845105375769
"236",79,79,2,0.462808094910382,4.55746814620624,5.14481160321206,5.57536247784492,6.25396394560245,6.87501716651435,8.15555993979083,8.65416818579745,9.72084053231918,1,1,1,1,1,1,1,1,0.967741935483871,0.967741935483871,0.967741935483871,0.935483870967742,0.935483870967742,0.935483870967742,0.935483870967742,0.903225806451613,0,0,0,0,0,0,0,0,2236,0.189098,-0.273710094910382
"237",79,79,3,0.462528162072806,4.55718821336867,5.14453167037448,5.57508254500734,6.25368401276488,6.87473723367678,8.15528000695325,8.65388825295988,9.7205605994816,1,1,1,1,1,1,1,1,0.967741935483871,0.967741935483871,0.967741935483871,0.935483870967742,0.935483870967742,0.935483870967742,0.935483870967742,0.903225806451613,0,0,0,0,0,0,0,0,2237,0.17709,-0.285438162072806
"238",80,80,1,0.455807649368934,4.55048305909582,5.13782871913531,5.56838120869733,6.2469852217831,6.86804077216874,8.14858834856137,8.64719846476974,9.71387481221302,1,1,1,1,1,1,1,1,0.967741935483871,0.967741935483871,0.967741935483871,0.967741935483871,0.935483870967742,0.935483870967742,0.935483870967742,0.903225806451613,0,0,0,0,0,0,0,0,2238,0.197233,-0.258574649368934
"239",80,80,2,0.466737735274395,4.56141314500128,5.14875880504077,5.57931129460279,6.25791530768856,6.8789708580742,8.15951843446683,8.6581285506752,9.72480489811848,1,1,1,1,1,1,1,1,0.967741935483871,0.967741935483871,0.967741935483871,0.935483870967742,0.935483870967742,0.935483870967742,0.935483870967742,0.903225806451613,0,0,0,0,0,0,0,0,2239,0.17185,-0.294887735274395
"240",80,80,3,0.45296429683234,4.54763970655923,5.13498536659872,5.56553785616074,6.24414186924651,6.86519741963215,8.14574499602478,8.64435511223314,9.71103145967642,1,1,1,1,1,1,1,1,0.967741935483871,0.967741935483871,0.967741935483871,0.967741935483871,0.935483870967742,0.935483870967742,0.935483870967742,0.903225806451613,0,0,0,0,0,0,0,0,2240,0.203729,-0.24923529683234
"241",81,81,1,0.470027451626351,4.5647125743438,5.15205962762751,5.58261313850425,6.26121876130842,6.88227578490161,8.16282639888459,8.66143769784736,9.72811657555647,1,1,1,1,1,1,1,1,0.967741935483871,0.967741935483871,0.967741935483871,0.935483870967742,0.935483870967742,0.935483870967742,0.935483870967742,0.903225806451613,0,0,0,0,0,0,0,0,2241,0.202774,-0.267253451626351
"242",81,81,2,0.469509328034607,4.56419445075206,5.15154150403577,5.58209501491251,6.26070063771668,6.88175766130986,8.16230827529285,8.66091957425561,9.72759845196473,1,1,1,1,1,1,1,1,0.967741935483871,0.967741935483871,0.967741935483871,0.935483870967742,0.935483870967742,0.935483870967742,0.935483870967742,0.903225806451613,0,0,0,0,0,0,0,0,2242,0.18732,-0.282189328034607
"243",81,81,3,0.461124948990825,4.55581007170828,5.14315712499199,5.57371063586872,6.2523162586729,6.87337328226608,8.15392389624907,8.65253519521183,9.71921407292095,1,1,1,1,1,1,1,1,0.967741935483871,0.967741935483871,0.967741935483871,0.935483870967742,0.935483870967742,0.935483870967742,0.935483870967742,0.903225806451613,0,0,0,0,0,0,0,0,2243,0.558338,0.0972130510091748
"244",82,82,1,0.662678823055733,4.7573511603338,5.34469637965716,5.77524854615316,6.4538520500469,7.07490713442212,8.35545374995303,8.85406349202818,9.92073903908848,1,1,1,1,1,1,1,1,0.967741935483871,0.967741935483871,0.967741935483871,0.935483870967742,0.935483870967742,0.935483870967742,0.935483870967742,0.903225806451613,0,0,0,0,0,0,0,0,2244,0.176607,-0.486071823055733
"245",82,82,2,0.455545048262728,4.5502173855408,5.13756260486416,5.56811477136016,6.24671827525389,6.86777335962912,8.14831997516002,8.64692971723517,9.71360526429548,1,1,1,1,1,1,1,1,0.967741935483871,0.967741935483871,0.967741935483871,0.967741935483871,0.935483870967742,0.935483870967742,0.935483870967742,0.903225806451613,0,0,0,0,0,0,0,0,2245,0.194778,-0.260767048262728
"246",82,82,3,0.46540494390066,4.56007728117873,5.14742250050209,5.57797466699809,6.25657817089183,6.87763325526705,8.15817987079796,8.6567896128731,9.72346515993341,1,1,1,1,1,1,1,1,0.967741935483871,0.967741935483871,0.967741935483871,0.935483870967742,0.935483870967742,0.935483870967742,0.935483870967742,0.903225806451613,0,0,0,0,0,0,0,0,2246,0.172576,-0.29282894390066
"247",83,83,1,0.453454774721349,4.54813500034843,5.13548135118702,5.56603434713785,6.24463915835506,6.86569543918726,8.14624452167957,8.64485522432185,9.7115328263229,1,1,1,1,1,1,1,1,0.967741935483871,0.967741935483871,0.967741935483871,0.967741935483871,0.935483870967742,0.935483870967742,0.935483870967742,0.903225806451613,0,0,0,0,0,0,0,0,2247,0.21747,-0.235984774721349
"248",83,83,2,0.477812567381469,4.57249279300855,5.15983914384714,5.59039213979797,6.26899695101518,6.89005323184738,8.17060231433969,8.66921301698197,9.73589061898302,1,1,1,1,1,1,1,1,0.967741935483871,0.967741935483871,0.967741935483871,0.935483870967742,0.935483870967742,0.935483870967742,0.935483870967742,0.903225806451613,0,0,0,0,0,0,0,0,2248,0.236113,-0.241699567381469
"249",83,83,3,0.4879275566576,4.58260778228468,5.16995413312327,5.6005071290741,6.27911194029131,6.90016822112351,8.18071730361582,8.6793280062581,9.74600560825915,1,1,1,1,1,1,1,1,0.967741935483871,0.967741935483871,0.967741935483871,0.935483870967742,0.935483870967742,0.935483870967742,0.935483870967742,0.903225806451613,0,0,0,0,0,0,0,0,2249,0.222587,-0.2653405566576
"250",84,84,1,0.47978192185823,4.57445554805531,5.16180095226293,5.59235325428793,6.27095697179215,6.8920122516628,8.17255927028356,8.67116916931085,9.73784505213878,1,1,1,1,1,1,1,1,0.967741935483871,0.967741935483871,0.967741935483871,0.935483870967742,0.935483870967742,0.935483870967742,0.935483870967742,0.903225806451613,0,0,0,0,0,0,0,0,2250,0.181939,-0.29784292185823
"251",84,84,2,0.457729532640545,4.55240315883763,5.13974856304524,5.57030086507025,6.24890458257447,6.86995986244512,8.15050688106588,8.64911678009317,9.71579266292109,1,1,1,1,1,1,1,1,0.967741935483871,0.967741935483871,0.967741935483871,0.967741935483871,0.935483870967742,0.935483870967742,0.935483870967742,0.903225806451613,0,0,0,0,0,0,0,0,2251,0.233112,-0.224617532640545
"252",84,84,3,0.485491954246444,4.58016558044353,5.16751098465114,5.59806328667615,6.27666700418037,6.89772228405102,8.17826930267178,8.67687920169907,9.74355508452699,1,1,1,1,1,1,1,1,0.967741935483871,0.967741935483871,0.967741935483871,0.935483870967742,0.935483870967742,0.935483870967742,0.935483870967742,0.903225806451613,0,0,0,0,0,0,0,0,2252,0.178731,-0.306760954246444
"253",85,85,1,0.456045711950586,4.55072880419507,5.13807556622505,5.56862886359886,6.247234149896,6.86829086551935,8.14884084450274,8.64745189621407,9.71413024497833,1,1,1,1,1,1,1,1,0.967741935483871,0.967741935483871,0.967741935483871,0.967741935483871,0.935483870967742,0.935483870967742,0.935483870967742,0.903225806451613,0,0,0,0,0,0,0,0,2253,0.204645,-0.251400711950586
"254",85,85,2,0.470107307762107,4.56479040000659,5.15213716203657,5.58269045941038,6.26129574570752,6.88235246133087,8.16290244031426,8.66151349202559,9.72819184078985,1,1,1,1,1,1,1,1,0.967741935483871,0.967741935483871,0.967741935483871,0.935483870967742,0.935483870967742,0.935483870967742,0.935483870967742,0.903225806451613,0,0,0,0,0,0,0,0,2254,0.182239,-0.287868307762107
"255",85,85,3,0.457949242015679,4.55263233426017,5.13997909629015,5.57053239366396,6.24913767996109,6.87019439558444,8.15074437456783,8.64935542627916,9.71603377504342,1,1,1,1,1,1,1,1,0.967741935483871,0.967741935483871,0.967741935483871,0.967741935483871,0.935483870967742,0.935483870967742,0.935483870967742,0.903225806451613,0,0,0,0,0,0,0,0,2255,0.525104,0.0671547579843208
"256",86,86,1,0.644199460412777,4.7388733165106,5.32621875369547,5.75677107989439,6.4353748354997,7.0564301502403,8.33697724075902,8.83558716778141,9.90226311049923,1,1,1,1,1,1,1,1,0.967741935483871,0.967741935483871,0.967741935483871,0.935483870967742,0.935483870967742,0.935483870967742,0.935483870967742,0.903225806451613,0,0,0,0,0,0,0,0,2256,0.211778,-0.432421460412777
"257",86,86,2,0.474196031445589,4.56886988754341,5.15621532472829,5.58676765092721,6.26537140653251,6.88642672127311,8.16697381179184,8.66558373881422,9.73225968153204,1,1,1,1,1,1,1,1,0.967741935483871,0.967741935483871,0.967741935483871,0.935483870967742,0.935483870967742,0.935483870967742,0.935483870967742,0.903225806451613,0,0,0,0,0,0,0,0,2257,0.175901,-0.298295031445589
"258",86,86,3,0.454730002386221,4.54940385848404,5.13674929566892,5.56730162186784,6.24590537747314,6.86696069221374,8.14750778273247,8.64611770975485,9.71279365247267,1,1,1,1,1,1,1,1,0.967741935483871,0.967741935483871,0.967741935483871,0.967741935483871,0.935483870967742,0.935483870967742,0.935483870967742,0.903225806451613,0,0,0,0,0,0,0,0,2258,0.208364,-0.246366002386221
"259",87,87,1,0.472207093317792,4.56689932304445,5.15424739576697,5.58480165394116,6.26340845457862,6.88446655611989,8.16501939271212,8.66363155709798,9.73031228620626,1,1,1,1,1,1,1,1,0.967741935483871,0.967741935483871,0.967741935483871,0.935483870967742,0.935483870967742,0.935483870967742,0.935483870967742,0.903225806451613,0,0,0,0,0,0,0,0,2259,0.17572,-0.296487093317792
"260",87,87,2,0.454493330446637,4.5491855601733,5.13653363289582,5.56708789107001,6.24569469170746,6.86675279324873,8.14730562984096,8.64591779422683,9.7125985233351,1,1,1,1,1,1,1,1,0.967741935483871,0.967741935483871,0.967741935483871,0.967741935483871,0.935483870967742,0.935483870967742,0.935483870967742,0.903225806451613,0,0,0,0,0,0,0,0,2260,0.209063,-0.245430330446637
"261",87,87,3,0.472586394881539,4.5672786246082,5.15462669733072,5.58518095550491,6.26378775614237,6.88484585768363,8.16539869427587,8.66401085866173,9.73069158777001,1,1,1,1,1,1,1,1,0.967741935483871,0.967741935483871,0.967741935483871,0.935483870967742,0.935483870967742,0.935483870967742,0.935483870967742,0.903225806451613,0,0,0,0,0,0,0,0,2261,0.186578,-0.286008394881539
"262",88,88,1,0.460506085077024,4.55521371529311,5.14256399708222,5.57311987460798,6.25172922754394,6.87278966493811,8.15334731779963,8.6519613575087,9.71864609849488,1,1,1,1,1,1,1,1,0.967741935483871,0.967741935483871,0.967741935483871,0.935483870967742,0.935483870967742,0.935483870967742,0.935483870967742,0.903225806451613,0,0,0,0,0,0,0,0,2262,0.487566,0.0270599149229756
"263",88,88,2,0.623833293489136,4.71854092370523,5.30589120549433,5.73644708302009,6.41505643595605,7.03611687335022,8.31667452621174,8.81528856592081,9.881973306907,1,1,1,1,1,1,1,1,0.967741935483871,0.967741935483871,0.967741935483871,0.935483870967742,0.935483870967742,0.935483870967742,0.935483870967742,0.903225806451613,0,0,0,0,0,0,0,0,2263,0.196577,-0.427256293489136
"264",88,88,3,0.465931911877138,4.56063954209323,5.14798982388233,5.5785457014081,6.25715505434406,6.87821549173823,8.15877314459974,8.65738718430881,9.724071925295,1,1,1,1,1,1,1,1,0.967741935483871,0.967741935483871,0.967741935483871,0.935483870967742,0.935483870967742,0.935483870967742,0.935483870967742,0.903225806451613,0,0,0,0,0,0,0,0,2264,0.211557,-0.254374911877138
"265",89,89,1,0.474055263314462,4.56878561120884,5.15613915165179,5.58669741792684,6.26531053582732,6.88637441890126,8.1669391763718,8.66555598242083,9.73224664143657,1,1,1,1,1,1,1,1,0.967741935483871,0.967741935483871,0.967741935483871,0.935483870967742,0.935483870967742,0.935483870967742,0.935483870967742,0.903225806451613,0,0,0,0,0,0,0,0,2265,0.164776,-0.309279263314462
"266",89,89,2,0.448671353511993,4.54340170140638,5.13075524184932,5.56131350812437,6.23992662602485,6.86099050909879,8.14155526656933,8.64017207261836,9.70686273163411,1,1,1,1,1,1,1,1,0.967741935483871,0.967741935483871,0.967741935483871,0.967741935483871,0.935483870967742,0.935483870967742,0.935483870967742,0.903225806451613,0,0,0,0,0,0,0,0,2266,0.187419,-0.261252353511993
"267",89,89,3,0.460957706297468,4.55568805419185,5.1430415946348,5.57359986090984,6.25221297881033,6.87327686188426,8.15384161935481,8.65245842540384,9.71914908441958,1,1,1,1,1,1,1,1,0.967741935483871,0.967741935483871,0.967741935483871,0.935483870967742,0.935483870967742,0.935483870967742,0.935483870967742,0.903225806451613,0,0,0,0,0,0,0,0,2267,0.498297,0.0373392937025321
"268",90,90,1,0.629677902050128,4.72438936751068,5.31174019943233,5.74229648023159,6.42090646877648,7.04196748787729,8.3225263401533,8.82114084688148,9.8878265869614,1,1,1,1,1,1,1,1,0.967741935483871,0.967741935483871,0.967741935483871,0.935483870967742,0.935483870967742,0.935483870967742,0.935483870967742,0.903225806451613,0,0,0,0,0,0,0,0,2268,0.178964,-0.450713902050128
"269",90,90,2,0.456402086849647,4.5511135523102,5.13846438423185,5.5690206650311,6.247630653576,6.86869167267681,8.14925052495281,8.647865031681,9.71455077176092,1,1,1,1,1,1,1,1,0.967741935483871,0.967741935483871,0.967741935483871,0.967741935483871,0.935483870967742,0.935483870967742,0.935483870967742,0.903225806451613,0,0,0,0,0,0,0,0,2269,0.252001,-0.204401086849647
"270",90,90,3,0.496033273462987,4.59074473892354,5.17809557084519,5.60865185164444,6.28726184018934,6.90832285929015,8.18888171156615,8.68749621829434,9.75418195837426,1,1,1,1,1,1,1,1,0.967741935483871,0.967741935483871,0.967741935483871,0.935483870967742,0.935483870967742,0.935483870967742,0.935483870967742,0.903225806451613,0,0,0,0,0,0,0,0,2270,0.184476,-0.311557273462987
"271",91,91,1,0.458543772358423,4.55304146980311,5.14036163855764,5.57089544178732,6.24947000290051,6.87049859896421,8.1509905985383,8.64957907465732,9.71620912746938,1,1,1,1,1,1,1,1,0.967741935483871,0.967741935483871,0.967741935483871,0.967741935483871,0.935483870967742,0.935483870967742,0.935483870967742,0.903225806451613,0,0,0,0,0,0,0,0,2271,0.195924,-0.262619772358423
"272",91,91,2,0.464755891715358,4.55925358916005,5.14657375791458,5.57710756114426,6.25568212225745,6.87671071832115,8.15720271789523,8.65579119401426,9.72242124682631,1,1,1,1,1,1,1,1,0.967741935483871,0.967741935483871,0.967741935483871,0.935483870967742,0.935483870967742,0.935483870967742,0.935483870967742,0.903225806451613,0,0,0,0,0,0,0,0,2272,0.198283,-0.266472891715358
"273",91,91,3,0.466035974661113,4.5605336721058,5.14785384086033,5.57838764409001,6.2569622052032,6.8779908012669,8.15848280084099,8.65707127696001,9.72370132977207,1,1,1,1,1,1,1,1,0.967741935483871,0.967741935483871,0.967741935483871,0.935483870967742,0.935483870967742,0.935483870967742,0.935483870967742,0.903225806451613,0,0,0,0,0,0,0,0,2273,0.198989,-0.267046974661113
"274",92,92,1,0.466230517417588,4.56073733303548,5.14805880971284,5.57859357171258,6.25716964396605,6.878199623019,8.15869447416333,8.65728406060563,9.72391648873166,1,1,1,1,1,1,1,1,0.967741935483871,0.967741935483871,0.967741935483871,0.935483870967742,0.935483870967742,0.935483870967742,0.935483870967742,0.903225806451613,0,0,0,0,0,0,0,0,2274,0.177108,-0.289122517417588
"275",92,92,2,0.454354668453809,4.5488614840717,5.13618296074906,5.5667177227488,6.24529379500227,6.86632377405522,8.14681862519956,8.64540821164185,9.71204063976788,1,1,1,1,1,1,1,1,0.967741935483871,0.967741935483871,0.967741935483871,0.967741935483871,0.935483870967742,0.935483870967742,0.935483870967742,0.903225806451613,0,0,0,0,0,0,0,0,2275,0.180712,-0.273642668453809
"276",92,92,3,0.456310728947638,4.55081754456553,5.13813902124289,5.56867378324263,6.2472498554961,6.86827983454905,8.14877468569339,8.64736427213568,9.71399670026171,1,1,1,1,1,1,1,1,0.967741935483871,0.967741935483871,0.967741935483871,0.967741935483871,0.935483870967742,0.935483870967742,0.935483870967742,0.903225806451613,0,0,0,0,0,0,0,0,2276,0.184905,-0.271405728947638
"277",93,93,1,0.458488206600549,4.55300129373558,5.14032367000766,5.57085909145339,6.24943620307537,6.87046713335403,8.15096394582015,8.64955429594738,9.71618835782414,1,1,1,1,1,1,1,1,0.967741935483871,0.967741935483871,0.967741935483871,0.967741935483871,0.935483870967742,0.935483870967742,0.935483870967742,0.903225806451613,0,0,0,0,0,0,0,0,2277,0.204984,-0.253504206600549
"278",93,93,2,0.469385993915089,4.56389908105012,5.15122145732219,5.58175687876793,6.26033399038991,6.88136492066857,8.16186173313469,8.66045208326191,9.72708614513868,1,1,1,1,1,1,1,1,0.967741935483871,0.967741935483871,0.967741935483871,0.935483870967742,0.935483870967742,0.935483870967742,0.935483870967742,0.903225806451613,0,0,0,0,0,0,0,0,2278,0.20552,-0.263865993915089
"279",93,93,3,0.469676905514302,4.56418999264933,5.15151236892141,5.58204779036714,6.26062490198912,6.88165583226778,8.1621526447339,8.66074299486113,9.72737705673789,1,1,1,1,1,1,1,1,0.967741935483871,0.967741935483871,0.967741935483871,0.935483870967742,0.935483870967742,0.935483870967742,0.935483870967742,0.903225806451613,0,0,0,0,0,0,0,0,2279,0.582296,0.112619094485699
"280",94,94,1,0.675161435589505,4.76958541722894,5.3568950120908,5.7874210641509,6.46598340846147,7.08700082375858,8.36746976983359,8.86604926955216,9.93266011915565,1,1,1,1,1,1,1,1,0.967741935483871,0.967741935483871,0.967741935483871,0.935483870967742,0.935483870967742,0.935483870967742,0.935483870967742,0.903225806451613,0,0,0,0,0,0,0,0,2280,0.192397,-0.482764435589505
"281",94,94,2,0.463501405182945,4.55792538682238,5.14523498168424,5.57576103374434,6.25432337805491,6.87534079335202,8.15580973942703,8.6543892391456,9.72100008874909,1,1,1,1,1,1,1,1,0.967741935483871,0.967741935483871,0.967741935483871,0.935483870967742,0.935483870967742,0.935483870967742,0.935483870967742,0.903225806451613,0,0,0,0,0,0,0,0,2281,0.181078,-0.282423405182945
"282",94,94,3,0.457356788540758,4.55178077018019,5.13909036504205,5.56961641710215,6.24817876141272,6.86919617670983,8.14966512278484,8.64824462250341,9.7148554721069,1,1,1,1,1,1,1,1,0.967741935483871,0.967741935483871,0.967741935483871,0.967741935483871,0.935483870967742,0.935483870967742,0.935483870967742,0.903225806451613,0,0,0,0,0,0,0,0,2282,0.278648,-0.178708788540758
"283",95,95,1,0.509214290364283,4.60355040682411,5.19084739818832,5.62136421128122,6.29991199383597,6.92091608227514,8.20135754984904,8.69992635019268,9.76651431062928,1,1,1,1,1,1,1,1,0.967741935483871,0.967741935483871,0.967741935483871,0.935483870967742,0.935483870967742,0.935483870967742,0.935483870967742,0.903225806451613,0,0,0,0,0,0,0,0,2283,0.172556,-0.336658290364283
"284",95,95,2,0.451626509498825,4.54596262595865,5.13325961732286,5.56377643041576,6.24232421297051,6.86332830140969,8.14376976898359,8.64233856932723,9.70892652976382,1,1,1,1,1,1,1,1,0.967741935483871,0.967741935483871,0.967741935483871,0.967741935483871,0.935483870967742,0.935483870967742,0.935483870967742,0.903225806451613,0,0,0,0,0,0,0,0,2284,0.217501,-0.234125509498825
"285",95,95,3,0.476023097469624,4.57035921392945,5.15765620529366,5.58817301838656,6.26672080094131,6.88772488938048,8.16816635695439,8.66673515729802,9.73332311773462,1,1,1,1,1,1,1,1,0.967741935483871,0.967741935483871,0.967741935483871,0.935483870967742,0.935483870967742,0.935483870967742,0.935483870967742,0.903225806451613,0,0,0,0,0,0,0,0,2285,0.369942,-0.106081097469624
"286",96,96,1,0.557780480453885,4.65081768015797,5.23792835318363,5.66830858601388,6.34664110117013,6.96744817778788,8.24748342886424,8.74589405964137,9.81214364801132,1,1,1,1,1,1,1,1,0.967741935483871,0.967741935483871,0.967741935483871,0.935483870967742,0.935483870967742,0.935483870967742,0.935483870967742,0.903225806451613,0,0,0,0,0,0,0,0,2286,0.263801,-0.293979480453885
"287",96,96,2,0.50013099886151,4.59316819856559,5.18027887159125,5.6106591044215,6.28899161957776,6.9097986961955,8.18983394727186,8.688244578049,9.75449416641894,1,1,1,1,1,1,1,1,0.967741935483871,0.967741935483871,0.967741935483871,0.935483870967742,0.935483870967742,0.935483870967742,0.935483870967742,0.903225806451613,0,0,0,0,0,0,0,0,2287,0.211959,-0.28817199886151
"288",96,96,3,0.471973506236493,4.56501070594058,5.15212137896624,5.58250161179648,6.26083412695274,6.88164120357049,8.16167645464685,8.66008708542398,9.72633667379393,1,1,1,1,1,1,1,1,0.967741935483871,0.967741935483871,0.967741935483871,0.935483870967742,0.935483870967742,0.935483870967742,0.935483870967742,0.903225806451613,0,0,0,0,0,0,0,0,2288,0.241409,-0.230564506236493
"289",97,97,1,0.487621671464357,4.5806058102292,5.16770887212351,5.59808352563007,6.27640724708165,6.89720627573771,8.17722493281079,8.67562910233803,9.74186486815961,1,1,1,1,1,1,1,1,0.967741935483871,0.967741935483871,0.967741935483871,0.935483870967742,0.935483870967742,0.935483870967742,0.935483870967742,0.903225806451613,0,0,0,0,0,0,0,0,2289,0.318124,-0.169497671464357
"290",97,97,2,0.529288233744339,4.62227237250918,5.20937543440349,5.63975008791005,6.31807380936163,6.93887283801769,8.21889149509077,8.71729566461801,9.7835314304396,1,1,1,1,1,1,1,1,0.967741935483871,0.967741935483871,0.967741935483871,0.935483870967742,0.935483870967742,0.935483870967742,0.935483870967742,0.903225806451613,0,0,0,0,0,0,0,0,2290,0.181922,-0.347366233744339
"291",97,97,3,0.455312230151065,4.5482963689159,5.13539943081021,5.56577408431678,6.24409780576836,6.86489683442441,8.1449154914975,8.64331966102474,9.70955542684632,1,1,1,1,1,1,1,1,0.967741935483871,0.967741935483871,0.967741935483871,0.967741935483871,0.935483870967742,0.935483870967742,0.935483870967742,0.903225806451613,0,0,0,0,0,0,0,0,2291,0.619597,0.164284769848935
"292",98,98,1,0.69298985224101,4.78592241073745,5.37301807388979,5.80338730376426,6.48170247690037,7.10249368217392,8.38249620830107,8.88089409688023,9.94711642587306,1,1,1,1,1,1,1,1,0.967741935483871,0.967741935483871,0.967741935483871,0.935483870967742,0.935483870967742,0.935483870967742,0.935483870967742,0.903225806451613,0,0,0,0,0,0,0,0,2292,0.203722,-0.48926785224101
"293",98,98,2,0.467187438185934,4.56011999668237,5.14721565983472,5.57758488970918,6.2559000628453,6.87669126811884,8.15669379424599,8.65509168282515,9.72131401181798,1,1,1,1,1,1,1,1,0.967741935483871,0.967741935483871,0.967741935483871,0.935483870967742,0.935483870967742,0.935483870967742,0.935483870967742,0.903225806451613,0,0,0,0,0,0,0,0,2293,0.294558,-0.172629438185934
"294",98,98,3,0.516507517736536,4.60944007623297,5.19653573938532,5.62690496925979,6.3052201423959,6.92601134766945,8.20601387379659,8.70441176237576,9.77063409136858,1,1,1,1,1,1,1,1,0.967741935483871,0.967741935483871,0.967741935483871,0.935483870967742,0.935483870967742,0.935483870967742,0.935483870967742,0.903225806451613,0,0,0,0,0,0,0,0,2294,0.193954,-0.322553517736536
"295",99,99,1,0.461179640556639,4.55412990380608,5.14122810655163,5.57159919806951,6.24991730538605,6.87071119600923,8.15071925902912,8.6491193035225,9.71534624466144,1,1,1,1,1,1,1,1,0.967741935483871,0.967741935483871,0.967741935483871,0.967741935483871,0.935483870967742,0.935483870967742,0.935483870967742,0.903225806451613,0,0,0,0,0,0,0,0,2295,0.233663,-0.227516640556639
"296",99,99,2,0.482743790483362,4.57569405373281,5.16279225647835,5.59316334799623,6.27148145531277,6.89227534593596,8.17228340895584,8.67068345344923,9.73691039458816,1,1,1,1,1,1,1,1,0.967741935483871,0.967741935483871,0.967741935483871,0.935483870967742,0.935483870967742,0.935483870967742,0.935483870967742,0.903225806451613,0,0,0,0,0,0,0,0,2296,0.310494,-0.172249790483362
"297",99,99,3,0.524467208424384,4.61741747167383,5.20451567441938,5.63488676593725,6.31320487325379,6.93399876387698,8.21400682689686,8.71240687139025,9.77863381252919,1,1,1,1,1,1,1,1,0.967741935483871,0.967741935483871,0.967741935483871,0.935483870967742,0.935483870967742,0.935483870967742,0.935483870967742,0.903225806451613,0,0,0,0,0,0,0,0,2297,0.219253,-0.305214208424384
"298",100,100,1,0.47441146343209,4.56733413255762,5.15442837716551,5.58479656717898,6.26311010136545,6.88389980667916,8.16389924005567,8.66229592440254,9.72851567718187,1,1,1,1,1,1,1,1,0.967741935483871,0.967741935483871,0.967741935483871,0.935483870967742,0.935483870967742,0.935483870967742,0.935483870967742,0.903225806451613,0,0,0,0,0,0,0,0,2298,0.233693,-0.24071846343209
"299",100,100,2,0.482253726525032,4.57517639565056,5.16227064025845,5.59263883027192,6.2709523644584,6.8917420697721,8.17174150314861,8.67013818749548,9.73635794027481,1,1,1,1,1,1,1,1,0.967741935483871,0.967741935483871,0.967741935483871,0.935483870967742,0.935483870967742,0.935483870967742,0.935483870967742,0.903225806451613,0,0,0,0,0,0,0,0,2299,0.178827,-0.303426726525032
"300",100,100,3,0.452456385329924,4.54537905445545,5.13247329906334,5.56284148907681,6.24115502326329,6.86194472857699,8.14194416195351,8.64034084630037,9.7065605990797,1,1,1,1,1,1,1,1,0.967741935483871,0.967741935483871,0.967741935483871,0.967741935483871,0.935483870967742,0.935483870967742,0.935483870967742,0.903225806451613,0,0,0,0,0,0,0,0,2300,0.193587,-0.258869385329924
"301",101,101,1,0.460074589199435,4.55298018078092,5.14007197576329,5.57043837008398,6.24874907403636,6.86953618913168,8.14953028176554,8.64792488657365,9.71414019059686,1,1,1,1,1,1,1,1,0.967741935483871,0.967741935483871,0.967741935483871,0.967741935483871,0.935483870967742,0.935483870967742,0.935483870967742,0.903225806451613,0,0,0,0,0,0,0,0,2301,0.176702,-0.283372589199435
"302",101,101,2,0.450902595506422,4.54380818708791,5.13089998207028,5.56126637639096,6.23957708034335,6.86036419543867,8.14035828807253,8.63875289288063,9.70496819690384,1,1,1,1,1,1,1,1,0.967741935483871,0.967741935483871,0.967741935483871,0.967741935483871,0.935483870967742,0.935483870967742,0.935483870967742,0.903225806451613,0,0,0,0,0,0,0,0,2302,0.24653,-0.204372595506422
"303",101,101,3,0.488833420238176,4.58173901181966,5.16883080680204,5.59919720112272,6.2775079050751,6.89829502017042,8.17828911280428,8.67668371761239,9.7428990216356,1,1,1,1,1,1,1,1,0.967741935483871,0.967741935483871,0.967741935483871,0.935483870967742,0.935483870967742,0.935483870967742,0.935483870967742,0.903225806451613,0,0,0,0,0,0,0,0,2303,0.509785,0.0209515797618235
"304",102,102,1,0.631430192326609,4.72432143258569,5.31141116899538,5.74177605428373,6.42008437981439,7.0408693181881,8.32085892266373,8.81925177990608,9.88546334536283,1,1,1,1,1,1,1,1,0.967741935483871,0.967741935483871,0.967741935483871,0.935483870967742,0.935483870967742,0.935483870967742,0.935483870967742,0.903225806451613,0,0,0,0,0,0,0,0,2304,0.211498,-0.419932192326609
"305",102,102,2,0.469379005957681,4.56227024621676,5.14935998262646,5.5797248679148,6.25803319344546,6.87881813181917,8.1588077362948,8.65720059353715,9.7234121589939,1,1,1,1,1,1,1,1,0.967741935483871,0.967741935483871,0.967741935483871,0.935483870967742,0.935483870967742,0.935483870967742,0.935483870967742,0.903225806451613,0,0,0,0,0,0,0,0,2305,0.190479,-0.278900005957681
"306",102,102,3,0.457959956899933,4.55085119715902,5.13794093356871,5.56830581885705,6.24661414438771,6.86739908276142,8.14738868723705,8.6457815444794,9.71199310993615,1,1,1,1,1,1,1,1,0.967741935483871,0.967741935483871,0.967741935483871,0.967741935483871,0.935483870967742,0.935483870967742,0.935483870967742,0.903225806451613,0,0,0,0,0,0,0,0,2306,0.208032,-0.249927956899933
"307",103,103,1,0.467882236849355,4.56078062635425,5.14787138826122,5.57823702528818,6.25654653565192,6.87733255837991,8.15732439867364,8.65571812648225,9.72193155434094,1,1,1,1,1,1,1,1,0.967741935483871,0.967741935483871,0.967741935483871,0.935483870967742,0.935483870967742,0.935483870967742,0.935483870967742,0.903225806451613,0,0,0,0,0,0,0,0,2307,0.210862,-0.257020236849355
"308",103,103,2,0.469419641877027,4.56231803138192,5.14940879328889,5.57977443031585,6.25808394067959,6.87886996340758,8.15886180370131,8.65725553150993,9.72346895936861,1,1,1,1,1,1,1,1,0.967741935483871,0.967741935483871,0.967741935483871,0.935483870967742,0.935483870967742,0.935483870967742,0.935483870967742,0.903225806451613,0,0,0,0,0,0,0,0,2308,0.167684,-0.301735641877027
"309",103,103,3,0.445963078525512,4.53886146803041,5.12595222993738,5.55631786696433,6.23462737732807,6.85541340005606,8.13540524034979,8.63379896815841,9.70001239601709,1,1,1,1,1,1,1,1,0.967741935483871,0.967741935483871,0.967741935483871,0.967741935483871,0.935483870967742,0.935483870967742,0.935483870967742,0.903225806451613,0,0,0,0,0,0,0,0,2309,0.26147,-0.184493078525512
"310",104,104,1,0.496721284452998,4.58962962225278,5.17672181115634,5.60708849424011,6.28539965331886,6.90618718494393,8.18618213641587,8.68457707563198,9.75079309505404,1,1,1,1,1,1,1,1,0.967741935483871,0.967741935483871,0.967741935483871,0.935483870967742,0.935483870967742,0.935483870967742,0.935483870967742,0.903225806451613,0,0,0,0,0,0,0,0,2310,0.174074,-0.322647284452998
"311",104,104,2,0.449242160705942,4.54215049850572,5.12924268740928,5.55960937049305,6.23792052957181,6.85870806119687,8.13870301266881,8.63709795188492,9.70331397130698,1,1,1,1,1,1,1,1,0.967741935483871,0.967741935483871,0.967741935483871,0.967741935483871,0.935483870967742,0.935483870967742,0.935483870967742,0.903225806451613,0,0,0,0,0,0,0,0,2311,0.218197,-0.231045160705942
"312",104,104,3,0.473212609892304,4.56612094769208,5.15321313659564,5.58357981967941,6.26189097875817,6.88267851038324,8.16267346185518,8.66106840107128,9.72728442049335,1,1,1,1,1,1,1,1,0.967741935483871,0.967741935483871,0.967741935483871,0.935483870967742,0.935483870967742,0.935483870967742,0.935483870967742,0.903225806451613,0,0,0,0,0,0,0,0,2312,0.165985,-0.307227609892304
"313",105,105,1,0.44372008537716,4.5345725205073,5.12136980801096,5.5515203142494,6.22949075186369,6.84996645663162,8.12931845575264,8.62746304695177,9.69314349699875,1,1,1,1,1,1,1,1,0.967741935483871,0.967741935483871,0.967741935483871,0.967741935483871,0.935483870967742,0.935483870967742,0.935483870967742,0.903225806451613,0,0,0,0,0,0,0,0,2313,0.201314,-0.24240608537716
"314",105,105,2,0.462919406488752,4.55377184161889,5.14056912912255,5.570719635361,6.24869007297528,6.86916577774321,8.14851777686424,8.64666236806336,9.71234281811034,1,1,1,1,1,1,1,1,0.967741935483871,0.967741935483871,0.967741935483871,0.967741935483871,0.935483870967742,0.935483870967742,0.935483870967742,0.903225806451613,0,0,0,0,0,0,0,0,2314,0.166531,-0.296388406488752
"315",105,105,3,0.444016805616253,4.5348692407464,5.12166652825005,5.5518170344885,6.22978747210278,6.85026317687071,8.12961517599174,8.62775976719086,9.69344021723784,1,1,1,1,1,1,1,1,0.967741935483871,0.967741935483871,0.967741935483871,0.967741935483871,0.935483870967742,0.935483870967742,0.935483870967742,0.903225806451613,0,0,0,0,0,0,0,0,2315,0.560769,0.116752194383747
"316",106,106,1,0.656441716080167,4.74653063699369,5.33321840500761,5.76328862821654,6.44113252983967,7.06149242939849,8.34060565103857,8.83865726883342,9.90413882092774,1,1,1,1,1,1,1,1,0.967741935483871,0.967741935483871,0.967741935483871,0.935483870967742,0.935483870967742,0.935483870967742,0.935483870967742,0.903225806451613,0,0,0,0,0,0,0,0,2316,0.275935,-0.380506716080167
"317",106,106,2,0.501679697362375,4.5917686182759,5.17845638628982,5.60852660949875,6.28637051112188,6.9067304106807,8.18584363232078,8.68389525011562,9.74937680220995,1,1,1,1,1,1,1,1,0.967741935483871,0.967741935483871,0.967741935483871,0.935483870967742,0.935483870967742,0.935483870967742,0.935483870967742,0.903225806451613,0,0,0,0,0,0,0,0,2317,0.229286,-0.272393697362375
"318",106,106,3,0.476333378414614,4.56642229932814,5.15311006734206,5.58318029055099,6.26102419217412,6.88138409173294,8.16049731337302,8.65854893116786,9.72403048326219,1,1,1,1,1,1,1,1,0.967741935483871,0.967741935483871,0.967741935483871,0.935483870967742,0.935483870967742,0.935483870967742,0.935483870967742,0.903225806451613,0,0,0,0,0,0,0,0,2318,0.189523,-0.286810378414614
"319",107,107,1,0.453503475623391,4.54346824228584,5.13013820144967,5.56019536991884,6.23801869565631,6.85835976425077,8.13743415853351,8.63547065801998,9.7009198675255,1,1,1,1,1,1,1,1,0.967741935483871,0.967741935483871,0.967741935483871,0.967741935483871,0.935483870967742,0.935483870967742,0.935483870967742,0.903225806451613,0,0,0,0,0,0,0,0,2319,0.252437,-0.201066475623392
"320",107,107,2,0.487682701964503,4.57764746862696,5.16431742779079,5.59437459625995,6.27219792199742,6.89253899059188,8.17161338487463,8.66964988436109,9.73509909386661,1,1,1,1,1,1,1,1,0.967741935483871,0.967741935483871,0.967741935483871,0.935483870967742,0.935483870967742,0.935483870967742,0.935483870967742,0.903225806451613,0,0,0,0,0,0,0,0,2320,0.193325,-0.294357701964503
"321",107,107,3,0.455568984390103,4.54553375105256,5.13220371021639,5.56226087868555,6.24008420442302,6.86042527301748,8.13949966730023,8.63753616678669,9.70298537629221,1,1,1,1,1,1,1,1,0.967741935483871,0.967741935483871,0.967741935483871,0.967741935483871,0.935483870967742,0.935483870967742,0.935483870967742,0.903225806451613,0,0,0,0,0,0,0,0,2321,0.179119,-0.276449984390103
"322",108,108,1,0.447147303353219,4.53686257211668,5.12349674297168,5.553527676897,6.23130965374633,6.85161288001155,8.13060924761381,8.62861536565023,9.69399958013638,1,1,1,1,1,1,1,1,0.967741935483871,0.967741935483871,0.967741935483871,0.967741935483871,0.935483870967742,0.935483870967742,0.935483870967742,0.903225806451613,0,0,0,0,0,0,0,0,2322,0.316833,-0.130314303353219
"323",108,108,2,0.521950020680385,4.61166528944385,5.19829946029884,5.62833039422416,6.30611237107349,6.92641559733871,8.20541196494098,8.70341808297739,9.76880229746354,1,1,1,1,1,1,1,1,0.967741935483871,0.967741935483871,0.967741935483871,0.935483870967742,0.935483870967742,0.935483870967742,0.935483870967742,0.903225806451613,0,0,0,0,0,0,0,0,2323,0.271217,-0.250733020680385
"324",108,108,3,0.497172577910615,4.58688784667408,5.17352201752907,5.60355295145439,6.28133492830372,6.90163815456894,8.18063452217121,8.67864064020763,9.74402485469377,1,1,1,1,1,1,1,1,0.967741935483871,0.967741935483871,0.967741935483871,0.935483870967742,0.935483870967742,0.935483870967742,0.935483870967742,0.903225806451613,0,0,0,0,0,0,0,0,2324,0.219053,-0.278119577910615
"325",109,109,1,0.468085861990142,4.55738983416877,5.14396500809728,5.57395269445086,6.25166650777436,6.87190735106625,8.15077509190517,8.64873112620663,9.71400819658612,1,1,1,1,1,1,1,1,0.967741935483871,0.967741935483871,0.967741935483871,0.935483870967742,0.935483870967742,0.935483870967742,0.935483870967742,0.903225806451613,0,0,0,0,0,0,0,0,2325,0.343162,-0.124923861990142
"326",109,109,2,0.535488591986747,4.62479256416537,5.21136773809388,5.64135542444746,6.31906923777097,6.93931008106286,8.21817782190178,8.71613385620324,9.78141092658273,1,1,1,1,1,1,1,1,0.967741935483871,0.967741935483871,0.967741935483871,0.935483870967742,0.935483870967742,0.935483870967742,0.935483870967742,0.903225806451613,0,0,0,0,0,0,0,0,2326,0.19599,-0.339498591986747
"327",109,109,3,0.455560507971402,4.54486448015003,5.13143965407854,5.56142734043212,6.23914115375562,6.85938199704751,8.13824973788643,8.63620577218789,9.70148284256738,1,1,1,1,1,1,1,1,0.967741935483871,0.967741935483871,0.967741935483871,0.967741935483871,0.935483870967742,0.935483870967742,0.935483870967742,0.903225806451613,0,0,0,0,0,0,0,0,2327,1.251851,0.796290492028598
"328",110,110,1,1.0279724337861,5.11726545914669,5.70383906284914,6.13382559815184,6.81153759727668,7.43177678022156,8.71064109760932,9.20859579891276,10.2738700176103,1,1,1,1,1,1,1,1,0.967741935483871,0.967741935483871,0.967741935483871,0.935483870967742,0.935483870967742,0.935483870967742,0.935483870967742,0.903225806451613,0,0,0,0,0,0,0,0,2328,0.207979,-0.819993433786095
"329",110,110,2,0.461020387182156,4.55031341254276,5.1368870162452,5.5668735515479,6.24458555067274,6.86482473361762,8.14368905100538,8.64164375230882,9.70691797100638,1,1,1,1,1,1,1,1,0.967741935483871,0.967741935483871,0.967741935483871,0.967741935483871,0.935483870967742,0.935483870967742,0.935483870967742,0.903225806451613,0,0,0,0,0,0,0,0,2329,0.247091,-0.213929387182156
"330",110,110,3,0.48226305720949,4.57155608257009,5.15812968627254,5.58811622157523,6.26582822070008,6.88606740364495,8.16493172103271,8.66288642233615,9.72816064103371,1,1,1,1,1,1,1,1,0.967741935483871,0.967741935483871,0.967741935483871,0.935483870967742,0.935483870967742,0.935483870967742,0.935483870967742,0.903225806451613,0,0,0,0,0,0,0,0,2330,0.280448,-0.201815057209491
"331",111,111,1,0.499145861053008,4.58837089554171,5.17493474654351,5.60491413264969,6.28261486375597,6.90284373425746,8.18168678853215,8.67963321056235,9.74488971741523,1,1,1,1,1,1,1,1,0.967741935483871,0.967741935483871,0.967741935483871,0.935483870967742,0.935483870967742,0.935483870967742,0.935483870967742,0.903225806451613,0,0,0,0,0,0,0,0,2331,0.222463,-0.276682861053008
"332",111,111,2,0.467658897632664,4.55688393212137,5.14344778312317,5.57342716922935,6.25112790033563,6.87135677083712,8.15019982511181,8.64814624714201,9.71340275399488,1,1,1,1,1,1,1,1,0.967741935483871,0.967741935483871,0.967741935483871,0.935483870967742,0.935483870967742,0.935483870967742,0.935483870967742,0.903225806451613,0,0,0,0,0,0,0,0,2332,0.199013,-0.268645897632664
"333",111,111,3,0.454925099370923,4.54415013385963,5.13071398486143,5.56069337096761,6.23839410207389,6.85862297257537,8.13746602685006,8.63541244888027,9.70066895573314,1,1,1,1,1,1,1,1,0.967741935483871,0.967741935483871,0.967741935483871,0.967741935483871,0.935483870967742,0.935483870967742,0.935483870967742,0.903225806451613,0,0,0,0,0,0,0,0,2333,0.197097,-0.257828099370923
"334",112,112,1,0.45259726415467,4.54157816624934,5.12810699857743,5.55806071431917,6.23572098575387,6.85591282773339,8.13467953330782,8.63259622724747,9.69778913681258,1,1,1,1,1,1,1,1,0.967741935483871,0.967741935483871,0.967741935483871,0.967741935483871,0.935483870967742,0.935483870967742,0.935483870967742,0.903225806451613,0,0,0,0,0,0,0,0,2334,0.179701,-0.27289626415467
"335",112,112,2,0.44315116861759,4.53213207071226,5.11866090304035,5.54861461878209,6.22627489021679,6.84646673219631,8.12523343777074,8.62315013171039,9.68834304127549,1,1,1,1,1,1,1,1,0.967741935483871,0.967741935483871,0.967741935483871,0.967741935483871,0.935483870967742,0.935483870967742,0.935483870967742,0.903225806451613,0,0,0,0,0,0,0,0,2335,0.218392,-0.22475916861759
"336",112,112,3,0.464160531828969,4.55314143392364,5.13967026625173,5.56962398199347,6.24728425342817,6.86747609540769,8.14624280098212,8.64415949492177,9.70935240448688,1,1,1,1,1,1,1,1,0.967741935483871,0.967741935483871,0.967741935483871,0.967741935483871,0.935483870967742,0.935483870967742,0.935483870967742,0.903225806451613,0,0,0,0,0,0,0,0,2336,0.337779,-0.126381531828969
"337",113,113,1,0.52700246971507,4.61534232659485,5.2017792065489,5.631665516798,6.30921954883351,6.92931416095989,8.20788038937456,8.70571902300488,9.77074493819316,1,1,1,1,1,1,1,1,0.967741935483871,0.967741935483871,0.967741935483871,0.935483870967742,0.935483870967742,0.935483870967742,0.935483870967742,0.903225806451613,0,0,0,0,0,0,0,0,2337,0.208164,-0.31883846971507
"338",113,113,2,0.456640857176841,4.54498071405662,5.13141759401067,5.56130390425977,6.23885793629528,6.85895254842166,8.13751877683633,8.63535741046665,9.70038332565493,1,1,1,1,1,1,1,1,0.967741935483871,0.967741935483871,0.967741935483871,0.967741935483871,0.935483870967742,0.935483870967742,0.935483870967742,0.903225806451613,0,0,0,0,0,0,0,0,2338,0.42519,-0.0314508571768408
"339",113,113,3,0.574453605105102,4.66279346198488,5.24923034193893,5.67911665218803,6.35667068422354,6.97676529634992,8.25533152476459,8.75317015839491,9.81819607358319,1,1,1,1,1,1,1,1,0.967741935483871,0.967741935483871,0.967741935483871,0.935483870967742,0.935483870967742,0.935483870967742,0.935483870967742,0.903225806451613,0,0,0,0,0,0,0,0,2339,0.525562,-0.0488916051051025
"340",114,114,1,0.629041000309799,4.71738076550016,5.30381763230215,5.73370393291017,6.41125794975014,7.03135254796962,8.30991874770982,8.80775737017509,9.87278326147797,1,1,1,1,1,1,1,1,0.967741935483871,0.967741935483871,0.967741935483871,0.935483870967742,0.935483870967742,0.935483870967742,0.935483870967742,0.903225806451613,0,0,0,0,0,0,0,0,2340,0.256733,-0.372308000309799
"341",114,114,2,0.483107730003616,4.57144749519397,5.15788436199597,5.58777066260399,6.26532467944396,6.88541927766344,8.16398547740364,8.6618240998689,9.72684999117178,1,1,1,1,1,1,1,1,0.967741935483871,0.967741935483871,0.967741935483871,0.935483870967742,0.935483870967742,0.935483870967742,0.935483870967742,0.903225806451613,0,0,0,0,0,0,0,0,2341,0.231484,-0.251623730003616
"342",114,114,3,0.46940136223094,4.5577411274213,5.14417799422329,5.57406429483131,6.25161831167128,6.87171290989076,8.15027910963096,8.64811773209623,9.71314362339911,1,1,1,1,1,1,1,1,0.967741935483871,0.967741935483871,0.967741935483871,0.935483870967742,0.935483870967742,0.935483870967742,0.935483870967742,0.903225806451613,0,0,0,0,0,0,0,0,2342,0.212561,-0.25684036223094
"343",115,115,1,0.459274514108505,4.5476249119269,5.13406330388713,5.56395072250916,6.24150650147758,6.86160271238965,8.14017223732286,8.63801215452712,9.7030408156644,1,1,1,1,1,1,1,1,0.967741935483871,0.967741935483871,0.967741935483871,0.967741935483871,0.935483870967742,0.935483870967742,0.935483870967742,0.903225806451613,0,0,0,0,0,0,0,0,2343,0.203064,-0.256210514108505
"344",115,115,2,0.454119183325056,4.54246958114345,5.12890797310368,5.55879539172571,6.23635117069414,6.8564473816062,8.13501690653941,8.63285682374367,9.69788548488095,1,1,1,1,1,1,1,1,0.967741935483871,0.967741935483871,0.967741935483871,0.967741935483871,0.935483870967742,0.935483870967742,0.935483870967742,0.903225806451613,0,0,0,0,0,0,0,0,2344,0.207377,-0.246742183325056
"345",115,115,3,0.456460442845854,4.54481084066425,5.13124923262448,5.56113665124651,6.23869243021493,6.858788641127,8.13735816606021,8.63519808326446,9.70022674440175,1,1,1,1,1,1,1,1,0.967741935483871,0.967741935483871,0.967741935483871,0.967741935483871,0.935483870967742,0.935483870967742,0.935483870967742,0.903225806451613,0,0,0,0,0,0,0,0,2345,0.182363,-0.274097442845854
"346",116,116,1,0.442930927699023,4.5312908253045,5.11773057992676,5.5476189974453,6.22517635079826,6.84527400258045,8.12384649842786,8.62168757242465,9.68671870828757,1,1,1,1,1,1,1,1,0.967741935483871,0.967741935483871,0.967741935483871,0.967741935483871,0.935483870967742,0.935483870967742,0.935483870967742,0.903225806451613,0,0,0,0,0,0,0,0,2346,0.19948,-0.243450927699023
"347",116,116,2,0.4522234154782,4.54058331308367,5.12702306770594,5.55691148522447,6.23446883857743,6.85456649035963,8.13313898620704,8.63098006020383,9.69601119606675,1,1,1,1,1,1,1,1,0.967741935483871,0.967741935483871,0.967741935483871,0.967741935483871,0.935483870967742,0.935483870967742,0.935483870967742,0.903225806451613,0,0,0,0,0,0,0,0,2347,0.26161,-0.1906134154782
"348",116,116,3,0.485952589148837,4.57431248675431,5.16075224137657,5.59064065889511,6.26819801224807,6.88829566403026,8.16686815987767,8.66470923387446,9.72974036973738,1,1,1,1,1,1,1,1,0.967741935483871,0.967741935483871,0.967741935483871,0.935483870967742,0.935483870967742,0.935483870967742,0.935483870967742,0.903225806451613,0,0,0,0,0,0,0,0,2348,0.20163,-0.284322589148837
"349",117,117,1,0.453118223657237,4.54147957515136,5.12791953832134,5.55780810871533,6.23536570301893,6.85546357531815,8.13403652584716,8.6318777768845,9.69690929149017,1,1,1,1,1,1,1,1,0.967741935483871,0.967741935483871,0.967741935483871,0.967741935483871,0.935483870967742,0.935483870967742,0.935483870967742,0.903225806451613,0,0,0,0,0,0,0,0,2349,0.352904,-0.100214223657237
"350",117,117,2,0.535221529988312,4.62358288148243,5.21002284465241,5.63991141504641,6.31746900935001,6.93756688164922,8.21613983217824,8.71398108321558,9.77901259782125,1,1,1,1,1,1,1,1,0.967741935483871,0.967741935483871,0.967741935483871,0.935483870967742,0.935483870967742,0.935483870967742,0.935483870967742,0.903225806451613,0,0,0,0,0,0,0,0,2350,0.199306,-0.335915529988312
"351",117,117,3,0.451856882753226,4.54021823424735,5.12665819741733,5.55654676781132,6.23410436211492,6.85420223441414,8.13277518494315,8.63061643598049,9.69564795058616,1,1,1,1,1,1,1,1,0.967741935483871,0.967741935483871,0.967741935483871,0.967741935483871,0.935483870967742,0.935483870967742,0.935483870967742,0.903225806451613,0,0,0,0,0,0,0,0,2351,0.518675,0.0668181172467739
"352",118,118,1,0.625425434231147,4.71378054119842,5.30021960864521,5.73010752243122,6.40766408183936,7.02776100700659,8.30633200465462,8.80417249529366,9.86920238317964,1,1,1,1,1,1,1,1,0.967741935483871,0.967741935483871,0.967741935483871,0.935483870967742,0.935483870967742,0.935483870967742,0.935483870967742,0.903225806451613,0,0,0,0,0,0,0,0,2352,0.206803,-0.418622434231147
"353",118,118,2,0.456160423530941,4.54451553049822,5.130954597945,5.56084251173101,6.23839907113915,6.85849599630638,8.13706699395442,8.63490748459345,9.69993737247944,1,1,1,1,1,1,1,1,0.967741935483871,0.967741935483871,0.967741935483871,0.967741935483871,0.935483870967742,0.935483870967742,0.935483870967742,0.903225806451613,0,0,0,0,0,0,0,0,2353,0.238388,-0.217772423530941
"354",118,118,3,0.473302826064564,4.56165793303184,5.14809700047862,5.57798491426463,6.25554147367278,6.87563839884,8.15420939648804,8.65204988712707,9.71707977501306,1,1,1,1,1,1,1,1,0.967741935483871,0.967741935483871,0.967741935483871,0.935483870967742,0.935483870967742,0.935483870967742,0.935483870967742,0.903225806451613,0,0,0,0,0,0,0,0,2354,0.187584,-0.285718826064564
"355",119,119,1,0.446233440210203,4.52886259620597,5.11448032566715,5.54376615938594,6.22037376608864,6.83960221371461,8.11638250711739,8.61352574662084,9.67706400553583,1,1,1,1,1,1,1,1,0.967741935483871,0.967741935483871,0.967741935483871,0.967741935483871,0.935483870967742,0.935483870967742,0.935483870967742,0.903225806451613,0,0,0,0,0,0,0,0,2355,0.210545,-0.235688440210203
"356",119,119,2,0.458775382569367,4.54140453856513,5.12702226802631,5.55630810174511,6.2329157084478,6.85214415607377,8.12892444947656,8.62606768898,9.689605947895,1,1,1,1,1,1,1,1,0.967741935483871,0.967741935483871,0.967741935483871,0.967741935483871,0.935483870967742,0.935483870967742,0.935483870967742,0.903225806451613,0,0,0,0,0,0,0,0,2356,0.278578,-0.180197382569367
"357",119,119,3,0.495936915800542,4.57856607179631,5.16418380125749,5.59346963497628,6.27007724167898,6.88930568930495,8.16608598270773,8.66322922221117,9.72676748112617,1,1,1,1,1,1,1,1,0.967741935483871,0.967741935483871,0.967741935483871,0.935483870967742,0.935483870967742,0.935483870967742,0.935483870967742,0.903225806451613,0,0,0,0,0,0,0,0,2357,0.216863,-0.279073915800542
"358",120,120,1,0.456903940865518,4.52206109255459,5.10517261459397,5.53262127828116,6.20633327762728,6.82291167752902,8.09422786681344,8.58924353398793,9.64823027858946,1,1,1,1,1,1,1,1,0.967741935483871,0.967741935483871,0.967741935483871,0.967741935483871,0.935483870967742,0.935483870967742,0.935483870967742,0.903225806451613,0,0,0,0,0,0,0,0,2358,0.175753,-0.281150940865518
"359",120,120,2,0.43443978598601,4.49959693767508,5.08270845971446,5.51015712340165,6.18386912274778,6.80044752264951,8.07176371193393,8.56677937910842,9.62576612370995,1,1,1,1,1,1,1,1,0.967741935483871,0.967741935483871,0.967741935483871,0.967741935483871,0.935483870967742,0.935483870967742,0.935483870967742,0.903225806451613,0,0,0,0,0,0,0,0,2359,0.197006,-0.23743378598601
"360",120,120,3,0.446053278655778,4.51121043034485,5.09432195238423,5.52177061607142,6.19548261541754,6.81206101531928,8.0833772046037,8.57839287177819,9.63737961637972,1,1,1,1,1,1,1,1,0.967741935483871,0.967741935483871,0.967741935483871,0.967741935483871,0.935483870967742,0.935483870967742,0.935483870967742,0.903225806451613,0,0,0,0,0,0,0,0,2360,0.18283,-0.263223278655778
"361",121,121,1,0.438200680925133,4.50336845326883,5.08648149874896,5.51393127919117,6.18764503868141,6.80422504945967,8.0755445601926,8.57056152064808,9.6295510319649,1,1,1,1,1,1,1,1,0.967741935483871,0.967741935483871,0.967741935483871,0.967741935483871,0.935483870967742,0.935483870967742,0.935483870967742,0.903225806451613,0,0,0,0,0,0,0,0,2361,0.310552,-0.127648680925133
"362",121,121,2,0.508005992121815,4.57317376446551,5.15628680994564,5.58373659038785,6.25745034987809,6.87403036065635,8.14534987138928,8.64036683184476,9.69935634316159,1,1,1,1,1,1,1,1,0.967741935483871,0.967741935483871,0.967741935483871,0.935483870967742,0.935483870967742,0.935483870967742,0.935483870967742,0.903225806451613,0,0,0,0,0,0,0,0,2362,0.202964,-0.305041992121815
"363",121,121,3,0.449204737670518,4.51437251001421,5.09748555549434,5.52493533593655,6.1986490954268,6.81522910620505,8.08654861693799,8.58156557739346,9.64055508871029,1,1,1,1,1,1,1,1,0.967741935483871,0.967741935483871,0.967741935483871,0.967741935483871,0.935483870967742,0.935483870967742,0.935483870967742,0.903225806451613,0,0,0,0,0,0,0,0,2363,0.737181,0.287976262329482
"364",122,122,1,0.741287631381216,4.80646639532184,5.38958101745119,5.81703195365275,6.49074753476279,7.10732921267986,8.37865216086788,8.87367045977411,9.93266283443792,1,1,1,1,1,1,1,1,0.967741935483871,0.967741935483871,0.967741935483871,0.935483870967742,0.935483870967742,0.935483870967742,0.935483870967742,0.903225806451613,0,0,0,0,0,0,0,0,2364,0.212581,-0.528706631381216
"365",122,122,2,0.454587230957767,4.51976599489839,5.10288061702774,5.5303315532293,6.20404713433934,6.82062881225641,8.09195176044443,8.58697005935067,9.64596243401447,1,1,1,1,1,1,1,1,0.967741935483871,0.967741935483871,0.967741935483871,0.967741935483871,0.935483870967742,0.935483870967742,0.935483870967742,0.903225806451613,0,0,0,0,0,0,0,0,2365,0.202725,-0.251862230957767
"366",122,122,3,0.449200804830101,4.51437956877072,5.09749419090007,5.52494512710164,6.19866070821168,6.81524238612874,8.08656533431676,8.581583633223,9.64057600788681,1,1,1,1,1,1,1,1,0.967741935483871,0.967741935483871,0.967741935483871,0.967741935483871,0.935483870967742,0.935483870967742,0.935483870967742,0.903225806451613,0,0,0,0,0,0,0,0,2366,0.259334,-0.189866804830101
"367",123,123,1,0.48033513884111,4.54553723678327,5.12865520597268,5.55610859572952,6.22982804394635,6.84641326102336,8.11774350656614,8.61276464686224,9.67176310010983,1,1,1,1,1,1,1,1,0.967741935483871,0.967741935483871,0.967741935483871,0.967741935483871,0.935483870967742,0.935483870967742,0.935483870967742,0.903225806451613,0,0,0,0,0,0,0,0,2367,0.187011,-0.29332413884111
"368",123,123,2,0.440813046935874,4.50601514487803,5.08913311406744,5.51658650382428,6.19030595204112,6.80689116911812,8.0782214146609,8.57324255495701,9.63224100820459,1,1,1,1,1,1,1,1,0.967741935483871,0.967741935483871,0.967741935483871,0.967741935483871,0.935483870967742,0.935483870967742,0.935483870967742,0.903225806451613,0,0,0,0,0,0,0,0,2368,0.240797,-0.200016046935874
"369",123,123,3,0.470205290554295,4.53540738849645,5.11852535768586,5.5459787474427,6.21969819565954,6.83628341273654,8.10761365827933,8.60263479857543,9.66163325182302,1,1,1,1,1,1,1,1,0.967741935483871,0.967741935483871,0.967741935483871,0.967741935483871,0.935483870967742,0.935483870967742,0.935483870967742,0.903225806451613,0,0,0,0,0,0,0,0,2369,0.18537,-0.284835290554295
"370",124,124,1,0.439384185792906,4.50459342945631,5.08771242363743,5.51516656476227,6.18888719722807,6.80547349812477,8.0768059783834,8.57182798881658,9.63082830354794,1,1,1,1,1,1,1,1,0.967741935483871,0.967741935483871,0.967741935483871,0.967741935483871,0.935483870967742,0.935483870967742,0.935483870967742,0.903225806451613,0,0,0,0,0,0,0,0,2370,0.232219,-0.207165185792905
"371",124,124,2,0.46498502073018,4.53019426439359,5.11331325857471,5.54076739969955,6.21448803216535,6.83107433306204,8.10240681332067,8.59742882375386,9.65642913848522,1,1,1,1,1,1,1,1,0.967741935483871,0.967741935483871,0.967741935483871,0.967741935483871,0.935483870967742,0.935483870967742,0.935483870967742,0.903225806451613,0,0,0,0,0,0,0,0,2371,0.186636,-0.27834902073018
"372",124,124,3,0.440075996867434,4.50528524053084,5.08840423471196,5.5158583758368,6.1895790083026,6.8061653091993,8.07749778945793,8.57251979989111,9.63152011462247,1,1,1,1,1,1,1,1,0.967741935483871,0.967741935483871,0.967741935483871,0.967741935483871,0.935483870967742,0.935483870967742,0.935483870967742,0.903225806451613,0,0,0,0,0,0,0,0,2372,0.231158,-0.208917996867434
"373",125,125,1,0.464398756925458,4.52961143437828,5.1127309211067,5.54018542329229,6.21390662483452,6.83049344654758,8.10182700067173,8.5968494292387,9.65585063848344,1,1,1,1,1,1,1,1,0.967741935483871,0.967741935483871,0.967741935483871,0.967741935483871,0.935483870967742,0.935483870967742,0.935483870967742,0.903225806451613,0,0,0,0,0,0,0,0,2373,0.222385,-0.242013756925458
"374",125,125,2,0.45960377084955,4.52481644830237,5.10793593503079,5.53539043721638,6.20911163875861,6.82569846047168,8.09703201459582,8.59205444316279,9.65105565240754,1,1,1,1,1,1,1,1,0.967741935483871,0.967741935483871,0.967741935483871,0.967741935483871,0.935483870967742,0.935483870967742,0.935483870967742,0.903225806451613,0,0,0,0,0,0,0,0,2374,0.255076,-0.20452777084955
"375",125,125,3,0.477471420434357,4.54268409788718,5.1258035846156,5.55325808680119,6.22697928834342,6.84356611005648,8.11489966418063,8.6099220927476,9.66892330199234,1,1,1,1,1,1,1,1,0.967741935483871,0.967741935483871,0.967741935483871,0.967741935483871,0.935483870967742,0.935483870967742,0.935483870967742,0.903225806451613,0,0,0,0,0,0,0,0,2375,0.514055,0.0365835795656427
"376",126,126,1,0.619257797313319,4.68446471800432,5.26758337897521,5.69503727584099,6.36875752332429,6.98534347188661,8.25667522567088,8.75169695323487,9.81069666282432,1,1,1,1,1,1,1,1,0.967741935483871,0.967741935483871,0.967741935483871,0.935483870967742,0.935483870967742,0.935483870967742,0.935483870967742,0.903225806451613,0,0,0,0,0,0,0,0,2376,0.194664,-0.424593797313319
"377",126,126,2,0.444729794282816,4.50993671497382,5.09305537594471,5.52050927281049,6.19422952029378,6.81081546885611,8.08214722264038,8.57716895020437,9.63616865979382,1,1,1,1,1,1,1,1,0.967741935483871,0.967741935483871,0.967741935483871,0.967741935483871,0.935483870967742,0.935483870967742,0.935483870967742,0.903225806451613,0,0,0,0,0,0,0,0,2377,0.218635,-0.226094794282816
"378",126,126,3,0.45782850639632,4.52303542708733,5.10615408805821,5.533607984924,6.20732823240729,6.82391418096961,8.09524593475389,8.59026766231787,9.64926737190732,1,1,1,1,1,1,1,1,0.967741935483871,0.967741935483871,0.967741935483871,0.967741935483871,0.935483870967742,0.935483870967742,0.935483870967742,0.903225806451613,0,0,0,0,0,0,0,0,2378,0.193279,-0.26454950639632
"379",127,127,1,0.443774954625156,4.50898439660202,5.09210341922948,5.51955758120685,6.19327824653882,6.8098645775145,8.08119711979266,8.57621915437454,9.6352195207672,1,1,1,1,1,1,1,1,0.967741935483871,0.967741935483871,0.967741935483871,0.967741935483871,0.935483870967742,0.935483870967742,0.935483870967742,0.903225806451613,0,0,0,0,0,0,0,0,2379,0.23293,-0.210844954625156
"380",127,127,2,0.465442760960249,4.53065220293711,5.11377122556457,5.54122538754195,6.21494605287392,6.8315323838496,8.10286492612775,8.59788696070963,9.6568873271023,1,1,1,1,1,1,1,1,0.967741935483871,0.967741935483871,0.967741935483871,0.967741935483871,0.935483870967742,0.935483870967742,0.935483870967742,0.903225806451613,0,0,0,0,0,0,0,0,2380,0.182776,-0.282666760960249
"381",127,127,3,0.43803545322702,4.50324489520388,5.08636391783135,5.51381807980872,6.18753874514069,6.80412507611637,8.07545761839452,8.5704796529764,9.62948001936907,1,1,1,1,1,1,1,1,0.967741935483871,0.967741935483871,0.967741935483871,0.967741935483871,0.935483870967742,0.935483870967742,0.935483870967742,0.903225806451613,0,0,0,0,0,0,0,0,2381,0.270908,-0.16712745322702
"382",128,128,1,0.486111920979102,4.55131970954297,5.13443849500268,5.56189248312474,6.23561287443922,6.85219895463523,8.12353097983357,8.61855281307875,9.67755274875192,1,1,1,1,1,1,1,1,0.967741935483871,0.967741935483871,0.967741935483871,0.967741935483871,0.935483870967742,0.935483870967742,0.935483870967742,0.903225806451613,0,0,0,0,0,0,0,0,2382,0.176022,-0.310089920979102
"383",128,128,2,0.434268787458296,4.49947657602216,5.08259536148188,5.51004934960394,6.18376974091841,6.80035582111443,8.07168784631276,8.56670967955795,9.62570961523111,1,1,1,1,1,1,1,1,0.967741935483871,0.967741935483871,0.967741935483871,0.967741935483871,0.935483870967742,0.935483870967742,0.935483870967742,0.903225806451613,0,0,0,0,0,0,0,0,2383,0.205326,-0.228942787458296
"384",128,128,3,0.45027969723101,4.51548748579487,5.09860627125459,5.52606025937665,6.19978065069113,6.81636673088714,8.08769875608548,8.58272058933066,9.64172052500383,1,1,1,1,1,1,1,1,0.967741935483871,0.967741935483871,0.967741935483871,0.967741935483871,0.935483870967742,0.935483870967742,0.935483870967742,0.903225806451613,0,0,0,0,0,0,0,0,2384,0.210177,-0.24010269723101
"385",129,129,1,0.452875358973779,4.51808658359525,5.10120586192762,5.52866021134893,6.20238117211574,6.81896777347215,8.09030087324535,8.58532312490052,9.64432395567794,1,1,1,1,1,1,1,1,0.967741935483871,0.967741935483871,0.967741935483871,0.967741935483871,0.935483870967742,0.935483870967742,0.935483870967742,0.903225806451613,0,0,0,0,0,0,0,0,2385,0.198781,-0.254094358973779
"386",129,129,2,0.44664783768703,4.51185906230851,5.09497834064087,5.52243269006218,6.19615365082899,6.81274025218541,8.0840733519586,8.57909560361377,9.63809643439119,1,1,1,1,1,1,1,1,0.967741935483871,0.967741935483871,0.967741935483871,0.967741935483871,0.935483870967742,0.935483870967742,0.935483870967742,0.903225806451613,0,0,0,0,0,0,0,0,2386,0.248751,-0.19789683768703
"387",129,129,3,0.473954720689737,4.53916594531121,5.12228522364358,5.54973957306489,6.2234605338317,6.84004713518811,8.11138023496131,8.60640248661648,9.6654033173939,1,1,1,1,1,1,1,1,0.967741935483871,0.967741935483871,0.967741935483871,0.967741935483871,0.935483870967742,0.935483870967742,0.935483870967742,0.903225806451613,0,0,0,0,0,0,0,0,2387,0.545339,0.0713842793102633
"388",130,130,1,0.635655564714356,4.70087802677917,5.28399891702529,5.71145444805655,6.38517727118689,7.0017655769706,8.27310219108361,8.76812581112635,9.82712956929455,1,1,1,1,1,1,1,1,0.967741935483871,0.967741935483871,0.967741935483871,0.935483870967742,0.935483870967742,0.935483870967742,0.935483870967742,0.903225806451613,0,0,0,0,0,0,0,0,2388,0.195849,-0.439806564714356
"389",130,130,2,0.444642079321305,4.50986454138612,5.09298543163224,5.5204409626635,6.19416378579384,6.81075209157755,8.08208870569056,8.5771123257333,9.6361160839015,1,1,1,1,1,1,1,1,0.967741935483871,0.967741935483871,0.967741935483871,0.967741935483871,0.935483870967742,0.935483870967742,0.935483870967742,0.903225806451613,0,0,0,0,0,0,0,0,2389,0.200317,-0.244325079321305
"390",130,130,3,0.447084061217027,4.51230652328184,5.09542741352796,5.52288294455922,6.19660576768956,6.81319407347327,8.08453068758629,8.57955430762903,9.63855806579722,1,1,1,1,1,1,1,1,0.967741935483871,0.967741935483871,0.967741935483871,0.967741935483871,0.935483870967742,0.935483870967742,0.935483870967742,0.903225806451613,0,0,0,0,0,0,0,0,2390,0.195678,-0.251406061217027
"391",131,131,1,0.444986887259048,4.50222172090657,5.08419685516095,5.51081249219411,6.18321153842968,6.79858832914404,8.06742693372336,8.56147789734407,9.61840085216344,1,1,1,1,1,1,1,1,0.967741935483871,0.967741935483871,0.967741935483871,0.967741935483871,0.935483870967742,0.935483870967742,0.935483870967742,0.903225806451613,0,0,0,0,0,0,0,0,2391,0.200267,-0.244719887259048
"392",131,131,2,0.447516281883698,4.50475111553122,5.0867262497856,5.51334188681876,6.18574093305433,6.80111772376869,8.06995632834801,8.56400729196872,9.62093024678809,1,1,1,1,1,1,1,1,0.967741935483871,0.967741935483871,0.967741935483871,0.967741935483871,0.935483870967742,0.935483870967742,0.935483870967742,0.903225806451613,0,0,0,0,0,0,0,0,2392,0.204195,-0.243321281883698
"393",131,131,3,0.449681342264091,4.50691617591161,5.08889131016599,5.51550694719916,6.18790599343472,6.80328278414908,8.0721213887284,8.56617235234911,9.62309530716849,1,1,1,1,1,1,1,1,0.967741935483871,0.967741935483871,0.967741935483871,0.967741935483871,0.935483870967742,0.935483870967742,0.935483870967742,0.903225806451613,0,0,0,0,0,0,0,0,2393,0.173771,-0.275910342264091
"394",132,132,1,0.427099789553175,4.45987996267393,5.03834728805682,5.4623915332414,6.13073774766209,6.74240540367511,8.00359618440137,8.49466929510165,9.54522173080571,1,1,1,1,1,1,1,1,0.967741935483871,0.967741935483871,0.967741935483871,0.967741935483871,0.935483870967742,0.935483870967742,0.935483870967742,0.903225806451613,0,0,0,0,0,0,0,0,2394,0.317528,-0.109571789553175
"395",132,132,2,0.506417015051277,4.53919718817204,5.11766451355492,5.5417087587395,6.21005497316019,6.82172262917321,8.08291340989947,8.57398652059975,9.62453895630381,1,1,1,1,1,1,1,1,0.967741935483871,0.967741935483871,0.967741935483871,0.967741935483871,0.935483870967742,0.935483870967742,0.935483870967742,0.903225806451613,0,0,0,0,0,0,0,0,2395,0.169532,-0.336885015051277
"396",132,132,3,0.424760941922197,4.45754111504296,5.03600844042584,5.46005268561042,6.12839890003111,6.74006655604413,8.00125733677039,8.49233044747067,9.54288288317473,1,1,1,1,1,1,1,1,0.967741935483871,0.967741935483871,0.967741935483871,0.967741935483871,0.935483870967742,0.935483870967742,0.935483870967742,0.903225806451613,0,0,0,0,0,0,0,0,2396,0.218084,-0.206676941922197
"397",133,133,1,0.451426413786444,4.48421048511247,5.06267836965908,5.48672302473744,6.15506988520146,6.76673813247064,8.02793013230141,8.51900371768757,9.56955716888687,1,1,1,1,1,1,1,1,0.967741935483871,0.967741935483871,0.967741935483871,0.967741935483871,0.935483870967742,0.935483870967742,0.935483870967742,0.903225806451613,0,0,0,0,0,0,0,0,2397,0.204829,-0.246597413786445
"398",133,133,2,0.444115740241645,4.47689981156767,5.05536769611428,5.47941235119264,6.14775921165666,6.75942745892584,8.02061945875661,8.51169304414277,9.56224649534207,1,1,1,1,1,1,1,1,0.967741935483871,0.967741935483871,0.967741935483871,0.967741935483871,0.935483870967742,0.935483870967742,0.935483870967742,0.903225806451613,0,0,0,0,0,0,0,0,2398,0.204073,-0.240042740241645
"399",133,133,3,0.443698775383111,4.47648284670914,5.05495073125575,5.47899538633411,6.14734224679813,6.7590104940673,8.02020249389808,8.51127607928424,9.56182953048354,0,0,0,0,0,0,0,1,0,0,0,0,0,0,0,1,0,0,0,0,0,0,0,0,2399,9.381573,8.93787422461689
"400",134,134,1,5.50790230736601,9.55406815523113,10.1344555395152,10.5599072798023,11.2304718807104,11.8441697947448,13.1095467420501,13.60224983124,14.6562892790307,1,1,1,1,1,1,1,1,0.903225806451613,0.903225806451613,0.903225806451613,0.903225806451613,0.903225806451613,0.870967741935484,0.870967741935484,0.870967741935484,1,1,1,1,1,1,1,0,2400,0.218542,-5.28936030736601
"401",134,134,2,0.456469864388043,4.50263571225316,5.0830230965372,5.50847483682431,6.17903943773245,6.79273735176687,8.05811429907218,8.55081738826208,9.60485683605273,1,1,1,1,1,1,1,1,0.967741935483871,0.967741935483871,0.967741935483871,0.967741935483871,0.935483870967742,0.935483870967742,0.935483870967742,0.903225806451613,1,1,1,1,1,1,1,0,2401,0.264913,-0.191556864388043
"402",134,134,3,0.482033455061624,4.52819930292674,5.10858668721079,5.5340384274979,6.20460302840603,6.81830094244045,8.08367788974576,8.57638097893565,9.63042042672631,1,1,1,1,1,1,1,1,0.967741935483871,0.967741935483871,0.967741935483871,0.967741935483871,0.935483870967742,0.935483870967742,0.935483870967742,0.903225806451613,0,0,0,0,0,0,0,0,2402,0.196435,-0.285598455061624
"403",135,135,1,0.443089510246787,4.4938820164901,5.07493305477525,5.5008712852194,6.17220265482796,6.78660231236535,8.05342617684483,8.54669265591079,9.60193736335353,1,1,1,1,1,1,1,1,0.967741935483871,0.967741935483871,0.967741935483871,0.967741935483871,0.935483870967742,0.935483870967742,0.935483870967742,0.903225806451613,0,0,0,0,0,0,0,0,2403,0.205269,-0.237820510246787
"404",135,135,2,0.447936433989611,4.49872894023292,5.07977997851807,5.50571820896222,6.17704957857079,6.79144923610817,8.05827310058765,8.55153957965361,9.60678428709635,1,1,1,1,1,1,1,1,0.967741935483871,0.967741935483871,0.967741935483871,0.967741935483871,0.935483870967742,0.935483870967742,0.935483870967742,0.903225806451613,0,0,0,0,0,0,0,0,2404,0.180743,-0.267193433989611
"405",135,135,3,0.43447982863343,4.48527233487674,5.06632337316189,5.49226160360604,6.1635929732146,6.77799263075199,8.04481649523147,8.53808297429743,9.59332768174017,1,1,1,1,1,1,1,1,0.967741935483871,0.967741935483871,0.967741935483871,0.967741935483871,0.935483870967742,0.935483870967742,0.935483870967742,0.903225806451613,0,0,0,0,0,0,0,0,2405,0.189712,-0.24476782863343
"406",136,136,1,0.439518530936352,4.49032128768164,5.07137379631236,5.4973131045902,6.16864617299808,6.78304738526949,8.04987445543785,8.54314218271117,9.59838956044323,1,1,1,1,1,1,1,1,0.967741935483871,0.967741935483871,0.967741935483871,0.967741935483871,0.935483870967742,0.935483870967742,0.935483870967742,0.903225806451613,0,0,0,0,0,0,0,0,2406,0.340846,-0.0986725309363522
"407",136,136,2,0.52243580157714,4.57323855832242,5.15429106695314,5.58023037523099,6.25156344363887,6.86596465591027,8.13279172607864,8.62605945335196,9.68130683108401,1,1,1,1,1,1,1,1,0.967741935483871,0.967741935483871,0.967741935483871,0.935483870967742,0.935483870967742,0.935483870967742,0.935483870967742,0.903225806451613,0,0,0,0,0,0,0,0,2407,0.213141,-0.30929480157714
"408",136,136,3,0.452372479973915,4.5031752367192,5.08422774534992,5.51016705362777,6.18150012203564,6.79590133430705,8.06272840447541,8.55599613174873,9.61124350948079,1,1,1,1,1,1,1,1,0.967741935483871,0.967741935483871,0.967741935483871,0.967741935483871,0.935483870967742,0.935483870967742,0.935483870967742,0.903225806451613,0,0,0,0,0,0,0,0,2408,0.175693,-0.276679479973915
"409",137,137,1,0.431422248489216,4.48222895574816,5.06328203104579,5.4892217547176,6.1605554778378,6.77495728929917,8.04178559493072,8.53505380325952,9.59030221011331,1,1,1,1,1,1,1,1,0.967741935483871,0.967741935483871,0.967741935483871,0.967741935483871,0.935483870967742,0.935483870967742,0.935483870967742,0.903225806451613,0,0,0,0,0,0,0,0,2409,0.21119,-0.220232248489216
"410",137,137,2,0.45090218119666,4.5017088884556,5.08276196375323,5.50870168742505,6.18003541054524,6.79443722200662,8.06126552763816,8.55453373596696,9.60978214282076,1,1,1,1,1,1,1,1,0.967741935483871,0.967741935483871,0.967741935483871,0.967741935483871,0.935483870967742,0.935483870967742,0.935483870967742,0.903225806451613,0,0,0,0,0,0,0,0,2410,0.184784,-0.26611818119666
"411",137,137,3,0.436411179053584,4.48721788631252,5.06827096161015,5.49421068528197,6.16554440840217,6.77994621986354,8.04677452549508,8.54004273382389,9.59529114067768,1,1,1,1,1,1,1,1,0.967741935483871,0.967741935483871,0.967741935483871,0.967741935483871,0.935483870967742,0.935483870967742,0.935483870967742,0.903225806451613,0,0,0,0,0,0,0,0,2411,0.56057,0.124158820946416
"412",138,138,1,0.642798687341242,4.69359757156325,5.27464952471411,5.70058842579862,6.3719208524194,6.98632147732994,8.25314733642544,8.74641459214019,9.80166096106726,1,1,1,1,1,1,1,1,0.967741935483871,0.967741935483871,0.967741935483871,0.935483870967742,0.935483870967742,0.935483870967742,0.935483870967742,0.903225806451613,0,0,0,0,0,0,0,0,2412,0.216418,-0.426380687341242
"413",138,138,2,0.453933467675755,4.50473235189776,5.08578430504862,5.51172320613313,6.18305563275391,6.79745625766446,8.06428211675996,8.5575493724747,9.61279574140177,1,1,1,1,1,1,1,1,0.967741935483871,0.967741935483871,0.967741935483871,0.967741935483871,0.935483870967742,0.935483870967742,0.935483870967742,0.903225806451613,0,0,0,0,0,0,0,0,2413,0.404684,-0.0492494676757552
"414",138,138,3,0.557250895572564,4.60804977979457,5.18910173294543,5.61504063402994,6.28637306065072,6.90077368556127,8.16759954465677,8.66086680037151,9.71611316929858,1,1,1,1,1,1,1,1,0.967741935483871,0.967741935483871,0.967741935483871,0.935483870967742,0.935483870967742,0.935483870967742,0.935483870967742,0.903225806451613,0,0,0,0,0,0,0,0,2414,0.200842,-0.356408895572564
"415",139,139,1,0.445653273588355,4.49646460730681,5.07751834622991,5.50345855637097,6.17479304622691,6.78919555940162,8.05602531188815,8.54929408358261,9.60454369564425,1,1,1,1,1,1,1,1,0.967741935483871,0.967741935483871,0.967741935483871,0.967741935483871,0.935483870967742,0.935483870967742,0.935483870967742,0.903225806451613,0,0,0,0,0,0,0,0,2415,0.182168,-0.263485273588355
"416",139,139,2,0.435408567367573,4.48621990108602,5.06727364000913,5.49321385015019,6.16454834000613,6.77895085318084,8.04578060566737,8.53904937736183,9.59429898942347,1,1,1,1,1,1,1,1,0.967741935483871,0.967741935483871,0.967741935483871,0.967741935483871,0.935483870967742,0.935483870967742,0.935483870967742,0.903225806451613,0,0,0,0,0,0,0,0,2416,0.194897,-0.240511567367573
"417",139,139,3,0.442391798891849,4.4932031326103,5.0742568715334,5.50019708167447,6.17153157153041,6.78593408470512,8.05276383719164,8.54603260888611,9.60128222094775,1,1,1,1,1,1,1,1,0.967741935483871,0.967741935483871,0.967741935483871,0.967741935483871,0.935483870967742,0.935483870967742,0.935483870967742,0.903225806451613,0,0,0,0,0,0,0,0,2417,0.176733,-0.265658798891849
"418",140,140,1,0.432066649475329,4.48288345033324,5.06393797347007,5.48987875847734,6.16121415439356,6.77561749679085,8.04244895904225,8.53571839647228,9.59096943274165,1,1,1,1,1,1,1,1,0.967741935483871,0.967741935483871,0.967741935483871,0.967741935483871,0.935483870967742,0.935483870967742,0.935483870967742,0.903225806451613,0,0,0,0,0,0,0,0,2418,0.195463,-0.236603649475329
"419",140,140,2,0.442344298849293,4.4931610997072,5.07421562284403,5.5001564078513,6.17149180376752,6.78589514616482,8.05272660841622,8.54599604584624,9.60124708211561,1,1,1,1,1,1,1,1,0.967741935483871,0.967741935483871,0.967741935483871,0.967741935483871,0.935483870967742,0.935483870967742,0.935483870967742,0.903225806451613,0,0,0,0,0,0,0,0,2419,0.214911,-0.227433298849293
"420",140,140,3,0.453015933928035,4.50383273478595,5.08488725792277,5.51082804293004,6.18216343884627,6.79656678124356,8.06339824349496,8.55666768092499,9.61191871719435,1,1,1,1,1,1,1,1,0.967741935483871,0.967741935483871,0.967741935483871,0.967741935483871,0.935483870967742,0.935483870967742,0.935483870967742,0.903225806451613,0,0,0,0,0,0,0,0,2420,0.212556,-0.240459933928035
"421",141,141,1,0.451460827937163,4.50228558765984,5.08334125242676,5.50928287430355,6.18061958922971,6.79502413877938,8.06185809004492,8.55512849662881,9.6103816062085,1,1,1,1,1,1,1,1,0.967741935483871,0.967741935483871,0.967741935483871,0.967741935483871,0.935483870967742,0.935483870967742,0.935483870967742,0.903225806451613,0,0,0,0,0,0,0,0,2421,0.332664,-0.118796827937163
"422",141,141,2,0.517361972596289,4.56818673231897,5.14924239708589,5.57518401896268,6.24652073388884,6.86092528343851,8.12775923470404,8.62102964128794,9.67628275086762,1,1,1,1,1,1,1,1,0.967741935483871,0.967741935483871,0.967741935483871,0.967741935483871,0.935483870967742,0.935483870967742,0.935483870967742,0.903225806451613,0,0,0,0,0,0,0,0,2422,0.258152,-0.259209972596289
"423",141,141,3,0.476478550252725,4.5273033099754,5.10835897474233,5.53430059661911,6.20563731154528,6.82004186109494,8.08687581236048,8.58014621894437,9.63539932852406,1,1,1,1,1,1,1,1,0.967741935483871,0.967741935483871,0.967741935483871,0.967741935483871,0.935483870967742,0.935483870967742,0.935483870967742,0.903225806451613,0,0,0,0,0,0,0,0,2423,0.535595,0.059116449747275
"424",142,142,1,0.629095203498055,4.67989688749815,5.26094924225288,5.68688843773226,6.35822132835579,6.9726223779197,8.2394491126033,8.73271670924804,9.78796380752646,1,1,1,1,1,1,1,1,0.967741935483871,0.967741935483871,0.967741935483871,0.935483870967742,0.935483870967742,0.935483870967742,0.935483870967742,0.903225806451613,0,0,0,0,0,0,0,0,2424,0.182911,-0.446184203498055
"425",142,142,2,0.435590837628444,4.48639252162854,5.06744487638327,5.49338407186265,6.16471696248618,6.77911801205009,8.04594474673369,8.53921234337843,9.59445944165685,1,1,1,1,1,1,1,1,0.967741935483871,0.967741935483871,0.967741935483871,0.967741935483871,0.935483870967742,0.935483870967742,0.935483870967742,0.903225806451613,0,0,0,0,0,0,0,0,2425,0.210673,-0.224917837628444
"426",142,142,3,0.450822796564126,4.50162448056422,5.08267683531895,5.50861603079833,6.17994892142186,6.79434997098577,8.06117670566937,8.55444430231411,9.60969140059253,1,1,1,1,1,1,1,1,0.967741935483871,0.967741935483871,0.967741935483871,0.967741935483871,0.935483870967742,0.935483870967742,0.935483870967742,0.903225806451613,0,0,0,0,0,0,0,0,2426,0.390349,-0.0604737965641264
"427",143,143,1,0.549020279986043,4.59981224083184,5.18086320088445,5.6068013739804,6.27813265320111,6.8925322280159,8.15935592193059,8.6526223345833,9.7078668999482,1,1,1,1,1,1,1,1,0.967741935483871,0.967741935483871,0.967741935483871,0.935483870967742,0.935483870967742,0.935483870967742,0.935483870967742,0.903225806451613,0,0,0,0,0,0,0,0,2427,0.20973,-0.339290279986043
"428",143,143,2,0.449901926324044,4.50069388716984,5.08174484722245,5.5076830203184,6.17901429953911,6.7934138743539,8.06023756826859,8.5535039809213,9.6087485462862,1,1,1,1,1,1,1,1,0.967741935483871,0.967741935483871,0.967741935483871,0.967741935483871,0.935483870967742,0.935483870967742,0.935483870967742,0.903225806451613,0,0,0,0,0,0,0,0,2428,0.183022,-0.266879926324044
"429",143,143,3,0.435245367547809,4.48603732839361,5.06708828844622,5.49302646154216,6.16435774076287,6.77875731557767,8.04558100949236,8.53884742214506,9.59409198750996,1,1,1,1,1,1,1,1,0.967741935483871,0.967741935483871,0.967741935483871,0.967741935483871,0.935483870967742,0.935483870967742,0.935483870967742,0.903225806451613,0,0,0,0,0,0,0,0,2429,0.227333,-0.207912367547809
"430",144,144,1,0.459312890183631,4.51010670889298,5.09115793544,5.51709630388911,6.18842789101058,6.80282774761486,8.06965202254817,8.5629186614336,9.61816371077803,1,1,1,1,1,1,1,1,0.967741935483871,0.967741935483871,0.967741935483871,0.967741935483871,0.935483870967742,0.935483870967742,0.935483870967742,0.903225806451613,0,0,0,0,0,0,0,0,2430,0.175298,-0.284014890183631
"431",144,144,2,0.430754330395723,4.48154814910508,5.06259937565209,5.4885377441012,6.15986933122267,6.77426918782695,8.04109346276026,8.53436010164569,9.58960515099013,1,1,1,1,1,1,1,1,0.967741935483871,0.967741935483871,0.967741935483871,0.967741935483871,0.935483870967742,0.935483870967742,0.935483870967742,0.903225806451613,0,0,0,0,0,0,0,0,2431,0.21442,-0.216334330395723
"432",144,144,3,0.452225801060132,4.50301961976949,5.0840708463165,5.51000921476561,6.18134080188708,6.79574065849136,8.06256493342467,8.5558315723101,9.61107662165454,1,1,1,1,1,1,1,1,0.967741935483871,0.967741935483871,0.967741935483871,0.967741935483871,0.935483870967742,0.935483870967742,0.935483870967742,0.903225806451613,0,0,0,0,0,0,0,0,2432,0.203652,-0.248573801060132
"433",145,145,1,0.446169666869695,4.49696498091617,5.07801642195633,5.50395494763917,6.17528678258047,6.78968686598843,8.05651160856572,8.5497784295389,9.60502386842355,1,1,1,1,1,1,1,1,0.967741935483871,0.967741935483871,0.967741935483871,0.967741935483871,0.935483870967742,0.935483870967742,0.935483870967742,0.903225806451613,0,0,0,0,0,0,0,0,2433,0.247294,-0.198875666869695
"434",145,145,2,0.47012096913895,4.52091628318543,5.10196772422558,5.52790624990843,6.19923808484973,6.81363816825768,8.08046291083498,8.57372973180815,9.62897517069281,1,1,1,1,1,1,1,1,0.967741935483871,0.967741935483871,0.967741935483871,0.967741935483871,0.935483870967742,0.935483870967742,0.935483870967742,0.903225806451613,0,0,0,0,0,0,0,0,2434,0.184275,-0.28584596913895
"435",145,145,3,0.435535315005176,4.48633062905165,5.06738207009181,5.49332059577465,6.16465243071595,6.77905251412391,8.04587725670121,8.53914407767438,9.59438951655903,0,0,0,0,1,1,1,1,0,0,0,0,1,1,1,0.96551724137931,0,0,0,0,0,0,0,0,2435,9.366871,8.93133568499483
"436",146,146,1,5.47754046409291,9.54163000115815,10.1245883831429,10.5519247878381,11.2254598531185,11.8418763237043,13.1128586327217,13.6077442960746,14.666452923572,1,1,1,1,1,1,1,1,0.903225806451613,0.903225806451613,0.903225806451613,0.903225806451613,0.903225806451613,0.870967741935484,0.870967741935484,0.870967741935484,1,1,1,1,0,0,0,0,2436,0.198376,-5.27916446409291
"437",146,146,2,0.448125234614622,4.51221477167986,5.09517315366462,5.52250955835979,6.19604462364016,6.81246109422603,8.08344340324345,8.5783290665963,9.63703769409368,1,1,1,1,1,1,1,1,0.967741935483871,0.967741935483871,0.967741935483871,0.967741935483871,0.935483870967742,0.935483870967742,0.935483870967742,0.903225806451613,1,1,1,1,0,0,0,0,2437,0.180855,-0.267270234614622
"438",146,146,3,0.438514018789594,4.50260355585483,5.08556193783959,5.51289834253476,6.18643340781514,6.802849878401,8.07383218741843,8.56871785077128,9.62742647826865,1,1,1,1,1,1,1,1,0.967741935483871,0.967741935483871,0.967741935483871,0.967741935483871,0.935483870967742,0.935483870967742,0.935483870967742,0.903225806451613,0,0,0,0,0,0,0,0,2438,0.208281,-0.230233018789594
"439",147,147,1,0.452710985466235,4.521410121356,5.10502971029692,5.53285081134801,6.20714981807625,6.82426544467536,8.09668933575052,8.59213631163137,9.65204575471125,1,1,1,1,1,1,1,1,0.967741935483871,0.967741935483871,0.967741935483871,0.967741935483871,0.935483870967742,0.935483870967742,0.935483870967742,0.903225806451613,0,0,0,0,0,0,0,0,2439,0.263954,-0.188756985466235
"440",147,147,2,0.483099428580641,4.55179856447041,5.13541815341132,5.56323925446241,6.23753826119065,6.85465388778977,8.12707777886492,8.62252475474577,9.68243419782566,1,1,1,1,1,1,1,1,0.967741935483871,0.967741935483871,0.967741935483871,0.967741935483871,0.935483870967742,0.935483870967742,0.935483870967742,0.903225806451613,0,0,0,0,0,0,0,0,2440,0.216885,-0.266214428580641
"441",147,147,3,0.457407376258115,4.52610651214788,5.1097261010888,5.53754720213989,6.21184620886813,6.82896183546724,8.1013857265424,8.59683270242325,9.65674214550313,1,1,1,1,1,1,1,1,0.967741935483871,0.967741935483871,0.967741935483871,0.967741935483871,0.935483870967742,0.935483870967742,0.935483870967742,0.903225806451613,0,0,0,0,0,0,0,0,2441,0.187072,-0.270335376258115
"442",148,148,1,0.440962553643241,4.50967428177769,5.09329567696684,5.52111810208437,6.1954191957052,6.81253673221967,8.0849645613282,8.58041307057127,9.64032579397211,1,1,1,1,1,1,1,1,0.967741935483871,0.967741935483871,0.967741935483871,0.967741935483871,0.935483870967742,0.935483870967742,0.935483870967742,0.903225806451613,0,0,0,0,0,0,0,0,2442,0.230446,-0.210516553643241
"443",148,148,2,0.464645843881692,4.53335757201614,5.11697896720529,5.54480139232282,6.21910248594365,6.83622002245812,8.10864785156665,8.60409636080972,9.66400908421056,1,1,1,1,1,1,1,1,0.967741935483871,0.967741935483871,0.967741935483871,0.967741935483871,0.935483870967742,0.935483870967742,0.935483870967742,0.903225806451613,0,0,0,0,0,0,0,0,2443,0.183248,-0.281397843881692
"444",148,148,3,0.438874553876749,4.50758628201119,5.09120767720035,5.51903010231788,6.19333119593871,6.81044873245318,8.08287656156171,8.57832507080478,9.63823779420562,1,1,1,1,1,1,1,1,0.967741935483871,0.967741935483871,0.967741935483871,0.967741935483871,0.935483870967742,0.935483870967742,0.935483870967742,0.903225806451613,0,0,0,0,0,0,0,0,2444,0.216764,-0.222110553876749
"445",149,149,1,0.456817024439906,4.5255334462075,5.1091555146576,5.53697843330764,6.21128030479679,6.82839855321309,8.10082785018414,8.59627693097262,9.65619087708026,1,1,1,1,1,1,1,1,0.967741935483871,0.967741935483871,0.967741935483871,0.967741935483871,0.935483870967742,0.935483870967742,0.935483870967742,0.903225806451613,0,0,0,0,0,0,0,0,2445,0.22693,-0.229887024439906
"446",149,149,2,0.462367404566718,4.53108382633431,5.11470589478441,5.54252881343445,6.2168306849236,6.83394893333991,8.10637823031095,8.60182731109944,9.66174125720708,1,1,1,1,1,1,1,1,0.967741935483871,0.967741935483871,0.967741935483871,0.967741935483871,0.935483870967742,0.935483870967742,0.935483870967742,0.903225806451613,0,0,0,0,0,0,0,0,2446,0.267743,-0.194624404566718
"447",149,149,3,0.484650275323707,4.5533666970913,5.1369887655414,5.56481168419144,6.23911355568059,6.8562318040969,8.12866110106794,8.62411018185642,9.68402412796407,1,1,1,1,1,1,1,1,0.967741935483871,0.967741935483871,0.967741935483871,0.967741935483871,0.935483870967742,0.935483870967742,0.935483870967742,0.903225806451613,0,0,0,0,0,0,0,0,2447,0.673266,0.188615724676293
"448",150,150,1,0.706271153618993,4.7749754194109,5.35859574419177,5.78641738464877,6.4607172415475,7.07783364621908,8.35025914159326,8.84570674214416,9.90561752158034,1,1,1,1,1,1,1,1,0.967741935483871,0.967741935483871,0.967741935483871,0.935483870967742,0.935483870967742,0.935483870967742,0.935483870967742,0.903225806451613,0,0,0,0,0,0,0,0,2448,0.230926,-0.475345153618993
"449",150,150,2,0.464789343480699,4.53349360927261,5.11711393405347,5.54493557451048,6.2192354314092,6.83635183608078,8.10877733145496,8.60422493200586,9.66413571144205,1,1,1,1,1,1,1,1,0.967741935483871,0.967741935483871,0.967741935483871,0.967741935483871,0.935483870967742,0.935483870967742,0.935483870967742,0.903225806451613,0,0,0,0,0,0,0,0,2449,0.214555,-0.250234343480699
"450",150,150,3,0.455852103543605,4.52455636933551,5.10817669411638,5.53599833457338,6.21029819147211,6.82741459614369,8.09984009151787,8.59528769206877,9.65519847150495,1,1,1,1,1,1,1,1,0.967741935483871,0.967741935483871,0.967741935483871,0.967741935483871,0.935483870967742,0.935483870967742,0.935483870967742,0.903225806451613,0,0,0,0,0,0,0,0,2450,0.182486,-0.273366103543605
"451",151,151,1,0.438124657692115,4.50684443026817,5.09046697936268,5.51829025034808,6.19259267716136,6.80971143380799,8.08214177869351,8.57759126751117,9.63750608651538,1,1,1,1,1,1,1,1,0.967741935483871,0.967741935483871,0.967741935483871,0.967741935483871,0.935483870967742,0.935483870967742,0.935483870967742,0.903225806451613,0,0,0,0,0,0,0,0,2451,0.251278,-0.186846657692115
"452",151,151,2,0.475673918154428,4.54439369073048,5.12801623982499,5.55583951081039,6.23014193762368,6.8472606942703,8.11969103915582,8.61514052797348,9.67505534697769,1,1,1,1,1,1,1,1,0.967741935483871,0.967741935483871,0.967741935483871,0.967741935483871,0.935483870967742,0.935483870967742,0.935483870967742,0.903225806451613,0,0,0,0,0,0,0,0,2452,0.181486,-0.294187918154428
"453",151,151,3,0.437578820088,4.50629859266406,5.08992114175856,5.51774441274396,6.19204683955725,6.80916559620387,8.08159594108939,8.57704542990705,9.63696024891126,1,1,1,1,1,1,1,1,0.967741935483871,0.967741935483871,0.967741935483871,0.967741935483871,0.935483870967742,0.935483870967742,0.935483870967742,0.903225806451613,0,0,0,0,0,0,0,0,2453,0.248798,-0.188780820088
"454",152,152,1,0.474365746218886,4.5430836588231,5.12670594112079,5.55452901653134,6.22883113509446,6.84594960963183,8.11837937283939,8.6138286351676,9.67374296964306,1,1,1,1,1,1,1,1,0.967741935483871,0.967741935483871,0.967741935483871,0.967741935483871,0.935483870967742,0.935483870967742,0.935483870967742,0.903225806451613,0,0,0,0,0,0,0,0,2454,0.204194,-0.270171746218886
"455",152,152,2,0.45002414627512,4.51874205887933,5.10236434117702,5.53018741658757,6.2044895351507,6.82160800968806,8.09403777289563,8.58948703522384,9.6494013696993,1,1,1,1,1,1,1,1,0.967741935483871,0.967741935483871,0.967741935483871,0.967741935483871,0.935483870967742,0.935483870967742,0.935483870967742,0.903225806451613,0,0,0,0,0,0,0,0,2455,0.184293,-0.26573114627512
"456",152,152,3,0.439163636444592,4.50788154904881,5.09150383134649,5.51932690675705,6.19362902532017,6.81074749985754,8.0831772630651,8.57862652539331,9.63854085986877,1,1,1,1,1,1,1,1,0.967741935483871,0.967741935483871,0.967741935483871,0.967741935483871,0.935483870967742,0.935483870967742,0.935483870967742,0.903225806451613,0,0,0,0,0,0,0,0,2456,0.227143,-0.212020636444592
"457",153,153,1,0.462192176181023,4.53091431966804,5.11453720884915,5.54236072913432,6.21666354887489,6.83378266512691,8.10621375147885,8.6016635290032,9.66157896563748,1,1,1,1,1,1,1,1,0.967741935483871,0.967741935483871,0.967741935483871,0.967741935483871,0.935483870967742,0.935483870967742,0.935483870967742,0.903225806451613,0,0,0,0,0,0,0,0,2457,0.248201,-0.213991176181023
"458",153,153,2,0.473687105122403,4.54240924860942,5.12603213779053,5.5538556580757,6.22815847781627,6.8452775940683,8.11770868042023,8.61315845794458,9.67307389457886,1,1,1,1,1,1,1,1,0.967741935483871,0.967741935483871,0.967741935483871,0.967741935483871,0.935483870967742,0.935483870967742,0.935483870967742,0.903225806451613,0,0,0,0,0,0,0,0,2458,0.246474,-0.227213105122403
"459",153,153,3,0.472744387756948,4.54146653124397,5.12508942042508,5.55291294071024,6.22721576045081,6.84433487670284,8.11676596305477,8.61221574057912,9.6721311772134,1,1,1,1,1,1,1,1,0.967741935483871,0.967741935483871,0.967741935483871,0.967741935483871,0.935483870967742,0.935483870967742,0.935483870967742,0.903225806451613,0,0,0,0,0,0,0,0,2459,0.512087,0.0393426122430524
"460",154,154,1,0.618053319934413,4.68676908091938,5.27039105458595,5.69821390375512,6.37251566573382,6.98963381392662,8.26206290424793,8.75751190457267,9.81742567854428,1,1,1,1,1,1,1,1,0.967741935483871,0.967741935483871,0.967741935483871,0.935483870967742,0.935483870967742,0.935483870967742,0.935483870967742,0.903225806451613,0,0,0,0,0,0,0,0,2460,0.210912,-0.407141319934413
"461",154,154,2,0.453692210222479,4.52240797120744,5.10602994487401,5.53385279404319,6.20815455602189,6.82527270421469,8.09770179453599,8.59315079486074,9.65306456883234,1,1,1,1,1,1,1,1,0.967741935483871,0.967741935483871,0.967741935483871,0.967741935483871,0.935483870967742,0.935483870967742,0.935483870967742,0.903225806451613,0,0,0,0,0,0,0,0,2461,0.186042,-0.267650210222479
"462",154,154,3,0.440119832705966,4.50883559369093,5.0924575673575,5.52028041652667,6.19458217850538,6.81170032669817,8.08412941701948,8.57957841734423,9.63949219131583,1,1,1,1,1,1,1,1,0.967741935483871,0.967741935483871,0.967741935483871,0.967741935483871,0.935483870967742,0.935483870967742,0.935483870967742,0.903225806451613,0,0,0,0,0,0,0,0,2462,0.213489,-0.226630832705966
"463",155,155,1,0.45456625582788,4.52330006362895,5.10692462595471,5.534749372735,6.2090541255837,6.82617501100819,8.09860974519728,8.5940609430894,9.65397941831567,1,1,1,1,1,1,1,1,0.967741935483871,0.967741935483871,0.967741935483871,0.967741935483871,0.935483870967742,0.935483870967742,0.935483870967742,0.903225806451613,0,0,0,0,0,0,0,0,2463,0.189037,-0.26552925582788
"464",155,155,2,0.441216519111604,4.50995032691267,5.09357488923843,5.52139963601872,6.19570438886743,6.81282527429192,8.08526000848101,8.58071120637313,9.6406296815994,1,1,1,1,1,1,1,1,0.967741935483871,0.967741935483871,0.967741935483871,0.967741935483871,0.935483870967742,0.935483870967742,0.935483870967742,0.903225806451613,0,0,0,0,0,0,0,0,2464,0.480263,0.0390464808883964
"465",155,155,3,0.600213346566794,4.66894715436786,5.25257171669362,5.68039646347392,6.35470121632262,6.97182210174711,8.2442568359362,8.73970803382831,9.79962650905459,1,1,1,1,1,1,1,1,0.967741935483871,0.967741935483871,0.967741935483871,0.935483870967742,0.935483870967742,0.935483870967742,0.935483870967742,0.903225806451613,0,0,0,0,0,0,0,0,2465,0.201816,-0.398397346566794
"466",156,156,1,0.448364887621539,4.51711095540913,5.10073727632358,5.52856331223359,6.20287009691027,6.81999284185521,8.09243141016898,8.58788410096412,9.64780576995701,1,1,1,1,1,1,1,1,0.967741935483871,0.967741935483871,0.967741935483871,0.967741935483871,0.935483870967742,0.935483870967742,0.935483870967742,0.903225806451613,0,0,0,0,0,0,0,0,2466,0.396333,-0.0520318876215389
"467",156,156,2,0.554543407071274,4.62328947485887,5.20691579577332,5.63474183168332,6.30904861636,6.92617136130495,8.19860992961871,8.69406262041386,9.75398428940675,1,1,1,1,1,1,1,1,0.967741935483871,0.967741935483871,0.967741935483871,0.935483870967742,0.935483870967742,0.935483870967742,0.935483870967742,0.903225806451613,0,0,0,0,0,0,0,0,2467,0.230133,-0.324410407071274
"468",156,156,3,0.463821928061491,4.53256799584909,5.11619431676354,5.54402035267354,6.21832713735022,6.83544988229517,8.10788845060893,8.60334114140407,9.66326281039697,1,1,1,1,1,1,1,1,0.967741935483871,0.967741935483871,0.967741935483871,0.967741935483871,0.935483870967742,0.935483870967742,0.935483870967742,0.903225806451613,0,0,0,0,0,0,0,0,2468,0.384632,-0.0791899280614909
"469",157,157,1,0.548504685192853,4.61725207443683,5.20087858490273,5.62870475976302,6.30301176344256,6.920134708818,8.19257369039719,8.68802654210656,9.74794855534316,1,1,1,1,1,1,1,1,0.967741935483871,0.967741935483871,0.967741935483871,0.935483870967742,0.935483870967742,0.935483870967742,0.935483870967742,0.903225806451613,0,0,0,0,0,0,0,0,2469,0.434871,-0.113633685192853
"470",157,157,2,0.575928256512418,4.64467564575639,5.2283021562223,5.65612833108259,6.33043533476212,6.94755828013756,8.21999726171675,8.71545011342612,9.77537212666272,1,1,1,1,1,1,1,1,0.967741935483871,0.967741935483871,0.967741935483871,0.935483870967742,0.935483870967742,0.935483870967742,0.935483870967742,0.903225806451613,0,0,0,0,0,0,0,0,2470,0.175442,-0.400486256512418
"471",157,157,3,0.434315770518205,4.50306315976218,5.08668967022808,5.51451584508838,6.18882284876791,6.80594579414335,8.07838477572254,8.57383762743191,9.63375964066851,1,1,1,1,1,1,1,1,0.967741935483871,0.967741935483871,0.967741935483871,0.967741935483871,0.935483870967742,0.935483870967742,0.935483870967742,0.903225806451613,0,0,0,0,0,0,0,0,2471,0.427864,-0.00645177051820489
"472",158,158,1,0.572118177259158,4.64086572577069,5.22449225908214,5.65231845068931,6.326625480764,6.94374845029618,8.21618748168388,8.71164035278732,9.77156240751364,1,1,1,1,1,1,1,1,0.967741935483871,0.967741935483871,0.967741935483871,0.935483870967742,0.935483870967742,0.935483870967742,0.935483870967742,0.903225806451613,0,0,0,0,0,0,0,0,2472,0.189533,-0.382585177259158
"473",158,158,2,0.442038322194319,4.51078587070585,5.0944124040173,5.52223859562448,6.19654562569917,6.81366859523134,8.08610762661904,8.58156049772248,9.6414825524488,1,1,1,1,1,1,1,1,0.967741935483871,0.967741935483871,0.967741935483871,0.967741935483871,0.935483870967742,0.935483870967742,0.935483870967742,0.903225806451613,0,0,0,0,0,0,0,0,2473,0.462812,0.0207736778056807
"474",158,158,3,0.591192619001131,4.65994016751266,5.24356670082411,5.67139289243129,6.34569992250598,6.96282289203816,8.23526192342585,8.73071479452929,9.79063684925562,1,1,1,1,1,1,1,1,0.967741935483871,0.967741935483871,0.967741935483871,0.935483870967742,0.935483870967742,0.935483870967742,0.935483870967742,0.903225806451613,0,0,0,0,0,0,0,0,2474,0.1931,-0.398092619001131
"475",159,159,1,0.4440807337735,4.51283797958939,5.09646590389502,5.52429311516752,6.19860175236097,6.8157261927215,8.08816825679393,8.58362230874165,9.64354688964751,1,1,1,1,1,1,1,1,0.967741935483871,0.967741935483871,0.967741935483871,0.967741935483871,0.935483870967742,0.935483870967742,0.935483870967742,0.903225806451613,0,0,0,0,0,0,0,0,2475,0.416486,-0.0275947337735004
"476",159,159,2,0.566031925848171,4.63478917166406,5.21841709596969,5.64624430724219,6.32055294443564,6.93767738479617,8.21011944886861,8.70557350081633,9.76549808172218,1,1,1,1,1,1,1,1,0.967741935483871,0.967741935483871,0.967741935483871,0.935483870967742,0.935483870967742,0.935483870967742,0.935483870967742,0.903225806451613,0,0,0,0,0,0,0,0,2476,0.196675,-0.369356925848171
"477",159,159,3,0.446032402685907,4.5147896485018,5.09841757280743,5.52624478407993,6.20055342127337,6.81767786163391,8.09011992570634,8.58557397765406,9.64549855855991,1,1,1,1,1,1,1,1,0.967741935483871,0.967741935483871,0.967741935483871,0.967741935483871,0.935483870967742,0.935483870967742,0.935483870967742,0.903225806451613,0,0,0,0,0,0,0,0,2477,0.535214,0.0891815973140927
"478",160,160,1,0.630830204921406,4.69960293827573,5.28323308413437,5.71106192391159,6.38537312783003,7.00249991724654,8.27494682481151,8.77040276268242,9.83033137814274,1,1,1,1,1,1,1,1,0.967741935483871,0.967741935483871,0.967741935483871,0.935483870967742,0.935483870967742,0.935483870967742,0.935483870967742,0.903225806451613,0,0,0,0,0,0,0,0,2478,0.617582,-0.0132482049214062
"479",160,160,2,0.675793987368669,4.744566720723,5.32819686658163,5.75602570635885,6.4303369102773,7.0474636996938,8.31991060725877,8.81536654512969,9.87529516059,1,1,1,1,1,1,1,1,0.967741935483871,0.967741935483871,0.967741935483871,0.935483870967742,0.935483870967742,0.935483870967742,0.935483870967742,0.903225806451613,0,0,0,0,0,0,0,0,2479,0.193056,-0.482737987368669
"480",160,160,3,0.444049927694926,4.51282266104925,5.09645280690789,5.52428164668511,6.19859285060355,6.81571964002006,8.08816654758503,8.58362248545594,9.64355110091626,1,1,1,1,1,1,1,1,0.967741935483871,0.967741935483871,0.967741935483871,0.967741935483871,0.935483870967742,0.935483870967742,0.935483870967742,0.903225806451613,0,0,0,0,0,0,0,0,2480,0.36016,-0.0838899276949259
"481",161,161,1,0.535359195748512,4.60413618133059,5.18776693713441,5.61559622403064,6.289908132664,6.90703556703264,8.17948380441729,8.67494026008353,9.73486998326309,1,1,1,1,1,1,1,1,0.967741935483871,0.967741935483871,0.967741935483871,0.935483870967742,0.935483870967742,0.935483870967742,0.935483870967742,0.903225806451613,0,0,0,0,0,0,0,0,2481,0.181133,-0.354226195748512
"482",161,161,2,0.437633398703177,4.50641038428526,5.09004114008907,5.51787042698531,6.19218233561867,6.8093097699873,8.08175800737196,8.5772144630382,9.63714418621776,1,1,1,1,1,1,1,1,0.967741935483871,0.967741935483871,0.967741935483871,0.967741935483871,0.935483870967742,0.935483870967742,0.935483870967742,0.903225806451613,0,0,0,0,0,0,0,0,2482,0.463856,0.0262226012968233
"483",161,161,3,0.591963921574299,4.66074090715638,5.24437166296019,5.67220094985643,6.34651285848979,6.96364029285843,8.23608853024308,8.73154498590932,9.79147470908888,1,1,1,1,1,1,1,1,0.967741935483871,0.967741935483871,0.967741935483871,0.935483870967742,0.935483870967742,0.935483870967742,0.935483870967742,0.903225806451613,0,0,0,0,0,0,0,0,2483,0.5166,-0.0753639215742989
"484",162,162,1,0.620914757668706,4.68968928218145,5.27331968496622,5.70114871308259,6.37546021384686,6.99258727493542,8.26503474265799,8.76049089863892,9.82041998070186,1,1,1,1,1,1,1,1,0.967741935483871,0.967741935483871,0.967741935483871,0.935483870967742,0.935483870967742,0.935483870967742,0.935483870967742,0.903225806451613,0,0,0,0,0,0,0,0,2484,0.42174,-0.199174757668706
"485",162,162,2,0.569133852701018,4.63790837721376,5.22153877999853,5.6493678081149,6.32367930887917,6.94080636996773,8.2132538376903,8.70870999367123,9.76863907573417,1,1,1,1,1,1,1,1,0.967741935483871,0.967741935483871,0.967741935483871,0.935483870967742,0.935483870967742,0.935483870967742,0.935483870967742,0.903225806451613,0,0,0,0,0,0,0,0,2485,0.193776,-0.375357852701018
"486",162,162,3,0.444695920800807,4.51347044531355,5.09710084809832,5.52492987621469,6.19924137697896,6.81636843806752,8.08881590579009,8.58427206177102,9.64420114383396,1,1,1,1,1,1,1,1,0.967741935483871,0.967741935483871,0.967741935483871,0.967741935483871,0.935483870967742,0.935483870967742,0.935483870967742,0.903225806451613,0,0,0,0,0,0,0,0,2486,0.43951,-0.00518592080080676
"487",163,163,1,0.579005244780983,4.64776342001033,5.23139147763225,5.65921878663197,6.33352757785563,6.95065215918396,8.22309451391634,8.71854867903908,9.77847350206017,1,1,1,1,1,1,1,1,0.967741935483871,0.967741935483871,0.967741935483871,0.935483870967742,0.935483870967742,0.935483870967742,0.935483870967742,0.903225806451613,0,0,0,0,0,0,0,0,2487,0.206261,-0.372744244780983
"488",163,163,2,0.451686124386359,4.5204442996157,5.10407235723762,5.53189966623735,6.206208457461,6.82333303878934,8.09577539352172,8.59122955864445,9.65115438166555,1,1,1,1,1,1,1,1,0.967741935483871,0.967741935483871,0.967741935483871,0.967741935483871,0.935483870967742,0.935483870967742,0.935483870967742,0.903225806451613,0,0,0,0,0,0,0,0,2488,0.173445,-0.278241124386359
"489",163,163,3,0.433773489155897,4.50253166438524,5.08615972200716,5.51398703100689,6.18829582223054,6.80542040355888,8.07786275829125,8.57331692341399,9.63324174643509,1,1,1,1,1,1,1,1,0.967741935483871,0.967741935483871,0.967741935483871,0.967741935483871,0.935483870967742,0.935483870967742,0.935483870967742,0.903225806451613,0,0,0,0,0,0,0,0,2489,0.385418,-0.0483554891558971
"490",164,164,1,0.54930673643216,4.61807573039488,5.20170533987023,5.62953378645283,6.30384437064787,6.92097059289612,8.19341633102313,8.68887181354697,9.74879945488353,1,1,1,1,1,1,1,1,0.967741935483871,0.967741935483871,0.967741935483871,0.935483870967742,0.935483870967742,0.935483870967742,0.935483870967742,0.903225806451613,0,0,0,0,0,0,0,0,2490,0.185095,-0.36421173643216
"491",164,164,2,0.439957056865356,4.50872605082807,5.09235566030343,5.52018410688602,6.19449469108107,6.81162091332932,8.08406665145633,8.57952213398017,9.63944977531673,1,1,1,1,1,1,1,1,0.967741935483871,0.967741935483871,0.967741935483871,0.967741935483871,0.935483870967742,0.935483870967742,0.935483870967742,0.903225806451613,0,0,0,0,0,0,0,0,2491,0.20598,-0.233977056865356
"492",164,164,3,0.451357485461936,4.52012647942465,5.10375608890001,5.5315845354826,6.20589511967765,6.8230213419259,8.09546708005291,8.59092256257675,9.6508502039133,1,1,1,1,1,1,1,1,0.967741935483871,0.967741935483871,0.967741935483871,0.967741935483871,0.935483870967742,0.935483870967742,0.935483870967742,0.903225806451613,0,0,0,0,0,0,0,0,2492,0.201361,-0.249996485461936
"493",165,165,1,0.448620800249502,4.51740970376394,5.10104216909174,5.52887270915091,6.20318659292416,6.82031583493255,8.09276779946963,8.58822570638683,9.64815853422678,1,1,1,1,1,1,1,1,0.967741935483871,0.967741935483871,0.967741935483871,0.967741935483871,0.935483870967742,0.935483870967742,0.935483870967742,0.903225806451613,0,0,0,0,0,0,0,0,2493,0.220095,-0.228525800249502
"494",165,165,2,0.458843926317829,4.52763282983227,5.11126529516007,5.53909583521924,6.21340971899248,6.83053896100087,8.10299092553795,8.59844883245516,9.65838166029511,1,1,1,1,1,1,1,1,0.967741935483871,0.967741935483871,0.967741935483871,0.967741935483871,0.935483870967742,0.935483870967742,0.935483870967742,0.903225806451613,0,0,0,0,0,0,0,0,2494,0.179519,-0.279324926317829
"495",165,165,3,0.436701641522887,4.50549054503732,5.08912301036513,5.5169535504243,6.19126743419754,6.80839667620593,8.08084864074301,8.57630654766022,9.63623937550016,1,1,1,1,1,1,1,1,0.967741935483871,0.967741935483871,0.967741935483871,0.967741935483871,0.935483870967742,0.935483870967742,0.935483870967742,0.903225806451613,0,0,0,0,0,0,0,0,2495,0.522122,0.0854203584771134
"496",166,166,1,0.623927624620694,4.69270762507487,5.27633881333592,5.70416841724403,6.37848082552732,6.99560871717348,8.26805789741362,8.76351472020193,9.82344522876554,1,1,1,1,1,1,1,1,0.967741935483871,0.967741935483871,0.967741935483871,0.935483870967742,0.935483870967742,0.935483870967742,0.935483870967742,0.903225806451613,0,0,0,0,0,0,0,0,2496,0.1899,-0.434027624620694
"497",166,166,2,0.442579909287272,4.51135990974145,5.0949910980025,5.5228207019106,6.19713311019389,6.81426100184006,8.08671018208019,8.58216700486851,9.64209751343212,1,1,1,1,1,1,1,1,0.967741935483871,0.967741935483871,0.967741935483871,0.967741935483871,0.935483870967742,0.935483870967742,0.935483870967742,0.903225806451613,0,0,0,0,0,0,0,0,2497,0.193732,-0.248847909287272
"498",166,166,3,0.444671656507979,4.51345165696215,5.09708284522321,5.52491244913131,6.1992248574146,6.81635274906077,8.0888019293009,8.58425875208921,9.64418926065282,1,1,1,1,1,1,1,1,0.967741935483871,0.967741935483871,0.967741935483871,0.967741935483871,0.935483870967742,0.935483870967742,0.935483870967742,0.903225806451613,0,0,0,0,0,0,0,0,2498,0.201405,-0.243266656507979
"499",167,167,1,0.448449543321887,4.51725588797436,5.10089085508209,5.52872322906572,6.20304000333091,6.82017189070541,8.09262930969365,8.58808934042459,9.64802671173809,1,1,1,1,1,1,1,1,0.967741935483871,0.967741935483871,0.967741935483871,0.967741935483871,0.935483870967742,0.935483870967742,0.935483870967742,0.903225806451613,0,0,0,0,0,0,0,0,2499,0.226344,-0.222105543321887
"500",167,167,2,0.462061694462721,4.5308680391152,5.11450300622292,5.54233538020656,6.21665215447174,6.83378404184625,8.10624146083449,8.60170149156542,9.66163886287892,1,1,1,1,1,1,1,1,0.967741935483871,0.967741935483871,0.967741935483871,0.967741935483871,0.935483870967742,0.935483870967742,0.935483870967742,0.903225806451613,0,0,0,0,0,0,0,0,2500,0.214249,-0.247812694462721
"501",167,167,3,0.455460027673821,4.5242663723263,5.10790133943402,5.53573371341766,6.21005048768284,6.82718237505734,8.09963979404559,8.59509982477652,9.65503719609002,1,1,1,1,1,1,1,1,0.967741935483871,0.967741935483871,0.967741935483871,0.967741935483871,0.935483870967742,0.935483870967742,0.935483870967742,0.903225806451613,0,0,0,0,0,0,0,0,2501,0.191262,-0.264198027673821
"502",168,168,1,0.442964841241475,4.51178686235115,5.09542407811064,5.52325810046368,6.19757747276307,6.8147117378476,8.08717405940986,8.5826359990687,9.64257745415061,1,1,1,1,1,1,1,1,0.967741935483871,0.967741935483871,0.967741935483871,0.967741935483871,0.935483870967742,0.935483870967742,0.935483870967742,0.903225806451613,0,0,0,0,0,0,0,0,2502,0.28776,-0.155204841241475
"503",168,168,2,0.495623905180735,4.56444592629041,5.1480831420499,5.57591716440294,6.25023653670233,6.86737080178686,8.13983312334912,8.63529506300796,9.69523651808987,1,1,1,1,1,1,1,1,0.967741935483871,0.967741935483871,0.967741935483871,0.935483870967742,0.935483870967742,0.935483870967742,0.935483870967742,0.903225806451613,0,0,0,0,0,0,0,0,2503,0.180272,-0.315351905180735
"504",168,168,3,0.436967586244559,4.50578960735423,5.08942682311373,5.51726084546677,6.19158021776615,6.80871448285068,8.08117680441294,8.57663874407178,9.63658019915369,1,1,1,1,1,1,1,1,0.967741935483871,0.967741935483871,0.967741935483871,0.967741935483871,0.935483870967742,0.935483870967742,0.935483870967742,0.903225806451613,0,0,0,0,0,0,0,0,2504,0.217525,-0.219442586244559
"505",169,169,1,0.457296636382623,4.52611300259187,5.10974940720497,5.53758283494886,6.21190127007064,6.82903467745414,8.10149523053213,8.59695648159169,9.65689646355353,1,1,1,1,1,1,1,1,0.967741935483871,0.967741935483871,0.967741935483871,0.967741935483871,0.935483870967742,0.935483870967742,0.935483870967742,0.903225806451613,0,0,0,0,0,0,0,0,2505,0.175114,-0.282182636382623
"506",169,169,2,0.434152897749813,4.50296926395906,5.08660566857216,5.51443909631605,6.18875753143783,6.80589093882133,8.07835149189932,8.57381274295888,9.63375272492072,1,1,1,1,1,1,1,1,0.967741935483871,0.967741935483871,0.967741935483871,0.967741935483871,0.935483870967742,0.935483870967742,0.935483870967742,0.903225806451613,0,0,0,0,0,0,0,0,2506,0.233586,-0.200566897749813
"507",169,169,3,0.466061145264318,4.53487751147357,5.11851391608666,5.54634734383056,6.22066577895233,6.83779918633583,8.11025973941383,8.60572099047338,9.66566097243522,1,1,1,1,1,1,1,1,0.967741935483871,0.967741935483871,0.967741935483871,0.967741935483871,0.935483870967742,0.935483870967742,0.935483870967742,0.903225806451613,0,0,0,0,0,0,0,0,2507,0.251104,-0.214957145264318
"508",170,170,1,0.475681246514104,4.54450122080846,5.12813814297006,5.55597195010178,6.23029098318574,6.84742493782172,8.11988661927356,8.61534830969095,9.67528923157078,1,1,1,1,1,1,1,1,0.967741935483871,0.967741935483871,0.967741935483871,0.967741935483871,0.935483870967742,0.935483870967742,0.935483870967742,0.903225806451613,0,0,0,0,0,0,0,0,2508,0.187441,-0.288240246514105
"509",170,170,2,0.440930292623441,4.5097502669178,5.0933871890794,5.52122099621112,6.19554002929507,6.81267398393106,8.0851356653829,8.58059735580029,9.64053827768011,1,1,1,1,1,1,1,1,0.967741935483871,0.967741935483871,0.967741935483871,0.967741935483871,0.935483870967742,0.935483870967742,0.935483870967742,0.903225806451613,0,0,0,0,0,0,0,0,2509,0.207544,-0.233386292623441
"510",170,170,3,0.45190367474593,4.52072364904029,5.10436057120188,5.53219437833361,6.20651341141756,6.82364736605354,8.09610904750538,8.59157073792278,9.6515116598026,1,1,1,1,1,1,1,1,0.967741935483871,0.967741935483871,0.967741935483871,0.967741935483871,0.935483870967742,0.935483870967742,0.935483870967742,0.903225806451613,0,0,0,0,0,0,0,0,2510,0.214329,-0.23757467474593
"511",171,171,1,0.455628618907925,4.52442528254454,5.10805886099453,5.53589021702557,6.21020538687146,6.82733580588815,8.09979019728564,8.59524904915575,9.65518389853293,1,1,1,1,1,1,1,1,0.967741935483871,0.967741935483871,0.967741935483871,0.967741935483871,0.935483870967742,0.935483870967742,0.935483870967742,0.903225806451613,0,0,0,0,0,0,0,0,2511,0.198159,-0.257469618907925
"512",171,171,2,0.446802531577438,4.51559919521405,5.09923277366405,5.52706412969508,6.20137929954097,6.81850971855766,8.09096410995515,8.58642296182526,9.64635781120244,1,1,1,1,1,1,1,1,0.967741935483871,0.967741935483871,0.967741935483871,0.967741935483871,0.935483870967742,0.935483870967742,0.935483870967742,0.903225806451613,0,0,0,0,0,0,0,0,2512,0.198099,-0.248703531577438
"513",171,171,3,0.446769781717214,4.51556644535382,5.09920002380382,5.52703137983486,6.20134654968075,6.81847696869744,8.09093136009493,8.58639021196504,9.64632506134221,1,1,1,1,1,1,1,1,0.967741935483871,0.967741935483871,0.967741935483871,0.967741935483871,0.935483870967742,0.935483870967742,0.935483870967742,0.903225806451613,0,0,0,0,0,0,0,0,2513,0.283035,-0.163734781717214
"514",172,172,1,0.492769559938054,4.56157942338283,5.14521489523078,5.57304763921317,6.24736499664218,6.86449741772577,8.13695593716289,8.63241639637845,9.69235468434886,1,1,1,1,1,1,1,1,0.967741935483871,0.967741935483871,0.967741935483871,0.967741935483871,0.935483870967742,0.935483870967742,0.935483870967742,0.903225806451613,0,0,0,0,0,0,0,0,2514,0.251635,-0.241134559938054
"515",172,172,2,0.475629429499698,4.54443929294448,5.12807476479243,5.55590750877481,6.23022486620382,6.84735728728741,8.11981580672453,8.61527626594009,9.6752145539105,1,1,1,1,1,1,1,1,0.967741935483871,0.967741935483871,0.967741935483871,0.967741935483871,0.935483870967742,0.935483870967742,0.935483870967742,0.903225806451613,0,0,0,0,0,0,0,0,2515,0.215492,-0.260137429499698
"516",172,172,3,0.455900265982707,4.52471012942748,5.10834560127544,5.53617834525782,6.21049570268683,6.82762812377042,8.10008664320754,8.5955471024231,9.65548539039351,1,1,1,1,1,1,1,1,0.967741935483871,0.967741935483871,0.967741935483871,0.967741935483871,0.935483870967742,0.935483870967742,0.935483870967742,0.903225806451613,0,0,0,0,0,0,0,0,2516,0.187513,-0.268387265982707
"517",173,173,1,0.440565190958778,4.50938382583406,5.09302055586761,5.52085422216028,6.19517303326445,6.81230678474546,8.08476804731432,8.58022957463016,9.64017014758693,1,1,1,1,1,1,1,1,0.967741935483871,0.967741935483871,0.967741935483871,0.967741935483871,0.935483870967742,0.935483870967742,0.935483870967742,0.903225806451613,0,0,0,0,0,0,0,0,2517,0.209495,-0.231070190958778
"518",173,173,2,0.452563844587816,4.5213824794631,5.10501920949665,5.53285287578931,6.20717168689348,6.8243054383745,8.09676670094336,8.5922282282592,9.65216880121597,1,1,1,1,1,1,1,1,0.967741935483871,0.967741935483871,0.967741935483871,0.967741935483871,0.935483870967742,0.935483870967742,0.935483870967742,0.903225806451613,0,0,0,0,0,0,0,0,2518,0.275816,-0.176747844587816
"519",173,173,3,0.488764495453589,4.55758313032887,5.14121986036242,5.56905352665509,6.24337233775926,6.86050608924027,8.13296735180913,8.62842887912498,9.68836945208174,1,1,1,1,1,1,1,1,0.967741935483871,0.967741935483871,0.967741935483871,0.967741935483871,0.935483870967742,0.935483870967742,0.935483870967742,0.903225806451613,0,0,0,0,0,0,0,0,2519,0.521433,0.032668504546411
"520",174,174,1,0.622840018195065,4.6916534368869,5.27528941870419,5.70312253651852,6.37744048315295,6.99457344347487,8.26703307476154,8.76249396690082,9.82243318102473,1,1,1,1,1,1,1,1,0.967741935483871,0.967741935483871,0.967741935483871,0.935483870967742,0.935483870967742,0.935483870967742,0.935483870967742,0.903225806451613,0,0,0,0,0,0,0,0,2520,0.401776,-0.221064018195064
"521",174,174,2,0.557524733113753,4.62633815180559,5.20997413362288,5.63780725143721,6.31212519807163,6.92925815839356,8.20171778968022,8.69717868181951,9.75711789594342,1,1,1,1,1,1,1,1,0.967741935483871,0.967741935483871,0.967741935483871,0.935483870967742,0.935483870967742,0.935483870967742,0.935483870967742,0.903225806451613,0,0,0,0,0,0,0,0,2521,0.206905,-0.350619733113753
"522",174,174,3,0.45115356453122,4.51996698322306,5.10360296504035,5.53143608285468,6.2057540294891,6.82288698981102,8.09534662109769,8.59080751323698,9.65074672736088,1,1,1,1,1,1,1,1,0.967741935483871,0.967741935483871,0.967741935483871,0.967741935483871,0.935483870967742,0.935483870967742,0.935483870967742,0.903225806451613,0,0,0,0,0,0,0,0,2522,0.19196,-0.25919356453122
"523",175,175,1,0.442990138194886,4.51180768944356,5.09544426404028,5.5232778163903,6.19759644790677,6.81473003502987,8.08719095871095,8.58265235407319,9.64259264474168,1,1,1,1,1,1,1,1,0.967741935483871,0.967741935483871,0.967741935483871,0.967741935483871,0.935483870967742,0.935483870967742,0.935483870967742,0.903225806451613,0,0,0,0,0,0,0,0,2523,0.241262,-0.201728138194886
"524",175,175,2,0.469900429614464,4.53871798086314,5.12235455545986,5.55018810780988,6.22450673932635,6.84164032644945,8.11410125013053,8.60956264549277,9.66950293616126,1,1,1,1,1,1,1,1,0.967741935483871,0.967741935483871,0.967741935483871,0.967741935483871,0.935483870967742,0.935483870967742,0.935483870967742,0.903225806451613,0,0,0,0,0,0,0,0,2524,0.21068,-0.259220429614464
"525",175,175,3,0.453207992549162,4.52202554379784,5.10566211839455,5.53349567074458,6.20781430226105,6.82494788938414,8.09740881306523,8.59287020842747,9.65281049909596,1,1,1,1,1,1,1,1,0.967741935483871,0.967741935483871,0.967741935483871,0.967741935483871,0.935483870967742,0.935483870967742,0.935483870967742,0.903225806451613,0,0,0,0,0,0,0,0,2525,0.185369,-0.267838992549162
"526",176,176,1,0.439243060106217,4.50807260080426,5.09171089518346,5.51954570821639,6.19386632672514,6.81100173233526,8.08346640553463,8.57892926085649,9.63887267481578,1,1,1,1,1,1,1,1,0.967741935483871,0.967741935483871,0.967741935483871,0.967741935483871,0.935483870967742,0.935483870967742,0.935483870967742,0.903225806451613,0,0,0,0,0,0,0,0,2526,0.239559,-0.199684060106217
"527",176,176,2,0.468831881156414,4.53766142185446,5.12129971623366,5.54913452926658,6.22345514777534,6.84059055338545,8.11305522658482,8.60851808190668,9.66846149586598,1,1,1,1,1,1,1,1,0.967741935483871,0.967741935483871,0.967741935483871,0.967741935483871,0.935483870967742,0.935483870967742,0.935483870967742,0.903225806451613,0,0,0,0,0,0,0,0,2527,0.1899,-0.278931881156414
"528",176,176,3,0.441717076496297,4.51054661719434,5.09418491157354,5.52201972460647,6.19634034311522,6.81347574872534,8.08594042192471,8.58140327724657,9.64134669120586,1,1,1,1,1,1,1,1,0.967741935483871,0.967741935483871,0.967741935483871,0.967741935483871,0.935483870967742,0.935483870967742,0.935483870967742,0.903225806451613,0,0,0,0,0,0,0,0,2528,0.19486,-0.246857076496297
"529",177,177,1,0.444243095605488,4.51307709260648,5.09671602620367,5.52455130781399,6.19887266485871,6.81600874637385,8.08847481321432,8.58393821118181,9.64388278602262,1,1,1,1,1,1,1,1,0.967741935483871,0.967741935483871,0.967741935483871,0.967741935483871,0.935483870967742,0.935483870967742,0.935483870967742,0.903225806451613,0,0,0,0,0,0,0,0,2529,0.195157,-0.249086095605488
"530",177,177,2,0.444405238391069,4.51323923539206,5.09687816898925,5.52471345059957,6.19903480764429,6.81617088915943,8.08863695599991,8.58410035396739,9.6440449288082,1,1,1,1,1,1,1,1,0.967741935483871,0.967741935483871,0.967741935483871,0.967741935483871,0.935483870967742,0.935483870967742,0.935483870967742,0.903225806451613,0,0,0,0,0,0,0,0,2530,1.4843,1.03989476160893
"531",177,177,3,1.14819391526891,5.2170279122699,5.80066684586709,6.22850212747741,6.90282348452213,7.51995956603727,8.79242563287774,9.28788903084523,10.347833605686,1,1,1,1,1,1,1,1,0.967741935483871,0.967741935483871,0.967741935483871,0.935483870967742,0.935483870967742,0.935483870967742,0.935483870967742,0.903225806451613,0,0,0,0,0,0,0,0,2531,0.539653,-0.608540915268908
"532",178,178,1,0.633038850956705,4.70210895973405,5.28578176151694,5.7136418701289,6.38800235760105,7.00517425111948,8.27771415833378,8.77320630771829,9.8332123904497,1,1,1,1,1,1,1,1,0.967741935483871,0.967741935483871,0.967741935483871,0.935483870967742,0.935483870967742,0.935483870967742,0.935483870967742,0.903225806451613,0,0,0,0,0,0,0,0,2532,0.177268,-0.455770850956705
"533",178,178,2,0.435242985349897,4.50431309412724,5.08798589591013,5.5158460045221,6.19020649199425,6.80737838551267,8.07991829272697,8.57541044211148,9.63541652484289,1,1,1,1,1,1,1,1,0.967741935483871,0.967741935483871,0.967741935483871,0.967741935483871,0.935483870967742,0.935483870967742,0.935483870967742,0.903225806451613,0,0,0,0,0,0,0,0,2533,0.234879,-0.200363985349897
"534",178,178,3,0.466688044095358,4.53575815287271,5.11943095465559,5.54729106326756,6.22165155073971,6.83882344425813,8.11136335147243,8.60685550085694,9.66686158358835,1,1,1,1,1,1,1,1,0.967741935483871,0.967741935483871,0.967741935483871,0.967741935483871,0.935483870967742,0.935483870967742,0.935483870967742,0.903225806451613,0,0,0,0,0,0,0,0,2534,0.176857,-0.289831044095358
"535",179,179,1,0.435015517864284,4.5040868463549,5.08775982309507,5.51562005995911,6.18998074957239,6.80715282808953,8.07969311675064,8.57518541466007,9.63519181513079,1,1,1,1,1,1,1,1,0.967741935483871,0.967741935483871,0.967741935483871,0.967741935483871,0.935483870967742,0.935483870967742,0.935483870967742,0.903225806451613,0,0,0,0,0,0,0,0,2535,0.204687,-0.230328517864284
"536",179,179,2,0.450205128306471,4.51927645679709,5.10294943353726,5.53080967040129,6.20517036001457,6.82234243853171,8.09488272719283,8.59037502510226,9.65038142557298,1,1,1,1,1,1,1,1,0.967741935483871,0.967741935483871,0.967741935483871,0.967741935483871,0.935483870967742,0.935483870967742,0.935483870967742,0.903225806451613,0,0,0,0,0,0,0,0,2536,0.185498,-0.264707128306471
"537",179,179,3,0.439731774559611,4.50880310305023,5.0924760797904,5.52033631665443,6.19469700626771,6.81186908478485,8.08440937344597,8.5799016713554,9.63990807182611,1,1,1,1,1,1,1,1,0.967741935483871,0.967741935483871,0.967741935483871,0.967741935483871,0.935483870967742,0.935483870967742,0.935483870967742,0.903225806451613,0,0,0,0,0,0,0,0,2537,0.209752,-0.229979774559611
"538",180,180,1,0.452398110511225,4.52143731378731,5.10510568244419,5.53296254136254,6.20731790691535,6.82448511287465,8.09701535486258,8.59250374087294,9.65250177262011,1,1,1,1,1,1,1,1,0.967741935483871,0.967741935483871,0.967741935483871,0.967741935483871,0.935483870967742,0.935483870967742,0.935483870967742,0.903225806451613,0,0,0,0,0,0,0,0,2538,0.205176,-0.247222110511225
"539",180,180,2,0.44990000487367,4.51893920814975,5.10260757680663,5.53046443572499,6.2048198012778,6.82198700723709,8.09451724922502,8.59000563523538,9.65000366698255,1,1,1,1,1,1,1,1,0.967741935483871,0.967741935483871,0.967741935483871,0.967741935483871,0.935483870967742,0.935483870967742,0.935483870967742,0.903225806451613,0,0,0,0,0,0,0,0,2539,0.225972,-0.22392800487367
"540",180,180,3,0.461252846840148,4.53029205011623,5.11396041877311,5.54181727769147,6.21617264324427,6.83333984920357,8.1058700911915,8.60135847720186,9.66135650894903,1,1,1,1,1,1,1,1,0.967741935483871,0.967741935483871,0.967741935483871,0.967741935483871,0.935483870967742,0.935483870967742,0.935483870967742,0.903225806451613,0,0,0,0,0,0,0,0,2540,0.213024,-0.248228846840148
"541",181,181,1,0.454162206189008,4.52318141623336,5.10684691703463,5.53470167367751,6.20905372578396,6.82621789929104,8.09874188869925,8.5942278401265,9.65422066357136,1,1,1,1,1,1,1,1,0.967741935483871,0.967741935483871,0.967741935483871,0.967741935483871,0.935483870967742,0.935483870967742,0.935483870967742,0.903225806451613,0,0,0,0,0,0,0,0,2541,0.166366,-0.287796206189008
"542",181,181,2,0.428691622140903,4.49771083218526,5.08137633298652,5.5092310896294,6.18358314173586,6.80074731524293,8.07327130465115,8.56875725607839,9.62875007952326,1,1,1,1,1,1,1,1,0.967741935483871,0.967741935483871,0.967741935483871,0.967741935483871,0.935483870967742,0.935483870967742,0.935483870967742,0.903225806451613,0,0,0,0,0,0,0,0,2542,0.199143,-0.229548622140903
"543",181,181,3,0.446584573689292,4.51560378373365,5.09926928453491,5.52712404117779,6.20147609328425,6.81864026679132,8.09116425619954,8.58665020762678,9.64664303107165,1,1,1,1,1,1,1,1,0.967741935483871,0.967741935483871,0.967741935483871,0.967741935483871,0.935483870967742,0.935483870967742,0.935483870967742,0.903225806451613,0,0,0,0,0,0,0,0,2543,0.24411,-0.202474573689292
"544",182,182,1,0.471181421181181,4.54020298256833,5.12386882064931,5.55172382453438,6.22607626632512,6.84324079646962,8.11576552122459,8.61125175897571,9.67124519495306,1,1,1,1,1,1,1,1,0.967741935483871,0.967741935483871,0.967741935483871,0.967741935483871,0.935483870967742,0.935483870967742,0.935483870967742,0.903225806451613,0,0,0,0,0,0,0,0,2544,0.210077,-0.261104421181181
"545",182,182,2,0.45260068461113,4.52162224599828,5.10528808407926,5.53314308796433,6.20749552975507,6.82466005989957,8.09718478465454,8.59267102240566,9.65266445838301,1,1,1,1,1,1,1,1,0.967741935483871,0.967741935483871,0.967741935483871,0.967741935483871,0.935483870967742,0.935483870967742,0.935483870967742,0.903225806451613,0,0,0,0,0,0,0,0,2545,0.174933,-0.27766768461113
"546",182,182,3,0.433413383873086,4.50243494526023,5.08610078334122,5.51395578722628,6.18830822901702,6.80547275916152,8.0779974839165,8.57348372166762,9.63347715764497,1,1,1,1,1,1,1,1,0.967741935483871,0.967741935483871,0.967741935483871,0.967741935483871,0.935483870967742,0.935483870967742,0.935483870967742,0.903225806451613,0,0,0,0,0,0,0,0,2546,0.20144,-0.231973383873086
"547",183,183,1,0.447935731296577,4.51695357266926,5.10061887714644,5.52847348987437,6.20282531515306,6.81998928106831,8.09251284244523,8.58799862720883,9.64799109411024,1,1,1,1,1,1,1,1,0.967741935483871,0.967741935483871,0.967741935483871,0.967741935483871,0.935483870967742,0.935483870967742,0.935483870967742,0.903225806451613,0,0,0,0,0,0,0,0,2547,0.171842,-0.276093731296577
"548",183,183,2,0.431776103216184,4.50079394458886,5.08445924906605,5.51231386179398,6.18666568707267,6.80382965298792,8.07635321436484,8.57183899912844,9.63183146602985,1,1,1,1,1,1,1,1,0.967741935483871,0.967741935483871,0.967741935483871,0.967741935483871,0.935483870967742,0.935483870967742,0.935483870967742,0.903225806451613,0,0,0,0,0,0,0,0,2548,0.202302,-0.229474103216184
"549",183,183,3,0.448406357670159,4.51742419904284,5.10108950352003,5.52894411624796,6.20329594152664,6.82045990744189,8.09298346881882,8.58846925358242,9.64846172048382,1,1,1,1,1,1,1,1,0.967741935483871,0.967741935483871,0.967741935483871,0.967741935483871,0.935483870967742,0.935483870967742,0.935483870967742,0.903225806451613,0,0,0,0,0,0,0,0,2549,0.204881,-0.243525357670159
"550",184,184,1,0.449409721546622,4.51843849013062,5.10210536202146,5.52996112373864,6.2043147599666,6.82148038325504,8.09400736195142,8.58949447732552,9.64948979080125,1,1,1,1,1,1,1,1,0.967741935483871,0.967741935483871,0.967741935483871,0.967741935483871,0.935483870967742,0.935483870967742,0.935483870967742,0.903225806451613,0,0,0,0,0,0,0,0,2550,0.199499,-0.249910721546622
"551",184,184,2,0.446471110496321,4.51549987908032,5.09916675097115,5.52702251268834,6.2013761489163,6.81854177220473,8.09106875090112,8.58655586627522,9.64655117975095,1,1,1,1,1,1,1,1,0.967741935483871,0.967741935483871,0.967741935483871,0.967741935483871,0.935483870967742,0.935483870967742,0.935483870967742,0.903225806451613,0,0,0,0,0,0,0,0,2551,0.18905,-0.257421110496321
"552",184,184,3,0.440765880681271,4.50979464926527,5.0934615211561,5.52131728287329,6.19567091910125,6.81283654238969,8.08536352108607,8.58085063646017,9.6408459499359,1,1,1,1,1,1,1,1,0.967741935483871,0.967741935483871,0.967741935483871,0.967741935483871,0.935483870967742,0.935483870967742,0.935483870967742,0.903225806451613,0,0,0,0,0,0,0,0,2552,0.17231,-0.268455880681271
"553",185,185,1,0.431869153805248,4.50091521480299,5.08458456714055,5.51244214714393,6.18679864921599,6.80396689531295,8.07649928194923,8.57198850302685,9.63198832123297,1,1,1,1,1,1,1,1,0.967741935483871,0.967741935483871,0.967741935483871,0.967741935483871,0.935483870967742,0.935483870967742,0.935483870967742,0.903225806451613,0,0,0,0,0,0,0,0,2553,0.188884,-0.242985153805248
"554",185,185,2,0.44091699836559,4.50996305936334,5.09363241170089,5.52148999170427,6.19584649377633,6.81301473987329,8.08554712650957,8.58103634758719,9.64103616579331,1,1,1,1,1,1,1,1,0.967741935483871,0.967741935483871,0.967741935483871,0.967741935483871,0.935483870967742,0.935483870967742,0.935483870967742,0.903225806451613,0,0,0,0,0,0,0,0,2554,0.188158,-0.25275899836559
"555",185,185,3,0.440520670674579,4.50956673167233,5.09323608400988,5.52109366401326,6.19545016608532,6.81261841218228,8.08515079881856,8.58064001989618,9.6406398381023,1,1,1,1,1,1,1,1,0.967741935483871,0.967741935483871,0.967741935483871,0.967741935483871,0.935483870967742,0.935483870967742,0.935483870967742,0.903225806451613,0,0,0,0,0,0,0,0,2555,0.387613,-0.0529076706745793
"556",186,186,1,0.549139081005664,4.61816866005038,5.20183564819478,5.62969149513139,6.30404526567571,6.92121101188992,8.19373824404559,8.68922545810979,9.74922098271319,1,1,1,1,1,1,1,1,0.967741935483871,0.967741935483871,0.967741935483871,0.935483870967742,0.935483870967742,0.935483870967742,0.935483870967742,0.903225806451613,0,0,0,0,0,0,0,0,2556,0.199974,-0.349165081005664
"557",186,186,2,0.446682641277907,4.51571222032263,5.09937920846702,5.52723505540363,6.20158882594795,6.81875457216216,8.09128180431784,8.58676901838203,9.64676454298543,1,1,1,1,1,1,1,1,0.967741935483871,0.967741935483871,0.967741935483871,0.967741935483871,0.935483870967742,0.935483870967742,0.935483870967742,0.903225806451613,0,0,0,0,0,0,0,0,2557,0.244415,-0.202267641277907
"558",186,186,3,0.470948740745189,4.53997831978991,5.12364530793431,5.55150115487091,6.22585492541523,6.84302067162944,8.11554790378512,8.61103511784932,9.67103064245271,1,1,1,1,1,1,1,1,0.967741935483871,0.967741935483871,0.967741935483871,0.967741935483871,0.935483870967742,0.935483870967742,0.935483870967742,0.903225806451613,0,0,0,0,0,0,0,0,2558,0.182441,-0.288507740745189
"559",187,187,1,0.436764650522763,4.50549074833936,5.08911420473474,5.51693814081512,6.19124161590041,6.80836133192119,8.08079365492967,8.57624391397417,9.63616038072425,1,1,1,1,1,1,1,1,0.967741935483871,0.967741935483871,0.967741935483871,0.967741935483871,0.935483870967742,0.935483870967742,0.935483870967742,0.903225806451613,0,0,0,0,0,0,0,0,2559,0.181743,-0.255021650522762
"560",187,187,2,0.436383476987837,4.50510957480443,5.08873303119981,5.51655696728019,6.19086044236549,6.80798015838626,8.08041248139474,8.57586274043924,9.63577920718932,1,1,1,1,1,1,1,1,0.967741935483871,0.967741935483871,0.967741935483871,0.967741935483871,0.935483870967742,0.935483870967742,0.935483870967742,0.903225806451613,0,0,0,0,0,0,0,0,2560,0.184467,-0.251916476987837
"561",187,187,3,0.437871036743049,4.50659713455964,5.09022059095503,5.5180445270354,6.1923480021207,6.80946771814147,8.08190004114996,8.57735030019446,9.63726676694453,1,1,1,1,1,1,1,1,0.967741935483871,0.967741935483871,0.967741935483871,0.967741935483871,0.935483870967742,0.935483870967742,0.935483870967742,0.903225806451613,0,0,0,0,0,0,0,0,2561,0.191478,-0.246393036743049
"562",188,188,1,0.441881377622116,4.5106093791793,5.09423310864975,5.52205724490723,6.19636103549641,6.81348104026502,8.08591395863948,8.58136444950316,9.6412814121839,1,1,1,1,1,1,1,1,0.967741935483871,0.967741935483871,0.967741935483871,0.967741935483871,0.935483870967742,0.935483870967742,0.935483870967742,0.903225806451613,0,0,0,0,0,0,0,0,2562,0.210713,-0.231168377622116
"563",188,188,2,0.452382152957993,4.52111015451518,5.10473388398563,5.53255802024311,6.20686181083229,6.8239818156009,8.09641473397535,8.59186522483904,9.65178218751977,1,1,1,1,1,1,1,1,0.967741935483871,0.967741935483871,0.967741935483871,0.967741935483871,0.935483870967742,0.935483870967742,0.935483870967742,0.903225806451613,0,0,0,0,0,0,0,0,2563,0.179323,-0.273059152957993
"564",188,188,3,0.435245717408569,4.50397371896576,5.08759744843621,5.51542158469369,6.18972537528287,6.80684538005148,8.07927829842593,8.57472878928962,9.63464575197035,1,1,1,1,1,1,1,1,0.967741935483871,0.967741935483871,0.967741935483871,0.967741935483871,0.935483870967742,0.935483870967742,0.935483870967742,0.903225806451613,0,0,0,0,0,0,0,0,2564,0.191167,-0.244078717408569
"565",189,189,1,0.439029563406918,4.50294702173268,5.08588072051531,5.51319903124153,6.18670557818737,6.80309594891291,8.07402444291676,8.56888915217882,9.62755295260129,1,1,1,1,1,1,1,1,0.967741935483871,0.967741935483871,0.967741935483871,0.967741935483871,0.935483870967742,0.935483870967742,0.935483870967742,0.903225806451613,0,0,0,0,0,0,0,0,2565,0.178016,-0.261013563406918
"566",189,189,2,0.431834898517251,4.49575235684302,5.07868605562564,5.50600436635187,6.1795109132977,6.79590128402324,8.06682977802709,8.56169448728915,9.62035828771162,1,1,1,1,1,1,1,1,0.967741935483871,0.967741935483871,0.967741935483871,0.967741935483871,0.935483870967742,0.935483870967742,0.935483870967742,0.903225806451613,0,0,0,0,0,0,0,0,2566,0.199132,-0.232702898517251
"567",189,189,3,0.443387065182159,4.50730452350793,5.09023822229055,5.51755653301677,6.19106307996261,6.80745345068815,8.078381944692,8.57324665395406,9.63191045437653,1,1,1,1,1,1,1,1,0.967741935483871,0.967741935483871,0.967741935483871,0.967741935483871,0.935483870967742,0.935483870967742,0.935483870967742,0.903225806451613,0,0,0,0,0,0,0,0,2567,0.563912,0.120524934817841
"568",190,190,1,0.643929349364147,4.70785359086268,5.29078826263258,5.71810728660506,6.39161495771528,7.00800635727136,8.27893697260952,8.773802507861,9.83246807532217,1,1,1,1,1,1,1,1,0.967741935483871,0.967741935483871,0.967741935483871,0.935483870967742,0.935483870967742,0.935483870967742,0.935483870967742,0.903225806451613,0,0,0,0,0,0,0,0,2568,0.249688,-0.394241349364147
"569",190,190,2,0.472069702228912,4.53599394372744,5.11892861549734,5.54624763946983,6.21975531058005,6.83614671013612,8.10707732547428,8.60194286072576,9.66060842818694,1,1,1,1,1,1,1,1,0.967741935483871,0.967741935483871,0.967741935483871,0.967741935483871,0.935483870967742,0.935483870967742,0.935483870967742,0.903225806451613,0,0,0,0,0,0,0,0,2569,0.181844,-0.290225702228912
"570",190,190,3,0.434963542609523,4.49888778410805,5.08182245587795,5.50914147985044,6.18264915096066,6.79904055051674,8.06997116585489,8.56483670110637,9.62350226856755,1,1,1,1,1,1,1,1,0.967741935483871,0.967741935483871,0.967741935483871,0.967741935483871,0.935483870967742,0.935483870967742,0.935483870967742,0.903225806451613,0,0,0,0,0,0,0,0,2570,0.22038,-0.214583542609523
"571",191,191,1,0.455534230981654,4.51946668188373,5.10240253122135,5.52972241840734,6.2032314500489,6.81962409475755,8.09055727746205,8.58542381237559,9.64409151841326,1,1,1,1,1,1,1,1,0.967741935483871,0.967741935483871,0.967741935483871,0.967741935483871,0.935483870967742,0.935483870967742,0.935483870967742,0.903225806451613,0,0,0,0,0,0,0,0,2571,0.193355,-0.262179230981654
"572",191,191,2,0.440754459314687,4.50468691021677,5.08762275955438,5.51494264674038,6.18845167838193,6.80484432309058,8.07577750579508,8.57064404070862,9.6293117467463,1,1,1,1,1,1,1,1,0.967741935483871,0.967741935483871,0.967741935483871,0.967741935483871,0.935483870967742,0.935483870967742,0.935483870967742,0.903225806451613,0,0,0,0,0,0,0,0,2572,0.355112,-0.0856424593146868
"573",191,191,3,0.529218160537023,4.5931506114391,5.17608646077672,5.60340634796271,6.27691537960427,6.89330802431292,8.16424120701742,8.65910774193096,9.71777544796863,1,1,1,1,1,1,1,1,0.967741935483871,0.967741935483871,0.967741935483871,0.935483870967742,0.935483870967742,0.935483870967742,0.935483870967742,0.903225806451613,0,0,0,0,0,0,0,0,2573,2.207523,1.67830483946298
"574",192,192,1,1.54299585035738,5.60278101441747,6.18512197144157,6.61200577407969,7.28482748249955,7.90059109187462,9.17022727357594,9.66458879186,10.7221761160999,1,1,1,1,1,1,1,1,0.967741935483871,0.967741935483871,0.935483870967742,0.935483870967742,0.935483870967742,0.935483870967742,0.903225806451613,0.903225806451613,0,0,0,0,0,0,0,0,2574,2.844121,1.30112514964262
"575",192,192,2,1.89153550353299,5.95132066759308,6.53366162461718,6.9605454272553,7.63336713567516,8.24913074505024,9.51876692675155,10.0131284450356,11.0707157692755,1,1,1,1,1,1,1,1,1,0.966666666666667,0.966666666666667,0.966666666666667,0.966666666666667,0.933333333333333,0.933333333333333,0.933333333333333,0,0,0,0,0,0,0,0,2575,3.135081,1.24354549646701
"576",192,192,3,2.05083713107184,6.11062229513193,6.69296325215603,7.11984705479415,7.79266876321401,8.40843237258908,9.6780685542904,10.1724300725745,11.2300173968144,1,1,1,1,1,1,1,1,1,0.966666666666667,0.966666666666667,0.966666666666667,0.966666666666667,0.933333333333333,0.933333333333333,0.933333333333333,0,0,0,0,0,0,0,0,2576,3.783263,1.73242586892816
"577",193,193,1,2.40985235217923,6.47044897280106,7.05290632622833,7.47987545300277,8.15283164282204,8.76871832901058,10.0386082814335,10.5330686110787,11.5908673224091,1,1,1,1,1,1,1,1,0.966666666666667,0.966666666666667,0.966666666666667,0.966666666666667,0.966666666666667,0.933333333333333,0.933333333333333,0.933333333333333,0,0,0,0,0,0,0,0,2577,4.387127,1.97727464782077
"578",193,193,2,2.74082223912859,6.80141885975041,7.38387621317769,7.81084533995212,8.4838015297714,9.09968821595993,10.3695781683829,10.864038498028,11.9218372093584,1,1,1,1,1,1,1,1,0.966666666666667,0.966666666666667,0.966666666666667,0.966666666666667,0.966666666666667,0.933333333333333,0.933333333333333,0.933333333333333,0,0,0,0,0,0,0,0,2578,3.584345,0.843522760871414
"579",193,193,3,2.3008280222437,6.36142464286553,6.9438819962928,7.37085112306724,8.04380731288651,8.65969399907504,9.92958395149797,10.4240442811431,11.4818429924735,1,1,1,1,1,1,1,1,0.966666666666667,0.966666666666667,0.966666666666667,0.966666666666667,0.966666666666667,0.933333333333333,0.933333333333333,0.933333333333333,0,0,0,0,0,0,0,0,2579,4.646845,2.3460169777563
"580",194,194,1,2.89007788021902,6.95230376147343,7.53499481820215,7.96213526068573,8.63536146526637,9.25149526783352,10.5218947467868,11.0165534720927,12.074776611151,1,1,1,1,1,1,1,1,0.966666666666667,0.966666666666667,0.966666666666667,0.966666666666667,0.966666666666667,0.933333333333333,0.933333333333333,0.933333333333333,0,0,0,0,0,0,0,0,2580,5.158548,2.26847011978099
"581",194,194,2,3.1710674814841,7.23329336273851,7.81598441946723,8.24312486195081,8.91635106653145,9.5324848690986,10.8028843480519,11.2975430733578,12.3557662124161,1,1,1,1,1,1,1,1,0.966666666666667,0.966666666666667,0.966666666666667,0.966666666666667,0.933333333333333,0.933333333333333,0.933333333333333,0.933333333333333,0,0,0,0,0,0,0,0,2581,3.58648,0.415412518515903
"582",194,194,3,2.30780351687651,6.37002939813093,6.95272045485965,7.37986089734322,8.05308710192387,8.66922090449102,9.93962038344428,10.4342791087502,11.4925022478085,1,1,1,1,1,1,1,1,0.935483870967742,0.935483870967742,0.935483870967742,0.935483870967742,0.935483870967742,0.903225806451613,0.903225806451613,0.903225806451613,0,0,0,0,0,0,0,0,2582,2.963705,0.655901483123487
"583",195,195,1,1.96939731964488,6.03256019022632,6.6153856499442,7.04262461625374,7.7160061065784,8.33228202600806,9.60297453414966,10.0977473569872,11.1562145848323,1,1,1,1,1,1,1,1,0.967741935483871,0.935483870967742,0.935483870967742,0.935483870967742,0.935483870967742,0.903225806451613,0.903225806451613,0.903225806451613,0,0,0,0,0,0,0,0,2583,2.970251,1.00085368035512
"584",195,195,2,1.972996583927,6.03615945450844,6.61898491422632,7.04622388053586,7.71960537086052,8.33588129029018,9.60657379843178,10.1013466212693,11.1598138491144,1,1,1,1,1,1,1,1,1,0.966666666666667,0.966666666666667,0.966666666666667,0.966666666666667,0.933333333333333,0.933333333333333,0.933333333333333,0,0,0,0,0,0,0,0,2584,5.467296,3.494299416073
"585",195,195,3,3.34597624774394,7.40913911832537,7.99196457804326,8.4192035443528,9.09258503467746,9.70886095410712,10.9795534622487,11.4743262850863,12.5327935129313,1,1,1,1,1,1,1,1,0.935483870967742,0.935483870967742,0.935483870967742,0.935483870967742,0.903225806451613,0.903225806451613,0.903225806451613,0.870967741935484,0,0,0,0,0,0,0,0,2585,2.349084,-0.996892247743937
"586",196,196,1,1.63378802790917,5.69928785089235,6.28244852615568,6.70993322150937,7.38370201122154,8.0003323854284,9.27175573995824,9.76681313434104,10.8258891459364,1,1,1,1,1,1,1,1,0.967741935483871,0.935483870967742,0.935483870967742,0.935483870967742,0.935483870967742,0.935483870967742,0.903225806451613,0.903225806451613,0,0,0,0,0,0,0,0,2586,2.072201,0.43841297209083
"587",196,196,2,1.48147281857683,5.54697264156001,6.13013331682334,6.55761801217703,7.2313868018892,7.84801717609607,9.1194405306259,9.6144979250087,10.673573936604,1,1,1,1,1,1,1,1,1,1,0.966666666666667,0.966666666666667,0.966666666666667,0.966666666666667,0.933333333333333,0.933333333333333,0,0,0,0,0,0,0,0,2587,4.390374,2.90890118142317
"588",196,196,3,2.75671545089291,6.82221527387609,7.40537594913942,7.83286064449311,8.50662943420528,9.12325980841214,10.394683162942,10.8897405573248,11.9488165689201,1,1,1,1,1,1,1,1,0.935483870967742,0.935483870967742,0.935483870967742,0.935483870967742,0.935483870967742,0.903225806451613,0.903225806451613,0.903225806451613,0,0,0,0,0,0,0,0,2588,2.368291,-0.388424450892909
"589",197,197,1,1.64617031152059,5.71309657116866,6.29646185639507,6.72409654064796,7.39810173142941,8.01494845890469,9.28681790984788,9.78204900194297,10.8414966049587,1,1,1,1,1,1,1,1,0.967741935483871,0.935483870967742,0.935483870967742,0.935483870967742,0.935483870967742,0.935483870967742,0.903225806451613,0.903225806451613,0,0,0,0,0,0,0,0,2589,0.214041,-1.43212931152059
"590",197,197,2,0.460738028443607,4.52766428809168,5.11102957331809,5.53866425757098,6.21266944835243,6.82951617582771,8.1013856267709,8.59661671886599,9.65606432188171,1,1,1,1,1,1,1,1,0.967741935483871,0.967741935483871,0.967741935483871,0.967741935483871,0.935483870967742,0.935483870967742,0.935483870967742,0.903225806451613,0,0,0,0,0,0,0,0,2590,2.342759,1.88202097155639
"591",197,197,3,1.63212066219877,5.69904692184684,6.28241220707326,6.71004689132615,7.38405208210759,8.00089880958288,9.27276826052606,9.76799935262115,10.8274469556369,1,1,1,1,1,1,1,1,0.967741935483871,0.935483870967742,0.935483870967742,0.935483870967742,0.935483870967742,0.935483870967742,0.903225806451613,0.903225806451613,0,0,0,0,0,0,0,0,2591,2.929742,1.29762133780123
"592",198,198,1,1.956071866112,6.02417966534954,6.60771443217843,7.03547335456032,7.70967436001003,8.32670029624953,9.59893925576331,10.0943142243646,11.154069622311,1,1,1,1,1,1,1,1,0.967741935483871,0.935483870967742,0.935483870967742,0.935483870967742,0.935483870967742,0.903225806451613,0.903225806451613,0.903225806451613,0,0,0,0,0,0,0,0,2592,2.850835,0.894763133887999
"593",198,198,2,1.91267123307746,5.980779032315,6.56431379914389,6.99207272152578,7.6662737269755,8.28329966321499,9.55553862272877,10.0509135913301,11.1106689892764,1,1,1,1,1,1,1,1,1,0.966666666666667,0.966666666666667,0.966666666666667,0.966666666666667,0.933333333333333,0.933333333333333,0.933333333333333,0,0,0,0,0,0,0,0,2593,4.732201,2.81952976692254
"594",198,198,3,2.94746504566264,7.01557284490018,7.59910761172907,8.02686653411096,8.70106753956067,9.31809347580017,10.590332435314,11.0857074039153,12.1454628018616,1,1,1,1,1,1,1,1,0.966666666666667,0.966666666666667,0.966666666666667,0.966666666666667,0.966666666666667,0.933333333333333,0.933333333333333,0.933333333333333,0,0,0,0,0,0,0,0,2594,3.384018,0.43655295433736
"595",199,199,1,2.20971680973644,6.27927143492977,6.86301373638861,7.29092479159054,7.96536557719414,8.58261095922613,9.85530239159447,10.3508535407194,11.4109858415632,1,1,1,1,1,1,1,1,0.935483870967742,0.935483870967742,0.935483870967742,0.935483870967742,0.935483870967742,0.903225806451613,0.903225806451613,0.903225806451613,0,0,0,0,0,0,0,0,2595,2.089772,-0.119944809736437
"596",199,199,2,1.49708698378563,5.56664160897895,6.1503839104378,6.57829496563973,7.25273575124333,7.86998113327532,9.14267256564366,9.63822371476864,10.6983560156124,1,1,1,1,1,1,1,1,0.967741935483871,0.967741935483871,0.935483870967742,0.935483870967742,0.935483870967742,0.935483870967742,0.903225806451613,0.903225806451613,0,0,0,0,0,0,0,0,2596,2.657658,1.16057101621437
"597",199,199,3,1.80977290388111,5.87932752907444,6.46306983053329,6.89098088573522,7.56542167133882,8.18266705337081,9.45535848573915,9.95090963486412,11.0110419357079,1,1,1,1,1,1,1,1,1,0.966666666666667,0.966666666666667,0.966666666666667,0.966666666666667,0.933333333333333,0.933333333333333,0.933333333333333,0,0,0,0,0,0,0,0,2597,5.11141,3.30163709611889
"598",200,200,1,3.16534054467088,7.23691483901887,7.82094684449427,8.2490702666107,8.92384576875622,9.54139748196539,10.8147205352029,11.3105176201765,12.3711760514461,1,1,1,1,1,1,1,1,0.966666666666667,0.966666666666667,0.966666666666667,0.966666666666667,0.933333333333333,0.933333333333333,0.933333333333333,0.933333333333333,0,0,0,0,0,0,0,0,2598,4.537292,1.37195145532912
"599",200,200,2,2.84896706283034,6.92054135717832,7.50457336265373,7.93269678477015,8.60747228691568,9.22502400012485,10.4983470533623,10.994144138336,12.0548025696055,1,1,1,1,1,1,1,1,1,1,1,1,1,0.96551724137931,0.96551724137931,0.96551724137931,0,0,0,0,0,0,0,0,2599,7.143199,4.29423193716966
"600",200,200,3,4.28497825032602,8.356552544674,8.94058455014941,9.36870797226583,10.0434834744114,10.6610351876205,11.934358240858,12.4301553258316,13.4908137571012,1,1,1,1,1,1,1,1,0.935483870967742,0.935483870967742,0.935483870967742,0.903225806451613,0.903225806451613,0.903225806451613,0.903225806451613,0.870967741935484,0,0,0,0,0,0,0,0,2600,2.862483,-1.42249525032602
"601",201,201,1,1.92968086697317,6.00492774005139,6.58948654508049,7.01799613649172,7.69338028924208,8.3114890369354,9.58596063342028,10.0822049296437,11.1438200796941,1,1,1,1,1,1,1,1,1,0.966666666666667,0.966666666666667,0.966666666666667,0.966666666666667,0.933333333333333,0.933333333333333,0.933333333333333,0,0,0,0,0,0,0,0,2601,4.902137,2.97245613302683
"602",201,201,2,3.05505646438362,7.13030333746185,7.71486214249095,8.14337173390218,8.81875588665253,9.43686463434586,10.7113362308307,11.2075805270542,12.2691956771045,1,1,1,1,1,1,1,1,0.966666666666667,0.966666666666667,0.966666666666667,0.966666666666667,0.933333333333333,0.933333333333333,0.933333333333333,0.933333333333333,0,0,0,0,0,0,0,0,2602,3.910261,0.855204535616375
"603",201,201,3,2.507790582005,6.58303745508322,7.16759626011232,7.59610585152355,8.27149000427391,8.88959875196723,10.1640703484521,10.6603146446755,11.7219297947259,1,1,1,1,1,1,1,1,0.935483870967742,0.935483870967742,0.935483870967742,0.935483870967742,0.935483870967742,0.903225806451613,0.903225806451613,0.903225806451613,0,0,0,0,0,0,0,0,2603,2.625805,0.118014417995
"604",202,202,1,1.80277366445313,5.87956028295916,6.46433995111027,6.89301144576434,7.5686507780642,8.1869930650124,9.46194619350617,9.95837798509123,11.0203942438656,1,1,1,1,1,1,1,1,0.967741935483871,0.935483870967742,0.935483870967742,0.935483870967742,0.935483870967742,0.903225806451613,0.903225806451613,0.903225806451613,0,0,0,0,0,0,0,0,2604,3.005987,1.20321333554687
"605",202,202,2,2.01275561704969,6.08954223555571,6.67432190370682,7.10299339836089,7.77863273066076,8.39697501760895,9.67192814610273,10.1683599376878,11.2303761964622,1,1,1,1,1,1,1,1,1,0.966666666666667,0.966666666666667,0.966666666666667,0.966666666666667,0.933333333333333,0.933333333333333,0.933333333333333,0,0,0,0,0,0,0,0,2605,4.76855,2.75579438295031
"606",202,202,3,2.98625362672515,7.06304024523118,7.64781991338228,8.07649140803635,8.75213074033622,9.37047302728442,10.6454261557782,11.1418579473632,12.2038742061376,1,1,1,1,1,1,1,1,0.935483870967742,0.935483870967742,0.935483870967742,0.935483870967742,0.935483870967742,0.903225806451613,0.903225806451613,0.903225806451613,0,0,0,0,0,0,0,0,2606,1.395414,-1.59083962672515
"607",203,203,1,1.12476643680955,5.20344123415105,5.78849174517331,6.21736178061926,6.89331403778055,7.51194271225121,8.78748634001284,9.2841480558225,10.3466561913642,1,1,1,1,1,1,1,1,0.967741935483871,0.967741935483871,0.967741935483871,0.935483870967742,0.935483870967742,0.935483870967742,0.935483870967742,0.903225806451613,0,0,0,0,0,0,0,0,2607,1.324643,0.199876563190449
"608",203,203,2,1.0856709719757,5.1643457693172,5.74939628033945,6.1782663157854,6.85421857294669,7.47284724741736,8.74839087517899,9.24505259098864,10.3075607265303,1,1,1,1,1,1,1,1,0.967741935483871,0.967741935483871,0.967741935483871,0.935483870967742,0.935483870967742,0.935483870967742,0.935483870967742,0.903225806451613,0,0,0,0,0,0,0,0,2608,1.42502,0.339349028024305
"609",203,203,3,1.14112144566729,5.21979624300879,5.80484675403105,6.233716789477,6.90966904663829,7.52829772110895,8.80384134887058,9.30050306468024,10.3630112002219,1,1,1,1,1,1,1,1,0.967741935483871,0.967741935483871,0.967741935483871,0.935483870967742,0.935483870967742,0.935483870967742,0.935483870967742,0.903225806451613,0,0,0,0,0,0,0,0,2609,1.406598,0.265476554332708
"610",204,204,1,1.13166168154259,5.21034341612567,5.79539492223503,6.22426568712748,6.90021909398673,7.51884882065615,8.79439461793478,9.29105717849487,10.3535671212107,1,1,1,1,1,1,1,1,0.967741935483871,0.967741935483871,0.967741935483871,0.935483870967742,0.935483870967742,0.935483870967742,0.935483870967742,0.903225806451613,0,0,0,0,0,0,0,0,2610,0.2142,-0.917461681542595
"611",204,204,2,0.47288131144079,4.55156304602386,5.13661455213323,5.56548531702568,6.24143872388493,6.86006845055435,8.13561424783297,8.63227680839307,9.69478675110886,1,1,1,1,1,1,1,1,0.967741935483871,0.967741935483871,0.967741935483871,0.967741935483871,0.935483870967742,0.935483870967742,0.935483870967742,0.903225806451613,0,0,0,0,0,0,0,0,2611,0.213435,-0.25944631144079
"612",204,204,3,0.472458661467268,4.55114039605034,5.13619190215971,5.56506266705216,6.24101607391141,6.85964580058083,8.13519159785945,8.63185415841954,9.69436410113534,1,1,1,1,1,1,1,1,0.967741935483871,0.967741935483871,0.967741935483871,0.967741935483871,0.935483870967742,0.935483870967742,0.935483870967742,0.903225806451613,0,0,0,0,0,0,0,0,2612,0.210876,-0.261582661467268
"613",205,205,1,0.470171272551059,4.54897698373796,5.13404627321547,5.56293007416819,6.2389040274719,6.85755255816123,8.13313712724071,8.62981478447701,9.69235702350392,1,1,1,1,1,1,1,1,0.967741935483871,0.967741935483871,0.967741935483871,0.967741935483871,0.935483870967742,0.935483870967742,0.935483870967742,0.903225806451613,0,0,0,0,0,0,0,0,2613,0.42532,-0.0448512725510593
"614",205,205,2,0.588645831160125,4.66745154234703,5.25252083182453,5.68140463277725,6.35737858608096,6.97602711677029,8.25161168584978,8.74828934308607,9.81083158211298,1,1,1,1,1,1,1,1,0.967741935483871,0.967741935483871,0.967741935483871,0.935483870967742,0.935483870967742,0.935483870967742,0.935483870967742,0.903225806451613,0,0,0,0,0,0,0,0,2614,0.277769,-0.310876831160125
"615",205,205,3,0.507127860979909,4.58593357216681,5.17100286164431,5.59988666259703,6.27586061590075,6.89450914659008,8.17009371566956,8.66677137290586,9.72931361193277,1,1,1,1,1,1,1,1,0.967741935483871,0.967741935483871,0.967741935483871,0.935483870967742,0.935483870967742,0.935483870967742,0.935483870967742,0.903225806451613,0,0,0,0,0,0,0,0,2615,0.502906,-0.00422186097990895
"616",206,206,1,0.631510488107227,4.71030635032487,5.29537422705318,5.72425699239311,6.40022931344288,7.01887635030024,8.2944578392641,8.79113429718782,9.853673970526,1,1,1,1,1,1,1,1,0.967741935483871,0.967741935483871,0.967741935483871,0.935483870967742,0.935483870967742,0.935483870967742,0.935483870967742,0.903225806451613,0,0,0,0,0,0,0,0,2616,0.203681,-0.427829488107227
"617",206,206,2,0.466225335475665,4.54502119769331,5.13008907442162,5.55897183976155,6.23494416081132,6.85359119766868,8.12917268663254,8.62584914455626,9.68838881789444,1,1,1,1,1,1,1,1,0.967741935483871,0.967741935483871,0.967741935483871,0.967741935483871,0.935483870967742,0.935483870967742,0.935483870967742,0.903225806451613,0,0,0,0,0,0,0,0,2617,0.532318,0.0660926645243348
"618",206,206,3,0.647757014664832,4.72655287688247,5.31162075361079,5.74050351895071,6.41647584000049,7.03512287685785,8.3107043658217,8.80738082374543,9.8699204970836,1,1,1,1,1,1,1,1,1,1,1,0.966666666666667,0.966666666666667,0.966666666666667,0.966666666666667,0.933333333333333,0,0,0,0,0,0,0,0,2618,4.813799,4.16604198533517
"619",207,207,1,3.01549644367011,7.09714232048088,7.6826190070744,8.1118014496184,8.78824609903288,9.40732540883122,10.6837981965953,11.1808217018342,12.2441038133029,1,1,1,1,1,1,1,1,0.966666666666667,0.966666666666667,0.966666666666667,0.966666666666667,0.933333333333333,0.933333333333333,0.933333333333333,0.933333333333333,0,0,0,0,0,0,0,0,2619,3.14184,0.12634355632989
"620",207,207,2,2.09188536946787,6.17353124627864,6.75900793287217,7.18819037541616,7.86463502483064,8.48371433462898,9.76018712239304,10.2572106276319,11.3204927391007,1,1,1,1,1,1,1,1,1,0.966666666666667,0.966666666666667,0.966666666666667,0.966666666666667,0.933333333333333,0.933333333333333,0.933333333333333,0,0,0,0,0,0,0,0,2620,3.541939,1.45005363053213
"621",207,207,3,2.31290506383672,6.39455094064749,6.98002762724101,7.40921006978501,8.08565471919948,8.70473402899783,9.98120681676189,10.4782303220008,11.5415124334695,1,1,1,1,1,1,1,1,0.966666666666667,0.966666666666667,0.966666666666667,0.966666666666667,0.966666666666667,0.933333333333333,0.933333333333333,0.933333333333333,0,0,0,0,0,0,0,0,2621,5.240689,2.92778393616328
"622",208,208,1,3.25667069491789,7.34006194306821,7.92578898803666,8.35515495525606,9.03188886227384,9.65123289941916,10.9282515255746,11.4254875653173,12.4892243517331,1,1,1,1,1,1,1,1,0.966666666666667,0.966666666666667,0.966666666666667,0.966666666666667,0.933333333333333,0.933333333333333,0.933333333333333,0.933333333333333,0,0,0,0,0,0,0,0,2622,3.820456,0.563785305082112
"623",208,208,2,2.47122932118891,6.55462056933923,7.14034761430768,7.56971358152708,8.24644748854486,8.86579152569018,10.1428101518456,10.6400461915883,11.7037829780041,1,1,1,1,1,1,1,1,0.966666666666667,0.966666666666667,0.966666666666667,0.966666666666667,0.966666666666667,0.933333333333333,0.933333333333333,0.933333333333333,0,0,0,0,0,0,0,0,2623,3.617802,1.14657267881109
"624",208,208,3,2.35915416440008,6.4425454125504,7.02827245751885,7.45763842473825,8.13437233175604,8.75371636890135,10.0307349950568,10.5279710347995,11.5917078212153,1,1,1,1,1,1,1,1,1,1,1,1,1,0.96551724137931,0.96551724137931,0.96551724137931,0,0,0,0,0,0,0,0,2624,7.127075,4.76792083559992
"625",209,209,1,4.31019993159068,8.39759108478844,8.98389188143075,9.41367843609698,10.0910752409871,10.7110259594886,11.9892954952283,12.4870186048657,13.5517973796393,1,1,1,1,1,1,1,1,0.966666666666667,0.966666666666667,0.933333333333333,0.933333333333333,0.933333333333333,0.933333333333333,0.933333333333333,0.9,0,0,0,0,0,0,0,0,2625,5.534957,1.22475706840932
"626",209,209,2,3.42808494597316,7.51547609917093,8.10177689581323,8.53156345047947,9.20896025536962,9.82891097387112,11.1071805096108,11.6049036192481,12.6696823940218,1,1,1,1,1,1,1,1,0.966666666666667,0.966666666666667,0.966666666666667,0.966666666666667,0.933333333333333,0.933333333333333,0.933333333333333,0.9,0,0,0,0,0,0,0,0,2626,4.979599,1.55151405402683
"627",209,209,3,3.12038814574694,7.20777929894471,7.79408009558701,8.22386665025324,8.9012634551434,9.5212141736449,10.7994837093845,11.2972068190219,12.3619855937956,1,1,1,1,1,1,1,1,0.966666666666667,0.966666666666667,0.966666666666667,0.966666666666667,0.933333333333333,0.933333333333333,0.933333333333333,0.933333333333333,0,0,0,0,0,0,0,0,2627,5.225249,2.10486085425306
"628",210,210,1,3.26420645328138,7.35293700381688,7.93942992538599,8.36935731682207,9.04697609789289,9.66712996806517,10.9458183799899,11.443704588529,12.5088322806934,1,1,1,1,1,1,1,1,0.935483870967742,0.935483870967742,0.935483870967742,0.935483870967742,0.903225806451613,0.903225806451613,0.903225806451613,0.870967741935484,0,0,0,0,0,0,0,0,2628,2.483505,-0.78070145328138
"629",210,210,2,1.74175597213042,5.83048652266593,6.41697944423503,6.84690683567111,7.52452561674193,8.14467948691421,9.4233678988389,9.921254107378,10.9863817995425,1,1,1,1,1,1,1,1,0.967741935483871,0.935483870967742,0.935483870967742,0.935483870967742,0.935483870967742,0.903225806451613,0.903225806451613,0.903225806451613,0,0,0,0,0,0,0,0,2629,2.756184,1.01442802786958
"630",210,210,3,1.89317064642159,5.98190119695709,6.5683941185262,6.99832150996228,7.6759402910331,8.29609416120538,9.57478257313007,10.0726687816692,11.1377964738336,1,1,1,1,1,1,1,1,0.967741935483871,0.935483870967742,0.935483870967742,0.935483870967742,0.935483870967742,0.903225806451613,0.903225806451613,0.903225806451613,0,0,0,0,0,0,0,0,2630,0.273866,-1.61930464642159
"631",211,211,1,0.514933091674962,4.60431642331099,5.19090298066511,5.62089901161466,6.29862597705424,6.91887885710767,8.1977714164122,8.6957371143437,9.76103485812161,1,1,1,1,1,1,1,1,0.967741935483871,0.967741935483871,0.967741935483871,0.935483870967742,0.935483870967742,0.935483870967742,0.935483870967742,0.903225806451613,0,0,0,0,0,0,0,0,2631,0.405897,-0.109036091674962
"632",211,211,2,0.588234337405178,4.67761766904121,5.26420422639532,5.69420025734488,6.37192722278446,6.99218010283789,8.27107266214242,8.76903836007392,9.83433610385183,1,1,1,1,1,1,1,1,0.967741935483871,0.967741935483871,0.967741935483871,0.935483870967742,0.935483870967742,0.935483870967742,0.935483870967742,0.903225806451613,0,0,0,0,0,0,0,0,2632,0.231885,-0.356349337405178
"633",211,211,3,0.491625992607317,4.58100932424334,5.16759588159746,5.59759191254702,6.27531887798659,6.89557175804003,8.17446431734456,8.67243001527605,9.73772775905397,1,1,1,1,1,1,1,1,0.967741935483871,0.967741935483871,0.967741935483871,0.935483870967742,0.935483870967742,0.935483870967742,0.935483870967742,0.903225806451613,0,0,0,0,0,0,0,0,2633,0.458242,-0.0333839926073166
"634",212,212,1,0.61696965782801,4.70634852136297,5.29293443780675,5.72292999893835,6.40065622388668,7.02090842624562,8.29979958821936,8.79776474206857,9.86306132189152,1,1,1,1,1,1,1,1,0.967741935483871,0.967741935483871,0.967741935483871,0.935483870967742,0.935483870967742,0.935483870967742,0.935483870967742,0.903225806451613,0,0,0,0,0,0,0,0,2634,0.250848,-0.36612165782801
"635",212,212,2,0.501846374417569,4.59122523795253,5.17781115439631,5.60780671552791,6.28553294047623,6.90578514283518,8.18467630480892,8.68264145865813,9.74793803848108,1,1,1,1,1,1,1,1,0.967741935483871,0.967741935483871,0.967741935483871,0.935483870967742,0.935483870967742,0.935483870967742,0.935483870967742,0.903225806451613,0,0,0,0,0,0,0,0,2635,0.223059,-0.278787374417569
"636",212,212,3,0.486420851390419,4.57579971492538,5.16238563136916,5.59238119250076,6.27010741744908,6.89035961980803,8.16925078178177,8.66721593563097,9.73251251545393,1,1,1,1,1,1,1,1,0.967741935483871,0.967741935483871,0.967741935483871,0.935483870967742,0.935483870967742,0.935483870967742,0.935483870967742,0.903225806451613,0,0,0,0,0,0,0,0,2636,0.216893,-0.269527851390419
"637",213,213,1,0.48299897407907,4.57237237435292,5.1589575071393,5.5889524938125,6.26667781334329,6.88692918706789,8.16581864048966,8.66378312907557,9.72907828570112,1,1,1,1,1,1,1,1,0.967741935483871,0.967741935483871,0.967741935483871,0.935483870967742,0.935483870967742,0.935483870967742,0.935483870967742,0.903225806451613,0,0,0,0,0,0,0,0,2637,2.731307,2.24830802592093
"638",213,213,2,1.87874819867887,5.96812159895271,6.55470673173909,6.9847017184123,7.66242703794309,8.28267841166769,9.56156786508946,10.0595323536754,11.1248275103009,1,1,1,1,1,1,1,1,0.967741935483871,0.935483870967742,0.935483870967742,0.935483870967742,0.935483870967742,0.903225806451613,0.903225806451613,0.903225806451613,0,0,0,0,0,0,0,0,2638,0.554638,-1.32411019867887
"639",213,213,3,0.670480956705026,4.75985435697887,5.34643948976525,5.77643447643845,6.45415979596924,7.07441116969385,8.35330062311562,8.85126511170152,9.91656026832708,1,1,1,1,1,1,1,1,1,1,1,0.966666666666667,0.966666666666667,0.966666666666667,0.966666666666667,0.933333333333333,0,0,0,0,0,0,0,0,2639,3.678548,3.00806704329497
"640",214,214,1,2.40593295056104,6.49790531423435,7.08486324577046,7.51513151177595,8.19328755335825,8.81393312210028,10.0936353618724,10.5919163271782,11.6578885222766,1,1,1,1,1,1,1,1,0.935483870967742,0.935483870967742,0.935483870967742,0.935483870967742,0.935483870967742,0.903225806451613,0.903225806451613,0.903225806451613,0,0,0,0,0,0,0,0,2640,2.372844,-0.0330889505610452
"641",214,214,2,1.68151413426357,5.77348649793688,6.36044442947298,6.79071269547848,7.46886873706078,8.08951430580281,9.36921654557497,9.86749751088075,10.9334697059791,1,1,1,1,1,1,1,1,1,0.966666666666667,0.966666666666667,0.966666666666667,0.966666666666667,0.966666666666667,0.933333333333333,0.933333333333333,0,0,0,0,0,0,0,0,2641,5.05767,3.37615586573643
"642",214,214,3,3.17108487379158,7.26305723746489,7.85001516900099,8.28028343500649,8.95843947658879,9.57908504533082,10.858787285103,11.3570682504088,12.4230404455071,1,1,1,1,1,1,1,1,0.935483870967742,0.935483870967742,0.935483870967742,0.935483870967742,0.903225806451613,0.903225806451613,0.903225806451613,0.903225806451613,0,0,0,0,0,0,0,0,2642,2.55441,-0.616674873791581
"643",215,215,1,1.78455793595255,5.87841046075216,6.46563808508859,6.896104048829,7.57457168651059,8.19550242669755,9.47579265832074,9.97430257153176,11.0407645547579,1,1,1,1,1,1,1,1,1,0.966666666666667,0.966666666666667,0.966666666666667,0.966666666666667,0.933333333333333,0.933333333333333,0.933333333333333,0,0,0,0,0,0,0,0,2643,3.760416,1.97585806404745
"644",215,215,2,2.4538806836663,6.5477332084659,7.13496083280234,7.56542679654275,8.24389443422434,8.8648251744113,10.1451154060345,10.6436253192455,11.7100873024716,1,1,1,1,1,1,1,1,0.935483870967742,0.935483870967742,0.935483870967742,0.935483870967742,0.935483870967742,0.903225806451613,0.903225806451613,0.903225806451613,0,0,0,0,0,0,0,0,2644,1.886855,-0.567025683666298
"645",215,215,3,1.41407076851719,5.5079232933168,6.09515091765323,6.52561688139364,7.20408451907523,7.82501525926219,9.10530549088538,9.60381540409639,10.6702773873225,1,1,1,1,1,1,1,1,1,1,0.966666666666667,0.966666666666667,0.966666666666667,0.966666666666667,0.933333333333333,0.933333333333333,0,0,0,0,0,0,0,0,2645,3.765854,2.35178323148281
"646",216,216,1,2.45969403029141,6.55513155408038,7.14258653276959,7.57321915813577,8.25194947516733,8.87312061839511,10.1539065343916,10.6526094535069,11.719484334158,1,1,1,1,1,1,1,1,0.935483870967742,0.935483870967742,0.935483870967742,0.935483870967742,0.935483870967742,0.903225806451613,0.903225806451613,0.903225806451613,0,0,0,0,0,0,0,0,2646,2.288524,-0.171170030291415
"647",216,216,2,1.63947932376715,5.73491684755612,6.32237182624533,6.75300445161151,7.43173476864306,8.05290591187085,9.33369182786736,9.83239474698267,10.8992696276338,1,1,1,1,1,1,1,1,0.967741935483871,0.935483870967742,0.935483870967742,0.935483870967742,0.935483870967742,0.935483870967742,0.903225806451613,0.903225806451613,0,0,0,0,0,0,0,0,2647,0.206506,-1.43297332376715
"648",216,216,3,0.483541393278886,4.57897891706785,5.16643389575706,5.59706652112324,6.2757968381548,6.89696798138258,8.17775389737909,8.6764568164944,9.7433316971455,1,1,1,1,1,1,1,1,0.967741935483871,0.967741935483871,0.967741935483871,0.935483870967742,0.935483870967742,0.935483870967742,0.935483870967742,0.903225806451613,0,0,0,0,0,0,0,0,2648,0.236833,-0.246708393278886
"649",217,217,1,0.500043714163525,4.59580736477611,5.18330912352852,5.61397604092075,6.29276040642969,6.91398101459759,8.19486892180751,8.69361155350494,9.76057139126111,1,1,1,1,1,1,1,1,0.967741935483871,0.967741935483871,0.967741935483871,0.935483870967742,0.935483870967742,0.935483870967742,0.935483870967742,0.903225806451613,0,0,0,0,0,0,0,0,2649,0.212128,-0.287915714163525
"650",217,217,2,0.48633143469371,4.58209508530629,5.1695968440587,5.60026376145094,6.27904812695987,6.90026873512778,8.18115664233769,8.67989927403512,9.74685911179129,1,1,1,1,1,1,1,1,0.967741935483871,0.967741935483871,0.967741935483871,0.935483870967742,0.935483870967742,0.935483870967742,0.935483870967742,0.903225806451613,0,0,0,0,0,0,0,0,2650,0.343197,-0.14313443469371
"651",217,217,3,0.559080058770989,4.65484370938357,5.24234546813598,5.67301238552822,6.35179675103715,6.97301735920506,8.25390526641497,8.7526478981124,9.81960773586857,1,1,1,1,1,1,1,1,0.967741935483871,0.967741935483871,0.967741935483871,0.935483870967742,0.935483870967742,0.935483870967742,0.935483870967742,0.903225806451613,0,0,0,0,0,0,0,0,2651,0.621475,0.062394941229011
"652",218,218,1,0.713734460425025,4.80947120549235,5.39696910487774,5.82763319316917,6.50641309966509,7.12762962696294,8.40850911987201,8.9072484752714,9.97420130404496,1,1,1,1,1,1,1,1,0.967741935483871,0.967741935483871,0.967741935483871,0.935483870967742,0.935483870967742,0.935483870967742,0.935483870967742,0.903225806451613,0,0,0,0,0,0,0,0,2652,0.190982,-0.522752460425025
"653",218,218,2,0.474845796609104,4.57058254167643,5.15808044106182,5.58874452935325,6.26752443584916,6.88874096314702,8.16962045605609,8.66835981145548,9.73531264022904,1,1,1,1,1,1,1,1,0.967741935483871,0.967741935483871,0.967741935483871,0.935483870967742,0.935483870967742,0.935483870967742,0.935483870967742,0.903225806451613,0,0,0,0,0,0,0,0,2653,0.197047,-0.277798796609104
"654",218,218,3,0.478211379199398,4.57394812426672,5.16144602365211,5.59211011194355,6.27089001843946,6.89210654573732,8.17298603864639,8.67172539404577,9.73867822281933,1,1,1,1,1,1,1,1,1,1,1,0.966666666666667,0.966666666666667,0.966666666666667,0.966666666666667,0.933333333333333,0,0,0,0,0,0,0,0,2654,4.441366,3.9631546208006
"655",219,219,1,2.83485093945827,6.93319196854579,7.52106342987778,7.95200135696135,8.63121286728675,9.25282439660154,10.5345183398044,11.0335748198175,12.101206073103,1,1,1,1,1,1,1,1,0.935483870967742,0.935483870967742,0.935483870967742,0.935483870967742,0.935483870967742,0.903225806451613,0.903225806451613,0.903225806451613,0,0,0,0,0,0,0,0,2655,1.552733,-1.28211793945827
"656",219,219,2,1.23241214058933,5.33075316967685,5.91862463100884,6.34956255809242,7.02877406841781,7.6503855977326,8.93207954093543,9.43113602094861,10.4987672742341,1,1,1,1,1,1,1,1,0.967741935483871,0.967741935483871,0.935483870967742,0.935483870967742,0.935483870967742,0.935483870967742,0.903225806451613,0.903225806451613,0,0,0,0,0,0,0,0,2656,1.465064,0.232651859410667
"657",219,219,3,1.18377868419039,5.28211971327791,5.8699911746099,6.30092910169348,6.98014061201887,7.60175214133366,8.88344608453649,9.38250256454967,10.4501338178352,1,1,1,1,1,1,1,1,0.967741935483871,0.967741935483871,0.935483870967742,0.935483870967742,0.935483870967742,0.935483870967742,0.903225806451613,0.903225806451613,0,0,0,0,0,0,0,0,2657,0.521786,-0.661992684190393
"658",220,220,1,0.659771138000254,4.75843032618441,5.34634742467831,5.77731880598656,6.45658304431068,7.07824283006905,8.36003627269963,8.85913149506191,9.92684562983351,1,1,1,1,1,1,1,1,0.967741935483871,0.967741935483871,0.967741935483871,0.935483870967742,0.935483870967742,0.935483870967742,0.935483870967742,0.903225806451613,0,0,0,0,0,0,0,0,2658,0.666464,0.00669286199974573
"659",220,220,2,0.740009649973508,4.83866883815767,5.42658593665156,5.85755731795982,6.53682155628393,7.1584813420423,8.44027478467289,8.93937000703516,10.0070841418068,1,1,1,1,1,1,1,1,0.967741935483871,0.967741935483871,0.967741935483871,0.935483870967742,0.935483870967742,0.935483870967742,0.935483870967742,0.903225806451613,0,0,0,0,0,0,0,0,2659,0.800578,0.0605683500264919
"660",220,220,3,0.8143893607435,4.91304854892766,5.50096564742156,5.93193702872981,6.61120126705393,7.23286105281229,8.51465449544288,9.01374971780515,10.0814638525768,1,1,1,1,1,1,1,1,0.967741935483871,0.967741935483871,0.967741935483871,0.935483870967742,0.935483870967742,0.935483870967742,0.935483870967742,0.903225806451613,0,0,0,0,0,0,0,0,2660,0.616916,-0.1974733607435
"661",221,221,1,0.71281486718761,4.8114413006952,5.39935370081494,5.83032163798999,6.5095804479339,7.13123526566143,8.41301846476414,8.91210969857752,9.97981530064866,1,1,1,1,1,1,1,1,0.967741935483871,0.967741935483871,0.967741935483871,0.935483870967742,0.935483870967742,0.935483870967742,0.935483870967742,0.903225806451613,0,0,0,0,0,0,0,0,2661,0.435902,-0.27691286718761
"662",221,221,2,0.612415166844579,4.71104160035217,5.29895400047191,5.72992193764696,6.40918074759086,7.0308355653184,8.31261876442111,8.81170999823449,9.87941560030563,1,1,1,1,1,1,1,1,0.967741935483871,0.967741935483871,0.967741935483871,0.935483870967742,0.935483870967742,0.935483870967742,0.935483870967742,0.903225806451613,0,0,0,0,0,0,0,0,2662,0.346637,-0.265778166844579
"663",221,221,3,0.562904193930214,4.66153062743781,5.24944302755755,5.68041096473259,6.3596697746765,6.98132459240404,8.26310779150674,8.76219902532012,9.82990462739127,1,1,1,1,1,1,1,1,0.967741935483871,0.967741935483871,0.967741935483871,0.935483870967742,0.935483870967742,0.935483870967742,0.935483870967742,0.903225806451613,0,0,0,0,0,0,0,0,2663,0.565773,0.00286880606978557
"664",222,222,1,0.684966147430374,4.78359129320708,5.371503508613,5.80247131038398,6.4817299069143,7.10338452932662,8.38516732571104,8.88425840271696,9.95196366933,1,1,1,1,1,1,1,1,0.967741935483871,0.967741935483871,0.967741935483871,0.935483870967742,0.935483870967742,0.935483870967742,0.935483870967742,0.903225806451613,0,0,0,0,0,0,0,0,2664,0.225849,-0.459117147430374
"665",222,222,2,0.496455941437185,4.5950810872139,5.18299330261981,5.61396110439079,6.29321970092111,6.91487432333343,8.19665711971786,8.69574819672378,9.76345346333681,1,1,1,1,1,1,1,1,0.967741935483871,0.967741935483871,0.967741935483871,0.935483870967742,0.935483870967742,0.935483870967742,0.935483870967742,0.903225806451613,0,0,0,0,0,0,0,0,2665,0.383455,-0.113000941437185
"666",222,222,3,0.583858830099834,4.68248397587655,5.27039619128246,5.70136399305344,6.38062258958376,7.00227721199608,8.2840600083805,8.78315108538643,9.85085635199946,1,1,1,1,1,1,1,1,0.967741935483871,0.967741935483871,0.967741935483871,0.935483870967742,0.935483870967742,0.935483870967742,0.935483870967742,0.903225806451613,0,0,0,0,0,0,0,0,2666,0.184714,-0.399144830099834
"667",223,223,1,0.473644125003214,4.57225283161045,5.16016268896014,5.591128762163,6.27038463425603,6.89203676327475,8.17381441855847,8.67290349376074,9.74060447791631,1,1,1,1,1,1,1,1,0.967741935483871,0.967741935483871,0.967741935483871,0.935483870967742,0.935483870967742,0.935483870967742,0.935483870967742,0.903225806451613,0,0,0,0,0,0,0,0,2667,0.207705,-0.265939125003214
"668",223,223,2,0.486394194475189,4.58500290108242,5.17291275843211,5.60387883163497,6.28313470372801,6.90478683274673,8.18656448803045,8.68565356323271,9.75335454738829,1,1,1,1,1,1,1,1,0.967741935483871,0.967741935483871,0.967741935483871,0.935483870967742,0.935483870967742,0.935483870967742,0.935483870967742,0.903225806451613,0,0,0,0,0,0,0,0,2668,0.259669,-0.226725194475189
"669",223,223,3,0.515211758306326,4.61382046491356,5.20173032226325,5.63269639546611,6.31195226755914,6.93360439657787,8.21538205186159,8.71447112706385,9.78217211121942,1,1,1,1,1,1,1,1,0.967741935483871,0.967741935483871,0.967741935483871,0.935483870967742,0.935483870967742,0.935483870967742,0.935483870967742,0.903225806451613,0,0,0,0,0,0,0,0,2669,0.216148,-0.299063758306326
"670",224,224,1,0.490212795782448,4.58884871324584,5.17676247375675,5.60773140816366,6.28699178986841,6.90864804606489,8.19043421113081,8.68952659980893,9.75723467248161,1,1,1,1,1,1,1,1,0.967741935483871,0.967741935483871,0.967741935483871,0.935483870967742,0.935483870967742,0.935483870967742,0.935483870967742,0.903225806451613,0,0,0,0,0,0,0,0,2670,0.203377,-0.286835795782448
"671",224,224,2,0.483131346030113,4.58176726349351,5.16968102400442,5.60064995841133,6.27991034011608,6.90156659631255,8.18335276137847,8.6824451500566,9.75015322272927,1,1,1,1,1,1,1,1,0.967741935483871,0.967741935483871,0.967741935483871,0.935483870967742,0.935483870967742,0.935483870967742,0.935483870967742,0.903225806451613,0,0,0,0,0,0,0,0,2671,0.207371,-0.275760346030113
"672",224,224,3,0.485345997217242,4.58398191468064,5.17189567519155,5.60286460959846,6.28212499130321,6.90378124749968,8.1855674125656,8.68465980124373,9.7523678739164,1,1,1,1,1,1,1,1,1,1,1,0.966666666666667,0.966666666666667,0.966666666666667,0.966666666666667,0.933333333333333,0,0,0,0,0,0,0,0,2672,4.790058,4.30471200278276
"673",225,225,1,3.02929154815337,7.13098057058072,7.71933227250842,8.15062223894146,8.83038860685356,9.45250793950764,10.7352489168043,11.234713083186,12.3032164996956,1,1,1,1,1,1,1,1,0.935483870967742,0.935483870967742,0.935483870967742,0.935483870967742,0.903225806451613,0.903225806451613,0.903225806451613,0.903225806451613,0,0,0,0,0,0,0,0,2673,0.906715,-2.12257654815337
"674",225,225,2,0.875739092420144,4.9774281148475,5.5657798167752,5.99706978320824,6.67683615112034,7.29895548377441,8.58169646107106,9.0811606274528,10.1496640439624,1,1,1,1,1,1,1,1,1,1,1,0.966666666666667,0.966666666666667,0.966666666666667,0.966666666666667,0.933333333333333,0,0,0,0,0,0,0,0,2674,4.544668,3.66892890757986
"675",225,225,3,2.89320770567219,6.99489672809954,7.58324843002724,8.01453839646028,8.69430476437238,9.31642409702646,10.5991650743231,11.0986292407049,12.1671326572144,1,1,1,1,1,1,1,1,0.966666666666667,0.966666666666667,0.966666666666667,0.966666666666667,0.966666666666667,0.933333333333333,0.933333333333333,0.933333333333333,0,0,0,0,0,0,0,0,2675,3.308794,0.415586294327809
"676",226,226,1,2.20777630453421,6.31240445345033,6.90117774757149,7.33277676126719,8.01303022591607,8.6355953474634,9.91925549195288,10.4190775568378,11.4883466254184,1,1,1,1,1,1,1,1,0.966666666666667,0.966666666666667,0.966666666666667,0.966666666666667,0.966666666666667,0.933333333333333,0.933333333333333,0.933333333333333,0,0,0,0,0,0,0,0,2676,4.687455,2.47967869546579
"677",226,226,2,2.9716340401122,7.07626218902832,7.66503548314948,8.09663449684518,8.77688796149406,9.39945308304139,10.6831132275309,11.1829352924158,12.2522043609964,1,1,1,1,1,1,1,1,0.966666666666667,0.966666666666667,0.966666666666667,0.966666666666667,0.933333333333333,0.933333333333333,0.933333333333333,0.933333333333333,0,0,0,0,0,0,0,0,2677,3.661999,0.690364959887795
"678",226,226,3,2.40347225262792,6.50810040154404,7.0968736956652,7.5284727093609,8.20872617400978,8.83129129555711,10.1149514400466,10.6147735049315,11.6840425735121,1,1,1,1,1,1,1,1,0.966666666666667,0.966666666666667,0.966666666666667,0.966666666666667,0.966666666666667,0.933333333333333,0.933333333333333,0.933333333333333,0,0,0,0,0,0,0,0,2678,4.02243,1.61895774737208
"679",227,227,1,2.60788288692382,6.71398449099515,7.30296913947387,7.73472308603283,8.41522074405026,9.03800935034567,10.3221302955676,10.8221317836235,11.8917846920952,1,1,1,1,1,1,1,1,0.935483870967742,0.935483870967742,0.935483870967742,0.935483870967742,0.935483870967742,0.903225806451613,0.903225806451613,0.903225806451613,0,0,0,0,0,0,0,0,2679,0.874057,-1.73382588692382
"680",227,227,2,0.861191829049031,4.96729343312036,5.55627808159909,5.98803202815805,6.66852968617548,7.29131829247089,8.57543923769281,9.07544072574871,10.1450936342204,1,1,1,1,1,1,1,1,1,1,1,0.966666666666667,0.966666666666667,0.966666666666667,0.966666666666667,0.933333333333333,0,0,0,0,0,0,0,0,2680,3.602246,2.74105417095097
"681",227,227,3,2.37476831140749,6.48086991547882,7.06985456395755,7.50160851051651,8.18210616853394,8.80489477482934,10.0890157200513,10.5890172081072,11.6586701165788,1,1,1,1,1,1,1,1,0.935483870967742,0.935483870967742,0.935483870967742,0.935483870967742,0.935483870967742,0.903225806451613,0.903225806451613,0.903225806451613,0,0,0,0,0,0,0,0,2681,3.030302,0.655533688592509
"682",228,228,1,2.05828741690259,6.16616495523023,6.75540434606912,7.18734503097455,7.86813701173865,8.49119498097901,9.77587132268055,10.2760890668978,11.3462046120564,1,1,1,1,1,1,1,1,1,0.966666666666667,0.966666666666667,0.966666666666667,0.966666666666667,0.933333333333333,0.933333333333333,0.933333333333333,0,0,0,0,0,0,0,0,2682,3.779402,1.72111458309741
"683",228,228,2,2.47380762358679,6.58168516191443,7.17092455275332,7.60286523765875,8.28365721842285,8.90671518766321,10.1913915293648,10.691609273582,11.7617248187406,1,1,1,1,1,1,1,1,0.935483870967742,0.935483870967742,0.935483870967742,0.935483870967742,0.935483870967742,0.903225806451613,0.903225806451613,0.903225806451613,0,0,0,0,0,0,0,0,2683,2.677756,0.203948376413206
"684",228,228,3,1.86273276894412,5.97061030727176,6.55984969811065,6.99179038301608,7.67258236378018,8.29564033302054,9.58031667472208,10.0805344189393,11.1506499640979,1,1,1,1,1,1,1,1,0.967741935483871,0.935483870967742,0.935483870967742,0.935483870967742,0.935483870967742,0.903225806451613,0.903225806451613,0.903225806451613,0,0,0,0,0,0,0,0,2684,0.259637,-1.60309576894412
"685",229,229,1,0.522370575902798,4.63112342515771,5.22048837175447,5.65252109504174,6.33345813968722,6.95664887078421,8.24159895269086,8.74192328383853,9.81226685035892,1,1,1,1,1,1,1,1,0.967741935483871,0.967741935483871,0.967741935483871,0.935483870967742,0.935483870967742,0.935483870967742,0.935483870967742,0.903225806451613,0,0,0,0,0,0,0,0,2685,0.3479,-0.174470575902798
"686",229,229,2,0.571317149914063,4.68006999916897,5.26943494576573,5.701467669053,6.38240471369849,7.00559544479548,8.29054552670213,8.7908698578498,9.86121342437018,1,1,1,1,1,1,1,1,0.967741935483871,0.967741935483871,0.967741935483871,0.935483870967742,0.935483870967742,0.935483870967742,0.935483870967742,0.903225806451613,0,0,0,0,0,0,0,0,2686,0.243398,-0.327919149914063
"687",229,229,3,0.513365178223488,4.6221180274784,5.21148297407515,5.64351569736243,6.32445274200791,6.9476434731049,8.23259355501155,8.73291788615922,9.80326145267961,1,1,1,1,1,1,1,1,0.967741935483871,0.967741935483871,0.967741935483871,0.935483870967742,0.935483870967742,0.935483870967742,0.935483870967742,0.903225806451613,0,0,0,0,0,0,0,0,2687,0.56666,0.0532948217765118
"688",230,230,1,0.692471562045081,4.80122308764309,5.39058784437276,5.82262042847836,6.5035572537563,7.12674778408903,8.41169745204208,8.91202162200757,9.982364843711,1,1,1,1,1,1,1,1,0.967741935483871,0.967741935483871,0.967741935483871,0.935483870967742,0.935483870967742,0.935483870967742,0.935483870967742,0.903225806451613,0,0,0,0,0,0,0,0,2688,0.195708,-0.496763562045081
"689",230,230,2,0.4867367451062,4.59548827070421,5.18485302743387,5.61688561153948,6.29782243681742,6.92101296715015,8.2059626351032,8.70628680506869,9.77663002677212,1,1,1,1,1,1,1,1,0.967741935483871,0.967741935483871,0.967741935483871,0.935483870967742,0.935483870967742,0.935483870967742,0.935483870967742,0.903225806451613,0,0,0,0,0,0,0,0,2689,0.200599,-0.2861377451062
"690",230,230,3,0.489449357491759,4.59820088308977,5.18756563981943,5.61959822392504,6.30053504920298,6.92372557953571,8.20867524748876,8.70899941745425,9.77934263915768,1,1,1,1,1,1,1,1,0.967741935483871,0.967741935483871,0.967741935483871,0.935483870967742,0.935483870967742,0.935483870967742,0.935483870967742,0.903225806451613,0,0,0,0,0,0,0,0,2690,0.175583,-0.313866357491759
"691",231,231,1,0.475395805360003,4.58415279738249,5.17351833822331,5.60555149711994,6.28648922833967,6.90968058778654,8.19463196528086,8.69495680089486,9.76530144661976,1,1,1,1,1,1,1,1,0.967741935483871,0.967741935483871,0.967741935483871,0.935483870967742,0.935483870967742,0.935483870967742,0.935483870967742,0.903225806451613,0,0,0,0,0,0,0,0,2691,0.210432,-0.264963805360003
"692",231,231,2,0.494722333460039,4.60347932548253,5.19284486632335,5.62487802521998,6.30581575643971,6.92900711588658,8.2139584933809,8.71428332899489,9.78462797471979,1,1,1,1,1,1,1,1,1,1,1,0.966666666666667,0.966666666666667,0.966666666666667,0.966666666666667,0.933333333333333,0,0,0,0,0,0,0,0,2692,4.0271,3.53237766653996
"693",231,231,3,2.6113667522528,6.72012374427529,7.30948928511611,7.74152244401274,8.42246017523247,9.04565153467934,10.3306029121737,10.8309277477877,11.9012723935126,1,1,1,1,1,1,1,1,0.966666666666667,0.966666666666667,0.966666666666667,0.966666666666667,0.966666666666667,0.933333333333333,0.933333333333333,0.933333333333333,0,0,0,0,0,0,0,0,2693,4.199409,1.5880422477472
"694",232,232,1,2.71010742633246,6.82130770083937,7.41102370935343,7.84331377783412,8.52465643035606,9.14821837208267,10.4339338490845,10.9345562040966,12.0055373329064,1,1,1,1,1,1,1,1,0.935483870967742,0.935483870967742,0.935483870967742,0.935483870967742,0.935483870967742,0.903225806451613,0.903225806451613,0.903225806451613,0,0,0,0,0,0,0,0,2694,2.868313,0.158205573667544
"695",232,232,2,1.97164494652747,6.08284522103439,6.67256122954845,7.10485129802913,7.78619395055108,8.40975589227769,9.69547136927949,10.1960937242916,11.2670748531014,1,1,1,1,1,1,1,1,0.967741935483871,0.935483870967742,0.935483870967742,0.935483870967742,0.935483870967742,0.903225806451613,0.903225806451613,0.903225806451613,0,0,0,0,0,0,0,0,2695,2.768306,0.796661053472527
"696",232,232,3,1.91616328538669,6.02736355989361,6.61707956840766,7.04936963688835,7.73071228941029,8.3542742311369,9.6399897081387,10.1406120631508,11.2115931919606,1,1,1,1,1,1,1,1,1,0.966666666666667,0.966666666666667,0.966666666666667,0.966666666666667,0.933333333333333,0.933333333333333,0.933333333333333,0,0,0,0,0,0,0,0,2696,4.486519,2.57035571461331
"697",233,233,1,2.87296877946369,6.98533363581056,7.57521669348506,8.00762921699827,8.68916487380775,9.3129034522499,10.5989831345436,11.0997473011106,12.1710318073017,1,1,1,1,1,1,1,1,0.966666666666667,0.966666666666667,0.966666666666667,0.966666666666667,0.966666666666667,0.933333333333333,0.933333333333333,0.933333333333333,0,0,0,0,0,0,0,0,2697,3.395507,0.522538220536306
"698",233,233,2,2.26739119246806,6.37975604881493,6.96963910648942,7.40205163000263,8.08358728681212,8.70732586525427,9.99340554754793,10.4941697141149,11.5654542203061,1,1,1,1,1,1,1,1,0.966666666666667,0.966666666666667,0.966666666666667,0.966666666666667,0.966666666666667,0.933333333333333,0.933333333333333,0.933333333333333,0,0,0,0,0,0,0,0,2698,3.157806,0.890414807531943
"699",233,233,3,2.13545277381964,6.24781763016651,6.837700687841,7.27011321135421,7.9516488681637,8.57538744660585,9.86146712889951,10.3622312954665,11.4335158016576,1,1,1,1,1,1,1,1,0.967741935483871,0.935483870967742,0.935483870967742,0.935483870967742,0.935483870967742,0.903225806451613,0.903225806451613,0.903225806451613,0,0,0,0,0,0,0,0,2699,2.717345,0.581892226180362
"700",234,234,1,1.89290617924805,6.00545616343763,6.5953657760949,7.02779776568188,7.70936410343293,8.3331307609443,9.61926833916049,10.1200550488123,11.1913877814125,1,1,1,1,1,1,1,1,0.967741935483871,0.935483870967742,0.935483870967742,0.935483870967742,0.935483870967742,0.903225806451613,0.903225806451613,0.903225806451613,0,0,0,0,0,0,0,0,2700,2.915383,1.02247682075195
"701",234,234,2,2.00287874443578,6.11542872862537,6.70533834128263,7.13777033086961,7.81933666862067,8.44310332613203,9.72924090434822,10.2300276140001,11.3013603466002,1,1,1,1,1,1,1,1,1,0.966666666666667,0.966666666666667,0.966666666666667,0.966666666666667,0.933333333333333,0.933333333333333,0.933333333333333,0,0,0,0,0,0,0,0,2701,4.639413,2.63653425556422
"702",234,234,3,2.96025056984609,7.07280055403567,7.66271016669294,8.09514215627991,8.77670849403097,9.40047515154233,10.6866127297585,11.1873994394104,12.2587321720105,1,1,1,1,1,1,1,1,0.935483870967742,0.935483870967742,0.935483870967742,0.935483870967742,0.903225806451613,0.903225806451613,0.903225806451613,0.903225806451613,0,0,0,0,0,0,0,0,2702,1.229826,-1.73042456984609
"703",235,235,1,1.06839943045752,5.18269240762762,5.77285203750485,6.2054673016843,6.88732250287703,7.51135352700027,8.79803619981214,9.29903515435415,10.3708219423311,1,1,1,1,1,1,1,1,1,1,1,0.966666666666667,0.966666666666667,0.966666666666667,0.966666666666667,0.933333333333333,0,0,0,0,0,0,0,0,2703,4.006536,2.93813656954248
"704",235,235,2,2.61039349539295,6.72468647256305,7.31484610244028,7.74746136661973,8.42931656781245,9.0533475919357,10.3400302647476,10.8410292192896,11.9128160072665,1,1,1,1,1,1,1,1,0.935483870967742,0.935483870967742,0.935483870967742,0.935483870967742,0.935483870967742,0.903225806451613,0.903225806451613,0.903225806451613,0,0,0,0,0,0,0,0,2704,0.219268,-2.39112549539295
"705",235,235,3,0.507204909505381,4.62149788667548,5.21165751655271,5.64427278073216,6.32612798192489,6.95015900604814,8.23684167886,8.737840633402,9.80962742137894,1,1,1,1,1,1,1,1,0.967741935483871,0.967741935483871,0.967741935483871,0.935483870967742,0.935483870967742,0.935483870967742,0.935483870967742,0.903225806451613,0,0,0,0,0,0,0,0,2705,0.211189,-0.296015909505381
"706",236,236,1,0.502833165707962,4.61942431230629,5.20991359464791,5.64277050986677,6.32500658300676,6.94938617954084,8.2367875699547,8.73806637342514,9.81045184206079,1,1,1,1,1,1,1,1,0.967741935483871,0.967741935483871,0.967741935483871,0.935483870967742,0.935483870967742,0.935483870967742,0.935483870967742,0.903225806451613,0,0,0,0,0,0,0,0,2706,0.205776,-0.297057165707962
"707",236,236,2,0.499828664287516,4.61641981088585,5.20690909322747,5.63976600844632,6.32200208158631,6.94638167812039,8.23378306853426,8.7350618720047,9.80744734064035,1,1,1,1,1,1,1,1,0.967741935483871,0.967741935483871,0.967741935483871,0.935483870967742,0.935483870967742,0.935483870967742,0.935483870967742,0.903225806451613,0,0,0,0,0,0,0,0,2707,0.45476,-0.0450686642875155
"708",236,236,3,0.638027958887246,4.75461910548558,5.3451083878272,5.77796530304605,6.46020137618604,7.08458097272012,8.37198236313399,8.87326116660443,9.94564663524008,1,1,1,1,1,1,1,1,1,1,1,0.966666666666667,0.966666666666667,0.966666666666667,0.966666666666667,0.933333333333333,0,0,0,0,0,0,0,0,2708,4.846182,4.20815404111275
"709",237,237,1,3.07795159396865,7.19742750209006,7.78833057844251,8.2214908244828,8.90420498454068,9.52902212421949,10.8173256800084,11.3189557619404,12.3920927203955,1,1,1,1,1,1,1,1,0.935483870967742,0.935483870967742,0.935483870967742,0.935483870967742,0.903225806451613,0.903225806451613,0.903225806451613,0.903225806451613,0,0,0,0,0,0,0,0,2709,0.556155,-2.52179659396865
"710",237,237,2,0.696670367650156,4.81614627577156,5.40704935212401,5.8402095981643,6.52292375822218,7.14774089790099,8.43604445368994,8.93767453562187,10.010811494077,1,1,1,1,1,1,1,1,0.967741935483871,0.967741935483871,0.967741935483871,0.935483870967742,0.935483870967742,0.935483870967742,0.935483870967742,0.903225806451613,0,0,0,0,0,0,0,0,2710,2.103245,1.40657463234984
"711",237,237,3,1.55541936210289,5.6748952702243,6.26579834657675,6.69895859261704,7.38167275267491,8.00648989235373,9.29479344814267,9.79642353007461,10.8695604885298,1,1,1,1,1,1,1,1,0.967741935483871,0.935483870967742,0.935483870967742,0.935483870967742,0.935483870967742,0.935483870967742,0.903225806451613,0.903225806451613,0,0,0,0,0,0,0,0,2711,1.553595,-0.00182436210289172
"712",238,238,1,1.24981745990317,5.37063441421277,5.96172985200531,6.39503110819102,7.07796751769091,7.70298805912814,8.99171100675509,9.49350438836986,10.5669906937467,1,1,1,1,1,1,1,1,0.967741935483871,0.967741935483871,0.935483870967742,0.935483870967742,0.935483870967742,0.935483870967742,0.903225806451613,0.903225806451613,0,0,0,0,0,0,0,0,2712,1.834468,0.584650540096833
"713",238,238,2,1.40555440587415,5.52637136018375,6.1174667979763,6.550768054162,7.23370446366189,7.85872500509913,9.14744795272608,9.64924133434085,10.7227276397177,1,1,1,1,1,1,1,1,0.967741935483871,0.967741935483871,0.935483870967742,0.935483870967742,0.935483870967742,0.935483870967742,0.903225806451613,0.903225806451613,0,0,0,0,0,0,0,0,2713,1.344313,-0.0612414058741539
"714",238,238,3,1.13377590544012,5.25459285974972,5.84568829754226,6.27898955372797,6.96192596322786,7.58694650466509,8.87566945229204,9.37746283390681,10.4509491392837,1,1,1,1,1,1,1,1,0.967741935483871,0.967741935483871,0.935483870967742,0.935483870967742,0.935483870967742,0.935483870967742,0.903225806451613,0.903225806451613,0,0,0,0,0,0,0,0,2714,0.383057,-0.750718905440117
"715",239,239,1,0.60005430845226,4.71748966996107,5.30810004760676,5.74104573148126,6.42342171500946,7.04792935694479,8.33559476275656,8.83697636658417,9.90958175596739,1,1,1,1,1,1,1,1,0.967741935483871,0.967741935483871,0.967741935483871,0.935483870967742,0.935483870967742,0.935483870967742,0.935483870967742,0.903225806451613,0,0,0,0,0,0,0,0,2715,0.249768,-0.35028630845226
"716",239,239,2,0.526074858285603,4.64351021979441,5.2341205974401,5.6670662813146,6.3494422648428,6.97394990677814,8.2616153125899,8.76299691641751,9.83560230580073,1,1,1,1,1,1,1,1,0.967741935483871,0.967741935483871,0.967741935483871,0.935483870967742,0.935483870967742,0.935483870967742,0.935483870967742,0.903225806451613,0,0,0,0,0,0,0,0,2716,0.252682,-0.273392858285603
"717",239,239,3,0.527692216940748,4.64512757844955,5.23573795609524,5.66868363996974,6.35105962349795,6.97556726543328,8.26323267124505,8.76461427507265,9.83721966445588,1,1,1,1,1,1,1,1,0.967741935483871,0.967741935483871,0.967741935483871,0.935483870967742,0.935483870967742,0.935483870967742,0.935483870967742,0.903225806451613,0,0,0,0,0,0,0,0,2717,0.217934,-0.309758216940748
"718",240,240,1,0.508040200122658,4.62548228754209,5.21609362996131,5.64904002106099,6.33141711926362,6.95592578134431,8.24359329058253,8.74497571342672,9.81758285493168,1,1,1,1,1,1,1,1,0.967741935483871,0.967741935483871,0.967741935483871,0.935483870967742,0.935483870967742,0.935483870967742,0.935483870967742,0.903225806451613,0,0,0,0,0,0,0,0,2718,0.764202,0.256161799877342
"719",240,240,2,0.811240938667501,4.92868302608694,5.51929436850615,5.95224075960584,6.63461785780846,7.25912651988916,8.54679402912737,9.04817645197156,10.1207835934765,1,1,1,1,1,1,1,1,0.967741935483871,0.967741935483871,0.967741935483871,0.935483870967742,0.935483870967742,0.935483870967742,0.935483870967742,0.903225806451613,0,0,0,0,0,0,0,0,2719,0.197285,-0.613955938667501
"720",240,240,3,0.49657917357486,4.6140212609943,5.20463260341351,5.63757899451319,6.31995609271582,6.94446475479652,8.23213226403473,8.73351468687892,9.80612182838388,1,1,1,1,1,1,1,1,0.967741935483871,0.967741935483871,0.967741935483871,0.935483870967742,0.935483870967742,0.935483870967742,0.935483870967742,0.903225806451613,0,0,0,0,0,0,0,0,2720,1.54238,1.04580082642514
"721",241,241,1,1.24335579092125,5.3610263936529,5.95167051461094,6.38464093394894,7.06705590362913,7.69159922552746,8.97933819946067,9.48074844869767,10.5534151191895,1,1,1,1,1,1,1,1,0.967741935483871,0.967741935483871,0.935483870967742,0.935483870967742,0.935483870967742,0.935483870967742,0.903225806451613,0.903225806451613,0,0,0,0,0,0,0,0,2721,0.210556,-1.03279979092125
"722",241,241,2,0.504462588692943,4.62213319142459,5.21277731238263,5.64574773172063,6.32816270140082,6.95270602329916,8.24044499723236,8.74185524646936,9.81452191696116,1,1,1,1,1,1,1,1,0.967741935483871,0.967741935483871,0.967741935483871,0.935483870967742,0.935483870967742,0.935483870967742,0.935483870967742,0.903225806451613,0,0,0,0,0,0,0,0,2722,0.691605,0.187142411307057
"723",241,241,3,0.771347579531616,4.88901818226327,5.4796623032213,5.9126327225593,6.59504769223949,7.21959101413783,8.50732998807103,9.00874023730804,10.0814069077998,1,1,1,1,1,1,1,1,0.967741935483871,0.967741935483871,0.967741935483871,0.935483870967742,0.935483870967742,0.935483870967742,0.935483870967742,0.903225806451613,0,0,0,0,0,0,0,0,2723,1.691493,0.920145420468384
"724",242,242,1,1.32682049218802,5.44476179848904,6.03544474952534,6.4684436331698,7.15090346612001,7.77548784669515,9.06331147906034,9.56475469196959,10.6374918816273,1,1,1,1,1,1,1,1,1,1,0.966666666666667,0.966666666666667,0.966666666666667,0.966666666666667,0.933333333333333,0.933333333333333,0,0,0,0,0,0,0,0,2724,3.911894,2.58507350781198
"725",242,242,2,2.55863161199939,6.67657291830041,7.26725586933671,7.70025475298117,8.38271458593137,9.00729896650652,10.2951225988717,10.796565811781,11.8693030014387,1,1,1,1,1,1,1,1,0.935483870967742,0.935483870967742,0.935483870967742,0.935483870967742,0.935483870967742,0.903225806451613,0.903225806451613,0.903225806451613,0,0,0,0,0,0,0,0,2725,2.788959,0.230327388000611
"726",242,242,3,1.93566133778974,6.05360264409076,6.64428559512706,7.07728447877152,7.75974431172173,8.38432869229687,9.67215232466205,10.1735955375713,11.246332727229,1,1,1,1,1,1,1,1,0.967741935483871,0.935483870967742,0.935483870967742,0.935483870967742,0.935483870967742,0.903225806451613,0.903225806451613,0.903225806451613,0,0,0,0,0,0,0,0,2726,2.939534,1.00387266221026
"727",243,243,1,2.02193009684345,6.14108908341785,6.73194670012415,7.16507362206732,7.84773525922359,8.47250433016286,9.76070877354891,10.2623002638286,11.3353546631834,1,1,1,1,1,1,1,1,0.967741935483871,0.935483870967742,0.935483870967742,0.935483870967742,0.935483870967742,0.903225806451613,0.903225806451613,0.903225806451613,0,0,0,0,0,0,0,0,2727,2.35574,0.333809903156553
"728",243,243,2,1.69785843347164,5.81701742004605,6.40787503675235,6.84100195869551,7.52366359585179,8.14843266679105,9.4366371101771,9.93822860045681,11.0112829998116,1,1,1,1,1,1,1,1,0.967741935483871,0.935483870967742,0.935483870967742,0.935483870967742,0.935483870967742,0.903225806451613,0.903225806451613,0.903225806451613,0,0,0,0,0,0,0,0,2728,2.504907,0.807048566528358
"729",243,243,3,1.78066298064099,5.89982196721539,6.4906795839217,6.92380650586486,7.60646814302113,8.2312372139604,9.51944165734645,10.0210331476262,11.094087546981,1,1,1,1,1,1,1,1,1,0.966666666666667,0.966666666666667,0.966666666666667,0.966666666666667,0.933333333333333,0.933333333333333,0.933333333333333,0,0,0,0,0,0,0,0,2729,4.921855,3.14119201935901
"730",244,244,1,3.1265480425605,7.24741970367379,7.83852298868266,8.27182999725363,8.95477547322469,9.57980431225835,10.8685443686077,11.3703444118899,12.4438449685682,1,1,1,1,1,1,1,1,0.935483870967742,0.935483870967742,0.935483870967742,0.935483870967742,0.903225806451613,0.903225806451613,0.903225806451613,0.903225806451613,0,0,0,0,0,0,0,0,2730,3.021972,-0.1045760425605
"731",244,244,2,2.07114387161933,6.19201553273262,6.78311881774149,7.21642582631247,7.89937130228352,8.52440014131718,9.81314019766653,10.3149402409487,11.388440797627,1,1,1,1,1,1,1,1,0.967741935483871,0.935483870967742,0.935483870967742,0.935483870967742,0.935483870967742,0.903225806451613,0.903225806451613,0.903225806451613,0,0,0,0,0,0,0,0,2731,2.469935,0.398791128380668
"732",244,244,3,1.76448174962874,5.88535341074203,6.4764566957509,6.90976370432187,7.59270918029292,8.21773801932659,9.50647807567594,10.0082781189581,11.0817786756364,1,1,1,1,1,1,1,1,1,0.966666666666667,0.966666666666667,0.966666666666667,0.966666666666667,0.933333333333333,0.933333333333333,0.933333333333333,0,0,0,0,0,0,0,0,2732,3.233681,1.46919925037126
"733",245,245,1,2.19116435758708,6.30850237490949,6.89909878937625,7.33203423757207,8.0143940884038,8.63888696576289,9.92652192865807,10.4278916788486,11.5004717097527,1,1,1,1,1,1,1,1,0.966666666666667,0.966666666666667,0.966666666666667,0.966666666666667,0.966666666666667,0.933333333333333,0.933333333333333,0.933333333333333,0,0,0,0,0,0,0,0,2733,4.685152,2.49398764241291
"734",245,245,2,2.99868029293371,7.11601831025611,7.70661472472287,8.13955017291869,8.82191002375042,9.44640290110951,10.7340378640047,11.2354076141953,12.3079876450993,1,1,1,1,1,1,1,1,0.966666666666667,0.966666666666667,0.966666666666667,0.966666666666667,0.933333333333333,0.933333333333333,0.933333333333333,0.933333333333333,0,0,0,0,0,0,0,0,2734,3.475495,0.476814707066294
"735",245,245,3,2.32569591790755,6.44303393522996,7.03363034969672,7.46656579789254,8.14892564872426,8.77341852608336,10.0610534889785,10.5624232391691,11.6350032700731,1,1,1,1,1,1,1,1,0.935483870967742,0.935483870967742,0.935483870967742,0.935483870967742,0.935483870967742,0.903225806451613,0.903225806451613,0.903225806451613,0,0,0,0,0,0,0,0,2735,2.298445,-0.0272509179075509
"736",246,246,1,1.67305958918193,5.79142250872741,6.3821659365255,6.81520915253184,7.49773885877138,8.12238718708826,9.41034267259548,9.91183722550309,10.9846842467911,1,1,1,1,1,1,1,1,0.967741935483871,0.935483870967742,0.935483870967742,0.935483870967742,0.935483870967742,0.903225806451613,0.903225806451613,0.903225806451613,0,0,0,0,0,0,0,0,2736,2.40608,0.73302041081807
"737",246,246,2,1.73298808167759,5.85135100122307,6.44209442902116,6.8751376450275,7.55766735126704,8.18231567958392,9.47027116509114,9.97176571799875,11.0446127392867,1,1,1,1,1,1,1,1,0.967741935483871,0.935483870967742,0.935483870967742,0.935483870967742,0.935483870967742,0.903225806451613,0.903225806451613,0.903225806451613,0,0,0,0,0,0,0,0,2737,0.246738,-1.48625008167759
"738",246,246,3,0.530720131265884,4.64908305081136,5.23982647860945,5.67286969461579,6.35539940085533,6.98004772917221,8.26800321467943,8.76949776758704,9.84234478887502,1,1,1,1,1,1,1,1,0.967741935483871,0.967741935483871,0.967741935483871,0.935483870967742,0.935483870967742,0.935483870967742,0.935483870967742,0.903225806451613,0,0,0,0,0,0,0,0,2738,0.432273,-0.0984471312658843
"739",247,247,1,0.634579833171407,4.75332848641301,5.34412724436298,5.77721102001974,6.45980465328841,7.08451148735458,8.37258760521974,8.87412912906004,9.94707663523849,1,1,1,1,1,1,1,1,0.967741935483871,0.967741935483871,0.967741935483871,0.935483870967742,0.935483870967742,0.935483870967742,0.935483870967742,0.903225806451613,0,0,0,0,0,0,0,0,2739,0.21456,-0.420019833171407
"740",247,247,2,0.513430957288029,4.63217961052963,5.22297836847961,5.65606214413636,6.33865577740503,6.9633626114712,8.25143872933636,8.75298025317666,9.82592775935511,1,1,1,1,1,1,1,1,0.967741935483871,0.967741935483871,0.967741935483871,0.935483870967742,0.935483870967742,0.935483870967742,0.935483870967742,0.903225806451613,0,0,0,0,0,0,0,0,2740,0.453671,-0.0597599572880294
"741",247,247,3,0.646486993727518,4.76523564696912,5.35603440491909,5.78911818057585,6.47171181384452,7.09641864791069,8.38449476577585,8.88603628961615,9.9589837957946,1,1,1,1,1,1,1,1,0.967741935483871,0.967741935483871,0.967741935483871,0.935483870967742,0.935483870967742,0.935483870967742,0.935483870967742,0.903225806451613,0,0,0,0,0,0,0,0,2741,0.386095,-0.260391993727518
"742",248,248,1,0.608424926920287,4.72718911928766,5.31799010619039,5.75107551577624,6.4336717243194,7.05838091526599,8.34646189275684,8.84800530880215,9.92095686297372,1,1,1,1,1,1,1,1,0.967741935483871,0.967741935483871,0.967741935483871,0.935483870967742,0.935483870967742,0.935483870967742,0.935483870967742,0.903225806451613,0,0,0,0,0,0,0,0,2742,0.251537,-0.356887926920287
"743",248,248,2,0.533540483121503,4.65230467548887,5.24310566239161,5.67619107197746,6.35878728052061,6.9834964714672,8.27157744895806,8.77312086500337,9.84607241917494,1,1,1,1,1,1,1,1,0.967741935483871,0.967741935483871,0.967741935483871,0.935483870967742,0.935483870967742,0.935483870967742,0.935483870967742,0.903225806451613,0,0,0,0,0,0,0,0,2743,0.229478,-0.304062483121503
"744",248,248,3,0.521264171451016,4.64002836381838,5.23082935072112,5.66391476030697,6.34651096885012,6.97122015979671,8.25930113728757,8.76084455333288,9.83379610750445,1,1,1,1,1,1,1,1,1,1,1,0.966666666666667,0.966666666666667,0.966666666666667,0.966666666666667,0.933333333333333,0,0,0,0,0,0,0,0,2744,4.593812,4.07254782854899
"745",249,249,1,2.95171159220825,7.07319368966812,7.66438453647445,8.09775573203523,8.78080237464663,9.4059238009658,10.694854762016,11.1967291383545,12.2703887156992,1,1,1,1,1,1,1,1,0.935483870967742,0.935483870967742,0.935483870967742,0.935483870967742,0.903225806451613,0.903225806451613,0.903225806451613,0.903225806451613,0,0,0,0,0,0,0,0,2745,1.498622,-1.45308959220825
"746",249,249,2,1.22948128586255,5.35096338332242,5.94215423012875,6.37552542568952,7.05857206830092,7.68369349462009,8.97262445567029,9.47449883200876,10.5481584093535,1,1,1,1,1,1,1,1,0.967741935483871,0.967741935483871,0.935483870967742,0.935483870967742,0.935483870967742,0.935483870967742,0.903225806451613,0.903225806451613,0,0,0,0,0,0,0,0,2746,1.300473,0.0709917141374501
"747",249,249,3,1.11922691925756,5.24070901671743,5.83189986352376,6.26527105908453,6.94831770169594,7.5734391280151,8.8623700890653,9.36424446540377,10.4379040427485,1,1,1,1,1,1,1,1,0.967741935483871,0.967741935483871,0.935483870967742,0.935483870967742,0.935483870967742,0.935483870967742,0.935483870967742,0.903225806451613,0,0,0,0,0,0,0,0,2747,1.872887,0.753660080742439
"748",250,250,1,1.43811275276314,5.55999025749833,6.15123782204755,6.58465059442937,7.26776276725672,7.89294416655505,9.18199878522823,9.68392131045465,10.7576838926889,1,1,1,1,1,1,1,1,0.967741935483871,0.967741935483871,0.935483870967742,0.935483870967742,0.935483870967742,0.935483870967742,0.903225806451613,0.903225806451613,0,0,0,0,0,0,0,0,2748,1.922006,0.48389324723686
"749",250,250,2,1.46542973635517,5.58730724109035,6.17855480563957,6.6119675780214,7.29507975084875,7.92026115014707,9.20931576882026,9.71123829404668,10.785000876281,1,1,1,1,1,1,1,1,0.967741935483871,0.967741935483871,0.935483870967742,0.935483870967742,0.935483870967742,0.935483870967742,0.903225806451613,0.903225806451613,0,0,0,0,0,0,0,0,2749,1.191994,-0.273435736355166
"750",250,250,3,1.05944171082569,5.18131921556088,5.7725667801101,6.20597955249193,6.88909172531928,7.5142731246176,8.80332774329079,9.30525026851721,10.3790128507515,1,1,1,1,1,1,1,1,0.967741935483871,0.967741935483871,0.967741935483871,0.935483870967742,0.935483870967742,0.935483870967742,0.935483870967742,0.903225806451613,0,0,0,0,0,0,0,0,2750,1.215006,0.155564289174306
"751",251,251,1,1.0732461419577,5.19511459762245,5.78636086416104,6.21977268503892,6.90288335817828,7.52806338496844,8.81711517368222,9.31903659700004,10.3927968219218,1,1,1,1,1,1,1,1,0.967741935483871,0.967741935483871,0.967741935483871,0.935483870967742,0.935483870967742,0.935483870967742,0.935483870967742,0.903225806451613,0,0,0,0,0,0,0,0,2751,0.528446,-0.544800141957704
"752",251,251,2,0.691429405802369,4.81329786146712,5.4045441280057,5.83795594888358,6.52106662202295,7.14624664881311,8.43529843752688,8.9372198608447,10.0109800857665,1,1,1,1,1,1,1,1,0.967741935483871,0.967741935483871,0.967741935483871,0.935483870967742,0.935483870967742,0.935483870967742,0.935483870967742,0.903225806451613,0,0,0,0,0,0,0,0,2752,1.410227,0.718797594197631
"753",251,251,3,1.18181443176337,5.30368288742812,5.89492915396671,6.32834097484459,7.01145164798395,7.63663167477411,8.92568346348789,9.42760488680571,10.5013651117275,1,1,1,1,1,1,1,1,0.967741935483871,0.967741935483871,0.935483870967742,0.935483870967742,0.935483870967742,0.935483870967742,0.903225806451613,0.903225806451613,0,0,0,0,0,0,0,0,2753,1.469966,0.288151568236626
"754",252,252,1,1.21470721395667,5.33669988100499,5.92796396458882,6.36138884621391,7.04452010470741,7.66971897112745,8.95880960506588,9.46074615364912,10.5345387360429,1,1,1,1,1,1,1,1,0.967741935483871,0.967741935483871,0.935483870967742,0.935483870967742,0.935483870967742,0.935483870967742,0.903225806451613,0.903225806451613,0,0,0,0,0,0,0,0,2754,1.183562,-0.0311452139566677
"755",252,252,2,1.05546194816395,5.17745461521227,5.76871869879611,6.2021435804212,6.88527483891469,7.51047370533473,8.79956433927316,9.3015008878564,10.3752934702502,1,1,1,1,1,1,1,1,0.967741935483871,0.967741935483871,0.967741935483871,0.935483870967742,0.935483870967742,0.935483870967742,0.935483870967742,0.903225806451613,0,0,0,0,0,0,0,0,2755,0.482772,-0.572689948163948
"756",252,252,3,0.66581135035498,4.7878040174033,5.37906810098714,5.81249298261223,6.49562424110572,7.12082310752576,8.40991374146419,8.91185029004744,9.98564287244125,1,1,1,1,1,1,1,1,0.967741935483871,0.967741935483871,0.967741935483871,0.935483870967742,0.935483870967742,0.935483870967742,0.935483870967742,0.903225806451613,0,0,0,0,0,0,0,0,2756,0.603963,-0.0618483503549803
"757",253,253,1,0.733647431793286,4.85563415536141,5.44689738640457,5.88032164307654,6.56345191656656,7.18864988151554,8.47773865672076,8.97967448156425,10.053465515662,1,1,1,1,1,1,1,1,0.967741935483871,0.967741935483871,0.967741935483871,0.935483870967742,0.935483870967742,0.935483870967742,0.935483870967742,0.903225806451613,0,0,0,0,0,0,0,0,2757,0.222276,-0.511371431793286
"758",253,253,2,0.52139845149218,4.6433851750603,5.23464840610347,5.66807266277543,6.35120293626545,6.97640090121443,8.26548967641966,8.76742550126315,9.84121653536092,1,1,1,1,1,1,1,1,0.967741935483871,0.967741935483871,0.967741935483871,0.935483870967742,0.935483870967742,0.935483870967742,0.935483870967742,0.903225806451613,0,0,0,0,0,0,0,0,2758,0.287968,-0.23343045149218
"759",253,253,3,0.557928540318732,4.67991526388685,5.27117849493002,5.70460275160198,6.387733025092,7.01293099004099,8.30201976524621,8.8039555900897,9.87774662418747,1,1,1,1,1,1,1,1,0.967741935483871,0.967741935483871,0.967741935483871,0.935483870967742,0.935483870967742,0.935483870967742,0.935483870967742,0.903225806451613,0,0,0,0,0,0,0,0,2759,0.807406,0.249477459681268
"760",254,254,1,0.846789274675547,4.96880997859762,5.56007808382773,5.99350591351209,6.67664181851187,7.301844937395,8.59094433944009,9.09288430208367,10.1666841881749,1,1,1,1,1,1,1,1,0.967741935483871,0.967741935483871,0.967741935483871,0.935483870967742,0.935483870967742,0.935483870967742,0.935483870967742,0.903225806451613,0,0,0,0,0,0,0,0,2760,0.173894,-0.672895274675547
"761",254,254,2,0.494487306814404,4.61650801073648,5.20777611596659,5.64120394565094,6.32433985065073,6.94954296953386,8.23864237157895,8.74058233422252,9.81438222031372,1,1,1,1,1,1,1,1,0.967741935483871,0.967741935483871,0.967741935483871,0.935483870967742,0.935483870967742,0.935483870967742,0.935483870967742,0.903225806451613,0,0,0,0,0,0,0,0,2761,0.476149,-0.0183383068144044
"762",254,254,3,0.662574148572524,4.78459485249459,5.37586295772471,5.80929078740906,6.49242669240885,7.11762981129198,8.40672921333707,8.90866917598064,9.98246906207184,1,1,1,1,1,1,1,1,0.967741935483871,0.967741935483871,0.967741935483871,0.935483870967742,0.935483870967742,0.935483870967742,0.935483870967742,0.903225806451613,0,0,0,0,0,0,0,0,2762,0.18551,-0.477064148572524
"763",255,255,1,0.500937513940726,4.62301100382959,5.21428668074863,5.6477200608435,6.33086471397722,6.95607583911588,8.24519174917078,8.74713813958076,9.82095177658909,1,1,1,1,1,1,1,1,1,1,1,0.966666666666667,0.966666666666667,0.966666666666667,0.966666666666667,0.933333333333333,0,0,0,0,0,0,0,0,2763,3.930988,3.43005048605927
"764",255,255,2,2.58373022229544,6.7058037121843,7.29707938910335,7.73051276919822,8.41365742233193,9.0388685474706,10.3279844575255,10.8299308479355,11.9037444849438,1,1,1,1,1,1,1,1,0.935483870967742,0.935483870967742,0.935483870967742,0.935483870967742,0.935483870967742,0.903225806451613,0.903225806451613,0.903225806451613,0,0,0,0,0,0,0,0,2764,2.454685,-0.129045222295445
"765",255,255,3,1.76278477188239,5.88485826177125,6.4761339386903,6.90956731878516,7.59271197191888,8.21792309705754,9.50703900711244,10.0089853975224,11.0827990345308,1,1,1,1,1,1,1,1,0.967741935483871,0.935483870967742,0.935483870967742,0.935483870967742,0.935483870967742,0.903225806451613,0.903225806451613,0.903225806451613,0,0,0,0,0,0,0,0,2765,0.824807,-0.937977771882388
"766",256,256,1,0.858184884458862,4.98230392747161,5.57387302123802,6.00752148993012,6.69100514931463,7.31652653155406,8.60628215729655,9.10847763545555,10.1828241457484,1,1,1,1,1,1,1,1,0.967741935483871,0.967741935483871,0.967741935483871,0.935483870967742,0.935483870967742,0.935483870967742,0.935483870967742,0.903225806451613,0,0,0,0,0,0,0,0,2766,2.273825,1.41564011554114
"767",256,256,2,1.66331667518672,5.78743571819947,6.37900481196588,6.81265328065798,7.49613694004249,8.12165832228192,9.41141394802441,9.91360942618341,10.9879559364763,1,1,1,1,1,1,1,1,0.967741935483871,0.935483870967742,0.935483870967742,0.935483870967742,0.935483870967742,0.903225806451613,0.903225806451613,0.903225806451613,0,0,0,0,0,0,0,0,2767,2.909207,1.24589032481328
"768",256,256,3,2.01636007937925,6.140479122392,6.73204821615841,7.16569668485051,7.84918034423502,8.47470172647445,9.76445735221694,10.2666528303759,11.3409993406688,1,1,1,1,1,1,1,1,0.967741935483871,0.935483870967742,0.935483870967742,0.935483870967742,0.935483870967742,0.903225806451613,0.903225806451613,0.903225806451613,0,0,0,0,0,0,0,0,2768,2.630814,0.614453920620749
"769",257,257,1,1.86398742403475,5.98869995126692,6.58035417519524,7.01406504837185,7.69764706494776,8.32325846327679,9.61319969219969,10.1154674391483,11.189968554023,1,1,1,1,1,1,1,1,0.967741935483871,0.935483870967742,0.935483870967742,0.935483870967742,0.935483870967742,0.903225806451613,0.903225806451613,0.903225806451613,0,0,0,0,0,0,0,0,2769,1.029381,-0.834606424034747
"770",257,257,2,0.97384484205368,5.09855736928585,5.69021159321417,6.12392246639079,6.8075044829667,7.43311588129572,8.72305711021863,9.22532485716722,10.2998259720419,1,1,1,1,1,1,1,1,0.967741935483871,0.967741935483871,0.967741935483871,0.935483870967742,0.935483870967742,0.935483870967742,0.935483870967742,0.903225806451613,0,0,0,0,0,0,0,0,2770,1.007343,0.0334981579463204
"771",257,257,3,0.961595211740268,5.08630773897244,5.67796196290076,6.11167283607737,6.79525485265328,7.42086625098231,8.71080747990522,9.21307522685381,10.2875763417285,1,1,1,1,1,1,1,1,0.967741935483871,0.967741935483871,0.967741935483871,0.935483870967742,0.935483870967742,0.935483870967742,0.935483870967742,0.903225806451613,0,0,0,0,0,0,0,0,2771,2.453946,1.49235078825973
"772",258,258,1,1.76611610212569,5.8912786911751,6.48299747256614,6.91675566945379,7.60041227405555,8.22609193503342,9.51617391395764,10.0184964650977,11.0931148225489,1,1,1,1,1,1,1,1,0.967741935483871,0.935483870967742,0.935483870967742,0.935483870967742,0.935483870967742,0.903225806451613,0.903225806451613,0.903225806451613,0,0,0,0,0,0,0,0,2772,0.340788,-1.42532810212569
"773",258,258,2,0.591660712687969,4.71682330173739,5.30854208312842,5.74230028001607,6.42595688461783,7.0516365455957,8.34171852451992,8.84404107565994,9.91865943311123,1,1,1,1,1,1,1,1,0.967741935483871,0.967741935483871,0.967741935483871,0.935483870967742,0.935483870967742,0.935483870967742,0.935483870967742,0.903225806451613,0,0,0,0,0,0,0,0,2773,1.194672,0.603011287312031
"774",258,258,3,1.06623415478489,5.1913967438343,5.78311552522534,6.21687372211299,6.90053032671475,7.52620998769262,8.81629196661683,9.31861451775685,10.3932328752081,1,1,1,1,1,1,1,1,0.967741935483871,0.967741935483871,0.967741935483871,0.935483870967742,0.935483870967742,0.935483870967742,0.935483870967742,0.903225806451613,0,0,0,0,0,0,0,0,2774,1.572766,0.506531845215114
"775",259,259,1,1.27641429238573,5.4019272814271,5.99369632465673,6.4274913658785,7.11120604171105,7.7369388492361,9.02713041043866,9.52949562991334,10.6042052677095,1,1,1,1,1,1,1,1,0.967741935483871,0.967741935483871,0.935483870967742,0.935483870967742,0.935483870967742,0.935483870967742,0.903225806451613,0.903225806451613,0,0,0,0,0,0,0,0,2775,0.466929,-0.809485292385729
"776",259,259,2,0.661946204409277,4.78745919345065,5.37922823668028,5.81302327790204,6.49673795373459,7.12247076125965,8.4126623224622,8.91502754193689,9.98973717973305,1,1,1,1,1,1,1,1,0.967741935483871,0.967741935483871,0.967741935483871,0.935483870967742,0.935483870967742,0.935483870967742,0.935483870967742,0.903225806451613,0,0,0,0,0,0,0,0,2776,0.759541,0.0975947955907233
"777",259,259,3,0.824538644487666,4.95005163352904,5.54182067675867,5.97561571798043,6.65933039381298,7.28506320133804,8.57525476254059,9.07761998201527,10.1523296198114,1,1,1,1,1,1,1,1,0.967741935483871,0.967741935483871,0.967741935483871,0.935483870967742,0.935483870967742,0.935483870967742,0.935483870967742,0.903225806451613,0,0,0,0,0,0,0,0,2777,0.587977,-0.236561644487666
"778",260,260,1,0.729150328190817,4.85475017254052,5.44653167441053,5.88033584841218,6.56406491863621,7.18981089984804,8.4800296237298,8.98240541960701,10.0571376834953,1,1,1,1,1,1,1,1,0.967741935483871,0.967741935483871,0.967741935483871,0.935483870967742,0.935483870967742,0.935483870967742,0.935483870967742,0.903225806451613,0,0,0,0,0,0,0,0,2778,2.590027,1.86087667180918
"779",260,260,2,1.84166354027696,5.96726338462666,6.55904488649668,6.99284906049833,7.67657813072235,8.30232411193418,9.59254283581594,10.0949186316932,11.1696508955814,1,1,1,1,1,1,1,1,0.967741935483871,0.935483870967742,0.935483870967742,0.935483870967742,0.935483870967742,0.903225806451613,0.903225806451613,0.903225806451613,0,0,0,0,0,0,0,0,2779,1.589558,-0.252105540276957
"780",260,260,3,1.28571589622081,5.41131574057051,6.00309724244053,6.43690141644218,7.1206304866662,7.74637646787803,9.03659519175979,9.53897098763701,10.6137032515253,1,1,1,1,1,1,1,1,0.967741935483871,0.967741935483871,0.935483870967742,0.935483870967742,0.935483870967742,0.935483870967742,0.903225806451613,0.903225806451613,0,0,0,0,0,0,0,0,2780,0.776321,-0.50939489622081
"781",261,261,1,0.834789087498396,4.96095812585525,5.55282127366697,5.98668529805291,6.67050869989026,7.2963410129995,8.58673774366651,9.08918285050532,10.1640633912956,1,1,1,1,1,1,1,1,0.967741935483871,0.967741935483871,0.967741935483871,0.935483870967742,0.935483870967742,0.935483870967742,0.935483870967742,0.903225806451613,0,0,0,0,0,0,0,0,2781,2.279654,1.4448649125016
"782",261,261,2,1.67003221322158,5.79620125157843,6.38806439939015,6.82192842377609,7.50575182561344,8.13158413872268,9.4219808693897,9.9244259762285,10.9993065170188,1,1,1,1,1,1,1,1,0.967741935483871,0.935483870967742,0.935483870967742,0.935483870967742,0.935483870967742,0.903225806451613,0.903225806451613,0.903225806451613,0,0,0,0,0,0,0,0,2782,1.786084,0.116051786778423
"783",261,261,3,1.39580757399448,5.52197661235133,6.11383976016305,6.54770378454899,7.23152718638635,7.85735949949559,9.1477562301626,9.65020133700141,10.7250818777917,1,1,1,1,1,1,1,1,0.967741935483871,0.967741935483871,0.935483870967742,0.935483870967742,0.935483870967742,0.935483870967742,0.903225806451613,0.903225806451613,0,0,0,0,0,0,0,0,2783,0.748266,-0.647541573994479
"784",262,262,1,0.820037212297279,4.946590482803,5.53850874538268,5.9724131715323,6.65630025154975,7.2821908426627,8.57270773610155,9.07519963102908,10.1501802655519,1,1,1,1,1,1,1,1,1,1,1,0.966666666666667,0.966666666666667,0.966666666666667,0.966666666666667,0.933333333333333,0,0,0,0,0,0,0,0,2784,3.840228,3.02019078770272
"785",262,262,2,2.53724643637744,6.66379970688316,7.25571796946284,7.68962239561247,8.37350947562992,8.99940006674286,10.2899169601817,10.7924088551092,11.8673894896321,1,1,1,1,1,1,1,1,0.935483870967742,0.935483870967742,0.935483870967742,0.935483870967742,0.935483870967742,0.903225806451613,0.903225806451613,0.903225806451613,0,0,0,0,0,0,0,0,2785,2.073429,-0.463817436377442
"786",262,262,3,1.55600425426278,5.6825575247685,6.27447578734818,6.70838021349781,7.39226729351526,8.0181578846282,9.30867477806705,9.81116667299459,10.8861473075174,1,1,1,1,1,1,1,1,0.967741935483871,0.935483870967742,0.935483870967742,0.935483870967742,0.935483870967742,0.935483870967742,0.903225806451613,0.903225806451613,0,0,0,0,0,0,0,0,2786,2.048525,0.492520745737218
"787",263,263,1,1.54412871649444,5.67218412992768,6.26431786187696,6.69838023739068,7.38251626515535,8.0086346922038,9.2996213580404,9.80229616945941,10.8776681171318,1,1,1,1,1,1,1,1,1,0.966666666666667,0.966666666666667,0.966666666666667,0.966666666666667,0.966666666666667,0.933333333333333,0.933333333333333,0,0,0,0,0,0,0,0,2787,3.86792,2.32379128350556
"788",263,263,2,2.55443362204245,6.68248903547569,7.27462276742497,7.70868514293869,8.39282117070336,9.01893959775182,10.3099262635884,10.8126010750074,11.8879730226799,1,1,1,1,1,1,1,1,0.935483870967742,0.935483870967742,0.935483870967742,0.935483870967742,0.935483870967742,0.903225806451613,0.903225806451613,0.903225806451613,0,0,0,0,0,0,0,0,2788,2.660647,0.106213377957548
"789",263,263,3,1.88403833446847,6.01209374790171,6.60422747985099,7.03828985536471,7.72242588312938,8.34854431017784,9.63953097601444,10.1422057874334,11.2175777351059,1,1,1,1,1,1,1,1,1,0.966666666666667,0.966666666666667,0.966666666666667,0.966666666666667,0.933333333333333,0.933333333333333,0.933333333333333,0,0,0,0,0,0,0,0,2789,5.175434,3.29139566553153
"790",264,264,1,3.28552769339445,7.4162167128838,8.00872821277132,8.44306751027042,9.12764000135873,9.75415787781282,11.0459681639648,11.5489636705526,12.6250216812233,1,1,1,1,1,1,1,1,0.935483870967742,0.935483870967742,0.935483870967742,0.935483870967742,0.903225806451613,0.903225806451613,0.903225806451613,0.870967741935484,0,0,0,0,0,0,0,0,2790,3.058673,-0.226854693394446
"791",264,264,2,2.10909072300831,6.23977974249766,6.83229124238518,7.26663053988429,7.9512030309726,8.57772090742669,9.86953119357867,10.3725267001665,11.4485847108372,1,1,1,1,1,1,1,1,0.967741935483871,0.935483870967742,0.935483870967742,0.935483870967742,0.935483870967742,0.903225806451613,0.903225806451613,0.903225806451613,0,0,0,0,0,0,0,0,2791,2.451559,0.342468276991689
"792",264,264,3,1.77167362450782,5.90236264399717,6.49487414388469,6.92921344138379,7.6137859324721,8.2403038089262,9.53211409507817,10.035109601666,11.1111676123367,1,1,1,1,1,1,1,1,1,0.966666666666667,0.966666666666667,0.966666666666667,0.966666666666667,0.933333333333333,0.933333333333333,0.933333333333333,0,0,0,0,0,0,0,0,2792,4.712218,2.94054437549218
"793",265,265,1,3.03054266994364,7.16263530637653,7.75534814293611,8.18983502985537,8.874640140137,9.50137090870248,10.7936201547464,11.2967865802807,12.3732102377597,1,1,1,1,1,1,1,1,0.966666666666667,0.966666666666667,0.966666666666667,0.966666666666667,0.933333333333333,0.933333333333333,0.933333333333333,0.933333333333333,0,0,0,0,0,0,0,0,2793,3.302322,0.271779330056364
"794",265,265,2,2.24669962681957,6.37879226325246,6.97150509981204,7.4059919867313,8.09079709701293,8.71752786557841,10.0097771116223,10.5129435371566,11.5893671946356,1,1,1,1,1,1,1,1,0.935483870967742,0.935483870967742,0.935483870967742,0.935483870967742,0.935483870967742,0.903225806451613,0.903225806451613,0.903225806451613,0,0,0,0,0,0,0,0,2794,2.909646,0.662946373180434
"795",265,265,3,2.02838824016283,6.16048087659573,6.75319371315531,7.18768060007456,7.8724857103562,8.49921647892167,9.79146572496555,10.2946321504999,11.3710558079789,1,1,1,1,1,1,1,1,1,0.966666666666667,0.966666666666667,0.966666666666667,0.966666666666667,0.933333333333333,0.933333333333333,0.933333333333333,0,0,0,0,0,0,0,0,2795,5.905046,3.87665775983717
"796",266,266,1,3.73238472790324,7.81879218372617,8.40495187751511,8.83463499703415,9.51186877533014,10.1316702925755,11.4096321918939,11.9072355163436,12.9717580347312,1,1,1,1,1,1,1,1,0.966666666666667,0.966666666666667,0.966666666666667,0.933333333333333,0.933333333333333,0.933333333333333,0.933333333333333,0.9,0,0,0,0,0,0,0,0,2796,3.154508,-0.577876727903238
"797",266,266,2,2.18159487963708,6.26800233546001,6.85416202924895,7.28384514876799,7.96107892706398,8.58088044430937,9.85884234362775,10.3564456680775,11.420968186465,1,1,1,1,1,1,1,1,0.935483870967742,0.935483870967742,0.935483870967742,0.935483870967742,0.935483870967742,0.903225806451613,0.903225806451613,0.903225806451613,0,0,0,0,0,0,0,0,2797,2.660528,0.478933120362921
"798",266,266,3,1.90308239617147,5.9894898519944,6.57564954578334,7.00533266530238,7.68256644359838,8.30236796084376,9.58032986016214,10.0779331846119,11.1424557029994,1,1,1,1,1,1,1,1,0.967741935483871,0.935483870967742,0.935483870967742,0.935483870967742,0.935483870967742,0.903225806451613,0.903225806451613,0.903225806451613,0,0,0,0,0,0,0,0,2798,1.6002,-0.302882396171473
"799",267,267,1,1.30531435423277,5.39176691722455,5.97793308124549,6.40762094375436,7.08486219758938,7.70467055641676,8.98264656231747,9.48025537948356,10.5447896484363,1,1,1,1,1,1,1,1,0.967741935483871,0.967741935483871,0.935483870967742,0.935483870967742,0.935483870967742,0.935483870967742,0.903225806451613,0.903225806451613,0,0,0,0,0,0,0,0,2799,2.982929,1.67761464576723
"800",267,267,2,2.08489800494082,6.1713505679326,6.75751673195354,7.18720459446242,7.86444584829743,8.48425420712482,9.76223021302552,10.2598390301916,11.3243732991443,1,1,1,1,1,1,1,1,0.967741935483871,0.935483870967742,0.935483870967742,0.935483870967742,0.935483870967742,0.903225806451613,0.903225806451613,0.903225806451613,0,0,0,0,0,0,0,0,2800,0.207255,-1.87764300494082
"801",267,267,3,0.519970915037143,4.60642347802892,5.19258964204986,5.62227750455874,6.29951875839375,6.91932711722114,8.19730312312184,8.69491194028794,9.75944620924066,1,1,1,1,1,1,1,1,0.967741935483871,0.967741935483871,0.967741935483871,0.935483870967742,0.935483870967742,0.935483870967742,0.935483870967742,0.903225806451613,0,0,0,0,0,0,0,0,2801,0.229589,-0.290381915037143
"802",268,268,1,0.533138346128298,4.62062554472238,5.20694011824344,5.63673677202141,6.31414949436163,6.93411478044677,8.21241435292611,8.71014915804638,9.7749529529602,1,1,1,1,1,1,1,1,0.967741935483871,0.967741935483871,0.967741935483871,0.935483870967742,0.935483870967742,0.935483870967742,0.935483870967742,0.903225806451613,0,0,0,0,0,0,0,0,2802,0.224913,-0.308225346128298
"803",268,268,2,0.530502440016394,4.61798963861047,5.20430421213153,5.63410086590951,6.31151358824973,6.93147887433486,8.20977844681421,8.70751325193448,9.7723170468483,1,1,1,1,1,1,1,1,0.967741935483871,0.967741935483871,0.967741935483871,0.935483870967742,0.935483870967742,0.935483870967742,0.935483870967742,0.903225806451613,0,0,0,0,0,0,0,0,2803,0.434416,-0.0960864400163945
"804",268,268,3,0.648601293344488,4.73608849193857,5.32240306545963,5.7521997192376,6.42961244157782,7.04957772766295,8.3278773001423,8.82561210526257,9.89041590017639,1,1,1,1,1,1,1,1,0.967741935483871,0.967741935483871,0.967741935483871,0.935483870967742,0.935483870967742,0.935483870967742,0.935483870967742,0.903225806451613,0,0,0,0,0,0,0,0,2804,0.228406,-0.420195293344488
"805",269,269,1,0.53243117192663,4.61990361662304,5.2062160738255,5.63601117624061,6.31342145344094,6.93338450174429,8.21167946016611,8.70941246869889,9.77421242017407,1,1,1,1,1,1,1,1,0.967741935483871,0.967741935483871,0.967741935483871,0.935483870967742,0.935483870967742,0.935483870967742,0.935483870967742,0.903225806451613,0,0,0,0,0,0,0,0,2805,0.227476,-0.30495517192663
"806",269,269,2,0.531906939113056,4.61937938380947,5.20569184101192,5.63548694342703,6.31289722062736,6.93286026893072,8.21115522735253,8.70888823588532,9.7736881873605,1,1,1,1,1,1,1,1,0.967741935483871,0.967741935483871,0.967741935483871,0.935483870967742,0.935483870967742,0.935483870967742,0.935483870967742,0.903225806451613,0,0,0,0,0,0,0,0,2806,0.198324,-0.333582939113056
"807",269,269,3,0.515474213326704,4.60294665802312,5.18925911522557,5.61905421764068,6.29646449484101,6.91642754314437,8.19472250156618,8.69245551009896,9.75725546157415,1,1,1,1,1,1,1,1,0.967741935483871,0.967741935483871,0.967741935483871,0.935483870967742,0.935483870967742,0.935483870967742,0.935483870967742,0.903225806451613,0,0,0,0,0,0,0,0,2807,0.523576,0.00810178667329642
"808",270,270,1,0.698821087904018,4.78629210288887,5.37260435501161,5.80239930709346,6.47980934734998,7.09977217880335,8.37806669010458,8.87579952454087,9.94059910357151,1,1,1,1,1,1,1,1,0.967741935483871,0.967741935483871,0.967741935483871,0.935483870967742,0.935483870967742,0.935483870967742,0.935483870967742,0.903225806451613,0,0,0,0,0,0,0,0,2808,0.199544,-0.499277087904018
"809",270,270,2,0.516163838380724,4.60363485336558,5.18994710548831,5.61974205757017,6.29715209782669,6.91711492928006,8.19540944058129,8.69314227501757,9.75794185404822,1,1,1,1,1,1,1,1,0.967741935483871,0.967741935483871,0.967741935483871,0.935483870967742,0.935483870967742,0.935483870967742,0.935483870967742,0.903225806451613,0,0,0,0,0,0,0,0,2809,0.198329,-0.317834838380724
"810",270,270,3,0.515478941339164,4.60294995632402,5.18926220844675,5.61905716052861,6.29646720078513,6.9164300322385,8.19472454353973,8.69245737797601,9.75725695700666,1,1,1,1,1,1,1,1,0.967741935483871,0.967741935483871,0.967741935483871,0.935483870967742,0.935483870967742,0.935483870967742,0.935483870967742,0.903225806451613,0,0,0,0,0,0,0,0,2810,0.368353,-0.147125941339164
"811",271,271,1,0.611520718834949,4.69898319513379,5.2852942224561,5.71508827670061,6.39249690185434,7.01245843821156,8.29075027916836,8.78848207384573,9.85327942852072,1,1,1,1,1,1,1,1,0.967741935483871,0.967741935483871,0.967741935483871,0.935483870967742,0.935483870967742,0.935483870967742,0.935483870967742,0.903225806451613,0,0,0,0,0,0,0,0,2811,0.227001,-0.384519718834949
"812",271,271,2,0.531861598276336,4.61932407457518,5.20563510189749,5.63542915614199,6.31283778129572,6.93279931765295,8.21109115860975,8.70882295328712,9.77362030796211,1,1,1,1,1,1,1,1,0.967741935483871,0.967741935483871,0.967741935483871,0.935483870967742,0.935483870967742,0.935483870967742,0.935483870967742,0.903225806451613,0,0,0,0,0,0,0,0,2812,0.206574,-0.325287598276336
"813",271,271,3,0.520349933385491,4.60781240968433,5.19412343700664,5.62391749125115,6.30132611640488,6.9212876527621,8.1995794937189,8.69731128839628,9.76210864307126,1,1,1,1,1,1,1,1,0.967741935483871,0.967741935483871,0.967741935483871,0.935483870967742,0.935483870967742,0.935483870967742,0.935483870967742,0.903225806451613,0,0,0,0,0,0,0,0,2813,0.262841,-0.257508933385491
"814",272,272,1,0.551917876402351,4.63939830233651,5.22571190437827,5.6555078460154,6.33291944593351,6.95288370478263,8.2311811592154,8.7289151396264,9.79371717024014,1,1,1,1,1,1,1,1,0.967741935483871,0.967741935483871,0.967741935483871,0.935483870967742,0.935483870967742,0.935483870967742,0.935483870967742,0.903225806451613,0,0,0,0,0,0,0,0,2814,0.2183,-0.333617876402351
"815",272,272,2,0.526811291362532,4.61429171729669,5.20060531933845,5.63040126097558,6.30781286089369,6.92777711974281,8.20607457417558,8.70380855458659,9.76861058520033,1,1,1,1,1,1,1,1,0.967741935483871,0.967741935483871,0.967741935483871,0.935483870967742,0.935483870967742,0.935483870967742,0.935483870967742,0.903225806451613,0,0,0,0,0,0,0,0,2815,0.432449,-0.0943622913625325
"816",272,272,3,0.647521425389432,4.73500185132359,5.32131545336535,5.75111139500248,6.42852299492059,7.04848725376971,8.32678470820248,8.82451868861348,9.88932071922722,1,1,1,1,1,1,1,1,0.967741935483871,0.967741935483871,0.967741935483871,0.935483870967742,0.935483870967742,0.935483870967742,0.935483870967742,0.903225806451613,0,0,0,0,0,0,0,0,2816,0.199783,-0.447738425389432
"817",273,273,1,0.516334606535476,4.60383680021439,5.19015352465027,5.61995175515178,6.29736696260345,6.91733452305218,8.19563878501668,8.69337541609389,9.7581831172764,1,1,1,1,1,1,1,1,0.967741935483871,0.967741935483871,0.967741935483871,0.935483870967742,0.935483870967742,0.935483870967742,0.935483870967742,0.903225806451613,0,0,0,0,0,0,0,0,2817,0.272698,-0.243636606535476
"818",273,273,2,0.557436379082803,4.64493857276172,5.2312552971976,5.66105352769911,6.33846873515078,6.9584362955995,8.236740557564,8.73447718864122,9.79928488982373,1,1,1,1,1,1,1,1,0.967741935483871,0.967741935483871,0.967741935483871,0.935483870967742,0.935483870967742,0.935483870967742,0.935483870967742,0.903225806451613,0,0,0,0,0,0,0,0,2818,0.198162,-0.359274379082803
"819",273,273,3,0.515420858015978,4.60292305169489,5.18923977613077,5.61903800663228,6.29645321408395,6.91642077453268,8.19472503649718,8.6924616675744,9.7572693687569,1,1,1,1,1,1,1,1,0.967741935483871,0.967741935483871,0.967741935483871,0.935483870967742,0.935483870967742,0.935483870967742,0.935483870967742,0.903225806451613,0,0,0,0,0,0,0,0,2819,0.528917,0.0134961419840219
"820",274,274,1,0.701828671231281,4.78930752688728,5.37562090368627,5.80541668020966,6.48282801988808,7.10279204056693,8.38108900391904,8.87882279311671,9.94362441466785,1,1,1,1,1,1,1,1,0.967741935483871,0.967741935483871,0.967741935483871,0.935483870967742,0.935483870967742,0.935483870967742,0.935483870967742,0.903225806451613,0,0,0,0,0,0,0,0,2820,0.453125,-0.248703671231281
"821",274,274,2,0.659105172907416,4.74658402856342,5.3328974053624,5.76269318188579,6.44010452156422,7.06006854224307,8.33836550559517,8.83609929479284,9.90090091634399,1,1,1,1,1,1,1,1,0.967741935483871,0.967741935483871,0.967741935483871,0.935483870967742,0.935483870967742,0.935483870967742,0.935483870967742,0.903225806451613,0,0,0,0,0,0,0,0,2821,0.247352,-0.411753172907416
"822",274,274,3,0.543112160180523,4.63059101583653,5.21690439263551,5.6467001691589,6.32411150883732,6.94407552951617,8.22237249286828,8.72010628206595,9.78490790361709,1,1,1,1,1,1,1,1,0.967741935483871,0.967741935483871,0.967741935483871,0.935483870967742,0.935483870967742,0.935483870967742,0.935483870967742,0.903225806451613,0,0,0,0,0,0,0,0,2822,0.2465,-0.296612160180523
"823",275,275,1,0.542849438582963,4.63031259749128,5.216623722728,5.64641784874846,6.32382658702996,6.94378822692126,8.22208028135381,8.71981215915279,9.78460969164978,1,1,1,1,1,1,1,1,0.967741935483871,0.967741935483871,0.967741935483871,0.935483870967742,0.935483870967742,0.935483870967742,0.935483870967742,0.903225806451613,0,0,0,0,0,0,0,0,2823,0.207663,-0.335186438582963
"824",275,275,2,0.520963075536699,4.60842623444502,5.19473735968174,5.62453148570219,6.3019402239837,6.92190186387499,8.20019391830754,8.69792579610652,9.76272332860351,1,1,1,1,1,1,1,1,0.967741935483871,0.967741935483871,0.967741935483871,0.935483870967742,0.935483870967742,0.935483870967742,0.935483870967742,0.903225806451613,0,0,0,0,0,0,0,0,2824,0.176952,-0.344011075536699
"825",275,275,3,0.503656072021654,4.59111923092997,5.17743035616669,5.60722448218715,6.28463322046865,6.90459486035995,8.1828869147925,8.68061879259148,9.74541632508847,1,1,1,1,1,1,1,1,0.967741935483871,0.967741935483871,0.967741935483871,0.935483870967742,0.935483870967742,0.935483870967742,0.935483870967742,0.903225806451613,0,0,0,0,0,0,0,0,2825,0.228316,-0.275340072021654
"826",276,276,1,0.532499731950687,4.61998189811546,5.2062957497782,5.63609187439946,6.31350376272321,6.93346828551997,8.21176628418344,8.70950047650297,9.77430296045248,1,1,1,1,1,1,1,1,0.967741935483871,0.967741935483871,0.967741935483871,0.935483870967742,0.935483870967742,0.935483870967742,0.935483870967742,0.903225806451613,0,0,0,0,0,0,0,0,2826,0.306938,-0.225561731950687
"827",276,276,2,0.57681703183105,4.66429919799582,5.25061304965856,5.68040917427983,6.35782106260358,6.97778558540033,8.2560835840638,8.75381777638333,9.81862026033284,1,1,1,1,1,1,1,1,0.967741935483871,0.967741935483871,0.967741935483871,0.935483870967742,0.935483870967742,0.935483870967742,0.935483870967742,0.903225806451613,0,0,0,0,0,0,0,0,2827,0.25631,-0.32050703183105
"828",276,276,3,0.548279265578054,4.63576143174283,5.22207528340557,5.65187140802683,6.32928329635058,6.94924781914734,8.22754581781081,8.72528001013033,9.79008249407985,1,1,1,1,1,1,1,1,0.967741935483871,0.967741935483871,0.967741935483871,0.935483870967742,0.935483870967742,0.935483870967742,0.935483870967742,0.903225806451613,0,0,0,0,0,0,0,0,2828,0.199563,-0.348716265578054
"829",277,277,1,0.516272401716901,4.60375799060785,5.19007233323097,5.61986881774969,6.29728127331638,6.91724631525151,8.19554538432063,8.69327999342677,9.75808336900766,1,1,1,1,1,1,1,1,0.967741935483871,0.967741935483871,0.967741935483871,0.935483870967742,0.935483870967742,0.935483870967742,0.935483870967742,0.903225806451613,0,0,0,0,0,0,0,0,2829,0.178161,-0.338111401716901
"830",277,277,2,0.504210592005187,4.59169618089614,5.17801052351926,5.60780700803798,6.28521946360467,6.90518450553979,8.18348357460892,8.68121818371506,9.74602155929595,1,1,1,1,1,1,1,1,0.967741935483871,0.967741935483871,0.967741935483871,0.935483870967742,0.935483870967742,0.935483870967742,0.935483870967742,0.903225806451613,0,0,0,0,0,0,0,0,2830,0.204077,-0.300133592005187
"831",277,277,3,0.518816416717306,4.60630200560826,5.19261634823138,5.6224128327501,6.29982528831679,6.91979033025191,8.19808939932104,8.69582400842718,9.76062738400806,1,1,1,1,1,1,1,1,0.967741935483871,0.967741935483871,0.967741935483871,0.935483870967742,0.935483870967742,0.935483870967742,0.935483870967742,0.903225806451613,0,0,0,0,0,0,0,0,2831,0.55212,0.033303583282694
"832",278,278,1,0.715023119493291,4.8024988189627,5.3888117430341,5.8186071876865,6.49601800429516,7.11598154626276,8.39427752256542,8.89201092743309,9.9568117267873,1,1,1,1,1,1,1,1,0.967741935483871,0.967741935483871,0.967741935483871,0.935483870967742,0.935483870967742,0.935483870967742,0.935483870967742,0.903225806451613,0,0,0,0,0,0,0,0,2832,0.227333,-0.487690119493291
"833",278,278,2,0.531947181531441,4.61942288100085,5.20573580507225,5.63553124972465,6.31294206633331,6.93290560830091,8.21120158460357,8.70893498947124,9.77373578882545,1,1,1,1,1,1,1,1,0.967741935483871,0.967741935483871,0.967741935483871,0.935483870967742,0.935483870967742,0.935483870967742,0.935483870967742,0.903225806451613,0,0,0,0,0,0,0,0,2833,0.195875,-0.336072181531441
"834",278,278,3,0.514214935916919,4.60169063538633,5.18800355945773,5.61779900411013,6.29520982071879,6.91517336268638,8.19346933898905,8.69120274385672,9.75600354321092,1,1,1,1,1,1,1,1,0.967741935483871,0.967741935483871,0.967741935483871,0.935483870967742,0.935483870967742,0.935483870967742,0.935483870967742,0.903225806451613,0,0,0,0,0,0,0,0,2834,0.208747,-0.305467935916919
"835",279,279,1,0.521752348464922,4.60921465190808,5.19552565443574,5.62531969050458,6.30272828701122,6.92268979715074,8.20098158404955,8.69871335767822,9.76351066732374,1,1,1,1,1,1,1,1,0.967741935483871,0.967741935483871,0.967741935483871,0.935483870967742,0.935483870967742,0.935483870967742,0.935483870967742,0.903225806451613,0,0,0,0,0,0,0,0,2835,0.676912,0.155159651535078
"836",279,279,2,0.785666617019131,4.87312892046229,5.45943992298995,5.88923395905879,6.56664255556543,7.18660406570495,8.46489585260375,8.96262762623243,10.0274249358779,1,1,1,1,1,1,1,1,0.967741935483871,0.967741935483871,0.967741935483871,0.935483870967742,0.935483870967742,0.935483870967742,0.935483870967742,0.903225806451613,0,0,0,0,0,0,0,0,2836,1.578763,0.793096382980869
"837",279,279,3,1.29405863053975,5.38152093398291,5.96783193651057,6.39762597257941,7.07503456908605,7.69499607922557,8.97328786612438,9.47101963975305,10.5358169493986,1,1,1,1,1,1,1,1,0.967741935483871,0.967741935483871,0.935483870967742,0.935483870967742,0.935483870967742,0.935483870967742,0.903225806451613,0.903225806451613,0,0,0,0,0,0,0,0,2837,0.774277,-0.519781630539751
"838",280,280,1,0.840534733265348,4.92810635846076,5.51443304224526,5.94423857342614,6.6216652876521,7.24164337905246,8.51996935466975,9.01771444044802,10.0825402287679,1,1,1,1,1,1,1,1,0.967741935483871,0.967741935483871,0.967741935483871,0.935483870967742,0.935483870967742,0.935483870967742,0.935483870967742,0.903225806451613,0,0,0,0,0,0,0,0,2838,0.216085,-0.624449733265348
"839",280,280,2,0.525968361350263,4.61353998654567,5.19986667033017,5.62967220151105,6.30709891573701,6.92707700713737,8.20540298275467,8.70314806853294,9.76797385685276,1,1,1,1,1,1,1,1,0.967741935483871,0.967741935483871,0.967741935483871,0.935483870967742,0.935483870967742,0.935483870967742,0.935483870967742,0.903225806451613,0,0,0,0,0,0,0,0,2839,0.272009,-0.253959361350263
"840",280,280,3,0.557484058069276,4.64505568326469,5.23138236704918,5.66118789823006,6.33861461245602,6.95859270385638,8.23691867947368,8.73466376525195,9.79948955357178,1,1,1,1,1,1,1,1,0.967741935483871,0.967741935483871,0.967741935483871,0.935483870967742,0.935483870967742,0.935483870967742,0.935483870967742,0.903225806451613,0,0,0,0,0,0,0,0,2840,0.190231,-0.367253058069276
"841",281,281,1,0.511027371570751,4.59863255565439,5.18496405317022,5.61477311304665,6.29220538893353,6.91218857034267,8.19052504099283,8.68827421324915,9.75310874376921,1,1,1,1,1,1,1,1,0.967741935483871,0.967741935483871,0.967741935483871,0.935483870967742,0.935483870967742,0.935483870967742,0.935483870967742,0.903225806451613,0,0,0,0,0,0,0,0,2841,0.201531,-0.309496371570751
"842",281,281,2,0.517395649270801,4.60500083335444,5.19133233087028,5.6211413907467,6.29857366663358,6.91855684804272,8.19689331869288,8.6946424909492,9.75947702146926,1,1,1,1,1,1,1,1,0.967741935483871,0.967741935483871,0.967741935483871,0.935483870967742,0.935483870967742,0.935483870967742,0.935483870967742,0.903225806451613,0,0,0,0,0,0,0,0,2842,0.174508,-0.342887649270801
"843",281,281,3,0.502166448537309,4.58977163262095,5.17610313013678,5.60591219001321,6.28334446590009,6.90332764730923,8.18166411795939,8.67941329021571,9.74424782073577,1,1,1,1,1,1,1,1,0.967741935483871,0.967741935483871,0.967741935483871,0.935483870967742,0.935483870967742,0.935483870967742,0.935483870967742,0.903225806451613,0,0,0,0,0,0,0,0,2843,0.61603,0.113863551462691
"844",282,282,1,0.751396674434559,4.83899656494877,5.425327303148,5.855135806409,6.53256720500108,7.15254958351369,8.43088439868037,8.92863292633681,9.9934660778647,1,1,1,1,1,1,1,1,0.967741935483871,0.967741935483871,0.967741935483871,0.935483870967742,0.935483870967742,0.935483870967742,0.935483870967742,0.903225806451613,0,0,0,0,0,0,0,0,2844,0.211834,-0.539562674434559
"845",282,282,2,0.523568941204744,4.61116883171895,5.19749956991819,5.62730807317918,6.30473947177126,6.92472185028388,8.20305666545056,8.70080519310699,9.76563834463489,1,1,1,1,1,1,1,1,0.967741935483871,0.967741935483871,0.967741935483871,0.935483870967742,0.935483870967742,0.935483870967742,0.935483870967742,0.903225806451613,0,0,0,0,0,0,0,0,2845,0.231747,-0.291821941204744
"846",282,282,3,0.534793034594597,4.62239292510881,5.20872366330804,5.63853216656904,6.31596356516112,6.93594594367373,8.21428075884041,8.71202928649685,9.77686243802474,1,1,1,1,1,1,1,1,0.967741935483871,0.967741935483871,0.967741935483871,0.935483870967742,0.935483870967742,0.935483870967742,0.935483870967742,0.903225806451613,0,0,0,0,0,0,0,0,2846,0.201977,-0.332816034594598
"847",283,283,1,0.517664418966132,4.60512271809706,5.19143314624087,5.62122676125886,6.29863469413722,6.91859559692693,8.19688613153787,8.69461741755999,9.75941368406906,1,1,1,1,1,1,1,1,0.967741935483871,0.967741935483871,0.967741935483871,0.935483870967742,0.935483870967742,0.935483870967742,0.935483870967742,0.903225806451613,0,0,0,0,0,0,0,0,2847,0.19171,-0.325954418966132
"848",283,283,2,0.511876886155486,4.59933518528641,5.18564561343023,5.61543922844821,6.29284716132658,6.91280806411629,8.19109859872723,8.68882988474935,9.75362615125842,1,1,1,1,1,1,1,1,0.967741935483871,0.967741935483871,0.967741935483871,0.935483870967742,0.935483870967742,0.935483870967742,0.935483870967742,0.903225806451613,0,0,0,0,0,0,0,0,2848,0.187028,-0.324848886155486
"849",283,283,3,0.509237631395629,4.59669593052655,5.18300635867037,5.61279997368835,6.29020790656672,6.91016880935643,8.18845934396737,8.68619062998949,9.75098689649856,1,1,1,1,1,1,1,1,0.967741935483871,0.967741935483871,0.967741935483871,0.935483870967742,0.935483870967742,0.935483870967742,0.935483870967742,0.903225806451613,0,0,0,0,0,0,0,0,2849,0.210268,-0.298969631395629
"850",284,284,1,0.521965135580863,4.60943267070817,5.19574442367553,5.6255390098526,6.30294847339789,6.92291077704755,8.20120420007616,8.69893661076892,9.76373528328528,1,1,1,1,1,1,1,1,0.967741935483871,0.967741935483871,0.967741935483871,0.935483870967742,0.935483870967742,0.935483870967742,0.935483870967742,0.903225806451613,0,0,0,0,0,0,0,0,2850,0.243438,-0.278527135580863
"851",284,284,2,0.540664091370776,4.62813162649808,5.21444337946544,5.64423796564251,6.3216474291878,6.94160973283747,8.21990315586607,8.71763556655883,9.78243423907519,1,1,1,1,1,1,1,1,0.967741935483871,0.967741935483871,0.967741935483871,0.935483870967742,0.935483870967742,0.935483870967742,0.935483870967742,0.903225806451613,0,0,0,0,0,0,0,0,2851,0.397812,-0.142852091370776
"852",284,284,3,0.627689493876413,4.71515702900372,5.30146878197108,5.73126336814815,6.40867283169344,7.0286351353431,8.30692855837171,8.80466096906447,9.86945964158083,1,1,1,1,1,1,1,1,0.967741935483871,0.967741935483871,0.967741935483871,0.935483870967742,0.935483870967742,0.935483870967742,0.935483870967742,0.903225806451613,0,0,0,0,0,0,0,0,2852,0.217403,-0.410286493876413
"853",285,285,1,0.525988105969386,4.61345962144112,5.19977194535436,5.62956695006209,6.3069770732635,6.92693998062769,8.20523464844859,8.70296754382935,9.76776725323846,1,1,1,1,1,1,1,1,0.967741935483871,0.967741935483871,0.967741935483871,0.935483870967742,0.935483870967742,0.935483870967742,0.935483870967742,0.903225806451613,0,0,0,0,0,0,0,0,2853,0.175031,-0.350957105969386
"854",285,285,2,0.502101517822841,4.58957303329458,5.17588535720781,5.60568036191554,6.28309048511696,6.90305339248114,8.18134806030205,8.6790809556828,9.74388066509191,1,1,1,1,1,1,1,1,0.967741935483871,0.967741935483871,0.967741935483871,0.935483870967742,0.935483870967742,0.935483870967742,0.935483870967742,0.903225806451613,0,0,0,0,0,0,0,0,2854,0.189974,-0.312127517822841
"855",285,285,3,0.510525413005363,4.5979969284771,5.18430925239034,5.61410425709807,6.29151438029948,6.91147728766366,8.18977195548457,8.68750485086532,9.75230456027444,1,1,1,1,1,1,1,1,0.967741935483871,0.967741935483871,0.967741935483871,0.935483870967742,0.935483870967742,0.935483870967742,0.935483870967742,0.903225806451613,0,0,0,0,0,0,0,0,2855,0.53433,0.0238045869946372
"856",286,286,1,0.704929178970602,4.79239658862194,5.37870832359086,5.80850289657421,6.48591233932457,7.1058746239428,8.3841680077307,8.88190040314421,9.94669904297367,1,1,1,1,1,1,1,1,0.967741935483871,0.967741935483871,0.967741935483871,0.935483870967742,0.935483870967742,0.935483870967742,0.935483870967742,0.903225806451613,0,0,0,0,0,0,0,0,2856,0.195017,-0.509912178970602
"857",286,286,2,0.513647171923517,4.60111458157485,5.18742631654378,5.61722088952713,6.29463033227748,6.91459261689572,8.19288600068362,8.69061839609713,9.75541703592658,1,1,1,1,1,1,1,1,0.967741935483871,0.967741935483871,0.967741935483871,0.935483870967742,0.935483870967742,0.935483870967742,0.935483870967742,0.903225806451613,0,0,0,0,0,0,0,0,2857,0.192269,-0.321378171923517
"858",286,286,3,0.512098033059502,4.59956544271084,5.18587717767976,5.61567175066311,6.29308119341347,6.9130434780317,8.1913368618196,8.68906925723311,9.75386789706257,1,1,1,1,1,1,1,1,0.967741935483871,0.967741935483871,0.967741935483871,0.935483870967742,0.935483870967742,0.935483870967742,0.935483870967742,0.903225806451613,0,0,0,0,0,0,0,0,2858,0.22653,-0.285568033059502
"859",287,287,1,0.530779452866725,4.61746006845315,5.20365894464009,5.63337078673282,6.31064983535996,6.93049278382279,8.20854010971058,8.7061766969242,9.77077037432432,1,1,1,1,1,1,1,1,0.967741935483871,0.967741935483871,0.967741935483871,0.935483870967742,0.935483870967742,0.935483870967742,0.935483870967742,0.903225806451613,0,0,0,0,0,0,0,0,2859,0.213962,-0.316817452866725
"860",287,287,2,0.523692569799606,4.61037318538603,5.19657206157297,5.62628390366571,6.30356295229284,6.92340590075567,8.20145322664346,8.69908981385708,9.7636834912572,1,1,1,1,1,1,1,1,0.967741935483871,0.967741935483871,0.967741935483871,0.935483870967742,0.935483870967742,0.935483870967742,0.935483870967742,0.903225806451613,0,0,0,0,0,0,0,0,2860,0.180573,-0.343119569799606
"861",287,287,3,0.504865076266185,4.59154569185261,5.17774456803955,5.60745641013228,6.28473545875942,6.90457840722225,8.18262573311004,8.68026232032366,9.74485599772378,1,1,1,1,1,1,1,1,0.967741935483871,0.967741935483871,0.967741935483871,0.935483870967742,0.935483870967742,0.935483870967742,0.935483870967742,0.903225806451613,0,0,0,0,0,0,0,0,2861,0.210648,-0.294217076266185
"862",288,288,1,0.520515474029528,4.60672607636699,5.19285753323143,5.62251995373291,6.29972110781529,6.91949276751703,8.1973931038961,8.69497245742518,9.75944369483544,1,1,1,1,1,1,1,1,0.967741935483871,0.967741935483871,0.967741935483871,0.935483870967742,0.935483870967742,0.935483870967742,0.935483870967742,0.903225806451613,0,0,0,0,0,0,0,0,2862,0.186283,-0.334232474029528
"863",288,288,2,0.506775646538935,4.59298624887639,5.17911770574084,5.60878012624231,6.2859812803247,6.90575294002644,8.18365327640551,8.68123262993459,9.74570386734484,1,1,1,1,1,1,1,1,0.967741935483871,0.967741935483871,0.967741935483871,0.935483870967742,0.935483870967742,0.935483870967742,0.935483870967742,0.903225806451613,0,0,0,0,0,0,0,0,2863,0.227245,-0.279530646538936
"864",288,288,3,0.529874797520657,4.61608539985811,5.20221685672256,5.63187927722403,6.30908043130642,6.92885209100816,8.20675242738723,8.70433178091631,9.76880301832657,1,1,1,1,1,1,1,1,0.967741935483871,0.967741935483871,0.967741935483871,0.935483870967742,0.935483870967742,0.935483870967742,0.935483870967742,0.903225806451613,0,0,0,0,0,0,0,0,2864,0.267002,-0.262872797520657
"865",289,289,1,0.552105244169222,4.63831549888455,5.22444690588562,5.65410928983485,6.33131038630637,6.95108199328289,8.22898222094842,8.72656153214743,9.79103267900098,1,1,1,1,1,1,1,1,0.967741935483871,0.967741935483871,0.967741935483871,0.935483870967742,0.935483870967742,0.935483870967742,0.935483870967742,0.903225806451613,0,0,0,0,0,0,0,0,2865,0.231308,-0.320797244169222
"866",289,289,2,0.531970057199132,4.61818031191446,5.20431171891553,5.63397410286476,6.31117519933628,6.9309468063128,8.20884703397834,8.70642634517734,9.77089749203089,1,1,1,1,1,1,1,1,0.967741935483871,0.967741935483871,0.967741935483871,0.935483870967742,0.935483870967742,0.935483870967742,0.935483870967742,0.903225806451613,0,0,0,0,0,0,0,0,2866,0.321495,-0.210475057199132
"867",289,289,3,0.582845053200463,4.66905530791579,5.25518671491686,5.68484909886609,6.36205019533762,6.98182180231414,8.25972202997966,8.75730134117867,9.82177248803223,1,1,1,1,1,1,1,1,0.967741935483871,0.967741935483871,0.967741935483871,0.935483870967742,0.935483870967742,0.935483870967742,0.935483870967742,0.903225806451613,0,0,0,0,0,0,0,0,2867,0.555548,-0.0272970532004633
"868",290,290,1,0.714534953651192,4.80068273571943,5.38680518156131,5.81646099655182,6.49365173953136,7.11341387103539,8.39129456132889,8.8888662652109,9.95332113773539,1,1,1,1,1,1,1,1,0.967741935483871,0.967741935483871,0.967741935483871,0.935483870967742,0.935483870967742,0.935483870967742,0.935483870967742,0.903225806451613,0,0,0,0,0,0,0,0,2868,0.292772,-0.421762953651192
"869",290,290,2,0.56633673997939,4.65248452204762,5.23860696788951,5.66826278288002,6.34545352585956,6.96521565736358,8.24309634765708,8.7406680515391,9.80512292406359,1,1,1,1,1,1,1,1,0.967741935483871,0.967741935483871,0.967741935483871,0.935483870967742,0.935483870967742,0.935483870967742,0.935483870967742,0.903225806451613,0,0,0,0,0,0,0,0,2869,0.267724,-0.29861273997939
"870",290,290,3,0.552210378150108,4.63835816021834,5.22448060606023,5.65413642105074,6.33132716403028,6.9510892955343,8.2289699858278,8.72654168970982,9.79099656223431,1,1,1,1,1,1,1,1,0.967741935483871,0.967741935483871,0.967741935483871,0.935483870967742,0.935483870967742,0.935483870967742,0.935483870967742,0.903225806451613,0,0,0,0,0,0,0,0,2870,0.221177,-0.331033378150108
"871",291,291,1,0.525345020355549,4.61149229534078,5.19761466844601,5.62727043011707,6.30446108905856,6.9242231436513,8.20210367536229,8.69967531749662,9.76413005792433,1,1,1,1,1,1,1,1,0.967741935483871,0.967741935483871,0.967741935483871,0.935483870967742,0.935483870967742,0.935483870967742,0.935483870967742,0.903225806451613,0,0,0,0,0,0,0,0,2871,0.267627,-0.257718020355549
"872",291,291,2,0.551550883010296,4.63769815799553,5.22382053110076,5.65347629277182,6.3306669517133,6.95042900630605,8.22830953801704,8.72588118015137,9.79033592057908,1,1,1,1,1,1,1,1,0.967741935483871,0.967741935483871,0.967741935483871,0.935483870967742,0.935483870967742,0.935483870967742,0.935483870967742,0.903225806451613,0,0,0,0,0,0,0,0,2872,0.209189,-0.342361883010296
"873",291,291,3,0.518581707513674,4.60472898249891,5.19085135560414,5.62050711727519,6.29769777621668,6.91745983080943,8.19534036252042,8.69291200465475,9.75736674508246,1,1,1,1,1,1,1,1,0.967741935483871,0.967741935483871,0.967741935483871,0.935483870967742,0.935483870967742,0.935483870967742,0.935483870967742,0.903225806451613,0,0,0,0,0,0,0,0,2873,0.176958,-0.341623707513674
"874",292,292,1,0.500005518790926,4.58617903761286,5.17230517516876,5.60196369636239,6.279158704653,6.89892473975185,8.17681347882438,8.67438831668026,9.73884989371334,1,1,1,1,1,1,1,1,0.967741935483871,0.967741935483871,0.967741935483871,0.935483870967742,0.935483870967742,0.935483870967742,0.935483870967742,0.903225806451613,0,0,0,0,0,0,0,0,2874,0.21699,-0.283015518790926
"875",292,292,2,0.522591745025567,4.6087652638475,5.1948914014034,5.62454992259703,6.30174493088764,6.92151096598649,8.19939970505902,8.69697454291491,9.76143611994798,1,1,1,1,1,1,1,1,0.967741935483871,0.967741935483871,0.967741935483871,0.935483870967742,0.935483870967742,0.935483870967742,0.935483870967742,0.903225806451613,0,0,0,0,0,0,0,0,2875,0.17882,-0.343771745025567
"876",292,292,3,0.501056067183434,4.58722958600537,5.17335572356127,5.6030142447549,6.28020925304551,6.89997528814436,8.17786402721689,8.67543886507277,9.73990044210585,1,1,1,1,1,1,1,1,0.967741935483871,0.967741935483871,0.967741935483871,0.935483870967742,0.935483870967742,0.935483870967742,0.935483870967742,0.903225806451613,0,0,0,0,0,0,0,0,2876,0.246312,-0.254744067183434
"877",293,293,1,0.538932218873291,4.62512980327812,5.21125939283308,5.6409204445073,6.31811944114851,6.93788912636912,8.21578539158738,8.71336315991806,9.77783100611425,1,1,1,1,1,1,1,1,0.967741935483871,0.967741935483871,0.967741935483871,0.935483870967742,0.935483870967742,0.935483870967742,0.935483870967742,0.903225806451613,0,0,0,0,0,0,0,0,2877,0.209453,-0.329479218873291
"878",293,293,2,0.518135282744954,4.60433286714978,5.19046245670474,5.62012350837896,6.29732250502017,6.91709219024078,8.19498845545904,8.69256622378972,9.75703406998592,1,1,1,1,1,1,1,1,0.967741935483871,0.967741935483871,0.967741935483871,0.935483870967742,0.935483870967742,0.935483870967742,0.935483870967742,0.903225806451613,0,0,0,0,0,0,0,0,2878,0.236139,-0.281996282744954
"879",293,293,3,0.53319231189715,4.61938989630198,5.20551948585694,5.63518053753116,6.31237953417237,6.93214921939298,8.21004548461124,8.70762325294192,9.77209109913811,1,1,1,1,1,1,1,1,0.967741935483871,0.967741935483871,0.967741935483871,0.935483870967742,0.935483870967742,0.935483870967742,0.935483870967742,0.903225806451613,0,0,0,0,0,0,0,0,2879,0.572427,0.03923468810285
"880",294,294,1,0.723444547167293,4.80964204745904,5.39577162494871,5.82543266777849,6.50263165047977,7.12240132294262,8.40029756185579,8.89787531994399,9.96234314422844,1,1,1,1,1,1,1,1,0.967741935483871,0.967741935483871,0.967741935483871,0.935483870967742,0.935483870967742,0.935483870967742,0.935483870967742,0.903225806451613,0,0,0,0,0,0,0,0,2880,0.181155,-0.542289547167293
"881",294,294,2,0.502617912717891,4.58881541300963,5.1749449904993,5.60460603332908,6.28180501603037,6.90157468849322,8.17947092740638,8.67704868549459,9.74151650977904,1,1,1,1,1,1,1,1,0.967741935483871,0.967741935483871,0.967741935483871,0.935483870967742,0.935483870967742,0.935483870967742,0.935483870967742,0.903225806451613,0,0,0,0,0,0,0,0,2881,0.203639,-0.298978912717891
"882",294,294,3,0.515307463845905,4.60150496413765,5.18763454162732,5.6172955844571,6.29449456715838,6.91426423962123,8.1921604785344,8.6897382366226,9.75420606090706,1,1,1,1,1,1,1,1,0.967741935483871,0.967741935483871,0.967741935483871,0.935483870967742,0.935483870967742,0.935483870967742,0.935483870967742,0.903225806451613,0,0,0,0,0,0,0,0,2882,0.181465,-0.333842463845905
"883",295,295,1,0.50255773368727,4.58878206871604,5.1749154954159,5.60457935990104,6.28178278988042,6.90155653247355,8.17946116354336,8.67704218930727,9.74151700412856,1,1,1,1,1,1,1,1,0.967741935483871,0.967741935483871,0.967741935483871,0.935483870967742,0.935483870967742,0.935483870967742,0.935483870967742,0.903225806451613,0,0,0,0,0,0,0,0,2883,0.201025,-0.30153273368727
"884",295,295,2,0.513591998612384,4.59981633364115,5.18594976034102,5.61561362482616,6.29281705480553,6.91259079739866,8.19049542846848,8.68807645423238,9.75255126905367,1,1,1,1,1,1,1,1,0.967741935483871,0.967741935483871,0.967741935483871,0.935483870967742,0.935483870967742,0.935483870967742,0.935483870967742,0.903225806451613,0,0,0,0,0,0,0,0,2884,0.229225,-0.284366998612384
"885",295,295,3,0.529500294670065,4.61572462969883,5.2018580563987,5.63152192088384,6.30872535086321,6.92849909345634,8.20640372452616,8.70398475029006,9.76845956511135,1,1,1,1,1,1,1,1,0.967741935483871,0.967741935483871,0.967741935483871,0.935483870967742,0.935483870967742,0.935483870967742,0.935483870967742,0.903225806451613,0,0,0,0,0,0,0,0,2885,0.235102,-0.294398294670065
"886",296,296,1,0.532626488188784,4.61886627715639,5.20500192058969,5.63466741004658,6.31187340118254,6.93164948773545,8.20955895179005,8.70714185938571,9.77162070000865,1,1,1,1,1,1,1,1,0.967741935483871,0.967741935483871,0.967741935483871,0.935483870967742,0.935483870967742,0.935483870967742,0.935483870967742,0.903225806451613,0,0,0,0,0,0,0,0,2886,0.172913,-0.359713488188784
"887",296,296,2,0.497539532690625,4.58377932165823,5.16991496509153,5.59958045454842,6.27678644568438,6.89656253223729,8.17447199629189,8.67205490388755,9.73653374451049,1,1,1,1,1,1,1,1,0.967741935483871,0.967741935483871,0.967741935483871,0.935483870967742,0.935483870967742,0.935483870967742,0.935483870967742,0.903225806451613,0,0,0,0,0,0,0,0,2887,0.218545,-0.278994532690625
"888",296,296,3,0.523285049635615,4.60952483860322,5.19566048203652,5.62532597149341,6.30253196262937,6.92230804918228,8.20021751323688,8.69780042083254,9.76227926145549,1,1,1,1,1,1,1,1,0.967741935483871,0.967741935483871,0.967741935483871,0.935483870967742,0.935483870967742,0.935483870967742,0.935483870967742,0.903225806451613,0,0,0,0,0,0,0,0,2888,0.166918,-0.356367049635615
"889",297,297,1,0.49395685479185,4.5802016399953,5.16633800009529,5.59600401490316,6.27321083405731,6.892987678409,8.17089870496051,8.66848222094963,9.73296236310837,1,1,1,1,1,1,1,1,0.967741935483871,0.967741935483871,0.967741935483871,0.935483870967742,0.935483870967742,0.935483870967742,0.935483870967742,0.903225806451613,0,0,0,0,0,0,0,0,2889,0.200619,-0.29333785479185
"890",297,297,2,0.512973047084811,4.59921783228826,5.18535419238825,5.61502020719612,6.29222702635027,6.91200387070196,8.18991489725347,8.68749841324259,9.75197855540133,1,1,1,1,1,1,1,1,0.967741935483871,0.967741935483871,0.967741935483871,0.935483870967742,0.935483870967742,0.935483870967742,0.935483870967742,0.903225806451613,0,0,0,0,0,0,0,0,2890,0.170545,-0.342428047084811
"891",297,297,3,0.49600343291851,4.58224821812196,5.16838457822195,5.59805059302982,6.27525741218397,6.89503425653566,8.17294528308717,8.67052879907629,9.73500894123503,1,1,1,1,1,1,1,1,0.967741935483871,0.967741935483871,0.967741935483871,0.935483870967742,0.935483870967742,0.935483870967742,0.935483870967742,0.903225806451613,0,0,0,0,0,0,0,0,2891,0.529608,0.0336045670814898
"892",298,298,1,0.698769218533126,4.78501576256144,5.37115237494959,5.80081857469677,6.47802568533816,7.09780279645774,8.37571437305503,8.87329810321689,9.93777870355527,1,1,1,1,1,1,1,1,0.967741935483871,0.967741935483871,0.967741935483871,0.935483870967742,0.935483870967742,0.935483870967742,0.935483870967742,0.903225806451613,0,0,0,0,0,0,0,0,2892,0.199255,-0.499514218533126
"893",298,298,2,0.512397135583205,4.59864367961152,5.18478029199967,5.61444649174685,6.29165360238824,6.91143071350782,8.1893422901051,8.68692602026697,9.75140662060534,1,1,1,1,1,1,1,1,0.967741935483871,0.967741935483871,0.967741935483871,0.935483870967742,0.935483870967742,0.935483870967742,0.935483870967742,0.903225806451613,0,0,0,0,0,0,0,0,2893,0.189876,-0.322521135583205
"894",298,298,3,0.507105875125491,4.5933524191538,5.17948903154196,5.60915523128914,6.28636234193052,6.9061394530501,8.18405102964739,8.68163475980926,9.74611536014763,1,1,1,1,1,1,1,1,0.967741935483871,0.967741935483871,0.967741935483871,0.935483870967742,0.935483870967742,0.935483870967742,0.935483870967742,0.903225806451613,0,0,0,0,0,0,0,0,2894,0.237312,-0.269793875125491
"895",299,299,1,0.533676016804907,4.61991431305406,5.20604974236986,5.63571507486836,6.31292081861848,6.9326966787649,8.21060567599446,8.70818840182126,9.77266685358616,1,1,1,1,1,1,1,1,0.967741935483871,0.967741935483871,0.967741935483871,0.935483870967742,0.935483870967742,0.935483870967742,0.935483870967742,0.903225806451613,0,0,0,0,0,0,0,0,2895,0.175279,-0.358397016804907
"896",299,299,2,0.498673959527511,4.58491225577667,5.17104768509246,5.60071301759096,6.27791876134108,6.89769462148751,8.17560361871707,8.67318634454386,9.73766479630877,1,1,1,1,1,1,1,1,0.967741935483871,0.967741935483871,0.967741935483871,0.935483870967742,0.935483870967742,0.935483870967742,0.935483870967742,0.903225806451613,0,0,0,0,0,0,0,0,2896,0.335746,-0.162927959527511
"897",299,299,3,0.589217301379944,4.6754555976291,5.26159102694489,5.6912563594434,6.36846210319352,6.98823796333994,8.2661469605695,8.7637296863963,9.8282081381612,1,1,1,1,1,1,1,1,0.967741935483871,0.967741935483871,0.967741935483871,0.935483870967742,0.935483870967742,0.935483870967742,0.935483870967742,0.903225806451613,0,0,0,0,0,0,0,0,2897,0.194147,-0.395070301379944
"898",300,300,1,0.508838483005626,4.59510198951939,5.1812410350289,5.61090901837054,6.28811894017753,6.9078986240641,8.18581550542122,8.68340130111112,9.74788632023248,1,1,1,1,1,1,1,1,0.967741935483871,0.967741935483871,0.967741935483871,0.935483870967742,0.935483870967742,0.935483870967742,0.935483870967742,0.903225806451613,0,0,0,0,0,0,0,0,2898,0.19068,-0.318158483005626
"899",300,300,2,0.50688242791912,4.59314593443288,5.1792849799424,5.60895296328403,6.28616288509102,6.9059425689776,8.18385945033472,8.68144524602462,9.74593026514597,1,1,1,1,1,1,1,1,0.967741935483871,0.967741935483871,0.967741935483871,0.935483870967742,0.935483870967742,0.935483870967742,0.935483870967742,0.903225806451613,0,0,0,0,0,0,0,0,2899,0.198985,-0.30789742791912
"900",300,300,3,0.511568045886651,4.59783155240041,5.18397059790993,5.61363858125156,6.29084850305855,6.91062818694513,8.18854506830225,8.68613086399215,9.7506158831135,1,1,1,1,1,1,1,1,0.967741935483871,0.967741935483871,0.967741935483871,0.935483870967742,0.935483870967742,0.935483870967742,0.935483870967742,0.903225806451613,0,0,0,0,0,0,0,0,2900,0.191015,-0.320553045886651
"901",301,301,1,0.507202329688184,4.59347952306648,5.17962053183796,5.60928995434461,6.28650214445379,6.90628390428102,8.18420506599725,8.68179252834164,9.746281112936,1,1,1,1,1,1,1,1,0.967741935483871,0.967741935483871,0.967741935483871,0.935483870967742,0.935483870967742,0.935483870967742,0.935483870967742,0.903225806451613,0,0,0,0,0,0,0,0,2901,0.215523,-0.291679329688184
"902",301,301,2,0.52103119111918,4.60730838449747,5.19344939326895,5.6231188157756,6.30033100588478,6.92011276571202,8.19803392742825,8.69562138977263,9.760109974367,1,1,1,1,1,1,1,1,0.967741935483871,0.967741935483871,0.967741935483871,0.935483870967742,0.935483870967742,0.935483870967742,0.935483870967742,0.903225806451613,0,0,0,0,0,0,0,0,2902,0.176618,-0.34441319111918
"903",301,301,3,0.499078691773135,4.58535588515143,5.17149689392291,5.60116631642956,6.27837850653874,6.89816026636597,8.17608142808221,8.67366889042659,9.73815747502095,1,1,1,1,1,1,1,1,0.967741935483871,0.967741935483871,0.967741935483871,0.935483870967742,0.935483870967742,0.935483870967742,0.935483870967742,0.903225806451613,0,0,0,0,0,0,0,0,2903,0.525538,0.0264593082268654
"904",302,302,1,0.696384134789615,4.7823422889066,5.36843753426419,5.79807340999741,6.47523272623958,7.0949660961252,8.37278748315554,8.87033609597285,9.93474156979532,1,1,1,1,1,1,1,1,0.967741935483871,0.967741935483871,0.967741935483871,0.935483870967742,0.935483870967742,0.935483870967742,0.935483870967742,0.903225806451613,0,0,0,0,0,0,0,0,2904,0.194107,-0.502277134789615
"905",302,302,2,0.509348961710824,4.59530711582781,5.1814023611854,5.61103823691862,6.28819755316079,6.90793092304641,8.18575231007674,8.68330092289406,9.74770639671653,1,1,1,1,1,1,1,1,0.967741935483871,0.967741935483871,0.967741935483871,0.935483870967742,0.935483870967742,0.935483870967742,0.935483870967742,0.903225806451613,0,0,0,0,0,0,0,0,2905,0.226445,-0.282903961710824
"906",302,302,3,0.527598140052687,4.61355629416967,5.19965153952726,5.62928741526048,6.30644673150265,6.92618010138827,8.20400148841861,8.70155010123592,9.7659555750584,1,1,1,1,1,1,1,1,0.967741935483871,0.967741935483871,0.967741935483871,0.935483870967742,0.935483870967742,0.935483870967742,0.935483870967742,0.903225806451613,0,0,0,0,0,0,0,0,2906,0.225346,-0.302252140052687
"907",303,303,1,0.525484661669379,4.61140095793302,5.19749019914473,5.62712167355156,6.30427405275858,6.92400107389868,8.20180937052079,8.69935288629206,9.76374745600672,1,1,1,1,1,1,1,1,0.967741935483871,0.967741935483871,0.967741935483871,0.935483870967742,0.935483870967742,0.935483870967742,0.935483870967742,0.903225806451613,0,0,0,0,0,0,0,0,2907,0.224268,-0.301216661669379
"908",303,303,2,0.524876316789483,4.61079261305313,5.19688185426483,5.62651332867166,6.30366570787868,6.92339272901878,8.2012010256409,8.69874454141216,9.76313911112683,1,1,1,1,1,1,1,1,0.967741935483871,0.967741935483871,0.967741935483871,0.935483870967742,0.935483870967742,0.935483870967742,0.935483870967742,0.903225806451613,0,0,0,0,0,0,0,0,2908,0.199001,-0.325875316789483
"909",303,303,3,0.510617457716832,4.59653375398048,5.18262299519218,5.61225446959901,6.28940684880603,6.90913386994613,8.18694216656825,8.68448568233951,9.74888025205418,1,1,1,1,1,1,1,1,0.967741935483871,0.967741935483871,0.967741935483871,0.935483870967742,0.935483870967742,0.935483870967742,0.935483870967742,0.903225806451613,0,0,0,0,0,0,0,0,2909,0.186951,-0.323666457716832
"910",304,304,1,0.50341440843088,4.58858277681041,5.17456473425654,5.6041175645267,6.28114599084054,6.90075957081199,8.17833396434205,8.67578640466242,9.73998613671506,1,1,1,1,1,1,1,1,0.967741935483871,0.967741935483871,0.967741935483871,0.935483870967742,0.935483870967742,0.935483870967742,0.935483870967742,0.903225806451613,0,0,0,0,0,0,0,0,2910,0.218273,-0.28514140843088
"911",304,304,2,0.521100656845508,4.60626902522503,5.19225098267117,5.62180381294133,6.29883223925517,6.91844581922662,8.19602021275668,8.69347265307704,9.75767238512968,1,1,1,1,1,1,1,1,0.967741935483871,0.967741935483871,0.967741935483871,0.935483870967742,0.935483870967742,0.935483870967742,0.935483870967742,0.903225806451613,0,0,0,0,0,0,0,0,2911,0.21044,-0.310660656845508
"912",304,304,3,0.516677683094413,4.60184605147394,5.18782800892007,5.61738083919023,6.29440926550408,6.91402284547553,8.19159723900558,8.68904967932595,9.75324941137859,1,1,1,1,1,1,1,1,0.967741935483871,0.967741935483871,0.967741935483871,0.935483870967742,0.935483870967742,0.935483870967742,0.935483870967742,0.903225806451613,0,0,0,0,0,0,0,0,2912,0.283906,-0.232771683094413
"913",305,305,1,0.556289121000393,4.64056401910655,5.22641781599417,5.65587669843891,6.33275705135195,6.95223511516721,8.22953008943233,8.72687373155205,9.79084071167385,1,1,1,1,1,1,1,1,0.967741935483871,0.967741935483871,0.967741935483871,0.935483870967742,0.935483870967742,0.935483870967742,0.935483870967742,0.903225806451613,0,0,0,0,0,0,0,0,2913,0.172171,-0.384118121000393
"914",305,305,2,0.493222728827174,4.57749762693333,5.16335142382095,5.59281030626569,6.26969065917873,6.88916872299399,8.16646369725911,8.66380733937883,9.72777431950063,1,1,1,1,1,1,1,1,0.967741935483871,0.967741935483871,0.967741935483871,0.935483870967742,0.935483870967742,0.935483870967742,0.935483870967742,0.903225806451613,0,0,0,0,0,0,0,0,2914,0.213516,-0.279706728827174
"915",305,305,3,0.516559015437473,4.60083391354363,5.18668771043125,5.61614659287599,6.29302694578903,6.91250500960429,8.18979998386941,8.68714362598912,9.75111060611093,1,1,1,1,1,1,1,1,0.967741935483871,0.967741935483871,0.967741935483871,0.935483870967742,0.935483870967742,0.935483870967742,0.935483870967742,0.903225806451613,0,0,0,0,0,0,0,0,2915,0.471505,-0.0450540154374731
"916",306,306,1,0.660197960966903,4.7432320840019,5.32890790247115,5.75823631821404,6.43491103945708,7.05420091002926,8.33110785072608,8.8283004032134,9.89194415736771,1,1,1,1,1,1,1,1,0.967741935483871,0.967741935483871,0.967741935483871,0.935483870967742,0.935483870967742,0.935483870967742,0.935483870967742,0.903225806451613,0,0,0,0,0,0,0,0,2916,0.384425,-0.275772960966903
"917",306,306,2,0.611071932693926,4.69410605572892,5.27978187419818,5.70911028994106,6.3857850111841,7.00507488175628,8.2819818224531,8.77917437494043,9.84281812909474,1,1,1,1,1,1,1,1,0.967741935483871,0.967741935483871,0.967741935483871,0.935483870967742,0.935483870967742,0.935483870967742,0.935483870967742,0.903225806451613,0,0,0,0,0,0,0,0,2917,0.230414,-0.380657932693926
"918",306,306,3,0.524186898927854,4.60722102196285,5.1928968404321,5.62222525617499,6.29889997741803,6.91818984799021,8.19509678868703,8.69228934117436,9.75593309532866,1,1,1,1,1,1,1,1,0.967741935483871,0.967741935483871,0.967741935483871,0.935483870967742,0.935483870967742,0.935483870967742,0.935483870967742,0.903225806451613,0,0,0,0,0,0,0,0,2918,0.177308,-0.346878898927854
"919",307,307,1,0.492762438477145,4.57506372253908,5.16063442161614,5.58988577981167,6.26643904882265,6.88561776682076,8.16229552325341,8.65939883767203,9.72285168487504,1,1,1,1,1,1,1,1,0.967741935483871,0.967741935483871,0.967741935483871,0.935483870967742,0.935483870967742,0.935483870967742,0.935483870967742,0.903225806451613,0,0,0,0,0,0,0,0,2919,0.194771,-0.297991438477145
"920",307,307,2,0.502616251584452,4.58491753564639,5.17048823472344,5.59973959291897,6.27629286192995,6.89547157992807,8.17214933636071,8.66925265077934,9.73270549798234,1,1,1,1,1,1,1,1,0.967741935483871,0.967741935483871,0.967741935483871,0.935483870967742,0.935483870967742,0.935483870967742,0.935483870967742,0.903225806451613,0,0,0,0,0,0,0,0,2920,0.231285,-0.271331251584452
"921",307,307,3,0.52321993547612,4.60552121953806,5.19109191861511,5.62034327681064,6.29689654582162,6.91607526381974,8.19275302025238,8.68985633467101,9.75330918187401,1,1,1,1,1,1,1,1,0.967741935483871,0.967741935483871,0.967741935483871,0.935483870967742,0.935483870967742,0.935483870967742,0.935483870967742,0.903225806451613,0,0,0,0,0,0,0,0,2921,0.249809,-0.27341093547612
"922",308,308,1,0.532986992247538,4.61531191195004,5.20088600135466,5.63013984482261,6.30669703093054,6.92587933383937,8.20256448195981,8.69967067449899,9.76312967886373,1,1,1,1,1,1,1,1,0.967741935483871,0.967741935483871,0.967741935483871,0.935483870967742,0.935483870967742,0.935483870967742,0.935483870967742,0.903225806451613,0,0,0,0,0,0,0,0,2922,0.179529,-0.353457992247538
"923",308,308,2,0.493342545408882,4.57566746511138,5.161241554516,5.59049539798396,6.26705258409188,6.88623488700071,8.16292003512115,8.66002622766034,9.72348523202507,1,1,1,1,1,1,1,1,0.967741935483871,0.967741935483871,0.967741935483871,0.935483870967742,0.935483870967742,0.935483870967742,0.935483870967742,0.903225806451613,0,0,0,0,0,0,0,0,2923,0.393949,-0.0993935454088823
"924",308,308,3,0.614295338396141,4.69662025809864,5.28219434750326,5.71144819097121,6.38800537707914,7.00718767998797,8.28387282810841,8.78097902064759,9.84443802501233,1,1,1,1,1,1,1,1,0.967741935483871,0.967741935483871,0.967741935483871,0.935483870967742,0.935483870967742,0.935483870967742,0.935483870967742,0.903225806451613,0,0,0,0,0,0,0,0,2924,0.185081,-0.429214338396141
"925",309,309,1,0.496588576160674,4.57892966746019,5.16450607654009,5.59376162044108,6.27032148664195,6.8895062423606,8.16619644790252,8.66330460966296,9.72676782678166,1,1,1,1,1,1,1,1,0.967741935483871,0.967741935483871,0.967741935483871,0.935483870967742,0.935483870967742,0.935483870967742,0.935483870967742,0.903225806451613,0,0,0,0,0,0,0,0,2925,0.209496,-0.287092576160674
"926",309,309,2,0.510368279029411,4.59270937032893,5.17828577940883,5.60754132330982,6.28410118951068,6.90328594522934,8.17997615077126,8.6770843125317,9.7405475296504,1,1,1,1,1,1,1,1,0.967741935483871,0.967741935483871,0.967741935483871,0.935483870967742,0.935483870967742,0.935483870967742,0.935483870967742,0.903225806451613,0,0,0,0,0,0,0,0,2926,0.181229,-0.329139279029411
"927",309,309,3,0.494414526787322,4.57675561808684,5.16233202716674,5.59158757106773,6.26814743726859,6.88733219298725,8.16402239852917,8.66113056028961,9.72459377740831,1,1,1,1,1,1,1,1,0.967741935483871,0.967741935483871,0.967741935483871,0.935483870967742,0.935483870967742,0.935483870967742,0.935483870967742,0.903225806451613,0,0,0,0,0,0,0,0,2927,0.562235,0.0678204732126779
"928",310,310,1,0.709128306143009,4.79147021405035,5.37704674026556,5.80630237003234,6.48286237156831,7.10204725114509,8.37873771206871,8.87584597326779,9.93930940311549,1,1,1,1,1,1,1,1,0.967741935483871,0.967741935483871,0.967741935483871,0.935483870967742,0.935483870967742,0.935483870967742,0.935483870967742,0.903225806451613,0,0,0,0,0,0,0,0,2928,0.221332,-0.487796306143009
"929",310,310,2,0.516810424577703,4.59915233248504,5.18472885870025,5.61398448846703,6.290544490003,6.90972936957979,8.1864198305034,8.68352809170248,9.74699152155019,1,1,1,1,1,1,1,1,0.967741935483871,0.967741935483871,0.967741935483871,0.935483870967742,0.935483870967742,0.935483870967742,0.935483870967742,0.903225806451613,0,0,0,0,0,0,0,0,2929,0.357567,-0.159243424577703
"930",310,310,3,0.593666382416295,4.67600829032363,5.26158481653884,5.69084044630562,6.36740044784159,6.98658532741838,8.26327578834199,8.76038404954107,9.82384747938878,1,1,1,1,1,1,1,1,0.967741935483871,0.967741935483871,0.967741935483871,0.935483870967742,0.935483870967742,0.935483870967742,0.935483870967742,0.903225806451613,0,0,0,0,0,0,0,0,2930,0.214489,-0.379177382416295
"931",311,311,1,0.512558716064759,4.5949243497683,5.18050427924312,5.60976240376213,6.2863263373364,6.90551481549816,8.18221269630438,8.6793238466023,9.74279345709758,1,1,1,1,1,1,1,1,0.967741935483871,0.967741935483871,0.967741935483871,0.935483870967742,0.935483870967742,0.935483870967742,0.935483870967742,0.903225806451613,0,0,0,0,0,0,0,0,2931,0.176549,-0.336009716064759
"932",311,311,2,0.49116432964443,4.57352996334797,5.15910989282279,5.5883680173418,6.26493195091607,6.88412042907783,8.16081830988405,8.65792946018197,9.72139907067725,1,1,1,1,1,1,1,1,0.967741935483871,0.967741935483871,0.967741935483871,0.935483870967742,0.935483870967742,0.935483870967742,0.935483870967742,0.903225806451613,0,0,0,0,0,0,0,0,2932,0.20508,-0.28608432964443
"933",311,311,3,0.507252975900582,4.58961860960413,5.17519853907894,5.60445666359795,6.28102059717222,6.90020907533398,8.1769069561402,8.67401810643812,9.7374877169334,1,1,1,1,1,1,1,1,0.967741935483871,0.967741935483871,0.967741935483871,0.935483870967742,0.935483870967742,0.935483870967742,0.935483870967742,0.903225806451613,0,0,0,0,0,0,0,0,2933,0.193222,-0.314030975900582
"934",312,312,1,0.501078373387077,4.58347513679337,5.16905953155395,5.59832092934122,6.27489002199138,6.8940832217178,8.170790837866,8.66790577883916,9.73138349872391,1,1,1,1,1,1,1,1,0.967741935483871,0.967741935483871,0.967741935483871,0.935483870967742,0.935483870967742,0.935483870967742,0.935483870967742,0.903225806451613,0,0,0,0,0,0,0,0,2934,0.205022,-0.296056373387077
"935",312,312,2,0.507737386072872,4.59013414947917,5.17571854423975,5.60497994202701,6.28154903467718,6.90074223440359,8.17744985055179,8.67456479152496,9.73804251140971,1,1,1,1,1,1,1,1,0.967741935483871,0.967741935483871,0.967741935483871,0.935483870967742,0.935483870967742,0.935483870967742,0.935483870967742,0.903225806451613,0,0,0,0,0,0,0,0,2935,0.173443,-0.334294386072872
"936",312,312,3,0.489916626614845,4.57231339002114,5.15789778478172,5.58715918256899,6.26372827521915,6.88292147494557,8.15962909109376,8.65674403206693,9.72022175195168,1,1,1,1,1,1,1,1,0.967741935483871,0.967741935483871,0.967741935483871,0.935483870967742,0.935483870967742,0.935483870967742,0.935483870967742,0.903225806451613,0,0,0,0,0,0,0,0,2936,0.228632,-0.261284626614845
"937",313,313,1,0.520641567648743,4.60304793142217,5.18863370327212,5.61789611053182,6.29446679423549,6.91366145008741,8.19037206860469,8.68748817861806,9.75096839942987,1,1,1,1,1,1,1,1,0.967741935483871,0.967741935483871,0.967741935483871,0.935483870967742,0.935483870967742,0.935483870967742,0.935483870967742,0.903225806451613,0,0,0,0,0,0,0,0,2937,0.176377,-0.344264567648743
"938",313,313,2,0.491154942770438,4.57356130654387,5.15914707839381,5.58840948565352,6.26498016935719,6.8841748252091,8.16088544372639,8.65800155373976,9.72148177455157,1,1,1,1,1,1,1,1,0.967741935483871,0.967741935483871,0.967741935483871,0.935483870967742,0.935483870967742,0.935483870967742,0.935483870967742,0.903225806451613,0,0,0,0,0,0,0,0,2938,0.200496,-0.290658942770438
"939",313,313,3,0.504764892161689,4.58717125593512,5.17275702778506,5.60201943504477,6.27859011874844,6.89778477460035,8.17449539311764,8.67161150313101,9.73509172394282,1,1,1,1,1,1,1,1,0.967741935483871,0.967741935483871,0.967741935483871,0.935483870967742,0.935483870967742,0.935483870967742,0.935483870967742,0.903225806451613,0,0,0,0,0,0,0,0,2939,0.545392,0.0406271078383108
"940",314,314,1,0.699391086685727,4.78179785068517,5.36738367994406,5.79664612928727,6.47321687931976,7.09241159587553,8.36912233955742,8.86623849830646,9.92971882337846,1,1,1,1,1,1,1,1,0.967741935483871,0.967741935483871,0.967741935483871,0.935483870967742,0.935483870967742,0.935483870967742,0.935483870967742,0.903225806451613,0,0,0,0,0,0,0,0,2940,0.181959,-0.517432086685727
"941",314,314,2,0.494307186508908,4.57671395050835,5.16229977976724,5.59156222911045,6.26813297914294,6.88732769569871,8.16403843938061,8.66115459812964,9.72463492320164,1,1,1,1,1,1,1,1,0.967741935483871,0.967741935483871,0.967741935483871,0.935483870967742,0.935483870967742,0.935483870967742,0.935483870967742,0.903225806451613,0,0,0,0,0,0,0,0,2941,0.322997,-0.171310186508908
"942",314,314,3,0.573894409224342,4.65630117322378,5.24188700248267,5.67114945182589,6.34772020185837,6.96691491841415,8.24362566209604,8.74074182084508,9.80422214591707,1,1,1,1,1,1,1,1,0.967741935483871,0.967741935483871,0.967741935483871,0.935483870967742,0.935483870967742,0.935483870967742,0.935483870967742,0.903225806451613,0,0,0,0,0,0,0,0,2942,0.189486,-0.384408409224342
"943",315,315,1,0.498549997431761,4.5809684476535,5.16655595319958,5.59581963134156,6.272392318113,6.89158880716415,8.16830320553466,8.66542078731924,9.7289041566904,1,1,1,1,1,1,1,1,0.967741935483871,0.967741935483871,0.967741935483871,0.935483870967742,0.935483870967742,0.935483870967742,0.935483870967742,0.903225806451613,0,0,0,0,0,0,0,0,2943,0.202678,-0.295871997431762
"944",315,315,2,0.50599374017655,4.58841219039828,5.17399969594437,5.60326337408635,6.27983606085779,6.89903254990893,8.17574694827945,8.67286453006403,9.73634789943519,1,1,1,1,1,1,1,1,0.967741935483871,0.967741935483871,0.967741935483871,0.935483870967742,0.935483870967742,0.935483870967742,0.935483870967742,0.903225806451613,0,0,0,0,0,0,0,0,2944,0.191106,-0.31488774017655
"945",315,315,3,0.499464101680288,4.58188255190202,5.16747005744811,5.59673373559009,6.27330642236153,6.89250291141267,8.16921730978319,8.66633489156777,9.72981826093893,1,1,1,1,1,1,1,1,0.967741935483871,0.967741935483871,0.967741935483871,0.935483870967742,0.935483870967742,0.935483870967742,0.935483870967742,0.903225806451613,0,0,0,0,0,0,0,0,2945,0.260134,-0.239330101680288
"946",316,316,1,0.538545121064287,4.62097524585136,5.20656442601255,5.63582933172758,6.31240395330607,6.93160221308453,8.20832026249814,8.70543926589879,9.76892567653243,1,1,1,1,1,1,1,1,0.967741935483871,0.967741935483871,0.967741935483871,0.935483870967742,0.935483870967742,0.935483870967742,0.935483870967742,0.903225806451613,0,0,0,0,0,0,0,0,2946,0.172945,-0.365600121064287
"947",316,316,2,0.489354828926041,4.57178495371311,5.1573741338743,5.58663903958933,6.26321366116782,6.88241192094629,8.15912997035989,8.65624897376055,9.71973538439419,1,1,1,1,1,1,1,1,0.967741935483871,0.967741935483871,0.967741935483871,0.935483870967742,0.935483870967742,0.935483870967742,0.935483870967742,0.903225806451613,0,0,0,0,0,0,0,0,2947,0.667916,0.178561171073959
"948",316,316,3,0.7686075797313,4.85103770451837,5.43662688467956,5.86589179039459,6.54246641197308,7.16166467175155,8.43838272116515,8.93550172456581,9.99898813519945,1,1,1,1,1,1,1,1,0.967741935483871,0.967741935483871,0.967741935483871,0.935483870967742,0.935483870967742,0.935483870967742,0.935483870967742,0.903225806451613,0,0,0,0,0,0,0,0,2948,0.165268,-0.6033395797313
"949",317,317,1,0.484756825734029,4.56724006028044,5.1528368585758,5.58210734874792,6.25869077212197,6.87789708726686,8.15463174595148,8.65175721654687,9.71525746244667,1,1,1,1,1,1,1,1,0.967741935483871,0.967741935483871,0.967741935483871,0.935483870967742,0.935483870967742,0.935483870967742,0.935483870967742,0.903225806451613,0,0,0,0,0,0,0,0,2949,0.697641,0.212884174265971
"950",317,317,2,0.785120446032188,4.8676036805786,5.45320047887396,5.88247096904608,6.55905439242013,7.17826070756501,8.45499536624964,8.95212083684503,10.0156210827448,1,1,1,1,1,1,1,1,0.967741935483871,0.967741935483871,0.967741935483871,0.935483870967742,0.935483870967742,0.935483870967742,0.935483870967742,0.903225806451613,0,0,0,0,0,0,0,0,2950,0.21219,-0.572930446032188
"951",317,317,3,0.511230110050909,4.59371334459732,5.17931014289268,5.6085806330648,6.28516405643885,6.90437037158373,8.18110503026836,8.67823050086375,9.74173074676355,1,1,1,1,1,1,1,1,0.967741935483871,0.967741935483871,0.967741935483871,0.935483870967742,0.935483870967742,0.935483870967742,0.935483870967742,0.903225806451613,0,0,0,0,0,0,0,0,2951,0.513993,0.00276288994909135
"952",318,318,1,0.682104378050718,4.7645973954741,5.35019559703828,5.77946711587362,6.45605216054824,7.07525995950062,8.3519976776315,8.84912433949139,9.91262713386266,1,1,1,1,1,1,1,1,0.967741935483871,0.967741935483871,0.967741935483871,0.935483870967742,0.935483870967742,0.935483870967742,0.935483870967742,0.903225806451613,0,0,0,0,0,0,0,0,2952,0.207976,-0.474128378050718
"953",318,318,2,0.509409439082283,4.59190245650566,5.17750065806984,5.60677217690519,6.28335722157981,6.90256502053218,8.17930273866307,8.67642940052296,9.73993219489423,1,1,1,1,1,1,1,1,0.967741935483871,0.967741935483871,0.967741935483871,0.935483870967742,0.935483870967742,0.935483870967742,0.935483870967742,0.903225806451613,0,0,0,0,0,0,0,0,2953,0.183428,-0.325981439082283
"954",318,318,3,0.495556236934046,4.57804925435743,5.16364745592161,5.59291897475695,6.26950401943157,6.88871181838395,8.16544953651483,8.66257619837472,9.72607899274599,1,1,1,1,1,1,1,1,0.967741935483871,0.967741935483871,0.967741935483871,0.935483870967742,0.935483870967742,0.935483870967742,0.935483870967742,0.903225806451613,0,0,0,0,0,0,0,0,2954,0.207176,-0.288380236934046
"955",319,319,1,0.50894421218172,4.59144378617593,5.17704292822331,5.60631513647787,6.28290126776249,6.9021100611758,8.17884982977468,8.67597729003059,9.73948179241002,1,1,1,1,1,1,1,1,0.967741935483871,0.967741935483871,0.967741935483871,0.935483870967742,0.935483870967742,0.935483870967742,0.935483870967742,0.903225806451613,0,0,0,0,0,0,0,0,2955,0.203259,-0.30568521218172
"956",319,319,2,0.506734487400123,4.58923406139433,5.17483320344171,5.60410541169627,6.28069154298089,6.8999003363942,8.17664010499308,8.67376756524899,9.73727206762842,1,1,1,1,1,1,1,1,0.967741935483871,0.967741935483871,0.967741935483871,0.935483870967742,0.935483870967742,0.935483870967742,0.935483870967742,0.903225806451613,0,0,0,0,0,0,0,0,2956,0.209872,-0.296862487400123
"957",319,319,3,0.51046512563875,4.59296469963296,5.17856384168034,5.6078360499349,6.28442218121952,6.90363097463283,8.18037074323171,8.67749820348762,9.74100270586705,1,1,1,1,1,1,1,1,0.967741935483871,0.967741935483871,0.967741935483871,0.935483870967742,0.935483870967742,0.935483870967742,0.935483870967742,0.903225806451613,0,0,0,0,0,0,0,0,2957,0.181011,-0.32945412563875
"958",320,320,1,0.49384280561626,4.57635579198842,5.16195685792505,5.59123047648253,6.26781883057912,6.88702965830063,8.16377362141712,8.66090271490317,9.72441071125096,1,1,1,1,1,1,1,1,0.967741935483871,0.967741935483871,0.967741935483871,0.935483870967742,0.935483870967742,0.935483870967742,0.935483870967742,0.903225806451613,0,0,0,0,0,0,0,0,2958,0.198488,-0.29535480561626
"959",320,320,2,0.503702321477805,4.58621530784997,5.17181637378659,5.60108999234407,6.27767834644067,6.89688917416218,8.17363313727866,8.67076223076472,9.73427022711251,1,1,1,1,1,1,1,1,0.967741935483871,0.967741935483871,0.967741935483871,0.935483870967742,0.935483870967742,0.935483870967742,0.935483870967742,0.903225806451613,0,0,0,0,0,0,0,0,2959,0.200633,-0.303069321477805
"960",320,320,3,0.504912406819855,4.58742539319202,5.17302645912864,5.60230007768612,6.27888843178272,6.89809925950423,8.17484322262071,8.67197231610677,9.73548031245456,1,1,1,1,1,1,1,1,0.967741935483871,0.967741935483871,0.967741935483871,0.935483870967742,0.935483870967742,0.935483870967742,0.935483870967742,0.903225806451613,0,0,0,0,0,0,0,0,2960,0.208444,-0.296468406819855
"961",321,321,1,0.509391043469722,4.59188183341274,5.17747971546418,5.6067510000814,6.28333567559925,6.90254313670091,8.17928015822112,8.67640654883992,9.73990876294526,1,1,1,1,1,1,1,1,0.967741935483871,0.967741935483871,0.967741935483871,0.935483870967742,0.935483870967742,0.935483870967742,0.935483870967742,0.903225806451613,0,0,0,0,0,0,0,0,2961,0.289373,-0.220018043469722
"962",321,321,2,0.55505252215494,4.63754331209795,5.2231411941494,5.65241247876661,6.32899715428447,6.94820461538613,8.22494163690634,8.72206802752514,9.78557024163048,1,1,1,1,1,1,1,1,0.967741935483871,0.967741935483871,0.967741935483871,0.935483870967742,0.935483870967742,0.935483870967742,0.935483870967742,0.903225806451613,0,0,0,0,0,0,0,0,2962,0.184791,-0.37026152215494
"963",321,321,3,0.496045630140243,4.57853642008326,5.1641343021347,5.59340558675192,6.26999026226977,6.88919772337143,8.16593474489164,8.66306113551044,9.72656334961578,1,1,1,1,1,1,1,1,0.967741935483871,0.967741935483871,0.967741935483871,0.935483870967742,0.935483870967742,0.935483870967742,0.935483870967742,0.903225806451613,0,0,0,0,0,0,0,0,2963,0.528756,0.0327103698597572
"964",322,322,1,0.690098832297978,4.77260345924584,5.35820332609557,5.78747606566496,6.46406303436752,7.08327259418221,8.36001394301564,8.85714201857156,9.92064783726195,1,1,1,1,1,1,1,1,0.967741935483871,0.967741935483871,0.967741935483871,0.935483870967742,0.935483870967742,0.935483870967742,0.935483870967742,0.903225806451613,0,0,0,0,0,0,0,0,2964,0.174922,-0.515176832297978
"965",322,322,2,0.490472985486491,4.57297761243435,5.15857747928409,5.58785021885347,6.26443718755603,6.88364674737072,8.16038809620416,8.65751617176007,9.72102199045047,1,1,1,1,1,1,1,1,0.967741935483871,0.967741935483871,0.967741935483871,0.935483870967742,0.935483870967742,0.935483870967742,0.935483870967742,0.903225806451613,0,0,0,0,0,0,0,0,2965,0.204071,-0.286401985486491
"966",322,322,3,0.506918250239759,4.58942287718762,5.17502274403735,5.60429548360674,6.2808824523093,6.90009201212399,8.17683336095742,8.67396143651334,9.73746725520374,1,1,1,1,1,1,1,1,0.967741935483871,0.967741935483871,0.967741935483871,0.935483870967742,0.935483870967742,0.935483870967742,0.935483870967742,0.903225806451613,0,0,0,0,0,0,0,0,2966,0.175167,-0.331751250239759
"967",323,323,1,0.490438927821582,4.57295008314965,5.15855088643888,5.58782431246325,6.26441236310384,6.88362291310367,8.16036630358891,8.65749517410806,9.72100269346287,1,1,1,1,1,1,1,1,0.967741935483871,0.967741935483871,0.967741935483871,0.935483870967742,0.935483870967742,0.935483870967742,0.935483870967742,0.903225806451613,0,0,0,0,0,0,0,0,2967,0.231248,-0.259190927821582
"968",323,323,2,0.522084149786525,4.60459530511459,5.19019610840382,5.6194695344282,6.29605758506878,6.91526813506861,8.19201152555386,8.68914039607301,9.75264791542782,1,1,1,1,1,1,1,1,0.967741935483871,0.967741935483871,0.967741935483871,0.935483870967742,0.935483870967742,0.935483870967742,0.935483870967742,0.903225806451613,0,0,0,0,0,0,0,0,2968,0.37807,-0.144014149786525
"969",323,323,3,0.604932436716804,4.68744359204487,5.2730443953341,5.70231782135848,6.37890587199906,6.99811642199889,8.27485981248413,8.77198868300328,9.83549620235809,1,1,1,1,1,1,1,1,0.967741935483871,0.967741935483871,0.967741935483871,0.935483870967742,0.935483870967742,0.935483870967742,0.935483870967742,0.903225806451613,0,0,0,0,0,0,0,0,2969,0.386361,-0.218571436716804
"970",324,324,1,0.60951997882691,4.69202222451677,5.27762174979571,5.70689423897735,6.38348081303782,7.00269001167773,8.27943061580887,8.77655840139813,9.84006359976303,1,1,1,1,1,1,1,1,0.967741935483871,0.967741935483871,0.967741935483871,0.935483870967742,0.935483870967742,0.935483870967742,0.935483870967742,0.903225806451613,0,0,0,0,0,0,0,0,2970,0.21468,-0.39483997882691
"971",324,324,2,0.512638046967346,4.59514029265721,5.18073981793614,5.61001230711778,6.28659888117826,6.90580807981817,8.18254868394931,8.67967646953857,9.74318166790346,1,1,1,1,1,1,1,1,0.967741935483871,0.967741935483871,0.967741935483871,0.935483870967742,0.935483870967742,0.935483870967742,0.935483870967742,0.903225806451613,0,0,0,0,0,0,0,0,2971,0.18232,-0.330318046967346
"972",324,324,3,0.494376857231875,4.57687910292174,5.16247862820067,5.59175111738231,6.26833769144279,6.8875468900827,8.16428749421384,8.6614152798031,9.72492047816799,1,1,1,1,1,1,1,1,0.967741935483871,0.967741935483871,0.967741935483871,0.935483870967742,0.935483870967742,0.935483870967742,0.935483870967742,0.903225806451613,0,0,0,0,0,0,0,0,2972,0.224586,-0.269790857231875
"973",325,325,1,0.518073009668375,4.600600526764,5.18620367700683,5.61547882346055,6.29206958571073,6.91128261736431,8.18803112474398,8.68516198764152,9.74867376929034,1,1,1,1,1,1,1,1,0.967741935483871,0.967741935483871,0.967741935483871,0.935483870967742,0.935483870967742,0.935483870967742,0.935483870967742,0.903225806451613,0,0,0,0,0,0,0,0,2973,0.193837,-0.324236009668375
"974",325,325,2,0.500719899556714,4.58324741665234,5.16885056689517,5.59812571334889,6.27471647559907,6.89392950725265,8.17067801463232,8.66780887752986,9.73132065917868,1,1,1,1,1,1,1,1,0.967741935483871,0.967741935483871,0.967741935483871,0.935483870967742,0.935483870967742,0.935483870967742,0.935483870967742,0.903225806451613,0,0,0,0,0,0,0,0,2974,0.327605,-0.173114899556714
"975",325,325,3,0.576211487361736,4.65873900445736,5.24434215470019,5.67361730115391,6.35020806340409,6.96942109505767,8.24616960243734,8.74330046533488,9.8068122469837,1,1,1,1,1,1,1,1,0.967741935483871,0.967741935483871,0.967741935483871,0.935483870967742,0.935483870967742,0.935483870967742,0.935483870967742,0.903225806451613,0,0,0,0,0,0,0,0,2975,0.52888,-0.0473314873617361
"976",326,326,1,0.689952165285129,4.77245524955669,5.35805489512289,5.78732747248086,6.46391418551814,7.08312351134904,8.35986437773388,8.85699226543754,9.92049768225571,1,1,1,1,1,1,1,1,0.967741935483871,0.967741935483871,0.967741935483871,0.935483870967742,0.935483870967742,0.935483870967742,0.935483870967742,0.903225806451613,0,0,0,0,0,0,0,0,2976,0.218569,-0.471383165285129
"977",326,326,2,0.514835502552503,4.59733858682406,5.18293823239027,5.61221080974823,6.28879752278552,6.90800684861641,8.18474771500125,8.68187560270491,9.74538101952308,1,1,1,1,1,1,1,1,0.967741935483871,0.967741935483871,0.967741935483871,0.935483870967742,0.935483870967742,0.935483870967742,0.935483870967742,0.903225806451613,0,0,0,0,0,0,0,0,2977,0.186179,-0.328656502552503
"978",326,326,3,0.496556973251545,4.5790600575231,5.16465970308931,5.59393228044727,6.27051899348456,6.88972831931545,8.16646918570029,8.66359707340395,9.72710249022212,1,1,1,1,1,1,1,1,0.967741935483871,0.967741935483871,0.967741935483871,0.935483870967742,0.935483870967742,0.935483870967742,0.935483870967742,0.903225806451613,0,0,0,0,0,0,0,0,2978,0.205102,-0.291454973251545
"979",327,327,1,0.507075526852365,4.58957906048584,5.17517877050912,5.6044513951172,6.28103818262651,6.9002475766139,8.17698858352986,8.67411652595248,9.7376220598309,1,1,1,1,1,1,1,1,0.967741935483871,0.967741935483871,0.967741935483871,0.935483870967742,0.935483870967742,0.935483870967742,0.935483870967742,0.903225806451613,0,0,0,0,0,0,0,0,2979,0.216199,-0.290876526852365
"980",327,327,2,0.513336848175941,4.59584038180942,5.18144009183269,5.61071271644077,6.28729950395009,6.90650889793748,8.18324990485343,8.68037784727606,9.74388338115448,1,1,1,1,1,1,1,1,0.967741935483871,0.967741935483871,0.967741935483871,0.935483870967742,0.935483870967742,0.935483870967742,0.935483870967742,0.903225806451613,0,0,0,0,0,0,0,0,2980,0.171325,-0.342011848175941
"981",327,327,3,0.48801734442951,4.57052087806299,5.15612058808626,5.58539321269434,6.26198000020366,6.88118939419105,8.157930401107,8.65505834352963,9.71856387740805,1,1,1,1,1,1,1,1,0.967741935483871,0.967741935483871,0.967741935483871,0.935483870967742,0.935483870967742,0.935483870967742,0.935483870967742,0.903225806451613,0,0,0,0,0,0,0,0,2981,0.35101,-0.13700734442951
"982",328,328,1,0.5882512365441,4.66683104035656,5.25186792538129,5.68072797231867,6.35666448635418,6.97527875278206,8.25079267275951,8.74744282117253,9.80992621058893,1,1,1,1,1,1,1,1,0.967741935483871,0.967741935483871,0.967741935483871,0.935483870967742,0.935483870967742,0.935483870967742,0.935483870967742,0.903225806451613,0,0,0,0,0,0,0,0,2982,0.165727,-0.422524236544101
"983",328,328,2,0.483578284517058,4.56215808832952,5.14719497335425,5.57605502029163,6.25199153432714,6.87060580075502,8.14611972073247,8.64276986914549,9.70525325856189,1,1,1,1,1,1,1,1,0.967741935483871,0.967741935483871,0.967741935483871,0.935483870967742,0.935483870967742,0.935483870967742,0.935483870967742,0.903225806451613,0,0,0,0,0,0,0,0,2983,0.21132,-0.272258284517058
"984",328,328,3,0.509335390683133,4.5879151944956,5.17295207952032,5.60181212645771,6.27774864049321,6.8963629069211,8.17187682689854,8.66852697531157,9.73101036472796,1,1,1,1,1,1,1,1,0.967741935483871,0.967741935483871,0.967741935483871,0.935483870967742,0.935483870967742,0.935483870967742,0.935483870967742,0.903225806451613,0,0,0,0,0,0,0,0,2984,0.180651,-0.328684390683133
"985",329,329,1,0.49140479100381,4.56998979311109,5.1550274237861,5.58388801732085,6.25982539286144,6.87844044773518,8.15395599340042,8.6506067748117,9.71309151840091,1,1,1,1,1,1,1,1,0.967741935483871,0.967741935483871,0.967741935483871,0.935483870967742,0.935483870967742,0.935483870967742,0.935483870967742,0.903225806451613,0,0,0,0,0,0,0,0,2985,0.208925,-0.28247979100381
"986",329,329,2,0.507381232286521,4.5859662343938,5.17100386506881,5.59986445860356,6.27580183414416,6.89441688901789,8.16993243468313,8.66658321609441,9.72906795968362,1,1,1,1,1,1,1,1,0.967741935483871,0.967741935483871,0.967741935483871,0.935483870967742,0.935483870967742,0.935483870967742,0.935483870967742,0.903225806451613,0,0,0,0,0,0,0,0,2986,0.305075,-0.202306232286521
"987",329,329,3,0.561711529709336,4.64029653181661,5.22533416249163,5.65419475602637,6.33013213156697,6.94874718644071,8.22426273210595,8.72091351351722,9.78339825710644,1,1,1,1,1,1,1,1,0.967741935483871,0.967741935483871,0.967741935483871,0.935483870967742,0.935483870967742,0.935483870967742,0.935483870967742,0.903225806451613,0,0,0,0,0,0,0,0,2987,0.562582,0.00087047029066345
"988",330,330,1,0.707888496255046,4.78645321118759,5.37148793184341,5.80034639219476,6.4762804055743,7.09489238341233,8.37040158457163,8.86704989560625,9.92952935432004,1,1,1,1,1,1,1,1,0.967741935483871,0.967741935483871,0.967741935483871,0.935483870967742,0.935483870967742,0.935483870967742,0.935483870967742,0.903225806451613,0,0,0,0,0,0,0,0,2988,0.170796,-0.537092496255046
"989",330,330,2,0.48656802260091,4.56513273753345,5.15016745818927,5.57902591854062,6.25495993192017,6.87357190975819,8.14908111091749,8.64572942195211,9.7082088806659,1,1,1,1,1,1,1,1,0.967741935483871,0.967741935483871,0.967741935483871,0.935483870967742,0.935483870967742,0.935483870967742,0.935483870967742,0.903225806451613,0,0,0,0,0,0,0,0,2989,0.205518,-0.28105002260091
"990",330,330,3,0.506182530230634,4.58474724516317,5.16978196581899,5.59864042617034,6.27457443954989,6.89318641738792,8.16869561854722,8.66534392958184,9.72782338829562,1,1,1,1,1,1,1,1,0.967741935483871,0.967741935483871,0.967741935483871,0.935483870967742,0.935483870967742,0.935483870967742,0.935483870967742,0.903225806451613,0,0,0,0,0,0,0,0,2990,0.203779,-0.302403530230634
"991",331,331,1,0.504894916013017,4.58347858645423,5.1685160261133,5.59737647962421,6.27331363446993,6.89192848736463,8.16744361657152,8.66409423582533,9.72657863251118,1,1,1,1,1,1,1,1,0.967741935483871,0.967741935483871,0.967741935483871,0.935483870967742,0.935483870967742,0.935483870967742,0.935483870967742,0.903225806451613,0,0,0,0,0,0,0,0,2991,0.201969,-0.302925916013017
"992",331,331,2,0.503872099039348,4.58245576948056,5.16749320913963,5.59635366265055,6.27229081749626,6.89090567039096,8.16642079959785,8.66307141885166,9.72555581553751,1,1,1,1,1,1,1,1,0.967741935483871,0.967741935483871,0.967741935483871,0.935483870967742,0.935483870967742,0.935483870967742,0.935483870967742,0.903225806451613,0,0,0,0,0,0,0,0,2992,0.252463,-0.251409099039348
"993",331,331,3,0.532405867143455,4.61098953758467,5.19602697724374,5.62488743075465,6.30082458560036,6.91943943849506,8.19495456770195,8.69160518695577,9.75408958364161,1,1,1,1,1,1,1,1,0.967741935483871,0.967741935483871,0.967741935483871,0.935483870967742,0.935483870967742,0.935483870967742,0.935483870967742,0.903225806451613,0,0,0,0,0,0,0,0,2993,0.184783,-0.347622867143454
"994",332,332,1,0.49386383397489,4.57245422375263,5.15749262724223,5.58635378728706,6.26229205571768,6.88090792776062,8.15642515833801,8.65307659580789,9.71556274290289,1,1,1,1,1,1,1,1,0.967741935483871,0.967741935483871,0.967741935483871,0.935483870967742,0.935483870967742,0.935483870967742,0.935483870967742,0.903225806451613,0,0,0,0,0,0,0,0,2994,0.211013,-0.28285083397489
"995",332,332,2,0.508683788317119,4.58727417809486,5.17231258158446,5.60117374162929,6.27711201005991,6.89572788210285,8.17124511268024,8.66789655015011,9.73038269724512,1,1,1,1,1,1,1,1,0.967741935483871,0.967741935483871,0.967741935483871,0.935483870967742,0.935483870967742,0.935483870967742,0.935483870967742,0.903225806451613,0,0,0,0,0,0,0,0,2995,0.215997,-0.292686788317119
"996",332,332,3,0.511499749142192,4.59009013891994,5.17512854240953,5.60398970245437,6.27992797088498,6.89854384292793,8.17406107350532,8.67071251097519,9.73319865807019,1,1,1,1,1,1,1,1,0.967741935483871,0.967741935483871,0.967741935483871,0.935483870967742,0.935483870967742,0.935483870967742,0.935483870967742,0.903225806451613,0,0,0,0,0,0,0,0,2996,0.226711,-0.284788749142192
"997",333,333,1,0.51742050486936,4.59601234209103,5.1810509532039,5.60991226544653,6.28585077375971,6.90446686534218,8.17998454858569,8.67663616231133,9.73912268647022,1,1,1,1,1,1,1,1,0.967741935483871,0.967741935483871,0.967741935483871,0.935483870967742,0.935483870967742,0.935483870967742,0.935483870967742,0.903225806451613,0,0,0,0,0,0,0,0,2997,0.18547,-0.33195050486936
"998",333,333,2,0.494113724125244,4.57270556134691,5.15774417245978,5.58660548470241,6.2625439930156,6.88116008459806,8.15667776784157,8.65332938156721,9.7158159057261,1,1,1,1,1,1,1,1,0.967741935483871,0.967741935483871,0.967741935483871,0.935483870967742,0.935483870967742,0.935483870967742,0.935483870967742,0.903225806451613,0,0,0,0,0,0,0,0,2998,0.216021,-0.278092724125244
"999",333,333,3,0.511379199223168,4.58997103644484,5.1750096475577,5.60387095980034,6.27980946811352,6.89842555969599,8.17394324293949,8.67059485666514,9.73308138082402,1,1,1,1,1,1,1,1,0.967741935483871,0.967741935483871,0.967741935483871,0.935483870967742,0.935483870967742,0.935483870967742,0.935483870967742,0.903225806451613,0,0,0,0,0,0,0,0,2999,0.545896,0.0345168007768318
