"","train_iter","test_iter","predict_iter","mean","sd"
"1",1,1,1,8.71397507975918,16.6509616128673
"2",1,1,2,35.8647035967997,16.6509616128673
"3",1,1,3,32.2401457455202,16.6509616128673
"4",2,2,1,14.2216373356823,16.6939821407891
"5",2,2,2,9.01851502264806,16.6939821407891
"6",2,2,3,8.59781951504373,16.6939821407891
"7",3,3,1,8.83496743344962,16.6950866322166
"8",3,3,2,9.42209249648929,16.6950866322166
"9",3,3,3,9.00514397656677,16.6950866322166
"10",4,4,1,8.81357136925873,16.6767364992647
"11",4,4,2,8.81599567421313,16.6767364992646
"12",4,4,3,8.59715516456772,16.6767364992646
"13",5,5,1,8.44717800075681,16.6504807721737
"14",5,5,2,8.74710187465886,16.6504807721737
"15",5,5,3,8.53706450480081,16.6504807721737
"16",6,6,1,32.2257048608688,16.6766567027853
"17",6,6,2,32.113802928557,16.6766567027853
"18",6,6,3,8.62854195455894,16.6766567027853
"19",7,7,1,8.4199954382373,16.6931877201276
"20",7,7,2,8.41421160038627,16.6931877201276
"21",7,7,3,8.58609723206307,16.6931877201276
"22",8,8,1,8.95497070989474,16.6808695109655
"23",8,8,2,8.46814705524563,16.6808695109655
"24",8,8,3,8.42447692753444,16.6808695109655
"25",9,9,1,12.6496333961497,16.6448454870231
"26",9,9,2,8.77924845191508,16.6448454870231
"27",9,9,3,8.53859248085851,16.6448454870231
"28",10,10,1,9.12939516991866,16.6454720953843
"29",10,10,2,33.9045087785712,16.6454720953843
"30",10,10,3,32.4608939362064,16.6454720953843
"31",11,11,1,32.4439784072335,16.6840200154398
"32",11,11,2,8.70355319891467,16.6840200154398
"33",11,11,3,8.6574411612953,16.6840200154398
"34",12,12,1,8.95823459399135,16.6960973560879
"35",12,12,2,8.6671909552996,16.6960973560879
"36",12,12,3,9.0672450031221,16.6960973560879
"37",13,13,1,8.55959488196731,16.6061220646332
"38",13,13,2,8.35409575360566,16.6061220646332
"39",13,13,3,8.60995275094677,16.6061220646332
"40",14,14,1,9.25632501123063,16.5819113498738
"41",14,14,2,8.97301814250187,16.5819113498738
"42",14,14,3,9.07435830575817,16.5819113498738
"43",15,15,1,33.0112408516037,16.609505595271
"44",15,15,2,32.6459241779753,16.609505595271
"45",15,15,3,18.469034479929,16.609505595271
"46",16,16,1,9.54591772492241,16.617377808559
"47",16,16,2,8.82274769053381,16.617377808559
"48",16,16,3,8.80939283203038,16.617377808559
"49",17,17,1,9.50438122311521,16.6024920349228
"50",17,17,2,9.03590269224016,16.6024920349228
"51",17,17,3,8.91878230313496,16.6024920349228
"52",18,18,1,8.3902413966806,16.5599602941382
"53",18,18,2,8.33874189973361,16.5599602941382
"54",18,18,3,8.49606994480308,16.5599602941382
"55",19,19,1,8.62699099797807,16.5603408015797
"56",19,19,2,8.40231991799381,16.5603408015797
"57",19,19,3,34.1780811500321,16.5603408015797
"58",20,20,1,35.5063400866778,16.5994202451201
"59",20,20,2,8.85822483321129,16.5994202451201
"60",20,20,3,8.89419110193107,16.5994202451201
"61",21,21,1,12.3858520084476,16.6137694515359
"62",21,21,2,8.99127224040347,16.6137694515359
"63",21,21,3,9.01611420603033,16.6137694515359
"64",22,22,1,8.53792222661269,16.5930919089666
"65",22,22,2,8.60540020093685,16.5930919089666
"66",22,22,3,8.7749513235901,16.5930919089666
"67",23,23,1,8.40583927383437,16.5663834099037
"68",23,23,2,8.58664504241019,16.5663834099037
"69",23,23,3,8.715126844612,16.5663834099037
"70",24,24,1,36.8769230045169,16.604980674382
"71",24,24,2,33.2835810444462,16.604980674382
"72",24,24,3,31.7608274223104,16.604980674382
"73",25,25,1,8.64572129667974,16.6239011171413
"74",25,25,2,9.92145208366922,16.6239011171413
"75",25,25,3,9.23978833871271,16.6239011171413
"76",26,26,1,8.95762089071974,16.6236413106452
"77",26,26,2,9.97549292864269,16.6236413106452
"78",26,26,3,8.80253034899892,16.6236413106452
"79",27,27,1,8.68232396858376,16.5690096616962
"80",27,27,2,9.20343637131944,16.5690096616962
"81",27,27,3,8.81022325180381,16.5690096616962
"82",28,28,1,8.917240380066,16.5688604221451
"83",28,28,2,8.965032821559,16.5688604221451
"84",28,28,3,32.81455305589,16.5688604221451
"85",29,29,1,35.5317239721631,16.6040930683292
"86",29,29,2,9.25773409413756,16.6040930683292
"87",29,29,3,10.6814429621226,16.6040930683292
"88",30,30,1,9.02888993839172,16.6179823377737
"89",30,30,2,9.06630890263881,16.6179823377737
"90",30,30,3,10.0436107659984,16.6179823377737
"91",31,31,1,9.25855223637968,16.591063789377
"92",31,31,2,8.45563267668858,16.591063789377
"93",31,31,3,9.84540315659117,16.591063789377
"94",32,32,1,9.37080260250412,16.5618952206165
"95",32,32,2,9.0428236908514,16.5618952206165
"96",32,32,3,9.82753702106562,16.5618952206165
"97",33,33,1,9.4953876999314,16.5616395060476
"98",33,33,2,34.9182705240202,16.5616395060476
"99",33,33,3,32.1857095634016,16.5616395060476
"100",34,34,1,25.6801643521278,16.5969742220063
"101",34,34,2,9.60259294604132,16.5969742220063
"102",34,34,3,9.49433759387044,16.5969742220063
"103",35,35,1,9.69486607916147,16.6028390308538
"104",35,35,2,9.05433614468038,16.6028390308538
"105",35,35,3,9.11762624351676,16.6028390308538
"106",36,36,1,9.34759998535838,16.5630329473925
"107",36,36,2,8.80821438987796,16.5630329473925
"108",36,36,3,8.96929023837183,16.5630329473925
"109",37,37,1,9.31237830120513,16.5626138181322
"110",37,37,2,8.70648222308515,16.5626138181322
"111",37,37,3,33.9933810582231,16.5626138181322
"112",38,38,1,34.7792946546953,16.5998950002936
"113",38,38,2,31.5184654686413,16.5998950002936
"114",38,38,3,9.2075798792658,16.5998950002936
"115",39,39,1,9.52356522391257,16.6130491630608
"116",39,39,2,8.81565005616165,16.6130491630608
"117",39,39,3,9.02377825141021,16.6130491630608
"118",40,40,1,9.88473829464145,16.6008135514384
"119",40,40,2,8.79278571065995,16.6008135514384
"120",40,40,3,8.90646236320977,16.6008135514384
"121",41,41,1,8.87162886248061,16.5702266283779
"122",41,41,2,8.80208126008348,16.570226628378
"123",41,41,3,9.10618857122437,16.5702266283779
"124",42,42,1,8.35428648852872,16.5702824519066
"125",42,42,2,32.6419387891207,16.5702824519065
"126",42,42,3,32.7238460586638,16.5702824519066
"127",43,43,1,9.8357437189508,16.6131015383967
"128",43,43,2,9.48101407266692,16.6131015383967
"129",43,43,3,9.03470520900072,16.6131015383967
"130",44,44,1,9.74921708122894,16.6129638132932
"131",44,44,2,9.1193069763813,16.6129638132932
"132",44,44,3,9.02360793193276,16.6129638132932
"133",45,45,1,8.4183243336518,16.5840997886562
"134",45,45,2,8.44427316904686,16.5840997886562
"135",45,45,3,8.78973172017373,16.5840997886562
"136",46,46,1,8.82367230525539,16.558875294156
"137",46,46,2,9.11715988827554,16.558875294156
"138",46,46,3,9.06146847245237,16.558875294156
"139",47,47,1,38.2067057151634,16.6013054593439
"140",47,47,2,33.5959918528119,16.6013054593439
"141",47,47,3,9.21093304461398,16.6013054593439
"142",48,48,1,9.18230925286238,16.6165677066996
"143",48,48,2,9.89282262038954,16.6165677066996
"144",48,48,3,9.43316710489021,16.6165677066996
"145",49,49,1,8.96900492078477,16.5986094532869
"146",49,49,2,9.31730475397928,16.5986094532869
"147",49,49,3,9.7302449275872,16.5986094532869
"148",50,50,1,8.84646750794474,16.5570714401622
"149",50,50,2,8.81147526402793,16.5570714401622
"150",50,50,3,8.26512954124233,16.5570714401622
"151",51,51,1,9.41439738080342,16.5571112342246
"152",51,51,2,32.1184695617385,16.5571112342246
"153",51,51,3,32.7736257911024,16.5571112342246
"154",52,52,1,32.4334412573865,16.5917552542312
"155",52,52,2,8.62249902299419,16.5917552542312
"156",52,52,3,8.73714328223276,16.5917552542312
"157",53,53,1,9.03119792679194,16.6040481113868
"158",53,53,2,8.88469358287836,16.6040481113868
"159",53,53,3,9.00089247980162,16.6040481113868
"160",54,54,1,8.94855774117005,16.5847029027531
"161",54,54,2,8.73177549747562,16.5847029027531
"162",54,54,3,29.620118499201,16.5847029027531
"163",55,55,1,8.66084957523802,16.590084000459
"164",55,55,2,9.0574292249603,16.590084000459
"165",55,55,3,9.45984589434198,16.590084000459
"166",56,56,1,35.7729023284257,16.6243061786156
"167",56,56,2,32.631588837888,16.6243061786156
"168",56,56,3,9.1974812750049,16.6243061786156
"169",57,57,1,8.66528175508067,16.6390103594943
"170",57,57,2,8.83901985072947,16.6390103594943
"171",57,57,3,9.13066520304112,16.6390103594943
"172",58,58,1,8.8827628613592,16.6250336642717
"173",58,58,2,8.8017488953921,16.6250336642717
"174",58,58,3,8.77708989294268,16.6250336642717
"175",59,59,1,8.17752608347022,16.5887713773149
"176",59,59,2,8.97215182853084,16.5887713773149
"177",59,59,3,8.8595513777236,16.5887713773149
"178",60,60,1,9.60420127600968,16.5883404197713
"179",60,60,2,13.8056622977503,16.5883404197713
"180",60,60,3,37.1493755066762,16.5883404197713
"181",61,61,1,32.9674822767748,16.6235829232029
"182",61,61,2,9.34184605814569,16.6235829232029
"183",61,61,3,9.10004602921596,16.6235829232029
"184",62,62,1,9.17362091243638,16.6348374947436
"185",62,62,2,9.03695456115569,16.6348374947436
"186",62,62,3,9.1008440714484,16.6348374947437
"187",63,63,1,9.45753363846392,16.612143662595
"188",63,63,2,8.99913739658231,16.612143662595
"189",63,63,3,10.1583494331053,16.612143662595
"190",64,64,1,8.9387757371478,16.5794101738882
"191",64,64,2,8.51507353927433,16.5794101738882
"192",64,64,3,9.00124695610658,16.5794101738882
"193",65,65,1,31.934187054733,16.6044853689133
"194",65,65,2,32.5448061938999,16.6044853689133
"195",65,65,3,31.4375383318043,16.6044853689133
"196",66,66,1,9.0066663810581,16.6241190607002
"197",66,66,2,9.83314713343199,16.6241190607002
"198",66,66,3,9.05690603633843,16.6241190607002
"199",67,67,1,9.66044567295491,16.6118747483146
"200",67,67,2,9.94805171764675,16.6118747483146
"201",67,67,3,9.30781133382377,16.6118747483146
"202",68,68,1,8.76721448128323,16.5761491250726
"203",68,68,2,9.20179968932726,16.5761491250726
"204",68,68,3,9.08376717162732,16.5761491250726
"205",69,69,1,8.70281282010338,16.5761371384967
"206",69,69,2,8.70216412711036,16.5761371384967
"207",69,69,3,36.5939976984462,16.5761371384967
"208",70,70,1,32.5753335051694,16.6173484544045
"209",70,70,2,8.76219928766434,16.6173484544045
"210",70,70,3,8.76397065522345,16.6173484544045
"211",71,71,1,8.78509473049065,16.629487366455
"212",71,71,2,8.4441702177706,16.6294873664551
"213",71,71,3,9.39882768983426,16.629487366455
"214",72,72,1,9.09935147932603,16.6128689462136
"215",72,72,2,8.99510582640477,16.6128689462136
"216",72,72,3,9.78328539447161,16.6128689462136
"217",73,73,1,9.11413149450101,16.5896834948872
"218",73,73,2,8.46982653120952,16.5896834948872
"219",73,73,3,9.16664488338325,16.5896834948872
"220",74,74,1,25.1979040799671,16.6007378545147
"221",74,74,2,32.166875569231,16.6007378545147
"222",74,74,3,32.1302857115982,16.6007378545147
"223",75,75,1,8.29145006731198,16.6267537430682
"224",75,75,2,8.89315339039651,16.6267537430682
"225",75,75,3,8.54904236718677,16.6267537430682
"226",76,76,1,8.574098555793,16.6268617754173
"227",76,76,2,8.522030628567,16.6268617754173
"228",76,76,3,8.51085961878102,16.6268617754173
"229",77,77,1,12.3051824684542,16.5797284596508
"230",77,77,2,8.44209775241825,16.5797284596508
"231",77,77,3,8.48973698659304,16.5797284596508
"232",78,78,1,9.13096425449642,16.5515477468981
"233",78,78,2,8.40703741676717,16.5515477468981
"234",78,78,3,34.7270981161854,16.5515477468981
"235",79,79,1,33.1620951617952,16.5891897673165
"236",79,79,2,32.7510817619808,16.5891897673165
"237",79,79,3,8.70430902693324,16.5891897673165
"238",80,80,1,9.45350118161868,16.6061882419031
"239",80,80,2,8.65428417915633,16.6061882419031
"240",80,80,3,8.56744305717644,16.6061882419031
"241",81,81,1,9.34563679389412,16.5905078487307
"242",81,81,2,8.94173483626339,16.5905078487307
"243",81,81,3,8.83460306521227,16.5905078487307
"244",82,82,1,8.96572220104877,16.5568410777014
"245",82,82,2,8.92930592761012,16.5568410777014
"246",82,82,3,8.62939574264647,16.5568410777014
"247",83,83,1,9.65956497863932,16.556716438161
"248",83,83,2,34.8547851056919,16.556716438161
"249",83,83,3,35.1957068814586,16.556716438161
"250",84,84,1,8.80223632377383,16.6097371363973
"251",84,84,2,8.43100668508014,16.6097371363973
"252",84,84,3,8.68968957599453,16.6097371363973
"253",85,85,1,9.42416598255234,16.6098223728154
"254",85,85,2,9.64141388700916,16.6098223728154
"255",85,85,3,8.97768106915231,16.6098223728154
"256",86,86,1,8.84810908490539,16.559920362041
"257",86,86,2,8.52475542627507,16.559920362041
"258",86,86,3,9.03820860133927,16.559920362041
"259",87,87,1,8.52041968135765,16.5598314550618
"260",87,87,2,8.49982883860062,16.5598314550618
"261",87,87,3,27.0249657656326,16.5598314550618
"262",88,88,1,32.2815204162539,16.5829403514692
"263",88,88,2,33.3037540433489,16.5829403514692
"264",88,88,3,8.94753211492408,16.5829403514692
"265",89,89,1,11.553616902061,16.6008230148678
"266",89,89,2,9.63212418086862,16.6008230148678
"267",89,89,3,8.39039131772972,16.6008230148678
"268",90,90,1,8.50294585111969,16.593265893628
"269",90,90,2,9.57305256351808,16.593265893628
"270",90,90,3,9.05336622505541,16.593265893628
"271",91,91,1,8.87181210843761,16.5581722234178
"272",91,91,2,9.9399799098869,16.5581722234178
"273",91,91,3,8.68456953441443,16.5581722234178
"274",92,92,1,8.67640719698392,16.5581645415671
"275",92,92,2,32.3879886904315,16.5581645415671
"276",92,92,3,33.5282966849614,16.5581645415671
"277",93,93,1,32.7884893959577,16.5950872632181
"278",93,93,2,12.3682501502213,16.5950872632181
"279",93,93,3,8.92682639206919,16.5950872632181
"280",94,94,1,8.79406905940306,16.6025609535179
"281",94,94,2,8.81734285700658,16.6025609535179
"282",94,94,3,8.76482393352071,16.6025609535179
"283",95,95,1,9.33759082544151,16.5686399103073
"284",95,95,2,8.5401694713898,16.5686399103073
"285",95,95,3,9.80932321890366,16.5686399103073
"286",96,96,1,9.21713268616912,16.544855026553
"287",96,96,2,8.82734517682904,16.544855026553
"288",96,96,3,9.5850934163868,16.544855026553
"289",97,97,1,35.513441705134,16.5783905369551
"290",97,97,2,32.711569620445,16.5783905369551
"291",97,97,3,8.63978972369016,16.5783905369551
"292",98,98,1,14.4712925951716,16.5946705753935
"293",98,98,2,8.88481549029263,16.5946705753935
"294",98,98,3,9.66017616925652,16.5946705753935
"295",99,99,1,8.88109938374201,16.5824914123263
"296",99,99,2,8.96609301272615,16.5824914123263
"297",99,99,3,10.1537787304338,16.5824914123263
"298",100,100,1,8.92881225118859,16.5494749738381
"299",100,100,2,8.80785773696793,16.5494749738381
"300",100,100,3,9.34724804847325,16.5494749738381
"301",101,101,1,9.34179386973644,16.5494890075641
"302",101,101,2,31.9738540758577,16.5494890075641
"303",101,101,3,33.3649630626798,16.5494890075641
"304",102,102,1,32.9256786315191,16.5849508058782
"305",102,102,2,9.39519587142365,16.5849508058782
"306",102,102,3,9.95710384137766,16.5849508058782
"307",103,103,1,9.64588903309073,16.5960879953235
"308",103,103,2,9.15263356634338,16.5960879953235
"309",103,103,3,9.17428787215341,16.5960879953235
"310",104,104,1,9.99625946787636,16.5688137343566
"311",104,104,2,9.03981434948048,16.5688137343566
"312",104,104,3,8.66929015443492,16.5688137343566
"313",105,105,1,9.18359161166691,16.5424369482528
"314",105,105,2,12.3738834441354,16.5424369482528
"315",105,105,3,8.54137713671453,16.5424369482528
"316",106,106,1,35.0298859138191,16.5686899256578
"317",106,106,2,32.7219714121702,16.5686899256578
"318",106,106,3,32.5924485894391,16.5686899256578
"319",107,107,1,8.57843370698261,16.5894970843601
"320",107,107,2,8.4365487198405,16.5894970843601
"321",107,107,3,8.40937363902662,16.5894970843601
"322",108,108,1,9.16389063417783,16.5748571924135
"323",108,108,2,8.41747861774369,16.5748571924135
"324",108,108,3,8.56816928456404,16.5748571924135
"325",109,109,1,9.5838207259949,16.538170581907
"326",109,109,2,8.83416762683118,16.538170581907
"327",109,109,3,8.81990477373381,16.538170581907
"328",110,110,1,9.55652507392875,16.5381117032993
"329",110,110,2,9.03687770891852,16.5381117032993
"330",110,110,3,32.6817564477177,16.5381117032993
"331",111,111,1,31.9507713212645,16.5678249285152
"332",111,111,2,8.9039783042895,16.5678249285152
"333",111,111,3,9.09207224229852,16.5678249285152
"334",112,112,1,8.62345728136564,16.5788945415523
"335",112,112,2,8.60085317196241,16.5788945415523
"336",112,112,3,8.43285264677786,16.5788945415523
"337",113,113,1,8.98339427634278,16.5610907026207
"338",113,113,2,8.65019217465679,16.5610907026207
"339",113,113,3,8.4401946320353,16.5610907026207
"340",114,114,1,8.65379916375082,16.5347121157959
"341",114,114,2,8.52236602427975,16.5347121157959
"342",114,114,3,8.5499762816673,16.5347121157959
"343",115,115,1,36.7459644989129,16.573374451554
"344",115,115,2,32.4924670123419,16.573374451554
"345",115,115,3,32.8826795842848,16.573374451554
"346",116,116,1,8.87813515702831,16.5938080622343
"347",116,116,2,8.71168662978428,16.5938080622343
"348",116,116,3,9.91983133069806,16.5938080622343
"349",117,117,1,8.81511558334774,16.5814091925933
"350",117,117,2,11.3501693649484,16.5814091925933
"351",117,117,3,9.99922051885894,16.5814091925933
"352",118,118,1,9.57540918478923,16.5416923451726
"353",118,118,2,9.11290973311112,16.5416923451726
"354",118,118,3,9.07083932187697,16.5416923451726
"355",119,119,1,8.87737196100343,16.5418373243417
"356",119,119,2,9.00469276668852,16.5418373243417
"357",119,119,3,32.6009114843452,16.5418373243417
"358",120,120,1,48.4514102418711,16.6056167963144
"359",120,120,2,39.4230501856706,16.6056167963144
"360",120,120,3,9.1857170520404,16.6056167963144
"361",121,121,1,8.55762767834116,16.6273170709978
"362",121,121,2,11.4411914646292,16.6273170709978
"363",121,121,3,9.24802838412287,16.6273170709978
"364",122,122,1,8.57973283997122,16.6098899268375
"365",122,122,2,8.99403078563871,16.6098899268375
"366",122,122,3,8.59852157551454,16.6098899268375
"367",123,123,1,8.33624891839679,16.5913698031054
"368",123,123,2,8.54127175901951,16.5913698031054
"369",123,123,3,8.47764429401788,16.5913698031054
"370",124,124,1,8.40477143518742,16.591906728515
"371",124,124,2,32.4857287312541,16.591906728515
"372",124,124,3,32.6001988242571,16.591906728515
"373",125,125,1,8.99529587221168,16.6353009350177
"374",125,125,2,8.8656394667584,16.6353009350177
"375",125,125,3,8.88444578455013,16.6353009350177
"376",126,126,1,8.80791158300472,16.6351994464363
"377",126,126,2,8.77865961212152,16.6351994464363
"378",126,126,3,8.87667255258188,16.6351994464363
"379",127,127,1,9.28566707808287,16.5867513000289
"380",127,127,2,8.74244868571367,16.5867513000289
"381",127,127,3,8.75091233615976,16.5867513000289
"382",128,128,1,10.3235694563262,16.5864116165372
"383",128,128,2,8.75341419478599,16.5864116165372
"384",128,128,3,36.2144704310822,16.5864116165372
"385",129,129,1,33.9694363602369,16.6273712153014
"386",129,129,2,36.983021724591,16.6273712153014
"387",129,129,3,9.35805715979636,16.6273712153014
"388",130,130,1,9.57670646113431,16.6517766096397
"389",130,130,2,8.78902888982254,16.6517766096397
"390",130,130,3,8.78796325620859,16.6517766096397
"391",131,131,1,9.69500298229743,16.6359009754714
"392",131,131,2,8.87228016597484,16.6359009754714
"393",131,131,3,8.9897018036698,16.6359009754714
"394",132,132,1,9.06781831474584,16.6055423389394
"395",132,132,2,8.72838968316193,16.6055423389394
"396",132,132,3,8.81457155643269,16.6055423389394
"397",133,133,1,8.791479964965,16.591163764419
"398",133,133,2,36.0253582079474,16.591163764419
"399",133,133,3,32.7670823555378,16.591163764419
"400",134,134,1,31.9774698251404,16.6340441400487
"401",134,134,2,9.84244526517906,16.6340441400487
"402",134,134,3,9.57031133671681,16.6340441400487
"403",135,135,1,9.07162404419101,16.6430898840436
"404",135,135,2,9.82359446168932,16.6430898840436
"405",135,135,3,9.03295602145907,16.6430898840436
"406",136,136,1,9.1455007193024,16.5986554314882
"407",136,136,2,9.39773443415789,16.5986554314882
"408",136,136,3,8.91687958174759,16.5986554314882
"409",137,137,1,9.23365292911798,16.5987440703685
"410",137,137,2,8.55443376304604,16.5987440703685
"411",137,137,3,8.61416228913808,16.5987440703685
"412",138,138,1,33.781937433064,16.6287517960719
"413",138,138,2,34.4462735266893,16.6287517960719
"414",138,138,3,8.60891119370373,16.6287517960719
"415",139,139,1,8.37478849198286,16.6488086181418
"416",139,139,2,8.32311564169515,16.6488086181418
"417",139,139,3,8.38071949444617,16.6488086181418
"418",140,140,1,8.3604486991742,16.6336815751525
"419",140,140,2,8.27922932146694,16.6336815751525
"420",140,140,3,8.79310183571196,16.6336815751525
"421",141,141,1,8.58592955296219,16.598472264487
"422",141,141,2,12.4392771240907,16.598472264487
"423",141,141,3,8.76370582571945,16.598472264487
"424",142,142,1,9.36883484252299,16.5986964832757
"425",142,142,2,38.2364548768768,16.5986964832757
"426",142,142,3,32.8036474038096,16.5986964832757
"427",143,143,1,32.2466355072413,16.6467131187605
"428",143,143,2,8.91586492449245,16.6467131187605
"429",143,143,3,8.80343350500383,16.6467131187605
"430",144,144,1,8.81383641243746,16.6582712049347
"431",144,144,2,8.99856401295147,16.6582712049347
"432",144,144,3,8.84524215603192,16.6582712049347
"433",145,145,1,8.42565516859446,16.6321355288401
"434",145,145,2,12.4635665552324,16.6321355288401
"435",145,145,3,8.24799829948636,16.6321355288401
"436",146,146,1,9.40624171999927,16.6060758698192
"437",146,146,2,8.54304082284742,16.6060758698192
"438",146,146,3,8.91773777187073,16.6060758698192
"439",147,147,1,32.8316968229083,16.6323652004137
"440",147,147,2,35.4076355186524,16.6323652004137
"441",147,147,3,32.263198810099,16.6323652004137
"442",148,148,1,9.32029693392007,16.6548503208284
"443",148,148,2,9.08889595637999,16.6548503208284
"444",148,148,3,8.67758545021833,16.6548503208284
"445",149,149,1,9.33844286881215,16.6389434406336
"446",149,149,2,8.73775889408407,16.6389434406336
"447",149,149,3,9.1490774010221,16.6389434406336
"448",150,150,1,8.69597185820182,16.6004488339251
"449",150,150,2,8.98863334887486,16.6004488339251
"450",150,150,3,8.72108331186283,16.6004488339251
"451",151,151,1,8.75807924424711,16.6005853925748
"452",151,151,2,8.79515014395569,16.6005853925748
"453",151,151,3,32.7234211154458,16.6005853925748
"454",152,152,1,33.2416276627386,16.6325202036667
"455",152,152,2,9.06929090852731,16.6325202036667
"456",152,152,3,10.1353989580791,16.6325202036667
"457",153,153,1,9.58891868959181,16.6442397254912
"458",153,153,2,12.466017451303,16.6442397254912
"459",153,153,3,8.92662823573187,16.6442397254912
"460",154,154,1,9.20839003712811,16.633908109049
"461",154,154,2,8.91816544358119,16.633908109049
"462",154,154,3,8.40884557440247,16.633908109049
"463",155,155,1,8.9111287700141,16.6095071429172
"464",155,155,2,9.23759027938587,16.6095071429172
"465",155,155,3,8.69083483439122,16.6095071429172
"466",156,156,1,31.2824741133981,16.6328337438334
"467",156,156,2,32.967426837508,16.6328337438334
"468",156,156,3,32.5542052342925,16.6328337438334
"469",157,157,1,8.59234778548407,16.6555622300823
"470",157,157,2,9.4399741968428,16.6555622300823
"471",157,157,3,8.94651318614315,16.6555622300823
"472",158,158,1,8.60790911578128,16.6305867406809
"473",158,158,2,9.35591758419277,16.6305867406809
"474",158,158,3,8.58357556910332,16.6305867406809
"475",159,159,1,9.05991686417488,16.5943747332431
"476",159,159,2,8.86616373764242,16.5943747332431
"477",159,159,3,9.05378362661875,16.5943747332431
"478",160,160,1,8.5918369085871,16.5947045905757
"479",160,160,2,9.15617947595961,16.5947045905757
"480",160,160,3,32.0087277872561,16.5947045905757
"481",161,161,1,32.6319802600244,16.6241760288439
"482",161,161,2,31.4963736753833,16.6241760288439
"483",161,161,3,21.7519429757839,16.6241760288439
"484",162,162,1,8.65511505970137,16.6318819176716
"485",162,162,2,9.54639578056409,16.6318819176716
"486",162,162,3,8.7466558927818,16.6318819176716
"487",163,163,1,8.81617427595199,16.6117987501878
"488",163,163,2,8.8153076712128,16.6117987501878
"489",163,163,3,8.80431734027442,16.6117987501878
"490",164,164,1,9.40425071179756,16.5841877009382
"491",164,164,2,8.85649238339409,16.5841877009382
"492",164,164,3,8.38675422846874,16.5841877009382
"493",165,165,1,8.86881303952061,16.5843578525821
"494",165,165,2,33.4043132395408,16.5843578525821
"495",165,165,3,33.2855947417413,16.5843578525821
"496",166,166,1,8.88683630831362,16.6300524022951
"497",166,166,2,8.81282018824389,16.6300524022951
"498",166,166,3,9.63529638267392,16.6300524022951
"499",167,167,1,8.93384644792693,16.6156603064393
"500",167,167,2,8.90257799029184,16.6156603064393
"501",167,167,3,8.78527547843634,16.6156603064393
"502",168,168,1,8.89681334103407,16.578873996192
"503",168,168,2,9.0118409284762,16.578873996192
"504",168,168,3,9.4985875511011,16.578873996192
"505",169,169,1,9.10687004696412,16.5789402105703
"506",169,169,2,8.91457995789238,16.5789402105703
"507",169,169,3,35.6916528303276,16.5789402105703
"508",170,170,1,34.868629296502,16.6191016672994
"509",170,170,2,32.2156747715499,16.6191016672994
"510",170,170,3,9.24090854876092,16.6191016672994
"511",171,171,1,10.4730241637504,16.6322115170361
"512",171,171,2,9.20943177056827,16.6322115170361
"513",171,171,3,8.53957965813319,16.6322115170361
"514",172,172,1,9.35417327770601,16.6131877780947
"515",172,172,2,8.7126076887104,16.6131877780947
"516",172,172,3,29.782869704785,16.6131877780948
"517",173,173,1,9.0246632171365,16.6115488002427
"518",173,173,2,8.95886727780914,16.6115488002427
"519",173,173,3,8.39372803087234,16.6115488002427
"520",174,174,1,9.15517963179893,16.6114580863454
"521",174,174,2,36.1857942628136,16.6114580863454
"522",174,174,3,32.2574252759265,16.6114580863454
"523",175,175,1,31.5827330162576,16.6535395528539
"524",175,175,2,9.08979659683746,16.6535395528539
"525",175,175,3,9.01482866423538,16.6535395528539
"526",176,176,1,9.69978989639576,16.6639841362834
"527",176,176,2,8.66209640288009,16.6639841362834
"528",176,176,3,8.62815310121081,16.6639841362834
"529",177,177,1,9.28117628132666,16.6110925266944
"530",177,177,2,12.4821782203006,16.6110925266944
"531",177,177,3,9.21884397718846,16.6110925266944
"532",178,178,1,8.94171902505613,16.6113417236793
"533",178,178,2,8.29528442062132,16.6113417236793
"534",178,178,3,8.34550942319916,16.6113417236793
"535",179,179,1,35.373260018414,16.6461369111398
"536",179,179,2,32.6965140813747,16.6461369111398
"537",179,179,3,8.49035073847422,16.6461369111398
"538",180,180,1,8.53825402056374,16.6623462695883
"539",180,180,2,8.52114823447798,16.6623462695883
"540",180,180,3,8.73788706430784,16.6623462695883
"541",181,181,1,8.53753202014918,16.6430652750274
"542",181,181,2,8.56428549491745,16.6430652750274
"543",181,181,3,8.78412136414978,16.6430652750274
"544",182,182,1,9.33564849710313,16.6132613862054
"545",182,182,2,8.83864688200061,16.6132613862054
"546",182,182,3,9.07591722006518,16.6132613862054
"547",183,183,1,8.76248804350063,16.6127692965903
"548",183,183,2,23.13902367934,16.6127692965903
"549",183,183,3,32.7675488233454,16.6127692965903
"550",184,184,1,32.5427185876529,16.6371897350407
"551",184,184,2,9.23048048040794,16.6371897350407
"552",184,184,3,8.75225848146735,16.6371897350407
"553",185,185,1,8.72307353891718,16.6486777302888
"554",185,185,2,8.7291759563425,16.6486777302888
"555",185,185,3,8.64782300314145,16.6486777302888
"556",186,186,1,8.78599351190693,16.6166256969492
"557",186,186,2,9.09615799851508,16.6166256969492
"558",186,186,3,9.46554366362007,16.6166256969492
"559",187,187,1,8.21950882516089,16.5969290906973
"560",187,187,2,8.74946916447488,16.5969290906973
"561",187,187,3,9.55263599553127,16.5969290906973
"562",188,188,1,31.7057700547847,16.620468917184
"563",188,188,2,32.8131591848166,16.620468917184
"564",188,188,3,31.8682067780336,16.620468917184
"565",189,189,1,8.97594280846317,16.6409946902994
"566",189,189,2,12.3537714152213,16.6409946902994
"567",189,189,3,8.937161604288,16.6409946902994
"568",190,190,1,8.94748794752461,16.6259889827595
"569",190,190,2,9.13016979472804,16.6259889827595
"570",190,190,3,8.77229357592834,16.6259889827595
"571",191,191,1,8.36369413454115,16.5883124113191
"572",191,191,2,8.84997449620704,16.5883124113191
"573",191,191,3,9.02500473683834,16.5883124113191
"574",192,192,1,8.41869786859118,16.5882693215017
"575",192,192,2,8.51996814535836,16.5882693215017
"576",192,192,3,35.030595664371,16.5882693215017
"577",193,193,1,38.7485106800038,16.6328094106516
"578",193,193,2,8.57541176579586,16.6328094106516
"579",193,193,3,8.54940741306855,16.6328094106516
"580",194,194,1,8.63730836335432,16.6510785743932
"581",194,194,2,9.12662690978743,16.6510785743932
"582",194,194,3,8.68899664398029,16.6510785743932
"583",195,195,1,8.69939281024335,16.6300457511225
"584",195,195,2,9.25563651070615,16.6300457511225
"585",195,195,3,8.68793760259142,16.6300457511225
"586",196,196,1,8.6690937517152,16.6053248560409
"587",196,196,2,8.82118091241339,16.6053248560409
"588",196,196,3,8.75913804459933,16.6053248560409
"589",197,197,1,37.6757751972895,16.6463323805988
"590",197,197,2,35.6567939901488,16.6463323805988
"591",197,197,3,32.558630644457,16.6463323805988
"592",198,198,1,10.0577023118849,16.6648987339307
"593",198,198,2,8.87489093445908,16.6648987339307
"594",198,198,3,8.87443045852141,16.6648987339307
"595",199,199,1,9.79364267947717,16.650345224221
"596",199,199,2,8.52160014191226,16.650345224221
"597",199,199,3,9.14852561541253,16.650345224221
"598",200,200,1,9.28430011515197,16.6210896605355
"599",200,200,2,8.88657953824625,16.6210896605355
"600",200,200,3,8.85250947566248,16.6210896605355
"601",201,201,1,8.94999567724862,16.6211807347335
"602",201,201,2,12.7860196506456,16.6211807347335
"603",201,201,3,36.4934751210062,16.6211807347335
"604",202,202,1,34.0483475770615,16.656332136664
"605",202,202,2,32.5674034324522,16.656332136664
"606",202,202,3,9.54011741814919,16.656332136664
"607",203,203,1,9.04210332157172,16.6710514819015
"608",203,203,2,9.70159152281278,16.6710514819015
"609",203,203,3,17.0646212124465,16.6710514819015
"610",204,204,1,9.05034082363733,16.6571828919086
"611",204,204,2,9.10691507789599,16.6571828919086
"612",204,204,3,9.2268132855427,16.6571828919086
"613",205,205,1,9.02075463719247,16.6314911107757
"614",205,205,2,9.74019766816881,16.6314911107757
"615",205,205,3,8.76958959690115,16.6314911107757
"616",206,206,1,9.16331603447072,16.6313736678642
"617",206,206,2,34.6047657160494,16.6313736678642
"618",206,206,3,46.3639684399169,16.6313736678642
"619",207,207,1,8.6487001464326,16.7167242148734
"620",207,207,2,9.0878441196412,16.7167242148734
"621",207,207,3,8.34660962032736,16.7167242148734
"622",208,208,1,16.8482216996009,16.7040917974161
"623",208,208,2,8.43954103840602,16.7040917974161
"624",208,208,3,8.4797826019515,16.7040917974161
"625",209,209,1,8.37333032404202,16.6689798622324
"626",209,209,2,8.6027782431547,16.6689798622324
"627",209,209,3,8.72674505699493,16.6689798622324
"628",210,210,1,8.83512902833424,16.669025763796
"629",210,210,2,12.9395223751657,16.669025763796
"630",210,210,3,30.6723235760828,16.669025763796
"631",211,211,1,32.574366747974,16.6918241568849
"632",211,211,2,32.5109726615101,16.6918241568849
"633",211,211,3,8.72793898220086,16.6918241568849
"634",212,212,1,9.0875739254317,16.7083962970895
"635",212,212,2,8.45811146076371,16.7083962970895
"636",212,212,3,8.75069306409797,16.7083962970895
"637",213,213,1,9.67471606348935,16.6924427032516
"638",213,213,2,13.7562762615168,16.6924427032516
"639",213,213,3,9.25227707677755,16.6924427032516
"640",214,214,1,9.58252899749052,16.6660840708656
"641",214,214,2,8.77292781399245,16.6660840708656
"642",214,214,3,8.75234201602132,16.6660840708656
"643",215,215,1,9.32570170488269,16.6399491654333
"644",215,215,2,34.4120227969679,16.6399491654333
"645",215,215,3,32.9595876741135,16.6399491654333
"646",216,216,1,32.7683741021953,16.6786680125244
"647",216,216,2,8.46992254023078,16.6786680125244
"648",216,216,3,9.09745501262374,16.6786680125244
"649",217,217,1,9.50992936640401,16.6909191275035
"650",217,217,2,8.6154275557985,16.6909191275035
"651",217,217,3,8.91803673927764,16.6909191275035
"652",218,218,1,9.44168927137771,16.6455986578251
"653",218,218,2,8.76075905882326,16.6455986578251
"654",218,218,3,8.8396088657111,16.6455986578251
"655",219,219,1,9.50472549125772,16.6454605589952
"656",219,219,2,9.36151251197031,16.6454605589952
"657",219,219,3,8.48921176445871,16.6454605589952
"658",220,220,1,32.8680117163924,16.6731726184576
"659",220,220,2,35.230653379636,16.6731726184576
"660",220,220,3,9.20108449444376,16.6731726184576
"661",221,221,1,9.03523534140624,16.6946421670014
"662",221,221,2,9.30358973647868,16.6946421670014
"663",221,221,3,8.82656353339957,16.6946421670014
"664",222,222,1,9.39478555465115,16.6756008448216
"665",222,222,2,9.31378102519933,16.6756008448216
"666",222,222,3,8.7674771260697,16.6756008448216
"667",223,223,1,8.99322757547424,16.6472216603285
"668",223,223,2,9.26774665971587,16.6472216603285
"669",223,223,3,8.48064115496148,16.6472216603285
"670",224,224,1,10.1524950555411,16.6469921072879
"671",224,224,2,28.8658394962361,16.6469921072879
"672",224,224,3,33.2220013084803,16.6469921072879
"673",225,225,1,33.939336230012,16.6766021381127
"674",225,225,2,12.2193251393518,16.6766021381127
"675",225,225,3,8.91262273263103,16.6766021381127
"676",226,226,1,8.57215763529653,16.6787045211658
"677",226,226,2,8.66356932603349,16.6787045211658
"678",226,226,3,8.54790074848483,16.6787045211658
"679",227,227,1,8.93104476334604,16.6458581443057
"680",227,227,2,9.31477192838315,16.6458581443057
"681",227,227,3,8.88663976325484,16.6458581443057
"682",228,228,1,9.42978460087654,16.6456239906234
"683",228,228,2,9.96667130416528,16.6456239906234
"684",228,228,3,9.09924228839565,16.6456239906234
"685",229,229,1,35.1965728261152,16.678015602245
"686",229,229,2,34.6540735320645,16.678015602245
"687",229,229,3,32.7723777553374,16.678015602245
"688",230,230,1,9.26371673614133,16.6985498601848
"689",230,230,2,9.03074411500457,16.6985498601848
"690",230,230,3,8.68191348000488,16.6985498601848
"691",231,231,1,9.76985062836545,16.6912847437776
"692",231,231,2,8.82138209290961,16.6912847437776
"693",231,231,3,9.15122708105148,16.6912847437776
"694",232,232,1,8.78799032265128,16.6548167128997
"695",232,232,2,8.80035053552564,16.6548167128997
"696",232,232,3,8.76500568790795,16.6548167128997
"697",233,233,1,8.55385408096461,16.654795702774
"698",233,233,2,8.67917397377949,16.654795702774
"699",233,233,3,33.4843017698171,16.654795702774
"700",234,234,1,33.4200638703821,16.6881522212035
"701",234,234,2,8.91637296242463,16.6881522212035
"702",234,234,3,10.20564724706,16.6881522212035
"703",235,235,1,9.39095058628985,16.700278632423
"704",235,235,2,8.74730544025454,16.700278632423
"705",235,235,3,9.49276091881078,16.700278632423
"706",236,236,1,9.17768937122496,16.677105170165
"707",236,236,2,8.99764806710383,16.677105170165
"708",236,236,3,8.90593796785034,16.677105170165
"709",237,237,1,9.14262470484481,16.6525021656477
"710",237,237,2,12.3094854286549,16.6525021656477
"711",237,237,3,8.95216608655483,16.6525021656477
"712",238,238,1,28.6803338940337,16.6697472771551
"713",238,238,2,35.9672607092403,16.6697472771551
"714",238,238,3,32.593534874988,16.6697472771551
"715",239,239,1,9.12333579678644,16.67385611203
"716",239,239,2,8.66558568395148,16.67385611203
"717",239,239,3,8.6122067572139,16.67385611203
"718",240,240,1,9.29542786441097,16.6620241404114
"719",240,240,2,8.69976431291468,16.6620241404114
"720",240,240,3,8.59539530981391,16.6620241404114
"721",241,241,1,9.23713938871947,16.6302786461959
"722",241,241,2,8.28578927765365,16.6302786461959
"723",241,241,3,9.09722058730965,16.6302786461959
"724",242,242,1,9.76950665648424,16.630040843331
"725",242,242,2,8.83194625812707,16.630040843331
"726",242,242,3,35.9220218331268,16.630040843331
"727",243,243,1,35.6381424591422,16.6695812605543
"728",243,243,2,32.3843373945103,16.6695812605543
"729",243,243,3,8.93752053258028,16.6695812605543
"730",244,244,1,9.12651921299176,16.6837871084484
"731",244,244,2,8.36528171221473,16.6837871084484
"732",244,244,3,8.39753057530265,16.6837871084484
"733",245,245,1,9.03187512387619,16.6491939611196
"734",245,245,2,8.24641780009012,16.6491939611196
"735",245,245,3,8.4138856996703,16.6491939611196
"736",246,246,1,8.46529129894901,16.6222582368887
"737",246,246,2,8.40119964045252,16.6222582368887
"738",246,246,3,8.39504204514807,16.6222582368887
"739",247,247,1,8.33916648197973,16.6224866885159
"740",247,247,2,34.0683068632399,16.6224866885159
"741",247,247,3,32.9581254466738,16.6224866885159
"742",248,248,1,8.96788339639156,16.6688611024152
"743",248,248,2,9.24155272886641,16.6688611024152
"744",248,248,3,9.09278378962845,16.6688611024152
"745",249,249,1,8.99066001291284,16.6572905275235
"746",249,249,2,12.3032797892809,16.6572905275235
"747",249,249,3,9.36435596637623,16.6572905275235
"748",250,250,1,8.64127122970707,16.6201958914474
"749",250,250,2,9.0849529675967,16.6201958914474
"750",250,250,3,9.08873401699869,16.6201958914474
"751",251,251,1,8.76428958958896,16.6201872443506
"752",251,251,2,8.72315764987588,16.6201872443506
"753",251,251,3,22.3383280329641,16.6201872443506
"754",252,252,1,33.8781828963864,16.640949040043
"755",252,252,2,32.7364390933379,16.640949040043
"756",252,252,3,8.79869462013185,16.640949040043
"757",253,253,1,9.55841130656749,16.656976993444
"758",253,253,2,8.334844590876,16.656976993444
"759",253,253,3,9.39919233049607,16.656976993444
"760",254,254,1,9.3308071966525,16.6394434858372
"761",254,254,2,8.97409500757995,16.6394434858372
"762",254,254,3,9.49747895796199,16.6394434858372
"763",255,255,1,8.88961967562753,16.6104843502348
"764",255,255,2,8.99139858218921,16.6104843502348
"765",255,255,3,10.2723174375807,16.6104843502348
"766",256,256,1,8.96246289523374,16.6110719539922
"767",256,256,2,33.709367112312,16.6110719539922
"768",256,256,3,34.9954815737192,16.6110719539922
"769",257,257,1,31.4989424524049,16.6488634180572
"770",257,257,2,10.126670698245,16.6488634180572
"771",257,257,3,8.4845903415375,16.6488634180572
"772",258,258,1,8.41862459706029,16.6568889588357
"773",258,258,2,8.50725764932754,16.6568889588357
"774",258,258,3,8.433717788654,16.6568889588357
"775",259,259,1,8.47997983683835,16.6149231466548
"776",259,259,2,9.07118043709042,16.6149231466548
"777",259,259,3,9.31784343717006,16.6149231466548
"778",260,260,1,8.48179560579615,16.6147606220581
"779",260,260,2,8.60163117965492,16.6147606220581
"780",260,260,3,8.48629844472897,16.6147606220581
"781",261,261,1,34.0347479482604,16.6446777980482
"782",261,261,2,35.9816348450913,16.6446777980482
"783",261,261,3,8.77600870623222,16.6446777980482
"784",262,262,1,9.20985878631609,16.6674190328676
"785",262,262,2,8.66249053865435,16.6674190328676
"786",262,262,3,8.8386600210933,16.6674190328676
"787",263,263,1,8.90344355959892,16.649568462907
"788",263,263,2,8.85158313076268,16.649568462907
"789",263,263,3,8.95601404966266,16.649568462907
"790",264,264,1,10.1914684288217,16.6208890320451
"791",264,264,2,8.71893072647109,16.6208890320451
"792",264,264,3,8.65137228266248,16.6208890320451
"793",265,265,1,9.38598318325245,16.620982734199
"794",265,265,2,15.804695793685,16.620982734199
"795",265,265,3,34.6660104991591,16.620982734199
"796",266,266,1,33.4577909841976,16.6484025436627
"797",266,266,2,8.77285335866193,16.6484025436627
"798",266,266,3,9.22930662227784,16.6484025436627
"799",267,267,1,8.94166622788752,16.6608260717772
"800",267,267,2,8.79961307241574,16.6608260717772
"801",267,267,3,8.84898057557505,16.6608260717772
"802",268,268,1,8.89010303262633,16.6195921840425
"803",268,268,2,9.44028983352578,16.6195921840425
"804",268,268,3,8.82282983705806,16.6195921840425
"805",269,269,1,9.07092511257332,16.6195564028134
"806",269,269,2,8.36226202290246,16.6195564028135
"807",269,269,3,9.07519520963546,16.6195564028135
"808",270,270,1,34.0588171835417,16.6490035551568
"809",270,270,2,33.0301532804135,16.6490035551568
"810",270,270,3,31.9488510456594,16.6490035551568
"811",271,271,1,9.11089709890052,16.6679254935292
"812",271,271,2,9.76528103846735,16.6679254935292
"813",271,271,3,9.27156119504415,16.6679254935292
"814",272,272,1,9.08301634084262,16.6590609587604
"815",272,272,2,10.0482891140959,16.6590609587604
"816",272,272,3,9.04267775121406,16.6590609587604
"817",273,273,1,9.72181577303108,16.6217691796905
"818",273,273,2,12.6755642483273,16.6217691796905
"819",273,273,3,8.49613006875596,16.6217691796905
"820",274,274,1,9.27926896186773,16.6220646597362
"821",274,274,2,8.72941322115999,16.6220646597362
"822",274,274,3,35.5039748811776,16.6220646597362
"823",275,275,1,32.4186207567728,16.6589481094096
"824",275,275,2,8.77247630678508,16.6589481094096
"825",275,275,3,8.40449573254391,16.6589481094096
"826",276,276,1,8.35570986024819,16.6711178328135
"827",276,276,2,8.33755702109099,16.6711178328135
"828",276,276,3,8.7245197329835,16.6711178328135
"829",277,277,1,8.29894253051994,16.6504769167461
"830",277,277,2,8.35561983614936,16.6504769167461
"831",277,277,3,8.80028105034982,16.6504769167461
"832",278,278,1,8.31540835985007,16.6225184003794
"833",278,278,2,8.22378322585246,16.6225184003794
"834",278,278,3,8.60416387765772,16.6225184003794
"835",279,279,1,16.7293568637427,16.6238252595634
"836",279,279,2,35.2809127812036,16.6238252595634
"837",279,279,3,34.4388773385044,16.6238252595634
"838",280,280,1,28.8979823895324,16.6523471389691
"839",280,280,2,10.9876562304696,16.6523471389691
"840",280,280,3,8.67421534588745,16.6523471389691
"841",281,281,1,8.72206111582312,16.6434184873323
"842",281,281,2,8.87607296712189,16.6434184873323
"843",281,281,3,8.61801403216297,16.6434184873323
"844",282,282,1,8.69682984969611,16.6077039345036
"845",282,282,2,8.58342471734728,16.6077039345036
"846",282,282,3,8.59753360764589,16.6077039345036
"847",283,283,1,8.71096631128066,16.6078090344415
"848",283,283,2,8.69679804189824,16.6078090344415
"849",283,283,3,31.7547587892223,16.6078090344415
"850",284,284,1,33.4986166089726,16.637785700403
"851",284,284,2,32.6810883598039,16.637785700403
"852",284,284,3,8.78145788825649,16.637785700403
"853",285,285,1,9.41472964931691,16.6538208798391
"854",285,285,2,12.2379311912107,16.6538208798391
"855",285,285,3,8.8381005076631,16.6538208798391
"856",286,286,1,9.49214523811624,16.642275424014
"857",286,286,2,8.95932425436629,16.642275424014
"858",286,286,3,8.72103269095585,16.642275424014
"859",287,287,1,9.65570380954815,16.6094650540688
"860",287,287,2,8.45345883428708,16.6094650540688
"861",287,287,3,8.91664192558303,16.6094650540688
"862",288,288,1,8.71728118761006,16.6097747343676
"863",288,288,2,38.0023862622477,16.6097747343676
"864",288,288,3,34.6406410943058,16.6097747343676
"865",289,289,1,8.88026422194052,16.6683308814321
"866",289,289,2,8.42939189412154,16.6683308814321
"867",289,289,3,8.78062174430081,16.6683308814321
"868",290,290,1,8.82477817554022,16.6543024659133
"869",290,290,2,9.6001999709821,16.6543024659132
"870",290,290,3,8.83558309140392,16.6543024659133
"871",291,291,1,8.55124567977898,16.6141266294775
"872",291,291,2,8.46563315728023,16.6141266294775
"873",291,291,3,8.75815652392641,16.6141266294775
"874",292,292,1,8.37105596967153,16.614257508189
"875",292,292,2,8.64186772305239,16.614257508189
"876",292,292,3,16.288158348853,16.614257508189
"877",293,293,1,32.5859158025205,16.6328271092833
"878",293,293,2,32.6359939911246,16.6328271092833
"879",293,293,3,8.76583406160346,16.6328271092833
"880",294,294,1,8.45647926060278,16.6494852881586
"881",294,294,2,8.71331594879012,16.6494852881586
"882",294,294,3,8.74844506600052,16.6494852881586
"883",295,295,1,8.64758792282285,16.6319072530364
"884",295,295,2,9.48972904366141,16.6319072530364
"885",295,295,3,8.8835910581986,16.6319072530364
"886",296,296,1,8.68921931767875,16.5985318851059
"887",296,296,2,9.37507123944697,16.5985318851059
"888",296,296,3,8.62577733386784,16.5985318851059
"889",297,297,1,17.2411112550234,16.6004127992066
"890",297,297,2,35.9008049903118,16.6004127992066
"891",297,297,3,35.5652250097302,16.6004127992066
"892",298,298,1,32.0140367888236,16.6317257535076
"893",298,298,2,9.43697117550464,16.6317257535076
"894",298,298,3,8.62471474007419,16.6317257535076
"895",299,299,1,8.66113829707264,16.6342331110033
"896",299,299,2,8.77396199874312,16.6342331110033
"897",299,299,3,8.82279027148542,16.6342331110033
"898",300,300,1,8.67095136362927,16.6025024505239
"899",300,300,2,8.72236470316801,16.6025024505239
"900",300,300,3,8.85063355694497,16.6025024505239
"901",301,301,1,8.73413556965542,16.6024989658322
"902",301,301,2,8.86163443201272,16.6024989658322
"903",301,301,3,9.30775102070064,16.6024989658322
"904",302,302,1,32.7191856123656,16.6278460719711
"905",302,302,2,33.0699375303555,16.6278460719711
"906",302,302,3,9.16665124624121,16.6278460719711
"907",303,303,1,8.406699536296,16.6448181453606
"908",303,303,2,8.88829574412751,16.6448181453606
"909",303,303,3,8.89590153305897,16.6448181453606
"910",304,304,1,9.00328000984685,16.6315431380803
"911",304,304,2,8.9183315138177,16.6315431380803
"912",304,304,3,9.75323618491892,16.6315431380803
"913",305,305,1,8.98338494213423,16.5970522991137
"914",305,305,2,8.88478015055139,16.5970522991137
"915",305,305,3,9.70912255001654,16.5970522991137
"916",306,306,1,13.1760672451592,16.5962842885068
"917",306,306,2,9.26571252306841,16.5962842885068
"918",306,306,3,34.1474860472411,16.5962842885068
"919",307,307,1,32.4868635445784,16.6301400195967
"920",307,307,2,9.06329402278703,16.6301400195967
"921",307,307,3,9.27892513250361,16.6301400195967
"922",308,308,1,9.30080744957561,16.6416813352216
"923",308,308,2,8.28915760901059,16.6416813352216
"924",308,308,3,9.14107551400276,16.6416813352216
"925",309,309,1,9.78847562177945,16.5970073474999
"926",309,309,2,12.4683668559249,16.5970073474999
"927",309,309,3,9.05468834814624,16.5970073474999
"928",310,310,1,9.42200025490214,16.5972179812842
"929",310,310,2,8.84793512130871,16.5972179812842
"930",310,310,3,8.69584929513352,16.5972179812842
"931",311,311,1,35.3742765621405,16.6308740617264
"932",311,311,2,32.5107006085238,16.6308740617264
"933",311,311,3,37.6046621094669,16.6308740617264
"934",312,312,1,8.44627844552317,16.6628728886531
"935",312,312,2,8.86438061792573,16.6628728886531
"936",312,312,3,8.34829646527972,16.6628728886531
"937",313,313,1,8.41664125848603,16.6396449649761
"938",313,313,2,8.77606704987976,16.6396449649761
"939",313,313,3,8.69183656259182,16.6396449649761
"940",314,314,1,8.29803039929716,16.6087106953079
"941",314,314,2,9.13531777332689,16.6087106953079
"942",314,314,3,26.9049428362421,16.6087106953079
"943",315,315,1,8.94346440340123,16.6296724535937
"944",315,315,2,9.97293074314041,16.6296724535937
"945",315,315,3,32.5294150364212,16.6296724535937
"946",316,316,1,33.0134096357157,16.6582112455713
"947",316,316,2,10.8323973821981,16.6582112455713
"948",316,316,3,8.58736753525889,16.6582112455713
"949",317,317,1,9.11935591401595,16.6346561973602
"950",317,317,2,9.488853513979,16.6346561973602
"951",317,317,3,8.60979228150764,16.6346561973602
"952",318,318,1,8.49175282874819,16.6113933931775
"953",318,318,2,9.46482056651614,16.6113933931775
"954",318,318,3,8.58446987011177,16.6113933931775
"955",319,319,1,8.7564598102482,16.5877579142234
"956",319,319,2,9.00099574940032,16.5877579142234
"957",319,319,3,9.22789018578833,16.5877579142234
"958",320,320,1,11.8197032433078,16.5876722733591
"959",320,320,2,34.9335816467881,16.5876722733591
"960",320,320,3,35.0901977847394,16.5876722733591
"961",321,321,1,9.12596741670952,16.6357875482267
"962",321,321,2,12.5114186569065,16.6357875482267
"963",321,321,3,9.17367960285127,16.6357875482267
"964",322,322,1,9.00588391289389,16.6218203278024
"965",322,322,2,9.05753947213244,16.6218203278024
"966",322,322,3,10.334647522536,16.6218203278024
"967",323,323,1,9.43929161873663,16.5864952733072
"968",323,323,2,9.22259834218749,16.5864952733072
"969",323,323,3,9.56233447968671,16.5864952733072
"970",324,324,1,9.19068474575701,16.5863721221003
"971",324,324,2,8.93986564578587,16.5863721221003
"972",324,324,3,35.7384039774708,16.5863721221003
"973",325,325,1,32.4784510471189,16.6237620597815
"974",325,325,2,32.7707906778099,16.6237620597815
"975",325,325,3,9.32539035232857,16.6237620597815
"976",326,326,1,8.44742626883854,16.6403323035834
"977",326,326,2,8.57146105954994,16.6403323035834
"978",326,326,3,9.3211082864224,16.6403323035834
"979",327,327,1,9.19129359348344,16.6142461693598
"980",327,327,2,9.56838174555823,16.6142461693598
"981",327,327,3,9.41471496363824,16.6142461693598
"982",328,328,1,8.73049008403221,16.592603230667
"983",328,328,2,8.22909975577026,16.592603230667
"984",328,328,3,9.16713605275652,16.592603230667
"985",329,329,1,9.19081173081033,16.5925756898718
"986",329,329,2,33.7171946741894,16.5925756898718
"987",329,329,3,35.5243674536732,16.5925756898718
"988",330,330,1,13.3553643918979,16.6358433136228
"989",330,330,2,8.77074281374353,16.6358433136228
"990",330,330,3,8.69533325046671,16.6358433136228
"991",331,331,1,8.88399284441595,16.6241659337336
"992",331,331,2,9.36844661205776,16.6241659337336
"993",331,331,3,9.0669714674728,16.6241659337336
"994",332,332,1,8.75148316759271,16.5883614970604
"995",332,332,2,9.56933500675055,16.5883614970604
"996",332,332,3,8.75147960672108,16.5883614970604
"997",333,333,1,9.63310031263092,16.588378708491
"998",333,333,2,12.261549998435,16.588378708491
"999",333,333,3,8.70326668002279,16.588378708491
