"","train_iter","test_iter","predict_iter","mean","sd"
"1",1,1,1,9.02193498314753,6.51524831240011
"2",1,1,2,9.07524124030965,6.51524831240011
"3",1,1,3,9.15272971956657,6.51524831240011
"4",2,2,1,9.01448740751597,6.51622057352327
"5",2,2,2,9.07581282106015,6.51622057352327
"6",2,2,3,9.01191267062438,6.51622057352327
"7",3,3,1,9.01520566118125,6.51649807883657
"8",3,3,2,9.08518842249948,6.51649807883656
"9",3,3,3,9.0600737935312,6.51649807883657
"10",4,4,1,8.99902983038772,6.51661518488476
"11",4,4,2,8.82176984231567,6.51661518488476
"12",4,4,3,9.14014457583086,6.51661518488477
"13",5,5,1,8.24141922940687,6.53046797645354
"14",5,5,2,8.95465572075548,6.53046797645354
"15",5,5,3,9.04915975933107,6.53046797645354
"16",6,6,1,9.02534327651812,6.53030733506089
"17",6,6,2,8.96501001230847,6.5303073350609
"18",6,6,3,9.09083437523444,6.5303073350609
"19",7,7,1,9.06727328028024,6.53071565046355
"20",7,7,2,9.07805661261373,6.53071565046355
"21",7,7,3,9.08430276233134,6.53071565046355
"22",8,8,1,9.04347357167386,6.53116153440602
"23",8,8,2,9.0613484481883,6.53116153440602
"24",8,8,3,9.0784545879334,6.53116153440602
"25",9,9,1,9.07528510882945,6.53079680375439
"26",9,9,2,9.06155571846375,6.53079680375439
"27",9,9,3,9.06525523708805,6.53079680375439
"28",10,10,1,9.04627152360402,6.53146347343633
"29",10,10,2,9.07341180301645,6.53146347343633
"30",10,10,3,9.11998324182425,6.53146347343632
"31",11,11,1,9.05902071135847,6.5325442960478
"32",11,11,2,9.05491122554281,6.5325442960478
"33",11,11,3,9.08306411657396,6.5325442960478
"34",12,12,1,9.02600009934842,6.53310167238137
"35",12,12,2,8.7083779765232,6.53310167238137
"36",12,12,3,9.04466235831815,6.53310167238137
"37",13,13,1,8.99947056203212,6.53287306946053
"38",13,13,2,9.0307890166613,6.53287306946053
"39",13,13,3,9.11520179097024,6.53287306946053
"40",14,14,1,9.0236057046627,6.53359324459545
"41",14,14,2,9.0759969087143,6.53359324459544
"42",14,14,3,9.0525942321046,6.53359324459545
"43",15,15,1,9.03678704823188,6.53445679431423
"44",15,15,2,9.04755175050388,6.53445679431423
"45",15,15,3,9.06176458873781,6.53445679431423
"46",16,16,1,9.02675898922073,6.53523984311906
"47",16,16,2,8.88034175574702,6.53523984311906
"48",16,16,3,9.11564155484431,6.53523984311906
"49",17,17,1,8.99430167754502,6.53378067879667
"50",17,17,2,8.99280758602848,6.53378067879667
"51",17,17,3,9.05367127822825,6.53378067879667
"52",18,18,1,8.98981576247217,6.53395693505138
"53",18,18,2,8.99200901941496,6.53395693505138
"54",18,18,3,9.0372019254111,6.53395693505138
"55",19,19,1,9.01988694098154,6.53422297067768
"56",19,19,2,9.01782901617064,6.53422297067768
"57",19,19,3,9.05505147463883,6.53422297067768
"58",20,20,1,8.99985837278555,6.53487861498009
"59",20,20,2,8.53966477169956,6.53487861498009
"60",20,20,3,9.0394439827201,6.53487861498009
"61",21,21,1,8.98784706764857,6.53986494217486
"62",21,21,2,8.9785693550856,6.53986494217486
"63",21,21,3,9.04230619587877,6.53986494217486
"64",22,22,1,9.04555811033356,6.54040044729324
"65",22,22,2,8.98803267210678,6.54040044729323
"66",22,22,3,9.10972875051276,6.54040044729324
"67",23,23,1,9.00187453832656,6.54128108160848
"68",23,23,2,9.01480790880765,6.54128108160848
"69",23,23,3,9.01314373694196,6.54128108160848
"70",24,24,1,8.95892917671657,6.5412325345716
"71",24,24,2,8.67634551218636,6.5412325345716
"72",24,24,3,9.02420494974155,6.5412325345716
"73",25,25,1,9.01893742098392,6.54237798166989
"74",25,25,2,9.00594510130554,6.54237798166989
"75",25,25,3,9.10966879014321,6.54237798166989
"76",26,26,1,9.00990722936725,6.54349551373773
"77",26,26,2,9.01915352707282,6.54349551373773
"78",26,26,3,9.04785131098185,6.54349551373773
"79",27,27,1,8.99008393896967,6.54388770241744
"80",27,27,2,9.04168509333973,6.54388770241744
"81",27,27,3,9.0283243032082,6.54388770241744
"82",28,28,1,8.96053773163346,6.54437651778061
"83",28,28,2,8.7172018051723,6.54437651778061
"84",28,28,3,9.0699293950375,6.54437651778061
"85",29,29,1,8.98166238312704,6.54493731793189
"86",29,29,2,9.03959554022892,6.54493731793189
"87",29,29,3,8.99290683718127,6.54493731793189
"88",30,30,1,8.98034785545433,6.54543372667519
"89",30,30,2,9.01747614330822,6.54543372667519
"90",30,30,3,9.03249870809574,6.54543372667519
"91",31,31,1,8.94775673356652,6.54583012217327
"92",31,31,2,9.06543072312741,6.54583012217327
"93",31,31,3,9.0524297375699,6.54583012217327
"94",32,32,1,8.94860852164804,6.4989067701031
"95",32,32,2,8.71825298914397,6.4989067701031
"96",32,32,3,9.02437274611621,6.4989067701031
"97",33,33,1,8.94883850266344,6.499463527691
"98",33,33,2,9.03100286732173,6.499463527691
"99",33,33,3,9.01330388829046,6.499463527691
"100",34,34,1,8.93323976731911,6.50010667903435
"101",34,34,2,9.01945973557111,6.50010667903434
"102",34,34,3,9.00167452354656,6.50010667903434
"103",35,35,1,8.89701083034627,6.50034563362226
"104",35,35,2,9.0149241871155,6.50034563362226
"105",35,35,3,8.99649776964296,6.50034563362226
"106",36,36,1,8.94130866819886,6.49915291828166
"107",36,36,2,8.63353808525233,6.49915291828166
"108",36,36,3,8.96505792443813,6.49915291828166
"109",37,37,1,8.53084966102036,6.50618959798373
"110",37,37,2,8.99896169912608,6.50618959798373
"111",37,37,3,9.00160499604041,6.50618959798373
"112",38,38,1,9.00736655905554,6.50477480761575
"113",38,38,2,8.94942299284594,6.50477480761576
"114",38,38,3,8.99637702058263,6.50477480761576
"115",39,39,1,8.9632036638085,6.50454070277304
"116",39,39,2,8.92764259484061,6.50454070277304
"117",39,39,3,8.97255130866225,6.50454070277303
"118",40,40,1,8.96705970665188,6.5041308136072
"119",40,40,2,8.72036786318447,6.5041308136072
"120",40,40,3,9.00414216113618,6.5041308136072
"121",41,41,1,9.01978434444521,6.50568542545232
"122",41,41,2,8.88690608703476,6.50568542545233
"123",41,41,3,9.02795416606795,6.50568542545232
"124",42,42,1,8.99288062802664,6.50375327903875
"125",42,42,2,8.93291534620344,6.50375327903875
"126",42,42,3,9.00992258968537,6.50375327903874
"127",43,43,1,8.97467737350193,6.503633089995
"128",43,43,2,8.92367310264336,6.503633089995
"129",43,43,3,8.97497791709539,6.503633089995
"130",44,44,1,8.9519186358704,6.50345481621543
"131",44,44,2,8.7515562912969,6.50345481621542
"132",44,44,3,8.97453698206198,6.50345481621543
"133",45,45,1,9.0080121038691,6.5035225388512
"134",45,45,2,8.93305726981945,6.5035225388512
"135",45,45,3,9.00979052087231,6.5035225388512
"136",46,46,1,8.99013414254064,6.50252465516529
"137",46,46,2,8.94998496148898,6.50252465516529
"138",46,46,3,8.98215058761561,6.50252465516529
"139",47,47,1,8.98685256494945,6.50281853485047
"140",47,47,2,8.93568351701845,6.50281853485047
"141",47,47,3,8.96693934190606,6.50281853485047
"142",48,48,1,9.00511677816479,6.5028504418556
"143",48,48,2,8.53118040428255,6.5028504418556
"144",48,48,3,8.95736405304666,6.5028504418556
"145",49,49,1,8.91252226539962,6.50756991067744
"146",49,49,2,8.97391600342261,6.50756991067744
"147",49,49,3,8.97140914314516,6.50756991067744
"148",50,50,1,8.99819228722476,6.50678535536312
"149",50,50,2,8.96953342937913,6.50678535536311
"150",50,50,3,8.95968857284038,6.50678535536311
"151",51,51,1,8.99449446352987,6.50696721043523
"152",51,51,2,8.9808018825604,6.50696721043523
"153",51,51,3,8.962489632975,6.50696721043523
"154",52,52,1,8.99948373777969,6.50719037740816
"155",52,52,2,8.63225056574554,6.50719037740816
"156",52,52,3,8.94660458911597,6.50719037740816
"157",53,53,1,8.96963896031062,6.50969738503905
"158",53,53,2,8.91680453691467,6.50969738503905
"159",53,53,3,8.97680469420315,6.50969738503905
"160",54,54,1,8.9761434147844,6.50929867904543
"161",54,54,2,8.9038165480149,6.50929867904543
"162",54,54,3,8.96199547908806,6.50929867904543
"163",55,55,1,9.00505895492036,6.50909533522387
"164",55,55,2,8.93884967069723,6.50909533522388
"165",55,55,3,8.97485906102835,6.50909533522388
"166",56,56,1,8.98978817159296,6.50920301389326
"167",56,56,2,8.67141189607601,6.50920301389327
"168",56,56,3,8.96463630605143,6.50920301389326
"169",57,57,1,8.97806166129989,6.51074834559052
"170",57,57,2,8.97010178920661,6.51074834559052
"171",57,57,3,8.99554179313794,6.51074834559052
"172",58,58,1,8.98809799571341,6.50892063278968
"173",58,58,2,8.95004222610067,6.50892063278968
"174",58,58,3,9.01069517731414,6.50892063278968
"175",59,59,1,8.99224107670087,6.50932848120973
"176",59,59,2,8.96452751544048,6.50932848120973
"177",59,59,3,9.01184832263115,6.50932848120973
"178",60,60,1,8.9740081488213,6.50968975509404
"179",60,60,2,8.67550014794886,6.50968975509404
"180",60,60,3,8.99919212498483,6.50968975509404
"181",61,61,1,9.0004047264352,6.51143056347516
"182",61,61,2,8.94225468702755,6.51143056347516
"183",61,61,3,9.00388584634577,6.51143056347516
"184",62,62,1,9.0155015357285,6.51182246308491
"185",62,62,2,8.93817925085324,6.51182246308491
"186",62,62,3,9.01704279976554,6.51182246308491
"187",63,63,1,8.98749227275891,6.51212479390411
"188",63,63,2,8.92419711455142,6.51212479390411
"189",63,63,3,9.0026429151738,6.51212479390411
"190",64,64,1,8.94932342836393,6.49962462537782
"191",64,64,2,8.63138802771469,6.49962462537782
"192",64,64,3,8.96302467466545,6.49962462537782
"193",65,65,1,8.97077242871278,6.50106974876434
"194",65,65,2,8.83533585941307,6.50106974876434
"195",65,65,3,8.95727684332009,6.50106974876434
"196",66,66,1,8.97099256777378,6.50106968244874
"197",66,66,2,8.91238434355115,6.50106968244874
"198",66,66,3,8.94347404805181,6.50106968244874
"199",67,67,1,8.9776021475272,6.50116042298475
"200",67,67,2,8.93823573933237,6.50116042298475
"201",67,67,3,9.00592605289676,6.50116042298475
"202",68,68,1,8.99850761886513,6.50133824166574
"203",68,68,2,8.71253784144231,6.50133824166574
"204",68,68,3,8.58095441090341,6.50133824166574
"205",69,69,1,8.2753036340858,6.52209637334318
"206",69,69,2,8.93356764325735,6.52209637334318
"207",69,69,3,9.00776684483128,6.52209637334318
"208",70,70,1,9.01243980315175,6.51982183062602
"209",70,70,2,8.94513778669887,6.51982183062602
"210",70,70,3,8.96369725642244,6.51982183062602
"211",71,71,1,9.0000429351811,6.51926465851423
"212",71,71,2,8.90805713151533,6.51926465851423
"213",71,71,3,8.99103812413236,6.51926465851423
"214",72,72,1,8.9864800659355,6.51942935826701
"215",72,72,2,8.6833636854844,6.51942935826702
"216",72,72,3,8.98530642162746,6.51942935826701
"217",73,73,1,8.98103649583519,6.52170972405637
"218",73,73,2,8.94188797334221,6.52170972405636
"219",73,73,3,8.98837705018787,6.52170972405637
"220",74,74,1,8.97936989782611,6.49517252151754
"221",74,74,2,8.90122144682191,6.49517252151754
"222",74,74,3,8.97627416842648,6.49517252151754
"223",75,75,1,8.96161943987961,6.49549542505192
"224",75,75,2,8.92760415002236,6.49549542505192
"225",75,75,3,8.98437141039819,6.49549542505192
"226",76,76,1,8.62260520011873,6.49799411072764
"227",76,76,2,8.7071182319859,6.49799411072764
"228",76,76,3,8.913819447023,6.49799411072764
"229",77,77,1,8.96603847832813,6.49862057554163
"230",77,77,2,8.91549922329102,6.49862057554163
"231",77,77,3,8.98433932318694,6.49862057554163
"232",78,78,1,8.97190749177039,6.47395363935782
"233",78,78,2,8.90385104325842,6.47395363935782
"234",78,78,3,8.94682165076835,6.47395363935782
"235",79,79,1,8.96958619139513,6.47391789919661
"236",79,79,2,8.87616057334043,6.47391789919661
"237",79,79,3,8.94486511313518,6.47391789919661
"238",80,80,1,8.95651709357902,6.47352381826264
"239",80,80,2,8.77449980992349,6.47352381826264
"240",80,80,3,8.93179979547037,6.47352381826264
"241",81,81,1,8.977943221255,6.47390822167853
"242",81,81,2,8.91428777033359,6.47390822167853
"243",81,81,3,8.90253050328509,6.47390822167853
"244",82,82,1,8.92946622660003,6.46938484497399
"245",82,82,2,8.88555362754825,6.469384844974
"246",82,82,3,8.95664218577769,6.469384844974
"247",83,83,1,8.94954827941812,6.46888325039524
"248",83,83,2,8.99055808978863,6.46888325039524
"249",83,83,3,8.95871567392894,6.46888325039524
"250",84,84,1,8.9685561356249,6.46960907430661
"251",84,84,2,8.7159798361374,6.46960907430661
"252",84,84,3,8.96096440556564,6.46960907430661
"253",85,85,1,8.91771041597831,6.47077520040197
"254",85,85,2,8.82195766155556,6.47077520040197
"255",85,85,3,8.94649451886076,6.47077520040197
"256",86,86,1,8.91558994574955,6.46787721465874
"257",86,86,2,9.00009612185578,6.46787721465874
"258",86,86,3,8.96526793223424,6.46787721465874
"259",87,87,1,8.9076624924562,6.46854420408274
"260",87,87,2,8.85413157729715,6.46854420408274
"261",87,87,3,8.94046921826701,6.46854420408274
"262",88,88,1,8.93772030673968,6.46860361301804
"263",88,88,2,8.52012915032248,6.46860361301804
"264",88,88,3,8.95479669274866,6.46860361301804
"265",89,89,1,8.93236491591052,6.47320352312221
"266",89,89,2,9.01051096847475,6.47320352312221
"267",89,89,3,8.9776736554197,6.47320352312221
"268",90,90,1,8.91420333884442,6.47149275127475
"269",90,90,2,8.87117133611716,6.47149275127475
"270",90,90,3,8.96484091400804,6.47149275127475
"271",91,91,1,8.93759218734677,6.47152869807497
"272",91,91,2,8.80285624680887,6.47152869807497
"273",91,91,3,8.94378441375182,6.47152869807497
"274",92,92,1,8.93756083028924,6.47115192889343
"275",92,92,2,8.8867968509499,6.47115192889343
"276",92,92,3,8.75574875339013,6.47115192889343
"277",93,93,1,8.89992702691047,6.4670473262501
"278",93,93,2,8.82031464899412,6.46704732625011
"279",93,93,3,8.96461016182622,6.4670473262501
"280",94,94,1,8.89296229000745,6.46105901156363
"281",94,94,2,8.85855862495801,6.46105901156363
"282",94,94,3,8.93391624248017,6.46105901156363
"283",95,95,1,8.95187108228097,6.46138395473623
"284",95,95,2,8.81039351848303,6.46138395473623
"285",95,95,3,8.9519599172292,6.46138395473623
"286",96,96,1,8.94304028521258,6.43856188529488
"287",96,96,2,8.79508391895522,6.43856188529488
"288",96,96,3,8.45997942800072,6.43856188529488
"289",97,97,1,8.9211877863713,6.44400496300613
"290",97,97,2,8.9244973750117,6.44400496300613
"291",97,97,3,8.90894635918926,6.44400496300613
"292",98,98,1,8.921439493926,6.44192766138366
"293",98,98,2,8.90321428780144,6.44192766138366
"294",98,98,3,8.91592292334947,6.44192766138366
"295",99,99,1,8.92527965279457,6.44188499614593
"296",99,99,2,8.88745584606277,6.44188499614593
"297",99,99,3,8.93430998663195,6.44188499614593
"298",100,100,1,8.9329926282076,6.44170321609995
"299",100,100,2,8.90866321717444,6.44170321609995
"300",100,100,3,8.61567049213311,6.44170321609995
"301",101,101,1,8.15396193193768,6.46570535138859
"302",101,101,2,8.89426339489944,6.4657053513886
"303",101,101,3,8.95731074619155,6.4657053513886
"304",102,102,1,8.93489987021028,6.4646118163391
"305",102,102,2,8.90405324180983,6.4646118163391
"306",102,102,3,8.93014624232275,6.4646118163391
"307",103,103,1,8.60684626327328,6.46754940061592
"308",103,103,2,8.91888982870937,6.46754940061592
"309",103,103,3,8.93409079095358,6.46754940061592
"310",104,104,1,8.95628603241725,6.46791823534126
"311",104,104,2,8.93295023011456,6.46791823534127
"312",104,104,3,8.84953666488559,6.46791823534127
"313",105,105,1,8.95481958468301,6.46811375795867
"314",105,105,2,8.92499500884369,6.46811375795867
"315",105,105,3,8.93767481396416,6.46811375795867
"316",106,106,1,8.93631451656286,6.46697226344298
"317",106,106,2,8.92956176775806,6.46697226344298
"318",106,106,3,8.92758266401272,6.46697226344298
"319",107,107,1,8.91803961555749,6.46711523476628
"320",107,107,2,8.88386830912646,6.46711523476627
"321",107,107,3,8.91831376024598,6.46711523476628
"322",108,108,1,8.94723489081563,6.4673971364931
"323",108,108,2,8.88958760998482,6.46739713649309
"324",108,108,3,8.56458319446857,6.4673971364931
"325",109,109,1,8.92263403113335,6.47109115652138
"326",109,109,2,8.95631490563277,6.47109115652138
"327",109,109,3,8.94421864904942,6.47109115652137
"328",110,110,1,8.9512345866229,6.46701111739017
"329",110,110,2,8.88379481253789,6.46701111739017
"330",110,110,3,8.92957067123299,6.46701111739017
"331",111,111,1,8.92764610506826,6.46730067198163
"332",111,111,2,8.90629645855841,6.46730067198163
"333",111,111,3,8.92044807629376,6.46730067198163
"334",112,112,1,8.94831152101396,6.46785331343164
"335",112,112,2,8.92762225171287,6.46785331343164
"336",112,112,3,8.604931481231,6.46785331343164
"337",113,113,1,8.92755700322436,6.47104902066568
"338",113,113,2,8.93079423883627,6.47104902066568
"339",113,113,3,8.94583994894073,6.47104902066568
"340",114,114,1,8.90890991525062,6.46807833589914
"341",114,114,2,8.91168511111053,6.46807833589914
"342",114,114,3,8.92718042940193,6.46807833589914
"343",115,115,1,8.92973213097807,6.46867265777547
"344",115,115,2,8.91100185690416,6.46867265777547
"345",115,115,3,8.90915360402998,6.46867265777547
"346",116,116,1,8.90652680264869,6.46893500181972
"347",116,116,2,8.87914438722539,6.46893500181973
"348",116,116,3,7.80905409611277,6.46893500181973
"349",117,117,1,8.94302975786789,6.51944202629161
"350",117,117,2,8.92557093895334,6.51944202629161
"351",117,117,3,8.95942923662386,6.51944202629161
"352",118,118,1,8.93808400960353,6.51842597705406
"353",118,118,2,8.9252891463136,6.51842597705406
"354",118,118,3,8.95522595375981,6.51842597705406
"355",119,119,1,8.93640186695095,6.51905165662747
"356",119,119,2,8.90486904036593,6.51905165662747
"357",119,119,3,8.93842817442659,6.51905165662747
"358",120,120,1,8.91855355774547,6.51934717470811
"359",120,120,2,8.91628725798358,6.51934717470811
"360",120,120,3,8.56904234351424,6.51934717470811
"361",121,121,1,8.93556143360136,6.52324807000966
"362",121,121,2,8.91254055695572,6.52324807000966
"363",121,121,3,8.94985938435229,6.52324807000967
"364",122,122,1,8.92627461253106,6.52132961272078
"365",122,122,2,8.91082835810827,6.52132961272078
"366",122,122,3,8.92490916168622,6.52132961272078
"367",123,123,1,8.8112929338601,6.52150931696255
"368",123,123,2,8.88536310333517,6.52150931696255
"369",123,123,3,8.93522306856877,6.52150931696255
"370",124,124,1,8.91070576307113,6.52179081623058
"371",124,124,2,8.90113292752335,6.52179081623058
"372",124,124,3,8.65504440356116,6.52179081623058
"373",125,125,1,8.92452406792778,6.52350875220285
"374",125,125,2,8.87944716310474,6.52350875220285
"375",125,125,3,8.94195306686403,6.52350875220285
"376",126,126,1,8.94387857075604,6.51920188480915
"377",126,126,2,8.8949386567577,6.51920188480915
"378",126,126,3,8.91818264379943,6.51920188480915
"379",127,127,1,8.94895202602841,6.51971143603376
"380",127,127,2,8.85231564025074,6.51971143603376
"381",127,127,3,8.91912773721324,6.51971143603376
"382",128,128,1,8.90318049813025,6.50304487214166
"383",128,128,2,8.8901372403004,6.50304487214166
"384",128,128,3,8.74332687827425,6.50304487214166
"385",129,129,1,8.90366275517366,6.50334112841185
"386",129,129,2,8.85005309125653,6.50334112841185
"387",129,129,3,8.91167042540148,6.50334112841185
"388",130,130,1,8.91163883817505,6.5025157173987
"389",130,130,2,8.86738499900864,6.5025157173987
"390",130,130,3,8.9091614610182,6.5025157173987
"391",131,131,1,8.91266411137516,6.50275173217941
"392",131,131,2,8.87999302515411,6.50275173217941
"393",131,131,3,8.92709141359356,6.50275173217941
"394",132,132,1,8.91049181842676,6.50316315675361
"395",132,132,2,8.88015139535377,6.50316315675361
"396",132,132,3,8.65420675974385,6.50316315675361
"397",133,133,1,8.40774667754443,6.51527789736386
"398",133,133,2,8.90255708772986,6.51527789736386
"399",133,133,3,8.92824373047819,6.51527789736386
"400",134,134,1,8.89216881399575,6.51303899341181
"401",134,134,2,8.88862396010879,6.51303899341181
"402",134,134,3,8.93319270158766,6.51303899341181
"403",135,135,1,8.90122768972705,6.51326287136759
"404",135,135,2,8.89703100834777,6.51326287136759
"405",135,135,3,8.9271401894137,6.5132628713676
"406",136,136,1,8.89094625024311,6.51360653643415
"407",136,136,2,8.88542983164022,6.51360653643415
"408",136,136,3,8.69646431654438,6.51360653643416
"409",137,137,1,8.91638070263972,6.51478801289644
"410",137,137,2,8.88398141532447,6.51478801289644
"411",137,137,3,8.90179648399383,6.51478801289644
"412",138,138,1,8.90590613530581,6.51399479133721
"413",138,138,2,8.87532743677511,6.51399479133721
"414",138,138,3,8.92048176021076,6.51399479133721
"415",139,139,1,8.91301785339822,6.51442542573356
"416",139,139,2,8.88595505426419,6.51442542573356
"417",139,139,3,8.89480258276245,6.51442542573356
"418",140,140,1,8.87837931411615,6.5143647005113
"419",140,140,2,8.89514886036701,6.5143647005113
"420",140,140,3,8.7616626788281,6.5143647005113
"421",141,141,1,8.92356311298686,6.51497457140655
"422",141,141,2,8.86897332050151,6.51497457140655
"423",141,141,3,8.92334324362576,6.51497457140655
"424",142,142,1,8.91720492879865,6.51419271737814
"425",142,142,2,8.82898353916636,6.51419271737814
"426",142,142,3,8.88461645788197,6.51419271737814
"427",143,143,1,8.84409608438018,6.51410948539925
"428",143,143,2,8.88214074899614,6.51410948539925
"429",143,143,3,8.79177485798735,6.51410948539925
"430",144,144,1,8.90023504198083,6.51413894602211
"431",144,144,2,8.88459604173465,6.51413894602211
"432",144,144,3,8.58366657275703,6.51413894602211
"433",145,145,1,8.88821607774236,6.51747698461564
"434",145,145,2,8.90709616003355,6.51747698461564
"435",145,145,3,8.92311748890245,6.51747698461564
"436",146,146,1,8.89274887774575,6.51335135620374
"437",146,146,2,8.88722112322509,6.51335135620374
"438",146,146,3,8.83704923618491,6.51335135620374
"439",147,147,1,8.88192636707637,6.51329351187536
"440",147,147,2,8.88652655051121,6.51329351187536
"441",147,147,3,8.91320153755166,6.51329351187536
"442",148,148,1,8.845245238344,6.51342424155865
"443",148,148,2,8.88448951352295,6.51342424155865
"444",148,148,3,8.52446503335135,6.51342424155865
"445",149,149,1,8.88416803387541,6.51867260057904
"446",149,149,2,8.84403817012264,6.51867260057904
"447",149,149,3,8.89601185826566,6.51867260057904
"448",150,150,1,8.90089168078638,6.51738782932542
"449",150,150,2,8.86911763331952,6.51738782932542
"450",150,150,3,8.91558709707985,6.51738782932542
"451",151,151,1,8.90568784729217,6.51788921754698
"452",151,151,2,8.88388155806162,6.51788921754698
"453",151,151,3,8.89095921245695,6.51788921754698
"454",152,152,1,8.89685758193095,6.51796506047102
"455",152,152,2,8.8829149993033,6.51796506047102
"456",152,152,3,8.67442561187347,6.51796506047101
"457",153,153,1,8.90912984524362,6.51952582980531
"458",153,153,2,8.88588732935082,6.51952582980531
"459",153,153,3,8.88722348117663,6.51952582980531
"460",154,154,1,8.88659225236765,6.51681787269271
"461",154,154,2,8.87662518915068,6.51681787269271
"462",154,154,3,8.89649737279018,6.51681787269271
"463",155,155,1,8.93319192806105,6.51751164305366
"464",155,155,2,8.84835254713099,6.51751164305366
"465",155,155,3,8.35118186920957,6.51751164305366
"466",156,156,1,8.91240216931838,6.53019968785885
"467",156,156,2,8.85194770072691,6.53019968785885
"468",156,156,3,8.59807173277304,6.53019968785885
"469",157,157,1,8.85593256263061,6.40733491036191
"470",157,157,2,8.85952198533145,6.40733491036191
"471",157,157,3,8.87486710416359,6.40733491036191
"472",158,158,1,8.92340972270262,6.40645516191028
"473",158,158,2,8.83364635928884,6.40645516191028
"474",158,158,3,8.44341104810292,6.40645516191028
"475",159,159,1,8.9034000059265,6.41405664713093
"476",159,159,2,8.87129450471076,6.41405664713093
"477",159,159,3,8.86493984523845,6.41405664713093
"478",160,160,1,8.88107856077199,6.37832923046127
"479",160,160,2,8.75034081328946,6.37832923046127
"480",160,160,3,8.59431624092655,6.37832923046127
"481",161,161,1,8.94413381199766,6.38093613777684
"482",161,161,2,8.86034720517667,6.38093613777684
"483",161,161,3,8.85025360927676,6.38093613777684
"484",162,162,1,8.87235651770796,6.37677093336719
"485",162,162,2,8.84067156988279,6.37677093336719
"486",162,162,3,8.86110385362799,6.37677093336719
"487",163,163,1,8.83362843856815,6.37702966556743
"488",163,163,2,8.6987666206434,6.37702966556743
"489",163,163,3,8.8645566268228,6.37702966556743
"490",164,164,1,8.92096271594071,6.37814352722312
"491",164,164,2,8.83158421485659,6.37814352722312
"492",164,164,3,8.48558460727939,6.37814352722312
"493",165,165,1,8.24376713106062,6.39996442507775
"494",165,165,2,8.83718024635727,6.39996442507775
"495",165,165,3,8.83949950106116,6.39996442507775
"496",166,166,1,8.8985111543421,6.40018486258441
"497",166,166,2,8.74138093907375,6.40018486258441
"498",166,166,3,8.88436392715411,6.40018486258441
"499",167,167,1,8.92008313453427,6.38608267781327
"500",167,167,2,8.84854209714138,6.38608267781327
"501",167,167,3,8.84196650182838,6.38608267781327
"502",168,168,1,8.8500917493084,6.38608453398731
"503",168,168,2,8.85898247851475,6.38608453398731
"504",168,168,3,8.6139360683707,6.38608453398731
"505",169,169,1,8.88335830714596,6.3884187585878
"506",169,169,2,8.85652480738658,6.38841875858781
"507",169,169,3,8.86508905188334,6.3884187585878
"508",170,170,1,8.90011077847697,6.38171142737661
"509",170,170,2,8.85039834017355,6.38171142737661
"510",170,170,3,8.82424644117339,6.38171142737661
"511",171,171,1,8.85404587495285,6.38166983708482
"512",171,171,2,8.83202968533179,6.38166983708482
"513",171,171,3,8.77116156284921,6.38166983708482
"514",172,172,1,8.70179727941116,6.38215227299071
"515",172,172,2,8.7899939363068,6.38215227299071
"516",172,172,3,8.59134473703752,6.38215227299071
"517",173,173,1,8.70120833926046,6.38523469990076
"518",173,173,2,8.59152916526226,6.38523469990076
"519",173,173,3,8.8605943010372,6.38523469990076
"520",174,174,1,8.87869584612009,6.38658907145126
"521",174,174,2,8.87609730413137,6.38658907145126
"522",174,174,3,8.8551781968704,6.38658907145126
"523",175,175,1,8.88564394018668,6.38728802103971
"524",175,175,2,8.85456656526402,6.38728802103971
"525",175,175,3,8.85787574653633,6.38728802103971
"526",176,176,1,8.8754843069853,6.38779219172207
"527",176,176,2,8.87825602453988,6.38779219172207
"528",176,176,3,8.66536371150723,6.38779219172207
"529",177,177,1,8.86341783069224,6.3893243212356
"530",177,177,2,8.86229576199241,6.3893243212356
"531",177,177,3,8.83543782652601,6.3893243212356
"532",178,178,1,8.87523797710145,6.38974109004108
"533",178,178,2,8.85565889184477,6.38974109004108
"534",178,178,3,8.82365506106953,6.38974109004108
"535",179,179,1,8.89319101530313,6.39045886516089
"536",179,179,2,8.85155226583312,6.39045886516089
"537",179,179,3,8.8204002857341,6.39045886516089
"538",180,180,1,8.84860001728793,6.39084646395372
"539",180,180,2,8.85776272891492,6.39084646395372
"540",180,180,3,8.69224223318883,6.39084646395372
"541",181,181,1,8.85883941711656,6.39195123439688
"542",181,181,2,8.85301871310383,6.39195123439688
"543",181,181,3,8.82278065639063,6.39195123439688
"544",182,182,1,8.79513295406355,6.39108066610661
"545",182,182,2,8.81052033476431,6.39108066610661
"546",182,182,3,8.80406596513943,6.39108066610661
"547",183,183,1,8.85898959972155,6.39140453497022
"548",183,183,2,8.84357896649492,6.39140453497022
"549",183,183,3,8.7943071272062,6.39140453497022
"550",184,184,1,8.86008484308552,6.39198811392399
"551",184,184,2,8.83744724896507,6.39198811392399
"552",184,184,3,8.60513323789895,6.39198811392399
"553",185,185,1,8.8589648049346,6.39446481475417
"554",185,185,2,8.83372748936682,6.39446481475417
"555",185,185,3,8.76296894209979,6.39446481475416
"556",186,186,1,8.82286851184575,6.38837788430706
"557",186,186,2,8.80302533107742,6.38837788430706
"558",186,186,3,8.81450348620177,6.38837788430706
"559",187,187,1,8.8529659049971,6.3888075321091
"560",187,187,2,8.81919102526692,6.3888075321091
"561",187,187,3,8.79675326263694,6.3888075321091
"562",188,188,1,8.86835971887704,6.3892731205205
"563",188,188,2,8.8049228601441,6.3892731205205
"564",188,188,3,8.51001683017059,6.3892731205205
"565",189,189,1,8.84168709998322,6.3940139726988
"566",189,189,2,8.83073035237255,6.3940139726988
"567",189,189,3,8.81616152171198,6.3940139726988
"568",190,190,1,8.83535331936507,6.39198467980653
"569",190,190,2,8.81974359259199,6.39198467980653
"570",190,190,3,8.80549824027595,6.39198467980653
"571",191,191,1,8.85862639243764,6.3925648918912
"572",191,191,2,8.8225984329805,6.3925648918912
"573",191,191,3,8.80263715372713,6.3925648918912
"574",192,192,1,8.79948571891228,6.3832745805003
"575",192,192,2,8.82281412784055,6.3832745805003
"576",192,192,3,8.65384045401301,6.3832745805003
"577",193,193,1,8.81726278079787,6.38433926462124
"578",193,193,2,8.83415351347646,6.38433926462124
"579",193,193,3,8.77684595194692,6.38433926462124
"580",194,194,1,8.86167729537258,6.38312353085823
"581",194,194,2,8.82722678870445,6.38312353085823
"582",194,194,3,8.76322078977152,6.38312353085823
"583",195,195,1,8.81811895759654,6.38363797063614
"584",195,195,2,8.80593067761976,6.38363797063614
"585",195,195,3,8.77239099768702,6.38363797063614
"586",196,196,1,8.77791232589072,6.37004875154078
"587",196,196,2,8.81592431405717,6.37004875154078
"588",196,196,3,8.57518832817164,6.37004875154078
"589",197,197,1,8.03910341875862,6.42644809592543
"590",197,197,2,8.82852499622434,6.42644809592543
"591",197,197,3,8.78395352841005,6.42644809592543
"592",198,198,1,8.80297503052484,6.42240241200325
"593",198,198,2,8.81233346167603,6.42240241200325
"594",198,198,3,8.78024381125441,6.42240241200325
"595",199,199,1,8.82398812951714,6.42238686808349
"596",199,199,2,8.82713978978099,6.42238686808349
"597",199,199,3,8.77332125475939,6.42238686808349
"598",200,200,1,8.85620702218786,6.4234317474242
"599",200,200,2,8.80094367809095,6.4234317474242
"600",200,200,3,8.57666212592236,6.4234317474242
"601",201,201,1,8.79798136165635,6.42682737421329
"602",201,201,2,8.81346741487769,6.42682737421329
"603",201,201,3,8.78859181063947,6.42682737421329
"604",202,202,1,8.79436585912573,6.42455746732535
"605",202,202,2,8.80164527060696,6.42455746732535
"606",202,202,3,8.77171418121228,6.42455746732535
"607",203,203,1,8.8464554368963,6.4248509080131
"608",203,203,2,8.8091553305412,6.4248509080131
"609",203,203,3,8.81169588663195,6.4248509080131
"610",204,204,1,8.79824429010081,6.42524074410602
"611",204,204,2,8.81560262176891,6.42524074410602
"612",204,204,3,8.76429001920486,6.42524074410601
"613",205,205,1,8.79108489504615,6.42503039366044
"614",205,205,2,8.78886283241575,6.42503039366044
"615",205,205,3,8.75268234836043,6.42503039366044
"616",206,206,1,8.83366180647614,6.42048602369545
"617",206,206,2,8.77938468219363,6.42048602369545
"618",206,206,3,8.79146805104326,6.42048602369545
"619",207,207,1,8.77250530844919,6.42083483738122
"620",207,207,2,8.78288548515406,6.42083483738122
"621",207,207,3,8.73712578990217,6.42083483738122
"622",208,208,1,8.77084894672967,6.42087215119315
"623",208,208,2,8.78680433423987,6.42087215119315
"624",208,208,3,8.64957504203144,6.42087215119315
"625",209,209,1,8.81881525078649,6.42222526615109
"626",209,209,2,8.78339278502302,6.42222526615109
"627",209,209,3,8.78343994750119,6.42222526615109
"628",210,210,1,8.77409704155363,6.4166882730109
"629",210,210,2,8.7455393460908,6.4166882730109
"630",210,210,3,8.74868752852977,6.4166882730109
"631",211,211,1,8.75862810431842,6.41641353764921
"632",211,211,2,8.77885840988766,6.41641353764922
"633",211,211,3,8.7263229897431,6.41641353764921
"634",212,212,1,8.76483985565849,6.4161291225938
"635",212,212,2,8.78776683532374,6.4161291225938
"636",212,212,3,8.58369877408834,6.4161291225938
"637",213,213,1,8.78927111577286,6.41928598931793
"638",213,213,2,8.77278143486606,6.41928598931793
"639",213,213,3,8.76207152649461,6.41928598931793
"640",214,214,1,8.78402227870636,6.4082737017217
"641",214,214,2,8.75993011560058,6.4082737017217
"642",214,214,3,8.74688795574737,6.4082737017217
"643",215,215,1,8.76542844113781,6.40826488389469
"644",215,215,2,8.77642308723106,6.40826488389469
"645",215,215,3,8.60974696643841,6.40826488389469
"646",216,216,1,8.74809576632039,6.40978707805724
"647",216,216,2,8.75432389568173,6.40978707805724
"648",216,216,3,8.74487169994451,6.40978707805724
"649",217,217,1,8.78341328392293,6.40976594385806
"650",217,217,2,8.77129055673493,6.40976594385806
"651",217,217,3,8.73672184531426,6.40976594385806
"652",218,218,1,8.75300029810176,6.4021900086768
"653",218,218,2,8.76956765869911,6.4021900086768
"654",218,218,3,8.23957828140484,6.4021900086768
"655",219,219,1,8.78796960580567,6.43656871126917
"656",219,219,2,8.78995484910008,6.43656871126917
"657",219,219,3,8.76165235580016,6.43656871126917
"658",220,220,1,8.78648465371125,6.43669163128338
"659",220,220,2,8.78332108325156,6.43669163128338
"660",220,220,3,8.76455103837087,6.43669163128338
"661",221,221,1,8.64176740298448,6.43761514069866
"662",221,221,2,8.76849016359335,6.43761514069866
"663",221,221,3,7.19114433547882,6.43761514069866
"664",222,222,1,8.83821451419766,6.70452248899908
"665",222,222,2,8.83574041650868,6.70452248899908
"666",222,222,3,8.71820948820645,6.70452248899908
"667",223,223,1,8.84689826593741,6.70488989224522
"668",223,223,2,8.58696942059104,6.70488989224522
"669",223,223,3,8.81968973027212,6.70488989224522
"670",224,224,1,8.8274263982148,6.69791967171127
"671",224,224,2,8.80077016006068,6.69791967171127
"672",224,224,3,7.43159057060013,6.69791967171127
"673",225,225,1,8.67927553440495,6.85470586847299
"674",225,225,2,8.85587929993473,6.85470586847299
"675",225,225,3,8.82646700795613,6.85470586847299
"676",226,226,1,8.84695244589922,6.85063191620087
"677",226,226,2,8.83431192998955,6.85063191620087
"678",226,226,3,8.82503836643372,6.85063191620087
"679",227,227,1,8.83598289576064,6.85060108357467
"680",227,227,2,8.82952268747649,6.85060108357467
"681",227,227,3,8.42391347676307,6.85060108357467
"682",228,228,1,8.86315110197499,6.87679365991263
"683",228,228,2,8.85924791498852,6.87679365991263
"684",228,228,3,8.84516256802512,6.87679365991263
"685",229,229,1,8.68465714999353,6.87985313240799
"686",229,229,2,8.87826953943428,6.87985313240799
"687",229,229,3,7.99917949338865,6.87985313240799
"688",230,230,1,8.90656739872831,6.97464924349049
"689",230,230,2,8.90601620539981,6.97464924349049
"690",230,230,3,8.69086854016855,6.97464924349049
"691",231,231,1,8.91577443331433,6.97720458745462
"692",231,231,2,8.89847941425051,6.97720458745462
"693",231,231,3,8.84265541690831,6.97720458745462
"694",232,232,1,8.92104273204252,6.97717904807518
"695",232,232,2,8.90991728766555,6.97717904807518
"696",232,232,3,8.87118213362908,6.97717904807518
"697",233,233,1,8.82355688251638,6.97745062183659
"698",233,233,2,8.91337226640237,6.97745062183659
"699",233,233,3,8.93299625307225,6.97745062183659
"700",234,234,1,8.91689145087475,6.9775022197301
"701",234,234,2,8.90594972840867,6.9775022197301
"702",234,234,3,8.83850942826539,6.9775022197301
"703",235,235,1,8.90969537228309,6.97792923809369
"704",235,235,2,8.89071226200921,6.97792923809369
"705",235,235,3,8.8510942294113,6.97792923809369
"706",236,236,1,8.89758247342558,6.97817400874003
"707",236,236,2,8.8863423192614,6.97817400874003
"708",236,236,3,8.88046051816449,6.97817400874003
"709",237,237,1,8.70382566024804,6.86070965350985
"710",237,237,2,8.85902990630871,6.86070965350985
"711",237,237,3,8.84680879511637,6.86070965350985
"712",238,238,1,8.85596232486948,6.85569078422649
"713",238,238,2,8.8528884480581,6.85569078422649
"714",238,238,3,8.84914892234484,6.85569078422649
"715",239,239,1,8.85013488970205,6.85626534062819
"716",239,239,2,8.84739419082076,6.85626534062819
"717",239,239,3,8.83456444572849,6.85626534062819
"718",240,240,1,8.85056938600414,6.85623401033868
"719",240,240,2,8.8523161652305,6.85623401033868
"720",240,240,3,8.83755249956349,6.85623401033868
"721",241,241,1,8.63695964809218,6.86096910739764
"722",241,241,2,8.83890232485137,6.86096910739764
"723",241,241,3,8.8403316926441,6.86096910739764
"724",242,242,1,8.8330535142107,6.85447599743883
"725",242,242,2,8.84638976053137,6.85447599743883
"726",242,242,3,8.82191633503307,6.85447599743883
"727",243,243,1,8.85348814517668,6.85451398767519
"728",243,243,2,8.83679700561545,6.85451398767518
"729",243,243,3,8.84010909297685,6.85451398767519
"730",244,244,1,8.8531512203457,6.8550094158402
"731",244,244,2,8.84633310327662,6.8550094158402
"732",244,244,3,8.82252310869748,6.8550094158402
"733",245,245,1,8.75928114434308,6.8555111040584
"734",245,245,2,8.85053712038627,6.8555111040584
"735",245,245,3,8.82118758221434,6.8555111040584
"736",246,246,1,8.84862467125021,6.84920572617597
"737",246,246,2,8.84125158337732,6.84920572617597
"738",246,246,3,8.82594270673531,6.84920572617597
"739",247,247,1,8.84402724199166,6.8496874419568
"740",247,247,2,8.84046038446915,6.8496874419568
"741",247,247,3,8.82610646012688,6.8496874419568
"742",248,248,1,8.82606016456048,6.84984891341046
"743",248,248,2,8.82673868212992,6.84984891341045
"744",248,248,3,8.79999087185745,6.84984891341045
"745",249,249,1,8.68796001262015,6.85183744689238
"746",249,249,2,8.84284817378135,6.85183744689238
"747",249,249,3,8.82648758100992,6.85183744689237
"748",250,250,1,8.84175001598887,6.84929248082329
"749",250,250,2,8.82949515076303,6.8492924808233
"750",250,250,3,8.82497210728533,6.84929248082329
"751",251,251,1,8.83924097117961,6.84957479692329
"752",251,251,2,8.84057664655454,6.84957479692329
"753",251,251,3,8.81508698217077,6.84957479692329
"754",252,252,1,8.83325132874048,6.84942782056901
"755",252,252,2,8.8270732546135,6.84942782056901
"756",252,252,3,8.81622987793821,6.84942782056901
"757",253,253,1,8.68770671385379,6.85187571973176
"758",253,253,2,8.83885078233385,6.85187571973176
"759",253,253,3,8.82312190767346,6.85187571973176
"760",254,254,1,8.82478132217459,6.84754711394954
"761",254,254,2,8.83582913311368,6.84754711394955
"762",254,254,3,8.80334396030677,6.84754711394955
"763",255,255,1,8.80432016582339,6.84721407436053
"764",255,255,2,8.83095335746901,6.84721407436053
"765",255,255,3,8.81521321787321,6.84721407436053
"766",256,256,1,8.77846637420147,6.60969897606882
"767",256,256,2,8.79713556796714,6.60969897606882
"768",256,256,3,8.77668407583304,6.60969897606882
"769",257,257,1,8.49783500282661,6.61455969313395
"770",257,257,2,8.80977402991102,6.61455969313395
"771",257,257,3,8.78131110003619,6.61455969313394
"772",258,258,1,8.77994076325903,6.6087468758227
"773",258,258,2,8.79552406336586,6.60874687582271
"774",258,258,3,8.79035275319632,6.6087468758227
"775",259,259,1,8.79679896412383,6.60898751858689
"776",259,259,2,8.7863665842034,6.6089875185869
"777",259,259,3,8.76717840576348,6.60898751858689
"778",260,260,1,8.79753437673679,6.60884852540927
"779",260,260,2,8.78504266637767,6.60884852540927
"780",260,260,3,8.47391010246662,6.60884852540927
"781",261,261,1,8.27653627249991,6.63806987427299
"782",261,261,2,8.81450505411323,6.63806987427299
"783",261,261,3,8.80933055862186,6.63806987427299
"784",262,262,1,8.77965480821186,6.63591777359778
"785",262,262,2,8.8187765300714,6.63591777359778
"786",262,262,3,8.77159858049088,6.63591777359778
"787",263,263,1,8.79583461585142,6.63535847734875
"788",263,263,2,8.82334869810764,6.63535847734875
"789",263,263,3,8.79300808958369,6.63535847734875
"790",264,264,1,8.79464732800925,6.614241526053
"791",264,264,2,8.76919204647434,6.614241526053
"792",264,264,3,8.77671662837715,6.614241526053
"793",265,265,1,8.57694582483721,6.61700674754885
"794",265,265,2,8.80612943392028,6.61700674754885
"795",265,265,3,8.75373200778999,6.61700674754885
"796",266,266,1,8.79525881626729,6.61720724769691
"797",266,266,2,8.787624619123,6.61720724769691
"798",266,266,3,8.7878579983465,6.61720724769691
"799",267,267,1,8.79192470660962,6.61680793708195
"800",267,267,2,8.8134505016569,6.61680793708195
"801",267,267,3,8.78232628058554,6.61680793708195
"802",268,268,1,8.69926715598608,6.61708468943381
"803",268,268,2,8.69551333525242,6.6170846894338
"804",268,268,3,8.79370659569032,6.61708468943381
"805",269,269,1,8.50604902578178,6.62313665247551
"806",269,269,2,8.80836160388527,6.62313665247551
"807",269,269,3,8.80069941104882,6.62313665247551
"808",270,270,1,8.39283497747133,6.63181928924983
"809",270,270,2,8.81938985542168,6.63181928924982
"810",270,270,3,8.80377968482578,6.63181928924982
"811",271,271,1,8.81050176864321,6.62840300198843
"812",271,271,2,8.76770056919195,6.62840300198842
"813",271,271,3,8.77572902248429,6.62840300198843
"814",272,272,1,8.80668296818806,6.62813399659592
"815",272,272,2,8.80527459548748,6.62813399659592
"816",272,272,3,8.78918883204082,6.62813399659592
"817",273,273,1,8.67253248694477,6.62829966736248
"818",273,273,2,8.80889156381999,6.62829966736248
"819",273,273,3,8.78842248128682,6.62829966736248
"820",274,274,1,8.79093854640541,6.62384960146296
"821",274,274,2,8.81247982382584,6.62384960146296
"822",274,274,3,8.77316944843056,6.62384960146296
"823",275,275,1,8.68385753090616,6.50718849816855
"824",275,275,2,8.77682045097509,6.50718849816855
"825",275,275,3,8.75229526305194,6.50718849816855
"826",276,276,1,8.76255027524159,6.50652169849619
"827",276,276,2,8.78249735845729,6.50652169849619
"828",276,276,3,8.74777274603172,6.50652169849619
"829",277,277,1,8.59493822768886,6.50360249730507
"830",277,277,2,8.76765773750766,6.50360249730507
"831",277,277,3,8.75196076926053,6.50360249730507
"832",278,278,1,8.7650226832374,6.4988733855258
"833",278,278,2,8.76278674968145,6.4988733855258
"834",278,278,3,8.75017554449392,6.4988733855258
"835",279,279,1,8.77199316985688,6.49848890922832
"836",279,279,2,8.74981309549432,6.49848890922832
"837",279,279,3,8.76559909203321,6.49848890922832
"838",280,280,1,8.7743917399315,6.49863385512887
"839",280,280,2,8.68838244801268,6.49863385512887
"840",280,280,3,8.76163532440118,6.49863385512887
"841",281,281,1,8.56868455711842,6.50229188843349
"842",281,281,2,8.75975496667196,6.50229188843349
"843",281,281,3,8.76036647766084,6.50229188843349
"844",282,282,1,8.76539583389091,6.49606490916821
"845",282,282,2,8.7596788072989,6.49606490916821
"846",282,282,3,8.75755517572646,6.49606490916821
"847",283,283,1,8.76446074939089,6.4960852233675
"848",283,283,2,8.69827026029595,6.49608522336751
"849",283,283,3,8.75859121379795,6.49608522336751
"850",284,284,1,8.76762793242525,6.49618338784414
"851",284,284,2,8.77223909877047,6.49618338784414
"852",284,284,3,8.75800822573795,6.49618338784414
"853",285,285,1,8.63030005626274,6.49774445332275
"854",285,285,2,8.77237462326642,6.49774445332275
"855",285,285,3,8.75509784766727,6.49774445332275
"856",286,286,1,8.73394553224985,6.39107632172031
"857",286,286,2,8.70545266986956,6.39107632172031
"858",286,286,3,8.71766014004547,6.39107632172031
"859",287,287,1,8.75534668304893,6.39079589942043
"860",287,287,2,8.74447798423282,6.39079589942043
"861",287,287,3,8.74311979425043,6.39079589942043
"862",288,288,1,8.7371909146536,6.37843854087973
"863",288,288,2,8.73208079308937,6.37843854087974
"864",288,288,3,8.71235101434775,6.37843854087973
"865",289,289,1,8.57774466814802,6.26572679379444
"866",289,289,2,8.65576754824376,6.26572679379444
"867",289,289,3,8.70017467642324,6.26572679379444
"868",290,290,1,8.67030275904953,6.0684839535048
"869",290,290,2,8.67286230947751,6.0684839535048
"870",290,290,3,8.6394809749122,6.0684839535048
"871",291,291,1,8.47522867734836,6.07083576327773
"872",291,291,2,8.68841860726387,6.07083576327773
"873",291,291,3,8.6613327350722,6.07083576327773
"874",292,292,1,8.63749486099928,5.94248310843812
"875",292,292,2,8.65445904744784,5.94248310843812
"876",292,292,3,8.62673764403695,5.94248310843812
"877",293,293,1,8.24381633347427,5.95941196837872
"878",293,293,2,8.65104831520081,5.95941196837872
"879",293,293,3,8.55892347283893,5.95941196837872
"880",294,294,1,8.67047817227702,5.9566149223911
"881",294,294,2,8.58513507897192,5.9566149223911
"882",294,294,3,8.64718998295821,5.9566149223911
"883",295,295,1,8.60872826511484,5.94468439705714
"884",295,295,2,8.42288777578705,5.94468439705714
"885",295,295,3,8.61963091106079,5.94468439705714
"886",296,296,1,8.64817204551108,5.94862671813932
"887",296,296,2,8.63185550998072,5.94862671813932
"888",296,296,3,8.63494115945024,5.94862671813932
"889",297,297,1,8.40123679642783,5.95348993391768
"890",297,297,2,8.64428611406966,5.95348993391769
"891",297,297,3,8.64126272806229,5.95348993391769
"892",298,298,1,8.65693054973232,5.94509964676455
"893",298,298,2,8.64261036846291,5.94509964676455
"894",298,298,3,8.63402601644677,5.94509964676455
"895",299,299,1,8.65496459440371,5.94486906913795
"896",299,299,2,8.65325724530441,5.94486906913795
"897",299,299,3,8.62506255017716,5.94486906913795
"898",300,300,1,8.65564562729056,5.94438756420715
"899",300,300,2,8.63218888883245,5.94438756420715
"900",300,300,3,8.65618440339584,5.94438756420715
"901",301,301,1,8.53333330505866,5.94440756723226
"902",301,301,2,8.65364667349763,5.94440756723226
"903",301,301,3,8.65687737878614,5.94440756723226
"904",302,302,1,8.66106788796701,5.94134891490119
"905",302,302,2,8.63091563845874,5.94134891490118
"906",302,302,3,8.63659960753336,5.94134891490119
"907",303,303,1,8.65847414098921,5.9410297063361
"908",303,303,2,8.64465420896497,5.94102970633609
"909",303,303,3,8.63950882375681,5.9410297063361
"910",304,304,1,8.65580765448322,5.9405641646993
"911",304,304,2,8.64413247687435,5.9405641646993
"912",304,304,3,8.65616908834617,5.9405641646993
"913",305,305,1,8.66471482822017,5.9409481657276
"914",305,305,2,8.63728791828953,5.9409481657276
"915",305,305,3,8.63686200515055,5.9409481657276
"916",306,306,1,8.64834245088209,5.93403953699739
"917",306,306,2,8.64426785669074,5.93403953699739
"918",306,306,3,8.6240179788323,5.93403953699739
"919",307,307,1,8.64353533230648,5.93372303371277
"920",307,307,2,8.63715098477982,5.93372303371277
"921",307,307,3,8.63230024368525,5.93372303371277
"922",308,308,1,8.64797691420126,5.9338052031245
"923",308,308,2,8.6526125927964,5.9338052031245
"924",308,308,3,8.64034291945695,5.9338052031245
"925",309,309,1,8.49017084380453,5.93595648971075
"926",309,309,2,8.63421119707938,5.93595648971075
"927",309,309,3,8.62994066539868,5.93595648971075
"928",310,310,1,8.63867426026196,5.9292253031082
"929",310,310,2,8.62182239313777,5.9292253031082
"930",310,310,3,8.63986145332159,5.9292253031082
"931",311,311,1,8.63949411208152,5.92932015207371
"932",311,311,2,8.63166975494542,5.92932015207371
"933",311,311,3,8.62822014889587,5.92932015207371
"934",312,312,1,8.62034980118175,5.92911930750059
"935",312,312,2,8.63849929859906,5.92911930750059
"936",312,312,3,8.63843555423231,5.92911930750059
"937",313,313,1,8.5530277248963,5.92926816992333
"938",313,313,2,8.6409130260456,5.92926816992333
"939",313,313,3,8.63979319777917,5.92926816992333
"940",314,314,1,8.62450343432202,5.92734309733192
"941",314,314,2,8.64459259361418,5.92734309733192
"942",314,314,3,8.64607455216978,5.92734309733192
"943",315,315,1,8.6277665683279,5.92789507273992
"944",315,315,2,8.63584385109383,5.92789507273992
"945",315,315,3,8.64139519528529,5.92789507273992
"946",316,316,1,8.62403521617719,5.92822652916163
"947",316,316,2,8.62881333377005,5.92822652916163
"948",316,316,3,8.62915264192311,5.92822652916164
"949",317,317,1,8.61607861406489,5.92863861552319
"950",317,317,2,8.62967491532264,5.92863861552319
"951",317,317,3,8.63784068327307,5.92863861552319
"952",318,318,1,8.61262272602122,5.92532336447398
"953",318,318,2,8.6488321342968,5.92532336447398
"954",318,318,3,8.62173947175512,5.92532336447398
"955",319,319,1,8.58879354730295,5.92550006502114
"956",319,319,2,8.62861464735677,5.92550006502114
"957",319,319,3,8.62891721203075,5.92550006502114
"958",320,320,1,8.58843733227493,5.89478607545738
"959",320,320,2,8.59895270152562,5.89478607545738
"960",320,320,3,8.60391814586173,5.89478607545738
"961",321,321,1,8.45047507590192,5.89841307081752
"962",321,321,2,8.63224860018725,5.89841307081752
"963",321,321,3,8.60312822179144,5.89841307081752
"964",322,322,1,8.58383840089272,5.88793214343587
"965",322,322,2,8.5939920009816,5.88793214343587
"966",322,322,3,8.60116427693342,5.88793214343587
"967",323,323,1,8.5873625684985,5.88819224822778
"968",323,323,2,8.60260868426934,5.88819224822778
"969",323,323,3,8.59478521266047,5.88819224822778
"970",324,324,1,8.58018109483967,5.88855105281763
"971",324,324,2,8.60944280998443,5.88855105281763
"972",324,324,3,8.59234071123542,5.88855105281763
"973",325,325,1,8.08003862832522,5.94617856518002
"974",325,325,2,8.602077076236,5.94617856518003
"975",325,325,3,8.6013385022213,5.94617856518002
"976",326,326,1,8.5923013962011,5.94183517377779
"977",326,326,2,8.59981147750972,5.94183517377779
"978",326,326,3,8.60939167731351,5.94183517377779
"979",327,327,1,8.58499430542583,5.9420282555593
"980",327,327,2,8.62109661990997,5.9420282555593
"981",327,327,3,8.60603664377321,5.9420282555593
"982",328,328,1,8.38343769003288,5.9501086541692
"983",328,328,2,8.59949456545923,5.95010865416919
"984",328,328,3,8.60627394286636,5.95010865416919
"985",329,329,1,8.46994647498268,5.95261997199708
"986",329,329,2,8.6121539286772,5.95261997199708
"987",329,329,3,8.60348389164285,5.95261997199708
"988",330,330,1,8.60257948739923,5.94347956579028
"989",330,330,2,8.6305031252926,5.94347956579028
"990",330,330,3,8.614051132515,5.94347956579028
"991",331,331,1,8.28584554053918,5.95957940090101
"992",331,331,2,8.63249654501227,5.95957940090101
"993",331,331,3,8.62166299132098,5.95957940090102
"994",332,332,1,8.60111330312893,5.94557389269825
"995",332,332,2,8.60411870636563,5.94557389269825
"996",332,332,3,8.61914387759303,5.94557389269825
"997",333,333,1,8.48482581012434,5.94725726170919
"998",333,333,2,8.63878051862768,5.94725726170919
"999",333,333,3,8.6174939481593,5.94725726170919
