"","train_iter","test_iter","predict_iter","expected","Quantile_0.95","Quantile_0.97","Quantile_0.98","Quantile_0.99","Quantile_0.995","Quantile_0.999","Quantile_0.9995","Quantile_0.9999","score_pred_1_0.95","score_pred_1_0.97","score_pred_1_0.98","score_pred_1_0.99","score_pred_1_0.995","score_pred_1_0.999","score_pred_1_0.9995","score_pred_1_0.9999","score_pred_2_0.95","score_pred_2_0.97","score_pred_2_0.98","score_pred_2_0.99","score_pred_2_0.995","score_pred_2_0.999","score_pred_2_0.9995","score_pred_2_0.9999","adjustment_0.95","adjustment_0.97","adjustment_0.98","adjustment_0.99","adjustment_0.995","adjustment_0.999","adjustment_0.9995","adjustment_0.9999","time","actual","residuals"
"1",1,1,1,7.13755638448133,18.2062479449175,19.7939557116661,20.9578215204721,22.7922180869686,24.4710501411006,27.9326154016543,29.2804540049569,32.1638843878916,1,1,1,1,1,1,1,1,0.866666666666667,0.833333333333333,0.833333333333333,0.8,0.8,0.766666666666667,0.733333333333333,0.7,0,0,0,0,0,0,0,0,2001,3.380216,-3.75734038448133
"2",1,1,2,7.1398859758673,18.2085775363035,19.7962853030521,20.9601511118581,22.7945476783546,24.4733797324866,27.9349449930403,29.2827835963428,32.1662139792776,1,1,1,1,1,1,1,1,0.896551724137931,0.862068965517241,0.862068965517241,0.827586206896552,0.827586206896552,0.793103448275862,0.758620689655172,0.724137931034483,0,0,0,0,0,0,0,0,2002,9.198733,2.0588470241327
"3",1,1,3,7.05483859144191,18.1235301518781,19.7112379186267,20.8751037274327,22.7095002939292,24.3883323480612,27.8498976086149,29.1977362119174,32.0811665948522,1,1,1,1,1,1,1,1,0.866666666666667,0.833333333333333,0.833333333333333,0.8,0.8,0.766666666666667,0.733333333333333,0.7,0,0,0,0,0,0,0,0,2003,3.47154,-3.58329859144191
"4",2,2,1,7.11456171641428,18.0963341795386,19.6715741559321,20.8263004774789,22.6462920808592,24.3119407730838,27.7463234054027,29.0835778385636,31.944365512134,1,1,1,1,1,1,1,1,0.866666666666667,0.833333333333333,0.833333333333333,0.8,0.8,0.766666666666667,0.733333333333333,0.7,0,0,0,0,0,0,0,0,2004,4.203776,-2.91078571641428
"5",2,2,2,7.10474771903974,18.0865201821641,19.6617601585576,20.8164864801043,22.6364780834847,24.3021267757092,27.7365094080281,29.073763841189,31.9345515147595,1,1,1,1,1,1,1,1,0.896551724137931,0.862068965517241,0.862068965517241,0.827586206896552,0.827586206896552,0.793103448275862,0.758620689655172,0.724137931034483,0,0,0,0,0,0,0,0,2005,9.346906,2.24215828096027
"6",2,2,3,7.03581548364437,18.0175879467687,19.5928279231622,20.747554244709,22.5675458480893,24.2331945403139,27.6675771726327,29.0048316057937,31.8656192793641,1,1,1,1,1,1,1,1,1,0.961538461538462,0.961538461538462,0.923076923076923,0.923076923076923,0.884615384615385,0.846153846153846,0.807692307692308,0,0,0,0,0,0,0,0,2006,17.631745,10.5959295163556
"7",3,3,1,6.93388586723726,17.9224378597998,19.4986503008685,20.6540894855816,22.4752046495433,24.1418816197057,27.5783844469417,28.9164644258719,31.7790181890526,1,1,1,1,1,1,1,1,0.866666666666667,0.833333333333333,0.833333333333333,0.8,0.8,0.766666666666667,0.733333333333333,0.7,0,0,0,0,0,0,0,0,2007,4.056762,-2.87712386723726
"8",3,3,2,7.11270328605347,18.101255278616,19.6774677196848,20.8329069043978,22.6540220683595,24.3206990385219,27.7572018657579,29.0952818446881,31.9578356078688,1,1,1,1,1,1,1,1,0.896551724137931,0.862068965517241,0.862068965517241,0.827586206896552,0.827586206896552,0.793103448275862,0.758620689655172,0.724137931034483,0,0,0,0,0,0,0,0,2008,9.283445,2.17074171394653
"9",3,3,3,7.04385443644308,18.0324064290056,19.6086188700744,20.7640580547874,22.5851732187491,24.2518501889115,27.6883530161476,29.0264329950777,31.8889867582584,1,1,1,1,1,1,1,1,0.866666666666667,0.833333333333333,0.833333333333333,0.8,0.8,0.766666666666667,0.733333333333333,0.7,0,0,0,0,0,0,0,0,2009,3.718963,-3.32489143644308
"10",4,4,1,7.11817625244448,18.1069033127657,19.6831408657855,20.838598458761,22.6597426364226,24.3264461598016,27.7630037368216,29.1011050338166,31.9637044027215,1,1,1,1,1,1,1,1,0.866666666666667,0.833333333333333,0.833333333333333,0.8,0.8,0.766666666666667,0.733333333333333,0.7,0,0,0,0,0,0,0,0,2010,3.51432,-3.60385625244448
"11",4,4,2,7.12096040108918,18.1096874614104,19.6859250144302,20.8413826074057,22.6625267850673,24.3292303084463,27.7657878854663,29.1038891824613,31.9664885513662,1,1,1,1,1,1,1,1,0.896551724137931,0.862068965517241,0.862068965517241,0.827586206896552,0.827586206896552,0.793103448275862,0.758620689655172,0.724137931034483,0,0,0,0,0,0,0,0,2011,9.233496,2.11253559891082
"12",4,4,3,7.0431515529526,18.0318786132739,19.6081161662936,20.7635737592691,22.5847179369307,24.2514214603097,27.6879790373298,29.0260803343247,31.8886797032296,1,1,1,1,1,1,1,1,0.866666666666667,0.833333333333333,0.833333333333333,0.8,0.8,0.766666666666667,0.733333333333333,0.7,0,0,0,0,0,0,0,0,2012,5.077995,-1.9651565529526
"13",5,5,1,7.09793994245485,18.0870138623495,19.6633011693655,20.8187952344024,22.6399968965468,24.3067530294838,27.74341908157,29.0815626157816,31.9442523427407,1,1,1,1,1,1,1,1,0.866666666666667,0.833333333333333,0.833333333333333,0.8,0.8,0.766666666666667,0.733333333333333,0.7,0,0,0,0,0,0,0,0,2013,4.590721,-2.50721894245485
"14",5,5,2,7.10456744950565,18.0936413694003,19.6699286764163,20.8254227414532,22.6466244035976,24.3133805365346,27.7500465886208,29.0881901228324,31.9508798497915,1,1,1,1,1,1,1,1,0.928571428571429,0.892857142857143,0.892857142857143,0.857142857142857,0.857142857142857,0.821428571428571,0.785714285714286,0.75,0,0,0,0,0,0,0,0,2014,9.500996,2.39642855049435
"15",5,5,3,7.03778185826972,18.0268557781644,19.6031430851804,20.7586371502172,22.5798388123617,24.2465949452987,27.6832609973849,29.0214045315964,31.8840942585556,1,1,1,1,1,1,1,1,0.866666666666667,0.833333333333333,0.833333333333333,0.8,0.8,0.766666666666667,0.733333333333333,0.7,0,0,0,0,0,0,0,0,2015,3.445183,-3.59259885826972
"16",6,6,1,7.11803427888522,18.1074283380035,19.6837615662135,20.8392892936841,22.6605440119906,24.3273487017049,27.7641148724735,29.1022973901549,31.9650705144297,1,1,1,1,1,1,1,1,0.866666666666667,0.833333333333333,0.833333333333333,0.8,0.8,0.766666666666667,0.733333333333333,0.7,0,0,0,0,0,0,0,0,2016,4.19872,-2.91931427888522
"17",6,6,2,7.10793737930385,18.0973314384222,19.6736646666322,20.8291923941028,22.6504471124092,24.3172518021235,27.7540179728921,29.0922004905735,31.9549736148484,0,0,0,0,0,0,0,0,0,0,0,0,0,0,0,0,0,0,0,0,0,0,0,0,2017,45.692793,38.5848556206962
"18",6,6,3,6.55194412575004,17.5413381848684,19.1176714130784,20.273199140549,22.0944538588554,23.7612585485697,27.1980247193383,28.5362072370197,31.3989803612946,1,1,1,1,1,1,1,1,0.962962962962963,0.925925925925926,0.925925925925926,0.888888888888889,0.888888888888889,0.851851851851852,0.814814814814815,0.777777777777778,1,1,1,1,1,1,1,1,2018,14.140694,7.58874987424996
"19",7,7,1,7.01276357295972,18.0959570530973,19.6857449944011,20.85113567075,22.6879356172271,24.3689672346506,27.8350677504488,29.1846722577961,32.0718804382826,1,1,1,1,1,1,1,1,0.866666666666667,0.833333333333333,0.833333333333333,0.8,0.8,0.766666666666667,0.733333333333333,0.7,1,1,1,1,1,1,1,1,2019,3.94214,-3.07062357295972
"20",7,7,2,7.12912003728974,18.2123135174274,19.8021014587311,20.96749213508,22.8042920815571,24.4853236989806,27.9514242147789,29.3010287221261,32.1882369026126,1,1,1,1,1,1,1,1,0.896551724137931,0.862068965517241,0.862068965517241,0.827586206896552,0.827586206896552,0.793103448275862,0.758620689655172,0.724137931034483,0,0,0,0,0,0,0,0,2020,9.018145,1.88902496271026
"21",7,7,3,7.07120731802371,18.1544007981613,19.7441887394651,20.909579415814,22.7463793622911,24.4274109797146,27.8935114955128,29.24311600286,32.1303241833465,1,1,1,1,1,1,1,1,0.866666666666667,0.833333333333333,0.833333333333333,0.8,0.8,0.766666666666667,0.733333333333333,0.7,0,0,0,0,0,0,0,0,2021,4.92017,-2.15103731802371
"22",8,8,1,7.11796074786375,18.2007382978658,19.7904665776005,20.9558135191627,22.792544534203,24.4735130658643,27.9394835058266,29.2890373652097,32.1761371945344,1,1,1,1,1,1,1,1,0.866666666666667,0.833333333333333,0.833333333333333,0.8,0.8,0.766666666666667,0.733333333333333,0.7,0,0,0,0,0,0,0,0,2022,3.929354,-3.18860674786375
"23",8,8,2,7.12943335354559,18.2122109035477,19.8019391832823,20.9672861248446,22.8040171398849,24.4849856715462,27.9509561115084,29.3005099708915,32.1876098002163,1,1,1,1,1,1,1,1,0.896551724137931,0.862068965517241,0.862068965517241,0.827586206896552,0.827586206896552,0.793103448275862,0.758620689655172,0.724137931034483,0,0,0,0,0,0,0,0,2023,9.16511,2.03567664645441
"24",8,8,3,7.06880881373767,18.1515863637398,19.7413146434744,20.9066615850366,22.743392600077,24.4243611317382,27.8903315717005,29.2398854310836,32.1269852604083,1,1,1,1,1,1,1,1,0.866666666666667,0.833333333333333,0.833333333333333,0.8,0.8,0.766666666666667,0.733333333333333,0.7,0,0,0,0,0,0,0,0,2024,3.161718,-3.90709081373767
"25",9,9,1,7.13577641194764,18.2195123674528,19.8093781221412,20.9748258394266,22.8117156894796,24.4928295862792,27.9590997530138,29.3087703177841,32.1961198148795,1,1,1,1,1,1,1,1,0.866666666666667,0.833333333333333,0.833333333333333,0.8,0.8,0.766666666666667,0.733333333333333,0.7,0,0,0,0,0,0,0,0,2025,3.771198,-3.36457841194764
"26",9,9,2,7.12872236912072,18.2124583246259,19.8023240793143,20.9677717965997,22.8046616466527,24.4857755434522,27.9520457101868,29.3017162749572,32.1890657720526,1,1,1,1,1,1,1,1,0.896551724137931,0.862068965517241,0.862068965517241,0.827586206896552,0.827586206896552,0.793103448275862,0.758620689655172,0.724137931034483,0,0,0,0,0,0,0,0,2026,9.128604,1.99988163087928
"27",9,9,3,7.0667164437988,18.150452399304,19.7403181539924,20.9057658712778,22.7426557213307,24.4237696181303,27.8900397848649,29.2397103496352,32.1270598467307,1,1,1,1,1,1,1,1,0.866666666666667,0.833333333333333,0.833333333333333,0.8,0.8,0.766666666666667,0.733333333333333,0.7,0,0,0,0,0,0,0,0,2027,3.40099,-3.6657264437988
"28",10,10,1,7.13297445930414,18.2171384988461,19.8070656584753,20.9725583885222,22.8095191842586,24.4906980102505,27.9571020537692,29.3068247464886,32.1942857608769,1,1,1,1,1,1,1,1,0.866666666666667,0.833333333333333,0.833333333333333,0.8,0.8,0.766666666666667,0.733333333333333,0.7,0,0,0,0,0,0,0,0,2028,3.719998,-3.41297645930414
"29",10,10,2,7.12928338359796,18.2134474231399,19.8033745827691,20.968867312816,22.8058281085524,24.4870069345443,27.953410978063,29.3031336707824,32.1905946851707,1,1,1,1,1,1,1,1,0.896551724137931,0.862068965517241,0.862068965517241,0.827586206896552,0.827586206896552,0.793103448275862,0.758620689655172,0.724137931034483,0,0,0,0,0,0,0,0,2029,8.941744,1.81246061640204
"30",10,10,3,7.06886527557409,18.153029315116,19.7429564747452,20.9084492047922,22.7454100005285,24.4265888265204,27.8929928700391,29.2427155627585,32.1301765771468,1,1,1,1,1,1,1,1,1,0.961538461538462,0.961538461538462,0.923076923076923,0.923076923076923,0.884615384615385,0.846153846153846,0.807692307692308,0,0,0,0,0,0,0,0,2030,16.5089,9.44003472442591
"31",11,11,1,6.99030043500055,18.079480728357,19.6701274260724,20.8361476119863,22.6739397434522,24.3558794044217,27.8238522051731,29.1741857289468,32.0629534938736,1,1,1,1,1,1,1,1,0.866666666666667,0.833333333333333,0.833333333333333,0.8,0.8,0.766666666666667,0.733333333333333,0.7,0,0,0,0,0,0,0,0,2031,3.834475,-3.15582543500055
"32",11,11,2,7.13269405875067,18.2218743521071,19.8125210498225,20.9785412357364,22.8163333672023,24.4982730281718,27.9662458289233,29.3165793526969,32.2053471176237,1,1,1,1,1,1,1,1,0.896551724137931,0.862068965517241,0.862068965517241,0.827586206896552,0.827586206896552,0.793103448275862,0.758620689655172,0.724137931034483,0,0,0,0,0,0,0,0,2032,9.104166,1.97147194124933
"33",11,11,3,7.07349055267182,18.1626708460283,19.7533175437436,20.9193377296575,22.7571298611235,24.439069522093,27.9070423228444,29.2573758466181,32.1461436115449,1,1,1,1,1,1,1,1,0.866666666666667,0.833333333333333,0.833333333333333,0.8,0.8,0.766666666666667,0.733333333333333,0.7,0,0,0,0,0,0,0,0,2033,3.352581,-3.72090955267182
"34",12,12,1,7.13862130385141,18.2283041635021,19.8190229499918,20.9850959804287,22.8229714014036,24.5049872885828,27.9731172593137,29.3235119807681,32.2124106658596,1,1,1,1,1,1,1,1,0.866666666666667,0.833333333333333,0.833333333333333,0.8,0.8,0.766666666666667,0.733333333333333,0.7,0,0,0,0,0,0,0,0,2034,3.614568,-3.52405330385141
"35",12,12,2,7.13558960950309,18.2252724691537,19.8159912556435,20.9820642860804,22.8199397070553,24.5019555942345,27.9700855649654,29.3204802864198,32.2093789715112,1,1,1,1,1,1,1,1,0.896551724137931,0.862068965517241,0.862068965517241,0.827586206896552,0.827586206896552,0.793103448275862,0.758620689655172,0.724137931034483,0,0,0,0,0,0,0,0,2035,9.361481,2.22589139049691
"36",12,12,3,7.06908675377972,18.1587696134304,19.7494883999201,20.915561430357,22.7534368513319,24.4354527385111,27.903582709242,29.2539774306964,32.1428761157879,1,1,1,1,1,1,1,1,0.866666666666667,0.833333333333333,0.833333333333333,0.8,0.8,0.766666666666667,0.733333333333333,0.7,0,0,0,0,0,0,0,0,2036,3.722392,-3.34669475377972
"37",13,13,1,7.13077181407588,18.2213630721437,19.8122121605047,20.9783807084518,22.8164066768449,24.4985603443907,27.9669744029369,29.3174797403974,32.2066150662501,1,1,1,1,1,1,1,1,0.866666666666667,0.833333333333333,0.833333333333333,0.8,0.8,0.766666666666667,0.733333333333333,0.7,0,0,0,0,0,0,0,0,2037,3.460737,-3.67003481407588
"38",13,13,2,7.13379893666703,18.2243901947349,19.8152392830959,20.981407831043,22.8194337994361,24.5015874669818,27.970001525528,29.3205068629886,32.2096421888413,1,1,1,1,1,1,1,1,0.896551724137931,0.862068965517241,0.862068965517241,0.827586206896552,0.827586206896552,0.793103448275862,0.758620689655172,0.724137931034483,0,0,0,0,0,0,0,0,2038,6.806821,-0.326977936667033
"39",13,13,3,7.09508763182557,18.1856788898934,19.7765279782544,20.9426965262015,22.7807224945946,24.4628761621404,27.9312902206866,29.2817955581471,32.1709308839998,1,1,1,1,1,1,1,1,0.928571428571429,0.892857142857143,0.892857142857143,0.857142857142857,0.857142857142857,0.821428571428571,0.785714285714286,0.75,0,0,0,0,0,0,0,0,2039,9.566912,2.47182436817443
"40",14,14,1,7.06389852397378,18.154213094256,19.7450224941548,20.9111619485589,22.7491420619274,24.4312537631467,27.8995812917881,29.2500529368763,32.1391161846551,1,1,1,1,1,1,1,1,0.866666666666667,0.833333333333333,0.833333333333333,0.8,0.8,0.766666666666667,0.733333333333333,0.7,0,0,0,0,0,0,0,0,2040,4.705372,-2.35852652397378
"41",14,14,2,7.11952671859798,18.2098412888802,19.800650688779,20.9667901431831,22.8047702565516,24.4868819577709,27.9552094864123,29.3056811315005,32.1947443792793,1,1,1,1,1,1,1,1,0.896551724137931,0.862068965517241,0.862068965517241,0.827586206896552,0.827586206896552,0.793103448275862,0.758620689655172,0.724137931034483,0,0,0,0,0,0,0,0,2041,9.207991,2.08846428140202
"42",14,14,3,7.0680054792272,18.1583200495094,19.7491294494082,20.9152689038124,22.7532490171809,24.4353607184002,27.9036882470416,29.2541598921297,32.1432231399085,1,1,1,1,1,1,1,1,1,0.961538461538462,0.961538461538462,0.923076923076923,0.923076923076923,0.884615384615385,0.846153846153846,0.807692307692308,0,0,0,0,0,0,0,0,2042,16.579015,9.5110095207728
"43",15,15,1,6.99328981499003,18.0882885318303,19.6797698319108,20.8464018213171,22.6851582308103,24.3679803949912,27.8377728193624,29.1888148546832,32.0790983379731,1,1,1,1,1,1,1,1,0.866666666666667,0.833333333333333,0.833333333333333,0.8,0.8,0.766666666666667,0.733333333333333,0.7,0,0,0,0,0,0,0,0,2043,3.721675,-3.27161481499003
"44",15,15,2,7.13773873269364,18.2327374495339,19.8242187496144,20.9908507390208,22.8296071485139,24.5124293126948,27.982221737066,29.3332637723868,32.2235472556767,1,1,1,1,1,1,1,1,0.896551724137931,0.862068965517241,0.862068965517241,0.827586206896552,0.827586206896552,0.793103448275862,0.758620689655172,0.724137931034483,0,0,0,0,0,0,0,0,2044,9.334612,2.19687326730636
"45",15,15,3,7.07467882490645,18.1696775417467,19.7611588418272,20.9277908312336,22.7665472407267,24.4493694049077,27.9191618292788,29.2702038645996,32.1604873478895,1,1,1,1,1,1,1,1,0.866666666666667,0.833333333333333,0.833333333333333,0.8,0.8,0.766666666666667,0.733333333333333,0.7,0,0,0,0,0,0,0,0,2045,3.741127,-3.33355182490645
"46",16,16,1,7.13834117008738,18.23369138162,19.8252231005644,20.9918920494119,22.8307067115588,24.5135821883245,27.9834845373249,29.3345693742824,32.2249444230902,1,1,1,1,1,1,1,1,0.866666666666667,0.833333333333333,0.833333333333333,0.8,0.8,0.766666666666667,0.733333333333333,0.7,0,0,0,0,0,0,0,0,2046,3.421513,-3.71682817008738
"47",16,16,2,7.14204000166179,18.2373902131944,19.8289219321388,20.9955908809863,22.8344055431332,24.5172810198989,27.9871833688993,29.3382682058568,32.2286432546647,1,1,1,1,1,1,1,1,0.896551724137931,0.862068965517241,0.862068965517241,0.827586206896552,0.827586206896552,0.793103448275862,0.758620689655172,0.724137931034483,0,0,0,0,0,0,0,0,2047,9.317981,2.1759409983382
"48",16,16,3,7.07380130743711,18.1691515189697,19.7606832379141,20.9273521867616,22.7661668489085,24.4490423256742,27.9189446746746,29.2700295116321,32.16040456044,1,1,1,1,1,1,1,1,0.866666666666667,0.833333333333333,0.833333333333333,0.8,0.8,0.766666666666667,0.733333333333333,0.7,0,0,0,0,0,0,0,0,2048,5.485978,-1.58782330743711
"49",17,17,1,7.11527207667253,18.210751228028,19.8023014422713,20.9689839490584,22.8078199801961,24.4907150137726,27.9606576867453,29.311758224752,32.2021668628058,1,1,1,1,1,1,1,1,0.866666666666667,0.833333333333333,0.833333333333333,0.8,0.8,0.766666666666667,0.733333333333333,0.7,0,0,0,0,0,0,0,0,2049,3.850687,-3.26458507667253
"50",17,17,2,7.13429608802304,18.2297752393786,19.8213254536218,20.9880079604089,22.8268439915466,24.5097390251231,27.9796816980958,29.3307822361025,32.2211908741563,1,1,1,1,1,1,1,1,0.896551724137931,0.862068965517241,0.862068965517241,0.827586206896552,0.827586206896552,0.793103448275862,0.758620689655172,0.724137931034483,0,0,0,0,0,0,0,0,2050,9.046613,1.91231691197696
"51",17,17,3,7.07384974838049,18.169328899736,19.7608791139792,20.9275616207663,22.766397651904,24.4492926854806,27.9192353584533,29.27033589646,32.1607445345138,1,1,1,1,1,1,1,1,0.866666666666667,0.833333333333333,0.833333333333333,0.8,0.8,0.766666666666667,0.733333333333333,0.7,0,0,0,0,0,0,0,0,2051,3.824029,-3.24982074838049
"52",18,18,1,7.13401686779231,18.2293902077247,19.8209252442373,20.9875966250212,22.8264151202008,24.509294104942,27.9792036869983,29.3302913403095,32.2206724141412,1,1,1,1,1,1,1,1,0.866666666666667,0.833333333333333,0.833333333333333,0.8,0.8,0.766666666666667,0.733333333333333,0.7,0,0,0,0,0,0,0,0,2052,4.457154,-2.67686286779231
"53",18,18,2,7.12665199639067,18.222025336323,19.8135603728357,20.9802317536196,22.8190502487992,24.5019292335404,27.9718388155967,29.3229264689079,32.2133075427396,1,1,1,1,1,1,1,1,0.928571428571429,0.892857142857143,0.892857142857143,0.857142857142857,0.857142857142857,0.821428571428571,0.785714285714286,0.75,0,0,0,0,0,0,0,0,2053,9.491348,2.36469600360933
"54",18,18,3,7.06809137815431,18.1634647180867,19.7549997545993,20.9216711353832,22.7604896305628,24.443368615304,27.9132781973603,29.2643658506715,32.1547469245032,1,1,1,1,1,1,1,1,1,0.961538461538462,0.961538461538462,0.923076923076923,0.923076923076923,0.884615384615385,0.846153846153846,0.807692307692308,0,0,0,0,0,0,0,0,2054,16.754404,9.68631262184569
"55",19,19,1,6.99424141870433,18.0944198713566,19.6866441595973,20.8538207948976,22.6934356337306,24.3770434288477,27.8484557369646,29.2001285106021,32.091761332026,1,1,1,1,1,1,1,1,0.866666666666667,0.833333333333333,0.833333333333333,0.8,0.8,0.766666666666667,0.733333333333333,0.7,0,0,0,0,0,0,0,0,2055,3.444837,-3.54940441870433
"56",19,19,2,7.14347521764128,18.2436536702935,19.8358779585342,21.0030545938346,22.8426694326675,24.5262772277847,27.9976895359016,29.349362309539,32.2409951309629,1,1,1,1,1,1,1,1,0.896551724137931,0.862068965517241,0.862068965517241,0.827586206896552,0.827586206896552,0.793103448275862,0.758620689655172,0.724137931034483,0,0,0,0,0,0,0,0,2056,9.143807,2.00033178235872
"57",19,19,3,7.07957539707404,18.1797538497263,19.771978137967,20.9391547732673,22.7787696121003,24.4623774072174,27.9337897153343,29.2854624889718,32.1770953103957,1,1,1,1,1,1,1,1,0.866666666666667,0.833333333333333,0.833333333333333,0.8,0.8,0.766666666666667,0.733333333333333,0.7,0,0,0,0,0,0,0,0,2057,3.358315,-3.72126039707404
"58",20,20,1,7.14672757634653,18.2469199140497,19.8391461939805,21.0063242892851,22.8459414292653,24.5295513303829,28.0009679808387,29.3526424452639,32.244278883789,1,1,1,1,1,1,1,1,0.866666666666667,0.833333333333333,0.833333333333333,0.8,0.8,0.766666666666667,0.733333333333333,0.7,0,0,0,0,0,0,0,0,2058,4.242964,-2.90376357634653
"59",20,20,2,7.1362682919393,18.2364606296425,19.8286869095733,20.9958650048778,22.8354821448581,24.5190920459757,27.9905086964315,29.3421831608566,32.2338195993818,1,1,1,1,1,1,1,1,0.896551724137931,0.862068965517241,0.862068965517241,0.827586206896552,0.827586206896552,0.793103448275862,0.758620689655172,0.724137931034483,0,0,0,0,0,0,0,0,2059,9.138175,2.00190670806071
"60",20,20,3,7.07839177358861,18.1785841112918,19.7708103912226,20.9379884865272,22.7776056265074,24.461215527625,27.9326321780808,29.2843066425059,32.1759430810311,1,1,1,1,1,1,1,1,0.866666666666667,0.833333333333333,0.833333333333333,0.8,0.8,0.766666666666667,0.733333333333333,0.7,0,0,0,0,0,0,0,0,2060,3.925535,-3.15285677358861
"61",21,21,1,7.13669276450697,18.2374437579141,19.8297501721584,20.9969870097515,22.8366967348489,24.5203913694779,27.9919827310246,29.3437252231583,32.235507193323,1,1,1,1,1,1,1,1,0.866666666666667,0.833333333333333,0.833333333333333,0.8,0.8,0.766666666666667,0.733333333333333,0.7,0,0,0,0,0,0,0,0,2061,3.689605,-3.44708776450697
"62",21,21,2,7.13942291383856,18.2401739072457,19.83248032149,20.999717159083,22.8394268841805,24.5231215188095,27.9947128803562,29.3464553724899,32.2382373426546,1,1,1,1,1,1,1,1,0.928571428571429,0.892857142857143,0.892857142857143,0.857142857142857,0.857142857142857,0.821428571428571,0.785714285714286,0.75,0,0,0,0,0,0,0,0,2062,9.390323,2.25090008616144
"63",21,21,3,7.0734549935349,18.174205986942,19.7665124011864,20.9337492387794,22.7734589638768,24.4571535985058,27.9287449600525,29.2804874521862,32.1722694223509,1,1,1,1,1,1,1,1,0.866666666666667,0.833333333333333,0.833333333333333,0.8,0.8,0.766666666666667,0.733333333333333,0.7,0,0,0,0,0,0,0,0,2063,3.595505,-3.4779499935349
"64",22,22,1,7.1407862729224,18.2418950015361,19.8342527297919,21.0015271830121,22.8412961949937,24.5250450887308,27.9967483265328,29.348534380213,32.2404095415699,1,1,1,1,1,1,1,1,0.866666666666667,0.833333333333333,0.833333333333333,0.8,0.8,0.766666666666667,0.733333333333333,0.7,0,0,0,0,0,0,0,0,2064,4.563217,-2.5775692729224
"65",22,22,2,7.12949748274555,18.2306062113592,19.822963939615,20.9902383928352,22.8300074048169,24.5137562985539,27.985459536356,29.3372455900361,32.2291207513931,1,1,1,1,1,1,1,1,0.896551724137931,0.862068965517241,0.862068965517241,0.827586206896552,0.827586206896552,0.793103448275862,0.758620689655172,0.724137931034483,0,0,0,0,0,0,0,0,2065,9.31757,2.18807251725445
"66",22,22,3,7.07403584390702,18.1751445725207,19.7675023007765,20.9347767539967,22.7745457659783,24.4582946597154,27.9299978975175,29.2817839511976,32.1736591125545,1,1,1,1,1,1,1,1,1,0.961538461538462,0.961538461538462,0.923076923076923,0.923076923076923,0.884615384615385,0.846153846153846,0.807692307692308,0,0,0,0,0,0,0,0,2066,16.834588,9.76055215609298
"67",23,23,1,6.99694675861565,18.1031927576829,19.6962873828117,20.8641020167207,22.7047224203262,24.3892505041112,27.8625603452628,29.2149719662374,32.1081854033635,1,1,1,1,1,1,1,1,0.866666666666667,0.833333333333333,0.833333333333333,0.8,0.8,0.766666666666667,0.733333333333333,0.7,0,0,0,0,0,0,0,0,2067,3.741871,-3.25507575861565
"68",23,23,2,7.14402449605967,18.2502704951269,19.8433651202557,21.0111797541647,22.8518001577702,24.5363282415552,28.0096380827068,29.3620497036814,32.2552631408075,1,1,1,1,1,1,1,1,0.896551724137931,0.862068965517241,0.862068965517241,0.827586206896552,0.827586206896552,0.793103448275862,0.758620689655172,0.724137931034483,0,0,0,0,0,0,0,0,2068,9.296264,2.15223950394034
"69",23,23,3,7.0816289248948,18.187874923962,19.7809695490908,20.9487841829999,22.7894045866053,24.4739326703904,27.947242511542,29.2996541325166,32.1928675696426,1,1,1,1,1,1,1,1,0.866666666666667,0.833333333333333,0.833333333333333,0.8,0.8,0.766666666666667,0.733333333333333,0.7,0,0,0,0,0,0,0,0,2069,3.518237,-3.5633919248948
"70",24,24,1,7.14724798918113,18.2534944947215,19.8465891924995,21.0144038796639,22.8550243672063,24.5395525278101,28.0128625273535,29.3652742100016,32.2584877790656,1,1,1,1,1,1,1,1,0.866666666666667,0.833333333333333,0.833333333333333,0.8,0.8,0.766666666666667,0.733333333333333,0.7,0,0,0,0,0,0,0,0,2070,3.720812,-3.42643598918113
"71",24,24,2,7.14490386254773,18.2511503680881,19.8442450658661,21.0120597530305,22.8526802405729,24.5372084011767,28.0105184007201,29.3629300833682,32.2561436524322,1,1,1,1,1,1,1,1,0.928571428571429,0.892857142857143,0.892857142857143,0.857142857142857,0.857142857142857,0.821428571428571,0.785714285714286,0.75,0,0,0,0,0,0,0,0,2071,9.478197,2.33329313745227
"72",24,24,3,7.07828142879608,18.1845279343365,19.7776226321145,20.9454373192788,22.7860578068213,24.4705859674251,27.9438959669685,29.2963076496165,32.1895212186805,1,1,1,1,1,1,1,1,0.866666666666667,0.833333333333333,0.833333333333333,0.8,0.8,0.766666666666667,0.733333333333333,0.7,0,0,0,0,0,0,0,0,2072,3.388436,-3.68984542879608
"73",25,25,1,7.14464555549633,18.251918588418,19.8451605326421,21.0130831585014,22.8538737707865,24.5385576288422,28.0121886592412,29.3647253425024,32.2582063253093,1,1,1,1,1,1,1,1,0.866666666666667,0.833333333333333,0.833333333333333,0.8,0.8,0.766666666666667,0.733333333333333,0.7,0,0,0,0,0,0,0,0,2073,4.152194,-2.99245155549633
"74",25,25,2,7.13581048733662,18.2430835202582,19.8363254644824,21.0042480903416,22.8450387026268,24.5297225606825,28.0033535910815,29.3558902743427,32.2493712571496,1,1,1,1,1,1,1,1,0.896551724137931,0.862068965517241,0.862068965517241,0.827586206896552,0.827586206896552,0.793103448275862,0.758620689655172,0.724137931034483,0,0,0,0,0,0,0,0,2074,9.129743,1.99393251266338
"75",25,25,3,7.07823075045224,18.1855037833739,19.778745727598,20.9466683534573,22.7874589657424,24.4721428237981,27.9457738541971,29.2983105374583,32.1917915202653,0,0,0,0,0,0,1,1,0,0,0,0,0,0,1,0.954545454545455,0,0,0,0,0,0,0,0,2075,28.421169,21.3429382495478
"76",26,26,1,6.87618937404802,18.0112593198262,19.6084884900195,20.7793339434133,22.6247312936516,24.3136312189863,27.7959553119185,29.1518768353838,32.0525990049782,1,1,1,1,1,1,1,1,0.866666666666667,0.833333333333333,0.833333333333333,0.8,0.8,0.766666666666667,0.733333333333333,0.7,1,1,1,1,1,1,0,0,2076,4.654331,-2.22185837404802
"77",26,26,2,7.14282105793609,18.2778910037143,19.8751201739076,21.0459656273014,22.8913629775396,24.5802629028744,28.0625869958065,29.4185085192718,32.3192306888663,1,1,1,1,1,1,1,1,0.896551724137931,0.862068965517241,0.862068965517241,0.827586206896552,0.827586206896552,0.793103448275862,0.758620689655172,0.724137931034483,1,1,1,1,1,1,0,0,2077,8.43264,1.28981894206391
"78",26,26,3,7.10043355603451,18.2355035018127,19.832732672006,21.0035781253998,22.8489754756381,24.5378754009728,28.020199493905,29.3761210173703,32.2768431869647,1,1,1,1,1,1,1,1,0.962962962962963,0.925925925925926,0.925925925925926,0.888888888888889,0.888888888888889,0.851851851851852,0.814814814814815,0.777777777777778,0,0,0,0,0,0,0,0,2078,13.443236,6.34280244396549
"79",27,27,1,7.04448354616231,18.1813701374869,19.7788598897216,20.9498963622279,22.7955947822299,24.4847702453513,27.9676624666011,29.3238052036563,32.225000615362,1,1,1,1,1,1,1,1,0.866666666666667,0.833333333333333,0.833333333333333,0.8,0.8,0.766666666666667,0.733333333333333,0.7,0,0,0,0,0,0,0,0,2079,4.380244,-2.66423954616231
"80",27,27,2,7.15153454538687,18.2884211367114,19.8859108889462,21.0569473614524,22.9026457814544,24.5918212445759,28.0747134658256,29.4308562028808,32.3320516145866,1,1,1,1,1,1,1,1,0.896551724137931,0.862068965517241,0.862068965517241,0.827586206896552,0.827586206896552,0.793103448275862,0.758620689655172,0.724137931034483,0,0,0,0,0,0,0,0,2080,9.350018,2.19848345461313
"81",27,27,3,7.09283215740945,18.229718748734,19.8272085009688,20.998244973475,22.843943393477,24.5331188565985,28.0160110778482,29.3721538149034,32.2733492266092,1,1,1,1,1,1,1,1,0.866666666666667,0.833333333333333,0.833333333333333,0.8,0.8,0.766666666666667,0.733333333333333,0.7,0,0,0,0,0,0,0,0,2081,3.983254,-3.10957815740945
"82",28,28,1,7.15687697129038,18.2938752580941,19.8913810320762,21.0624292492904,22.9081461804057,24.5973385848205,28.0802657371357,29.4364220753901,32.3376465841338,1,1,1,1,1,1,1,1,0.866666666666667,0.833333333333333,0.833333333333333,0.8,0.8,0.766666666666667,0.733333333333333,0.7,0,0,0,0,0,0,0,0,2082,4.508458,-2.64841897129038
"83",28,28,2,7.15052062957899,18.2875189163827,19.8850246903648,21.056072907579,22.9017898386943,24.5909822431091,28.0739093954243,29.4300657336787,32.3312902424225,1,1,1,1,1,1,1,1,0.896551724137931,0.862068965517241,0.862068965517241,0.827586206896552,0.827586206896552,0.793103448275862,0.758620689655172,0.724137931034483,0,0,0,0,0,0,0,0,2083,9.009804,1.85928337042101
"84",28,28,3,7.09604257279114,18.2330408595949,19.830546633577,21.0015948507911,22.8473117819064,24.5365041863212,28.0194313386365,29.3755876768909,32.2768121856346,1,1,1,1,1,1,1,1,0.866666666666667,0.833333333333333,0.833333333333333,0.8,0.8,0.766666666666667,0.733333333333333,0.7,0,0,0,0,0,0,0,0,2084,3.947485,-3.14855757279114
"85",29,29,1,7.15511655715138,18.292228635504,19.8897507318965,21.060810914219,22.9065467038258,24.5957563674532,28.078719106348,29.4348893010407,32.3361434528554,1,1,1,1,1,1,1,1,0.866666666666667,0.833333333333333,0.833333333333333,0.8,0.8,0.766666666666667,0.733333333333333,0.7,0,0,0,0,0,0,0,0,2085,4.624608,-2.53050855715138
"86",29,29,2,7.14710155493284,18.2842136332855,19.881735729678,21.0527959120004,22.8985317016073,24.5877413652346,28.0707041041294,29.4268742988222,32.3281284506369,1,1,1,1,1,1,1,1,0.896551724137931,0.862068965517241,0.862068965517241,0.827586206896552,0.827586206896552,0.793103448275862,0.758620689655172,0.724137931034483,0,0,0,0,0,0,0,0,2086,8.975941,1.82883944506716
"87",29,29,3,7.09559548639196,18.2327075647446,19.8302296611371,21.0012898434595,22.8470256330664,24.5362352966937,28.0191980355886,29.3753682302813,32.276622382096,1,1,1,1,1,1,1,1,0.866666666666667,0.833333333333333,0.833333333333333,0.8,0.8,0.766666666666667,0.733333333333333,0.7,0,0,0,0,0,0,0,0,2087,4.175955,-2.91964048639196
"88",30,30,1,7.15247139180224,18.2893355005332,19.886822027835,21.057856136311,22.9035508303087,24.5927228834066,28.0756080735665,29.4317480729081,32.3329376278246,1,1,1,1,1,1,1,1,0.866666666666667,0.833333333333333,0.833333333333333,0.8,0.8,0.766666666666667,0.733333333333333,0.7,0,0,0,0,0,0,0,0,2088,4.57964,-2.57283139180224
"89",30,30,2,7.14769288754234,18.2845569962733,19.8820435235751,21.0530776320511,22.8987723260488,24.5879443791467,28.0708295693066,29.4269695686482,32.3281591235647,1,1,1,1,1,1,1,1,0.896551724137931,0.862068965517241,0.862068965517241,0.827586206896552,0.827586206896552,0.793103448275862,0.758620689655172,0.724137931034483,0,0,0,0,0,0,0,0,2089,8.879315,1.73162211245766
"90",30,30,3,7.09679673013328,18.2336608388643,19.8311473661661,21.002181474642,22.8478761686397,24.5370482217376,28.0199334118975,29.3760734112391,32.2772629661557,1,1,1,1,1,1,1,1,1,0.961538461538462,0.961538461538462,0.923076923076923,0.923076923076923,0.884615384615385,0.846153846153846,0.807692307692308,0,0,0,0,0,0,0,0,2090,17.707045,10.6102482698667
"91",31,31,1,7.00260000240497,18.1458836849963,19.7442910444688,20.9160001670133,22.7627587667295,24.4529045018848,27.937797316319,29.294719029508,32.1975809044286,1,1,1,1,1,1,1,1,0.866666666666667,0.833333333333333,0.833333333333333,0.8,0.8,0.766666666666667,0.733333333333333,0.7,0,0,0,0,0,0,0,0,2091,4.096814,-2.90578600240497
"92",31,31,2,7.15999441350009,18.3032780960914,19.901685455564,21.0733945781084,22.9201531778246,24.6102989129799,28.0951917274141,29.4521134406032,32.3549753155237,1,1,1,1,1,1,1,1,0.896551724137931,0.862068965517241,0.862068965517241,0.827586206896552,0.827586206896552,0.793103448275862,0.758620689655172,0.724137931034483,0,0,0,0,0,0,0,0,2092,9.08791,1.92791558649991
"93",31,31,3,7.10227528914142,18.2455589717327,19.8439663312053,21.0156754537498,22.862434053466,24.5525797886212,28.0374726030555,29.3943943162445,32.297256191165,1,1,1,1,1,1,1,1,0.866666666666667,0.833333333333333,0.833333333333333,0.8,0.8,0.766666666666667,0.733333333333333,0.7,0,0,0,0,0,0,0,0,2093,3.487546,-3.61472928914142
"94",32,32,1,7.16753796915084,18.3105268228783,19.9088918917084,21.0805700131872,22.9272797513869,24.6173807686869,28.1021813798695,29.4590671916404,32.3618522626768,1,1,1,1,1,1,1,1,0.866666666666667,0.833333333333333,0.833333333333333,0.8,0.8,0.766666666666667,0.733333333333333,0.7,0,0,0,0,0,0,0,0,2094,3.63935,-3.52818796915084
"95",32,32,2,7.16569254323593,18.3086813969634,19.9070464657935,21.0787245872723,22.925434325472,24.615535342772,28.1003359539546,29.4572217657255,32.3600068367619,1,1,1,1,1,1,1,1,0.896551724137931,0.862068965517241,0.862068965517241,0.827586206896552,0.827586206896552,0.793103448275862,0.758620689655172,0.724137931034483,0,0,0,0,0,0,0,0,2095,8.801111,1.63541845676407
"96",32,32,3,7.10294289555892,18.2459317492864,19.8442968181165,21.0159749395953,22.862684677795,24.552785695095,28.0375863062776,29.3944721180485,32.2972571890849,1,1,1,1,1,1,1,1,0.866666666666667,0.833333333333333,0.833333333333333,0.8,0.8,0.766666666666667,0.733333333333333,0.7,0,0,0,0,0,0,0,0,2096,4.067944,-3.03499889555892
"97",33,33,1,7.15968273965416,18.3032634782685,19.9017134478501,21.0734538056447,22.9202616359809,24.6104524267934,28.0954381409895,29.4523960267987,32.3553352857856,1,1,1,1,1,1,1,1,0.866666666666667,0.833333333333333,0.833333333333333,0.8,0.8,0.766666666666667,0.733333333333333,0.7,0,0,0,0,0,0,0,0,2097,4.410986,-2.74869673965416
"98",33,33,2,7.15540681882087,18.2989875574352,19.8974375270169,21.0691778848114,22.9159857151476,24.6061765059601,28.0911622201562,29.4481201059654,32.3510593649523,1,1,1,1,1,1,1,1,0.896551724137931,0.862068965517241,0.862068965517241,0.827586206896552,0.827586206896552,0.793103448275862,0.758620689655172,0.724137931034483,0,0,0,0,0,0,0,0,2098,9.089733,1.93432618117913
"99",33,33,3,7.09708756995052,18.2406683085648,19.8391182781465,21.010858635941,22.8576664662773,24.5478572570898,28.0328429712859,29.389800857095,32.2927401160819,1,1,1,1,1,1,1,1,0.866666666666667,0.833333333333333,0.833333333333333,0.8,0.8,0.766666666666667,0.733333333333333,0.7,0,0,0,0,0,0,0,0,2099,4.019185,-3.07790256995052
"100",34,34,1,7.15053069071055,18.2449077810701,19.8362999142255,21.0028665400066,22.8415199283364,24.5242478079801,27.9938458281058,29.3448121677436,32.2349337153005,1,1,1,1,1,1,1,1,0.866666666666667,0.833333333333333,0.833333333333333,0.8,0.8,0.766666666666667,0.733333333333333,0.7,0,0,0,0,0,0,0,0,2100,4.565255,-2.58527569071055
"101",34,34,2,7.14170869071573,18.2360857810753,19.8274779142307,20.9940445400118,22.8326979283415,24.5154258079853,27.985023828111,29.3359901677488,32.2261117153057,1,1,1,1,1,1,1,1,0.896551724137931,0.862068965517241,0.862068965517241,0.827586206896552,0.827586206896552,0.793103448275862,0.758620689655172,0.724137931034483,0,0,0,0,0,0,0,0,2101,9.081453,1.93974430928427
"102",34,34,3,7.06874753421085,18.1631246245704,19.7545167577258,20.9210833835069,22.7597367718367,24.4424646514804,27.9120626716061,29.2630290112439,32.1531505588008,1,1,1,1,1,1,1,1,1,0.961538461538462,0.961538461538462,0.923076923076923,0.923076923076923,0.884615384615385,0.846153846153846,0.807692307692308,0,0,0,0,0,0,0,0,2102,17.984488,10.9157404657892
"103",35,35,1,6.93766091779753,18.0381982121134,19.6304739730773,20.7976883403481,22.6373626494366,24.3210248714825,27.7925494018825,29.1442658718,32.0359921726519,1,1,1,1,1,1,1,1,0.866666666666667,0.833333333333333,0.833333333333333,0.8,0.8,0.766666666666667,0.733333333333333,0.7,0,0,0,0,0,0,0,0,2103,5.524875,-1.41278591779753
"104",35,35,2,7.1352211118178,18.2357584061337,19.8280341670975,20.9952485343684,22.8349228434569,24.5185850655028,27.9901095959027,29.3418260658202,32.2335523666721,1,1,1,1,1,1,1,1,0.896551724137931,0.862068965517241,0.862068965517241,0.827586206896552,0.827586206896552,0.793103448275862,0.758620689655172,0.724137931034483,0,0,0,0,0,0,0,0,2104,9.216075,2.0808538881822
"105",35,35,3,7.0766932756669,18.1772305699828,19.7695063309466,20.9367206982175,22.776395007306,24.4600572293519,27.9315817597518,29.2832982296693,32.1750245305212,1,1,1,1,1,1,1,1,0.866666666666667,0.833333333333333,0.833333333333333,0.8,0.8,0.766666666666667,0.733333333333333,0.7,0,0,0,0,0,0,0,0,2105,3.962718,-3.1139752756669
"106",36,36,1,7.16143780657019,18.261318643404,19.8535002412378,21.020645582426,22.8602110978649,24.5437737524184,28.015092985706,29.3667295185568,32.2582848100858,1,1,1,1,1,1,1,1,0.866666666666667,0.833333333333333,0.833333333333333,0.8,0.8,0.766666666666667,0.733333333333333,0.7,0,0,0,0,0,0,0,0,2106,4.461339,-2.70009880657019
"107",36,36,2,7.15339025917754,18.2532710960113,19.8454526938452,21.0125980350333,22.8521635504722,24.5357262050258,28.0070454383133,29.3586819711641,32.2502372626931,1,1,1,1,1,1,1,1,0.896551724137931,0.862068965517241,0.862068965517241,0.827586206896552,0.827586206896552,0.793103448275862,0.758620689655172,0.724137931034483,0,0,0,0,0,0,0,0,2107,8.889213,1.73582274082246
"108",36,36,3,7.08192610932494,18.1818069461587,19.7739885439926,20.9411338851807,22.7806994006196,24.4642620551732,27.9355812884607,29.2872178213115,32.1787731128405,1,1,1,1,1,1,1,1,0.866666666666667,0.833333333333333,0.833333333333333,0.8,0.8,0.766666666666667,0.733333333333333,0.7,0,0,0,0,0,0,0,0,2108,3.808019,-3.27390710932494
"109",37,37,1,7.1618771526104,18.2623378775057,19.8546026552506,21.021808971296,22.8614705906568,24.5451211991171,28.0166217835931,29.3683289296244,32.2600352838916,1,1,1,1,1,1,1,1,0.866666666666667,0.833333333333333,0.833333333333333,0.8,0.8,0.766666666666667,0.733333333333333,0.7,0,0,0,0,0,0,0,0,2109,3.920541,-3.2413361526104
"110",37,37,2,7.16006169779866,18.260522422694,19.8527872004389,21.0199935164843,22.8596551358451,24.5433057443053,28.0148063287813,29.3665134748126,32.2582198290798,1,1,1,1,1,1,1,1,0.928571428571429,0.892857142857143,0.892857142857143,0.857142857142857,0.857142857142857,0.821428571428571,0.785714285714286,0.75,0,0,0,0,0,0,0,0,2110,9.480083,2.32002130220134
"111",37,37,3,7.07036281869093,18.1708235435863,19.7630883213311,20.9302946373766,22.7699562567373,24.4536068651976,27.9251074496736,29.2768145957049,32.1685209499721,1,1,1,1,1,1,1,1,0.866666666666667,0.833333333333333,0.833333333333333,0.8,0.8,0.766666666666667,0.733333333333333,0.7,0,0,0,0,0,0,0,0,2111,3.579905,-3.49045781869093
"112",38,38,1,7.16577529679061,18.2662874369209,19.858559589735,21.0257713120594,22.8654414523849,24.5490998591964,28.0206165230066,29.3723299298898,32.264049677994,0,0,0,0,0,0,0,1,0,0,0,0,0,0,0,1,0,0,0,0,0,0,0,0,2112,32.518939,25.3531637032094
"113",38,38,2,6.698854915826,17.7993670559562,19.3916392087704,20.5588509310948,22.3985210714203,24.0821794782318,27.553696142042,28.9054095489252,31.7971292970294,0,0,0,0,0,0,0,0,0,0,0,0,0,0,0,0,1,1,1,1,1,1,1,0,2113,51.928799,45.229944084174
"114",38,38,3,6.38568415740782,17.4861962975381,19.0784684503523,20.2456801726766,22.0853503130021,23.7690087198136,27.2405253836238,28.592238790507,31.4839585386112,1,1,1,1,1,1,1,1,1,0.961538461538462,0.961538461538462,0.923076923076923,0.923076923076923,0.884615384615385,0.846153846153846,0.807692307692308,1,1,1,1,1,1,1,1,2114,18.409197,12.0235128425922
"115",39,39,1,7.16300041293547,18.4316489865201,20.0480388518761,21.232930012194,23.1004651349836,24.8096254570313,28.3337242380594,29.7059116796913,32.6414315190758,1,1,1,1,1,1,1,1,0.866666666666667,0.833333333333333,0.833333333333333,0.8,0.8,0.733333333333333,0.733333333333333,0.7,1,1,1,1,1,1,1,1,2115,4.443308,-2.71969241293547
"116",39,39,2,7.14769900015779,18.4163475737424,20.0327374390984,21.2176285994163,23.0851637222059,24.7943240442537,28.3184228252817,29.6906102669136,32.6261301062981,1,1,1,1,1,1,1,1,0.896551724137931,0.862068965517241,0.862068965517241,0.827586206896552,0.827586206896552,0.758620689655172,0.758620689655172,0.724137931034483,0,0,0,0,0,0,0,0,2116,9.358868,2.21116899984221
"117",39,39,3,7.15308462312769,18.4217331967123,20.0381230620683,21.2230142223862,23.0905493451758,24.7997096672236,28.3238084482516,29.6959958898835,32.631515729268,1,1,1,1,1,1,1,1,0.866666666666667,0.833333333333333,0.833333333333333,0.8,0.8,0.733333333333333,0.733333333333333,0.7,0,0,0,0,0,0,0,0,2117,3.790097,-3.36298762312769
"118",40,40,1,7.15243818965057,18.420699113842,20.037033374256,21.2218837734891,23.0893546517642,24.7984561775013,28.3224337270662,29.6945739644903,32.629992819939,1,1,1,1,1,1,1,1,0.866666666666667,0.833333333333333,0.833333333333333,0.8,0.8,0.733333333333333,0.733333333333333,0.7,0,0,0,0,0,0,0,0,2118,4.116278,-3.03616018965057
"119",40,40,2,7.15254992862436,18.4208108528158,20.0371451132298,21.2219955124629,23.0894663907379,24.7985679164751,28.32254546604,29.6946857034641,32.6301045589128,1,1,1,1,1,1,1,1,0.896551724137931,0.862068965517241,0.862068965517241,0.827586206896552,0.827586206896552,0.758620689655172,0.758620689655172,0.724137931034483,0,0,0,0,0,0,0,0,2119,9.006363,1.85381307137564
"120",40,40,3,7.15422511227901,18.4224860364704,20.0388202968844,21.2236706961176,23.0911415743926,24.8002431001298,28.3242206496947,29.6963608871188,32.6317797425674,1,1,1,1,1,1,1,1,0.866666666666667,0.833333333333333,0.833333333333333,0.8,0.8,0.733333333333333,0.733333333333333,0.7,0,0,0,0,0,0,0,0,2120,3.942101,-3.212124112279
"121",41,41,1,7.14876155633832,18.4175827084646,20.0339973287151,21.2189066355558,23.0864703595113,24.7956568572264,28.3198096095736,29.6920180661574,32.6275828628169,1,1,1,1,1,1,1,1,0.866666666666667,0.833333333333333,0.833333333333333,0.8,0.8,0.733333333333333,0.733333333333333,0.7,0,0,0,0,0,0,0,0,2121,4.385236,-2.76352555633832
"122",41,41,2,7.14902998264397,18.4178511347703,20.0342657550208,21.2191750618614,23.086738785817,24.7959252835321,28.3200780358793,29.6922864924631,32.6278512891226,1,1,1,1,1,1,1,1,0.896551724137931,0.862068965517241,0.862068965517241,0.827586206896552,0.827586206896552,0.758620689655172,0.758620689655172,0.724137931034483,0,0,0,0,0,0,0,0,2122,8.847357,1.69832701735603
"123",41,41,3,7.15173288504481,18.4205540371711,20.0369686574216,21.2218779642623,23.0894416882178,24.7986281859329,28.3227809382801,29.6949893948639,32.6305541915234,1,1,1,1,1,1,1,1,0.866666666666667,0.833333333333333,0.833333333333333,0.8,0.8,0.733333333333333,0.733333333333333,0.7,0,0,0,0,0,0,0,0,2123,3.746513,-3.40521988504481
"124",42,42,1,7.14832111142125,18.4169280812822,20.0333119789451,21.2181987646581,23.0857269925291,24.7948810043762,28.3189667744712,29.6911491500026,32.6266581514809,1,1,1,1,1,1,1,1,0.866666666666667,0.833333333333333,0.833333333333333,0.8,0.8,0.733333333333333,0.733333333333333,0.7,0,0,0,0,0,0,0,0,2124,3.985604,-3.16271711142125
"125",42,42,2,7.14845602614795,18.4170629960089,20.0334468936718,21.2183336793848,23.0858619072558,24.7950159191029,28.3191016891979,29.6912840647293,32.6267930662076,1,1,1,1,1,1,1,1,0.896551724137931,0.862068965517241,0.862068965517241,0.827586206896552,0.827586206896552,0.758620689655172,0.758620689655172,0.724137931034483,0,0,0,0,0,0,0,0,2125,8.727111,1.57865497385205
"126",42,42,3,7.15113157278526,18.4197385426463,20.0361224403091,21.2210092260222,23.0885374538931,24.7976914657402,28.3217772358353,29.6939596113666,32.6294686128449,1,1,1,1,1,1,1,1,1,0.961538461538462,0.961538461538462,0.923076923076923,0.923076923076923,0.846153846153846,0.846153846153846,0.807692307692308,0,0,0,0,0,0,0,0,2126,18.021442,10.8703104272147
"127",43,43,1,7.16641067019959,18.4406451349937,20.0578362479777,21.2433147611687,23.1117756247832,24.8217831809563,28.3476288646652,29.7204965023045,32.6574714846335,1,1,1,1,1,1,1,1,0.866666666666667,0.833333333333333,0.833333333333333,0.8,0.8,0.733333333333333,0.733333333333333,0.7,0,0,0,0,0,0,0,0,2127,4.046415,-3.11999567019959
"128",43,43,2,7.15653933073786,18.430773795532,20.047964908516,21.233443421707,23.1019042853215,24.8119118414946,28.3377575252035,29.7106251628427,32.6476001451718,1,1,1,1,1,1,1,1,0.896551724137931,0.862068965517241,0.862068965517241,0.827586206896552,0.827586206896552,0.758620689655172,0.758620689655172,0.724137931034483,0,0,0,0,0,0,0,0,2128,8.668996,1.51245666926214
"129",43,43,3,7.15980451700479,18.4340389817989,20.0512300947829,21.2367086079739,23.1051694715884,24.8151770277615,28.3410227114704,29.7138903491097,32.6508653314387,1,1,1,1,1,1,1,1,0.866666666666667,0.833333333333333,0.833333333333333,0.8,0.8,0.733333333333333,0.733333333333333,0.7,0,0,0,0,0,0,0,0,2129,3.797597,-3.36220751700479
"130",44,44,1,7.15694701251214,18.43076602832,20.0478975487515,21.2333323777485,23.1017243896663,24.811668933055,28.3373846914001,29.7102017396649,32.6470684961731,1,1,1,1,1,1,1,1,0.866666666666667,0.833333333333333,0.833333333333333,0.8,0.8,0.733333333333333,0.733333333333333,0.7,0,0,0,0,0,0,0,0,2130,4.16237,-2.99457701251214
"131",44,44,2,7.15713195617709,18.4309509719849,20.0480824924165,21.2335173214135,23.1019093333312,24.81185387672,28.337569635065,29.7103866833299,32.6472534398381,1,1,1,1,1,1,1,1,0.896551724137931,0.862068965517241,0.862068965517241,0.827586206896552,0.827586206896552,0.758620689655172,0.758620689655172,0.724137931034483,0,0,0,0,0,0,0,0,2131,8.864311,1.70717904382291
"132",44,44,3,7.15951588865263,18.4333349044605,20.050466424892,21.235901253889,23.1042932658068,24.8142378091955,28.3399535675406,29.7127706158054,32.6496373723136,1,1,1,1,1,1,1,1,0.866666666666667,0.833333333333333,0.833333333333333,0.8,0.8,0.733333333333333,0.733333333333333,0.7,0,0,0,0,0,0,0,0,2132,3.990481,-3.16903488865263
"133",45,45,1,7.1561283201967,18.4303240463824,20.0475096026491,21.2329840425004,23.1014384860272,24.811440166563,28.3372737353602,29.710136655785,32.6471015465797,1,1,1,1,1,1,1,1,0.866666666666667,0.833333333333333,0.833333333333333,0.8,0.8,0.733333333333333,0.733333333333333,0.7,0,0,0,0,0,0,0,0,2133,4.260694,-2.8954343201967
"134",45,45,2,7.15619588757727,18.430391613763,20.0475771700297,21.233051609881,23.1015060534078,24.8115077339436,28.3373413027407,29.7102042231655,32.6471691139603,1,1,1,1,1,1,1,1,0.896551724137931,0.862068965517241,0.862068965517241,0.827586206896552,0.827586206896552,0.758620689655172,0.758620689655172,0.724137931034483,0,0,0,0,0,0,0,0,2134,8.898678,1.74248211242273
"135",45,45,3,7.15735562611689,18.4315513523026,20.0487369085693,21.2342113484206,23.1026657919474,24.8126674724832,28.3385010412803,29.7113639617051,32.6483288524999,1,1,1,1,1,1,1,1,0.866666666666667,0.833333333333333,0.833333333333333,0.8,0.8,0.733333333333333,0.733333333333333,0.7,0,0,0,0,0,0,0,0,2135,3.699278,-3.45807762611689
"136",46,46,1,7.15037608392493,18.4247324079183,20.0419410005471,21.2274323271547,23.0959133862995,24.8059394253375,28.3318232186611,29.7047056951394,32.6417124221887,1,1,1,1,1,1,1,1,0.866666666666667,0.833333333333333,0.833333333333333,0.8,0.8,0.733333333333333,0.733333333333333,0.7,0,0,0,0,0,0,0,0,2136,4.205575,-2.94480108392493
"137",46,46,2,7.15088894720908,18.4252452712024,20.0424538638312,21.2279451904388,23.0964262495836,24.8064522886216,28.3323360819452,29.7052185584235,32.6422252854728,1,1,1,1,1,1,1,1,0.896551724137931,0.862068965517241,0.862068965517241,0.827586206896552,0.827586206896552,0.758620689655172,0.758620689655172,0.724137931034483,0,0,0,0,0,0,0,0,2137,8.768094,1.61720505279092
"138",46,46,3,7.15551063858451,18.4298669625778,20.0470755552067,21.2325668818143,23.1010479409591,24.8110739799971,28.3369577733206,29.709840249799,32.6468469768483,1,1,1,1,1,1,1,1,1,0.961538461538462,0.961538461538462,0.923076923076923,0.923076923076923,0.846153846153846,0.846153846153846,0.807692307692308,0,0,0,0,0,0,0,0,2138,16.440882,9.28537136141549
"139",47,47,1,7.15437683185034,18.4043412638794,20.0180510512424,21.2009775860754,23.0654162159389,24.7717426406307,28.2899982400163,29.6599105069249,32.5905630662749,1,1,1,1,1,1,1,1,0.866666666666667,0.833333333333333,0.833333333333333,0.8,0.8,0.733333333333333,0.733333333333333,0.7,0,0,0,0,0,0,0,0,2139,4.027589,-3.12678783185034
"140",47,47,2,7.14500462382133,18.3949690558504,20.0086788432134,21.1916053780464,23.0560440079099,24.7623704326017,28.2806260319873,29.6505382988959,32.5811908582459,1,1,1,1,1,1,1,1,0.896551724137931,0.862068965517241,0.862068965517241,0.827586206896552,0.827586206896552,0.758620689655172,0.758620689655172,0.724137931034483,0,0,0,0,0,0,0,0,2140,8.824046,1.67904137617867
"141",47,47,3,7.14862601524471,18.3985904472737,20.0123002346367,21.1952267694698,23.0596653993333,24.7659918240251,28.2842474234107,29.6541596903193,32.5848122496693,1,1,1,1,1,1,1,1,0.866666666666667,0.833333333333333,0.833333333333333,0.8,0.8,0.733333333333333,0.733333333333333,0.7,0,0,0,0,0,0,0,0,2141,3.606358,-3.54226801524471
"142",48,48,1,7.14577504430314,18.3958989575177,20.009631621073,21.1925749252503,23.0570399856759,24.7633905995073,28.2816960742128,29.6516277612034,32.5823218659243,1,1,1,1,1,1,1,1,0.866666666666667,0.833333333333333,0.833333333333333,0.8,0.8,0.733333333333333,0.733333333333333,0.7,0,0,0,0,0,0,0,0,2142,3.778248,-3.36752704430314
"143",48,48,2,7.14581805601503,18.3959419692296,20.0096746327849,21.1926179369622,23.0570829973878,24.7634336112192,28.2817390859246,29.6516707729153,32.5823648776362,1,1,1,1,1,1,1,1,0.896551724137931,0.862068965517241,0.862068965517241,0.827586206896552,0.827586206896552,0.758620689655172,0.758620689655172,0.724137931034483,0,0,0,0,0,0,0,0,2143,8.919295,1.77347694398497
"144",48,48,3,7.147104490551,18.3972284037656,20.0109610673209,21.1939043714982,23.0583694319237,24.7647200457552,28.2830255204606,29.6529572074513,32.5836513121721,1,1,1,1,1,1,1,1,0.866666666666667,0.833333333333333,0.833333333333333,0.8,0.8,0.733333333333333,0.733333333333333,0.7,0,0,0,0,0,0,0,0,2144,3.754435,-3.392669490551
"145",49,49,1,7.1428140480397,18.393634997116,20.0074676444179,21.1904842414683,23.0550648205336,24.7615211565402,28.2800446186302,29.6500611839317,32.5809368687761,1,1,1,1,1,1,1,1,0.866666666666667,0.833333333333333,0.833333333333333,0.8,0.8,0.733333333333333,0.733333333333333,0.7,0,0,0,0,0,0,0,0,2145,3.973236,-3.1695780480397
"146",49,49,2,7.14288300985516,18.3937039589315,20.0075366062333,21.1905532032838,23.055133782349,24.7615901183556,28.2801135804456,29.6501301457471,32.5810058305916,1,1,1,1,1,1,1,1,0.896551724137931,0.862068965517241,0.862068965517241,0.827586206896552,0.827586206896552,0.758620689655172,0.758620689655172,0.724137931034483,0,0,0,0,0,0,0,0,2146,8.588269,1.44538599014484
"147",49,49,3,7.14433757840859,18.3951585274849,20.0089911747868,21.1920077718372,23.0565883509024,24.763044686909,28.2815681489991,29.6515847143005,32.582460399145,1,1,1,1,1,1,1,1,0.866666666666667,0.833333333333333,0.833333333333333,0.8,0.8,0.733333333333333,0.733333333333333,0.7,0,0,0,0,0,0,0,0,2147,4.349796,-2.79454157840859
"148",50,50,1,7.14142763539941,18.3920197205278,20.0058195392821,21.1888120714354,23.0533547212442,24.7597763445542,28.2782282329188,29.6482169293739,32.5790329944108,1,1,1,1,1,1,1,1,0.866666666666667,0.833333333333333,0.833333333333333,0.8,0.8,0.733333333333333,0.733333333333333,0.7,0,0,0,0,0,0,0,0,2148,3.998534,-3.14289363539941
"149",50,50,2,7.1412147418934,18.3918068270218,20.0056066457761,21.1885991779294,23.0531418277382,24.7595634510482,28.2780153394128,29.6480040358679,32.5788201009048,1,1,1,1,1,1,1,1,0.896551724137931,0.862068965517241,0.862068965517241,0.827586206896552,0.827586206896552,0.758620689655172,0.758620689655172,0.724137931034483,0,0,0,0,0,0,0,0,2149,8.879015,1.7378002581066
"150",50,50,3,7.1441727126135,18.3947647977419,20.0085646164962,21.1915571486495,23.0560997984583,24.7625214217683,28.2809733101329,29.650962006588,32.5817780716249,1,1,1,1,1,1,1,1,1,0.961538461538462,0.961538461538462,0.923076923076923,0.923076923076923,0.846153846153846,0.846153846153846,0.807692307692308,0,0,0,0,0,0,0,0,2150,17.797948,10.6537752873865
"151",51,51,1,7.1575743474653,18.414387814291,20.0290800362698,21.212726742713,23.0783004521698,24.785665696951,28.3060632279995,29.6768095043702,32.6092462597038,1,1,1,1,1,1,1,1,0.866666666666667,0.833333333333333,0.833333333333333,0.8,0.8,0.733333333333333,0.733333333333333,0.7,0,0,0,0,0,0,0,0,2151,3.440789,-3.7167853474653
"152",51,51,2,7.14742971780168,18.4042431846273,20.0189354066062,21.2025821130494,23.0681558225062,24.7755210672874,28.2959185983359,29.6666648747066,32.5991016300402,1,1,1,1,1,1,1,1,0.896551724137931,0.862068965517241,0.862068965517241,0.827586206896552,0.827586206896552,0.758620689655172,0.758620689655172,0.724137931034483,0,0,0,0,0,0,0,0,2152,8.712295,1.56486528219832
"153",51,51,3,7.15115451294671,18.4079679797724,20.0226602017512,21.2063069081944,23.0718806176512,24.7792458624324,28.2996433934809,29.6703896698516,32.6028264251852,1,1,1,1,1,1,1,1,0.866666666666667,0.833333333333333,0.833333333333333,0.8,0.8,0.733333333333333,0.733333333333333,0.7,0,0,0,0,0,0,0,0,2153,4.351159,-2.79999551294671
"154",52,52,1,7.14706134511628,18.4040711845856,20.0187915745163,21.2024589294169,23.0680651833981,24.7754602127918,28.2959191564036,29.6666893451427,32.5991772561927,1,1,1,1,1,1,1,1,0.866666666666667,0.833333333333333,0.833333333333333,0.8,0.8,0.733333333333333,0.733333333333333,0.7,0,0,0,0,0,0,0,0,2154,4.456318,-2.69074334511628
"155",52,52,2,7.14710889141945,18.4041187308887,20.0188391208195,21.20250647572,23.0681127297013,24.775507759095,28.2959667027068,29.6667368914458,32.5992248024959,1,1,1,1,1,1,1,1,0.896551724137931,0.862068965517241,0.862068965517241,0.827586206896552,0.827586206896552,0.758620689655172,0.758620689655172,0.724137931034483,0,0,0,0,0,0,0,0,2155,9.110763,1.96365410858055
"156",52,52,3,7.1492133394748,18.4062231789441,20.0209435688748,21.2046109237754,23.0702171777566,24.7776122071503,28.2980711507621,29.6688413395012,32.6013292505513,1,1,1,1,1,1,1,1,0.866666666666667,0.833333333333333,0.833333333333333,0.8,0.8,0.733333333333333,0.733333333333333,0.7,0,0,0,0,0,0,0,0,2156,4.371177,-2.7780363394748
"157",53,53,1,7.14679859998523,18.4040295776572,20.0187816879445,21.202472295385,23.0681151982473,24.7755437685433,28.2960718697711,29.6668689865897,32.5994145048654,1,1,1,1,1,1,1,1,0.866666666666667,0.833333333333333,0.833333333333333,0.8,0.8,0.733333333333333,0.733333333333333,0.7,0,0,0,0,0,0,0,0,2157,3.836062,-3.31073659998523
"158",53,53,2,7.14666476812018,18.4038957457922,20.0186478560794,21.2023384635199,23.0679813663822,24.7754099366783,28.2959380379061,29.6667351547246,32.5992806730004,1,1,1,1,1,1,1,1,0.896551724137931,0.862068965517241,0.862068965517241,0.827586206896552,0.827586206896552,0.758620689655172,0.758620689655172,0.724137931034483,0,0,0,0,0,0,0,0,2158,7.606997,0.460332231879819
"159",53,53,3,7.14760787616987,18.4048388538419,20.0195909641291,21.2032815715696,23.0689244744319,24.776353044728,28.2968811459558,29.6676782627743,32.6002237810501,1,1,1,1,1,1,1,1,0.866666666666667,0.833333333333333,0.833333333333333,0.8,0.8,0.733333333333333,0.733333333333333,0.7,0,0,0,0,0,0,0,0,2159,4.075803,-3.07180487616987
"160",54,54,1,7.14883405600001,18.4055938899516,20.02027841876,21.2039194857409,23.0694843067072,24.7768414167791,28.2972221749604,29.6679619204365,32.6003847042309,1,1,1,1,1,1,1,1,0.866666666666667,0.833333333333333,0.833333333333333,0.8,0.8,0.733333333333333,0.733333333333333,0.7,0,0,0,0,0,0,0,0,2160,3.612278,-3.53655605600001
"161",54,54,2,7.14883405600001,18.4055938899516,20.02027841876,21.2039194857409,23.0694843067072,24.7768414167791,28.2972221749604,29.6679619204365,32.6003847042309,1,1,1,1,1,1,1,1,0.896551724137931,0.862068965517241,0.862068965517241,0.827586206896552,0.827586206896552,0.758620689655172,0.758620689655172,0.724137931034483,0,0,0,0,0,0,0,0,2161,9.328044,2.17920994399999
"162",54,54,3,7.14883405600001,18.4055938899516,20.02027841876,21.2039194857409,23.0694843067072,24.7768414167791,28.2972221749604,29.6679619204365,32.6003847042309,1,1,1,1,1,1,1,1,1,0.961538461538462,0.961538461538462,0.923076923076923,0.923076923076923,0.846153846153846,0.846153846153846,0.807692307692308,0,0,0,0,0,0,0,0,2162,17.500307,10.351472944
"163",55,55,1,7.16071278806238,18.4235974393922,20.0391605201115,21.2234456077061,23.0900254848701,24.7983115701225,28.3206077719629,29.6920933386822,32.6261116574522,1,1,1,1,1,1,1,1,0.866666666666667,0.833333333333333,0.833333333333333,0.8,0.8,0.733333333333333,0.733333333333333,0.7,0,0,0,0,0,0,0,0,2163,5.168583,-1.99212978806238
"164",55,55,2,7.15445719273857,18.4173418440684,20.0329049247877,21.2171900123823,23.0837698895463,24.7920559747987,28.3143521766391,29.6858377433584,32.6198560621284,1,1,1,1,1,1,1,1,0.896551724137931,0.862068965517241,0.862068965517241,0.827586206896552,0.827586206896552,0.758620689655172,0.758620689655172,0.724137931034483,0,0,0,0,0,0,0,0,2164,9.339368,2.18491080726143
"165",55,55,3,7.15657293447448,18.4194575858043,20.0350206665236,21.2193057541182,23.0858856312822,24.7941717165346,28.316467918375,29.6879534850944,32.6219718038643,1,1,1,1,1,1,1,1,0.866666666666667,0.833333333333333,0.833333333333333,0.8,0.8,0.733333333333333,0.733333333333333,0.7,0,0,0,0,0,0,0,0,2165,3.950566,-3.20600693447448
"166",56,56,1,7.1560127075,18.4189556859175,20.0345271331515,21.2188183538019,23.085407897421,24.7937028293725,28.3160172721242,29.6875099413542,32.6215434545214,1,1,1,1,1,1,1,1,0.866666666666667,0.833333333333333,0.833333333333333,0.8,0.8,0.733333333333333,0.733333333333333,0.7,0,0,0,0,0,0,0,0,2166,3.795278,-3.3607347075
"167",56,56,2,7.1560127075,18.4189556859175,20.0345271331515,21.2188183538019,23.085407897421,24.7937028293725,28.3160172721242,29.6875099413542,32.6215434545214,1,1,1,1,1,1,1,1,0.896551724137931,0.862068965517241,0.862068965517241,0.827586206896552,0.827586206896552,0.758620689655172,0.758620689655172,0.724137931034483,0,0,0,0,0,0,0,0,2167,9.342465,2.1864522925
"168",56,56,3,7.1560127075,18.4189556859175,20.0345271331515,21.2188183538019,23.085407897421,24.7937028293725,28.3160172721242,29.6875099413542,32.6215434545214,1,1,1,1,1,1,1,1,0.866666666666667,0.833333333333333,0.833333333333333,0.8,0.8,0.733333333333333,0.733333333333333,0.7,0,0,0,0,0,0,0,0,2168,4.637029,-2.5189837075
"169",57,57,1,7.157047438,18.420026593901,20.035603230481,21.2198982551706,23.0864937944262,24.7947942135592,28.3171199702696,29.688617044845,32.622659982365,1,1,1,1,1,1,1,1,0.866666666666667,0.833333333333333,0.833333333333333,0.8,0.8,0.733333333333333,0.733333333333333,0.7,0,0,0,0,0,0,0,0,2169,3.628011,-3.529036438
"170",57,57,2,7.157047438,18.420026593901,20.035603230481,21.2198982551706,23.0864937944262,24.7947942135592,28.3171199702696,29.688617044845,32.622659982365,1,1,1,1,1,1,1,1,0.896551724137931,0.862068965517241,0.862068965517241,0.827586206896552,0.827586206896552,0.758620689655172,0.758620689655172,0.724137931034483,0,0,0,0,0,0,0,0,2170,9.193978,2.036930562
"171",57,57,3,7.157047438,18.420026593901,20.035603230481,21.2198982551706,23.0864937944262,24.7947942135592,28.3171199702696,29.688617044845,32.622659982365,1,1,1,1,1,1,1,1,0.866666666666667,0.833333333333333,0.833333333333333,0.8,0.8,0.733333333333333,0.733333333333333,0.7,0,0,0,0,0,0,0,0,2171,3.974275,-3.182772438
"172",58,58,1,7.156926473,18.4201649072658,20.0357787350776,21.2201010227207,23.0867395317654,24.7950792766695,28.3174861187525,29.6890147657489,32.6231252461316,1,1,1,1,1,1,1,1,0.866666666666667,0.833333333333333,0.833333333333333,0.8,0.8,0.733333333333333,0.733333333333333,0.7,0,0,0,0,0,0,0,0,2172,3.805671,-3.351255473
"173",58,58,2,7.156926473,18.4201649072658,20.0357787350776,21.2201010227207,23.0867395317654,24.7950792766695,28.3174861187525,29.6890147657489,32.6231252461316,1,1,1,1,1,1,1,1,0.896551724137931,0.862068965517241,0.862068965517241,0.827586206896552,0.827586206896552,0.758620689655172,0.758620689655172,0.724137931034483,0,0,0,0,0,0,0,0,2173,9.208278,2.051351527
"174",58,58,3,7.156926473,18.4201649072658,20.0357787350776,21.2201010227207,23.0867395317654,24.7950792766695,28.3174861187525,29.6890147657489,32.6231252461316,1,1,1,1,1,1,1,1,1,0.961538461538462,0.961538461538462,0.923076923076923,0.923076923076923,0.846153846153846,0.846153846153846,0.807692307692308,0,0,0,0,0,0,0,0,2174,17.393586,10.236659527
"175",59,59,1,7.16579375423816,18.4348781978271,20.0513305849535,21.2362675767224,23.1038749355513,24.8131013677198,28.3373364604751,29.7095769781562,32.6452103631036,1,1,1,1,1,1,1,1,0.866666666666667,0.833333333333333,0.833333333333333,0.8,0.8,0.733333333333333,0.733333333333333,0.7,0,0,0,0,0,0,0,0,2175,3.516233,-3.64956075423816
"176",59,59,2,7.16202299975172,18.4311074433407,20.047559830467,21.2324968222359,23.1001041810649,24.8093306132333,28.3335657059887,29.7058062236698,32.6414396086172,1,1,1,1,1,1,1,1,0.896551724137931,0.862068965517241,0.862068965517241,0.827586206896552,0.827586206896552,0.758620689655172,0.758620689655172,0.724137931034483,0,0,0,0,0,0,0,0,2176,9.308718,2.14669500024828
"177",59,59,3,7.16359693382988,18.4326813774189,20.0491337645452,21.2340707563141,23.101678115143,24.8109045473115,28.3351396400668,29.7073801577479,32.6430135426953,1,1,1,1,1,1,1,1,0.866666666666667,0.833333333333333,0.833333333333333,0.8,0.8,0.733333333333333,0.733333333333333,0.7,0,0,0,0,0,0,0,0,2177,4.082621,-3.08097593382988
"178",60,60,1,7.16823488215594,18.4368190674662,20.053199696883,21.2380840868152,23.1056085386389,24.8147590946635,28.3388377392362,29.7110173402844,32.6465204063127,1,1,1,1,1,1,1,1,0.866666666666667,0.833333333333333,0.833333333333333,0.8,0.8,0.733333333333333,0.733333333333333,0.7,0,0,0,0,0,0,0,0,2178,3.398781,-3.76945388215594
"179",60,60,2,7.16875293246397,18.4373371177743,20.053717747191,21.2386021371232,23.1061265889469,24.8152771449715,28.3393557895442,29.7115353905925,32.6470384566208,1,1,1,1,1,1,1,1,0.928571428571429,0.892857142857143,0.892857142857143,0.857142857142857,0.857142857142857,0.785714285714286,0.785714285714286,0.75,0,0,0,0,0,0,0,0,2179,9.448448,2.27969506753603
"180",60,60,3,7.16416994250607,18.4327541278164,20.0491347572331,21.2340191471653,23.101543598989,24.8106941550136,28.3347727995863,29.7069524006346,32.6424554666629,1,1,1,1,1,1,1,1,0.866666666666667,0.833333333333333,0.833333333333333,0.8,0.8,0.733333333333333,0.733333333333333,0.7,0,0,0,0,0,0,0,0,2180,3.989622,-3.17454794250607
"181",61,61,1,7.16550484829212,18.4348354639711,20.0513231623478,21.2362860389538,23.1039341954899,24.813197965549,28.3375100448886,29.7097805390348,32.6454780526174,1,1,1,1,1,1,1,1,0.866666666666667,0.833333333333333,0.833333333333333,0.8,0.8,0.733333333333333,0.733333333333333,0.7,0,0,0,0,0,0,0,0,2181,3.415046,-3.75045884829212
"182",61,61,2,7.16589940746896,18.4352300231479,20.0517177215246,21.2366805981307,23.1043287546668,24.8135925247259,28.3379046040654,29.7101750982116,32.6458726117942,1,1,1,1,1,1,1,1,0.928571428571429,0.892857142857143,0.892857142857143,0.857142857142857,0.857142857142857,0.785714285714286,0.785714285714286,0.75,0,0,0,0,0,0,0,0,2182,9.713171,2.54727159253104
"183",61,61,3,7.16157450873378,18.4309051244127,20.0473928227894,21.2323556993955,23.1000038559316,24.8092676259907,28.3335797053302,29.7058501994764,32.641547713059,1,1,1,1,1,1,1,1,0.866666666666667,0.833333333333333,0.833333333333333,0.8,0.8,0.733333333333333,0.733333333333333,0.7,0,0,0,0,0,0,0,0,2183,3.243489,-3.91808550873378
"184",62,62,1,7.16542282395324,18.4349598600064,20.0514771675948,21.2364617491706,23.1041441154255,24.813439194076,28.3378158282541,29.7101114582844,32.6458627450502,1,1,1,1,1,1,1,1,0.866666666666667,0.833333333333333,0.833333333333333,0.8,0.8,0.733333333333333,0.733333333333333,0.7,0,0,0,0,0,0,0,0,2184,3.683516,-3.48190682395324
"185",62,62,2,7.16512068964616,18.4346577256993,20.0511750332877,21.2361596148635,23.1038419811184,24.8131370597689,28.337513693947,29.7098093239773,32.6455606107431,1,1,1,1,1,1,1,1,0.928571428571429,0.892857142857143,0.892857142857143,0.857142857142857,0.857142857142857,0.785714285714286,0.785714285714286,0.75,0,0,0,0,0,0,0,0,2185,9.504327,2.33920631035384
"186",62,62,3,7.16112396513121,18.4306610011844,20.0471783087728,21.2321628903486,23.0998452566035,24.809140335254,28.333516969432,29.7058125994624,32.6415638862281,1,1,1,1,1,1,1,1,0.962962962962963,0.925925925925926,0.925925925925926,0.888888888888889,0.888888888888889,0.814814814814815,0.814814814814815,0.777777777777778,0,0,0,0,0,0,0,0,2186,15.272797,8.1116730348688
"187",63,63,1,7.16443482442241,18.4368977934063,20.0538348006867,21.239127042231,23.1072943186754,24.8170331851002,28.3423248603861,29.7149767823352,32.651490284207,1,1,1,1,1,1,1,1,0.866666666666667,0.833333333333333,0.833333333333333,0.8,0.8,0.733333333333333,0.733333333333333,0.7,0,0,0,0,0,0,0,0,2187,3.861182,-3.30325282442241
"188",63,63,2,7.17403697425763,18.4464999432415,20.0634369505219,21.2487291920663,23.1168964685106,24.8266353349354,28.3519270102213,29.7245789321705,32.6610924340422,1,1,1,1,1,1,1,1,0.928571428571429,0.892857142857143,0.892857142857143,0.857142857142857,0.857142857142857,0.785714285714286,0.785714285714286,0.75,0,0,0,0,0,0,0,0,2188,9.727651,2.55361402574237
"189",63,63,3,7.16910071288344,18.4415636818673,20.0585006891477,21.2437929306921,23.1119602071364,24.8216990735612,28.3469907488471,29.7196426707963,32.656156172668,1,1,1,1,1,1,1,1,0.866666666666667,0.833333333333333,0.833333333333333,0.8,0.8,0.733333333333333,0.733333333333333,0.7,0,0,0,0,0,0,0,0,2189,4.294743,-2.87435771288344
"190",64,64,1,7.17601259706445,18.4482671184028,20.0651742256771,21.2504445490854,23.1185772798345,24.8282845301837,28.3535110166327,29.7261375558362,32.662596756414,1,1,1,1,1,1,1,1,0.866666666666667,0.833333333333333,0.833333333333333,0.8,0.8,0.733333333333333,0.733333333333333,0.7,0,0,0,0,0,0,0,0,2190,4.100311,-3.07570159706445
"191",64,64,2,7.17624028853289,18.4484948098712,20.0654019171455,21.2506722405538,23.1188049713029,24.8285122216522,28.3537387081012,29.7263652473046,32.6628244478824,1,1,1,1,1,1,1,1,0.896551724137931,0.862068965517241,0.862068965517241,0.827586206896552,0.827586206896552,0.758620689655172,0.758620689655172,0.724137931034483,0,0,0,0,0,0,0,0,2191,9.358597,2.18235671146711
"192",64,64,3,7.17008252200859,18.4423370433469,20.0592441506212,21.2445144740295,23.1126472047786,24.8223544551279,28.3475809415769,29.7202074807803,32.6566666813581,1,1,1,1,1,1,1,1,0.866666666666667,0.833333333333333,0.833333333333333,0.8,0.8,0.733333333333333,0.733333333333333,0.7,0,0,0,0,0,0,0,0,2192,4.277737,-2.89234552200859
"193",65,65,1,7.17688477983211,18.4493353046798,20.0662705269569,21.2515614600083,23.1197266741059,24.8294636530795,28.3547514366507,29.7274018432729,32.6639121034064,1,1,1,1,1,1,1,1,0.866666666666667,0.833333333333333,0.833333333333333,0.8,0.8,0.733333333333333,0.733333333333333,0.7,0,0,0,0,0,0,0,0,2193,4.151424,-3.02546077983211
"194",65,65,2,7.17718000536644,18.4496305302142,20.0665657524912,21.2518566855426,23.1200218996402,24.8297588786138,28.355046662185,29.7276970688072,32.6642073289408,1,1,1,1,1,1,1,1,0.928571428571429,0.892857142857143,0.892857142857143,0.857142857142857,0.857142857142857,0.785714285714286,0.785714285714286,0.75,0,0,0,0,0,0,0,0,2194,9.814291,2.63711099463356
"195",65,65,3,7.16394444817196,18.4363949730197,20.0533301952967,21.2386211283482,23.1067863424457,24.8165233214194,28.3418111049906,29.7144615116127,32.6509717717463,1,1,1,1,1,1,1,1,0.866666666666667,0.833333333333333,0.833333333333333,0.8,0.8,0.733333333333333,0.733333333333333,0.7,0,0,0,0,0,0,0,0,2195,4.433423,-2.73052144817196
"196",66,66,1,7.15931835176333,18.3558346838827,19.9618778050566,21.1391843065107,22.9947650681768,24.6929848089963,28.1945253264881,29.5579291988012,32.4746583531716,1,1,1,1,1,1,1,1,0.866666666666667,0.833333333333333,0.833333333333333,0.8,0.8,0.733333333333333,0.733333333333333,0.7,0,0,0,0,0,0,0,0,2196,3.951146,-3.20817235176333
"197",66,66,2,7.16074179291588,18.3572581250353,19.9633012462091,21.1406077476632,22.9961885093294,24.6944082501488,28.1959487676406,29.5593526399537,32.4760817943242,1,1,1,1,1,1,1,1,0.896551724137931,0.862068965517241,0.862068965517241,0.827586206896552,0.827586206896552,0.758620689655172,0.758620689655172,0.724137931034483,0,0,0,0,0,0,0,0,2197,7.615856,0.455114207084115
"198",66,66,3,7.14992539689001,18.3464417290094,19.9524848501832,21.1297913516374,22.9853721133035,24.6835918541229,28.1851323716147,29.5485362439278,32.4652653982983,1,1,1,1,1,1,1,1,1,0.961538461538462,0.961538461538462,0.923076923076923,0.923076923076923,0.846153846153846,0.846153846153846,0.807692307692308,0,0,0,0,0,0,0,0,2198,17.916108,10.76618260311
"199",67,67,1,7.12675251696181,18.3301498833212,19.9371800291534,21.1152100669386,22.9719312114147,24.6711946258052,28.1748870823,29.5391288606591,32.4576505469729,1,1,1,1,1,1,1,1,0.866666666666667,0.833333333333333,0.833333333333333,0.8,0.8,0.733333333333333,0.733333333333333,0.7,0,0,0,0,0,0,0,0,2199,4.128287,-2.99846551696181
"200",67,67,2,7.166256179293,18.3696535456524,19.9766836914846,21.1547137292698,23.0114348737458,24.7106982881364,28.2143907446312,29.5786325229903,32.4971542093041,1,1,1,1,1,1,1,1,0.896551724137931,0.862068965517241,0.862068965517241,0.827586206896552,0.827586206896552,0.758620689655172,0.758620689655172,0.724137931034483,0,0,0,0,0,0,0,0,2200,8.779775,1.613518820707
"201",67,67,3,7.1529291415189,18.3563265078783,19.9633566537105,21.1413866914957,22.9981078359717,24.6973712503622,28.2010637068571,29.5653054852162,32.48382717153,1,1,1,1,1,1,1,1,0.866666666666667,0.833333333333333,0.833333333333333,0.8,0.8,0.733333333333333,0.733333333333333,0.7,0,0,0,0,0,0,0,0,2201,4.249868,-2.9030611415189
"202",68,68,1,7.16853845610521,18.3715520257123,19.9785271192305,21.1565168010336,23.0131743394872,24.7123795419123,28.215951971799,29.5801470150877,32.4985687210913,1,1,1,1,1,1,1,1,0.866666666666667,0.833333333333333,0.833333333333333,0.8,0.8,0.733333333333333,0.733333333333333,0.7,0,0,0,0,0,0,0,0,2202,5.114164,-2.05437445610521
"203",68,68,2,7.1655797854912,18.3685933550983,19.9755684486165,21.1535581304196,23.0102156688732,24.7094208712983,28.212993301185,29.5771883444737,32.4956100504773,1,1,1,1,1,1,1,1,0.896551724137931,0.862068965517241,0.862068965517241,0.827586206896552,0.827586206896552,0.758620689655172,0.758620689655172,0.724137931034483,0,0,0,0,0,0,0,0,2203,8.932309,1.7667292145088
"204",68,68,3,7.15250945609995,18.3555230257071,19.9624981192252,21.1404878010284,22.9971453394819,24.696350541907,28.1999229717938,29.5641180150825,32.4825397210861,1,1,1,1,1,1,1,1,0.866666666666667,0.833333333333333,0.833333333333333,0.8,0.8,0.733333333333333,0.733333333333333,0.7,0,0,0,0,0,0,0,0,2204,4.194246,-2.95826345609995
"205",69,69,1,7.16866957313088,18.3710881907404,19.9779779435566,21.1559050665393,23.0124640045489,24.7115789682607,28.2149653359416,29.5790879317089,32.4973546507696,1,1,1,1,1,1,1,1,0.866666666666667,0.833333333333333,0.833333333333333,0.8,0.8,0.733333333333333,0.733333333333333,0.7,0,0,0,0,0,0,0,0,2205,4.066469,-3.10220057313088
"206",69,69,2,7.16911012896571,18.3715287465752,19.9784184993914,21.1563456223741,23.0129045603837,24.7120195240955,28.2154058917765,29.5795284875437,32.4977952066044,1,1,1,1,1,1,1,1,0.896551724137931,0.862068965517241,0.862068965517241,0.827586206896552,0.827586206896552,0.758620689655172,0.758620689655172,0.724137931034483,0,0,0,0,0,0,0,0,2206,8.883503,1.71439287103429
"207",69,69,3,7.15250172185607,18.3549203394656,19.9618100922817,21.1397372152645,22.996296153274,24.6954111169859,28.1987974846668,29.5629200804341,32.4811867994948,1,1,1,1,1,1,1,1,0.866666666666667,0.833333333333333,0.833333333333333,0.8,0.8,0.733333333333333,0.733333333333333,0.7,0,0,0,0,0,0,0,0,2207,4.347088,-2.80541372185607
"208",70,70,1,7.16937417191926,18.3714762051292,19.9783205466601,21.1562143809965,23.0127208519794,24.7117877980881,28.2150751588039,29.5791592039735,32.4973434517618,1,1,1,1,1,1,1,1,0.866666666666667,0.833333333333333,0.833333333333333,0.8,0.8,0.733333333333333,0.733333333333333,0.7,0,0,0,0,0,0,0,0,2208,4.260922,-2.90845217191926
"209",70,70,2,7.16966920850737,18.3717712417173,19.9786155832482,21.1565094175846,23.0130158885675,24.7120828346762,28.215370195392,29.5794542405616,32.4976384883499,0,0,0,0,0,0,0,0,0,0,0,0,0,0,0,0,0,0,0,0,0,0,0,0,2209,50.413882,43.2442127914926
"210",70,70,3,7.01163922162722,18.2137412548371,19.820585596368,20.9984794307044,22.8549859016873,24.5540528477961,28.0573402085119,29.4214242536815,32.3396085014698,1,1,1,1,1,1,1,1,1,0.961538461538462,0.961538461538462,0.923076923076923,0.923076923076923,0.884615384615385,0.846153846153846,0.807692307692308,1,1,1,1,1,1,1,1,2210,18.631929,11.6202897783728
"211",71,71,1,7.19511628970583,18.5173521107835,20.1414286018422,21.331954426818,23.2083704785117,24.9256585894939,28.4665159687102,29.8452287489896,32.7947082417546,1,1,1,1,1,1,1,1,0.866666666666667,0.833333333333333,0.833333333333333,0.8,0.8,0.733333333333333,0.733333333333333,0.7,1,1,1,1,1,1,1,1,2211,3.869172,-3.32594428970583
"212",71,71,2,7.1831656774069,18.5054014984846,20.1294779895433,21.3200038145191,23.1964198662128,24.913707977195,28.4545653564113,29.8332781366906,32.7827576294557,1,1,1,1,1,1,1,1,0.896551724137931,0.862068965517241,0.862068965517241,0.827586206896552,0.827586206896552,0.758620689655172,0.758620689655172,0.724137931034483,0,0,0,0,0,0,0,0,2212,8.937324,1.7541583225931
"213",71,71,3,7.18726840155416,18.5095042226319,20.1335807136906,21.3241065386664,23.20052259036,24.9178107013423,28.4586680805586,29.8373808608379,32.7868603536029,1,1,1,1,1,1,1,1,0.866666666666667,0.833333333333333,0.833333333333333,0.8,0.8,0.733333333333333,0.733333333333333,0.7,0,0,0,0,0,0,0,0,2213,4.278711,-2.90855740155416
"214",72,72,1,7.18898200133309,18.5108282539274,20.1348488647673,21.3253337268673,23.2016852159987,24.9189142395944,28.4596497871812,29.8383151295644,32.7876931384643,1,1,1,1,1,1,1,1,0.896551724137931,0.862068965517241,0.862068965517241,0.827586206896552,0.827586206896552,0.758620689655172,0.758620689655172,0.724137931034483,0,0,0,0,0,0,0,0,2214,6.788601,-0.400381001333086
"215",72,72,2,7.18828911291679,18.5101353655112,20.134155976351,21.324640838451,23.2009923275824,24.918221351178,28.4589568987649,29.8376222411481,32.787000250048,1,1,1,1,1,1,1,1,0.896551724137931,0.862068965517241,0.862068965517241,0.827586206896552,0.827586206896552,0.758620689655172,0.758620689655172,0.724137931034483,0,0,0,0,0,0,0,0,2215,8.801055,1.61276588708321
"216",72,72,3,7.18773354830442,18.5095798008988,20.1336004117386,21.3240852738386,23.20043676297,24.9176657865657,28.4584013341525,29.8370666765358,32.7864446854357,1,1,1,1,1,1,1,1,0.866666666666667,0.833333333333333,0.833333333333333,0.8,0.8,0.733333333333333,0.733333333333333,0.7,0,0,0,0,0,0,0,0,2216,4.065878,-3.12185554830442
"217",73,73,1,7.187199463,18.5089323243395,20.1329366701877,21.3234096092701,23.1997423062499,24.9169541313473,28.4576542175405,29.8363057522293,32.7856542223362,0,0,0,0,0,0,0,0,0,0,0,0,0,0,0,0,0,0,0,0,0,0,0,0,2217,45.078934,37.891734537
"218",73,73,2,7.187199463,18.5089323243395,20.1329366701877,21.3234096092701,23.1997423062499,24.9169541313473,28.4576542175405,29.8363057522293,32.7856542223362,1,1,1,1,1,1,1,1,0.928571428571429,0.892857142857143,0.892857142857143,0.857142857142857,0.857142857142857,0.785714285714286,0.785714285714286,0.75,1,1,1,1,1,1,1,1,2218,12.41988,5.232680537
"219",73,73,3,7.187199463,18.5089323243395,20.1329366701877,21.3234096092701,23.1997423062499,24.9169541313473,28.4576542175405,29.8363057522293,32.7856542223362,1,1,1,1,1,1,1,1,0.928571428571429,0.892857142857143,0.892857142857143,0.857142857142857,0.857142857142857,0.785714285714286,0.785714285714286,0.75,1,1,1,1,1,1,1,1,2219,10.773704,3.586504537
"220",74,74,1,7.21590447698423,18.6241649813613,20.2605809668455,21.4601522320216,23.3508250170262,25.0811608306191,28.6489211236652,30.0381091609661,33.0099983653175,0,1,1,1,1,1,1,1,0,1,1,0.96,0.92,0.88,0.88,0.84,0,0,0,0,0,0,0,0,2220,19.863494,12.6475895230158
"221",74,74,2,7.22229812104717,18.6305586254243,20.2669746109084,21.4665458760845,23.3572186610891,25.087554474682,28.6553147677281,30.044502805029,33.0163920093804,1,1,1,1,1,1,1,1,0.928571428571429,0.892857142857143,0.892857142857143,0.857142857142857,0.821428571428571,0.785714285714286,0.785714285714286,0.75,1,0,0,0,0,0,0,0,2221,11.477768,4.25546987895283
"222",74,74,3,7.2163997067545,18.6246602111316,20.2610761966157,21.4606474617918,23.3513202467964,25.0816560603894,28.6494163534355,30.0386043907364,33.0104935950878,0,1,1,1,1,1,1,1,0,1,1,0.96,0.92,0.88,0.88,0.84,1,0,0,0,0,0,0,0,2222,21.316547,14.1001472932455
"223",75,75,1,7.26141905804907,18.6902659053308,20.329634823087,21.5313707289981,23.425455255719,25.1589134810402,28.7331118403249,30.1248066841003,33.1020586981641,1,1,1,1,1,1,1,1,0.928571428571429,0.892857142857143,0.892857142857143,0.857142857142857,0.821428571428571,0.785714285714286,0.785714285714286,0.75,1,0,0,0,0,0,0,0,2223,9.985067,2.72364794195093
"224",75,75,2,7.2392759780218,18.6681228253035,20.3074917430597,21.5092276489709,23.4033121756917,25.1367704010129,28.7109687602976,30.102663604073,33.0799156181369,1,1,1,1,1,1,1,1,0.928571428571429,0.892857142857143,0.892857142857143,0.857142857142857,0.821428571428571,0.785714285714286,0.785714285714286,0.75,1,0,0,0,0,0,0,0,2224,10.926807,3.6875310219782
"225",75,75,3,7.24111625168286,18.6699630989646,20.3093320167208,21.5110679226319,23.4051524493528,25.138610674674,28.7128090339587,30.1045038777341,33.0817558917979,1,1,1,1,1,1,1,1,0.928571428571429,0.892857142857143,0.892857142857143,0.857142857142857,0.821428571428571,0.785714285714286,0.785714285714286,0.75,0,0,0,0,0,0,0,0,2225,9.388868,2.14775174831714
"226",76,76,1,7.24684497277697,18.6758153305015,20.315201964759,21.5169508577139,23.4110558536231,25.1445328122598,28.7187697975605,30.1104796812475,33.087763870186,1,1,1,1,1,1,1,1,0.896551724137931,0.862068965517241,0.862068965517241,0.827586206896552,0.793103448275862,0.758620689655172,0.758620689655172,0.724137931034483,0,0,0,0,0,0,0,0,2226,6.419503,-0.827341972776971
"227",76,76,2,7.23815246328401,18.6671228210085,20.3065094552661,21.508258348221,23.4023633441301,25.1358403027668,28.7100772880675,30.1017871717545,33.079071360693,1,1,1,1,1,1,1,1,0.928571428571429,0.892857142857143,0.892857142857143,0.857142857142857,0.821428571428571,0.785714285714286,0.785714285714286,0.75,0,0,0,0,0,0,0,0,2227,10.719088,3.48093553671599
"228",76,76,3,7.25073905450075,18.6797094122252,20.3190960464828,21.5208449394377,23.4149499353469,25.1484268939835,28.7226638792843,30.1143737629713,33.0916579519098,1,1,1,1,1,1,1,1,0.896551724137931,0.862068965517241,0.862068965517241,0.827586206896552,0.793103448275862,0.758620689655172,0.758620689655172,0.724137931034483,0,0,0,0,0,0,0,0,2228,6.334267,-0.916472054500749
"229",77,77,1,7.23828118283829,18.6668358473224,20.3061628539914,21.5078680370691,23.4019041408017,25.135318049607,28.7094250331571,30.1010842977268,33.0782601972155,1,1,1,1,1,1,1,1,0.896551724137931,0.862068965517241,0.862068965517241,0.827586206896552,0.793103448275862,0.758620689655172,0.758620689655172,0.724137931034483,0,0,0,0,0,0,0,0,2229,7.430873,0.192591817161713
"230",77,77,2,7.24149166854001,18.6700463330241,20.3093733396932,21.5110785227708,23.4051146265034,25.1385285353087,28.7126355188589,30.1042947834285,33.0814706829172,1,1,1,1,1,1,1,1,0.928571428571429,0.892857142857143,0.892857142857143,0.857142857142857,0.821428571428571,0.785714285714286,0.785714285714286,0.75,0,0,0,0,0,0,0,0,2230,10.678107,3.43661533145999
"231",77,77,3,7.25099845432008,18.6795531188042,20.3188801254732,21.5205853085509,23.4146214122835,25.1480353210888,28.7221423046389,30.1138015692086,33.0909774686973,1,1,1,1,1,1,1,1,0.866666666666667,0.833333333333333,0.833333333333333,0.8,0.766666666666667,0.733333333333333,0.733333333333333,0.7,0,0,0,0,0,0,0,0,2231,5.922245,-1.32875345432008
"232",78,78,1,7.24255709665033,18.6701233099772,20.309308531904,21.5109097799773,23.404782069279,25.1380460558033,28.7118439162588,30.103382816771,33.0803012214977,1,1,1,1,1,1,1,1,0.866666666666667,0.833333333333333,0.833333333333333,0.8,0.766666666666667,0.733333333333333,0.733333333333333,0.7,0,0,0,0,0,0,0,0,2232,6.215739,-1.02681809665033
"233",78,78,2,7.24332657311983,18.6708927864467,20.3100780083735,21.5116792564468,23.4055515457485,25.1388155322728,28.7126133927283,30.1041522932405,33.0810706979672,1,1,1,1,1,1,1,1,0.928571428571429,0.892857142857143,0.892857142857143,0.857142857142857,0.821428571428571,0.785714285714286,0.785714285714286,0.75,0,0,0,0,0,0,0,0,2233,10.962404,3.71907742688017
"234",78,78,3,7.25577128076661,18.6833374940935,20.3225227160203,21.5241239640936,23.4179962533953,25.1512602399195,28.7250581003751,30.1165970008873,33.093515405614,0,1,1,1,1,1,1,1,0,1,1,0.96,0.92,0.88,0.88,0.84,0,0,0,0,0,0,0,0,2234,20.013734,12.7579627192334
"235",79,79,1,7.29253193206349,18.729325572886,20.3698343892252,21.5724058953734,23.4678074314902,25.2024709782942,28.7791545766248,30.1718171043444,33.1511392841381,1,1,1,1,1,1,1,1,0.896551724137931,0.862068965517241,0.862068965517241,0.827586206896552,0.793103448275862,0.758620689655172,0.758620689655172,0.724137931034483,1,0,0,0,0,0,0,0,2235,6.75631,-0.536221932063492
"236",79,79,2,7.25477306836796,18.6915667091905,20.3320755255297,21.5346470316779,23.4300485677946,25.1647121145987,28.7413957129293,30.1340582406489,33.1133804204426,1,1,1,1,1,1,1,1,0.928571428571429,0.892857142857143,0.892857142857143,0.857142857142857,0.821428571428571,0.785714285714286,0.785714285714286,0.75,1,0,0,0,0,0,0,0,2236,9.735743,2.48096993163204
"237",79,79,3,7.26325888013176,18.7000525209543,20.3405613372935,21.5431328434417,23.4385343795584,25.1731979263625,28.7498815246931,30.1425440524127,33.1218662322064,1,1,1,1,1,1,1,1,0.896551724137931,0.862068965517241,0.862068965517241,0.827586206896552,0.793103448275862,0.758620689655172,0.758620689655172,0.724137931034483,0,0,0,0,0,0,0,0,2237,6.637116,-0.626142880131763
"238",80,80,1,7.2591817507995,18.6951081632251,20.3354925831753,21.5379729008145,23.4332307125547,25.1677627234113,28.7441751092255,30.1367320342273,33.1158282981849,1,1,1,1,1,1,1,1,0.896551724137931,0.862068965517241,0.862068965517241,0.827586206896552,0.793103448275862,0.758620689655172,0.758620689655172,0.724137931034483,0,0,0,0,0,0,0,0,2238,7.505754,0.246572249200498
"239",80,80,2,7.26159601749825,18.6975224299238,20.337906849874,21.5403871675132,23.4356449792535,25.1701769901101,28.7465893759243,30.1391463009261,33.1182425648836,1,1,1,1,1,1,1,1,0.962962962962963,0.925925925925926,0.925925925925926,0.888888888888889,0.851851851851852,0.814814814814815,0.814814814814815,0.777777777777778,0,0,0,0,0,0,0,0,2239,13.781708,6.52011198250175
"240",80,80,3,7.27903921793973,18.7149656303653,20.3553500503155,21.5578303679547,23.4530881796949,25.1876201905515,28.7640325763657,30.1565895013676,33.1356857653251,1,1,1,1,1,1,1,1,0.896551724137931,0.862068965517241,0.862068965517241,0.827586206896552,0.793103448275862,0.758620689655172,0.758620689655172,0.724137931034483,0,0,0,0,0,0,0,0,2240,6.327076,-0.95196321793973
"241",81,81,1,7.22236407372844,18.2773038922497,19.8630390909377,21.0254589129133,22.8575764251951,24.5343226984558,27.9915873104799,29.3377513591601,32.2175993683121,1,1,1,1,1,1,1,1,0.896551724137931,0.862068965517241,0.862068965517241,0.827586206896552,0.827586206896552,0.793103448275862,0.758620689655172,0.724137931034483,0,0,0,0,0,0,0,0,2241,6.594733,-0.627631073728443
"242",81,81,2,7.22255861634571,18.277498434867,19.863233633555,21.0256534555306,22.8577709678124,24.5345172410731,27.9917818530971,29.3379459017774,32.2177939109293,1,1,1,1,1,1,1,1,0.962962962962963,0.925925925925926,0.925925925925926,0.888888888888889,0.888888888888889,0.851851851851852,0.814814814814815,0.777777777777778,0,0,0,0,0,0,0,0,2242,13.209816,5.98725738365429
"243",81,81,3,7.22736669369942,18.2823065122207,19.8680417109087,21.0304615328843,22.8625790451661,24.5393253184268,27.9965899304508,29.3427539791311,32.222601988283,1,1,1,1,1,1,1,1,0.896551724137931,0.862068965517241,0.862068965517241,0.827586206896552,0.827586206896552,0.793103448275862,0.758620689655172,0.724137931034483,0,0,0,0,0,0,0,0,2243,6.650465,-0.576901693699418
"244",82,82,1,7.22754724065952,18.2833464801071,19.8692049552702,21.0317151448043,22.8639750875429,24.5408517125612,27.9983850954338,29.3446537961133,32.2247256872297,1,1,1,1,1,1,1,1,0.896551724137931,0.862068965517241,0.862068965517241,0.827586206896552,0.827586206896552,0.793103448275862,0.758620689655172,0.724137931034483,0,0,0,0,0,0,0,0,2244,6.699302,-0.528245240659518
"245",82,82,2,7.22758275870324,18.2833819981508,19.8692404733139,21.031750662848,22.8640106055867,24.540887230605,27.9984206134775,29.344689314157,32.2247612052735,1,1,1,1,1,1,1,1,0.928571428571429,0.892857142857143,0.892857142857143,0.857142857142857,0.857142857142857,0.821428571428571,0.785714285714286,0.75,0,0,0,0,0,0,0,0,2245,10.799017,3.57143424129676
"246",82,82,3,7.23056438854535,18.2863636279929,19.872222103156,21.0347322926901,22.8669922354288,24.5438688604471,28.0014022433196,29.3476709439991,32.2277428351156,1,1,1,1,1,1,1,1,0.962962962962963,0.925925925925926,0.925925925925926,0.888888888888889,0.888888888888889,0.851851851851852,0.814814814814815,0.777777777777778,0,0,0,0,0,0,0,0,2246,15.538641,8.30807661145465
"247",83,83,1,7.24459068139661,18.3039442066659,19.8903125132913,21.0531964336968,22.8860454225456,24.5634611400966,28.0221060719051,29.3688075792638,32.2498053734712,1,1,1,1,1,1,1,1,0.896551724137931,0.862068965517241,0.862068965517241,0.827586206896552,0.827586206896552,0.793103448275862,0.758620689655172,0.724137931034483,0,0,0,0,0,0,0,0,2247,6.527692,-0.716898681396609
"248",83,83,2,7.23567867417833,18.2950321994476,19.881400506073,21.0442844264785,22.8771334153273,24.5545491328783,28.0131940646868,29.3598955720456,32.2408933662529,1,1,1,1,1,1,1,1,0.928571428571429,0.892857142857143,0.892857142857143,0.857142857142857,0.857142857142857,0.821428571428571,0.785714285714286,0.75,0,0,0,0,0,0,0,0,2248,10.849871,3.61419232582167
"249",83,83,3,7.23995339490383,18.2993069201731,19.8856752267985,21.048559147204,22.8814081360528,24.5588238536038,28.0174687854123,29.3641702927711,32.2451680869784,1,1,1,1,1,1,1,1,0.896551724137931,0.862068965517241,0.862068965517241,0.827586206896552,0.827586206896552,0.793103448275862,0.758620689655172,0.724137931034483,0,0,0,0,0,0,0,0,2249,6.421369,-0.818584394903825
"250",84,84,1,7.23758666271004,18.2961777918574,19.8824367393741,21.045240494317,22.8779631324747,24.5552632144024,28.0136697183972,29.3602783885024,32.2410775760244,1,1,1,1,1,1,1,1,0.896551724137931,0.862068965517241,0.862068965517241,0.827586206896552,0.827586206896552,0.793103448275862,0.758620689655172,0.724137931034483,0,0,0,0,0,0,0,0,2250,7.080334,-0.157252662710036
"251",84,84,2,7.23833139478006,18.2969225239274,19.8831814714441,21.045985226387,22.8787078645447,24.5560079464725,28.0144144504672,29.3610231205724,32.2418223080944,1,1,1,1,1,1,1,1,0.928571428571429,0.892857142857143,0.892857142857143,0.857142857142857,0.857142857142857,0.821428571428571,0.785714285714286,0.75,0,0,0,0,0,0,0,0,2251,10.698341,3.46000960521994
"252",84,84,3,7.24242030062856,18.3010114297759,19.8872703772926,21.0500741322355,22.8827967703932,24.560096852321,28.0185033563157,29.3651120264209,32.2459112139429,1,1,1,1,1,1,1,1,0.896551724137931,0.862068965517241,0.862068965517241,0.827586206896552,0.827586206896552,0.793103448275862,0.758620689655172,0.724137931034483,0,0,0,0,0,0,0,0,2252,6.416196,-0.826224300628561
"253",85,85,1,7.23999870282113,18.2982341373715,19.8844420635844,21.0472084174689,22.8798721069294,24.5571182392563,28.0154135051653,29.3619788622099,32.2426853901251,1,1,1,1,1,1,1,1,0.896551724137931,0.862068965517241,0.862068965517241,0.827586206896552,0.827586206896552,0.793103448275862,0.758620689655172,0.724137931034483,0,0,0,0,0,0,0,0,2253,6.781587,-0.458411702821131
"254",85,85,2,7.24044635163328,18.2986817861836,19.8848897123966,21.047656066281,22.8803197557415,24.5575658880684,28.0158611539775,29.3624265110221,32.2431330389372,1,1,1,1,1,1,1,1,0.928571428571429,0.892857142857143,0.892857142857143,0.857142857142857,0.857142857142857,0.821428571428571,0.785714285714286,0.75,0,0,0,0,0,0,0,0,2254,10.735706,3.49525964836672
"255",85,85,3,7.24529063261843,18.3035260671688,19.8897339933817,21.0525003472662,22.8851640367267,24.5624101690536,28.0207054349626,29.3672707920072,32.2479773199224,1,1,1,1,1,1,1,1,0.896551724137931,0.862068965517241,0.862068965517241,0.827586206896552,0.827586206896552,0.793103448275862,0.758620689655172,0.724137931034483,0,0,0,0,0,0,0,0,2255,7.359504,0.114213367381566
"256",86,86,1,7.24497147107396,18.3022069969216,19.8882714949069,21.0509327090335,22.8834306852223,24.5605251574572,28.0185077170983,29.3649513148959,32.245397363321,1,1,1,1,1,1,1,1,0.928571428571429,0.892857142857143,0.892857142857143,0.857142857142857,0.857142857142857,0.821428571428571,0.785714285714286,0.75,0,0,0,0,0,0,0,0,2256,10.294486,3.04951452892604
"257",86,86,2,7.24829176171242,18.3055272875601,19.8915917855454,21.0542529996719,22.8867509758608,24.5638454480957,28.0218280077367,29.3682716055344,32.2487176539595,0,0,0,1,1,1,1,1,0,0,0,1,1,0.958333333333333,0.916666666666667,0.875,0,0,0,0,0,0,0,0,2257,23.295072,16.0467802382876
"258",86,86,3,7.26299908325318,18.3202346091009,19.9062991070861,21.0689603212127,22.9014582974016,24.5785527696364,28.0365353292775,29.3829789270751,32.2634249755002,0,1,1,1,1,1,1,1,0,1,1,0.96,0.96,0.92,0.88,0.84,1,1,1,0,0,0,0,0,2258,20.182952,12.9199529167468
"259",87,87,1,7.33741938798836,18.4191189942521,20.0086926523103,21.1739262487808,23.0104786179277,24.6912836536156,28.1569169830371,29.5063395808186,32.393158602271,1,1,1,1,1,1,1,1,0.896551724137931,0.862068965517241,0.862068965517241,0.827586206896552,0.827586206896552,0.758620689655172,0.758620689655172,0.724137931034483,1,1,1,0,0,0,0,0,2259,7.007932,-0.329487387988364
"260",87,87,2,7.26262968901742,18.3443292952812,19.9339029533393,21.0991365498098,22.9356889189567,24.6164939546447,28.0821272840662,29.4315498818476,32.3183689033,1,1,1,1,1,1,1,1,0.928571428571429,0.892857142857143,0.892857142857143,0.857142857142857,0.857142857142857,0.821428571428571,0.785714285714286,0.75,1,0,0,0,0,0,0,0,2260,10.772132,3.50950231098258
"261",87,87,3,7.28399765543162,18.3656972616954,19.9552709197535,21.120504516224,22.9570568853709,24.6378619210589,28.1034952504804,29.4529178482618,32.3397368697142,1,1,1,1,1,1,1,1,0.896551724137931,0.862068965517241,0.862068965517241,0.827586206896552,0.827586206896552,0.793103448275862,0.758620689655172,0.724137931034483,0,0,0,0,0,0,0,0,2261,8.056836,0.772838344568377
"262",88,88,1,7.25510856866492,18.2644064563678,19.8435947160925,21.0012153183557,22.8257686663707,24.4955922481776,27.9385830391919,29.2791892533304,32.1471473901032,1,1,1,1,1,1,1,1,0.896551724137931,0.862068965517241,0.862068965517241,0.827586206896552,0.827586206896552,0.793103448275862,0.758620689655172,0.724137931034483,0,0,0,0,0,0,0,0,2262,7.390604,0.135495431335083
"263",88,88,2,7.25195329046238,18.2612511781652,19.8404394378899,20.9980600401531,22.8226133881681,24.492436969975,27.9354277609893,29.2760339751278,32.1439921119007,1,1,1,1,1,1,1,1,0.928571428571429,0.892857142857143,0.892857142857143,0.857142857142857,0.857142857142857,0.821428571428571,0.785714285714286,0.75,0,0,0,0,0,0,0,0,2263,11.122935,3.87098170953762
"264",88,88,3,7.26962962940881,18.2789275171117,19.8581157768364,21.0157363790996,22.8402897271146,24.5101133089215,27.9531040999358,29.2937103140743,32.1616684508471,1,1,1,1,1,1,1,1,0.896551724137931,0.862068965517241,0.862068965517241,0.827586206896552,0.827586206896552,0.793103448275862,0.758620689655172,0.724137931034483,0,0,0,0,0,0,0,0,2264,8.326916,1.05728637059119
"265",89,89,1,7.25950729319652,18.2685904133892,19.847747866578,21.0053458861754,22.8298636411141,24.4996546482866,27.9425782740223,29.2831583358429,32.1510605249763,1,1,1,1,1,1,1,1,0.896551724137931,0.862068965517241,0.862068965517241,0.827586206896552,0.827586206896552,0.793103448275862,0.758620689655172,0.724137931034483,0,0,0,0,0,0,0,0,2265,7.02931,-0.230197293196515
"266",89,89,2,7.25300398135203,18.2620871015447,19.8412445547335,20.9988425743309,22.8233603292696,24.4931513364421,27.9360749621779,29.2766550239984,32.1445572131318,1,1,1,1,1,1,1,1,0.928571428571429,0.892857142857143,0.892857142857143,0.857142857142857,0.857142857142857,0.821428571428571,0.785714285714286,0.75,0,0,0,0,0,0,0,0,2266,11.392512,4.13950801864797
"267",89,89,3,7.2748713765756,18.2839544967683,19.8631119499571,21.0207099695545,22.8452277244932,24.5150187316657,27.9579423574014,29.298522419222,32.1664246083554,1,1,1,1,1,1,1,1,0.962962962962963,0.925925925925926,0.925925925925926,0.888888888888889,0.888888888888889,0.851851851851852,0.814814814814815,0.777777777777778,0,0,0,0,0,0,0,0,2267,14.59624,7.3213686234244
"268",90,90,1,7.30005005815416,18.3110260361756,19.8904550033965,21.048252055779,22.8730835110211,24.5431616153975,27.9866772036852,29.327487759493,32.1958830442868,1,1,1,1,1,1,1,1,0.896551724137931,0.862068965517241,0.862068965517241,0.827586206896552,0.827586206896552,0.793103448275862,0.758620689655172,0.724137931034483,0,0,0,0,0,0,0,0,2268,7.829287,0.529236941845844
"269",90,90,2,7.26794486714617,18.2789208451676,19.8583498123885,21.016146864771,22.8409783200132,24.5110564243895,27.9545720126772,29.2953825684851,32.1637778532788,1,1,1,1,1,1,1,1,0.928571428571429,0.892857142857143,0.892857142857143,0.857142857142857,0.857142857142857,0.821428571428571,0.785714285714286,0.75,0,0,0,0,0,0,0,0,2269,11.647996,4.38005113285383
"270",90,90,3,7.28606238353042,18.2970383615518,19.8764673287728,21.0342643811552,22.8590958363974,24.5291739407737,27.9726895290614,29.3135000848693,32.1818953696631,0,1,1,1,1,1,1,1,0,1,1,0.96,0.96,0.92,0.88,0.84,0,0,0,0,0,0,0,0,2270,20.168782,12.8827196164696
"271",91,91,1,7.34814794345445,18.3686321382164,19.9494249766307,21.1082218118968,22.934629048707,24.606149301774,28.0526384405107,29.3946068153346,32.2654790217128,1,1,1,1,1,1,1,1,0.896551724137931,0.862068965517241,0.862068965517241,0.827586206896552,0.827586206896552,0.793103448275862,0.758620689655172,0.724137931034483,1,0,0,0,0,0,0,0,2271,8.014252,0.666104056545555
"272",91,91,2,7.27967740738957,18.3001616021515,19.8809544405658,21.039751275832,22.8661585126421,24.5376787657092,27.9841679044458,29.3261362792697,32.1970084856479,1,1,1,1,1,1,1,1,0.928571428571429,0.892857142857143,0.892857142857143,0.857142857142857,0.857142857142857,0.821428571428571,0.785714285714286,0.75,1,0,0,0,0,0,0,0,2272,10.747296,3.46761859261043
"273",91,91,3,7.29507355909341,18.3155577538554,19.8963505922696,21.0551474275358,22.8815546643459,24.553074917413,27.9995640561497,29.3415324309736,32.2124046373518,1,1,1,1,1,1,1,1,0.928571428571429,0.892857142857143,0.892857142857143,0.857142857142857,0.857142857142857,0.821428571428571,0.785714285714286,0.75,0,0,0,0,0,0,0,0,2273,9.757626,2.46255244090659
"274",92,92,1,7.29706379503774,18.3170219457369,19.8977393276946,21.0564808497654,22.8828009061335,24.5542413720252,28.0005659984667,29.3424703167135,32.2132054868914,1,1,1,1,1,1,1,1,0.896551724137931,0.862068965517241,0.862068965517241,0.827586206896552,0.827586206896552,0.793103448275862,0.758620689655172,0.724137931034483,0,0,0,0,0,0,0,0,2274,8.485495,1.18843120496226
"275",92,92,2,7.28968508847253,18.3096432391717,19.8903606211294,21.0491021432002,22.8754221995683,24.54686266546,27.9931872919015,29.3350916101483,32.2058267803262,0,0,0,0,0,0,0,0,0,0,0,0,0,0,0,0,0,0,0,0,0,0,0,0,2275,45.567455,38.2777699115275
"276",92,92,3,7.50477056449878,18.524728715198,20.1054460971556,21.2641876192264,23.0905076755946,24.7619481414863,28.2082727679277,29.5501770861745,32.4209122563524,1,1,1,1,1,1,1,1,0.928571428571429,0.892857142857143,0.892857142857143,0.857142857142857,0.857142857142857,0.785714285714286,0.785714285714286,0.75,1,1,1,1,1,1,1,1,2276,10.003425,2.49865443550122
"277",93,93,1,7.32719125629187,18.4354338895638,20.0288149145454,21.1968394932588,23.0377907958607,24.7226217170213,28.1965559752111,29.5492107270601,32.4429442939322,1,1,1,1,1,1,1,1,0.896551724137931,0.862068965517241,0.862068965517241,0.827586206896552,0.827586206896552,0.758620689655172,0.758620689655172,0.724137931034483,1,1,1,1,1,1,1,1,2277,8.285684,0.95849274370813
"278",93,93,2,7.31446029338378,18.4227029266557,20.0160839516373,21.1841085303507,23.0250598329526,24.7098907541132,28.183825012303,29.5364797641521,32.4302133310241,1,1,1,1,1,1,1,1,0.896551724137931,0.862068965517241,0.862068965517241,0.827586206896552,0.827586206896552,0.758620689655172,0.758620689655172,0.724137931034483,0,0,0,0,0,0,0,0,2278,8.665613,1.35115270661622
"279",93,93,3,7.31727612068644,18.4255187539583,20.01889977894,21.1869243576534,23.0278756602553,24.7127065814159,28.1866408396057,29.5392955914547,32.4330291583268,1,1,1,1,1,1,1,1,0.896551724137931,0.862068965517241,0.862068965517241,0.827586206896552,0.827586206896552,0.758620689655172,0.758620689655172,0.724137931034483,0,0,0,0,0,0,0,0,2279,9.318273,2.00099687931356
"280",94,94,1,7.32626868044559,18.4331405035711,20.0263248977311,21.1942053366379,23.0349294570646,24.71955246205,28.1930580201757,29.5455458479738,32.4389223143156,1,1,1,1,1,1,1,1,0.896551724137931,0.862068965517241,0.862068965517241,0.827586206896552,0.827586206896552,0.758620689655172,0.758620689655172,0.724137931034483,0,0,0,0,0,0,0,0,2280,8.379263,1.05299431955441
"281",94,94,2,7.3192521050109,18.4261239281364,20.0193083222964,21.1871887612032,23.0279128816299,24.7125358866153,28.186041444741,29.5385292725391,32.4319057388809,1,1,1,1,1,1,1,1,0.928571428571429,0.892857142857143,0.892857142857143,0.857142857142857,0.857142857142857,0.785714285714286,0.785714285714286,0.75,0,0,0,0,0,0,0,0,2281,11.824324,4.5050718949891
"282",94,94,3,7.34499467472116,18.4518664978466,20.0450508920066,21.2129313309135,23.0536554513401,24.7382784563255,28.2117840144512,29.5642718422494,32.4576483085912,0,1,1,1,1,1,1,1,0,1,1,0.96,0.96,0.88,0.88,0.84,0,0,0,0,0,0,0,0,2282,19.942841,12.5978463252788
"283",95,95,1,7.42436728301445,18.5404045933437,20.1349036971186,21.3037478811185,23.1459909830946,24.8320041536316,28.3083760787464,29.66197999126,32.55774409702,1,1,1,1,1,1,1,1,0.896551724137931,0.862068965517241,0.862068965517241,0.827586206896552,0.827586206896552,0.758620689655172,0.758620689655172,0.724137931034483,1,0,0,0,0,0,0,0,2283,6.972713,-0.451654283014447
"284",95,95,2,7.31957159736347,18.4356089076927,20.0301080114676,21.1989521954675,23.0411952974436,24.7272084679807,28.2035803930954,29.557184305609,32.452948411369,1,1,1,1,1,1,1,1,0.928571428571429,0.892857142857143,0.892857142857143,0.857142857142857,0.857142857142857,0.785714285714286,0.785714285714286,0.75,1,0,0,0,0,0,0,0,2284,11.327846,4.00827440263653
"285",95,95,3,7.35476008192092,18.4707973922501,20.0652964960251,21.234140680025,23.0763837820011,24.7623969525381,28.2387688776528,29.5923727901665,32.4881368959265,1,1,1,1,1,1,1,1,0.896551724137931,0.862068965517241,0.862068965517241,0.827586206896552,0.827586206896552,0.758620689655172,0.758620689655172,0.724137931034483,0,0,0,0,0,0,0,0,2285,8.46019,1.10542991807908
"286",96,96,1,7.33639600330065,18.4514300704114,20.0457852676513,21.2145239612711,23.0566007973516,24.7424618020375,28.2185199780651,29.5720017252866,32.4675044829042,1,1,1,1,1,1,1,1,0.896551724137931,0.862068965517241,0.862068965517241,0.827586206896552,0.827586206896552,0.758620689655172,0.758620689655172,0.724137931034483,0,0,0,0,0,0,0,0,2286,8.040978,0.704581996699353
"287",96,96,2,7.33300632271271,18.4480403898235,20.0423955870634,21.2111342806832,23.0532111167637,24.7390721214495,28.2151302974771,29.5686120446986,32.4641148023163,1,1,1,1,1,1,1,1,0.896551724137931,0.862068965517241,0.862068965517241,0.827586206896552,0.827586206896552,0.758620689655172,0.758620689655172,0.724137931034483,0,0,0,0,0,0,0,0,2287,7.203697,-0.129309322712708
"288",96,96,3,7.3262362036504,18.4412702707612,20.0356254680011,21.2043641616209,23.0464409977014,24.7323020023872,28.2083601784148,29.5618419256363,32.457344683254,1,1,1,1,1,1,1,1,0.896551724137931,0.862068965517241,0.862068965517241,0.827586206896552,0.827586206896552,0.758620689655172,0.758620689655172,0.724137931034483,0,0,0,0,0,0,0,0,2288,7.834638,0.508401796349601
"289",97,97,1,7.33143066304363,18.4451588180021,20.0393266934745,21.2079280712702,23.0497884806163,24.7354514124614,28.2111011842874,29.5644239101104,32.4595864733376,1,1,1,1,1,1,1,1,0.896551724137931,0.862068965517241,0.862068965517241,0.827586206896552,0.827586206896552,0.758620689655172,0.758620689655172,0.724137931034483,0,0,0,0,0,0,0,0,2289,7.0576,-0.27383066304363
"290",97,97,2,7.32578960053513,18.4395177554936,20.033685630966,21.2022870087617,23.0441474181078,24.7298103499529,28.2054601217789,29.5587828476019,32.4539454108291,1,1,1,1,1,1,1,1,0.928571428571429,0.892857142857143,0.892857142857143,0.857142857142857,0.857142857142857,0.785714285714286,0.785714285714286,0.75,0,0,0,0,0,0,0,0,2290,11.104076,3.77828639946487
"291",97,97,3,7.35516580099782,18.4688939559563,20.0630618314287,21.2316632092244,23.0735236185705,24.7591865504156,28.2348363222416,29.5881590480646,32.4833216112918,1,1,1,1,1,1,1,1,0.896551724137931,0.862068965517241,0.862068965517241,0.827586206896552,0.827586206896552,0.758620689655172,0.758620689655172,0.724137931034483,0,0,0,0,0,0,0,0,2291,7.021045,-0.334120800997824
"292",98,98,1,7.3118036060498,18.3411622105909,19.9232280060891,21.082957979844,22.9108359584072,24.5837022281662,28.032966703846,29.3760157187814,32.2491997379559,1,1,1,1,1,1,1,1,0.896551724137931,0.862068965517241,0.862068965517241,0.827586206896552,0.827586206896552,0.793103448275862,0.758620689655172,0.724137931034483,0,0,0,0,0,0,0,0,2292,6.972367,-0.339436606049798
"293",98,98,2,7.31149476999903,18.3408533745402,19.9229191700384,21.0826491437933,22.9105271223564,24.5833933921154,28.0326578677952,29.3757068827306,32.2488909019051,1,1,1,1,1,1,1,1,0.928571428571429,0.892857142857143,0.892857142857143,0.857142857142857,0.857142857142857,0.821428571428571,0.785714285714286,0.75,0,0,0,0,0,0,0,0,2293,11.416333,4.10483823000097
"294",98,98,3,7.33968937349956,18.3690479780407,19.9511137735389,21.1108437472938,22.9387217258569,24.611587995616,28.0608524712957,29.4039014862311,32.2770855054056,0,1,1,1,1,1,1,1,0,1,1,0.96,0.96,0.92,0.88,0.84,0,0,0,0,0,0,0,0,2294,21.274587,13.9348976265004
"295",99,99,1,7.4209887798807,18.4615946024022,20.045273713733,21.2061863252352,23.0359282872631,24.7105004668817,28.1632823392497,29.5077009320156,32.3838148882898,1,1,1,1,1,1,1,1,0.896551724137931,0.862068965517241,0.862068965517241,0.827586206896552,0.827586206896552,0.758620689655172,0.758620689655172,0.724137931034483,1,0,0,0,0,0,0,0,2295,7.221655,-0.1993337798807
"296",99,99,2,7.32138662722177,18.3619924497432,19.9456715610741,21.1065841725762,22.9363261346042,24.6108983142227,28.0636801865908,29.4080987793567,32.2842127356309,1,1,1,1,1,1,1,1,0.896551724137931,0.862068965517241,0.862068965517241,0.827586206896552,0.827586206896552,0.793103448275862,0.758620689655172,0.724137931034483,1,0,0,0,0,0,0,0,2296,7.139791,-0.181595627221774
"297",99,99,3,7.32080640448781,18.3614122270093,19.9450913383401,21.1060039498423,22.9357459118702,24.6103180914888,28.0630999638568,29.4075185566227,32.2836325128969,1,1,1,1,1,1,1,1,0.896551724137931,0.862068965517241,0.862068965517241,0.827586206896552,0.827586206896552,0.793103448275862,0.758620689655172,0.724137931034483,0,0,0,0,0,0,0,0,2297,7.056331,-0.264475404487809
"298",100,100,1,7.32244174844434,18.3613214204867,19.9447529305083,21.1054840383961,22.9349399282632,24.6092502958385,28.0614923408475,29.4057007396408,32.2813650280649,1,1,1,1,1,1,1,1,0.896551724137931,0.862068965517241,0.862068965517241,0.827586206896552,0.827586206896552,0.793103448275862,0.758620689655172,0.724137931034483,0,0,0,0,0,0,0,0,2298,7.189371,-0.133070748444344
"299",100,100,2,7.32338512471872,18.362264796761,19.9456963067827,21.1064274146705,22.9358833045376,24.6101936721128,28.0624357171219,29.4066441159151,32.2823084043392,1,1,1,1,1,1,1,1,0.928571428571429,0.892857142857143,0.892857142857143,0.857142857142857,0.857142857142857,0.821428571428571,0.785714285714286,0.75,0,0,0,0,0,0,0,0,2299,11.240774,3.91738887528128
"300",100,100,3,7.35211330773229,18.3909929797746,19.9744244897962,21.1351555976841,22.9646114875512,24.6389218551264,28.0911639001354,29.4353722989287,32.3110365873528,0,0,0,0,0,1,1,1,0,0,0,0,0,1,0.956521739130435,0.91304347826087,0,0,0,0,0,0,0,0,2300,27.842689,20.4905756922677
"301",101,101,1,7.50582825554596,18.5702988371613,20.1574011411215,21.3208231167154,23.1545201471363,24.8327119887819,28.2929572022848,29.6402818154587,32.522612619594,1,1,1,1,1,1,1,1,0.896551724137931,0.862068965517241,0.862068965517241,0.827586206896552,0.827586206896552,0.758620689655172,0.758620689655172,0.724137931034483,1,1,1,1,1,0,0,0,2301,7.638448,0.132619744454042
"302",101,101,2,7.34037748518569,18.4048480668011,19.9919503707612,21.1553723463551,22.989069376776,24.6672612184217,28.1275064319245,29.4748310450985,32.3571618492338,1,1,1,1,1,1,1,1,0.928571428571429,0.892857142857143,0.892857142857143,0.857142857142857,0.857142857142857,0.785714285714286,0.785714285714286,0.75,1,1,1,1,1,0,0,0,2302,11.455937,4.11555951481431
"303",101,101,3,7.37163857021689,18.4361091518323,20.0232114557924,21.1866334313863,23.0203304618072,24.6985223034529,28.1587675169557,29.5060921301297,32.388422934265,1,1,1,1,1,1,1,1,0.896551724137931,0.862068965517241,0.862068965517241,0.827586206896552,0.827586206896552,0.758620689655172,0.758620689655172,0.724137931034483,0,0,0,0,0,0,0,0,2303,7.964577,0.592938429783114
"304",102,102,1,7.34628002764649,18.4099033915899,19.9968841695258,21.1602170607256,22.9937736831154,24.6718370239192,28.131817282956,29.4790387301255,32.361148831284,1,1,1,1,1,1,1,1,0.896551724137931,0.862068965517241,0.862068965517241,0.827586206896552,0.827586206896552,0.758620689655172,0.758620689655172,0.724137931034483,0,0,0,0,0,0,0,0,2304,8.377355,1.03107497235351
"305",102,102,2,7.34963958374557,18.4132629476889,20.0002437256249,21.1635766168247,22.9971332392145,24.6751965800183,28.1351768390551,29.4823982862245,32.3645083873831,0,0,0,0,0,0,0,0,0,0,0,0,0,0,0,0,0,0,0,0,0,0,0,0,2305,37.826333,30.4766934162544
"306",102,102,3,7.5893216735164,18.6529450374598,20.2399258153957,21.4032587065955,23.2368153289853,24.9148786697891,28.3748589288259,29.7220803759954,32.6041904771539,0,1,1,1,1,1,1,1,0,1,1,0.96,0.96,0.88,0.88,0.84,1,1,1,1,1,1,1,1,2306,18.994148,11.4048263264836
"307",103,103,1,7.5109766119075,18.6374831015308,20.2334839182396,21.4034289297185,23.2474070720511,24.9350081442551,28.4146541462698,29.7695328945597,32.6680242557949,1,1,1,1,1,1,1,1,0.896551724137931,0.862068965517241,0.862068965517241,0.827586206896552,0.827586206896552,0.758620689655172,0.758620689655172,0.724137931034483,1,1,1,1,1,1,1,1,2307,7.36345,-0.147526611907495
"308",103,103,2,7.36574075202898,18.4922472416523,20.0882480583611,21.25819306984,23.1021712121726,24.7897722843766,28.2694182863913,29.6242970346812,32.5227883959164,1,1,1,1,1,1,1,1,0.928571428571429,0.892857142857143,0.892857142857143,0.857142857142857,0.857142857142857,0.785714285714286,0.785714285714286,0.75,1,0,0,0,0,0,0,0,2308,11.154002,3.78826124797102
"309",103,103,3,7.41307446141893,18.5395809510423,20.1355817677511,21.30552677923,23.1495049215626,24.8371059937666,28.3167519957813,29.6716307440712,32.5701221053063,1,1,1,1,1,1,1,1,0.896551724137931,0.862068965517241,0.862068965517241,0.827586206896552,0.827586206896552,0.758620689655172,0.758620689655172,0.724137931034483,0,0,0,0,0,0,0,0,2309,8.805063,1.39198853858108
"310",104,104,1,7.38808916192798,18.5138234576218,20.1097135098114,21.2795773255945,23.123427493461,24.8109114439697,28.290315954055,29.6451006720088,32.5433908741977,1,1,1,1,1,1,1,1,0.896551724137931,0.862068965517241,0.862068965517241,0.827586206896552,0.827586206896552,0.758620689655172,0.758620689655172,0.724137931034483,0,0,0,0,0,0,0,0,2310,8.649391,1.26130183807202
"311",104,104,2,7.38618369280169,18.5119179884955,20.1078080406851,21.2776718564682,23.1215220243347,24.8090059748434,28.2884104849287,29.6431952028825,32.5414854050714,1,1,1,1,1,1,1,1,0.928571428571429,0.892857142857143,0.892857142857143,0.857142857142857,0.857142857142857,0.785714285714286,0.785714285714286,0.75,0,0,0,0,0,0,0,0,2311,11.16089,3.77470630719831
"312",104,104,3,7.41692514794584,18.5426594436397,20.1385494958292,21.3084133116124,23.1522634794789,24.8397474299875,28.3191519400728,29.6739366580267,32.5722268602155,1,1,1,1,1,1,1,1,0.896551724137931,0.862068965517241,0.862068965517241,0.827586206896552,0.827586206896552,0.758620689655172,0.758620689655172,0.724137931034483,0,0,0,0,0,0,0,0,2312,7.906888,0.489962852054157
"313",105,105,1,7.38085477148461,18.5063791422735,20.1022390825568,21.2720808248711,23.1158962022185,24.8033483125898,28.2826871718478,29.6374463271695,32.5356818432334,1,1,1,1,1,1,1,1,0.896551724137931,0.862068965517241,0.862068965517241,0.827586206896552,0.827586206896552,0.758620689655172,0.758620689655172,0.724137931034483,0,0,0,0,0,0,0,0,2313,6.90601,-0.47484477148461
"314",105,105,2,7.36832377312147,18.4938481439104,20.0897080841937,21.2595498265079,23.1033652038554,24.7908173142267,28.2701561734847,29.6249153288063,32.5231508448703,1,1,1,1,1,1,1,1,0.896551724137931,0.862068965517241,0.862068965517241,0.827586206896552,0.827586206896552,0.758620689655172,0.758620689655172,0.724137931034483,0,0,0,0,0,0,0,0,2314,9.347136,1.97881222687853
"315",105,105,3,7.39888668479523,18.5244110555841,20.1202709958675,21.2901127381817,23.1339281155291,24.8213802259004,28.3007190851584,29.6554782404801,32.5537137565441,1,1,1,1,1,1,1,1,0.896551724137931,0.862068965517241,0.862068965517241,0.827586206896552,0.827586206896552,0.758620689655172,0.758620689655172,0.724137931034483,0,0,0,0,0,0,0,0,2315,7.322576,-0.0763106847952342
"316",106,106,1,7.37668115835299,18.5007150421727,20.0963611850326,21.2660462035992,23.1096145649228,24.7968406072637,28.275713339348,29.6302909975285,32.5281382368581,1,1,1,1,1,1,1,1,0.896551724137931,0.862068965517241,0.862068965517241,0.827586206896552,0.827586206896552,0.758620689655172,0.758620689655172,0.724137931034483,0,0,0,0,0,0,0,0,2316,6.87919,-0.497491158352989
"317",106,106,2,7.3711268254182,18.4951607092379,20.0908068520978,21.2604918706644,23.104060231988,24.7912862743289,28.2701590064132,29.6247366645937,32.5225839039234,1,1,1,1,1,1,1,1,0.928571428571429,0.892857142857143,0.892857142857143,0.857142857142857,0.857142857142857,0.785714285714286,0.785714285714286,0.75,0,0,0,0,0,0,0,0,2317,10.938059,3.5669321745818
"318",106,106,3,7.4219726116286,18.5460064954483,20.1416526383082,21.3113376568748,23.1549060181984,24.8421320605393,28.3210047926236,29.6755824508041,32.5734296901338,0,1,1,1,1,1,1,1,0,1,1,0.96,0.96,0.88,0.88,0.84,0,0,0,0,0,0,0,0,2318,20.748598,13.3266253883714
"319",107,107,1,7.56209069923435,18.6963605268924,20.2934749270836,21.4642362485709,23.3095009965115,24.9982795647789,28.480353432915,29.8361775257053,32.7366912619104,1,1,1,1,1,1,1,1,0.896551724137931,0.862068965517241,0.862068965517241,0.827586206896552,0.827586206896552,0.758620689655172,0.758620689655172,0.724137931034483,1,0,0,0,0,0,0,0,2319,7.208084,-0.354006699234351
"320",107,107,2,7.38540697927147,18.5196768069295,20.1167912071207,21.287552528608,23.1328172765486,24.8215958448161,28.3036697129521,29.6594938057424,32.5600075419475,1,1,1,1,1,1,1,1,0.928571428571429,0.892857142857143,0.892857142857143,0.857142857142857,0.857142857142857,0.785714285714286,0.785714285714286,0.75,1,0,0,0,0,0,0,0,2320,10.850624,3.46521702072853
"321",107,107,3,7.43293674936097,18.567206577019,20.1643209772102,21.3350822986975,23.1803470466381,24.8691256149056,28.3511994830416,29.7070235758319,32.607537312037,1,1,1,1,1,1,1,1,0.896551724137931,0.862068965517241,0.862068965517241,0.827586206896552,0.827586206896552,0.758620689655172,0.758620689655172,0.724137931034483,0,0,0,0,0,0,0,0,2321,7.036973,-0.395963749360966
"322",108,108,1,7.38828750836843,18.5217147984821,20.1187083439728,21.2893810731784,23.1345061887181,24.8231569659969,28.3049673433058,29.6606888399925,32.5609830924094,1,1,1,1,1,1,1,1,0.896551724137931,0.862068965517241,0.862068965517241,0.827586206896552,0.827586206896552,0.758620689655172,0.758620689655172,0.724137931034483,0,0,0,0,0,0,0,0,2322,6.343615,-1.04467250836843
"323",108,108,2,7.37930287276873,18.5127301628823,20.1097237083731,21.2803964375787,23.1255215531184,24.8141723303972,28.2959827077061,29.6517042043928,32.5519984568097,1,1,1,1,1,1,1,1,0.896551724137931,0.862068965517241,0.862068965517241,0.827586206896552,0.827586206896552,0.758620689655172,0.758620689655172,0.724137931034483,0,0,0,0,0,0,0,0,2323,7.762313,0.383010127231275
"324",108,108,3,7.39768657145834,18.531113861572,20.1281074070627,21.2987801362683,23.143905251808,24.8325560290868,28.3143664063957,29.6700879030824,32.5703821554993,1,1,1,1,1,1,1,1,0.896551724137931,0.862068965517241,0.862068965517241,0.827586206896552,0.827586206896552,0.758620689655172,0.758620689655172,0.724137931034483,0,0,0,0,0,0,0,0,2324,7.49271,0.0950234285416629
"325",109,109,1,7.39532084989238,18.5277995947103,20.1246570796084,21.2952300698854,23.1401979845288,24.8287048922059,28.3102186263726,29.6658246183531,32.5658717716155,1,1,1,1,1,1,1,1,0.896551724137931,0.862068965517241,0.862068965517241,0.827586206896552,0.827586206896552,0.758620689655172,0.758620689655172,0.724137931034483,0,0,0,0,0,0,0,0,2325,6.893775,-0.501545849892385
"326",109,109,2,7.3875716900059,18.5200504348238,20.1169079197219,21.2874809099989,23.1324488246423,24.8209557323194,28.3024694664861,29.6580754584666,32.5581226117291,1,1,1,1,1,1,1,1,0.928571428571429,0.892857142857143,0.892857142857143,0.857142857142857,0.857142857142857,0.785714285714286,0.785714285714286,0.75,0,0,0,0,0,0,0,0,2326,11.172723,3.7851513099941
"327",109,109,3,7.44293371125688,18.5754124560748,20.1722699409729,21.3428429312499,23.1878108458933,24.8763177535704,28.3578314877371,29.7134374797176,32.61348463298,1,1,1,1,1,1,1,1,0.896551724137931,0.862068965517241,0.862068965517241,0.827586206896552,0.827586206896552,0.758620689655172,0.758620689655172,0.724137931034483,0,0,0,0,0,0,0,0,2327,7.527125,0.0841912887431189
"328",110,110,1,7.39841177240914,18.5301156596746,20.1268619979799,21.2973535124829,23.1421930112222,24.8305823932017,28.3118538024315,29.6673654397255,32.5672107400592,1,1,1,1,1,1,1,1,0.896551724137931,0.862068965517241,0.862068965517241,0.827586206896552,0.827586206896552,0.758620689655172,0.758620689655172,0.724137931034483,0,0,0,0,0,0,0,0,2328,7.107244,-0.29116777240914
"329",110,110,2,7.3929592113096,18.5246630985751,20.1214094368803,21.2919009513833,23.1367404501226,24.8251298321022,28.3064012413319,29.661912878626,32.5617581789596,1,1,1,1,1,1,1,1,0.928571428571429,0.892857142857143,0.892857142857143,0.857142857142857,0.857142857142857,0.785714285714286,0.785714285714286,0.75,0,0,0,0,0,0,0,0,2329,11.039201,3.6462417886904
"330",110,110,3,7.44401947786905,18.5757233651345,20.1724697034398,21.3429612179428,23.1878007166821,24.8761900986616,28.3574615078914,29.7129731451854,32.6128184455191,0,0,0,1,1,1,1,1,0,0,0,1,1,0.916666666666667,0.916666666666667,0.875,0,0,0,0,0,0,0,0,2330,23.758224,16.3142045221309
"331",111,111,1,7.63416577366087,18.7813291108627,20.3802929731274,21.5524100388625,23.3998116075383,25.0905457851922,28.576651902712,29.9340460428562,32.8379185805022,1,1,1,1,1,1,1,1,0.862068965517241,0.862068965517241,0.862068965517241,0.827586206896552,0.793103448275862,0.758620689655172,0.758620689655172,0.724137931034483,1,1,1,0,0,0,0,0,2331,6.254471,-1.37969477366087
"332",111,111,2,7.3928990496916,18.5400623868935,20.1390262491581,21.3111433148932,23.158544883569,24.849279061223,28.3353851787427,29.6927793188869,32.5966518565329,1,1,1,1,1,1,1,1,0.928571428571429,0.892857142857143,0.892857142857143,0.857142857142857,0.857142857142857,0.785714285714286,0.785714285714286,0.75,1,1,1,0,0,0,0,0,2332,9.415188,2.0222889503084
"333",111,111,3,7.4364654686181,18.58362880582,20.1825926680846,21.3547097338197,23.2021113024955,24.8928454801495,28.3789515976692,29.7363457378134,32.6402182754594,1,1,1,1,1,1,1,1,0.896551724137931,0.862068965517241,0.862068965517241,0.827586206896552,0.827586206896552,0.758620689655172,0.758620689655172,0.724137931034483,0,0,0,0,0,0,0,0,2333,7.733972,0.297506531381901
"334",112,112,1,7.41622573033413,18.5620493483762,20.1608210395514,21.3327972346773,23.1799767738373,24.8705077510085,28.3561948916983,29.7134258937524,32.6169494301718,1,1,1,1,1,1,1,1,0.896551724137931,0.862068965517241,0.862068965517241,0.827586206896552,0.827586206896552,0.758620689655172,0.758620689655172,0.724137931034483,0,0,0,0,0,0,0,0,2334,7.952389,0.53616326966587
"335",112,112,2,7.41908252107797,18.56490613912,20.1636778302952,21.3356540254211,23.1828335645812,24.8733645417524,28.3590516824421,29.7162826844962,32.6198062209157,1,1,1,1,1,1,1,1,0.928571428571429,0.892857142857143,0.892857142857143,0.857142857142857,0.857142857142857,0.785714285714286,0.785714285714286,0.75,0,0,0,0,0,0,0,0,2335,11.964102,4.54501947892204
"336",112,112,3,7.47155382397712,18.6173774420192,20.2161491331944,21.3881253283202,23.2353048674803,24.9258358446515,28.4115229853412,29.7687539873953,32.6722775238148,1,1,1,1,1,1,1,1,0.896551724137931,0.862068965517241,0.862068965517241,0.827586206896552,0.827586206896552,0.758620689655172,0.758620689655172,0.724137931034483,0,0,0,0,0,0,0,0,2336,8.386586,0.915032176022884
"337",113,113,1,7.4275276994344,18.5737225110637,20.1725474467383,21.3445626726315,23.1918037291117,24.8823910066766,28.3681942325259,29.7254704349583,32.6290906685223,1,1,1,1,1,1,1,1,0.896551724137931,0.862068965517241,0.862068965517241,0.827586206896552,0.827586206896552,0.758620689655172,0.758620689655172,0.724137931034483,0,0,0,0,0,0,0,0,2337,7.854968,0.427440300565604
"338",113,113,2,7.42028417633189,18.5664789879612,20.1653039236358,21.337319149529,23.1845602060092,24.875147483574,28.3609507094234,29.7182269118558,32.6218471454198,1,1,1,1,1,1,1,1,0.928571428571429,0.892857142857143,0.892857142857143,0.857142857142857,0.857142857142857,0.785714285714286,0.785714285714286,0.75,0,0,0,0,0,0,0,0,2338,11.02632,3.60603582366811
"339",113,113,3,7.4634952065795,18.6096900182088,20.2085149538834,21.3805301797766,23.2277712362568,24.9183585138217,28.404161739671,29.7614379421034,32.6650581756674,1,1,1,1,1,1,1,1,0.896551724137931,0.862068965517241,0.862068965517241,0.827586206896552,0.827586206896552,0.758620689655172,0.758620689655172,0.724137931034483,0,0,0,0,0,0,0,0,2339,7.35768,-0.105815206579503
"340",114,114,1,7.41813485483291,18.5632701498668,20.1619431070788,21.3338469254824,23.1809123899702,24.8713389664791,28.3568108445969,29.7139580293076,32.6173022553303,1,1,1,1,1,1,1,1,0.896551724137931,0.862068965517241,0.862068965517241,0.827586206896552,0.827586206896552,0.758620689655172,0.758620689655172,0.724137931034483,0,0,0,0,0,0,0,0,2340,6.55693,-0.86120485483291
"341",114,114,2,7.40721635908859,18.5523516541225,20.1510246113345,21.3229284297381,23.1699938942259,24.8604204707348,28.3458923488526,29.7030395335632,32.606383759586,1,1,1,1,1,1,1,1,0.896551724137931,0.862068965517241,0.862068965517241,0.827586206896552,0.827586206896552,0.758620689655172,0.758620689655172,0.724137931034483,0,0,0,0,0,0,0,0,2341,8.760533,1.35331664091142
"342",114,114,3,7.43726322762144,18.5823985226554,20.1810714798673,21.3529752982709,23.2000407627587,24.8904673392676,28.3759392173854,29.7330864020961,32.6364306281189,0,0,0,1,1,1,1,1,0,0,0,1,1,0.916666666666667,0.916666666666667,0.875,0,0,0,0,0,0,0,0,2342,22.650958,15.2136947723786
"343",115,115,1,7.64160829997651,18.7999109326416,20.4004726301902,21.5737609856891,23.4230086520034,25.1154323704836,28.6050221335627,29.9637727097732,32.8705470703499,1,1,1,1,1,1,1,1,0.862068965517241,0.862068965517241,0.862068965517241,0.827586206896552,0.793103448275862,0.758620689655172,0.758620689655172,0.724137931034483,1,1,1,0,0,0,0,0,2343,7.532196,-0.109412299976506
"344",115,115,2,7.43146082266393,18.589763455329,20.1903251528776,21.3636135083765,23.2128611746908,24.905284893171,28.3948746562502,29.7536252324606,32.6603995930373,1,1,1,1,1,1,1,1,0.928571428571429,0.892857142857143,0.892857142857143,0.857142857142857,0.857142857142857,0.785714285714286,0.785714285714286,0.75,1,1,1,0,0,0,0,0,2344,11.233639,3.80217817733607
"345",115,115,3,7.48291006889628,18.6412127015613,20.24177439911,21.4150627546089,23.2643104209232,24.9567341394034,28.4463239024825,29.805074478693,32.7118488392696,1,1,1,1,1,1,1,1,0.896551724137931,0.862068965517241,0.862068965517241,0.827586206896552,0.827586206896552,0.758620689655172,0.758620689655172,0.724137931034483,0,0,0,0,0,0,0,0,2345,7.530078,0.0471679311037176
"346",116,116,1,7.43603137627944,18.5934984574176,20.1939403023494,21.3671408001419,23.2162499918367,24.9085469789252,28.3978754359481,29.7565242667448,32.6630809634137,1,1,1,1,1,1,1,1,0.896551724137931,0.862068965517241,0.862068965517241,0.827586206896552,0.827586206896552,0.758620689655172,0.758620689655172,0.724137931034483,0,0,0,0,0,0,0,0,2346,8.348859,0.912827623720561
"347",116,116,2,7.44718859975971,18.6046556808979,20.2050975258297,21.3782980236222,23.227407215317,24.9197042024054,28.4090326594284,29.767681490225,32.6742381868939,1,1,1,1,1,1,1,1,0.928571428571429,0.892857142857143,0.892857142857143,0.857142857142857,0.857142857142857,0.785714285714286,0.785714285714286,0.75,0,0,0,0,0,0,0,0,2347,11.119182,3.67199340024029
"348",116,116,3,7.48493875862215,18.6424058397603,20.2428476846921,21.4160481824846,23.2651573741794,24.9574543612679,28.4467828182908,29.8054316490875,32.7119883457564,1,1,1,1,1,1,1,1,0.896551724137931,0.862068965517241,0.862068965517241,0.827586206896552,0.827586206896552,0.758620689655172,0.758620689655172,0.724137931034483,0,0,0,0,0,0,0,0,2348,7.426961,-0.0579777586221475
"349",117,117,1,7.43874282545841,18.5959482993947,20.1963526190432,21.3695256090064,23.2185914449576,24.9108487530512,28.4000953963929,29.7587123711853,32.6652009183218,1,1,1,1,1,1,1,1,0.866666666666667,0.833333333333333,0.833333333333333,0.8,0.8,0.733333333333333,0.733333333333333,0.7,0,0,0,0,0,0,0,0,2349,5.83426,-1.60448282545841
"350",117,117,2,7.41686601222625,18.5740714861625,20.174475805811,21.3476487957742,23.1967146317255,24.888971939819,28.3782185831608,29.7368355579532,32.6433241050896,1,1,1,1,1,1,1,1,0.928571428571429,0.892857142857143,0.892857142857143,0.857142857142857,0.857142857142857,0.785714285714286,0.785714285714286,0.75,0,0,0,0,0,0,0,0,2350,9.902609,2.48574298777375
"351",117,117,3,7.47274750613894,18.6299529800752,20.2303572997237,21.4035302896869,23.2525961256382,24.9448534337317,28.4341000770735,29.7927170518659,32.6992055990023,1,1,1,1,1,1,1,1,0.896551724137931,0.862068965517241,0.862068965517241,0.827586206896552,0.827586206896552,0.758620689655172,0.758620689655172,0.724137931034483,0,0,0,0,0,0,0,0,2351,8.302376,0.829628493861059
"352",118,118,1,7.45324563702787,18.6101349456968,20.2104939141809,21.3836336595693,23.232647097956,24.9248564520179,28.4140042194718,29.7725826947044,32.6789888797538,1,1,1,1,1,1,1,1,0.896551724137931,0.862068965517241,0.862068965517241,0.827586206896552,0.827586206896552,0.758620689655172,0.758620689655172,0.724137931034483,0,0,0,0,0,0,0,0,2352,7.611135,0.157889362972131
"353",118,118,2,7.44374750901519,18.6006368176841,20.2009957861682,21.3741355315566,23.2231489699433,24.9153583240052,28.4045060914591,29.7630845666917,32.6694907517411,1,1,1,1,1,1,1,1,0.928571428571429,0.892857142857143,0.892857142857143,0.857142857142857,0.857142857142857,0.785714285714286,0.785714285714286,0.75,0,0,0,0,0,0,0,0,2353,9.741494,2.29774649098481
"354",118,118,3,7.47302011074883,18.6299094194178,20.2302683879018,21.4034081332903,23.2524215716769,24.9446309257388,28.4337786931927,29.7923571684253,32.6987633534747,1,1,1,1,1,1,1,1,0.962962962962963,0.925925925925926,0.925925925925926,0.888888888888889,0.888888888888889,0.814814814814815,0.814814814814815,0.777777777777778,0,0,0,0,0,0,0,0,2354,14.826972,7.35395188925117
"355",119,119,1,7.55177446773967,18.7105093442219,20.3111330433957,21.4844668490544,23.3337861504458,25.0262754290486,28.51600036982,29.8748035805175,32.7816905420234,1,1,1,1,1,1,1,1,0.896551724137931,0.862068965517241,0.862068965517241,0.827586206896552,0.793103448275862,0.758620689655172,0.758620689655172,0.724137931034483,0,0,0,0,0,0,0,0,2355,8.427262,0.875487532260327
"356",119,119,2,7.46192564887048,18.6206605253527,20.2212842245265,21.3946180301852,23.2439373315766,24.9364266101794,28.4261515509508,29.7849547616483,32.6918417231542,1,1,1,1,1,1,1,1,0.928571428571429,0.892857142857143,0.892857142857143,0.857142857142857,0.857142857142857,0.785714285714286,0.785714285714286,0.75,0,0,0,0,0,0,0,0,2356,11.732349,4.27042335112952
"357",119,119,3,7.5083274644543,18.6670623409365,20.2676860401103,21.441019845769,23.2903391471604,24.9828284257632,28.4725533665346,29.8313565772321,32.738243538738,1,1,1,1,1,1,1,1,0.896551724137931,0.862068965517241,0.862068965517241,0.827586206896552,0.827586206896552,0.758620689655172,0.758620689655172,0.724137931034483,0,0,0,0,0,0,0,0,2357,7.72755,0.219222535545702
"358",120,120,1,7.45839945311054,18.6163805969905,20.2168961797623,21.390150730922,23.2393451174136,24.9317200744233,28.4212092967651,29.7799207251691,32.6866113368649,1,1,1,1,1,1,1,1,0.896551724137931,0.862068965517241,0.862068965517241,0.827586206896552,0.827586206896552,0.758620689655172,0.758620689655172,0.724137931034483,0,0,0,0,0,0,0,0,2358,7.305766,-0.152633453110543
"359",120,120,2,7.45243229914485,18.6104134430248,20.2109290257966,21.3841835769563,23.2333779634479,24.9257529204576,28.4152421427994,29.7739535712034,32.6806441828992,1,1,1,1,1,1,1,1,0.962962962962963,0.925925925925926,0.925925925925926,0.888888888888889,0.888888888888889,0.814814814814815,0.814814814814815,0.777777777777778,0,0,0,0,0,0,0,0,2359,12.833122,5.38068970085515
"360",120,120,3,7.53063010720581,18.6886112510858,20.2891268338576,21.4623813850173,23.3115757715089,25.0039507285185,28.4934399508604,29.8521513792644,32.7588419909602,1,1,1,1,1,1,1,1,0.896551724137931,0.862068965517241,0.862068965517241,0.827586206896552,0.793103448275862,0.758620689655172,0.758620689655172,0.724137931034483,0,0,0,0,0,0,0,0,2360,8.380012,0.849381892794185
"361",121,121,1,7.4538757777765,18.4821579761022,20.0640693704682,21.2236861608009,23.0513857482819,24.7240887552697,28.1730166012456,29.5159345418041,32.388838153636,1,1,1,1,1,1,1,1,0.896551724137931,0.862068965517241,0.862068965517241,0.827586206896552,0.827586206896552,0.758620689655172,0.758620689655172,0.724137931034483,0,0,0,0,0,0,0,0,2361,7.879639,0.425763222223496
"362",121,121,2,7.44518934608293,18.4734715444086,20.0553829387747,21.2149997291073,23.0426993165883,24.7154023235761,28.1643301695521,29.5072481101105,32.3801517219425,1,1,1,1,1,1,1,1,0.928571428571429,0.892857142857143,0.892857142857143,0.857142857142857,0.857142857142857,0.785714285714286,0.785714285714286,0.75,0,0,0,0,0,0,0,0,2362,11.871681,4.42649165391707
"363",121,121,3,7.51449084746466,18.5427730457904,20.1246844401564,21.2843012304891,23.11200081797,24.7847038249578,28.2336316709338,29.5765496114923,32.4494532233242,1,1,1,1,1,1,1,1,0.896551724137931,0.862068965517241,0.862068965517241,0.827586206896552,0.827586206896552,0.758620689655172,0.758620689655172,0.724137931034483,0,0,0,0,0,0,0,0,2363,8.467135,0.952644152535346
"364",122,122,1,7.46046198249113,18.4880767665632,20.0698924261453,21.2294390382979,23.0570280162809,24.7296297939196,28.1783489162192,29.5211855855009,32.3939153337351,1,1,1,1,1,1,1,1,0.896551724137931,0.862068965517241,0.862068965517241,0.827586206896552,0.827586206896552,0.758620689655172,0.758620689655172,0.724137931034483,0,0,0,0,0,0,0,0,2364,7.80761,0.347148017508875
"365",122,122,2,7.44897456003004,18.4765893441021,20.0584050036842,21.2179516158368,23.0455405938199,24.7181423714586,28.1668614937581,29.5096981630398,32.382427911274,1,1,1,1,1,1,1,1,0.928571428571429,0.892857142857143,0.892857142857143,0.857142857142857,0.857142857142857,0.785714285714286,0.785714285714286,0.75,0,0,0,0,0,0,0,0,2365,12.137954,4.68897943996996
"366",122,122,3,7.52439928377791,18.5520140678499,20.1338297274321,21.2933763395846,23.1209653175677,24.7935670952064,28.242286217506,29.5851228867877,32.4578526350219,0,0,0,1,1,1,1,1,0,0,0,1,1,0.916666666666667,0.916666666666667,0.875,0,0,0,0,0,0,0,0,2366,24.417585,16.8931857162221
"367",123,123,1,7.76938253970681,18.8140968190112,20.3983652528205,21.5597098659147,23.3901327159207,25.0653280413648,28.5193947712246,29.8643136522695,32.7414978749839,1,1,1,1,1,1,1,1,0.862068965517241,0.862068965517241,0.862068965517241,0.827586206896552,0.793103448275862,0.758620689655172,0.758620689655172,0.724137931034483,1,1,1,0,0,0,0,0,2367,8.556004,0.786621460293189
"368",123,123,2,7.47782330226962,18.522537581574,20.1068060153833,21.2681506284775,23.0985734784835,24.7737688039276,28.2278355337874,29.5727544148323,32.4499386375468,1,1,1,1,1,1,1,1,0.896551724137931,0.862068965517241,0.862068965517241,0.827586206896552,0.827586206896552,0.758620689655172,0.758620689655172,0.724137931034483,1,1,1,0,0,0,0,0,2368,8.076448,0.59862469773038
"369",123,123,3,7.46900835616378,18.5137226354682,20.0979910692775,21.2593356823717,23.0897585323777,24.7649538578218,28.2190205876815,29.5639394687265,32.4411236914409,1,1,1,1,1,1,1,1,0.896551724137931,0.862068965517241,0.862068965517241,0.827586206896552,0.827586206896552,0.758620689655172,0.758620689655172,0.724137931034483,0,0,0,0,0,0,0,0,2369,7.854144,0.385135643836222
"370",124,124,1,7.46822944754547,18.5119842873663,20.0961150979064,21.2573588265551,23.0876226701885,24.7626724736664,28.2164391533921,29.5612412031417,32.4381754887301,1,1,1,1,1,1,1,1,0.896551724137931,0.862068965517241,0.862068965517241,0.827586206896552,0.827586206896552,0.758620689655172,0.758620689655172,0.724137931034483,0,0,0,0,0,0,0,0,2370,8.120513,0.652283552454533
"371",124,124,2,7.47308014738752,18.5168349872084,20.1009657977484,21.2622095263971,23.0924733700305,24.7675231735085,28.2212898532342,29.5660919029837,32.4430261885722,1,1,1,1,1,1,1,1,0.928571428571429,0.892857142857143,0.892857142857143,0.857142857142857,0.857142857142857,0.785714285714286,0.785714285714286,0.75,0,0,0,0,0,0,0,0,2371,12.146244,4.67316385261248
"372",124,124,3,7.54639052782166,18.5901453676425,20.1742761781825,21.3355199068313,23.1657837504646,24.8408335539426,28.2946002336683,29.6394022834179,32.5163365690063,1,1,1,1,1,1,1,1,0.896551724137931,0.862068965517241,0.862068965517241,0.827586206896552,0.827586206896552,0.758620689655172,0.758620689655172,0.724137931034483,0,0,0,0,0,0,0,0,2372,8.548875,1.00248447217834
"373",125,125,1,7.48536717571811,18.5293904198844,20.1135597306989,21.2748316818921,23.1051400077488,24.7802305211712,28.2340811402815,29.578915873726,32.455920079525,1,1,1,1,1,1,1,1,0.896551724137931,0.862068965517241,0.862068965517241,0.827586206896552,0.827586206896552,0.758620689655172,0.758620689655172,0.724137931034483,0,0,0,0,0,0,0,0,2373,8.083963,0.598595824281896
"374",125,125,2,7.47674456492685,18.5207678090931,20.1049371199076,21.2662090711009,23.0965173969576,24.77160791038,28.2254585294903,29.5702932629347,32.4472974687337,1,1,1,1,1,1,1,1,0.928571428571429,0.892857142857143,0.892857142857143,0.857142857142857,0.857142857142857,0.785714285714286,0.785714285714286,0.75,0,0,0,0,0,0,0,0,2374,11.363828,3.88708343507315
"375",125,125,3,7.53757543043015,18.5815986745964,20.1657679854109,21.3270399366042,23.1573482624609,24.8324387758833,28.2862893949936,29.631124128438,32.508128334237,1,1,1,1,1,1,1,1,0.896551724137931,0.862068965517241,0.862068965517241,0.827586206896552,0.827586206896552,0.758620689655172,0.758620689655172,0.724137931034483,0,0,0,0,0,0,0,0,2375,8.185933,0.648357569569852
"376",126,126,1,7.48386667567008,18.5272094946635,20.1112812043908,21.2724816093141,23.1026771693941,24.77766448005,28.2313023065165,29.5760541843398,32.452881137154,1,1,1,1,1,1,1,1,0.896551724137931,0.862068965517241,0.862068965517241,0.827586206896552,0.827586206896552,0.758620689655172,0.758620689655172,0.724137931034483,0,0,0,0,0,0,0,0,2376,8.723474,1.23960732432992
"377",126,126,2,7.49400274728932,18.5373455662828,20.12141727601,21.2826176809333,23.1128132410133,24.7878005516692,28.2414383781357,29.586190255959,32.4630172087732,1,1,1,1,1,1,1,1,0.928571428571429,0.892857142857143,0.892857142857143,0.857142857142857,0.857142857142857,0.785714285714286,0.785714285714286,0.75,0,0,0,0,0,0,0,0,2377,10.237514,2.74351125271068
"378",126,126,3,7.52255204469061,18.5658948636841,20.1499665734113,21.3111669783346,23.1413625384146,24.8163498490705,28.269987675537,29.6147395533603,32.4915665061745,0,0,0,1,1,1,1,1,0,0,0,1,1,0.916666666666667,0.916666666666667,0.875,0,0,0,0,0,0,0,0,2378,23.493877,15.9713249553094
"379",127,127,1,7.7912982942134,18.8496909028963,20.4359213743748,21.5987042550184,23.4313939926967,25.1086639642435,28.5670083839766,29.9135928801725,32.7943403524637,1,1,1,1,1,1,1,1,0.862068965517241,0.862068965517241,0.862068965517241,0.827586206896552,0.793103448275862,0.758620689655172,0.758620689655172,0.724137931034483,1,1,1,0,0,0,0,0,2379,8.168639,0.377340705786602
"380",127,127,2,7.49623915608583,18.5546317647687,20.1408622362472,21.3036451168908,23.1363348545691,24.8136048261159,28.271949245849,29.6185337420449,32.4992812143361,1,1,1,1,1,1,1,1,0.928571428571429,0.892857142857143,0.892857142857143,0.857142857142857,0.857142857142857,0.785714285714286,0.785714285714286,0.75,1,1,1,0,0,0,0,0,2380,11.528684,4.03244484391417
"381",127,127,3,7.56093061352159,18.6193232222045,20.205553693683,21.3683365743266,23.2010263120049,24.8782962835517,28.3366407032847,29.6832251994807,32.5639726717719,1,1,1,1,1,1,1,1,0.896551724137931,0.862068965517241,0.862068965517241,0.827586206896552,0.827586206896552,0.758620689655172,0.758620689655172,0.724137931034483,0,0,0,0,0,0,0,0,2381,8.302824,0.741893386478416
"382",128,128,1,7.50429578804453,18.5621283772837,20.1482785188321,21.3110025137908,23.1435994403415,24.8207844715331,28.2789537536863,29.6254700561106,32.5060716415036,1,1,1,1,1,1,1,1,0.896551724137931,0.862068965517241,0.862068965517241,0.827586206896552,0.827586206896552,0.758620689655172,0.758620689655172,0.724137931034483,0,0,0,0,0,0,0,0,2382,8.338994,0.834698211955469
"383",128,128,2,7.50499526259525,18.5628278518344,20.1489779933828,21.3117019883415,23.1442989148922,24.8214839460838,28.2796532282371,29.6261695306614,32.5067711160543,0,0,0,0,0,1,1,1,0,0,0,0,0,1,1,0.954545454545455,0,0,0,0,0,0,0,0,2383,28.283744,20.7787487374047
"384",128,128,3,7.89069736504293,18.9485299542821,20.5346800958305,21.6974040907892,23.5300010173399,25.2071860485315,28.6653553306847,30.011871633109,32.892473218502,1,1,1,1,1,1,1,1,0.862068965517241,0.862068965517241,0.862068965517241,0.827586206896552,0.793103448275862,0.758620689655172,0.758620689655172,0.724137931034483,1,1,1,1,1,0,0,0,2384,8.535909,0.645211634957073
"385",129,129,1,7.52167124820296,18.6050785480503,20.1948971599362,21.3603103192903,23.1971457017662,24.8782097500674,28.3443771347341,29.6940076789852,32.581271560206,1,1,1,1,1,1,1,1,0.962962962962963,0.925925925925926,0.925925925925926,0.888888888888889,0.888888888888889,0.814814814814815,0.814814814814815,0.777777777777778,1,1,1,1,1,0,0,0,2385,15.363236,7.84156475179704
"386",129,129,2,7.64965337286302,18.7330606727104,20.3228792845963,21.4882924439503,23.3251278264263,25.0061918747275,28.4723592593941,29.8219898036453,32.7092536848661,1,1,1,1,1,1,1,1,0.928571428571429,0.892857142857143,0.892857142857143,0.857142857142857,0.821428571428571,0.785714285714286,0.785714285714286,0.75,0,0,0,0,0,0,0,0,2386,9.91101,2.26135662713698
"387",129,129,3,7.54744829793299,18.6308555977804,20.2206742096663,21.3860873690203,23.2229227514962,24.9039867997975,28.3701541844641,29.7197847287153,32.6070486099361,1,1,1,1,1,1,1,1,0.928571428571429,0.892857142857143,0.892857142857143,0.857142857142857,0.857142857142857,0.785714285714286,0.785714285714286,0.75,0,0,0,0,0,0,0,0,2387,10.183817,2.63636870206701
"388",130,130,1,7.50013595518598,18.1185648372721,19.6416863295193,20.7582073068743,22.517982559128,24.1285214990228,27.4492739420009,28.7422838949438,31.5084193763116,1,1,1,1,1,1,1,1,0.928571428571429,0.892857142857143,0.892857142857143,0.857142857142857,0.857142857142857,0.821428571428571,0.785714285714286,0.75,0,0,0,0,0,0,0,0,2388,9.572006,2.07187004481402
"389",130,130,2,7.49190012478739,18.1103290068735,19.6334504991208,20.7499714764757,22.5097467287295,24.1202856686242,27.4410381116023,28.7340480645452,31.500183545913,1,1,1,1,1,1,1,1,0.928571428571429,0.892857142857143,0.892857142857143,0.857142857142857,0.857142857142857,0.821428571428571,0.785714285714286,0.75,0,0,0,0,0,0,0,0,2389,11.612391,4.12049087521261
"390",130,130,3,7.51936655610004,18.1377954381862,19.6609169304334,20.7774379077883,22.5372131600421,24.1477520999369,27.468504542915,28.7615144958578,31.5276499772257,0,0,0,1,1,1,1,1,0,0,0,1,1,0.958333333333333,0.916666666666667,0.875,0,0,0,0,0,0,0,0,2390,23.495212,15.9758454439
"391",131,131,1,7.70555068801489,18.3400236874528,19.8654465691272,20.9836545751175,22.7460887933043,24.3590612076837,27.6848312048107,28.9797948557678,31.7501098822234,1,1,1,1,1,1,1,1,0.928571428571429,0.892857142857143,0.892857142857143,0.857142857142857,0.857142857142857,0.821428571428571,0.785714285714286,0.75,1,1,1,0,0,0,0,0,2391,9.509657,1.80410631198511
"392",131,131,2,7.5058030294312,18.1402760288691,19.6656989105435,20.7839069165338,22.5463411347206,24.1593135491,27.485083546227,28.7800471971841,31.5503622236397,1,1,1,1,1,1,1,1,0.896551724137931,0.862068965517241,0.862068965517241,0.827586206896552,0.827586206896552,0.793103448275862,0.758620689655172,0.724137931034483,1,1,1,0,0,0,0,0,2392,9.24476,1.7389569705688
"393",131,131,3,7.50201965755101,18.1364926569889,19.6619155386633,20.7801235446536,22.5425577628404,24.1555301772198,27.4813001743468,28.7762638253039,31.5465788517595,1,1,1,1,1,1,1,1,1,0.961538461538462,0.961538461538462,0.923076923076923,0.923076923076923,0.884615384615385,0.846153846153846,0.807692307692308,0,0,0,0,0,0,0,0,2393,15.842986,8.34096634244899
"394",132,132,1,7.60949476736023,18.2471558988344,19.7730360903876,20.8915793264139,22.654541908629,24.267997879554,27.5947649165788,28.8901167875354,31.6612623328222,1,1,1,1,1,1,1,1,0.928571428571429,0.892857142857143,0.892857142857143,0.857142857142857,0.857142857142857,0.821428571428571,0.785714285714286,0.75,0,0,0,0,0,0,0,0,2394,11.704836,4.09534123263977
"395",132,132,2,7.54826348275954,18.1859246142337,19.7118048057869,20.8303480418132,22.5933106240283,24.2067665949533,27.5335336319781,28.8288855029347,31.6000310482215,1,1,1,1,1,1,1,1,0.928571428571429,0.892857142857143,0.892857142857143,0.857142857142857,0.857142857142857,0.821428571428571,0.785714285714286,0.75,0,0,0,0,0,0,0,0,2395,10.137237,2.58897351724046
"396",132,132,3,7.52506806922722,18.1627292007014,19.6886093922546,20.8071526282809,22.570115210496,24.183571181421,27.5103382184458,28.8056900894024,31.5768356346892,1,1,1,1,1,1,1,1,1,0.961538461538462,0.961538461538462,0.923076923076923,0.923076923076923,0.884615384615385,0.846153846153846,0.807692307692308,0,0,0,0,0,0,0,0,2396,17.060816,9.53574793077278
"397",133,133,1,7.64463568105,18.2881406182141,19.8148590529896,20.9340167614311,22.6979478282258,24.3122901521815,27.6408847507256,28.9369482240298,31.7096160998275,1,1,1,1,1,1,1,1,0.928571428571429,0.892857142857143,0.892857142857143,0.857142857142857,0.857142857142857,0.821428571428571,0.785714285714286,0.75,0,0,0,0,0,0,0,0,2397,11.299442,3.65480631895
"398",133,133,2,7.55404111642063,18.1975460535847,19.7242644883602,20.8434221968017,22.6073532635964,24.2216955875521,27.5502901860963,28.8463536594004,31.6190215351981,1,1,1,1,1,1,1,1,0.896551724137931,0.862068965517241,0.862068965517241,0.827586206896552,0.827586206896552,0.793103448275862,0.758620689655172,0.724137931034483,0,0,0,0,0,0,0,0,2398,8.211034,0.656992883579372
"399",133,133,3,7.50547753104015,18.1489824682042,19.6757009029798,20.7948586114212,22.558789678216,24.1731320021717,27.5017266007158,28.7977900740199,31.5704579498177,1,1,1,1,1,1,1,1,1,0.961538461538462,0.961538461538462,0.923076923076923,0.923076923076923,0.884615384615385,0.846153846153846,0.807692307692308,0,0,0,0,0,0,0,0,2399,15.673608,8.16813046895985
"400",134,134,1,7.63659031597259,18.2836000726158,19.8108212433361,20.9303474812949,22.6948593962218,24.3097333099551,27.6394239875875,28.9359142440363,31.7094951367808,1,1,1,1,1,1,1,1,0.928571428571429,0.892857142857143,0.892857142857143,0.857142857142857,0.857142857142857,0.821428571428571,0.785714285714286,0.75,0,0,0,0,0,0,0,0,2400,10.392742,2.75615168402741
"401",134,134,2,7.55006362029765,18.1970733769409,19.7242945476611,20.8438207856199,22.6083327005468,24.2232066142802,27.5528972919126,28.8493875483614,31.6229684411059,0,0,0,0,0,0,0,0,0,0,0,0,0,0,0,0,0,0,0,0,0,0,0,0,2401,42.52333,34.9732663797024
"402",134,134,3,8.07652151749347,18.7235312741367,20.250752444857,21.3702786828157,23.1347905977427,24.749664511476,28.0793551891084,29.3758454455572,32.1494263383017,1,1,1,1,1,1,1,1,1,0.961538461538462,0.961538461538462,0.923076923076923,0.923076923076923,0.884615384615385,0.846153846153846,0.807692307692308,1,1,1,1,1,1,1,1,2402,15.977494,7.90097248250653
"403",135,135,1,7.70609823920084,18.4331769929392,19.9718833665734,21.0998288081531,22.8776104300325,24.5046287239874,27.8593597649977,29.1656000523895,31.9600391809692,0,1,1,1,1,1,1,1,0,1,1,0.96,0.96,0.92,0.88,0.84,1,1,1,1,1,1,1,1,2403,21.193197,13.4870987607992
"404",135,135,2,7.81504216660782,18.5421209203462,20.0808272939804,21.20877273556,22.9865543574394,24.6135726513944,27.9683036924047,29.2745439797965,32.0689831083762,1,1,1,1,1,1,1,1,0.896551724137931,0.862068965517241,0.862068965517241,0.827586206896552,0.827586206896552,0.793103448275862,0.758620689655172,0.724137931034483,1,0,0,0,0,0,0,0,2404,8.653975,0.838932833392179
"405",135,135,3,7.55312692885215,18.2802056825905,19.8189120562247,20.9468574978044,22.7246391196838,24.3516574136387,27.706388454649,29.0126287420408,31.8070678706205,1,1,1,1,1,1,1,1,1,0.961538461538462,0.961538461538462,0.923076923076923,0.923076923076923,0.884615384615385,0.846153846153846,0.807692307692308,1,0,0,0,0,0,0,0,2405,15.938094,8.38496707114785
"406",136,136,1,7.7334884338182,18.4747803036772,20.0155254254987,21.1449653671103,22.9251025060143,24.5542765592839,27.913452536603,29.2214235603222,32.0195652521755,1,1,1,1,1,1,1,1,0.928571428571429,0.892857142857143,0.892857142857143,0.857142857142857,0.857142857142857,0.821428571428571,0.785714285714286,0.75,0,0,0,0,0,0,0,0,2406,9.75681,2.0233215661818
"407",136,136,2,7.59381723423201,18.335109104091,19.8758542259125,21.0052941675241,22.7854313064281,24.4146053596977,27.7737813370168,29.081752360736,31.8798940525893,1,1,1,1,1,1,1,1,0.896551724137931,0.862068965517241,0.862068965517241,0.827586206896552,0.827586206896552,0.793103448275862,0.758620689655172,0.724137931034483,0,0,0,0,0,0,0,0,2407,8.310304,0.716486765767987
"408",136,136,3,7.56113224059176,18.3024241104508,19.8431692322723,20.9726091738838,22.7527463127878,24.3819203660574,27.7410963433765,29.0490673670958,31.8472090589491,1,1,1,1,1,1,1,1,0.962962962962963,0.925925925925926,0.925925925925926,0.888888888888889,0.888888888888889,0.851851851851852,0.814814814814815,0.777777777777778,0,0,0,0,0,0,0,0,2408,15.217772,7.65663975940824
"409",137,137,1,7.72611282165828,18.4703636059876,20.0115331584168,21.1412842279846,22.9219117430559,24.5515345865399,27.9116359194427,29.2199672512548,32.0188797500131,1,1,1,1,1,1,1,1,0.928571428571429,0.892857142857143,0.892857142857143,0.857142857142857,0.857142857142857,0.821428571428571,0.785714285714286,0.75,0,0,0,0,0,0,0,0,2409,9.756631,2.03051817834172
"410",137,137,2,7.60039749619768,18.344648280527,19.8858178329562,21.015568902524,22.7961964175953,24.4258192610793,27.7859205939821,29.0942519257942,31.8931644245525,1,1,1,1,1,1,1,1,0.896551724137931,0.862068965517241,0.862068965517241,0.827586206896552,0.827586206896552,0.793103448275862,0.758620689655172,0.724137931034483,0,0,0,0,0,0,0,0,2410,8.30081,0.700412503802324
"411",137,137,3,7.56688453419443,18.3111353185238,19.852304870953,20.9820559405207,22.7626834555921,24.392306299076,27.7524076319788,29.0607389637909,31.8596514625493,1,1,1,1,1,1,1,1,0.962962962962963,0.925925925925926,0.925925925925926,0.888888888888889,0.888888888888889,0.851851851851852,0.814814814814815,0.777777777777778,0,0,0,0,0,0,0,0,2411,14.902686,7.33580146580557
"412",138,138,1,7.72601972027913,18.4721920209809,20.0136371982617,21.143590314042,22.9245362789515,24.5544505663935,27.9151528243728,29.2237181399335,32.0231311999966,1,1,1,1,1,1,1,1,0.928571428571429,0.892857142857143,0.892857142857143,0.857142857142857,0.857142857142857,0.821428571428571,0.785714285714286,0.75,0,0,0,0,0,0,0,0,2412,9.626172,1.90015227972087
"413",138,138,2,7.60456689571082,18.3507391964126,19.8921843736934,21.0221374894736,22.8030834543832,24.4329977418252,27.7936999998044,29.1022653153652,31.9016783754283,1,1,1,1,1,1,1,1,0.896551724137931,0.862068965517241,0.862068965517241,0.827586206896552,0.827586206896552,0.793103448275862,0.758620689655172,0.724137931034483,0,0,0,0,0,0,0,0,2413,8.002511,0.397944104289183
"414",138,138,3,7.56719407445204,18.3133663751538,19.8548115524346,20.9847646682149,22.7657106331244,24.3956249205664,27.7563271785457,29.0648924941064,31.8643055541695,1,1,1,1,1,1,1,1,1,0.961538461538462,0.961538461538462,0.923076923076923,0.923076923076923,0.884615384615385,0.846153846153846,0.807692307692308,0,0,0,0,0,0,0,0,2414,16.622325,9.05513092554796
"415",139,139,1,7.77608476961019,18.5259378542935,20.0679110081001,21.198251155952,22.9798071313096,24.6102796977585,27.9721330650529,29.2811465910199,32.0815185073586,0,0,0,0,0,0,1,1,0,0,0,0,0,0,1,0.954545454545455,0,0,0,0,0,0,0,0,2415,28.148793,20.3727082303898
"416",139,139,2,8.04483062593397,18.7946837106173,20.3366568644239,21.4669970122758,23.2485529876333,24.8790255540823,28.2408789213767,29.5498924473437,32.3502643636824,1,1,1,1,1,1,1,1,0.862068965517241,0.862068965517241,0.862068965517241,0.827586206896552,0.827586206896552,0.758620689655172,0.758620689655172,0.724137931034483,1,1,1,1,1,1,0,0,2416,8.062921,0.0180903740660305
"417",139,139,3,7.57651762054065,18.326370705224,19.8683438590306,20.9986840068825,22.78023998224,24.410712548689,27.7725659159834,29.0815794419504,31.8819513582891,1,1,1,1,1,1,1,1,1,0.961538461538462,0.961538461538462,0.923076923076923,0.923076923076923,0.884615384615385,0.846153846153846,0.807692307692308,1,1,1,1,1,1,0,0,2417,15.745412,8.16889437945935
"418",140,140,1,7.78907320298088,18.5674601868691,20.1135262809421,21.2468667499697,23.0331516028504,24.6679520182012,28.0387289293216,29.3512170385888,32.1590221290711,1,1,1,1,1,1,1,1,0.928571428571429,0.892857142857143,0.892857142857143,0.857142857142857,0.857142857142857,0.821428571428571,0.785714285714286,0.75,0,0,0,0,0,0,0,0,2418,10.526147,2.73707379701912
"419",140,140,2,7.65625628945844,18.4346432733467,19.9807093674196,21.1140498364473,22.9003346893279,24.5351351046787,27.9059120157992,29.2184001250663,32.0262052155487,1,1,1,1,1,1,1,1,0.896551724137931,0.862068965517241,0.862068965517241,0.827586206896552,0.827586206896552,0.793103448275862,0.758620689655172,0.724137931034483,0,0,0,0,0,0,0,0,2419,8.443172,0.786915710541562
"420",140,140,3,7.60324991587051,18.3816368997588,19.9277029938317,21.0610434628594,22.84732831574,24.4821287310908,27.8529056422112,29.1653937514784,31.9731988419608,1,1,1,1,1,1,1,1,1,0.961538461538462,0.961538461538462,0.923076923076923,0.923076923076923,0.884615384615385,0.846153846153846,0.807692307692308,0,0,0,0,0,0,0,0,2420,16.124662,8.52141208412949
"421",141,141,1,7.81065778474644,18.5929459949052,20.1395716860376,21.273322366502,23.060253763379,24.6956458930871,28.0676428535023,29.3806060165135,32.1894273892093,1,1,1,1,1,1,1,1,0.928571428571429,0.892857142857143,0.892857142857143,0.857142857142857,0.857142857142857,0.821428571428571,0.785714285714286,0.75,0,0,0,0,0,0,0,0,2421,10.199456,2.38879821525356
"422",141,141,2,7.65656812824114,18.4388563383999,19.9854820295323,21.1192327099968,22.9061641068737,24.5415562365818,27.913553196997,29.2265163600082,32.035337732704,1,1,1,1,1,1,1,1,0.896551724137931,0.862068965517241,0.862068965517241,0.827586206896552,0.827586206896552,0.793103448275862,0.758620689655172,0.724137931034483,0,0,0,0,0,0,0,0,2422,9.366594,1.71002587175886
"423",141,141,3,7.63490889487503,18.4171971050338,19.9638227961662,21.0975734766306,22.8845048735076,24.5198970032157,27.8918939636309,29.2048571266421,32.0136784993379,1,1,1,1,1,1,1,1,1,0.961538461538462,0.961538461538462,0.923076923076923,0.923076923076923,0.884615384615385,0.846153846153846,0.807692307692308,0,0,0,0,0,0,0,0,2423,17.121559,9.48665010512497
"424",142,142,1,7.85204158261625,18.6388191668445,20.1860888197351,21.3203115549998,23.1079869686681,24.7440600194272,28.117460963433,29.43097079916,32.2409616684961,1,1,1,1,1,1,1,1,0.928571428571429,0.892857142857143,0.892857142857143,0.857142857142857,0.857142857142857,0.821428571428571,0.785714285714286,0.75,0,0,0,0,0,0,0,0,2424,9.905001,2.05295941738375
"425",142,142,2,7.66049349490789,18.4472710791362,19.9945407320268,21.1287634672914,22.9164388809597,24.5525119317189,27.9259128757246,29.2394227114517,32.0494135807878,1,1,1,1,1,1,1,1,0.896551724137931,0.862068965517241,0.862068965517241,0.827586206896552,0.827586206896552,0.793103448275862,0.758620689655172,0.724137931034483,0,0,0,0,0,0,0,0,2425,8.730505,1.07001150509211
"426",142,142,3,7.6293190121668,18.4160965963951,19.9633662492857,21.0975889845503,22.8852643982186,24.5213374489778,27.8947383929835,29.2082482287106,32.0182390980467,1,1,1,1,1,1,1,1,0.962962962962963,0.925925925925926,0.925925925925926,0.888888888888889,0.888888888888889,0.851851851851852,0.814814814814815,0.777777777777778,0,0,0,0,0,0,0,0,2426,15.430201,7.8008819878332
"427",143,143,1,7.8179528644765,18.607276805874,20.1549117116071,21.2894021946927,23.077499612066,24.7139588788484,28.0881561574046,29.4019760639717,32.2126302676855,0,0,0,0,0,1,1,1,0,0,0,0,0,1,0.956521739130435,0.91304347826087,0,0,0,0,0,0,0,0,2427,27.282444,19.4644911355235
"428",143,143,2,8.13580994223915,18.9251338836367,20.4727687893697,21.6072592724553,23.3953566898286,25.031815956611,28.4060132351673,29.7198331417344,32.5304873454481,1,1,1,1,1,1,1,1,0.862068965517241,0.862068965517241,0.862068965517241,0.827586206896552,0.793103448275862,0.758620689655172,0.758620689655172,0.724137931034483,1,1,1,1,1,0,0,0,2428,8.630333,0.494523057760855
"429",143,143,3,7.63559192472427,18.4249158661218,19.9725507718548,21.1070412549404,22.8951386723138,24.5315979390962,27.9057952176524,29.2196151242195,32.0302693279333,1,1,1,1,1,1,1,1,0.928571428571429,0.892857142857143,0.892857142857143,0.857142857142857,0.857142857142857,0.821428571428571,0.785714285714286,0.75,1,1,1,1,1,0,0,0,2429,10.84078,3.20518807527573
"430",144,144,1,7.71412032821256,18.5260030439182,20.0768738100944,21.2137363338103,23.0055723808048,24.6454532257569,28.0267054185313,29.3432723152633,32.1598031535266,1,1,1,1,1,1,1,1,0.928571428571429,0.892857142857143,0.892857142857143,0.857142857142857,0.857142857142857,0.821428571428571,0.785714285714286,0.75,0,0,0,0,0,0,0,0,2430,9.971097,2.25697667178744
"431",144,144,2,7.68933542362806,18.5012181393337,20.0520889055099,21.1889514292258,22.9807874762203,24.6206683211724,28.0019205139468,29.3184874106788,32.1350182489421,1,1,1,1,1,1,1,1,0.896551724137931,0.862068965517241,0.862068965517241,0.827586206896552,0.827586206896552,0.793103448275862,0.758620689655172,0.724137931034483,0,0,0,0,0,0,0,0,2431,8.708604,1.01926857637194
"432",144,144,3,7.6533559132276,18.4652386289333,20.0161093951094,21.1529719188253,22.9448079658198,24.5846888107719,27.9659410035463,29.2825079002784,32.0990387385416,1,1,1,1,1,1,1,1,0.928571428571429,0.892857142857143,0.892857142857143,0.857142857142857,0.857142857142857,0.821428571428571,0.785714285714286,0.75,0,0,0,0,0,0,0,0,2432,12.062038,4.40868208677241
"433",145,145,1,7.75599514599713,18.5678657143564,20.1187347381011,21.2555959845314,23.0474300183655,24.6873090208818,28.0685574147579,29.3851228323032,32.201650506143,1,1,1,1,1,1,1,1,0.896551724137931,0.862068965517241,0.862068965517241,0.827586206896552,0.827586206896552,0.793103448275862,0.758620689655172,0.724137931034483,0,0,0,0,0,0,0,0,2433,8.81502,1.05902485400288
"434",145,145,2,7.66256658364699,18.4744371520063,20.025306175751,21.1621674221812,22.9540014560154,24.5938804585316,27.9751288524078,29.2916942699531,32.1082219437928,1,1,1,1,1,1,1,1,0.896551724137931,0.862068965517241,0.862068965517241,0.827586206896552,0.827586206896552,0.793103448275862,0.758620689655172,0.724137931034483,0,0,0,0,0,0,0,0,2434,9.011995,1.34942841635301
"435",145,145,3,7.66823427353011,18.4801048418894,20.0309738656341,21.1678351120643,22.9596691458985,24.5995481484148,27.9807965422909,29.2973619598362,32.113889633676,1,1,1,1,1,1,1,1,0.962962962962963,0.925925925925926,0.925925925925926,0.888888888888889,0.888888888888889,0.851851851851852,0.814814814814815,0.777777777777778,0,0,0,0,0,0,0,0,2435,12.520152,4.85191772646989
"436",146,146,1,7.77646652378085,18.5882128506462,20.1390640530266,21.2759122355436,23.0677256790335,24.7075858373529,28.0887953765879,29.4053456652011,32.2218409737251,1,1,1,1,1,1,1,1,0.928571428571429,0.892857142857143,0.892857142857143,0.857142857142857,0.857142857142857,0.821428571428571,0.785714285714286,0.75,0,0,0,0,0,0,0,0,2436,9.48214,1.70567347621915
"437",146,146,2,7.6885659374054,18.5003122642708,20.0511634666512,21.1880116491681,22.979825092658,24.6196852509774,28.0008947902124,29.3174450788257,32.1339403873496,1,1,1,1,1,1,1,1,0.896551724137931,0.862068965517241,0.862068965517241,0.827586206896552,0.827586206896552,0.793103448275862,0.758620689655172,0.724137931034483,0,0,0,0,0,0,0,0,2437,9.373193,1.6846270625946
"438",146,146,3,7.68541370983558,18.497160036701,20.0480112390813,21.1848594215983,22.9766728650882,24.6165330234076,27.9977425626426,29.3142928512559,32.1307881597798,1,1,1,1,1,1,1,1,0.928571428571429,0.892857142857143,0.892857142857143,0.857142857142857,0.857142857142857,0.821428571428571,0.785714285714286,0.75,0,0,0,0,0,0,0,0,2438,11.37997,3.69455629016442
"439",147,147,1,7.75188526061066,18.5631599804245,20.1139435348652,21.2507421282035,23.0424774130103,24.6822660408303,28.063328092119,29.3798209529698,32.1961934063131,0,0,0,0,0,1,1,1,0,0,0,0,0,1,0.956521739130435,0.91304347826087,0,0,0,0,0,0,0,0,2439,26.727321,18.9754357393893
"440",147,147,2,8.20018407800644,19.0114587978202,20.5622423522609,21.6990409455993,23.4907762304061,25.1305648582261,28.5116269095148,29.8281197703656,32.6444922237089,1,1,1,1,1,1,1,1,0.862068965517241,0.862068965517241,0.862068965517241,0.827586206896552,0.793103448275862,0.758620689655172,0.758620689655172,0.724137931034483,1,1,1,1,1,0,0,0,2440,8.922237,0.722052921993557
"441",147,147,3,7.68009444815224,18.491369167966,20.0421527224067,21.1789513157451,22.9706866005519,24.6104752283719,27.9915372796606,29.3080301405114,32.1244025938547,1,1,1,1,1,1,1,1,0.928571428571429,0.892857142857143,0.892857142857143,0.857142857142857,0.857142857142857,0.821428571428571,0.785714285714286,0.75,1,1,1,1,1,0,0,0,2441,12.276804,4.59670955184776
"442",148,148,1,7.79650122774874,18.6294899953951,20.1833882415953,21.3224700531176,23.1178039723764,24.7608860553738,28.1487388454984,29.4678758338636,32.2899048677444,1,1,1,1,1,1,1,1,0.896551724137931,0.862068965517241,0.862068965517241,0.827586206896552,0.827586206896552,0.758620689655172,0.758620689655172,0.724137931034483,0,0,0,0,0,0,0,0,2442,8.975485,1.17898377225126
"443",148,148,2,7.69865012303928,18.5316388906856,20.0855371368858,21.2246189484081,23.019952867667,24.6630349506643,28.050887740789,29.3700247291541,32.192053763035,1,1,1,1,1,1,1,1,0.928571428571429,0.892857142857143,0.892857142857143,0.857142857142857,0.857142857142857,0.821428571428571,0.785714285714286,0.75,0,0,0,0,0,0,0,0,2443,9.683664,1.98501387696072
"444",148,148,3,7.71964055064777,18.5526293182941,20.1065275644943,21.2456093760166,23.0409432952755,24.6840253782728,28.0718781683975,29.3910151567626,32.2130441906435,1,1,1,1,1,1,1,1,0.928571428571429,0.892857142857143,0.892857142857143,0.857142857142857,0.857142857142857,0.821428571428571,0.785714285714286,0.75,0,0,0,0,0,0,0,0,2444,11.316925,3.59728444935223
"445",149,149,1,7.77419261243776,18.6071633536058,20.1610590140641,21.3001389301137,23.0954698618732,24.7385492107235,28.1263963633407,29.4455311566151,32.2675554945393,1,1,1,1,1,1,1,1,0.896551724137931,0.862068965517241,0.862068965517241,0.827586206896552,0.827586206896552,0.758620689655172,0.758620689655172,0.724137931034483,0,0,0,0,0,0,0,0,2445,8.845616,1.07142338756224
"446",149,149,2,7.69966004210106,18.5326307832691,20.0865264437274,21.225606359777,23.0209372915365,24.6640166403868,28.051863793004,29.3709985862784,32.1930229242026,1,1,1,1,1,1,1,1,0.896551724137931,0.862068965517241,0.862068965517241,0.827586206896552,0.827586206896552,0.793103448275862,0.758620689655172,0.724137931034483,0,0,0,0,0,0,0,0,2446,9.063114,1.36345395789894
"447",149,149,3,7.7062195961605,18.5391903373285,20.0930859977868,21.2321659138365,23.0274968455959,24.6705761944463,28.0584233470635,29.3775581403378,32.199582478262,1,1,1,1,1,1,1,1,0.928571428571429,0.892857142857143,0.892857142857143,0.857142857142857,0.857142857142857,0.821428571428571,0.785714285714286,0.75,0,0,0,0,0,0,0,0,2447,11.750882,4.0446624038395
"448",150,150,1,7.7942620840473,18.6264905712856,20.1802797618578,21.3192816303835,23.1144895495851,24.7574563178578,28.1450713418261,29.464115750569,32.2859467289148,1,1,1,1,1,1,1,1,0.928571428571429,0.892857142857143,0.892857142857143,0.857142857142857,0.857142857142857,0.785714285714286,0.785714285714286,0.75,0,0,0,0,0,0,0,0,2448,10.266526,2.4722639159527
"449",150,150,2,7.7492683301486,18.5814968173869,20.1352860079591,21.2742878764847,23.0694957956864,24.7124625639591,28.1000775879274,29.4191219966703,32.2409529750161,1,1,1,1,1,1,1,1,0.928571428571429,0.892857142857143,0.892857142857143,0.857142857142857,0.857142857142857,0.821428571428571,0.785714285714286,0.75,0,0,0,0,0,0,0,0,2449,9.774197,2.0249286698514
"450",150,150,3,7.73434486848361,18.5665733557219,20.1203625462941,21.2593644148198,23.0545723340214,24.6975391022941,28.0851541262624,29.4041985350053,32.2260295133512,1,1,1,1,1,1,1,1,0.928571428571429,0.892857142857143,0.892857142857143,0.857142857142857,0.857142857142857,0.821428571428571,0.785714285714286,0.75,0,0,0,0,0,0,0,0,2450,12.4902,4.75585513151639
"451",151,151,1,7.82313962909263,18.6556522001432,20.2094821400735,21.3485138798296,23.1437688797875,24.7867787361712,28.1744826030393,29.4935616047715,32.3154665878804,1,1,1,1,1,1,1,1,1,0.961538461538462,0.961538461538462,0.923076923076923,0.923076923076923,0.846153846153846,0.846153846153846,0.807692307692308,0,0,0,0,0,0,0,0,2451,17.859641,10.0365013709074
"452",151,151,2,7.9860846268889,18.8185971979395,20.3724271378697,21.5114588776258,23.3067138775837,24.9497237339674,28.3374276008356,29.6565066025678,32.4784115856767,1,1,1,1,1,1,1,1,0.862068965517241,0.862068965517241,0.862068965517241,0.827586206896552,0.827586206896552,0.758620689655172,0.758620689655172,0.724137931034483,0,0,0,0,0,0,0,0,2452,8.848868,0.862783373111099
"453",151,151,3,7.71263709545542,18.545149666506,20.0989796064363,21.2380113461924,23.0332663461503,24.676276202534,28.0639800694021,29.3830590711343,32.2049640542432,1,1,1,1,1,1,1,1,0.928571428571429,0.892857142857143,0.892857142857143,0.857142857142857,0.857142857142857,0.821428571428571,0.785714285714286,0.75,0,0,0,0,0,0,0,0,2453,12.322654,4.61001690454458
"454",152,152,1,7.83135081986842,18.6696885341723,20.2243540403603,21.3639982901883,23.1602186818301,24.8041120606392,28.1936376526329,29.513425984181,32.3368484361749,1,1,1,1,1,1,1,1,0.928571428571429,0.892857142857143,0.892857142857143,0.857142857142857,0.857142857142857,0.785714285714286,0.785714285714286,0.75,0,0,0,0,0,0,0,0,2454,10.81975,2.98839918013158
"455",152,152,2,7.78490229802591,18.6232400123298,20.1779055185178,21.3175497683458,23.1137701599876,24.7576635387966,28.1471891307904,29.4669774623385,32.2903999143324,1,1,1,1,1,1,1,1,0.896551724137931,0.862068965517241,0.862068965517241,0.827586206896552,0.827586206896552,0.758620689655172,0.758620689655172,0.724137931034483,0,0,0,0,0,0,0,0,2455,9.186331,1.40142870197409
"456",152,152,3,7.73442009949596,18.5727578137998,20.1274233199878,21.2670675698159,23.0632879614576,24.7071813402667,28.0967069322604,29.4164952638085,32.2399177158025,1,1,1,1,1,1,1,1,0.928571428571429,0.892857142857143,0.892857142857143,0.857142857142857,0.857142857142857,0.821428571428571,0.785714285714286,0.75,0,0,0,0,0,0,0,0,2456,11.307026,3.57260590050404
"457",153,153,1,7.80671159460384,18.6451741002794,20.199857506707,21.3395148782676,23.135755951384,24.779668257792,28.1692328763929,29.4890364038318,32.3124913643866,1,1,1,1,1,1,1,1,0.896551724137931,0.862068965517241,0.862068965517241,0.827586206896552,0.827586206896552,0.758620689655172,0.758620689655172,0.724137931034483,0,0,0,0,0,0,0,0,2457,9.250976,1.44426440539616
"458",153,153,2,7.7418000648972,18.5802625705728,20.1349459770003,21.274603348561,23.0708444216774,24.7147567280854,28.1043213466863,29.4241248741252,32.24757983468,1,1,1,1,1,1,1,1,0.896551724137931,0.862068965517241,0.862068965517241,0.827586206896552,0.827586206896552,0.793103448275862,0.758620689655172,0.724137931034483,0,0,0,0,0,0,0,0,2458,9.27625,1.5344499351028
"459",153,153,3,7.74259799004581,18.5810604957214,20.135743902149,21.2754012737096,23.071642346826,24.715554653234,28.1051192718349,29.4249227992738,32.2483777598286,1,1,1,1,1,1,1,1,0.928571428571429,0.892857142857143,0.892857142857143,0.857142857142857,0.857142857142857,0.821428571428571,0.785714285714286,0.75,0,0,0,0,0,0,0,0,2459,11.869201,4.12660300995419
"460",154,154,1,7.83108626757469,18.6690942112705,20.2237124147261,21.3633219893865,23.1594877286723,24.8033310898741,28.1927535511161,29.5125017263772,32.3358382720483,1,1,1,1,1,1,1,1,0.896551724137931,0.862068965517241,0.862068965517241,0.827586206896552,0.827586206896552,0.758620689655172,0.758620689655172,0.724137931034483,0,0,0,0,0,0,0,0,2460,9.131626,1.30053973242531
"461",154,154,2,7.74460181839919,18.582609762095,20.1372279655506,21.276837540211,23.0730032794968,24.7168466406986,28.1062691019406,29.4260172772017,32.2493538228728,1,1,1,1,1,1,1,1,0.928571428571429,0.892857142857143,0.892857142857143,0.857142857142857,0.857142857142857,0.821428571428571,0.785714285714286,0.75,0,0,0,0,0,0,0,0,2461,9.75452,2.00991818160081
"462",154,154,3,7.76428005351046,18.6022879972063,20.1569062006619,21.2965157753222,23.092681514608,24.7365248758099,28.1259473370519,29.445695512313,32.2690320579841,1,1,1,1,1,1,1,1,0.928571428571429,0.892857142857143,0.892857142857143,0.857142857142857,0.857142857142857,0.785714285714286,0.785714285714286,0.75,0,0,0,0,0,0,0,0,2462,12.054697,4.29041694648955
"463",155,155,1,7.8449151307065,18.6827421662849,20.2373344200406,21.3769249723287,23.1730607300012,24.8168766521562,28.2062425371307,29.5259686831444,32.3492581016587,0,0,0,1,1,1,1,1,0,0,0,1,1,0.916666666666667,0.916666666666667,0.875,0,0,0,0,0,0,0,0,2463,23.66541,15.8204948692935
"464",155,155,2,8.21600422157375,19.0538312571521,20.6084235109079,21.7480140631959,23.5441498208684,25.1879657430234,28.577331627998,29.8970577740116,32.720347192526,1,1,1,1,1,1,1,1,0.862068965517241,0.862068965517241,0.862068965517241,0.827586206896552,0.793103448275862,0.758620689655172,0.758620689655172,0.724137931034483,1,1,1,0,0,0,0,0,2464,8.860675,0.644670778426253
"465",155,155,3,7.74283124316316,18.5806582787415,20.1352505324973,21.2748410847853,23.0709768424578,24.7147927646128,28.1041586495874,29.423884795601,32.2471742141154,1,1,1,1,1,1,1,1,0.928571428571429,0.892857142857143,0.892857142857143,0.857142857142857,0.857142857142857,0.821428571428571,0.785714285714286,0.75,1,1,1,0,0,0,0,0,2465,9.623121,1.88028975683684
"466",156,156,1,7.78136983469501,18.6332211456215,20.1898250599942,21.3308902558281,23.1293502342458,24.7752932734915,28.1690450376898,29.4904789248213,32.3174217129699,1,1,1,1,1,1,1,1,0.896551724137931,0.862068965517241,0.862068965517241,0.827586206896552,0.827586206896552,0.758620689655172,0.758620689655172,0.724137931034483,0,0,0,0,0,0,0,0,2466,9.253886,1.47251616530499
"467",156,156,2,7.76929339219634,18.6211447031228,20.1777486174956,21.3188138133295,23.1172737917471,24.7632168309928,28.1569685951912,29.4784024823226,32.3053452704712,1,1,1,1,1,1,1,1,0.896551724137931,0.862068965517241,0.862068965517241,0.827586206896552,0.827586206896552,0.758620689655172,0.758620689655172,0.724137931034483,0,0,0,0,0,0,0,0,2467,8.879048,1.10975460780366
"468",156,156,3,7.75703369429848,18.608885005225,20.1654889195977,21.3065541154316,23.1050140938493,24.750957133095,28.1447088972933,29.4661427844248,32.2930855725733,1,1,1,1,1,1,1,1,0.928571428571429,0.892857142857143,0.892857142857143,0.857142857142857,0.857142857142857,0.785714285714286,0.785714285714286,0.75,0,0,0,0,0,0,0,0,2468,10.868045,3.11101130570152
"469",157,157,1,7.82764198556673,18.6785128814666,20.2349761638103,21.3759382696338,23.1742357654356,24.8200301012719,28.2134752555536,29.5347897571901,32.361477144015,1,1,1,1,1,1,1,1,0.928571428571429,0.892857142857143,0.892857142857143,0.857142857142857,0.857142857142857,0.785714285714286,0.785714285714286,0.75,0,0,0,0,0,0,0,0,2469,9.500308,1.67266601443327
"470",157,157,2,7.78256800973796,18.6334389056378,20.1899021879815,21.330864293805,23.1291617896069,24.7749561254431,28.1684012797248,29.4897157813613,32.3164031681862,1,1,1,1,1,1,1,1,0.928571428571429,0.892857142857143,0.892857142857143,0.857142857142857,0.857142857142857,0.785714285714286,0.785714285714286,0.75,0,0,0,0,0,0,0,0,2470,9.797909,2.01534099026204
"471",157,157,3,7.79237549486165,18.6432463907615,20.1997096731052,21.3406717789287,23.1389692747305,24.7847636105668,28.1782087648485,29.499523266485,32.3262106533099,1,1,1,1,1,1,1,1,0.928571428571429,0.892857142857143,0.892857142857143,0.857142857142857,0.857142857142857,0.785714285714286,0.785714285714286,0.75,0,0,0,0,0,0,0,0,2471,12.476051,4.68367550513835
"472",158,158,1,7.88931518076575,18.740032824146,20.2964741237454,21.4374201151649,23.2356922126716,24.8814633040944,28.274860530977,29.5961563709983,32.4228038350402,1,1,1,1,1,1,1,1,0.896551724137931,0.862068965517241,0.862068965517241,0.827586206896552,0.827586206896552,0.758620689655172,0.758620689655172,0.724137931034483,0,0,0,0,0,0,0,0,2472,9.1968,1.30748481923425
"473",158,158,2,7.78063305600728,18.6313506993875,20.187791998987,21.3287379904065,23.1270100879131,24.772781179336,28.1661784062185,29.4874742462399,32.3141217102818,1,1,1,1,1,1,1,1,0.896551724137931,0.862068965517241,0.862068965517241,0.827586206896552,0.827586206896552,0.758620689655172,0.758620689655172,0.724137931034483,0,0,0,0,0,0,0,0,2473,9.352869,1.57223594399272
"474",158,158,3,7.78580555135117,18.6365231947314,20.1929644943308,21.3339104857503,23.132182583257,24.7779536746798,28.1713509015624,29.4926467415838,32.3192942056256,0,0,0,0,0,1,1,1,0,0,0,0,0,1,1,0.954545454545455,0,0,0,0,0,0,0,0,2474,28.239859,20.4540534486488
"475",159,159,1,8.43487377686239,19.3100854680374,20.8700402262702,22.0135617510842,23.8158932079947,25.465379408141,28.8664367766467,30.1907152657905,33.0237435094599,0,0,1,1,1,1,1,1,0,0,1,1,0.958333333333333,0.916666666666667,0.916666666666667,0.875,1,1,1,1,1,0,0,0,2475,23.907746,15.4728722231376
"476",159,159,2,8.28948553135369,19.1646972225287,20.7246519807615,21.8681735055755,23.670504962486,25.3199911626323,28.721048531138,30.0453270202818,32.8783552639512,1,1,1,1,1,1,1,1,0.961538461538462,0.961538461538462,0.961538461538462,0.923076923076923,0.884615384615385,0.846153846153846,0.846153846153846,0.807692307692308,1,1,1,1,1,0,0,0,2476,15.634065,7.34457946864631
"477",159,159,3,8.01181595890979,18.8870276500848,20.4469824083176,21.5905039331316,23.3928353900421,25.0423215901884,28.4433789586941,29.7676574478379,32.6006856915074,1,1,1,1,1,1,1,1,0.892857142857143,0.892857142857143,0.892857142857143,0.857142857142857,0.821428571428571,0.785714285714286,0.785714285714286,0.75,1,1,0,0,0,0,0,0,2477,11.603335,3.59151904109021
"478",160,160,1,7.91320394743656,18.8050659909987,20.3674090978146,21.5126813964886,23.3177722896959,24.9697839143829,28.376048427842,29.7023544364612,32.5397201514296,1,1,1,1,1,1,1,1,0.892857142857143,0.892857142857143,0.892857142857143,0.857142857142857,0.857142857142857,0.785714285714286,0.785714285714286,0.75,0,0,0,0,0,0,0,0,2478,11.431159,3.51795505256344
"479",160,160,2,7.90652368014446,18.7983857237066,20.3607288305225,21.5060011291965,23.3110920224037,24.9631036470908,28.3693681605499,29.6956741691691,32.5330398841375,1,1,1,1,1,1,1,1,0.892857142857143,0.892857142857143,0.892857142857143,0.857142857142857,0.857142857142857,0.785714285714286,0.785714285714286,0.75,0,0,0,0,0,0,0,0,2479,10.218739,2.31221531985554
"480",160,160,3,7.85948292144236,18.7513449650045,20.3136880718204,21.4589603704944,23.2640512637016,24.9160628883887,28.3223274018478,29.648633410467,32.4859991254353,1,1,1,1,1,1,1,1,0.925925925925926,0.925925925925926,0.925925925925926,0.888888888888889,0.888888888888889,0.814814814814815,0.814814814814815,0.777777777777778,0,0,0,0,0,0,0,0,2480,12.50529,4.64580707855764
"481",161,161,1,7.96136241559567,18.8538405754752,20.416272058831,21.5616091417401,23.3668021429202,25.0189072163963,28.4253644108809,29.7517454442085,32.5892716594943,1,1,1,1,1,1,1,1,0.892857142857143,0.892857142857143,0.892857142857143,0.857142857142857,0.821428571428571,0.785714285714286,0.785714285714286,0.75,0,0,0,0,0,0,0,0,2481,10.24833,2.28696758440433
"482",161,161,2,7.87144330687515,18.7639214667547,20.3263529501105,21.4716900330196,23.2768830341997,24.9289881076758,28.3354453021604,29.661826335488,32.4993525507737,1,1,1,1,1,1,1,1,0.892857142857143,0.892857142857143,0.892857142857143,0.857142857142857,0.857142857142857,0.785714285714286,0.785714285714286,0.75,0,0,0,0,0,0,0,0,2482,10.778283,2.90683969312485
"483",161,161,3,7.89255706229118,18.7850352221707,20.3474667055265,21.4928037884356,23.2979967896157,24.9501018630918,28.3565590575764,29.682940090904,32.5204663061898,1,1,1,1,1,1,1,1,0.925925925925926,0.925925925925926,0.925925925925926,0.888888888888889,0.888888888888889,0.814814814814815,0.814814814814815,0.777777777777778,0,0,0,0,0,0,0,0,2483,13.305233,5.41267593770882
"484",162,162,1,7.99583031197724,18.8227457345621,20.3757728121087,21.5142160152983,23.3085434087843,24.9507043236102,28.3366577672615,29.6550552021862,32.4755021097984,1,1,1,1,1,1,1,1,0.892857142857143,0.892857142857143,0.892857142857143,0.857142857142857,0.857142857142857,0.785714285714286,0.785714285714286,0.75,0,0,0,0,0,0,0,0,2484,10.536349,2.54051868802276
"485",162,162,2,7.87963322826282,18.7065486508477,20.2595757283942,21.3980189315839,23.1923463250698,24.8345072398957,28.220460683547,29.5388581184717,32.359305026084,1,1,1,1,1,1,1,1,0.928571428571429,0.892857142857143,0.892857142857143,0.857142857142857,0.857142857142857,0.785714285714286,0.785714285714286,0.75,0,0,0,0,0,0,0,0,2485,10.199228,2.31959477173718
"486",162,162,3,7.86548583997971,18.6924012625646,20.2454283401111,21.3838715433008,23.1781989367867,24.8203598516126,28.2063132952639,29.5247107301886,32.3451576378009,1,1,1,1,1,1,1,1,0.928571428571429,0.892857142857143,0.892857142857143,0.857142857142857,0.857142857142857,0.785714285714286,0.785714285714286,0.75,0,0,0,0,0,0,0,0,2486,12.137125,4.27163916002029
"487",163,163,1,7.95540694593924,18.780868664416,20.3336872207213,21.4719775678576,23.2660640412845,24.9080044670814,28.2935032868404,29.6117237036864,32.43179191662,0,0,0,1,1,1,1,1,0,0,0,1,1,0.916666666666667,0.916666666666667,0.875,0,0,0,0,0,0,0,0,2487,22.939957,14.9845500540608
"488",163,163,2,8.41322923568421,19.238690954161,20.7915095104663,21.9297998576026,23.7238863310295,25.3658267568264,28.7513255765854,30.0695459934313,32.889614206365,1,1,1,1,1,1,1,1,0.892857142857143,0.892857142857143,0.857142857142857,0.857142857142857,0.821428571428571,0.785714285714286,0.785714285714286,0.75,1,1,1,0,0,0,0,0,2488,10.87372,2.46049076431579
"489",163,163,3,7.90186404441349,18.7273257628902,20.2801443191955,21.4184346663319,23.2125211397587,24.8544615655557,28.2399603853147,29.5581808021606,32.3782490150942,1,1,1,1,1,1,1,1,0.928571428571429,0.892857142857143,0.892857142857143,0.857142857142857,0.857142857142857,0.785714285714286,0.785714285714286,0.75,1,1,1,0,0,0,0,0,2489,11.755292,3.85342795558651
"490",164,164,1,7.95655941909467,18.7949976677092,20.3496775946718,21.4893324156181,23.2855694686505,24.9294780958945,28.3190351284678,29.6388357021156,32.4622843436265,1,1,1,1,1,1,1,1,0.892857142857143,0.892857142857143,0.892857142857143,0.857142857142857,0.857142857142857,0.785714285714286,0.785714285714286,0.75,0,0,0,0,0,0,0,0,2490,10.636006,2.67944658090533
"491",164,164,2,7.90796167111519,18.7463999197298,20.3010798466924,21.4407346676386,23.236971720671,24.8808803479151,28.2704373804883,29.5902379541361,32.413686595647,1,1,1,1,1,1,1,1,0.928571428571429,0.892857142857143,0.892857142857143,0.857142857142857,0.857142857142857,0.785714285714286,0.785714285714286,0.75,0,0,0,0,0,0,0,0,2491,11.367793,3.45983132888481
"492",164,164,3,7.93973478379654,18.7781730324111,20.3328529593737,21.47250778032,23.2687448333524,24.9126534605964,28.3022104931697,29.6220110668174,32.4454597083284,1,1,1,1,1,1,1,1,0.892857142857143,0.892857142857143,0.892857142857143,0.857142857142857,0.857142857142857,0.785714285714286,0.785714285714286,0.75,0,0,0,0,0,0,0,0,2492,12.020397,4.08066221620346
"493",165,165,1,7.9788728877837,18.8169419362322,20.3715689046344,21.5111849044203,23.3073607704991,24.9512133996995,28.3406549705254,29.6604105865344,32.4837630501936,1,1,1,1,1,1,1,1,0.892857142857143,0.892857142857143,0.892857142857143,0.857142857142857,0.857142857142857,0.785714285714286,0.785714285714286,0.75,0,0,0,0,0,0,0,0,2493,9.592825,1.6139521122163
"494",165,165,2,7.87202739113899,18.7100964395875,20.2647234079897,21.4043394077756,23.2005152738544,24.8443679030548,28.2338094738807,29.5535650898897,32.3769175535489,1,1,1,1,1,1,1,1,0.928571428571429,0.892857142857143,0.892857142857143,0.857142857142857,0.857142857142857,0.785714285714286,0.785714285714286,0.75,0,0,0,0,0,0,0,0,2494,10.226779,2.35475160886101
"495",165,165,3,7.89992980967895,18.7379988581275,20.2926258265296,21.4322418263155,23.2284176923943,24.8722703215947,28.2617118924206,29.5814675084297,32.4048199720889,1,1,1,1,1,1,1,1,0.928571428571429,0.892857142857143,0.892857142857143,0.857142857142857,0.857142857142857,0.785714285714286,0.785714285714286,0.75,0,0,0,0,0,0,0,0,2495,11.320208,3.42027819032105
"496",166,166,1,7.95583427085916,18.7929177054836,20.3474032961344,21.4869156592596,23.2829281811342,24.9266313184031,28.3157646534673,29.635400250922,32.4584959589537,1,1,1,1,1,1,1,1,0.892857142857143,0.892857142857143,0.892857142857143,0.857142857142857,0.857142857142857,0.785714285714286,0.785714285714286,0.75,0,0,0,0,0,0,0,0,2496,9.792332,1.83649772914084
"497",166,166,2,7.88848627462213,18.7255697092466,20.2800552998973,21.4195676630226,23.2155801848972,24.8592833221661,28.2484166572303,29.5680522546849,32.3911479627167,0,0,0,0,0,0,0,0,0,0,0,0,0,0,0,0,0,0,0,0,0,0,0,0,2497,47.099099,39.2106127253779
"498",166,166,3,9.53294957107528,20.3700330056997,21.9245185963505,23.0640309594758,24.8600434813504,26.5037466186192,29.8928799536834,31.2125155511381,34.0356112591699,1,1,1,1,1,1,1,1,0.925925925925926,0.888888888888889,0.888888888888889,0.888888888888889,0.851851851851852,0.814814814814815,0.814814814814815,0.777777777777778,1,1,1,1,1,1,1,1,2498,12.651496,3.11854642892472
"499",167,167,1,8.05240875668,18.9834843402544,20.5514522891484,21.7008478663701,23.5124375569073,25.1703968536899,28.5889248065185,29.9200058621892,32.7675868326895,1,1,1,1,1,1,1,1,1,1,1,0.96,0.92,0.88,0.88,0.84,1,1,1,1,1,1,1,1,2499,21.425395,13.37298624332
"500",167,167,2,8.46088156018869,19.3919571437631,20.9599250926571,22.1093206698788,23.920910360416,25.5788696571986,28.9973976100271,30.3284786656979,33.1760596361982,0,0,0,0,0,0,0,0,0,0,0,0,0,0,0,0,0,0,0,0,0,0,0,0,2500,46.822513,38.3616314398113
"501",167,167,3,9.64325578064654,20.574331364221,22.1422993131149,23.2916948903367,25.1032845808739,26.7612438776565,30.179771830485,31.5108528861558,34.358433856656,1,1,1,1,1,1,1,1,0.892857142857143,0.857142857142857,0.857142857142857,0.821428571428571,0.821428571428571,0.785714285714286,0.75,0.75,1,1,1,1,1,1,1,1,2501,10.753684,1.11042821935346
"502",168,168,1,8.01478416433099,19.0449939009872,20.6271817840025,21.7870012537526,23.6150202890812,25.2880156534012,28.7375463077296,30.0806989653327,32.9541047072092,1,1,1,1,1,1,1,1,0.892857142857143,0.892857142857143,0.892857142857143,0.857142857142857,0.821428571428571,0.785714285714286,0.785714285714286,0.75,1,1,1,1,1,1,1,1,2502,12.366555,4.35177083566901
"503",168,168,2,8.10068072667459,19.1308904633308,20.7130783463461,21.8728978160962,23.7009168514248,25.3739122157448,28.8234428700732,30.1665955276763,33.0400012695528,1,1,1,1,1,1,1,1,0.862068965517241,0.862068965517241,0.862068965517241,0.827586206896552,0.793103448275862,0.758620689655172,0.758620689655172,0.724137931034483,0,0,0,0,0,0,0,0,2503,9.148699,1.04801827332541
"504",168,168,3,7.92930758615887,18.9595173228151,20.5417052058303,21.7015246755805,23.5295437109091,25.2025390752291,28.6520697295575,29.9952223871606,32.8686281290371,1,1,1,1,1,1,1,1,0.862068965517241,0.862068965517241,0.862068965517241,0.827586206896552,0.793103448275862,0.758620689655172,0.758620689655172,0.724137931034483,0,0,0,0,0,0,0,0,2504,9.277811,1.34850341384113
"505",169,169,1,7.94042216670772,18.9704976034071,20.5526662222588,21.7124715704548,23.5404683484661,25.2134433429826,28.6629319970382,30.0060683008867,32.8794390571848,1,1,1,1,1,1,1,1,0.892857142857143,0.892857142857143,0.892857142857143,0.857142857142857,0.821428571428571,0.785714285714286,0.785714285714286,0.75,0,0,0,0,0,0,0,0,2505,9.612106,1.67168383329228
"506",169,169,2,7.95831344821322,18.9883888849127,20.5705575037643,21.7303628519603,23.5583596299717,25.2313346244881,28.6808232785437,30.0239595823922,32.8973303386903,1,1,1,1,1,1,1,1,0.892857142857143,0.892857142857143,0.892857142857143,0.857142857142857,0.821428571428571,0.785714285714286,0.785714285714286,0.75,0,0,0,0,0,0,0,0,2506,9.943797,1.98548355178678
"507",169,169,3,7.97606536509455,19.006140801794,20.5883094206457,21.7481147688416,23.576111546853,25.2490865413694,28.698575195425,30.0417114992735,32.9150822555716,1,1,1,1,1,1,1,1,0.892857142857143,0.892857142857143,0.892857142857143,0.857142857142857,0.821428571428571,0.785714285714286,0.785714285714286,0.75,0,0,0,0,0,0,0,0,2507,10.762116,2.78605063490545
"508",170,170,1,8.0268382603303,19.0553939279118,20.6373445490698,21.7969900945191,23.6247350036228,25.29747948877,28.7464928581044,30.0894440991137,32.9624189505819,1,1,1,1,1,1,1,1,0.892857142857143,0.892857142857143,0.892857142857143,0.857142857142857,0.821428571428571,0.785714285714286,0.785714285714286,0.75,0,0,0,0,0,0,0,0,2508,10.124668,2.0978297396697
"509",170,170,2,7.99268660895823,19.0212422765397,20.6031928976977,21.762838443147,23.5905833522507,25.2633278373979,28.7123412067323,30.0552924477417,32.9282672992099,1,1,1,1,1,1,1,1,0.892857142857143,0.892857142857143,0.892857142857143,0.857142857142857,0.821428571428571,0.785714285714286,0.785714285714286,0.75,0,0,0,0,0,0,0,0,2509,9.906473,1.91378639104177
"510",170,170,3,7.98099668355078,19.0095523511323,20.5915029722903,21.7511485177396,23.5788934268433,25.2516379119905,28.7006512813249,30.0436025223342,32.9165773738024,1,1,1,1,1,1,1,1,0.892857142857143,0.892857142857143,0.892857142857143,0.857142857142857,0.821428571428571,0.785714285714286,0.785714285714286,0.75,0,0,0,0,0,0,0,0,2510,10.564822,2.58382531644922
"511",171,171,1,8.02346227441474,19.0505176338949,20.6322530488732,21.7917408378892,23.6192371033285,25.2917540308355,28.7402982015862,30.0830667495315,32.9556507658284,0,0,0,1,1,1,1,1,0,0,0,1,0.958333333333333,0.916666666666667,0.916666666666667,0.875,0,0,0,0,0,0,0,0,2511,22.52432,14.5008577255853
"512",171,171,2,8.66488826127321,19.6919436207534,21.2736790357317,22.4331668247477,24.260663090187,25.933180017694,29.3817241884447,30.72449273639,33.5970767526868,1,1,1,1,1,1,1,1,0.892857142857143,0.892857142857143,0.857142857142857,0.857142857142857,0.821428571428571,0.785714285714286,0.785714285714286,0.75,1,1,1,0,0,0,0,0,2512,9.578855,0.913966738726788
"513",171,171,3,7.97058172240621,18.9976370818864,20.5793724968647,21.7388602858807,23.56635655132,25.238873478827,28.6874176495777,30.030186197523,32.9027702138198,1,1,1,1,1,1,1,1,0.892857142857143,0.892857142857143,0.892857142857143,0.857142857142857,0.821428571428571,0.785714285714286,0.785714285714286,0.75,1,1,1,0,0,0,0,0,2513,10.782645,2.81206327759379
"514",172,172,1,8.04940109604858,19.0874966314994,20.6708156639305,21.8314643203594,23.6607902565221,25.3349816910113,28.7869785092047,30.1310914233996,33.0065514416749,1,1,1,1,1,1,1,1,0.892857142857143,0.892857142857143,0.892857142857143,0.857142857142857,0.821428571428571,0.785714285714286,0.785714285714286,0.75,0,0,0,0,0,0,0,0,2514,10.833812,2.78441090395142
"515",172,172,2,8.05218507653677,19.0902806119876,20.6735996444187,21.8342483008475,23.6635742370102,25.3377656714995,28.7897624896929,30.1338754038878,33.0093354221631,1,1,1,1,1,1,1,1,0.892857142857143,0.892857142857143,0.892857142857143,0.857142857142857,0.821428571428571,0.785714285714286,0.785714285714286,0.75,0,0,0,0,0,0,0,0,2515,9.955087,1.90290192346323
"516",172,172,3,8.00437392375301,19.0424694592038,20.6257884916349,21.7864371480638,23.6157630842265,25.2899545187158,28.7419513369091,30.086064251104,32.9615242693793,0,0,0,0,0,0,0,1,0,0,0,0,0,0,0,1,0,0,0,0,0,0,0,0,2516,34.199909,26.195535076247
"517",173,173,1,9.35985627252291,20.4378425000254,22.0268835061194,23.191726643198,25.0276636000161,26.7079054129185,30.1723774395022,31.5213478577992,34.4071995319292,1,1,1,1,1,1,1,1,0.892857142857143,0.857142857142857,0.857142857142857,0.821428571428571,0.821428571428571,0.785714285714286,0.75,0.714285714285714,1,1,1,1,1,1,1,0,2517,9.629852,0.269995727477093
"518",173,173,2,8.00736970173343,19.0853559292359,20.6743969353299,21.8392400724085,23.6751770292267,25.355418842129,28.8198908687128,30.1688612870097,33.0547129611397,1,1,1,1,1,1,1,1,0.892857142857143,0.892857142857143,0.892857142857143,0.857142857142857,0.821428571428571,0.785714285714286,0.785714285714286,0.75,1,1,1,1,1,1,1,0,2518,9.688922,1.68155229826657
"519",173,173,3,8.01062127667836,19.0886075041808,20.6776485102748,21.8424916473534,23.6784286041716,25.3586704170739,28.8231424436577,30.1721128619547,33.0579645360847,1,1,1,1,1,1,1,1,0.892857142857143,0.892857142857143,0.892857142857143,0.857142857142857,0.821428571428571,0.785714285714286,0.785714285714286,0.75,0,0,0,0,0,0,0,0,2519,10.714848,2.70422672332164
"520",174,174,1,8.07111118599962,19.1479754476127,20.7368555174346,21.9015806805205,23.7373316957245,25.4174033356404,28.881524484424,30.2303582805259,33.1159176788692,1,1,1,1,1,1,1,1,0.892857142857143,0.892857142857143,0.857142857142857,0.857142857142857,0.821428571428571,0.785714285714286,0.785714285714286,0.75,0,0,0,0,0,0,0,0,2520,9.947547,1.87643581400038
"521",174,174,2,8.02890090124336,19.1057651628564,20.6946452326784,21.8593703957643,23.6951214109683,25.3751930508842,28.8393141996677,30.1881479957696,33.0737073941129,1,1,1,1,1,1,1,1,0.892857142857143,0.892857142857143,0.892857142857143,0.857142857142857,0.821428571428571,0.785714285714286,0.785714285714286,0.75,0,0,0,0,0,0,0,0,2521,10.149137,2.12023609875664
"522",174,174,3,8.03999064477818,19.1168549063913,20.7057349762132,21.8704601392991,23.7062111545031,25.386282794419,28.8504039432025,30.1992377393045,33.0847971376477,1,1,1,1,1,1,1,1,0.892857142857143,0.892857142857143,0.892857142857143,0.857142857142857,0.821428571428571,0.785714285714286,0.785714285714286,0.75,0,0,0,0,0,0,0,0,2522,10.780211,2.74022035522182
"523",175,175,1,8.08389642273426,19.1597658405411,20.7485032086508,21.9131237645494,23.748709905879,25.4286306539156,28.8924406804007,30.2411533340099,33.1264535722852,0,0,1,1,1,1,1,1,0,0,1,1,0.958333333333333,0.916666666666667,0.916666666666667,0.875,0,0,0,0,0,0,0,0,2523,22.770959,14.6870625772657
"524",175,175,2,8.7463660599106,19.8222354777175,21.4109728458271,22.5755934017258,24.4111795430553,26.091100291092,29.554910317577,30.9036229711863,33.7889232094616,1,1,1,1,1,1,1,1,0.892857142857143,0.892857142857143,0.857142857142857,0.857142857142857,0.821428571428571,0.785714285714286,0.785714285714286,0.75,1,1,0,0,0,0,0,0,2524,10.114338,1.3679719400894
"525",175,175,3,8.04710800513799,19.1229774229448,20.7117147910545,21.8763353469532,23.7119214882827,25.3918422363193,28.8556522628044,30.2043649164137,33.089665154689,1,1,1,1,1,1,1,1,0.892857142857143,0.892857142857143,0.857142857142857,0.857142857142857,0.821428571428571,0.785714285714286,0.785714285714286,0.75,1,1,0,0,0,0,0,0,2525,10.49378,2.44667199486201
"526",176,176,1,8.08113890339439,19.1682430661275,20.7585919609185,21.9243938430307,23.7618419006858,25.4434666667447,28.9107901891598,30.2608709017512,33.1490978278547,1,1,1,1,1,1,1,1,0.892857142857143,0.892857142857143,0.857142857142857,0.857142857142857,0.821428571428571,0.785714285714286,0.785714285714286,0.75,0,0,0,0,0,0,0,0,2526,9.687627,1.60648809660561
"527",176,176,2,8.03609048397616,19.1231946467093,20.7135435415003,21.8793454236125,23.7167934812676,25.3984182473265,28.8657417697415,30.2158224823329,33.1040494084365,1,1,1,1,1,1,1,1,0.892857142857143,0.892857142857143,0.857142857142857,0.857142857142857,0.821428571428571,0.785714285714286,0.785714285714286,0.75,0,0,0,0,0,0,0,0,2527,9.91978,1.88368951602384
"528",176,176,3,8.04906336345834,19.1361675261915,20.7265164209825,21.8923183030947,23.7297663607497,25.4113911268086,28.8787146492237,30.2287953618151,33.1170222879187,1,1,1,1,1,1,1,1,0.892857142857143,0.892857142857143,0.857142857142857,0.857142857142857,0.821428571428571,0.785714285714286,0.785714285714286,0.75,0,0,0,0,0,0,0,0,2528,10.607713,2.55864963654166
"529",177,177,1,8.09391118591532,19.1786674285529,20.7686795345779,21.9342345344,23.7712934750092,25.4525621227775,28.9191513688246,30.2689461743307,33.1565614595639,1,1,1,1,1,1,1,1,0.892857142857143,0.892857142857143,0.857142857142857,0.857142857142857,0.821428571428571,0.785714285714286,0.785714285714286,0.75,0,0,0,0,0,0,0,0,2529,9.962017,1.86810581408468
"530",177,177,2,8.05742374871755,19.1421799913551,20.7321920973801,21.8977470972022,23.7348060378114,25.4160746855798,28.8826639316268,30.2324587371329,33.1200740223661,1,1,1,1,1,1,1,1,0.892857142857143,0.892857142857143,0.857142857142857,0.857142857142857,0.821428571428571,0.785714285714286,0.785714285714286,0.75,0,0,0,0,0,0,0,0,2530,9.941041,1.88361725128245
"531",177,177,3,8.05623842236791,19.1409946650054,20.7310067710305,21.8965617708526,23.7336207114618,25.4148893592301,28.8814786052772,30.2312734107833,33.1188886960164,1,1,1,1,1,1,1,1,0.892857142857143,0.892857142857143,0.857142857142857,0.857142857142857,0.821428571428571,0.785714285714286,0.785714285714286,0.75,0,0,0,0,0,0,0,0,2531,10.615047,2.55880857763209
"532",178,178,1,8.10088207554635,19.1839342290361,20.7737018982584,21.939077714201,23.7758542388386,25.4568644206926,28.9229207387271,30.272508036677,33.1596794011091,1,1,1,1,1,1,1,1,0.892857142857143,0.892857142857143,0.857142857142857,0.857142857142857,0.821428571428571,0.785714285714286,0.785714285714286,0.75,0,0,0,0,0,0,0,0,2532,10.659868,2.55898592445365
"533",178,178,2,8.10341738555822,19.1864695390479,20.7762372082703,21.9416130242129,23.7783895488505,25.4593997307045,28.925456048739,30.2750433466888,33.1622147111209,1,1,1,1,1,1,1,1,0.892857142857143,0.892857142857143,0.857142857142857,0.857142857142857,0.821428571428571,0.785714285714286,0.785714285714286,0.75,0,0,0,0,0,0,0,0,2533,11.384968,3.28155061444178
"534",178,178,3,8.14443283121112,19.2274849847008,20.8172526539232,21.9826284698658,23.8194049945034,25.5004151763574,28.9664714943919,30.3160587923417,33.2032301567738,1,1,1,1,1,1,1,1,0.892857142857143,0.892857142857143,0.857142857142857,0.857142857142857,0.821428571428571,0.785714285714286,0.785714285714286,0.75,0,0,0,0,0,0,0,0,2534,10.9778,2.83336716878888
"535",179,179,1,8.12850269419027,19.2109660525309,20.8006492641978,21.9659631687087,23.802642113267,25.4835629902412,28.9494351715309,30.2989507716809,33.1859687530494,0,0,1,1,1,1,1,1,0,0,1,1,0.958333333333333,0.916666666666667,0.916666666666667,0.875,0,0,0,0,0,0,0,0,2535,23.405732,15.2772293058097
"536",179,179,2,8.83339092528111,19.9158542836218,21.5055374952887,22.6708513997995,24.5075303443578,26.188451221332,29.6543234026217,31.0038390027717,33.8908569841402,1,1,1,1,1,1,1,1,0.892857142857143,0.892857142857143,0.857142857142857,0.857142857142857,0.821428571428571,0.785714285714286,0.785714285714286,0.75,1,1,0,0,0,0,0,0,2536,11.168766,2.33537507471889
"537",179,179,3,8.13933391582381,19.2217972741645,20.8114804858314,21.9767943903422,23.8134733349005,25.4943942118747,28.9602663931644,30.3097819933144,33.1967999746829,1,1,1,1,1,1,1,1,0.892857142857143,0.892857142857143,0.857142857142857,0.857142857142857,0.821428571428571,0.785714285714286,0.785714285714286,0.75,1,1,0,0,0,0,0,0,2537,10.519008,2.37967408417619
"538",180,180,1,8.11656351279693,19.2121128701677,20.8036731548547,21.9703630437592,23.8092107100276,25.4921163920271,28.9620810208653,30.3131901078841,33.2036170348346,1,1,1,1,1,1,1,1,0.925925925925926,0.925925925925926,0.888888888888889,0.888888888888889,0.851851851851852,0.814814814814815,0.814814814814815,0.777777777777778,0,0,0,0,0,0,0,0,2538,13.647421,5.53085748720307
"539",180,180,2,8.29702326150598,19.3925726188767,20.9841329035637,22.1508227924682,23.9896704587366,25.6725761407361,29.1425407695744,30.4936498565931,33.3840767835437,1,1,1,1,1,1,1,1,0.892857142857143,0.892857142857143,0.857142857142857,0.857142857142857,0.821428571428571,0.785714285714286,0.785714285714286,0.75,0,0,0,0,0,0,0,0,2539,11.377346,3.08032273849403
"540",180,180,3,8.16607598438793,19.2616253417587,20.8531856264457,22.0198755153502,23.8587231816186,25.5416288636181,29.0115934924563,30.3627025794751,33.2531295064256,1,1,1,1,1,1,1,1,0.892857142857143,0.892857142857143,0.857142857142857,0.857142857142857,0.821428571428571,0.785714285714286,0.785714285714286,0.75,0,0,0,0,0,0,0,0,2540,10.833845,2.66776901561207
"541",181,181,1,8.14672433425513,19.2427674182641,20.8343985237534,22.0011403276969,23.8400698184921,25.5230503859559,28.9931694203053,30.3443386285966,33.2348941729526,1,1,1,1,1,1,1,1,0.892857142857143,0.892857142857143,0.857142857142857,0.857142857142857,0.821428571428571,0.785714285714286,0.785714285714286,0.75,0,0,0,0,0,0,0,0,2541,10.668926,2.52220166574487
"542",181,181,2,8.13711315659009,19.233156240599,20.8247873460884,21.9915291500318,23.8304586408271,25.5134392082908,28.9835582426403,30.3347274509316,33.2252829952875,1,1,1,1,1,1,1,1,0.892857142857143,0.892857142857143,0.857142857142857,0.857142857142857,0.821428571428571,0.785714285714286,0.785714285714286,0.75,0,0,0,0,0,0,0,0,2542,11.978298,3.84118484340991
"543",181,181,3,8.21342096176496,19.3094640457739,20.9010951512633,22.0678369552067,23.906766446002,25.5897470134657,29.0598660478151,30.4110352561065,33.3015908004624,1,1,1,1,1,1,1,1,0.892857142857143,0.892857142857143,0.857142857142857,0.857142857142857,0.821428571428571,0.785714285714286,0.785714285714286,0.75,0,0,0,0,0,0,0,0,2543,10.840319,2.62689803823504
"544",182,182,1,8.1536246295073,19.2490338838913,20.8405740720204,22.0072492291858,23.8460736764101,25.5289581084376,28.9988789221935,30.3499709488205,33.2403613784844,1,1,1,1,1,1,1,1,0.925925925925926,0.925925925925926,0.888888888888889,0.888888888888889,0.851851851851852,0.814814814814815,0.814814814814815,0.777777777777778,0,0,0,0,0,0,0,0,2544,13.329481,5.1758563704927
"545",182,182,2,8.29887382721709,19.3942830816011,20.9858232697302,22.1524984268956,23.9913228741199,25.6742073061474,29.1441281199033,30.4952201465303,33.3856105761942,1,1,1,1,1,1,1,1,0.892857142857143,0.892857142857143,0.857142857142857,0.857142857142857,0.821428571428571,0.785714285714286,0.785714285714286,0.75,0,0,0,0,0,0,0,0,2545,11.360614,3.06174017278291
"546",182,182,3,8.18398522127369,19.2793944756577,20.8709346637868,22.0376098209522,23.8764342681765,25.559318700204,29.0292395139599,30.3803315405869,33.2707219702508,1,1,1,1,1,1,1,1,0.892857142857143,0.892857142857143,0.857142857142857,0.857142857142857,0.821428571428571,0.785714285714286,0.785714285714286,0.75,0,0,0,0,0,0,0,0,2546,12.047318,3.86333277872631
"547",183,183,1,8.23647275813954,19.3333935527059,20.9251505581593,22.0919846528042,23.9310596051677,25.6141732984494,29.0845668234519,30.4358429108775,33.3266271017067,1,1,1,1,1,1,1,1,0.892857142857143,0.892857142857143,0.857142857142857,0.857142857142857,0.821428571428571,0.785714285714286,0.785714285714286,0.75,0,0,0,0,0,0,0,0,2547,10.610777,2.37430424186046
"548",183,183,2,8.15180065416624,19.2487214487326,20.840478454186,22.0073125488308,23.8463875011944,25.5295011944761,28.9998947194786,30.3511708069042,33.2419549977334,1,1,1,1,1,1,1,1,0.892857142857143,0.892857142857143,0.857142857142857,0.857142857142857,0.821428571428571,0.785714285714286,0.785714285714286,0.75,0,0,0,0,0,0,0,0,2548,11.831989,3.68018834583376
"549",183,183,3,8.22378091051635,19.3207017050827,20.9124587105361,22.079292805181,23.9183677575445,25.6014814508262,29.0718749758287,30.4231510632543,33.3139352540835,1,1,1,1,1,1,1,1,0.892857142857143,0.892857142857143,0.857142857142857,0.857142857142857,0.821428571428571,0.785714285714286,0.785714285714286,0.75,0,0,0,0,0,0,0,0,2549,12.161236,3.93745508948365
"550",184,184,1,8.25297134348897,19.3493523181848,20.9410318911615,22.1078092240936,23.9467947129725,25.6298265296479,29.1000512341804,30.4512615875437,33.3419051535296,1,1,1,1,1,1,1,1,0.892857142857143,0.892857142857143,0.857142857142857,0.857142857142857,0.821428571428571,0.785714285714286,0.785714285714286,0.75,0,0,0,0,0,0,0,0,2550,10.699098,2.44612665651102
"551",184,184,2,8.16606161578453,19.2624425904803,20.854122163457,22.0208994963892,23.8598849852681,25.5429168019434,29.0131415064759,30.3643518598393,33.2549954258252,1,1,1,1,1,1,1,1,0.892857142857143,0.892857142857143,0.857142857142857,0.857142857142857,0.821428571428571,0.785714285714286,0.785714285714286,0.75,0,0,0,0,0,0,0,0,2551,12.214579,4.04851738421547
"552",184,184,3,8.25614206034671,19.3525230350425,20.9442026080192,22.1109799409513,23.9499654298303,25.6329972465056,29.1032219510381,30.4544323044015,33.3450758703874,1,1,1,1,1,1,1,1,0.892857142857143,0.892857142857143,0.857142857142857,0.857142857142857,0.821428571428571,0.785714285714286,0.785714285714286,0.75,0,0,0,0,0,0,0,0,2552,11.772329,3.51618693965329
"553",185,185,1,8.23927453377318,19.3353439123007,20.9269787895107,22.0937233583058,23.9326572068497,25.6156417625066,29.0857690200676,30.436941430252,33.3275038244161,1,1,1,1,1,1,1,1,0.892857142857143,0.892857142857143,0.857142857142857,0.857142857142857,0.821428571428571,0.785714285714286,0.785714285714286,0.75,0,0,0,0,0,0,0,0,2553,10.332824,2.09354946622682
"554",185,185,2,8.15305488841005,19.2491242669376,20.8407591441475,22.0075037129427,23.8464375614865,25.5294221171435,28.9995493747045,30.3507217848889,33.241284179053,1,1,1,1,1,1,1,1,0.892857142857143,0.892857142857143,0.857142857142857,0.857142857142857,0.821428571428571,0.785714285714286,0.785714285714286,0.75,0,0,0,0,0,0,0,0,2554,11.569051,3.41599611158995
"555",185,185,3,8.22709912828996,19.3231685068175,20.9148033840274,22.0815479528226,23.9204818013664,25.6034663570234,29.0735936145844,30.4247660247688,33.3153284189329,1,1,1,1,1,1,1,1,0.892857142857143,0.892857142857143,0.857142857142857,0.857142857142857,0.821428571428571,0.785714285714286,0.785714285714286,0.75,0,0,0,0,0,0,0,0,2555,11.717094,3.48999487171004
"556",186,186,1,8.24533393812638,19.3406308442188,20.9321549169603,22.098818260775,23.9376240886965,25.620491480416,29.0903771589492,30.4414555048839,33.3318166674501,1,1,1,1,1,1,1,1,0.892857142857143,0.892857142857143,0.857142857142857,0.857142857142857,0.821428571428571,0.785714285714286,0.785714285714286,0.75,0,0,0,0,0,0,0,0,2556,10.682473,2.43713906187362
"557",186,186,2,8.18287007943079,19.2781669855232,20.8696910582647,22.0363544020794,23.8751602300009,25.5580276217205,29.0279133002537,30.3789916461883,33.2693528087545,1,1,1,1,1,1,1,1,0.925925925925926,0.925925925925926,0.888888888888889,0.888888888888889,0.851851851851852,0.814814814814815,0.814814814814815,0.777777777777778,0,0,0,0,0,0,0,0,2557,13.824968,5.64209792056921
"558",186,186,3,8.3725940108333,19.4678909169257,21.0594149896672,22.226078333482,24.0648841614034,25.747751553123,29.2176372316562,30.5687155775908,33.459076740157,1,1,1,1,1,1,1,1,0.892857142857143,0.892857142857143,0.857142857142857,0.857142857142857,0.821428571428571,0.785714285714286,0.785714285714286,0.75,0,0,0,0,0,0,0,0,2558,12.485012,4.1124179891667
"559",187,187,1,8.30079611323933,19.3971484793706,20.9888239486969,22.1555982734569,23.9945790210841,25.6776064985857,29.147822256224,30.499029125912,33.3896652392732,0,0,1,1,1,1,1,1,0,0,1,1,0.958333333333333,0.916666666666667,0.916666666666667,0.875,0,0,0,0,0,0,0,0,2559,23.017269,14.7164728867607
"560",187,187,2,8.94085308917895,20.0372054553102,21.6288809246365,22.7956552493965,24.6346359970237,26.3176634745254,29.7878792321636,31.1390861018516,34.0297222152128,1,1,1,1,1,1,1,1,0.892857142857143,0.892857142857143,0.857142857142857,0.857142857142857,0.821428571428571,0.785714285714286,0.785714285714286,0.75,1,1,0,0,0,0,0,0,2560,12.383136,3.44228291082105
"561",187,187,3,8.29460499537345,19.3909573615047,20.982632830831,22.149407155591,23.9883879032182,25.6714153807198,29.1416311383581,30.4928380080461,33.3834741214073,1,1,1,1,1,1,1,1,0.925925925925926,0.925925925925926,0.888888888888889,0.888888888888889,0.851851851851852,0.814814814814815,0.814814814814815,0.777777777777778,1,1,0,0,0,0,0,0,2561,12.684683,4.39007800462655
"562",188,188,1,8.33628277022149,19.4456504354026,21.0391928364503,22.2073357115464,24.048473463889,25.7334750230714,29.2077611179126,30.560552865307,33.454579506674,1,1,1,1,1,1,1,1,0.892857142857143,0.892857142857143,0.857142857142857,0.857142857142857,0.821428571428571,0.785714285714286,0.785714285714286,0.75,0,0,0,0,0,0,0,0,2562,11.434378,3.09809522977852
"563",188,188,2,8.25865834030305,19.3680260054842,20.9615684065319,22.129711281628,23.9708490339706,25.655850593153,29.1301366879942,30.4829284353886,33.3769550767556,1,1,1,1,1,1,1,1,0.892857142857143,0.892857142857143,0.857142857142857,0.857142857142857,0.821428571428571,0.785714285714286,0.785714285714286,0.75,0,0,0,0,0,0,0,0,2563,11.577202,3.31854365969695
"564",188,188,3,8.26752548198342,19.3768931471646,20.9704355482123,22.1385784233083,23.979716175651,25.6647177348333,29.1390038296745,30.491795577069,33.385822218436,1,1,1,1,1,1,1,1,0.925925925925926,0.925925925925926,0.888888888888889,0.888888888888889,0.851851851851852,0.814814814814815,0.814814814814815,0.777777777777778,0,0,0,0,0,0,0,0,2564,12.738437,4.47091151801658
"565",189,189,1,8.35004300789025,19.459311128132,21.0528392503219,22.2209716583315,24.0620929132504,25.7470793740597,29.2213343377322,30.5741139635031,33.4681146730876,1,1,1,1,1,1,1,1,0.892857142857143,0.892857142857143,0.857142857142857,0.857142857142857,0.821428571428571,0.785714285714286,0.785714285714286,0.75,0,0,0,0,0,0,0,0,2565,11.188598,2.83855499210975
"566",189,189,2,8.25294250104468,19.3622106212865,20.9557387434763,22.123871151486,23.9649924064048,25.6499788672141,29.1242338308867,30.4770134566576,33.371014166242,1,1,1,1,1,1,1,1,0.892857142857143,0.892857142857143,0.857142857142857,0.857142857142857,0.821428571428571,0.785714285714286,0.785714285714286,0.75,0,0,0,0,0,0,0,0,2566,11.418179,3.16523649895531
"567",189,189,3,8.26732620894087,19.3765943291827,20.9701224513725,22.1382548593821,23.979376114301,25.6643625751103,29.1386175387828,30.4913971645537,33.3853978741382,1,1,1,1,1,1,1,1,0.925925925925926,0.925925925925926,0.888888888888889,0.888888888888889,0.851851851851852,0.814814814814815,0.814814814814815,0.777777777777778,0,0,0,0,0,0,0,0,2567,12.518246,4.25091979105914
"568",190,190,1,8.34592123453121,19.4550662488789,21.0485767125963,22.2166961761003,24.057797028876,25.7427648177293,29.2169812819022,30.5697459170236,33.4637145571196,1,1,1,1,1,1,1,1,0.892857142857143,0.892857142857143,0.857142857142857,0.857142857142857,0.821428571428571,0.785714285714286,0.785714285714286,0.75,0,0,0,0,0,0,0,0,2568,11.230723,2.88480176546879
"569",190,190,2,8.26478512227703,19.3739301366247,20.9674406003422,22.1355600638461,23.9766609166218,25.6616287054751,29.1358451696481,30.4886098047694,33.3825784448655,1,1,1,1,1,1,1,1,0.892857142857143,0.892857142857143,0.857142857142857,0.857142857142857,0.821428571428571,0.785714285714286,0.785714285714286,0.75,0,0,0,0,0,0,0,0,2569,11.920429,3.65564387772296
"570",190,190,3,8.3082484727868,19.4173934871344,21.0109039508519,22.1790234143558,24.0201242671316,25.7050920559849,29.1793085201578,30.5320731552792,33.4260417953752,1,1,1,1,1,1,1,1,0.925925925925926,0.925925925925926,0.888888888888889,0.888888888888889,0.851851851851852,0.814814814814815,0.814814814814815,0.777777777777778,0,0,0,0,0,0,0,0,2570,12.932235,4.62398652721321
"571",191,191,1,8.38233748159948,19.4919099773834,21.0854817596039,22.2536461725063,24.0948178710974,25.7798504977442,29.2542006502471,30.6070173399386,33.5010973403481,0,0,1,1,1,1,1,1,0,0,1,1,0.958333333333333,0.916666666666667,0.916666666666667,0.875,0,0,0,0,0,0,0,0,2571,24.022514,15.6401765184005
"572",191,191,2,9.08436314396965,20.1939356397536,21.787507421974,22.9556718348764,24.7968435334676,26.4818761601144,29.9562263126173,31.3090430023088,34.2031230027183,1,1,1,1,1,1,1,1,0.925925925925926,0.925925925925926,0.888888888888889,0.888888888888889,0.851851851851852,0.814814814814815,0.777777777777778,0.777777777777778,1,1,0,0,0,0,0,0,2572,15.483717,6.39935385603035
"573",191,191,3,8.54384882329571,19.6534213190796,21.2469931013001,22.4151575142025,24.2563292127936,25.9413618394405,29.4157119919433,30.7685286816349,33.6626086820443,1,1,1,1,1,1,1,1,0.892857142857143,0.892857142857143,0.857142857142857,0.857142857142857,0.821428571428571,0.785714285714286,0.785714285714286,0.75,1,1,0,0,0,0,0,0,2573,11.658379,3.11453017670429
"574",192,192,1,8.32510554509493,19.4499666568339,21.0457314583613,22.2155034594123,24.0592089158972,25.7465604271555,29.225691862214,30.5803702522396,33.47843298715,1,1,1,1,1,1,1,1,0.892857142857143,0.892857142857143,0.857142857142857,0.857142857142857,0.821428571428571,0.785714285714286,0.785714285714286,0.75,0,0,0,0,0,0,0,0,2574,11.092185,2.76707945490507
"575",192,192,2,8.28812326259378,19.4129843743327,21.0087491758601,22.1785211769112,24.0222266333961,25.7095781446543,29.1887095797129,30.5433879697384,33.4414507046488,1,1,1,1,1,1,1,1,0.892857142857143,0.892857142857143,0.857142857142857,0.857142857142857,0.821428571428571,0.785714285714286,0.785714285714286,0.75,0,0,0,0,0,0,0,0,2575,10.727176,2.43905273740622
"576",192,192,3,8.26428184789589,19.3891429596348,20.9849077611622,22.1546797622133,23.9983852186982,25.6857367299564,29.164868165015,30.5195465550405,33.4176092899509,1,1,1,1,1,1,1,1,0.892857142857143,0.892857142857143,0.857142857142857,0.857142857142857,0.821428571428571,0.785714285714286,0.785714285714286,0.75,0,0,0,0,0,0,0,0,2576,11.913906,3.64962415210411
"577",193,193,1,8.35180277896869,19.476084875085,21.0717666218451,22.2414777397753,24.0850872369262,25.772350926604,29.2513012833161,30.6059091663984,33.5038210658437,1,1,1,1,1,1,1,1,0.892857142857143,0.892857142857143,0.857142857142857,0.857142857142857,0.821428571428571,0.785714285714286,0.785714285714286,0.75,0,0,0,0,0,0,0,0,2577,10.481575,2.12977222103131
"578",193,193,2,8.25771096978602,19.3819930659023,20.9776748126624,22.1473859305927,23.9909954277435,25.6782591174213,29.1572094741334,30.5118173572157,33.4097292566611,1,1,1,1,1,1,1,1,0.862068965517241,0.862068965517241,0.827586206896552,0.827586206896552,0.793103448275862,0.758620689655172,0.758620689655172,0.724137931034483,0,0,0,0,0,0,0,0,2578,9.158844,0.901133030213984
"579",193,193,3,8.17081893655346,19.2951010326697,20.8907827794299,22.0604938973601,23.904103394511,25.5913670841888,29.0703174409009,30.4249253239831,33.3228372234285,1,1,1,1,1,1,1,1,0.892857142857143,0.892857142857143,0.857142857142857,0.857142857142857,0.821428571428571,0.785714285714286,0.785714285714286,0.75,0,0,0,0,0,0,0,0,2579,10.461147,2.29032806344654
"580",194,194,1,8.24979931125585,19.3188918559226,20.9066571403799,22.0705651124202,23.9050281333925,25.5839210063824,29.0456116686672,30.3934990999656,33.277033940605,1,1,1,1,1,1,1,1,0.892857142857143,0.892857142857143,0.857142857142857,0.857142857142857,0.821428571428571,0.785714285714286,0.785714285714286,0.75,0,0,0,0,0,0,0,0,2580,10.514551,2.26475168874415
"581",194,194,2,8.25338207204595,19.3224746167127,20.91023990117,22.0741478732103,23.9086108941826,25.5875037671725,29.0491944294573,30.3970818607557,33.280616701395,1,1,1,1,1,1,1,1,0.892857142857143,0.892857142857143,0.857142857142857,0.857142857142857,0.821428571428571,0.785714285714286,0.785714285714286,0.75,0,0,0,0,0,0,0,0,2581,10.236633,1.98325092795405
"582",194,194,3,8.23473714445134,19.303829689118,20.8915949735754,22.0555029456157,23.889965966588,25.5688588395779,29.0305495018627,30.3784369331611,33.2619717738004,1,1,1,1,1,1,1,1,0.892857142857143,0.892857142857143,0.857142857142857,0.857142857142857,0.821428571428571,0.785714285714286,0.785714285714286,0.75,0,0,0,0,0,0,0,0,2582,10.668048,2.43331085554866
"583",195,195,1,8.27092165969517,19.3385318431145,20.9260844957126,22.0898365984198,23.9240539500312,25.6027219874509,29.0639490637581,30.4116559873874,33.2948046680696,1,1,1,1,1,1,1,1,1,1,0.96,0.96,0.92,0.88,0.88,0.84,0,0,0,0,0,0,0,0,2583,20.661301,12.3903793403048
"584",195,195,2,8.94205931994891,20.0096695033682,21.5972221559664,22.7609742586736,24.5951916102849,26.2738596477047,29.7350867240119,31.0827936476412,33.9659423283234,1,1,1,1,1,1,1,1,0.892857142857143,0.892857142857143,0.857142857142857,0.857142857142857,0.821428571428571,0.785714285714286,0.785714285714286,0.75,0,0,0,0,0,0,0,0,2584,10.086659,1.14459968005109
"585",195,195,3,8.2318761103473,19.2994862937666,20.8870389463648,22.050791049072,23.8850084006833,25.5636764381031,29.0249035144103,30.3726104380396,33.2557591187217,1,1,1,1,1,1,1,1,0.892857142857143,0.892857142857143,0.857142857142857,0.857142857142857,0.821428571428571,0.785714285714286,0.785714285714286,0.75,0,0,0,0,0,0,0,0,2585,11.458797,3.22692088965271
"586",196,196,1,8.33682130730861,19.4120784537957,21.000727996897,22.1652841728596,24.0007688434416,25.6805967258751,29.1442152737993,30.4928533709069,33.3779941104993,1,1,1,1,1,1,1,1,0.892857142857143,0.892857142857143,0.857142857142857,0.857142857142857,0.821428571428571,0.785714285714286,0.785714285714286,0.75,0,0,0,0,0,0,0,0,2586,10.603467,2.26664569269139
"587",196,196,2,8.27900976514616,19.3542669116333,20.9429164547345,22.1074726306971,23.9429573012792,25.6227851837127,29.0864037316369,30.4350418287445,33.3201825683368,1,1,1,1,1,1,1,1,0.862068965517241,0.862068965517241,0.827586206896552,0.827586206896552,0.793103448275862,0.758620689655172,0.758620689655172,0.724137931034483,0,0,0,0,0,0,0,0,2587,6.577804,-1.70120576514616
"588",196,196,3,8.00691620329715,19.0821733497843,20.6708228928855,21.8353790688481,23.6708637394301,25.3506916218636,28.8143101697879,30.1629482668955,33.0480890064878,1,1,1,1,1,1,1,1,0.892857142857143,0.892857142857143,0.892857142857143,0.857142857142857,0.821428571428571,0.785714285714286,0.785714285714286,0.75,0,0,0,0,0,0,0,0,2588,11.196498,3.18958179670285
"589",197,197,1,8.32617845834624,19.3999621199164,20.988400304391,22.1528015443609,23.9880420166421,25.6676464098134,29.1308041476977,30.4792628180102,33.3640197099585,1,1,1,1,1,1,1,1,0.892857142857143,0.892857142857143,0.857142857142857,0.857142857142857,0.821428571428571,0.785714285714286,0.785714285714286,0.75,0,0,0,0,0,0,0,0,2589,10.575767,2.24958854165376
"590",197,197,2,8.28408974848891,19.3578734100591,20.9463115945337,22.1107128345036,23.9459533067848,25.6255576999561,29.0887154378404,30.4371741081529,33.3219310001012,1,1,1,1,1,1,1,1,0.892857142857143,0.892857142857143,0.857142857142857,0.857142857142857,0.821428571428571,0.785714285714286,0.785714285714286,0.75,0,0,0,0,0,0,0,0,2590,10.143593,1.85950325151109
"591",197,197,3,8.2547861595045,19.3285698210747,20.9170080055493,22.0814092455192,23.9166497178003,25.5962541109717,29.0594118488559,30.4078705191685,33.2926274111168,1,1,1,1,1,1,1,1,0.892857142857143,0.892857142857143,0.857142857142857,0.857142857142857,0.821428571428571,0.785714285714286,0.785714285714286,0.75,0,0,0,0,0,0,0,0,2591,10.990871,2.7360848404955
"592",198,198,1,8.31978987155081,19.3920039172496,20.9802169539463,22.1444531498154,23.9794334921661,25.6587998155148,29.1214666798623,30.4697342174785,33.3540822193544,1,1,1,1,1,1,1,1,0.892857142857143,0.892857142857143,0.857142857142857,0.857142857142857,0.821428571428571,0.785714285714286,0.785714285714286,0.75,0,0,0,0,0,0,0,0,2592,10.408236,2.08844612844919
"593",198,198,2,8.28024065089986,19.3524546965987,20.9406677332953,22.1049039291645,23.9398842715152,25.6192505948638,29.0819174592114,30.4301849968275,33.3145329987034,0,0,0,0,0,0,0,0,NA,NA,NA,NA,NA,NA,NA,NA,0,0,0,0,0,0,0,0,2593,98.103027,89.8227863491001
"594",198,198,3,14.2329565694388,25.3051706151376,26.8933836518343,28.0576198477034,29.8926001900541,31.5719665134028,35.0346333777503,36.3829009153665,39.2672489172424,1,1,1,1,1,1,1,1,0.821428571428571,0.821428571428571,0.821428571428571,0.785714285714286,0.75,0.714285714285714,0.714285714285714,0.678571428571429,1,1,1,1,1,1,1,1,2594,11.313929,-2.9190275694388
"595",199,199,1,8.38435576837548,19.9244458923935,21.5797716929943,22.7932047580092,24.7057254552364,26.4560563865837,30.0650443919723,31.4702853700784,34.4765166218676,0,0,1,1,1,1,1,1,0,0,1,1,0.958333333333333,0.916666666666667,0.875,0.833333333333333,1,1,1,1,1,1,1,1,2595,24.296058,15.9117022316245
"596",199,199,2,9.27634296989865,20.8164330939167,22.4717588945175,23.6851919595324,25.5977126567596,27.3480435881069,30.9570315934954,32.3622725716015,35.3685038233908,1,1,1,1,1,1,1,1,0.833333333333333,0.8,0.8,0.766666666666667,0.766666666666667,0.733333333333333,0.7,0.666666666666667,1,1,0,0,0,0,0,0,2596,6.196014,-3.08032896989865
"597",199,199,3,8.03270969564862,19.5727998196667,21.2281256202675,22.4415586852824,24.3540793825096,26.1044103138568,29.7133983192454,31.1186392973515,34.1248705491407,1,1,1,1,1,1,1,1,0.892857142857143,0.892857142857143,0.857142857142857,0.857142857142857,0.821428571428571,0.785714285714286,0.785714285714286,0.75,1,1,0,0,0,0,0,0,2597,10.968858,2.93614830435138
"598",200,200,1,8.37086417470491,19.9252098298738,21.5825804627299,22.7975124876898,24.7123957313168,26.4648888552335,30.0783350615876,31.4853119409148,34.4952568052318,1,1,1,1,1,1,1,1,0.892857142857143,0.892857142857143,0.857142857142857,0.857142857142857,0.821428571428571,0.785714285714286,0.75,0.714285714285714,0,0,0,0,0,0,0,0,2598,11.095227,2.7243628252951
"599",200,200,2,8.37950119159808,19.9338468467669,21.5912174796231,22.806149504583,24.72103274821,26.4735258721266,30.0869720784808,31.493948957808,34.503893822125,1,1,1,1,1,1,1,1,0.892857142857143,0.892857142857143,0.857142857142857,0.857142857142857,0.821428571428571,0.785714285714286,0.75,0.714285714285714,0,0,0,0,0,0,0,0,2599,10.372295,1.99279380840192
"600",200,200,3,8.33009052999106,19.8844361851599,21.541806818016,22.756738842976,24.671622086603,26.4241152105196,30.0375614168737,31.4445382962009,34.454483160518,1,1,1,1,1,1,1,1,0.892857142857143,0.892857142857143,0.857142857142857,0.857142857142857,0.821428571428571,0.785714285714286,0.75,0.714285714285714,0,0,0,0,0,0,0,0,2600,10.473632,2.14354147000894
"601",201,201,1,8.34445133095712,19.8976184465141,21.5548200280885,22.7696281303651,24.6843160565054,26.4366304266762,30.0497080626572,31.4565414307865,34.4661792816769,1,1,1,1,1,1,1,1,0.892857142857143,0.892857142857143,0.857142857142857,0.857142857142857,0.821428571428571,0.785714285714286,0.75,0.714285714285714,0,0,0,0,0,0,0,0,2601,10.574703,2.23025166904288
"602",201,201,2,8.35139290371892,19.9045600192759,21.5617616008503,22.7765697031269,24.6912576292672,26.443571999438,30.056649635419,31.4634830035483,34.4731208544387,1,1,1,1,1,1,1,1,0.892857142857143,0.892857142857143,0.857142857142857,0.857142857142857,0.821428571428571,0.785714285714286,0.75,0.714285714285714,0,0,0,0,0,0,0,0,2602,10.145541,1.79414809628108
"603",201,201,3,8.32191798757482,19.8750851031318,21.5322866847062,22.7470947869828,24.6617827131231,26.4140970832939,30.0271747192749,31.4340080874042,34.4436459382946,1,1,1,1,1,1,1,1,0.892857142857143,0.892857142857143,0.857142857142857,0.857142857142857,0.821428571428571,0.785714285714286,0.75,0.714285714285714,0,0,0,0,0,0,0,0,2603,10.694572,2.37265401242518
"604",202,202,1,8.36622747100422,19.9184471829598,21.5755128677078,22.7902213511042,24.7047522655594,26.4569229392937,30.0697042891802,31.4764222916279,34.485813340779,1,1,1,1,1,1,1,1,0.892857142857143,0.892857142857143,0.857142857142857,0.857142857142857,0.821428571428571,0.785714285714286,0.75,0.714285714285714,0,0,0,0,0,0,0,0,2604,10.48678,2.12055252899578
"605",202,202,2,8.35194316216274,19.9041628741184,21.5612285588663,22.7759370422628,24.6904679567179,26.4426386304523,30.0554199803387,31.4621379827864,34.4715290319375,1,1,1,1,1,1,1,1,0.833333333333333,0.833333333333333,0.8,0.8,0.766666666666667,0.733333333333333,0.7,0.666666666666667,0,0,0,0,0,0,0,0,2605,6.19255,-2.15939316216274
"606",202,202,3,8.05674359934836,19.608963311304,21.266028996052,22.4807374794484,24.3952683939036,26.1474390676379,29.7602204175243,31.166938419972,34.1763294691231,1,1,1,1,1,1,1,1,0.892857142857143,0.892857142857143,0.857142857142857,0.857142857142857,0.821428571428571,0.785714285714286,0.785714285714286,0.75,0,0,0,0,0,0,0,0,2606,10.567725,2.51098140065164
"607",203,203,1,8.35866717342635,19.9099319269602,21.5668606312083,22.78146870134,24.6958413520618,26.4478671834902,30.0603498846267,31.4669516014395,34.4760938807958,0,0,1,1,1,1,1,1,0,0,1,1,0.958333333333333,0.916666666666667,0.875,0.833333333333333,0,0,0,0,0,0,0,0,2607,23.32409,14.9654228265736
"608",203,203,2,9.23362031689085,20.7848850704247,22.4418137746728,23.6564218448045,25.5707944955263,27.3228203269547,30.9353030280912,32.341904744904,35.3510470242603,1,1,1,1,1,1,1,1,0.892857142857143,0.857142857142857,0.857142857142857,0.821428571428571,0.821428571428571,0.785714285714286,0.75,0.714285714285714,1,1,0,0,0,0,0,0,2608,10.41866,1.18503968310915
"609",203,203,3,8.34844287439363,19.8997076279275,21.5566363321756,22.7712444023073,24.6856170530291,26.4376428844575,30.050125585594,31.4567273024068,34.4658695817631,1,1,1,1,1,1,1,1,0.892857142857143,0.892857142857143,0.857142857142857,0.857142857142857,0.821428571428571,0.785714285714286,0.75,0.714285714285714,1,1,0,0,0,0,0,0,2609,11.228693,2.88025012560637
"610",204,204,1,8.4201511275503,19.9835560412736,21.6422261461666,22.8581107463453,24.7744953664175,26.528362543768,30.1446418957137,31.5527219242551,34.5650267550794,1,1,1,1,1,1,1,1,0.892857142857143,0.892857142857143,0.857142857142857,0.857142857142857,0.821428571428571,0.785714285714286,0.75,0.714285714285714,0,0,0,0,0,0,0,0,2610,12.420253,4.0001018724497
"611",204,204,2,8.5026697094932,20.0660746232165,21.7247447281095,22.9406293282882,24.8570139483604,26.6108811257109,30.2271604776566,31.635240506198,34.6475453370223,1,1,1,1,1,1,1,1,0.892857142857143,0.892857142857143,0.857142857142857,0.857142857142857,0.821428571428571,0.785714285714286,0.75,0.714285714285714,0,0,0,0,0,0,0,0,2611,10.485609,1.9829392905068
"612",204,204,3,8.36869065728909,19.9320955710124,21.5907656759054,22.8066502760841,24.7230348961563,26.4769020735068,30.0931814254525,31.5012614539939,34.5135662848182,1,1,1,1,1,1,1,1,0.892857142857143,0.892857142857143,0.857142857142857,0.857142857142857,0.821428571428571,0.785714285714286,0.75,0.714285714285714,0,0,0,0,0,0,0,0,2612,10.634599,2.26590834271091
"613",205,205,1,8.38659651853266,19.9496887396956,21.6083139915539,22.8241657123107,24.7404985103445,26.4943182603826,30.1104998224767,31.5185417743311,34.53076514772,1,1,1,1,1,1,1,1,0.892857142857143,0.892857142857143,0.857142857142857,0.857142857142857,0.821428571428571,0.785714285714286,0.75,0.714285714285714,0,0,0,0,0,0,0,0,2613,11.786365,3.39976848146734
"614",205,205,2,8.46643760729818,20.0295298284611,21.6881550803195,22.9040068010762,24.82033959911,26.5741593491481,30.1903409112422,31.5983828630966,34.6106062364855,1,1,1,1,1,1,1,1,0.833333333333333,0.833333333333333,0.8,0.8,0.766666666666667,0.733333333333333,0.7,0.666666666666667,0,0,0,0,0,0,0,0,2614,5.50099,-2.96544760729818
"615",205,205,3,8.03073175793333,19.5938239790963,21.2524492309546,22.4683009517114,24.3846337497452,26.1384534997832,29.7546350618774,31.1626770137318,34.1749003871206,1,1,1,1,1,1,1,1,0.892857142857143,0.892857142857143,0.857142857142857,0.857142857142857,0.821428571428571,0.785714285714286,0.785714285714286,0.75,0,0,0,0,0,0,0,0,2615,10.721006,2.69027424206667
"616",206,206,1,8.39693190151719,19.9598462991048,21.6184460437142,22.8342790664362,24.750582394053,26.5043751728889,30.1205011233592,31.5285214215721,34.5406984713375,1,1,1,1,1,1,1,1,0.925925925925926,0.925925925925926,0.888888888888889,0.888888888888889,0.851851851851852,0.814814814814815,0.777777777777778,0.740740740740741,0,0,0,0,0,0,0,0,2616,12.582862,4.18593009848281
"617",206,206,2,8.52567201704714,20.0885864146348,21.7471861592441,22.9630191819662,24.8793225095829,26.6331152884188,30.2492412388892,31.6572615371021,34.6694385868675,1,1,1,1,1,1,1,1,0.892857142857143,0.892857142857143,0.857142857142857,0.857142857142857,0.821428571428571,0.785714285714286,0.75,0.714285714285714,0,0,0,0,0,0,0,0,2617,10.276038,1.75036598295286
"618",206,206,3,8.36616409147864,19.9290784890663,21.5876782336756,22.8035112563977,24.7198145840144,26.4736073628503,30.0897333133207,31.4977536115336,34.509930661299,1,1,1,1,1,1,1,1,0.892857142857143,0.892857142857143,0.857142857142857,0.857142857142857,0.821428571428571,0.785714285714286,0.75,0.714285714285714,0,0,0,0,0,0,0,0,2618,10.356957,1.99079290852136
"619",207,207,1,8.37929759578796,19.9420824874587,21.600663655568,22.816483060826,24.7327649256341,26.4865380617974,30.1026235112582,31.5106280394884,34.5227713525385,1,1,1,1,1,1,1,1,0.892857142857143,0.892857142857143,0.857142857142857,0.857142857142857,0.821428571428571,0.785714285714286,0.75,0.714285714285714,0,0,0,0,0,0,0,0,2619,12.130335,3.75103740421204
"620",207,207,2,8.50242003976305,20.0652049314338,21.7237860995431,22.9396055048011,24.8558873696092,26.6096605057725,30.2257459552333,31.6337504834635,34.6458937965136,1,1,1,1,1,1,1,1,0.892857142857143,0.892857142857143,0.857142857142857,0.857142857142857,0.821428571428571,0.785714285714286,0.75,0.714285714285714,0,0,0,0,0,0,0,0,2620,10.390293,1.88787296023695
"621",207,207,3,8.38161205429165,19.9443969459624,21.6029781140717,22.8187975193297,24.7350793841378,26.4888525203011,30.1049379697619,31.5129424979921,34.5250858110422,1,1,1,1,1,1,1,1,0.892857142857143,0.892857142857143,0.857142857142857,0.857142857142857,0.821428571428571,0.785714285714286,0.75,0.714285714285714,0,0,0,0,0,0,0,0,2621,11.258962,2.87734994570835
"622",208,208,1,8.44975674938325,20.0122375872955,21.6707751415313,22.8865625757319,24.8027940501964,26.5565210693283,30.1725114305917,31.580478934085,34.5925430401358,1,1,1,1,1,1,1,1,0.892857142857143,0.892857142857143,0.857142857142857,0.857142857142857,0.821428571428571,0.785714285714286,0.75,0.714285714285714,0,0,0,0,0,0,0,0,2622,11.996469,3.54671225061675
"623",208,208,2,8.5010121999794,20.0634930378917,21.7220305921274,22.937818026328,24.8540495007926,26.6077765199245,30.2237668811879,31.6317343846812,34.643798490732,1,1,1,1,1,1,1,1,0.833333333333333,0.833333333333333,0.8,0.8,0.766666666666667,0.733333333333333,0.7,0.666666666666667,0,0,0,0,0,0,0,0,2623,5.777432,-2.7235801999794
"624",208,208,3,8.06879997187972,19.631280809792,21.2898183640277,22.5056057982284,24.4218372726929,26.1755642918248,29.7915546530882,31.1995221565815,34.2115862626323,1,1,1,1,1,1,1,1,0.892857142857143,0.892857142857143,0.857142857142857,0.857142857142857,0.821428571428571,0.785714285714286,0.785714285714286,0.75,0,0,0,0,0,0,0,0,2624,10.573415,2.50461502812028
"625",209,209,1,8.40778045181491,19.9699270208405,21.6284166271047,22.8441689131466,24.7603449897626,26.5140213090156,30.129907132759,31.5378339322081,34.5498109601198,1,1,1,1,1,1,1,1,0.892857142857143,0.892857142857143,0.857142857142857,0.857142857142857,0.821428571428571,0.785714285714286,0.75,0.714285714285714,0,0,0,0,0,0,0,0,2625,12.283173,3.87539254818509
"626",209,209,2,8.52608605699828,20.0882326260239,21.7467222322881,22.9624745183299,24.878650594946,26.632326914199,30.2482127379423,31.6561395373915,34.6681165653031,1,1,1,1,1,1,1,1,0.892857142857143,0.892857142857143,0.857142857142857,0.857142857142857,0.821428571428571,0.785714285714286,0.75,0.714285714285714,0,0,0,0,0,0,0,0,2626,11.299146,2.77305994300172
"627",209,209,3,8.45799694160781,20.0201435106334,21.6786331168976,22.8943854029395,24.8105614795555,26.5642377988085,30.1801236225519,31.588050422001,34.6000274499127,1,1,1,1,1,1,1,1,0.892857142857143,0.892857142857143,0.857142857142857,0.857142857142857,0.821428571428571,0.785714285714286,0.75,0.714285714285714,0,0,0,0,0,0,0,0,2627,11.844972,3.38697505839219
"628",210,210,1,8.5015176053282,20.0590408086598,21.7168672332299,22.9321333753384,24.8475432289453,26.6005183041097,30.2149582404159,31.6223220509404,34.633094676955,1,1,1,1,1,1,1,1,0.892857142857143,0.892857142857143,0.857142857142857,0.857142857142857,0.821428571428571,0.785714285714286,0.75,0.714285714285714,0,0,0,0,0,0,0,0,2628,12.459008,3.9574903946718
"629",210,210,2,8.54461329987203,20.1021365032037,21.7599629277737,22.9752290698822,24.8906389234891,26.6436139986535,30.2580539349598,31.6654177454842,34.6761903714988,1,1,1,1,1,1,1,1,0.892857142857143,0.892857142857143,0.857142857142857,0.857142857142857,0.821428571428571,0.785714285714286,0.75,0.714285714285714,0,0,0,0,0,0,0,0,2629,10.86316,2.31854670012797
"630",210,210,3,8.43260980505026,19.9901330083819,21.647959432952,22.8632255750604,24.7786354286673,26.5316105038318,30.146050440138,31.5534142506625,34.564186876677,0,0,0,0,1,1,1,1,0,0,0,0,1,0.956521739130435,0.91304347826087,0.869565217391304,0,0,0,0,0,0,0,0,2630,26.694827,18.2622171949497
"631",211,211,1,9.57390102102029,21.1490100521797,22.809359011168,24.0264742917782,25.944798616532,27.7004410034825,31.3203806404854,32.7298858836705,35.7452396753983,1,1,1,1,1,1,1,1,0.925925925925926,0.888888888888889,0.888888888888889,0.851851851851852,0.851851851851852,0.777777777777778,0.777777777777778,0.740740740740741,1,1,1,1,0,0,0,0,2631,15.44549,5.87158897897971
"632",211,211,2,8.77497085258566,20.350079883745,22.0104288427334,23.2275441233436,25.1458684480974,26.9015108350479,30.5214504720508,31.9309557152358,34.9463095069637,1,1,1,1,1,1,1,1,0.833333333333333,0.8,0.8,0.766666666666667,0.766666666666667,0.733333333333333,0.7,0.666666666666667,1,1,1,1,0,0,0,0,2632,6.024536,-2.75043485258566
"633",211,211,3,8.10589281127221,19.6810018424316,21.34135080142,22.5584660820302,24.4767904067839,26.2324327937344,29.8523724307374,31.2618776739224,34.2772314656502,1,1,1,1,1,1,1,1,0.892857142857143,0.892857142857143,0.857142857142857,0.857142857142857,0.821428571428571,0.785714285714286,0.75,0.75,0,0,0,0,0,0,0,0,2633,12.149567,4.04367418872779
"634",212,212,1,8.54689843967049,20.1214732777764,21.7817456114062,22.9988047219599,24.9170405157525,26.6726018795381,30.2923744557727,31.7018146500751,34.7170292827639,1,1,1,1,1,1,1,1,0.925925925925926,0.925925925925926,0.888888888888889,0.888888888888889,0.851851851851852,0.814814814814815,0.777777777777778,0.740740740740741,0,0,0,0,0,0,0,0,2634,13.824516,5.27761756032951
"635",212,212,2,8.66727499861711,20.241849836723,21.9021221703528,23.1191812809066,25.0374170746991,26.7929784384847,30.4127510147194,31.8221912090217,34.8374058417105,1,1,1,1,1,1,1,1,0.892857142857143,0.857142857142857,0.857142857142857,0.821428571428571,0.821428571428571,0.785714285714286,0.75,0.714285714285714,0,0,0,0,0,0,0,0,2635,12.283272,3.61599700138289
"636",212,212,3,8.55650765631766,20.1310824944236,21.7913548280534,23.0084139386071,24.9266497323996,26.6822110961853,30.3019836724199,31.7114238667222,34.7266384994111,1,1,1,1,1,1,1,1,0.925925925925926,0.925925925925926,0.888888888888889,0.888888888888889,0.851851851851852,0.814814814814815,0.777777777777778,0.740740740740741,0,0,0,0,0,0,0,0,2636,12.922951,4.36644334368234
"637",213,213,1,8.61600161486226,20.1915184921127,21.8519259530842,23.0690841184489,24.9874760348837,26.7431802814575,30.3632474661343,31.7728023728864,34.788262409856,1,1,1,1,1,1,1,1,0.925925925925926,0.925925925925926,0.888888888888889,0.888888888888889,0.851851851851852,0.814814814814815,0.777777777777778,0.740740740740741,0,0,0,0,0,0,0,0,2637,13.88056,5.26455838513774
"638",213,213,2,8.68543819538463,20.2609550726351,21.9213625336065,23.1385206989713,25.056912615406,26.8126168619799,30.4326840466566,31.8422389534087,34.8576989903783,1,1,1,1,1,1,1,1,0.892857142857143,0.857142857142857,0.857142857142857,0.821428571428571,0.821428571428571,0.785714285714286,0.75,0.714285714285714,0,0,0,0,0,0,0,0,2638,12.329206,3.64376780461537
"639",213,213,3,8.57294894670412,20.1484658239546,21.808873284926,23.0260314502908,24.9444233667255,26.7001276132994,30.3201947979761,31.7297497047282,34.7452097416978,1,1,1,1,1,1,1,1,0.925925925925926,0.925925925925926,0.888888888888889,0.888888888888889,0.851851851851852,0.814814814814815,0.777777777777778,0.740740740740741,0,0,0,0,0,0,0,0,2639,13.038909,4.46596005329588
"640",214,214,1,8.63606291090085,20.2128650741106,21.8734568982012,23.0907502105591,25.0093551353822,26.7652543263409,30.3857234646905,31.7954348811821,34.8112297393512,1,1,1,1,1,1,1,1,0.925925925925926,0.925925925925926,0.888888888888889,0.851851851851852,0.851851851851852,0.814814814814815,0.777777777777778,0.740740740740741,0,0,0,0,0,0,0,0,2640,14.611879,5.97581608909915
"641",214,214,2,8.75091733924274,20.3277195024525,21.988311326543,23.205604638901,25.1242095637241,26.8801087546828,30.5005778930324,31.910289309524,34.9260841676931,1,1,1,1,1,1,1,1,0.862068965517241,0.827586206896552,0.827586206896552,0.793103448275862,0.793103448275862,0.758620689655172,0.724137931034483,0.689655172413793,0,0,0,0,0,0,0,0,2641,6.506124,-2.24479333924274
"642",214,214,3,8.15905490270269,19.7358570659125,21.396448890003,22.6137422023609,24.532347127184,26.2882463181427,29.9087154564923,31.3184268729839,34.3342217311531,1,1,1,1,1,1,1,1,0.925925925925926,0.925925925925926,0.888888888888889,0.888888888888889,0.851851851851852,0.814814814814815,0.777777777777778,0.777777777777778,0,0,0,0,0,0,0,0,2642,13.879319,5.72026409729731
"643",215,215,1,8.7068802969651,20.2857687223816,21.9466598026842,23.1641724841732,25.0831231618984,26.8393387844648,30.4604603696497,31.8704258310501,34.8867641673531,0,1,1,1,1,1,1,1,0,1,1,0.958333333333333,0.958333333333333,0.916666666666667,0.875,0.833333333333333,0,0,0,0,0,0,0,0,2643,23.122475,14.4155947030349
"644",215,215,2,9.38222501086715,20.9611134362836,22.6220045165862,23.8395171980753,25.7584678758004,27.5146834983668,31.1358050835517,32.5457705449522,35.5621088812552,1,1,1,1,1,1,1,1,0.925925925925926,0.888888888888889,0.888888888888889,0.851851851851852,0.851851851851852,0.814814814814815,0.777777777777778,0.740740740740741,1,0,0,0,0,0,0,0,2644,12.718911,3.33668598913285
"645",215,215,3,8.62209589986419,20.2009843252806,21.8618754055833,23.0793880870723,24.9983387647975,26.7545543873639,30.3756759725488,31.7856414339492,34.8019797702522,1,1,1,1,1,1,1,1,0.892857142857143,0.892857142857143,0.857142857142857,0.857142857142857,0.821428571428571,0.785714285714286,0.75,0.714285714285714,1,0,0,0,0,0,0,0,2645,10.969687,2.34759110013581
"646",216,216,1,8.51288644696118,20.1026447891549,21.7650950647063,22.9837507109634,24.9045028426278,26.6623671482939,30.2868881349434,31.6981772300694,34.7173472152736,1,1,1,1,1,1,1,1,0.892857142857143,0.892857142857143,0.857142857142857,0.857142857142857,0.821428571428571,0.785714285714286,0.75,0.714285714285714,0,0,0,0,0,0,0,0,2646,11.899069,3.38618255303882
"647",216,216,2,8.58228584333058,20.1720441855243,21.8344944610757,23.0531501073328,24.9739022389972,26.7317665446633,30.3562875313128,31.7675766264388,34.786746611643,1,1,1,1,1,1,1,1,0.892857142857143,0.892857142857143,0.857142857142857,0.857142857142857,0.821428571428571,0.785714285714286,0.75,0.714285714285714,0,0,0,0,0,0,0,0,2647,11.237074,2.65478815666942
"648",216,216,3,8.5328529369481,20.1226112791418,21.7850615546932,23.0037172009503,24.9244693326147,26.6823336382809,30.3068546249303,31.7181437200563,34.7373137052606,1,1,1,1,1,1,1,1,0.892857142857143,0.892857142857143,0.857142857142857,0.857142857142857,0.821428571428571,0.785714285714286,0.75,0.714285714285714,0,0,0,0,0,0,0,0,2648,11.781819,3.2489660630519
"649",217,217,1,8.57854083731783,20.1633490124286,21.825089229462,23.0432243688295,24.9631561172128,26.7202696115363,30.343242508575,31.7539288200521,34.7718092705278,1,1,1,1,1,1,1,1,0.892857142857143,0.892857142857143,0.857142857142857,0.857142857142857,0.821428571428571,0.785714285714286,0.75,0.714285714285714,0,0,0,0,0,0,0,0,2649,11.676925,3.09838416268217
"650",217,217,2,8.57065738460922,20.1554655597199,21.8172057767534,23.0353409161209,24.9552726645042,26.7123861588276,30.3353590558664,31.7460453673435,34.7639258178191,1,1,1,1,1,1,1,1,0.892857142857143,0.892857142857143,0.857142857142857,0.857142857142857,0.821428571428571,0.785714285714286,0.75,0.714285714285714,0,0,0,0,0,0,0,0,2650,11.391693,2.82103561539078
"651",217,217,3,8.5492203817017,20.1340285568124,21.7957687738459,23.0139039132134,24.9338356615967,26.6909491559201,30.3139220529589,31.724608364436,34.7424888149116,1,1,1,1,1,1,1,1,0.892857142857143,0.892857142857143,0.857142857142857,0.857142857142857,0.821428571428571,0.785714285714286,0.75,0.714285714285714,0,0,0,0,0,0,0,0,2651,11.025396,2.4761756182983
"652",218,218,1,8.53009303600172,20.1140755801315,21.7756973675644,22.9937456923645,24.9135406102446,26.6705288778645,30.2932435713473,31.7038293454391,34.7214947163416,1,1,1,1,1,1,1,1,0.892857142857143,0.892857142857143,0.857142857142857,0.857142857142857,0.821428571428571,0.785714285714286,0.75,0.714285714285714,0,0,0,0,0,0,0,0,2652,11.920058,3.38996496399828
"653",218,218,2,8.59748056806815,20.181463112198,21.8430848996309,23.061133224431,24.980928142311,26.737916409931,30.3606311034137,31.7712168775055,34.7888822484081,1,1,1,1,1,1,1,1,0.892857142857143,0.892857142857143,0.857142857142857,0.857142857142857,0.821428571428571,0.785714285714286,0.75,0.714285714285714,0,0,0,0,0,0,0,0,2653,11.383528,2.78604743193185
"654",218,218,3,8.55706817480723,20.1410507189371,21.8026725063699,23.0207208311701,24.9405157490501,26.6975040166701,30.3202187101528,31.7308044842446,34.7484698551471,1,1,1,1,1,1,1,1,0.892857142857143,0.892857142857143,0.857142857142857,0.857142857142857,0.821428571428571,0.785714285714286,0.75,0.714285714285714,0,0,0,0,0,0,0,0,2654,10.894993,2.33792482519277
"655",219,219,1,8.52884814915835,20.1118736959676,21.7733582104382,22.9913059075847,24.9109422238279,26.6677853398942,30.2902007469923,31.7006699871718,34.7180860571397,1,1,1,1,1,1,1,1,0.892857142857143,0.892857142857143,0.857142857142857,0.857142857142857,0.821428571428571,0.785714285714286,0.75,0.714285714285714,0,0,0,0,0,0,0,0,2655,12.437519,3.90867085084165
"656",219,219,2,8.64516809378219,20.2281936405914,21.8896781550621,23.1076258522085,25.0272621684517,26.784105284518,30.4065206916161,31.8169899317956,34.8344060017636,1,1,1,1,1,1,1,1,0.892857142857143,0.857142857142857,0.857142857142857,0.821428571428571,0.821428571428571,0.785714285714286,0.75,0.714285714285714,0,0,0,0,0,0,0,0,2656,11.403155,2.75798690621781
"657",219,219,3,8.56716800613317,20.1501935529424,21.811678067413,23.0296257645595,24.9492620808027,26.706105196869,30.3285206039671,31.7389898441466,34.7564059141146,1,1,1,1,1,1,1,1,0.892857142857143,0.892857142857143,0.857142857142857,0.857142857142857,0.821428571428571,0.785714285714286,0.75,0.714285714285714,0,0,0,0,0,0,0,0,2657,11.296368,2.72919999386683
"658",220,220,1,8.56898216774188,20.1515845873063,21.813008407845,23.0309116134334,24.9504778054744,26.7072567441646,30.3295398246401,31.7399575404608,34.7572633843965,1,1,1,1,1,1,1,1,0.892857142857143,0.892857142857143,0.857142857142857,0.857142857142857,0.821428571428571,0.785714285714286,0.75,0.714285714285714,0,0,0,0,0,0,0,0,2658,11.469784,2.90080183225812
"659",220,220,2,8.58209147957787,20.1646938991423,21.826117719681,23.0440209252694,24.9635871173104,26.7203660560006,30.3426491364761,31.7530668522968,34.7703726962325,1,1,1,1,1,1,1,1,0.892857142857143,0.892857142857143,0.857142857142857,0.857142857142857,0.821428571428571,0.785714285714286,0.75,0.714285714285714,0,0,0,0,0,0,0,0,2659,12.052398,3.47030652042213
"660",220,220,3,8.6261339474356,20.2087363670001,21.8701601875387,23.0880633931272,25.0076295851682,26.7644085238583,30.3866916043338,31.7971093201545,34.8144151640902,1,1,1,1,1,1,1,1,0.892857142857143,0.892857142857143,0.857142857142857,0.821428571428571,0.821428571428571,0.785714285714286,0.75,0.714285714285714,0,0,0,0,0,0,0,0,2660,11.143854,2.5177200525644
"661",221,221,1,8.56486001454669,20.1422804206682,21.8029609263402,23.0203192465432,24.9390266317763,26.695019594073,30.3156820785082,31.7254687786643,34.7414246911357,1,1,1,1,1,1,1,1,0.892857142857143,0.892857142857143,0.857142857142857,0.857142857142857,0.821428571428571,0.785714285714286,0.75,0.714285714285714,0,0,0,0,0,0,0,0,2661,11.676031,3.11117098545331
"662",221,221,2,8.60562007837671,20.1830404844982,21.8437209901702,23.0610793103732,24.9797866956063,26.735779657903,30.3564421423382,31.7662288424943,34.7821847549657,1,1,1,1,1,1,1,1,0.892857142857143,0.892857142857143,0.857142857142857,0.857142857142857,0.821428571428571,0.785714285714286,0.75,0.714285714285714,0,0,0,0,0,0,0,0,2662,11.26125,2.65562992162329
"663",221,221,3,8.57385151258849,20.15127191871,21.811952424382,23.029310744585,24.9480181298181,26.7040110921148,30.32467357655,31.7344602767061,34.7504161891775,1,1,1,1,1,1,1,1,0.892857142857143,0.892857142857143,0.857142857142857,0.857142857142857,0.821428571428571,0.785714285714286,0.75,0.714285714285714,0,0,0,0,0,0,0,0,2663,11.443807,2.86995548741151
"664",222,222,1,8.59706867325798,20.1734694560643,21.8340037056185,23.0512548130848,24.969793217775,26.7256315297866,30.3459751425081,31.7556376827617,34.7713279800219,1,1,1,1,1,1,1,1,0.892857142857143,0.892857142857143,0.857142857142857,0.857142857142857,0.821428571428571,0.785714285714286,0.75,0.714285714285714,0,0,0,0,0,0,0,0,2664,11.624789,3.02772032674202
"665",222,222,2,8.61094307871072,20.187343861517,21.8478781110712,23.0651292185375,24.9836676232277,26.7395059352394,30.3598495479608,31.7695120882145,34.7852023854747,1,1,1,1,1,1,1,1,0.925925925925926,0.925925925925926,0.888888888888889,0.888888888888889,0.851851851851852,0.814814814814815,0.777777777777778,0.740740740740741,0,0,0,0,0,0,0,0,2665,13.347845,4.73690192128928
"666",222,222,3,8.74303564903139,20.3194364318377,21.9799706813919,23.1972217888582,25.1157601935484,26.87159850556,30.4919421182815,31.9016046585351,34.9172949557953,1,1,1,1,1,1,1,1,0.892857142857143,0.857142857142857,0.857142857142857,0.821428571428571,0.821428571428571,0.785714285714286,0.75,0.714285714285714,0,0,0,0,0,0,0,0,2666,12.299357,3.55632135096861
"667",223,223,1,8.67327307024012,20.2496504385337,21.9101813294792,23.1274299749245,25.0459644991649,26.8017992598052,30.4221355499932,31.8317952390531,34.8474794367561,0,1,1,1,1,1,1,1,0,1,1,0.958333333333333,0.958333333333333,0.916666666666667,0.875,0.833333333333333,0,0,0,0,0,0,0,0,2667,23.414931,14.7416579297599
"668",223,223,2,9.52795654378798,21.1043339120815,22.7648648030271,23.9821134484724,25.9006479727128,27.656482733353,31.2768190235411,32.686478712601,35.702162910304,1,1,1,1,1,1,1,1,0.892857142857143,0.857142857142857,0.857142857142857,0.821428571428571,0.821428571428571,0.75,0.75,0.714285714285714,1,0,0,0,0,0,0,0,2668,12.011078,2.48312145621202
"669",223,223,3,8.65110711668065,20.2274844849742,21.8880153759197,23.105264021365,25.0237985456054,26.7796333062457,30.3999695964337,31.8096292854936,34.8253134831966,1,1,1,1,1,1,1,1,0.892857142857143,0.857142857142857,0.857142857142857,0.821428571428571,0.821428571428571,0.785714285714286,0.75,0.714285714285714,1,0,0,0,0,0,0,0,2669,12.442666,3.79155888331935
"670",224,224,1,8.70200070324687,20.2900853382146,21.9522955349864,23.1707751920036,25.0912499428438,26.8488603907413,30.4728579508631,31.8839432380505,34.9026772170438,1,1,1,1,1,1,1,1,0.892857142857143,0.857142857142857,0.857142857142857,0.821428571428571,0.821428571428571,0.785714285714286,0.75,0.714285714285714,0,0,0,0,0,0,0,0,2670,12.175473,3.47347229675313
"671",224,224,2,8.68116242642584,20.2692470613936,21.9314572581654,23.1499369151826,25.0704116660227,26.8280221139203,30.452019674042,31.8631049612294,34.8818389402228,1,1,1,1,1,1,1,1,0.925925925925926,0.888888888888889,0.888888888888889,0.851851851851852,0.851851851851852,0.814814814814815,0.777777777777778,0.740740740740741,0,0,0,0,0,0,0,0,2671,12.571754,3.89059157357416
"672",224,224,3,8.71206822551831,20.3001528604861,21.9623630572578,23.180842714275,25.1013174651152,26.8589279130128,30.4829254731345,31.8940107603219,34.9127447393152,1,1,1,1,1,1,1,1,0.892857142857143,0.857142857142857,0.857142857142857,0.821428571428571,0.821428571428571,0.785714285714286,0.75,0.714285714285714,0,0,0,0,0,0,0,0,2672,11.684427,2.97235877448169
"673",225,225,1,8.64674700543436,20.2319052541643,21.8936956862211,23.1118676356048,25.0318574011296,26.789023992498,30.412106369747,31.8228353098162,34.8408069556156,1,1,1,1,1,1,1,1,0.892857142857143,0.857142857142857,0.857142857142857,0.821428571428571,0.821428571428571,0.785714285714286,0.75,0.714285714285714,0,0,0,0,0,0,0,0,2673,11.643979,2.99723199456564
"674",225,225,2,8.64362890878711,20.2287871575171,21.8905775895738,23.1087495389576,25.0287393044824,26.7859058958508,30.4089882730998,31.819717213169,34.8376888589684,1,1,1,1,1,1,1,1,0.892857142857143,0.857142857142857,0.857142857142857,0.821428571428571,0.821428571428571,0.785714285714286,0.75,0.714285714285714,0,0,0,0,0,0,0,0,2674,11.653952,3.01032309121289
"675",225,225,3,8.64439771757526,20.2295559663052,21.891346398362,23.1095183477457,25.0295081132706,26.7866747046389,30.4097570818879,31.8204860219572,34.8384576677565,1,1,1,1,1,1,1,1,0.892857142857143,0.857142857142857,0.857142857142857,0.821428571428571,0.821428571428571,0.785714285714286,0.75,0.714285714285714,0,0,0,0,0,0,0,0,2675,11.570969,2.92657128242474
"676",226,226,1,8.63119202603536,20.2028608114804,21.8627162970704,23.0794698380532,24.9972240163816,26.7523446077117,30.3712083600911,31.7802946833023,34.7947522797606,1,1,1,1,1,1,1,1,0.892857142857143,0.892857142857143,0.857142857142857,0.857142857142857,0.821428571428571,0.785714285714286,0.75,0.714285714285714,0,0,0,0,0,0,0,0,2676,11.563112,2.93191997396464
"677",226,226,2,8.63058797809462,20.2022567635396,21.8621122491296,23.0788657901124,24.9966199684408,26.751740559771,30.3706043121504,31.7796906353616,34.7941482318198,1,1,1,1,1,1,1,1,0.892857142857143,0.892857142857143,0.857142857142857,0.857142857142857,0.821428571428571,0.785714285714286,0.75,0.714285714285714,0,0,0,0,0,0,0,0,2677,11.77813,3.14754202190538
"678",226,226,3,8.64711861066706,20.2187873961121,21.8786428817021,23.0953964226849,25.0131506010133,26.7682711923434,30.3871349447228,31.796221267934,34.8106788643923,1,1,1,1,1,1,1,1,0.925925925925926,0.888888888888889,0.888888888888889,0.851851851851852,0.851851851851852,0.814814814814815,0.777777777777778,0.740740740740741,0,0,0,0,0,0,0,0,2678,13.638442,4.99132338933294
"679",227,227,1,8.79824175660123,20.3707569058044,22.030733794932,23.2475763305204,25.1654707753621,26.9207197380177,30.5398481778145,31.9490375630489,34.9637156400365,1,1,1,1,1,1,1,1,0.961538461538462,0.923076923076923,0.923076923076923,0.884615384615385,0.884615384615385,0.846153846153846,0.807692307692308,0.769230769230769,0,0,0,0,0,0,0,0,2679,16.735501,7.93725924339877
"680",227,227,2,9.03671760522104,20.6092327544242,22.2692096435518,23.4860521791402,25.4039466239819,27.1591955866375,30.7783240264343,32.1875134116687,35.2021914886563,1,1,1,1,1,1,1,1,0.892857142857143,0.857142857142857,0.857142857142857,0.821428571428571,0.821428571428571,0.785714285714286,0.75,0.714285714285714,0,0,0,0,0,0,0,0,2680,12.173245,3.13652739477896
"681",227,227,3,8.68542049682859,20.2579356460318,21.9179125351594,23.1347550707478,25.0526495155895,26.8078984782451,30.4270269180419,31.8362163032762,34.8508943802639,1,1,1,1,1,1,1,1,0.925925925925926,0.888888888888889,0.888888888888889,0.851851851851852,0.851851851851852,0.814814814814815,0.777777777777778,0.740740740740741,0,0,0,0,0,0,0,0,2681,13.480482,4.79506150317141
"682",228,228,1,8.80242853528654,20.3786279449596,22.0391333092851,23.2563632424957,25.1748682739383,26.9306760428935,30.5509566792244,31.9605946981983,34.9762325370981,1,1,1,1,1,1,1,1,0.892857142857143,0.857142857142857,0.857142857142857,0.821428571428571,0.821428571428571,0.785714285714286,0.75,0.714285714285714,0,0,0,0,0,0,0,0,2682,11.850364,3.04793546471346
"683",228,228,2,8.67554959300058,20.2517490026736,21.9122543669991,23.1294843002098,25.0479893316523,26.8037971006076,30.4240777369385,31.8337157559123,34.8493535948122,1,1,1,1,1,1,1,1,0.892857142857143,0.857142857142857,0.857142857142857,0.821428571428571,0.821428571428571,0.785714285714286,0.75,0.714285714285714,0,0,0,0,0,0,0,0,2683,11.629188,2.95363840699942
"684",228,228,3,8.65833453437352,20.2345339440466,21.895039308372,23.1122692415827,25.0307742730253,26.7865820419805,30.4068626783114,31.8165006972852,34.8321385361851,1,1,1,1,1,1,1,1,0.925925925925926,0.888888888888889,0.888888888888889,0.851851851851852,0.851851851851852,0.814814814814815,0.777777777777778,0.740740740740741,0,0,0,0,0,0,0,0,2684,13.011734,4.35339946562648
"685",229,229,1,8.77668867061766,20.3530692478619,22.0136005991035,23.2308495819679,25.1493846380226,26.905219885377,30.5255571791157,31.9352172589307,34.9509022925758,1,1,1,1,1,1,1,1,0.892857142857143,0.857142857142857,0.857142857142857,0.821428571428571,0.821428571428571,0.785714285714286,0.75,0.714285714285714,0,0,0,0,0,0,0,0,2685,12.296322,3.51963332938234
"686",229,229,2,8.72055660829538,20.2969371855396,21.9574685367812,23.1747175196456,25.0932525757003,26.8490878230548,30.4694251167934,31.8790851966084,34.8947702302535,0,0,0,0,0,0,0,0,0,0,0,0,0,0,0,0,0,0,0,0,0,0,0,0,2686,89.400297,80.6797403917046
"687",229,229,3,14.7702246736836,26.3466052509278,28.0071366021694,29.2243855850338,31.1429206410885,32.898755888443,36.5190931821816,37.9287532619966,40.9444382956417,0,0,0,0,0,0,0,0,0,0,0,0,0,0,0,0,1,1,1,1,1,1,1,1,2687,93.911606,79.1413813263164
"688",230,230,1,20.6095905238294,32.8848522528186,34.6456320414298,35.9363679285497,37.9707274411944,39.8325647460795,43.6714665108694,45.1662296031135,48.3639754644544,1,1,1,1,1,1,1,1,0.777777777777778,0.740740740740741,0.740740740740741,0.703703703703704,0.703703703703704,0.666666666666667,0.62962962962963,0.592592592592593,1,1,1,1,1,1,1,1,2688,13.329827,-7.27976352382941
"689",230,230,2,9.19531877634308,21.4705805053323,23.2313602939435,24.5220961810634,26.5564556937081,28.4182929985931,32.257194763383,33.7519578556272,36.9497037169681,0,0,0,0,0,0,0,0,0,0,0,0,0,0,0,0,1,1,1,1,1,1,1,1,2689,49.230741,40.0354222236569
"690",230,230,3,14.2806220975708,26.5558838265599,28.3166636151712,29.6073995022911,31.6417590149357,33.5035963198208,37.3424980846107,38.8372611768549,42.0350070381958,1,1,1,1,1,1,1,1,0.884615384615385,0.846153846153846,0.846153846153846,0.807692307692308,0.807692307692308,0.769230769230769,0.730769230769231,0.692307692307692,1,1,1,1,1,1,1,1,2690,16.308806,2.02818390242923
"691",231,231,1,9.61156402750325,21.9760040084533,23.7495756435525,25.049688566592,27.0988274484431,28.9741907701212,32.840981679468,34.3466040399383,37.5675811278246,0,0,1,1,1,1,1,1,0,0,1,1,0.956521739130435,0.91304347826087,0.91304347826087,0.826086956521739,1,1,1,1,1,1,1,1,2691,26.164478,16.5529139724967
"692",231,231,2,10.9760497194487,23.3404897003987,25.1140613354979,26.4141742585374,28.4633131403885,30.3386764620666,34.2054673714134,35.7110897318837,38.93206681977,1,1,1,1,1,1,1,1,0.857142857142857,0.821428571428571,0.821428571428571,0.785714285714286,0.785714285714286,0.75,0.714285714285714,0.678571428571429,1,1,0,0,0,0,0,0,2692,11.182185,0.20613528055134
"693",231,231,3,8.90180004565332,21.2662400266034,23.0398116617026,24.3399245847421,26.3890634665932,28.2644267882713,32.1312176976181,33.6368400580884,36.8578171459746,1,1,1,1,1,1,1,1,0.925925925925926,0.888888888888889,0.888888888888889,0.851851851851852,0.814814814814815,0.777777777777778,0.777777777777778,0.740740740740741,1,1,0,0,0,0,0,0,2693,12.792568,3.89076795434667
"694",232,232,1,9.14389833585941,21.5218690920123,23.2973815994144,24.5989172747765,26.6502985903822,28.5277141780398,32.3987366319314,33.906006639827,37.1305085389442,1,1,1,1,1,1,1,1,0.892857142857143,0.857142857142857,0.857142857142857,0.821428571428571,0.785714285714286,0.75,0.75,0.714285714285714,0,0,0,0,0,0,0,0,2694,11.62304,2.47914166414059
"695",232,232,2,8.98037695991734,21.3583477160702,23.1338602234723,24.4353958988345,26.4867772144401,28.3641928020978,32.2352152559893,33.742485263885,36.9669871630022,1,1,1,1,1,1,1,1,0.892857142857143,0.857142857142857,0.857142857142857,0.821428571428571,0.785714285714286,0.75,0.75,0.714285714285714,0,0,0,0,0,0,0,0,2695,11.795887,2.81551004008266
"696",232,232,3,9.00454412758452,21.3825148837374,23.1580273911395,24.4595630665016,26.5109443821073,28.3883599697649,32.2593824236565,33.7666524315522,36.9911543306694,1,1,1,1,1,1,1,1,0.925925925925926,0.888888888888889,0.888888888888889,0.851851851851852,0.814814814814815,0.777777777777778,0.777777777777778,0.740740740740741,0,0,0,0,0,0,0,0,2696,13.247062,4.24251787241548
"697",233,233,1,9.21842956547421,21.5956965784359,23.3711081399833,24.6725698172008,26.7238345025719,28.6011433507274,32.4719457196188,33.9791300324497,37.2034486041621,1,1,1,1,1,1,1,1,0.925925925925926,0.888888888888889,0.888888888888889,0.851851851851852,0.814814814814815,0.777777777777778,0.777777777777778,0.740740740740741,0,0,0,0,0,0,0,0,2697,12.509529,3.29109943452579
"698",233,233,2,9.11495327516455,21.4922202881263,23.2676318496737,24.5690935268912,26.6203582122622,28.4976670604177,32.3684694293092,33.8756537421401,37.0999723138524,1,1,1,1,1,1,1,1,0.892857142857143,0.857142857142857,0.857142857142857,0.821428571428571,0.785714285714286,0.75,0.75,0.714285714285714,0,0,0,0,0,0,0,0,2698,11.395161,2.28020772483545
"699",233,233,3,8.95860682466023,21.3358738376219,23.1112853991693,24.4127470763869,26.4640117617579,28.3413206099134,32.2121229788049,33.7193072916358,36.9436258633481,1,1,1,1,1,1,1,1,0.925925925925926,0.888888888888889,0.888888888888889,0.851851851851852,0.814814814814815,0.777777777777778,0.777777777777778,0.740740740740741,0,0,0,0,0,0,0,0,2699,14.463283,5.50467617533976
"700",234,234,1,9.39864207501006,21.7762806917772,23.5517455566663,24.8532463077853,26.9045725784612,28.7819377892298,32.6528563715704,34.1600859347321,37.3845013104521,1,1,1,1,1,1,1,1,0.892857142857143,0.857142857142857,0.857142857142857,0.821428571428571,0.785714285714286,0.75,0.75,0.714285714285714,0,0,0,0,0,0,0,0,2700,12.074212,2.67556992498994
"701",234,234,2,9.06327166082503,21.4409102775922,23.2163751424812,24.5178758936002,26.5692021642762,28.4465673750448,32.3174859573854,33.824715520547,37.049130896267,0,0,0,0,0,0,0,1,0,0,0,0,0,0,0,1,0,0,0,0,0,0,0,0,2701,37.410563,28.347291339175
"702",234,234,3,12.6199104249335,24.9975490417006,26.7730139065897,28.0745146577087,30.1258409283846,32.0032061391532,35.8741247214938,37.3813542846555,40.6057696603755,1,1,1,1,1,1,1,1,0.888888888888889,0.851851851851852,0.851851851851852,0.814814814814815,0.777777777777778,0.740740740740741,0.740740740740741,0.703703703703704,1,1,1,1,1,1,1,0,2702,13.57523,0.955319575066506
"703",235,235,1,9.29928407936954,21.7194287429535,23.5009907314544,24.8069609660971,26.8653316959948,28.7491439663369,32.6333556695691,34.1457612095353,37.3812495495873,0,0,0,1,1,1,1,1,0,0,0,1,0.956521739130435,0.91304347826087,0.91304347826087,0.869565217391304,1,1,1,1,1,1,1,0,2703,25.226646,15.9273619206305
"704",235,235,2,10.9490265826972,23.3691712462812,25.1507332347821,26.4567034694247,28.5150741993225,30.3988864696645,34.2830981728968,35.795503712863,39.0309920529149,1,1,1,1,1,1,1,1,0.888888888888889,0.851851851851852,0.851851851851852,0.814814814814815,0.814814814814815,0.777777777777778,0.740740740740741,0.703703703703704,1,1,1,0,0,0,0,0,2704,13.202109,2.25308241730278
"705",235,235,3,9.24645328416112,21.6665979477451,23.448159936246,24.7541301708886,26.8125009007864,28.6963131711284,32.5805248743607,34.0929304143269,37.3284187543788,1,1,1,1,1,1,1,1,0.925925925925926,0.888888888888889,0.888888888888889,0.851851851851852,0.814814814814815,0.777777777777778,0.777777777777778,0.740740740740741,1,1,1,0,0,0,0,0,2705,13.747592,4.50113871583888
"706",236,236,1,9.34508005711271,21.7780251037959,23.5614231961897,24.8687393828943,26.9292314998304,28.8149852547042,32.7032000834383,34.2171643307173,37.4559872124665,1,1,1,1,1,1,1,1,0.925925925925926,0.888888888888889,0.888888888888889,0.851851851851852,0.814814814814815,0.777777777777778,0.777777777777778,0.740740740740741,0,0,0,0,0,0,0,0,2706,14.224981,4.87990094288729
"707",236,236,2,9.41319993245608,21.8461449791393,23.6295430715331,24.9368592582377,26.9973513751737,28.8831051300476,32.7713199587817,34.2852842060607,37.5241070878099,1,1,1,1,1,1,1,1,0.925925925925926,0.888888888888889,0.888888888888889,0.851851851851852,0.814814814814815,0.777777777777778,0.777777777777778,0.703703703703704,0,0,0,0,0,0,0,0,2707,13.751512,4.33831206754392
"708",236,236,3,9.34563941208601,21.7785844587692,23.561982551163,24.8692987378676,26.9297908548037,28.8155446096775,32.7037594384116,34.2177236856906,37.4565465674398,1,1,1,1,1,1,1,1,0.925925925925926,0.888888888888889,0.888888888888889,0.851851851851852,0.814814814814815,0.777777777777778,0.777777777777778,0.740740740740741,0,0,0,0,0,0,0,0,2708,14.156261,4.81062158791399
"709",237,237,1,9.48100598129065,21.4491370226013,23.1658615788871,24.4243028714496,26.407762105966,28.2230156895081,31.9658669940324,33.4232306705596,36.5409679824212,1,1,1,1,1,1,1,1,0.925925925925926,0.888888888888889,0.888888888888889,0.851851851851852,0.814814814814815,0.777777777777778,0.777777777777778,0.740740740740741,0,0,0,0,0,0,0,0,2709,13.273156,3.79215001870935
"710",237,237,2,9.33852237556536,21.306653416876,23.0233779731618,24.2818192657244,26.2652785002407,28.0805320837828,31.8233833883071,33.2807470648343,36.3984843766959,1,1,1,1,1,1,1,1,0.925925925925926,0.888888888888889,0.888888888888889,0.851851851851852,0.851851851851852,0.777777777777778,0.777777777777778,0.740740740740741,0,0,0,0,0,0,0,0,2710,12.742715,3.40419262443464
"711",237,237,3,9.25293895535539,21.2210699966661,22.9377945529518,24.1962358455144,26.1796950800307,27.9949486635729,31.7377999680972,33.1951636446243,36.3129009564859,1,1,1,1,1,1,1,1,0.925925925925926,0.888888888888889,0.888888888888889,0.851851851851852,0.851851851851852,0.777777777777778,0.777777777777778,0.740740740740741,0,0,0,0,0,0,0,0,2711,13.16255,3.90961104464461
"712",238,238,1,9.32893385678229,21.2975960026224,23.0143967412449,24.2728938791076,26.256441132729,28.0717752709874,31.814792670391,33.2722210197102,36.3900966860402,1,1,1,1,1,1,1,1,0.925925925925926,0.888888888888889,0.888888888888889,0.851851851851852,0.851851851851852,0.777777777777778,0.777777777777778,0.740740740740741,0,0,0,0,0,0,0,0,2712,13.080151,3.75121714321771
"713",238,238,2,9.31559896384704,21.2842611096872,23.0010618483096,24.2595589861723,26.2431062397937,28.0584403780522,31.8014577774558,33.2588861267749,36.376761793105,1,1,1,1,1,1,1,1,0.925925925925926,0.888888888888889,0.888888888888889,0.851851851851852,0.851851851851852,0.777777777777778,0.777777777777778,0.740740740740741,0,0,0,0,0,0,0,0,2713,14.019472,4.70387303615296
"714",238,238,3,9.46761227671292,21.4362744225531,23.1530751611755,24.4115722990382,26.3951195526596,28.210453690918,31.9534710903216,33.4108994396408,36.5287751059708,1,1,1,1,1,1,1,1,0.925925925925926,0.888888888888889,0.888888888888889,0.851851851851852,0.814814814814815,0.777777777777778,0.777777777777778,0.740740740740741,0,0,0,0,0,0,0,0,2714,13.88747,4.41985772328708
"715",239,239,1,9.45825093567351,21.4275353252428,23.1444253193292,24.4029878857204,26.3866382628008,28.202066779217,31.9452787759011,33.4027828960658,36.5208206589241,1,1,1,1,1,1,1,1,0.961538461538462,0.923076923076923,0.923076923076923,0.884615384615385,0.846153846153846,0.807692307692308,0.807692307692308,0.769230769230769,0,0,0,0,0,0,0,0,2715,17.231926,7.77367506432649
"716",239,239,2,10.0005271704356,21.9698115600049,23.6867015540913,24.9452641204826,26.9289144975629,28.7443430139791,32.4875550106632,33.9450591308279,37.0630968936862,1,1,1,1,1,1,1,1,0.857142857142857,0.857142857142857,0.857142857142857,0.821428571428571,0.785714285714286,0.75,0.75,0.714285714285714,0,0,0,0,0,0,0,0,2716,11.935203,1.93467582956438
"717",239,239,3,9.14170678080637,21.1109911703756,22.8278811644621,24.0864437308533,26.0700941079337,27.8855226243498,31.628734621034,33.0862387411987,36.2042765040569,1,1,1,1,1,1,1,1,0.892857142857143,0.857142857142857,0.857142857142857,0.821428571428571,0.821428571428571,0.75,0.75,0.714285714285714,0,0,0,0,0,0,0,0,2717,12.197507,3.05580021919363
"718",240,240,1,9.19615852144981,21.1673425507979,22.8845050317284,24.1432673440223,26.127232545368,27.942949187633,31.6867552678211,33.1444907078136,36.2630233330525,1,1,1,1,1,1,1,1,0.925925925925926,0.888888888888889,0.888888888888889,0.851851851851852,0.851851851851852,0.777777777777778,0.777777777777778,0.740740740740741,0,0,0,0,0,0,0,0,2718,13.187466,3.99130747855019
"719",240,240,2,9.35732426681387,21.328508296162,23.0456707770925,24.3044330893864,26.2883982907321,28.1041149329971,31.8479210131851,33.3056564531777,36.4241890784165,1,1,1,1,1,1,1,1,0.925925925925926,0.888888888888889,0.888888888888889,0.851851851851852,0.851851851851852,0.777777777777778,0.777777777777778,0.740740740740741,0,0,0,0,0,0,0,0,2719,13.177924,3.82059973318613
"720",240,240,3,9.355770825164,21.3269548545121,23.0441173354426,24.3028796477365,26.2868448490822,28.1025614913472,31.8463675715353,33.3041030115278,36.4226356367666,1,1,1,1,1,1,1,1,0.925925925925926,0.888888888888889,0.888888888888889,0.851851851851852,0.851851851851852,0.777777777777778,0.777777777777778,0.740740740740741,0,0,0,0,0,0,0,0,2720,12.914134,3.558363174836
"721",241,241,1,9.32521962975268,21.2960288170288,23.0131375301163,24.2718604280071,26.2557635073751,28.0714232958664,31.8151121498866,33.2728019452235,36.3912369228756,1,1,1,1,1,1,1,1,0.925925925925926,0.888888888888889,0.888888888888889,0.851851851851852,0.851851851851852,0.777777777777778,0.777777777777778,0.740740740740741,0,0,0,0,0,0,0,0,2721,13.145248,3.82002837024732
"722",241,241,2,9.36297824361175,21.3337874308878,23.0508961439754,24.3096190418662,26.2935221212342,28.1091819097255,31.8528707637457,33.3105605590826,36.4289955367346,1,1,1,1,1,1,1,1,0.925925925925926,0.888888888888889,0.888888888888889,0.851851851851852,0.851851851851852,0.777777777777778,0.777777777777778,0.740740740740741,0,0,0,0,0,0,0,0,2722,12.913491,3.55051275638825
"723",241,241,3,9.32511457861466,21.2959237658907,23.0130324789783,24.2717553768691,26.2556584562371,28.0713182447284,31.8150070987486,33.2726968940855,36.3911318717375,1,1,1,1,1,1,1,1,0.892857142857143,0.857142857142857,0.857142857142857,0.821428571428571,0.821428571428571,0.75,0.75,0.714285714285714,0,0,0,0,0,0,0,0,2723,12.203924,2.87880942138534
"724",242,242,1,9.21760177332032,21.1880308702156,22.9050850626359,24.1637679942673,26.1476080818638,27.9632102205496,31.7067802070731,33.1644237186659,36.2827596815296,1,1,1,1,1,1,1,1,0.862068965517241,0.827586206896552,0.827586206896552,0.793103448275862,0.793103448275862,0.724137931034483,0.724137931034483,0.689655172413793,0,0,0,0,0,0,0,0,2724,6.526254,-2.69134777332032
"725",242,242,2,8.28840261991136,20.2588317168067,21.975885909227,23.2345688408583,25.2184089284548,27.0340110671407,30.7775810536641,32.2352245652569,35.3535605281206,1,1,1,1,1,1,1,1,0.892857142857143,0.857142857142857,0.857142857142857,0.821428571428571,0.821428571428571,0.785714285714286,0.75,0.714285714285714,0,0,0,0,0,0,0,0,2725,12.208969,3.92056638008864
"726",242,242,3,9.2184274306285,21.1888565275238,22.9059107199441,24.1645936515755,26.1484337391719,27.9640358778578,31.7076058643813,33.165249375974,36.2835853388377,1,1,1,1,1,1,1,1,0.892857142857143,0.857142857142857,0.857142857142857,0.821428571428571,0.821428571428571,0.75,0.75,0.714285714285714,0,0,0,0,0,0,0,0,2726,12.045768,2.8273405693715
"727",243,243,1,9.19791497364471,21.1678984207462,22.8848886885703,24.143524760412,26.1272909911802,27.9428255364063,31.6862561527217,33.1438453973768,36.2620652670104,0,1,1,1,1,1,1,1,0,1,1,0.958333333333333,0.958333333333333,0.875,0.875,0.833333333333333,0,0,0,0,0,0,0,0,2727,24.851694,15.6537790263553
"728",243,243,2,11.293344992676,23.2633284397775,24.9803187076015,26.2389547794433,28.2227210102115,30.0382555554375,33.781686171753,35.239275416408,38.3574952860417,1,1,1,1,1,1,1,1,0.857142857142857,0.857142857142857,0.821428571428571,0.785714285714286,0.785714285714286,0.75,0.714285714285714,0.678571428571429,1,0,0,0,0,0,0,0,2728,12.184572,0.89122700732403
"729",243,243,3,9.22062743257674,21.1906108796782,22.9076011475023,24.166237219344,26.1500034501123,27.9655379953383,31.7089686116538,33.1665578563088,36.2847777259425,1,1,1,1,1,1,1,1,0.892857142857143,0.857142857142857,0.857142857142857,0.821428571428571,0.821428571428571,0.75,0.75,0.714285714285714,1,0,0,0,0,0,0,0,2729,12.141042,2.92041456742326
"730",244,244,1,9.22960948477483,21.2114846823645,22.9301807186172,24.1900672003855,26.1758042319612,27.9931424458313,31.7402920265928,33.1993293340366,36.3206470435981,1,1,1,1,1,1,1,1,0.925925925925926,0.888888888888889,0.888888888888889,0.851851851851852,0.851851851851852,0.777777777777778,0.777777777777778,0.740740740740741,0,0,0,0,0,0,0,0,2730,13.040483,3.81087351522517
"731",244,244,2,9.37694551001772,21.3588207076074,23.0775167438601,24.3374032256284,26.3231402572041,28.1404784710742,31.8876280518357,33.3466653592795,36.467983068841,1,1,1,1,1,1,1,1,0.925925925925926,0.888888888888889,0.888888888888889,0.851851851851852,0.814814814814815,0.777777777777778,0.777777777777778,0.740740740740741,0,0,0,0,0,0,0,0,2731,14.927943,5.55099748998228
"732",244,244,3,9.68612738432071,21.6680025819104,23.3866986181631,24.6465850999314,26.6323221315071,28.4496603453772,32.1968099261387,33.6558472335825,36.777164943144,1,1,1,1,1,1,1,1,0.925925925925926,0.888888888888889,0.888888888888889,0.851851851851852,0.814814814814815,0.777777777777778,0.777777777777778,0.740740740740741,0,0,0,0,0,0,0,0,2732,13.841755,4.15562761567929
"733",245,245,1,9.51984173768742,21.502241877177,23.2210132117906,24.4809548908624,26.4667789202205,28.2841967540966,32.0315105024685,33.4906117322787,36.6120661909234,1,1,1,1,1,1,1,1,0.862068965517241,0.827586206896552,0.827586206896552,0.793103448275862,0.758620689655172,0.724137931034483,0.724137931034483,0.689655172413793,0,0,0,0,0,0,0,0,2733,6.28223,-3.23761173768742
"734",245,245,2,8.27674722286167,20.2591473623512,21.9779186969648,23.2378603760367,25.2236844053947,27.0411022392708,30.7884159876428,32.247517217453,35.3689716760976,1,1,1,1,1,1,1,1,0.892857142857143,0.857142857142857,0.857142857142857,0.821428571428571,0.821428571428571,0.785714285714286,0.75,0.714285714285714,0,0,0,0,0,0,0,0,2734,12.355133,4.07838577713833
"735",245,245,3,9.27538039205799,21.2577805315476,22.9765518661612,24.236493545233,26.222317574591,28.0397354084672,31.7870491568391,33.2461503866493,36.3676048452939,1,1,1,1,1,1,1,1,0.892857142857143,0.857142857142857,0.857142857142857,0.821428571428571,0.821428571428571,0.75,0.75,0.714285714285714,0,0,0,0,0,0,0,0,2735,12.234579,2.95919860794201
"736",246,246,1,9.26951350979216,21.2504562361093,22.9690185174485,24.2288069504613,26.2143894450629,28.0315862273417,31.7784441918678,33.2373679519451,36.3584427496877,1,1,1,1,1,1,1,1,0.925925925925926,0.888888888888889,0.888888888888889,0.851851851851852,0.851851851851852,0.777777777777778,0.777777777777778,0.740740740740741,0,0,0,0,0,0,0,0,2736,13.297687,4.02817349020784
"737",246,246,2,9.44599840250488,21.426941128822,23.1455034101612,24.405291843174,26.3908743377757,28.2080711200544,31.9549290845805,33.4138528446578,36.5349276424004,1,1,1,1,1,1,1,1,0.925925925925926,0.888888888888889,0.888888888888889,0.851851851851852,0.814814814814815,0.777777777777778,0.777777777777778,0.740740740740741,0,0,0,0,0,0,0,0,2737,12.984299,3.53830059749512
"738",246,246,3,9.3939733518445,21.3749160781616,23.0934783595009,24.3532667925136,26.3388492871153,28.1560460693941,31.9029040339201,33.3618277939974,36.48290259174,1,1,1,1,1,1,1,1,0.925925925925926,0.888888888888889,0.888888888888889,0.851851851851852,0.814814814814815,0.777777777777778,0.777777777777778,0.740740740740741,0,0,0,0,0,0,0,0,2738,12.703698,3.3097246481555
"739",247,247,1,9.34483077964436,21.2457160390377,22.9527947713661,24.204165213148,26.1764799116741,27.9815340625578,31.703355269592,33.1525304027595,36.2527499683142,0,1,1,1,1,1,1,1,0,1,1,0.958333333333333,0.958333333333333,0.875,0.875,0.833333333333333,0,0,0,0,0,0,0,0,2739,23.726563,14.3817322203556
"740",247,247,2,11.1936692512289,23.0945545106222,24.8016332429506,26.0530036847325,28.0253183832586,29.8303725341423,33.5521937411765,35.001368874344,38.1015884398987,1,1,1,1,1,1,1,1,0.888888888888889,0.888888888888889,0.851851851851852,0.851851851851852,0.814814814814815,0.777777777777778,0.740740740740741,0.703703703703704,1,0,0,0,0,0,0,0,2740,12.511533,1.31786374877113
"741",247,247,3,9.31259940922551,21.2134846686189,22.9205634009472,24.1719338427292,26.1442485412553,27.9493026921389,31.6711238991731,33.1202990323406,36.2205185978954,1,1,1,1,1,1,1,1,0.925925925925926,0.888888888888889,0.888888888888889,0.851851851851852,0.851851851851852,0.777777777777778,0.777777777777778,0.740740740740741,1,0,0,0,0,0,0,0,2741,12.542576,3.22997659077449
"742",248,248,1,9.33568087276433,21.2465214735311,22.9550282132018,24.2074454527355,26.1814100340805,27.9879741508094,31.712908739734,33.1632961384469,36.2661091030165,1,1,1,1,1,1,1,1,0.892857142857143,0.857142857142857,0.857142857142857,0.821428571428571,0.821428571428571,0.75,0.75,0.714285714285714,0,0,0,0,0,0,0,0,2742,11.801619,2.46593812723567
"743",248,248,2,9.210732709055,21.1215733098217,22.8300800494925,24.0824972890261,26.0564618703711,27.8630259871,31.5879605760247,33.0383479747376,36.1411609393072,1,1,1,1,1,1,1,1,0.925925925925926,0.888888888888889,0.888888888888889,0.851851851851852,0.851851851851852,0.777777777777778,0.777777777777778,0.740740740740741,0,0,0,0,0,0,0,0,2743,13.487091,4.276358290945
"744",248,248,3,9.49495518267154,21.4057957834383,23.114302523109,24.3667197626427,26.3406843439877,28.1472484607166,31.8721830496412,33.3225704483541,36.4253834129237,1,1,1,1,1,1,1,1,0.925925925925926,0.888888888888889,0.888888888888889,0.851851851851852,0.814814814814815,0.777777777777778,0.777777777777778,0.740740740740741,0,0,0,0,0,0,0,0,2744,12.881877,3.38692181732846
"745",249,249,1,9.40290690934207,21.313040927135,23.0214463136088,24.2737892563965,26.2476367368743,28.05409368338,31.7788072992056,33.2291086570524,36.3317375544445,1,1,1,1,1,1,1,1,0.925925925925926,0.888888888888889,0.888888888888889,0.851851851851852,0.851851851851852,0.777777777777778,0.777777777777778,0.740740740740741,0,0,0,0,0,0,0,0,2745,12.95018,3.54727309065793
"746",249,249,2,9.41446185391295,21.3245958717058,23.0330012581797,24.2853442009674,26.2591916814452,28.0656486279508,31.7903622437765,33.2406636016233,36.3432924990153,1,1,1,1,1,1,1,1,0.925925925925926,0.888888888888889,0.888888888888889,0.851851851851852,0.851851851851852,0.777777777777778,0.777777777777778,0.740740740740741,0,0,0,0,0,0,0,0,2746,13.088074,3.67361214608705
"747",249,249,3,9.43778963639186,21.3479236541848,23.0563290406586,24.3086719834463,26.2825194639241,28.0889764104297,31.8136900262554,33.2639913841022,36.3666202814943,1,1,1,1,1,1,1,1,0.892857142857143,0.857142857142857,0.857142857142857,0.821428571428571,0.821428571428571,0.75,0.75,0.714285714285714,0,0,0,0,0,0,0,0,2747,12.392112,2.95432236360814
"748",250,250,1,9.32889231633919,21.2388210338064,22.9471969717298,24.1995183273201,26.1733317837029,27.9797575914994,31.7044070027647,33.1546833611161,36.2572587771013,1,1,1,1,1,1,1,1,0.925925925925926,0.888888888888889,0.888888888888889,0.851851851851852,0.851851851851852,0.777777777777778,0.777777777777778,0.740740740740741,0,0,0,0,0,0,0,0,2748,12.671701,3.34280868366081
"749",250,250,2,9.37619751428392,21.2861262317511,22.9945021696745,24.2468235252649,26.2206369816477,28.0270627894442,31.7517122007094,33.2019885590608,36.304563975046,1,1,1,1,1,1,1,1,0.925925925925926,0.888888888888889,0.888888888888889,0.851851851851852,0.851851851851852,0.777777777777778,0.777777777777778,0.740740740740741,0,0,0,0,0,0,0,0,2749,13.543326,4.16712848571608
"750",250,250,3,9.52367253353924,21.4336012510064,23.1419771889298,24.3942985445202,26.368112000903,28.1745378086995,31.8991872199647,33.3494635783161,36.4520389943013,1,1,1,1,1,1,1,1,0.892857142857143,0.857142857142857,0.857142857142857,0.821428571428571,0.785714285714286,0.75,0.75,0.714285714285714,0,0,0,0,0,0,0,0,2750,12.49289,2.96921746646076
"751",251,251,1,9.35319999981192,21.2634185625997,22.9718360763195,24.2241879089591,26.1980494009438,28.0045191707219,31.7292592267112,33.1795708796329,36.2822218012728,0,1,1,1,1,1,1,1,0,1,1,0.958333333333333,0.958333333333333,0.875,0.875,0.833333333333333,0,0,0,0,0,0,0,0,2751,23.349231,13.9960310001881
"752",251,251,2,11.1907398487311,23.1009584115189,24.8093759252386,26.0617277578783,28.0355892498629,29.8420590196411,33.5667990756304,35.0171107285521,38.119761650192,1,1,1,1,1,1,1,1,0.888888888888889,0.888888888888889,0.851851851851852,0.851851851851852,0.814814814814815,0.777777777777778,0.740740740740741,0.703703703703704,1,0,0,0,0,0,0,0,2752,13.842332,2.6515921512689
"753",251,251,3,9.58160600223992,21.4918245650277,23.2002420787475,24.4525939113871,26.4264554033718,28.2329251731499,31.9576652291392,33.4079768820609,36.5106278037008,1,1,1,1,1,1,1,1,0.925925925925926,0.888888888888889,0.888888888888889,0.851851851851852,0.814814814814815,0.777777777777778,0.777777777777778,0.740740740740741,1,0,0,0,0,0,0,0,2753,12.724284,3.14267799776008
"754",252,252,1,9.41083553374784,21.331320042584,23.0412101171919,24.2946414074653,26.2702042582854,28.0782311045434,31.8061816793203,33.2577434202318,36.3630686544212,1,1,1,1,1,1,1,1,0.925925925925926,0.888888888888889,0.888888888888889,0.851851851851852,0.851851851851852,0.777777777777778,0.777777777777778,0.740740740740741,0,0,0,0,0,0,0,0,2754,14.234823,4.82398746625216
"755",252,252,2,9.66789217377719,21.5883766826134,23.2982667572212,24.5516980474947,26.5272608983147,28.3352877445727,32.0632383193496,33.5148000602612,36.6201252944505,1,1,1,1,1,1,1,1,0.925925925925926,0.888888888888889,0.888888888888889,0.851851851851852,0.814814814814815,0.777777777777778,0.777777777777778,0.740740740740741,0,0,0,0,0,0,0,0,2755,14.948415,5.28052282622281
"756",252,252,3,9.78932800686182,21.709812515698,23.4197025903058,24.6731338805793,26.6486967313994,28.4567235776574,32.1846741524342,33.6362358933458,36.7415611275351,1,1,1,1,1,1,1,1,0.925925925925926,0.888888888888889,0.888888888888889,0.851851851851852,0.814814814814815,0.777777777777778,0.777777777777778,0.740740740740741,0,0,0,0,0,0,0,0,2756,13.988942,4.19961399313818
"757",253,253,1,9.64139005274442,21.5628763373312,23.2729101079785,24.5264467343288,26.5021756078433,28.310354397376,32.0386182623117,33.4903019898213,36.5958881898728,1,1,1,1,1,1,1,1,0.925925925925926,0.888888888888889,0.888888888888889,0.851851851851852,0.814814814814815,0.777777777777778,0.777777777777778,0.740740740740741,0,0,0,0,0,0,0,0,2757,12.990915,3.34952494725558
"758",253,253,2,9.47059987426395,21.3920861588507,23.1021199294981,24.3556565558483,26.3313854293629,28.1395642188955,31.8678280838312,33.3195118113408,36.4250980113923,1,1,1,1,1,1,1,1,0.925925925925926,0.888888888888889,0.888888888888889,0.851851851851852,0.814814814814815,0.777777777777778,0.777777777777778,0.740740740740741,0,0,0,0,0,0,0,0,2758,14.357391,4.88679112573605
"759",253,253,3,9.70444192455846,21.6259282091452,23.3359619797926,24.5894986061428,26.5652274796574,28.37340626919,32.1016701341257,33.5533538616353,36.6589400616868,1,1,1,1,1,1,1,1,0.925925925925926,0.888888888888889,0.888888888888889,0.851851851851852,0.814814814814815,0.777777777777778,0.777777777777778,0.740740740740741,0,0,0,0,0,0,0,0,2759,12.83903,3.13458807544154
"760",254,254,1,9.45405765627656,21.3766462278688,23.0868381120231,24.340490643144,26.3164021969227,28.1247481746679,31.8533567631316,33.3051747165314,36.411048065956,1,1,1,1,1,1,1,1,0.925925925925926,0.888888888888889,0.888888888888889,0.851851851851852,0.851851851851852,0.777777777777778,0.777777777777778,0.740740740740741,0,0,0,0,0,0,0,0,2760,12.782761,3.32870334372344
"761",254,254,2,9.44440370687569,21.3669922784679,23.0771841626222,24.3308366937431,26.3067482475218,28.115094225267,31.8437028137307,33.2955207671305,36.4013941165551,1,1,1,1,1,1,1,1,0.961538461538462,0.923076923076923,0.923076923076923,0.884615384615385,0.884615384615385,0.807692307692308,0.807692307692308,0.769230769230769,0,0,0,0,0,0,0,0,2761,17.222751,7.77834729312432
"762",254,254,3,10.2061630912686,22.1287516628607,23.838943547015,25.092596078136,27.0685076319147,28.8768536096599,32.6054621981236,34.0572801515234,37.1631535009479,1,1,1,1,1,1,1,1,0.888888888888889,0.888888888888889,0.851851851851852,0.851851851851852,0.814814814814815,0.777777777777778,0.777777777777778,0.740740740740741,0,0,0,0,0,0,0,0,2762,14.456119,4.24995590873145
"763",255,255,1,9.74825829306404,21.6742254410138,23.3849019526324,24.6389097388875,26.6153812187276,28.4242396384588,32.1539048253909,33.6061341892645,36.7128876688894,1,1,1,1,1,1,1,1,1,0.96,0.96,0.92,0.88,0.84,0.84,0.8,0,0,0,0,0,0,0,0,2763,21.745753,11.997494706936
"764",255,255,2,11.0054139338822,22.931381081832,24.6420575934505,25.8960653797056,27.8725368595457,29.681395279277,33.4110604662091,34.8632898300826,37.9700433097075,1,1,1,1,1,1,1,1,0.888888888888889,0.888888888888889,0.851851851851852,0.851851851851852,0.814814814814815,0.777777777777778,0.740740740740741,0.703703703703704,0,0,0,0,0,0,0,0,2764,14.800181,3.79476706611782
"765",255,255,3,9.80759453464917,21.733561682599,23.4442381942175,24.6982459804726,26.6747174603127,28.4835758800439,32.213241066976,33.6654704308496,36.7722239104745,1,1,1,1,1,1,1,1,0.925925925925926,0.888888888888889,0.888888888888889,0.851851851851852,0.814814814814815,0.777777777777778,0.777777777777778,0.740740740740741,0,0,0,0,0,0,0,0,2765,13.045737,3.23814246535083
"766",256,256,1,9.52311920335921,21.4566323692967,23.1683912917225,24.4231925369226,26.4009146062666,28.2109175602736,31.9429426497813,33.396090895014,36.5048101370253,1,1,1,1,1,1,1,1,0.925925925925926,0.888888888888889,0.888888888888889,0.851851851851852,0.814814814814815,0.777777777777778,0.777777777777778,0.740740740740741,0,0,0,0,0,0,0,0,2766,15.479975,5.95685579664079
"767",256,256,2,9.94448271626487,21.8779958822024,23.5897548046282,24.8445560498283,26.8222781191723,28.6322810731793,32.364306162687,33.8174544079197,36.926173649931,1,1,1,1,1,1,1,1,0.888888888888889,0.888888888888889,0.888888888888889,0.851851851851852,0.814814814814815,0.777777777777778,0.777777777777778,0.740740740740741,0,0,0,0,0,0,0,0,2767,13.787439,3.84295628373513
"768",256,256,3,9.65150687960498,21.5850200455425,23.2967789679683,24.5515802131684,26.5293022825124,28.3393052365194,32.0713303260271,33.5244785712598,36.6331978132711,1,1,1,1,1,1,1,1,0.925925925925926,0.888888888888889,0.888888888888889,0.851851851851852,0.814814814814815,0.777777777777778,0.777777777777778,0.740740740740741,0,0,0,0,0,0,0,0,2768,12.703653,3.05214612039502
"769",257,257,1,9.47866910892133,21.4132064540253,23.1251122860662,24.3800212230479,26.3579130279687,28.1680713232647,31.9004167092594,33.3536896691623,36.4626757131989,1,1,1,1,1,1,1,1,0.892857142857143,0.857142857142857,0.857142857142857,0.821428571428571,0.785714285714286,0.75,0.75,0.714285714285714,0,0,0,0,0,0,0,0,2769,12.115164,2.63649489107867
"770",257,257,2,9.37604987431928,21.3105872194233,23.0224930514642,24.2774019884459,26.2552937933667,28.0654520886626,31.7977974746574,33.2510704345602,36.3600564785969,1,1,1,1,1,1,1,1,0.925925925925926,0.888888888888889,0.888888888888889,0.851851851851852,0.851851851851852,0.777777777777778,0.777777777777778,0.740740740740741,0,0,0,0,0,0,0,0,2770,14.615969,5.23991912568072
"771",257,257,3,9.81213397272891,21.7466713178329,23.4585771498738,24.7134860868555,26.6913778917763,28.5015361870723,32.233881573067,33.6871545329699,36.7961405770065,1,1,1,1,1,1,1,1,0.925925925925926,0.888888888888889,0.888888888888889,0.851851851851852,0.814814814814815,0.777777777777778,0.777777777777778,0.740740740740741,0,0,0,0,0,0,0,0,2771,13.679951,3.86781702727109
"772",258,258,1,9.65114251794914,21.5413041710489,23.2468446950979,24.4970875565653,26.4676250489547,28.2710527082262,31.9895202701786,33.4373895859014,36.5348156169148,1,1,1,1,1,1,1,1,0.925925925925926,0.888888888888889,0.888888888888889,0.851851851851852,0.814814814814815,0.777777777777778,0.777777777777778,0.740740740740741,0,0,0,0,0,0,0,0,2772,12.974623,3.32348048205086
"773",258,258,2,9.52700011081034,21.4171617639101,23.1227022879591,24.3729451494265,26.3434826418159,28.1469103010874,31.8653778630398,33.3132471787626,36.410673209776,1,1,1,1,1,1,1,1,0.925925925925926,0.888888888888889,0.888888888888889,0.851851851851852,0.814814814814815,0.777777777777778,0.777777777777778,0.740740740740741,0,0,0,0,0,0,0,0,2773,15.398235,5.87123488918966
"774",258,258,3,9.95357190102776,21.8437335541275,23.5492740781765,24.7995169396439,26.7700544320333,28.5734820913048,32.2919496532572,33.73981896898,36.8372449999934,1,1,1,1,1,1,1,1,0.925925925925926,0.888888888888889,0.888888888888889,0.851851851851852,0.814814814814815,0.777777777777778,0.777777777777778,0.740740740740741,0,0,0,0,0,0,0,0,2774,13.905322,3.95175009897224
"775",259,259,1,9.70226761594228,21.5936155965792,23.2993262890202,24.5496938920662,26.5204279926228,28.3240355868654,32.0428741547463,33.4908879300054,36.5886230032255,0,1,1,1,1,1,1,1,0,1,1,0.958333333333333,0.916666666666667,0.875,0.875,0.833333333333333,0,0,0,0,0,0,0,0,2775,24.335084,14.6328163840577
"776",259,259,2,11.5387806875072,23.4301286681441,25.1358393605851,26.3862069636311,28.3569410641877,30.1605486584303,33.8793872263112,35.3274010015704,38.4251360747904,1,1,1,1,1,1,1,1,0.888888888888889,0.851851851851852,0.851851851851852,0.814814814814815,0.814814814814815,0.777777777777778,0.740740740740741,0.703703703703704,1,0,0,0,0,0,0,0,2776,14.19341,2.65462931249282
"777",259,259,3,9.75299527183328,21.6443432524702,23.3500539449112,24.6004215479572,26.5711556485138,28.3747632427564,32.0936018106373,33.5416155858964,36.6393506591165,1,1,1,1,1,1,1,1,0.925925925925926,0.888888888888889,0.888888888888889,0.851851851851852,0.814814814814815,0.777777777777778,0.777777777777778,0.740740740740741,1,0,0,0,0,0,0,0,2777,12.781718,3.02872272816672
"778",260,260,1,9.52241391283533,21.4245792228156,23.1318415672943,24.3833466055734,26.3558734448379,28.1611217460369,31.8833432694607,33.3326742748545,36.4332272977772,1,1,1,1,1,1,1,1,0.862068965517241,0.827586206896552,0.827586206896552,0.793103448275862,0.758620689655172,0.724137931034483,0.724137931034483,0.689655172413793,0,0,0,0,0,0,0,0,2778,6.586948,-2.93546591283533
"779",260,260,2,8.42520009803762,20.3273654080179,22.0346277524966,23.2861327907757,25.2586596300402,27.0639079312392,30.786129454663,32.2354604600568,35.3360134829794,1,1,1,1,1,1,1,1,0.925925925925926,0.888888888888889,0.888888888888889,0.851851851851852,0.851851851851852,0.814814814814815,0.777777777777778,0.740740740740741,0,0,0,0,0,0,0,0,2779,14.402639,5.97743890196238
"780",260,260,3,9.80951043359328,21.7116757435736,23.4189380880522,24.6704431263313,26.6429699655959,28.4482182667949,32.1704397902187,33.6197707956124,36.7203238185351,1,1,1,1,1,1,1,1,0.925925925925926,0.888888888888889,0.888888888888889,0.851851851851852,0.814814814814815,0.777777777777778,0.777777777777778,0.740740740740741,0,0,0,0,0,0,0,0,2780,13.906358,4.09684756640672
"781",261,261,1,9.7325961688756,21.63511020265,23.3424225685312,24.5939642748933,26.566548907595,28.3718501011057,32.0941806826024,33.5435541522196,36.6441980188321,1,1,1,1,1,1,1,1,1,0.96,0.96,0.92,0.88,0.84,0.84,0.8,0,0,0,0,0,0,0,0,2781,20.95452,11.2219238311244
"782",261,261,2,10.9852031836753,22.8877172174497,24.5950295833309,25.846571289693,27.8191559223947,29.6244571159053,33.3467876974021,34.7961611670192,37.8968050336318,1,1,1,1,1,1,1,1,0.888888888888889,0.888888888888889,0.851851851851852,0.851851851851852,0.814814814814815,0.777777777777778,0.740740740740741,0.703703703703704,0,0,0,0,0,0,0,0,2782,13.975384,2.99018081632473
"783",261,261,3,9.74486354465435,21.6473775784287,23.35468994431,24.6062316506721,26.5788162833738,28.3841174768844,32.1064480583812,33.5558215279983,36.6564653946109,1,1,1,1,1,1,1,1,0.925925925925926,0.888888888888889,0.888888888888889,0.851851851851852,0.814814814814815,0.777777777777778,0.777777777777778,0.740740740740741,0,0,0,0,0,0,0,0,2783,12.780575,3.03571145534565
"784",262,262,1,9.54806058575578,21.4565119948583,23.1646760257146,24.4168420432792,26.3904106677072,28.1966124063242,31.9207998118242,33.3708962777979,36.4730868501183,1,1,1,1,1,1,1,1,1,0.96,0.96,0.92,0.88,0.84,0.84,0.8,0,0,0,0,0,0,0,0,2784,20.779719,11.2316584142442
"785",262,262,2,10.9724888081878,22.8809402172903,24.5891042481466,25.8412702657112,27.8148388901392,29.6210406287561,33.3452280342562,34.7953245002299,37.8975150725503,0,0,0,0,0,0,0,0,0,0,0,0,0,0,0,0,0,0,0,0,0,0,0,0,2785,48.751087,37.7785981918122
"786",262,262,3,15.9534225179986,27.8618739271011,29.5700379579574,30.822203975522,32.79577259995,34.601974338567,38.326161744067,39.7762582100407,42.8784487823612,1,1,1,1,1,1,1,1,0.851851851851852,0.814814814814815,0.814814814814815,0.777777777777778,0.740740740740741,0.703703703703704,0.703703703703704,0.666666666666667,1,1,1,1,1,1,1,1,2786,13.55555,-2.39787251799859
"787",263,263,1,9.72725289184217,21.7218710129167,23.4423949109792,24.7036213029678,26.6914701988918,28.5107411821677,32.2618759188089,33.7224649366873,36.8471022195283,0,0,0,1,1,1,1,1,0,0,0,1,0.956521739130435,0.91304347826087,0.91304347826087,0.869565217391304,1,1,1,1,1,1,1,1,2787,25.625779,15.8985261081578
"788",263,263,2,11.9152975124038,23.9099156334783,25.6304395315408,26.8916659235294,28.8795148194534,30.6987858027293,34.4499205393705,35.9105095572489,39.0351468400899,1,1,1,1,1,1,1,1,0.888888888888889,0.851851851851852,0.851851851851852,0.814814814814815,0.814814814814815,0.740740740740741,0.740740740740741,0.703703703703704,1,1,1,0,0,0,0,0,2788,13.810808,1.89551048759622
"789",263,263,3,9.77352507886988,21.7681431999444,23.4886670980069,24.7498934899955,26.7377423859195,28.5570133691954,32.3081481058366,33.768737123715,36.893374406556,1,1,1,1,1,1,1,1,0.925925925925926,0.888888888888889,0.888888888888889,0.851851851851852,0.814814814814815,0.777777777777778,0.777777777777778,0.740740740740741,1,1,1,0,0,0,0,0,2789,14.517315,4.74378992113012
"790",264,264,1,9.92395836084722,21.9319900784621,23.6544380405651,24.9170748636152,26.9071467734612,28.7284522497673,32.4837818851054,33.9460042815207,37.0741358501675,1,1,1,1,1,1,1,1,1,1,1,0.958333333333333,0.916666666666667,0.875,0.875,0.833333333333333,0,0,0,0,0,0,0,0,2790,22.427122,12.5031636391528
"791",264,264,2,11.367600842634,23.3756325602488,25.0980805223519,26.360717345402,28.3507892552479,30.172094731554,33.9274243668921,35.3896467633074,38.5177783319542,1,1,1,1,1,1,1,1,0.888888888888889,0.851851851851852,0.851851851851852,0.814814814814815,0.814814814814815,0.777777777777778,0.740740740740741,0.703703703703704,0,0,0,0,0,0,0,0,2791,13.114749,1.747148157366
"792",264,264,3,9.66797185433578,21.6760035719506,23.3984515340537,24.6610883571037,26.6511602669497,28.4724657432558,32.2277953785939,33.6900177750092,36.818149343656,1,1,1,1,1,1,1,1,0.925925925925926,0.888888888888889,0.888888888888889,0.851851851851852,0.814814814814815,0.777777777777778,0.777777777777778,0.740740740740741,0,0,0,0,0,0,0,0,2792,12.812371,3.14439914566423
"793",265,265,1,9.62764482802072,21.6432185048886,23.3667482956087,24.6301781508304,26.6214999775327,28.4439493725103,32.2016376411164,33.6647784246572,36.7948746983767,1,1,1,1,1,1,1,1,1,0.96,0.96,0.92,0.88,0.84,0.84,0.8,0,0,0,0,0,0,0,0,2793,20.423994,10.7963491719793
"794",265,265,2,11.0225968501742,23.0381705270421,24.7617003177622,26.0251301729839,28.0164519996862,29.8389013946638,33.5965896632699,35.0597304468107,38.1898267205302,1,1,1,1,1,1,1,1,0.888888888888889,0.888888888888889,0.851851851851852,0.851851851851852,0.814814814814815,0.777777777777778,0.740740740740741,0.703703703703704,0,0,0,0,0,0,0,0,2794,13.340435,2.3178381498258
"795",265,265,3,9.72442102734463,21.7399947042125,23.4635244949326,24.7269543501544,26.7182761768566,28.5407255718342,32.2984138404403,33.7615546239811,36.8916508977007,1,1,1,1,1,1,1,1,0.925925925925926,0.888888888888889,0.888888888888889,0.851851851851852,0.814814814814815,0.777777777777778,0.777777777777778,0.740740740740741,0,0,0,0,0,0,0,0,2795,12.982862,3.25844097265537
"796",266,266,1,9.67363890874211,21.6945033237076,23.4187920249026,24.6827781978374,26.6749768501109,28.4982287121786,32.2575715788102,33.7213566174565,36.8528311457687,1,1,1,1,1,1,1,1,1,0.96,0.96,0.92,0.88,0.84,0.84,0.8,0,0,0,0,0,0,0,0,2796,20.301222,10.6275830912579
"797",266,266,2,11.0185093752735,23.0393737902389,24.7636624914339,26.0276486643687,28.0198473166423,29.84309917871,33.6024420453416,35.0662270839878,38.1977016123001,1,1,1,1,1,1,1,1,0.888888888888889,0.888888888888889,0.851851851851852,0.851851851851852,0.814814814814815,0.777777777777778,0.740740740740741,0.703703703703704,0,0,0,0,0,0,0,0,2797,12.786949,1.76843962472654
"798",266,266,3,9.63763663395519,21.6585010489207,23.3827897501157,24.6467759230505,26.638974575324,28.4622264373917,32.2215693040233,33.6853543426696,36.8168288709818,1,1,1,1,1,1,1,1,0.925925925925926,0.888888888888889,0.888888888888889,0.851851851851852,0.814814814814815,0.777777777777778,0.777777777777778,0.740740740740741,0,0,0,0,0,0,0,0,2798,13.736547,4.09891036604481
"799",267,267,1,9.82753172186917,21.8537409162072,23.5787962796291,24.8433444526823,26.8364288867012,28.6604914125122,32.4215057777577,33.885941652135,37.018808512969,1,1,1,1,1,1,1,1,1,0.96,0.96,0.92,0.88,0.84,0.84,0.8,0,0,0,0,0,0,0,0,2799,20.319991,10.4924592781308
"800",267,267,2,11.0424631190199,23.0686723133579,24.7937276767798,26.058275849833,28.0513602838519,29.8754228096629,33.6364371749084,35.1008730492857,38.2337399101197,1,1,1,1,1,1,1,1,0.888888888888889,0.888888888888889,0.851851851851852,0.851851851851852,0.814814814814815,0.777777777777778,0.740740740740741,0.703703703703704,0,0,0,0,0,0,0,0,2800,13.301013,2.25854988098014
"801",267,267,3,9.74715677964643,21.7733659739844,23.4984213374064,24.7629695104596,26.7560539444785,28.5801164702894,32.3411308355349,33.8055667099123,36.9384335707463,1,1,1,1,1,1,1,1,0.925925925925926,0.888888888888889,0.888888888888889,0.851851851851852,0.814814814814815,0.777777777777778,0.777777777777778,0.740740740740741,0,0,0,0,0,0,0,0,2801,13.274133,3.52697622035357
"802",268,268,1,9.7578454925741,21.7888553460547,23.5145993223777,24.7796522816565,26.7735323212445,28.5983229819398,32.3608386804572,33.8258591328471,36.9599765811019,1,1,1,1,1,1,1,1,1,0.96,0.96,0.92,0.88,0.84,0.84,0.8,0,0,0,0,0,0,0,0,2802,20.404816,10.6469705074259
"803",268,268,2,11.0791100401424,23.110119893623,24.835863869946,26.1009168292248,28.0947968688128,29.9195875295081,33.6821032280255,35.1471236804154,38.2812411286702,0,0,0,0,1,1,1,1,0,0,0,0,1,0.954545454545455,0.909090909090909,0.863636363636364,0,0,0,0,0,0,0,0,2803,29.897555,18.8184449598576
"804",268,268,3,12.8380466665524,24.869056520033,26.594800496356,27.8598534556348,29.8537334952228,31.6785241559181,35.4410398544355,36.9060603068254,40.0401777550802,1,1,1,1,1,1,1,1,0.888888888888889,0.851851851851852,0.851851851851852,0.814814814814815,0.777777777777778,0.740740740740741,0.740740740740741,0.703703703703704,1,1,1,1,0,0,0,0,2804,13.321323,0.4832763334476
"805",269,269,1,9.79528406990418,21.849489154442,23.5785602854066,24.8460522083341,26.8437763565034,28.6720851292709,32.4418547841931,33.9096997283182,37.0498596101889,1,1,1,1,1,1,1,1,1,0.96,0.96,0.92,0.88,0.84,0.84,0.8,1,1,1,1,0,0,0,0,2805,20.181987,10.3867029300958
"806",269,269,2,11.0838898173896,23.1380949019275,24.867166032892,26.1346579558196,28.1323821039888,29.9606908767563,33.7304605316786,35.1983054758036,38.3384653576744,1,1,1,1,1,1,1,1,0.888888888888889,0.888888888888889,0.851851851851852,0.814814814814815,0.814814814814815,0.777777777777778,0.740740740740741,0.703703703703704,0,0,0,0,0,0,0,0,2806,13.818714,2.73482418261039
"807",269,269,3,9.88870664552478,21.9429117300626,23.6719828610272,24.9394747839547,26.937198932124,28.7655077048915,32.5352773598137,34.0031223039388,37.1432821858095,1,1,1,1,1,1,1,1,0.888888888888889,0.888888888888889,0.888888888888889,0.851851851851852,0.814814814814815,0.777777777777778,0.777777777777778,0.740740740740741,0,0,0,0,0,0,0,0,2807,14.25179,4.36308335447522
"808",270,270,1,9.98450569111236,22.0438548915395,23.7736639012954,25.0416967247049,27.0402733989811,28.8693624000708,32.6407407991487,34.1092121441395,37.2507120850377,1,1,1,1,1,1,1,1,0.96,0.96,0.92,0.92,0.88,0.84,0.84,0.8,0,0,0,0,0,0,0,0,2808,19.466799,9.48229330888763
"809",270,270,2,10.9667698051829,23.02611900561,24.7559280153659,26.0239608387755,28.0225375130517,29.8516265141414,33.6230049132193,35.09147625821,38.2329761991083,1,1,1,1,1,1,1,1,0.888888888888889,0.888888888888889,0.851851851851852,0.851851851851852,0.814814814814815,0.777777777777778,0.740740740740741,0.703703703703704,0,0,0,0,0,0,0,0,2809,13.668991,2.70222119481709
"810",270,270,3,9.87473358076391,21.934082781191,23.6638917909469,24.9319246143565,26.9305012886327,28.7595902897224,32.5309686888003,33.999440033791,37.1409399746893,1,1,1,1,1,1,1,1,0.888888888888889,0.888888888888889,0.888888888888889,0.851851851851852,0.814814814814815,0.777777777777778,0.777777777777778,0.740740740740741,0,0,0,0,0,0,0,0,2810,12.983136,3.10840241923609
"811",271,271,1,9.76225388143194,21.8248955006587,23.5551767793247,24.8235557984565,26.8226781200396,28.6522664952591,32.424674548337,33.8935468123643,37.0359044391371,1,1,1,1,1,1,1,1,0.925925925925926,0.888888888888889,0.888888888888889,0.851851851851852,0.814814814814815,0.777777777777778,0.777777777777778,0.740740740740741,0,0,0,0,0,0,0,0,2811,13.718372,3.95611811856806
"812",271,271,2,9.90129705207269,21.9639386712994,23.6942199499654,24.9625989690972,26.9617212906804,28.7913096658999,32.5637177189778,34.0325899830051,37.1749476097778,0,0,0,1,1,1,1,1,0,0,0,1,0.956521739130435,0.91304347826087,0.91304347826087,0.869565217391304,0,0,0,0,0,0,0,0,2812,25.19457,15.2932729479273
"813",271,271,3,12.0716028543198,24.1342444735466,25.8645257522126,27.1329047713444,29.1320270929275,30.9616154681471,34.7340235212249,36.2028957852523,39.345253412025,1,1,1,1,1,1,1,1,0.857142857142857,0.821428571428571,0.821428571428571,0.785714285714286,0.785714285714286,0.714285714285714,0.714285714285714,0.678571428571429,1,1,1,0,0,0,0,0,2813,12.46503,0.393427145680151
"814",272,272,1,9.67999588529712,21.7541522646908,23.4860852357948,24.7556750245629,26.7567056689499,28.5880405332064,32.3640496527302,33.8343240732975,36.9796813327852,1,1,1,1,1,1,1,1,0.925925925925926,0.888888888888889,0.888888888888889,0.851851851851852,0.814814814814815,0.777777777777778,0.777777777777778,0.740740740740741,1,1,1,0,0,0,0,0,2814,13.380519,3.70052311470288
"815",272,272,2,9.85376542371887,21.9279218031125,23.6598547742166,24.9294445629846,26.9304752073717,28.7618100716282,32.5378191911519,34.0080936117192,37.153450871207,1,1,1,1,1,1,1,1,0.888888888888889,0.888888888888889,0.888888888888889,0.851851851851852,0.814814814814815,0.777777777777778,0.777777777777778,0.740740740740741,0,0,0,0,0,0,0,0,2815,12.822609,2.96884357628113
"816",272,272,3,9.74786817844243,21.8220245578361,23.5539575289401,24.8235473177082,26.8245779620953,28.6559128263518,32.4319219458755,33.9021963664428,37.0475536259306,1,1,1,1,1,1,1,1,0.925925925925926,0.888888888888889,0.888888888888889,0.851851851851852,0.814814814814815,0.777777777777778,0.777777777777778,0.740740740740741,0,0,0,0,0,0,0,0,2816,13.498965,3.75109682155757
"817",273,273,1,9.88477018167707,21.9577963469633,23.6895671986599,24.9590381461405,26.9598814819494,28.7910449221798,32.5667005843982,34.036837378382,37.1819002133952,1,1,1,1,1,1,1,1,0.888888888888889,0.888888888888889,0.888888888888889,0.851851851851852,0.814814814814815,0.777777777777778,0.777777777777778,0.740740740740741,0,0,0,0,0,0,0,0,2817,14.284068,4.39929781832293
"818",273,273,2,10.0341325924679,22.1071587577541,23.8389296094508,25.1084005569313,27.1092438927403,28.9404073329706,32.7160629951891,34.1861997891728,37.3312626241861,1,1,1,1,1,1,1,1,0.857142857142857,0.857142857142857,0.821428571428571,0.821428571428571,0.785714285714286,0.75,0.75,0.714285714285714,0,0,0,0,0,0,0,0,2818,12.309892,2.27575940753209
"819",273,273,3,9.65855424582369,21.7315804111099,23.4633512628066,24.7328222102871,26.733665546096,28.5648289863264,32.3404846485449,33.8106214425286,36.9556842775418,1,1,1,1,1,1,1,1,0.925925925925926,0.888888888888889,0.888888888888889,0.851851851851852,0.814814814814815,0.777777777777778,0.777777777777778,0.740740740740741,0,0,0,0,0,0,0,0,2819,12.610518,2.95196375417631
"820",274,274,1,9.72570669128547,21.7984151166637,23.5301403913274,24.7995779286607,26.8003686059424,28.6314838533091,32.4070401471948,33.8771382498742,37.0221183126013,1,1,1,1,1,1,1,1,0.925925925925926,0.888888888888889,0.888888888888889,0.851851851851852,0.814814814814815,0.777777777777778,0.777777777777778,0.740740740740741,0,0,0,0,0,0,0,0,2820,14.259875,4.53416830871453
"821",274,274,2,10.0401232417224,22.1128316671006,23.8445569417643,25.1139944790976,27.1147851563793,28.945900403746,32.7214566976316,34.191554800311,37.3365348630382,1,1,1,1,1,1,1,1,0.888888888888889,0.888888888888889,0.851851851851852,0.851851851851852,0.814814814814815,0.777777777777778,0.777777777777778,0.740740740740741,0,0,0,0,0,0,0,0,2821,13.000582,2.96045875827765
"822",274,274,3,9.8000645030446,21.8727729284228,23.6044982030865,24.8739357404199,26.8747264177015,28.7058416650683,32.4813979589539,33.9514960616333,37.0964761243604,1,1,1,1,1,1,1,1,0.925925925925926,0.888888888888889,0.888888888888889,0.851851851851852,0.814814814814815,0.777777777777778,0.777777777777778,0.740740740740741,0,0,0,0,0,0,0,0,2822,13.009896,3.2098314969554
"823",275,275,1,9.81182100487567,21.8845935982178,23.6163280772192,24.8857723617727,26.8865736735085,28.7176986534831,32.4932750149254,33.9633809313611,37.1083777100529,1,1,1,1,1,1,1,1,0.888888888888889,0.888888888888889,0.888888888888889,0.851851851851852,0.814814814814815,0.777777777777778,0.777777777777778,0.740740740740741,0,0,0,0,0,0,0,0,2823,14.131511,4.31968999512433
"824",275,275,2,10.0257351702458,22.0985077635879,23.8302422425893,25.0996865271428,27.1004878388786,28.9316128188532,32.7071891802955,34.1772950967312,37.322291875423,1,1,1,1,1,1,1,1,1,1,0.958333333333333,0.958333333333333,0.916666666666667,0.875,0.875,0.833333333333333,0,0,0,0,0,0,0,0,2824,24.115075,14.0893398297542
"825",275,275,3,11.9297982939369,24.002570887279,25.7343053662804,27.0037496508339,29.0045509625697,30.8356759425444,34.6112523039866,36.0813582204224,39.2263549991141,1,1,1,1,1,1,1,1,0.888888888888889,0.851851851851852,0.851851851851852,0.814814814814815,0.814814814814815,0.740740740740741,0.740740740740741,0.703703703703704,0,0,0,0,0,0,0,0,2825,13.850757,1.92095870606311
"826",276,276,1,9.99239645105931,22.0752510320831,23.8084316847409,25.0789360838241,27.0814082672691,28.9140624220335,32.6927917720765,34.1641253758248,37.3117485453093,1,1,1,1,1,1,1,1,0.888888888888889,0.888888888888889,0.851851851851852,0.851851851851852,0.814814814814815,0.777777777777778,0.777777777777778,0.740740740740741,0,0,0,0,0,0,0,0,2826,14.546313,4.55391654894069
"827",276,276,2,10.1257720514837,22.2086266325074,23.9418072851653,25.2123116842485,27.2147838676935,29.0474380224578,32.8261673725009,34.2975009762492,37.4451241457337,1,1,1,1,1,1,1,1,0.888888888888889,0.888888888888889,0.851851851851852,0.851851851851852,0.814814814814815,0.777777777777778,0.777777777777778,0.740740740740741,0,0,0,0,0,0,0,0,2827,12.964447,2.83867494851632
"828",276,276,3,9.82244302040509,21.9052976014288,23.6384782540867,24.9089826531699,26.9114548366149,28.7441089913792,32.5228383414223,33.9941719451706,37.1417951146551,1,1,1,1,1,1,1,1,0.888888888888889,0.888888888888889,0.888888888888889,0.851851851851852,0.814814814814815,0.777777777777778,0.777777777777778,0.740740740740741,0,0,0,0,0,0,0,0,2828,13.711304,3.88886097959491
"829",277,277,1,9.97545238022901,22.0574022777485,23.7904531614072,25.0608624336009,27.0631846852943,28.8957016231476,32.674148047158,34.1453714872664,37.2927589837367,1,1,1,1,1,1,1,1,0.888888888888889,0.888888888888889,0.851851851851852,0.851851851851852,0.814814814814815,0.777777777777778,0.777777777777778,0.740740740740741,0,0,0,0,0,0,0,0,2829,15.140636,5.16518361977099
"830",277,277,2,10.2505220677687,22.3324719652882,24.0655228489469,25.3359321211406,27.338254372834,29.1707713106873,32.9492177346977,34.4204411748061,37.5678286712764,1,1,1,1,1,1,1,1,0.888888888888889,0.888888888888889,0.851851851851852,0.851851851851852,0.814814814814815,0.777777777777778,0.740740740740741,0.703703703703704,0,0,0,0,0,0,0,0,2830,12.994304,2.74378193223129
"831",277,277,3,9.83746836674162,21.9194182642612,23.6524691479198,24.9228784201135,26.9252006718069,28.7577176096602,32.5361640336706,34.007387473779,37.1547749702493,1,1,1,1,1,1,1,1,0.888888888888889,0.888888888888889,0.888888888888889,0.851851851851852,0.814814814814815,0.777777777777778,0.777777777777778,0.740740740740741,0,0,0,0,0,0,0,0,2831,12.948924,3.11145563325838
"832",278,278,1,9.84234778048381,21.9245363617751,23.6576214825499,24.9280558521889,26.9304176605625,28.7629708005237,32.5414918692604,34.0127443739787,37.1601940483528,1,1,1,1,1,1,1,1,0.923076923076923,0.923076923076923,0.923076923076923,0.884615384615385,0.846153846153846,0.807692307692308,0.807692307692308,0.769230769230769,0,0,0,0,0,0,0,0,2832,17.66248,7.82013221951619
"833",278,278,2,10.751880553669,22.8340691349603,24.5671542557351,25.8375886253741,27.8399504337477,29.6725035737089,33.4510246424456,34.9222771471639,38.069726821538,1,1,1,1,1,1,1,1,0.888888888888889,0.888888888888889,0.851851851851852,0.851851851851852,0.814814814814815,0.777777777777778,0.740740740740741,0.703703703703704,0,0,0,0,0,0,0,0,2833,13.171462,2.419581446331
"834",278,278,3,9.88528894937606,21.9674775306674,23.7005626514422,24.9709970210812,26.9733588294547,28.8059119694159,32.5844330381527,34.055685542871,37.2031352172451,1,1,1,1,1,1,1,1,0.888888888888889,0.888888888888889,0.888888888888889,0.851851851851852,0.814814814814815,0.777777777777778,0.777777777777778,0.740740740740741,0,0,0,0,0,0,0,0,2834,13.854433,3.96914405062394
"835",279,279,1,10.0270353368991,22.1113426671988,23.8447317041355,25.115388858872,27.1181018041333,28.9509763031035,32.7301599784296,34.2016704839864,37.3496720994126,1,1,1,1,1,1,1,1,0.888888888888889,0.888888888888889,0.851851851851852,0.851851851851852,0.814814814814815,0.777777777777778,0.777777777777778,0.740740740740741,0,0,0,0,0,0,0,0,2835,14.242927,4.21589166310089
"836",279,279,2,10.1021305808298,22.1864379111295,23.9198269480662,25.1904841028027,27.193197048064,29.0260715470342,32.8052552223603,34.2767657279171,37.4247673433433,1,1,1,1,1,1,1,1,1,1,0.958333333333333,0.958333333333333,0.916666666666667,0.875,0.875,0.833333333333333,0,0,0,0,0,0,0,0,2836,23.755522,13.6533914191702
"837",279,279,3,11.9408993698945,24.0252067001942,25.7585957371309,27.0292528918674,29.0319658371287,30.8648403360989,34.644024011425,36.1155345169818,39.263536132408,1,1,1,1,1,1,1,1,0.888888888888889,0.851851851851852,0.851851851851852,0.814814814814815,0.814814814814815,0.740740740740741,0.740740740740741,0.703703703703704,0,0,0,0,0,0,0,0,2837,12.997374,1.05647463010551
"838",280,280,1,9.87896962214037,21.9721471860538,23.7068085810397,24.9783984351439,26.9825814300489,28.8168013122956,32.5987590185324,34.0713496556675,37.2216619959853,1,1,1,1,1,1,1,1,0.888888888888889,0.888888888888889,0.888888888888889,0.851851851851852,0.814814814814815,0.777777777777778,0.777777777777778,0.740740740740741,0,0,0,0,0,0,0,0,2838,14.557233,4.67826337785963
"839",280,280,2,10.1816541562142,22.2748317201276,24.0094931151135,25.2810829692177,27.2852659641227,29.1194858463694,32.9014435526062,34.3740341897414,37.5243465300591,1,1,1,1,1,1,1,1,0.888888888888889,0.888888888888889,0.851851851851852,0.851851851851852,0.814814814814815,0.777777777777778,0.777777777777778,0.703703703703704,0,0,0,0,0,0,0,0,2839,13.180182,2.99852784378582
"840",280,280,3,9.91444279907813,22.0076203629916,23.7422817579775,25.0138716120817,27.0180546069867,28.8522744892333,32.6342321954702,34.1068228326053,37.257135172923,1,1,1,1,1,1,1,1,0.888888888888889,0.888888888888889,0.851851851851852,0.851851851851852,0.814814814814815,0.777777777777778,0.777777777777778,0.740740740740741,0,0,0,0,0,0,0,0,2840,13.127336,3.21289320092186
"841",281,281,1,9.91550743006525,22.0075986238862,23.7421041885083,25.0135798114949,27.0175827640204,28.8516378722353,32.6332558327171,34.1057141821703,37.2557435195229,1,1,1,1,1,1,1,1,0.888888888888889,0.888888888888889,0.851851851851852,0.851851851851852,0.814814814814815,0.777777777777778,0.777777777777778,0.740740740740741,0,0,0,0,0,0,0,0,2841,14.246041,4.33053356993475
"842",281,281,2,10.1333837894828,22.2254749833038,23.9599805479259,25.2314561709125,27.2354591234379,29.0695142316529,32.8511321921347,34.3235905415879,37.4736198789405,1,1,1,1,1,1,1,1,0.888888888888889,0.888888888888889,0.851851851851852,0.851851851851852,0.814814814814815,0.777777777777778,0.777777777777778,0.740740740740741,0,0,0,0,0,0,0,0,2842,12.707393,2.57400921051718
"843",281,281,3,9.83372031728495,21.9258115111059,23.660317075728,24.9317926987146,26.9357956512401,28.769850759455,32.5514687199368,34.02392706939,37.1739564067426,1,1,1,1,1,1,1,1,0.888888888888889,0.888888888888889,0.888888888888889,0.851851851851852,0.814814814814815,0.777777777777778,0.777777777777778,0.740740740740741,0,0,0,0,0,0,0,0,2843,13.734651,3.90093068271505
"844",282,282,1,10.0439373609754,22.1357772317225,23.8702467462302,25.1416959427571,27.145657243911,28.9796742329653,32.7612135959708,34.2336413417218,37.383605208591,1,1,1,1,1,1,1,1,0.888888888888889,0.888888888888889,0.851851851851852,0.851851851851852,0.814814814814815,0.777777777777778,0.777777777777778,0.740740740740741,0,0,0,0,0,0,0,0,2844,14.288884,4.24494663902457
"845",282,282,2,10.1520982385633,22.2439381093104,23.9784076238181,25.249856820345,27.2538181214989,29.0878351105532,32.8693744735587,34.3418022193097,37.4917660861789,1,1,1,1,1,1,1,1,0.888888888888889,0.888888888888889,0.851851851851852,0.851851851851852,0.814814814814815,0.777777777777778,0.777777777777778,0.740740740740741,0,0,0,0,0,0,0,0,2845,13.122993,2.97089476143668
"846",282,282,3,9.92456975553936,22.0164096262864,23.7508791407942,25.022328337321,27.026289638475,28.8603066275292,32.6418459905347,34.1142737362857,37.2642376031549,1,1,1,1,1,1,1,1,0.888888888888889,0.888888888888889,0.851851851851852,0.851851851851852,0.814814814814815,0.777777777777778,0.777777777777778,0.740740740740741,0,0,0,0,0,0,0,0,2846,12.986486,3.06191624446064
"847",283,283,1,9.90682422059673,21.9978263993313,23.732175754188,25.0035368679377,27.007359339733,28.8412492727396,32.6225266602845,34.094852399974,37.2445980453319,1,1,1,1,1,1,1,1,0.888888888888889,0.888888888888889,0.851851851851852,0.851851851851852,0.814814814814815,0.777777777777778,0.777777777777778,0.740740740740741,0,0,0,0,0,0,0,0,2847,14.191675,4.28485077940327
"848",283,283,2,10.1421193816122,22.2331215603467,23.9674709152035,25.2388320289532,27.2426545007484,29.076544433755,32.8578218212999,34.3301475609894,37.4798932063473,1,1,1,1,1,1,1,1,1,1,0.958333333333333,0.958333333333333,0.916666666666667,0.875,0.875,0.833333333333333,0,0,0,0,0,0,0,0,2848,22.796022,12.6539026183878
"849",283,283,3,11.8219896864337,23.9129918651683,25.647341220025,26.9187023337748,28.92252480557,30.7564147385766,34.5376921261215,36.010017865811,39.1597635111689,1,1,1,1,1,1,1,1,0.888888888888889,0.851851851851852,0.851851851851852,0.814814814814815,0.814814814814815,0.740740740740741,0.740740740740741,0.703703703703704,0,0,0,0,0,0,0,0,2849,12.782864,0.960874313566254
"850",284,284,1,9.88448466640136,21.9825151694448,23.7178726764424,24.9899728139793,26.9949600787322,28.8299160253749,32.6133914146561,34.0865729959569,37.2381495428032,0,0,0,0,0,0,0,0,0,0,0,0,0,0,0,0,0,0,0,0,0,0,0,0,2850,93.687281,83.8027963335986
"851",284,284,2,25.7602418454018,37.8582723484452,39.5936298554428,40.8657299929797,42.8707172577326,44.7056732043753,48.4891485936565,49.9623301749572,53.1139067218036,1,1,1,1,1,1,1,1,0.703703703703704,0.703703703703704,0.666666666666667,0.666666666666667,0.62962962962963,0.592592592592593,0.592592592592593,0.555555555555556,1,1,1,1,1,1,1,1,2851,13.343202,-12.4170398454018
"852",284,284,3,9.99443898479373,22.0924694878372,23.8278269948348,25.0999271323717,27.1049143971246,28.9398703437673,32.7233457330485,34.1965273143492,37.3481038611956,1,1,1,1,1,1,1,1,0.888888888888889,0.888888888888889,0.851851851851852,0.851851851851852,0.814814814814815,0.777777777777778,0.777777777777778,0.740740740740741,1,1,1,1,1,1,1,1,2852,13.550364,3.55592501520627
"853",285,285,1,10.0494437789297,22.5388990390183,24.3304030312138,25.6436612305648,27.7135186948752,29.6078435764385,33.5137311165787,35.034576633129,38.2881206104467,1,1,1,1,1,1,1,1,0.888888888888889,0.888888888888889,0.851851851851852,0.851851851851852,0.814814814814815,0.777777777777778,0.740740740740741,0.703703703703704,0,0,0,0,0,0,0,0,2853,13.164129,3.11468522107031
"854",285,285,2,9.97597658649534,22.465431846584,24.2569358387795,25.5701940381305,27.6400515024408,29.5343763840042,33.4402639241444,34.9611094406947,38.2146534180123,1,1,1,1,1,1,1,1,0.888888888888889,0.888888888888889,0.851851851851852,0.851851851851852,0.814814814814815,0.777777777777778,0.740740740740741,0.703703703703704,0,0,0,0,0,0,0,0,2854,12.901565,2.92558841350466
"855",285,285,3,9.92603331383922,22.4154885739279,24.2069925661234,25.5202507654743,27.5901082297847,29.4844331113481,33.3903206514883,34.9111661680386,38.1647101453562,1,1,1,1,1,1,1,1,0.857142857142857,0.857142857142857,0.821428571428571,0.821428571428571,0.785714285714286,0.75,0.714285714285714,0.678571428571429,0,0,0,0,0,0,0,0,2855,12.396791,2.47075768616078
"856",286,286,1,9.83808585049522,22.3261675597575,24.1174745280046,25.4305882993684,27.500218127295,29.3943346769934,33.2997926599634,34.8204709187293,38.0736570815606,1,1,1,1,1,1,1,1,0.888888888888889,0.888888888888889,0.851851851851852,0.851851851851852,0.814814814814815,0.777777777777778,0.740740740740741,0.703703703703704,0,0,0,0,0,0,0,0,2856,13.337976,3.49989014950478
"857",286,286,2,10.0172608184468,22.5053425277092,24.2966494959562,25.60976326732,27.6793930952466,29.573509644945,33.478967627915,34.9996458866809,38.2528320495122,0,0,0,0,0,0,0,0,0,0,0,0,0,0,0,0,0,0,0,0,0,0,0,0,2857,55.521462,45.5042011815532
"858",286,286,3,18.0478018408151,30.5358835500774,32.3271905183245,33.6403042896882,35.7099341176148,37.6040506673132,41.5095086502832,43.0301869090491,46.2833730718804,0,0,0,1,1,1,1,1,0,0,0,1,0.95,0.9,0.9,0.85,1,1,1,1,1,1,1,1,2858,36.918043,18.8702411591849
"859",287,287,1,14.7891588227226,27.405539306006,29.215249620201,30.5418539252543,32.6327465040006,34.5463226341884,38.4919041111322,40.0282053583459,43.3148137717735,1,1,1,1,1,1,1,1,0.884615384615385,0.846153846153846,0.846153846153846,0.807692307692308,0.769230769230769,0.730769230769231,0.730769230769231,0.692307692307692,1,1,1,1,1,1,1,1,2859,16.916175,2.12701617727736
"860",287,287,2,10.8035767275158,23.4199572107992,25.2296675249942,26.5562718300474,28.6471644087938,30.5607405389815,34.5063220159254,36.0426232631391,39.3292316765667,0,0,0,0,0,1,1,1,0,0,0,0,0,1,1,0.95,1,1,1,0,0,0,0,0,2860,35.64923,24.8456532724842
"861",287,287,3,14.5363345177644,27.1527150010478,28.9624253152428,30.2890296202961,32.3799221990424,34.2934983292302,38.239079806174,39.7753810533877,43.0619894668153,1,1,1,1,1,1,1,1,0.884615384615385,0.846153846153846,0.846153846153846,0.807692307692308,0.807692307692308,0.730769230769231,0.730769230769231,0.692307692307692,1,1,1,1,1,0,0,0,2861,16.152822,1.61648748223556
"862",288,288,1,10.6836010073363,23.3306683036679,25.1447803749403,26.4746113786772,28.5705896339179,30.4888201539315,34.4439984658242,35.9840364574411,39.2786388861157,0,0,0,0,0,0,0,0,0,0,0,0,0,0,0,0,1,1,1,1,1,0,0,0,2862,46.506357,35.8227559926637
"863",288,288,2,16.7970573690811,29.4441246654127,31.2582367366851,32.588067740422,34.6840459956627,36.6022765156764,40.5574548275691,42.097492819186,45.3920952478606,1,1,1,1,1,1,1,1,0.846153846153846,0.807692307692308,0.807692307692308,0.769230769230769,0.769230769230769,0.730769230769231,0.692307692307692,0.653846153846154,1,1,1,1,1,1,1,1,2863,17.46894,0.671882630918887
"864",288,288,3,10.9486782037783,23.59574550011,25.4098575713824,26.7396885751193,28.83566683036,30.7538973503736,34.7090756622663,36.2491136538832,39.5437160825578,1,1,1,1,1,1,1,1,1,0.958333333333333,0.958333333333333,0.916666666666667,0.916666666666667,0.833333333333333,0.833333333333333,0.791666666666667,1,1,1,1,1,1,1,1,2864,23.770144,12.8214657962217
"865",289,289,1,12.2941458542611,25.0154139877324,26.8401695252883,28.1778026993956,30.2860781408157,32.2155629941128,36.1939464914372,37.7430199460217,41.0569519356548,1,1,1,1,1,1,1,1,0.958333333333333,0.958333333333333,0.916666666666667,0.916666666666667,0.875,0.833333333333333,0.791666666666667,0.75,0,0,0,0,0,0,0,0,2865,24.940671,12.6465251457389
"866",289,289,2,12.5335068911248,25.2547750245961,27.079530562152,28.4171637362593,30.5254391776793,32.4549240309765,36.4333075283009,37.9823809828854,41.2963129725185,1,1,1,1,1,1,1,1,0.958333333333333,0.958333333333333,0.916666666666667,0.916666666666667,0.875,0.833333333333333,0.791666666666667,0.75,0,0,0,0,0,0,0,0,2866,24.402036,11.8685291088752
"867",289,289,3,12.4233614334881,25.1446295669595,26.9693851045153,28.3070182786226,30.4152937200427,32.3447785733398,36.3231620706643,37.8722355252488,41.1861675148818,1,1,1,1,1,1,1,1,1,1,0.956521739130435,0.956521739130435,0.91304347826087,0.869565217391304,0.826086956521739,0.782608695652174,0,0,0,0,0,0,0,0,2867,28.07665,15.6532885665119
"868",290,290,1,13.2741620688884,25.9935996854423,27.8180926512289,29.155533347658,31.2635054204341,33.1927126320191,37.1705236629652,38.7193742148379,42.0328293488221,1,1,1,1,1,1,1,1,1,1,0.956521739130435,0.91304347826087,0.91304347826087,0.869565217391304,0.826086956521739,0.782608695652174,0,0,0,0,0,0,0,0,2868,27.556378,14.2822159311116
"869",290,290,2,13.1652610450859,25.8846986616398,27.7091916274264,29.0466323238555,31.1546043966316,33.0838116082166,37.0616226391627,38.6104731910354,41.9239283250196,1,1,1,1,1,1,1,1,0.958333333333333,0.958333333333333,0.916666666666667,0.916666666666667,0.875,0.833333333333333,0.791666666666667,0.75,0,0,0,0,0,0,0,0,2869,23.366965,10.2017039549141
"870",290,290,3,12.2883517268225,25.0077893433764,26.832282309163,28.1697230055921,30.2776950783682,32.2069022899532,36.1847133208993,37.733563872772,41.0470190067562,1,1,1,1,1,1,1,1,0.851851851851852,0.851851851851852,0.814814814814815,0.814814814814815,0.777777777777778,0.740740740740741,0.703703703703704,0.666666666666667,0,0,0,0,0,0,0,0,2870,14.86029,2.57193827317748
"871",291,291,1,10.5445035363384,23.2778567840295,25.1043458263636,26.4432497424696,28.5535280305594,30.4848458807396,34.4670088140818,36.0175538774271,39.334634078873,1,1,1,1,1,1,1,1,0.888888888888889,0.851851851851852,0.851851851851852,0.814814814814815,0.814814814814815,0.740740740740741,0.740740740740741,0.703703703703704,0,0,0,0,0,0,0,0,2871,13.469831,2.92532746366164
"872",291,291,2,10.2485809450359,22.981934192727,24.8084232350612,26.1473271511671,28.2576054392569,30.1889232894372,34.1710862227794,35.7216312861247,39.0387114875705,0,0,0,0,0,1,1,1,0,0,0,0,0,1,0.952380952380952,0.904761904761905,0,0,0,0,0,0,0,0,2872,33.388621,23.1400400549641
"873",291,291,3,14.4877709912076,27.2211242388987,29.0476132812329,30.3865171973388,32.4967954854286,34.4281133356088,38.4102762689511,39.9608213322963,43.2779015337422,1,1,1,1,1,1,1,1,0.851851851851852,0.814814814814815,0.814814814814815,0.777777777777778,0.740740740740741,0.703703703703704,0.703703703703704,0.666666666666667,1,1,1,1,1,0,0,0,2873,13.19085,-1.29692099120757
"874",292,292,1,10.2090597519951,22.9685568426902,24.798795992466,26.1404489168731,28.2550599822907,30.1903431721332,34.180682195506,35.7344108041373,39.058301562263,1,1,1,1,1,1,1,1,0.888888888888889,0.888888888888889,0.851851851851852,0.814814814814815,0.814814814814815,0.777777777777778,0.740740740740741,0.703703703703704,1,1,1,1,1,0,0,0,2874,13.772132,3.56307224800487
"875",292,292,2,10.3331843736562,23.0926814643513,24.9229206141271,26.2645735385342,28.3791846039518,30.3144677937943,34.3048068171671,35.8585354257984,39.1824261839241,1,1,1,1,1,1,1,1,0.888888888888889,0.888888888888889,0.851851851851852,0.814814814814815,0.814814814814815,0.777777777777778,0.740740740740741,0.703703703703704,0,0,0,0,0,0,0,0,2875,13.547623,3.21443862634378
"876",292,292,3,10.2852436242704,23.0447407149655,24.8749798647412,26.2166327891484,28.331243854566,30.2665270444084,34.2568660677813,35.8105946764126,39.1344854345383,1,1,1,1,1,1,1,1,0.888888888888889,0.888888888888889,0.851851851851852,0.814814814814815,0.814814814814815,0.777777777777778,0.740740740740741,0.703703703703704,0,0,0,0,0,0,0,0,2876,13.758768,3.47352437572963
"877",293,293,1,10.3384090215515,23.0970809539101,24.9272017418819,26.26876790142,28.3832422146649,30.3184002494917,34.3084812171209,35.862109345921,39.1857851475991,1,1,1,1,1,1,1,1,0.888888888888889,0.888888888888889,0.851851851851852,0.814814814814815,0.814814814814815,0.777777777777778,0.740740740740741,0.703703703703704,0,0,0,0,0,0,0,0,2877,13.625347,3.28693797844853
"878",293,293,2,10.3098487909371,23.0685207232957,24.8986415112676,26.2402076708056,28.3546819840506,30.2898400188774,34.2799209865066,35.8335491153067,39.1572249169847,1,1,1,1,1,1,1,1,0.888888888888889,0.888888888888889,0.851851851851852,0.814814814814815,0.814814814814815,0.777777777777778,0.740740740740741,0.703703703703704,0,0,0,0,0,0,0,0,2878,13.26074,2.95089120906285
"879",293,293,3,10.2318006575579,22.9904725899165,24.8205933778883,26.1621595374264,28.2766338506713,30.2117918854981,34.2018728531273,35.7555009819274,39.0791767836055,1,1,1,1,1,1,1,1,0.827586206896552,0.827586206896552,0.793103448275862,0.758620689655172,0.758620689655172,0.724137931034483,0.689655172413793,0.655172413793103,0,0,0,0,0,0,0,0,2879,7.667147,-2.56465365755787
"880",294,294,1,9.04054224568479,21.7976713349787,23.6275708154995,24.9689747460801,27.0831933664092,29.0181173921503,33.0077158590317,34.5611561152698,37.8844300012793,1,1,1,1,1,1,1,1,0.925925925925926,0.888888888888889,0.888888888888889,0.851851851851852,0.814814814814815,0.777777777777778,0.740740740740741,0.703703703703704,0,0,0,0,0,0,0,0,2880,13.911589,4.87104675431521
"881",294,294,2,10.3766305311136,23.1337596204076,24.9636591009283,26.305063031509,28.419281651838,30.3542056775792,34.3438041444606,35.8972444006987,39.2205182867081,0,0,0,0,0,0,0,0,0,0,0,0,0,0,0,0,0,0,0,0,0,0,0,0,2881,46.619247,36.2426164688864
"882",294,294,3,17.3749049482054,30.1320340374993,31.96193351802,33.3033374486007,35.4175560689297,37.3524800946709,41.3420785615523,42.8955188177904,46.2187927037999,1,1,1,1,1,1,1,1,0.814814814814815,0.777777777777778,0.777777777777778,0.740740740740741,0.740740740740741,0.666666666666667,0.666666666666667,0.62962962962963,1,1,1,1,1,1,1,1,2882,13.863307,-3.51159794820535
"883",295,295,1,10.3915910558089,23.2171052830667,25.0568140182842,26.4054086022019,28.5309605821784,30.4762568511981,34.4872417318775,36.049009271276,39.390097709572,1,1,1,1,1,1,1,1,0.888888888888889,0.851851851851852,0.851851851851852,0.814814814814815,0.814814814814815,0.740740740740741,0.740740740740741,0.703703703703704,1,1,1,1,1,1,1,1,2883,13.424885,3.0332939441911
"884",295,295,2,10.297727321045,23.1232415483028,24.9629502835203,26.311544867438,28.4370968474145,30.3823931164342,34.3933779971136,35.9551455365122,39.2962339748081,0,0,1,1,1,1,1,1,0,0,1,0.956521739130435,0.956521739130435,0.869565217391304,0.869565217391304,0.826086956521739,0,0,0,0,0,0,0,0,2884,27.769093,17.471365678955
"885",295,295,3,13.3687432260634,26.1942574533212,28.0339661885387,29.3825607724564,31.5081127524329,33.4534090214526,37.464393902132,39.0261614415305,42.3672498798265,1,1,1,1,1,1,1,1,0.851851851851852,0.851851851851852,0.814814814814815,0.777777777777778,0.777777777777778,0.740740740740741,0.703703703703704,0.666666666666667,1,1,0,0,0,0,0,0,2885,13.343868,-0.0248752260634024
"886",296,296,1,10.2968631245884,23.1363280978438,24.9780379465308,26.3280994424305,28.4559634572503,30.4033756908745,34.4187234555895,35.98218978241,39.3269124357037,1,1,1,1,1,1,1,1,0.888888888888889,0.888888888888889,0.851851851851852,0.814814814814815,0.814814814814815,0.740740740740741,0.740740740740741,0.703703703703704,1,1,0,0,0,0,0,0,2886,13.258738,2.96187487541165
"887",296,296,2,10.2785878961461,23.1180528694016,24.9597627180886,26.3098242139883,28.4376882288081,30.3851004624323,34.4004482271473,35.9639145539678,39.3086372072615,1,1,1,1,1,1,1,1,0.888888888888889,0.888888888888889,0.851851851851852,0.814814814814815,0.814814814814815,0.740740740740741,0.740740740740741,0.703703703703704,0,0,0,0,0,0,0,0,2887,13.050702,2.77211410385388
"888",296,296,3,10.2339279005605,23.0733928738159,24.9151027225029,26.2651642184026,28.3930282332224,30.3404404668466,34.3557882315616,35.9192545583821,39.2639772116758,1,1,1,1,1,1,1,1,0.8,0.8,0.766666666666667,0.733333333333333,0.733333333333333,0.7,0.666666666666667,0.633333333333333,0,0,0,0,0,0,0,0,2888,5.312436,-4.92149190056046
"889",297,297,1,8.57398192775309,21.4141947620991,23.2560118849708,24.6061520179838,26.7341399746272,28.6816656392892,32.6972472862076,34.2608046803455,37.6057221539013,1,1,1,1,1,1,1,1,0.925925925925926,0.888888888888889,0.888888888888889,0.851851851851852,0.814814814814815,0.777777777777778,0.777777777777778,0.703703703703704,0,0,0,0,0,0,0,0,2889,12.777892,4.20391007224691
"890",297,297,2,10.1746613965273,23.0148742308733,24.8566913537449,26.206831486758,28.3348194434013,30.2823451080633,34.2979267549818,35.8614841491197,39.2064016226755,1,1,1,1,1,1,1,1,0.888888888888889,0.888888888888889,0.851851851851852,0.814814814814815,0.814814814814815,0.777777777777778,0.740740740740741,0.703703703703704,0,0,0,0,0,0,0,0,2890,13.432442,3.25778060347273
"891",297,297,3,10.3150044306683,23.1552172650143,24.9970343878859,26.347174520899,28.4751624775423,30.4226881422044,34.4382697891228,36.0018271832607,39.3467446568165,1,1,1,1,1,1,1,1,0.888888888888889,0.888888888888889,0.851851851851852,0.814814814814815,0.814814814814815,0.740740740740741,0.740740740740741,0.703703703703704,0,0,0,0,0,0,0,0,2891,14.462528,4.14752356933173
"892",298,298,1,10.5481360953348,23.3884411932708,25.2302715505539,26.5804213850241,28.7084246323649,30.655964291009,34.6715747919646,36.2351434210735,39.5800849295964,1,1,1,1,1,1,1,1,0.888888888888889,0.851851851851852,0.851851851851852,0.814814814814815,0.814814814814815,0.740740740740741,0.740740740740741,0.703703703703704,0,0,0,0,0,0,0,0,2892,13.321449,2.77331290466516
"893",298,298,2,10.3030971267713,23.1434022247072,24.9852325819903,26.3353824164606,28.4633856638013,30.4109253224454,34.426535823401,35.9901044525099,39.3350459610329,1,1,1,1,1,1,1,1,0.888888888888889,0.888888888888889,0.851851851851852,0.814814814814815,0.814814814814815,0.740740740740741,0.740740740740741,0.703703703703704,0,0,0,0,0,0,0,0,2893,13.394612,3.09151487322874
"894",298,298,3,10.318808384324,23.1591134822599,25.000943839543,26.3510936740133,28.479096921354,30.4266365799982,34.4422470809537,36.0058157100627,39.3507572185856,1,1,1,1,1,1,1,1,0.888888888888889,0.851851851851852,0.851851851851852,0.814814814814815,0.814814814814815,0.740740740740741,0.740740740740741,0.703703703703704,0,0,0,0,0,0,0,0,2894,14.695826,4.377017615676
"895",299,299,1,10.6079957170594,23.4482579139465,25.2900821174464,26.6402274408989,28.7682235783174,30.7157567299904,34.7313538142942,36.2949172193268,39.6398475519861,0,0,0,0,0,1,1,1,0,0,0,0,0,1,1,0.95,0,0,0,0,0,0,0,0,2895,34.406382,23.7983862829406
"896",299,299,2,14.845203409929,27.6854656068161,29.527289810316,30.8774351337685,33.0054312711869,34.95296442286,38.9685615071638,40.5321249121964,43.8770552448557,1,1,1,1,1,1,1,1,1,0.956521739130435,0.956521739130435,0.91304347826087,0.869565217391304,0.826086956521739,0.826086956521739,0.739130434782609,1,1,1,1,1,0,0,0,2896,26.351712,11.506508590071
"897",299,299,3,13.1136789573704,25.9539411542575,27.7957653577574,29.1459106812099,31.2739068186283,33.2214399703014,37.2370370546052,38.8006004596378,42.1455307922971,1,1,1,1,1,1,1,1,0.793103448275862,0.793103448275862,0.758620689655172,0.724137931034483,0.724137931034483,0.689655172413793,0.655172413793103,0.620689655172414,1,1,1,1,1,0,0,0,2897,6.281142,-6.83253695737035
"898",300,300,1,8.81135347860464,21.6884881035003,23.5356013368741,24.8896237724507,27.0237307184474,28.9768564565356,33.0039848329682,34.5720382069909,37.9265739278419,1,1,1,1,1,1,1,1,0.925925925925926,0.888888888888889,0.888888888888889,0.851851851851852,0.814814814814815,0.777777777777778,0.740740740740741,0.703703703703704,0,0,0,0,0,0,0,0,2898,14.431417,5.62006352139537
"899",300,300,2,10.5793236418882,23.4564582667839,25.3035715001576,26.6575939357343,28.7917008817309,30.7448266198192,34.7719549962517,36.3400083702744,39.6945440911254,1,1,1,1,1,1,1,1,0.888888888888889,0.851851851851852,0.851851851851852,0.814814814814815,0.814814814814815,0.740740740740741,0.740740740740741,0.703703703703704,0,0,0,0,0,0,0,0,2899,14.119855,3.54053135811183
"900",300,300,3,10.5117391346153,23.388873759511,25.2359869928848,26.5900094284614,28.7241163744581,30.6772421125463,34.7043704889789,36.2724238630016,39.6269595838526,1,1,1,1,1,1,1,1,0.888888888888889,0.851851851851852,0.851851851851852,0.814814814814815,0.814814814814815,0.740740740740741,0.740740740740741,0.703703703703704,0,0,0,0,0,0,0,0,2900,15.331342,4.81960286538465
"901",301,301,1,10.7827891297283,23.661108865793,25.5083920930813,26.8625391423363,28.9968424949134,30.9501479834814,34.9776469854418,36.5458446708832,39.900689117073,1,1,1,1,1,1,1,1,0.888888888888889,0.851851851851852,0.851851851851852,0.814814814814815,0.814814814814815,0.740740740740741,0.740740740740741,0.703703703703704,0,0,0,0,0,0,0,0,2901,14.521719,3.73892987027169
"902",301,301,2,10.6069044514757,23.4852241875404,25.3325074148287,26.6866544640837,28.8209578166608,30.7742633052288,34.8017623071892,36.3699599926306,39.7248044388204,1,1,1,1,1,1,1,1,0.888888888888889,0.851851851851852,0.851851851851852,0.814814814814815,0.814814814814815,0.740740740740741,0.740740740740741,0.703703703703704,0,0,0,0,0,0,0,0,2902,14.208633,3.60172854852429
"903",301,301,3,10.5388888066936,23.4172085427583,25.2644917700467,26.6186388193016,28.7529421718787,30.7062476604467,34.7337466624071,36.3019443478486,39.6567887940384,1,1,1,1,1,1,1,1,0.888888888888889,0.851851851851852,0.851851851851852,0.814814814814815,0.814814814814815,0.740740740740741,0.740740740740741,0.703703703703704,0,0,0,0,0,0,0,0,2903,14.923897,4.38500819330635
"904",302,302,1,10.7040930621122,23.5827468924418,25.4300780426536,26.7842602217059,28.9186189431917,30.871975105153,34.8995785900232,36.467816958245,39.8227484370844,1,1,1,1,1,1,1,1,0.888888888888889,0.851851851851852,0.851851851851852,0.814814814814815,0.814814814814815,0.740740740740741,0.740740740740741,0.703703703703704,0,0,0,0,0,0,0,0,2904,14.759074,4.05498093788779
"905",302,302,2,10.6682708683836,23.5469246987131,25.394255848925,26.7484380279773,28.8827967494631,30.8361529114244,34.8637563962946,36.4319947645164,39.7869262433557,1,1,1,1,1,1,1,1,0.888888888888889,0.851851851851852,0.851851851851852,0.814814814814815,0.814814814814815,0.740740740740741,0.740740740740741,0.703703703703704,0,0,0,0,0,0,0,0,2905,14.103008,3.43473713161641
"906",302,302,3,10.5256832237542,23.4043370540837,25.2516682042956,26.6058503833479,28.7402091048337,30.693565266795,34.7211687516651,36.2894071198869,39.6443385987263,1,1,1,1,1,1,1,1,0.8,0.766666666666667,0.766666666666667,0.733333333333333,0.733333333333333,0.666666666666667,0.666666666666667,0.633333333333333,0,0,0,0,0,0,0,0,2906,6.013642,-4.51204122375416
"907",303,303,1,8.77266878591441,21.651704761995,23.4990907276991,24.8533130891317,26.9877351430222,28.941149266535,32.9688722616878,34.5371571639369,37.8921881929953,1,1,1,1,1,1,1,1,0.925925925925926,0.888888888888889,0.888888888888889,0.851851851851852,0.814814814814815,0.777777777777778,0.740740740740741,0.703703703703704,0,0,0,0,0,0,0,0,2907,14.115297,5.34262821408559
"908",303,303,2,10.5348830219211,23.4139189980017,25.2613049637058,26.6155273251384,28.7499493790289,30.7033635025417,34.7310864976945,36.2993713999436,39.654402429002,0,1,1,1,1,1,1,1,0,1,1,0.956521739130435,0.956521739130435,0.869565217391304,0.869565217391304,0.826086956521739,0,0,0,0,0,0,0,0,2908,25.868286,15.3334029780789
"909",303,303,3,13.0913093979431,25.9703453740236,27.8177313397278,29.1719537011604,31.3063757550509,33.2597898785637,37.2875128737165,38.8557977759655,42.210828805024,1,1,1,1,1,1,1,1,0.851851851851852,0.851851851851852,0.814814814814815,0.777777777777778,0.777777777777778,0.740740740740741,0.703703703703704,0.666666666666667,1,0,0,0,0,0,0,0,2909,15.566942,2.47563260205693
"910",304,304,1,10.8697932185172,23.7609890902675,25.6101192875,26.9656202541527,29.1020575481232,31.0573160109162,35.08884182885,36.6586074460242,40.0168061677079,1,1,1,1,1,1,1,1,0.888888888888889,0.851851851851852,0.851851851851852,0.814814814814815,0.814814814814815,0.740740740740741,0.740740740740741,0.703703703703704,1,0,0,0,0,0,0,0,2910,13.210282,2.3404887814828
"911",304,304,2,10.3553108590658,23.2465067308161,25.0956369280486,26.4511378947013,28.5875751886718,30.5428336514648,34.5743594693986,36.1441250865728,39.5023238082565,1,1,1,1,1,1,1,1,0.888888888888889,0.851851851851852,0.851851851851852,0.814814814814815,0.814814814814815,0.740740740740741,0.740740740740741,0.703703703703704,0,0,0,0,0,0,0,0,2911,12.979863,2.6245521409342
"912",304,304,3,10.3050080955011,23.1962039672513,25.0453341644839,26.4008351311366,28.537272425107,30.4925308879001,34.5240567058338,36.0938223230081,39.4520210446918,1,1,1,1,1,1,1,1,0.888888888888889,0.851851851851852,0.851851851851852,0.814814814814815,0.814814814814815,0.740740740740741,0.740740740740741,0.703703703703704,0,0,0,0,0,0,0,0,2912,14.636459,4.33145090449892
"913",305,305,1,10.675113376628,23.5655313862925,25.4145500059579,26.7699691809118,28.9062775610417,30.8614180424278,34.8927005958023,36.462371492427,39.8203675784912,1,1,1,1,1,1,1,1,0.888888888888889,0.851851851851852,0.851851851851852,0.814814814814815,0.814814814814815,0.740740740740741,0.740740740740741,0.703703703703704,0,0,0,0,0,0,0,0,2913,14.260083,3.58496962337197
"914",305,305,2,10.5927562114217,23.4831742210862,25.3321928407516,26.6876120157055,28.8239203958354,30.7790608772215,34.810343430596,36.3800143272207,39.7380104132849,1,1,1,1,1,1,1,1,0.888888888888889,0.851851851851852,0.851851851851852,0.814814814814815,0.814814814814815,0.740740740740741,0.740740740740741,0.703703703703704,0,0,0,0,0,0,0,0,2914,13.90779,3.31503378857825
"915",305,305,3,10.5156687967034,23.4060868063679,25.2551054260333,26.6105246009872,28.7468329811171,30.7019734625032,34.7332560158777,36.3029269125024,39.6609229985666,1,1,1,1,1,1,1,1,0.8,0.766666666666667,0.766666666666667,0.733333333333333,0.733333333333333,0.666666666666667,0.666666666666667,0.633333333333333,0,0,0,0,0,0,0,0,2915,5.113622,-5.40204679670344
"916",306,306,1,8.59488017133005,21.4857776458572,23.3348650405971,24.6903346309734,26.8267224720488,28.7819356757595,32.8133681744915,34.3830974557271,37.7412184439574,1,1,1,1,1,1,1,1,0.925925925925926,0.888888888888889,0.888888888888889,0.851851851851852,0.814814814814815,0.777777777777778,0.740740740740741,0.703703703703704,0,0,0,0,0,0,0,0,2916,13.52384,4.92895982866995
"917",306,306,2,10.4365082684527,23.3274057429798,25.1764931377197,26.531962728096,28.6683505691715,30.6235637728822,34.6549962716141,36.2247255528498,39.5828465410801,1,1,1,1,1,1,1,1,0.888888888888889,0.851851851851852,0.851851851851852,0.814814814814815,0.814814814814815,0.740740740740741,0.740740740740741,0.703703703703704,0,0,0,0,0,0,0,0,2917,13.371963,2.93545473154728
"918",306,306,3,10.4032509913516,23.2941484658787,25.1432358606186,26.4987054509949,28.6350932920704,30.5903064957811,34.621738994513,36.1914682757487,39.549589263979,1,1,1,1,1,1,1,1,0.96,0.92,0.92,0.88,0.88,0.8,0.8,0.76,0,0,0,0,0,0,0,0,2918,21.175424,10.7721730086484
"919",307,307,1,12.1269496918996,25.0232311265197,26.8730908036209,28.2291265139432,30.3664066301223,32.3224364402703,36.3555526907918,37.9259375788092,41.2854611062671,1,1,1,1,1,1,1,1,0.851851851851852,0.851851851851852,0.814814814814815,0.814814814814815,0.777777777777778,0.740740740740741,0.703703703703704,0.666666666666667,0,0,0,0,0,0,0,0,2919,13.460303,1.33335330810037
"920",307,307,2,10.4361231623228,23.3324045969428,25.1822642740441,26.5382999843664,28.6755801005454,30.6316099106935,34.6647261612149,36.2351110492323,39.5946345766903,1,1,1,1,1,1,1,1,1,0.958333333333333,0.958333333333333,0.916666666666667,0.916666666666667,0.833333333333333,0.833333333333333,0.791666666666667,0,0,0,0,0,0,0,0,2920,24.95863,14.5225068376772
"921",307,307,3,12.9560676113275,25.8523490459475,27.7022087230488,29.0582444333711,31.1955245495501,33.1515543596982,37.1846706102196,38.755055498237,42.114579025695,1,1,1,1,1,1,1,1,0.851851851851852,0.851851851851852,0.814814814814815,0.814814814814815,0.777777777777778,0.740740740740741,0.703703703703704,0.666666666666667,0,0,0,0,0,0,0,0,2921,13.317331,0.3612633886725
"922",308,308,1,10.4185419001167,23.3235287110124,25.1746370988082,26.5315881738549,28.6703110181344,30.6276612069971,34.6634999317994,36.234944876657,39.5967361831303,1,1,1,1,1,1,1,1,0.888888888888889,0.851851851851852,0.851851851851852,0.814814814814815,0.814814814814815,0.740740740740741,0.740740740740741,0.703703703703704,0,0,0,0,0,0,0,0,2922,13.717502,3.2989600998833
"923",308,308,2,10.5063695335152,23.411356344411,25.2624647322067,26.6194158072534,28.758138651533,30.7154888403957,34.7513275651979,36.3227725100556,39.6845638165289,1,1,1,1,1,1,1,1,0.888888888888889,0.851851851851852,0.851851851851852,0.814814814814815,0.814814814814815,0.740740740740741,0.740740740740741,0.703703703703704,0,0,0,0,0,0,0,0,2923,13.302162,2.79579246648476
"924",308,308,3,10.4152126799308,23.3201994908265,25.1713078786222,26.5282589536689,28.6669817979485,30.6243319868112,34.6601707116135,36.2316156564711,39.5934069629444,1,1,1,1,1,1,1,1,0.8,0.766666666666667,0.766666666666667,0.733333333333333,0.733333333333333,0.666666666666667,0.666666666666667,0.633333333333333,0,0,0,0,0,0,0,0,2924,5.9206,-4.49461267993077
"925",309,309,1,8.7942147939134,21.6987139000282,23.5497523308047,24.9066521240069,27.0452941417524,29.0025703585097,33.0382565610452,34.609642117914,37.9713063756954,1,1,1,1,1,1,1,1,0.925925925925926,0.888888888888889,0.888888888888889,0.851851851851852,0.814814814814815,0.777777777777778,0.740740740740741,0.703703703703704,0,0,0,0,0,0,0,0,2925,13.626978,4.8327632060866
"926",309,309,2,10.48813788917,23.3926369952848,25.2436754260613,26.6005752192636,28.7392172370091,30.6964934537663,34.7321796563018,36.3035652131706,39.6652294709521,1,1,1,1,1,1,1,1,0.888888888888889,0.851851851851852,0.851851851851852,0.814814814814815,0.814814814814815,0.740740740740741,0.740740740740741,0.703703703703704,0,0,0,0,0,0,0,0,2926,13.188525,2.70038711082998
"927",309,309,3,10.3917624371893,23.2962615433041,25.1472999740806,26.5041997672828,28.6428417850283,30.6001180017855,34.635804204321,36.2071897611898,39.5688540189713,1,1,1,1,1,1,1,1,0.888888888888889,0.851851851851852,0.851851851851852,0.814814814814815,0.814814814814815,0.740740740740741,0.740740740740741,0.703703703703704,0,0,0,0,0,0,0,0,2927,13.197377,2.80561456281073
"928",310,310,1,10.403416921196,23.3072638365412,25.1582087162105,26.5150399319721,28.6535738631835,30.6107511595974,34.6462333993701,36.2175395387313,39.5790338986824,1,1,1,1,1,1,1,1,0.888888888888889,0.851851851851852,0.851851851851852,0.814814814814815,0.814814814814815,0.740740740740741,0.740740740740741,0.703703703703704,0,0,0,0,0,0,0,0,2928,13.437691,3.03427407880401
"929",310,310,2,10.4562100059522,23.3600569212974,25.2110018009667,26.5678330167284,28.7063669479397,30.6635442443536,34.6990264841263,36.2703326234875,39.6318269834386,1,1,1,1,1,1,1,1,0.888888888888889,0.851851851851852,0.851851851851852,0.814814814814815,0.814814814814815,0.740740740740741,0.740740740740741,0.703703703703704,0,0,0,0,0,0,0,0,2929,13.29032,2.83410999404781
"930",310,310,3,10.423834989542,23.3276819048871,25.1786267845565,26.5354580003181,28.6739919315295,30.6311692279434,34.6666514677161,36.2379576070772,39.5994519670284,1,1,1,1,1,1,1,1,0.888888888888889,0.851851851851852,0.851851851851852,0.814814814814815,0.814814814814815,0.740740740740741,0.740740740740741,0.703703703703704,0,0,0,0,0,0,0,0,2930,13.128464,2.70462901045803
"931",311,311,1,10.3994315938466,23.3015016931464,25.1521917039706,26.5088360886662,28.6470755509934,30.6039833507179,34.6389099182448,36.2099996940689,39.5710311876242,1,1,1,1,1,1,1,1,0.888888888888889,0.851851851851852,0.851851851851852,0.814814814814815,0.814814814814815,0.740740740740741,0.740740740740741,0.703703703703704,0,0,0,0,0,0,0,0,2931,13.745604,3.34617240615344
"932",311,311,2,10.5351593182084,23.4372294175082,25.2879194283324,26.644563813028,28.7828032753551,30.7397110750797,34.7746376426066,36.3457274184307,39.706758911986,1,1,1,1,1,1,1,1,0.96,0.92,0.92,0.88,0.88,0.8,0.8,0.76,0,0,0,0,0,0,0,0,2932,21.261849,10.7266896817916
"933",311,311,3,12.1882085932443,25.0902786925441,26.9409687033683,28.2976130880639,30.4358525503911,32.3927603501156,36.4276869176426,37.9987766934667,41.3598081870219,1,1,1,1,1,1,1,1,0.766666666666667,0.766666666666667,0.733333333333333,0.733333333333333,0.7,0.666666666666667,0.633333333333333,0.6,0,0,0,0,0,0,0,0,2933,6.038102,-6.15010659324432
"934",312,312,1,8.8489859554528,21.7567267904222,23.608230219076,24.9654708779853,27.1046501422741,29.0624180448175,33.0991180488422,34.6708983522145,38.0334070909738,1,1,1,1,1,1,1,1,0.925925925925926,0.888888888888889,0.888888888888889,0.851851851851852,0.814814814814815,0.777777777777778,0.740740740740741,0.703703703703704,0,0,0,0,0,0,0,0,2934,13.861232,5.0122460445472
"935",312,312,2,10.5655114870312,23.4732523220006,25.3247557506544,26.6819964095636,28.8211756738525,30.7789435763959,34.8156435804206,36.3874238837929,39.7499326225522,1,1,1,1,1,1,1,1,0.888888888888889,0.851851851851852,0.851851851851852,0.814814814814815,0.814814814814815,0.740740740740741,0.740740740740741,0.703703703703704,0,0,0,0,0,0,0,0,2935,13.67671,3.11119851296881
"936",312,312,3,10.5250242748619,23.4327651098313,25.2842685384851,26.6415091973944,28.7806884616832,30.7384563642266,34.7751563682513,36.3469366716236,39.7094454103829,1,1,1,1,1,1,1,1,0.888888888888889,0.851851851851852,0.851851851851852,0.814814814814815,0.814814814814815,0.740740740740741,0.740740740740741,0.703703703703704,0,0,0,0,0,0,0,0,2936,14.819403,4.2943787251381
"937",313,313,1,10.7841556854509,23.6918299113817,25.5433237855469,26.9005574405585,29.0397256658378,30.997483465526,35.0341626385849,36.6059348309503,39.9684262178371,1,1,1,1,1,1,1,1,0.888888888888889,0.851851851851852,0.851851851851852,0.814814814814815,0.814814814814815,0.740740740740741,0.740740740740741,0.703703703703704,0,0,0,0,0,0,0,0,2937,14.507748,3.72359231454907
"938",313,313,2,10.7156183527259,23.6232925786567,25.4747864528218,26.8320201078335,28.9711883331128,30.9289461328009,34.9656253058599,36.5373974982253,39.899888885112,1,1,1,1,1,1,1,1,0.888888888888889,0.851851851851852,0.851851851851852,0.814814814814815,0.814814814814815,0.740740740740741,0.740740740740741,0.703703703703704,0,0,0,0,0,0,0,0,2938,14.513136,3.7975176472741
"939",313,313,3,10.7168032499639,23.6244774758947,25.4759713500599,26.8332050050715,28.9723732303508,30.930131030039,34.9668102030979,36.5385823954633,39.9010737823501,1,1,1,1,1,1,1,1,0.888888888888889,0.851851851851852,0.851851851851852,0.814814814814815,0.814814814814815,0.740740740740741,0.740740740740741,0.703703703703704,0,0,0,0,0,0,0,0,2939,13.732269,3.01546575003606
"940",314,314,1,10.5581362225119,23.4650594272793,25.3164455739748,26.6736002595935,28.8126440193354,30.770287908685,34.8067322112758,36.3784129515206,39.7407086949359,1,1,1,1,1,1,1,1,0.888888888888889,0.851851851851852,0.851851851851852,0.814814814814815,0.814814814814815,0.740740740740741,0.740740740740741,0.703703703703704,0,0,0,0,0,0,0,0,2940,14.322113,3.7639767774881
"941",314,314,2,10.688093025915,23.5950162306824,25.4464023773779,26.8035570629966,28.9426008227385,30.9002447120881,34.9366890146789,36.5083697549236,39.870665498339,1,1,1,1,1,1,1,1,0.888888888888889,0.851851851851852,0.851851851851852,0.814814814814815,0.814814814814815,0.740740740740741,0.740740740740741,0.703703703703704,0,0,0,0,0,0,0,0,2941,13.643046,2.95495297408503
"942",314,314,3,10.5384782521502,23.4454014569176,25.2967876036131,26.6539422892318,28.7929860489737,30.7506299383233,34.7870742409141,36.3587549811589,39.7210507245742,1,1,1,1,1,1,1,1,0.827586206896552,0.793103448275862,0.793103448275862,0.758620689655172,0.758620689655172,0.689655172413793,0.689655172413793,0.655172413793103,0,0,0,0,0,0,0,0,2942,7.461821,-3.07665725215019
"943",315,315,1,9.18284710433801,22.0884667278284,23.9396658871003,25.2966835019849,27.4355112212847,29.3929573913266,33.4289940186616,35.0005160213394,38.362472177565,1,1,1,1,1,1,1,1,0.888888888888889,0.888888888888889,0.851851851851852,0.851851851851852,0.814814814814815,0.777777777777778,0.740740740740741,0.703703703703704,0,0,0,0,0,0,0,0,2943,14.165595,4.982747895662
"944",315,315,2,10.6587437957456,23.564363419236,25.4155625785078,26.7725801933925,28.9114079126922,30.8688540827341,34.9048907100692,36.4764127127469,39.8383688689726,0,1,1,1,1,1,1,1,0,1,1,0.956521739130435,0.956521739130435,0.869565217391304,0.869565217391304,0.826086956521739,0,0,0,0,0,0,0,0,2944,26.803287,16.1445432042544
"945",315,315,3,13.4410463927346,26.3466660162251,28.1978651754969,29.5548827903815,31.6937105096813,33.6511566797232,37.6871933070582,39.258715309736,42.6206714659617,1,1,1,1,1,1,1,1,0.851851851851852,0.814814814814815,0.814814814814815,0.777777777777778,0.777777777777778,0.703703703703704,0.703703703703704,0.666666666666667,1,0,0,0,0,0,0,0,2945,13.599654,0.158607607265376
"946",316,316,1,10.5518547487397,23.4695288166366,25.3224570813681,26.6807422133402,28.8215676964506,30.7808422115641,34.8206486833984,36.3936385601626,39.7587349386143,1,1,1,1,1,1,1,1,0.888888888888889,0.851851851851852,0.851851851851852,0.814814814814815,0.814814814814815,0.740740740740741,0.740740740740741,0.703703703703704,1,0,0,0,0,0,0,0,2946,14.406294,3.85443925126028
"947",316,316,2,10.7297252172022,23.6473992850991,25.5003275498305,26.8586126818026,28.999438164913,30.9587126800266,34.9985191518608,36.5715090286251,39.9366054070767,1,1,1,1,1,1,1,1,0.888888888888889,0.851851851851852,0.851851851851852,0.814814814814815,0.814814814814815,0.740740740740741,0.740740740740741,0.703703703703704,0,0,0,0,0,0,0,0,2947,14.260148,3.53042278279783
"948",316,316,3,10.6974988739959,23.6151729418928,25.4681012066243,26.8263863385964,28.9672118217067,30.9264863368203,34.9662928086546,36.5392826854188,39.9043790638705,1,1,1,1,1,1,1,1,0.888888888888889,0.851851851851852,0.851851851851852,0.814814814814815,0.814814814814815,0.740740740740741,0.740740740740741,0.703703703703704,0,0,0,0,0,0,0,0,2948,14.157517,3.46001812600411
"949",317,317,1,10.684524737903,23.601672737451,25.4545255422423,26.8127553584653,28.9534936571088,30.9126883813634,34.9523303333074,36.5252561505371,39.8902154864619,1,1,1,1,1,1,1,1,0.888888888888889,0.851851851851852,0.851851851851852,0.814814814814815,0.814814814814815,0.740740740740741,0.740740740740741,0.703703703703704,0,0,0,0,0,0,0,0,2949,13.125444,2.44091926209697
"950",317,317,2,10.4564721411362,23.3736201406841,25.2264729454754,26.5847027616985,28.7254410603419,30.6846357845966,34.7242777365405,36.2972035537703,39.6621628896951,1,1,1,1,1,1,1,1,0.888888888888889,0.851851851851852,0.851851851851852,0.814814814814815,0.814814814814815,0.740740740740741,0.740740740740741,0.703703703703704,0,0,0,0,0,0,0,0,2950,15.144369,4.68789685886383
"951",317,317,3,10.9025850507148,23.8197330502628,25.672585855054,27.0308156712771,29.1715539699206,31.1307486941752,35.1703906461192,36.7433164633489,40.1082757992737,1,1,1,1,1,1,1,1,0.888888888888889,0.851851851851852,0.851851851851852,0.814814814814815,0.814814814814815,0.740740740740741,0.740740740740741,0.703703703703704,0,0,0,0,0,0,0,0,2951,13.299111,2.39652594928521
"952",318,318,1,10.5046424111325,23.4205627691421,25.2732394794063,26.6313402099101,28.7718750534829,30.7308835765091,34.7701416021978,36.3429179290703,39.7075574603558,1,1,1,1,1,1,1,1,0.888888888888889,0.851851851851852,0.851851851851852,0.814814814814815,0.814814814814815,0.740740740740741,0.740740740740741,0.703703703703704,0,0,0,0,0,0,0,0,2952,14.43173,3.92708758886748
"953",318,318,2,10.7550207446046,23.6709411026142,25.5236178128785,26.8817185433822,29.0222533869551,30.9812619099813,35.02051993567,36.5932962625424,39.957935793828,0,1,1,1,1,1,1,1,0,1,1,0.956521739130435,0.956521739130435,0.869565217391304,0.869565217391304,0.826086956521739,0,0,0,0,0,0,0,0,2953,27.244863,16.4898422553953
"954",318,318,3,13.5875097696844,26.503430127694,28.3561068379582,29.714207568462,31.8547424120349,33.8137509350611,37.8530089607497,39.4257852876222,42.7904248189077,1,1,1,1,1,1,1,1,0.851851851851852,0.814814814814815,0.814814814814815,0.777777777777778,0.777777777777778,0.703703703703704,0.703703703703704,0.666666666666667,1,0,0,0,0,0,0,0,2954,14.059319,0.471809230315573
"955",319,319,1,10.691869869851,23.6196223970486,25.4739963293209,26.8333412048157,28.9758369748824,30.9366401296222,34.9795984866097,36.5538156210343,39.9215374711239,1,1,1,1,1,1,1,1,0.888888888888889,0.851851851851852,0.851851851851852,0.814814814814815,0.814814814814815,0.740740740740741,0.740740740740741,0.703703703703704,1,0,0,0,0,0,0,0,2955,13.677991,2.98612113014901
"956",319,319,2,10.6073418284701,23.5350943556677,25.3894682879401,26.7488131634348,28.8913089335015,30.8521120882413,34.8950704452289,36.4692875796534,39.837009429743,1,1,1,1,1,1,1,1,1,0.958333333333333,0.958333333333333,0.916666666666667,0.916666666666667,0.833333333333333,0.833333333333333,0.791666666666667,0,0,0,0,0,0,0,0,2956,24.756457,14.1491151715299
"957",319,319,3,13.0630781826963,25.9908307098939,27.8452046421663,29.204549517661,31.3470452877277,33.3078484424675,37.3508067994551,38.9250239338796,42.2927457839692,1,1,1,1,1,1,1,1,0.851851851851852,0.851851851851852,0.814814814814815,0.777777777777778,0.777777777777778,0.740740740740741,0.703703703703704,0.666666666666667,0,0,0,0,0,0,0,0,2957,13.372283,0.309204817303661
"958",320,320,1,10.5539604700054,23.489768520298,25.3452979474644,26.705489856039,28.8493206550769,30.8113456227393,34.8568232222904,36.4320212806966,39.8018416209207,1,1,1,1,1,1,1,1,0.888888888888889,0.851851851851852,0.851851851851852,0.814814814814815,0.814814814814815,0.740740740740741,0.740740740740741,0.703703703703704,0,0,0,0,0,0,0,0,2958,13.870272,3.31631152999461
"959",320,320,2,10.6644750647998,23.6002831150923,25.4558125422588,26.8160044508334,28.9598352498713,30.9218602175337,34.9673378170847,36.5425358754909,39.9123562157151,1,1,1,1,1,1,1,1,0.888888888888889,0.851851851851852,0.851851851851852,0.814814814814815,0.814814814814815,0.740740740740741,0.740740740740741,0.703703703703704,0,0,0,0,0,0,0,0,2959,14.932259,4.26778393520024
"960",320,320,3,10.9001530877719,23.8359611380645,25.691490565231,27.0516824738056,29.1955132728435,31.1575382405059,35.2030158400569,36.7782138984631,40.1480342386873,1,1,1,1,1,1,1,1,0.96,0.92,0.92,0.88,0.88,0.8,0.8,0.76,0,0,0,0,0,0,0,0,2960,21.429076,10.5289229122281
"961",321,321,1,12.3826208553473,25.3225767206591,27.1787011159015,28.5393291645615,30.6838473743551,32.6465014574618,36.6932762231954,38.2689793625474,41.6398802221613,1,1,1,1,1,1,1,1,0.851851851851852,0.851851851851852,0.814814814814815,0.814814814814815,0.777777777777778,0.740740740740741,0.703703703703704,0.666666666666667,0,0,0,0,0,0,0,0,2961,13.770074,1.38745314465275
"962",321,321,2,10.6647494385963,23.6047053039081,25.4608296991506,26.8214577478106,28.9659759576041,30.9286300407109,34.9754048064445,36.5511079457965,39.9220088054103,1,1,1,1,1,1,1,1,0.923076923076923,0.884615384615385,0.884615384615385,0.846153846153846,0.846153846153846,0.769230769230769,0.769230769230769,0.730769230769231,0,0,0,0,0,0,0,0,2962,16.505993,5.84124356140368
"963",321,321,3,11.2784008057909,24.2183566711027,26.0744810663451,27.4351091150051,29.5796273247987,31.5422814079054,35.589056173639,37.1647593129911,40.5356601726049,1,1,1,1,1,1,1,1,0.888888888888889,0.851851851851852,0.851851851851852,0.814814814814815,0.777777777777778,0.740740740740741,0.740740740740741,0.703703703703704,0,0,0,0,0,0,0,0,2963,14.071114,2.79271319420913
"964",322,322,1,10.7127969836983,23.5828367767519,25.4289323180563,26.7822087366214,28.9151398674731,30.8671895044658,34.8920990799407,36.4592885137056,39.811976007638,1,1,1,1,1,1,1,1,0.888888888888889,0.851851851851852,0.851851851851852,0.814814814814815,0.814814814814815,0.740740740740741,0.740740740740741,0.703703703703704,0,0,0,0,0,0,0,0,2964,14.522633,3.80983601630167
"965",322,322,2,10.8135379828944,23.683577775948,25.5296733172524,26.8829497358174,29.0158808666692,30.9679305036618,34.9928400791368,36.5600295129016,39.9127170068341,1,1,1,1,1,1,1,1,0.888888888888889,0.851851851851852,0.851851851851852,0.814814814814815,0.814814814814815,0.740740740740741,0.740740740740741,0.703703703703704,0,0,0,0,0,0,0,0,2965,15.229357,4.41581901710561
"966",322,322,3,10.9712192364315,23.8412590294852,25.6873545707896,27.0406309893546,29.1735621202064,31.125611757199,35.1505213326739,36.7177107664388,40.0703982603712,1,1,1,1,1,1,1,1,0.888888888888889,0.851851851851852,0.851851851851852,0.814814814814815,0.814814814814815,0.740740740740741,0.740740740740741,0.703703703703704,0,0,0,0,0,0,0,0,2966,14.747653,3.77643376356846
"967",323,323,1,10.8764364675089,23.74681338491,25.5929572837769,26.9462691507506,29.0792561526818,31.0313569226523,35.0563719286493,36.6236024141688,39.9763777300973,1,1,1,1,1,1,1,1,0.888888888888889,0.851851851851852,0.851851851851852,0.814814814814815,0.814814814814815,0.740740740740741,0.740740740740741,0.703703703703704,0,0,0,0,0,0,0,0,2967,14.576978,3.70054153249115
"968",323,323,2,10.8383180587692,23.7086949761703,25.5548388750373,26.9081507420109,29.0411377439421,30.9932385139127,35.0182535199097,36.5854840054291,39.9382593213576,1,1,1,1,1,1,1,1,0.923076923076923,0.884615384615385,0.884615384615385,0.846153846153846,0.846153846153846,0.769230769230769,0.769230769230769,0.730769230769231,0,0,0,0,0,0,0,0,2968,17.564434,6.7261159412308
"969",323,323,3,11.5055339304536,24.3759108478547,26.2220547467217,27.5753666136953,29.7083536156266,31.6604543855971,35.6854693915941,37.2526998771135,40.605475193042,1,1,1,1,1,1,1,1,0.888888888888889,0.851851851851852,0.851851851851852,0.814814814814815,0.777777777777778,0.740740740740741,0.740740740740741,0.703703703703704,0,0,0,0,0,0,0,0,2969,14.891258,3.38572406954639
"970",324,324,1,10.922300612877,23.794120852584,25.6404717835127,26.9939354148999,29.1271616163307,31.0794813006813,35.1049476838196,36.672353923222,40.0255052293356,1,1,1,1,1,1,1,1,0.888888888888889,0.851851851851852,0.851851851851852,0.814814814814815,0.814814814814815,0.740740740740741,0.740740740740741,0.703703703703704,0,0,0,0,0,0,0,0,2970,15.128257,4.20595638712302
"971",324,324,2,10.975379377703,23.84719961741,25.6935505483387,27.0470141797259,29.1802403811567,31.1325600655073,35.1580264486455,36.7254326880479,40.0785839941616,1,1,1,1,1,1,1,1,0.923076923076923,0.884615384615385,0.884615384615385,0.846153846153846,0.846153846153846,0.769230769230769,0.769230769230769,0.730769230769231,0,0,0,0,0,0,0,0,2971,16.40393,5.42855062229705
"972",324,324,3,11.2610816260746,24.1329018657816,25.9792527967104,27.3327164280975,29.4659426295283,31.418262313879,35.4437286970172,37.0111349364196,40.3642862425333,1,1,1,1,1,1,1,1,0.888888888888889,0.851851851851852,0.851851851851852,0.814814814814815,0.777777777777778,0.740740740740741,0.740740740740741,0.703703703703704,0,0,0,0,0,0,0,0,2972,14.857876,3.59679437392537
"973",325,325,1,10.927223324826,23.8006943673119,25.6472820915761,27.0009193038153,29.1344190901529,31.0869891582644,35.1129718049122,36.6805790631703,40.0341604088115,1,1,1,1,1,1,1,1,0.888888888888889,0.851851851851852,0.851851851851852,0.814814814814815,0.814814814814815,0.740740740740741,0.740740740740741,0.703703703703704,0,0,0,0,0,0,0,0,2973,14.786729,3.85950567517396
"974",325,325,2,10.9112546580371,23.784725700523,25.6313134247872,26.9849506370264,29.118450423364,31.0710204914755,35.0970031381233,36.6646103963814,40.0181917420226,1,1,1,1,1,1,1,1,0.888888888888889,0.851851851851852,0.851851851851852,0.814814814814815,0.814814814814815,0.740740740740741,0.740740740740741,0.703703703703704,0,0,0,0,0,0,0,0,2974,15.395021,4.48376634196289
"975",325,325,3,11.0477834260578,23.9212544685437,25.7678421928079,27.1214794050471,29.2549791913847,31.2075492594962,35.233531906144,36.8011391644021,40.1547205100433,1,1,1,1,1,1,1,1,0.888888888888889,0.851851851851852,0.851851851851852,0.814814814814815,0.814814814814815,0.740740740740741,0.740740740740741,0.703703703703704,0,0,0,0,0,0,0,0,2975,13.679283,2.63149957394217
"976",326,326,1,10.6713428900577,23.5448508645065,25.3914438863403,26.7450849819516,28.8785908889645,30.8311665586922,34.8571607552508,36.4247725107275,39.7783634772659,1,1,1,1,1,1,1,1,0.888888888888889,0.851851851851852,0.851851851851852,0.814814814814815,0.814814814814815,0.740740740740741,0.740740740740741,0.703703703703704,0,0,0,0,0,0,0,0,2976,14.960323,4.28898010994232
"977",326,326,2,10.9590732545437,23.8325812289925,25.6791742508263,27.0328153464376,29.1663212534505,31.1188969231782,35.1448911197368,36.7125028752135,40.0660938417519,0,0,0,0,0,0,0,0,0,0,0,0,0,0,0,0,0,0,0,0,0,0,0,0,2977,48.946166,37.9870927454563
"978",326,326,3,18.5925265376211,31.4660345120699,33.3126275339038,34.6662686295151,36.7997745365279,38.7523502062557,42.7783444028143,44.345956158291,47.6995471248294,1,1,1,1,1,1,1,1,0.777777777777778,0.777777777777778,0.740740740740741,0.740740740740741,0.703703703703704,0.666666666666667,0.62962962962963,0.592592592592593,1,1,1,1,1,1,1,1,2978,13.9692,-4.62332653762112
"979",327,327,1,10.761920340907,23.7108094564113,25.5682152488844,26.9297826230648,29.075781326139,31.039790350495,35.0893588546177,36.6661497990998,40.0393777996302,0,0,0,0,0,0,0,0,0,0,0,0,0,0,0,0,1,1,1,1,1,1,1,1,2979,43.60165,32.839729659093
"980",327,327,2,17.4239111809837,30.3728002964879,32.230206088961,33.5917734631414,35.7377721662157,37.7017811905716,41.7513496946944,43.3281406391765,46.7013686397069,0,0,0,0,1,1,1,1,0,0,0,0,1,0.947368421052632,0.947368421052632,0.894736842105263,1,1,1,1,1,1,1,1,2980,37.945598,20.5216868190163
"981",327,327,3,16.15231309797,29.1012022134743,30.9586080059474,32.3201753801278,34.466174083202,36.430183107558,40.4797516116808,42.0565425561628,45.4297705566933,1,1,1,1,1,1,1,1,0.88,0.88,0.84,0.8,0.8,0.76,0.72,0.68,1,1,1,1,1,1,1,1,2981,20.618422,4.46610890202996
"982",328,328,1,12.3639702279359,25.389373367693,27.2577544330706,28.6273672077607,30.7860464578185,32.7616606656602,36.8351577693697,38.4212658544568,41.8144260087605,1,1,1,1,1,1,1,1,1,1,0.956521739130435,0.956521739130435,0.91304347826087,0.869565217391304,0.826086956521739,0.782608695652174,1,1,1,1,0,0,0,0,2982,26.911456,14.5474857720641
"983",328,328,2,13.8212366458144,26.8466397855715,28.7150208509491,30.0846336256392,32.243312875697,34.2189270835387,38.2924241872482,39.8785322723353,43.271692426639,1,1,1,1,1,1,1,1,0.92,0.88,0.88,0.84,0.84,0.76,0.76,0.72,0,0,0,0,0,0,0,0,2983,21.348228,7.52699135418558
"984",328,328,3,12.5329700736965,25.5583732134536,27.4267542788312,28.7963670535213,30.9550463035791,32.9306605114208,37.0041576151303,38.5902657002174,41.9834258545211,1,1,1,1,1,1,1,1,0.92,0.92,0.88,0.88,0.84,0.8,0.76,0.72,0,0,0,0,0,0,0,0,2984,19.148415,6.61544492630347
"985",329,329,1,12.0644644231806,25.1036245557385,26.9739789423708,28.3450382560186,30.505997430512,32.4836982156476,36.5614976100216,38.1492808891333,41.5460247850927,1,1,1,1,1,1,1,1,1,1,0.956521739130435,0.956521739130435,0.91304347826087,0.869565217391304,0.826086956521739,0.782608695652174,0,0,0,0,0,0,0,0,2985,25.886434,13.8219695768195
"986",329,329,2,13.6441289441204,26.6832890766784,28.5536434633106,29.9247027769584,32.0856619514518,34.0633627365874,38.1411621309615,39.7289454100732,43.1256893060326,1,1,1,1,1,1,1,1,0.884615384615385,0.846153846153846,0.846153846153846,0.807692307692308,0.807692307692308,0.730769230769231,0.730769230769231,0.692307692307692,0,0,0,0,0,0,0,0,2986,16.531695,2.88756605587958
"987",329,329,3,11.4509992867311,24.4901594192891,26.3605138059214,27.7315731195692,29.8925322940625,31.8702330791981,35.9480324735722,37.5358157526839,40.9325596486433,0,1,1,1,1,1,1,1,0,1,1,0.956521739130435,0.91304347826087,0.869565217391304,0.826086956521739,0.782608695652174,0,0,0,0,0,0,0,0,2987,26.390774,14.9397747132689
"988",330,330,1,13.8162286946167,26.8749362556349,28.7480945512763,30.1212092644725,32.2854080030513,34.2660736236686,38.3499861795597,39.9401497561555,43.3419858212139,0,1,1,1,1,1,1,1,0,1,1,0.954545454545455,0.954545454545455,0.863636363636364,0.863636363636364,0.818181818181818,1,0,0,0,0,0,0,0,2988,28.357928,14.5416993053833
"989",330,330,2,14.281064494299,27.3397720553172,29.2129303509586,30.5860450641548,32.7502438027336,34.7309094233509,38.8148219792419,40.4049855558378,43.8068216208962,0,1,1,1,1,1,1,1,0,1,1,0.954545454545455,0.909090909090909,0.863636363636364,0.863636363636364,0.772727272727273,1,0,0,0,0,0,0,0,2989,29.782886,15.501821505701
"990",330,330,3,14.6177801207541,27.6764876817723,29.5496459774137,30.9227606906099,33.0869594291887,35.067625049806,39.151537605697,40.7417011822929,44.1435372473513,0,1,1,1,1,1,1,1,0,1,1,0.954545454545455,0.909090909090909,0.863636363636364,0.818181818181818,0.772727272727273,1,0,0,0,0,0,0,0,2990,30.044581,15.4268008792459
"991",331,331,1,14.8216591226283,27.9131175142919,29.7909736324265,31.1675320744312,33.3371585558427,35.3227916239661,39.4169465049773,41.011098162151,44.4214659257967,0,0,0,1,1,1,1,1,0,0,0,1,0.952380952380952,0.904761904761905,0.857142857142857,0.80952380952381,1,0,0,0,0,0,0,0,2991,31.317262,16.4956028773717
"992",331,331,2,15.1297770856261,28.2212354772897,30.0990915954243,31.4756500374289,33.6452765188405,35.6309095869639,39.7250644679751,41.3192161251487,44.7295838887945,1,1,1,1,1,1,1,1,0.956521739130435,0.956521739130435,0.91304347826087,0.91304347826087,0.869565217391304,0.826086956521739,0.782608695652174,0.739130434782609,1,1,1,0,0,0,0,0,2992,25.217616,10.0878389143739
"993",331,331,3,13.6530437168341,26.7445021084977,28.6223582266323,29.998916668637,32.1685431500485,34.1541762181719,38.2483310991831,39.8424827563568,43.2528505200025,1,1,1,1,1,1,1,1,0.851851851851852,0.814814814814815,0.814814814814815,0.777777777777778,0.777777777777778,0.703703703703704,0.703703703703704,0.666666666666667,1,1,1,0,0,0,0,0,2993,14.287055,0.634011283165922
"994",332,332,1,11.0418855028149,24.1498113195737,26.0300295469585,27.4083195281359,29.5806751295964,31.5688058769575,35.6681106951884,37.2642675967145,40.6789251785008,1,1,1,1,1,1,1,1,0.923076923076923,0.884615384615385,0.884615384615385,0.846153846153846,0.807692307692308,0.769230769230769,0.769230769230769,0.692307692307692,0,0,0,0,0,0,0,0,2994,15.854112,4.81222649718511
"995",332,332,2,11.4277815743839,24.5357073911427,26.4159256185275,27.7942155997048,29.9665712011654,31.9547019485265,36.0540067667574,37.6501636682834,41.0648212500697,1,1,1,1,1,1,1,1,0.888888888888889,0.851851851851852,0.851851851851852,0.814814814814815,0.777777777777778,0.740740740740741,0.703703703703704,0.666666666666667,0,0,0,0,0,0,0,0,2995,14.417073,2.98929142561615
"996",332,332,3,11.073903122744,24.1818289395028,26.0620471668876,27.440337148065,29.6126927495256,31.6008234968866,35.7001283151175,37.2962852166436,40.7109427984299,1,1,1,1,1,1,1,1,0.888888888888889,0.851851851851852,0.851851851851852,0.814814814814815,0.777777777777778,0.740740740740741,0.740740740740741,0.666666666666667,0,0,0,0,0,0,0,0,2996,14.712957,3.639053877256
"997",333,333,1,11.1565652117583,24.2645108872498,26.1447319631975,27.5230240325078,29.6953829251244,31.6835166845377,35.7828277132858,37.378987033017,40.7936497880681,1,1,1,1,1,1,1,1,0.923076923076923,0.884615384615385,0.884615384615385,0.846153846153846,0.807692307692308,0.769230769230769,0.769230769230769,0.692307692307692,0,0,0,0,0,0,0,0,2997,16.340739,5.18417378824174
"998",333,333,2,11.5576795871421,24.6656252626336,26.5458463385813,27.9241384078917,30.0964973005083,32.0846310599215,36.1839420886696,37.7801014084008,41.1947641634519,1,1,1,1,1,1,1,1,0.888888888888889,0.851851851851852,0.851851851851852,0.814814814814815,0.777777777777778,0.740740740740741,0.703703703703704,0.666666666666667,0,0,0,0,0,0,0,0,2998,15.529605,3.97192541285788
"999",333,333,3,11.3578017731826,24.4657474486741,26.3459685246218,27.7242605939322,29.8966194865488,31.8847532459621,35.9840642747101,37.5802235944413,40.9948863494925,1,1,1,1,1,1,1,1,0.888888888888889,0.851851851851852,0.851851851851852,0.814814814814815,0.777777777777778,0.740740740740741,0.703703703703704,0.666666666666667,0,0,0,0,0,0,0,0,2999,14.702048,3.34424622681738
