"","train_iter","test_iter","predict_iter","expected","Quantile_0.95","Quantile_0.97","Quantile_0.98","Quantile_0.99","Quantile_0.995","Quantile_0.999","Quantile_0.9995","Quantile_0.9999","score_pred_1_0.95","score_pred_1_0.97","score_pred_1_0.98","score_pred_1_0.99","score_pred_1_0.995","score_pred_1_0.999","score_pred_1_0.9995","score_pred_1_0.9999","score_pred_2_0.95","score_pred_2_0.97","score_pred_2_0.98","score_pred_2_0.99","score_pred_2_0.995","score_pred_2_0.999","score_pred_2_0.9995","score_pred_2_0.9999","adjustment_0.95","adjustment_0.97","adjustment_0.98","adjustment_0.99","adjustment_0.995","adjustment_0.999","adjustment_0.9995","adjustment_0.9999","time","actual","residuals"
"1",1,1,1,1.16244828124584,9.10389354159302,10.2430249601728,11.0780628289721,12.3941858629422,13.5986961509387,16.0822626033698,17.0492952855497,19.1180677708131,1,1,1,1,1,1,1,1,0.935483870967742,0.903225806451613,0.903225806451613,0.903225806451613,0.870967741935484,0.838709677419355,0.838709677419355,0.806451612903226,0,0,0,0,0,0,0,0,2001,0.446821,-0.715627281245839
"2",1,1,2,1.16075323697399,9.10219849732117,10.241329915901,11.0763677847002,12.3924908186703,13.5970011066668,16.080567559098,17.0476002412778,19.1163727265413,1,1,1,1,1,1,1,1,0.935483870967742,0.903225806451613,0.903225806451613,0.903225806451613,0.870967741935484,0.838709677419355,0.838709677419355,0.806451612903226,0,0,0,0,0,0,0,0,2002,0.399151,-0.761602236973987
"3",1,1,3,1.14934847191553,9.09079373226271,10.2299251508425,11.0649630196418,12.3810860536119,13.5855963416084,16.0691627940395,17.0361954762193,19.1049679614828,1,1,1,1,1,1,1,1,0.935483870967742,0.903225806451613,0.903225806451613,0.903225806451613,0.870967741935484,0.838709677419355,0.838709677419355,0.806451612903226,0,0,0,0,0,0,0,0,2003,0.424138,-0.725210471915527
"4",2,2,1,1.1553117803775,9.09676138179909,10.2358934230684,11.0709317483288,12.3870555017382,13.5915664481626,16.0751342581988,17.0421674689929,19.1109410851204,1,1,1,1,1,1,1,1,0.935483870967742,0.903225806451613,0.903225806451613,0.903225806451613,0.870967741935484,0.838709677419355,0.838709677419355,0.806451612903226,0,0,0,0,0,0,0,0,2004,0.439568,-0.715743780377501
"5",2,2,2,1.15900324957385,9.10045285099543,10.2395848922647,11.0746232175251,12.3907469709346,13.5952579173589,16.0788257273952,17.0458589381892,19.1146325543168,1,1,1,1,1,1,1,1,0.935483870967742,0.903225806451613,0.903225806451613,0.903225806451613,0.870967741935484,0.838709677419355,0.838709677419355,0.806451612903226,0,0,0,0,0,0,0,0,2005,1.152236,-0.006767249573846
"6",2,2,3,1.32950175697638,9.27095135839797,10.4100833996672,11.2451217249277,12.5612454783371,13.7657564247615,16.2493242347977,17.2163574455918,19.2851310617193,1,1,1,1,1,1,1,1,0.935483870967742,0.903225806451613,0.903225806451613,0.870967741935484,0.870967741935484,0.838709677419355,0.838709677419355,0.806451612903226,0,0,0,0,0,0,0,0,2006,0.447214,-0.882287756976381
"7",3,3,1,1.16192590909003,9.10334487753025,10.2424725247641,11.0775076289862,12.3936263056406,13.59813260584,16.0816908358764,17.0487203164811,19.1174859526168,1,1,1,1,1,1,1,1,0.935483870967742,0.903225806451613,0.903225806451613,0.903225806451613,0.870967741935484,0.838709677419355,0.838709677419355,0.806451612903226,0,0,0,0,0,0,0,0,2007,0.853187,-0.30873890909003
"8",3,3,2,1.2590174628697,9.20043643130992,10.3395640785438,11.1745991827659,12.4907178594203,13.6952241596197,16.178782389656,17.1458118702608,19.2145775063964,1,1,1,1,1,1,1,1,0.935483870967742,0.903225806451613,0.903225806451613,0.903225806451613,0.870967741935484,0.838709677419355,0.838709677419355,0.806451612903226,0,0,0,0,0,0,0,0,2008,0.401405,-0.857612462869697
"9",3,3,3,1.15097033572162,9.09238930416185,10.2315169513957,11.0665520556178,12.3826707322722,13.5871770324716,16.070735262508,17.0377647431127,19.1065303792484,1,1,1,1,1,1,1,1,0.935483870967742,0.903225806451613,0.903225806451613,0.903225806451613,0.870967741935484,0.838709677419355,0.838709677419355,0.806451612903226,0,0,0,0,0,0,0,0,2009,0.431405,-0.719565335721622
"10",4,4,1,1.15814059645233,9.09957483493986,10.2387046725295,11.0737413823873,12.3898625897222,13.5943712059899,16.0779342115017,17.0449655515457,19.1137351655786,1,1,1,1,1,1,1,1,0.935483870967742,0.903225806451613,0.903225806451613,0.903225806451613,0.870967741935484,0.838709677419355,0.838709677419355,0.806451612903226,0,0,0,0,0,0,0,0,2010,0.420344,-0.737796596452333
"11",4,4,2,1.15549528799531,9.09692952648284,10.2360593640725,11.0710960739303,12.3872172812652,13.5917258975328,16.0752889030447,17.0423202430887,19.1110898571216,1,1,1,1,1,1,1,1,0.935483870967742,0.903225806451613,0.903225806451613,0.903225806451613,0.870967741935484,0.838709677419355,0.838709677419355,0.806451612903226,0,0,0,0,0,0,0,0,2011,0.460389,-0.695106287995309
"12",4,4,3,1.1650723042833,9.10650654277083,10.2456363803605,11.0806730902183,12.3967942975532,13.6013029138208,16.0848659193327,17.0518972593766,19.1206668734096,1,1,1,1,1,1,1,1,0.935483870967742,0.903225806451613,0.903225806451613,0.903225806451613,0.870967741935484,0.838709677419355,0.838709677419355,0.806451612903226,0,0,0,0,0,0,0,0,2012,0.471336,-0.693736304283302
"13",5,5,1,1.16771160320164,9.10913859863065,10.2482673972664,11.0833033455213,12.3994233524757,13.6039308701601,16.0874916105153,17.0545220685694,19.1232897957619,1,1,1,1,1,1,1,1,0.935483870967742,0.903225806451613,0.903225806451613,0.903225806451613,0.870967741935484,0.838709677419355,0.838709677419355,0.806451612903226,0,0,0,0,0,0,0,0,2013,0.440947,-0.726764603201637
"14",5,5,2,1.16044369312874,9.10187068855775,10.2409994871935,11.0760354354484,12.3921554424028,13.5966629600872,16.0802237004424,17.0472541584965,19.116021885689,1,1,1,1,1,1,1,1,0.935483870967742,0.903225806451613,0.903225806451613,0.903225806451613,0.870967741935484,0.838709677419355,0.838709677419355,0.806451612903226,0,0,0,0,0,0,0,0,2014,0.41416,-0.746283693128738
"15",5,5,3,1.15403724648282,9.09546424191184,10.2345930405476,11.0696289888024,12.3857489957568,13.5902565134413,16.0738172537965,17.0408477118506,19.1096154390431,1,1,1,1,1,1,1,1,0.935483870967742,0.903225806451613,0.903225806451613,0.903225806451613,0.870967741935484,0.838709677419355,0.838709677419355,0.806451612903226,0,0,0,0,0,0,0,0,2015,0.422059,-0.731978246482823
"16",6,6,1,1.15593065472023,9.09735581740722,10.2364843531521,11.0715201086952,12.3876398119122,13.5921470516174,16.0757072188104,17.0427374536909,19.1115047034481,1,1,1,1,1,1,1,1,0.935483870967742,0.903225806451613,0.903225806451613,0.903225806451613,0.870967741935484,0.838709677419355,0.838709677419355,0.806451612903226,0,0,0,0,0,0,0,0,2016,0.437964,-0.71796665472023
"17",6,6,2,1.15973455473396,9.10115971742096,10.2402882531658,11.075324008709,12.391443711926,13.5959509516312,16.0795111188242,17.0465413537046,19.1153086034618,1,1,1,1,1,1,1,1,0.935483870967742,0.903225806451613,0.903225806451613,0.903225806451613,0.870967741935484,0.838709677419355,0.838709677419355,0.806451612903226,0,0,0,0,0,0,0,0,2017,0.413782,-0.745952554733964
"18",6,6,3,1.15395109606486,9.09537625875185,10.2345047944967,11.0695405500399,12.3856602532569,13.5901674929621,16.0737276601551,17.0407578950355,19.1095251447927,1,1,1,1,1,1,1,1,0.935483870967742,0.903225806451613,0.903225806451613,0.903225806451613,0.870967741935484,0.838709677419355,0.838709677419355,0.806451612903226,0,0,0,0,0,0,0,0,2018,0.426424,-0.727527096064859
"19",7,7,1,1.15695939052934,9.09837768234468,10.2375052325226,11.072540265598,12.3886588301165,13.5931650276895,16.0767230461217,17.0437524443336,19.1125179042062,1,1,1,1,1,1,1,1,0.935483870967742,0.903225806451613,0.903225806451613,0.903225806451613,0.870967741935484,0.838709677419355,0.838709677419355,0.806451612903226,0,0,0,0,0,0,0,0,2019,0.477518,-0.679441390529339
"20",7,7,2,1.16917899629169,9.11059728810704,10.249724838285,11.0847598713604,12.4008784358788,13.6053846334518,16.088942651884,17.0559720500959,19.1247375099686,1,1,1,1,1,1,1,1,0.935483870967742,0.903225806451613,0.903225806451613,0.903225806451613,0.870967741935484,0.838709677419355,0.838709677419355,0.806451612903226,0,0,0,0,0,0,0,0,2020,0.412029,-0.757149996291692
"21",7,7,3,1.15351669226831,9.09493498408365,10.2340625342616,11.069097567337,12.3852161318554,13.5897223294285,16.0732803478606,17.0403097460725,19.1090752059452,1,1,1,1,1,1,1,1,0.935483870967742,0.903225806451613,0.903225806451613,0.903225806451613,0.870967741935484,0.838709677419355,0.838709677419355,0.806451612903226,0,0,0,0,0,0,0,0,2021,0.410957,-0.742559692268308
"22",8,8,1,1.15253170451727,9.09398689457007,10.23311973748,11.0681586503814,12.3842833299858,13.5887951240598,16.0723646818557,17.0393985731794,19.1081736451637,1,1,1,1,1,1,1,1,0.935483870967742,0.903225806451613,0.903225806451613,0.903225806451613,0.870967741935484,0.838709677419355,0.838709677419355,0.806451612903226,0,0,0,0,0,0,0,0,2022,0.408671,-0.743860704517265
"23",8,8,2,1.15198545304595,9.09344064309876,10.2325734860087,11.0676123989101,12.3837370785144,13.5882488725885,16.0718184303843,17.0388523217081,19.1076273936923,1,1,1,1,1,1,1,1,0.935483870967742,0.903225806451613,0.903225806451613,0.903225806451613,0.870967741935484,0.838709677419355,0.838709677419355,0.806451612903226,0,0,0,0,0,0,0,0,2023,0.316365,-0.835620453045954
"24",8,8,3,1.12992845903421,9.07138364908702,10.2105164919969,11.0455554048984,12.3616800845027,13.5661918785768,16.0497614363726,17.0167953276963,19.0855703996806,1,1,1,1,1,1,1,1,0.935483870967742,0.903225806451613,0.903225806451613,0.903225806451613,0.870967741935484,0.838709677419355,0.838709677419355,0.806451612903226,0,0,0,0,0,0,0,0,2024,0.515294,-0.614634459034214
"25",9,9,1,1.17745052397684,9.11890684168384,10.258039846346,11.0930788778195,12.4092037443082,13.613715709418,16.0972856198706,17.0643196485092,19.1330950142511,1,1,1,1,1,1,1,1,0.935483870967742,0.903225806451613,0.903225806451613,0.903225806451613,0.870967741935484,0.838709677419355,0.838709677419355,0.806451612903226,0,0,0,0,0,0,0,0,2025,0.429938,-0.747512523976836
"26",9,9,2,1.15705459244497,9.09851091015197,10.2376439148141,11.0726829462876,12.3888078127763,13.5933197778862,16.0768896883387,17.0439237169773,19.1126990827192,1,1,1,1,1,1,1,1,0.935483870967742,0.903225806451613,0.903225806451613,0.903225806451613,0.870967741935484,0.838709677419355,0.838709677419355,0.806451612903226,0,0,0,0,0,0,0,0,2026,0.441906,-0.715148592444968
"27",9,9,3,1.15991436221597,9.10137067992297,10.2405036845851,11.0755427160586,12.3916675825473,13.5961795476572,16.0797494581097,17.0467834867483,19.1155588524902,0,0,0,0,0,0,0,0,0,0,0,0,0,0,0,0,0,0,0,0,0,0,0,0,2027,34.223431,33.063516637784
"28",10,10,1,9.23685887208773,17.2709056806412,18.4233199878531,19.2680948499736,20.599564590567,21.8181201201842,24.3306463011066,25.3089551075435,27.4018505992298,1,1,1,1,1,1,1,1,0.838709677419355,0.838709677419355,0.806451612903226,0.806451612903226,0.806451612903226,0.774193548387097,0.741935483870968,0.741935483870968,1,1,1,1,1,1,1,1,2028,0.973603,-8.26325587208773
"29",10,10,2,1.3039428669353,9.33798967548875,10.4904039827006,11.3351788448212,12.6666485854146,13.8852041150318,16.3977302959542,17.3760391023911,19.4689345940773,1,1,1,1,1,1,1,1,0.935483870967742,0.903225806451613,0.903225806451613,0.870967741935484,0.870967741935484,0.838709677419355,0.838709677419355,0.806451612903226,1,1,1,1,1,1,1,1,2029,0.444599,-0.859343866935304
"30",10,10,3,1.17773035544834,9.21177716400178,10.3641914712137,11.2089663333342,12.5404360739276,13.7589916035448,16.2715177844672,17.2498265909041,19.3427220825904,1,1,1,1,1,1,1,1,0.935483870967742,0.903225806451613,0.903225806451613,0.870967741935484,0.870967741935484,0.838709677419355,0.838709677419355,0.806451612903226,0,0,0,0,0,0,0,0,2030,0.434484,-0.743246355448338
"31",11,11,1,1.17703731959537,9.21669551327284,10.3699147249935,11.215279620656,12.54767932714,13.767085957645,16.281367014083,17.2603591209305,19.3547163968095,1,1,1,1,1,1,1,1,0.935483870967742,0.903225806451613,0.903225806451613,0.870967741935484,0.870967741935484,0.838709677419355,0.838709677419355,0.806451612903226,0,0,0,0,0,0,0,0,2031,0.434507,-0.742530319595374
"32",11,11,2,1.17704268301871,9.21670087669618,10.3699200884169,11.2152849840794,12.5476846905634,13.7670913210684,16.2813723775064,17.2603644843539,19.3547217602328,1,1,1,1,1,1,1,1,0.935483870967742,0.903225806451613,0.903225806451613,0.870967741935484,0.870967741935484,0.838709677419355,0.838709677419355,0.806451612903226,0,0,0,0,0,0,0,0,2032,0.353213,-0.823829683018715
"33",11,11,3,1.15808554662425,9.19774374030171,10.3509629520224,11.1963278476849,12.5287275541689,13.7481341846739,16.2624152411119,17.2414073479594,19.3357646238384,1,1,1,1,1,1,1,1,0.935483870967742,0.903225806451613,0.903225806451613,0.870967741935484,0.870967741935484,0.838709677419355,0.838709677419355,0.806451612903226,0,0,0,0,0,0,0,0,2033,0.421529,-0.73655654662425
"34",12,12,1,1.17285894857083,9.21256721549346,10.3657936097867,11.2111637706188,12.5435717756617,13.7629860009731,16.2772827170584,17.2562809213431,19.3506512414664,1,1,1,1,1,1,1,1,0.935483870967742,0.903225806451613,0.903225806451613,0.870967741935484,0.870967741935484,0.838709677419355,0.838709677419355,0.806451612903226,0,0,0,0,0,0,0,0,2034,0.472458,-0.700400948570829
"35",12,12,2,1.18473855526477,9.2244468221874,10.3776732164807,11.2230433773127,12.5554513823556,13.774865607667,16.2891623237523,17.2681605280371,19.3625308481604,1,1,1,1,1,1,1,1,0.935483870967742,0.903225806451613,0.903225806451613,0.870967741935484,0.870967741935484,0.838709677419355,0.838709677419355,0.806451612903226,0,0,0,0,0,0,0,0,2035,0.420464,-0.764274555264766
"36",12,12,3,1.17261052859146,9.2123187955141,10.3655451898074,11.2109153506394,12.5433233556823,13.7627375809937,16.277034297079,17.2560325013638,19.3504028214871,1,1,1,1,1,1,1,1,0.935483870967742,0.903225806451613,0.903225806451613,0.870967741935484,0.870967741935484,0.838709677419355,0.838709677419355,0.806451612903226,0,0,0,0,0,0,0,0,2036,0.494407,-0.678203528591465
"37",13,13,1,1.18988215722504,9.22958157957006,10.3828067051854,11.2281759360158,12.560582475261,13.7799953590804,16.2942893091584,17.2732864364357,19.3676544525176,1,1,1,1,1,1,1,1,0.935483870967742,0.903225806451613,0.903225806451613,0.870967741935484,0.870967741935484,0.838709677419355,0.838709677419355,0.806451612903226,0,0,0,0,0,0,0,0,2037,0.424023,-0.765859157225039
"38",13,13,2,1.17346405153005,9.21316347387507,10.3663885994904,11.2117578303208,12.544164369566,13.7635772533855,16.2778712034634,17.2568683307407,19.3512363468226,1,1,1,1,1,1,1,1,0.935483870967742,0.903225806451613,0.903225806451613,0.870967741935484,0.870967741935484,0.838709677419355,0.838709677419355,0.806451612903226,0,0,0,0,0,0,0,0,2038,0.435886,-0.737578051530046
"39",13,13,3,1.17623127118025,9.21593069352527,10.3691558191406,11.214525049971,12.5469315892162,13.7663444730357,16.2806384231136,17.2596355503909,19.3540035664728,1,1,1,1,1,1,1,1,0.935483870967742,0.903225806451613,0.903225806451613,0.870967741935484,0.870967741935484,0.838709677419355,0.838709677419355,0.806451612903226,0,0,0,0,0,0,0,0,2039,1.491736,0.315504728819754
"40",14,14,1,1.42393309237899,9.46360228859366,10.6168230785329,11.4621891311051,12.794590661022,14.0139989603252,16.5282834576397,17.5072769042701,19.601637046346,1,1,1,1,1,1,1,1,0.903225806451613,0.903225806451613,0.903225806451613,0.870967741935484,0.870967741935484,0.838709677419355,0.838709677419355,0.806451612903226,0,0,0,0,0,0,0,0,2040,0.396996,-1.02693709237899
"41",14,14,2,1.168637190473,9.20830638668767,10.3615271766269,11.2068932291991,12.539294759116,13.7587030584192,16.2729875557337,17.2519810023641,19.3463411444401,1,1,1,1,1,1,1,1,0.935483870967742,0.903225806451613,0.903225806451613,0.870967741935484,0.870967741935484,0.838709677419355,0.838709677419355,0.806451612903226,0,0,0,0,0,0,0,0,2041,0.35839,-0.810247190473
"42",14,14,3,1.15963418191482,9.19930337812949,10.3525241680687,11.1978902206409,12.5302917505578,13.749700049861,16.2639845471755,17.2429779938059,19.3373381358819,1,1,1,1,1,1,1,1,0.935483870967742,0.903225806451613,0.903225806451613,0.870967741935484,0.870967741935484,0.838709677419355,0.838709677419355,0.806451612903226,0,0,0,0,0,0,0,0,2042,0.420415,-0.73921918191482
"43",15,15,1,1.17407285899803,9.21377601679578,10.3670016782294,11.2123713018403,12.5447784601561,13.7641919105463,16.2784870288304,17.2574846109752,19.3518536001547,1,1,1,1,1,1,1,1,0.935483870967742,0.903225806451613,0.903225806451613,0.870967741935484,0.870967741935484,0.838709677419355,0.838709677419355,0.806451612903226,0,0,0,0,0,0,0,0,2043,0.509512,-0.66456085899803
"44",15,15,2,1.19484984188841,9.23455299968615,10.3877786611198,11.2331482847306,12.5655554430465,13.7849688934367,16.2992640117208,17.2782615938656,19.3726305830451,1,1,1,1,1,1,1,1,0.935483870967742,0.903225806451613,0.903225806451613,0.870967741935484,0.870967741935484,0.838709677419355,0.838709677419355,0.806451612903226,0,0,0,0,0,0,0,0,2044,0.41402,-0.780829841888408
"45",15,15,3,1.17258157640059,9.21228473419834,10.365510395632,11.2108800192428,12.5432871775586,13.7627006279489,16.276995746233,17.2559933283777,19.3503623175572,1,1,1,1,1,1,1,1,0.935483870967742,0.903225806451613,0.903225806451613,0.870967741935484,0.870967741935484,0.838709677419355,0.838709677419355,0.806451612903226,0,0,0,0,0,0,0,0,2045,0.459754,-0.712827576400591
"46",16,16,1,1.18297505883739,9.2227034043885,10.3759326787868,11.2213049508737,12.5537162835157,13.7731335542317,16.2874365496033,17.26643719887,19.3608127495417,1,1,1,1,1,1,1,1,0.935483870967742,0.903225806451613,0.903225806451613,0.870967741935484,0.870967741935484,0.838709677419355,0.838709677419355,0.806451612903226,0,0,0,0,0,0,0,0,2046,0.413602,-0.76937305883739
"47",16,16,2,1.17221229471688,9.21194064026799,10.3651699146663,11.2105421867532,12.5429535193952,13.7623707901112,16.2766737854828,17.2556744347495,19.3500499854212,1,1,1,1,1,1,1,1,0.935483870967742,0.903225806451613,0.903225806451613,0.870967741935484,0.870967741935484,0.838709677419355,0.838709677419355,0.806451612903226,0,0,0,0,0,0,0,0,2047,0.478773,-0.693439294716883
"48",16,16,3,1.1874103381494,9.22713868370051,10.3803679580988,11.2257402301858,12.5581515628277,13.7775688335437,16.2918718289153,17.270872478182,19.3652480288537,1,1,1,1,1,1,1,1,0.935483870967742,0.903225806451613,0.903225806451613,0.870967741935484,0.870967741935484,0.838709677419355,0.838709677419355,0.806451612903226,0,0,0,0,0,0,0,0,2048,0.579483,-0.607927338149401
"49",17,17,1,1.2077978179574,9.23593674393234,10.3875036166481,11.2316572687098,12.5621479053633,13.7798073631556,16.2904859434845,17.2680753449077,19.3594318138439,1,1,1,1,1,1,1,1,0.935483870967742,0.903225806451613,0.903225806451613,0.870967741935484,0.870967741935484,0.838709677419355,0.838709677419355,0.806451612903226,0,0,0,0,0,0,0,0,2049,0.453757,-0.754040817957404
"50",17,17,2,1.17716505111463,9.20530397708956,10.3568708498054,11.2010245018671,12.5315151385205,13.7491745963129,16.2598531766417,17.2374425780649,19.3287990470011,1,1,1,1,1,1,1,1,0.935483870967742,0.903225806451613,0.903225806451613,0.870967741935484,0.870967741935484,0.838709677419355,0.838709677419355,0.806451612903226,0,0,0,0,0,0,0,0,2050,0.314057,-0.863108051114626
"51",17,17,3,1.14312756063584,9.17126648661077,10.3228333593266,11.1669870113883,12.4974776480417,13.7151371058341,16.2258156861629,17.2034050875861,19.2947615565223,1,1,1,1,1,1,1,1,0.935483870967742,0.903225806451613,0.903225806451613,0.903225806451613,0.870967741935484,0.838709677419355,0.838709677419355,0.806451612903226,0,0,0,0,0,0,0,0,2051,0.446018,-0.697109560635837
"52",18,18,1,1.151123984574,9.0009687510667,10.1269608735756,10.9523670092756,12.2533092397607,13.4439261199937,15.8988459084858,16.8547243651617,18.8996346219378,1,1,1,1,1,1,1,1,0.935483870967742,0.903225806451613,0.903225806451613,0.903225806451613,0.870967741935484,0.838709677419355,0.838709677419355,0.806451612903226,0,0,0,0,0,0,0,0,2052,0.425667,-0.725456984574001
"53",18,18,2,1.14618419493886,8.99602896143156,10.1220210839404,10.9474272196405,12.2483694501255,13.4389863303585,15.8939061188507,16.8497845755266,18.8946948323026,1,1,1,1,1,1,1,1,0.935483870967742,0.903225806451613,0.903225806451613,0.903225806451613,0.870967741935484,0.838709677419355,0.838709677419355,0.806451612903226,0,0,0,0,0,0,0,0,2053,0.444614,-0.701570194938855
"54",18,18,3,1.15078319224695,9.00062795873966,10.1266200812485,10.9520262169486,12.2529684474336,13.4435853276666,15.8985051161588,16.8543835728347,18.8992938296107,1,1,1,1,1,1,1,1,0.935483870967742,0.903225806451613,0.903225806451613,0.903225806451613,0.870967741935484,0.838709677419355,0.838709677419355,0.806451612903226,0,0,0,0,0,0,0,0,2054,0.45396,-0.696823192246953
"55",19,19,1,1.14129831580699,8.95099264796414,10.0712255390331,10.8924098823491,12.186698045505,13.3712251511895,15.8135885008349,16.7645778244962,18.7990287617024,1,1,1,1,1,1,1,1,0.935483870967742,0.903225806451613,0.903225806451613,0.903225806451613,0.870967741935484,0.838709677419355,0.838709677419355,0.806451612903226,0,0,0,0,0,0,0,0,2055,0.471276,-0.670022315806991
"56",19,19,2,1.14542991719778,8.95512424935493,10.0753571404239,10.8965414837399,12.1908296468958,13.3753567525803,15.8177201022257,16.768709425887,18.8031603630932,1,1,1,1,1,1,1,1,0.935483870967742,0.903225806451613,0.903225806451613,0.903225806451613,0.870967741935484,0.838709677419355,0.838709677419355,0.806451612903226,0,0,0,0,0,0,0,0,2056,0.46272,-0.682709917197782
"57",19,19,3,1.14338845372472,8.95308278588186,10.0733156769509,10.8945000202668,12.1887881834227,13.3733152891073,15.8156786387526,16.7666679624139,18.8011188996201,1,1,1,1,1,1,1,1,0.935483870967742,0.903225806451613,0.903225806451613,0.903225806451613,0.870967741935484,0.838709677419355,0.838709677419355,0.806451612903226,0,0,0,0,0,0,0,0,2057,0.443449,-0.699939453724716
"58",20,20,1,1.13759282018008,8.94732682958594,10.067565412012,10.8887539273652,12.1830486661681,13.3675817898573,15.8099575479599,16.7609517031342,18.7954129763935,1,1,1,1,1,1,1,1,0.935483870967742,0.903225806451613,0.903225806451613,0.903225806451613,0.870967741935484,0.838709677419355,0.838709677419355,0.806451612903226,0,0,0,0,0,0,0,0,2058,0.462899,-0.674693820180079
"59",20,20,2,1.14223509679918,8.95196910620504,10.0722076886311,10.8933962039843,12.1876909427872,13.3722240664764,15.814599824579,16.7655939797533,18.8000552530126,1,1,1,1,1,1,1,1,0.935483870967742,0.903225806451613,0.903225806451613,0.903225806451613,0.870967741935484,0.838709677419355,0.838709677419355,0.806451612903226,0,0,0,0,0,0,0,0,2059,0.328027,-0.814208096799179
"60",20,20,3,1.11004419026081,8.91977819966667,10.0400167820927,10.8612052974459,12.1555000362489,13.340033159938,15.7824089180406,16.7334030732149,18.7678643464743,1,1,1,1,1,1,1,1,0.935483870967742,0.903225806451613,0.903225806451613,0.903225806451613,0.870967741935484,0.838709677419355,0.838709677419355,0.806451612903226,0,0,0,0,0,0,0,0,2060,0.462948,-0.647096190260808
"61",21,21,1,1.14224611914356,8.95197931688247,10.072217782882,10.8934062128889,12.1877008171755,13.372233817756,15.8146093220221,16.7656033783594,18.8000644401768,1,1,1,1,1,1,1,1,0.935483870967742,0.903225806451613,0.903225806451613,0.903225806451613,0.870967741935484,0.838709677419355,0.838709677419355,0.806451612903226,0,0,0,0,0,0,0,0,2061,0.436166,-0.706080119143558
"62",21,21,2,1.13585386569829,8.9455870634372,10.0658255294367,10.8870139594436,12.1813085637303,13.3658415643107,15.8082170685768,16.7592111249141,18.7936721867316,1,1,1,1,1,1,1,1,0.935483870967742,0.903225806451613,0.903225806451613,0.903225806451613,0.870967741935484,0.838709677419355,0.838709677419355,0.806451612903226,0,0,0,0,0,0,0,0,2062,0.449101,-0.686752865698287
"63",21,21,3,1.13894115560623,8.94867435334514,10.0689128193446,10.8901012493516,12.1843958536382,13.3689288542187,15.8113043584848,16.7622984148221,18.7967594766395,1,1,1,1,1,1,1,1,0.935483870967742,0.903225806451613,0.903225806451613,0.903225806451613,0.870967741935484,0.838709677419355,0.838709677419355,0.806451612903226,0,0,0,0,0,0,0,0,2063,0.426836,-0.712105155606232
"64",22,22,1,1.13365718414329,8.94338263813219,10.0636199933579,10.8848076091145,12.1791009300419,13.3636327560972,15.8060058386231,16.7569989520011,18.7914579965463,1,1,1,1,1,1,1,1,0.935483870967742,0.903225806451613,0.903225806451613,0.903225806451613,0.870967741935484,0.838709677419355,0.838709677419355,0.806451612903226,0,0,0,0,0,0,0,0,2064,0.480118,-0.653539184143294
"65",22,22,2,1.14637486752087,8.95610032150977,10.0763376767355,10.8975252924921,12.1918186134194,13.3763504394748,15.8187235220006,16.7697166353787,18.8041756799239,1,1,1,1,1,1,1,1,0.935483870967742,0.903225806451613,0.903225806451613,0.903225806451613,0.870967741935484,0.838709677419355,0.838709677419355,0.806451612903226,0,0,0,0,0,0,0,0,2065,0.404557,-0.741817867520874
"66",22,22,3,1.12833949209027,8.93806494607917,10.0583023013049,10.8794899170615,12.1737832379888,13.3583150640442,15.80068814657,16.7516812599481,18.7861403044933,1,1,1,1,1,1,1,1,0.935483870967742,0.903225806451613,0.903225806451613,0.903225806451613,0.870967741935484,0.838709677419355,0.838709677419355,0.806451612903226,0,0,0,0,0,0,0,0,2066,0.461572,-0.666767492090273
"67",23,23,1,1.14196769924852,8.95167386832713,10.0719084572998,10.8930940452605,12.1873841701304,13.3719130711675,15.8142801226304,16.7652708876779,18.7997249084409,1,1,1,1,1,1,1,1,0.935483870967742,0.903225806451613,0.903225806451613,0.903225806451613,0.870967741935484,0.838709677419355,0.838709677419355,0.806451612903226,0,0,0,0,0,0,0,0,2067,0.430881,-0.711086699248517
"68",23,23,2,1.13464200113755,8.94434817021616,10.0645827591888,10.8857683471495,12.1800584720195,13.3645873730565,15.8069544245194,16.7579451895669,18.7923992103299,1,1,1,1,1,1,1,1,0.935483870967742,0.903225806451613,0.903225806451613,0.903225806451613,0.870967741935484,0.838709677419355,0.838709677419355,0.806451612903226,0,0,0,0,0,0,0,0,2068,0.299752,-0.83489000113755
"69",23,23,3,1.1033425495852,8.91304871866382,10.0332833076365,10.8544688955972,12.1487590204671,13.3332879215042,15.7756549729671,16.7266457380146,18.7610997587775,1,1,1,1,1,1,1,1,0.935483870967742,0.903225806451613,0.903225806451613,0.903225806451613,0.870967741935484,0.838709677419355,0.838709677419355,0.806451612903226,0,0,0,0,0,0,0,0,2069,0.4408,-0.662542549585205
"70",24,24,1,1.13687015950286,8.94662031977334,10.0668612189008,10.888051432507,12.182348847967,13.3668844213214,15.8092652303617,16.7602613522327,18.7947268328451,1,1,1,1,1,1,1,1,0.935483870967742,0.903225806451613,0.903225806451613,0.903225806451613,0.870967741935484,0.838709677419355,0.838709677419355,0.806451612903226,0,0,0,0,0,0,0,0,2070,0.429436,-0.707434159502865
"71",24,24,2,1.13415813005404,8.94390829032452,10.064149189452,10.8853394030582,12.1796368185181,13.3641723918726,15.8065532009129,16.7575493227839,18.7920148033963,1,1,1,1,1,1,1,1,0.935483870967742,0.903225806451613,0.903225806451613,0.903225806451613,0.870967741935484,0.838709677419355,0.838709677419355,0.806451612903226,0,0,0,0,0,0,0,0,2071,0.418309,-0.715849130054042
"72",24,24,3,1.13150266088148,8.94125282115195,10.0614937202794,10.8826839338857,12.1769813493456,13.3615169227,15.8038977317403,16.7548938536113,18.7893593342237,1,1,1,1,1,1,1,1,0.935483870967742,0.903225806451613,0.903225806451613,0.903225806451613,0.870967741935484,0.838709677419355,0.838709677419355,0.806451612903226,0,0,0,0,0,0,0,0,2072,0.522996,-0.608506660881476
"73",25,25,1,1.15653999166836,8.96626992854636,10.0865079268036,10.9076960139332,12.2019900778025,13.3865225837954,15.8288970682767,16.7798907275378,18.8143509398903,1,1,1,1,1,1,1,1,0.935483870967742,0.903225806451613,0.903225806451613,0.903225806451613,0.870967741935484,0.838709677419355,0.838709677419355,0.806451612903226,0,0,0,0,0,0,0,0,2073,0.446481,-0.71005899166836
"74",25,25,2,1.1382784194746,8.9480083563526,10.0682463546099,10.8894344417394,12.1837285056088,13.3682610116016,15.8106354960829,16.7616291553441,18.7960893676965,1,1,1,1,1,1,1,1,0.935483870967742,0.903225806451613,0.903225806451613,0.903225806451613,0.870967741935484,0.838709677419355,0.838709677419355,0.806451612903226,0,0,0,0,0,0,0,0,2074,0.506718,-0.631560419474601
"75",25,25,3,1.15265497732908,8.96238491420708,10.0826229124644,10.9038109995939,12.1981050634633,13.3826375694561,15.8250120539374,16.7760057131985,18.810465925551,1,1,1,1,1,1,1,1,0.935483870967742,0.903225806451613,0.903225806451613,0.903225806451613,0.870967741935484,0.838709677419355,0.838709677419355,0.806451612903226,0,0,0,0,0,0,0,0,2075,0.425841,-0.72681397732908
"76",26,26,1,1.13339394923375,8.94311482034539,10.0633515181971,10.8845386520671,12.1788312134816,13.3633623444339,15.8057339937344,16.7567265490538,18.7911843997445,1,1,1,1,1,1,1,1,0.935483870967742,0.903225806451613,0.903225806451613,0.903225806451613,0.870967741935484,0.838709677419355,0.838709677419355,0.806451612903226,0,0,0,0,0,0,0,0,2076,0.415689,-0.717704949233752
"77",26,26,2,1.13097087999033,8.94069175110197,10.0609284489537,10.8821155828237,12.1764081442381,13.3609392751905,15.803310924491,16.7543034798104,18.7887613305011,1,1,1,1,1,1,1,1,0.935483870967742,0.903225806451613,0.903225806451613,0.903225806451613,0.870967741935484,0.838709677419355,0.838709677419355,0.806451612903226,0,0,0,0,0,0,0,0,2077,0.335823,-0.795147879990331
"78",26,26,3,1.11190854269767,8.92162941380931,10.0418661116611,10.8630532455311,12.1573458069455,13.3418769378978,15.7842485871983,16.7352411425178,18.7696989932084,1,1,1,1,1,1,1,1,0.935483870967742,0.903225806451613,0.903225806451613,0.903225806451613,0.870967741935484,0.838709677419355,0.838709677419355,0.806451612903226,0,0,0,0,0,0,0,0,2078,0.413305,-0.698603542697673
"79",27,27,1,1.13038429246266,8.94009821887225,10.0603339205667,10.8815203242058,12.1758117346858,13.3603418123078,15.8027112897582,16.7537029994188,18.7881590409918,1,1,1,1,1,1,1,1,0.935483870967742,0.903225806451613,0.903225806451613,0.903225806451613,0.870967741935484,0.838709677419355,0.838709677419355,0.806451612903226,0,0,0,0,0,0,0,0,2079,0.437094,-0.693290292462658
"80",27,27,2,1.13606210109644,8.94577602750603,10.0660117292005,10.8871981328396,12.1814895433196,13.3660196209416,15.808389098392,16.7593808080525,18.7938368496256,1,1,1,1,1,1,1,1,0.935483870967742,0.903225806451613,0.903225806451613,0.903225806451613,0.870967741935484,0.838709677419355,0.838709677419355,0.806451612903226,0,0,0,0,0,0,0,0,2080,0.411599,-0.72446310109644
"81",27,27,3,1.12997711513157,8.93969104154116,10.0599267432357,10.8811131468747,12.1754045573547,13.3599346349767,15.8023041124271,16.7532958220877,18.7877518636607,1,1,1,1,1,1,1,1,0.935483870967742,0.903225806451613,0.903225806451613,0.903225806451613,0.870967741935484,0.838709677419355,0.838709677419355,0.806451612903226,0,0,0,0,0,0,0,0,2081,0.62444,-0.505537115131571
"82",28,28,1,1.18074272034225,8.99045975661099,10.1106959043878,10.9318826350265,12.2261745608986,13.4107051102052,15.8530755602168,16.804067648566,18.8385245002676,1,1,1,1,1,1,1,1,0.935483870967742,0.903225806451613,0.903225806451613,0.903225806451613,0.870967741935484,0.838709677419355,0.838709677419355,0.806451612903226,0,0,0,0,0,0,0,0,2082,0.460217,-0.720525720342251
"83",28,28,2,1.14154852239883,8.95126555866758,10.0715017064444,10.8926884370831,12.1869803629551,13.3715109122617,15.8138813622734,16.7648734506226,18.7993303023241,1,1,1,1,1,1,1,1,0.935483870967742,0.903225806451613,0.903225806451613,0.903225806451613,0.870967741935484,0.838709677419355,0.838709677419355,0.806451612903226,0,0,0,0,0,0,0,0,2083,0.531106,-0.610442522398834
"84",28,28,3,1.15846720917237,8.96818424544112,10.0884203932179,10.9096071238567,12.2038990497287,13.3884295990353,15.8308000490469,16.7817921373961,18.8162489890977,1,1,1,1,1,1,1,1,0.935483870967742,0.903225806451613,0.903225806451613,0.903225806451613,0.870967741935484,0.838709677419355,0.838709677419355,0.806451612903226,0,0,0,0,0,0,0,0,2084,0.487581,-0.670886209172373
"85",29,29,1,1.14812449419141,8.95783271848694,10.0780676022627,10.8992534063281,12.1935438718058,13.3780730845657,15.8204407787665,16.7714317940786,18.8058863502322,1,1,1,1,1,1,1,1,0.935483870967742,0.903225806451613,0.903225806451613,0.903225806451613,0.870967741935484,0.838709677419355,0.838709677419355,0.806451612903226,0,0,0,0,0,0,0,0,2085,0.430806,-0.71731849419141
"86",29,29,2,1.13457356664561,8.94428179094113,10.0645166747169,10.8857024787823,12.17999294426,13.3645221570199,15.8068898512207,16.7578808665328,18.7923354226864,1,1,1,1,1,1,1,1,0.935483870967742,0.903225806451613,0.903225806451613,0.903225806451613,0.870967741935484,0.838709677419355,0.838709677419355,0.806451612903226,0,0,0,0,0,0,0,0,2086,0.304123,-0.830450566645609
"87",29,29,3,1.10433715705891,8.91404538135444,10.0342802651302,10.8554660691956,12.1497565346733,13.3342857474332,15.776653441634,16.7276444569461,18.7620990130997,1,1,1,1,1,1,1,1,0.935483870967742,0.903225806451613,0.903225806451613,0.903225806451613,0.870967741935484,0.838709677419355,0.838709677419355,0.806451612903226,0,0,0,0,0,0,0,0,2087,0.434135,-0.67020215705891
"88",30,30,1,1.13532966269282,8.94505372613254,10.0652908818961,10.8864783514373,12.1807714419112,13.3653030570564,15.8076757047091,16.7586686487595,18.7931273310621,1,1,1,1,1,1,1,1,0.935483870967742,0.903225806451613,0.903225806451613,0.903225806451613,0.870967741935484,0.838709677419355,0.838709677419355,0.806451612903226,0,0,0,0,0,0,0,0,2088,0.434232,-0.701097662692824
"89",30,30,2,1.13535281331352,8.94507687675323,10.0653140325168,10.886501502058,12.1807945925318,13.3653262076771,15.8076988553298,16.7586917993802,18.7931504816828,1,1,1,1,1,1,1,1,0.935483870967742,0.903225806451613,0.903225806451613,0.903225806451613,0.870967741935484,0.838709677419355,0.838709677419355,0.806451612903226,0,0,0,0,0,0,0,0,2089,0.433698,-0.701654813313517
"90",30,30,3,1.13522536556661,8.94494942900633,10.0651865847699,10.8863740543111,12.1806671447849,13.3651987599302,15.8075714075829,16.7585643516333,18.7930230339359,1,1,1,1,1,1,1,1,0.935483870967742,0.903225806451613,0.903225806451613,0.903225806451613,0.870967741935484,0.838709677419355,0.838709677419355,0.806451612903226,0,0,0,0,0,0,0,0,2090,0.461752,-0.673473365566614
"91",31,31,1,1.14195674653154,8.95165363672586,10.0718868947231,10.893071507015,12.1873600941103,13.3718875877825,15.8142517374151,16.7652413725695,18.7996929761527,1,1,1,1,1,1,1,1,0.935483870967742,0.903225806451613,0.903225806451613,0.903225806451613,0.870967741935484,0.838709677419355,0.838709677419355,0.806451612903226,0,0,0,0,0,0,0,0,2091,0.427167,-0.714789746531539
"92",31,31,2,1.13370210907188,8.9433989992662,10.0636322572634,10.8848168695554,12.1791054566507,13.3636329503228,15.8059970999555,16.7569867351099,18.7914383386931,1,1,1,1,1,1,1,1,0.935483870967742,0.903225806451613,0.903225806451613,0.903225806451613,0.870967741935484,0.838709677419355,0.838709677419355,0.806451612903226,0,0,0,0,0,0,0,0,2092,0.42301,-0.710692109071879
"93",31,31,3,1.13270992957441,8.94240681976873,10.062640077766,10.8838246900579,12.1781132771532,13.3626407708253,15.805004920458,16.7559945556124,18.7904461591956,1,1,1,1,1,1,1,1,0.935483870967742,0.903225806451613,0.903225806451613,0.903225806451613,0.870967741935484,0.838709677419355,0.838709677419355,0.806451612903226,0,0,0,0,0,0,0,0,2093,0.474752,-0.657957929574414
"94",32,32,1,1.14475946946934,8.95450177779752,10.074741550632,10.8959309386115,12.1902270527816,13.374761435201,15.8171397886656,16.7681349544027,18.8025983895584,1,1,1,1,1,1,1,1,0.935483870967742,0.903225806451613,0.903225806451613,0.903225806451613,0.870967741935484,0.838709677419355,0.838709677419355,0.806451612903226,0,0,0,0,0,0,0,0,2094,0.434762,-0.709997469469338
"95",32,32,2,1.13521310084318,8.94495540917136,10.0651951820058,10.8863845699854,12.1806806841554,13.3652150665748,15.8075934200394,16.7585885857765,18.7930520209323,1,1,1,1,1,1,1,1,0.935483870967742,0.903225806451613,0.903225806451613,0.903225806451613,0.870967741935484,0.838709677419355,0.838709677419355,0.806451612903226,0,0,0,0,0,0,0,0,2095,0.35076,-0.784453100843182
"96",32,32,3,1.11516023619366,8.92490254452184,10.0451423173563,10.8663317053359,12.1606278195059,13.3451622019253,15.7875405553899,16.738535721127,18.7729991562828,1,1,1,1,1,1,1,1,0.935483870967742,0.903225806451613,0.903225806451613,0.903225806451613,0.870967741935484,0.838709677419355,0.838709677419355,0.806451612903226,0,0,0,0,0,0,0,0,2096,0.477464,-0.63769623619366
"97",33,33,1,1.14600956173913,8.95574126818375,10.07597952027,10.8971677934683,12.1914621506051,13.3759949249951,15.8183699628815,16.7693638376234,18.8038245109538,1,1,1,1,1,1,1,1,0.935483870967742,0.903225806451613,0.903225806451613,0.903225806451613,0.870967741935484,0.838709677419355,0.838709677419355,0.806451612903226,0,0,0,0,0,0,0,0,2097,0.443731,-0.702278561739132
"98",33,33,2,1.13795117600439,8.94768288244901,10.0679211345353,10.8891094077336,12.1834037648704,13.3679365392604,15.8103115771468,16.7613054518887,18.7957661252191,1,1,1,1,1,1,1,1,0.935483870967742,0.903225806451613,0.903225806451613,0.903225806451613,0.870967741935484,0.838709677419355,0.838709677419355,0.806451612903226,0,0,0,0,0,0,0,0,2098,0.399481,-0.738470176004388
"99",33,33,3,1.12738041239717,8.93711211884179,10.057350370928,10.8785386441263,12.1728330012632,13.3573657756531,15.7997408135396,16.7507346882815,18.7851953616118,1,1,1,1,1,1,1,1,0.935483870967742,0.903225806451613,0.903225806451613,0.903225806451613,0.870967741935484,0.838709677419355,0.838709677419355,0.806451612903226,0,0,0,0,0,0,0,0,2099,0.40898,-0.718400412397166
"100",34,34,1,1.12957115691221,8.93932920778445,10.0595712387503,10.8807622820482,12.1750610052049,13.359597775358,15.8019810520643,16.7529781347767,18.7874456709167,0,0,0,0,0,0,0,0,0,0,0,0,0,0,0,0,0,0,0,0,0,0,0,0,2100,37.423562,36.2939908430878
"101",34,34,2,9.97102024982707,17.7807783006993,18.9010203316651,19.7222113749631,21.0165100981198,22.2010468682729,24.6434301449792,25.5944272276916,27.6288947638316,1,1,1,1,1,1,1,1,0.928571428571429,0.892857142857143,0.892857142857143,0.892857142857143,0.857142857142857,0.857142857142857,0.821428571428571,0.821428571428571,1,1,1,1,1,1,1,1,2101,11.16946,1.19843975017293
"102",34,34,3,3.69986186383762,11.5096199147099,12.6298619456757,13.4510529889736,14.7453517121304,15.9298884822834,18.3722717589897,19.3232688417021,21.3577363778421,0,0,0,0,0,0,1,1,0,0,0,0,0,0,1,1,1,1,1,1,1,1,1,1,2102,21.20886,17.5089981361624
"103",35,35,1,6.19508673433485,14.144225256644,15.2844602069016,16.1203070172553,17.4377050432378,18.6433821985838,21.1293546019082,22.0973240953996,24.1681007005867,1,1,1,1,1,1,1,1,0.964285714285714,0.964285714285714,0.928571428571429,0.928571428571429,0.928571428571429,0.892857142857143,0.857142857142857,0.857142857142857,1,1,1,1,1,1,0,0,2103,10.607539,4.41245226566515
"104",35,35,2,3.62582728093115,11.5749658032403,12.7152007534979,13.5510475638516,14.8684455898341,16.0741227451801,18.5600951485045,19.5280646419959,21.598841247183,1,1,1,1,1,1,1,1,0.903225806451613,0.870967741935484,0.870967741935484,0.870967741935484,0.838709677419355,0.838709677419355,0.806451612903226,0.806451612903226,1,1,1,1,1,1,0,0,2104,0.337345,-3.28848228093115
"105",35,35,3,1.13681737143119,9.08595589374037,10.226190843998,11.0620376543516,12.3794356803342,13.5851128356801,16.0710852390046,17.039054732496,19.1098313376831,1,1,1,1,1,1,1,1,0.935483870967742,0.903225806451613,0.903225806451613,0.903225806451613,0.870967741935484,0.838709677419355,0.838709677419355,0.806451612903226,0,0,0,0,0,0,0,0,2105,0.463773,-0.67304437143119
"106",36,36,1,1.16728750152751,9.11893700464886,10.2595321333174,11.0956429716908,12.4134571385113,13.619515144209,16.1062728186653,17.0745480752048,19.1459787991128,1,1,1,1,1,1,1,1,0.935483870967742,0.903225806451613,0.903225806451613,0.903225806451613,0.870967741935484,0.838709677419355,0.838709677419355,0.806451612903226,0,0,0,0,0,0,0,0,2106,0.459898,-0.707389501527506
"107",36,36,2,1.16634388901602,9.11799339213738,10.2585885208059,11.0946993591793,12.4125135259998,13.6185715316975,16.1053292061538,17.0736044626933,19.1450351866013,1,1,1,1,1,1,1,1,0.935483870967742,0.903225806451613,0.903225806451613,0.903225806451613,0.870967741935484,0.838709677419355,0.838709677419355,0.806451612903226,0,0,0,0,0,0,0,0,2107,0.541127,-0.625216889016021
"108",36,36,3,1.1861241988729,9.13777370199425,10.2783688306628,11.1144796690362,12.4322938358567,13.6383518415544,16.1251095160107,17.0933847725502,19.1648154964582,1,1,1,1,1,1,1,1,0.935483870967742,0.903225806451613,0.903225806451613,0.903225806451613,0.870967741935484,0.838709677419355,0.838709677419355,0.806451612903226,0,0,0,0,0,0,0,0,2108,0.460362,-0.725762198872899
"109",37,37,1,1.16686376817981,9.11848821435199,10.2590797488186,11.0951879524699,12.4129979666422,13.6190521718537,16.1058020101295,17.0740742154752,19.1454984119659,1,1,1,1,1,1,1,1,0.935483870967742,0.903225806451613,0.903225806451613,0.903225806451613,0.870967741935484,0.838709677419355,0.838709677419355,0.806451612903226,0,0,0,0,0,0,0,0,2109,0.398196,-0.768667768179809
"110",37,37,2,1.15171572444996,9.10334017062214,10.2439317050888,11.08003990874,12.3978499229123,13.6039041281239,16.0906539663997,17.0589261717454,19.1303503682361,1,1,1,1,1,1,1,1,0.935483870967742,0.903225806451613,0.903225806451613,0.903225806451613,0.870967741935484,0.838709677419355,0.838709677419355,0.806451612903226,0,0,0,0,0,0,0,0,2110,0.426586,-0.725129724449959
"111",37,37,3,1.15863354064354,9.11025798681573,10.2508495212823,11.0869577249336,12.4047677391059,13.6108219443175,16.0975717825933,17.065843987939,19.1372681844297,1,1,1,1,1,1,1,1,0.935483870967742,0.903225806451613,0.903225806451613,0.903225806451613,0.870967741935484,0.838709677419355,0.838709677419355,0.806451612903226,0,0,0,0,0,0,0,0,2111,0.421155,-0.737478540643545
"112",38,38,1,1.15728021298244,9.10891405411867,10.2495069362114,11.085616127737,12.4034276989218,13.6094833291045,16.0962361055127,17.0645094548866,19.1359360987962,1,1,1,1,1,1,1,1,0.935483870967742,0.903225806451613,0.903225806451613,0.903225806451613,0.870967741935484,0.838709677419355,0.838709677419355,0.806451612903226,0,0,0,0,0,0,0,0,2112,0.422309,-0.734971212982438
"113",38,38,2,1.15756139873111,9.10919523986735,10.24978812196,11.0858973134857,12.4037088846704,13.6097645148532,16.0965172912614,17.0647906406353,19.1362172845449,1,1,1,1,1,1,1,1,0.935483870967742,0.903225806451613,0.903225806451613,0.903225806451613,0.870967741935484,0.838709677419355,0.838709677419355,0.806451612903226,0,0,0,0,0,0,0,0,2113,0.371044,-0.78651739873111
"114",38,38,3,1.14507007515598,9.09670391629222,10.2372967983849,11.0734059899106,12.3912175610953,13.5972731912781,16.0840259676862,17.0522993170602,19.1237259609697,1,1,1,1,1,1,1,1,0.935483870967742,0.903225806451613,0.903225806451613,0.903225806451613,0.870967741935484,0.838709677419355,0.838709677419355,0.806451612903226,0,0,0,0,0,0,0,0,2114,0.433554,-0.711516075155981
"115",39,39,1,1.15996171052397,9.11158789852633,10.2521796828434,11.0882880696469,12.40609837249,13.6121528418918,16.0989032248985,17.0671756423476,19.1386002925907,1,1,1,1,1,1,1,1,0.935483870967742,0.903225806451613,0.903225806451613,0.903225806451613,0.870967741935484,0.838709677419355,0.838709677419355,0.806451612903226,0,0,0,0,0,0,0,0,2115,0.593941,-0.56602071052397
"116",39,39,2,1.19901960751637,9.15064579551873,10.2912375798358,11.1273459666393,12.4451562694824,13.6512107388842,16.1379611218909,17.10623353934,19.1776581895831,1,1,1,1,1,1,1,1,0.935483870967742,0.903225806451613,0.903225806451613,0.903225806451613,0.870967741935484,0.838709677419355,0.838709677419355,0.806451612903226,0,0,0,0,0,0,0,0,2116,0.447377,-0.751642607516368
"117",39,39,3,1.16332792667694,9.1149541146793,10.2555458989963,11.0916542857999,12.409464588643,13.6155190580448,16.1022694410515,17.0705418585005,19.1419665087437,1,1,1,1,1,1,1,1,0.935483870967742,0.903225806451613,0.903225806451613,0.903225806451613,0.870967741935484,0.838709677419355,0.838709677419355,0.806451612903226,0,0,0,0,0,0,0,0,2117,0.413388,-0.749939926676937
"118",40,40,1,1.15587740630495,9.10753314532267,10.2481291684765,11.0842406625503,12.402055862836,13.6081148143567,16.0948744389949,17.0631504548818,19.1345828032612,1,1,1,1,1,1,1,1,0.935483870967742,0.903225806451613,0.903225806451613,0.903225806451613,0.870967741935484,0.838709677419355,0.838709677419355,0.806451612903226,0,0,0,0,0,0,0,0,2118,0.400308,-0.755569406304948
"119",40,40,2,1.15269133441561,9.10434707343334,10.2449430965871,11.081054590661,12.3988697909466,13.6049287424673,16.0916883671055,17.0599643829925,19.1313967313718,1,1,1,1,1,1,1,1,0.935483870967742,0.903225806451613,0.903225806451613,0.903225806451613,0.870967741935484,0.838709677419355,0.838709677419355,0.806451612903226,0,0,0,0,0,0,0,0,2119,0.435335,-0.717356334415614
"120",40,40,3,1.16122333289174,9.11287907190946,10.2534750950633,11.0895865891371,12.4074017894227,13.6134607409434,16.1002203655816,17.0684963814686,19.1399287298479,1,1,1,1,1,1,1,1,0.935483870967742,0.903225806451613,0.903225806451613,0.903225806451613,0.870967741935484,0.838709677419355,0.838709677419355,0.806451612903226,0,0,0,0,0,0,0,0,2120,0.445303,-0.715920332891738
"121",41,41,1,1.16364755695542,9.11530140901695,10.2558971615033,11.0920084571649,12.4098233447283,13.6158820100469,16.1026410445682,17.0709168306798,19.1423486875009,1,1,1,1,1,1,1,1,0.935483870967742,0.903225806451613,0.903225806451613,0.903225806451613,0.870967741935484,0.838709677419355,0.838709677419355,0.806451612903226,0,0,0,0,0,0,0,0,2121,0.442057,-0.721590556955415
"122",41,41,2,1.16285688871048,9.11451074077201,10.2551064932583,11.0912177889199,12.4090326764833,13.6150913418019,16.1018503763232,17.0701261624348,19.1415580192559,1,1,1,1,1,1,1,1,0.935483870967742,0.903225806451613,0.903225806451613,0.903225806451613,0.870967741935484,0.838709677419355,0.838709677419355,0.806451612903226,0,0,0,0,0,0,0,0,2122,0.362866,-0.799990888710477
"123",41,41,3,1.14356736037255,9.09522121243408,10.2358169649204,11.071928260582,12.3897431481454,13.595801813464,16.0825608479853,17.0508366340969,19.122268490918,1,1,1,1,1,1,1,1,0.935483870967742,0.903225806451613,0.903225806451613,0.903225806451613,0.870967741935484,0.838709677419355,0.838709677419355,0.806451612903226,0,0,0,0,0,0,0,0,2123,0.392484,-0.751083360372552
"124",42,42,1,1.14987165484388,9.10154047662237,10.2421383763847,11.0782512461024,12.3960686145731,13.6021295504077,16.0888932664807,17.0571708754602,19.1286066319415,1,1,1,1,1,1,1,1,0.935483870967742,0.903225806451613,0.903225806451613,0.903225806451613,0.870967741935484,0.838709677419355,0.838709677419355,0.806451612903226,0,0,0,0,0,0,0,0,2124,0.402423,-0.747448654843885
"125",42,42,2,1.15229199797255,9.10396081975103,10.2445587195134,11.0806715892311,12.3984889577018,13.6045498935363,16.0913136096094,17.0595912185888,19.1310269750702,1,1,1,1,1,1,1,1,0.935483870967742,0.903225806451613,0.903225806451613,0.903225806451613,0.870967741935484,0.838709677419355,0.838709677419355,0.806451612903226,0,0,0,0,0,0,0,0,2125,0.431447,-0.720844997972547
"126",42,42,3,1.15935991617018,9.11102873794867,10.251626637711,11.0877395074287,12.4055568758994,13.611617811734,16.098381527807,17.0666591367865,19.1380948932678,1,1,1,1,1,1,1,1,0.935483870967742,0.903225806451613,0.903225806451613,0.903225806451613,0.870967741935484,0.838709677419355,0.838709677419355,0.806451612903226,0,0,0,0,0,0,0,0,2126,0.443911,-0.715448916170182
"127",43,43,1,1.1602645107254,9.10312727096629,10.2424620176069,11.0776489356096,12.3940068895722,13.5987321753618,16.0827419293667,17.049947221025,19.1190889696507,1,1,1,1,1,1,1,1,0.935483870967742,0.903225806451613,0.903225806451613,0.903225806451613,0.870967741935484,0.838709677419355,0.838709677419355,0.806451612903226,0,0,0,0,0,0,0,0,2127,0.400461,-0.759803510725397
"128",43,43,2,1.14934668909038,9.09220944933127,10.2315441959719,11.0667311139746,12.3830890679371,13.5878143537268,16.0718241077317,17.03902939939,19.1081711480157,1,1,1,1,1,1,1,1,0.935483870967742,0.903225806451613,0.903225806451613,0.903225806451613,0.870967741935484,0.838709677419355,0.838709677419355,0.806451612903226,0,0,0,0,0,0,0,0,2128,0.619514,-0.529832689090377
"129",43,43,3,1.20438884289051,9.14725160313141,10.286586349772,11.1217732677747,12.4381312217373,13.6428565075269,16.1268662615319,17.0940715531901,19.1632133018158,1,1,1,1,1,1,1,1,0.935483870967742,0.903225806451613,0.903225806451613,0.903225806451613,0.870967741935484,0.838709677419355,0.838709677419355,0.806451612903226,0,0,0,0,0,0,0,0,2129,0.419979,-0.784409842890514
"130",44,44,1,1.13501118456495,8.96030682618925,10.0827775897364,10.9056024007231,12.2024761439688,13.3893695617217,15.8366119840719,16.7895010848701,18.8280162142606,1,1,1,1,1,1,1,1,0.935483870967742,0.903225806451613,0.903225806451613,0.903225806451613,0.870967741935484,0.838709677419355,0.838709677419355,0.806451612903226,0,0,0,0,0,0,0,0,2130,0.428749,-0.706262184564948
"131",44,44,2,1.13721774985747,8.96251339148177,10.0849841550289,10.9078089660156,12.2046827092613,13.3915761270142,15.8388185493644,16.7917076501626,18.8302227795531,1,1,1,1,1,1,1,1,0.935483870967742,0.903225806451613,0.903225806451613,0.903225806451613,0.870967741935484,0.838709677419355,0.838709677419355,0.806451612903226,0,0,0,0,0,0,0,0,2131,0.337882,-0.799335749857467
"132",44,44,3,1.11435526770976,8.93965090933407,10.0621216728812,10.8849464838679,12.1818202271136,13.3687136448665,15.8159560672167,16.7688451680149,18.8073602974054,1,1,1,1,1,1,1,1,0.935483870967742,0.903225806451613,0.903225806451613,0.903225806451613,0.870967741935484,0.838709677419355,0.838709677419355,0.806451612903226,0,0,0,0,0,0,0,0,2132,2.493721,1.37936573229024
"133",45,45,1,1.65692549923535,9.48238109980068,10.6048748080701,11.4277164386366,12.7246166916221,13.9115343709777,16.3588268180585,17.3117353971152,19.3502921963334,1,1,1,1,1,1,1,1,0.903225806451613,0.903225806451613,0.903225806451613,0.870967741935484,0.870967741935484,0.838709677419355,0.838709677419355,0.806451612903226,0,0,0,0,0,0,0,0,2133,0.430903,-1.22602249923535
"134",45,45,2,1.1376250411036,8.96308064166893,10.0855743499383,10.9084159805049,12.2053162334903,13.3922339128459,15.8395263599267,16.7924349389834,18.8309917382017,1,1,1,1,1,1,1,1,0.935483870967742,0.903225806451613,0.903225806451613,0.903225806451613,0.870967741935484,0.838709677419355,0.838709677419355,0.806451612903226,0,0,0,0,0,0,0,0,2134,0.434507,-0.703118041103602
"135",45,45,3,1.13853232369039,8.96398792425572,10.0864816325251,10.9093232630916,12.2062235160771,13.3931411954327,15.8404336425135,16.7933422215702,18.8318990207885,1,1,1,1,1,1,1,1,0.935483870967742,0.903225806451613,0.903225806451613,0.903225806451613,0.870967741935484,0.838709677419355,0.838709677419355,0.806451612903226,0,0,0,0,0,0,0,0,2135,0.415618,-0.722914323690387
"136",46,46,1,1.13306227506112,8.9586122599415,10.0811195068219,10.9039710618386,12.2008869569858,13.3878189519823,15.8351409163248,16.788060988594,18.8266423752352,1,1,1,1,1,1,1,1,0.935483870967742,0.903225806451613,0.903225806451613,0.903225806451613,0.870967741935484,0.838709677419355,0.838709677419355,0.806451612903226,0,0,0,0,0,0,0,0,2136,0.435264,-0.697798275061123
"137",46,46,2,1.13800794071739,8.96355792559776,10.0860651724782,10.9089167274949,12.205832622642,13.3927646176385,15.8400865819811,16.7930066542502,18.8315880408915,1,1,1,1,1,1,1,1,0.935483870967742,0.903225806451613,0.903225806451613,0.903225806451613,0.870967741935484,0.838709677419355,0.838709677419355,0.806451612903226,0,0,0,0,0,0,0,0,2137,0.435302,-0.70270594071739
"138",46,46,3,1.13801750680183,8.9635674916822,10.0860747385626,10.9089262935793,12.2058421887265,13.392774183723,15.8400961480655,16.7930162203347,18.8315976069759,1,1,1,1,1,1,1,1,0.935483870967742,0.903225806451613,0.903225806451613,0.903225806451613,0.870967741935484,0.838709677419355,0.838709677419355,0.806451612903226,0,0,0,0,0,0,0,0,2138,0.418993,-0.719024506801832
"139",47,47,1,1.13388399839366,8.95943146005063,10.0819383449966,10.9047896346979,12.2017051116753,13.3886367239646,15.8359578992073,16.7888776642226,18.8274583935559,1,1,1,1,1,1,1,1,0.935483870967742,0.903225806451613,0.903225806451613,0.903225806451613,0.870967741935484,0.838709677419355,0.838709677419355,0.806451612903226,0,0,0,0,0,0,0,0,2139,0.602795,-0.53108899839366
"140",47,47,2,1.18015248724875,9.00569994890572,10.1282068338517,10.951058123553,12.2479736005304,13.4349052128197,15.8822263880624,16.8351461530777,18.873726882411,1,1,1,1,1,1,1,1,0.935483870967742,0.903225806451613,0.903225806451613,0.903225806451613,0.870967741935484,0.838709677419355,0.838709677419355,0.806451612903226,0,0,0,0,0,0,0,0,2140,0.380331,-0.799821487248753
"141",47,47,3,1.12415161073675,8.94969907239371,10.0722059573397,10.895057247041,12.1919727240184,13.3789043363076,15.8262255115504,16.7791452765657,18.817726005899,1,1,1,1,1,1,1,1,0.935483870967742,0.903225806451613,0.903225806451613,0.903225806451613,0.870967741935484,0.838709677419355,0.838709677419355,0.806451612903226,0,0,0,0,0,0,0,0,2141,0.443483,-0.680668610736749
"142",48,48,1,1.14100858754569,8.96658566563733,10.0890967988039,10.9119512026543,12.2088715879161,13.3958076922467,15.8431381295798,16.7960615009991,18.8346499455106,1,1,1,1,1,1,1,1,0.935483870967742,0.903225806451613,0.903225806451613,0.903225806451613,0.870967741935484,0.838709677419355,0.838709677419355,0.806451612903226,0,0,0,0,0,0,0,0,2142,0.414028,-0.726980587545695
"143",48,48,2,1.13359203616416,8.9591691142558,10.0816802474223,10.9045346512728,12.2014550365345,13.3883911408651,15.8357215781982,16.7886449496175,18.8272333941291,1,1,1,1,1,1,1,1,0.935483870967742,0.903225806451613,0.903225806451613,0.903225806451613,0.870967741935484,0.838709677419355,0.838709677419355,0.806451612903226,0,0,0,0,0,0,0,0,2143,0.401118,-0.732474036164163
"144",48,48,3,1.1303413935454,8.95591847163704,10.0784296048036,10.901284008654,12.1982043939158,13.3851404982464,15.8324709355795,16.7853943069988,18.8239827515103,1,1,1,1,1,1,1,1,0.935483870967742,0.903225806451613,0.903225806451613,0.903225806451613,0.870967741935484,0.838709677419355,0.838709677419355,0.806451612903226,0,0,0,0,0,0,0,0,2144,0.66446,-0.465881393545403
"145",49,49,1,1.1962864017284,9.02185626179058,10.1443663595934,10.9672200044727,12.264139193502,13.4510742030456,15.8984023830495,16.8513248755268,18.889911439718,1,1,1,1,1,1,1,1,0.935483870967742,0.903225806451613,0.903225806451613,0.903225806451613,0.870967741935484,0.838709677419355,0.838709677419355,0.806451612903226,0,0,0,0,0,0,0,0,2145,0.428325,-0.767961401728401
"146",49,49,2,1.1369088204379,8.96247868050007,10.0849887783029,10.9078424231822,12.2047616122115,13.3916966217551,15.839024801759,16.7919472942363,18.8305338584275,1,1,1,1,1,1,1,1,0.935483870967742,0.903225806451613,0.903225806451613,0.903225806451613,0.870967741935484,0.838709677419355,0.838709677419355,0.806451612903226,0,0,0,0,0,0,0,0,2146,0.430819,-0.706089820437898
"147",49,49,3,1.13753595189972,8.9631058119619,10.0856159097647,10.908469554644,12.2053887436733,13.3923237532169,15.8396519332209,16.7925744256981,18.8311609898893,1,1,1,1,1,1,1,1,0.935483870967742,0.903225806451613,0.903225806451613,0.903225806451613,0.870967741935484,0.838709677419355,0.838709677419355,0.806451612903226,0,0,0,0,0,0,0,0,2147,0.42481,-0.712725951899725
"148",50,50,1,1.13630417674645,8.9618866556121,10.0843985634728,10.9072535352111,12.2041748155346,13.3911117390218,15.838443865365,16.7913678944386,18.8299577458694,1,1,1,1,1,1,1,1,0.935483870967742,0.903225806451613,0.903225806451613,0.903225806451613,0.870967741935484,0.838709677419355,0.838709677419355,0.806451612903226,0,0,0,0,0,0,0,0,2148,0.449545,-0.686759176746452
"149",50,50,2,1.14253224175272,8.96811472061836,10.0906266284791,10.9134816002174,12.2104028805408,13.3973398040281,15.8446719303713,16.7975959594448,18.8361858108756,1,1,1,1,1,1,1,1,0.935483870967742,0.903225806451613,0.903225806451613,0.903225806451613,0.870967741935484,0.838709677419355,0.838709677419355,0.806451612903226,0,0,0,0,0,0,0,0,2149,0.515355,-0.627177241752717
"150",50,50,3,1.15910264636409,8.98468512522973,10.1071970330904,10.9300520048288,12.2269732851522,13.4139102086395,15.8612423349826,16.8141663640562,18.852756215487,1,1,1,1,1,1,1,1,0.935483870967742,0.903225806451613,0.903225806451613,0.903225806451613,0.870967741935484,0.838709677419355,0.838709677419355,0.806451612903226,0,0,0,0,0,0,0,0,2150,0.423692,-0.735410646364089
"151",51,51,1,1.13603052687245,8.96160026206182,10.0841103419527,10.9069639737017,12.203883142036,13.3908181326397,15.8381462735916,16.791068750863,18.8296552825244,1,1,1,1,1,1,1,1,0.935483870967742,0.903225806451613,0.903225806451613,0.903225806451613,0.870967741935484,0.838709677419355,0.838709677419355,0.806451612903226,0,0,0,0,0,0,0,0,2151,0.715916,-0.420114526872451
"152",51,51,2,1.20961080977712,9.03518054496648,10.1576906248574,10.9805442566064,12.2774634249407,13.4643984155444,15.9117265564962,16.8646490337677,18.9032355654291,1,1,1,1,1,1,1,1,0.935483870967742,0.903225806451613,0.903225806451613,0.903225806451613,0.870967741935484,0.838709677419355,0.838709677419355,0.806451612903226,0,0,0,0,0,0,0,0,2152,0.384944,-0.82466680977712
"153",51,51,3,1.1262740085783,8.95184374376766,10.0743538236586,10.8972074554075,12.1941266237419,13.3810616143455,15.8283897552974,16.7813122325689,18.8198987642303,1,1,1,1,1,1,1,1,0.935483870967742,0.903225806451613,0.903225806451613,0.903225806451613,0.870967741935484,0.838709677419355,0.838709677419355,0.806451612903226,0,0,0,0,0,0,0,0,2153,0.481779,-0.6444950085783
"154",52,52,1,1.15062240286576,8.97620724316715,10.0987194897553,10.9215747097971,12.2184963814775,13.405433663133,15.8527665279794,16.8056908446058,18.8442813111984,1,1,1,1,1,1,1,1,0.935483870967742,0.903225806451613,0.903225806451613,0.903225806451613,0.870967741935484,0.838709677419355,0.838709677419355,0.806451612903226,0,0,0,0,0,0,0,0,2154,0.376718,-0.773904402865757
"155",52,52,2,1.12416977486215,8.94975461516354,10.0722668617517,10.8951220817935,12.1920437534739,13.3789810351294,15.8263138999758,16.7792382166022,18.8178286831948,1,1,1,1,1,1,1,1,0.935483870967742,0.903225806451613,0.903225806451613,0.903225806451613,0.870967741935484,0.838709677419355,0.838709677419355,0.806451612903226,0,0,0,0,0,0,0,0,2155,0.488264,-0.635905774862147
"156",52,52,3,1.15225521896882,8.97784005927021,10.1003523058584,10.9232075259002,12.2201291975806,13.4070664792361,15.8543993440825,16.8073236607089,18.8459141273015,1,1,1,1,1,1,1,1,0.935483870967742,0.903225806451613,0.903225806451613,0.903225806451613,0.870967741935484,0.838709677419355,0.838709677419355,0.806451612903226,0,0,0,0,0,0,0,0,2156,0.465572,-0.686683218968816
"157",53,53,1,1.14653046876005,8.9721220858848,10.0946353045495,10.9174912371699,12.2144140319624,13.4013523414854,15.8486873256804,16.8016124675231,18.8402046995003,1,1,1,1,1,1,1,1,0.935483870967742,0.903225806451613,0.903225806451613,0.903225806451613,0.870967741935484,0.838709677419355,0.838709677419355,0.806451612903226,0,0,0,0,0,0,0,0,2157,1.012567,-0.133963468760047
"158",53,53,2,1.28425282134637,9.10984443847112,10.2323576571358,11.0552135897562,12.3521363845487,13.5390746940717,15.9864096782667,16.9393348201094,18.9779270520867,1,1,1,1,1,1,1,1,0.935483870967742,0.903225806451613,0.903225806451613,0.903225806451613,0.870967741935484,0.838709677419355,0.838709677419355,0.806451612903226,0,0,0,0,0,0,0,0,2158,0.717584,-0.56666882134637
"159",53,53,3,1.20998202776878,9.03557364489354,10.1580868635582,10.9809427961786,12.2778655909712,13.4648039004942,15.9121388846892,16.8650640265319,18.9036562585091,1,1,1,1,1,1,1,1,0.935483870967742,0.903225806451613,0.903225806451613,0.903225806451613,0.870967741935484,0.838709677419355,0.838709677419355,0.806451612903226,0,0,0,0,0,0,0,0,2159,0.446491,-0.763491027768785
"160",54,54,1,1.14209636207464,8.96764646283821,10.0901537263411,10.9130052935428,12.2099212078951,13.3968532204681,15.8441752210513,16.7970953074316,18.8356767242608,1,1,1,1,1,1,1,1,0.935483870967742,0.903225806451613,0.903225806451613,0.903225806451613,0.870967741935484,0.838709677419355,0.838709677419355,0.806451612903226,0,0,0,0,0,0,0,0,2160,0.472047,-0.670049362074644
"161",54,54,2,1.14852959941557,8.97407970017913,10.096586963682,10.9194385308837,12.216354445236,13.403286457809,15.8506084583923,16.8035285447725,18.8421099616018,1,1,1,1,1,1,1,1,0.935483870967742,0.903225806451613,0.903225806451613,0.903225806451613,0.870967741935484,0.838709677419355,0.838709677419355,0.806451612903226,0,0,0,0,0,0,0,0,2161,0.381949,-0.766580599415569
"162",54,54,3,1.12584914011276,8.95139924087632,10.0739065043792,10.8967580715809,12.1936739859332,13.3806059985062,15.8279279990894,16.7808480854697,18.8194295022989,1,1,1,1,1,1,1,1,0.935483870967742,0.903225806451613,0.903225806451613,0.903225806451613,0.870967741935484,0.838709677419355,0.838709677419355,0.806451612903226,0,0,0,0,0,0,0,0,2162,0.735495,-0.390354140112759
"163",55,55,1,1.2144148576673,9.03993259552845,10.1624352168538,10.9852833811171,12.2821939320173,13.4691210359813,15.9164329155581,16.869349061096,18.9079220472832,1,1,1,1,1,1,1,1,0.935483870967742,0.903225806451613,0.903225806451613,0.903225806451613,0.870967741935484,0.838709677419355,0.838709677419355,0.806451612903226,0,0,0,0,0,0,0,0,2163,0.432064,-0.782350857667298
"164",55,55,2,1.13804535244179,8.96356309030294,10.0860657116283,10.9089138758916,12.2058244267918,13.3927515307558,15.8400634103326,16.7929795558705,18.8315525420577,1,1,1,1,1,1,1,1,0.935483870967742,0.903225806451613,0.903225806451613,0.903225806451613,0.870967741935484,0.838709677419355,0.838709677419355,0.806451612903226,0,0,0,0,0,0,0,0,2164,0.540919,-0.597126352441787
"165",55,55,3,1.16544269315952,8.99096043102067,10.113463052346,10.9363112166093,12.2332217675095,13.4201488714736,15.8674607510504,16.8203768965882,18.8589498827754,1,1,1,1,1,1,1,1,0.935483870967742,0.903225806451613,0.903225806451613,0.903225806451613,0.870967741935484,0.838709677419355,0.838709677419355,0.806451612903226,0,0,0,0,0,0,0,0,2165,0.425552,-0.739890693159521
"166",56,56,1,1.13680763384136,8.96236382131964,10.0848719579089,10.9077241651248,12.2046410882186,13.3915740239876,15.8388979280985,16.7918187556602,18.8304017580985,1,1,1,1,1,1,1,1,0.935483870967742,0.903225806451613,0.903225806451613,0.903225806451613,0.870967741935484,0.838709677419355,0.838709677419355,0.806451612903226,0,0,0,0,0,0,0,0,2166,0.491227,-0.645580633841362
"167",56,56,2,1.15333969649631,8.9788958839746,10.1014040205639,10.9242562277797,12.2211731508736,13.4081060866425,15.8554299907534,16.8083508183151,18.8469338207535,1,1,1,1,1,1,1,1,0.935483870967742,0.903225806451613,0.903225806451613,0.903225806451613,0.870967741935484,0.838709677419355,0.838709677419355,0.806451612903226,0,0,0,0,0,0,0,0,2167,0.405106,-0.748233696496315
"168",56,56,3,1.13166085724383,8.95721704472211,10.0797251813114,10.9025773885273,12.1994943116211,13.38642724739,15.8337511515009,16.7866719790627,18.825254981501,1,1,1,1,1,1,1,1,0.935483870967742,0.903225806451613,0.903225806451613,0.903225806451613,0.870967741935484,0.838709677419355,0.838709677419355,0.806451612903226,0,0,0,0,0,0,0,0,2168,0.45184,-0.679820857243826
"169",57,57,1,1.14341752036843,8.96897499482239,10.0914833160172,10.9143356585577,12.2112527949399,13.3981859259096,15.8455102325026,16.7984312167798,18.8370145544795,1,1,1,1,1,1,1,1,0.935483870967742,0.903225806451613,0.903225806451613,0.903225806451613,0.870967741935484,0.838709677419355,0.838709677419355,0.806451612903226,0,0,0,0,0,0,0,0,2169,0.407653,-0.735764520368431
"170",57,57,2,1.13229463740313,8.95785211185709,10.0803604330519,10.9032127755924,12.2001299119746,13.3870630429443,15.8343873495373,16.7873083338145,18.8258916715142,1,1,1,1,1,1,1,1,0.935483870967742,0.903225806451613,0.903225806451613,0.903225806451613,0.870967741935484,0.838709677419355,0.838709677419355,0.806451612903226,0,0,0,0,0,0,0,0,2170,0.404663,-0.727631637403133
"171",57,57,3,1.13154198571675,8.95709946017071,10.0796077813655,10.902460123906,12.1993772602883,13.3863103912579,15.8336346978509,16.7865556821281,18.8251390198278,1,1,1,1,1,1,1,1,0.935483870967742,0.903225806451613,0.903225806451613,0.903225806451613,0.870967741935484,0.838709677419355,0.838709677419355,0.806451612903226,0,0,0,0,0,0,0,0,2171,0.423828,-0.707713985716749
"172",58,58,1,1.1351266514483,8.96069781291535,10.0832080973934,10.9060618791146,12.2029812838236,13.3899164907564,15.837245077755,16.7901677287048,18.8287546319162,1,1,1,1,1,1,1,1,0.935483870967742,0.903225806451613,0.903225806451613,0.903225806451613,0.870967741935484,0.838709677419355,0.838709677419355,0.806451612903226,0,0,0,0,0,0,0,0,2172,0.407947,-0.727179651448303
"173",58,58,2,1.13112880881423,8.95669997028128,10.0792102547593,10.9020640364805,12.1989834411895,13.3859186481224,15.8332472351209,16.7861698860707,18.8247567892822,1,1,1,1,1,1,1,1,0.935483870967742,0.903225806451613,0.903225806451613,0.903225806451613,0.870967741935484,0.838709677419355,0.838709677419355,0.806451612903226,0,0,0,0,0,0,0,0,2173,0.421595,-0.709533808814233
"174",58,58,3,1.13456452169565,8.96013568316269,10.0826459676408,10.9054997493619,12.202419154071,13.3893543610038,15.8366829480023,16.7896055989521,18.8281925021636,1,1,1,1,1,1,1,1,0.935483870967742,0.903225806451613,0.903225806451613,0.903225806451613,0.870967741935484,0.838709677419355,0.838709677419355,0.806451612903226,0,0,0,0,0,0,0,0,2174,0.411453,-0.72311152169565
"175",59,59,1,1.13197334086873,8.95754390117266,10.0800540994191,10.9029078179283,12.1998271230076,13.3867622387596,15.8340906377535,16.7870132154995,18.825599962106,1,1,1,1,1,1,1,1,0.935483870967742,0.903225806451613,0.903225806451613,0.903225806451613,0.870967741935484,0.838709677419355,0.838709677419355,0.806451612903226,0,0,0,0,0,0,0,0,2175,0.409068,-0.72290534086873
"176",59,59,2,1.13137297637579,8.95694353667971,10.0794537349261,10.9023074534354,12.1992267585146,13.3861618742667,15.8334902732606,16.7864128510065,18.824999597613,1,1,1,1,1,1,1,1,0.935483870967742,0.903225806451613,0.903225806451613,0.903225806451613,0.870967741935484,0.838709677419355,0.838709677419355,0.806451612903226,0,0,0,0,0,0,0,0,2176,2.792059,1.66068602362421
"177",59,59,3,1.73123175348326,9.55680231378718,10.6793125120336,11.5021662305428,12.7990855356221,13.9860206513741,16.4333490503681,17.386271628114,19.4248583747205,1,1,1,1,1,1,1,1,0.903225806451613,0.903225806451613,0.903225806451613,0.870967741935484,0.870967741935484,0.838709677419355,0.838709677419355,0.806451612903226,0,0,0,0,0,0,0,0,2177,0.434119,-1.29711275348326
"178",60,60,1,1.13934810371543,8.96524812902488,10.0878055861677,10.9106939477107,12.2076678544989,13.3946529415063,15.8420843756793,16.795047072499,18.8337196458179,1,1,1,1,1,1,1,1,0.966666666666667,0.933333333333333,0.933333333333333,0.933333333333333,0.9,0.866666666666667,0.866666666666667,0.833333333333333,0,0,0,0,0,0,0,0,2178,4.646465,3.50711689628457
"179",60,60,2,2.19825776374206,10.0241577890515,11.1467152461944,11.9696036077374,13.2665775145255,14.4535626015329,16.900994035706,17.8539567325256,19.8926293058445,1,1,1,1,1,1,1,1,0.903225806451613,0.903225806451613,0.903225806451613,0.870967741935484,0.870967741935484,0.838709677419355,0.838709677419355,0.806451612903226,0,0,0,0,0,0,0,0,2179,0.483393,-1.71486476374206
"180",60,60,3,1.15173472024411,8.97763474555357,10.1001922026964,10.9230805642394,12.2200544710276,13.4070395580349,15.854470992208,16.8074336890277,18.8461062623466,1,1,1,1,1,1,1,1,0.935483870967742,0.903225806451613,0.903225806451613,0.903225806451613,0.870967741935484,0.838709677419355,0.838709677419355,0.806451612903226,0,0,0,0,0,0,0,0,2180,0.669991,-0.481743720244114
"181",61,61,1,1.20105490505591,9.02816766079692,10.1508990735979,10.9739149529669,12.2710898436318,13.4582588702413,15.9060695674473,16.8591799388934,18.8981684324593,1,1,1,1,1,1,1,1,0.935483870967742,0.903225806451613,0.903225806451613,0.903225806451613,0.870967741935484,0.838709677419355,0.838709677419355,0.806451612903226,0,0,0,0,0,0,0,0,2181,0.401238,-0.799816905055907
"182",61,61,2,1.1334980657208,8.96061082146181,10.0833422342628,10.9063581136318,12.2035330042967,13.3907020309061,15.8385127281122,16.7916230995583,18.8306115931242,1,1,1,1,1,1,1,1,0.935483870967742,0.903225806451613,0.903225806451613,0.903225806451613,0.870967741935484,0.838709677419355,0.838709677419355,0.806451612903226,0,0,0,0,0,0,0,0,2182,0.429588,-0.703910065720796
"183",61,61,3,1.1406244471757,8.96773720291671,10.0904686157177,10.9134844950867,12.2106593857516,13.3978284123611,15.8456391095671,16.7987494810132,18.8377379745791,1,1,1,1,1,1,1,1,0.935483870967742,0.903225806451613,0.903225806451613,0.903225806451613,0.870967741935484,0.838709677419355,0.838709677419355,0.806451612903226,0,0,0,0,0,0,0,0,2183,0.428911,-0.711713447175703
"184",62,62,1,1.14042205108072,8.96755206674245,10.0902859553293,10.9133036495679,12.2104814006919,13.3976530451815,15.8454691401657,16.7985816133587,18.8375746031905,1,1,1,1,1,1,1,1,0.935483870967742,0.903225806451613,0.903225806451613,0.903225806451613,0.870967741935484,0.838709677419355,0.838709677419355,0.806451612903226,0,0,0,0,0,0,0,0,2184,0.641544,-0.498878051080715
"185",62,62,2,1.19386972917499,9.02099974483673,10.1437336334236,10.9667513276622,12.2639290787861,13.4511007232758,15.89891681826,16.8520292914529,18.8910222812847,1,1,1,1,1,1,1,1,0.935483870967742,0.903225806451613,0.903225806451613,0.903225806451613,0.870967741935484,0.838709677419355,0.838709677419355,0.806451612903226,0,0,0,0,0,0,0,0,2185,0.401883,-0.791986729174989
"186",62,62,3,1.13362826157705,8.96075827723879,10.0834921658257,10.9065098600642,12.2036876111882,13.3908592556778,15.8386753506621,16.791787823855,18.8307808136868,1,1,1,1,1,1,1,1,0.935483870967742,0.903225806451613,0.903225806451613,0.903225806451613,0.870967741935484,0.838709677419355,0.838709677419355,0.806451612903226,0,0,0,0,0,0,0,0,2186,0.426421,-0.707207261577054
"187",63,63,1,1.13953039175824,8.96669594851605,10.0894349351648,10.9124563665268,12.2096400078198,13.3968170429675,15.84464425289,16.7977610539352,18.8367633023388,1,1,1,1,1,1,1,1,0.935483870967742,0.903225806451613,0.903225806451613,0.903225806451613,0.870967741935484,0.838709677419355,0.838709677419355,0.806451612903226,0,0,0,0,0,0,0,0,2187,0.421712,-0.717818391758245
"188",63,63,2,1.13834666241977,8.96551221917757,10.0882512058263,10.9112726371883,12.2084562784813,13.395633313629,15.8434605235515,16.7965773245967,18.8355795730003,1,1,1,1,1,1,1,1,0.935483870967742,0.903225806451613,0.903225806451613,0.903225806451613,0.870967741935484,0.838709677419355,0.838709677419355,0.806451612903226,0,0,0,0,0,0,0,0,2188,0.399144,-0.739202662419768
"189",63,63,3,1.13267361002845,8.95983916678625,10.082578153435,10.905599584797,12.20278322609,13.3899602612377,15.8377874711602,16.7909042722054,18.829906520609,1,1,1,1,1,1,1,1,0.935483870967742,0.903225806451613,0.903225806451613,0.903225806451613,0.870967741935484,0.838709677419355,0.838709677419355,0.806451612903226,0,0,0,0,0,0,0,0,2189,0.436642,-0.696031610028446
"190",64,64,1,1.14096404155819,8.96817546502874,10.0909210308595,10.9139472850768,12.2111385277869,13.3983225197196,15.8461640737603,16.7992864600117,18.8383006568442,1,1,1,1,1,1,1,1,0.935483870967742,0.903225806451613,0.903225806451613,0.903225806451613,0.870967741935484,0.838709677419355,0.838709677419355,0.806451612903226,0,0,0,0,0,0,0,0,2190,0.397594,-0.743370041558191
"191",64,64,2,1.13114523083859,8.95835665430914,10.0811022201399,10.9041284743572,12.2013197170673,13.388503709,15.8363452630407,16.7894676492921,18.8284818461246,1,1,1,1,1,1,1,1,0.935483870967742,0.903225806451613,0.903225806451613,0.903225806451613,0.870967741935484,0.838709677419355,0.838709677419355,0.806451612903226,0,0,0,0,0,0,0,0,2191,0.642147,-0.488998230838589
"192",64,64,3,1.19263927964803,9.01985070311858,10.1425962689493,10.9656225231667,12.2628137658767,13.4499977578094,15.8978393118501,16.8509616981016,18.889975894934,1,1,1,1,1,1,1,1,0.935483870967742,0.903225806451613,0.903225806451613,0.903225806451613,0.870967741935484,0.838709677419355,0.838709677419355,0.806451612903226,0,0,0,0,0,0,0,0,2192,0.546489,-0.646150279648028
"193",65,65,1,1.1690964518582,8.9962869530402,10.1190295177502,10.9420535720023,12.2392413472949,13.4264221658617,15.8742571767742,16.827377015311,18.8663857618188,1,1,1,1,1,1,1,1,0.935483870967742,0.903225806451613,0.903225806451613,0.903225806451613,0.870967741935484,0.838709677419355,0.838709677419355,0.806451612903226,0,0,0,0,0,0,0,0,2193,0.451445,-0.717651451858199
"194",65,65,2,1.14520480415747,8.97239530533947,10.0951378700494,10.9181619243016,12.2153496995942,13.402530518161,15.8503655290735,16.8034853676103,18.8424941141181,1,1,1,1,1,1,1,1,0.935483870967742,0.903225806451613,0.903225806451613,0.903225806451613,0.870967741935484,0.838709677419355,0.838709677419355,0.806451612903226,0,0,0,0,0,0,0,0,2194,0.458407,-0.686797804157473
"195",65,65,3,1.14695487413867,8.97414537532067,10.0968879400306,10.9199119942828,12.2170997695754,13.4042805881422,15.8521155990547,16.8052354375915,18.8442441840993,1,1,1,1,1,1,1,1,0.935483870967742,0.903225806451613,0.903225806451613,0.903225806451613,0.870967741935484,0.838709677419355,0.838709677419355,0.806451612903226,0,0,0,0,0,0,0,0,2195,0.440481,-0.706473874138666
"196",66,66,1,1.14243663439607,8.96963288573306,10.0923762752529,10.9154009341301,12.2125896623867,13.3997713531022,15.8476081622884,16.8007287010236,18.8397389454656,1,1,1,1,1,1,1,1,0.935483870967742,0.903225806451613,0.903225806451613,0.903225806451613,0.870967741935484,0.838709677419355,0.838709677419355,0.806451612903226,0,0,0,0,0,0,0,0,2196,0.986095,-0.156341634396068
"197",66,66,2,1.27958803273779,9.10678428407478,10.2295276735946,11.0525523324719,12.3497410607284,13.5369227514439,15.9847595606301,16.9378800993653,18.9768903438073,1,1,1,1,1,1,1,1,0.935483870967742,0.903225806451613,0.903225806451613,0.903225806451613,0.870967741935484,0.838709677419355,0.838709677419355,0.806451612903226,0,0,0,0,0,0,0,0,2197,0.44972,-0.829868032737788
"198",66,66,3,1.14475904872063,8.97195530005762,10.0946986895774,10.9177233484547,12.2149120767113,13.4020937674267,15.8499305766129,16.8030511153482,18.8420613597902,1,1,1,1,1,1,1,1,0.935483870967742,0.903225806451613,0.903225806451613,0.903225806451613,0.870967741935484,0.838709677419355,0.838709677419355,0.806451612903226,0,0,0,0,0,0,0,0,2198,1.094978,-0.0497810487206254
"199",67,67,1,1.30700110155513,9.13414235776235,10.2568778587079,11.0798967348826,12.3770763488843,13.5642496982717,16.0120693085659,16.9651831505242,19.0041790685548,1,1,1,1,1,1,1,1,0.935483870967742,0.903225806451613,0.903225806451613,0.903225806451613,0.870967741935484,0.838709677419355,0.838709677419355,0.806451612903226,0,0,0,0,0,0,0,0,2199,0.44461,-0.862391101555127
"200",67,67,2,1.14356765845109,8.97070891465831,10.0934444156039,10.9164632917786,12.2136429057802,13.4008162551677,15.8486358654619,16.8017497074201,18.8407456254508,1,1,1,1,1,1,1,1,0.935483870967742,0.903225806451613,0.903225806451613,0.903225806451613,0.870967741935484,0.838709677419355,0.838709677419355,0.806451612903226,0,0,0,0,0,0,0,0,2200,0.43287,-0.710697658451087
"201",67,67,3,1.1406174692935,8.96775872550072,10.0904942264463,10.913513102621,12.2106927166226,13.3978660660101,15.8456856763043,16.7987995182625,18.8377954362932,1,1,1,1,1,1,1,1,0.935483870967742,0.903225806451613,0.903225806451613,0.903225806451613,0.870967741935484,0.838709677419355,0.838709677419355,0.806451612903226,0,0,0,0,0,0,0,0,2201,0.443635,-0.6969824692935
"202",68,68,1,1.11770431607385,8.76780977804273,9.86515103035741,10.6695547064677,11.9373944611621,13.0977160942041,15.4901704472894,16.4217265760945,18.4146040902301,1,1,1,1,1,1,1,1,0.935483870967742,0.903225806451613,0.903225806451613,0.903225806451613,0.870967741935484,0.870967741935484,0.838709677419355,0.838709677419355,0,0,0,0,0,0,0,0,2202,0.490497,-0.627207316073854
"203",68,68,2,1.13006330594394,8.78016876791282,9.8775100202275,10.6819136963378,11.9497534510322,13.1100750840742,15.5025294371595,16.4340855659646,18.4269630801002,1,1,1,1,1,1,1,1,0.935483870967742,0.903225806451613,0.903225806451613,0.903225806451613,0.870967741935484,0.870967741935484,0.838709677419355,0.838709677419355,0,0,0,0,0,0,0,0,2203,0.658383,-0.471680305943942
"204",68,68,3,1.17434014801917,8.82444560998805,9.92178686230273,10.726190538413,11.9940302931074,13.1543519261495,15.5468062792347,16.4783624080398,18.4712399221754,1,1,1,1,1,1,1,1,0.935483870967742,0.903225806451613,0.903225806451613,0.903225806451613,0.870967741935484,0.870967741935484,0.838709677419355,0.838709677419355,0,0,0,0,0,0,0,0,2204,0.515941,-0.658399148019174
"205",69,69,1,1.12795610030534,8.75997230968715,9.85471881566977,10.6572204184882,11.9220622702548,13.0796402350942,15.4664374490314,16.3957908429596,18.3839560475843,1,1,1,1,1,1,1,1,0.935483870967742,0.903225806451613,0.903225806451613,0.903225806451613,0.870967741935484,0.870967741935484,0.838709677419355,0.838709677419355,0,0,0,0,0,0,0,0,2205,0.483966,-0.64399010030534
"206",69,69,2,1.11971126986391,8.75172747924573,9.84647398522834,10.6489755880468,11.9138174398134,13.0713954046528,15.45819261859,16.3875460125182,18.3757112171428,1,1,1,1,1,1,1,1,0.935483870967742,0.903225806451613,0.903225806451613,0.903225806451613,0.870967741935484,0.870967741935484,0.838709677419355,0.838709677419355,0,0,0,0,0,0,0,0,2206,0.425254,-0.694457269863914
"207",69,69,3,1.1045722398443,8.73658844922612,9.83133495520873,10.6338365580272,11.8986784097938,13.0562563746332,15.4430535885704,16.3724069824986,18.3605721871232,1,1,1,1,1,1,1,1,0.935483870967742,0.903225806451613,0.903225806451613,0.903225806451613,0.870967741935484,0.870967741935484,0.838709677419355,0.838709677419355,0,0,0,0,0,0,0,0,2207,0.453718,-0.650854239844305
"208",70,70,1,1.10612745324428,8.72717348753136,9.82034641707946,10.6216945130322,11.8847182952087,13.0406323703745,15.4239988285803,16.3520163802911,18.3373238183946,1,1,1,1,1,1,1,1,0.935483870967742,0.903225806451613,0.903225806451613,0.903225806451613,0.870967741935484,0.870967741935484,0.838709677419355,0.838709677419355,0,0,0,0,0,0,0,0,2208,0.437213,-0.668914453244281
"209",70,70,2,1.10187015587044,8.72291619015752,9.81608911970561,10.6174372156583,11.8804609978349,13.0363750730007,15.4197415312064,16.3477590829172,18.3330665210208,1,1,1,1,1,1,1,1,0.935483870967742,0.903225806451613,0.903225806451613,0.903225806451613,0.870967741935484,0.870967741935484,0.838709677419355,0.838709677419355,0,0,0,0,0,0,0,0,2209,0.631321,-0.470549155870438
"210",70,70,3,1.15193834603354,8.77298438032062,9.86615730986871,10.6675054058214,11.930529187998,13.0864432631637,15.4698097213695,16.3978272730803,18.3831347111838,1,1,1,1,1,1,1,1,0.935483870967742,0.903225806451613,0.903225806451613,0.903225806451613,0.870967741935484,0.870967741935484,0.838709677419355,0.838709677419355,0,0,0,0,0,0,0,0,2210,0.44406,-0.707878346033536
"211",71,71,1,1.10257354462009,8.72335127945237,9.81648572377158,10.6178056082089,11.8807849255455,13.036658306676,15.4199408583001,16.3479257390886,18.3331632843059,1,1,1,1,1,1,1,1,0.935483870967742,0.903225806451613,0.903225806451613,0.903225806451613,0.870967741935484,0.870967741935484,0.838709677419355,0.838709677419355,0,0,0,0,0,0,0,0,2211,0.427677,-0.674896544620092
"212",71,71,2,1.09833944007518,8.71911717490746,9.81225161922666,10.613571503664,11.8765508210006,13.0324242021311,15.4157067537552,16.3436916345437,18.328929179761,1,1,1,1,1,1,1,1,0.935483870967742,0.903225806451613,0.903225806451613,0.903225806451613,0.870967741935484,0.870967741935484,0.838709677419355,0.838709677419355,0,0,0,0,0,0,0,0,2212,0.466483,-0.631856440075178
"213",71,71,3,1.10836865700553,8.72914639183781,9.82228083615701,10.6236007205944,11.886580037931,13.0424534190615,15.4257359706856,16.353720851474,18.3389583966914,1,1,1,1,1,1,1,1,0.935483870967742,0.903225806451613,0.903225806451613,0.903225806451613,0.870967741935484,0.870967741935484,0.838709677419355,0.838709677419355,0,0,0,0,0,0,0,0,2213,0.480356,-0.628012657005527
"214",72,72,1,1.111175330168,8.73197891267516,9.82511706461905,10.6264396669228,11.8894232679533,13.0453005695025,15.4285912045945,16.3565792328638,18.341823511485,1,1,1,1,1,1,1,1,0.935483870967742,0.903225806451613,0.903225806451613,0.903225806451613,0.870967741935484,0.870967741935484,0.838709677419355,0.838709677419355,0,0,0,0,0,0,0,0,2214,0.620801,-0.490374330168002
"215",72,72,2,1.14744247073288,8.76824605324004,9.86138420518393,10.6627068074877,11.9256904085182,13.0815677100673,15.4648583451594,16.3928463734286,18.3780906520499,1,1,1,1,1,1,1,1,0.935483870967742,0.903225806451613,0.903225806451613,0.903225806451613,0.870967741935484,0.870967741935484,0.838709677419355,0.838709677419355,0,0,0,0,0,0,0,0,2215,0.410907,-0.73653547073288
"216",72,72,3,1.09324150094596,8.71404508345311,9.80718323539701,10.6085058377008,11.8714894387312,13.0273667402804,15.4106573753725,16.3386454036417,18.323889682263,1,1,1,1,1,1,1,1,0.935483870967742,0.903225806451613,0.903225806451613,0.903225806451613,0.870967741935484,0.870967741935484,0.838709677419355,0.838709677419355,0,0,0,0,0,0,0,0,2216,0.622942,-0.470299500945956
"217",73,73,1,1.14879201761915,8.76957353350459,9.86270852018306,10.6640288021957,11.9270087461602,13.082882700778,15.466166434869,16.3941517760777,18.3793903062718,1,1,1,1,1,1,1,1,0.935483870967742,0.903225806451613,0.903225806451613,0.903225806451613,0.870967741935484,0.870967741935484,0.838709677419355,0.838709677419355,0,0,0,0,0,0,0,0,2217,0.406,-0.742792017619148
"218",73,73,2,1.09272528551524,8.71350680140068,9.80664178807915,10.6079620700918,11.8709420140563,13.026815968674,15.4100997027651,16.3380850439738,18.3233235741679,1,1,1,1,1,1,1,1,0.935483870967742,0.903225806451613,0.903225806451613,0.903225806451613,0.870967741935484,0.870967741935484,0.838709677419355,0.838709677419355,0,0,0,0,0,0,0,0,2218,0.427369,-0.665356285515238
"219",73,73,3,1.09824791367543,8.71902942956087,9.81216441623934,10.613484698252,11.8764646422165,13.0323385968342,15.4156223309253,16.343607672134,18.3288462023281,1,1,1,1,1,1,1,1,0.935483870967742,0.903225806451613,0.903225806451613,0.903225806451613,0.870967741935484,0.870967741935484,0.838709677419355,0.838709677419355,0,0,0,0,0,0,0,0,2219,0.43259,-0.66565791367543
"220",74,74,1,1.0988584596489,8.71965615238063,9.81279345948734,10.614115442485,11.8770980674124,13.0329744756361,15.4162632687903,16.3442505798595,18.3294933241749,1,1,1,1,1,1,1,1,0.935483870967742,0.903225806451613,0.903225806451613,0.903225806451613,0.870967741935484,0.870967741935484,0.838709677419355,0.838709677419355,0,0,0,0,0,0,0,0,2220,0.828742,-0.2701164596489
"221",74,74,2,1.20114408793956,8.82194178067129,9.91507908777801,10.7164010707757,11.9793836957031,13.1352601039268,15.518548897081,16.4465362081501,18.4317789524656,1,1,1,1,1,1,1,1,0.935483870967742,0.903225806451613,0.903225806451613,0.903225806451613,0.870967741935484,0.870967741935484,0.838709677419355,0.838709677419355,0,0,0,0,0,0,0,0,2221,0.472718,-0.728426087939564
"222",74,74,3,1.10921942637896,8.73001711911069,9.82315442621741,10.6244764092151,11.8874590341425,13.0433354423662,15.4266242355204,16.3546115465895,18.339854290905,1,1,1,1,1,1,1,1,0.935483870967742,0.903225806451613,0.903225806451613,0.903225806451613,0.870967741935484,0.870967741935484,0.838709677419355,0.838709677419355,0,0,0,0,0,0,0,0,2222,0.408022,-0.701197426378963
"223",75,75,1,1.09284892918802,8.71361423148807,9.80674689246839,10.608065469633,11.8710427265459,13.0269142219852,15.4101928855236,16.3381762523981,18.3234105589001,1,1,1,1,1,1,1,1,0.935483870967742,0.903225806451613,0.903225806451613,0.903225806451613,0.870967741935484,0.870967741935484,0.838709677419355,0.838709677419355,0,0,0,0,0,0,0,0,2223,0.322666,-0.770182929188021
"224",75,75,2,1.07085383972921,8.69161914202926,9.78475180300958,10.5860703801742,11.8490476370871,13.0049191325264,15.3881977960648,16.3161811629393,18.3014154694413,1,1,1,1,1,1,1,1,0.935483870967742,0.903225806451613,0.903225806451613,0.903225806451613,0.870967741935484,0.870967741935484,0.838709677419355,0.838709677419355,0,0,0,0,0,0,0,0,2224,0.438649,-0.632204839729213
"225",75,75,3,1.10074109382618,8.72150639612623,9.81463905710655,10.6159576342711,11.878934891184,13.0348063866234,15.4180850501618,16.3460684170362,18.3313027235382,1,1,1,1,1,1,1,1,0.935483870967742,0.903225806451613,0.903225806451613,0.903225806451613,0.870967741935484,0.870967741935484,0.838709677419355,0.838709677419355,0,0,0,0,0,0,0,0,2225,0.476217,-0.624524093826183
"226",76,76,1,1.11014299300494,8.73094624779207,9.82408435272737,10.6254069205716,11.8883904672895,13.0442677191321,15.4275582517347,16.3555462400974,18.3407904333465,1,1,1,1,1,1,1,1,0.935483870967742,0.903225806451613,0.903225806451613,0.903225806451613,0.870967741935484,0.870967741935484,0.838709677419355,0.838709677419355,0,0,0,0,0,0,0,0,2226,0.421341,-0.688801993004941
"227",76,76,2,1.0959716929561,8.71677494774323,9.80991305267853,10.6112356205228,11.8742191672407,13.0300964190833,15.4133869516859,16.3413749400485,18.3266191332976,1,1,1,1,1,1,1,1,0.935483870967742,0.903225806451613,0.903225806451613,0.903225806451613,0.870967741935484,0.870967741935484,0.838709677419355,0.838709677419355,0,0,0,0,0,0,0,0,2227,0.432251,-0.663720692956104
"228",76,76,3,1.09878911557315,8.71959237036027,9.81273047529557,10.6140530431398,11.8770365898577,13.0329138417003,15.4162043743029,16.3441923626656,18.3294365559147,1,1,1,1,1,1,1,1,0.935483870967742,0.903225806451613,0.903225806451613,0.903225806451613,0.870967741935484,0.870967741935484,0.838709677419355,0.838709677419355,0,0,0,0,0,0,0,0,2228,0.490564,-0.608225115573146
"229",77,77,1,1.11382910045446,8.73462750797386,9.82776491761067,10.6290869757678,11.8920697191558,13.0479462357942,15.4312352524874,16.3592226505965,18.3444655811165,1,1,1,1,1,1,1,1,0.935483870967742,0.903225806451613,0.903225806451613,0.903225806451613,0.870967741935484,0.870967741935484,0.838709677419355,0.838709677419355,0,0,0,0,0,0,0,0,2229,0.421829,-0.692000100454461
"230",77,77,2,1.0960818303654,8.71688023788481,9.81001764752161,10.6113397056787,11.8743224490668,13.0301989657051,15.4134879823983,16.3414753805074,18.3267183110274,1,1,1,1,1,1,1,1,0.935483870967742,0.903225806451613,0.903225806451613,0.903225806451613,0.870967741935484,0.870967741935484,0.838709677419355,0.838709677419355,0,0,0,0,0,0,0,0,2230,0.40984,-0.686241830365404
"231",77,77,3,1.09298628921319,8.71378469673259,9.80692210636939,10.6082441645265,11.8712269079145,13.0271034245529,15.4103924412461,16.3383798393552,18.3236227698752,1,1,1,1,1,1,1,1,0.935483870967742,0.903225806451613,0.903225806451613,0.903225806451613,0.870967741935484,0.870967741935484,0.838709677419355,0.838709677419355,0,0,0,0,0,0,0,0,2231,0.449424,-0.643562289213186
"232",78,78,1,1.10384277448728,8.72463940768739,9.81777656281349,10.6190984344021,11.882080883735,13.0379571312554,15.4212455930572,16.3492327751068,18.3344752434108,1,1,1,1,1,1,1,1,0.935483870967742,0.903225806451613,0.903225806451613,0.903225806451613,0.870967741935484,0.870967741935484,0.838709677419355,0.838709677419355,0,0,0,0,0,0,0,0,2232,0.373526,-0.730316774487279
"233",78,78,2,1.08425358699979,8.7050502201999,9.79818737532599,10.5995092469146,11.8624916962475,13.0183679437679,15.4016564055697,16.3296435876193,18.3148860559233,1,1,1,1,1,1,1,1,0.935483870967742,0.903225806451613,0.903225806451613,0.903225806451613,0.870967741935484,0.870967741935484,0.838709677419355,0.838709677419355,0,0,0,0,0,0,0,0,2233,0.425566,-0.658687586999786
"234",78,78,3,1.09768505181901,8.71848168501912,9.81161884014521,10.6129407117338,11.8759231610667,13.0317994085871,15.4150878703889,16.3430750524385,18.3283175207425,1,1,1,1,1,1,1,1,0.935483870967742,0.903225806451613,0.903225806451613,0.903225806451613,0.870967741935484,0.870967741935484,0.838709677419355,0.838709677419355,0,0,0,0,0,0,0,0,2234,0.577245,-0.520440051819006
"235",79,79,1,1.13624852473187,8.75703354877125,9.85016903866397,10.6514896895568,11.914470214922,13.0703447016353,15.4536295328482,16.3816153012461,18.3668547453257,1,1,1,1,1,1,1,1,0.935483870967742,0.903225806451613,0.903225806451613,0.903225806451613,0.870967741935484,0.870967741935484,0.838709677419355,0.838709677419355,0,0,0,0,0,0,0,0,2235,0.441371,-0.694877524731875
"236",79,79,2,1.1011594262934,8.72194445033278,9.81507994022549,10.6164005911183,11.8793811164835,13.0352556031968,15.4185404344098,16.3465262028076,18.3317656468873,1,1,1,1,1,1,1,1,0.935483870967742,0.903225806451613,0.903225806451613,0.903225806451613,0.870967741935484,0.870967741935484,0.838709677419355,0.838709677419355,0,0,0,0,0,0,0,0,2236,0.422725,-0.678434426293401
"237",79,79,3,1.09634414647913,8.71712917051851,9.81026466041122,10.611585311304,11.8745658366693,13.0304403233825,15.4137251545955,16.3417109229934,18.326950367073,1,1,1,1,1,1,1,1,0.935483870967742,0.903225806451613,0.903225806451613,0.903225806451613,0.870967741935484,0.870967741935484,0.838709677419355,0.838709677419355,0,0,0,0,0,0,0,0,2237,0.413485,-0.682859146479133
"238",80,80,1,1.09419271351055,8.71501661791117,9.80815768485436,10.6094824239922,11.8724693929376,13.0283497767884,15.4116467672441,16.3396372701177,18.3248868426588,1,1,1,1,1,1,1,1,0.935483870967742,0.903225806451613,0.903225806451613,0.903225806451613,0.870967741935484,0.870967741935484,0.838709677419355,0.838709677419355,0,0,0,0,0,0,0,0,2238,0.442916,-0.651276713510545
"239",80,80,2,1.10179291933179,8.72261682373242,9.81575789067561,10.6170826298134,11.8800695987588,13.0359499826096,15.4192469730654,16.347237475939,18.33248704848,1,1,1,1,1,1,1,1,0.935483870967742,0.903225806451613,0.903225806451613,0.903225806451613,0.870967741935484,0.870967741935484,0.838709677419355,0.838709677419355,0,0,0,0,0,0,0,0,2239,0.431903,-0.66988991933179
"240",80,80,3,1.09894894302418,8.7197728474248,9.81291391436799,10.6142386535058,11.8772256224512,13.033106006302,15.4164029967578,16.3443934996314,18.3296430721724,1,1,1,1,1,1,1,1,0.935483870967742,0.903225806451613,0.903225806451613,0.903225806451613,0.870967741935484,0.870967741935484,0.838709677419355,0.838709677419355,0,0,0,0,0,0,0,0,2240,0.494171,-0.604777943024177
"241",81,81,1,1.11501785993223,8.73584440320885,9.82898584867591,10.6303108652898,11.8932982715719,13.0491790556715,15.4324768713956,16.3604676956061,18.345717955583,1,1,1,1,1,1,1,1,0.935483870967742,0.903225806451613,0.903225806451613,0.903225806451613,0.870967741935484,0.870967741935484,0.838709677419355,0.838709677419355,0,0,0,0,0,0,0,0,2241,0.303262,-0.811755859932233
"242",81,81,2,1.06571858832966,8.68654513160627,9.77968657707333,10.5810115936873,11.8439989999694,12.9998797840689,15.383177599793,16.3111684240036,18.2964186839804,1,1,1,1,1,1,1,1,0.935483870967742,0.903225806451613,0.903225806451613,0.903225806451613,0.870967741935484,0.870967741935484,0.838709677419355,0.838709677419355,0,0,0,0,0,0,0,0,2242,0.511703,-0.554015588329659
"243",81,81,3,1.11954522548198,8.74037176875859,9.83351321422565,10.6348382308396,11.8978256371217,13.0537064212212,15.4370042369454,16.3649950611559,18.3502453211327,1,1,1,1,1,1,1,1,0.935483870967742,0.903225806451613,0.903225806451613,0.903225806451613,0.870967741935484,0.870967741935484,0.838709677419355,0.838709677419355,0,0,0,0,0,0,0,0,2243,0.448614,-0.670931225481979
"244",82,82,1,1.10325516719122,8.72408392699459,9.81722569040318,10.6185509400835,11.881538713707,13.0374198339959,15.4207183429051,16.3487094370229,18.3339602744122,1,1,1,1,1,1,1,1,0.935483870967742,0.903225806451613,0.903225806451613,0.903225806451613,0.870967741935484,0.870967741935484,0.838709677419355,0.838709677419355,0,0,0,0,0,0,0,0,2244,0.489444,-0.61381116719122
"245",82,82,2,1.11379889829924,8.73462765810261,9.82776942151119,10.6290946711915,11.892082444815,13.0479635651039,15.4312620740131,16.3592531681309,18.3445040055202,1,1,1,1,1,1,1,1,0.935483870967742,0.903225806451613,0.903225806451613,0.903225806451613,0.870967741935484,0.870967741935484,0.838709677419355,0.838709677419355,0,0,0,0,0,0,0,0,2245,0.390796,-0.723002898299236
"246",82,82,3,1.08832454154333,8.7091533013467,9.80229506475529,10.6036203144356,11.8666080880591,13.022489208348,15.4057877172572,16.333778811375,18.3190296487643,1,1,1,1,1,1,1,1,0.935483870967742,0.903225806451613,0.903225806451613,0.903225806451613,0.870967741935484,0.870967741935484,0.838709677419355,0.838709677419355,0,0,0,0,0,0,0,0,2246,0.435862,-0.652462541543332
"247",83,83,1,1.0988329659251,8.71940527154771,9.81251024882919,10.6138085325171,11.876753804399,13.032596027272,15.4158143340292,16.343774199628,18.3289582298638,1,1,1,1,1,1,1,1,0.935483870967742,0.903225806451613,0.903225806451613,0.903225806451613,0.870967741935484,0.870967741935484,0.838709677419355,0.838709677419355,0,0,0,0,0,0,0,0,2247,0.43783,-0.661002965925104
"248",83,83,2,1.09934084565842,8.71991315128102,9.81301812856251,10.6143164122504,11.8772616841323,13.0331039070053,15.4163222137625,16.3442820793613,18.3294661095971,1,1,1,1,1,1,1,1,0.935483870967742,0.903225806451613,0.903225806451613,0.903225806451613,0.870967741935484,0.870967741935484,0.838709677419355,0.838709677419355,0,0,0,0,0,0,0,0,2248,0.468505,-0.630835845658416
"249",83,83,3,1.10725711131865,8.72782941694126,9.82093439422274,10.6222326779106,11.8851779497926,13.0410201726655,15.4242384794228,16.3521983450215,18.3373823752573,1,1,1,1,1,1,1,1,0.935483870967742,0.903225806451613,0.903225806451613,0.903225806451613,0.870967741935484,0.870967741935484,0.838709677419355,0.838709677419355,0,0,0,0,0,0,0,0,2249,0.45837,-0.648887111318653
"250",84,84,1,1.10429284000103,8.72489128043998,9.81800000653411,10.6193010382812,11.8822506414444,13.038096828288,15.4213233083123,16.3492863563572,18.3344771947981,1,1,1,1,1,1,1,1,0.935483870967742,0.903225806451613,0.903225806451613,0.903225806451613,0.870967741935484,0.870967741935484,0.838709677419355,0.838709677419355,0,0,0,0,0,0,0,0,2250,0.304566,-0.799726840001029
"251",84,84,2,1.06460038045535,8.68519882089431,9.77830754698843,10.5796085787355,11.8425581818988,12.9984043687423,15.3816308487666,16.3095938968115,18.2947847352525,0,0,0,0,0,0,0,0,0,0,0,0,0,0,0,0,0,0,0,0,0,0,0,0,2251,28.767546,27.7029456195446
"252",84,84,3,8.41008997890106,16.03068841934,17.1237971454341,17.9250981771812,19.1880477803445,20.343893967188,22.7271204472123,23.6550834952572,25.6402743336982,1,1,1,1,1,1,1,1,0.838709677419355,0.838709677419355,0.838709677419355,0.806451612903226,0.806451612903226,0.774193548387097,0.774193548387097,0.741935483870968,1,1,1,1,1,1,1,1,2252,0.938507,-7.47158297890106
"253",85,85,1,1.24159548768,8.9348168758661,10.0383427337009,10.8472800217621,12.1222653100169,13.2891265054437,15.6950647099449,16.6318710807913,18.635980434839,1,1,1,1,1,1,1,1,0.935483870967742,0.903225806451613,0.903225806451613,0.903225806451613,0.870967741935484,0.838709677419355,0.838709677419355,0.838709677419355,1,1,1,1,1,1,1,1,2253,0.435465,-0.806130487679996
"254",85,85,2,1.11421121037924,8.80743259856535,9.91095845640018,10.7198957444614,11.9948810327161,13.1617422281429,15.5676804326441,16.5044868034905,18.5085961575382,1,1,1,1,1,1,1,1,0.935483870967742,0.903225806451613,0.903225806451613,0.903225806451613,0.870967741935484,0.870967741935484,0.838709677419355,0.838709677419355,0,0,0,0,0,0,0,0,2254,0.41054,-0.703671210379245
"255",85,85,3,1.10789950457392,8.80112089276002,9.90464675059486,10.713584038656,11.9885693269108,13.1554305223376,15.5613687268388,16.4981750976852,18.5022844517329,1,1,1,1,1,1,1,1,0.935483870967742,0.903225806451613,0.903225806451613,0.903225806451613,0.870967741935484,0.870967741935484,0.838709677419355,0.838709677419355,0,0,0,0,0,0,0,0,2255,0.47913,-0.628769504573922
"256",86,86,1,1.12524071187942,8.81848591062731,9.92201518388065,10.7309549756071,12.0059442099482,13.1728090168167,15.5787546677097,16.5155639379769,18.5196794947539,1,1,1,1,1,1,1,1,0.935483870967742,0.903225806451613,0.903225806451613,0.903225806451613,0.870967741935484,0.870967741935484,0.838709677419355,0.838709677419355,0,0,0,0,0,0,0,0,2256,0.470482,-0.654758711879423
"257",86,86,2,1.12305087443627,8.81629607318416,9.91982534643749,10.728765138164,12.0037543725051,13.1706191793736,15.5765648302666,16.5133741005337,18.5174896573107,1,1,1,1,1,1,1,1,0.935483870967742,0.903225806451613,0.903225806451613,0.903225806451613,0.870967741935484,0.870967741935484,0.838709677419355,0.838709677419355,0,0,0,0,0,0,0,0,2257,0.444177,-0.678873874436266
"258",86,86,3,1.11638995006736,8.80963514881526,9.91316442206859,10.7221042137951,11.9970934481362,13.1639582550047,15.5699039058977,16.5067131761648,18.5108287329418,1,1,1,1,1,1,1,1,0.935483870967742,0.903225806451613,0.903225806451613,0.903225806451613,0.870967741935484,0.870967741935484,0.838709677419355,0.838709677419355,0,0,0,0,0,0,0,0,2258,0.415149,-0.701240950067364
"259",87,87,1,1.10906461674534,8.80228897701532,9.9058152611698,10.7147528617437,11.9897386425572,13.1566002887716,15.562539422747,16.4993461555051,18.5034562837904,1,1,1,1,1,1,1,1,0.935483870967742,0.903225806451613,0.903225806451613,0.903225806451613,0.870967741935484,0.870967741935484,0.838709677419355,0.838709677419355,0,0,0,0,0,0,0,0,2259,2.921319,1.81225438325466
"260",87,87,2,1.74369525289514,9.43691961316512,10.5404458973196,11.3493834978935,12.624369278707,13.7912309249214,16.1971700588968,17.1339767916549,19.1380869199402,1,1,1,1,1,1,1,1,0.903225806451613,0.903225806451613,0.903225806451613,0.870967741935484,0.870967741935484,0.838709677419355,0.838709677419355,0.806451612903226,0,0,0,0,0,0,0,0,2260,0.41379,-1.32990525289514
"261",87,87,3,1.1087204808589,8.80194484112888,9.90547112528336,10.7144087258573,11.9893945066707,13.1562561528852,15.5621952868605,16.4990020196186,18.5031121479039,1,1,1,1,1,1,1,1,0.935483870967742,0.903225806451613,0.903225806451613,0.903225806451613,0.870967741935484,0.870967741935484,0.838709677419355,0.838709677419355,0,0,0,0,0,0,0,0,2261,0.412392,-0.696328480858898
"262",88,88,1,1.10924731898615,8.8028802897434,9.90646518552697,10.7154457512312,11.9904992504078,13.1574228721846,15.563489792887,16.500346282293,18.5045628549478,1,1,1,1,1,1,1,1,0.935483870967742,0.903225806451613,0.903225806451613,0.903225806451613,0.870967741935484,0.870967741935484,0.838709677419355,0.838709677419355,0,0,0,0,0,0,0,0,2262,0.403096,-0.706151318986152
"263",88,88,2,1.10689492644186,8.80052789719911,9.90411279298268,10.7130933586869,11.9881468578635,13.1550704796403,15.5611374003428,16.4979938897487,18.5022104624035,1,1,1,1,1,1,1,1,0.935483870967742,0.903225806451613,0.903225806451613,0.903225806451613,0.870967741935484,0.870967741935484,0.838709677419355,0.838709677419355,0,0,0,0,0,0,0,0,2263,0.46904,-0.637854926441864
"264",88,88,3,1.12358233758004,8.81721530833729,9.92080020412086,10.7297807698251,12.0048342690017,13.1717578907785,15.5778248114809,16.5146813008869,18.5188978735417,1,1,1,1,1,1,1,1,0.935483870967742,0.903225806451613,0.903225806451613,0.903225806451613,0.870967741935484,0.870967741935484,0.838709677419355,0.838709677419355,0,0,0,0,0,0,0,0,2264,0.485003,-0.63857933758004
"265",89,89,1,1.12761572987128,8.82124636948393,9.92483093088503,10.7338112514709,12.0088643643107,13.1757876325135,15.5818538241859,16.5187100297276,18.5229259951115,1,1,1,1,1,1,1,1,0.935483870967742,0.903225806451613,0.903225806451613,0.903225806451613,0.870967741935484,0.870967741935484,0.838709677419355,0.838709677419355,0,0,0,0,0,0,0,0,2265,0.439234,-0.68838172987128
"266",89,89,2,1.11603377804264,8.80966441765528,9.91324897905638,10.7222292996422,11.997282412482,13.1642056806849,15.5702718723573,16.5071280778989,18.5113440432829,1,1,1,1,1,1,1,1,0.935483870967742,0.903225806451613,0.903225806451613,0.903225806451613,0.870967741935484,0.870967741935484,0.838709677419355,0.838709677419355,0,0,0,0,0,0,0,0,2266,0.425869,-0.690164778042635
"267",89,89,3,1.11265173372902,8.80628237334167,9.90986693474277,10.7188472553286,11.9939003681684,13.1608236363713,15.5668898280436,16.5037460335853,18.5079619989693,1,1,1,1,1,1,1,1,0.935483870967742,0.903225806451613,0.903225806451613,0.903225806451613,0.870967741935484,0.870967741935484,0.838709677419355,0.838709677419355,0,0,0,0,0,0,0,0,2267,0.639701,-0.47295073372902
"268",90,90,1,1.16682810268654,8.86043904497262,9.96402078096313,10.7729990303877,12.0480488788211,13.2149691594528,15.6210291910853,16.5578829980764,18.5620938322423,1,1,1,1,1,1,1,1,0.935483870967742,0.903225806451613,0.903225806451613,0.903225806451613,0.870967741935484,0.870967741935484,0.838709677419355,0.838709677419355,0,0,0,0,0,0,0,0,2268,0.328265,-0.838563102686541
"269",90,90,2,1.08801222296835,8.78162316525444,9.88520490124495,10.6941831506696,11.9692329991029,13.1361532797346,15.5422133113671,16.4790671183582,18.4832779525241,1,1,1,1,1,1,1,1,0.935483870967742,0.903225806451613,0.903225806451613,0.903225806451613,0.870967741935484,0.870967741935484,0.838709677419355,0.838709677419355,0,0,0,0,0,0,0,0,2269,0.404527,-0.683485222968354
"270",90,90,3,1.10731203615331,8.80092297843939,9.9045047144299,10.7134829638545,11.9885328122878,13.1554530929196,15.5615131245521,16.4983669315431,18.502577765709,1,1,1,1,1,1,1,1,0.935483870967742,0.903225806451613,0.903225806451613,0.903225806451613,0.870967741935484,0.870967741935484,0.838709677419355,0.838709677419355,0,0,0,0,0,0,0,0,2270,0.446629,-0.660683036153305
"271",91,91,1,1.11794589685876,8.81155778686399,9.91513965879659,10.7241180078733,11.9991680133706,13.1660884377466,15.5721487657639,16.509002688159,18.5132137692089,1,1,1,1,1,1,1,1,0.935483870967742,0.903225806451613,0.903225806451613,0.903225806451613,0.870967741935484,0.870967741935484,0.838709677419355,0.838709677419355,0,0,0,0,0,0,0,0,2271,0.417653,-0.700292896858756
"272",91,91,2,1.11061306968901,8.80422495969424,9.90780683162684,10.7167851807035,11.9918351862008,13.1587556105769,15.5648159385941,16.5016698609893,18.5058809420391,1,1,1,1,1,1,1,1,0.935483870967742,0.903225806451613,0.903225806451613,0.903225806451613,0.870967741935484,0.870967741935484,0.838709677419355,0.838709677419355,0,0,0,0,0,0,0,0,2272,0.458611,-0.652002069689008
"273",91,91,3,1.12097812819324,8.81459001819847,9.91817189013107,10.7271502392077,12.002200244705,13.1691206690811,15.5751809970984,16.5120349194935,18.5162460005434,1,1,1,1,1,1,1,1,0.935483870967742,0.903225806451613,0.903225806451613,0.903225806451613,0.870967741935484,0.870967741935484,0.838709677419355,0.838709677419355,0,0,0,0,0,0,0,0,2273,0.484094,-0.636884128193237
"274",92,92,1,1.12736868715089,8.82099229112719,9.9245758433273,10.7335554241205,12.0086073709555,13.1755295720357,15.5815935634196,16.5184489122293,18.5226630448069,1,1,1,1,1,1,1,1,0.935483870967742,0.903225806451613,0.903225806451613,0.903225806451613,0.870967741935484,0.870967741935484,0.838709677419355,0.838709677419355,0,0,0,0,0,0,0,0,2274,0.39097,-0.73639868715089
"275",92,92,2,1.10380391992963,8.79742752390593,9.90101107610604,10.7099906568992,11.9850426037343,13.1519648048144,15.5580287961984,16.494884145008,18.4990982775857,1,1,1,1,1,1,1,1,0.935483870967742,0.903225806451613,0.903225806451613,0.903225806451613,0.870967741935484,0.870967741935484,0.838709677419355,0.838709677419355,0,0,0,0,0,0,0,0,2275,0.896409,-0.20739491992963
"276",92,92,3,1.23170384239372,8.92532744637002,10.0289109985701,10.8378905793633,12.1129425261983,13.2798647272785,15.6859287186624,16.6227840674721,18.6269982000498,1,1,1,1,1,1,1,1,0.935483870967742,0.903225806451613,0.903225806451613,0.903225806451613,0.870967741935484,0.838709677419355,0.838709677419355,0.838709677419355,0,0,0,0,0,0,0,0,2276,0.521027,-0.710676842393725
"277",93,93,1,1.13688300271838,8.83047492735858,9.93405393543279,10.7430301851642,12.0180768818334,13.1849942779839,15.5910483621363,16.5278998533417,18.5321057333486,1,1,1,1,1,1,1,1,0.935483870967742,0.903225806451613,0.903225806451613,0.903225806451613,0.870967741935484,0.870967741935484,0.838709677419355,0.838709677419355,0,0,0,0,0,0,0,0,2277,0.518375,-0.618508002718383
"278",93,93,2,1.13621178019264,8.82980370483284,9.93338271290705,10.7423589626384,12.0174056593077,13.1843230554582,15.5903771396106,16.527228630816,18.5314345108229,1,1,1,1,1,1,1,1,0.935483870967742,0.903225806451613,0.903225806451613,0.903225806451613,0.870967741935484,0.870967741935484,0.838709677419355,0.838709677419355,0,0,0,0,0,0,0,0,2278,0.441167,-0.695044780192642
"279",93,93,3,1.11667039679619,8.81026232143639,9.91384132951061,10.722817579242,11.9978642759112,13.1647816720617,15.5708357562141,16.5076872474195,18.5118931274264,1,1,1,1,1,1,1,1,0.935483870967742,0.903225806451613,0.903225806451613,0.903225806451613,0.870967741935484,0.870967741935484,0.838709677419355,0.838709677419355,0,0,0,0,0,0,0,0,2279,0.445276,-0.671394396796194
"280",94,94,1,1.10386834459175,8.7400744244055,9.83542193094813,10.6383640959516,11.9039003282502,13.062113787244,15.4502213195557,16.3800849155327,18.3693415951197,1,1,1,1,1,1,1,1,0.935483870967742,0.903225806451613,0.903225806451613,0.903225806451613,0.870967741935484,0.870967741935484,0.838709677419355,0.838709677419355,0,0,0,0,0,0,0,0,2280,0.467983,-0.635885344591747
"281",94,94,2,1.1097075595712,8.74591363938495,9.84126114592758,10.644203310931,11.9097395432296,13.0679530022235,15.4560605345352,16.3859241305121,18.3751808100991,1,1,1,1,1,1,1,1,0.935483870967742,0.903225806451613,0.903225806451613,0.903225806451613,0.870967741935484,0.870967741935484,0.838709677419355,0.838709677419355,0,0,0,0,0,0,0,0,2281,0.416539,-0.693168559571199
"282",94,94,3,1.09647848591977,8.73268456573353,9.82803207227616,10.6309742372796,11.8965104695782,13.0547239285721,15.4428314608837,16.3726950568607,18.3619517364477,1,1,1,1,1,1,1,1,0.935483870967742,0.903225806451613,0.903225806451613,0.903225806451613,0.870967741935484,0.870967741935484,0.838709677419355,0.838709677419355,0,0,0,0,0,0,0,0,2282,0.452907,-0.643571485919773
"283",95,95,1,1.10609855704913,8.74232572797635,9.83767625985621,10.6406206425767,11.9061603702718,13.064377028238,15.4524911564752,16.3823573207247,18.3716194946158,1,1,1,1,1,1,1,1,0.935483870967742,0.903225806451613,0.903225806451613,0.903225806451613,0.870967741935484,0.870967741935484,0.838709677419355,0.838709677419355,0,0,0,0,0,0,0,0,2283,0.520501,-0.585597557049125
"284",95,95,2,1.12348298071884,8.75971015164606,9.85506068352592,10.6580050662464,11.9235447939415,13.0817614519077,15.4698755801449,16.3997417443944,18.3890039182855,1,1,1,1,1,1,1,1,0.935483870967742,0.903225806451613,0.903225806451613,0.903225806451613,0.870967741935484,0.870967741935484,0.838709677419355,0.838709677419355,0,0,0,0,0,0,0,0,2284,0.455707,-0.667775980718838
"285",95,95,3,1.10681868585161,8.74304585677884,9.8383963886587,10.6413407713792,11.9068804990743,13.0650971570405,15.4532112852777,16.3830774495272,18.3723396234183,1,1,1,1,1,1,1,1,0.935483870967742,0.903225806451613,0.903225806451613,0.903225806451613,0.870967741935484,0.870967741935484,0.838709677419355,0.838709677419355,0,0,0,0,0,0,0,0,2285,0.449968,-0.65685068585161
"286",96,96,1,1.10423755344184,8.74048914537722,9.83584318023881,10.6387901308126,11.9043339057624,13.0625542677591,15.4506760332959,16.3805451713005,18.3698137069441,1,1,1,1,1,1,1,1,0.935483870967742,0.903225806451613,0.903225806451613,0.903225806451613,0.870967741935484,0.870967741935484,0.838709677419355,0.838709677419355,0,0,0,0,0,0,0,0,2286,0.640812,-0.463425553441839
"287",96,96,2,1.15331989170515,8.78957148364054,9.88492551850213,10.6878724690759,11.9534162440257,13.1116366060224,15.4997583715592,16.4296275095638,18.4188960452074,1,1,1,1,1,1,1,1,0.935483870967742,0.903225806451613,0.903225806451613,0.903225806451613,0.870967741935484,0.870967741935484,0.838709677419355,0.838709677419355,0,0,0,0,0,0,0,0,2287,0.515912,-0.637407891705154
"288",96,96,3,1.12119740397126,8.75744899590664,9.85280303076823,10.655749981342,11.9212937562918,13.0795141182885,15.4676358838253,16.3975050218299,18.3867735574735,1,1,1,1,1,1,1,1,0.935483870967742,0.903225806451613,0.903225806451613,0.903225806451613,0.870967741935484,0.870967741935484,0.838709677419355,0.838709677419355,0,0,0,0,0,0,0,0,2288,0.48524,-0.635957403971256
"289",97,97,1,1.11438858386961,8.75062335490335,9.84597497695255,10.6489201588193,11.914461146068,13.0726789567722,15.4607954618274,16.3906625515447,18.3799267052884,1,1,1,1,1,1,1,1,0.935483870967742,0.903225806451613,0.903225806451613,0.903225806451613,0.870967741935484,0.870967741935484,0.838709677419355,0.838709677419355,0,0,0,0,0,0,0,0,2289,0.432998,-0.681390583869609
"290",97,97,2,1.10095295279313,8.73718772382687,9.83253934587607,10.6354845277429,11.9010255149915,13.0592433256957,15.4473598307509,16.3772269204682,18.3664910742119,1,1,1,1,1,1,1,1,0.935483870967742,0.903225806451613,0.903225806451613,0.903225806451613,0.870967741935484,0.870967741935484,0.838709677419355,0.838709677419355,0,0,0,0,0,0,0,0,2290,0.506081,-0.594871952793128
"291",97,97,3,1.1197484856204,8.75598325665415,9.85133487870334,10.6542800605701,11.9198210478188,13.078038858523,15.4661553635782,16.3960224532955,18.3852866070392,1,1,1,1,1,1,1,1,0.935483870967742,0.903225806451613,0.903225806451613,0.903225806451613,0.870967741935484,0.870967741935484,0.838709677419355,0.838709677419355,0,0,0,0,0,0,0,0,2291,0.49533,-0.624418485620403
"292",98,98,1,1.11706182154748,8.75327276597827,9.848620970308,10.6515636468228,11.9171006853266,13.0753148821561,15.4634239358029,16.393288124146,18.3825460709817,1,1,1,1,1,1,1,1,0.935483870967742,0.903225806451613,0.903225806451613,0.903225806451613,0.870967741935484,0.870967741935484,0.838709677419355,0.838709677419355,0,0,0,0,0,0,0,0,2292,0.409565,-0.707496821547484
"293",98,98,2,1.09500247954536,8.73121342397614,9.82656162830588,10.6295043048207,11.8950413433245,13.053255540154,15.4413645938008,16.3712287821439,18.3604867289796,1,1,1,1,1,1,1,1,0.935483870967742,0.903225806451613,0.903225806451613,0.903225806451613,0.870967741935484,0.870967741935484,0.838709677419355,0.838709677419355,0,0,0,0,0,0,0,0,2293,0.752419,-0.342583479545359
"294",98,98,3,1.18318686295114,8.81939780738192,9.91474601171165,10.7176886882264,11.9832257267303,13.1414399235598,15.5295489772066,16.4594131655497,18.4486711123854,1,1,1,1,1,1,1,1,0.935483870967742,0.903225806451613,0.903225806451613,0.903225806451613,0.870967741935484,0.870967741935484,0.838709677419355,0.838709677419355,0,0,0,0,0,0,0,0,2294,0.423097,-0.760089862951137
"295",99,99,1,1.09853109473537,8.73472659424154,9.83007258313085,10.6330136356217,11.8985481144629,13.0567599686998,15.4448641921809,16.3747264997899,18.3639804231722,1,1,1,1,1,1,1,1,0.935483870967742,0.903225806451613,0.903225806451613,0.903225806451613,0.870967741935484,0.870967741935484,0.838709677419355,0.838709677419355,0,0,0,0,0,0,0,0,2295,0.707199,-0.391332094735371
"296",99,99,2,1.17160866285814,8.80780416236431,9.90315015125361,10.7060912037445,11.9716256825856,13.1298375368226,15.5179417603037,16.4478040679127,18.4370579912949,1,1,1,1,1,1,1,1,0.935483870967742,0.903225806451613,0.903225806451613,0.903225806451613,0.870967741935484,0.870967741935484,0.838709677419355,0.838709677419355,0,0,0,0,0,0,0,0,2296,0.398141,-0.773467662858135
"297",99,99,3,1.09211183760212,8.72830733710829,9.8236533259976,10.6265943784885,11.8921288573296,13.0503407115666,15.4384449350477,16.3683072426567,18.3575611660389,1,1,1,1,1,1,1,1,0.935483870967742,0.903225806451613,0.903225806451613,0.903225806451613,0.870967741935484,0.870967741935484,0.838709677419355,0.838709677419355,0,0,0,0,0,0,0,0,2297,0.389671,-0.702440837602117
"298",100,100,1,1.08988347565756,8.7261024970036,9.82145185989675,10.624395385694,11.8899337627721,13.0481491846591,15.4362607642386,16.3661259361106,18.3553859870091,1,1,1,1,1,1,1,1,0.935483870967742,0.903225806451613,0.903225806451613,0.903225806451613,0.870967741935484,0.870967741935484,0.838709677419355,0.838709677419355,0,0,0,0,0,0,0,0,2298,0.429676,-0.660207475657562
"299",100,100,2,1.1001730032823,8.73639202462834,9.83174138752149,10.6346849133187,11.9002232903968,13.0584387122839,15.4465502918633,16.3764154637353,18.3656755146339,1,1,1,1,1,1,1,1,0.935483870967742,0.903225806451613,0.903225806451613,0.903225806451613,0.870967741935484,0.870967741935484,0.838709677419355,0.838709677419355,0,0,0,0,0,0,0,0,2299,0.416793,-0.683380003282297
"300",100,100,3,1.09685941787074,8.73307843921678,9.82842780210993,10.6313713279072,11.8969097049853,13.0551251268723,15.4432367064518,16.3731018783238,18.3623619292223,1,1,1,1,1,1,1,1,0.935483870967742,0.903225806451613,0.903225806451613,0.903225806451613,0.870967741935484,0.870967741935484,0.838709677419355,0.838709677419355,0,0,0,0,0,0,0,0,2300,0.462372,-0.634487417870737
"301",101,101,1,1.10861098617863,8.74481892343988,9.84016669641724,10.6431090567301,11.9086455968605,13.0668593375808,15.4549674507809,16.3848312729399,18.3740884363981,1,1,1,1,1,1,1,1,0.935483870967742,0.903225806451613,0.903225806451613,0.903225806451613,0.870967741935484,0.870967741935484,0.838709677419355,0.838709677419355,0,0,0,0,0,0,0,0,2301,0.387556,-0.721054986178627
"302",101,101,2,1.08936714030274,8.72557507756399,9.82092285054135,10.6238652108542,11.8894017509846,13.0476154917049,15.4357236049051,16.365587427064,18.3548445905222,1,1,1,1,1,1,1,1,0.935483870967742,0.903225806451613,0.903225806451613,0.903225806451613,0.870967741935484,0.870967741935484,0.838709677419355,0.838709677419355,0,0,0,0,0,0,0,0,2302,0.40216,-0.687207140302737
"303",101,101,3,1.09312351761737,8.72933145487862,9.82467922785598,10.6276215881688,11.8931581282992,13.0513718690195,15.4394799822197,16.3693438043787,18.3586009678368,1,1,1,1,1,1,1,1,0.935483870967742,0.903225806451613,0.903225806451613,0.903225806451613,0.870967741935484,0.870967741935484,0.838709677419355,0.838709677419355,0,0,0,0,0,0,0,0,2303,0.405038,-0.688085517617369
"304",102,102,1,1.09384520110644,8.73005931764426,9.82540797698523,10.628350987045,11.8938885512571,13.0521032292126,15.4402132748877,16.3700778494994,18.3593366226794,1,1,1,1,1,1,1,1,0.935483870967742,0.903225806451613,0.903225806451613,0.903225806451613,0.870967741935484,0.870967741935484,0.838709677419355,0.838709677419355,0,0,0,0,0,0,0,0,2304,0.338331,-0.755514201106445
"305",102,102,2,1.07668754484023,8.71290166137805,9.80825032071902,10.6111933307788,11.8767308949909,13.0349455729463,15.4230556186215,16.3529201932332,18.3421789664132,1,1,1,1,1,1,1,1,0.935483870967742,0.903225806451613,0.903225806451613,0.903225806451613,0.870967741935484,0.870967741935484,0.838709677419355,0.838709677419355,0,0,0,0,0,0,0,0,2305,0.374884,-0.701803544840231
"306",102,102,3,1.08608931391243,8.72230343045024,9.81765208979121,10.620595099851,11.8861326640631,13.0443473420185,15.4324573876937,16.3623219623054,18.3515807354853,1,1,1,1,1,1,1,1,0.935483870967742,0.903225806451613,0.903225806451613,0.903225806451613,0.870967741935484,0.870967741935484,0.838709677419355,0.838709677419355,0,0,0,0,0,0,0,0,2306,0.420637,-0.665452313912426
"307",103,103,1,1.09779944598624,8.73401985538101,9.8293694173777,10.6323130891274,11.8978516962446,13.0560673286624,15.444179342333,16.3740446832283,18.363305095718,1,1,1,1,1,1,1,1,0.935483870967742,0.903225806451613,0.903225806451613,0.903225806451613,0.870967741935484,0.870967741935484,0.838709677419355,0.838709677419355,0,0,0,0,0,0,0,0,2307,0.404452,-0.69334744598624
"308",103,103,2,1.09363683681155,8.72985724620631,9.82520680820301,10.6281504799527,11.8936890870699,13.0519047194877,15.4400167331583,16.3698820740536,18.3591424865433,1,1,1,1,1,1,1,1,0.935483870967742,0.903225806451613,0.903225806451613,0.903225806451613,0.870967741935484,0.870967741935484,0.838709677419355,0.838709677419355,0,0,0,0,0,0,0,0,2308,0.398733,-0.69490383681155
"309",103,103,3,1.0921659710797,8.72838638047446,9.82373594247116,10.6266796142208,11.892218221338,13.0504338537559,15.4385458674265,16.3684112083217,18.3576716208115,1,1,1,1,1,1,1,1,0.935483870967742,0.903225806451613,0.903225806451613,0.903225806451613,0.870967741935484,0.870967741935484,0.838709677419355,0.838709677419355,0,0,0,0,0,0,0,0,2309,0.407393,-0.684772971079696
"310",104,104,1,1.09431075279692,8.73057260081628,9.82592810682413,10.6288761358186,11.8944216104928,13.0526435280701,15.4407685010415,16.3706388879332,18.3599100953203,1,1,1,1,1,1,1,1,0.935483870967742,0.903225806451613,0.903225806451613,0.903225806451613,0.870967741935484,0.870967741935484,0.838709677419355,0.838709677419355,0,0,0,0,0,0,0,0,2310,0.470363,-0.623947752796915
"311",104,104,2,1.11049489982555,8.74675674784492,9.84211225385277,10.6450602828472,11.9106057575214,13.0688276750987,15.4569526480702,16.3868230349618,18.3760942423489,1,1,1,1,1,1,1,1,0.935483870967742,0.903225806451613,0.903225806451613,0.903225806451613,0.870967741935484,0.870967741935484,0.838709677419355,0.838709677419355,0,0,0,0,0,0,0,0,2311,0.448817,-0.661677899825554
"312",104,104,3,1.10495728458212,8.74121913260149,9.83657463860934,10.6395226676038,11.905068142278,13.0632900598553,15.4514150328267,16.3812854197184,18.3705566271055,1,1,1,1,1,1,1,1,0.935483870967742,0.903225806451613,0.903225806451613,0.903225806451613,0.870967741935484,0.870967741935484,0.838709677419355,0.838709677419355,0,0,0,0,0,0,0,0,2312,0.429199,-0.67575828458212
"313",105,105,1,1.09886270109681,8.7351164884793,9.83047083825873,10.6334180196824,11.8989621584801,13.0571828534689,15.4453053055985,16.3751747109434,18.3644438185083,1,1,1,1,1,1,1,1,0.935483870967742,0.903225806451613,0.903225806451613,0.903225806451613,0.870967741935484,0.870967741935484,0.838709677419355,0.838709677419355,0,0,0,0,0,0,0,0,2313,0.527376,-0.571486701096806
"314",105,105,2,1.12411132854935,8.76036511593185,9.85571946571127,10.6586666471349,11.9242107859327,13.0824314809214,15.470553933051,16.400423338396,18.3896924459608,1,1,1,1,1,1,1,1,0.935483870967742,0.903225806451613,0.903225806451613,0.903225806451613,0.870967741935484,0.870967741935484,0.838709677419355,0.838709677419355,0,0,0,0,0,0,0,0,2314,0.393179,-0.730932328549349
"315",105,105,3,1.0895992731978,8.7258530605803,9.82120741035973,10.6241545917834,11.8896987305811,13.0479194255699,15.4360418776995,16.3659112830444,18.3551803906093,1,1,1,1,1,1,1,1,0.935483870967742,0.903225806451613,0.903225806451613,0.903225806451613,0.870967741935484,0.870967741935484,0.838709677419355,0.838709677419355,0,0,0,0,0,0,0,0,2315,0.513097,-0.576502273197801
"316",106,106,1,1.12044955253166,8.75670157054642,9.8520556665254,10.6550026619012,11.9205465074644,13.0787669340862,15.4668888328729,16.3967580227613,18.3860266694001,1,1,1,1,1,1,1,1,0.935483870967742,0.903225806451613,0.903225806451613,0.903225806451613,0.870967741935484,0.870967741935484,0.838709677419355,0.838709677419355,0,0,0,0,0,0,0,0,2316,0.411348,-0.709101552531659
"317",106,106,2,1.09428194898781,8.73053396700257,9.82588806298156,10.6288350583573,11.8943789039206,13.0525993305424,15.4407212293291,16.3705904192175,18.3598590658562,1,1,1,1,1,1,1,1,0.935483870967742,0.903225806451613,0.903225806451613,0.903225806451613,0.870967741935484,0.870967741935484,0.838709677419355,0.838709677419355,0,0,0,0,0,0,0,0,2317,0.412047,-0.682234948987814
"318",106,106,3,1.09446171640447,8.73071373441923,9.82606783039821,10.629014825774,11.8945586713372,13.052779097959,15.4409009967457,16.3707701866341,18.3600388332729,1,1,1,1,1,1,1,1,0.935483870967742,0.903225806451613,0.903225806451613,0.903225806451613,0.870967741935484,0.870967741935484,0.838709677419355,0.838709677419355,0,0,0,0,0,0,0,0,2318,0.380127,-0.714334716404469
"319",107,107,1,1.08625652000729,8.72249771998271,9.8178502642078,10.6207961220737,11.8863381747806,13.0445569605877,15.4326754761968,16.3625433487686,18.3518091772727,1,1,1,1,1,1,1,1,0.935483870967742,0.903225806451613,0.903225806451613,0.903225806451613,0.870967741935484,0.870967741935484,0.838709677419355,0.838709677419355,0,0,0,0,0,0,0,0,2319,0.458241,-0.628015520007288
"320",107,107,2,1.10634583000943,8.74258702998485,9.83793957420995,10.6408854320758,11.9064274847827,13.0646462705899,15.452764786199,16.3826326587708,18.3718984872749,1,1,1,1,1,1,1,1,0.935483870967742,0.903225806451613,0.903225806451613,0.903225806451613,0.870967741935484,0.870967741935484,0.838709677419355,0.838709677419355,0,0,0,0,0,0,0,0,2320,0.384079,-0.722266830009429
"321",107,107,3,1.08727289291264,8.72351409288805,9.81886663711315,10.621812494979,11.8873545476859,13.0455733334931,15.4336918491022,16.363559721674,18.3528255501781,1,1,1,1,1,1,1,1,0.935483870967742,0.903225806451613,0.903225806451613,0.903225806451613,0.870967741935484,0.870967741935484,0.838709677419355,0.838709677419355,0,0,0,0,0,0,0,0,2321,0.415065,-0.672207892912637
"322",108,108,1,1.09618389783514,8.73245960579191,9.82781709988753,10.6307665862455,11.896314357905,13.0545383776736,15.44266768513,16.3725397597513,18.3618145776975,1,1,1,1,1,1,1,1,0.935483870967742,0.903225806451613,0.903225806451613,0.903225806451613,0.870967741935484,0.870967741935484,0.838709677419355,0.838709677419355,0,0,0,0,0,0,0,0,2322,0.36502,-0.731163897835142
"323",108,108,2,1.08332332124666,8.71959902920343,9.81495652329905,10.617906009657,11.8834537813165,13.0416778010851,15.4298071085416,16.3596791831628,18.348954001109,1,1,1,1,1,1,1,1,0.935483870967742,0.903225806451613,0.903225806451613,0.903225806451613,0.870967741935484,0.870967741935484,0.838709677419355,0.838709677419355,0,0,0,0,0,0,0,0,2323,0.40114,-0.682183321246663
"324",108,108,3,1.09260544786023,8.728881155817,9.82423864991261,10.6271881362706,11.8927359079301,13.0509599276987,15.4390892351551,16.3689613097764,18.3582361277226,0,0,0,0,0,0,0,0,0,0,0,0,0,0,0,0,0,0,0,0,0,0,0,0,2324,42.320762,41.2281565521398
"325",109,109,1,11.8539501984932,19.6393985670139,20.7561535849695,21.5747884807809,22.8650583991241,24.0459080239868,26.4806888165635,27.4287257004007,29.4568604847146,1,1,1,1,1,1,1,1,0.806451612903226,0.806451612903226,0.806451612903226,0.774193548387097,0.774193548387097,0.741935483870968,0.741935483870968,0.709677419354839,1,1,1,1,1,1,1,1,2325,0.457581,-11.3963691984932
"326",109,109,2,1.1279039487125,8.91335231723317,10.0301073351888,10.8487422310002,12.1390121493434,13.3198617742061,15.7546425667828,16.70267945062,18.7308142349339,0,1,1,1,1,1,1,1,0,1,1,1,0.964285714285714,0.928571428571429,0.928571428571429,0.928571428571429,1,1,1,1,1,1,1,1,2326,11.146896,10.0189920512875
"327",109,109,3,3.86668500475491,11.6521333732756,12.7688883912312,13.5875232870426,14.8777932053858,16.0586428302485,18.4934236228252,19.4414605066624,21.4695952909763,1,1,1,1,1,1,1,1,1,0.964285714285714,0.964285714285714,0.964285714285714,0.928571428571429,0.928571428571429,0.892857142857143,0.892857142857143,1,0,0,0,0,0,0,0,2327,11.277177,7.41049199524509
"328",110,110,1,3.82032780835947,11.6301226606474,12.750369970457,13.5715648834002,14.8658697055968,16.0504120575655,18.4928068433559,19.4438084073901,21.4782855304194,1,1,1,1,1,1,1,1,0.903225806451613,0.870967741935484,0.870967741935484,0.870967741935484,0.838709677419355,0.838709677419355,0.806451612903226,0.806451612903226,1,0,0,0,0,0,0,0,2328,2.202169,-1.61815880835947
"329",110,110,2,1.57190646280022,9.38170131508818,10.5019486248978,11.3231435378409,12.6174483600375,13.8019907120063,16.2443854977967,17.1953870618309,19.2298641848602,1,1,1,1,1,1,1,1,0.903225806451613,0.903225806451613,0.903225806451613,0.870967741935484,0.870967741935484,0.838709677419355,0.838709677419355,0.806451612903226,0,0,0,0,0,0,0,0,2329,1.64706,0.0751535371997756
"330",110,110,3,1.43437281823351,9.24416767052147,10.3644149803311,11.1856098932742,12.4799147154708,13.6644570674396,16.10685185323,17.0578534172642,19.0923305402934,1,1,1,1,1,1,1,1,0.935483870967742,0.903225806451613,0.903225806451613,0.903225806451613,0.870967741935484,0.838709677419355,0.838709677419355,0.806451612903226,0,0,0,0,0,0,0,0,2330,0.466173,-0.968199818233514
"331",111,111,1,1.14295653497998,8.95292154259216,10.0731932597067,10.8944060643729,12.1887390861395,13.3733072462366,15.8157552455216,16.7667775294317,18.8012989784799,1,1,1,1,1,1,1,1,0.935483870967742,0.903225806451613,0.903225806451613,0.903225806451613,0.870967741935484,0.838709677419355,0.838709677419355,0.806451612903226,0,0,0,0,0,0,0,0,2331,0.41427,-0.72868653497998
"332",111,111,2,1.13011432143984,8.94007932905202,10.0603510461665,10.8815638508328,12.1758968725993,13.3604650326965,15.8029130319815,16.7539353158915,18.7884567649397,1,1,1,1,1,1,1,1,0.935483870967742,0.903225806451613,0.903225806451613,0.903225806451613,0.870967741935484,0.838709677419355,0.838709677419355,0.806451612903226,0,0,0,0,0,0,0,0,2332,0.396581,-0.733533321439838
"333",111,111,3,1.12573758184268,8.93570258945486,10.0559743065694,10.8771871112356,12.1715201330022,13.3560882930993,15.7985362923843,16.7495585762944,18.7840800253426,1,1,1,1,1,1,1,1,0.935483870967742,0.903225806451613,0.903225806451613,0.903225806451613,0.870967741935484,0.838709677419355,0.838709677419355,0.806451612903226,0,0,0,0,0,0,0,0,2333,0.432924,-0.692813581842675
"334",112,112,1,1.13351336316157,8.94352114943067,10.0637990027723,10.8850163055869,12.1793564169919,13.3639310654965,15.806392443157,16.7574199362397,18.7919525292681,1,1,1,1,1,1,1,1,0.935483870967742,0.903225806451613,0.903225806451613,0.903225806451613,0.870967741935484,0.838709677419355,0.838709677419355,0.806451612903226,0,0,0,0,0,0,0,0,2334,0.408061,-0.725452363161575
"335",112,112,2,1.1273607844509,8.93736857071999,10.0576464240617,10.8788637268762,12.1732038382812,13.3577784867858,15.8002398644464,16.7512673575291,18.7857999505574,1,1,1,1,1,1,1,1,0.935483870967742,0.903225806451613,0.903225806451613,0.903225806451613,0.870967741935484,0.838709677419355,0.838709677419355,0.806451612903226,0,0,0,0,0,0,0,0,2335,0.495731,-0.631629784450896
"336",112,112,3,1.1490555347049,8.95906332097399,10.0793411743157,10.9005584771302,12.1948985885352,13.3794732370398,15.8219346147004,16.7729621077831,18.8074947008114,1,1,1,1,1,1,1,1,0.935483870967742,0.903225806451613,0.903225806451613,0.903225806451613,0.870967741935484,0.838709677419355,0.838709677419355,0.806451612903226,0,0,0,0,0,0,0,0,2336,0.454913,-0.694142534704897
"337",113,113,1,1.13899755357202,8.94898815214345,10.069263540059,10.8904790355982,12.1848162985135,13.3693883400923,15.8118443425613,16.7628697426918,18.7973978582687,1,1,1,1,1,1,1,1,0.935483870967742,0.903225806451613,0.903225806451613,0.903225806451613,0.870967741935484,0.838709677419355,0.838709677419355,0.806451612903226,0,0,0,0,0,0,0,0,2337,0.387965,-0.751032553572019
"338",113,113,2,1.12242975573294,8.93242035430437,10.0526957422199,10.8739112377591,12.1682485006745,13.3528205422532,15.7952765447223,16.7463019448527,18.7808300604296,1,1,1,1,1,1,1,1,0.935483870967742,0.903225806451613,0.903225806451613,0.903225806451613,0.870967741935484,0.838709677419355,0.838709677419355,0.806451612903226,0,0,0,0,0,0,0,0,2338,0.440466,-0.681963755732938
"339",113,113,3,1.13542231644199,8.94541291501342,10.065688302929,10.8869037984682,12.1812410613835,13.3658131029623,15.8082691054313,16.7592945055618,18.7938226211386,1,1,1,1,1,1,1,1,0.935483870967742,0.903225806451613,0.903225806451613,0.903225806451613,0.870967741935484,0.838709677419355,0.838709677419355,0.806451612903226,0,0,0,0,0,0,0,0,2339,0.596582,-0.538840316441989
"340",114,114,1,1.17485898514071,8.9848693791226,10.105147606518,10.9263651835319,12.220705727109,13.4052807711356,15.8477429643188,16.7987707749436,18.8333040472897,1,1,1,1,1,1,1,1,0.935483870967742,0.903225806451613,0.903225806451613,0.903225806451613,0.870967741935484,0.838709677419355,0.838709677419355,0.806451612903226,0,0,0,0,0,0,0,0,2340,0.403772,-0.771086985140712
"341",114,114,2,1.12715871427625,8.93716910825814,10.0574473356536,10.8786649126674,12.1730054562445,13.3575805002712,15.8000426934544,16.7510705040792,18.7856037764252,1,1,1,1,1,1,1,1,0.935483870967742,0.903225806451613,0.903225806451613,0.903225806451613,0.870967741935484,0.838709677419355,0.838709677419355,0.806451612903226,0,0,0,0,0,0,0,0,2341,0.420296,-0.706862714276253
"342",114,114,3,1.13124667276266,8.94125706674455,10.06153529414,10.8827528711539,12.177093414731,13.3616684587576,15.8041306519408,16.7551584625656,18.7896917349117,1,1,1,1,1,1,1,1,0.935483870967742,0.903225806451613,0.903225806451613,0.903225806451613,0.870967741935484,0.838709677419355,0.838709677419355,0.806451612903226,0,0,0,0,0,0,0,0,2342,0.439923,-0.691323672762661
"343",115,115,1,1.13607433537333,8.9460869075141,10.0663654473475,10.8875832533934,12.1819241579533,13.3664995323499,15.8089624067192,16.7599904825792,18.7945243223428,1,1,1,1,1,1,1,1,0.935483870967742,0.903225806451613,0.903225806451613,0.903225806451613,0.870967741935484,0.838709677419355,0.838709677419355,0.806451612903226,0,0,0,0,0,0,0,0,2343,0.377768,-0.758306335373331
"344",115,115,2,1.12069803104157,8.93071060318233,10.0509891430158,10.8722069490616,12.1665478536215,13.3511232280181,15.7935861023874,16.7446141782474,18.779148018011,1,1,1,1,1,1,1,1,0.935483870967742,0.903225806451613,0.903225806451613,0.903225806451613,0.870967741935484,0.838709677419355,0.838709677419355,0.806451612903226,0,0,0,0,0,0,0,0,2344,0.762925,-0.35777303104157
"345",115,115,3,1.21598065106423,9.02599322320499,10.1462717630384,10.9674895690843,12.2618304736442,13.4464058480407,15.8888687224101,16.8398967982701,18.8744306380337,1,1,1,1,1,1,1,1,0.935483870967742,0.903225806451613,0.903225806451613,0.903225806451613,0.870967741935484,0.838709677419355,0.838709677419355,0.806451612903226,0,0,0,0,0,0,0,0,2345,0.433024,-0.782956651064226
"346",116,116,1,1.13343148966072,8.94345984512738,10.063740648942,10.8849601145944,12.1793036348997,13.3638814032155,15.8063492135804,16.7573792113817,18.7919171627534,1,1,1,1,1,1,1,1,0.935483870967742,0.903225806451613,0.903225806451613,0.903225806451613,0.870967741935484,0.838709677419355,0.838709677419355,0.806451612903226,0,0,0,0,0,0,0,0,2346,0.434873,-0.698558489660724
"347",116,116,2,1.13388910136578,8.94391745683244,10.064198260647,10.8854177262995,12.1797612466048,13.3643390149205,15.8068068252854,16.7578368230868,18.7923747744584,1,1,1,1,1,1,1,1,0.935483870967742,0.903225806451613,0.903225806451613,0.903225806451613,0.870967741935484,0.838709677419355,0.838709677419355,0.806451612903226,0,0,0,0,0,0,0,0,2347,0.431113,-0.702776101365783
"348",116,116,3,1.13295853348529,8.94298688895196,10.0632676927665,10.884487158419,12.1788306787243,13.36340844704,15.8058762574049,16.7569062552063,18.7914442065779,1,1,1,1,1,1,1,1,0.935483870967742,0.903225806451613,0.903225806451613,0.903225806451613,0.870967741935484,0.838709677419355,0.838709677419355,0.806451612903226,0,0,0,0,0,0,0,0,2348,0.483516,-0.649442533485295
"349",117,117,1,1.14593733202598,8.95595884923262,10.0762386721581,10.8974574187719,12.1917998057833,13.3763765369133,15.8188422087161,16.7698713738201,18.8044075438026,1,1,1,1,1,1,1,1,0.935483870967742,0.903225806451613,0.903225806451613,0.903225806451613,0.870967741935484,0.838709677419355,0.838709677419355,0.806451612903226,0,0,0,0,0,0,0,0,2349,0.487368,-0.658569332025977
"350",117,117,2,1.14689068044171,8.95691219764836,10.0771920205739,10.8984107671877,12.192753154199,13.377329885329,15.8197955571319,16.7708247222358,18.8053608922183,1,1,1,1,1,1,1,1,0.935483870967742,0.903225806451613,0.903225806451613,0.903225806451613,0.870967741935484,0.838709677419355,0.838709677419355,0.806451612903226,0,0,0,0,0,0,0,0,2350,0.417556,-0.72933468044171
"351",117,117,3,1.12961260162572,8.93963411883237,10.0599139417579,10.8811326883717,12.1754750753831,13.360051806513,15.8025174783159,16.7535466434198,18.7880828134024,1,1,1,1,1,1,1,1,0.935483870967742,0.903225806451613,0.903225806451613,0.903225806451613,0.870967741935484,0.838709677419355,0.838709677419355,0.806451612903226,0,0,0,0,0,0,0,0,2351,0.418919,-0.710693601625723
"352",118,118,1,1.12656286471285,8.92527625720909,10.0439340277599,10.863963732323,12.1564320418945,13.3392936252012,15.7782228526605,16.7278750232993,18.7594653897796,1,1,1,1,1,1,1,1,0.935483870967742,0.903225806451613,0.903225806451613,0.903225806451613,0.870967741935484,0.838709677419355,0.838709677419355,0.806451612903226,0,0,0,0,0,0,0,0,2352,0.383382,-0.743180864712848
"353",118,118,2,1.11740978387362,8.91612317636986,10.0347809469207,10.8548106514838,12.1472789610553,13.330140544362,15.7690697718213,16.71872194246,18.7503123089403,1,1,1,1,1,1,1,1,0.935483870967742,0.903225806451613,0.903225806451613,0.903225806451613,0.870967741935484,0.838709677419355,0.838709677419355,0.806451612903226,0,0,0,0,0,0,0,0,2353,0.865619,-0.251790783873616
"354",118,118,3,1.24161706768115,9.04033046017739,10.1589882307283,10.9790179352913,12.2714862448628,13.4543478281695,15.8932770556288,16.8429292262676,18.8745195927479,1,1,1,1,1,1,1,1,0.935483870967742,0.903225806451613,0.903225806451613,0.903225806451613,0.870967741935484,0.838709677419355,0.838709677419355,0.806451612903226,0,0,0,0,0,0,0,0,2354,0.435332,-0.806285067681155
"355",119,119,1,1.10677998721912,8.74517604871442,9.84083768912788,10.6440101292986,11.9099093037621,13.0684549259051,15.4572473417433,16.3873776125873,18.3772047895709,1,1,1,1,1,1,1,1,0.935483870967742,0.903225806451613,0.903225806451613,0.903225806451613,0.870967741935484,0.870967741935484,0.838709677419355,0.838709677419355,0,0,0,0,0,0,0,0,2355,0.411224,-0.695555987219119
"356",119,119,2,1.10058474278591,8.73898080428121,9.83464244469466,10.6378148848654,11.9037140593289,13.0622596814719,15.4510520973101,16.3811823681541,18.3710095451377,1,1,1,1,1,1,1,1,0.935483870967742,0.903225806451613,0.903225806451613,0.903225806451613,0.870967741935484,0.870967741935484,0.838709677419355,0.838709677419355,0,0,0,0,0,0,0,0,2356,0.464919,-0.635665742785907
"357",119,119,3,1.11438321838908,8.75277927988438,9.84844092029784,10.6516133604686,11.9175125349321,13.076058157075,15.4648505729133,16.3949808437573,18.3848080207409,1,1,1,1,1,1,1,1,0.935483870967742,0.903225806451613,0.903225806451613,0.903225806451613,0.870967741935484,0.870967741935484,0.838709677419355,0.838709677419355,0,0,0,0,0,0,0,0,2357,0.427743,-0.686640218389082
"358",120,120,1,1.09617002105285,8.71819495673079,9.81150830118996,10.6129593279952,11.8761453419352,13.0322078909313,15.4158804856871,16.3440172385769,18.329579683697,1,1,1,1,1,1,1,1,0.935483870967742,0.903225806451613,0.903225806451613,0.903225806451613,0.870967741935484,0.870967741935484,0.838709677419355,0.838709677419355,0,0,0,0,0,0,0,0,2358,0.310762,-0.785408021052848
"359",120,120,2,1.06668137072226,8.6887063064002,9.78201965085937,10.5834706776646,11.8466566916046,13.0027192406007,15.3863918353565,16.3145285882463,18.3000910333664,1,1,1,1,1,1,1,1,0.935483870967742,0.903225806451613,0.903225806451613,0.903225806451613,0.870967741935484,0.870967741935484,0.838709677419355,0.838709677419355,0,0,0,0,0,0,0,0,2359,0.419671,-0.647010370722256
"360",120,120,3,1.09413522578294,8.71616016146089,9.80947350592006,10.6109245327253,11.8741105466653,13.0301730956614,15.4138456904172,16.341982443307,18.3275448884271,1,1,1,1,1,1,1,1,0.935483870967742,0.903225806451613,0.903225806451613,0.903225806451613,0.870967741935484,0.870967741935484,0.838709677419355,0.838709677419355,0,0,0,0,0,0,0,0,2360,0.53846,-0.555675225782945
"361",121,121,1,1.1184769257126,8.73113243578187,9.82310181743137,10.6235676551513,11.8852008891558,13.039842340459,15.4205847895855,16.3475806241059,18.3307023031857,1,1,1,1,1,1,1,1,0.935483870967742,0.903225806451613,0.903225806451613,0.903225806451613,0.870967741935484,0.870967741935484,0.838709677419355,0.838709677419355,0,0,0,0,0,0,0,0,2361,0.426322,-0.692154925712603
"362",121,121,2,1.09021074698198,8.70286625705124,9.79483563870074,10.5953014764207,11.8569347104252,13.0115761617284,15.3923186108549,16.3193144453752,18.3024361244551,1,1,1,1,1,1,1,1,0.935483870967742,0.903225806451613,0.903225806451613,0.903225806451613,0.870967741935484,0.870967741935484,0.838709677419355,0.838709677419355,0,0,0,0,0,0,0,0,2362,0.518358,-0.57185274698198
"363",121,121,3,1.11340989468973,8.72606540475899,9.81803478640849,10.6185006241285,11.880133858133,13.0347753094361,15.4155177585626,16.342513593083,18.3256352721629,1,1,1,1,1,1,1,1,0.935483870967742,0.903225806451613,0.903225806451613,0.903225806451613,0.870967741935484,0.870967741935484,0.838709677419355,0.838709677419355,0,0,0,0,0,0,0,0,2363,0.44181,-0.671599894689729
"364",122,122,1,1.0939253804178,8.70656999398081,9.79853781262103,10.5990025045804,11.8606339327243,13.0152737313114,15.396012772721,16.3230072803698,18.3061261208742,1,1,1,1,1,1,1,1,0.935483870967742,0.903225806451613,0.903225806451613,0.903225806451613,0.870967741935484,0.870967741935484,0.838709677419355,0.838709677419355,0,0,0,0,0,0,0,0,2364,0.431698,-0.662227380417801
"365",122,122,2,1.0913792884451,8.70402390200811,9.79599172064833,10.5964564126077,11.8580878407516,13.0127276393387,15.3934666807483,16.3204611883971,18.3035800289015,1,1,1,1,1,1,1,1,0.935483870967742,0.903225806451613,0.903225806451613,0.903225806451613,0.870967741935484,0.870967741935484,0.838709677419355,0.838709677419355,0,0,0,0,0,0,0,0,2365,0.417133,-0.674246288445104
"366",122,122,3,1.08771197934875,8.70035659291176,9.79232441155198,10.5927891035113,11.8544205316552,13.0090603302424,15.3897993716519,16.3167938793008,18.2999127198051,1,1,1,1,1,1,1,1,0.935483870967742,0.903225806451613,0.903225806451613,0.903225806451613,0.870967741935484,0.870967741935484,0.838709677419355,0.838709677419355,0,0,0,0,0,0,0,0,2366,0.43435,-0.65336197934875
"367",123,123,1,1.0920440312038,8.70467621516327,9.79664225088471,10.5971056358792,11.8587350040848,13.013372917425,15.3941080716647,16.3211010657562,18.3042166683082,1,1,1,1,1,1,1,1,0.935483870967742,0.903225806451613,0.903225806451613,0.903225806451613,0.870967741935484,0.870967741935484,0.838709677419355,0.838709677419355,0,0,0,0,0,0,0,0,2367,0.51262,-0.579424031203797
"368",123,123,2,1.11175149038812,8.7243836743476,9.81634971006904,10.6168130950635,11.8784424632691,13.0330803766093,15.4138155308491,16.3408085249406,18.3239241274925,1,1,1,1,1,1,1,1,0.935483870967742,0.903225806451613,0.903225806451613,0.903225806451613,0.870967741935484,0.870967741935484,0.838709677419355,0.838709677419355,0,0,0,0,0,0,0,0,2368,0.412223,-0.699528490388123
"369",123,123,3,1.08647271461543,8.6991048985749,9.79107093429634,10.5915343192908,11.8531636874964,13.0078016008366,15.3885367550764,16.3155297491679,18.2986453517198,1,1,1,1,1,1,1,1,0.935483870967742,0.903225806451613,0.903225806451613,0.903225806451613,0.870967741935484,0.870967741935484,0.838709677419355,0.838709677419355,0,0,0,0,0,0,0,0,2369,0.436142,-0.650330714615429
"370",124,124,1,1.0930176959806,8.70568105114081,9.79765155810054,10.5981182207268,11.8597527548857,13.0143953960847,15.3951402986443,16.3221370884642,18.305260811216,1,1,1,1,1,1,1,1,0.935483870967742,0.903225806451613,0.903225806451613,0.903225806451613,0.870967741935484,0.870967741935484,0.838709677419355,0.838709677419355,0,0,0,0,0,0,0,0,2370,0.40717,-0.685847695980603
"371",124,124,2,1.08572191426138,8.69838526942159,9.79035577638131,10.5908224390075,11.8524569731664,13.0070996143654,15.387844516925,16.314841306745,18.2979650294967,1,1,1,1,1,1,1,1,0.935483870967742,0.903225806451613,0.903225806451613,0.903225806451613,0.870967741935484,0.870967741935484,0.838709677419355,0.838709677419355,0,0,0,0,0,0,0,0,2371,0.597735,-0.487986914261379
"372",124,124,3,1.13371033906201,8.74637369422222,9.83834420118195,10.6388108638082,11.9004453979671,13.0550880391661,15.4358329417257,16.3628297315456,18.3459534542974,1,1,1,1,1,1,1,1,0.935483870967742,0.903225806451613,0.903225806451613,0.903225806451613,0.870967741935484,0.870967741935484,0.838709677419355,0.838709677419355,0,0,0,0,0,0,0,0,2372,0.499421,-0.634289339062012
"373",125,125,1,1.10863510388176,8.72127671659213,9.81324410478607,10.6137084812077,11.8753394120251,13.0299787554611,15.4107168583995,16.3377110006335,18.3208290594058,1,1,1,1,1,1,1,1,0.935483870967742,0.903225806451613,0.903225806451613,0.903225806451613,0.870967741935484,0.870967741935484,0.838709677419355,0.838709677419355,0,0,0,0,0,0,0,0,2373,0.441141,-0.667494103881755
"374",125,125,2,1.0939446943517,8.70658630706207,9.79855369525601,10.5990180716776,11.860649002495,13.015288345931,15.3960264488695,16.3230205911034,18.3061386498758,1,1,1,1,1,1,1,1,0.935483870967742,0.903225806451613,0.903225806451613,0.903225806451613,0.870967741935484,0.870967741935484,0.838709677419355,0.838709677419355,0,0,0,0,0,0,0,0,2374,0.403073,-0.690871694351696
"375",125,125,3,1.08434904387142,8.69699065658179,9.78895804477574,10.5894224211973,11.8510533520148,13.0056926954507,15.3864307983892,16.3134249406231,18.2965429993955,1,1,1,1,1,1,1,1,0.935483870967742,0.903225806451613,0.903225806451613,0.903225806451613,0.870967741935484,0.870967741935484,0.838709677419355,0.838709677419355,0,0,0,0,0,0,0,0,2375,0.44243,-0.641919043871423
"376",126,126,1,1.09391817608757,8.70657357961777,9.79854294598517,10.5990087725026,11.8606419888506,13.0152834239945,15.3960258398025,16.3230216613496,18.3061433126757,1,1,1,1,1,1,1,1,0.935483870967742,0.903225806451613,0.903225806451613,0.903225806451613,0.870967741935484,0.870967741935484,0.838709677419355,0.838709677419355,0,0,0,0,0,0,0,0,2376,0.320255,-0.77366317608757
"377",126,126,2,1.0631489696006,8.67580437313081,9.7677737394982,10.5682395660156,11.8298727823636,12.9845142175076,15.3652566333156,16.2922524548627,18.2753741061888,1,1,1,1,1,1,1,1,0.935483870967742,0.903225806451613,0.903225806451613,0.903225806451613,0.870967741935484,0.870967741935484,0.838709677419355,0.838709677419355,0,0,0,0,0,0,0,0,2377,0.43783,-0.625318969600605
"378",126,126,3,1.09275968744554,8.70541509097574,9.79738445734314,10.5978502838606,11.8594835002085,13.0141249353525,15.3948673511605,16.3218631727076,18.3049848240337,1,1,1,1,1,1,1,1,0.935483870967742,0.903225806451613,0.903225806451613,0.903225806451613,0.870967741935484,0.870967741935484,0.838709677419355,0.838709677419355,0,0,0,0,0,0,0,0,2378,0.449488,-0.64327168744554
"379",127,127,1,1.09635693834913,8.70901660223497,9.80098657971342,10.6014528542045,11.8630867766144,13.0177288579433,15.3984726061128,16.325468946445,18.3085917076077,1,1,1,1,1,1,1,1,0.935483870967742,0.903225806451613,0.903225806451613,0.903225806451613,0.870967741935484,0.870967741935484,0.838709677419355,0.838709677419355,0,0,0,0,0,0,0,0,2379,0.445654,-0.650702938349134
"380",127,127,2,1.09539148120676,8.7080511450926,9.80002112257104,10.6004873970621,11.862121319472,13.0167634008009,15.3975071489705,16.3245034893026,18.3076262504653,1,1,1,1,1,1,1,1,0.935483870967742,0.903225806451613,0.903225806451613,0.903225806451613,0.870967741935484,0.870967741935484,0.838709677419355,0.838709677419355,0,0,0,0,0,0,0,0,2380,0.57306,-0.522331481206761
"381",127,127,3,1.12747417100364,8.74013383488947,9.83210381236792,10.632570086859,11.8942040092689,13.0488460905978,15.4295898387674,16.3565861790995,18.3397089402622,1,1,1,1,1,1,1,1,0.935483870967742,0.903225806451613,0.903225806451613,0.903225806451613,0.870967741935484,0.870967741935484,0.838709677419355,0.838709677419355,0,0,0,0,0,0,0,0,2381,0.46195,-0.665524171003639
"382",128,128,1,1.09945013691536,8.71211791351773,9.80408905469497,10.604556182233,11.8661914491504,13.020834760967,15.4015810462655,16.3285783744861,18.311703249038,1,1,1,1,1,1,1,1,0.935483870967742,0.903225806451613,0.903225806451613,0.903225806451613,0.870967741935484,0.870967741935484,0.838709677419355,0.838709677419355,0,0,0,0,0,0,0,0,2382,0.410793,-0.688657136915361
"383",128,128,2,1.08656878580901,8.69923656241138,9.79120770358862,10.5916748311267,11.8533100980441,13.0079534098606,15.3886996951592,16.3156970233797,18.2988218979316,1,1,1,1,1,1,1,1,0.935483870967742,0.903225806451613,0.903225806451613,0.903225806451613,0.870967741935484,0.870967741935484,0.838709677419355,0.838709677419355,0,0,0,0,0,0,0,0,2383,0.524042,-0.56252678580901
"384",128,128,3,1.11508492497751,8.72775270157988,9.81972384275712,10.6201909702952,11.8818262372126,13.0364695490291,15.4172158343277,16.3442131625482,18.3273380371001,1,1,1,1,1,1,1,1,0.935483870967742,0.903225806451613,0.903225806451613,0.903225806451613,0.870967741935484,0.870967741935484,0.838709677419355,0.838709677419355,0,0,0,0,0,0,0,0,2384,0.486266,-0.628818924977513
"385",129,129,1,1.10560042698247,8.71826043023446,9.81023045639204,10.6106967665673,11.8723307452198,13.0269728780216,15.4077167323228,16.3347131139797,18.3178359635484,1,1,1,1,1,1,1,1,0.935483870967742,0.903225806451613,0.903225806451613,0.903225806451613,0.870967741935484,0.870967741935484,0.838709677419355,0.838709677419355,0,0,0,0,0,0,0,0,2385,0.342634,-0.762966426982467
"386",129,129,2,1.06943254889049,8.68209255214248,9.77406257830006,10.5745288884753,11.8361628671278,12.9908049999297,15.3715488542309,16.2985452358877,18.2816680854564,1,1,1,1,1,1,1,1,0.935483870967742,0.903225806451613,0.903225806451613,0.903225806451613,0.870967741935484,0.870967741935484,0.838709677419355,0.838709677419355,0,0,0,0,0,0,0,0,2386,0.452413,-0.617019548890488
"387",129,129,3,1.09707592563842,8.70973592889041,9.80170595504799,10.6021722652232,11.8638062438757,13.0184483766776,15.3991922309788,16.3261886126357,18.3093114622043,1,1,1,1,1,1,1,1,0.935483870967742,0.903225806451613,0.903225806451613,0.903225806451613,0.870967741935484,0.870967741935484,0.838709677419355,0.838709677419355,0,0,0,0,0,0,0,0,2387,0.447558,-0.649517925638423
"388",130,130,1,1.09583756198131,8.7085047198038,9.80047577222244,10.6009428346962,11.8625779990642,13.017221217028,15.3979673088125,16.324964561684,18.3080892750417,1,1,1,1,1,1,1,1,0.935483870967742,0.903225806451613,0.903225806451613,0.903225806451613,0.870967741935484,0.870967741935484,0.838709677419355,0.838709677419355,0,0,0,0,0,0,0,0,2388,0.406462,-0.689375561981314
"389",130,130,2,1.08548942251304,8.69815658033553,9.79012763275417,10.5905946952279,11.8522298595959,13.0068730775597,15.3876191693442,16.3146164222157,18.2977411355734,1,1,1,1,1,1,1,1,0.935483870967742,0.903225806451613,0.903225806451613,0.903225806451613,0.870967741935484,0.870967741935484,0.838709677419355,0.838709677419355,0,0,0,0,0,0,0,0,2389,1.898171,0.812681577486956
"390",130,130,3,1.46110779846386,9.07377495628634,10.165746008705,10.9662130711787,12.2278482355467,13.3824914535105,15.763237545295,16.6902347981665,18.6733595115243,1,1,1,1,1,1,1,1,0.935483870967742,0.903225806451613,0.903225806451613,0.903225806451613,0.870967741935484,0.838709677419355,0.838709677419355,0.838709677419355,0,0,0,0,0,0,0,0,2390,0.440502,-1.02060579846386
"391",131,131,1,1.09371925090257,8.70648734387316,9.79847287456303,10.5989505503028,11.8606024424916,13.0152609696869,15.3960386274068,16.3230481711881,18.3061991784822,1,1,1,1,1,1,1,1,0.935483870967742,0.903225806451613,0.903225806451613,0.903225806451613,0.870967741935484,0.870967741935484,0.838709677419355,0.838709677419355,0,0,0,0,0,0,0,0,2391,1.149328,0.0556087490974264
"392",131,131,2,1.27221880004138,8.88498689301197,9.97697242370184,10.7774500994416,12.0391019916304,13.1937605188257,15.5745381765456,16.5015477203269,18.4846987276211,1,1,1,1,1,1,1,1,0.935483870967742,0.903225806451613,0.903225806451613,0.903225806451613,0.870967741935484,0.870967741935484,0.838709677419355,0.838709677419355,0,0,0,0,0,0,0,0,2392,0.486989,-0.785229800041382
"393",131,131,3,1.1054258030618,8.71819389603239,9.81017942672226,10.610657102462,11.8723089946508,13.0269675218462,15.407745179566,16.3347547233473,18.3179057306415,1,1,1,1,1,1,1,1,0.935483870967742,0.903225806451613,0.903225806451613,0.903225806451613,0.870967741935484,0.870967741935484,0.838709677419355,0.838709677419355,0,0,0,0,0,0,0,0,2393,0.480407,-0.6250188030618
"394",132,132,1,1.10428350502561,8.71706196950554,9.80904898789844,10.6095277541957,11.8711813652382,13.0258414655212,15.4066223667732,16.3336331734969,18.3167868826033,1,1,1,1,1,1,1,1,0.935483870967742,0.903225806451613,0.903225806451613,0.903225806451613,0.870967741935484,0.870967741935484,0.838709677419355,0.838709677419355,0,0,0,0,0,0,0,0,2394,0.369976,-0.734307505025606
"395",132,132,2,1.0764549561983,8.68923342067824,9.78122043907113,10.5816992053684,11.8433528164109,12.9980129166939,15.3787938179459,16.3058046246696,18.288958333776,1,1,1,1,1,1,1,1,0.935483870967742,0.903225806451613,0.903225806451613,0.903225806451613,0.870967741935484,0.870967741935484,0.838709677419355,0.838709677419355,0,0,0,0,0,0,0,0,2395,0.435793,-0.6406619561983
"396",132,132,3,1.0930408025473,8.70581926702724,9.79780628542013,10.5982850517174,11.8599386627599,13.0145987630429,15.3953796642949,16.3223904710186,18.305544180125,1,1,1,1,1,1,1,1,0.935483870967742,0.903225806451613,0.903225806451613,0.903225806451613,0.870967741935484,0.870967741935484,0.838709677419355,0.838709677419355,0,0,0,0,0,0,0,0,2396,0.480132,-0.612908802547304
"397",133,133,1,1.10420999799555,8.71699115712794,9.80897856204535,10.6094576116836,11.8711116693066,13.0257721782981,15.4065539222617,16.3335650571143,18.3167194681864,1,1,1,1,1,1,1,1,0.935483870967742,0.903225806451613,0.903225806451613,0.903225806451613,0.870967741935484,0.870967741935484,0.838709677419355,0.838709677419355,0,0,0,0,0,0,0,0,2397,0.46019,-0.644019997995555
"398",133,133,2,1.09918465333444,8.71196581246683,9.80395321738423,10.6044322670225,11.8660863246455,13.020746833637,15.4015285776006,16.3285397124532,18.3116941235253,1,1,1,1,1,1,1,1,0.935483870967742,0.903225806451613,0.903225806451613,0.903225806451613,0.870967741935484,0.870967741935484,0.838709677419355,0.838709677419355,0,0,0,0,0,0,0,0,2398,0.589215,-0.509969653334439
"399",133,133,3,1.13169869881134,8.74447985794373,9.83646726286114,10.6369463124994,11.8986003701224,13.0532608791139,15.4340426230775,16.3610537579301,18.3442081690022,1,1,1,1,1,1,1,1,0.935483870967742,0.903225806451613,0.903225806451613,0.903225806451613,0.870967741935484,0.870967741935484,0.838709677419355,0.838709677419355,0,0,0,0,0,0,0,0,2399,0.39537,-0.736328698811344
"400",134,134,1,1.08288824475915,8.69566113698527,9.7876473560867,10.5881255364651,11.8497782240269,13.0044374791442,15.3852166377583,16.3122267659467,18.2953790234627,1,1,1,1,1,1,1,1,0.935483870967742,0.903225806451613,0.903225806451613,0.903225806451613,0.870967741935484,0.870967741935484,0.838709677419355,0.838709677419355,0,0,0,0,0,0,0,0,2400,0.364404,-0.718484244759147
"401",134,134,2,1.0750844779296,8.68785737015572,9.77984358925715,10.5803217696355,11.8419744571973,12.9966337123146,15.3774128709288,16.3044229991172,18.2875752566331,0,0,0,0,0,0,0,0,0,0,0,0,0,0,0,0,0,0,0,0,0,0,0,0,2401,28.952105,27.8770205220704
"402",134,134,3,8.27949424337371,15.8922671355998,16.9842533547013,17.7847315350796,19.0463842226414,20.2010434777587,22.5818226363729,23.5088327645613,25.4919850220772,1,1,1,1,1,1,1,1,0.928571428571429,0.928571428571429,0.928571428571429,0.892857142857143,0.892857142857143,0.857142857142857,0.857142857142857,0.821428571428571,1,1,1,1,1,1,1,1,2402,11.491232,3.21173775662629
"403",135,135,1,3.90627722617948,11.5886380689963,12.6906060758296,13.4984013845203,14.7715867719442,15.9368007056697,18.3393424394719,19.2748263177525,21.2761064641814,1,1,1,1,1,1,1,1,1,0.964285714285714,0.964285714285714,0.964285714285714,0.928571428571429,0.928571428571429,0.892857142857143,0.892857142857143,1,1,1,1,1,1,1,1,2403,11.368741,7.46246377382052
"404",135,135,2,3.87527693220181,11.5576377750187,12.6596057818519,13.4674010905426,14.7405864779665,15.905800411692,18.3083421454943,19.2438260237748,21.2451061702038,1,1,1,1,1,1,1,1,1,0.964285714285714,0.964285714285714,0.964285714285714,0.928571428571429,0.928571428571429,0.892857142857143,0.892857142857143,0,0,0,0,0,0,0,0,2404,11.519675,7.64439806779819
"405",135,135,3,3.91347564370899,11.5958364865258,12.6978044933591,13.5055998020498,14.7787851894737,15.9439991231992,18.3465408570014,19.282024735282,21.283304881711,1,1,1,1,1,1,1,1,0.903225806451613,0.870967741935484,0.870967741935484,0.870967741935484,0.838709677419355,0.838709677419355,0.806451612903226,0.806451612903226,0,0,0,0,0,0,0,0,2405,0.561099,-3.35237664370899
"406",136,136,1,1.1448350121011,8.83811477579152,9.94164900708596,10.7505924332939,12.0255873960278,13.1924574454972,15.5984139060513,16.5352273853041,18.5393519463618,1,1,1,1,1,1,1,1,0.935483870967742,0.903225806451613,0.903225806451613,0.903225806451613,0.870967741935484,0.870967741935484,0.838709677419355,0.838709677419355,0,0,0,0,0,0,0,0,2406,1.336452,0.191616987898899
"407",136,136,2,1.34301322313303,9.03629298682345,10.1398272181179,10.9487706443259,12.2237656070597,13.3906356565292,15.7965921170832,16.733405596336,18.7375301573937,1,1,1,1,1,1,1,1,0.935483870967742,0.903225806451613,0.903225806451613,0.903225806451613,0.870967741935484,0.838709677419355,0.838709677419355,0.838709677419355,0,0,0,0,0,0,0,0,2407,0.500448,-0.842565223133031
"408",136,136,3,1.12933277418199,8.82261253787241,9.92614676916685,10.7350901953748,12.0100851581086,13.1769552075781,15.5829116681322,16.519725147385,18.5238497084427,1,1,1,1,1,1,1,1,0.935483870967742,0.903225806451613,0.903225806451613,0.903225806451613,0.870967741935484,0.870967741935484,0.838709677419355,0.838709677419355,0,0,0,0,0,0,0,0,2408,0.542608,-0.586724774181989
"409",137,137,1,1.1398446252263,8.8330897131694,9.93661897052874,10.7455587506042,12.0205479665818,13.1874127566441,15.5933583728845,16.530167629659,18.534283157571,1,1,1,1,1,1,1,1,0.935483870967742,0.903225806451613,0.903225806451613,0.903225806451613,0.870967741935484,0.870967741935484,0.838709677419355,0.838709677419355,0,0,0,0,0,0,0,0,2409,0.461805,-0.678039625226295
"410",137,137,2,1.119182285606,8.8124273735491,9.91595663090845,10.7248964109839,11.9998856269615,13.1667504170238,15.5726960332642,16.5095052900387,18.5136208179507,1,1,1,1,1,1,1,1,0.935483870967742,0.903225806451613,0.903225806451613,0.903225806451613,0.870967741935484,0.870967741935484,0.838709677419355,0.838709677419355,0,0,0,0,0,0,0,0,2410,0.374535,-0.744647285606001
"411",137,137,3,1.0968662530495,8.7901113409926,9.89364059835195,10.7025803784274,11.977569594405,13.1444343844673,15.5503800007077,16.4871892574822,18.4913047853942,1,1,1,1,1,1,1,1,0.935483870967742,0.903225806451613,0.903225806451613,0.903225806451613,0.870967741935484,0.870967741935484,0.838709677419355,0.838709677419355,0,0,0,0,0,0,0,0,2411,0.420857,-0.676009253049498
"412",138,138,1,1.10907872887249,8.80236493099243,9.90590008582371,10.7148441890284,11.9898402187929,13.1567112448043,15.5626697188795,16.4994839821422,18.5036102204318,1,1,1,1,1,1,1,1,0.935483870967742,0.903225806451613,0.903225806451613,0.903225806451613,0.870967741935484,0.870967741935484,0.838709677419355,0.838709677419355,0,0,0,0,0,0,0,0,2412,0.38045,-0.728628728872492
"413",138,138,2,1.09874702185964,8.79203322397958,9.89556837881086,10.7045124820156,11.97950851178,13.1463795377915,15.5523380118666,16.4891522751293,18.493278513419,1,1,1,1,1,1,1,1,0.935483870967742,0.903225806451613,0.903225806451613,0.903225806451613,0.870967741935484,0.870967741935484,0.838709677419355,0.838709677419355,0,0,0,0,0,0,0,0,2413,0.471578,-0.627169021859643
"414",138,138,3,1.12204763305738,8.81533383517731,9.9188689900086,10.7278130932133,12.0028091229778,13.1696801489892,15.5756386230644,16.5124528863271,18.5165791246167,1,1,1,1,1,1,1,1,0.935483870967742,0.903225806451613,0.903225806451613,0.903225806451613,0.870967741935484,0.870967741935484,0.838709677419355,0.838709677419355,0,0,0,0,0,0,0,0,2414,0.443759,-0.678288633057378
"415",139,139,1,1.11486633718333,8.80816432059276,9.9117011653478,10.7206465073475,11.9956444896063,13.1625173025323,15.5684794610269,16.5052951589015,18.5094244662557,1,1,1,1,1,1,1,1,0.935483870967742,0.903225806451613,0.903225806451613,0.903225806451613,0.870967741935484,0.870967741935484,0.838709677419355,0.838709677419355,0,0,0,0,0,0,0,0,2415,0.486058,-0.628808337183335
"416",139,139,2,1.12568084914338,8.8189788325528,9.92251567730785,10.7314610193076,12.0064590015663,13.1733318144924,15.579293972987,16.5161096708616,18.5202389782157,1,1,1,1,1,1,1,1,0.935483870967742,0.903225806451613,0.903225806451613,0.903225806451613,0.870967741935484,0.870967741935484,0.838709677419355,0.838709677419355,0,0,0,0,0,0,0,0,2416,0.432592,-0.69308884914338
"417",139,139,3,1.11201128966311,8.80530927307254,9.90884611782758,10.7177914598273,11.9927894420861,13.1596622550121,15.5656244135067,16.5024401113813,18.5065694187354,1,1,1,1,1,1,1,1,0.935483870967742,0.903225806451613,0.903225806451613,0.903225806451613,0.870967741935484,0.870967741935484,0.838709677419355,0.838709677419355,0,0,0,0,0,0,0,0,2417,0.483209,-0.628802289663114
"418",140,140,1,1.12493647375943,8.81825053165249,9.92178968215274,10.7307367143741,12.0057373606313,13.1726126116376,15.578579797183,16.5153974524533,18.519530947263,1,1,1,1,1,1,1,1,0.935483870967742,0.903225806451613,0.903225806451613,0.903225806451613,0.870967741935484,0.870967741935484,0.838709677419355,0.838709677419355,0,0,0,0,0,0,0,0,2418,0.447095,-0.677841473759429
"419",140,140,2,1.11570577559241,8.80901983348548,9.91255898398573,10.7215060162071,11.9965066624643,13.1633819134706,15.569349099016,16.5061667542863,18.510300249096,1,1,1,1,1,1,1,1,0.935483870967742,0.903225806451613,0.903225806451613,0.903225806451613,0.870967741935484,0.870967741935484,0.838709677419355,0.838709677419355,0,0,0,0,0,0,0,0,2419,0.451128,-0.664577775592414
"420",140,140,3,1.11673660589943,8.81005066379249,9.91358981429274,10.7225368465141,11.9975374927713,13.1644127437776,15.570379929323,16.5071975845933,18.511331079403,1,1,1,1,1,1,1,1,0.935483870967742,0.903225806451613,0.903225806451613,0.903225806451613,0.870967741935484,0.870967741935484,0.838709677419355,0.838709677419355,0,0,0,0,0,0,0,0,2420,2.47124,1.35450339410057
"421",141,141,1,1.63251834925415,9.32597875543536,10.4295388983278,11.2385013189776,12.5135262193028,13.6804236675305,16.0864366212814,17.0232720974361,19.0274437164539,1,1,1,1,1,1,1,1,0.935483870967742,0.903225806451613,0.903225806451613,0.870967741935484,0.870967741935484,0.838709677419355,0.838709677419355,0.806451612903226,0,0,0,0,0,0,0,0,2421,0.339675,-1.29284334925415
"422",141,141,2,1.08811216718325,8.78157257336446,9.88513271625685,10.6940951369067,11.9691200372319,13.1360174854596,15.5420304392105,16.4788659153652,18.483037534383,1,1,1,1,1,1,1,1,0.935483870967742,0.903225806451613,0.903225806451613,0.903225806451613,0.870967741935484,0.870967741935484,0.838709677419355,0.838709677419355,0,0,0,0,0,0,0,0,2422,0.38946,-0.69865216718325
"423",141,141,3,1.10082736084349,8.7942877670247,9.8978479099171,10.706810330567,11.9818352308922,13.1487326791198,15.5547456328707,16.4915811090254,18.4957527280433,1,1,1,1,1,1,1,1,0.935483870967742,0.903225806451613,0.903225806451613,0.903225806451613,0.870967741935484,0.870967741935484,0.838709677419355,0.838709677419355,0,0,0,0,0,0,0,0,2423,0.457656,-0.643171360843495
"424",142,142,1,1.11865031488009,8.81226903200687,9.91585188323082,10.7248309501749,11.9998820871202,13.1668035469927,15.5728660100886,16.5097207638248,18.5139336233621,1,1,1,1,1,1,1,1,0.935483870967742,0.903225806451613,0.903225806451613,0.903225806451613,0.870967741935484,0.870967741935484,0.838709677419355,0.838709677419355,0,0,0,0,0,0,0,0,2424,0.449553,-0.669097314880089
"425",142,142,2,1.11657912129826,8.81019783842505,9.913780689649,10.7227597565931,11.9978108935384,13.1647323534108,15.5707948165067,16.507649570243,18.5118624297803,1,1,1,1,1,1,1,1,0.935483870967742,0.903225806451613,0.903225806451613,0.903225806451613,0.870967741935484,0.870967741935484,0.838709677419355,0.838709677419355,0,0,0,0,0,0,0,0,2425,0.409981,-0.706598121298262
"426",142,142,3,1.10646419196098,8.80008290908776,9.90366576031171,10.7126448272558,11.9876959642011,13.1546174240736,15.5606798871695,16.4975346409057,18.501747500443,1,1,1,1,1,1,1,1,0.935483870967742,0.903225806451613,0.903225806451613,0.903225806451613,0.870967741935484,0.870967741935484,0.838709677419355,0.838709677419355,0,0,0,0,0,0,0,0,2426,0.429222,-0.677242191960977
"427",143,143,1,1.11137404154698,8.80498226850606,9.90856361500647,10.7175415789162,11.9925909773427,13.1595108461301,15.5655700285853,16.50242350493,18.5066336317443,1,1,1,1,1,1,1,1,0.935483870967742,0.903225806451613,0.903225806451613,0.903225806451613,0.870967741935484,0.870967741935484,0.838709677419355,0.838709677419355,0,0,0,0,0,0,0,0,2427,0.449237,-0.662137041546976
"428",143,143,2,1.11648998478547,8.81009821174455,9.91367955824496,10.7226575221547,11.9977069205812,13.1646267893686,15.5706859718238,16.5075394481685,18.5117495749828,1,1,1,1,1,1,1,1,0.935483870967742,0.903225806451613,0.903225806451613,0.903225806451613,0.870967741935484,0.870967741935484,0.838709677419355,0.838709677419355,0,0,0,0,0,0,0,0,2428,0.60512,-0.511369984785469
"429",143,143,3,1.15633453036859,8.84994275732767,9.95352410382808,10.7625020677378,12.0375514661643,13.2044713349517,15.6105305174069,16.5473839937516,18.5515941205659,1,1,1,1,1,1,1,1,0.935483870967742,0.903225806451613,0.903225806451613,0.903225806451613,0.870967741935484,0.870967741935484,0.838709677419355,0.838709677419355,0,0,0,0,0,0,0,0,2429,0.514634,-0.641700530368587
"430",144,144,1,1.1330021447036,8.82663436309998,9.93021915096391,10.7391996375579,12.0142530120469,13.1811765197102,15.5872432051232,16.5240996029139,18.5283159795762,1,1,1,1,1,1,1,1,0.935483870967742,0.903225806451613,0.903225806451613,0.903225806451613,0.870967741935484,0.870967741935484,0.838709677419355,0.838709677419355,0,0,0,0,0,0,0,0,2430,0.446124,-0.686878144703596
"431",144,144,2,1.11548674476368,8.80911896316006,9.91270375102399,10.7216842376179,11.996737612107,13.1636611197702,15.5697278051833,16.506584202974,18.5108005796363,1,1,1,1,1,1,1,1,0.935483870967742,0.903225806451613,0.903225806451613,0.903225806451613,0.870967741935484,0.870967741935484,0.838709677419355,0.838709677419355,0,0,0,0,0,0,0,0,2431,0.380187,-0.735299744763678
"432",144,144,3,1.09862916301155,8.79226138140793,9.89584616927186,10.7048266558658,11.9798800303549,13.1468035380181,15.5528702234311,16.4897266212219,18.4939429978842,1,1,1,1,1,1,1,1,0.935483870967742,0.903225806451613,0.903225806451613,0.903225806451613,0.870967741935484,0.870967741935484,0.838709677419355,0.838709677419355,0,0,0,0,0,0,0,0,2432,0.455311,-0.64331816301155
"433",145,145,1,1.10715291967817,8.7582583688933,9.85574306070205,10.660251884829,11.928257365812,13.0887306708591,15.4814977547756,16.4131756523919,18.4063136664785,1,1,1,1,1,1,1,1,0.935483870967742,0.903225806451613,0.903225806451613,0.903225806451613,0.870967741935484,0.870967741935484,0.838709677419355,0.838709677419355,0,0,0,0,0,0,0,0,2433,0.418655,-0.688497919678173
"434",145,145,2,1.0976609049423,8.74876635415742,9.84625104596618,10.6507598700932,11.9187653510761,13.0792386561232,15.4720057400397,16.4036836376561,18.3968216517426,1,1,1,1,1,1,1,1,0.935483870967742,0.903225806451613,0.903225806451613,0.903225806451613,0.870967741935484,0.870967741935484,0.838709677419355,0.838709677419355,0,0,0,0,0,0,0,0,2434,0.422047,-0.675613904942301
"435",145,145,3,1.09853925811734,8.74964470733246,9.84712939914121,10.6516382232682,11.9196437042511,13.0801170092983,15.4728840932148,16.4045619908311,18.3977000049177,1,1,1,1,1,1,1,1,0.935483870967742,0.903225806451613,0.903225806451613,0.903225806451613,0.870967741935484,0.870967741935484,0.838709677419355,0.838709677419355,0,0,0,0,0,0,0,0,2435,0.429823,-0.668716258117336
"436",146,146,1,1.09527309421383,8.73651555043683,9.8325854814772,10.6360572182255,11.9024281211392,13.0614054671839,15.4510880497643,16.3815649271312,18.3721335992585,1,1,1,1,1,1,1,1,0.935483870967742,0.903225806451613,0.903225806451613,0.903225806451613,0.870967741935484,0.870967741935484,0.838709677419355,0.838709677419355,0,0,0,0,0,0,0,0,2436,0.413737,-0.681536094213832
"437",146,146,2,1.09110185841155,8.73234431463455,9.82841424567492,10.6318859824232,11.8982568853369,13.0572342313816,15.446916813962,16.3773936913289,18.3679623634562,1,1,1,1,1,1,1,1,0.935483870967742,0.903225806451613,0.903225806451613,0.903225806451613,0.870967741935484,0.870967741935484,0.838709677419355,0.838709677419355,0,0,0,0,0,0,0,0,2437,0.430304,-0.660797858411552
"438",146,146,3,1.09539782158054,8.73664027780354,9.83271020884391,10.6361819455922,11.9025528485059,13.0615301945506,15.451212777131,16.3816896544979,18.3722583266252,1,1,1,1,1,1,1,1,0.935483870967742,0.903225806451613,0.903225806451613,0.903225806451613,0.870967741935484,0.870967741935484,0.838709677419355,0.838709677419355,0,0,0,0,0,0,0,0,2438,0.444669,-0.650728821580542
"439",147,147,1,1.09875064459879,8.74000265642071,9.83607395812883,10.6395466996422,11.90591918619,13.0648979815701,15.454583552519,16.3850615934747,18.3756327548668,1,1,1,1,1,1,1,1,0.935483870967742,0.903225806451613,0.903225806451613,0.903225806451613,0.870967741935484,0.870967741935484,0.838709677419355,0.838709677419355,0,0,0,0,0,0,0,0,2439,0.452094,-0.646656644598791
"440",147,147,2,1.10067377833014,8.74192579015205,9.83799709186018,10.6414698333736,11.9078423199214,13.0668211153014,15.4565066862504,16.386984727206,18.3775558885981,1,1,1,1,1,1,1,1,0.935483870967742,0.903225806451613,0.903225806451613,0.903225806451613,0.870967741935484,0.870967741935484,0.838709677419355,0.838709677419355,0,0,0,0,0,0,0,0,2440,0.409445,-0.691228778330138
"441",147,147,3,1.08962734997886,8.73087936180078,9.8269506635089,10.6304234050223,11.8967958915701,13.0557746869501,15.4454602578991,16.3759382988547,18.3665094602469,1,1,1,1,1,1,1,1,0.935483870967742,0.903225806451613,0.903225806451613,0.903225806451613,0.870967741935484,0.870967741935484,0.838709677419355,0.838709677419355,0,0,0,0,0,0,0,0,2441,0.434496,-0.655131349978862
"442",148,148,1,1.09550304716577,8.73678719218252,9.83286310311864,10.6363392234168,11.9027170353477,13.0617007044959,15.4513963246138,16.3818782784403,18.3724578106348,1,1,1,1,1,1,1,1,0.935483870967742,0.903225806451613,0.903225806451613,0.903225806451613,0.870967741935484,0.870967741935484,0.838709677419355,0.838709677419355,0,0,0,0,0,0,0,0,2442,0.384205,-0.711298047165774
"443",148,148,2,1.08247501915566,8.7237591641724,9.81983507510853,10.6233111954067,11.8896890073376,13.0486726764858,15.4383682966037,16.3688502504302,18.3594297826247,1,1,1,1,1,1,1,1,0.935483870967742,0.903225806451613,0.903225806451613,0.903225806451613,0.870967741935484,0.870967741935484,0.838709677419355,0.838709677419355,0,0,0,0,0,0,0,0,2443,0.462226,-0.620249019155662
"444",148,148,3,1.10268658331977,8.74397072833651,9.84004663927263,10.6435227595708,11.9099005715017,13.0688842406499,15.4585798607678,16.3890618145943,18.3796413467888,1,1,1,1,1,1,1,1,0.935483870967742,0.903225806451613,0.903225806451613,0.903225806451613,0.870967741935484,0.870967741935484,0.838709677419355,0.838709677419355,0,0,0,0,0,0,0,0,2444,0.48804,-0.614646583319765
"445",149,149,1,1.11043355824963,8.7517190326884,9.84779513431858,10.6512713944046,11.9176494266585,13.0766332974454,15.4663293333198,16.3968114490305,18.3873913275439,1,1,1,1,1,1,1,1,0.935483870967742,0.903225806451613,0.903225806451613,0.903225806451613,0.870967741935484,0.870967741935484,0.838709677419355,0.838709677419355,0,0,0,0,0,0,0,0,2445,0.420265,-0.690168558249633
"446",149,149,2,1.09286929120156,8.73415476564033,9.8302308672705,10.6337071273566,11.9000851596104,13.0590690303973,15.4487650662718,16.3792471819824,18.3698270604958,1,1,1,1,1,1,1,1,0.935483870967742,0.903225806451613,0.903225806451613,0.903225806451613,0.870967741935484,0.870967741935484,0.838709677419355,0.838709677419355,0,0,0,0,0,0,0,0,2446,0.423521,-0.669348291201561
"447",149,149,3,1.09371310165539,8.73499857609416,9.83107467772434,10.6345509378104,11.9009289700642,13.0599128408512,15.4496088767256,16.3800909924363,18.3706708709496,1,1,1,1,1,1,1,1,0.935483870967742,0.903225806451613,0.903225806451613,0.903225806451613,0.870967741935484,0.870967741935484,0.838709677419355,0.838709677419355,0,0,0,0,0,0,0,0,2447,0.424376,-0.669337101655394
"448",150,150,1,1.09392521485098,8.73521404830153,9.83129063175281,10.6347672450368,11.9011458339743,13.0601302142358,15.4498273005901,16.3803098253289,18.3708905788758,1,1,1,1,1,1,1,1,0.935483870967742,0.903225806451613,0.903225806451613,0.903225806451613,0.870967741935484,0.870967741935484,0.838709677419355,0.838709677419355,0,0,0,0,0,0,0,0,2448,0.395336,-0.698589214850983
"449",150,150,2,1.08639943321217,8.72768826666272,9.82376485011399,10.627241463398,11.8936200523355,13.052604432597,15.4423015189513,16.3727840436901,18.363364797237,1,1,1,1,1,1,1,1,0.935483870967742,0.903225806451613,0.903225806451613,0.903225806451613,0.870967741935484,0.870967741935484,0.838709677419355,0.838709677419355,0,0,0,0,0,0,0,0,2449,0.401886,-0.684513433212167
"450",150,150,3,1.08809688051707,8.72938571396761,9.82546229741889,10.6289389107029,11.8953174996404,13.0543018799019,15.4439989662562,16.374481490995,18.3650622445419,1,1,1,1,1,1,1,1,0.935483870967742,0.903225806451613,0.903225806451613,0.903225806451613,0.870967741935484,0.870967741935484,0.838709677419355,0.838709677419355,0,0,0,0,0,0,0,0,2450,0.450203,-0.637893880517066
"451",151,151,1,1.09996714292719,8.74125113267346,9.83732702133738,10.640803125309,11.9071809115071,13.0661645571049,15.4558601286643,16.3863420635834,18.3769215553295,1,1,1,1,1,1,1,1,0.935483870967742,0.903225806451613,0.903225806451613,0.903225806451613,0.870967741935484,0.870967741935484,0.838709677419355,0.838709677419355,0,0,0,0,0,0,0,0,2451,0.412121,-0.687846142927194
"452",151,151,2,1.09009567226205,8.73137966200832,9.82745555067224,10.6309316546438,11.897309440842,13.0562930864397,15.4459886579991,16.3764705929183,18.3670500846643,1,1,1,1,1,1,1,1,0.935483870967742,0.903225806451613,0.903225806451613,0.903225806451613,0.870967741935484,0.870967741935484,0.838709677419355,0.838709677419355,0,0,0,0,0,0,0,0,2452,0.42617,-0.663925672262047
"453",151,151,3,1.09373740041116,8.73502139015743,9.83109727882135,10.6345733827929,11.9009511689911,13.0599348145889,15.4496303861482,16.3801123210674,18.3706918128135,1,1,1,1,1,1,1,1,0.935483870967742,0.903225806451613,0.903225806451613,0.903225806451613,0.870967741935484,0.870967741935484,0.838709677419355,0.838709677419355,0,0,0,0,0,0,0,0,2453,0.432387,-0.661350400411164
"454",152,152,1,1.09470811098967,8.73602306458583,9.83210339474535,10.6355827545459,11.9019656723334,13.0609540143402,15.4506592693736,16.3811449747721,18.3717325327024,1,1,1,1,1,1,1,1,0.935483870967742,0.903225806451613,0.903225806451613,0.903225806451613,0.870967741935484,0.870967741935484,0.838709677419355,0.838709677419355,0,0,0,0,0,0,0,0,2454,0.373773,-0.720935110989673
"455",152,152,2,1.07951073624368,8.72082568983983,9.81690601999936,10.6203853797999,11.8867682975874,13.0457566395942,15.4354618946276,16.3659476000261,18.3565351579564,1,1,1,1,1,1,1,1,0.935483870967742,0.903225806451613,0.903225806451613,0.903225806451613,0.870967741935484,0.870967741935484,0.838709677419355,0.838709677419355,0,0,0,0,0,0,0,0,2455,0.396874,-0.682636736243677
"456",152,152,3,1.08550033862548,8.72681529222164,9.82289562238117,10.6263749821817,11.8927578999692,13.0517462419761,15.4414514970094,16.3719372024079,18.3625247603382,1,1,1,1,1,1,1,1,0.935483870967742,0.903225806451613,0.903225806451613,0.903225806451613,0.870967741935484,0.870967741935484,0.838709677419355,0.838709677419355,0,0,0,0,0,0,0,0,2456,0.409934,-0.675566338625484
"457",153,153,1,1.08886130424424,8.73018642494862,9.82626821349161,10.629748642357,11.8961332451231,13.0551231292154,15.4448315638575,16.3753185073084,18.3659087138037,1,1,1,1,1,1,1,1,0.935483870967742,0.903225806451613,0.903225806451613,0.903225806451613,0.870967741935484,0.870967741935484,0.838709677419355,0.838709677419355,0,0,0,0,0,0,0,0,2457,0.401641,-0.687220304244242
"458",153,153,2,1.08671117738392,8.7280362980883,9.82411808663129,10.6275985154967,11.8939831182628,13.052973002355,15.4426814369972,16.3731683804481,18.3637585869434,1,1,1,1,1,1,1,1,0.935483870967742,0.903225806451613,0.903225806451613,0.903225806451613,0.870967741935484,0.870967741935484,0.838709677419355,0.838709677419355,0,0,0,0,0,0,0,0,2458,0.422843,-0.663868177383918
"459",153,153,3,1.09220822184221,8.73353334254659,9.82961513108958,10.633095559955,11.8994801627211,13.0584700468133,15.4481784814555,16.3786654249064,18.3692556314017,1,1,1,1,1,1,1,1,0.935483870967742,0.903225806451613,0.903225806451613,0.903225806451613,0.870967741935484,0.870967741935484,0.838709677419355,0.838709677419355,0,0,0,0,0,0,0,0,2459,0.803386,-0.288822221842207
"460",154,154,1,1.19147976715095,8.83277519837148,9.92885272821561,10.7323300352509,11.9987097176263,13.1576950985975,15.5473942483043,16.4778775764559,18.4684600487435,1,1,1,1,1,1,1,1,0.935483870967742,0.903225806451613,0.903225806451613,0.903225806451613,0.870967741935484,0.870967741935484,0.838709677419355,0.838709677419355,0,0,0,0,0,0,0,0,2460,0.420715,-0.770764767150948
"461",154,154,2,1.0922897183948,8.73358514961533,9.82966267945946,10.6331399864947,11.8995196688701,13.0585050498414,15.4482041995481,16.3786875276998,18.3692699999873,1,1,1,1,1,1,1,1,0.935483870967742,0.903225806451613,0.903225806451613,0.903225806451613,0.870967741935484,0.870967741935484,0.838709677419355,0.838709677419355,0,0,0,0,0,0,0,0,2461,0.414375,-0.677914718394799
"462",154,154,3,1.0906463618062,8.73194179302674,9.82801932287087,10.6314966299061,11.8978763122815,13.0568616932528,15.4465608429595,16.3770441711112,18.3676266433987,1,1,1,1,1,1,1,1,0.935483870967742,0.903225806451613,0.903225806451613,0.903225806451613,0.870967741935484,0.870967741935484,0.838709677419355,0.838709677419355,0,0,0,0,0,0,0,0,2462,0.390102,-0.700544361806205
"463",155,155,1,1.08436341837058,8.72564978301699,9.82172601233973,10.6252023660305,11.8915805458171,13.0505645516253,15.4402608658987,16.3707430900103,18.3613232004256,1,1,1,1,1,1,1,1,0.935483870967742,0.903225806451613,0.903225806451613,0.903225806451613,0.870967741935484,0.870967741935484,0.838709677419355,0.838709677419355,0,0,0,0,0,0,0,0,2463,0.666611,-0.417752418370576
"464",155,155,2,1.15603665111711,8.79732301576352,9.89339924508626,10.6968755987771,11.9632537785636,13.1222377843719,15.5119340986452,16.4424163227568,18.4329964331721,1,1,1,1,1,1,1,1,0.935483870967742,0.903225806451613,0.903225806451613,0.903225806451613,0.870967741935484,0.870967741935484,0.838709677419355,0.838709677419355,0,0,0,0,0,0,0,0,2464,0.410198,-0.745838651117112
"465",155,155,3,1.08957245418957,8.73085881883598,9.82693504815872,10.6304114018495,11.8967895816361,13.0557735874443,15.4454699017177,16.3759521258293,18.3665322362446,1,1,1,1,1,1,1,1,0.935483870967742,0.903225806451613,0.903225806451613,0.903225806451613,0.870967741935484,0.870967741935484,0.838709677419355,0.838709677419355,0,0,0,0,0,0,0,0,2465,0.469286,-0.620286454189571
"466",156,156,1,1.10424374007199,8.74555973206855,9.84164021117761,10.6451196801653,11.9115027700452,13.0704912695504,15.4601968493277,16.3906826811725,18.3812705096096,1,1,1,1,1,1,1,1,0.935483870967742,0.903225806451613,0.903225806451613,0.903225806451613,0.870967741935484,0.870967741935484,0.838709677419355,0.838709677419355,0,0,0,0,0,0,0,0,2466,0.409543,-0.694700740071993
"467",156,156,2,1.08875426128727,8.73007025328383,9.82615073239288,10.6296302013805,11.8960132912605,13.0550017907656,15.444707370543,16.3751932023878,18.3657810308248,1,1,1,1,1,1,1,1,0.935483870967742,0.903225806451613,0.903225806451613,0.903225806451613,0.870967741935484,0.870967741935484,0.838709677419355,0.838709677419355,0,0,0,0,0,0,0,0,2467,0.566555,-0.522199261287266
"468",156,156,3,1.12946252908345,8.77077852108001,9.86685900018907,10.6703384691767,11.9367215590567,13.0957100585618,15.4854156383392,16.415901470184,18.406489298621,1,1,1,1,1,1,1,1,0.935483870967742,0.903225806451613,0.903225806451613,0.903225806451613,0.870967741935484,0.870967741935484,0.838709677419355,0.838709677419355,0,0,0,0,0,0,0,0,2468,0.47659,-0.652872529083452
"469",157,157,1,1.10681078273871,8.74811345763659,9.84419202652338,10.6476700952267,11.9140509780851,13.0730374577334,15.4627388727903,16.3932230830072,18.3838074422964,1,1,1,1,1,1,1,1,0.935483870967742,0.903225806451613,0.903225806451613,0.903225806451613,0.870967741935484,0.870967741935484,0.838709677419355,0.838709677419355,0,0,0,0,0,0,0,0,2469,0.429002,-0.677808782738713
"470",157,157,2,1.09448588797664,8.73578856287452,9.83186713176132,10.6353452004646,11.901726083323,13.0607125629714,15.4504139780283,16.3808981882451,18.3714825475344,1,1,1,1,1,1,1,1,0.935483870967742,0.903225806451613,0.903225806451613,0.903225806451613,0.870967741935484,0.870967741935484,0.838709677419355,0.838709677419355,0,0,0,0,0,0,0,0,2470,0.903779,-0.190706887976644
"471",157,157,3,1.21744916780455,8.85875184270243,9.95483041158923,10.7583084802925,12.024689363151,13.1836758427993,15.5733772578562,16.503861468073,18.4944458273623,1,1,1,1,1,1,1,1,0.935483870967742,0.903225806451613,0.903225806451613,0.903225806451613,0.870967741935484,0.870967741935484,0.838709677419355,0.838709677419355,0,0,0,0,0,0,0,0,2471,0.411951,-0.805498167804554
"472",158,158,1,1.08966045771918,8.73094368464597,9.82701946389005,10.6304954876517,11.8968731474289,13.0558566773269,15.445552010326,16.3760338523564,18.3666131453855,1,1,1,1,1,1,1,1,0.935483870967742,0.903225806451613,0.903225806451613,0.903225806451613,0.870967741935484,0.870967741935484,0.838709677419355,0.838709677419355,0,0,0,0,0,0,0,0,2472,0.412815,-0.676845457719184
"473",158,158,2,1.08988427885611,8.73116750578289,9.82724328502697,10.6307193087886,11.8970969685659,13.0560804984638,15.445775831463,16.3762576734933,18.3668369665224,1,1,1,1,1,1,1,1,0.935483870967742,0.903225806451613,0.903225806451613,0.903225806451613,0.870967741935484,0.870967741935484,0.838709677419355,0.838709677419355,0,0,0,0,0,0,0,0,2473,0.407989,-0.681895278856105
"474",158,158,3,1.08863409273715,8.72991731966393,9.82599309890801,10.6294691226696,11.8958467824469,13.0548303123448,15.444525645344,16.3750074873743,18.3655867804035,1,1,1,1,1,1,1,1,0.935483870967742,0.903225806451613,0.903225806451613,0.903225806451613,0.870967741935484,0.870967741935484,0.838709677419355,0.838709677419355,0,0,0,0,0,0,0,0,2474,0.449459,-0.639175092737147
"475",159,159,1,1.09983096127789,8.74112052852937,9.83719721723802,10.6406739076807,11.9070526182299,13.0660371097898,15.4557344256293,16.3862170397233,18.3767979844277,1,1,1,1,1,1,1,1,0.935483870967742,0.903225806451613,0.903225806451613,0.903225806451613,0.870967741935484,0.870967741935484,0.838709677419355,0.838709677419355,0,0,0,0,0,0,0,0,2475,0.436523,-0.663307961277888
"476",159,159,2,1.09648044103718,8.73777000828866,9.83384669699731,10.63732338744,11.9037020979891,13.0626865895491,15.4523839053886,16.3828665194826,18.373447464187,1,1,1,1,1,1,1,1,0.935483870967742,0.903225806451613,0.903225806451613,0.903225806451613,0.870967741935484,0.870967741935484,0.838709677419355,0.838709677419355,0,0,0,0,0,0,0,0,2476,0.412282,-0.684198441037177
"477",159,159,3,1.09020184169,8.73149140894148,9.82756809765013,10.6310447880928,11.897423498642,13.0564079902019,15.4461053060414,16.3765879201354,18.3671688648398,1,1,1,1,1,1,1,1,0.935483870967742,0.903225806451613,0.903225806451613,0.903225806451613,0.870967741935484,0.870967741935484,0.838709677419355,0.838709677419355,0,0,0,0,0,0,0,0,2477,0.398111,-0.692090841690001
"478",160,160,1,1.08704488388569,8.72838727102218,9.82447153628504,10.6279537807047,11.894341245009,13.053333747969,15.4430475824257,16.3735366284163,18.3641313328737,0,0,0,0,1,1,1,1,0,0,0,0,1,1,0.962962962962963,0.962962962962963,0,0,0,0,0,0,0,0,2478,13.992379,12.9053341161143
"479",160,160,2,4.61036588281084,12.2517082699473,13.3477925352102,14.1512747796299,15.4176622439342,16.5766547468942,18.9663685813509,19.8968576273415,21.8874523317989,1,1,1,1,1,1,1,1,0.933333333333333,0.9,0.9,0.9,0.866666666666667,0.833333333333333,0.833333333333333,0.8,1,1,1,1,0,0,0,0,2479,5.126991,0.516625117189164
"480",160,160,3,2.31266160744868,9.95400399458517,11.050088259848,11.8535705042677,13.119957968572,14.278950471532,16.6686643059887,17.5991533519793,19.5897480564367,1,1,1,1,1,1,1,1,0.903225806451613,0.903225806451613,0.903225806451613,0.870967741935484,0.870967741935484,0.838709677419355,0.838709677419355,0.806451612903226,1,1,1,1,0,0,0,0,2480,0.636905,-1.67575660744868
"481",161,161,1,1.15565560540162,8.81188659575808,9.91010650197176,10.7151542734579,11.9840092021845,13.1452599182486,15.5396299373503,16.4719319739785,18.46640520831,1,1,1,1,1,1,1,1,0.935483870967742,0.903225806451613,0.903225806451613,0.903225806451613,0.870967741935484,0.870967741935484,0.838709677419355,0.838709677419355,0,0,0,0,0,0,0,0,2481,0.404979,-0.750676605401621
"482",161,161,2,1.09562739467483,8.75185838503129,9.85007829124497,10.6551260627311,11.9239809914577,13.0852317075218,15.4796017266236,16.4119037632517,18.4063769975832,1,1,1,1,1,1,1,1,0.935483870967742,0.903225806451613,0.903225806451613,0.903225806451613,0.870967741935484,0.870967741935484,0.838709677419355,0.838709677419355,0,0,0,0,0,0,0,0,2482,0.474474,-0.62115339467483
"483",161,161,3,1.1136144271958,8.76984541755226,9.86806532376593,10.6731130952521,11.9419680239787,13.1032187400428,15.4975887591445,16.4298907957727,18.4243640301042,1,1,1,1,1,1,1,1,0.935483870967742,0.903225806451613,0.903225806451613,0.903225806451613,0.870967741935484,0.870967741935484,0.838709677419355,0.838709677419355,0,0,0,0,0,0,0,0,2483,0.45686,-0.656754427195799
"484",162,162,1,1.1090299376925,8.76527265489799,9.86349424322641,10.6685432477832,11.9374001199818,13.0986526147032,15.493026301199,16.4253297658099,18.4198060550239,1,1,1,1,1,1,1,1,0.935483870967742,0.903225806451613,0.903225806451613,0.903225806451613,0.870967741935484,0.870967741935484,0.838709677419355,0.838709677419355,0,0,0,0,0,0,0,0,2484,0.433014,-0.676015937692499
"485",162,162,2,1.10285820739781,8.7591009246033,9.85732251293172,10.6623715174885,11.9312283896871,13.0924808844086,15.4868545709043,16.4191580355152,18.4136343247292,1,1,1,1,1,1,1,1,0.935483870967742,0.903225806451613,0.903225806451613,0.903225806451613,0.870967741935484,0.870967741935484,0.838709677419355,0.838709677419355,0,0,0,0,0,0,0,0,2485,0.432894,-0.669964207397814
"486",162,162,3,1.10282714945789,8.75906986666338,9.8572914549918,10.6623404595486,11.9311973317472,13.0924498264686,15.4868235129644,16.4191269775752,18.4136032667893,1,1,1,1,1,1,1,1,0.935483870967742,0.903225806451613,0.903225806451613,0.903225806451613,0.870967741935484,0.870967741935484,0.838709677419355,0.838709677419355,0,0,0,0,0,0,0,0,2486,0.851575,-0.251252149457893
"487",163,163,1,1.21101637319795,8.86722058120118,9.96543664571866,10.7704816010576,12.0393320911876,13.2005787450667,15.594940388394,16.5272391637252,18.521705421166,1,1,1,1,1,1,1,1,0.935483870967742,0.903225806451613,0.903225806451613,0.903225806451613,0.870967741935484,0.870967741935484,0.838709677419355,0.838709677419355,0,0,0,0,0,0,0,0,2487,0.429115,-0.781901373197951
"488",163,163,2,1.10169393927725,8.75789814728049,9.85611421179797,10.6611591671369,11.9300096572669,13.091256311146,15.4856179544733,16.4179167298045,18.4123829872453,1,1,1,1,1,1,1,1,0.935483870967742,0.903225806451613,0.903225806451613,0.903225806451613,0.870967741935484,0.870967741935484,0.838709677419355,0.838709677419355,0,0,0,0,0,0,0,0,2488,0.827951,-0.273742939277254
"489",163,163,3,1.20490305317016,8.86110726117339,9.95932332569087,10.7643682810298,12.0332187711598,13.1944654250389,15.5888270683662,16.5211258436974,18.5155921011382,1,1,1,1,1,1,1,1,0.935483870967742,0.903225806451613,0.903225806451613,0.903225806451613,0.870967741935484,0.870967741935484,0.838709677419355,0.838709677419355,0,0,0,0,0,0,0,0,2489,0.420397,-0.784506053170155
"490",164,164,1,1.09967300165783,8.75590029173439,9.85411966717502,10.6591670495791,11.9280213650642,13.0892715198923,15.4836403817877,16.4159419678314,18.4104142382279,1,1,1,1,1,1,1,1,0.935483870967742,0.903225806451613,0.903225806451613,0.903225806451613,0.870967741935484,0.870967741935484,0.838709677419355,0.838709677419355,0,0,0,0,0,0,0,0,2490,0.727895,-0.371778001657833
"491",164,164,2,1.17926688502089,8.83549417509745,9.93371355053807,10.7387609329422,12.0076152484273,13.1688654032554,15.5632342651507,16.4955358511945,18.4900081215909,1,1,1,1,1,1,1,1,0.935483870967742,0.903225806451613,0.903225806451613,0.903225806451613,0.870967741935484,0.870967741935484,0.838709677419355,0.838709677419355,0,0,0,0,0,0,0,0,2491,0.408126,-0.771140885020891
"492",164,164,3,1.09649673207966,8.75272402215622,9.85094339759685,10.655990780001,11.9248450954861,13.0860952503141,15.4804641122095,16.4127656982533,18.4072379686497,1,1,1,1,1,1,1,1,0.935483870967742,0.903225806451613,0.903225806451613,0.903225806451613,0.870967741935484,0.870967741935484,0.838709677419355,0.838709677419355,0,0,0,0,0,0,0,0,2492,0.434044,-0.662452732079663
"493",165,165,1,1.10264607695145,8.75885889305862,9.85707619233392,10.6621220528095,11.9309739695467,13.0922219290509,15.486586264432,16.4188860879752,18.4133545878553,1,1,1,1,1,1,1,1,0.935483870967742,0.903225806451613,0.903225806451613,0.903225806451613,0.870967741935484,0.870967741935484,0.838709677419355,0.838709677419355,0,0,0,0,0,0,0,0,2493,0.420505,-0.682141076951453
"494",165,165,2,1.09914282153279,8.75535563763996,9.85357293691526,10.6586187973908,11.9274707141281,13.0887186736322,15.4830830090133,16.4153828325566,18.4098513324366,1,1,1,1,1,1,1,1,0.935483870967742,0.903225806451613,0.903225806451613,0.903225806451613,0.870967741935484,0.870967741935484,0.838709677419355,0.838709677419355,0,0,0,0,0,0,0,0,2494,0.416231,-0.682911821532791
"495",165,165,3,1.098036911668,8.75424972777517,9.85246702705047,10.657512887526,11.9263648042633,13.0876127637674,15.4819770991486,16.4142769226918,18.4087454225718,1,1,1,1,1,1,1,1,0.935483870967742,0.903225806451613,0.903225806451613,0.903225806451613,0.870967741935484,0.870967741935484,0.838709677419355,0.838709677419355,0,0,0,0,0,0,0,0,2495,0.443529,-0.654507911668003
"496",166,166,1,1.10506738000637,8.76129084046076,9.85950966657532,10.6645566462971,11.9334103271051,13.0946599010793,15.4890275653184,16.4213286850277,18.415799957795,1,1,1,1,1,1,1,1,0.935483870967742,0.903225806451613,0.903225806451613,0.903225806451613,0.870967741935484,0.870967741935484,0.838709677419355,0.838709677419355,0,0,0,0,0,0,0,0,2496,0.437798,-0.667269380006373
"497",166,166,2,1.10358453185847,8.75980799231285,9.85802681842741,10.6630737981492,11.9319274789572,13.0931770529314,15.4875447171705,16.4198458368798,18.4143171096471,1,1,1,1,1,1,1,1,0.935483870967742,0.903225806451613,0.903225806451613,0.903225806451613,0.870967741935484,0.870967741935484,0.838709677419355,0.838709677419355,0,0,0,0,0,0,0,0,2497,0.622336,-0.481248531858468
"498",166,166,3,1.15133219047267,8.80755565092706,9.90577447704161,10.7108214567634,11.9796751375714,13.1409247115456,15.5352923757847,16.467593495494,18.4620647682613,1,1,1,1,1,1,1,1,0.935483870967742,0.903225806451613,0.903225806451613,0.903225806451613,0.870967741935484,0.870967741935484,0.838709677419355,0.838709677419355,0,0,0,0,0,0,0,0,2498,0.410432,-0.740900190472672
"499",167,167,1,1.09642601304813,8.75259985898542,9.85081156832798,10.6558533311152,11.9246987893885,13.0859408381334,15.4802929861855,16.4125880643169,18.4070464123401,1,1,1,1,1,1,1,1,0.935483870967742,0.903225806451613,0.903225806451613,0.903225806451613,0.870967741935484,0.870967741935484,0.838709677419355,0.838709677419355,0,0,0,0,0,0,0,0,2499,0.445415,-0.651011013048134
"500",167,167,2,1.10548252018513,8.76165636612241,9.85986807546497,10.6649098382522,11.9337552965255,13.0949973452704,15.4893494933225,16.4216445714539,18.4161029194771,1,1,1,1,1,1,1,1,0.935483870967742,0.903225806451613,0.903225806451613,0.903225806451613,0.870967741935484,0.870967741935484,0.838709677419355,0.838709677419355,0,0,0,0,0,0,0,0,2500,0.453214,-0.652268520185125
"501",167,167,3,1.10750154940393,8.76367539534121,9.86188710468377,10.666928867471,11.9357743257443,13.0970163744892,15.4913685225413,16.4236636006727,18.4181219486959,1,1,1,1,1,1,1,1,0.935483870967742,0.903225806451613,0.903225806451613,0.903225806451613,0.870967741935484,0.870967741935484,0.838709677419355,0.838709677419355,0,0,0,0,0,0,0,0,2501,0.405351,-0.702150549403929
"502",168,168,1,1.09451781325764,8.75068009013329,9.84889013999433,10.6539306863021,11.9227742272533,13.0840145212731,15.4783630512768,16.4106567206394,18.4051120548842,1,1,1,1,1,1,1,1,0.935483870967742,0.903225806451613,0.903225806451613,0.903225806451613,0.870967741935484,0.870967741935484,0.838709677419355,0.838709677419355,0,0,0,0,0,0,0,0,2502,0.409598,-0.684919813257639
"503",168,168,2,1.09561692104423,8.75177919791988,9.84998924778092,10.6550297940887,11.9238733350399,13.0851136290597,15.4794621590634,16.411755828426,18.4062111626708,1,1,1,1,1,1,1,1,0.935483870967742,0.903225806451613,0.903225806451613,0.903225806451613,0.870967741935484,0.870967741935484,0.838709677419355,0.838709677419355,0,0,0,0,0,0,0,0,2503,0.45348,-0.642136921044227
"504",168,168,3,1.10697341925262,8.76313569612827,9.86134574598932,10.6663862922971,11.9352298332483,13.0964701272681,15.4908186572718,16.4231123266344,18.4175676608792,1,1,1,1,1,1,1,1,0.935483870967742,0.903225806451613,0.903225806451613,0.903225806451613,0.870967741935484,0.870967741935484,0.838709677419355,0.838709677419355,0,0,0,0,0,0,0,0,2504,0.500402,-0.606571419252624
"505",169,169,1,1.11909344934907,8.77526271009499,9.87347376173163,10.6785150423889,11.9473597407658,13.1086010940567,15.5029518081598,16.4352463279508,18.4297034815166,1,1,1,1,1,1,1,1,0.935483870967742,0.903225806451613,0.903225806451613,0.903225806451613,0.870967741935484,0.870967741935484,0.838709677419355,0.838709677419355,0,0,0,0,0,0,0,0,2505,0.418666,-0.700427449349075
"506",169,169,2,1.09794111221061,8.75411037295653,9.85232142459316,10.6573627052504,11.9262074036273,13.0874487569182,15.4817994710213,16.4140939908123,18.4085511443782,1,1,1,1,1,1,1,1,0.935483870967742,0.903225806451613,0.903225806451613,0.903225806451613,0.870967741935484,0.870967741935484,0.838709677419355,0.838709677419355,0,0,0,0,0,0,0,0,2506,0.429042,-0.668899112210606
"507",169,169,3,1.100626301725,8.75679556247092,9.85500661410756,10.6600478947648,11.9288925931417,13.0901339464326,15.4844846605357,16.4167791803267,18.4112363338925,1,1,1,1,1,1,1,1,0.935483870967742,0.903225806451613,0.903225806451613,0.903225806451613,0.870967741935484,0.870967741935484,0.838709677419355,0.838709677419355,0,0,0,0,0,0,0,0,2507,0.449323,-0.651303301725003
"508",170,170,1,1.07703755042211,8.53781137122472,9.60799464235168,10.39249021799,11.6289523423125,12.7605572994659,15.093801055869,16.0023022017615,17.945858203629,1,1,1,1,1,1,1,1,0.935483870967742,0.903225806451613,0.903225806451613,0.903225806451613,0.870967741935484,0.870967741935484,0.838709677419355,0.838709677419355,0,0,0,0,0,0,0,0,2508,0.399879,-0.677158550422107
"509",170,170,2,1.0635718452773,8.52434566607991,9.59452893720687,10.3790245128452,11.6154866371676,12.7470915943211,15.0803353507242,15.9888364966167,17.9323924984842,1,1,1,1,1,1,1,1,0.935483870967742,0.903225806451613,0.903225806451613,0.903225806451613,0.870967741935484,0.870967741935484,0.838709677419355,0.838709677419355,0,0,0,0,0,0,0,0,2509,0.43198,-0.631591845277297
"510",170,170,3,1.07231431354147,8.53308813434408,9.60327140547104,10.3877669811093,11.6242291054318,12.7558340625853,15.0890778189883,15.9975789648808,17.9411349667484,1,1,1,1,1,1,1,1,0.935483870967742,0.903225806451613,0.903225806451613,0.903225806451613,0.870967741935484,0.870967741935484,0.838709677419355,0.838709677419355,0,0,0,0,0,0,0,0,2510,2.757683,1.68536868645853
"511",171,171,1,1.70766072850381,9.16869503615367,10.2389156718587,11.0234386375217,12.2599439319132,13.391588398133,15.7249136178433,16.633446483314,18.577070342858,1,1,1,1,1,1,1,1,0.935483870967742,0.903225806451613,0.903225806451613,0.903225806451613,0.870967741935484,0.838709677419355,0.838709677419355,0.838709677419355,0,0,0,0,0,0,0,0,2511,0.439244,-1.26841672850381
"512",171,171,2,1.07653461251798,8.53756892016784,9.60778955587292,10.3923125215359,11.6288178159274,12.7604622821471,15.0937875018574,16.0023203673282,17.9459442268721,1,1,1,1,1,1,1,1,0.935483870967742,0.903225806451613,0.903225806451613,0.903225806451613,0.870967741935484,0.870967741935484,0.838709677419355,0.838709677419355,0,0,0,0,0,0,0,0,2512,0.424496,-0.65203861251798
"513",171,171,3,1.07251990781427,8.53355421546413,9.60377485116921,10.3882978168322,11.6248031112237,12.7564475774434,15.0897727971537,15.9983056626245,17.9419295221684,1,1,1,1,1,1,1,1,0.935483870967742,0.903225806451613,0.903225806451613,0.903225806451613,0.870967741935484,0.870967741935484,0.838709677419355,0.838709677419355,0,0,0,0,0,0,0,0,2513,0.454222,-0.618297907814272
"514",172,172,1,1.07879566032913,8.53996561098775,9.61020570350553,10.3947429319438,11.6312707062343,12.7629357459636,15.0963033859658,16.0048527687352,17.9485119637269,1,1,1,1,1,1,1,1,0.935483870967742,0.903225806451613,0.903225806451613,0.903225806451613,0.870967741935484,0.870967741935484,0.838709677419355,0.838709677419355,0,0,0,0,0,0,0,0,2514,0.630876,-0.447919660329133
"515",172,172,2,1.12690549309535,8.58807544375397,9.65831553627175,10.44285276471,11.6793805390006,12.8110455787298,15.144413218732,16.0529626015014,17.9966217964931,1,1,1,1,1,1,1,1,0.935483870967742,0.903225806451613,0.903225806451613,0.903225806451613,0.870967741935484,0.870967741935484,0.838709677419355,0.838709677419355,0,0,0,0,0,0,0,0,2515,0.43679,-0.690115493095347
"516",172,172,3,1.07404824105314,8.53521819171176,9.60545828422954,10.3899955126678,11.6265232869584,12.7581883266876,15.0915559666898,16.0001053494592,17.9437645444509,1,1,1,1,1,1,1,1,0.935483870967742,0.903225806451613,0.903225806451613,0.903225806451613,0.870967741935484,0.870967741935484,0.838709677419355,0.838709677419355,0,0,0,0,0,0,0,0,2516,0.494967,-0.579081241053144
"517",173,173,1,1.09068028889481,8.55180094646431,9.62203396831615,10.4065660136177,11.6430856186434,12.7747431818957,15.1080954062325,16.0166387865644,17.9602851405451,1,1,1,1,1,1,1,1,0.935483870967742,0.903225806451613,0.903225806451613,0.903225806451613,0.870967741935484,0.870967741935484,0.838709677419355,0.838709677419355,0,0,0,0,0,0,0,0,2517,0.407235,-0.683445288894813
"518",173,173,2,1.06680645113015,8.52792710869965,9.59816013055149,10.3826921758531,11.6192117808787,12.750869344131,15.0842215684679,15.9927649487998,17.9364113027804,1,1,1,1,1,1,1,1,0.935483870967742,0.903225806451613,0.903225806451613,0.903225806451613,0.870967741935484,0.870967741935484,0.838709677419355,0.838709677419355,0,0,0,0,0,0,0,0,2518,0.425755,-0.641051451130154
"519",173,173,3,1.07184615700032,8.53296681456982,9.60319983642166,10.3877318817232,11.6242514867489,12.7559090500012,15.089261274338,15.99780465467,17.9414510086506,1,1,1,1,1,1,1,1,0.935483870967742,0.903225806451613,0.903225806451613,0.903225806451613,0.870967741935484,0.870967741935484,0.838709677419355,0.838709677419355,0,0,0,0,0,0,0,0,2519,0.429605,-0.642241157000321
"520",174,174,1,1.07324706083055,8.5344206111457,9.60466122000298,10.3891988269428,11.6257271977987,12.7573927835021,15.0907615492422,15.999311370343,17.942971503057,1,1,1,1,1,1,1,1,0.935483870967742,0.903225806451613,0.903225806451613,0.903225806451613,0.870967741935484,0.870967741935484,0.838709677419355,0.838709677419355,0,0,0,0,0,0,0,0,2520,0.494107,-0.579140060830553
"521",174,174,2,1.09080528936595,8.5519788396811,9.62221944853837,10.4067570554782,11.6432854263341,12.7749510120374,15.1083197777776,16.0168695988784,17.9605297315924,1,1,1,1,1,1,1,1,0.935483870967742,0.903225806451613,0.903225806451613,0.903225806451613,0.870967741935484,0.870967741935484,0.838709677419355,0.838709677419355,0,0,0,0,0,0,0,0,2521,0.6332,-0.45760528936595
"522",174,174,3,1.12866809488631,8.58984164520145,9.66008225405873,10.4446198609986,11.6811482318544,12.8128138175578,15.1461825832979,16.0547324043988,17.9983925371128,1,1,1,1,1,1,1,1,0.935483870967742,0.903225806451613,0.903225806451613,0.903225806451613,0.870967741935484,0.870967741935484,0.838709677419355,0.838709677419355,0,0,0,0,0,0,0,0,2522,0.465397,-0.663271094886306
"523",175,175,1,1.08177297486335,8.5429248980516,9.61316240468517,10.3976977375465,11.6342225241732,12.765884829605,15.0992468317895,16.0077940193472,17.9514485181239,1,1,1,1,1,1,1,1,0.935483870967742,0.903225806451613,0.903225806451613,0.903225806451613,0.870967741935484,0.870967741935484,0.838709677419355,0.838709677419355,0,0,0,0,0,0,0,0,2523,0.424569,-0.657203974863349
"524",175,175,2,1.07065487659948,8.53180679978773,9.60204430642131,10.3865796392826,11.6231044259093,12.7547667313412,15.0881287335257,15.9966759210834,17.94033041986,1,1,1,1,1,1,1,1,0.935483870967742,0.903225806451613,0.903225806451613,0.903225806451613,0.870967741935484,0.870967741935484,0.838709677419355,0.838709677419355,0,0,0,0,0,0,0,0,2524,0.48562,-0.585034876599483
"525",175,175,3,1.08728001172996,8.54843193491821,9.61866944155179,10.4032047744131,11.6397295610398,12.7713918664716,15.1047538686561,16.0133010562139,17.9569555549905,1,1,1,1,1,1,1,1,0.935483870967742,0.903225806451613,0.903225806451613,0.903225806451613,0.870967741935484,0.870967741935484,0.838709677419355,0.838709677419355,0,0,0,0,0,0,0,0,2525,0.421046,-0.666234011729964
"526",176,176,1,1.07088217055921,8.53205741802022,9.60229827031834,10.386836055712,11.6233647078331,12.7550305509493,15.088399847446,15.9969498752089,17.940610450035,1,1,1,1,1,1,1,1,0.935483870967742,0.903225806451613,0.903225806451613,0.903225806451613,0.870967741935484,0.870967741935484,0.838709677419355,0.838709677419355,0,0,0,0,0,0,0,0,2526,0.612155,-0.458727170559215
"527",176,176,2,1.12290190299714,8.58407715045814,9.65431800275627,10.4388557881499,11.675384440271,12.8070502833872,15.1404195798839,16.0489696076469,17.9926301824729,1,1,1,1,1,1,1,1,0.935483870967742,0.903225806451613,0.903225806451613,0.903225806451613,0.870967741935484,0.870967741935484,0.838709677419355,0.838709677419355,0,0,0,0,0,0,0,0,2527,0.400504,-0.72239790299714
"528",176,176,3,1.06529065292404,8.52646590038505,9.59670675268317,10.3812445380768,11.6177731901979,12.7494390333141,15.0828083298108,15.9913583575738,17.9350189323998,1,1,1,1,1,1,1,1,0.935483870967742,0.903225806451613,0.903225806451613,0.903225806451613,0.870967741935484,0.870967741935484,0.838709677419355,0.838709677419355,0,0,0,0,0,0,0,0,2528,0.479813,-0.585477652924044
"529",177,177,1,1.0868037643975,8.54795758506799,9.61819536387893,10.4027308962593,11.6392559973527,12.7709185905831,15.1042811861764,16.0128286047912,17.9564835978682,1,1,1,1,1,1,1,1,0.935483870967742,0.903225806451613,0.903225806451613,0.903225806451613,0.870967741935484,0.870967741935484,0.838709677419355,0.838709677419355,0,0,0,0,0,0,0,0,2529,0.420782,-0.666021764397502
"530",177,177,2,1.07073197725642,8.53188579792691,9.60212357673785,10.3866591091182,11.6231842102116,12.754846803442,15.0882093990353,15.9967568176501,17.9404118107271,1,1,1,1,1,1,1,1,0.935483870967742,0.903225806451613,0.903225806451613,0.903225806451613,0.870967741935484,0.870967741935484,0.838709677419355,0.838709677419355,0,0,0,0,0,0,0,0,2530,0.411337,-0.659394977256419
"531",177,177,3,1.06816048042344,8.52931430109393,9.59955207990487,10.3840876122852,11.6206127133786,12.7522753066091,15.0856379022023,15.9941853208172,17.9378403138942,1,1,1,1,1,1,1,1,0.935483870967742,0.903225806451613,0.903225806451613,0.903225806451613,0.870967741935484,0.870967741935484,0.838709677419355,0.838709677419355,0,0,0,0,0,0,0,0,2531,0.333378,-0.734782480423441
"532",178,178,1,1.04701501903726,8.5081981001221,9.5784400760856,10.3629786851797,11.5995086355548,12.7311756668276,15.0645474131713,15.9730983948374,17.9167610103481,1,1,1,1,1,1,1,1,0.935483870967742,0.903225806451613,0.903225806451613,0.903225806451613,0.870967741935484,0.870967741935484,0.838709677419355,0.838709677419355,0,0,0,0,0,0,0,0,2532,0.410014,-0.637001019037255
"533",178,178,2,1.06787515279212,8.52905823387696,9.59930020984046,10.3838388189346,11.6203687693097,12.7520358005825,15.0854075469261,15.9939585285923,17.937621144103,1,1,1,1,1,1,1,1,0.935483870967742,0.903225806451613,0.903225806451613,0.903225806451613,0.870967741935484,0.870967741935484,0.838709677419355,0.838709677419355,0,0,0,0,0,0,0,0,2533,0.4358,-0.632075152792122
"534",178,178,3,1.07489403959471,8.53607712067955,9.60631909664305,10.3908577057372,11.6273876561123,12.7590546873851,15.0924264337287,16.0009774153949,17.9446400309056,1,1,1,1,1,1,1,1,0.935483870967742,0.903225806451613,0.903225806451613,0.903225806451613,0.870967741935484,0.870967741935484,0.838709677419355,0.838709677419355,0,0,0,0,0,0,0,0,2534,0.471767,-0.603127039594708
"535",179,179,1,1.08380876507584,8.54471573779952,9.61491810841426,10.3994276848915,11.6359118762691,12.767537029099,15.1008224267441,16.0093397865945,17.9529304749734,1,1,1,1,1,1,1,1,0.935483870967742,0.903225806451613,0.903225806451613,0.903225806451613,0.870967741935484,0.870967741935484,0.838709677419355,0.838709677419355,0,0,0,0,0,0,0,0,2535,0.429823,-0.653985765075844
"536",179,179,2,1.072386041879,8.53329301460268,9.60349538521742,10.3880049616947,11.6244891530723,12.7561143059022,15.0893997035473,15.9979170633977,17.9415077517765,1,1,1,1,1,1,1,1,0.935483870967742,0.903225806451613,0.903225806451613,0.903225806451613,0.870967741935484,0.870967741935484,0.838709677419355,0.838709677419355,0,0,0,0,0,0,0,0,2536,0.437371,-0.635015041879003
"537",179,179,3,1.07444160917563,8.5353485818993,9.60555095251405,10.3900605289913,11.6265447203689,12.7581698731988,15.0914552708439,15.9999726306943,17.9435633190732,1,1,1,1,1,1,1,1,0.935483870967742,0.903225806451613,0.903225806451613,0.903225806451613,0.870967741935484,0.870967741935484,0.838709677419355,0.838709677419355,0,0,0,0,0,0,0,0,2537,0.563511,-0.510930609175631
"538",180,180,1,1.1075882482338,8.56851288910733,9.63871779406487,10.4232292283368,11.6597163478286,12.7913441804564,15.1246351035471,16.0331546148546,17.9767499058443,1,1,1,1,1,1,1,1,0.935483870967742,0.903225806451613,0.903225806451613,0.903225806451613,0.870967741935484,0.870967741935484,0.838709677419355,0.838709677419355,0,0,0,0,0,0,0,0,2538,0.472962,-0.634626248233796
"539",180,180,2,1.08291809970419,8.54384274057772,9.61404764553526,10.3985590798072,11.635046199299,12.7666740319268,15.0999649550175,16.008484466325,17.9520797573147,1,1,1,1,1,1,1,1,0.935483870967742,0.903225806451613,0.903225806451613,0.903225806451613,0.870967741935484,0.870967741935484,0.838709677419355,0.838709677419355,0,0,0,0,0,0,0,0,2539,0.4605,-0.622418099704187
"540",180,180,3,1.0795228176914,8.54044745856493,9.61065236352247,10.3951637977944,11.6316509172862,12.763278749914,15.0965696730047,16.0050891843122,17.9486844753019,1,1,1,1,1,1,1,1,0.935483870967742,0.903225806451613,0.903225806451613,0.903225806451613,0.870967741935484,0.870967741935484,0.838709677419355,0.838709677419355,0,0,0,0,0,0,0,0,2540,0.537327,-0.542195817691399
"541",181,181,1,1.10109836816216,8.56200781695027,9.63221054273497,10.4167203795688,11.6532049813006,12.784830509685,15.1181166816816,16.0266343430433,17.9702256764451,1,1,1,1,1,1,1,1,0.935483870967742,0.903225806451613,0.903225806451613,0.903225806451613,0.870967741935484,0.870967741935484,0.838709677419355,0.838709677419355,0,0,0,0,0,0,0,0,2541,0.440437,-0.66066136816216
"542",181,181,2,1.07469761479918,8.53560706358729,9.60580978937199,10.3903196262059,11.6268042279377,12.758429756322,15.0917159283187,16.0002335896804,17.9438249230821,1,1,1,1,1,1,1,1,0.935483870967742,0.903225806451613,0.903225806451613,0.903225806451613,0.870967741935484,0.870967741935484,0.838709677419355,0.838709677419355,0,0,0,0,0,0,0,0,2542,0.427585,-0.647112614799176
"543",181,181,3,1.07119567979844,8.53210512858655,9.60230785437126,10.3868176912051,11.6233022929369,12.7549278213213,15.0882139933179,15.9967316546796,17.9403229880813,1,1,1,1,1,1,1,1,0.935483870967742,0.903225806451613,0.903225806451613,0.903225806451613,0.870967741935484,0.870967741935484,0.838709677419355,0.838709677419355,0,0,0,0,0,0,0,0,2543,0.419401,-0.651794679798443
"544",182,182,1,1.06896365786703,8.52987624388459,9.60007941967764,10.3845895863892,11.621074708049,12.7527007122693,15.0859878653868,15.9945059087701,17.9380980594304,1,1,1,1,1,1,1,1,0.935483870967742,0.903225806451613,0.903225806451613,0.903225806451613,0.870967741935484,0.870967741935484,0.838709677419355,0.838709677419355,0,0,0,0,0,0,0,0,2544,0.427201,-0.641762657867026
"545",182,182,2,1.07108900920008,8.53200159521765,9.60220477101069,10.3867149377222,11.6232000593821,12.7548260636023,15.0881132167199,15.9966312601032,17.9402234107634,1,1,1,1,1,1,1,1,0.935483870967742,0.903225806451613,0.903225806451613,0.903225806451613,0.870967741935484,0.870967741935484,0.838709677419355,0.838709677419355,0,0,0,0,0,0,0,0,2545,0.457744,-0.613345009200081
"546",182,182,3,1.07941139455463,8.54032398057219,9.61052715636524,10.3950373230768,11.6315224447366,12.7631484489569,15.0964356020744,16.0049536454577,17.948545796118,1,1,1,1,1,1,1,1,0.935483870967742,0.903225806451613,0.903225806451613,0.903225806451613,0.870967741935484,0.870967741935484,0.838709677419355,0.838709677419355,0,0,0,0,0,0,0,0,2546,0.465613,-0.613798394554631
"547",183,183,1,1.08213187922564,8.54302698394214,9.61322765219423,10.3977359807582,11.6342182052699,12.7658415580324,15.0991232441384,16.0076391588173,17.9512267555414,1,1,1,1,1,1,1,1,0.935483870967742,0.903225806451613,0.903225806451613,0.903225806451613,0.870967741935484,0.870967741935484,0.838709677419355,0.838709677419355,0,0,0,0,0,0,0,0,2547,0.437355,-0.644776879225638
"548",183,183,2,1.07443629901273,8.53533140372924,9.60553207198133,10.3900404005453,11.626522625057,12.7581459778195,15.0914276639255,15.9999435786044,17.9435311753285,1,1,1,1,1,1,1,1,0.935483870967742,0.903225806451613,0.903225806451613,0.903225806451613,0.870967741935484,0.870967741935484,0.838709677419355,0.838709677419355,0,0,0,0,0,0,0,0,2548,0.720784,-0.353652299012732
"549",183,183,3,1.1516233116875,8.612518416404,9.68271908465609,10.46722741322,11.7037096377318,12.8353329904943,15.1686146766003,16.0771305912791,18.0207181880033,1,1,1,1,1,1,1,1,0.935483870967742,0.903225806451613,0.903225806451613,0.903225806451613,0.870967741935484,0.870967741935484,0.838709677419355,0.838709677419355,0,0,0,0,0,0,0,0,2549,0.294178,-0.857445311687496
"550",184,184,1,1.03420066659339,8.49513393117232,9.56534007312558,10.3498524141746,11.5863409628593,12.7179701034785,15.0512637235022,15.9597842849214,17.9033818224146,1,1,1,1,1,1,1,1,0.935483870967742,0.903225806451613,0.903225806451613,0.903225806451613,0.870967741935484,0.870967741935484,0.838709677419355,0.838709677419355,0,0,0,0,0,0,0,0,2550,0.415239,-0.618961666593385
"551",184,184,2,1.0671834859526,8.52811675053154,9.5983228924848,10.3828352335338,11.6193237822185,12.7509529228377,15.0842465428614,15.9927671042806,17.9363646417738,1,1,1,1,1,1,1,1,0.935483870967742,0.903225806451613,0.903225806451613,0.903225806451613,0.870967741935484,0.870967741935484,0.838709677419355,0.838709677419355,0,0,0,0,0,0,0,0,2551,0.493271,-0.573912485952599
"552",184,184,3,1.08844314315218,8.54937640773112,9.61958254968437,10.4040948907334,11.6405834394181,12.7722125800373,15.105506200061,16.0140267614802,17.9576242989734,1,1,1,1,1,1,1,1,0.935483870967742,0.903225806451613,0.903225806451613,0.903225806451613,0.870967741935484,0.870967741935484,0.838709677419355,0.838709677419355,0,0,0,0,0,0,0,0,2552,0.473102,-0.615341143152177
"553",185,185,1,1.08297110669751,8.54389229654717,9.61409670648528,10.3986077778842,11.6350943254434,12.7667216346408,15.1000114784762,16.0085305695513,17.9521249615379,0,0,0,0,0,0,0,0,0,0,0,0,0,0,0,0,0,0,0,0,0,0,0,0,2553,27.683924,26.6009528933025
"554",185,185,2,8.49673716747398,15.9576583573236,17.0278627672618,17.8123738386607,19.0488603862199,20.1804876954173,22.5137775392527,23.4222966303277,25.3658910223144,1,1,1,1,1,1,1,1,0.838709677419355,0.838709677419355,0.838709677419355,0.806451612903226,0.806451612903226,0.774193548387097,0.774193548387097,0.741935483870968,1,1,1,1,1,1,1,1,2554,0.928344,-7.56839316747398
"555",185,185,3,1.20700476099285,8.66792595084251,9.73813036078062,10.5226414321796,11.7591279797387,12.8907552889361,15.2240451327716,16.1325642238466,18.0761586158333,1,1,1,1,1,1,1,1,0.935483870967742,0.903225806451613,0.903225806451613,0.903225806451613,0.870967741935484,0.870967741935484,0.838709677419355,0.838709677419355,1,1,1,1,1,1,1,1,2555,0.480828,-0.72617676099285
"556",186,186,1,1.09984263431118,8.6296738489335,9.70976280402684,10.5015197202738,11.7494266161324,12.8915057802585,15.2463461882735,16.1632564781669,18.1248021571719,1,1,1,1,1,1,1,1,0.935483870967742,0.903225806451613,0.903225806451613,0.903225806451613,0.870967741935484,0.870967741935484,0.838709677419355,0.838709677419355,0,0,0,0,0,0,0,0,2556,0.510239,-0.589603634311181
"557",186,186,2,1.107703728747,8.63753494336932,9.71762389846266,10.5093808147096,11.7572877105683,12.8993668746943,15.2542072827093,16.1711175726027,18.1326632516077,1,1,1,1,1,1,1,1,0.935483870967742,0.903225806451613,0.903225806451613,0.903225806451613,0.870967741935484,0.870967741935484,0.838709677419355,0.838709677419355,0,0,0,0,0,0,0,0,2557,0.416851,-0.690852728746997
"558",186,186,3,1.08274259559369,8.61257381021601,9.69266276530935,10.4844196815563,11.732326577415,12.874405741541,15.229246149556,16.1461564394494,18.1077021184544,1,1,1,1,1,1,1,1,0.935483870967742,0.903225806451613,0.903225806451613,0.903225806451613,0.870967741935484,0.870967741935484,0.838709677419355,0.838709677419355,0,0,0,0,0,0,0,0,2558,0.751922,-0.330820595593688
"559",187,187,1,1.17238566215624,8.70218113647025,9.78226496492646,10.5740181231029,11.8219190957774,12.9639928390301,15.3188220698062,16.2357280075892,18.1972643761269,1,1,1,1,1,1,1,1,0.935483870967742,0.903225806451613,0.903225806451613,0.903225806451613,0.870967741935484,0.870967741935484,0.838709677419355,0.838709677419355,0,0,0,0,0,0,0,0,2559,0.427423,-0.744962662156239
"560",187,187,2,1.08564341582753,8.61543889014154,9.69552271859775,10.4872758767742,11.7351768494487,12.8772505927014,15.2320798234775,16.1489857612605,18.1105221297982,1,1,1,1,1,1,1,1,0.935483870967742,0.903225806451613,0.903225806451613,0.903225806451613,0.870967741935484,0.870967741935484,0.838709677419355,0.838709677419355,0,0,0,0,0,0,0,0,2560,0.522779,-0.562864415827533
"561",187,187,3,1.11113315120706,8.64092862552106,9.72101245397727,10.5127656121537,11.7606665848282,12.9027403280809,15.257569558857,16.1744754966401,18.1360118651777,1,1,1,1,1,1,1,1,0.935483870967742,0.903225806451613,0.903225806451613,0.903225806451613,0.870967741935484,0.870967741935484,0.838709677419355,0.838709677419355,0,0,0,0,0,0,0,0,2561,0.459256,-0.651877151207057
"562",188,188,1,1.09406120090252,8.62389177905477,9.70398064285199,10.4957374921745,11.743644282552,12.8857233501421,15.2405635591107,16.157473771501,18.1190192847034,1,1,1,1,1,1,1,1,0.935483870967742,0.903225806451613,0.903225806451613,0.903225806451613,0.870967741935484,0.870967741935484,0.838709677419355,0.838709677419355,0,0,0,0,0,0,0,0,2562,0.451896,-0.642165200902518
"563",188,188,2,1.09209402915973,8.62192460731198,9.70201347110921,10.4937703204317,11.7416771108092,12.8837561783993,15.238596387368,16.1555065997582,18.1170521129606,1,1,1,1,1,1,1,1,0.935483870967742,0.903225806451613,0.903225806451613,0.903225806451613,0.870967741935484,0.870967741935484,0.838709677419355,0.838709677419355,0,0,0,0,0,0,0,0,2563,0.592016,-0.500078029159733
"564",188,188,3,1.12954513032809,8.65937570848034,9.73946457227756,10.5312214216001,11.7791282119776,12.9212072795677,15.2760474885363,16.1929577009266,18.154503214129,1,1,1,1,1,1,1,1,0.935483870967742,0.903225806451613,0.903225806451613,0.903225806451613,0.870967741935484,0.870967741935484,0.838709677419355,0.838709677419355,0,0,0,0,0,0,0,0,2564,0.584589,-0.544956130328088
"565",189,189,1,1.12765387551332,8.65745740876818,9.73754239320953,10.5292963987784,11.7771987070483,12.9192736726323,15.2741054237198,16.191012342843,18.1525508107612,1,1,1,1,1,1,1,1,0.935483870967742,0.903225806451613,0.903225806451613,0.903225806451613,0.870967741935484,0.870967741935484,0.838709677419355,0.838709677419355,0,0,0,0,0,0,0,0,2565,0.507579,-0.620074875513322
"566",189,189,2,1.10706824773533,8.63687178099018,9.71695676543153,10.5087107710004,11.7566130792703,12.8986880448543,15.2535197959418,16.170426715065,18.1319651829832,1,1,1,1,1,1,1,1,0.935483870967742,0.903225806451613,0.903225806451613,0.903225806451613,0.870967741935484,0.870967741935484,0.838709677419355,0.838709677419355,0,0,0,0,0,0,0,0,2566,0.41633,-0.69073824773533
"567",189,189,3,1.08267637721054,8.61247991046539,9.69256489490674,10.4843189004756,11.7322212087455,12.8742961743295,15.229127925417,16.1460348445403,18.1075733124584,1,1,1,1,1,1,1,1,0.935483870967742,0.903225806451613,0.903225806451613,0.903225806451613,0.870967741935484,0.870967741935484,0.838709677419355,0.838709677419355,0,0,0,0,0,0,0,0,2567,0.304985,-0.77769137721054
"568",190,190,1,1.05287562132124,8.58270004271565,9.66278802337938,10.4545442253227,11.7024499953506,12.844528129121,15.1993664126571,16.1162758753367,18.0778197846836,1,1,1,1,1,1,1,1,0.935483870967742,0.903225806451613,0.903225806451613,0.903225806451613,0.870967741935484,0.870967741935484,0.838709677419355,0.838709677419355,0,0,0,0,0,0,0,0,2568,0.463487,-0.589388621321238
"569",190,190,2,1.09524270972561,8.62506713112002,9.70515511178375,10.4969113137271,11.744817083755,12.8868952175254,15.2417335010615,16.1586429637411,18.1201868730879,1,1,1,1,1,1,1,1,0.935483870967742,0.903225806451613,0.903225806451613,0.903225806451613,0.870967741935484,0.870967741935484,0.838709677419355,0.838709677419355,0,0,0,0,0,0,0,0,2569,0.425565,-0.669677709725612
"570",190,190,3,1.08510627784166,8.61493069923607,9.6950186798998,10.4867748818432,11.734680651871,12.8767587856414,15.2315970691775,16.1485065318571,18.110050441204,1,1,1,1,1,1,1,1,0.935483870967742,0.903225806451613,0.903225806451613,0.903225806451613,0.870967741935484,0.870967741935484,0.838709677419355,0.838709677419355,0,0,0,0,0,0,0,0,2570,0.441631,-0.643475277841657
"571",191,191,1,1.08941847483997,8.61921593460709,9.69930004785932,10.4910534148049,11.7389547165254,12.8810287609195,15.2358586126159,16.1527647921684,18.1143016779231,1,1,1,1,1,1,1,1,0.935483870967742,0.903225806451613,0.903225806451613,0.903225806451613,0.870967741935484,0.870967741935484,0.838709677419355,0.838709677419355,0,0,0,0,0,0,0,0,2571,0.444659,-0.64475947483997
"572",191,191,2,1.09022786940862,8.62002532917574,9.70010944242797,10.4918628093735,11.739764111094,12.8818381554882,15.2366680071846,16.153574186737,18.1151110724917,1,1,1,1,1,1,1,1,0.935483870967742,0.903225806451613,0.903225806451613,0.903225806451613,0.870967741935484,0.870967741935484,0.838709677419355,0.838709677419355,0,0,0,0,0,0,0,0,2572,0.544859,-0.545368869408616
"573",191,191,3,1.1170116659008,8.64680912566792,9.72689323892015,10.5186466058657,11.7665479075862,12.9086219519803,15.2634518036768,16.1803579832292,18.1418948689839,1,1,1,1,1,1,1,1,0.935483870967742,0.903225806451613,0.903225806451613,0.903225806451613,0.870967741935484,0.870967741935484,0.838709677419355,0.838709677419355,0,0,0,0,0,0,0,0,2573,0.407905,-0.709106665900801
"574",192,192,1,1.08029089794316,8.61012117038969,9.69020999033609,10.4819668075138,11.7298735472272,12.8719525684497,15.2267926818135,16.1437028569779,18.105248290543,1,1,1,1,1,1,1,1,0.935483870967742,0.903225806451613,0.903225806451613,0.903225806451613,0.870967741935484,0.870967741935484,0.838709677419355,0.838709677419355,0,0,0,0,0,0,0,0,2574,0.408558,-0.671732897943158
"575",192,192,2,1.08046542045583,8.61029569290236,9.69038451284876,10.4821413300265,11.7300480697399,12.8721270909624,15.2269672043262,16.1438773794906,18.1054228130557,1,1,1,1,1,1,1,1,0.935483870967742,0.903225806451613,0.903225806451613,0.903225806451613,0.870967741935484,0.870967741935484,0.838709677419355,0.838709677419355,0,0,0,0,0,0,0,0,2575,0.46826,-0.612205420455827
"576",192,192,3,1.09642153538901,8.62625180783554,9.70634062778194,10.4980974449597,11.7460041846731,12.8880832058956,15.2429233192594,16.1598334944237,18.1213789279888,1,1,1,1,1,1,1,1,0.935483870967742,0.903225806451613,0.903225806451613,0.903225806451613,0.870967741935484,0.870967741935484,0.838709677419355,0.838709677419355,0,0,0,0,0,0,0,0,2576,0.470076,-0.62634553538901
"577",193,193,1,1.09517898871126,8.6250186191842,9.70510878145829,10.4968665826265,11.7447748732307,12.8868553138219,15.2416983537664,16.158609668461,18.1201575398227,1,1,1,1,1,1,1,1,0.935483870967742,0.903225806451613,0.903225806451613,0.903225806451613,0.870967741935484,0.870967741935484,0.838709677419355,0.838709677419355,0,0,0,0,0,0,0,0,2577,0.419278,-0.675900988711257
"578",193,193,2,1.08159305539044,8.61143268586339,9.69152284813747,10.4832806493057,11.7311889399098,12.8732693805011,15.2281124204456,16.1450237351402,18.1065716065018,1,1,1,1,1,1,1,1,0.935483870967742,0.903225806451613,0.903225806451613,0.903225806451613,0.870967741935484,0.870967741935484,0.838709677419355,0.838709677419355,0,0,0,0,0,0,0,0,2578,0.521486,-0.560107055390444
"579",193,193,3,1.10892860153111,8.63876823200405,9.71885839427814,10.5106161954463,11.7585244860505,12.9006049266417,15.2554479665863,16.1723592812809,18.1339071526425,1,1,1,1,1,1,1,1,0.935483870967742,0.903225806451613,0.903225806451613,0.903225806451613,0.870967741935484,0.870967741935484,0.838709677419355,0.838709677419355,0,0,0,0,0,0,0,0,2579,0.402038,-0.706890601531111
"580",194,194,1,1.0722000300299,8.58647113447542,9.66432812677133,10.4544489074265,11.6997770510879,12.8394961520043,15.1894703717671,16.1044859013762,18.0619781207468,1,1,1,1,1,1,1,1,0.935483870967742,0.903225806451613,0.903225806451613,0.903225806451613,0.870967741935484,0.870967741935484,0.838709677419355,0.838709677419355,0,0,0,0,0,0,0,0,2580,0.390435,-0.681765030029903
"581",194,194,2,1.06894149980174,8.58321260424726,9.66106959654316,10.4511903771983,11.6965185208597,12.8362376217761,15.1862118415389,16.1012273711481,18.0587195905187,1,1,1,1,1,1,1,1,0.935483870967742,0.903225806451613,0.903225806451613,0.903225806451613,0.870967741935484,0.870967741935484,0.838709677419355,0.838709677419355,0,0,0,0,0,0,0,0,2581,0.425904,-0.643037499801739
"582",194,194,3,1.07890244168425,8.59317354612977,9.67103053842567,10.4611513190808,11.7064794627422,12.8461985636586,15.1961727834214,16.1111883130306,18.0686805324012,1,1,1,1,1,1,1,1,0.935483870967742,0.903225806451613,0.903225806451613,0.903225806451613,0.870967741935484,0.870967741935484,0.838709677419355,0.838709677419355,0,0,0,0,0,0,0,0,2582,0.775684,-0.303218441684247
"583",195,195,1,1.15492512458505,8.49890201482087,9.55233177964758,10.3245462330486,11.5416517886891,12.6555416952615,14.9522589846308,15.8465377257426,17.759667744883,1,1,1,1,1,1,1,1,0.935483870967742,0.903225806451613,0.903225806451613,0.903225806451613,0.870967741935484,0.870967741935484,0.838709677419355,0.838709677419355,0,0,0,0,0,0,0,0,2583,0.392694,-0.762231124585049
"584",195,195,2,1.05284513205383,8.39682202228965,9.45025178711636,10.2224662405174,11.4395717961579,12.5534617027303,14.8501789920996,15.7444577332114,17.6575877523518,1,1,1,1,1,1,1,1,0.935483870967742,0.903225806451613,0.903225806451613,0.903225806451613,0.870967741935484,0.870967741935484,0.838709677419355,0.838709677419355,0,0,0,0,0,0,0,0,2584,0.793585,-0.259260132053832
"585",195,195,3,1.15969635606969,8.50367324630551,9.55710301113222,10.3293174645333,11.5464230201738,12.6603129267461,14.9570302161154,15.8513089572272,17.7644389763676,1,1,1,1,1,1,1,1,0.935483870967742,0.903225806451613,0.903225806451613,0.903225806451613,0.870967741935484,0.870967741935484,0.838709677419355,0.838709677419355,0,0,0,0,0,0,0,0,2585,0.316676,-0.843020356069686
"586",196,196,1,1.02300858741744,8.34326406189605,9.39329119545145,10.1630113572205,11.3761856005302,12.486477586524,14.7757763632111,15.6671665388852,17.5741170515729,1,1,1,1,1,1,1,1,0.935483870967742,0.903225806451613,0.903225806451613,0.903225806451613,0.903225806451613,0.870967741935484,0.838709677419355,0.838709677419355,0,0,0,0,0,0,0,0,2586,0.408204,-0.614804587417442
"587",196,196,2,1.04699599567672,8.36725147015533,9.41727860371073,10.1869987654798,11.4001730087895,12.5104649947833,14.7997637714704,15.6911539471445,17.5981044598322,1,1,1,1,1,1,1,1,0.935483870967742,0.903225806451613,0.903225806451613,0.903225806451613,0.870967741935484,0.870967741935484,0.838709677419355,0.838709677419355,0,0,0,0,0,0,0,0,2587,0.42117,-0.625825995676723
"588",196,196,3,1.05039408954406,8.37064956402267,9.42067669757807,10.1903968593471,11.4035711026568,12.5138630886507,14.8031618653378,15.6945520410118,17.6015025536995,1,1,1,1,1,1,1,1,0.935483870967742,0.903225806451613,0.903225806451613,0.903225806451613,0.870967741935484,0.870967741935484,0.838709677419355,0.838709677419355,0,0,0,0,0,0,0,0,2588,0.458597,-0.591797089544063
"589",197,197,1,1.05818655218152,8.37842020964615,9.42844421374019,10.1981620814642,11.4113327090751,12.5216213859965,14.8109133397436,15.7023008587519,17.6092456880361,1,1,1,1,1,1,1,1,0.935483870967742,0.903225806451613,0.903225806451613,0.903225806451613,0.870967741935484,0.870967741935484,0.838709677419355,0.838709677419355,0,0,0,0,0,0,0,0,2589,0.47456,-0.583626552181519
"590",197,197,2,1.0623780124474,8.38261166991203,9.43263567400607,10.2023535417301,11.415524169341,12.5258128462623,14.8151048000095,15.7064923190178,17.613437148302,1,1,1,1,1,1,1,1,0.935483870967742,0.903225806451613,0.903225806451613,0.903225806451613,0.870967741935484,0.870967741935484,0.838709677419355,0.838709677419355,0,0,0,0,0,0,0,0,2590,0.433254,-0.629124012447397
"591",197,197,3,1.05153215278804,8.37176581025267,9.42178981434671,10.1915076820708,11.4046783096816,12.514966986603,14.8042589403501,15.6956464593584,17.6025912886426,1,1,1,1,1,1,1,1,0.935483870967742,0.903225806451613,0.903225806451613,0.903225806451613,0.870967741935484,0.870967741935484,0.838709677419355,0.838709677419355,0,0,0,0,0,0,0,0,2591,0.408871,-0.642661152788037
"592",198,198,1,1.04511344287207,8.36535248917645,9.4153772662528,10.1850957006099,11.3982672213045,12.5085567155725,14.7978503545974,15.6892385298067,17.5961847629013,1,1,1,1,1,1,1,1,0.935483870967742,0.903225806451613,0.903225806451613,0.903225806451613,0.870967741935484,0.870967741935484,0.838709677419355,0.838709677419355,0,0,0,0,0,0,0,0,2592,0.412239,-0.632874442872072
"593",198,198,2,1.04599776999163,8.36623681629601,9.41626159337236,10.1859800277294,11.3991515484241,12.509441042692,14.798734681717,15.6901228569263,17.5970690900209,1,1,1,1,1,1,1,1,0.935483870967742,0.903225806451613,0.903225806451613,0.903225806451613,0.870967741935484,0.870967741935484,0.838709677419355,0.838709677419355,0,0,0,0,0,0,0,0,2593,0.391216,-0.654781769991631
"594",198,198,3,1.04047781481512,8.3607168611195,9.41074163819586,10.1804600725529,11.3936315932476,12.5039210875155,14.7932147265405,15.6846029017498,17.5915491348444,1,1,1,1,1,1,1,1,0.935483870967742,0.903225806451613,0.903225806451613,0.903225806451613,0.870967741935484,0.870967741935484,0.838709677419355,0.838709677419355,0,0,0,0,0,0,0,0,2594,0.299392,-0.741085814815124
"595",199,199,1,1.01711642299355,8.33737409627252,9.38740154522675,10.1571219381983,11.3702965459116,12.4805888654062,14.7698883297347,15.6612787731575,17.5682298586399,1,1,1,1,1,1,1,1,0.935483870967742,0.903225806451613,0.903225806451613,0.903225806451613,0.903225806451613,0.870967741935484,0.838709677419355,0.838709677419355,0,0,0,0,0,0,0,0,2595,0.43138,-0.585736422993553
"596",199,199,2,1.05172883443616,8.37198650771512,9.42201395666935,10.1917343496409,11.4049089573542,12.5152012768488,14.8045007411773,15.6958911846001,17.6028422700825,1,1,1,1,1,1,1,1,0.935483870967742,0.903225806451613,0.903225806451613,0.903225806451613,0.870967741935484,0.870967741935484,0.838709677419355,0.838709677419355,0,0,0,0,0,0,0,0,2596,0.429832,-0.621896834436156
"597",199,199,3,1.05132288834323,8.37158056162219,9.42160801057643,10.1913284035479,11.4045030112613,12.5147953307558,14.8040947950844,15.6954852385072,17.6024363239896,1,1,1,1,1,1,1,1,0.935483870967742,0.903225806451613,0.903225806451613,0.903225806451613,0.870967741935484,0.870967741935484,0.838709677419355,0.838709677419355,0,0,0,0,0,0,0,0,2597,0.397416,-0.653906888343229
"598",200,200,1,1.04319520530953,8.36348760729458,9.41352003778038,10.183244082453,11.3964244456994,12.5067220326336,14.7960323578377,15.6874270301877,17.5943871626117,1,1,1,1,1,1,1,1,0.935483870967742,0.903225806451613,0.903225806451613,0.903225806451613,0.870967741935484,0.870967741935484,0.838709677419355,0.838709677419355,0,0,0,0,0,0,0,0,2598,0.453945,-0.58925020530953
"599",200,200,2,1.05800898769291,8.37830138967796,9.42833382016376,10.1980578648364,11.4112382280827,12.521535815017,14.8108461402211,15.7022408125711,17.6092009449951,1,1,1,1,1,1,1,1,0.935483870967742,0.903225806451613,0.903225806451613,0.903225806451613,0.870967741935484,0.870967741935484,0.838709677419355,0.838709677419355,0,0,0,0,0,0,0,0,2599,0.419735,-0.638273987692914
"600",200,200,3,1.04904404058018,8.36933644256523,9.41936887305103,10.1890929177237,11.40227328097,12.5125708679042,14.8018811931084,15.6932758654584,17.6002359978824,1,1,1,1,1,1,1,1,0.935483870967742,0.903225806451613,0.903225806451613,0.903225806451613,0.870967741935484,0.870967741935484,0.838709677419355,0.838709677419355,0,0,0,0,0,0,0,0,2600,0.547458,-0.501586040580183
"601",201,201,1,1.08253664316469,8.40282089195449,9.45285215293517,10.2225753403046,11.4357543523349,12.5460507026419,14.835358478058,15.7267521575904,17.6337101660804,1,1,1,1,1,1,1,1,0.935483870967742,0.903225806451613,0.903225806451613,0.903225806451613,0.870967741935484,0.870967741935484,0.838709677419355,0.838709677419355,0,0,0,0,0,0,0,0,2601,0.471174,-0.611362643164686
"602",201,201,2,1.06254535317902,8.38282960196882,9.43286086294951,10.2025840503189,11.4157630623492,12.5260594126562,14.8153671880723,15.7067608676047,17.6137188760947,1,1,1,1,1,1,1,1,0.935483870967742,0.903225806451613,0.903225806451613,0.903225806451613,0.870967741935484,0.870967741935484,0.838709677419355,0.838709677419355,0,0,0,0,0,0,0,0,2602,0.415518,-0.647027353179019
"603",201,201,3,1.04795991933388,8.36824416812369,9.41827542910437,10.1879986164738,11.4011776285041,12.5114739788111,14.8007817542272,15.6921754337596,17.5991334422496,1,1,1,1,1,1,1,1,0.935483870967742,0.903225806451613,0.903225806451613,0.903225806451613,0.870967741935484,0.870967741935484,0.838709677419355,0.838709677419355,0,0,0,0,0,0,0,0,2603,0.57579,-0.472169919333884
"604",202,202,1,1.08941735826525,8.40969705180191,9.45972765937106,10.2294503677585,11.442628624854,12.5529242842478,14.8422306350776,15.7336237599152,17.6405805817468,1,1,1,1,1,1,1,1,0.935483870967742,0.903225806451613,0.903225806451613,0.903225806451613,0.870967741935484,0.870967741935484,0.838709677419355,0.838709677419355,0,0,0,0,0,0,0,0,2604,0.395583,-0.693834358265251
"605",202,202,2,1.04218593626407,8.36246562980073,9.41249623736988,10.1822189457573,11.3953972028528,12.5056928622466,14.7949992130765,15.686392337914,17.5933491597457,1,1,1,1,1,1,1,1,0.935483870967742,0.903225806451613,0.903225806451613,0.903225806451613,0.870967741935484,0.870967741935484,0.838709677419355,0.838709677419355,0,0,0,0,0,0,0,0,2605,0.403647,-0.638538936264074
"606",202,202,3,1.04429947340202,8.36457916693868,9.41460977450782,10.1843324828953,11.3975107399908,12.5078063993846,14.7971127502144,15.688505875052,17.5954626968836,1,1,1,1,1,1,1,1,0.935483870967742,0.903225806451613,0.903225806451613,0.903225806451613,0.870967741935484,0.870967741935484,0.838709677419355,0.838709677419355,0,0,0,0,0,0,0,0,2606,0.401252,-0.643047473402018
"607",203,203,1,1.0442057241783,8.36448508618001,9.41451564619335,10.1842383197201,11.3974165218709,12.5077121309794,14.7970183781268,15.6884114625932,17.5953681980589,1,1,1,1,1,1,1,1,0.935483870967742,0.903225806451613,0.903225806451613,0.903225806451613,0.870967741935484,0.870967741935484,0.838709677419355,0.838709677419355,0,0,0,0,0,0,0,0,2607,0.402417,-0.641788724178299
"608",203,203,2,1.04451102200934,8.36479038401105,9.41482094402438,10.1845436175512,11.3977218197019,12.5080174288105,14.7973236759578,15.6887167604242,17.5956734958899,1,1,1,1,1,1,1,1,0.935483870967742,0.903225806451613,0.903225806451613,0.903225806451613,0.870967741935484,0.870967741935484,0.838709677419355,0.838709677419355,0,0,0,0,0,0,0,0,2608,0.416512,-0.627999022009338
"609",203,203,3,1.04820473267757,8.36848409467929,9.41851465469262,10.1882373282194,11.4014155303701,12.5117111394787,14.801017386626,15.6924104710925,17.5993672065582,1,1,1,1,1,1,1,1,0.935483870967742,0.903225806451613,0.903225806451613,0.903225806451613,0.870967741935484,0.870967741935484,0.838709677419355,0.838709677419355,0,0,0,0,0,0,0,0,2609,0.451281,-0.596923732677573
"610",204,204,1,1.05719649824616,8.3775054109373,9.42754020974063,10.1972659905034,11.4104490900427,12.5207491812207,14.8100646698976,15.7014613527623,17.6084257862793,1,1,1,1,1,1,1,1,0.935483870967742,0.903225806451613,0.903225806451613,0.903225806451613,0.870967741935484,0.870967741935484,0.838709677419355,0.838709677419355,0,0,0,0,0,0,0,0,2610,0.382342,-0.674854498246161
"611",204,204,2,1.03913341725436,8.3594423299455,9.40947712874883,10.1792029095116,11.3923860090509,12.5026861002289,14.7920015889058,15.6833982717705,17.5903627052875,1,1,1,1,1,1,1,1,0.935483870967742,0.903225806451613,0.903225806451613,0.903225806451613,0.870967741935484,0.870967741935484,0.838709677419355,0.838709677419355,0,0,0,0,0,0,0,0,2611,0.454569,-0.584564417254363
"612",204,204,3,1.05805800494485,8.37836691763599,9.42840171643932,10.1981274972021,11.4113105967414,12.5216106879194,14.8109261765963,15.702322859461,17.609287292978,1,1,1,1,1,1,1,1,0.935483870967742,0.903225806451613,0.903225806451613,0.903225806451613,0.870967741935484,0.870967741935484,0.838709677419355,0.838709677419355,0,0,0,0,0,0,0,0,2612,0.497946,-0.560112004944851
"613",205,205,1,1.06939636507737,8.38971314901673,9.43974907688232,10.2094756853018,11.4226600893305,12.5329613743717,14.822279324662,15.7136769660114,17.6206434500144,1,1,1,1,1,1,1,1,0.935483870967742,0.903225806451613,0.903225806451613,0.903225806451613,0.870967741935484,0.870967741935484,0.838709677419355,0.838709677419355,0,0,0,0,0,0,0,0,2613,0.392248,-0.677148365077372
"614",205,205,2,1.04170287909314,8.3620196630325,9.4120555908981,10.1817821993176,11.3949666033462,12.5052678883875,14.7945858386778,15.6859834800272,17.5929499640301,1,1,1,1,1,1,1,1,0.935483870967742,0.903225806451613,0.903225806451613,0.903225806451613,0.870967741935484,0.870967741935484,0.838709677419355,0.838709677419355,0,0,0,0,0,0,0,0,2614,1.141416,0.0997131209068567
"615",205,205,3,1.23798921854926,8.55830600248862,9.60834193035421,10.3780685387737,11.5912529428024,12.7015542278436,14.9908721781339,15.8822698194833,17.7892363034862,1,1,1,1,1,1,1,1,0.935483870967742,0.903225806451613,0.903225806451613,0.903225806451613,0.870967741935484,0.870967741935484,0.838709677419355,0.838709677419355,0,0,0,0,0,0,0,0,2615,0.391827,-0.846162218549259
"616",206,206,1,1.04162976551244,8.3619539859944,9.41199098056751,10.1817183709347,11.3949040074097,12.5052064203807,14.7945266963367,15.6859252432366,17.5928936644833,1,1,1,1,1,1,1,1,0.935483870967742,0.903225806451613,0.903225806451613,0.903225806451613,0.870967741935484,0.870967741935484,0.838709677419355,0.838709677419355,0,0,0,0,0,0,0,0,2616,0.708769,-0.332860765512442
"617",206,206,2,1.12477248877491,8.44509670925687,9.49513370382998,10.2648610941971,11.4780467306721,12.5883491436431,14.8776694195992,15.7690679664991,17.6760363877457,1,1,1,1,1,1,1,1,0.935483870967742,0.903225806451613,0.903225806451613,0.903225806451613,0.870967741935484,0.870967741935484,0.838709677419355,0.838709677419355,0,0,0,0,0,0,0,0,2617,0.416769,-0.708003488774913
"618",206,206,3,1.04817274752055,8.36849696800251,9.41853396257562,10.1882613529428,11.4014469894178,12.5117494023888,14.8010696783448,15.6924682252447,17.5994366464914,1,1,1,1,1,1,1,1,0.935483870967742,0.903225806451613,0.903225806451613,0.903225806451613,0.870967741935484,0.870967741935484,0.838709677419355,0.838709677419355,0,0,0,0,0,0,0,0,2618,0.429945,-0.618227747520546
"619",207,207,1,1.05158316125489,8.37191441930457,9.42195242335571,10.1916805537186,11.4048673565184,12.5151708369051,14.8044933137536,15.6958927176207,17.6028629721768,1,1,1,1,1,1,1,1,0.935483870967742,0.903225806451613,0.903225806451613,0.903225806451613,0.870967741935484,0.870967741935484,0.838709677419355,0.838709677419355,0,0,0,0,0,0,0,0,2619,0.382233,-0.66935016125489
"620",207,207,2,1.039067765455,8.35939902350469,9.40943702755582,10.1791651579187,11.3923519607185,12.5026554411052,14.7919779179537,15.6833773218208,17.5903475763769,1,1,1,1,1,1,1,1,0.935483870967742,0.903225806451613,0.903225806451613,0.903225806451613,0.870967741935484,0.870967741935484,0.838709677419355,0.838709677419355,0,0,0,0,0,0,0,0,2620,0.392137,-0.646930765455003
"621",207,207,3,1.04166569637389,8.36199695442358,9.41203495847471,10.1817630888376,11.3949498916374,12.5052533720241,14.7945758488726,15.6859752527397,17.5929455072958,1,1,1,1,1,1,1,1,0.935483870967742,0.903225806451613,0.903225806451613,0.903225806451613,0.870967741935484,0.870967741935484,0.838709677419355,0.838709677419355,0,0,0,0,0,0,0,0,2621,0.288308,-0.753357696373893
"622",208,208,1,1.01340088543977,8.33380847011144,9.38385742255425,10.1535935786124,11.3667930309014,12.4771080880474,14.7664544348883,15.657863133076,17.5648532709669,1,1,1,1,1,1,1,1,0.935483870967742,0.903225806451613,0.903225806451613,0.903225806451613,0.903225806451613,0.870967741935484,0.838709677419355,0.838709677419355,0,0,0,0,0,0,0,0,2622,0.406593,-0.606807885439766
"623",208,208,2,1.04441861029753,8.3648261949692,9.41487514741202,10.1846113034702,11.3978107557591,12.5081258129052,14.7974721597461,15.6888808579338,17.5958709958247,1,1,1,1,1,1,1,1,0.935483870967742,0.903225806451613,0.903225806451613,0.903225806451613,0.870967741935484,0.870967741935484,0.838709677419355,0.838709677419355,0,0,0,0,0,0,0,0,2623,0.437723,-0.606695610297532
"624",208,208,3,1.05258179053866,8.37298937521033,9.42303832765315,10.1927744837113,11.4059739360003,12.5162889931463,14.8056353399872,15.6970440381749,17.6040341760658,1,1,1,1,1,1,1,1,0.935483870967742,0.903225806451613,0.903225806451613,0.903225806451613,0.870967741935484,0.870967741935484,0.838709677419355,0.838709677419355,0,0,0,0,0,0,0,0,2624,0.491585,-0.560996790538663
"625",209,209,1,1.06668358316259,8.38709088146515,9.4371397928308,10.2068759187774,11.4200753236069,12.5303903373182,14.8197365946015,15.7111452579179,17.6181353212088,1,1,1,1,1,1,1,1,0.935483870967742,0.903225806451613,0.903225806451613,0.903225806451613,0.870967741935484,0.870967741935484,0.838709677419355,0.838709677419355,0,0,0,0,0,0,0,0,2625,0.412475,-0.654208583162587
"626",209,209,2,1.0459393007892,8.36634659909176,9.41639551045741,10.186131636404,11.3993310412335,12.5096460549448,14.7989923122282,15.6904009755446,17.5973910388354,0,0,0,0,0,0,0,0,0,0,0,0,0,0,0,0,0,0,0,0,0,0,0,0,2626,44.599578,43.5536386992108
"627",209,209,3,12.6327139423532,19.9531212406558,21.0031701520214,21.7729062779681,22.9861056827975,24.0964206965088,26.3857669537922,27.2771756171086,29.1841656803994,1,1,1,1,1,1,1,1,0.806451612903226,0.806451612903226,0.806451612903226,0.774193548387097,0.774193548387097,0.741935483870968,0.741935483870968,0.709677419354839,1,1,1,1,1,1,1,1,2627,0.447064,-12.1856499423532
"628",210,210,1,1.08253516584243,8.58898628886796,9.6657215726793,10.4550200873105,11.6990522379461,12.8375852514736,15.1851138907563,16.0991771783793,18.0546322669926,0,1,1,1,1,1,1,1,0,1,1,1,0.964285714285714,0.964285714285714,0.928571428571429,0.928571428571429,1,1,1,1,1,1,1,1,2628,11.33898,10.2564448341576
"629",210,210,2,3.80095935537594,11.3074104784015,12.3841457622128,13.173444276844,14.4174764274796,15.5560094410072,17.9035380802898,18.8176013679128,20.7730564565261,1,1,1,1,1,1,1,1,1,1,0.964285714285714,0.964285714285714,0.964285714285714,0.928571428571429,0.892857142857143,0.892857142857143,1,0,0,0,0,0,0,0,2629,11.187852,7.38689264462406
"630",210,210,3,3.76324055448583,11.2696916775114,12.3464269613227,13.1357254759539,14.3797576265895,15.518290640117,17.8658192793996,18.7798825670227,20.735337655636,1,1,1,1,1,1,1,1,1,1,0.964285714285714,0.964285714285714,0.964285714285714,0.928571428571429,0.892857142857143,0.892857142857143,1,0,0,0,0,0,0,0,2630,10.826271,7.06303044551417
"631",211,211,1,3.7142355560348,11.2393806358049,12.3187974055129,13.1100615776898,14.357191847907,15.4985602474989,17.8519351379754,18.7682747955208,20.7285997210575,1,1,1,1,1,1,1,1,0.903225806451613,0.903225806451613,0.870967741935484,0.870967741935484,0.870967741935484,0.838709677419355,0.806451612903226,0.806451612903226,0,0,0,0,0,0,0,0,2631,1.44004,-2.2741955560348
"632",211,211,2,1.34405071967634,8.86919579944641,9.94861256915448,10.7398767413313,11.9870070115486,13.1283754111405,15.4817503016169,16.3980899591624,18.3584148846991,1,1,1,1,1,1,1,1,0.935483870967742,0.903225806451613,0.903225806451613,0.903225806451613,0.870967741935484,0.870967741935484,0.838709677419355,0.838709677419355,0,0,0,0,0,0,0,0,2632,0.413322,-0.930728719676344
"633",211,211,3,1.08478675794173,8.60993183771179,9.68934860741986,10.4806127795967,11.7277430498139,12.8691114494059,15.2224863398823,16.1388259974277,18.0991509229645,1,1,1,1,1,1,1,1,0.935483870967742,0.903225806451613,0.903225806451613,0.903225806451613,0.870967741935484,0.870967741935484,0.838709677419355,0.838709677419355,0,0,0,0,0,0,0,0,2633,0.432351,-0.652435757941726
"634",212,212,1,1.08849530794277,8.61413929857322,9.69362763271541,10.4849442650488,11.7321572189658,12.8736012903333,15.2271322076078,16.1435326177104,18.1039875111594,1,1,1,1,1,1,1,1,0.935483870967742,0.903225806451613,0.903225806451613,0.903225806451613,0.870967741935484,0.870967741935484,0.838709677419355,0.838709677419355,0,0,0,0,0,0,0,0,2634,0.413382,-0.675113307942768
"635",212,212,2,1.0837140684859,8.60935805911635,9.68884639325854,10.4801630255919,11.7273759795089,12.8688200508765,15.2223509681509,16.1387513782536,18.0992062717025,1,1,1,1,1,1,1,1,0.935483870967742,0.903225806451613,0.903225806451613,0.903225806451613,0.870967741935484,0.870967741935484,0.838709677419355,0.838709677419355,0,0,0,0,0,0,0,0,2635,0.414531,-0.669183068485901
"636",212,212,3,1.08400368017529,8.60964767080574,9.68913600494793,10.4804526372813,11.7276655911983,12.8691096625658,15.2226405798403,16.139040989943,18.0994958833919,1,1,1,1,1,1,1,1,0.935483870967742,0.903225806451613,0.903225806451613,0.903225806451613,0.870967741935484,0.870967741935484,0.838709677419355,0.838709677419355,0,0,0,0,0,0,0,0,2636,0.500856,-0.583147680175286
"637",213,213,1,1.10633890961324,8.63198732928468,9.71147629873437,10.5027933967786,11.7500070847134,12.8914518278511,15.2449841302409,16.1613850796695,18.1218411268981,1,1,1,1,1,1,1,1,0.935483870967742,0.903225806451613,0.903225806451613,0.903225806451613,0.870967741935484,0.870967741935484,0.838709677419355,0.838709677419355,0,0,0,0,0,0,0,0,2637,0.568919,-0.53741990961324
"638",213,213,2,1.12348390240321,8.64913232207465,9.72862129152433,10.5199383895685,11.7671520775034,12.9085968206411,15.2621291230308,16.1785300724594,18.1389861196881,1,1,1,1,1,1,1,1,0.935483870967742,0.903225806451613,0.903225806451613,0.903225806451613,0.870967741935484,0.870967741935484,0.838709677419355,0.838709677419355,0,0,0,0,0,0,0,0,2638,0.391186,-0.732297902403206
"639",213,213,3,1.07871316053848,8.60436158020992,9.6838505496596,10.4751676477038,11.7223813356386,12.8638260787763,15.2173583811661,16.1337593305947,18.0942153778233,1,1,1,1,1,1,1,1,0.935483870967742,0.903225806451613,0.903225806451613,0.903225806451613,0.870967741935484,0.870967741935484,0.838709677419355,0.838709677419355,0,0,0,0,0,0,0,0,2639,0.430931,-0.647782160538476
"640",214,214,1,1.08871481613279,8.6143675920579,9.69385718637438,10.4851747424759,11.7323891523657,12.8738345562335,15.2273682209755,16.1437697008667,18.1042268829136,1,1,1,1,1,1,1,1,0.935483870967742,0.903225806451613,0.903225806451613,0.903225806451613,0.870967741935484,0.870967741935484,0.838709677419355,0.838709677419355,0,0,0,0,0,0,0,0,2640,0.394581,-0.694133816132791
"641",214,214,2,1.07955841491792,8.60521119084303,9.68470078515951,10.476018341261,11.7232327511508,12.8646781550186,15.2182118197606,16.1346132996518,18.0950704816988,1,1,1,1,1,1,1,1,0.935483870967742,0.903225806451613,0.903225806451613,0.903225806451613,0.870967741935484,0.870967741935484,0.838709677419355,0.838709677419355,0,0,0,0,0,0,0,0,2641,0.45224,-0.627318414917923
"642",214,214,3,1.09408245721911,8.61973523314422,9.6992248274607,10.4905423835622,11.737756793452,12.8792021973198,15.2327358620618,16.149137341953,18.1095945239999,1,1,1,1,1,1,1,1,0.935483870967742,0.903225806451613,0.903225806451613,0.903225806451613,0.870967741935484,0.870967741935484,0.838709677419355,0.838709677419355,0,0,0,0,0,0,0,0,2642,0.40796,-0.686122457219108
"643",215,215,1,1.08290827341286,8.60855545162235,9.6880442429951,10.4793612105004,11.7265746926897,12.86801924753,15.2215511616714,16.1379519599267,18.0984076837504,1,1,1,1,1,1,1,1,0.935483870967742,0.903225806451613,0.903225806451613,0.903225806451613,0.870967741935484,0.870967741935484,0.838709677419355,0.838709677419355,0,0,0,0,0,0,0,0,2643,0.433638,-0.649270273412863
"644",215,215,2,1.08937627028993,8.61502344849941,9.69451223987216,10.4858292073774,11.7330426895668,12.874487244407,15.2280191585484,16.1444199568037,18.1048756806275,1,1,1,1,1,1,1,1,0.935483870967742,0.903225806451613,0.903225806451613,0.903225806451613,0.870967741935484,0.870967741935484,0.838709677419355,0.838709677419355,0,0,0,0,0,0,0,0,2644,0.407292,-0.682084270289925
"645",215,215,3,1.08274001179148,8.60838719000097,9.68787598137371,10.479192948879,11.7264064310683,12.8678509859086,15.22138290005,16.1377836983053,18.098239422129,1,1,1,1,1,1,1,1,0.935483870967742,0.903225806451613,0.903225806451613,0.903225806451613,0.870967741935484,0.870967741935484,0.838709677419355,0.838709677419355,0,0,0,0,0,0,0,0,2645,0.409795,-0.67294501179148
"646",216,216,1,1.08317714699797,8.60886356928609,9.68835798988141,10.4796790838763,11.7268990699241,12.8683495770684,15.2218937641996,16.1382993412207,18.0987652882554,1,1,1,1,1,1,1,1,0.935483870967742,0.903225806451613,0.903225806451613,0.903225806451613,0.870967741935484,0.870967741935484,0.838709677419355,0.838709677419355,0,0,0,0,0,0,0,0,2646,0.387381,-0.695796146997967
"647",216,216,2,1.07752942308052,8.60321584536864,9.68271026596397,10.4740313599589,11.7212513460067,12.862701853151,15.2162460402822,16.1326516173033,18.0931175643379,1,1,1,1,1,1,1,1,0.935483870967742,0.903225806451613,0.903225806451613,0.903225806451613,0.870967741935484,0.870967741935484,0.838709677419355,0.838709677419355,0,0,0,0,0,0,0,0,2647,0.391081,-0.686448423080522
"648",216,216,3,1.07846172336135,8.60414814564948,9.6836425662448,10.4749636602397,11.7221836462875,12.8636341534318,15.217178340563,16.1335839175841,18.0940498646188,1,1,1,1,1,1,1,1,0.935483870967742,0.903225806451613,0.903225806451613,0.903225806451613,0.870967741935484,0.870967741935484,0.838709677419355,0.838709677419355,0,0,0,0,0,0,0,0,2648,0.462827,-0.615634723361353
"649",217,217,1,1.09653722293856,8.62225945770533,9.70175901528998,10.493083874944,11.7403097961367,12.8817657351007,15.235321122041,16.1517310599606,18.1122063362632,1,1,1,1,1,1,1,1,0.935483870967742,0.903225806451613,0.903225806451613,0.903225806451613,0.870967741935484,0.870967741935484,0.838709677419355,0.838709677419355,0,0,0,0,0,0,0,0,2649,0.382847,-0.713690222938559
"650",217,217,2,1.07637906714022,8.60210130190698,9.68160085949164,10.4729257191457,11.7201516403384,12.8616075793023,15.2151629662426,16.1315729041623,18.0920481804649,1,1,1,1,1,1,1,1,0.935483870967742,0.903225806451613,0.903225806451613,0.903225806451613,0.870967741935484,0.870967741935484,0.838709677419355,0.838709677419355,0,0,0,0,0,0,0,0,2650,0.397014,-0.679365067140215
"651",217,217,3,1.07994971721767,8.60567195198444,9.6851715095691,10.4764963692232,11.7237222904158,12.8651782293798,15.2187336163201,16.1351435542398,18.0956188305423,1,1,1,1,1,1,1,1,0.935483870967742,0.903225806451613,0.903225806451613,0.903225806451613,0.870967741935484,0.870967741935484,0.838709677419355,0.838709677419355,0,0,0,0,0,0,0,0,2651,0.414594,-0.665355717217674
"652",218,218,1,1.08433695844727,8.61007442932812,9.68957617240115,10.4809026341228,11.7281310803723,12.8695893302577,15.2231494820614,16.1395612752883,18.1000405206484,1,1,1,1,1,1,1,1,0.935483870967742,0.903225806451613,0.903225806451613,0.903225806451613,0.870967741935484,0.870967741935484,0.838709677419355,0.838709677419355,0,0,0,0,0,0,0,0,2652,0.564417,-0.519919958447271
"653",218,218,2,1.12209613734165,8.6478336082225,9.72733535129553,10.5186618130172,11.7658902592667,12.9073485091521,15.2609086609558,16.1773204541826,18.1377996995428,1,1,1,1,1,1,1,1,0.935483870967742,0.903225806451613,0.903225806451613,0.903225806451613,0.870967741935484,0.870967741935484,0.838709677419355,0.838709677419355,0,0,0,0,0,0,0,0,2653,0.399303,-0.722793137341649
"654",218,218,3,1.08048324036344,8.60622071124429,9.68572245431731,10.477048916039,11.7242773622885,12.8657356121739,15.2192957639776,16.1357075572044,18.0961868025646,1,1,1,1,1,1,1,1,0.935483870967742,0.903225806451613,0.903225806451613,0.903225806451613,0.870967741935484,0.870967741935484,0.838709677419355,0.838709677419355,0,0,0,0,0,0,0,0,2654,0.419902,-0.660581240363439
"655",219,219,1,1.08513342515807,8.61086653622647,9.69036765392223,10.4816936572124,11.7289213809172,12.8703789695327,15.2239377578712,16.1403490202021,18.1008271298168,1,1,1,1,1,1,1,1,0.935483870967742,0.903225806451613,0.903225806451613,0.903225806451613,0.870967741935484,0.870967741935484,0.838709677419355,0.838709677419355,0,0,0,0,0,0,0,0,2655,0.400317,-0.684816425158068
"656",219,219,2,1.08020015154944,8.60593326261785,9.68543438031361,10.4767603836038,11.7239881073085,12.865445695924,15.2190044842626,16.1354157465934,18.0958938562082,1,1,1,1,1,1,1,1,0.935483870967742,0.903225806451613,0.903225806451613,0.903225806451613,0.870967741935484,0.870967741935484,0.838709677419355,0.838709677419355,0,0,0,0,0,0,0,0,2656,0.414565,-0.665635151549443
"657",219,219,3,1.08378908605931,8.60952219712771,9.68902331482347,10.4803493181137,11.7275770418184,12.8690346304339,15.2225934187724,16.1390046811033,18.0994827907181,1,1,1,1,1,1,1,1,0.935483870967742,0.903225806451613,0.903225806451613,0.903225806451613,0.870967741935484,0.870967741935484,0.838709677419355,0.838709677419355,0,0,0,0,0,0,0,0,2657,0.389298,-0.694491086059307
"658",220,220,1,1.0776494441814,8.6004497111242,9.67953013777698,10.470547754391,11.7172894225249,12.8583021751179,15.2109437609774,16.1269978898107,18.0867119839306,1,1,1,1,1,1,1,1,0.935483870967742,0.903225806451613,0.903225806451613,0.903225806451613,0.870967741935484,0.870967741935484,0.838709677419355,0.838709677419355,0,0,0,0,0,0,0,0,2658,0.499737,-0.577912444181402
"659",220,220,2,1.10576596375898,8.62856623070178,9.70764665735456,10.4986642739685,11.7454059421025,12.8864186946955,15.2390602805549,16.1551144093883,18.1148285035082,1,1,1,1,1,1,1,1,0.935483870967742,0.903225806451613,0.903225806451613,0.903225806451613,0.870967741935484,0.870967741935484,0.838709677419355,0.838709677419355,0,0,0,0,0,0,0,0,2659,0.561731,-0.544034963758982
"660",220,220,3,1.12154893458172,8.64434920152451,9.7234296281773,10.5144472447913,11.7611889129253,12.9022016655183,15.2548432513777,16.170897380211,18.1306114743309,1,1,1,1,1,1,1,1,0.935483870967742,0.903225806451613,0.903225806451613,0.903225806451613,0.870967741935484,0.870967741935484,0.838709677419355,0.838709677419355,0,0,0,0,0,0,0,0,2660,0.494439,-0.627109934581721
"661",221,221,1,1.09085545904544,8.44799416374695,9.50331187666016,10.2769102863992,11.4961971285209,12.6120833393443,14.9129167863887,15.8087982464424,17.7253569613341,1,1,1,1,1,1,1,1,0.935483870967742,0.903225806451613,0.903225806451613,0.903225806451613,0.870967741935484,0.870967741935484,0.838709677419355,0.838709677419355,0,0,0,0,0,0,0,0,2661,0.394583,-0.696272459045436
"662",221,221,2,1.06755109316915,8.42468979787066,9.48000751078388,10.2536059205229,11.4728927626446,12.588778973468,14.8896124205124,15.7854938805661,17.7020525954578,1,1,1,1,1,1,1,1,0.935483870967742,0.903225806451613,0.903225806451613,0.903225806451613,0.870967741935484,0.870967741935484,0.838709677419355,0.838709677419355,0,0,0,0,0,0,0,0,2662,0.393552,-0.67399909316915
"663",221,221,3,1.06731047867209,8.4244491833736,9.47976689628682,10.2533653060259,11.4726521481475,12.5885383589709,14.8893718060153,15.7852532660691,17.7018119809607,1,1,1,1,1,1,1,1,0.935483870967742,0.903225806451613,0.903225806451613,0.903225806451613,0.870967741935484,0.870967741935484,0.838709677419355,0.838709677419355,0,0,0,0,0,0,0,0,2663,0.405635,-0.66167547867209
"664",222,222,1,1.06208059203606,8.40012682198416,9.45270588505002,10.2242967333307,11.4404194101179,12.5534097900806,14.8482723554735,15.7418289179217,17.6534139806442,1,1,1,1,1,1,1,1,0.935483870967742,0.903225806451613,0.903225806451613,0.903225806451613,0.870967741935484,0.870967741935484,0.838709677419355,0.838709677419355,0,0,0,0,0,0,0,0,2664,0.393461,-0.668619592036059
"665",222,222,2,1.05931795881654,8.39736418876464,9.4499432518305,10.2215341001112,11.4376567768984,12.550647156861,14.845509722254,15.7390662847022,17.6506513474246,1,1,1,1,1,1,1,1,0.935483870967742,0.903225806451613,0.903225806451613,0.903225806451613,0.870967741935484,0.870967741935484,0.838709677419355,0.838709677419355,0,0,0,0,0,0,0,0,2665,0.367532,-0.691785958816543
"666",222,222,3,1.0534339176839,8.391480147632,9.44405921069786,10.2156500589786,11.4317727357657,12.5447631157284,14.8396256811213,15.7331822435695,17.644767306292,1,1,1,1,1,1,1,1,0.935483870967742,0.903225806451613,0.903225806451613,0.903225806451613,0.870967741935484,0.870967741935484,0.838709677419355,0.838709677419355,0,0,0,0,0,0,0,0,2666,0.411662,-0.641771917683898
"667",223,223,1,1.05739652917139,8.38450985118118,9.43552068346276,10.2059619434953,11.4202727269187,12.5316048696642,14.8230483340631,15.7152735923291,17.6240105967467,1,1,1,1,1,1,1,1,0.935483870967742,0.903225806451613,0.903225806451613,0.903225806451613,0.870967741935484,0.870967741935484,0.838709677419355,0.838709677419355,0,0,0,0,0,0,0,0,2667,0.429835,-0.627561529171395
"668",223,223,2,1.0615234553966,8.38863677740639,9.43964760968796,10.2100888697205,11.4243996531439,12.5357317958894,14.8271752602883,15.7194005185543,17.6281375229719,1,1,1,1,1,1,1,1,0.935483870967742,0.903225806451613,0.903225806451613,0.903225806451613,0.870967741935484,0.870967741935484,0.838709677419355,0.838709677419355,0,0,0,0,0,0,0,0,2668,0.482536,-0.578987455396598
"669",223,223,3,1.07349138248593,8.40060470449572,9.4516155367773,10.2220567968099,11.4363675802333,12.5476997229787,14.8391431873776,15.7313684456437,17.6401054500613,1,1,1,1,1,1,1,1,0.935483870967742,0.903225806451613,0.903225806451613,0.903225806451613,0.870967741935484,0.870967741935484,0.838709677419355,0.838709677419355,0,0,0,0,0,0,0,0,2669,0.407336,-0.666155382485932
"670",224,224,1,1.05625596985832,8.38341561266841,9.43443308926689,10.2048792199019,11.4191976799975,12.5305368484012,14.8219947989273,15.714225697694,17.6229747688317,1,1,1,1,1,1,1,1,0.935483870967742,0.903225806451613,0.903225806451613,0.903225806451613,0.870967741935484,0.870967741935484,0.838709677419355,0.838709677419355,0,0,0,0,0,0,0,0,2670,0.439404,-0.616851969858321
"671",224,224,2,1.06353683087152,8.39069647368161,9.44171395028009,10.2121600809151,11.4264785410107,12.5378177094144,14.8292756599405,15.7215065587072,17.6302556298449,1,1,1,1,1,1,1,1,0.935483870967742,0.903225806451613,0.903225806451613,0.903225806451613,0.870967741935484,0.870967741935484,0.838709677419355,0.838709677419355,0,0,0,0,0,0,0,0,2671,0.437985,-0.625551830871518
"672",224,224,3,1.06321465481508,8.39037429762517,9.44139177422365,10.2118379048586,11.4261563649543,12.5374955333579,14.828953483884,15.7211843826508,17.6299334537885,1,1,1,1,1,1,1,1,0.935483870967742,0.903225806451613,0.903225806451613,0.903225806451613,0.870967741935484,0.870967741935484,0.838709677419355,0.838709677419355,0,0,0,0,0,0,0,0,2672,0.538799,-0.524415654815084
"673",225,225,1,1.08616408029997,8.41330056032818,9.46431471442656,10.2347584095099,11.4490730308747,12.560408686088,14.8518593928057,15.744087471032,17.6528305081892,1,1,1,1,1,1,1,1,0.935483870967742,0.903225806451613,0.903225806451613,0.903225806451613,0.870967741935484,0.870967741935484,0.838709677419355,0.838709677419355,0,0,0,0,0,0,0,0,2673,0.435149,-0.651015080299972
"674",225,225,2,1.06262913532024,8.38976561534844,9.44077976944683,10.2112234645302,11.425538085895,12.5368737411083,14.8283244478259,15.7205525260523,17.6292955632095,1,1,1,1,1,1,1,1,0.935483870967742,0.903225806451613,0.903225806451613,0.903225806451613,0.870967741935484,0.870967741935484,0.838709677419355,0.838709677419355,0,0,0,0,0,0,0,0,2674,0.486958,-0.575671135320235
"675",225,225,3,1.07439297482294,8.40152945485114,9.45254360894953,10.2229873040329,11.4373019253977,12.548637580611,14.8400882873286,15.732316365555,17.6410594027122,1,1,1,1,1,1,1,1,0.935483870967742,0.903225806451613,0.903225806451613,0.903225806451613,0.870967741935484,0.870967741935484,0.838709677419355,0.838709677419355,0,0,0,0,0,0,0,0,2675,0.44995,-0.624442974822938
"676",226,226,1,1.06600604108353,8.3931406978339,9.4441545903989,10.2145980937657,11.4289124129616,12.5402477916312,14.8316979281464,15.7239257843516,17.6326683465389,1,1,1,1,1,1,1,1,0.935483870967742,0.903225806451613,0.903225806451613,0.903225806451613,0.870967741935484,0.870967741935484,0.838709677419355,0.838709677419355,0,0,0,0,0,0,0,0,2676,0.42609,-0.639916041083529
"677",226,226,2,1.06058823565702,8.38772289240739,9.4387367849724,10.2091802883392,11.4234946075351,12.5348299862047,14.8262801227199,15.7185079789251,17.6272505411124,1,1,1,1,1,1,1,1,0.935483870967742,0.903225806451613,0.903225806451613,0.903225806451613,0.870967741935484,0.870967741935484,0.838709677419355,0.838709677419355,0,0,0,0,0,0,0,0,2677,0.745481,-0.315107235657024
"678",226,226,3,1.13311121524532,8.46024587199569,9.51125976456069,10.2817032679275,11.4960175871234,12.607352965793,14.8988031023082,15.7910309585133,17.6997735207007,1,1,1,1,1,1,1,1,0.935483870967742,0.903225806451613,0.903225806451613,0.903225806451613,0.870967741935484,0.870967741935484,0.838709677419355,0.838709677419355,0,0,0,0,0,0,0,0,2678,0.426135,-0.706976215245318
"679",227,227,1,1.060589907169,8.38772069330313,9.43873403066182,10.2091771270358,11.4234908047607,12.5348255963586,14.8262745223974,15.7185019072762,17.6272434611553,1,1,1,1,1,1,1,1,0.935483870967742,0.903225806451613,0.903225806451613,0.903225806451613,0.870967741935484,0.870967741935484,0.838709677419355,0.838709677419355,0,0,0,0,0,0,0,0,2679,0.895898,-0.164691907169002
"680",227,227,2,1.16725608519976,8.49438687133389,9.54540020869257,10.3158433050666,11.5301569827914,12.6414917743894,14.9329407004281,15.8251680853069,17.7339096391861,1,1,1,1,1,1,1,1,0.935483870967742,0.903225806451613,0.903225806451613,0.903225806451613,0.870967741935484,0.870967741935484,0.838709677419355,0.838709677419355,0,0,0,0,0,0,0,0,2680,0.442335,-0.724921085199759
"681",227,227,3,1.06426834094113,8.39139912707526,9.44241246443395,10.212855560808,11.4271692385328,12.5385040301308,14.8299529561695,15.7221803410483,17.6309218949274,1,1,1,1,1,1,1,1,0.935483870967742,0.903225806451613,0.903225806451613,0.903225806451613,0.870967741935484,0.870967741935484,0.838709677419355,0.838709677419355,0,0,0,0,0,0,0,0,2681,0.449515,-0.614753340941135
"682",228,228,1,1.06590357082576,8.39304638911249,9.44406145237907,10.2145058139262,11.4288214857205,12.5401581022824,14.8316107911942,15.7238396412326,17.6325843295269,1,1,1,1,1,1,1,1,0.935483870967742,0.903225806451613,0.903225806451613,0.903225806451613,0.870967741935484,0.870967741935484,0.838709677419355,0.838709677419355,0,0,0,0,0,0,0,0,2682,0.392713,-0.673190570825761
"683",228,228,2,1.05300581395789,8.38014863224462,9.4311636955112,10.2016080570583,11.4159237288526,12.5272603454145,14.8187130343264,15.7109418843648,17.619686572659,1,1,1,1,1,1,1,1,0.935483870967742,0.903225806451613,0.903225806451613,0.903225806451613,0.870967741935484,0.870967741935484,0.838709677419355,0.838709677419355,0,0,0,0,0,0,0,0,2683,0.445053,-0.607952813957892
"684",228,228,3,1.06489040595226,8.39203322423899,9.44304828750557,10.2134926490527,11.427808320847,12.5391449374089,14.8305976263207,15.7228264763591,17.6315711646534,1,1,1,1,1,1,1,1,0.935483870967742,0.903225806451613,0.903225806451613,0.903225806451613,0.870967741935484,0.870967741935484,0.838709677419355,0.838709677419355,0,0,0,0,0,0,0,0,2684,0.469336,-0.595554405952263
"685",229,229,1,1.07039536978252,8.39754148295398,9.44855701884319,10.2190017268453,11.4333179446956,12.5446550610057,14.8361087803427,15.7283380316004,17.6370835782229,1,1,1,1,1,1,1,1,0.935483870967742,0.903225806451613,0.903225806451613,0.903225806451613,0.870967741935484,0.870967741935484,0.838709677419355,0.838709677419355,0,0,0,0,0,0,0,0,2685,0.465723,-0.604672369782517
"686",229,229,2,1.06957499265406,8.39672110582552,9.44773664171473,10.2181813497169,11.4324975675671,12.5438346838772,14.8352884032142,15.7275176544719,17.6362632010945,1,1,1,1,1,1,1,1,0.935483870967742,0.903225806451613,0.903225806451613,0.903225806451613,0.870967741935484,0.870967741935484,0.838709677419355,0.838709677419355,0,0,0,0,0,0,0,0,2686,0.476624,-0.592950992654056
"687",229,229,3,1.07205020191986,8.39919631509133,9.45021185098054,10.2206565589827,11.4349727768329,12.546309893143,14.83776361248,15.7299928637378,17.6387384103603,1,1,1,1,1,1,1,1,0.935483870967742,0.903225806451613,0.903225806451613,0.903225806451613,0.870967741935484,0.870967741935484,0.838709677419355,0.838709677419355,0,0,0,0,0,0,0,0,2687,0.465197,-0.606853201919862
"688",230,230,1,1.06947230109261,8.39661563890094,9.44763077668838,10.2180751928629,11.4323909507566,12.5437276461165,14.8351804975008,15.7274094108015,17.6361542344329,1,1,1,1,1,1,1,1,0.935483870967742,0.903225806451613,0.903225806451613,0.903225806451613,0.870967741935484,0.870967741935484,0.838709677419355,0.838709677419355,0,0,0,0,0,0,0,0,2688,0.428471,-0.641001301092606
"689",230,230,2,1.06113302029038,8.38827635809871,9.43929149588615,10.2097359120607,11.4240516699544,12.5353883653142,14.8268412166985,15.7190701299993,17.6278149536306,1,1,1,1,1,1,1,1,0.935483870967742,0.903225806451613,0.903225806451613,0.903225806451613,0.870967741935484,0.870967741935484,0.838709677419355,0.838709677419355,0,0,0,0,0,0,0,0,2689,0.416038,-0.645095020290377
"690",230,230,3,1.05830989013152,8.38545322793985,9.4364683657273,10.2069127819018,11.4212285397955,12.5325652351554,14.8240180865397,15.7162469998404,17.6249918234718,1,1,1,1,1,1,1,1,0.935483870967742,0.903225806451613,0.903225806451613,0.903225806451613,0.870967741935484,0.870967741935484,0.838709677419355,0.838709677419355,0,0,0,0,0,0,0,0,2690,1.996236,0.937926109868479
"691",231,231,1,1.41746394230969,8.74463767576869,9.79565717354849,10.5661047858061,11.7804255811225,12.8917668867104,15.1832292438731,16.0754618584633,17.9842146002611,1,1,1,1,1,1,1,1,0.935483870967742,0.903225806451613,0.903225806451613,0.903225806451613,0.870967741935484,0.870967741935484,0.838709677419355,0.838709677419355,0,0,0,0,0,0,0,0,2691,0.422133,-0.995330942309692
"692",231,231,2,1.0603850121526,8.38755874561159,9.4385782433914,10.209025855649,11.4233466509654,12.5346879565533,14.826150313716,15.7183829283062,17.627135670104,1,1,1,1,1,1,1,1,0.935483870967742,0.903225806451613,0.903225806451613,0.903225806451613,0.870967741935484,0.870967741935484,0.838709677419355,0.838709677419355,0,0,0,0,0,0,0,0,2692,0.416024,-0.644361012152598
"693",231,231,3,1.05899921008988,8.38617294354887,9.43719244132868,10.2076400535863,11.4219608489027,12.5333021544906,14.8247645116532,15.7169971262435,17.6257498680413,1,1,1,1,1,1,1,1,0.935483870967742,0.903225806451613,0.903225806451613,0.903225806451613,0.870967741935484,0.870967741935484,0.838709677419355,0.838709677419355,0,0,0,0,0,0,0,0,2693,0.413645,-0.64535421008988
"694",232,232,1,1.05845097102324,8.38571808311344,9.4367509752477,10.2072084062084,11.4215446770162,12.5329001457089,14.824391705621,15.7166356909611,17.625412758198,1,1,1,1,1,1,1,1,0.935483870967742,0.903225806451613,0.903225806451613,0.903225806451613,0.870967741935484,0.870967741935484,0.838709677419355,0.838709677419355,0,0,0,0,0,0,0,0,2694,0.454838,-0.603612971023241
"695",232,232,2,1.06780382708063,8.39507093917083,9.44610383130509,10.2165612622658,11.4308975330735,12.5422530017663,14.8337445616784,15.7259885470185,17.6347656142554,1,1,1,1,1,1,1,1,0.935483870967742,0.903225806451613,0.903225806451613,0.903225806451613,0.870967741935484,0.870967741935484,0.838709677419355,0.838709677419355,0,0,0,0,0,0,0,0,2695,0.40519,-0.662613827080629
"696",232,232,3,1.05653126626842,8.38379837835863,9.43483127049288,10.2052887014536,11.4196249722613,12.5309804409541,14.8224720008662,15.7147159862063,17.6234930534432,1,1,1,1,1,1,1,1,0.935483870967742,0.903225806451613,0.903225806451613,0.903225806451613,0.870967741935484,0.870967741935484,0.838709677419355,0.838709677419355,0,0,0,0,0,0,0,0,2696,0.465199,-0.591332266268423
"697",233,233,1,1.07016442895679,8.39743081057749,9.44846359793223,10.2189209520846,11.4332571018328,12.5446124597323,14.8361037912011,15.7283476875917,17.637124564539,1,1,1,1,1,1,1,1,0.935483870967742,0.903225806451613,0.903225806451613,0.903225806451613,0.870967741935484,0.870967741935484,0.838709677419355,0.838709677419355,0,0,0,0,0,0,0,0,2697,0.407128,-0.663036428956788
"698",233,233,2,1.05697929093228,8.38424567255298,9.43527845990772,10.2057358140601,11.4200719638082,12.5314273217078,14.8229186531766,15.7151625495672,17.6239394265145,1,1,1,1,1,1,1,1,0.935483870967742,0.903225806451613,0.903225806451613,0.903225806451613,0.870967741935484,0.870967741935484,0.838709677419355,0.838709677419355,0,0,0,0,0,0,0,0,2698,0.437435,-0.619544290932276
"699",233,233,3,1.06386055659171,8.39112693821241,9.44215972556715,10.2126170797195,11.4269532294677,12.5383085873673,14.8297999188361,15.7220438152267,17.6308206921739,1,1,1,1,1,1,1,1,0.935483870967742,0.903225806451613,0.903225806451613,0.903225806451613,0.870967741935484,0.870967741935484,0.838709677419355,0.838709677419355,0,0,0,0,0,0,0,0,2699,0.40621,-0.657650556591708
"700",234,234,1,1.05630498337041,8.38356780758138,9.43460008465656,10.2050570647496,11.4193926249339,12.5307474432671,14.82223766221,15.7144811254136,17.6232570756439,1,1,1,1,1,1,1,1,0.935483870967742,0.903225806451613,0.903225806451613,0.903225806451613,0.870967741935484,0.870967741935484,0.838709677419355,0.838709677419355,0,0,0,0,0,0,0,0,2700,0.407362,-0.648942983370411
"701",234,234,2,1.05656623312417,8.38382905733514,9.43486133441032,10.2053183145033,11.4196538746877,12.5310086930209,14.8224989119638,15.7147423751673,17.6235183253977,1,1,1,1,1,1,1,1,0.935483870967742,0.903225806451613,0.903225806451613,0.903225806451613,0.870967741935484,0.870967741935484,0.838709677419355,0.838709677419355,0,0,0,0,0,0,0,0,2701,0.407674,-0.648892233124168
"702",234,234,3,1.05663698826581,8.38389981247678,9.43493208955196,10.205389069645,11.4197246298293,12.5310794481625,14.8225696671054,15.714813130309,17.6235890805393,1,1,1,1,1,1,1,1,0.935483870967742,0.903225806451613,0.903225806451613,0.903225806451613,0.870967741935484,0.870967741935484,0.838709677419355,0.838709677419355,0,0,0,0,0,0,0,0,2702,0.431195,-0.62544198826581
"703",235,235,1,1.0624299968773,8.38968708793966,9.44071854264441,10.2111749199005,11.4255095299393,12.5368634787033,14.828351904691,15.7205946697669,17.6293691264933,0,0,0,0,0,0,0,0,0,0,0,0,0,0,0,0,0,0,0,0,0,0,0,0,2703,26.856529,25.7940990031227
"704",235,235,2,7.06224865662741,14.3895057476898,15.4405372023945,16.2109935796506,17.4253281896894,18.5366821384534,20.8281705644411,21.7204133295171,23.6291877862434,1,1,1,1,1,1,1,1,0.870967741935484,0.870967741935484,0.838709677419355,0.838709677419355,0.838709677419355,0.806451612903226,0.806451612903226,0.774193548387097,1,1,1,1,1,1,1,1,2704,0.5279,-6.53434865662742
"705",235,235,3,1.08438667161568,8.41164376267804,9.4626752173828,10.2331315946389,11.4474662046777,12.5588201534417,14.8503085794294,15.7425513445053,17.6513258012317,1,1,1,1,1,1,1,1,0.935483870967742,0.903225806451613,0.903225806451613,0.903225806451613,0.870967741935484,0.870967741935484,0.838709677419355,0.838709677419355,1,1,1,1,1,1,1,1,2705,0.874913,-0.209473671615683
"706",236,236,1,1.17523270006608,8.5674584472358,9.62780909195807,10.4050968816783,11.6301986432853,12.7514066440654,15.0632130310134,15.9633670530096,17.8890660573156,1,1,1,1,1,1,1,1,0.935483870967742,0.903225806451613,0.903225806451613,0.903225806451613,0.870967741935484,0.870967741935484,0.838709677419355,0.838709677419355,0,0,0,0,0,0,0,0,2706,0.430181,-0.745051700066082
"707",236,236,2,1.0763578033169,8.46858355048662,9.52893419520889,10.3062219849291,11.5313237465361,12.6525317473162,14.9643381342642,15.8644921562604,17.7901911605664,1,1,1,1,1,1,1,1,0.935483870967742,0.903225806451613,0.903225806451613,0.903225806451613,0.870967741935484,0.870967741935484,0.838709677419355,0.838709677419355,0,0,0,0,0,0,0,0,2707,0.523048,-0.553309803316903
"708",236,236,3,1.09700442878214,8.48923017595186,9.54958082067412,10.3268686103944,11.5519703720014,12.6731783727815,14.9849847597294,15.8851387817257,17.8108377860316,1,1,1,1,1,1,1,1,0.935483870967742,0.903225806451613,0.903225806451613,0.903225806451613,0.870967741935484,0.870967741935484,0.838709677419355,0.838709677419355,0,0,0,0,0,0,0,0,2708,2.490332,1.39332757121786
"709",237,237,1,1.53524790426358,8.92760375276519,9.98797305939468,10.7652745291864,11.9903978522793,13.1116255860409,15.4234726602055,16.3236425246883,18.2493754208171,1,1,1,1,1,1,1,1,0.935483870967742,0.903225806451613,0.903225806451613,0.903225806451613,0.870967741935484,0.870967741935484,0.838709677419355,0.838709677419355,0,0,0,0,0,0,0,0,2709,0.469848,-1.06539990426358
"710",237,237,2,1.08573298041924,8.47808882892084,9.53845813555034,10.3157596053421,11.5408829284349,12.6621106621966,14.9739577363611,15.8741276008439,17.7998604969727,1,1,1,1,1,1,1,1,0.935483870967742,0.903225806451613,0.903225806451613,0.903225806451613,0.870967741935484,0.870967741935484,0.838709677419355,0.838709677419355,0,0,0,0,0,0,0,0,2710,0.413845,-0.671887980419235
"711",237,237,3,1.07327349829512,8.46562934679673,9.52599865342623,10.3033001232179,11.5284234463108,12.6496511800725,14.961498254237,15.8616681187198,17.7874010148486,1,1,1,1,1,1,1,1,0.935483870967742,0.903225806451613,0.903225806451613,0.903225806451613,0.870967741935484,0.870967741935484,0.838709677419355,0.838709677419355,0,0,0,0,0,0,0,0,2711,0.463119,-0.610154498295123
"712",238,238,1,1.08408465142471,8.47652324947281,9.53690442580677,10.3142145966602,11.5393516337031,12.6605919184145,14.9724648712436,15.8726448121688,17.7983992648253,1,1,1,1,1,1,1,1,0.935483870967742,0.903225806451613,0.903225806451613,0.903225806451613,0.870967741935484,0.870967741935484,0.838709677419355,0.838709677419355,0,0,0,0,0,0,0,0,2712,0.493239,-0.590845651424707
"713",238,238,2,1.09078485573728,8.48322345378539,9.54360463011935,10.3209148009727,11.5460518380157,12.6672921227271,14.9791650755561,15.8793450164814,17.8050994691379,1,1,1,1,1,1,1,1,0.935483870967742,0.903225806451613,0.903225806451613,0.903225806451613,0.870967741935484,0.870967741935484,0.838709677419355,0.838709677419355,0,0,0,0,0,0,0,0,2713,0.495692,-0.595092855737284
"714",238,238,3,1.09133052642715,8.48376912447525,9.54415030080921,10.3214604716626,11.5465975087056,12.667837793417,14.979710746246,15.8798906871712,17.8056451398278,1,1,1,1,1,1,1,1,0.935483870967742,0.903225806451613,0.903225806451613,0.903225806451613,0.870967741935484,0.870967741935484,0.838709677419355,0.838709677419355,0,0,0,0,0,0,0,0,2714,0.426613,-0.664717526427149
"715",239,239,1,1.07593636029682,8.46837063411646,9.52875119017737,10.3060609063409,11.5311972267364,12.652436855575,14.9643084560673,15.8644878704296,17.7902411966105,1,1,1,1,1,1,1,1,0.935483870967742,0.903225806451613,0.903225806451613,0.903225806451613,0.870967741935484,0.870967741935484,0.838709677419355,0.838709677419355,0,0,0,0,0,0,0,0,2715,0.50844,-0.567496360296817
"716",239,239,2,1.09413817337516,8.48657244719481,9.54695300325572,10.3242627194193,11.5493990398148,12.6706386686534,14.9825102691456,15.882689683508,17.8084430096888,1,1,1,1,1,1,1,1,0.935483870967742,0.903225806451613,0.903225806451613,0.903225806451613,0.870967741935484,0.870967741935484,0.838709677419355,0.838709677419355,0,0,0,0,0,0,0,0,2716,0.439708,-0.654430173375162
"717",239,239,3,1.0788492465356,8.47128352035525,9.53166407641616,10.3089737925797,11.5341101129752,12.6553497418138,14.9672213423061,15.8674007566684,17.7931540828493,1,1,1,1,1,1,1,1,0.935483870967742,0.903225806451613,0.903225806451613,0.903225806451613,0.870967741935484,0.870967741935484,0.838709677419355,0.838709677419355,0,0,0,0,0,0,0,0,2717,0.464709,-0.614140246535601
"718",240,240,1,1.08429238558979,8.47674773199337,9.53713131073361,10.3144432426658,11.539583055387,12.6608258803874,14.9727040710104,15.872886051389,17.7986448670469,1,1,1,1,1,1,1,1,0.935483870967742,0.903225806451613,0.903225806451613,0.903225806451613,0.870967741935484,0.870967741935484,0.838709677419355,0.838709677419355,0,0,0,0,0,0,0,0,2718,0.569522,-0.514770385589791
"719",240,240,2,1.1076038578194,8.50005920422298,9.56044278296322,10.3377547148954,11.5628945276166,12.684137352617,14.99601554324,15.8961975236186,17.8219563392765,1,1,1,1,1,1,1,1,0.935483870967742,0.903225806451613,0.903225806451613,0.903225806451613,0.870967741935484,0.870967741935484,0.838709677419355,0.838709677419355,0,0,0,0,0,0,0,0,2719,0.445159,-0.662444857819396
"720",240,240,3,1.07994426768372,8.4723996140873,9.53278319282754,10.3100951247598,11.5352349374809,12.6564777624814,14.9683559531043,15.8685379334829,17.7942967491409,1,1,1,1,1,1,1,1,0.935483870967742,0.903225806451613,0.903225806451613,0.903225806451613,0.870967741935484,0.870967741935484,0.838709677419355,0.838709677419355,0,0,0,0,0,0,0,0,2720,0.452646,-0.627298267683722
"721",241,241,1,1.08163432739849,8.47408689704,9.53447007747782,10.3117817174353,11.5369210699681,12.6581634738061,14.9700407960389,15.8702224382902,17.7959805305925,1,1,1,1,1,1,1,1,0.935483870967742,0.903225806451613,0.903225806451613,0.903225806451613,0.870967741935484,0.870967741935484,0.838709677419355,0.838709677419355,0,0,0,0,0,0,0,0,2721,0.415594,-0.666040327398494
"722",241,241,2,1.0733933285259,8.46584589816741,9.52622907860522,10.3035407185627,11.5286800710955,12.6499224749335,14.9617997971663,15.8619814394176,17.7877395317199,1,1,1,1,1,1,1,1,0.935483870967742,0.903225806451613,0.903225806451613,0.903225806451613,0.870967741935484,0.870967741935484,0.838709677419355,0.838709677419355,0,0,0,0,0,0,0,0,2722,0.667794,-0.405599328525901
"723",241,241,3,1.12948692443618,8.52193949407769,9.58232267451551,10.359634314473,11.5847736670058,12.7060160708438,15.0178933930766,15.9180750353278,17.8438331276302,1,1,1,1,1,1,1,1,0.935483870967742,0.903225806451613,0.903225806451613,0.903225806451613,0.870967741935484,0.870967741935484,0.838709677419355,0.838709677419355,0,0,0,0,0,0,0,0,2723,0.50579,-0.623696924436183
"724",242,242,1,1.09355971930626,8.48598742908092,9.54636704358653,10.323676069545,11.5488113020918,12.6700499353358,14.9819194830226,15.8820980980789,17.8078497143045,1,1,1,1,1,1,1,1,0.935483870967742,0.903225806451613,0.903225806451613,0.903225806451613,0.870967741935484,0.870967741935484,0.838709677419355,0.838709677419355,0,0,0,0,0,0,0,0,2724,0.442911,-0.650648719306264
"725",242,242,2,1.07957252262202,8.47200023239668,9.53237984690229,10.3096888728607,11.5348241054075,12.6560627386516,14.9679322863384,15.8681109013946,17.7938625176202,1,1,1,1,1,1,1,1,0.935483870967742,0.903225806451613,0.903225806451613,0.903225806451613,0.870967741935484,0.870967741935484,0.838709677419355,0.838709677419355,0,0,0,0,0,0,0,0,2725,0.451425,-0.628147522622025
"726",242,242,3,1.08146642984971,8.47389413962436,9.53427375412997,10.3115827800884,11.5367180126352,12.6579566458793,14.9698261935661,15.8700048086223,17.7957564248479,1,1,1,1,1,1,1,1,0.935483870967742,0.903225806451613,0.903225806451613,0.903225806451613,0.870967741935484,0.870967741935484,0.838709677419355,0.838709677419355,0,0,0,0,0,0,0,0,2726,0.428657,-0.65280942984971
"727",243,243,1,1.07643271426421,8.46883798251861,9.52921437798285,10.3065210442298,11.5316525575794,12.6528877870296,14.9647503164717,15.8649261988158,17.7906719689519,1,1,1,1,1,1,1,1,0.935483870967742,0.903225806451613,0.903225806451613,0.903225806451613,0.870967741935484,0.870967741935484,0.838709677419355,0.838709677419355,0,0,0,0,0,0,0,0,2727,0.444195,-0.632237714264214
"728",243,243,2,1.07988922108166,8.47229448933606,9.5326708848003,10.3099775510473,11.5351090643968,12.6563442938471,14.9682068232891,15.8683827056332,17.7941284757694,1,1,1,1,1,1,1,1,0.935483870967742,0.903225806451613,0.903225806451613,0.903225806451613,0.870967741935484,0.870967741935484,0.838709677419355,0.838709677419355,0,0,0,0,0,0,0,0,2728,0.459134,-0.620755221081664
"729",243,243,3,1.08321247731451,8.4756177455689,9.53599414103314,10.3133008072801,11.5384323206297,12.6596675500799,14.9715300795219,15.8717059618661,17.7974517320022,1,1,1,1,1,1,1,1,0.935483870967742,0.903225806451613,0.903225806451613,0.903225806451613,0.870967741935484,0.870967741935484,0.838709677419355,0.838709677419355,0,0,0,0,0,0,0,0,2729,0.434619,-0.648593477314506
"730",244,244,1,1.07761339356766,8.47008182965209,9.53046728599348,10.3077805942972,11.5329225763503,12.6541673867142,14.9660496709362,15.8662332452499,17.7919954708126,1,1,1,1,1,1,1,1,0.935483870967742,0.903225806451613,0.903225806451613,0.903225806451613,0.870967741935484,0.870967741935484,0.838709677419355,0.838709677419355,0,0,0,0,0,0,0,0,2730,0.524385,-0.553228393567658
"731",244,244,2,1.09757251640517,8.49004095248961,9.55042640883099,10.3277397171347,11.5528816991878,12.6741265095517,14.9860087937737,15.8861923680875,17.8119545936501,1,1,1,1,1,1,1,1,0.935483870967742,0.903225806451613,0.903225806451613,0.903225806451613,0.870967741935484,0.870967741935484,0.838709677419355,0.838709677419355,0,0,0,0,0,0,0,0,2731,0.314208,-0.783364516405169
"732",244,244,3,1.05084047353126,8.44330890961569,9.50369436595708,10.2810076742608,11.5061496563139,12.6273944666778,14.9392767508998,15.8394603252135,17.7652225507762,1,1,1,1,1,1,1,1,0.935483870967742,0.903225806451613,0.903225806451613,0.903225806451613,0.870967741935484,0.870967741935484,0.838709677419355,0.838709677419355,0,0,0,0,0,0,0,0,2732,0.484149,-0.566691473531258
"733",245,245,1,1.08779812672208,8.48026187272916,9.54064665631964,10.3179594714648,11.5431006762388,12.6643447752402,14.9762255927117,15.876408595913,17.8021695996952,1,1,1,1,1,1,1,1,0.935483870967742,0.903225806451613,0.903225806451613,0.903225806451613,0.870967741935484,0.870967741935484,0.838709677419355,0.838709677419355,0,0,0,0,0,0,0,0,2733,0.412618,-0.675180126722079
"734",245,245,2,1.07187374077897,8.46433748678605,9.52472227037654,10.3020350855217,11.5271762902957,12.6484203892971,14.9603012067686,15.8604842099699,17.7862452137521,1,1,1,1,1,1,1,1,0.935483870967742,0.903225806451613,0.903225806451613,0.903225806451613,0.870967741935484,0.870967741935484,0.838709677419355,0.838709677419355,0,0,0,0,0,0,0,0,2734,0.435408,-0.636465740778973
"735",245,245,3,1.07694729987424,8.46941104588132,9.5297958294718,10.3071086446169,11.532249849391,12.6534939483923,14.9653747658638,15.8655577690652,17.7913187728473,1,1,1,1,1,1,1,1,0.935483870967742,0.903225806451613,0.903225806451613,0.903225806451613,0.870967741935484,0.870967741935484,0.838709677419355,0.838709677419355,0,0,0,0,0,0,0,0,2735,0.408068,-0.668879299874238
"736",246,246,1,1.07087737098992,8.46333530896093,9.52371925943903,10.3010314638729,11.5261717060904,12.6474149241641,14.9592939252604,15.8594762212151,17.7852357119849,1,1,1,1,1,1,1,1,0.935483870967742,0.903225806451613,0.903225806451613,0.903225806451613,0.870967741935484,0.870967741935484,0.838709677419355,0.838709677419355,0,0,0,0,0,0,0,0,2736,0.394668,-0.676209370989916
"737",246,246,2,1.06789416994603,8.46035210791704,9.52073605839514,10.298048262829,11.5231885050465,12.6444317231202,14.9563107242165,15.8564930201712,17.782252510941,1,1,1,1,1,1,1,1,0.935483870967742,0.903225806451613,0.903225806451613,0.903225806451613,0.870967741935484,0.870967741935484,0.838709677419355,0.838709677419355,0,0,0,0,0,0,0,0,2737,0.479669,-0.588225169946027
"738",246,246,3,1.08681768277674,8.47927562074775,9.53965957122586,10.3169717756597,11.5421120178772,12.6633552359509,14.9752342370473,15.8754165330019,17.8011760237717,1,1,1,1,1,1,1,1,0.935483870967742,0.903225806451613,0.903225806451613,0.903225806451613,0.870967741935484,0.870967741935484,0.838709677419355,0.838709677419355,0,0,0,0,0,0,0,0,2738,0.498988,-0.587829682776741
"739",247,247,1,1.08131291858927,8.43851187531431,9.49383823085753,10.2674429760582,11.4867398036514,12.6026351531366,14.9034874430867,15.7993762400513,17.7159506507923,1,1,1,1,1,1,1,1,0.935483870967742,0.903225806451613,0.903225806451613,0.903225806451613,0.870967741935484,0.870967741935484,0.838709677419355,0.838709677419355,0,0,0,0,0,0,0,0,2739,0.520408,-0.560904918589269
"740",247,247,2,1.08602857603059,8.44322753275564,9.49855388829885,10.2721586334995,11.4914554610927,12.6073508105779,14.908203100528,15.8040918974926,17.7206663082336,1,1,1,1,1,1,1,1,0.935483870967742,0.903225806451613,0.903225806451613,0.903225806451613,0.870967741935484,0.870967741935484,0.838709677419355,0.838709677419355,0,0,0,0,0,0,0,0,2740,0.345716,-0.740312576030593
"741",247,247,3,1.04756976978691,8.40476872651195,9.46009508205517,10.2336998272558,11.452996654849,12.5688920043342,14.8697442942844,15.765633091249,17.68220750199,1,1,1,1,1,1,1,1,0.935483870967742,0.903225806451613,0.903225806451613,0.903225806451613,0.870967741935484,0.870967741935484,0.838709677419355,0.838709677419355,0,0,0,0,0,0,0,0,2741,0.296183,-0.75138676978691
"742",248,248,1,1.03137728880894,8.38061537451473,9.4347998121828,10.2075674769086,11.4255449620678,12.5402328548836,14.8385955032701,15.7335149020708,17.6480154798528,1,1,1,1,1,1,1,1,0.935483870967742,0.903225806451613,0.903225806451613,0.903225806451613,0.870967741935484,0.870967741935484,0.838709677419355,0.838709677419355,0,0,0,0,0,0,0,0,2742,0.502639,-0.528738288808942
"743",248,248,2,1.07695849271285,8.42619657841864,9.48038101608671,10.2531486808125,11.4711261659718,12.5858140587875,14.884176707174,15.7790961059747,17.6935966837567,1,1,1,1,1,1,1,1,0.935483870967742,0.903225806451613,0.903225806451613,0.903225806451613,0.870967741935484,0.870967741935484,0.838709677419355,0.838709677419355,0,0,0,0,0,0,0,0,2743,0.441929,-0.635029492712854
"744",248,248,3,1.0635549835438,8.41279306924958,9.46697750691765,10.2397451716434,11.4577226568027,12.5724105496185,14.870773198005,15.7656925968057,17.6801931745876,1,1,1,1,1,1,1,1,0.935483870967742,0.903225806451613,0.903225806451613,0.903225806451613,0.870967741935484,0.870967741935484,0.838709677419355,0.838709677419355,0,0,0,0,0,0,0,0,2744,0.469092,-0.594462983543799
"745",249,249,1,1.06960440947425,8.41882445103807,9.47300630043053,10.2457720678264,11.4637465625588,12.5784317185485,14.8767887239035,15.7717059254625,17.6862018026864,1,1,1,1,1,1,1,1,0.935483870967742,0.903225806451613,0.903225806451613,0.903225806451613,0.870967741935484,0.870967741935484,0.838709677419355,0.838709677419355,0,0,0,0,0,0,0,0,2745,0.420386,-0.649218409474247
"746",249,249,2,1.05885041568425,8.40807045724808,9.46225230664054,10.2350180740364,11.4529925687688,12.5676777247585,14.8660347301135,15.7609519316725,17.6754478088964,1,1,1,1,1,1,1,1,0.935483870967742,0.903225806451613,0.903225806451613,0.903225806451613,0.870967741935484,0.870967741935484,0.838709677419355,0.838709677419355,0,0,0,0,0,0,0,0,2746,0.430633,-0.628217415684253
"747",249,249,3,1.06111289206018,8.41033293362401,9.46451478301647,10.2372805504123,11.4552550451448,12.5699402011345,14.8682972064895,15.7632144080484,17.6777102852723,1,1,1,1,1,1,1,1,0.935483870967742,0.903225806451613,0.903225806451613,0.903225806451613,0.870967741935484,0.870967741935484,0.838709677419355,0.838709677419355,0,0,0,0,0,0,0,0,2747,0.429773,-0.631339892060184
"748",250,250,1,1.06093030435349,8.41014987418023,9.46433165590611,10.2370973736991,11.4550717902513,12.5697568746908,14.8681137325172,15.7630308766325,17.6775266309674,1,1,1,1,1,1,1,1,0.935483870967742,0.903225806451613,0.903225806451613,0.903225806451613,0.870967741935484,0.870967741935484,0.838709677419355,0.838709677419355,0,0,0,0,0,0,0,0,2748,0.313254,-0.747676304353489
"749",250,250,2,1.03520336281143,8.38442293263817,9.43860471436405,10.211370432157,11.4293448487092,12.5440299331487,14.8423867909751,15.7373039350905,17.6517996894253,1,1,1,1,1,1,1,1,0.935483870967742,0.903225806451613,0.903225806451613,0.903225806451613,0.870967741935484,0.870967741935484,0.838709677419355,0.838709677419355,0,0,0,0,0,0,0,0,2749,0.441434,-0.593769362811431
"750",250,250,3,1.06350500775226,8.41272457757901,9.46690635930488,10.2396720770979,11.4576464936501,12.5723315780896,14.870688435916,15.7656055800313,17.6801013343662,1,1,1,1,1,1,1,1,0.935483870967742,0.903225806451613,0.903225806451613,0.903225806451613,0.870967741935484,0.870967741935484,0.838709677419355,0.838709677419355,0,0,0,0,0,0,0,0,2750,0.397556,-0.665949007752265
"751",251,251,1,1.05379714867817,8.4030134147426,9.45719472257243,10.2299600929769,11.4479339620019,12.5626185453467,14.8609743699716,15.7558911117866,17.6703860054806,1,1,1,1,1,1,1,1,0.935483870967742,0.903225806451613,0.903225806451613,0.903225806451613,0.870967741935484,0.870967741935484,0.838709677419355,0.838709677419355,0,0,0,0,0,0,0,0,2751,0.422842,-0.630955148678174
"752",251,251,2,1.05938036870689,8.40859663477131,9.46277794260114,10.2355433130056,11.4535171820306,12.5682017653754,14.8665575900003,15.7614743318153,17.6759692255093,1,1,1,1,1,1,1,1,0.935483870967742,0.903225806451613,0.903225806451613,0.903225806451613,0.870967741935484,0.870967741935484,0.838709677419355,0.838709677419355,0,0,0,0,0,0,0,0,2752,0.318036,-0.741344368706887
"753",251,251,3,1.03623890867647,8.38545517474089,9.43963648257072,10.2124018529752,11.4303757220002,12.545060305345,14.8434161299699,15.7383328717849,17.6528277654789,1,1,1,1,1,1,1,1,0.935483870967742,0.903225806451613,0.903225806451613,0.903225806451613,0.870967741935484,0.870967741935484,0.838709677419355,0.838709677419355,0,0,0,0,0,0,0,0,2753,0.40082,-0.635418908676465
"754",252,252,1,1.05453177114334,8.40379614606187,9.4579843546894,10.230754783709,11.4487366257375,12.5634285059418,14.8617993758805,15.7567219759282,17.6712294021361,1,1,1,1,1,1,1,1,0.935483870967742,0.903225806451613,0.903225806451613,0.903225806451613,0.870967741935484,0.870967741935484,0.838709677419355,0.838709677419355,0,0,0,0,0,0,0,0,2754,0.422181,-0.632350771143341
"755",252,252,2,1.05924279321906,8.40850716813759,9.46269537676513,10.2354658057847,11.4534476478132,12.5681395280175,14.8665103979562,15.7614329980039,17.6759404242118,1,1,1,1,1,1,1,1,0.935483870967742,0.903225806451613,0.903225806451613,0.903225806451613,0.870967741935484,0.870967741935484,0.838709677419355,0.838709677419355,0,0,0,0,0,0,0,0,2755,0.405127,-0.654115793219061
"756",252,252,3,1.05548165045986,8.40474602537838,9.45893423400592,10.2317046630255,11.449686505054,12.5643783852583,14.862749255197,15.7576718552447,17.6721792814526,1,1,1,1,1,1,1,1,0.935483870967742,0.903225806451613,0.903225806451613,0.903225806451613,0.870967741935484,0.870967741935484,0.838709677419355,0.838709677419355,0,0,0,0,0,0,0,0,2756,0.443205,-0.612276650459858
"757",253,253,1,1.06386555867193,8.4131338416441,9.46732261084802,10.2400934507969,11.4580759405009,12.5727684134551,14.8711405055782,15.766063581511,17.6805720257797,1,1,1,1,1,1,1,1,0.935483870967742,0.903225806451613,0.903225806451613,0.903225806451613,0.870967741935484,0.870967741935484,0.838709677419355,0.838709677419355,0,0,0,0,0,0,0,0,2757,0.5901,-0.473765558671933
"758",253,253,2,1.09626166292794,8.4455299459001,9.49971871510403,10.272489555053,11.4904720447569,12.6051645177111,14.9035366098343,15.7984596857671,17.7129681300357,1,1,1,1,1,1,1,1,0.966666666666667,0.933333333333333,0.933333333333333,0.933333333333333,0.9,0.9,0.866666666666667,0.866666666666667,0,0,0,0,0,0,0,0,2758,4.885248,3.78898633707206
"759",253,253,3,2.04351012205159,9.39277840502375,10.4469671742277,11.2197380141766,12.4377205038806,13.5524129768347,15.8507850689579,16.7457081448907,18.6602165891594,1,1,1,1,1,1,1,1,0.903225806451613,0.903225806451613,0.903225806451613,0.903225806451613,0.870967741935484,0.838709677419355,0.838709677419355,0.838709677419355,0,0,0,0,0,0,0,0,2759,0.333924,-1.70958612205159
"760",254,254,1,1.04176246671394,8.39252903212745,9.44693271694773,10.2198611003331,11.4380918979921,12.5530116213466,14.8518522785591,15.7469578008905,17.6618565526396,1,1,1,1,1,1,1,1,0.935483870967742,0.903225806451613,0.903225806451613,0.903225806451613,0.870967741935484,0.870967741935484,0.838709677419355,0.838709677419355,0,0,0,0,0,0,0,0,2760,0.678075,-0.363687466713937
"761",254,254,2,1.11767327434868,8.46843983976219,9.52284352458247,10.2957719079678,11.5140027056268,12.6289224289814,14.9277630861938,15.8228686085253,17.7377673602743,1,1,1,1,1,1,1,1,0.935483870967742,0.903225806451613,0.903225806451613,0.903225806451613,0.870967741935484,0.870967741935484,0.838709677419355,0.838709677419355,0,0,0,0,0,0,0,0,2761,0.404418,-0.713255274348682
"762",254,254,3,1.05731161947945,8.40807818489296,9.46248186971324,10.2354102530986,11.4536410507576,12.5685607741121,14.8674014313246,15.7625069536561,17.6774057054051,1,1,1,1,1,1,1,1,0.935483870967742,0.903225806451613,0.903225806451613,0.903225806451613,0.870967741935484,0.870967741935484,0.838709677419355,0.838709677419355,0,0,0,0,0,0,0,0,2762,0.422606,-0.634705619479448
"763",255,255,1,1.06192975508176,8.4126822234918,9.46708388621924,10.2400107873138,11.4582392486989,12.5731568339054,14.871993082494,15.7670968882282,17.6819919676617,1,1,1,1,1,1,1,1,0.935483870967742,0.903225806451613,0.903225806451613,0.903225806451613,0.870967741935484,0.870967741935484,0.838709677419355,0.838709677419355,0,0,0,0,0,0,0,0,2763,0.419876,-0.642053755081755
"764",255,255,2,1.06132793014651,8.41208039855656,9.466482061284,10.2394089623785,11.4576374237637,12.5725550089701,14.8713912575587,15.766495063293,17.6813901427264,1,1,1,1,1,1,1,1,0.935483870967742,0.903225806451613,0.903225806451613,0.903225806451613,0.870967741935484,0.870967741935484,0.838709677419355,0.838709677419355,0,0,0,0,0,0,0,0,2764,0.438429,-0.62289893014651
"765",255,255,3,1.06541791477054,8.41617038318059,9.47057204590803,10.2434989470025,11.4617274083877,12.5766449935942,14.8754812421828,15.770585047917,17.6854801273505,1,1,1,1,1,1,1,1,0.935483870967742,0.903225806451613,0.903225806451613,0.903225806451613,0.870967741935484,0.870967741935484,0.838709677419355,0.838709677419355,0,0,0,0,0,0,0,0,2765,0.406067,-0.659350914770542
"766",256,256,1,1.05814155946124,8.40893012599005,9.46333696667942,10.2362676634679,11.4545021073366,12.569425167687,14.8682727054143,15.7633809068296,17.6782853899411,1,1,1,1,1,1,1,1,0.935483870967742,0.903225806451613,0.903225806451613,0.903225806451613,0.870967741935484,0.870967741935484,0.838709677419355,0.838709677419355,0,0,0,0,0,0,0,0,2766,0.554588,-0.503553559461235
"767",256,256,2,1.09087686863619,8.441665435165,9.49607227585438,10.2690029726429,11.4872374165116,12.6021604768619,14.9010080145892,15.7961162160045,17.7110206991161,1,1,1,1,1,1,1,1,0.935483870967742,0.903225806451613,0.903225806451613,0.903225806451613,0.870967741935484,0.870967741935484,0.838709677419355,0.838709677419355,0,0,0,0,0,0,0,0,2767,0.409903,-0.68097386863619
"768",256,256,3,1.05898704694109,8.4097756134699,9.46418245415927,10.2371131509478,11.4553475948165,12.5702706551668,14.8691181928941,15.7642263943094,17.679130877421,1,1,1,1,1,1,1,1,0.935483870967742,0.903225806451613,0.903225806451613,0.903225806451613,0.870967741935484,0.870967741935484,0.838709677419355,0.838709677419355,0,0,0,0,0,0,0,0,2768,0.457814,-0.601173046941087
"769",257,257,1,1.06957089391902,8.42035487747779,9.47476106077988,10.247691275672,11.4659249600124,12.5808473252457,14.8796934297186,15.774801073064,17.6897043622969,1,1,1,1,1,1,1,1,0.935483870967742,0.903225806451613,0.903225806451613,0.903225806451613,0.870967741935484,0.870967741935484,0.838709677419355,0.838709677419355,0,0,0,0,0,0,0,0,2769,0.397499,-0.672071893919022
"770",257,257,2,1.0562765442073,8.40706052776607,9.46146671106816,10.2343969259603,11.4526306103007,12.5675529755339,14.8663990800069,15.7615067233523,17.6764100125852,1,1,1,1,1,1,1,1,0.935483870967742,0.903225806451613,0.903225806451613,0.903225806451613,0.870967741935484,0.870967741935484,0.838709677419355,0.838709677419355,0,0,0,0,0,0,0,0,2770,0.50982,-0.546456544207298
"771",257,257,3,1.08103381278013,8.43181779633891,9.48622397964099,10.2591541945332,11.4773878788735,12.5923102441068,14.8911563485797,15.7862639919251,17.701167281158,1,1,1,1,1,1,1,1,0.935483870967742,0.903225806451613,0.903225806451613,0.903225806451613,0.870967741935484,0.870967741935484,0.838709677419355,0.838709677419355,0,0,0,0,0,0,0,0,2771,0.777617,-0.303416812780134
"772",258,258,1,1.14023297832829,8.49097112984135,9.54537073893414,10.3182961346161,11.5365222232848,12.6514376369911,14.9502694081875,15.845371470548,17.7602628203829,1,1,1,1,1,1,1,1,0.935483870967742,0.903225806451613,0.903225806451613,0.903225806451613,0.870967741935484,0.870967741935484,0.838709677419355,0.838709677419355,0,0,0,0,0,0,0,0,2772,0.448842,-0.691390978328295
"773",258,258,2,1.06775137590003,8.41848952741309,9.47288913650588,10.2458145321879,11.4640406208565,12.5789560345628,14.8777878057593,15.7728898681197,17.6877812179547,1,1,1,1,1,1,1,1,0.935483870967742,0.903225806451613,0.903225806451613,0.903225806451613,0.870967741935484,0.870967741935484,0.838709677419355,0.838709677419355,0,0,0,0,0,0,0,0,2773,0.426396,-0.641355375900034
"774",258,258,3,1.06280293989333,8.41354109140638,9.46794070049917,10.2408660961812,11.4590921848498,12.5740075985561,14.8728393697526,15.767941432113,17.682832781948,1,1,1,1,1,1,1,1,0.935483870967742,0.903225806451613,0.903225806451613,0.903225806451613,0.870967741935484,0.870967741935484,0.838709677419355,0.838709677419355,0,0,0,0,0,0,0,0,2774,0.407613,-0.655189939893328
"775",259,259,1,1.05860511372895,8.40935209492312,9.46375297055705,10.2366792946743,11.454906846672,12.5698235996108,14.8686581321559,15.7637612697099,17.6786549197057,1,1,1,1,1,1,1,1,0.935483870967742,0.903225806451613,0.903225806451613,0.903225806451613,0.870967741935484,0.870967741935484,0.838709677419355,0.838709677419355,0,0,0,0,0,0,0,0,2775,0.558316,-0.500289113728948
"776",259,259,2,1.09182660782107,8.44257358901524,9.49697446464917,10.2699007887665,11.4881283407641,12.6030450937029,14.9018796262481,15.796982763802,17.7118764137978,1,1,1,1,1,1,1,1,0.935483870967742,0.903225806451613,0.903225806451613,0.903225806451613,0.870967741935484,0.870967741935484,0.838709677419355,0.838709677419355,0,0,0,0,0,0,0,0,2776,0.446773,-0.645053607821068
"777",259,259,3,1.06723768049038,8.41798466168454,9.47238553731848,10.2453118614358,11.4635394134334,12.5784561663722,14.8772906989174,15.7723938364713,17.6872874864671,0,0,0,0,0,0,0,0,0,0,0,0,0,0,0,0,0,0,0,0,0,0,0,0,2777,30.18939,29.1221523195096
"778",260,260,1,7.62702571803196,15.0554246844779,16.1209640636481,16.9020554441433,18.1331521355825,19.2598466710348,21.5829656831946,22.4875245312789,24.4226467776131,1,1,1,1,1,1,1,1,0.870967741935484,0.838709677419355,0.838709677419355,0.838709677419355,0.806451612903226,0.806451612903226,0.774193548387097,0.774193548387097,1,1,1,1,1,1,1,1,2778,2.749613,-4.87741271803196
"779",260,260,2,1.58843196907802,9.01683093552395,10.0823703146941,10.8634616951893,12.0945583866286,13.2212529220809,15.5443719342407,16.448930782325,18.3840530286592,0,1,1,1,1,1,1,1,0,1,1,1,0.964285714285714,0.964285714285714,0.928571428571429,0.928571428571429,1,1,1,1,1,1,1,1,2779,11.168751,9.58031903092198
"780",260,260,3,3.44120774412825,10.8696067105742,11.9351460897444,12.7162374702396,13.9473341616788,15.0740286971311,17.3971477092909,18.3017065573752,20.2368288037094,1,1,1,1,1,1,1,1,1,1,0.964285714285714,0.964285714285714,0.964285714285714,0.928571428571429,0.928571428571429,0.892857142857143,1,0,0,0,0,0,0,0,2780,10.901965,7.46075725587175
"781",261,261,1,3.3764550949282,10.82030988155,11.8880662640218,12.6707828140821,13.9044409739034,15.0334797544901,17.3614323397874,18.2678732487246,20.2070217868065,1,1,1,1,1,1,1,1,0.96551724137931,0.96551724137931,0.931034482758621,0.931034482758621,0.931034482758621,0.896551724137931,0.896551724137931,0.862068965517241,1,0,0,0,0,0,0,0,2781,7.47085,4.0943949050718
"782",261,261,2,2.6259363883985,10.0697911750203,11.1375475574921,11.9202641075524,13.1539222673737,14.2829610479604,16.6109136332577,17.5173545421949,19.4565030802768,1,1,1,1,1,1,1,1,0.903225806451613,0.903225806451613,0.903225806451613,0.870967741935484,0.870967741935484,0.838709677419355,0.838709677419355,0.806451612903226,0,0,0,0,0,0,0,0,2782,0.511414,-2.1145223883985
"783",261,261,3,1.10363623089979,8.54749101752155,9.61524739999341,10.3979639500537,11.631622109875,12.7606608904617,15.088613475759,15.9950543846962,17.9342029227781,1,1,1,1,1,1,1,1,0.935483870967742,0.903225806451613,0.903225806451613,0.903225806451613,0.870967741935484,0.870967741935484,0.838709677419355,0.838709677419355,0,0,0,0,0,0,0,0,2783,0.444015,-0.659621230899786
"784",262,262,1,1.0912321565164,8.53694124346956,9.6049636092351,10.3878751377843,11.6218406078367,12.7511606374596,15.079693127037,15.986359834801,17.925991424189,1,1,1,1,1,1,1,1,0.935483870967742,0.903225806451613,0.903225806451613,0.903225806451613,0.870967741935484,0.870967741935484,0.838709677419355,0.838709677419355,0,0,0,0,0,0,0,0,2784,0.421474,-0.669758156516401
"785",262,262,2,1.08628930155706,8.53199838851022,9.60002075427577,10.382932282825,11.6168977528774,12.7462177825003,15.0747502720777,15.9814169798417,17.9210485692297,1,1,1,1,1,1,1,1,0.935483870967742,0.903225806451613,0.903225806451613,0.903225806451613,0.870967741935484,0.870967741935484,0.838709677419355,0.838709677419355,0,0,0,0,0,0,0,0,2785,0.459489,-0.626800301557064
"786",262,262,3,1.09462533950033,8.54033442645349,9.60835679221903,10.3912683207683,11.6252337908206,12.7545538204436,15.0830863100209,15.9897530177849,17.9293846071729,1,1,1,1,1,1,1,1,0.935483870967742,0.903225806451613,0.903225806451613,0.903225806451613,0.870967741935484,0.870967741935484,0.838709677419355,0.838709677419355,0,0,0,0,0,0,0,0,2786,0.480573,-0.614052339500331
"787",263,263,1,1.09814170096552,8.54382591151727,9.61184470897887,10.3947536217905,11.6287149691166,12.7580312256377,15.0865559354982,15.9932196140537,17.9328447230577,1,1,1,1,1,1,1,1,0.935483870967742,0.903225806451613,0.903225806451613,0.903225806451613,0.870967741935484,0.870967741935484,0.838709677419355,0.838709677419355,0,0,0,0,0,0,0,0,2787,0.440832,-0.657309700965523
"788",263,263,2,1.08942708762245,8.53511129817419,9.6031300956358,10.3860390084474,11.6200003557735,12.7493166122947,15.0778413221551,15.9845050007106,17.9241301097146,1,1,1,1,1,1,1,1,0.935483870967742,0.903225806451613,0.903225806451613,0.903225806451613,0.870967741935484,0.870967741935484,0.838709677419355,0.838709677419355,0,0,0,0,0,0,0,0,2788,0.384198,-0.705229087622451
"789",263,263,3,1.07700808930657,8.52269229985831,9.59071109731991,10.3736200101315,11.6075813574576,12.7368976139788,15.0654223238392,15.9720860023948,17.9117111113987,1,1,1,1,1,1,1,1,0.935483870967742,0.903225806451613,0.903225806451613,0.903225806451613,0.870967741935484,0.870967741935484,0.838709677419355,0.838709677419355,0,0,0,0,0,0,0,0,2789,0.448296,-0.628712089306567
"790",264,264,1,1.09090333314364,8.53662418428092,9.60464823751661,10.3875610030622,11.6215284227741,12.7508502367172,15.0793864053645,15.9860545456575,17.925689199654,1,1,1,1,1,1,1,1,0.935483870967742,0.903225806451613,0.903225806451613,0.903225806451613,0.870967741935484,0.870967741935484,0.838709677419355,0.838709677419355,0,0,0,0,0,0,0,0,2790,0.419821,-0.671082333143638
"791",264,264,2,1.08466042150343,8.53038127264072,9.5984053258764,10.381318091422,11.6152855111339,12.7446073250769,15.0731434937243,15.9798116340173,17.9194462880138,1,1,1,1,1,1,1,1,0.935483870967742,0.903225806451613,0.903225806451613,0.903225806451613,0.870967741935484,0.870967741935484,0.838709677419355,0.838709677419355,0,0,0,0,0,0,0,0,2791,0.443139,-0.641521421503431
"792",264,264,3,1.08977270293017,8.53549355406745,9.60351760730314,10.3864303728488,11.6203977925606,12.7497196065037,15.078255775151,15.984923915444,17.9245585694405,1,1,1,1,1,1,1,1,0.935483870967742,0.903225806451613,0.903225806451613,0.903225806451613,0.870967741935484,0.870967741935484,0.838709677419355,0.838709677419355,0,0,0,0,0,0,0,0,2792,0.490474,-0.599298702930168
"793",265,265,1,1.10017940290022,8.54589203192688,9.61391490577213,10.3968268067681,11.6307928638427,12.7601134307059,15.0886470280129,15.9953141670965,17.9349466792062,1,1,1,1,1,1,1,1,0.935483870967742,0.903225806451613,0.903225806451613,0.903225806451613,0.870967741935484,0.870967741935484,0.838709677419355,0.838709677419355,0,0,0,0,0,0,0,0,2793,0.508354,-0.591825402900217
"794",265,265,2,1.10409958750027,8.54981221652693,9.61783509037218,10.4007469913682,11.6347130484427,12.7640336153059,15.092567212613,15.9992343516966,17.9388668638063,1,1,1,1,1,1,1,1,0.935483870967742,0.903225806451613,0.903225806451613,0.903225806451613,0.870967741935484,0.870967741935484,0.838709677419355,0.838709677419355,0,0,0,0,0,0,0,0,2794,0.415089,-0.689010587500268
"795",265,265,3,1.08365126441728,8.52936389344394,9.5973867672892,10.3802986682852,11.6142647253598,12.7435852922229,15.07211888953,15.9787860286136,17.9184185407233,1,1,1,1,1,1,1,1,0.935483870967742,0.903225806451613,0.903225806451613,0.903225806451613,0.870967741935484,0.870967741935484,0.838709677419355,0.838709677419355,0,0,0,0,0,0,0,0,2795,0.463553,-0.620098264417285
"796",266,266,1,1.0909727757008,8.53187657393215,9.59920966272368,10.38161591825,11.6147850154805,12.7433762080325,15.0704059165074,15.9764874825133,17.91486727846,1,1,1,1,1,1,1,1,0.935483870967742,0.903225806451613,0.903225806451613,0.903225806451613,0.870967741935484,0.870967741935484,0.838709677419355,0.838709677419355,0,0,0,0,0,0,0,0,2796,0.4456,-0.645372775700802
"797",266,266,2,1.0870242396167,8.52792803784805,9.59526112663958,10.3776673821659,11.6108364793964,12.7394276719484,15.0664573804233,15.9725389464292,17.9109187423759,1,1,1,1,1,1,1,1,0.935483870967742,0.903225806451613,0.903225806451613,0.903225806451613,0.870967741935484,0.870967741935484,0.838709677419355,0.838709677419355,0,0,0,0,0,0,0,0,2797,0.433965,-0.653059239616702
"798",266,266,3,1.08446526800536,8.5253690662367,9.59270215502824,10.3751084105545,11.608277507785,12.7368687003371,15.0638984088119,15.9699799748179,17.9083597707646,1,1,1,1,1,1,1,1,0.935483870967742,0.903225806451613,0.903225806451613,0.903225806451613,0.870967741935484,0.870967741935484,0.838709677419355,0.838709677419355,0,0,0,0,0,0,0,0,2798,0.40888,-0.675585268005356
"799",267,267,1,1.07930077171463,8.52020207899334,9.58753481047932,10.3699408040835,11.6031094884925,12.7317003032319,15.0587292326991,15.9648104953809,17.9031896424262,1,1,1,1,1,1,1,1,0.935483870967742,0.903225806451613,0.903225806451613,0.903225806451613,0.870967741935484,0.870967741935484,0.838709677419355,0.838709677419355,0,0,0,0,0,0,0,0,2799,0.431786,-0.647514771714632
"800",267,267,2,1.08433491335728,8.52523622063599,9.59256895212197,10.3749749457262,11.6081436301351,12.7367344448745,15.0637633743418,15.9698446370235,17.9082237840689,1,1,1,1,1,1,1,1,0.935483870967742,0.903225806451613,0.903225806451613,0.903225806451613,0.870967741935484,0.870967741935484,0.838709677419355,0.838709677419355,0,0,0,0,0,0,0,0,2800,0.437112,-0.647222913357281
"801",267,267,3,1.08550542930894,8.52640673658765,9.59373946807363,10.3761454616779,11.6093141460868,12.7379049608262,15.0649338902934,15.9710151529752,17.9093943000205,1,1,1,1,1,1,1,1,0.935483870967742,0.903225806451613,0.903225806451613,0.903225806451613,0.870967741935484,0.870967741935484,0.838709677419355,0.838709677419355,0,0,0,0,0,0,0,0,2801,0.408401,-0.677104429308941
"802",268,268,1,1.07866494055561,8.51960714263412,9.58694574012432,10.3693560337905,11.6025314956292,12.731128513044,15.0581702317391,15.9642564741955,17.9026462744701,1,1,1,1,1,1,1,1,0.935483870967742,0.903225806451613,0.903225806451613,0.903225806451613,0.870967741935484,0.870967741935484,0.838709677419355,0.838709677419355,0,0,0,0,0,0,0,0,2802,0.476235,-0.602429940555606
"803",268,268,2,1.0935808320728,8.53452303415131,9.60186163164151,10.3842719253077,11.6174473871464,12.7460444045612,15.0730861232563,15.9791723657127,17.9175621659873,1,1,1,1,1,1,1,1,0.935483870967742,0.903225806451613,0.903225806451613,0.903225806451613,0.870967741935484,0.870967741935484,0.838709677419355,0.838709677419355,0,0,0,0,0,0,0,0,2803,0.430699,-0.662881832072796
"804",268,268,3,1.08356800611344,8.52451020819196,9.59184880568215,10.3742590993483,11.6074345611871,12.7360315786019,15.063073297297,15.9691595397534,17.9075493400279,1,1,1,1,1,1,1,1,0.935483870967742,0.903225806451613,0.903225806451613,0.903225806451613,0.870967741935484,0.870967741935484,0.838709677419355,0.838709677419355,0,0,0,0,0,0,0,0,2804,0.500166,-0.583402006113442
"805",269,269,1,1.09885341081899,8.53979120461563,9.60712916977604,10.3895389999142,11.6227137311754,12.7513100799688,15.0783504200406,15.9844361256989,17.9228247776016,1,1,1,1,1,1,1,1,0.935483870967742,0.903225806451613,0.903225806451613,0.903225806451613,0.870967741935484,0.870967741935484,0.838709677419355,0.838709677419355,0,0,0,0,0,0,0,0,2805,0.430403,-0.668450410818985
"806",269,269,2,1.08351315670779,8.52445095050444,9.59178891566485,10.374198745803,11.6073734770642,12.7359698258576,15.0630101659294,15.9690958715877,17.9074845234904,1,1,1,1,1,1,1,1,0.935483870967742,0.903225806451613,0.903225806451613,0.903225806451613,0.870967741935484,0.870967741935484,0.838709677419355,0.838709677419355,0,0,0,0,0,0,0,0,2806,0.429693,-0.653820156707789
"807",269,269,3,1.08335703411531,8.52429482791196,9.59163279307237,10.3740426232105,11.6072173544718,12.7358137032651,15.0628540433369,15.9689397489953,17.907328400898,1,1,1,1,1,1,1,1,0.935483870967742,0.903225806451613,0.903225806451613,0.903225806451613,0.870967741935484,0.870967741935484,0.838709677419355,0.838709677419355,0,0,0,0,0,0,0,0,2807,0.432547,-0.650810034115312
"808",270,270,1,1.0838847379743,8.52485123223533,9.59219331422833,10.3746061622019,11.6077856499452,12.7363863518511,15.0634356675575,15.9695248680818,17.9079209965494,1,1,1,1,1,1,1,1,0.935483870967742,0.903225806451613,0.903225806451613,0.903225806451613,0.870967741935484,0.870967741935484,0.838709677419355,0.838709677419355,0,0,0,0,0,0,0,0,2808,0.43439,-0.649494737974304
"809",270,270,2,1.08428972637787,8.52525622063889,9.59259830263189,10.3750111506054,11.6081906383488,12.7367913402546,15.063840655961,15.9699298564853,17.908325984953,1,1,1,1,1,1,1,1,0.935483870967742,0.903225806451613,0.903225806451613,0.903225806451613,0.870967741935484,0.870967741935484,0.838709677419355,0.838709677419355,0,0,0,0,0,0,0,0,2809,0.458025,-0.626264726377865
"810",270,270,3,1.08948337853097,8.53044987279199,9.59779195478499,10.3802048027585,11.6133842905019,12.7419849924077,15.0690343081141,15.9751235086384,17.9135196371061,1,1,1,1,1,1,1,1,0.935483870967742,0.903225806451613,0.903225806451613,0.903225806451613,0.870967741935484,0.870967741935484,0.838709677419355,0.838709677419355,0,0,0,0,0,0,0,0,2810,0.394589,-0.694894378530966
"811",271,271,1,1.07536190388031,8.51633122602081,9.58367371364859,10.3660868589718,11.5992668153751,12.7278679461966,15.0549181462794,15.9610076911556,17.8994045562951,1,1,1,1,1,1,1,1,0.935483870967742,0.903225806451613,0.903225806451613,0.903225806451613,0.870967741935484,0.870967741935484,0.838709677419355,0.838709677419355,0,0,0,0,0,0,0,0,2811,0.450852,-0.624509903880306
"812",271,271,2,1.08772878345656,8.52869810559706,9.59604059322484,10.3784537385481,11.6116336949514,12.7402348257729,15.0672850258556,15.9733745707319,17.9117714358713,1,1,1,1,1,1,1,1,0.935483870967742,0.903225806451613,0.903225806451613,0.903225806451613,0.870967741935484,0.870967741935484,0.838709677419355,0.838709677419355,0,0,0,0,0,0,0,0,2812,0.403596,-0.68413278345656
"813",271,271,3,1.07734168605231,8.51831100819281,9.58565349582059,10.3680666411438,11.6012465975471,12.7298477283686,15.0568979284514,15.9629874733276,17.9013843384671,1,1,1,1,1,1,1,1,0.935483870967742,0.903225806451613,0.903225806451613,0.903225806451613,0.870967741935484,0.870967741935484,0.838709677419355,0.838709677419355,0,0,0,0,0,0,0,0,2813,0.466062,-0.611279686052308
"814",272,272,1,1.09459651165003,8.42652480501738,9.47822630316305,10.2491738543415,11.4642826152745,12.5763450636943,14.8692943372931,15.7621059163753,17.6720972365925,1,1,1,1,1,1,1,1,0.935483870967742,0.903225806451613,0.903225806451613,0.903225806451613,0.870967741935484,0.870967741935484,0.838709677419355,0.838709677419355,0,0,0,0,0,0,0,0,2814,0.446884,-0.647712511650033
"815",272,272,2,1.09077092608044,8.42269921944778,9.47440071759346,10.2453482687719,11.4604570297049,12.5725194781247,14.8654687517235,15.7582803308057,17.6682716510229,1,1,1,1,1,1,1,1,0.935483870967742,0.903225806451613,0.903225806451613,0.903225806451613,0.870967741935484,0.870967741935484,0.838709677419355,0.838709677419355,0,0,0,0,0,0,0,0,2815,0.392659,-0.69811192608044
"816",272,272,3,1.07995424146728,8.41188253483462,9.4635840329803,10.2345315841587,11.4496403450918,12.5617027935116,14.8546520671104,15.7474636461926,17.6574549664098,1,1,1,1,1,1,1,1,0.935483870967742,0.903225806451613,0.903225806451613,0.903225806451613,0.870967741935484,0.870967741935484,0.838709677419355,0.838709677419355,0,0,0,0,0,0,0,0,2816,0.490959,-0.58899524146728
"817",273,273,1,1.08023947937162,8.28457787773979,9.31797771248264,10.0755092681454,11.2694727596464,12.3621831460507,14.6152306168289,15.4925055279199,17.3692592628464,1,1,1,1,1,1,1,1,0.935483870967742,0.935483870967742,0.903225806451613,0.903225806451613,0.903225806451613,0.870967741935484,0.870967741935484,0.838709677419355,0,0,0,0,0,0,0,0,2817,0.410377,-0.669862479371625
"818",273,273,2,1.06414134623753,8.2684797446057,9.30187957934855,10.0594111350114,11.2533746265123,12.3460850129166,14.5991324836948,15.4764073947858,17.3531611297123,1,1,1,1,1,1,1,1,0.935483870967742,0.935483870967742,0.903225806451613,0.903225806451613,0.903225806451613,0.870967741935484,0.870967741935484,0.838709677419355,0,0,0,0,0,0,0,0,2818,0.434022,-0.630119346237535
"819",273,273,3,1.06886498623103,8.27320338459919,9.30660321934204,10.0641347750049,11.2580982665058,12.3508086529101,14.6038561236883,15.4811310347793,17.3578847697058,1,1,1,1,1,1,1,1,0.935483870967742,0.935483870967742,0.903225806451613,0.903225806451613,0.903225806451613,0.870967741935484,0.870967741935484,0.838709677419355,0,0,0,0,0,0,0,0,2819,0.434377,-0.634487986231027
"820",274,274,1,1.06870328112534,8.27305263308255,9.30645403902271,10.0639867464484,11.2579520532701,12.3506641010484,14.6037149973953,15.4809912423089,17.3577478306812,1,1,1,1,1,1,1,1,0.935483870967742,0.935483870967742,0.903225806451613,0.903225806451613,0.903225806451613,0.870967741935484,0.870967741935484,0.838709677419355,0,0,0,0,0,0,0,0,2820,0.448013,-0.620690281125335
"821",274,274,2,1.07142551581152,8.27577486776873,9.30917627370889,10.0667089811346,11.2606742879563,12.3533863357346,14.6064372320815,15.483713476995,17.3604700653674,1,1,1,1,1,1,1,1,0.935483870967742,0.935483870967742,0.903225806451613,0.903225806451613,0.903225806451613,0.870967741935484,0.870967741935484,0.838709677419355,0,0,0,0,0,0,0,0,2821,0.435196,-0.636229515811519
"822",274,274,3,1.06886678290063,8.27321613485785,9.30661754079801,10.0641502482237,11.2581155550454,12.3508276028237,14.6038784991706,15.4811547440842,17.3579113324565,1,1,1,1,1,1,1,1,0.935483870967742,0.935483870967742,0.903225806451613,0.903225806451613,0.903225806451613,0.870967741935484,0.870967741935484,0.838709677419355,0,0,0,0,0,0,0,0,2822,0.445937,-0.622929782900635
"823",275,275,1,1.06989733175545,8.27404068208901,9.30741253888363,10.0649235853709,11.2588547518727,12.3515355545732,14.6045220270394,15.4817731870602,17.3584761113353,1,1,1,1,1,1,1,1,0.935483870967742,0.935483870967742,0.903225806451613,0.903225806451613,0.903225806451613,0.870967741935484,0.870967741935484,0.838709677419355,0,0,0,0,0,0,0,0,2823,0.401192,-0.668705331755447
"824",275,275,2,1.06095017565506,8.26509352598863,9.29846538278325,10.0559764292705,11.2499075957723,12.3425883984728,14.595574870939,15.4728260309598,17.3495289552349,1,1,1,1,1,1,1,1,0.935483870967742,0.935483870967742,0.903225806451613,0.903225806451613,0.903225806451613,0.870967741935484,0.870967741935484,0.838709677419355,0,0,0,0,0,0,0,0,2824,0.41732,-0.643630175655065
"825",275,275,3,1.06417511103526,8.26831846136883,9.30169031816345,10.0592013646507,11.2531325311525,12.345813333853,14.5987998063192,15.47605096634,17.3527538906151,1,1,1,1,1,1,1,1,0.935483870967742,0.935483870967742,0.903225806451613,0.903225806451613,0.903225806451613,0.870967741935484,0.870967741935484,0.838709677419355,0,0,0,0,0,0,0,0,2825,0.397235,-0.666940111035263
"826",276,276,1,1.06011828004249,8.26427426202077,9.29764793071522,10.0551603054118,11.2490935653359,12.3417762839277,14.5947667067491,15.4720194049299,17.3487256197897,1,1,1,1,1,1,1,1,0.935483870967742,0.935483870967742,0.903225806451613,0.903225806451613,0.903225806451613,0.870967741935484,0.870967741935484,0.838709677419355,0,0,0,0,0,0,0,0,2826,0.473559,-0.586559280042492
"827",276,276,2,1.07537915416947,8.27953513614774,9.3129088048422,10.0704211795388,11.2643544394629,12.3570371580547,14.6100275808761,15.4872802790568,17.3639864939167,1,1,1,1,1,1,1,1,0.935483870967742,0.935483870967742,0.903225806451613,0.903225806451613,0.903225806451613,0.870967741935484,0.870967741935484,0.838709677419355,0,0,0,0,0,0,0,0,2827,0.408727,-0.666652154169467
"828",276,276,3,1.06241608892918,8.26657207090745,9.29994573960191,10.0574581142985,11.2513913742226,12.3440740928144,14.5970645156358,15.4743172138165,17.3510234286764,1,1,1,1,1,1,1,1,0.935483870967742,0.935483870967742,0.903225806451613,0.903225806451613,0.903225806451613,0.870967741935484,0.870967741935484,0.838709677419355,0,0,0,0,0,0,0,0,2828,0.478277,-0.584139088929175
"829",277,277,1,1.07633795266407,8.28048902706762,9.31386199181306,10.0713738504813,11.2653062970809,12.3579882713215,14.6109771593734,15.488229259957,17.3649341963776,1,1,1,1,1,1,1,1,0.935483870967742,0.935483870967742,0.903225806451613,0.903225806451613,0.903225806451613,0.870967741935484,0.870967741935484,0.838709677419355,0,0,0,0,0,0,0,0,2829,0.417408,-0.658929952664075
"830",277,277,2,1.06416705260426,8.26831812700781,9.30169109175325,10.0592029504215,11.2531353970211,12.3458173712617,14.5988062593136,15.4760583598972,17.3527632963177,1,1,1,1,1,1,1,1,0.935483870967742,0.935483870967742,0.903225806451613,0.903225806451613,0.903225806451613,0.870967741935484,0.870967741935484,0.838709677419355,0,0,0,0,0,0,0,0,2830,0.45269,-0.611477052604264
"831",277,277,3,1.07122177168804,8.27537284609158,9.30874581083703,10.0662576695053,11.2601901161049,12.3528720903455,14.6058609783973,15.483113078981,17.3598180154015,1,1,1,1,1,1,1,1,0.935483870967742,0.935483870967742,0.903225806451613,0.903225806451613,0.903225806451613,0.870967741935484,0.870967741935484,0.838709677419355,0,0,0,0,0,0,0,0,2831,2.761561,1.69033922831196
"832",278,278,1,1.53367197512981,8.73806313796212,9.77147054130954,10.5290076451219,11.7229798811931,12.8156982705916,15.0687622426549,15.946043578894,17.8228110591361,1,1,1,1,1,1,1,1,0.935483870967742,0.903225806451613,0.903225806451613,0.903225806451613,0.870967741935484,0.870967741935484,0.838709677419355,0.838709677419355,0,0,0,0,0,0,0,0,2832,0.460619,-1.07305297512981
"833",278,278,2,1.07407118643517,8.27846234926747,9.3118697526149,10.0694068564272,11.2633790924985,12.356097481897,14.6091614539603,15.4864427901993,17.3632102704415,1,1,1,1,1,1,1,1,0.935483870967742,0.935483870967742,0.903225806451613,0.903225806451613,0.903225806451613,0.870967741935484,0.870967741935484,0.838709677419355,0,0,0,0,0,0,0,0,2833,0.474685,-0.599386186435173
"834",278,278,3,1.07688079428004,8.28127195711234,9.31467936045976,10.0722164642721,11.2661887003434,12.3589070897418,14.6119710618052,15.4892523980442,17.3660198782863,1,1,1,1,1,1,1,1,0.935483870967742,0.935483870967742,0.903225806451613,0.903225806451613,0.903225806451613,0.870967741935484,0.870967741935484,0.838709677419355,0,0,0,0,0,0,0,0,2834,0.442927,-0.633953794280038
"835",279,279,1,1.07054969373533,8.27500123001146,9.30841729340557,10.0659607454467,11.2599429871124,12.3526705335889,14.6057533865303,15.4830420744656,17.3598252821875,1,1,1,1,1,1,1,1,0.935483870967742,0.935483870967742,0.903225806451613,0.903225806451613,0.903225806451613,0.870967741935484,0.870967741935484,0.838709677419355,0,0,0,0,0,0,0,0,2835,0.457223,-0.613326693735327
"836",279,279,2,1.07340528669594,8.27785682297207,9.31127288636618,10.0688163384073,11.262798580073,12.3555261265495,14.608608979491,15.4858976674262,17.3626808751481,1,1,1,1,1,1,1,1,0.935483870967742,0.935483870967742,0.903225806451613,0.903225806451613,0.903225806451613,0.870967741935484,0.870967741935484,0.838709677419355,0,0,0,0,0,0,0,0,2836,0.381503,-0.69190228669594
"837",279,279,3,1.05828039169191,8.26273192796804,9.29614799136215,10.0536914434033,11.247673685069,12.3404012315455,14.5934840844869,15.4707727724222,17.3475559801441,1,1,1,1,1,1,1,1,0.935483870967742,0.935483870967742,0.903225806451613,0.903225806451613,0.903225806451613,0.870967741935484,0.870967741935484,0.838709677419355,0,0,0,0,0,0,0,0,2837,0.42492,-0.633360391691908
"838",280,280,1,1.06678757124687,8.27128127437094,9.30470338623352,10.0622512720917,11.2562405020016,12.3489744440901,14.6020704840731,15.4793643066809,17.3561584990047,1,1,1,1,1,1,1,1,0.935483870967742,0.935483870967742,0.903225806451613,0.903225806451613,0.903225806451613,0.870967741935484,0.870967741935484,0.838709677419355,0,0,0,0,0,0,0,0,2838,0.408512,-0.65827557124687
"839",280,280,2,1.06350998802081,8.26800369114488,9.30142580300746,10.0589736888656,11.2529629187756,12.3456968608641,14.5987929008471,15.4760867234548,17.3528809157786,1,1,1,1,1,1,1,1,0.935483870967742,0.935483870967742,0.903225806451613,0.903225806451613,0.903225806451613,0.870967741935484,0.870967741935484,0.838709677419355,0,0,0,0,0,0,0,0,2839,0.46494,-0.598569988020813
"840",280,280,3,1.07478177411784,8.27927547724191,9.31269758910449,10.0702454749626,11.2642347048726,12.3569686469611,14.6100646869441,15.4873585095518,17.3641527018756,1,1,1,1,1,1,1,1,0.935483870967742,0.935483870967742,0.903225806451613,0.903225806451613,0.903225806451613,0.870967741935484,0.870967741935484,0.838709677419355,0,0,0,0,0,0,0,0,2840,0.483089,-0.591692774117837
"841",281,281,1,1.07808559962146,8.28259323851784,9.31601734934604,10.0735667005417,11.267558240005,12.3602942957869,14.6133946939712,15.490690213543,17.3674880361811,1,1,1,1,1,1,1,1,0.935483870967742,0.935483870967742,0.903225806451613,0.903225806451613,0.903225806451613,0.870967741935484,0.870967741935484,0.838709677419355,0,0,0,0,0,0,0,0,2841,0.96397,-0.114115599621464
"842",281,281,2,1.17414807864278,8.37865571753915,9.41207982836736,10.169629179563,11.3636207190263,12.4563567748082,14.7094571729925,15.5867526925643,17.4635505152024,1,1,1,1,1,1,1,1,0.935483870967742,0.903225806451613,0.903225806451613,0.903225806451613,0.903225806451613,0.870967741935484,0.870967741935484,0.838709677419355,0,0,0,0,0,0,0,0,2842,0.403718,-0.77043007864278
"843",281,281,3,1.06223016964523,8.2667378085416,9.30016191936981,10.0577112705655,11.2517028100287,12.3444388658107,14.5975392639949,15.4748347835667,17.3516326062048,1,1,1,1,1,1,1,1,0.935483870967742,0.935483870967742,0.903225806451613,0.903225806451613,0.903225806451613,0.870967741935484,0.870967741935484,0.838709677419355,0,0,0,0,0,0,0,0,2843,0.49071,-0.571520169645231
"844",282,282,1,1.08000449251901,8.28449887468327,9.31792108394827,10.0754690412071,11.2694583836533,12.3621924287345,14.615288681077,15.4925825863717,17.3693769555877,1,1,1,1,1,1,1,1,0.935483870967742,0.935483870967742,0.903225806451613,0.903225806451613,0.903225806451613,0.870967741935484,0.870967741935484,0.838709677419355,0,0,0,0,0,0,0,0,2844,0.426366,-0.653638492519013
"845",282,282,2,1.06715335605967,8.27164773822392,9.30506994748893,10.0626179047477,11.2566072471939,12.3493412922751,14.6024375446176,15.4797314499123,17.3565258191283,1,1,1,1,1,1,1,1,0.935483870967742,0.935483870967742,0.903225806451613,0.903225806451613,0.903225806451613,0.870967741935484,0.870967741935484,0.838709677419355,0,0,0,0,0,0,0,0,2845,0.40836,-0.658793356059669
"846",282,282,3,1.06355709901804,8.26805148118229,9.30147369044729,10.0590216477061,11.2530109901523,12.3457450352335,14.598841287576,15.4761351928707,17.3529295620867,1,1,1,1,1,1,1,1,0.935483870967742,0.935483870967742,0.903225806451613,0.903225806451613,0.903225806451613,0.870967741935484,0.870967741935484,0.838709677419355,0,0,0,0,0,0,0,0,2846,0.447129,-0.616428099018035
"847",283,283,1,1.0712239506081,8.27572901295212,9.30915275419625,10.0667018344691,11.2606929469244,12.3534286119105,14.6065282043172,15.4838234101412,17.360620561579,1,1,1,1,1,1,1,1,0.935483870967742,0.935483870967742,0.903225806451613,0.903225806451613,0.903225806451613,0.870967741935484,0.870967741935484,0.838709677419355,0,0,0,0,0,0,0,0,2847,0.437725,-0.6334989506081
"848",283,283,2,1.06934545838637,8.27385052073039,9.30727426197452,10.0648233422474,11.2588144547027,12.3515501196888,14.6046497120954,15.4819449179195,17.3587420693573,1,1,1,1,1,1,1,1,0.935483870967742,0.935483870967742,0.903225806451613,0.903225806451613,0.903225806451613,0.870967741935484,0.870967741935484,0.838709677419355,0,0,0,0,0,0,0,0,2848,0.445876,-0.623469458386371
"849",283,283,3,1.07097365809919,8.27547872044321,9.30890246168733,10.0664515419602,11.2604426544155,12.3531783194016,14.6062779118083,15.4835731176323,17.3603702690701,1,1,1,1,1,1,1,1,0.935483870967742,0.935483870967742,0.903225806451613,0.903225806451613,0.903225806451613,0.870967741935484,0.870967741935484,0.838709677419355,0,0,0,0,0,0,0,0,2849,0.357896,-0.713077658099186
"850",284,284,1,1.05286875774764,8.2574254663541,9.29085661580646,10.0484111266506,11.2424107983585,12.3351542967367,14.5882700407279,15.4655715355362,17.3423821409944,1,1,1,1,1,1,1,1,0.935483870967742,0.935483870967742,0.903225806451613,0.903225806451613,0.903225806451613,0.870967741935484,0.870967741935484,0.838709677419355,0,0,0,0,0,0,0,0,2850,0.466036,-0.586832757747638
"851",284,284,2,1.07446340682797,8.27902011543443,9.3124512648868,10.070005775731,11.2640054474389,12.3567489458171,14.6098646898083,15.4871661846165,17.3639767900747,1,1,1,1,1,1,1,1,0.935483870967742,0.935483870967742,0.903225806451613,0.903225806451613,0.903225806451613,0.870967741935484,0.870967741935484,0.838709677419355,0,0,0,0,0,0,0,0,2851,0.683456,-0.391007406827975
"852",284,284,3,1.11788035340692,8.32243706201338,9.35586821146574,10.1134227223099,11.3074223940178,12.400165892396,14.6532816363872,15.5305831311955,17.4073937366537,1,1,1,1,1,1,1,1,0.935483870967742,0.935483870967742,0.903225806451613,0.903225806451613,0.903225806451613,0.870967741935484,0.870967741935484,0.838709677419355,0,0,0,0,0,0,0,0,2852,0.605975,-0.511905353406918
"853",285,285,1,1.10264383983009,8.30716270149743,9.34058842213476,10.0981389533976,11.2921323527927,12.3848701107766,14.6379740187121,15.5152709048848,17.3920716510915,1,1,1,1,1,1,1,1,0.935483870967742,0.935483870967742,0.903225806451613,0.903225806451613,0.903225806451613,0.870967741935484,0.870967741935484,0.838709677419355,0,0,0,0,0,0,0,0,2853,0.488043,-0.614600839830089
"854",285,285,2,1.07908510178625,8.28360396345359,9.31702968409092,10.0745802153537,11.2685736147489,12.3613113727327,14.6144152806683,15.491712166841,17.3685129130476,1,1,1,1,1,1,1,1,1,1,0.96551724137931,0.96551724137931,0.96551724137931,0.931034482758621,0.931034482758621,0.896551724137931,0,0,0,0,0,0,0,0,2854,8.332028,7.25294289821375
"855",285,285,3,2.646042228222,9.85056108988935,10.8839868105267,11.6415373417895,12.8355307411846,13.9282684991685,16.181372407104,17.0586692932767,18.9354700394834,1,1,1,1,1,1,1,1,0.903225806451613,0.903225806451613,0.903225806451613,0.870967741935484,0.870967741935484,0.838709677419355,0.838709677419355,0.806451612903226,0,0,0,0,0,0,0,0,2855,0.909087,-1.736955228222
"856",286,286,1,1.16711453312873,8.37680030663907,9.41096717594952,10.1690610046742,11.3639107081133,12.4574321519714,14.7121519331511,15.5900779960611,17.4682247397158,1,1,1,1,1,1,1,1,0.935483870967742,0.903225806451613,0.903225806451613,0.903225806451613,0.903225806451613,0.870967741935484,0.870967741935484,0.838709677419355,0,0,0,0,0,0,0,0,2856,0.447453,-0.719661533128725
"857",286,286,2,1.07519968970251,8.28488546321285,9.31905233252331,10.077146161248,11.2719958646871,12.3655173085452,14.6202370897249,15.4981631526349,17.3763098962896,1,1,1,1,1,1,1,1,0.935483870967742,0.935483870967742,0.903225806451613,0.903225806451613,0.903225806451613,0.870967741935484,0.870967741935484,0.838709677419355,0,0,0,0,0,0,0,0,2857,0.435204,-0.639995689702513
"858",286,286,3,1.07276082056132,8.28244659407166,9.31661346338211,10.0747072921068,11.2695569955459,12.363078439404,14.6177982205837,15.4957242834937,17.3738710271484,1,1,1,1,1,1,1,1,0.935483870967742,0.935483870967742,0.903225806451613,0.903225806451613,0.903225806451613,0.870967741935484,0.870967741935484,0.838709677419355,0,0,0,0,0,0,0,0,2858,0.331799,-0.740961820561315
"859",287,287,1,1.0521254322457,8.26184077915658,9.29601189051474,10.0541088288635,11.248963433455,12.3424893628273,14.5972183926391,15.4751480567128,17.3533025043352,1,1,1,1,1,1,1,1,0.935483870967742,0.935483870967742,0.903225806451613,0.903225806451613,0.903225806451613,0.870967741935484,0.870967741935484,0.838709677419355,0,0,0,0,0,0,0,0,2859,0.479864,-0.5722614322457
"860",287,287,2,1.0816045477657,8.29131989467658,9.32549100603474,10.0835879443835,11.278442548975,12.3719684783473,14.6266975081591,15.5046271722328,17.3827816198552,1,1,1,1,1,1,1,1,0.935483870967742,0.935483870967742,0.903225806451613,0.903225806451613,0.903225806451613,0.870967741935484,0.870967741935484,0.838709677419355,0,0,0,0,0,0,0,0,2860,0.439534,-0.642070547765704
"861",287,287,3,1.07357501527037,8.28329036218124,9.31746147353941,10.0755584118882,11.2704130164797,12.363938945852,14.6186679756637,15.4965976397375,17.3747520873599,1,1,1,1,1,1,1,1,0.935483870967742,0.935483870967742,0.903225806451613,0.903225806451613,0.903225806451613,0.870967741935484,0.870967741935484,0.838709677419355,0,0,0,0,0,0,0,0,2861,0.414766,-0.658809015270369
"862",288,288,1,1.06863478814883,8.27835000561594,9.31252109840651,10.0706180231444,11.2654726062834,12.3589985160224,14.6137275053526,15.4916571536639,17.3698115675658,1,1,1,1,1,1,1,1,0.935483870967742,0.935483870967742,0.903225806451613,0.903225806451613,0.903225806451613,0.870967741935484,0.870967741935484,0.838709677419355,0,0,0,0,0,0,0,0,2862,0.401345,-0.667289788148834
"863",288,288,2,1.06596275384139,8.27567797130849,9.30984906409907,10.0679459888369,11.2628005719759,12.356326481715,14.6110554710451,15.4889851193564,17.3671395332583,1,1,1,1,1,1,1,1,0.935483870967742,0.935483870967742,0.903225806451613,0.903225806451613,0.903225806451613,0.870967741935484,0.870967741935484,0.838709677419355,0,0,0,0,0,0,0,0,2863,0.43123,-0.634732753841392
"864",288,288,3,1.07191266407743,8.28162788154453,9.31579897433511,10.073895899073,11.2687504822119,12.362276391951,14.6170053812812,15.4949350295925,17.3730894434944,1,1,1,1,1,1,1,1,0.935483870967742,0.935483870967742,0.903225806451613,0.903225806451613,0.903225806451613,0.870967741935484,0.870967741935484,0.838709677419355,0,0,0,0,0,0,0,0,2864,0.486473,-0.585439664077432
"865",289,289,1,1.08279684132706,8.29253043201818,9.32670416028832,10.0848030169589,11.2796606450629,12.3731893415412,14.6279240768183,15.5058559624438,17.3840151626307,1,1,1,1,1,1,1,1,0.935483870967742,0.935483870967742,0.903225806451613,0.903225806451613,0.903225806451613,0.870967741935484,0.870967741935484,0.838709677419355,0,0,0,0,0,0,0,0,2865,0.654929,-0.427867841327064
"866",289,289,2,1.11638436885179,8.3261179595429,9.36029168781305,10.1183905444836,11.3132481725877,12.406776869066,14.661511604343,15.5394434899685,17.4176026901554,1,1,1,1,1,1,1,1,0.935483870967742,0.935483870967742,0.903225806451613,0.903225806451613,0.903225806451613,0.870967741935484,0.870967741935484,0.838709677419355,0,0,0,0,0,0,0,0,2866,0.399449,-0.716935368851793
"867",289,289,3,1.06544559830033,8.27517918899144,9.30935291726158,10.0674517739321,11.2623094020362,12.3558380985145,14.6105728337916,15.4885047194171,17.3666639196039,1,1,1,1,1,1,1,1,0.935483870967742,0.935483870967742,0.903225806451613,0.903225806451613,0.903225806451613,0.870967741935484,0.870967741935484,0.838709677419355,0,0,0,0,0,0,0,0,2867,1.533665,0.468219401699673
"868",290,290,1,1.29111942565416,8.50082752340911,9.53499759493876,10.2930937710434,11.4879471742439,12.5814720041082,14.8361987668565,15.7141275481978,17.5922801073914,1,1,1,1,1,1,1,1,0.935483870967742,0.903225806451613,0.903225806451613,0.903225806451613,0.870967741935484,0.870967741935484,0.838709677419355,0.838709677419355,0,0,0,0,0,0,0,0,2868,0.427789,-0.863330425654162
"869",290,290,2,1.07095360116138,8.28066169891633,9.31483177044597,10.0729279465507,11.2677813497511,12.3613061796154,14.6160329423637,15.493961723705,17.3721142828986,1,1,1,1,1,1,1,1,0.935483870967742,0.935483870967742,0.903225806451613,0.903225806451613,0.903225806451613,0.870967741935484,0.870967741935484,0.838709677419355,0,0,0,0,0,0,0,0,2869,0.396877,-0.674076601161377
"870",290,290,3,1.06479941573126,8.27450751348621,9.30867758501585,10.0667737611205,11.261627164321,12.3551519941853,14.6098787569335,15.4878075382749,17.3659600974685,1,1,1,1,1,1,1,1,0.935483870967742,0.935483870967742,0.903225806451613,0.903225806451613,0.903225806451613,0.870967741935484,0.870967741935484,0.838709677419355,0,0,0,0,0,0,0,0,2870,0.407436,-0.657363415731255
"871",291,291,1,1.06691160614871,8.27663202486645,9.31080386373131,10.0689013353773,11.2637567805113,12.3572834791445,14.6120140950869,15.4899443767563,17.368100145601,1,1,1,1,1,1,1,1,0.935483870967742,0.935483870967742,0.903225806451613,0.903225806451613,0.903225806451613,0.870967741935484,0.870967741935484,0.838709677419355,0,0,0,0,0,0,0,0,2871,0.427206,-0.639705606148705
"872",291,291,2,1.07084761079056,8.28056802950831,9.31473986837316,10.0728373400192,11.2676927851531,12.3612194837864,14.6159500997287,15.4938803813982,17.3720361502429,1,1,1,1,1,1,1,1,0.935483870967742,0.935483870967742,0.903225806451613,0.903225806451613,0.903225806451613,0.870967741935484,0.870967741935484,0.838709677419355,0,0,0,0,0,0,0,0,2872,0.864797,-0.206050610790564
"873",291,291,3,1.15796749987684,8.36768791859459,9.40185975745944,10.1599572291055,11.3548126742394,12.4483393728726,14.703069988815,15.5810002704845,17.4591560393292,1,1,1,1,1,1,1,1,0.935483870967742,0.903225806451613,0.903225806451613,0.903225806451613,0.903225806451613,0.870967741935484,0.870967741935484,0.838709677419355,0,0,0,0,0,0,0,0,2873,0.434375,-0.723592499876843
"874",292,292,1,1.07276354476439,8.28252797968586,9.31670613229323,10.0748082322148,11.2696709720839,12.3632043468281,14.61794872817,15.4958843697087,17.3740516049185,1,1,1,1,1,1,1,1,0.935483870967742,0.935483870967742,0.903225806451613,0.903225806451613,0.903225806451613,0.870967741935484,0.870967741935484,0.838709677419355,0,0,0,0,0,0,0,0,2874,0.382667,-0.690096544764387
"875",292,292,2,1.06246610984879,8.27223054477026,9.30640869737764,10.0645107972992,11.2593735371683,12.3529069119125,14.6076512932544,15.4855869347931,17.3637541700029,1,1,1,1,1,1,1,1,0.935483870967742,0.935483870967742,0.903225806451613,0.903225806451613,0.903225806451613,0.870967741935484,0.870967741935484,0.838709677419355,0,0,0,0,0,0,0,0,2875,0.396399,-0.66606710984879
"876",292,292,3,1.06520078100724,8.27496521592871,9.30914336853608,10.0672454684576,11.2621082083267,12.355641583071,14.6103859644129,15.4883216059515,17.3664888411614,1,1,1,1,1,1,1,1,0.935483870967742,0.935483870967742,0.903225806451613,0.903225806451613,0.903225806451613,0.870967741935484,0.870967741935484,0.838709677419355,0,0,0,0,0,0,0,0,2876,0.556532,-0.508668781007238
"877",293,293,1,1.09648559512968,8.30623730996738,9.3404136379891,10.098514400402,11.2933750321919,12.386906477631,14.6416468809597,15.5195809735692,17.3977448951556,1,1,1,1,1,1,1,1,0.935483870967742,0.935483870967742,0.903225806451613,0.903225806451613,0.903225806451613,0.870967741935484,0.870967741935484,0.838709677419355,0,0,0,0,0,0,0,0,2877,0.431143,-0.665342595129679
"878",293,293,2,1.07152516704433,8.28127688188203,9.31545320990375,10.0735539723167,11.2684146041066,12.3619460495456,14.6166864528744,15.4946205454838,17.3727844670702,1,1,1,1,1,1,1,1,0.935483870967742,0.935483870967742,0.903225806451613,0.903225806451613,0.903225806451613,0.870967741935484,0.870967741935484,0.838709677419355,0,0,0,0,0,0,0,0,2878,0.405925,-0.665600167044332
"879",293,293,3,1.0665051726632,8.2762568875009,9.31043321552261,10.0685339779355,11.2633946097254,12.3569260551645,14.6116664584933,15.4896005511027,17.3677644726891,1,1,1,1,1,1,1,1,0.935483870967742,0.935483870967742,0.903225806451613,0.903225806451613,0.903225806451613,0.870967741935484,0.870967741935484,0.838709677419355,0,0,0,0,0,0,0,0,2879,0.527585,-0.538920172663196
"880",294,294,1,1.09073254169523,8.30048484193831,9.33466125393136,10.0927620778993,11.2876228067075,12.3811543409373,14.6358949273427,15.5138290912371,17.3919931653235,1,1,1,1,1,1,1,1,0.935483870967742,0.935483870967742,0.903225806451613,0.903225806451613,0.903225806451613,0.870967741935484,0.870967741935484,0.838709677419355,0,0,0,0,0,0,0,0,2880,0.400667,-0.690065541695229
"881",294,294,2,1.06546746458284,8.27521976482593,9.30939617681897,10.0674970007869,11.2623577295951,12.3558892638249,14.6106298502303,15.4885640141248,17.3667280882112,1,1,1,1,1,1,1,1,0.935483870967742,0.935483870967742,0.903225806451613,0.903225806451613,0.903225806451613,0.870967741935484,0.870967741935484,0.838709677419355,0,0,0,0,0,0,0,0,2881,0.425136,-0.64033146458284
"882",294,294,3,1.07033841410823,8.28009071435131,9.31426712634435,10.0723679503123,11.2672286791205,12.3607602133503,14.6155007997557,15.4934349636501,17.3715990377365,1,1,1,1,1,1,1,1,0.935483870967742,0.935483870967742,0.903225806451613,0.903225806451613,0.903225806451613,0.870967741935484,0.870967741935484,0.838709677419355,0,0,0,0,0,0,0,0,2882,0.439381,-0.630957414108227
"883",295,295,1,1.0731555943398,8.28290080586474,9.31707620104267,10.0751762796364,11.2700358336427,12.3635662926987,14.6183046622151,15.4962379629138,17.3744001903659,1,1,1,1,1,1,1,1,0.935483870967742,0.935483870967742,0.903225806451613,0.903225806451613,0.903225806451613,0.870967741935484,0.870967741935484,0.838709677419355,0,0,0,0,0,0,0,0,2883,0.434971,-0.638184594339801
"884",295,295,2,1.07227773274948,8.28202294427442,9.31619833945235,10.0742984180461,11.2691579720524,12.3626884311084,14.6174268006248,15.4953601013235,17.3735223287756,1,1,1,1,1,1,1,1,0.935483870967742,0.935483870967742,0.903225806451613,0.903225806451613,0.903225806451613,0.870967741935484,0.870967741935484,0.838709677419355,0,0,0,0,0,0,0,0,2884,0.387125,-0.685152732749484
"885",295,295,3,1.06275343214852,8.27249864367345,9.30667403885138,10.0647741174451,11.2596336714514,12.3531641305074,14.6079025000238,15.4858358007225,17.3639980281746,1,1,1,1,1,1,1,1,0.935483870967742,0.935483870967742,0.903225806451613,0.903225806451613,0.903225806451613,0.870967741935484,0.870967741935484,0.838709677419355,0,0,0,0,0,0,0,0,2885,0.327381,-0.735372432148516
"886",296,296,1,1.05124114507172,8.26104499653933,9.29522880310824,10.0533350476543,11.2482043199646,12.3417436731717,14.59650038144,15.4744408227459,17.352618326095,1,1,1,1,1,1,1,1,0.935483870967742,0.935483870967742,0.903225806451613,0.903225806451613,0.903225806451613,0.870967741935484,0.870967741935484,0.838709677419355,0,0,0,0,0,0,0,0,2886,0.432853,-0.618388145071719
"887",296,296,2,1.07223980158002,8.28204365304763,9.31622745961654,10.0743337041626,11.2692029764729,12.36274232968,14.6174990379483,15.4954394792542,17.3736169826033,1,1,1,1,1,1,1,1,0.935483870967742,0.935483870967742,0.903225806451613,0.903225806451613,0.903225806451613,0.870967741935484,0.870967741935484,0.838709677419355,0,0,0,0,0,0,0,0,2887,0.399855,-0.672384801580015
"888",296,296,3,1.06567015591614,8.27547400738375,9.30965781395266,10.0677640584987,11.262633330809,12.3561726840161,14.6109293922844,15.4888698335903,17.3670473369394,1,1,1,1,1,1,1,1,0.935483870967742,0.935483870967742,0.903225806451613,0.903225806451613,0.903225806451613,0.870967741935484,0.870967741935484,0.838709677419355,0,0,0,0,0,0,0,0,2888,0.490602,-0.575068155916135
"889",297,297,1,1.05607100712163,8.06255950796799,9.06757949155765,9.80430725756347,10.9654814016773,12.0281831146939,14.2193560334236,15.0725386904226,16.8977518794174,1,1,1,1,1,1,1,1,0.935483870967742,0.935483870967742,0.903225806451613,0.903225806451613,0.903225806451613,0.870967741935484,0.870967741935484,0.838709677419355,0,0,0,0,0,0,0,0,2889,0.435079,-0.620992007121631
"890",297,297,2,1.04427650968354,8.0507650105299,9.05578499411956,9.79251276012538,10.9536869042392,12.0163886172558,14.2075615359855,15.0607441929845,16.8859573819793,1,1,1,1,1,1,1,1,0.935483870967742,0.935483870967742,0.903225806451613,0.903225806451613,0.903225806451613,0.870967741935484,0.870967741935484,0.838709677419355,0,0,0,0,0,0,0,0,2890,0.609687,-0.434589509683541
"891",297,297,3,1.08136769007131,8.08785619091767,9.09287617450733,9.82960394051315,10.990778084627,12.0534797976436,14.2446527163732,15.0978353733723,16.9230485623671,1,1,1,1,1,1,1,1,0.935483870967742,0.935483870967742,0.903225806451613,0.903225806451613,0.903225806451613,0.870967741935484,0.870967741935484,0.838709677419355,0,0,0,0,0,0,0,0,2891,0.418737,-0.66263069007131
"892",298,298,1,1.03529926247348,8.02422396608935,9.02672457535873,9.76160551936596,10.9198688434286,11.9799065861267,14.1655866938944,15.0166306009068,16.837268363231,1,1,1,1,1,1,1,1,0.935483870967742,0.935483870967742,0.903225806451613,0.903225806451613,0.903225806451613,0.870967741935484,0.870967741935484,0.838709677419355,0,0,0,0,0,0,0,0,2892,0.474673,-0.560626262473482
"893",298,298,2,1.04670899175749,8.03563369537336,9.03813430464274,9.77301524864997,10.9312785727127,11.9913163154107,14.1769964231784,15.0280403301908,16.848678092515,1,1,1,1,1,1,1,1,0.935483870967742,0.935483870967742,0.903225806451613,0.903225806451613,0.903225806451613,0.870967741935484,0.870967741935484,0.838709677419355,0,0,0,0,0,0,0,0,2893,0.425171,-0.621537991757492
"894",298,298,3,1.03661165875161,8.02553636236748,9.02803697163686,9.76291791564409,10.9211812397068,11.9812189824048,14.1668990901726,15.0179429971849,16.8385807595091,1,1,1,1,1,1,1,1,0.935483870967742,0.935483870967742,0.903225806451613,0.903225806451613,0.903225806451613,0.870967741935484,0.870967741935484,0.838709677419355,0,0,0,0,0,0,0,0,2894,0.314869,-0.721742658751609
"895",299,299,1,1.00205952130152,7.94506238493129,8.94097590469589,9.6710281967215,10.8216809676183,11.8747535639363,14.0460723133512,14.8915243011805,16.7001992738712,1,1,1,1,1,1,1,1,0.935483870967742,0.935483870967742,0.903225806451613,0.903225806451613,0.903225806451613,0.870967741935484,0.870967741935484,0.838709677419355,0,0,0,0,0,0,0,0,2895,0.394229,-0.607830521301519
"896",299,299,2,1.01825186060806,7.96125472423782,8.95716824400243,9.68722053602804,10.8378733069248,11.8909459032428,14.0622646526578,14.9077166404871,16.7163916131777,1,1,1,1,1,1,1,1,0.935483870967742,0.935483870967742,0.903225806451613,0.903225806451613,0.903225806451613,0.870967741935484,0.870967741935484,0.838709677419355,0,0,0,0,0,0,0,0,2896,0.471005,-0.547246860608057
"897",299,299,3,1.03391696951177,7.97691983314154,8.97283335290614,9.70288564493175,10.8535384158285,11.9066110121466,14.0779297615615,14.9233817493908,16.7320567220814,1,1,1,1,1,1,1,1,0.935483870967742,0.935483870967742,0.903225806451613,0.903225806451613,0.903225806451613,0.870967741935484,0.870967741935484,0.838709677419355,0,0,0,0,0,0,0,0,2897,0.385693,-0.64822396951177
"898",300,300,1,1.01437937267514,7.95474247118345,8.95027733954533,9.68005206196379,10.8302673488049,11.8829395615476,14.0534327644929,14.8985633071618,16.7065506123975,1,1,1,1,1,1,1,1,0.935483870967742,0.935483870967742,0.903225806451613,0.903225806451613,0.903225806451613,0.870967741935484,0.870967741935484,0.838709677419355,0,0,0,0,0,0,0,0,2898,0.444124,-0.570255372675142
"899",300,300,2,1.02631840210526,7.96668150061357,8.96221636897545,9.69199109139391,10.842206378235,11.8948785909777,14.065371793923,14.9105023365919,16.7184896418276,1,1,1,1,1,1,1,1,0.935483870967742,0.935483870967742,0.903225806451613,0.903225806451613,0.903225806451613,0.870967741935484,0.870967741935484,0.838709677419355,0,0,0,0,0,0,0,0,2899,0.365028,-0.66129040210526
"900",300,300,3,1.01015695575307,7.95052005426139,8.94605492262326,9.67582964504172,10.8260449318828,11.8787171446255,14.0492103475708,14.8943408902397,16.7023281954754,1,1,1,1,1,1,1,1,0.935483870967742,0.935483870967742,0.903225806451613,0.903225806451613,0.903225806451613,0.870967741935484,0.870967741935484,0.838709677419355,0,0,0,0,0,0,0,0,2900,0.51256,-0.497596955753074
"901",301,301,1,1.04029527174062,7.98065336961487,8.97618752067918,9.70596171728417,10.8561761753782,11.908847629655,14.0793392687279,14.9244692024678,16.7324552050219,1,1,1,1,1,1,1,1,0.935483870967742,0.935483870967742,0.903225806451613,0.903225806451613,0.903225806451613,0.870967741935484,0.870967741935484,0.838709677419355,0,0,0,0,0,0,0,0,2901,0.456661,-0.583634271740624
"902",301,301,2,1.02881777371313,7.96917587158738,8.96471002265169,9.69448421925668,10.8446986773507,11.8973701316275,14.0678617707004,14.9129917044403,16.7209777069945,1,1,1,1,1,1,1,1,0.935483870967742,0.935483870967742,0.903225806451613,0.903225806451613,0.903225806451613,0.870967741935484,0.870967741935484,0.838709677419355,0,0,0,0,0,0,0,0,2902,0.406429,-0.622388773713131
"903",301,301,3,1.01850385609534,7.95886195396958,8.95439610503389,9.68417030163889,10.8343847597329,11.8870562140097,14.0575478530826,14.9026777868225,16.7106637893767,1,1,1,1,1,1,1,1,0.935483870967742,0.935483870967742,0.903225806451613,0.903225806451613,0.903225806451613,0.870967741935484,0.870967741935484,0.838709677419355,0,0,0,0,0,0,0,0,2903,0.310554,-0.707949856095338
"904",302,302,1,0.998992643323144,7.93936500645037,8.93490120374145,9.66467690032864,10.8148937225802,11.8675673405241,14.0380634408384,14.8831951116633,16.6911848303626,1,1,1,1,1,1,1,1,0.935483870967742,0.935483870967742,0.903225806451613,0.903225806451613,0.903225806451613,0.870967741935484,0.870967741935484,0.838709677419355,0,0,0,0,0,0,0,0,2904,0.473115,-0.525877643323144
"905",302,302,2,1.03220671499268,7.97257907811991,8.96811527541098,9.69789097199817,10.8481077942497,11.9007814121937,14.0712775125079,14.9164091833329,16.7243989020321,1,1,1,1,1,1,1,1,0.935483870967742,0.935483870967742,0.903225806451613,0.903225806451613,0.903225806451613,0.870967741935484,0.870967741935484,0.838709677419355,0,0,0,0,0,0,0,0,2905,0.374999,-0.657207714992677
"906",302,302,3,1.01215989037959,7.95253225350682,8.9480684507979,9.67784414738508,10.8280609696366,11.8807345875806,14.0512306878949,14.8963623587198,16.704352077419,1,1,1,1,1,1,1,1,0.935483870967742,0.935483870967742,0.903225806451613,0.903225806451613,0.903225806451613,0.870967741935484,0.870967741935484,0.838709677419355,0,0,0,0,0,0,0,0,2906,0.407737,-0.604422890379591
"907",303,303,1,1.01903525338337,7.9594361483331,8.95497643826656,9.68475513495656,10.8349766857415,11.8876546312193,14.058159654428,14.9032947995833,16.7112919509157,1,1,1,1,1,1,1,1,0.935483870967742,0.935483870967742,0.903225806451613,0.903225806451613,0.903225806451613,0.870967741935484,0.870967741935484,0.838709677419355,0,0,0,0,0,0,0,0,2907,0.394433,-0.624602253383369
"908",303,303,2,1.01631680224815,7.95671769719788,8.95225798713134,9.68203668382134,10.8322582346063,11.8849361800841,14.0554412032928,14.9005763484481,16.7085734997805,1,1,1,1,1,1,1,1,0.935483870967742,0.935483870967742,0.903225806451613,0.903225806451613,0.903225806451613,0.870967741935484,0.870967741935484,0.838709677419355,0,0,0,0,0,0,0,0,2908,0.402434,-0.613882802248149
"909",303,303,3,1.01795167352994,7.95835256847967,8.95389285841313,9.68367155510313,10.833893105888,11.8865710513659,14.0570760745746,14.9022112197299,16.7102083710623,1,1,1,1,1,1,1,1,0.935483870967742,0.935483870967742,0.903225806451613,0.903225806451613,0.903225806451613,0.870967741935484,0.870967741935484,0.838709677419355,0,0,0,0,0,0,0,0,2909,0.452295,-0.565656673529936
"910",304,304,1,1.0274459759955,7.96788293450497,8.96342839744316,9.69321088619331,10.8434384137344,11.8961218291144,14.0666381306539,14.911777667282,16.7197842132898,1,1,1,1,1,1,1,1,0.935483870967742,0.935483870967742,0.903225806451613,0.903225806451613,0.903225806451613,0.870967741935484,0.870967741935484,0.838709677419355,0,0,0,0,0,0,0,0,2910,0.433941,-0.593504975995499
"911",304,304,2,1.02369031656815,7.96412727507762,8.95967273801581,9.68945522676595,10.839682754307,11.892366169687,14.0628824712265,14.9080220078547,16.7160285538624,1,1,1,1,1,1,1,1,0.935483870967742,0.935483870967742,0.903225806451613,0.903225806451613,0.903225806451613,0.870967741935484,0.870967741935484,0.838709677419355,0,0,0,0,0,0,0,0,2911,0.37895,-0.644740316568148
"912",304,304,3,1.01243786655347,7.95287482506293,8.94842028800113,9.67820277675127,10.8284303042923,11.8811137196724,14.0516300212119,14.89676955784,16.7047761038478,1,1,1,1,1,1,1,1,0.935483870967742,0.935483870967742,0.903225806451613,0.903225806451613,0.903225806451613,0.870967741935484,0.870967741935484,0.838709677419355,0,0,0,0,0,0,0,0,2912,0.470321,-0.542116866553466
"913",305,305,1,1.03113087143513,7.97156853212362,8.96711409578331,9.69689665836712,10.8471243022792,11.8998078241615,14.0703243452968,14.9154639674295,16.7234706963572,1,1,1,1,1,1,1,1,0.935483870967742,0.935483870967742,0.903225806451613,0.903225806451613,0.903225806451613,0.870967741935484,0.870967741935484,0.838709677419355,0,0,0,0,0,0,0,0,2913,0.463392,-0.567738871435126
"914",305,305,2,1.02971304207988,7.97015070276837,8.96569626642806,9.69547882901187,10.8457064729239,11.8983899948062,14.0689065159416,14.9140461380743,16.722052867002,1,1,1,1,1,1,1,1,0.935483870967742,0.935483870967742,0.903225806451613,0.903225806451613,0.903225806451613,0.870967741935484,0.870967741935484,0.838709677419355,0,0,0,0,0,0,0,0,2914,0.385959,-0.643754042079879
"915",305,305,3,1.01386850744792,7.95430616813641,8.9498517317961,9.67963429437991,10.829861938292,11.8825454601743,14.0530619813096,14.8982016034423,16.70620833237,1,1,1,1,1,1,1,1,0.935483870967742,0.935483870967742,0.903225806451613,0.903225806451613,0.903225806451613,0.870967741935484,0.870967741935484,0.838709677419355,0,0,0,0,0,0,0,0,2915,0.430785,-0.583083507447918
"916",306,306,1,1.0230078139781,7.96345640956581,8.95900354174191,9.68878725412336,10.8390167102588,11.8917018906803,14.0622218315394,14.9073627852188,16.7153723627235,1,1,1,1,1,1,1,1,0.935483870967742,0.935483870967742,0.903225806451613,0.903225806451613,0.903225806451613,0.870967741935484,0.870967741935484,0.838709677419355,0,0,0,0,0,0,0,0,2916,0.399049,-0.623958813978104
"917",306,306,2,1.01651419460485,7.95696279019256,8.95250992236866,9.68229363475011,10.8325230908855,11.8852082713071,14.0557282121661,14.9008691658455,16.7088787433503,1,1,1,1,1,1,1,1,0.935483870967742,0.935483870967742,0.903225806451613,0.903225806451613,0.903225806451613,0.870967741935484,0.870967741935484,0.838709677419355,0,0,0,0,0,0,0,0,2917,0.452611,-0.563903194604851
"918",306,306,3,1.02747371189973,7.96792230748744,8.96346943966354,9.69325315204498,10.8434826081804,11.896167788602,14.066687729461,14.9118286831404,16.7198382606452,1,1,1,1,1,1,1,1,0.935483870967742,0.935483870967742,0.903225806451613,0.903225806451613,0.903225806451613,0.870967741935484,0.870967741935484,0.838709677419355,0,0,0,0,0,0,0,0,2918,0.387844,-0.639629711899727
"919",307,307,1,1.01316477227481,7.95361171562642,8.94915861080359,9.67894214945347,10.8291713317665,11.8818562615868,14.0523756857341,14.8975164382201,16.705525585312,1,1,1,1,1,1,1,1,0.935483870967742,0.935483870967742,0.903225806451613,0.903225806451613,0.903225806451613,0.870967741935484,0.870967741935484,0.838709677419355,0,0,0,0,0,0,0,0,2919,0.451182,-0.561982772274815
"920",307,307,2,1.02611756287043,7.96656450622204,8.9621114013992,9.69189494004909,10.8421241223621,11.8948090521824,14.0653284763298,14.9104692288158,16.7184783759076,1,1,1,1,1,1,1,1,0.935483870967742,0.935483870967742,0.903225806451613,0.903225806451613,0.903225806451613,0.870967741935484,0.870967741935484,0.838709677419355,0,0,0,0,0,0,0,0,2920,0.409038,-0.617079562870429
"921",307,307,3,1.01749900202447,7.95794594537607,8.95349284055324,9.68327637920312,10.8335055615161,11.8861904913365,14.0567099154838,14.9018506679698,16.7098598150616,1,1,1,1,1,1,1,1,0.935483870967742,0.935483870967742,0.903225806451613,0.903225806451613,0.903225806451613,0.870967741935484,0.870967741935484,0.838709677419355,0,0,0,0,0,0,0,0,2921,1.180603,0.163103997975534
"922",308,308,1,1.17531374977044,8.11576853827759,9.11131655877426,9.8411009223372,10.9913314048153,12.0440175245413,14.2145394021419,15.0596811099354,16.8676923007159,1,1,1,1,1,1,1,1,0.935483870967742,0.935483870967742,0.903225806451613,0.903225806451613,0.903225806451613,0.870967741935484,0.870967741935484,0.838709677419355,0,0,0,0,0,0,0,0,2922,0.458163,-0.717150749770439
"923",308,308,2,1.02756872607052,7.96802351457767,8.96357153507434,9.69335589863729,10.8435863811154,11.8962725008414,14.066794378442,14.9119360862355,16.719947277016,1,1,1,1,1,1,1,1,0.935483870967742,0.935483870967742,0.903225806451613,0.903225806451613,0.903225806451613,0.870967741935484,0.870967741935484,0.838709677419355,0,0,0,0,0,0,0,0,2923,0.405179,-0.62238972607052
"924",308,308,3,1.01673305482347,7.95718784333063,8.95273586382729,9.68252022739024,10.8327507098683,11.8854368295943,14.055958707195,14.9011004149884,16.7091116057689,1,1,1,1,1,1,1,1,0.935483870967742,0.935483870967742,0.903225806451613,0.903225806451613,0.903225806451613,0.870967741935484,0.870967741935484,0.838709677419355,0,0,0,0,0,0,0,0,2924,0.790708,-0.226025054823473
"925",309,309,1,1.09671727025243,8.03717282545023,9.03272095592201,9.76250540010199,10.9127360096425,11.9654222456555,14.135944363027,14.9810861641806,16.7890975546866,1,1,1,1,1,1,1,1,0.935483870967742,0.935483870967742,0.903225806451613,0.903225806451613,0.903225806451613,0.870967741935484,0.870967741935484,0.838709677419355,0,0,0,0,0,0,0,0,2925,0.42787,-0.668847270252428
"926",309,309,2,1.02247028874498,7.96292584394278,8.95847397441456,9.68825841859454,10.838489028135,11.8911752641481,14.0616973815195,14.9068391826732,16.7148505731791,1,1,1,1,1,1,1,1,0.935483870967742,0.935483870967742,0.903225806451613,0.903225806451613,0.903225806451613,0.870967741935484,0.870967741935484,0.838709677419355,0,0,0,0,0,0,0,0,2926,0.404396,-0.618074288744976
"927",309,309,3,1.01766684025307,7.95812239545087,8.95367052592266,9.68345497010264,10.8336855796431,11.8863718156561,14.0568939330276,14.9020357341813,16.7100471246872,0,0,0,0,0,0,0,0,0,0,0,0,0,0,0,0,0,0,0,0,0,0,0,0,2927,35.258757,34.2410901597469
"928",310,310,1,8.13584845501208,15.1896802761606,16.2014912482728,16.9431971340026,18.1122174109438,19.1820998718599,21.3880786953328,22.2470263656908,24.0845726445944,1,1,1,1,1,1,1,1,0.870967741935484,0.838709677419355,0.838709677419355,0.838709677419355,0.806451612903226,0.806451612903226,0.774193548387097,0.774193548387097,1,1,1,1,1,1,1,1,2928,0.429889,-7.70595945501208
"929",310,310,2,1.04041032986121,8.09424215100968,9.10605312312196,9.8477590088517,11.0167792857929,12.086661746709,14.292640570182,15.15158824054,16.9891345194436,0,0,1,1,1,1,1,1,0,0,1,1,1,0.964285714285714,0.964285714285714,0.928571428571429,1,1,1,1,1,1,1,1,2929,11.415164,10.3747536701388
"930",310,310,3,3.27836245194186,10.3321942730903,11.3440052452026,12.0857111309323,13.2547314078736,14.3246138687897,16.5305926922626,17.3895403626206,19.2270866415242,1,1,1,1,1,1,1,1,1,1,1,0.964285714285714,0.964285714285714,0.928571428571429,0.928571428571429,0.892857142857143,1,1,0,0,0,0,0,0,2930,11.319654,8.04129154805814
"931",311,311,1,3.21547678397737,10.2913029332738,11.306268800925,12.0502873761338,13.222952737936,14.296171165249,16.5090283809719,17.3706543086803,19.2139301820611,1,1,1,1,1,1,1,1,1,1,1,0.964285714285714,0.964285714285714,0.928571428571429,0.928571428571429,0.892857142857143,1,1,0,0,0,0,0,0,2931,10.794587,7.57911021602263
"932",311,311,2,3.11106828675132,10.1868944360478,11.2018603036989,11.9458788789077,13.1185442407099,14.1917626680229,16.4046198837458,17.2662458114543,19.1095216848351,1,1,1,1,1,1,1,1,0.903225806451613,0.903225806451613,0.903225806451613,0.870967741935484,0.870967741935484,0.838709677419355,0.838709677419355,0.806451612903226,0,0,0,0,0,0,0,0,2932,1.508271,-1.60279728675132
"933",311,311,3,1.26450337536617,8.34032952466264,9.35529539231377,10.0993139675226,11.2719793293248,12.3451977566378,14.5580549723607,15.4196809000691,17.2629567734499,1,1,1,1,1,1,1,1,0.935483870967742,0.935483870967742,0.903225806451613,0.903225806451613,0.903225806451613,0.870967741935484,0.870967741935484,0.838709677419355,0,0,0,0,0,0,0,0,2933,0.424163,-0.840340375366168
"934",312,312,1,1.05130336231107,8.13285749218165,9.14864498894727,9.89326585763472,11.0668805085051,12.1409677211972,14.3556162758928,15.2179397018823,17.0627077329522,1,1,1,1,1,1,1,1,0.935483870967742,0.935483870967742,0.903225806451613,0.903225806451613,0.903225806451613,0.870967741935484,0.870967741935484,0.838709677419355,0,0,0,0,0,0,0,0,2934,0.438946,-0.612357362311073
"935",312,312,2,1.05426494545312,8.1358190753237,9.15160657208932,9.89622744077677,11.0698420916472,12.1439293043393,14.3585778590348,15.2209012850243,17.0656693160942,1,1,1,1,1,1,1,1,0.935483870967742,0.935483870967742,0.903225806451613,0.903225806451613,0.903225806451613,0.870967741935484,0.870967741935484,0.838709677419355,0,0,0,0,0,0,0,0,2935,0.456999,-0.597265945453123
"936",312,312,3,1.05788163086633,8.13943576073691,9.15522325750253,9.89984412618998,11.0734587770604,12.1475459897525,14.362194544448,15.2245179704375,17.0692860015074,1,1,1,1,1,1,1,1,0.935483870967742,0.935483870967742,0.903225806451613,0.903225806451613,0.903225806451613,0.870967741935484,0.870967741935484,0.838709677419355,0,0,0,0,0,0,0,0,2936,0.465717,-0.59216463086633
"937",313,313,1,1.05960940421138,8.14116725387505,9.15695528421271,9.90157654403401,11.0751918113798,12.1492795882676,14.3639293062719,15.226253185222,17.0710221853102,1,1,1,1,1,1,1,1,0.935483870967742,0.935483870967742,0.903225806451613,0.903225806451613,0.903225806451613,0.870967741935484,0.870967741935484,0.838709677419355,0,0,0,0,0,0,0,0,2937,0.483624,-0.575985404211381
"938",313,313,2,1.06319675634695,8.14475460601062,9.16054263634828,9.90516389616959,11.0787791635154,12.1528669404031,14.3675166584075,15.2298405373575,17.0746095374457,1,1,1,1,1,1,1,1,0.935483870967742,0.935483870967742,0.903225806451613,0.903225806451613,0.903225806451613,0.870967741935484,0.870967741935484,0.838709677419355,0,0,0,0,0,0,0,0,2938,0.398861,-0.664335756346952
"939",313,313,3,1.0462159818416,8.12777383150527,9.14356186184293,9.88818312166423,11.06179838901,12.1358861658978,14.3505358839021,15.2128597628522,17.0576287629404,1,1,1,1,1,1,1,1,0.935483870967742,0.935483870967742,0.903225806451613,0.903225806451613,0.903225806451613,0.870967741935484,0.870967741935484,0.838709677419355,0,0,0,0,0,0,0,0,2939,0.393912,-0.652303981841597
"940",314,314,1,1.04519619645002,8.12676410647111,9.14255357987975,9.88717589754118,11.0607928321739,12.1348821349557,14.3495349991842,15.2118601031876,17.0566317240318,1,1,1,1,1,1,1,1,0.935483870967742,0.935483870967742,0.903225806451613,0.903225806451613,0.903225806451613,0.870967741935484,0.870967741935484,0.838709677419355,0,0,0,0,0,0,0,0,2940,0.447964,-0.597232196450022
"941",314,314,2,1.05602417092151,8.13759208094259,9.15338155435124,9.89800387201266,11.0716208066454,12.1457101094272,14.3603629736556,15.2226880776591,17.0674596985033,1,1,1,1,1,1,1,1,0.935483870967742,0.935483870967742,0.903225806451613,0.903225806451613,0.903225806451613,0.870967741935484,0.870967741935484,0.838709677419355,0,0,0,0,0,0,0,0,2941,0.39171,-0.664314170921506
"942",314,314,3,1.04475508049157,8.12632299051266,9.1421124639213,9.88673478158273,11.0603517162155,12.1344410189973,14.3490938832257,15.2114189872291,17.0561906080734,1,1,1,1,1,1,1,1,0.935483870967742,0.935483870967742,0.903225806451613,0.903225806451613,0.903225806451613,0.870967741935484,0.870967741935484,0.838709677419355,0,0,0,0,0,0,0,0,2942,0.43403,-0.61072508049157
"943",315,315,1,1.0532054936724,8.13476517941328,9.15055347312028,9.89517492600393,11.0687904976398,12.1428785530127,14.3575288452223,15.2198529477522,17.0646224261444,1,1,1,1,1,1,1,1,0.935483870967742,0.935483870967742,0.903225806451613,0.903225806451613,0.903225806451613,0.870967741935484,0.870967741935484,0.838709677419355,0,0,0,0,0,0,0,0,2943,0.479853,-0.573352493672402
"944",315,315,2,1.06239285614822,8.14395254188909,9.1597408355961,9.90436228847974,11.0779778601157,12.1520659154885,14.3667162076981,15.229040310228,17.0738097886203,1,1,1,1,1,1,1,1,0.935483870967742,0.935483870967742,0.903225806451613,0.903225806451613,0.903225806451613,0.870967741935484,0.870967741935484,0.838709677419355,0,0,0,0,0,0,0,0,2944,0.421947,-0.640445856148218
"945",315,315,3,1.05078289146837,8.13234257720925,9.14813087091625,9.89275232379989,11.0663678954358,12.1404559508087,14.3551062430183,15.2174303455481,17.0621998239404,1,1,1,1,1,1,1,1,0.935483870967742,0.935483870967742,0.903225806451613,0.903225806451613,0.903225806451613,0.870967741935484,0.870967741935484,0.838709677419355,0,0,0,0,0,0,0,0,2945,0.426687,-0.624095891468372
"946",316,316,1,1.05141274489101,8.13301354661697,9.1488077380553,9.89343351425837,11.0670558999808,12.1411501915771,14.3558133421869,15.2181424514252,17.0629226406662,1,1,1,1,1,1,1,1,0.935483870967742,0.935483870967742,0.903225806451613,0.903225806451613,0.903225806451613,0.870967741935484,0.870967741935484,0.838709677419355,0,0,0,0,0,0,0,0,2946,0.436082,-0.615330744891006
"947",316,316,2,1.05329467496995,8.13489547669592,9.15068966813424,9.89531544433732,11.0689378300597,12.143032121656,14.3576952722658,15.2200243815042,17.0648045707452,1,1,1,1,1,1,1,1,0.935483870967742,0.935483870967742,0.903225806451613,0.903225806451613,0.903225806451613,0.870967741935484,0.870967741935484,0.838709677419355,0,0,0,0,0,0,0,0,2947,0.418489,-0.634805674969952
"948",316,316,3,1.04977058812813,8.1313713898541,9.14716558129242,9.8917913574955,11.0654137432179,12.1395080348142,14.354171185424,15.2165002946623,17.0612804839033,1,1,1,1,1,1,1,1,0.935483870967742,0.935483870967742,0.903225806451613,0.903225806451613,0.903225806451613,0.870967741935484,0.870967741935484,0.838709677419355,0,0,0,0,0,0,0,0,2948,0.497847,-0.551923588128132
"949",317,317,1,1.06568386620144,8.14727830105298,9.16307157921841,9.90769668594872,11.0813180164992,12.1554113424066,14.3700725018731,15.2324008358148,17.0771793664641,1,1,1,1,1,1,1,1,0.935483870967742,0.935483870967742,0.903225806451613,0.903225806451613,0.903225806451613,0.870967741935484,0.870967741935484,0.838709677419355,0,0,0,0,0,0,0,0,2949,0.44463,-0.62105386620144
"950",317,317,2,1.05502364531129,8.13661808016283,9.15241135832826,9.89703646505857,11.0706577956091,12.1447511215164,14.3594122809829,15.2217406149246,17.066519145574,1,1,1,1,1,1,1,1,0.935483870967742,0.935483870967742,0.903225806451613,0.903225806451613,0.903225806451613,0.870967741935484,0.870967741935484,0.838709677419355,0,0,0,0,0,0,0,0,2950,0.480044,-0.574979645311295
"951",317,317,3,1.06211763900886,8.1437120738604,9.15950535202583,9.90413045875614,11.0777517893066,12.151845115214,14.3665062746805,15.2288346086222,17.0736131392716,1,1,1,1,1,1,1,1,0.935483870967742,0.935483870967742,0.903225806451613,0.903225806451613,0.903225806451613,0.870967741935484,0.870967741935484,0.838709677419355,0,0,0,0,0,0,0,0,2951,0.42582,-0.636297639008865
"952",318,318,1,1.05121763419895,8.13282312022657,9.14861798358732,9.8932442523417,11.066867414386,12.1409624164687,14.3556270320228,15.2179567116702,17.0627381211871,1,1,1,1,1,1,1,1,0.935483870967742,0.935483870967742,0.903225806451613,0.903225806451613,0.903225806451613,0.870967741935484,0.870967741935484,0.838709677419355,0,0,0,0,0,0,0,0,2952,0.414472,-0.636745634198952
"953",318,318,2,1.04894455629085,8.13055004231847,9.14634490567922,9.8909711744336,11.0645943364779,12.1386893385606,14.3533539541147,15.2156836337621,17.060465043279,1,1,1,1,1,1,1,1,0.935483870967742,0.935483870967742,0.903225806451613,0.903225806451613,0.903225806451613,0.870967741935484,0.870967741935484,0.838709677419355,0,0,0,0,0,0,0,0,2953,0.383017,-0.665927556290851
"954",318,318,3,1.04264391603712,8.12424940206474,9.14004426542549,9.88467053417987,11.0582936962241,12.1323886983069,14.347053313861,15.2093829935084,17.0541644030253,1,1,1,1,1,1,1,1,0.935483870967742,0.935483870967742,0.903225806451613,0.903225806451613,0.903225806451613,0.870967741935484,0.870967741935484,0.838709677419355,0,0,0,0,0,0,0,0,2954,0.388315,-0.654328916037122
"955",319,319,1,1.04398005586173,8.12559406553254,9.14139015153596,9.88601731654595,11.0596418912,12.1337381860973,14.3484054672914,15.2107361848659,17.0555198148198,1,1,1,1,1,1,1,1,0.935483870967742,0.935483870967742,0.903225806451613,0.903225806451613,0.903225806451613,0.870967741935484,0.870967741935484,0.838709677419355,0,0,0,0,0,0,0,0,2955,0.4513,-0.59268005586173
"956",319,319,2,1.05659846659187,8.13821247626269,9.1540085622661,9.89863572727609,11.0722603019301,12.1463565968274,14.3610238780215,15.2233545955961,17.0681382255499,1,1,1,1,1,1,1,1,0.935483870967742,0.935483870967742,0.903225806451613,0.903225806451613,0.903225806451613,0.870967741935484,0.870967741935484,0.838709677419355,0,0,0,0,0,0,0,0,2956,0.419079,-0.637519466591874
"957",319,319,3,1.05014331358503,8.13175732325585,9.14755340925926,9.89218057426925,11.0658051489233,12.1399014438206,14.3545687250147,15.2168994425892,17.0616830725431,1,1,1,1,1,1,1,1,0.935483870967742,0.935483870967742,0.903225806451613,0.903225806451613,0.903225806451613,0.870967741935484,0.870967741935484,0.838709677419355,0,0,0,0,0,0,0,0,2957,0.414588,-0.635555313585032
"958",320,320,1,1.04875204233727,8.13041910677897,9.14622280302894,9.89085554671401,11.0644889140504,12.1385932559739,14.3532771292421,15.2156143073155,17.0604117582109,1,1,1,1,1,1,1,1,0.935483870967742,0.935483870967742,0.903225806451613,0.903225806451613,0.903225806451613,0.870967741935484,0.870967741935484,0.838709677419355,0,0,0,0,0,0,0,0,2958,0.395525,-0.653227042337267
"959",320,320,2,1.04493125595855,8.12659832040026,9.14240201665022,9.8870347603353,11.0606681276717,12.1347724695951,14.3494563428634,15.2117935209368,17.0565909718321,1,1,1,1,1,1,1,1,0.935483870967742,0.935483870967742,0.903225806451613,0.903225806451613,0.903225806451613,0.870967741935484,0.870967741935484,0.838709677419355,0,0,0,0,0,0,0,0,2959,0.421026,-0.623905255958553
"960",320,320,3,1.05004240705983,8.13170947150153,9.1475131677515,9.89214591143657,11.065779278773,12.1398836206964,14.3545674939647,15.2169046720381,17.0617021229334,1,1,1,1,1,1,1,1,0.935483870967742,0.935483870967742,0.903225806451613,0.903225806451613,0.903225806451613,0.870967741935484,0.870967741935484,0.838709677419355,0,0,0,0,0,0,0,0,2960,0.490646,-0.559396407059827
"961",321,321,1,1.06563218383168,8.14730466370488,9.16310913675151,9.90774244986573,11.081376714693,12.1554818779962,14.3701674448585,15.2325052823709,17.0773041440039,1,1,1,1,1,1,1,1,0.935483870967742,0.935483870967742,0.903225806451613,0.903225806451613,0.903225806451613,0.870967741935484,0.870967741935484,0.838709677419355,0,0,0,0,0,0,0,0,2961,0.443635,-0.621997183831677
"962",321,321,2,1.05620149743361,8.13787397730681,9.15367845035344,9.89831176346765,11.0719460282949,12.1460511915981,14.3607367584604,15.2230745959728,17.0678734576058,1,1,1,1,1,1,1,1,0.935483870967742,0.935483870967742,0.903225806451613,0.903225806451613,0.903225806451613,0.870967741935484,0.870967741935484,0.838709677419355,0,0,0,0,0,0,0,0,2962,0.659959,-0.396242497433607
"963",321,321,3,1.09959737934159,8.18126985921479,9.19707433226142,9.94170764537564,11.1153419102029,12.1894470735061,14.4041326403684,15.2664704778808,17.1112693395138,1,1,1,1,1,1,1,1,0.935483870967742,0.935483870967742,0.903225806451613,0.903225806451613,0.903225806451613,0.870967741935484,0.870967741935484,0.838709677419355,0,0,0,0,0,0,0,0,2963,0.416757,-0.682840379341589
"964",322,322,1,1.05076960083169,8.13244989421543,9.14825548804235,9.89288962274219,11.06652518249,12.1406315308992,14.3553195413183,15.2176583302847,17.0624592273628,1,1,1,1,1,1,1,1,0.935483870967742,0.935483870967742,0.903225806451613,0.903225806451613,0.903225806451613,0.870967741935484,0.870967741935484,0.838709677419355,0,0,0,0,0,0,0,0,2964,1.111495,0.0607253991683101
"965",322,322,2,1.19013121357848,8.27181150696222,9.28761710078914,10.032251235489,11.2058867952368,12.279993143646,14.4946811540651,15.3570199430315,17.2018208401096,1,1,1,1,1,1,1,1,0.935483870967742,0.935483870967742,0.903225806451613,0.903225806451613,0.903225806451613,0.870967741935484,0.870967741935484,0.838709677419355,0,0,0,0,0,0,0,0,2965,0.476702,-0.713429213578478
"966",322,322,3,1.06279432364246,8.1444746170262,9.16028021085312,9.90491434555295,11.0785499053008,12.15265625371,14.3673442641291,15.2296830530955,17.0744839501736,1,1,1,1,1,1,1,1,0.935483870967742,0.935483870967742,0.903225806451613,0.903225806451613,0.903225806451613,0.870967741935484,0.870967741935484,0.838709677419355,0,0,0,0,0,0,0,0,2966,0.429509,-0.633285323642456
"967",323,323,1,1.02870308185435,7.91115643198062,8.89838464939152,9.62207019895965,10.7626881957309,11.8065770088008,13.9589598170213,14.797038668535,16.5899402947597,1,1,1,1,1,1,1,1,0.935483870967742,0.935483870967742,0.903225806451613,0.903225806451613,0.903225806451613,0.870967741935484,0.870967741935484,0.838709677419355,0,0,0,0,0,0,0,0,2967,0.42195,-0.606753081854346
"968",323,323,2,1.02713549602395,7.90958884615023,8.89681706356113,9.62050261312926,10.7611206099005,11.8050094229704,13.9573922311909,14.7954710827046,16.5883727089293,1,1,1,1,1,1,1,1,0.935483870967742,0.935483870967742,0.903225806451613,0.903225806451613,0.903225806451613,0.870967741935484,0.870967741935484,0.838709677419355,0,0,0,0,0,0,0,0,2968,0.448908,-0.578227496023951
"969",323,323,3,1.03272604752756,7.91517939765384,8.90240761506474,9.62609316463287,10.7667111614041,11.810599974474,13.9629827826946,14.8010616342082,16.5939632604329,1,1,1,1,1,1,1,1,0.935483870967742,0.935483870967742,0.903225806451613,0.903225806451613,0.903225806451613,0.870967741935484,0.870967741935484,0.838709677419355,0,0,0,0,0,0,0,0,2969,0.433499,-0.599227047527562
"970",324,324,1,1.02345237111482,7.88770225905034,8.87231934775247,9.59409081496226,10.7316919810306,11.7728198032774,13.91950975503,14.7553719643217,16.5435315290598,1,1,1,1,1,1,1,1,0.935483870967742,0.935483870967742,0.903225806451613,0.903225806451613,0.903225806451613,0.870967741935484,0.870967741935484,0.838709677419355,0,0,0,0,0,0,0,0,2970,0.663537,-0.359915371114821
"971",324,324,2,1.0696866085398,7.93393649647532,8.91855358517744,9.64032505238724,10.7779262184556,11.8190540407023,13.9657439924549,14.8016062017467,16.5897657664847,1,1,1,1,1,1,1,1,0.935483870967742,0.935483870967742,0.903225806451613,0.903225806451613,0.903225806451613,0.870967741935484,0.870967741935484,0.838709677419355,0,0,0,0,0,0,0,0,2971,0.640431,-0.429255608539798
"972",324,324,3,1.06504264410809,7.92929253204361,8.91390962074573,9.63568108795553,10.7732822540238,11.8144100762706,13.9611000280232,14.796962237315,16.585121802053,1,1,1,1,1,1,1,1,0.935483870967742,0.935483870967742,0.903225806451613,0.903225806451613,0.903225806451613,0.870967741935484,0.870967741935484,0.838709677419355,0,0,0,0,0,0,0,0,2972,0.481925,-0.583117644108089
"973",325,325,1,1.02444729785835,7.87178209435556,8.85397285995479,9.57396571616342,10.708763571155,11.7473258148462,13.888725828526,14.7225282809716,16.5062814090214,1,1,1,1,1,1,1,1,0.935483870967742,0.935483870967742,0.903225806451613,0.903225806451613,0.903225806451613,0.870967741935484,0.870967741935484,0.838709677419355,0,0,0,0,0,0,0,0,2973,0.455233,-0.569214297858353
"974",325,325,2,1.01913434208002,7.86646913857722,8.84865990417646,9.56865276038509,10.7034506153767,11.7420128590679,13.8834128727477,14.7172153251933,16.5009684532431,1,1,1,1,1,1,1,1,0.935483870967742,0.935483870967742,0.903225806451613,0.903225806451613,0.903225806451613,0.870967741935484,0.870967741935484,0.838709677419355,0,0,0,0,0,0,0,0,2974,0.436488,-0.582646342080019
"975",325,325,3,1.0154032108023,7.8627380072995,8.84492877289874,9.56492162910737,10.6997194840989,11.7382817277902,13.87968174147,14.7134841939156,16.4972373219654,1,1,1,1,1,1,1,1,0.935483870967742,0.935483870967742,0.903225806451613,0.903225806451613,0.903225806451613,0.870967741935484,0.870967741935484,0.838709677419355,0,0,0,0,0,0,0,0,2975,0.475362,-0.5400412108023
"976",326,326,1,1.02292343289303,7.87028474164219,8.85247931019393,9.57247495414883,10.7072772029736,11.7458434678825,13.8872517728666,14.7210574537188,16.504817488297,1,1,1,1,1,1,1,1,0.935483870967742,0.935483870967742,0.903225806451613,0.903225806451613,0.903225806451613,0.870967741935484,0.870967741935484,0.838709677419355,0,0,0,0,0,0,0,0,2976,0.468812,-0.554111432893032
"977",326,326,2,1.02162097023225,7.86898227898141,8.85117684753315,9.57117249148805,10.7059747403128,11.7445410052217,13.8859493102058,14.719754991058,16.5035150256362,1,1,1,1,1,1,1,1,0.935483870967742,0.935483870967742,0.903225806451613,0.903225806451613,0.903225806451613,0.870967741935484,0.870967741935484,0.838709677419355,0,0,0,0,0,0,0,0,2977,0.427089,-0.59453197023225
"978",326,326,3,1.0133243825077,7.86068569125686,8.8428802598086,9.5628759037635,10.6976781525882,11.7362444174972,13.8776527224813,14.7114584033335,16.4952184379117,1,1,1,1,1,1,1,1,0.935483870967742,0.935483870967742,0.903225806451613,0.903225806451613,0.903225806451613,0.870967741935484,0.870967741935484,0.838709677419355,0,0,0,0,0,0,0,0,2978,0.413767,-0.599557382507702
"979",327,327,1,1.01092470418985,7.85829752437262,8.84049374413964,9.56049059851439,10.6952947551106,11.733862766004,13.8752746710143,14.7090817536179,16.4928447869623,1,1,1,1,1,1,1,1,0.935483870967742,0.935483870967742,0.903225806451613,0.903225806451613,0.903225806451613,0.870967741935484,0.870967741935484,0.838709677419355,0,0,0,0,0,0,0,0,2979,0.437582,-0.573342704189849
"980",327,327,2,1.01566099143674,7.86303381161951,8.84523003138652,9.56522688576127,10.7000310423575,11.7385990532509,13.8800109582612,14.7138180408648,16.4975810742092,1,1,1,1,1,1,1,1,0.935483870967742,0.935483870967742,0.903225806451613,0.903225806451613,0.903225806451613,0.870967741935484,0.870967741935484,0.838709677419355,0,0,0,0,0,0,0,0,2980,0.487019,-0.528641991436735
"981",327,327,3,1.025492939059,7.87286575924178,8.85506197900879,9.57505883338354,10.7098629899798,11.7484310008732,13.8898429058834,14.7236499884871,16.5074130218314,1,1,1,1,1,1,1,1,0.935483870967742,0.935483870967742,0.903225806451613,0.903225806451613,0.903225806451613,0.870967741935484,0.870967741935484,0.838709677419355,0,0,0,0,0,0,0,0,2981,0.39238,-0.633112939059004
"982",328,328,1,1.00619015706442,7.85360598325896,8.83580837186522,9.55580974829449,10.6906210322083,11.729195565993,13.8706209204806,14.7044332399419,16.4882074764931,1,1,1,1,1,1,1,1,0.935483870967742,0.935483870967742,0.903225806451613,0.903225806451613,0.903225806451613,0.870967741935484,0.870967741935484,0.838709677419355,0,0,0,0,0,0,0,0,2982,0.424209,-0.581981157064421
"983",328,328,2,1.01252302835715,7.85993885455169,8.84214124315795,9.56214261958722,10.6969539035011,11.7355284372857,13.8769537917733,14.7107661112347,16.4945403477859,1,1,1,1,1,1,1,1,0.935483870967742,0.935483870967742,0.903225806451613,0.903225806451613,0.903225806451613,0.870967741935484,0.870967741935484,0.838709677419355,0,0,0,0,0,0,0,0,2983,0.407752,-0.604771028357154
"984",328,328,3,1.00924865395442,7.85666448014896,8.83886686875522,9.55886824518449,10.6936795290983,11.732254062883,13.8736794173706,14.7074917368319,16.4912659733831,1,1,1,1,1,1,1,1,0.935483870967742,0.935483870967742,0.903225806451613,0.903225806451613,0.903225806451613,0.870967741935484,0.870967741935484,0.838709677419355,0,0,0,0,0,0,0,0,2984,0.546102,-0.463146653954423
"985",329,329,1,1.03837266573162,7.88578900977268,8.86799147265954,9.58799290354003,10.7228042732758,11.7613788856042,13.9028044020405,14.7366167845602,16.5203911560121,1,1,1,1,1,1,1,1,0.935483870967742,0.935483870967742,0.903225806451613,0.903225806451613,0.903225806451613,0.870967741935484,0.870967741935484,0.838709677419355,0,0,0,0,0,0,0,0,2985,0.491646,-0.546726665731617
"986",329,329,2,1.02752811220977,7.87494445625083,8.85714691913769,9.57714835001818,10.7119597197539,11.7505343320824,13.8919598485186,14.7257722310383,16.5095466024902,1,1,1,1,1,1,1,1,0.935483870967742,0.935483870967742,0.903225806451613,0.903225806451613,0.903225806451613,0.870967741935484,0.870967741935484,0.838709677419355,0,0,0,0,0,0,0,0,2986,0.426484,-0.601044112209765
"987",329,329,3,1.01455152934303,7.8619678733841,8.84417033627095,9.56417176715145,10.6989831368872,11.7375577492156,13.8789832656519,14.7127956481716,16.4965700196235,1,1,1,1,1,1,1,1,0.935483870967742,0.935483870967742,0.903225806451613,0.903225806451613,0.903225806451613,0.870967741935484,0.870967741935484,0.838709677419355,0,0,0,0,0,0,0,0,2987,0.421341,-0.593210529343031
"988",330,330,1,1.0135246150507,7.86094496957859,8.84314800773498,9.56314986031559,10.6979618947029,11.7365371153177,13.8779638859728,14.711776756851,16.4955521730478,1,1,1,1,1,1,1,1,0.935483870967742,0.935483870967742,0.903225806451613,0.903225806451613,0.903225806451613,0.870967741935484,0.870967741935484,0.838709677419355,0,0,0,0,0,0,0,0,2988,0.433036,-0.580488615050704
"989",330,330,2,1.01585358885059,7.86327394337848,8.84547698153487,9.56547883411547,10.7002908685028,11.7388660891176,13.8802928597727,14.7141057306509,16.4978811468477,1,1,1,1,1,1,1,1,0.935483870967742,0.935483870967742,0.903225806451613,0.903225806451613,0.903225806451613,0.870967741935484,0.870967741935484,0.838709677419355,0,0,0,0,0,0,0,0,2989,0.469739,-0.546114588850589
"990",330,330,3,1.02316272312824,7.87058307765613,8.85278611581252,9.57278796839313,10.7076000027804,11.7461752233952,13.8876019940503,14.7214148649285,16.5051902811254,1,1,1,1,1,1,1,1,0.935483870967742,0.935483870967742,0.903225806451613,0.903225806451613,0.903225806451613,0.870967741935484,0.870967741935484,0.838709677419355,0,0,0,0,0,0,0,0,2990,0.493154,-0.530008723128241
"991",331,331,1,1.02596957073828,7.87337482135998,8.85557569299207,9.57557595740665,10.7103854886477,11.7489584183936,13.8903804655313,14.7241914972013,16.5079629787811,1,1,1,1,1,1,1,1,0.935483870967742,0.935483870967742,0.903225806451613,0.903225806451613,0.903225806451613,0.870967741935484,0.870967741935484,0.838709677419355,0,0,0,0,0,0,0,0,2991,0.441164,-0.584805570738283
"992",331,331,2,1.01562655049457,7.86303180111627,8.84523267274837,9.56523293716294,10.700042468404,11.7386153981499,13.8800374452876,14.7138484769576,16.4976199585374,1,1,1,1,1,1,1,1,0.935483870967742,0.935483870967742,0.903225806451613,0.903225806451613,0.903225806451613,0.870967741935484,0.870967741935484,0.838709677419355,0,0,0,0,0,0,0,0,2992,0.408755,-0.606871550494575
"993",331,331,3,1.00917902321859,7.85658427384029,8.83878514547238,9.55878540988696,10.693594941128,11.7321678708739,13.8735899180116,14.7074009496816,16.4911724312614,1,1,1,1,1,1,1,1,0.935483870967742,0.935483870967742,0.903225806451613,0.903225806451613,0.903225806451613,0.870967741935484,0.870967741935484,0.838709677419355,0,0,0,0,0,0,0,0,2993,0.487584,-0.521595023218592
"994",332,332,1,1.02516323183753,7.87260704717729,8.85481345058358,9.57481777005349,10.7096336925637,11.7482124715722,13.8896465792401,14.7234623069499,16.507243834765,1,1,1,1,1,1,1,1,0.935483870967742,0.935483870967742,0.903225806451613,0.903225806451613,0.903225806451613,0.870967741935484,0.870967741935484,0.838709677419355,0,0,0,0,0,0,0,0,2994,0.810194,-0.214969231837531
"995",332,332,2,1.08932638132183,7.93677019666158,8.91897660006788,9.63898091953779,10.7737968420479,11.8123756210565,13.9538097287244,14.7876254564342,16.5714069842493,1,1,1,1,1,1,1,1,0.935483870967742,0.935483870967742,0.903225806451613,0.903225806451613,0.903225806451613,0.870967741935484,0.870967741935484,0.838709677419355,0,0,0,0,0,0,0,0,2995,0.557625,-0.531701381321829
"996",332,332,3,1.03909352275545,7.88653733809521,8.8687437415015,9.58874806097141,10.7235639834816,11.7621427624901,13.903576870158,14.7373925978678,16.5211741256829,1,1,1,1,1,1,1,1,0.935483870967742,0.935483870967742,0.903225806451613,0.903225806451613,0.903225806451613,0.870967741935484,0.870967741935484,0.838709677419355,0,0,0,0,0,0,0,0,2996,2.616863,1.57776947724455
"997",333,333,1,1.449327740403,8.29695060528528,9.27918269179492,9.99920583820924,11.134051434314,12.172657370472,14.3141474731663,15.1479850038041,16.9318131746112,1,1,1,1,1,1,1,1,0.935483870967742,0.935483870967742,0.903225806451613,0.903225806451613,0.903225806451613,0.870967741935484,0.870967741935484,0.838709677419355,0,0,0,0,0,0,0,0,2997,0.542371,-0.906956740402995
"998",333,333,2,1.03673585260332,7.8843587174856,8.86659080399524,9.58661395040956,10.7214595465143,11.7600654826724,13.9015555853666,14.7353931160044,16.5192212868115,1,1,1,1,1,1,1,1,0.935483870967742,0.935483870967742,0.903225806451613,0.903225806451613,0.903225806451613,0.870967741935484,0.870967741935484,0.838709677419355,0,0,0,0,0,0,0,0,2998,0.41876,-0.617975852603318
"999",333,333,3,1.01215108879473,7.85977395367701,8.84200604018666,9.56202918660097,10.6968747827057,11.7354807188638,13.8769708215581,14.7108083521959,16.4946365230029,1,1,1,1,1,1,1,1,0.935483870967742,0.935483870967742,0.903225806451613,0.903225806451613,0.903225806451613,0.870967741935484,0.870967741935484,0.838709677419355,0,0,0,0,0,0,0,0,2999,0.479434,-0.53271708879473
