"","train_iter","test_iter","predict_iter","expected","Quantile_0.95","Quantile_0.97","Quantile_0.98","Quantile_0.99","Quantile_0.995","Quantile_0.999","Quantile_0.9995","Quantile_0.9999","score_pred_1_0.95","score_pred_1_0.97","score_pred_1_0.98","score_pred_1_0.99","score_pred_1_0.995","score_pred_1_0.999","score_pred_1_0.9995","score_pred_1_0.9999","score_pred_2_0.95","score_pred_2_0.97","score_pred_2_0.98","score_pred_2_0.99","score_pred_2_0.995","score_pred_2_0.999","score_pred_2_0.9995","score_pred_2_0.9999","adjustment_0.95","adjustment_0.97","adjustment_0.98","adjustment_0.99","adjustment_0.995","adjustment_0.999","adjustment_0.9995","adjustment_0.9999","time","actual","residuals"
"1",1,1,1,48.4656941122432,85.7887400140158,91.1424071149016,95.0669014210614,101.252390182725,106.913323588956,118.585539623363,123.130380518474,132.8531561464,1,1,1,NA,NA,NA,NA,NA,0.333333333333333,0.166666666666667,0.0833333333333333,0,0,0,0,0,0,0,0,0,0,0,0,0,2001,59.636613,11.1709188877568
"2",1,1,2,43.9865252275322,81.3095711293048,86.6632382301906,90.5877325363504,96.7732212980142,102.434154704245,114.106370738652,118.651211633763,128.373987261689,1,1,1,1,NA,NA,NA,NA,0.277777777777778,0.222222222222222,0.166666666666667,0.0555555555555556,0,0,0,0,0,0,0,0,0,0,0,0,2002,42.097121,-1.88940422753222
"3",1,1,3,40.1146265008768,77.4376724026494,82.7913395035352,86.715833809695,92.9013225713589,98.5622559775894,110.234472011996,114.779312907108,124.502088535034,1,1,1,1,NA,NA,NA,NA,0.225806451612903,0.161290322580645,0.129032258064516,0.0645161290322581,0,0,0,0,0,0,0,0,0,0,0,0,2003,1.691479,-38.4231475008768
"4",2,2,1,31.1886421846489,68.4856910714707,73.8356291261251,77.7573898628592,83.938570180774,89.5955605173316,101.259646379953,105.801321609083,115.517324929518,1,1,1,1,1,NA,NA,NA,0.666666666666667,0.533333333333333,0.466666666666667,0.333333333333333,0.2,0,0,0,0,0,0,0,0,0,0,0,2004,51.751771,20.5631288153511
"5",2,2,2,42.2143300426848,79.5113789295067,84.8613169841611,88.7830777208952,94.9642580388099,100.621248375368,112.285334237989,116.827009467119,126.543012787554,1,1,1,1,NA,NA,NA,NA,0.4,0.266666666666667,0.2,0.0666666666666667,0,0,0,0,0,0,0,0,0,0,0,0,2005,50.929262,8.71493195731517
"6",2,2,3,42.0331739380735,79.3302228248954,84.6801608795498,88.6019216162838,94.7831019341986,100.440092270756,112.104178133377,116.645853362508,126.361856682943,1,1,1,1,NA,NA,NA,NA,0.2,0.133333333333333,0.1,0.0333333333333333,0,0,0,0,0,0,0,0,0,0,0,0,2006,3.405029,-38.6281449380735
"7",3,3,1,31.6389300623844,68.9427925577583,74.2937079654412,78.2161851487386,84.3984946751117,90.0565184585207,101.722735173784,106.265240098511,115.983018386276,1,1,1,1,1,NA,NA,NA,0.290322580645161,0.258064516129032,0.193548387096774,0.129032258064516,0.0967741935483871,0,0,0,0,0,0,0,0,0,0,0,2007,1.300455,-30.3384750623844
"8",3,3,2,31.1786789682061,68.48254146358,73.8334568712629,77.7559340545603,83.9382435809334,89.5962673643424,101.262484079606,105.804989004332,115.522767292098,1,1,1,1,1,NA,NA,NA,0.5,0.4,0.35,0.25,0.15,0,0,0,0,0,0,0,0,0,0,0,2008,37.186225,6.00754603179389
"9",3,3,3,39.0265688062116,76.3304313015855,81.6813467092684,85.6038238925657,91.7861334189389,97.4441572023479,109.110373917612,113.652878842338,123.370657130103,1,1,1,1,NA,NA,NA,NA,0.233333333333333,0.166666666666667,0.133333333333333,0.0666666666666667,0,0,0,0,0,0,0,0,0,0,0,0,2009,5.871276,-33.1552928062116
"10",4,4,1,32.0960134859336,69.4281521648967,74.7831235457769,78.7085739516185,84.8955696447176,90.5578821882857,102.232941850729,106.778889976631,116.504034302778,1,1,1,1,1,NA,NA,NA,0.290322580645161,0.258064516129032,0.193548387096774,0.129032258064516,0.0967741935483871,0,0,0,0,0,0,0,0,0,0,0,2010,1.89508,-30.2009334859336
"11",4,4,2,31.2221561042456,68.5542947832087,73.9092661640889,77.8347165699305,84.0217122630296,89.6840248065977,101.359084469041,105.905032594943,115.63017692109,1,1,1,1,1,NA,NA,NA,0.32258064516129,0.258064516129032,0.225806451612903,0.161290322580645,0.0967741935483871,0,0,0,0,0,0,0,0,0,0,0,2011,1.293878,-29.9282781042456
"12",4,4,3,31.0900286121437,68.4221672911068,73.777138671987,77.7025890778286,83.8895847709277,89.5518973144958,101.226956976939,105.772905102841,115.498049428989,1,1,1,1,1,NA,NA,NA,0.714285714285714,0.571428571428571,0.5,0.357142857142857,0.214285714285714,0,0,0,0,0,0,0,0,0,0,0,2012,56.188045,25.0980163878563
"13",5,5,1,43.1733901015369,80.533088684207,85.8920132941502,89.8203616061665,96.011924758071,101.678417420807,113.362096024769,117.911400130185,127.643723901461,1,1,1,1,NA,NA,NA,NA,0.352941176470588,0.235294117647059,0.176470588235294,0.0588235294117647,0,0,0,0,0,0,0,0,0,0,0,0,2013,44.710057,1.53666689846313
"14",5,5,2,40.6395746761989,77.999273258869,83.3581978688123,87.2865461808285,93.4781093327331,99.1446019954688,110.828280599431,115.377584704847,125.109908476123,1,1,1,1,NA,NA,NA,NA,0.411764705882353,0.294117647058824,0.235294117647059,0.117647058823529,0,0,0,0,0,0,0,0,0,0,0,0,2014,44.818218,4.17864332380106
"15",5,5,3,40.6634516841049,78.023150266775,83.3820748767182,87.3104231887345,93.501986340639,99.1684790033747,110.852157607337,115.401461712753,125.133785484029,1,1,1,1,NA,NA,NA,NA,0.225806451612903,0.161290322580645,0.129032258064516,0.0645161290322581,0,0,0,0,0,0,0,0,0,0,0,0,2015,1.971294,-38.6921576841049
"16",6,6,1,31.2191004113885,68.5555885263404,73.9111837960752,77.8370915423177,84.0248080604935,89.6877803001526,101.364200182676,105.910677940982,115.636955309442,1,1,1,1,1,NA,NA,NA,0.714285714285714,0.571428571428571,0.5,0.357142857142857,0.214285714285714,0,0,0,0,0,0,0,0,0,0,0,2016,55.457898,24.2387975886115
"17",6,6,2,43.0174226533902,80.353910768342,85.7095060380769,89.6354137843193,95.8231303024951,101.486102542154,113.162522424678,117.709000182984,127.435277551444,1,1,1,1,NA,NA,NA,NA,0.193548387096774,0.129032258064516,0.0967741935483871,0.032258064516129,0,0,0,0,0,0,0,0,0,0,0,0,2017,1.368362,-41.6490606533902
"18",6,6,3,31.086102885017,68.4225909999688,73.7781862697037,77.7040940159461,83.891810534122,89.5547827737811,101.231202656304,105.777680414611,115.503957783071,1,1,1,1,1,NA,NA,NA,0.555555555555556,0.444444444444444,0.388888888888889,0.277777777777778,0.166666666666667,0,0,0,0,0,0,0,0,0,0,0,2018,41.150822,10.064719114983
"19",7,7,1,39.8551634663747,77.214511563005,82.5733858987668,86.5016973574011,92.6932024238143,98.3596419269516,110.043210921726,114.592472348328,124.324704816844,1,1,1,1,NA,NA,NA,NA,0.225806451612903,0.161290322580645,0.129032258064516,0.0645161290322581,0,0,0,0,0,0,0,0,0,0,0,0,2019,1.550884,-38.3042794663747
"20",7,7,2,31.2066522322008,68.5660003288311,73.9248746645929,77.8531861232272,84.0446911896404,89.7111306927777,101.394699687552,105.943961114155,115.67619358267,1,1,1,1,1,NA,NA,NA,0.32258064516129,0.258064516129032,0.225806451612903,0.161290322580645,0.0967741935483871,0,0,0,0,0,0,0,0,0,0,0,2020,2.117473,-29.0891792322008
"21",7,7,3,31.3303936211812,68.6897417178115,74.0486160535733,77.9769275122077,84.1684325786208,89.8348720817581,101.518441076532,106.067702503135,115.79993497165,1,1,1,1,1,NA,NA,NA,0.625,0.5,0.4375,0.3125,0.1875,0,0,0,0,0,0,0,0,0,0,0,2021,48.016256,16.6858623788188
"22",8,8,1,41.3529976496458,78.6967250874598,84.0533587752472,87.9800277316392,94.1689440112258,99.8330142675028,111.511698138357,116.059057431645,125.787220667408,1,1,1,1,NA,NA,NA,NA,0.193548387096774,0.161290322580645,0.0967741935483871,0.032258064516129,0,0,0,0,0,0,0,0,0,0,0,0,2022,1.784677,-39.5683206496458
"23",8,8,2,31.2571231182819,68.6008505560959,73.9574842438833,77.8841532002753,84.0730694798619,89.7371397361389,101.415823606993,105.963182900282,115.691346136044,1,1,1,1,1,NA,NA,NA,0.32258064516129,0.258064516129032,0.225806451612903,0.161290322580645,0.0967741935483871,0,0,0,0,0,0,0,0,0,0,0,2023,1.542627,-29.7144961182819
"24",8,8,3,31.2042651695989,68.5479926074129,73.9046262952003,77.8312952515923,84.0202115311789,89.6842817874559,101.36296565831,105.910324951599,115.638488187361,1,1,1,1,1,NA,NA,NA,1,0.8,0.7,0.5,0.3,0,0,0,0,0,0,0,0,0,0,0,2024,67.002426,35.7981608304011
"25",9,9,1,45.5074617699668,82.883418988392,88.2446757585661,92.1747336556901,98.3689913253199,104.037949999392,115.726713244877,120.277997170291,130.014556369401,1,1,1,NA,NA,NA,NA,NA,0.357142857142857,0.214285714285714,0.142857142857143,0,0,0,0,0,0,0,0,0,0,0,0,0,2025,54.935291,9.42782923003325
"26",9,9,2,42.864264903038,80.2402221214633,85.6014788916374,89.5315367887614,95.7257944583912,101.394753132463,113.083516377948,117.634800303362,127.371359502473,1,1,1,1,NA,NA,NA,NA,0.193548387096774,0.129032258064516,0.0967741935483871,0.032258064516129,0,0,0,0,0,0,0,0,0,0,0,0,2026,2.398835,-40.465429903038
"27",9,9,3,31.3566290061379,68.7325862245632,74.0938429947373,78.0239008918613,84.2181585614911,89.8871172355628,101.575880481048,106.127164406462,115.863723605572,1,1,1,1,1,NA,NA,NA,0.32258064516129,0.258064516129032,0.225806451612903,0.161290322580645,0.0967741935483871,0,0,0,0,0,0,0,0,0,0,0,2027,1.168628,-30.1880010061379
"28",10,10,1,31.153693419124,68.5199003123981,73.879758483028,77.8087911397244,84.0014329035462,89.6689127073908,101.354626686697,105.904723311466,115.638742518958,1,1,1,1,1,NA,NA,NA,0.32258064516129,0.258064516129032,0.225806451612903,0.161290322580645,0.0967741935483871,0,0,0,0,0,0,0,0,0,0,0,2028,1.864754,-29.288939419124
"29",10,10,2,31.3052323167779,68.671439210052,74.0312973806819,77.9603300373783,84.1529718012001,89.8204516050446,101.506165584351,106.05626220912,115.790281416612,1,1,1,1,1,NA,NA,NA,0.476190476190476,0.380952380952381,0.333333333333333,0.238095238095238,0.142857142857143,0,0,0,0,0,0,0,0,0,0,0,2029,32.0011,0.695867683222097
"30",10,10,3,37.8655800873763,75.2317869806503,80.5916451512803,84.5206778079767,90.7133195717985,96.380799375643,108.066513354949,112.616609979718,122.35062918721,1,1,1,1,1,NA,NA,NA,1,0.857142857142857,0.571428571428571,0.285714285714286,0.142857142857143,0,0,0,0,0,0,0,0,0,0,0,2030,77.95841,40.0928299126237
"31",11,11,1,47.9044844457433,85.2732549283228,90.6334808235956,94.562783040061,100.755849663442,106.423718296976,118.110233999922,122.660642793894,132.395329824792,1,1,1,NA,NA,NA,NA,NA,0.210526315789474,0.105263157894737,0.0526315789473684,0,0,0,0,0,0,0,0,0,0,0,0,0,2031,37.858329,-10.0461554457433
"32",11,11,2,39.1812196787629,76.5499901613425,81.9102160566153,85.8395182730807,92.0325848964619,97.7004535299957,109.386969232942,113.937378026914,123.672065057811,0,0,0,1,NA,NA,NA,NA,0,0,0,1,0,0,0,0,0,0,0,0,0,0,0,0,2032,92.306601,53.1253813212371
"33",11,11,3,51.0257516825901,88.3945221651697,93.7547480604425,97.6840502769079,103.877116900289,109.544985533823,121.231501236769,125.781910030741,135.516597061639,1,1,NA,NA,NA,NA,NA,NA,0.166666666666667,0.0555555555555556,0,0,0,0,0,0,1,1,1,0,0,0,0,0,2033,43.046503,-7.97924868259012
"34",12,12,1,40.3267473539998,77.748638131252,83.1164836718969,87.0513714532311,93.2532416181715,98.929167216066,110.632295484794,115.189172756398,124.937697797939,1,1,1,1,NA,NA,NA,NA,0.5,0.357142857142857,0.285714285714286,0.142857142857143,0,0,0,0,1,1,1,0,0,0,0,0,2034,55.724386,15.3976386460002
"35",12,12,2,43.0741115778765,80.4960023551287,85.8638478957736,89.7987356771078,96.0006058420483,101.676531439943,113.379659708671,117.936536980275,127.685062021815,1,1,1,1,NA,NA,NA,NA,0.428571428571429,0.285714285714286,0.214285714285714,0.0714285714285714,0,0,0,0,0,0,1,0,0,0,0,0,2035,53.615023,10.5409114221235
"36",12,12,3,42.6170014719251,80.0388922491773,85.4067377898222,89.3416255711564,95.5434957360969,101.219421333991,112.922549602719,117.479426874324,127.227951915864,1,1,1,1,NA,NA,NA,NA,0.428571428571429,0.285714285714286,0.214285714285714,0.0714285714285714,0,0,0,0,0,0,0,0,0,0,0,0,2036,53.673605,11.0566035280749
"37",13,13,1,42.6585953528276,80.068180423831,85.4342608176851,89.3678546619105,95.5676854218167,101.241744564766,112.941024410668,117.49640321194,127.241722576721,1,1,1,1,NA,NA,NA,NA,0.5,0.333333333333333,0.25,0.0833333333333333,0,0,0,0,0,0,0,0,0,0,0,0,2037,61.057939,18.3993436471724
"38",13,13,2,44.2709484590421,81.6805335300455,87.0466139238996,90.980207768125,97.1800385280312,102.85409767098,114.553377516882,119.108756318154,128.854075682936,1,1,1,NA,NA,NA,NA,NA,0.555555555555556,0.444444444444444,0.222222222222222,0,0,0,0,0,0,0,0,0,0,0,0,0,2038,71.645954,27.3750055409579
"39",13,13,3,46.5828182734215,83.9924033444249,89.358483738279,93.2920775825044,99.4919083424106,105.16596748536,116.865247331262,121.420626132534,131.165945497315,1,1,1,NA,NA,NA,NA,NA,0.178571428571429,0.107142857142857,0.0714285714285714,0,0,0,0,0,0,0,0,0,0,0,0,0,2039,9.710193,-36.8726252734215
"40",14,14,1,33.0816275887035,70.4808035577511,75.8453908562443,79.7778901900842,85.9759958661551,91.6484762196041,103.344500776881,107.898612058017,117.641219817666,1,1,1,1,1,NA,NA,NA,0.321428571428571,0.25,0.214285714285714,0.142857142857143,0.0714285714285714,0,0,0,0,0,0,0,0,0,0,0,2040,9.985019,-23.0966085887035
"41",14,14,2,33.1416975333007,70.5408735023482,75.9054608008414,79.8379601346813,86.0360658107523,91.7085461642012,103.404570721479,107.958682002614,117.701289762263,1,1,1,1,1,NA,NA,NA,0.473684210526316,0.368421052631579,0.315789473684211,0.210526315789474,0.105263157894737,0,0,0,0,0,0,0,0,0,0,0,2041,39.469695,6.32799746669934
"42",14,14,3,39.5862946739788,76.9854706430264,82.3500579415196,86.2825572753595,92.4806629514304,98.1531433048794,109.849167862157,114.403279143292,124.145886902942,1,1,1,1,NA,NA,NA,NA,0.368421052631579,0.263157894736842,0.210526315789474,0.105263157894737,0,0,0,0,0,0,0,0,0,0,0,0,2042,39.965237,0.378942326021154
"43",15,15,1,39.6866184747084,77.073525094414,82.4363524611992,86.3675616808356,92.5636339772445,98.2342533901435,109.926440894665,114.479058132662,124.218469686646,1,1,1,1,NA,NA,NA,NA,0.5,0.357142857142857,0.285714285714286,0.142857142857143,0,0,0,0,0,0,0,0,0,0,0,0,2043,55.998434,16.3118155252916
"44",15,15,2,43.2157810070329,80.6026876267385,85.9655149935237,89.8967242131602,96.092796509569,101.763415922468,113.45560342699,118.008220664986,127.747632218971,1,1,1,1,NA,NA,NA,NA,0.193548387096774,0.129032258064516,0.0967741935483871,0.032258064516129,0,0,0,0,0,0,0,0,0,0,0,0,2044,2.126659,-41.0891220070329
"45",15,15,3,31.3577435937948,68.7446502135004,74.1074775802856,78.0386867999221,84.2347590963309,89.90537850923,101.597566013752,106.150183251748,115.889594805733,1,1,1,1,1,NA,NA,NA,0.32258064516129,0.258064516129032,0.225806451612903,0.161290322580645,0.0967741935483871,0,0,0,0,0,0,0,0,0,0,0,2045,1.660224,-29.6975195937948
"46",16,16,1,31.2784449487925,68.6733438781937,74.0373176724594,77.9693672783273,84.1667641274516,89.838595765448,101.533282743502,106.086873207962,115.828366784783,1,1,1,1,1,NA,NA,NA,0.555555555555556,0.444444444444444,0.388888888888889,0.277777777777778,0.166666666666667,0,0,0,0,0,0,0,0,0,0,0,2046,40.652751,9.37430605120751
"47",16,16,2,39.8380511483321,77.2329500777333,82.596923871999,86.5289734778669,92.7263703269913,98.3982019649876,110.092888943042,114.646479407501,124.387972984323,1,1,1,1,NA,NA,NA,NA,0.225806451612903,0.161290322580645,0.129032258064516,0.0645161290322581,0,0,0,0,0,0,0,0,0,0,0,0,2047,1.109891,-38.7281601483322
"48",16,16,3,31.1576363190104,68.5525352484116,73.9165090426772,77.8485586485452,84.0459554976695,89.7177871356659,101.41247411372,105.96606457818,115.707558155001,1,1,1,1,1,NA,NA,NA,0.333333333333333,0.266666666666667,0.233333333333333,0.166666666666667,0.1,0,0,0,0,0,0,0,0,0,0,0,2048,5.132933,-26.0247033190104
"49",17,17,1,32.131409078006,69.5140483500429,74.8762636028307,78.8070241136004,85.0023891892985,90.6723613567654,102.363214313083,106.915311914599,116.653611810548,1,1,1,1,1,NA,NA,NA,0.6,0.533333333333333,0.4,0.266666666666667,0.133333333333333,0,0,0,0,0,0,0,0,0,0,0,2049,51.175549,19.044139921994
"50",17,17,2,42.1491061242453,79.5317453962822,84.89396064907,88.8247211598397,95.0200862355378,100.690058403005,112.380911359322,116.933008960839,126.671308856787,1,1,1,1,NA,NA,NA,NA,0.193548387096774,0.129032258064516,0.0967741935483871,0.032258064516129,0,0,0,0,0,0,0,0,0,0,0,0,2050,2.044059,-40.1050471242453
"51",17,17,3,31.4593490033568,68.8419882753937,74.2042035281815,78.1349640389512,84.3303291146493,90.0003012821162,101.691154238434,106.24325183995,115.981551735899,1,1,1,1,1,NA,NA,NA,0.290322580645161,0.258064516129032,0.193548387096774,0.161290322580645,0.0967741935483871,0,0,0,0,0,0,0,0,0,0,0,2051,1.694621,-29.7647280033568
"52",18,18,1,31.4269172027392,68.8238426222456,74.188107098934,78.120369788935,84.3181024850265,89.9902414887605,101.685562220833,106.23939945173,115.981420935858,0,0,0,0,1,NA,NA,NA,0,0,0,0,1,0,0,0,0,0,0,0,0,0,0,0,2052,87.531897,56.1049797972608
"53",18,18,2,50.0348282856754,87.4317537051818,92.7960181818703,96.7282808718713,102.926013567963,108.598152571697,120.293473303769,124.847310534667,134.589332018794,1,1,1,NA,NA,NA,NA,NA,0.235294117647059,0.117647058823529,0.0588235294117647,0,0,0,0,0,1,1,1,1,0,0,0,0,2053,44.972042,-5.06278628567544
"54",18,18,3,40.8086501676436,78.20557558715,83.5698400638384,87.5021027538394,93.6998354499309,99.3719744536649,111.067295185737,115.621132416635,125.363153900762,1,1,1,1,NA,NA,NA,NA,0.333333333333333,0.277777777777778,0.166666666666667,0.111111111111111,0,0,0,0,1,1,1,1,0,0,0,0,2054,40.866426,0.0577758323564055
"55",19,19,1,39.9428059041264,77.350031786574,82.7157737752993,86.6491195523632,92.8485593277197,98.5222606432467,110.220802688741,114.775894210763,124.520598999203,1,1,1,1,NA,NA,NA,NA,0.225806451612903,0.161290322580645,0.129032258064516,0.0645161290322581,0,0,0,0,0,0,0,1,0,0,0,0,2055,1.4149,-38.5279059041263
"56",19,19,2,31.4182756877705,68.8255015702181,74.1912435589434,78.1245893360073,84.3240291113638,89.9977304268908,101.696272472385,106.251363994407,115.996068782847,1,1,1,1,1,NA,NA,NA,0.290322580645161,0.258064516129032,0.225806451612903,0.161290322580645,0.0967741935483871,0,0,0,0,0,0,0,0,0,0,0,2056,1.340031,-30.0782446877705
"57",19,19,3,31.4020982893913,68.809324171839,74.1750661605643,78.1084119376281,84.3078517129846,89.9815530285116,101.680095074006,106.235186596028,115.979891384468,0,1,1,1,1,NA,NA,NA,0,1,0.875,0.625,0.375,0,0,0,0,0,0,0,0,0,0,0,2057,73.087633,41.6855347106087
"58",20,20,1,46.8799422921987,84.2869031380401,89.6526071095638,93.5859250181988,99.7853208694619,105.458981985843,117.157441145161,121.71250039358,131.457136139116,1,1,1,NA,NA,NA,NA,NA,0.416666666666667,0.25,0.166666666666667,0,0,0,0,0,1,0,0,0,0,0,0,0,2058,60.095071,13.2151287078013
"59",20,20,2,44.0663070671305,81.4732679129719,86.8389718844956,90.7722897931305,96.9716856443937,102.645346760775,114.343805920093,118.898865168511,128.643500914048,0,0,1,NA,NA,NA,NA,NA,0,0,0.666666666666667,0,0,0,0,0,1,0,0,0,0,0,0,0,2059,87.615656,43.5493489328695
"60",20,20,3,50.0260929331117,87.4330537789531,92.7987577504768,96.7320756591117,102.931471510375,108.605132626756,120.303591786074,124.858651034492,134.603286780029,1,1,1,NA,NA,NA,NA,NA,0.19047619047619,0.0952380952380952,0.0476190476190476,0,0,0,0,0,1,1,0,0,0,0,0,0,2060,33.651601,-16.3744919331117
"61",21,21,1,38.352712442692,75.7637348094485,81.1300213709077,85.0637663458584,91.2638353064932,96.9381124497516,108.637841788082,113.193395609381,122.939089394411,1,1,1,1,NA,NA,NA,NA,0.225806451612903,0.193548387096774,0.129032258064516,0.0645161290322581,0,0,0,0,1,1,0,0,0,0,0,0,2061,1.293114,-37.059598442692
"62",21,21,2,31.3059575609089,68.7169799276655,74.0832664891247,78.0170114640754,84.2170804247102,89.8913575679686,101.591086906299,106.146640727598,115.892334512628,1,1,1,1,1,NA,NA,NA,0.769230769230769,0.615384615384615,0.538461538461538,0.384615384615385,0.230769230769231,0,0,0,0,0,0,0,0,0,0,0,2062,57.405843,26.0998854390911
"63",21,21,3,43.5257083487291,80.9367307154857,86.3030172769448,90.2367622518956,96.4368312125304,102.111108355789,113.810837694119,118.366391515418,128.112085300448,1,1,1,1,NA,NA,NA,NA,0.333333333333333,0.222222222222222,0.166666666666667,0.0555555555555556,0,0,0,0,0,0,0,0,0,0,0,0,2063,43.192746,-0.332962348729112
"64",22,22,1,40.4498447169225,77.8774640052534,83.2461312511091,87.1816213817041,93.3844409236325,99.0612353873698,110.766155160978,115.323729995463,125.07374733289,1,1,1,1,NA,NA,NA,NA,0.35,0.25,0.2,0.1,0,0,0,0,0,0,0,0,0,0,0,0,2064,37.189164,-3.26068071692247
"65",22,22,2,39.1463157883312,76.5739350766622,81.9426023225179,85.8780924531129,92.0809119950413,97.7577064587785,109.462626232386,114.020201066872,123.770218404299,1,1,1,1,NA,NA,NA,NA,0.269230769230769,0.192307692307692,0.153846153846154,0.0769230769230769,0,0,0,0,0,0,0,0,0,0,0,0,2065,16.776769,-22.3695467883312
"66",22,22,3,34.7142704886533,72.1418897769842,77.5105570228399,81.4460471534349,87.6488666953634,93.3256611591006,105.030580932709,109.588155767194,119.338173104621,1,1,1,1,1,NA,NA,NA,0.258064516129032,0.225806451612903,0.161290322580645,0.0967741935483871,0.0645161290322581,0,0,0,0,0,0,0,0,0,0,0,2066,2.087094,-32.6271764886533
"67",23,23,1,31.4928118402587,68.9201506065929,74.2887776140021,78.2242382478893,84.4270112993554,90.1037632152163,101.808595259828,106.366135935048,116.116080195577,1,1,1,1,1,NA,NA,NA,0.290322580645161,0.258064516129032,0.193548387096774,0.129032258064516,0.0967741935483871,0,0,0,0,0,0,0,0,0,0,0,2067,1.323224,-30.1695878402587
"68",23,23,2,31.3266029545308,68.7539417208649,74.1225687282741,78.0580293621614,84.2608024136275,89.9375543294883,101.6423863741,106.19992704932,115.949871309849,0,0,0,0,0,NA,NA,NA,0,0,0,0,0,0,0,0,0,0,0,0,0,0,0,0,2068,92.237304,60.9107010454692
"69",23,23,3,51.1084086724955,88.5357474388296,93.9043744462388,97.839835080126,104.042608131592,109.719360047453,121.424192092065,125.981732767284,135.731677027813,1,1,NA,NA,NA,NA,NA,NA,0.176470588235294,0.0588235294117647,0,0,0,0,0,0,1,1,1,1,1,0,0,0,2069,44.472024,-6.63638467249547
"70",24,24,1,40.7293234500245,78.2380218001257,83.6183191339091,87.562334675777,93.7785913210625,99.4676833655098,111.19795938489,115.765407246262,125.536545944678,1,1,1,1,NA,NA,NA,NA,0.428571428571429,0.357142857142857,0.214285714285714,0.0714285714285714,0,0,0,0,1,1,1,1,1,0,0,0,2070,56.152332,15.4230085499755
"71",24,24,2,43.2626611960871,80.7713595461883,86.1516568799718,90.0956724218396,96.3119290671252,102.001021111572,113.731297130952,118.298744992324,128.069883690741,1,1,1,1,NA,NA,NA,NA,0.333333333333333,0.222222222222222,0.166666666666667,0.0555555555555556,0,0,0,0,0,0,1,1,1,0,0,0,2071,41.727141,-1.53552019608713
"72",24,24,3,40.1339867763318,77.642685126433,83.0229824602165,86.9669980020843,93.1832546473699,98.8723466918171,110.602622711197,115.170070572569,124.941209270986,1,1,1,1,NA,NA,NA,NA,0.233333333333333,0.166666666666667,0.133333333333333,0.0666666666666667,0,0,0,0,0,0,0,0,1,0,0,0,2072,5.352397,-34.7815897763318
"73",25,25,1,32.2239700093351,69.7232335313402,75.1021775208947,79.0452009966477,85.2598940229481,90.9475550498495,102.674880469965,107.241179448883,117.009860343697,1,1,1,1,1,NA,NA,NA,0.529411764705882,0.411764705882353,0.352941176470588,0.235294117647059,0.117647058823529,0,0,0,0,0,0,0,1,0,0,0,2073,44.805299,12.5813289906649
"74",25,25,2,40.7955212101015,78.2947847321067,83.6737287216612,87.6167521974141,93.8314452237146,99.5191062506159,111.246431670732,115.812730649649,125.581411544464,1,1,1,1,NA,NA,NA,NA,1,0.833333333333333,0.5,0.166666666666667,0,0,0,0,0,0,0,0,1,0,0,0,2074,80.914458,40.1189367898985
"75",25,25,3,48.640609644537,86.1398731665422,91.5188171560967,95.4618406318496,101.67653365815,107.364194685051,119.091520105167,123.657819084085,133.426499978899,0,0,1,NA,NA,NA,NA,NA,0,0,1,0,0,0,0,0,0,0,0,0,1,0,0,0,2075,94.511745,45.8711353554629
"76",26,26,1,51.7256681926928,89.2893867116104,94.6775762112276,98.6273770885102,104.852752138461,110.550189308665,122.297672050625,126.871819737996,136.657291370488,1,1,NA,NA,NA,NA,NA,NA,0.166666666666667,0.0555555555555556,0,0,0,0,0,0,1,1,0,0,1,0,0,0,2076,43.655572,-8.07009619269275
"77",26,26,2,40.5888516399136,78.1525701588312,83.5407596584484,87.490560535731,93.715935585682,99.4133727558859,111.160855497846,115.735003185217,125.520474817709,1,1,1,1,NA,NA,NA,NA,0.428571428571429,0.357142857142857,0.285714285714286,0.142857142857143,0,0,0,0,1,1,0,0,1,0,0,0,2077,56.015676,15.4268243600864
"78",26,26,3,43.2955478520189,80.8592663709365,86.2474558705537,90.1972567478363,96.4226317977873,102.120068967991,113.867551709951,118.441699397322,128.227171029814,1,1,1,1,NA,NA,NA,NA,0.4,0.266666666666667,0.2,0.0666666666666667,0,0,0,0,0,0,0,0,1,0,0,0,2078,51.706519,8.41097114798111
"79",27,27,1,42.3702163765935,79.9161048088866,85.3017367372805,89.2496627924058,95.4720828905898,101.166815701314,112.908722354346,117.480698865574,127.261525702137,1,1,1,1,NA,NA,NA,NA,0.25,0.166666666666667,0.125,0.0416666666666667,0,0,0,0,0,0,0,0,1,0,0,0,2079,24.199643,-18.1705733765935
"80",27,27,2,36.3354374680417,73.8813259003348,79.2669578287287,83.214883883854,89.437303982038,95.1320367927618,106.873943445794,111.445919957022,121.226746793585,1,1,1,1,1,NA,NA,NA,0.258064516129032,0.193548387096774,0.161290322580645,0.0967741935483871,0.032258064516129,0,0,0,0,0,0,0,1,0,0,0,2080,2.021778,-34.3136594680417
"81",27,27,3,31.4697990749829,69.015687507276,74.4013194356698,78.3492454907951,84.5716655889792,90.266398399703,102.008305052736,106.580281563963,116.361108400526,1,1,1,1,1,NA,NA,NA,0.290322580645161,0.258064516129032,0.193548387096774,0.129032258064516,0.0967741935483871,0,0,0,0,0,0,0,0,0,0,0,2081,1.333441,-30.1363580749829
"82",28,28,1,31.1915777324149,68.7227848564245,74.1063108785275,78.0526932035157,84.2726801919361,89.9651862307955,101.702501527528,106.272690290497,116.049692598196,1,1,1,1,1,NA,NA,NA,0.32258064516129,0.258064516129032,0.225806451612903,0.161290322580645,0.0967741935483871,0,0,0,0,0,0,0,0,0,0,0,2082,1.78312,-29.4084577324149
"83",28,28,2,31.291282439444,68.8224895634536,74.2060155855566,78.1523979105448,84.3723848989652,90.0648909378245,101.802206234557,106.372394997526,116.149397305225,1,1,1,1,1,NA,NA,NA,0.36,0.32,0.24,0.2,0.12,0,0,0,0,0,0,0,0,0,0,0,2083,20.641475,-10.649807439444
"84",28,28,3,35.4726357166165,73.003842840626,78.3873688627291,82.3337511877173,88.5537381761377,94.246244214997,105.983559511729,110.553748274699,120.330750582397,1,1,1,1,1,NA,NA,NA,0.444444444444444,0.333333333333333,0.277777777777778,0.166666666666667,0.0555555555555556,0,0,0,0,0,0,0,0,0,0,0,2084,42.63287,7.16023428338354
"85",29,29,1,40.3335950498989,77.8588066432219,83.2414726584682,87.1872245572553,93.4062179159548,99.0978145890555,110.833254874579,115.402713559593,125.178154011922,1,1,1,1,NA,NA,NA,NA,0.411764705882353,0.294117647058824,0.235294117647059,0.117647058823529,0,0,0,0,0,0,0,0,0,0,0,0,2085,46.866734,6.5331389501011
"86",29,29,2,41.2770763820294,78.8022879753524,84.1849539905987,88.1307058893858,94.3496992480853,100.041295921186,111.776736206709,116.346194891723,126.121635344053,1,1,1,1,NA,NA,NA,NA,0.428571428571429,0.357142857142857,0.214285714285714,0.0714285714285714,0,0,0,0,0,0,0,0,0,0,0,0,2086,55.115112,13.8380356179706
"87",29,29,3,43.115158725571,80.6403703188939,86.0230363341402,89.9687882329274,96.1877815916268,101.879378264728,113.614818550251,118.184277235265,127.959717687594,1,1,1,1,NA,NA,NA,NA,0.193548387096774,0.129032258064516,0.0967741935483871,0.032258064516129,0,0,0,0,0,0,0,0,0,0,0,0,2087,1.645592,-41.4695667255709
"88",30,30,1,31.3608207021643,68.8710431579682,74.2515591114908,78.1957349120945,84.4122441449829,90.1015673565463,101.832320016849,106.399953469127,116.171489202068,1,1,1,1,1,NA,NA,NA,0.290322580645161,0.258064516129032,0.193548387096774,0.129032258064516,0.0967741935483871,0,0,0,0,0,0,0,0,0,0,0,2088,1.921406,-29.4394147021643
"89",30,30,2,31.4213403455978,68.9315628014017,74.3120787549243,78.256254555528,84.4727637884164,90.1620869999798,101.892839660282,106.46047311256,116.232008845502,1,1,1,1,1,NA,NA,NA,0.290322580645161,0.258064516129032,0.193548387096774,0.129032258064516,0.0967741935483871,0,0,0,0,0,0,0,0,0,0,0,2089,1.517126,-29.9042143455978
"90",30,30,3,31.3326324429994,68.8428548988033,74.2233708523259,78.1675466529295,84.3840558858179,90.0733790973813,101.804131757684,106.371765209962,116.143300942903,1,1,1,1,1,NA,NA,NA,0.529411764705882,0.470588235294118,0.352941176470588,0.235294117647059,0.176470588235294,0,0,0,0,0,0,0,0,0,0,0,2090,46.115937,14.7833045570006
"91",31,31,1,41.1241792760053,78.6410467592262,84.0225158842761,87.9673904052449,94.1850009079096,99.8753319969595,111.608162788714,116.176605408401,125.949872192736,1,1,1,1,NA,NA,NA,NA,0.333333333333333,0.277777777777778,0.166666666666667,0.0555555555555556,0,0,0,0,0,0,0,0,0,0,0,0,2091,43.317758,2.19357872399474
"92",31,31,2,40.5082817180075,78.0251492012284,83.4066183262784,87.3514928472472,93.5691033499119,99.2594344389617,110.992265230716,115.560707850403,125.333974634738,1,1,1,1,NA,NA,NA,NA,0.269230769230769,0.192307692307692,0.153846153846154,0.0769230769230769,0,0,0,0,0,0,0,0,0,0,0,0,2092,17.938153,-22.5701287180075
"93",31,31,3,34.9220641306238,72.4389316138447,77.8204007388946,81.7652752598634,87.9828857625281,93.673216851578,105.406047643332,109.97449026302,119.747757047354,1,1,1,1,1,NA,NA,NA,0.5,0.4375,0.3125,0.1875,0.125,0,0,0,0,0,0,0,0,0,0,0,2093,49.721989,14.7999248693762
"94",32,32,1,41.9228466927534,79.4067314161279,84.783469450453,88.7248758554069,94.9370201779828,100.622348641911,112.344864576208,116.909290873215,126.673965540646,1,1,1,1,NA,NA,NA,NA,0.193548387096774,0.129032258064516,0.0967741935483871,0.032258064516129,0,0,0,0,0,0,0,0,0,0,0,0,2094,1.936157,-39.9866896927534
"95",32,32,2,31.3617129496643,68.8455976730387,74.2223357073639,78.1637421123177,84.3758864348937,90.0612148988219,101.783730833119,106.348157130125,116.112831797557,1,1,1,1,1,NA,NA,NA,0.290322580645161,0.258064516129032,0.193548387096774,0.129032258064516,0.0967741935483871,0,0,0,0,0,0,0,0,0,0,0,2095,1.629225,-29.7324879496643
"96",32,32,3,31.2938779917622,68.7777627151367,74.1545007494618,78.0959071544157,84.3080514769916,89.9933799409199,101.715895875217,106.280322172223,116.044996839655,1,1,1,1,1,NA,NA,NA,0.5,0.444444444444444,0.388888888888889,0.277777777777778,0.166666666666667,0,0,0,0,0,0,0,0,0,0,0,2096,43.198644,11.9047660082378
"97",33,33,1,40.4730957740977,77.9745414034232,83.3537983973397,87.297051320276,93.512105983736,99.2000979794511,110.928105820506,115.494670515427,125.263919856341,1,1,1,1,NA,NA,NA,NA,0.35,0.25,0.2,0.1,0,0,0,0,0,0,0,0,0,0,0,0,2097,36.509723,-3.96337277409767
"98",33,33,2,38.9921073618852,76.4935529912108,81.8728099851273,85.8160629080635,92.0311175715235,97.7191095672386,109.447117408294,114.013682103215,123.782931444129,1,1,1,1,NA,NA,NA,NA,0.4375,0.3125,0.25,0.125,0,0,0,0,0,0,0,0,0,0,0,0,2098,47.477821,8.48571363811479
"99",33,33,3,41.4205447798201,78.9219904091457,84.3012474030622,88.2445003259984,94.4595549894584,100.147546985174,111.875554826229,116.44211952115,126.211368862064,1,1,1,1,NA,NA,NA,NA,0.193548387096774,0.161290322580645,0.0967741935483871,0.032258064516129,0,0,0,0,0,0,0,0,0,0,0,0,2099,1.952585,-39.4679597798201
"100",34,34,1,31.4928790986481,68.9731610154585,74.3493822584419,78.2904098305994,84.5019570658001,90.1867390778635,101.908128289099,106.472115871038,116.235851995566,1,1,1,1,1,NA,NA,NA,0.290322580645161,0.258064516129032,0.193548387096774,0.129032258064516,0.0967741935483871,0,0,0,0,0,0,0,0,0,0,0,2100,2.035867,-29.4570120986481
"101",34,34,2,31.5110614230361,68.9913433398466,74.3675645828299,78.3085921549874,84.5201393901882,90.2049214022515,101.926310613487,106.490298195426,116.254034319954,1,1,1,1,1,NA,NA,NA,0.290322580645161,0.258064516129032,0.193548387096774,0.129032258064516,0.0967741935483871,0,0,0,0,0,0,0,0,0,0,0,2101,1.487115,-30.0239464230361
"102",34,34,3,31.3912565807822,68.8715384975927,74.247759740576,78.1887873127335,84.4003345479343,90.0851165599977,101.806505771233,106.370493353172,116.1342294777,1,1,1,1,1,NA,NA,NA,0.5625,0.5,0.375,0.25,0.1875,0,0,0,0,0,0,0,0,0,0,0,2102,46.961178,15.5699214192178
"103",35,35,1,41.3409975944409,78.8142172212804,84.1894254400435,88.1297104169462,94.3400872301144,100.023798076836,111.74297866409,116.306106268406,126.06800264328,1,1,1,1,NA,NA,NA,NA,0.315789473684211,0.263157894736842,0.157894736842105,0.0526315789473684,0,0,0,0,0,0,0,0,0,0,0,0,2103,39.783539,-1.55745859444085
"104",35,35,2,39.7573569130913,77.2305765399309,82.6057847586939,86.5460697355967,92.7564465487648,98.4401573954864,110.159337982741,114.722465587057,124.48436196193,1,1,1,1,NA,NA,NA,NA,0.241379310344828,0.172413793103448,0.137931034482759,0.0689655172413793,0,0,0,0,0,0,0,0,0,0,0,0,2104,8.295574,-31.4617829130913
"105",35,35,3,32.8099996627599,70.2832192895994,75.6584275083625,79.5987124852653,85.8090892984334,91.492800145155,103.211980732409,107.775108336725,117.537004711599,1,1,1,1,1,NA,NA,NA,0.5625,0.4375,0.375,0.25,0.125,0,0,0,0,0,0,0,0,0,0,0,2105,47.935516,15.1255163372401
"106",36,36,1,41.556639796124,79.0000671999278,84.3710019827889,88.3081543265732,94.5135937222204,100.192785865108,111.902649386859,116.462149181324,126.216284584577,1,1,1,1,NA,NA,NA,NA,0.545454545454545,0.454545454545455,0.272727272727273,0.0909090909090909,0,0,0,0,0,0,0,0,0,0,0,0,2106,62.557481,21.000841203876
"107",36,36,2,44.8107505657621,82.2541779695659,87.625112752427,91.5622650962113,97.7677044918585,103.446896634746,115.156760156497,119.716259950962,129.470395354215,1,1,1,NA,NA,NA,NA,NA,0.277777777777778,0.166666666666667,0.111111111111111,0,0,0,0,0,0,0,0,0,0,0,0,0,2107,43.469406,-1.34134456576208
"108",36,36,3,40.5627093189694,78.0061367227732,83.3770715056342,87.3142238494186,93.5196632450658,99.1988553879529,110.908718909705,115.468218704169,125.222354107423,1,1,1,1,NA,NA,NA,NA,0.411764705882353,0.294117647058824,0.235294117647059,0.117647058823529,0,0,0,0,0,0,0,0,0,0,0,0,2108,45.35583,4.79312068103064
"109",37,37,1,41.0330857374411,78.4380524248198,83.8034703516143,87.7365785757677,93.9356439383351,99.6090025928459,111.306838109377,115.861654528393,125.605770789123,1,1,1,1,NA,NA,NA,NA,0.375,0.3125,0.1875,0.0625,0,0,0,0,0,0,0,0,0,0,0,0,2109,48.660363,7.62727726255889
"110",37,37,2,41.7725928119738,79.1775594993524,84.542977426147,88.4760856503003,94.6751510128678,100.348509667379,112.04634518391,116.601161602925,126.345277863655,1,1,1,1,NA,NA,NA,NA,0.375,0.25,0.1875,0.0625,0,0,0,0,0,0,0,0,0,0,0,0,2110,49.518913,7.74632018802622
"111",37,37,3,41.9647239841667,79.3696906715453,84.7351085983399,88.6682168224932,94.8672821850607,100.540640839571,112.238476356103,116.793292775118,126.537409035848,1,1,1,1,NA,NA,NA,NA,0.666666666666667,0.444444444444444,0.333333333333333,0.111111111111111,0,0,0,0,0,0,0,0,0,0,0,0,2111,71.165237,29.2005130158334
"112",38,38,1,46.8538250996002,84.2346441773948,89.5965983391114,93.5271674576256,99.7222308754403,105.391926966876,117.082210685075,121.634086640875,131.371912370266,1,1,1,NA,NA,NA,NA,NA,0.416666666666667,0.25,0.166666666666667,0,0,0,0,0,0,0,0,0,0,0,0,0,2112,61.853007,14.9991819003998
"113",38,38,2,44.7645310957544,82.1453501735489,87.5073043352656,91.4378734537798,97.6329368715944,103.30263296303,114.992916681229,119.54479263703,129.28261836642,1,1,1,NA,NA,NA,NA,NA,0.833333333333333,0.5,0.333333333333333,0,0,0,0,0,0,0,0,0,0,0,0,0,2113,80.726424,35.9618929042456
"114",38,38,3,48.9989751516016,86.3797942293961,91.7417483911128,95.6723175096269,101.867380927442,107.537077018877,119.227360737076,123.779236692877,133.517062422267,1,1,1,NA,NA,NA,NA,NA,0.2,0.1,0.05,0,0,0,0,0,0,0,0,0,0,0,0,0,2114,36.961192,-12.0377831516016
"115",39,39,1,39.1959988472591,76.6065859598695,81.9728100878979,85.9065092961547,92.1065061228153,97.7807172493627,109.480310468566,114.035811288809,123.78139168871,1,1,1,1,NA,NA,NA,NA,0.225806451612903,0.161290322580645,0.129032258064516,0.0645161290322581,0,0,0,0,0,0,0,0,0,0,0,0,2115,1.486064,-37.7099348472591
"116",39,39,2,31.2091730953842,68.6197602079946,73.985984336023,77.9196835442798,84.1196803709404,89.7938914974878,101.493484716691,106.048985536934,115.794565936835,1,1,1,1,1,NA,NA,NA,0.454545454545455,0.363636363636364,0.318181818181818,0.227272727272727,0.136363636363636,0,0,0,0,0,0,0,0,0,0,0,2116,29.122812,-2.08636109538422
"117",39,39,3,37.4312758211158,74.8418629337262,80.2080870617546,84.1417862700114,90.341783096672,96.0159942232194,107.715587442423,112.271088262666,122.016668662566,1,1,1,1,1,NA,NA,NA,0.4,0.3,0.25,0.15,0.05,0,0,0,0,0,0,0,0,0,0,0,2117,36.875503,-0.555772821115816
"118",40,40,1,39.1767742347879,76.5850212491998,81.9509097104455,85.8843628588796,92.0839718648049,97.7578280594396,109.456689448454,114.011905314088,123.756876110747,1,1,1,1,NA,NA,NA,NA,0.4375,0.3125,0.25,0.125,0,0,0,0,0,0,0,0,0,0,0,0,2118,47.646881,8.47010676521207
"119",40,40,2,41.6055728066308,79.0138198210427,84.3797082822884,88.3131614307225,94.5127704366477,100.186626631283,111.885488020297,116.440703885931,126.18567468259,1,1,1,1,NA,NA,NA,NA,0.428571428571429,0.285714285714286,0.214285714285714,0.0714285714285714,0,0,0,0,0,0,0,0,0,0,0,0,2119,55.668605,14.0630321933692
"120",40,40,3,43.4143619694397,80.8226089838515,86.1884974450972,90.1219505935313,96.3215595994566,101.995415794091,113.694277183106,118.24949304874,127.994463845399,1,1,1,1,NA,NA,NA,NA,0.352941176470588,0.235294117647059,0.176470588235294,0.0588235294117647,0,0,0,0,0,0,0,0,0,0,0,0,2120,45.951273,2.53691103056034
"121",41,41,1,41.2333015395631,78.642661768276,84.0087099104544,87.9422801126573,94.14207360981,99.8160986500433,111.515308179932,116.070659602076,125.815920394705,1,1,1,1,NA,NA,NA,NA,0.193548387096774,0.161290322580645,0.0967741935483871,0.032258064516129,0,0,0,0,0,0,0,0,0,0,0,0,2121,2.155631,-39.0776705395631
"122",41,41,2,31.3710493402634,68.7804095689763,74.1464577111547,78.0800279133576,84.2798214105103,89.9538464507436,101.653055980632,106.208407402777,115.953668195406,1,1,1,1,1,NA,NA,NA,0.692307692307692,0.615384615384615,0.538461538461538,0.384615384615385,0.230769230769231,0,0,0,0,0,0,0,0,0,0,0,2122,57.456421,26.0853716597366
"123",41,41,3,43.8241225889786,81.2334828176916,86.59953095987,90.5331011620729,96.7328946592256,102.406919699459,114.106129229347,118.661480651492,128.406741444121,1,1,1,1,NA,NA,NA,NA,0.315789473684211,0.210526315789474,0.157894736842105,0.0526315789473684,0,0,0,0,0,0,0,0,0,0,0,0,2123,38.422736,-5.40138658897865
"124",42,42,1,39.5240270761421,76.9577506257318,82.3272934749014,86.2634254646474,92.4672566560407,98.1449769771308,109.851805765783,114.410123918386,124.161731435852,1,1,1,1,NA,NA,NA,NA,0.35,0.25,0.2,0.1,0,0,0,0,0,0,0,0,0,0,0,0,2124,36.859308,-2.66471907614209
"125",42,42,2,39.1734940697974,76.6072176193871,81.9767604685567,85.9128924583027,92.116723649696,97.7944439707861,109.501272759439,114.059590912041,123.811198429508,1,1,1,1,NA,NA,NA,NA,0.225806451612903,0.161290322580645,0.129032258064516,0.0645161290322581,0,0,0,0,0,0,0,0,0,0,0,0,2125,1.665973,-37.5075210697974
"126",42,42,3,31.2828681370102,68.7165916866,74.0861345357696,78.0222665255155,84.2260977169088,89.9038180379989,101.610646826652,106.168964979254,115.92057249672,1,1,1,1,1,NA,NA,NA,0.32258064516129,0.258064516129032,0.225806451612903,0.161290322580645,0.0967741935483871,0,0,0,0,0,0,0,0,0,0,0,2126,2.035385,-29.2474831370102
"127",43,43,1,31.3605644754571,68.7764275335552,74.1434084501871,78.0776624207235,84.2785336213998,89.9535449713839,101.654788162448,106.210931436496,115.957886237466,1,1,1,1,1,NA,NA,NA,0.290322580645161,0.258064516129032,0.225806451612903,0.161290322580645,0.0967741935483871,0,0,0,0,0,0,0,0,0,0,0,2127,1.433654,-29.9269104754571
"128",43,43,2,31.2254276558473,68.6412907139455,74.0082716305774,77.9425256011137,84.1433968017901,89.8184081517742,101.519651342839,106.075794616886,115.822749417856,1,1,1,1,1,NA,NA,NA,0.32258064516129,0.258064516129032,0.225806451612903,0.161290322580645,0.0967741935483871,0,0,0,0,0,0,0,0,0,0,0,2128,1.43886,-29.7865676558473
"129",43,43,3,31.2265968199471,68.6424598780452,74.0094407946771,77.9436947652135,84.1445659658898,89.8195773158739,101.520820506938,106.076963780986,115.823918581956,1,1,1,1,1,NA,NA,NA,0.32258064516129,0.258064516129032,0.225806451612903,0.161290322580645,0.0967741935483871,0,0,0,0,0,0,0,0,0,0,0,2129,1.65648,-29.5701168199471
"130",44,44,1,31.1506841178747,68.5863701028206,73.9561944463149,77.8925327848783,84.0966892075475,89.7747071789391,101.482149689459,106.04070680853,115.79282554683,1,1,1,1,1,NA,NA,NA,0.32258064516129,0.258064516129032,0.225806451612903,0.161290322580645,0.0967741935483871,0,0,0,0,0,0,0,0,0,0,0,2130,1.931666,-29.2190181178747
"131",44,44,2,31.2130777483094,68.6487637332553,74.0185880767496,77.954926415313,84.1590828379822,89.8371008093738,101.544543319894,106.103100438965,115.855219177265,1,1,1,1,1,NA,NA,NA,0.714285714285714,0.571428571428571,0.5,0.357142857142857,0.214285714285714,0,0,0,0,0,0,0,0,0,0,0,2131,54.655122,23.4420442516906
"132",44,44,3,43.1672026998126,80.6028886847585,85.9727130282529,89.9090513668162,96.1132077894854,101.791225760877,113.498668271397,118.057225390468,127.809344128768,1,1,1,1,NA,NA,NA,NA,0.260869565217391,0.173913043478261,0.130434782608696,0.0434782608695652,0,0,0,0,0,0,0,0,0,0,0,0,2132,25.434055,-17.7331476998126
"133",45,45,1,36.5348143136007,73.9326607910974,79.297057385563,83.2294169242202,89.4273022657807,95.0995809700086,106.795189748985,111.34913913745,121.091400560199,1,1,1,1,1,NA,NA,NA,0.258064516129032,0.193548387096774,0.161290322580645,0.0967741935483871,0.032258064516129,0,0,0,0,0,0,0,0,0,0,0,2133,1.579489,-34.9553253136007
"134",45,45,2,31.0773864349017,68.4752329123984,73.839629506864,77.7719890455211,83.9698743870817,89.6421530913096,101.337761870286,105.891711258751,115.6339726815,1,1,1,1,1,NA,NA,NA,0.32258064516129,0.258064516129032,0.225806451612903,0.161290322580645,0.0967741935483871,0,0,0,0,0,0,0,0,0,0,0,2134,2.034902,-29.0424844349017
"135",45,45,3,31.1815754443568,68.5794219218536,73.9438185163191,77.8761780549763,84.0740633965368,89.7463421007647,101.441950879742,105.995900268206,115.738161690955,1,1,1,1,1,NA,NA,NA,0.32258064516129,0.258064516129032,0.225806451612903,0.161290322580645,0.0967741935483871,0,0,0,0,0,0,0,0,0,0,0,2135,1.917657,-29.2639184443568
"136",46,46,1,31.0073202022963,68.4498344094328,73.8206382021552,77.7576945238965,83.9629825769191,89.6420362116702,101.351614145027,105.911002739201,115.664900251733,1,1,1,1,1,NA,NA,NA,0.32258064516129,0.258064516129032,0.225806451612903,0.161290322580645,0.0967741935483871,0,0,0,0,0,0,0,0,0,0,0,2136,2.014401,-28.9929192022963
"137",46,46,2,31.0296794991116,68.472193706248,73.8429974989705,77.7800538207118,83.9853418737343,89.6643955084854,101.373973441842,105.933362036016,115.687259548548,1,1,1,1,1,NA,NA,NA,0.666666666666667,0.533333333333333,0.466666666666667,0.333333333333333,0.2,0,0,0,0,0,0,0,0,0,0,0,2137,51.945781,20.9161015008884
"138",46,46,3,42.5697289679583,80.0122431750948,85.3830469678172,89.3201032895585,95.5253913425811,101.204444977332,112.914022910689,117.473411504863,127.227309017395,1,1,1,1,NA,NA,NA,NA,0.375,0.25,0.1875,0.0625,0,0,0,0,0,0,0,0,0,0,0,0,2138,49.69388,7.12415103204165
"139",47,47,1,42.0733062772983,79.5053417178817,84.8746424224612,88.8105969086294,95.0141483324144,100.691612611361,112.397913469548,116.956026060502,126.707193820046,1,1,1,1,NA,NA,NA,NA,0.375,0.25,0.1875,0.0625,0,0,0,0,0,0,0,0,0,0,0,0,2139,48.367657,6.29435072270166
"140",47,47,2,41.7646528598324,79.1966883004158,84.5659890049953,88.5019434911635,94.7054949149485,100.382959193895,112.089260052082,116.647372643036,126.39854040258,1,1,1,1,NA,NA,NA,NA,0.352941176470588,0.235294117647059,0.176470588235294,0.0588235294117647,0,0,0,0,0,0,0,0,0,0,0,0,2140,44.986102,3.22144914016758
"141",47,47,3,40.9776596414227,78.4096950820061,83.7789957865856,87.7149502727538,93.9185016965388,99.5959659754856,111.302266833672,115.860379424626,125.611547184171,1,1,1,1,NA,NA,NA,NA,0.193548387096774,0.161290322580645,0.0967741935483871,0.032258064516129,0,0,0,0,0,0,0,0,0,0,0,0,2141,3.087634,-37.8900256414227
"142",48,48,1,31.213233997709,68.6118099656935,73.9763111992401,77.9087474433535,84.106753682207,89.779143031131,101.474979947184,106.029018165971,115.77146962338,1,1,1,1,1,NA,NA,NA,0.32258064516129,0.258064516129032,0.225806451612903,0.161290322580645,0.0967741935483871,0,0,0,0,0,0,0,0,0,0,0,2142,2.017032,-29.196201997709
"143",48,48,2,30.9632149916234,68.3617909596079,73.7262921931545,77.6587284372679,83.8567346761214,89.5291240250454,101.224960941098,105.778999159886,115.521450617294,1,1,1,1,1,NA,NA,NA,0.588235294117647,0.470588235294118,0.411764705882353,0.294117647058824,0.176470588235294,0,0,0,0,0,0,0,0,0,0,0,2143,45.208162,14.2449470083766
"144",48,48,3,41.049692874454,78.4482688424385,83.8127700759851,87.7452063200985,93.943212558952,99.615601907876,111.311438823929,115.865477042716,125.607928500125,1,1,1,1,NA,NA,NA,NA,0.6,0.5,0.3,0.1,0,0,0,0,0,0,0,0,0,0,0,0,2144,66.842851,25.793158125546
"145",49,49,1,46.1089277031743,83.4967145718639,88.8596682027284,92.7909699799801,98.9871881586465,104.657941082377,116.350403871406,120.903128297642,130.642769159368,1,1,1,NA,NA,NA,NA,NA,0.208333333333333,0.125,0.0833333333333333,0,0,0,0,0,0,0,0,0,0,0,0,0,2145,21.973465,-24.1354627031743
"146",49,49,2,35.6527154863851,73.0405023550747,78.4034559859391,82.3347577631909,88.5309759418573,94.2017288655875,105.894191654617,110.446916080853,120.186556942579,1,1,1,1,1,NA,NA,NA,0.258064516129032,0.193548387096774,0.161290322580645,0.0967741935483871,0.032258064516129,0,0,0,0,0,0,0,0,0,0,0,2146,2.093289,-33.5594264863851
"147",49,49,3,31.0199055084834,68.407692377173,73.7706460080375,77.7019477852892,83.8981659639557,89.5689188876859,101.261381676715,105.814106102951,115.553746964677,1,1,1,1,1,NA,NA,NA,0.32258064516129,0.258064516129032,0.225806451612903,0.161290322580645,0.0967741935483871,0,0,0,0,0,0,0,0,0,0,0,2147,1.427989,-29.5919165084834
"148",50,50,1,30.7769122694711,68.1783861508513,73.5433030649307,77.4760440227766,83.6745305281868,89.3473594150518,101.044102609528,105.598493708285,115.34170008162,1,1,1,1,1,NA,NA,NA,0.32258064516129,0.258064516129032,0.225806451612903,0.161290322580645,0.0967741935483871,0,0,0,0,0,0,0,0,0,0,0,2148,2.024256,-28.7526562694711
"149",50,50,2,30.9166689132548,68.318142794635,73.6830597087145,77.6158006665603,83.8142871719705,89.4871160588356,101.183859253312,105.738250352069,115.481456725403,1,1,1,1,1,NA,NA,NA,0.32258064516129,0.258064516129032,0.225806451612903,0.161290322580645,0.0967741935483871,0,0,0,0,0,0,0,0,0,0,0,2149,1.491667,-29.4250019132548
"150",50,50,3,30.791837501897,68.1933113832771,73.5582282973566,77.4909692552024,83.6894557606126,89.3622846474777,101.059027841954,105.613418940711,115.356625314045,1,1,1,1,1,NA,NA,NA,0.526315789473684,0.421052631578947,0.368421052631579,0.263157894736842,0.157894736842105,0,0,0,0,0,0,0,0,0,0,0,2150,39.328706,8.53686849810303
"151",51,51,1,39.6510243612092,77.0547521232171,82.4199923369167,86.352970288863,92.5518303263083,98.2250010681274,109.922449129556,114.477114684178,124.220908200793,1,1,1,1,NA,NA,NA,NA,0.411764705882353,0.294117647058824,0.235294117647059,0.117647058823529,0,0,0,0,0,0,0,0,0,0,0,0,2151,45.819764,6.16873963879076
"152",51,51,2,41.1877491157479,78.5914768777558,83.9567170914554,87.8896950434017,94.088555080847,99.7617258226661,111.459173884095,116.013839438717,125.757632955332,1,1,1,1,NA,NA,NA,NA,0.206896551724138,0.172413793103448,0.103448275862069,0.0344827586206897,0,0,0,0,0,0,0,0,0,0,0,0,2152,8.667234,-32.5205151157479
"153",51,51,3,32.3920778176727,69.7958055796805,75.1610457933802,79.0940237453265,85.2928837827718,90.9660545245908,102.663502586019,107.218168140641,116.961961657257,1,1,1,1,1,NA,NA,NA,0.290322580645161,0.225806451612903,0.193548387096774,0.129032258064516,0.0645161290322581,0,0,0,0,0,0,0,0,0,0,0,2153,1.380757,-31.0113208176727
"154",52,52,1,30.6217834363388,68.0047421332685,73.3670032047856,77.2977973028777,83.4932153163529,89.1632359322517,100.854188783856,105.406325281858,115.144708389036,1,1,1,1,1,NA,NA,NA,0.769230769230769,0.615384615384615,0.538461538461538,0.384615384615385,0.230769230769231,0,0,0,0,0,0,0,0,0,0,0,2154,57.413046,26.7912625636612
"155",52,52,2,43.962428329013,81.3453870259426,86.7076480974598,90.6384421955518,96.8338602090271,102.503880824926,114.19483367653,118.746970174532,128.48535328171,1,1,1,1,NA,NA,NA,NA,0.357142857142857,0.285714285714286,0.142857142857143,0.0714285714285714,0,0,0,0,0,0,0,0,0,0,0,0,2155,54.151642,10.189213670987
"156",52,52,3,43.1859254698214,80.5688841667511,85.9311452382682,89.8619393363603,96.0573573498355,101.727377965734,113.418330817338,117.97046731534,127.708850422519,1,1,1,1,NA,NA,NA,NA,0.352941176470588,0.235294117647059,0.176470588235294,0.0588235294117647,0,0,0,0,0,0,0,0,0,0,0,0,2156,46.374691,3.18876553017856
"157",53,53,1,41.3393921484081,78.7371429915044,84.101525868045,88.0338753508063,94.2317448430305,99.9040090420121,111.599587912782,116.153525655811,125.895762165485,1,1,1,1,NA,NA,NA,NA,0.193548387096774,0.161290322580645,0.0967741935483871,0.032258064516129,0,0,0,0,0,0,0,0,0,0,0,0,2157,1.544669,-39.7947231484081
"158",53,53,2,30.699226905373,68.0969777484693,73.4613606250099,77.3937101077713,83.5915795999955,89.2638437989771,100.959422669747,105.513360412776,115.25559692245,0,0,0,0,0,NA,NA,NA,0,0,0,0,0,0,0,0,0,0,0,0,0,0,0,0,2158,95.506197,64.806970094627
"159",53,53,3,53.0004915446825,90.3982423877788,95.7626252643193,99.6949747470807,105.892844239305,111.565108438286,123.260687309056,127.814625052085,137.55686156176,1,1,NA,NA,NA,NA,NA,NA,0.272727272727273,0.0909090909090909,0,0,0,0,0,0,1,1,1,1,1,0,0,0,2159,63.421608,10.4211164553175
"160",54,54,1,45.355518274125,82.8518820999979,88.2304101533014,92.1731287278684,98.387341192162,104.074562410728,115.800980994896,120.366926876759,130.13485239124,1,1,1,NA,NA,NA,NA,NA,0.333333333333333,0.2,0.133333333333333,0,0,0,0,0,1,1,1,1,1,0,0,0,2160,51.030262,5.67474372587502
"161",54,54,2,42.4349465462711,79.931310372144,85.3098384254475,89.2525570000145,95.4667694643081,101.153990682874,112.880409267042,117.446355148905,127.214280663386,1,1,1,1,NA,NA,NA,NA,0.193548387096774,0.129032258064516,0.0967741935483871,0.032258064516129,0,0,0,0,0,0,1,1,1,0,0,0,2161,1.579104,-40.8558425462711
"162",54,54,3,30.7795820713838,68.2759458972567,73.6544739505602,77.5971925251272,83.8114049894208,89.4986262079864,101.225044792155,105.790990674018,115.558916188498,1,1,1,1,1,NA,NA,NA,0.434782608695652,0.347826086956522,0.304347826086957,0.217391304347826,0.130434782608696,0,0,0,0,0,0,1,1,0,0,0,2162,25.630212,-5.14937007138378
"163",55,55,1,36.495105484328,73.9725078545215,79.3483160515271,83.2890408412072,89.5001108537481,95.1844561136321,106.904944790375,111.468581728873,121.231567722082,1,1,1,1,1,NA,NA,NA,0.571428571428571,0.428571428571429,0.357142857142857,0.214285714285714,0.0714285714285714,0,0,0,0,0,0,0,1,0,0,0,2163,54.210902,17.715796515672
"164",55,55,2,43.1905935669167,80.6679959371102,86.0438041341157,89.9845289237958,96.1955989363368,101.879944196221,113.600432872964,118.164069811462,127.927055804671,1,1,1,1,NA,NA,NA,NA,0.4,0.266666666666667,0.2,0.0666666666666667,0,0,0,0,0,0,0,0,0,0,0,0,2164,51.481312,8.29071843308335
"165",55,55,3,42.551143038768,80.0285454089615,85.4043536059671,89.3450783956472,95.5561484081881,101.240493668072,112.960982344815,117.524619283313,127.287605276522,1,1,1,1,NA,NA,NA,NA,0.193548387096774,0.129032258064516,0.0967741935483871,0.032258064516129,0,0,0,0,0,0,0,0,0,0,0,0,2165,1.818038,-40.733105038768
"166",56,56,1,30.9488412502912,68.4557566359378,73.8357982189401,77.7796262832406,83.995587440676,89.6844090558804,101.414127480193,105.981358229334,115.752032459674,1,1,1,1,1,NA,NA,NA,0.32258064516129,0.258064516129032,0.225806451612903,0.161290322580645,0.0967741935483871,0,0,0,0,0,0,0,0,0,0,0,2166,2.040485,-28.9083562502912
"167",56,56,2,31.0005918743646,68.5075072600112,73.8875488430135,77.831376907314,84.0473380647494,89.7361596799538,101.465878104266,106.033108853407,115.803783083747,1,1,1,1,1,NA,NA,NA,0.32258064516129,0.258064516129032,0.225806451612903,0.161290322580645,0.0967741935483871,0,0,0,0,0,0,0,0,0,0,0,2167,1.561443,-29.4391488743646
"168",56,56,3,30.8891463504539,68.3960617361004,73.7761033191028,77.7199313834033,83.9358925408387,89.6247141560431,101.354432580356,105.921663329496,115.692337559836,1,1,1,1,1,NA,NA,NA,0.344827586206897,0.275862068965517,0.241379310344828,0.172413793103448,0.103448275862069,0,0,0,0,0,0,0,0,0,0,0,2168,6.266611,-24.6225353504539
"169",57,57,1,31.8158722313183,69.3511893140435,74.7353048740642,78.6821193585718,84.9027874838831,90.5959168963721,102.334517520303,106.905206754442,116.683279719839,1,1,1,1,1,NA,NA,NA,0.290322580645161,0.258064516129032,0.193548387096774,0.129032258064516,0.0967741935483871,0,0,0,0,0,0,0,0,0,0,0,2169,1.29743,-30.5184422313183
"170",57,57,2,30.6445691168588,68.179886199584,73.5640017596047,77.5108162441123,83.7314843694236,89.4246137819126,101.163214405843,105.733903639983,115.51197660538,1,1,1,1,1,NA,NA,NA,0.5,0.4,0.35,0.25,0.15,0,0,0,0,0,0,0,0,0,0,0,2170,37.316323,6.67175388314119
"171",57,57,3,39.1347089508242,76.6700260335494,82.0541415935701,86.0009560780777,92.221624203389,97.914753615878,109.653354239808,114.224043473948,124.002116439345,1,1,1,1,NA,NA,NA,NA,0.225806451612903,0.161290322580645,0.129032258064516,0.0645161290322581,0,0,0,0,0,0,0,0,0,0,0,0,2171,1.529207,-37.6055019508242
"172",58,58,1,30.6180747358353,68.1712426724397,73.5579187825663,77.5066102728947,83.7302367916969,89.4260737135172,101.170256921019,105.743119860138,115.525843031402,1,1,1,1,1,NA,NA,NA,0.769230769230769,0.615384615384615,0.538461538461538,0.384615384615385,0.230769230769231,0,0,0,0,0,0,0,0,0,0,0,2172,57.881172,27.2630972641646
"173",58,58,2,43.9972803788936,81.5504483154979,86.9371244256245,90.8858159159529,97.1094424347551,102.805279356575,114.549462564077,119.122325503196,128.90504867446,1,1,1,NA,NA,NA,NA,NA,0.161290322580645,0.129032258064516,0.0645161290322581,0,0,0,0,0,0,0,0,0,0,0,0,0,2173,1.653196,-42.3440843788936
"174",58,58,3,30.6475124728952,68.2006804094995,73.5873565196261,77.5360480099546,83.7596745287567,89.4555114505771,101.199694658079,105.772557597198,115.555280768462,1,1,1,1,1,NA,NA,NA,0.32258064516129,0.258064516129032,0.225806451612903,0.161290322580645,0.0967741935483871,0,0,0,0,0,0,0,0,0,0,0,2174,2.013717,-28.6337954728952
"175",59,59,1,30.7930245015222,68.3795249625032,73.7709823340417,77.7231787179009,83.9523293827085,89.6532219798147,101.407829428321,105.984751281075,115.776157684048,1,1,1,1,1,NA,NA,NA,0.32258064516129,0.258064516129032,0.225806451612903,0.161290322580645,0.0967741935483871,0,0,0,0,0,0,0,0,0,0,0,2175,1.567967,-29.2250575015222
"176",59,59,2,30.6879026432714,68.2744031042524,73.6658604757909,77.61805685965,83.8472075244577,89.5481001215638,101.30270757007,105.879629422824,115.671035825797,1,1,1,1,1,NA,NA,NA,0.32258064516129,0.258064516129032,0.225806451612903,0.161290322580645,0.0967741935483871,0,0,0,0,0,0,0,0,0,0,0,2176,2.050311,-28.6375916432714
"177",59,59,3,30.8016545167344,68.3881549777154,73.7796123492539,77.731808733113,83.9609593979207,89.6618519950269,101.416459443533,105.993381296287,115.78478769926,1,1,1,1,1,NA,NA,NA,0.32258064516129,0.258064516129032,0.225806451612903,0.161290322580645,0.0967741935483871,0,0,0,0,0,0,0,0,0,0,0,2177,1.376517,-29.4251375167344
"178",60,60,1,30.6427524246104,68.2294793328368,73.6209691862678,77.5731893809094,83.8023775744572,89.5033045177091,101.257982784154,105.834932211472,115.626397604693,1,1,1,1,1,NA,NA,NA,0.32258064516129,0.258064516129032,0.225806451612903,0.161290322580645,0.0967741935483871,0,0,0,0,0,0,0,0,0,0,0,2178,1.88147,-28.7612824246104
"179",60,60,2,30.7618363285633,68.3485632367897,73.7400530902208,77.6922732848623,83.9214614784101,89.6223884216621,101.377066688106,105.954016115425,115.745481508646,1,1,1,1,1,NA,NA,NA,0.588235294117647,0.470588235294118,0.411764705882353,0.294117647058824,0.176470588235294,0,0,0,0,0,0,0,0,0,0,0,2179,45.738258,14.9764216714367
"180",60,60,3,41.1046554223726,78.691382330599,84.0828721840301,88.0350923786715,94.2642805722193,99.9652075154713,111.719885781916,116.296835209234,126.088300602455,1,1,1,1,NA,NA,NA,NA,0.214285714285714,0.178571428571429,0.107142857142857,0.0357142857142857,0,0,0,0,0,0,0,0,0,0,0,0,2180,9.720597,-31.3840584223726
"181",61,61,1,32.6761572266395,70.236849760226,75.6246052085024,79.5740879053709,85.798961463608,91.4959396706957,103.242476081679,107.816255293713,117.600938647122,1,1,1,1,1,NA,NA,NA,0.290322580645161,0.225806451612903,0.193548387096774,0.129032258064516,0.0645161290322581,0,0,0,0,0,0,0,0,0,0,0,2181,1.511439,-31.1647182266395
"182",61,61,2,30.7504936378049,68.3111861713914,73.6989416196678,77.6484243165363,83.8732978747734,89.5702760818612,101.316812492844,105.890591704879,115.675275058287,1,1,1,1,1,NA,NA,NA,0.32258064516129,0.258064516129032,0.225806451612903,0.161290322580645,0.0967741935483871,0,0,0,0,0,0,0,0,0,0,0,2182,2.214877,-28.5356166378049
"183",61,61,3,30.9155026367306,68.4761951703171,73.8639506185935,77.813433315462,84.0383068736991,89.7352850807868,101.48182149177,106.055600703804,115.840284057213,1,1,1,1,1,NA,NA,NA,0.32258064516129,0.258064516129032,0.225806451612903,0.161290322580645,0.0967741935483871,0,0,0,0,0,0,0,0,0,0,0,2183,1.320789,-29.5947136367306
"184",62,62,1,30.5791587877877,68.1333699804824,73.5201957366433,77.4689969246796,83.6927963406467,89.3887914972282,101.133300967235,105.706290944028,115.489285886919,1,1,1,1,1,NA,NA,NA,0.5,0.4,0.35,0.25,0.15,0,0,0,0,0,0,0,0,0,0,0,2184,36.445086,5.86592721221228
"185",62,62,2,38.9182081322164,76.4724193249111,81.859245081072,85.8080462691083,92.0318456850754,97.7278408416569,109.472350311664,114.045340288457,123.828335231348,0,0,0,1,NA,NA,NA,NA,0,0,0,0.666666666666667,0,0,0,0,0,0,0,0,0,0,0,0,2185,89.521591,50.6033828677836
"186",62,62,3,51.5193882846566,89.0735994773513,94.4604252335122,98.4092264215485,104.633025837516,110.329020994097,122.073530464104,126.646520440897,136.429515383788,1,1,NA,NA,NA,NA,NA,NA,0.130434782608696,0.0434782608695652,0,0,0,0,0,0,1,1,1,0,0,0,0,0,2186,26.981858,-24.5375302846566
"187",63,63,1,36.7057907893414,74.2871015889858,79.6778145486337,83.6294652429362,89.8577558334627,95.5578612941893,107.310845754892,111.887135660695,121.677190139902,1,1,1,1,1,NA,NA,NA,0.533333333333333,0.4,0.333333333333333,0.2,0.0666666666666667,0,0,0,1,1,1,0,0,0,0,0,2187,52.460587,15.7547962106586
"188",63,63,2,42.7355949853959,80.3169057850403,85.7076187446882,89.6592694389907,95.8875600295172,101.587665490244,113.340649950947,117.91693985675,127.706994335957,1,1,1,1,NA,NA,NA,NA,0.352941176470588,0.235294117647059,0.176470588235294,0.0588235294117647,0,0,0,0,0,0,1,0,0,0,0,0,2188,44.868032,2.13243701460409
"189",63,63,3,40.9387384782375,78.5200492778819,83.9107622375298,87.8624129318324,94.0907035223588,99.7908089830854,111.543793443788,116.120083349592,125.910137828798,1,1,1,1,NA,NA,NA,NA,0.315789473684211,0.263157894736842,0.157894736842105,0.0526315789473684,0,0,0,0,0,0,0,0,0,0,0,0,2189,40.537453,-0.401285478237547
"190",64,64,1,39.9289683517624,77.5090385613316,82.8995735690972,86.8510938161501,93.0791788056657,98.7790961012082,110.531692586198,115.107831424895,124.897562726327,1,1,1,1,NA,NA,NA,NA,0.318181818181818,0.227272727272727,0.181818181818182,0.0909090909090909,0,0,0,0,0,0,0,0,0,0,0,0,2190,29.524767,-10.4042013517624
"191",64,64,2,37.3234390939385,74.9035093035077,80.2940443112733,84.2455645583263,90.4736495478418,96.1735668433844,107.926163328374,112.502302167072,122.292033468503,1,1,1,1,1,NA,NA,NA,0.258064516129032,0.193548387096774,0.161290322580645,0.0967741935483871,0.032258064516129,0,0,0,0,0,0,0,0,0,0,0,2191,1.505827,-35.8176120939385
"192",64,64,3,30.694341710865,68.2744119204342,73.6649469281998,77.6164671752527,83.8445521647683,89.5444694603108,101.2970659453,105.873204783998,115.66293608543,1,1,1,1,1,NA,NA,NA,0.555555555555556,0.444444444444444,0.388888888888889,0.277777777777778,0.166666666666667,0,0,0,0,0,0,0,0,0,0,0,2192,43.633012,12.938670289135
"193",65,65,1,40.6599060804563,78.233512607908,83.623120456556,87.5739610515855,93.8009748253915,99.4999117488036,111.250486815331,115.825838569102,125.613886060185,1,1,1,1,NA,NA,NA,NA,0.193548387096774,0.161290322580645,0.0967741935483871,0.032258064516129,0,0,0,0,0,0,0,0,0,0,0,0,2193,1.401532,-39.2583740804563
"194",65,65,2,30.638578125138,68.2121846525897,73.6017925012377,77.5526330962672,83.7796468700732,89.4785837934853,101.229158860012,105.804510613784,115.592558104866,1,1,1,1,1,NA,NA,NA,0.32258064516129,0.258064516129032,0.225806451612903,0.161290322580645,0.0967741935483871,0,0,0,0,0,0,0,0,0,0,0,2194,2.150563,-28.488015125138
"195",65,65,3,30.8163195942909,68.3899261217425,73.7795339703905,77.73037456542,83.9573883392261,89.6563252626381,101.406900329165,105.982252082937,115.770299574019,1,1,1,1,1,NA,NA,NA,0.625,0.5,0.4375,0.3125,0.1875,0,0,0,0,0,0,0,0,0,0,0,2195,48.583262,17.7669424057091
"196",66,66,1,41.8164367918131,79.4078828748038,84.8000496529089,88.752766065746,94.9827363605871,100.684379079667,112.440533196381,117.018057279329,126.810752033024,1,1,1,1,NA,NA,NA,NA,0.193548387096774,0.129032258064516,0.0967741935483871,0.032258064516129,0,0,0,0,0,0,0,0,0,0,0,0,2196,1.934479,-39.8819577918131
"197",66,66,2,30.8137059225824,68.4051520055731,73.7973187836781,77.7500351965153,83.9800054913563,89.681648210436,101.43780232715,106.015326410098,115.808021163793,1,1,1,1,1,NA,NA,NA,0.526315789473684,0.421052631578947,0.368421052631579,0.263157894736842,0.157894736842105,0,0,0,0,0,0,0,0,0,0,0,2197,39.102214,8.28850807741765
"198",66,66,3,39.5802065454151,77.1716526284058,82.5638194065108,86.516535819348,92.746506114189,98.4481488332687,110.204302949983,114.781827032931,124.574521786626,1,1,1,1,NA,NA,NA,NA,0.225806451612903,0.161290322580645,0.129032258064516,0.0645161290322581,0,0,0,0,0,0,0,0,0,0,0,0,2198,2.002991,-37.5772155454151
"199",67,67,1,30.816364604976,68.440699735513,73.8375841621264,77.7937588371903,84.0291797813303,89.7358109118179,101.50225057889,106.083779573138,115.885042031375,1,1,1,1,1,NA,NA,NA,0.625,0.5,0.4375,0.3125,0.1875,0,0,0,0,0,0,0,0,0,0,0,2199,48.034829,17.218464395024
"200",67,67,2,41.6574360403274,79.2817711708643,84.6786555974778,88.6348302725417,94.8702512166817,100.576882347169,112.343322014241,116.924851008489,126.726113466726,1,1,1,1,NA,NA,NA,NA,0.193548387096774,0.129032258064516,0.0967741935483871,0.032258064516129,0,0,0,0,0,0,0,0,0,0,0,0,2200,1.989468,-39.6679680403274
"201",67,67,3,30.8131797699707,68.4375149005077,73.8343993271211,77.790574002185,84.0259949463251,89.7326260768126,101.499065743884,106.080594738133,115.88185719637,1,1,1,1,1,NA,NA,NA,0.32258064516129,0.258064516129032,0.225806451612903,0.161290322580645,0.0967741935483871,0,0,0,0,0,0,0,0,0,0,0,2201,1.436299,-29.3768807699707
"202",68,68,1,30.63135466252,68.2713249983838,73.6704521595424,77.6282708664049,83.8662830081414,89.5752855918159,101.346614932008,105.930047830904,115.735383311308,1,1,1,1,1,NA,NA,NA,0.714285714285714,0.571428571428571,0.5,0.357142857142857,0.214285714285714,0,0,0,0,0,0,0,0,0,0,0,2202,55.919057,25.2877023374799
"203",68,68,2,43.5063329840387,81.1463033199025,86.5454304810611,90.5032491879236,96.7412613296601,102.450263913335,114.221593253527,118.805026152423,128.610361632827,1,1,1,1,NA,NA,NA,NA,0.4,0.266666666666667,0.2,0.0666666666666667,0,0,0,0,0,0,0,0,0,0,0,0,2203,51.412775,7.90644201596125
"204",68,68,3,42.4414404347179,80.0814107705817,85.4805379317403,89.4383566386028,95.6763687803393,101.385371364014,113.156700704206,117.740133603102,127.545469083506,1,1,1,1,NA,NA,NA,NA,0.2,0.133333333333333,0.1,0.0333333333333333,0,0,0,0,0,0,0,0,0,0,0,0,2204,5.448231,-36.9932094347179
"205",69,69,1,31.6848005983536,69.3255195185664,74.7247540576547,78.6826514776807,84.9207876811053,90.629903805517,102.4014672541,106.984991308386,116.790521797463,1,1,1,1,1,NA,NA,NA,0.290322580645161,0.258064516129032,0.193548387096774,0.129032258064516,0.0645161290322581,0,0,0,0,0,0,0,0,0,0,0,2205,1.364026,-30.3207745983536
"206",69,69,2,30.7300579102642,68.370776830477,73.7700113695653,77.7279087895913,83.9660449930159,89.6751611174276,101.446724566011,106.030248620296,115.835779109374,1,1,1,1,1,NA,NA,NA,0.625,0.5,0.4375,0.3125,0.1875,0,0,0,0,0,0,0,0,0,0,0,2206,47.906386,17.1763280897358
"207",69,69,3,41.6100156735068,79.2507345937196,84.6499691328079,88.6078665528339,94.8460027562585,100.55511888067,112.326682329254,116.910206383539,126.715736872616,1,1,1,1,NA,NA,NA,NA,0.193548387096774,0.129032258064516,0.0967741935483871,0.032258064516129,0,0,0,0,0,0,0,0,0,0,0,0,2207,1.826567,-39.7834486735068
"208",70,70,1,30.8184908411737,68.4476261765446,73.8451991508925,77.8018785644118,84.0380950388291,89.7454542352942,101.51339509356,106.095508610499,115.898021537808,1,1,1,1,1,NA,NA,NA,0.666666666666667,0.533333333333333,0.466666666666667,0.333333333333333,0.2,0,0,0,0,0,0,0,0,0,0,0,2208,51.574945,20.7564541588263
"209",70,70,2,42.4730444085965,80.1021797439674,85.4997527183153,89.4564321318346,95.6926486062519,101.400007802717,113.167948660982,117.750062177922,127.552575105231,1,1,1,1,NA,NA,NA,NA,0.193548387096774,0.129032258064516,0.0967741935483871,0.032258064516129,0,0,0,0,0,0,0,0,0,0,0,0,2209,1.714477,-40.7585674085965
"210",70,70,3,30.7922315145003,68.4213668498712,73.8189398242191,77.7756192377384,84.0118357121557,89.7191949086208,101.487135766886,106.069249283826,115.871762211135,1,1,1,1,1,NA,NA,NA,0.32258064516129,0.258064516129032,0.225806451612903,0.161290322580645,0.0967741935483871,0,0,0,0,0,0,0,0,0,0,0,2210,1.943245,-28.8489865145003
"211",71,71,1,30.9597888940148,68.6044229691312,74.0042191032207,77.9625281992703,84.2013132550613,89.9110232064411,101.683811060288,106.267811864412,116.074362264157,1,1,1,1,1,NA,NA,NA,0.32258064516129,0.258064516129032,0.225806451612903,0.161290322580645,0.0967741935483871,0,0,0,0,0,0,0,0,0,0,0,2211,1.50192,-29.4578688940148
"212",71,71,2,30.8576172981502,68.5022513732667,73.9020475073561,77.8603566034057,84.0991416591968,89.8088516105765,101.581639464423,106.165640268547,115.972190668293,1,1,1,1,1,NA,NA,NA,0.32258064516129,0.258064516129032,0.225806451612903,0.161290322580645,0.0967741935483871,0,0,0,0,0,0,0,0,0,0,0,2212,2.130208,-28.7274092981502
"213",71,71,3,31.0030728867132,68.6477069618296,74.0475030959191,78.0058121919687,84.2445972477598,89.9543071991395,101.727095052986,106.31109585711,116.117646256856,1,1,1,1,1,NA,NA,NA,0.714285714285714,0.571428571428571,0.5,0.357142857142857,0.214285714285714,0,0,0,0,0,0,0,0,0,0,0,2213,56.102759,25.0996861132868
"214",72,72,1,43.5315326866322,81.1725626842222,86.5718418446612,90.5297719742736,96.7679597320549,102.477123038798,114.248783772109,118.8323457064,128.637957232152,1,1,1,1,NA,NA,NA,NA,0.272727272727273,0.181818181818182,0.136363636363636,0.0454545454545455,0,0,0,0,0,0,0,0,0,0,0,0,2214,29.698827,-13.8327056866322
"215",72,72,2,37.353400376376,74.9944303739659,80.3937095344049,84.3516396640173,90.5898274217986,96.2989907285416,108.070651461853,112.654213396143,122.459824921896,1,1,1,1,1,NA,NA,NA,0.8,0.6,0.5,0.3,0.1,0,0,0,0,0,0,0,0,0,0,0,2215,67.055251,29.701850623624
"216",72,72,3,46.0942549623532,83.7352849599432,89.1345641203822,93.0924942499946,99.3306820077759,105.039845314519,116.81150604783,121.395067982121,131.200679507873,1,1,1,NA,NA,NA,NA,NA,0.238095238095238,0.142857142857143,0.0952380952380952,0,0,0,0,0,0,0,0,0,0,0,0,0,2216,33.088036,-13.0062189623533
"217",73,73,1,38.1852200736044,75.8039616500723,81.2000437298871,85.155630246333,91.3901241796947,97.0959069138008,108.860597281749,113.44144514688,123.241250465973,1,1,1,1,NA,NA,NA,NA,0.5,0.428571428571429,0.285714285714286,0.142857142857143,0,0,0,0,0,0,0,0,0,0,0,0,2217,54.229803,16.0445829263956
"218",73,73,2,43.0976195236099,80.7163611000778,86.1124431798926,90.0680296963385,96.3025236297002,102.008306363806,113.772996731754,118.353844596886,128.153649915979,1,1,1,1,NA,NA,NA,NA,0.428571428571429,0.285714285714286,0.214285714285714,0.0714285714285714,0,0,0,0,0,0,0,0,0,0,0,0,2218,53.42843,10.3308104763901
"219",73,73,3,42.9114163418016,80.5301579182695,85.9262399980843,89.8818265145303,96.116320447892,101.822103181998,113.586793549946,118.167641415078,127.96744673417,1,1,1,1,NA,NA,NA,NA,0.6,0.4,0.3,0.1,0,0,0,0,0,0,0,0,0,0,0,0,2219,68.095833,25.1844166581984
"220",74,74,1,46.3666384202061,83.9844356852542,89.3803823117891,93.3358695344957,99.5702069686347,105.275846475308,117.040241524194,121.62097440018,131.420533723057,1,1,1,NA,NA,NA,NA,NA,0.555555555555556,0.333333333333333,0.222222222222222,0,0,0,0,0,0,0,0,0,0,0,0,0,2220,71.221446,24.8548075797939
"221",74,74,2,47.096645221813,84.7144424868611,90.1103891133961,94.0658763361027,100.300213770242,106.005853276915,117.770248325801,122.350981201787,132.150540524664,1,1,1,NA,NA,NA,NA,NA,0.25,0.1875,0.0625,0,0,0,0,0,0,0,0,0,0,0,0,0,2221,47.521159,0.424513778186984
"222",74,74,3,41.5612924094089,79.179089674457,84.575036300992,88.5305235236986,94.7648609578375,100.47050046451,112.234895513397,116.815628389383,126.61518771226,1,1,1,1,NA,NA,NA,NA,0.315789473684211,0.210526315789474,0.157894736842105,0.0526315789473684,0,0,0,0,0,0,0,0,0,0,0,0,2222,38.154058,-3.40723440940894
"223",75,75,1,39.3826535199252,76.990670871416,82.3852146542067,86.3396735252838,92.5723901499755,98.2765462986312,110.037882828013,114.617424800363,124.414436423745,1,1,1,1,NA,NA,NA,NA,0.225806451612903,0.161290322580645,0.129032258064516,0.0645161290322581,0,0,0,0,0,0,0,0,0,0,0,0,2223,1.411355,-37.9712985199252
"224",75,75,2,30.7591950693052,68.367212420796,73.7617562035867,77.7162150746638,83.9489316993555,89.6530878480112,101.414424377393,105.993966349743,115.790977973125,1,1,1,1,1,NA,NA,NA,0.32258064516129,0.258064516129032,0.225806451612903,0.161290322580645,0.0967741935483871,0,0,0,0,0,0,0,0,0,0,0,2224,2.04034,-28.7188550693052
"225",75,75,3,30.9068169253663,68.5148342768572,73.9093780596478,77.863836930725,84.0965535554166,89.8007097040723,101.562046233454,106.141588205804,115.938599829187,1,1,1,1,1,NA,NA,NA,0.32258064516129,0.258064516129032,0.225806451612903,0.161290322580645,0.0967741935483871,0,0,0,0,0,0,0,0,0,0,0,2225,1.338768,-29.5680489253663
"226",76,76,1,30.6336193492,68.2736747273493,73.6728140870859,77.6306417360901,83.8686679717487,89.5776834541216,101.349039389998,105.932482644524,115.737840278722,1,1,1,1,1,NA,NA,NA,0.5,0.4,0.35,0.25,0.15,0,0,0,0,0,0,0,0,0,0,0,2226,35.830174,5.1965546508
"227",76,76,2,38.7985175949739,76.4385729731232,81.8377123328598,85.7955399818639,92.0335662175226,97.7425816998955,109.513937635771,114.097380890298,123.902738524496,1,1,1,1,NA,NA,NA,NA,0.35,0.25,0.2,0.1,0,0,0,0,0,0,0,0,0,0,0,0,2227,34.410162,-4.38835559497387
"228",76,76,3,38.4623685412711,76.1024239194204,81.501563279157,85.4593909281612,91.6974171638198,97.4064326461927,109.177788582069,113.761231836595,123.566589470793,1,1,1,1,NA,NA,NA,NA,0.291666666666667,0.208333333333333,0.166666666666667,0.0833333333333333,0,0,0,0,0,0,0,0,0,0,0,0,2228,23.204026,-15.2583425412711
"229",77,77,1,35.8844354729831,73.4687364974095,78.8598783788577,82.8118434933756,89.0406296490774,94.7411886489766,106.495108257088,111.071762283652,120.862595726203,1,1,1,1,1,NA,NA,NA,0.296296296296296,0.222222222222222,0.185185185185185,0.111111111111111,0.037037037037037,0,0,0,0,0,0,0,0,0,0,0,2229,14.514954,-21.3694814729831
"230",77,77,2,33.8409240360717,71.4252250604981,76.8163669419462,80.7683320564642,86.9971182121659,92.6976772120652,104.451596820177,109.028250846741,118.819084289291,1,1,1,1,1,NA,NA,NA,0.642857142857143,0.5,0.428571428571429,0.285714285714286,0.142857142857143,0,0,0,0,0,0,0,0,0,0,0,2230,53.64605,19.8051259639283
"231",77,77,3,43.043844925078,80.6281459495044,86.0192878309525,89.9712529454705,96.2000391011722,101.900598101071,113.654517709183,118.231171735747,128.022005178298,1,1,1,1,NA,NA,NA,NA,0.193548387096774,0.129032258064516,0.0967741935483871,0.032258064516129,0,0,0,0,0,0,0,0,0,0,0,0,2231,1.321095,-41.722749925078
"232",78,78,1,30.7545002220104,68.3580696764759,73.7519754470305,77.705966624592,83.9379461064166,89.6414276250079,101.401373142115,105.980373492424,115.776226424072,1,1,1,1,1,NA,NA,NA,0.32258064516129,0.258064516129032,0.225806451612903,0.161290322580645,0.0967741935483871,0,0,0,0,0,0,0,0,0,0,0,2232,1.907164,-28.8473362220104
"233",78,78,2,30.8917767629149,68.4953462173804,73.8892519879349,77.8432431654965,84.0752226473211,89.7787041659124,101.53864968302,106.117650033329,115.913502964976,1,1,1,1,1,NA,NA,NA,0.32258064516129,0.258064516129032,0.225806451612903,0.161290322580645,0.0967741935483871,0,0,0,0,0,0,0,0,0,0,0,2233,1.597245,-29.2945317629149
"234",78,78,3,30.8191835899599,68.4227530444253,73.8166588149799,77.7706499925415,84.0026294743661,89.7061109929574,101.466056510065,106.045056860374,115.840909792021,1,1,1,1,1,NA,NA,NA,0.555555555555556,0.444444444444444,0.388888888888889,0.277777777777778,0.166666666666667,0,0,0,0,0,0,0,0,0,0,0,2234,40.934892,10.1157084100401
"235",79,79,1,40.0188433104827,77.6338718529984,83.0294213303089,86.9846174236195,93.218496001797,98.923715565416,110.68724473836,115.267640465995,125.066478527589,1,1,1,1,NA,NA,NA,NA,0.583333333333333,0.416666666666667,0.333333333333333,0.166666666666667,0,0,0,0,0,0,0,0,0,0,0,0,2235,60.45295,20.4341066895173
"236",79,79,2,44.6358407699605,82.2508693124762,87.6464187897867,91.6016148830972,97.8354934612748,103.540713024894,115.304242197838,119.884637925473,129.683475987067,1,1,1,NA,NA,NA,NA,NA,0.357142857142857,0.214285714285714,0.142857142857143,0,0,0,0,0,0,0,0,0,0,0,0,0,2236,54.197292,9.56145123003949
"237",79,79,3,43.1560646009707,80.7710931434863,86.1666426207968,90.1218387141074,96.3557172922849,102.060936855904,113.824466028848,118.404861756483,128.203699818077,1,1,1,1,NA,NA,NA,NA,0.3,0.2,0.15,0.05,0,0,0,0,0,0,0,0,0,0,0,0,2237,36.99677,-6.15929460097066
"238",80,80,1,39.1400318809791,76.7248499549396,82.1160660026572,86.0680854846016,92.2969573300965,97.9975947529355,109.75167606044,114.328393048314,124.119361183961,1,1,1,1,NA,NA,NA,NA,0.225806451612903,0.161290322580645,0.129032258064516,0.0645161290322581,0,0,0,0,0,0,0,0,0,0,0,0,2238,1.08876,-38.0512718809791
"239",80,80,2,30.692137518844,68.2769555928045,73.6681716405221,77.6201911224665,83.8490629679614,89.5497003908004,101.303781698305,105.880498686179,115.671466821826,1,1,1,1,1,NA,NA,NA,0.769230769230769,0.615384615384615,0.538461538461538,0.384615384615385,0.230769230769231,0,0,0,0,0,0,0,0,0,0,0,2239,58.624091,27.931953481156
"240",80,80,3,44.2281813814384,81.8129994553989,87.2042155031165,91.1562349850609,97.3851068305558,103.085744253395,114.839825560899,119.416542548773,129.20751068442,1,1,1,NA,NA,NA,NA,NA,0.5,0.4,0.2,0,0,0,0,0,0,0,0,0,0,0,0,0,2240,65.964604,21.7364226185616
"241",81,81,1,45.9681122791314,83.5749534890748,88.9693285645653,92.9236637651141,99.1561854697463,104.86016322838,116.621131937347,121.200530690513,130.997235925172,0,0,1,NA,NA,NA,NA,NA,0,0,1,0,0,0,0,0,0,0,0,0,0,0,0,0,2241,91.069734,45.1016217208686
"242",81,81,2,51.8602454860879,89.4670866960313,94.8614617715218,98.8157969720706,105.048318676703,110.752296435337,122.513265144304,127.092663897469,136.889369132128,1,1,NA,NA,NA,NA,NA,NA,0.157894736842105,0.0526315789473684,0,0,0,0,0,0,1,1,0,0,0,0,0,0,2242,39.731126,-12.1291194860879
"243",81,81,3,39.8111576305093,77.4179988404527,82.8123739159431,86.7667091164919,92.9992308211242,98.703208579758,110.464177288725,115.04357604189,124.84028127655,1,1,1,1,NA,NA,NA,NA,0.5,0.357142857142857,0.285714285714286,0.142857142857143,0,0,0,0,1,1,0,0,0,0,0,0,2243,55.452577,15.6414193694907
"244",82,82,1,43.5145062194132,81.1596979851839,86.5595741151589,90.5179418520226,96.7568193329947,102.466613871513,114.239576134646,118.823644848964,128.63034052895,1,1,1,1,NA,NA,NA,NA,0.333333333333333,0.222222222222222,0.166666666666667,0.0555555555555556,0,0,0,0,0,0,0,0,0,0,0,0,2244,43.013009,-0.501497219413245
"245",82,82,2,40.5907377096926,78.2359294754632,83.6358056054382,87.5941733423019,93.833050823274,99.5428453617923,111.315807624925,115.899876339244,125.70657201923,1,1,1,1,NA,NA,NA,NA,0.315789473684211,0.263157894736842,0.157894736842105,0.0526315789473684,0,0,0,0,0,0,0,0,0,0,0,0,2245,38.660145,-1.93059270969258
"246",82,82,3,39.5676501965011,77.2128419622717,82.6127180922467,86.5710858291104,92.8099633100825,98.5197578486008,110.292720111734,114.876788826052,124.683484506038,1,1,1,1,NA,NA,NA,NA,0.411764705882353,0.294117647058824,0.235294117647059,0.117647058823529,0,0,0,0,0,0,0,0,0,0,0,0,2246,45.036733,5.46908280349893
"247",83,83,1,41.0833836505978,78.6875957541643,84.0815937071565,88.0356524588583,94.2677384458916,99.9713174376038,111.731463933462,116.310542539386,126.106562883228,1,1,1,1,NA,NA,NA,NA,0.352941176470588,0.294117647058824,0.176470588235294,0.0588235294117647,0,0,0,0,0,0,0,0,0,0,0,0,2247,45.286228,4.20284434940224
"248",83,83,2,41.1416760577895,78.745888161356,84.1398861143482,88.09394486605,94.3260308530833,100.029609844795,111.789756340654,116.368834946578,126.16485529042,1,1,1,1,NA,NA,NA,NA,0.3,0.25,0.15,0.05,0,0,0,0,0,0,0,0,0,0,0,0,2248,36.888561,-4.25311505778946
"249",83,83,3,39.1796318315554,76.783843935122,82.1778418881142,86.131900639816,92.3639866268493,98.0675656185615,109.82771211442,114.406790720344,124.202811064186,1,1,1,1,NA,NA,NA,NA,0.304347826086957,0.217391304347826,0.173913043478261,0.0869565217391304,0,0,0,0,0,0,0,0,0,0,0,0,2249,26.995689,-12.1839428315554
"250",84,84,1,36.8851511974258,74.4629465363126,79.8531552336167,83.8044362794784,90.0321442583106,95.7317165152548,107.483601568971,112.059463395837,121.84860208601,1,1,1,1,1,NA,NA,NA,0.258064516129032,0.193548387096774,0.161290322580645,0.0967741935483871,0.032258064516129,0,0,0,0,0,0,0,0,0,0,0,2250,1.894854,-34.9902971974258
"251",84,84,2,31.0232082421141,68.6010035810009,73.991212278305,77.9424933241667,84.1702013029989,89.8697735599431,101.62165861366,106.197520440526,115.986659130698,1,1,1,1,1,NA,NA,NA,0.714285714285714,0.571428571428571,0.5,0.357142857142857,0.214285714285714,0,0,0,0,0,0,0,0,0,0,0,2251,55.542598,24.5193897578859
"252",84,84,3,43.5518757150952,81.129671053982,86.5198797512861,90.4711607971477,96.69886877598,102.398441032924,114.150326086641,118.726187913507,128.515326603679,1,1,1,1,NA,NA,NA,NA,0.5,0.333333333333333,0.25,0.0833333333333333,0,0,0,0,0,0,0,0,0,0,0,0,2252,60.463903,16.9120272849048
"253",85,85,1,44.7203794736188,82.2899649487414,87.6789960123216,91.6294137962812,97.8557611675097,103.554088202074,115.303405745526,119.878267854291,129.665267848079,1,1,1,NA,NA,NA,NA,NA,0.416666666666667,0.25,0.166666666666667,0,0,0,0,0,0,0,0,0,0,0,0,0,2253,61.022273,16.3018935263812
"254",85,85,2,44.8502826496282,82.4198681247509,87.808899188331,91.7593169722906,97.9856643435191,103.683991378084,115.433308921535,120.0081710303,129.795171024088,1,1,1,NA,NA,NA,NA,NA,0.555555555555556,0.333333333333333,0.222222222222222,0,0,0,0,0,0,0,0,0,0,0,0,0,2254,68.884175,24.0338923503718
"255",85,85,3,46.6793315585508,84.2489170336735,89.6379480972536,93.5883658812132,99.8147132524417,105.513040287006,117.262357830458,121.837219939223,131.624219933011,1,1,1,NA,NA,NA,NA,NA,0.384615384615385,0.230769230769231,0.153846153846154,0,0,0,0,0,0,0,0,0,0,0,0,0,2255,56.748918,10.0695864414492
"256",86,86,1,43.891953399972,81.4739141011322,86.8647202835137,90.8164393145433,97.0448376122095,102.745041646059,114.498229353596,119.074598398143,128.864822178822,1,1,1,NA,NA,NA,NA,NA,0.454545454545455,0.363636363636364,0.181818181818182,0,0,0,0,0,0,0,0,0,0,0,0,0,2256,63.24382,19.351866600028
"257",86,86,2,45.4092808094675,82.9912415106277,88.3820476930092,92.3337667240387,98.562165021705,104.262369055555,116.015556763091,120.591925807639,130.382149588318,1,1,1,NA,NA,NA,NA,NA,0.5,0.3,0.2,0,0,0,0,0,0,0,0,0,0,0,0,0,2257,67.014226,21.6049451905325
"258",86,86,3,46.2901163276518,83.872077028812,89.2628832111935,93.214602242223,99.4430005398893,105.143204573739,116.896392281276,121.472761325823,131.262985106502,1,1,1,NA,NA,NA,NA,NA,0.161290322580645,0.0967741935483871,0.0645161290322581,0,0,0,0,0,0,0,0,0,0,0,0,0,2258,2.321525,-43.9685913276518
"259",87,87,1,31.1468917418278,68.7662177737347,74.1623836886112,78.1180316601712,84.352622454399,90.058493835164,101.823366982678,106.404286017162,116.204243588809,1,1,1,1,1,NA,NA,NA,0.290322580645161,0.258064516129032,0.225806451612903,0.161290322580645,0.0967741935483871,0,0,0,0,0,0,0,0,0,0,0,2259,1.455694,-29.6911977418278
"260",87,87,2,30.9445315834002,68.5638576153071,73.9600235301836,77.9156715017436,84.1502622959714,89.8561336767364,101.621006824251,106.201925858734,116.001883430382,1,1,1,1,1,NA,NA,NA,0.625,0.5,0.4375,0.3125,0.1875,0,0,0,0,0,0,0,0,0,0,0,2260,49.095149,18.1506174165998
"261",87,87,3,42.0787225065756,79.6980485384826,85.0942144533591,89.0498624249191,95.2844532191468,100.990324599912,112.755197747426,117.33611678191,127.136074353557,1,1,1,1,NA,NA,NA,NA,0.352941176470588,0.235294117647059,0.176470588235294,0.0588235294117647,0,0,0,0,0,0,0,0,0,0,0,0,2261,46.598773,4.52005049342439
"262",88,88,1,41.5305450876503,79.1226939132953,84.5149614937368,88.4677517995127,94.697838558771,100.399587865597,112.155961754409,116.733571410586,126.526449231042,1,1,1,1,NA,NA,NA,NA,0.461538461538462,0.307692307692308,0.230769230769231,0.0769230769230769,0,0,0,0,0,0,0,0,0,0,0,0,2262,58.761132,17.2305869123497
"263",88,88,2,44.3587896439938,81.9509384696387,87.3432060500802,91.2959963558561,97.5260831151144,103.227832421941,114.984206310752,119.561815966929,129.354693787386,1,1,1,NA,NA,NA,NA,NA,0.384615384615385,0.307692307692308,0.153846153846154,0,0,0,0,0,0,0,0,0,0,0,0,0,2263,57.274711,12.9159213560062
"264",88,88,3,44.0131361320653,81.6052849577103,86.9975525381517,90.9503428439276,97.180429603186,102.882178910012,114.638552798824,119.216162455001,129.009040275457,1,1,1,NA,NA,NA,NA,NA,0.172413793103448,0.137931034482759,0.0689655172413793,0,0,0,0,0,0,0,0,0,0,0,0,0,2264,7.696436,-36.3167001320653
"265",89,89,1,32.4888710706584,70.1011157869067,75.496265948493,79.4511693242595,85.6845865433578,91.3893838730799,103.152042446618,107.732099186714,117.530212052453,1,1,1,1,1,NA,NA,NA,0.290322580645161,0.225806451612903,0.193548387096774,0.129032258064516,0.0645161290322581,0,0,0,0,0,0,0,0,0,0,0,2265,1.103429,-31.3854420706584
"266",89,89,2,30.9576142512352,68.5698589674835,73.9650091290698,77.9199125048362,84.1533297239345,89.8581270536567,101.620785627195,106.200842367291,115.99895523303,1,1,1,1,1,NA,NA,NA,1,0.8,0.7,0.5,0.3,0,0,0,0,0,0,0,0,0,0,0,2266,67.181245,36.2236307487648
"267",89,89,3,46.3044971473996,83.9167418636479,89.3118920252343,93.2667954010007,99.500212620099,105.205009949821,116.967668523359,121.547725263455,131.345838129194,1,1,1,NA,NA,NA,NA,NA,0.416666666666667,0.25,0.166666666666667,0,0,0,0,0,0,0,0,0,0,0,0,0,2267,62.140888,15.8363908526004
"268",90,90,1,45.1719074890028,82.7968007052429,88.1937651844082,92.1499985418254,98.3855119766173,104.092227754162,115.858841954065,120.440438906613,130.241846748003,0,1,1,NA,NA,NA,NA,NA,0,1,0.666666666666667,0,0,0,0,0,0,0,0,0,0,0,0,0,2268,88.814392,43.6424845109972
"269",90,90,2,51.3909400355944,89.0158332518345,94.4127977309999,98.369031088417,104.604544523209,110.311260300754,122.077874500657,126.659471453205,136.460879294594,1,1,NA,NA,NA,NA,NA,NA,0.375,0.125,0,0,0,0,0,0,1,0,0,0,0,0,0,0,2269,74.767472,23.3765319644056
"270",90,90,3,48.1158452951595,85.7407385113996,91.137702990565,95.0939363479822,101.329449782774,107.036165560319,118.802779760222,123.38437671277,133.18578455416,1,1,1,NA,NA,NA,NA,NA,0.129032258064516,0.0645161290322581,0.032258064516129,0,0,0,0,0,1,0,0,0,0,0,0,0,2270,2.223044,-45.8928012951595
"271",91,91,1,31.1795700321629,68.8825494937668,74.2907147673137,78.2551588432806,84.5036133867486,90.2221728127488,102.013207300525,106.604312843615,116.426062407524,1,1,1,1,1,NA,NA,NA,0.692307692307692,0.615384615384615,0.461538461538462,0.307692307692308,0.230769230769231,0,0,0,0,0,0,0,0,0,0,0,2271,58.678306,27.4987359678371
"272",91,91,2,44.36959262218,82.0725720837839,87.4807373573307,91.4451814332977,97.6936359767657,103.412195402766,115.203229890542,119.794335433632,129.616084997541,1,1,1,NA,NA,NA,NA,NA,0.217391304347826,0.173913043478261,0.0869565217391304,0,0,0,0,0,0,0,0,0,0,0,0,0,2272,28.099797,-16.26979562218
"273",91,91,3,37.2253298875736,74.9283093491775,80.3364746227243,84.3009186986913,90.5493732421593,96.2679326681595,108.058967155936,112.650072699026,122.471822262934,1,1,1,1,1,NA,NA,NA,0.533333333333333,0.4,0.333333333333333,0.2,0.0666666666666667,0,0,0,0,0,0,0,0,0,0,0,2273,50.722668,13.4973381124264
"274",92,92,1,42.5265258978728,80.220752706797,85.6276624882594,89.5911862284184,95.838190208743,101.55542208543,113.343719313948,117.933759043333,127.753228512568,1,1,1,1,NA,NA,NA,NA,0.461538461538462,0.307692307692308,0.230769230769231,0.0769230769230769,0,0,0,0,0,0,0,0,0,0,0,0,2274,59.251302,16.7247761021273
"275",92,92,2,44.5080850468503,82.2023118557746,87.609221637237,91.572745377396,97.8197493577206,103.536981234408,115.325278462925,119.91531819231,129.734787661546,0,0,0,NA,NA,NA,NA,NA,0,0,0,0,0,0,0,0,0,0,0,0,0,0,0,0,2275,95.534716,51.0266309531497
"276",92,92,3,52.9382429089231,90.6324697178474,96.0393794993098,100.002903239469,106.249907219793,111.967139096481,123.755436324998,128.345476054383,138.164945523618,1,1,NA,NA,NA,NA,NA,NA,0.117647058823529,0.0588235294117647,0,0,0,0,0,0,1,1,1,0,0,0,0,0,2276,44.860287,-8.07795590892312
"277",93,93,1,41.1864619817748,78.9297793002645,84.3437306893899,88.3124162651017,94.5675559371386,100.292233564804,112.095883104984,116.691900603601,126.524158311267,0,0,1,1,NA,NA,NA,NA,0,0,0.75,0.25,0,0,0,0,1,1,1,0,0,0,0,0,2277,86.315625,45.1291630182252
"278",93,93,2,50.8681743447032,88.6114916631929,94.0254430523183,97.9941286280301,104.249268300067,109.973945927732,121.777595467912,126.373612966529,136.205870674196,1,1,NA,NA,NA,NA,NA,NA,0.272727272727273,0.0909090909090909,0,0,0,0,0,0,1,1,1,0,0,0,0,0,2278,63.671761,12.8035866552968
"279",93,93,3,45.5797992255986,83.3231165440884,88.7370679332137,92.7057535089255,98.9608931809625,104.685570808628,116.489220348808,121.085237847425,130.917495555091,1,1,1,NA,NA,NA,NA,NA,0.384615384615385,0.230769230769231,0.153846153846154,0,0,0,0,0,1,1,1,0,0,0,0,0,2279,58.124536,12.5447367744014
"280",94,94,1,44.4097645081977,82.0919026720728,87.4970784422901,91.459331069186,97.7043316176821,103.419729961951,115.204246650238,119.792814340912,129.609134678541,1,1,1,NA,NA,NA,NA,NA,0.357142857142857,0.285714285714286,0.142857142857143,0,0,0,0,0,0,0,0,0,0,0,0,0,2280,55.251158,10.8413934918023
"281",94,94,2,43.7273977031485,81.4095358670235,86.8147116372408,90.7769642641367,97.0219648126328,102.737363156902,114.521879845188,119.110447535862,128.926767873492,1,1,1,NA,NA,NA,NA,NA,0.294117647058824,0.235294117647059,0.117647058823529,0,0,0,0,0,0,0,0,0,0,0,0,0,2281,44.353517,0.626119296851499
"282",94,94,3,41.1394373054063,78.8215754692813,84.2267512394986,88.1890038663945,94.4340044148906,100.14940275916,111.933919447446,116.52248713812,126.33880747575,1,1,1,1,NA,NA,NA,NA,0.352941176470588,0.294117647058824,0.176470588235294,0.0588235294117647,0,0,0,0,0,0,0,0,0,0,0,0,2282,44.197267,3.05782969459371
"283",95,95,1,41.1309086800255,78.7823157698118,84.1830834340895,88.1421047082817,94.3820122449719,100.092749486169,111.867655497538,116.452481054126,126.260795846363,1,1,1,1,NA,NA,NA,NA,0.666666666666667,0.555555555555556,0.333333333333333,0.111111111111111,0,0,0,0,0,0,0,0,0,0,0,0,2283,71.38902,30.2581113199745
"284",95,95,2,47.5873056047824,85.2387126945687,90.6394803588464,94.5985016330386,100.838409169729,106.549146410926,118.324052422295,122.908877978883,132.717192771119,1,1,1,NA,NA,NA,NA,NA,0.266666666666667,0.133333333333333,0.0666666666666667,0,0,0,0,0,0,0,0,0,0,0,0,0,2284,52.337624,4.75031839521756
"285",95,95,3,43.0637511819865,80.7151582717727,86.1159259360504,90.0749472102426,96.3148547469328,102.02559198813,113.800497999499,118.385323556087,128.193638348324,1,1,1,1,NA,NA,NA,NA,0.545454545454545,0.363636363636364,0.272727272727273,0.0909090909090909,0,0,0,0,0,0,0,0,0,0,0,0,2285,62.569188,19.5054368180135
"286",96,96,1,45.5845128032961,83.2062543468175,88.6027667458769,92.5586687069318,98.7936598200398,104.499897570967,116.265526133071,120.846739305284,130.647326125614,1,1,1,NA,NA,NA,NA,NA,0.357142857142857,0.214285714285714,0.142857142857143,0,0,0,0,0,0,0,0,0,0,0,0,0,2286,55.171961,9.58744819670393
"287",96,96,2,43.8153996632843,81.4371412068058,86.8336536058651,90.7895555669201,97.0245466800281,102.730784430956,114.496412993059,119.077626165272,128.878212985602,1,1,1,NA,NA,NA,NA,NA,0.333333333333333,0.266666666666667,0.133333333333333,0,0,0,0,0,0,0,0,0,0,0,0,0,2287,50.818501,7.00310133671566
"288",96,96,3,42.7742306832712,80.3959722267927,85.792484625852,89.748386586907,95.983377700015,101.689615450942,113.455244013046,118.036457185259,127.837044005589,1,1,1,1,NA,NA,NA,NA,0.545454545454545,0.363636363636364,0.272727272727273,0.0909090909090909,0,0,0,0,0,0,0,0,0,0,0,0,2288,63.749857,20.9756263167288
"289",97,97,1,45.9003288007943,83.4699051932556,88.8589349540068,92.8093517829304,99.0356976489039,104.734023305865,116.483338008852,121.058199011618,130.845196639344,1,1,1,NA,NA,NA,NA,NA,0.416666666666667,0.25,0.166666666666667,0,0,0,0,0,0,0,0,0,0,0,0,0,2289,59.534413,13.6340841992057
"290",97,97,2,44.8875378973088,82.4571142897701,87.8461440505213,91.7965608794449,98.0229067454184,103.72123240238,115.470547105367,120.045408108133,129.832405735858,0,0,0,NA,NA,NA,NA,NA,NA,NA,NA,NA,NA,NA,NA,NA,0,0,0,0,0,0,0,0,2290,99.35435,54.4668121026912
"291",97,97,3,54.4545657052853,92.0241420977466,97.4131718584978,101.363588687421,107.589934553395,113.288260210356,125.037574913343,129.612435916109,139.399433543835,1,NA,NA,NA,NA,NA,NA,NA,0.111111111111111,0,0,0,0,0,0,0,1,1,1,0,0,0,0,0,2291,41.596744,-12.8578217052853
"292",98,98,1,40.6079748575295,78.1734321143777,83.5618710208649,87.5118547253242,93.7375179335343,99.4352188249698,111.183245330823,115.757604744945,125.54352932436,1,1,1,1,NA,NA,NA,NA,0.6,0.5,0.3,0.2,0,0,0,0,1,1,1,0,0,0,0,0,2292,66.051649,25.4436741424705
"293",98,98,2,46.558641254275,84.1240985111232,89.5125374176103,93.4625211220697,99.6881843302797,105.385885221715,117.133911727569,121.708271141691,131.494195721105,1,1,1,NA,NA,NA,NA,NA,0.454545454545455,0.272727272727273,0.181818181818182,0,0,0,0,0,0,1,1,0,0,0,0,0,2293,63.71918,17.160538745725
"294",98,98,3,45.9910763874415,83.5565336442897,88.9449725507768,92.8949562552362,99.1206194634462,104.818320354882,116.566346860735,121.140706274857,130.926630854272,1,1,1,NA,NA,NA,NA,NA,0.357142857142857,0.214285714285714,0.142857142857143,0,0,0,0,0,0,0,0,0,0,0,0,0,2294,54.321973,8.33089661255852
"295",99,99,1,43.7597614566026,81.3051074618411,86.6906615837803,90.6385306030491,96.8608608056641,102.55551134434,114.297248361545,118.869158821232,128.649844353772,1,1,1,1,NA,NA,NA,NA,0.294117647058824,0.235294117647059,0.117647058823529,0.0588235294117647,0,0,0,0,0,0,0,0,0,0,0,0,2295,45.785253,2.0254915433974
"296",99,99,2,41.6817394243855,79.227085429624,84.6126395515632,88.560508570832,94.782838773447,100.477489312123,112.219226329328,116.791136789015,126.571822321555,1,1,1,1,NA,NA,NA,NA,0.545454545454545,0.363636363636364,0.272727272727273,0.0909090909090909,0,0,0,0,0,0,0,0,0,0,0,0,2296,62.538045,20.8563055756145
"297",99,99,3,45.7597308399585,83.305076845197,88.6906309671362,92.638499986405,98.86083018902,104.555480727696,116.297217744901,120.869128204588,130.649813737128,1,1,1,NA,NA,NA,NA,NA,0.714285714285714,0.428571428571429,0.285714285714286,0,0,0,0,0,0,0,0,0,0,0,0,0,2297,75.428699,29.6689681600415
"298",100,100,1,48.9875240794452,86.5011413278913,91.8821442349635,95.8266769958332,102.043748842282,107.733586955419,119.465401285587,124.033448123002,133.805868210538,1,1,1,NA,NA,NA,NA,NA,0.25,0.125,0.0625,0,0,0,0,0,0,0,0,0,0,0,0,0,2298,48.124359,-0.863165079445217
"299",100,100,2,42.3153925814493,79.8290098298954,85.2100127369675,89.1545454978372,95.371617344286,101.061455457423,112.793269787591,117.361316625006,127.133736712542,1,1,1,1,NA,NA,NA,NA,0.6,0.4,0.3,0.1,0,0,0,0,0,0,0,0,0,0,0,0,2299,68.169865,25.8544724185507
"300",100,100,3,47.2137439781821,84.7273612266282,90.1083641337003,94.05289689457,100.269968741019,105.959806854156,117.691621184324,122.259668021739,132.032088109275,1,1,1,NA,NA,NA,NA,NA,0.266666666666667,0.2,0.0666666666666667,0,0,0,0,0,0,0,0,0,0,0,0,0,2300,50.941687,3.72794302181795
"301",101,101,1,42.9995787133176,80.5225246778322,85.9048657082838,89.8503793776567,96.0689972573139,101.760250293568,113.494982038074,118.064164836643,127.839015085251,1,1,1,1,NA,NA,NA,NA,0.193548387096774,0.129032258064516,0.0967741935483871,0.032258064516129,0,0,0,0,0,0,0,0,0,0,0,0,2301,1.265711,-41.7338677133176
"302",101,101,2,30.8544909294635,68.3774368939782,73.7597779244297,77.7052915938027,83.9239094734599,89.6151625097138,101.34989425422,105.919077052789,115.693927301397,1,1,1,1,1,NA,NA,NA,0.32258064516129,0.258064516129032,0.225806451612903,0.161290322580645,0.0967741935483871,0,0,0,0,0,0,0,0,0,0,0,2302,2.315706,-28.5387849294635
"303",101,101,3,31.1112001574334,68.634146121948,74.0164871523996,77.9620008217726,84.1806187014297,89.8718717376836,101.60660348219,106.175786280759,115.950636529367,1,1,1,1,1,NA,NA,NA,0.588235294117647,0.470588235294118,0.411764705882353,0.294117647058824,0.176470588235294,0,0,0,0,0,0,0,0,0,0,0,2303,46.305969,15.1947688425666
"304",102,102,1,41.8357120173735,79.4034290684989,84.7921921228681,88.7424134432443,94.9684511635492,100.666494806885,112.415228029095,116.989862619189,126.77637588241,1,1,1,1,NA,NA,NA,NA,0.545454545454545,0.363636363636364,0.272727272727273,0.0909090909090909,0,0,0,0,0,0,0,0,0,0,0,0,2304,65.111142,23.2754299826265
"305",102,102,2,46.4396389124361,84.0073559635615,89.3961190179307,93.3463403383069,99.5723780586118,105.270421701948,117.019154924157,121.593789514252,131.380302777473,1,1,1,NA,NA,NA,NA,NA,0.294117647058824,0.176470588235294,0.117647058823529,0,0,0,0,0,0,0,0,0,0,0,0,0,2305,45.830447,-0.609191912436081
"306",102,102,3,41.7192935975592,79.2870106486847,84.6757737030538,88.6259950234301,94.8520327437349,100.550076387071,112.298809609281,116.873444199375,126.659957462596,1,1,1,1,NA,NA,NA,NA,0.6,0.4,0.3,0.1,0,0,0,0,0,0,0,0,0,0,0,0,2306,68.512547,26.7932534024408
"307",103,103,1,47.3031407833477,84.8918113002831,90.2835799475198,94.2360045113687,100.465514816082,106.166736554124,117.922022654688,122.499208755946,132.291180465598,1,1,1,NA,NA,NA,NA,NA,0.133333333333333,0.1,0.0333333333333333,0,0,0,0,0,0,0,0,0,0,0,0,0,2307,3.904319,-43.3988217833477
"308",103,103,2,31.4612197915477,69.0498903084831,74.4416589557198,78.3940835195688,84.6235938242824,90.3248155623241,102.080101662888,106.657287764146,116.449259473798,1,1,1,1,1,NA,NA,NA,0.6,0.533333333333333,0.4,0.266666666666667,0.2,0,0,0,0,0,0,0,0,0,0,0,2308,51.451949,19.9907292084523
"309",103,103,3,43.1198865144199,80.7085570313553,86.100325678592,90.0527502424409,96.2822605471546,101.983482285196,113.73876838576,118.315954487019,128.107926196671,1,1,1,1,NA,NA,NA,NA,0.461538461538462,0.307692307692308,0.230769230769231,0.0769230769230769,0,0,0,0,0,0,0,0,0,0,0,0,2309,58.065446,14.9455594855801
"310",104,104,1,44.6932268835094,82.2856709718913,87.6779809052105,91.6308022576736,97.8609379503535,103.562732040843,115.319198268593,119.896843879021,129.689798616387,1,1,1,NA,NA,NA,NA,NA,0.263157894736842,0.157894736842105,0.105263157894737,0,0,0,0,0,0,0,0,0,0,0,0,0,2310,39.939093,-4.75413388350944
"311",104,104,2,40.3313126412584,77.9237567296402,83.3160666629595,87.2688880154225,93.4990237081024,99.2008177985914,110.957284026342,115.53492963677,125.327884374136,1,1,1,1,NA,NA,NA,NA,1,0.714285714285714,0.571428571428571,0.285714285714286,0,0,0,0,0,0,0,0,0,0,0,0,2311,76.575836,36.2445233587416
"312",104,104,3,49.147555549106,86.7399996374879,92.1323095708071,96.0851309232701,102.31526661595,108.017060706439,119.773526934189,124.351172544617,134.144127281983,1,1,1,NA,NA,NA,NA,NA,0.181818181818182,0.0909090909090909,0.0454545454545455,0,0,0,0,0,0,0,0,0,0,0,0,0,2312,28.818179,-20.329376549106
"313",105,105,1,37.7021251300579,75.275507020821,80.6650826472851,84.615899621911,90.8428761670376,96.5417790189182,108.292283833731,112.867608233411,122.655597205901,1,1,1,1,1,NA,NA,NA,0.7,0.6,0.4,0.2,0.1,0,0,0,0,0,0,0,0,0,0,0,2313,68.139099,30.4369738699421
"314",105,105,2,47.1243632381044,84.6977451288674,90.0873207553315,94.0381377299575,100.265114275084,105.964017126965,117.714521941777,122.289846341458,132.077835313947,1,1,1,NA,NA,NA,NA,NA,0.235294117647059,0.176470588235294,0.0588235294117647,0,0,0,0,0,0,0,0,0,0,0,0,0,2314,43.896977,-3.22738623810435
"315",105,105,3,41.3153677789871,78.8887496697502,84.2783252962143,88.2291422708403,94.4561188159669,100.155021667847,111.90552648266,116.480850882341,126.26883985483,1,1,1,1,NA,NA,NA,NA,0.333333333333333,0.277777777777778,0.166666666666667,0.0555555555555556,0,0,0,0,0,0,0,0,0,0,0,0,2315,40.997237,-0.318130778987118
"316",106,106,1,40.6317338178667,78.1953468212867,83.5835211856213,87.5333109680171,93.7586685310533,99.4560896973059,111.203539440896,115.777674279606,125.563118424966,1,1,1,1,NA,NA,NA,NA,0.4,0.333333333333333,0.2,0.0666666666666667,0,0,0,0,0,0,0,0,0,0,0,0,2316,52.376798,11.7450641821333
"317",106,106,2,43.3521903525663,80.9158033559863,86.3039777203208,90.2537675027167,96.4791250657528,102.176546232005,113.923995975595,118.498130814306,128.283574959665,1,1,1,1,NA,NA,NA,NA,0.375,0.25,0.1875,0.0625,0,0,0,0,0,0,0,0,0,0,0,0,2317,48.475264,5.12307364743371
"318",106,106,3,42.4194695151234,79.9830825185434,85.371256882878,89.3210466652738,95.5464042283099,101.243825394563,112.991275138153,117.565409976863,127.350854122222,1,1,1,1,NA,NA,NA,NA,0.5,0.333333333333333,0.25,0.0833333333333333,0,0,0,0,0,0,0,0,0,0,0,0,2318,61.784105,19.3646354848766
"319",107,107,1,45.6373437423609,83.1527754322592,88.5340386052147,92.4787621534377,98.6961347043692,104.38624802099,116.118629790178,120.686897572789,130.459790328264,1,1,1,NA,NA,NA,NA,NA,0.555555555555556,0.333333333333333,0.222222222222222,0,0,0,0,0,0,0,0,0,0,0,0,0,2319,70.917217,25.2798732576391
"320",107,107,2,47.8245249860908,85.3399566759892,90.7212198489446,94.6659433971677,100.883315948099,106.573429264719,118.305811033908,122.874078816519,132.646971571993,1,1,1,NA,NA,NA,NA,NA,0.4,0.2,0.1,0,0,0,0,0,0,0,0,0,0,0,0,0,2320,66.957402,19.1328770139092
"321",107,107,3,46.8762356082051,84.3916672981034,89.7729304710589,93.717654019282,99.9350265702134,105.625139886834,117.357521656022,121.925789438633,131.698682194108,1,1,1,NA,NA,NA,NA,NA,0.5,0.375,0.25,0,0,0,0,0,0,0,0,0,0,0,0,0,2321,74.203693,27.3274573917949
"322",108,108,1,48.7060217330578,86.2507620976288,91.6362293456691,95.5840346822108,101.806264512966,107.500823191735,119.242370804016,123.814207514618,133.594735275782,1,1,1,NA,NA,NA,NA,NA,0.307692307692308,0.153846153846154,0.0769230769230769,0,0,0,0,0,0,0,0,0,0,0,0,0,2322,57.95483,9.24880826694217
"323",108,108,2,44.7809189411556,82.3256593057265,87.7111265537668,91.6589318903085,97.8811617210634,103.575720399833,115.317268012113,119.889104722716,129.669632483879,1,1,1,NA,NA,NA,NA,NA,0.5,0.3,0.2,0,0,0,0,0,0,0,0,0,0,0,0,0,2323,68.032889,23.2519700588444
"324",108,108,3,47.215391895839,84.7601322604099,90.1455995084502,94.0934048449919,100.315634675747,106.010193354516,117.751740966797,122.323577677399,132.104105438563,1,1,1,NA,NA,NA,NA,NA,0.210526315789474,0.157894736842105,0.0526315789473684,0,0,0,0,0,0,0,0,0,0,0,0,0,2324,38.006363,-9.20902889583896
"325",109,109,1,39.9987884327109,77.5080775208917,82.8884595909272,86.8325372485247,93.0488917958883,98.7380734399073,110.468534203654,115.036053999417,124.807346587037,1,1,1,1,NA,NA,NA,NA,0.388888888888889,0.277777777777778,0.222222222222222,0.111111111111111,0,0,0,0,0,0,0,0,0,0,0,0,2325,43.023125,3.0243365672891
"326",109,109,2,41.2093169188319,78.7186060070128,84.0989880770482,88.0430657346457,94.2594202820093,99.9486019260283,111.679062689775,116.246582485538,126.017875073158,0,0,0,0,NA,NA,NA,NA,NA,NA,NA,NA,NA,NA,NA,NA,0,0,0,0,0,0,0,0,2326,99.295001,58.0856840811681
"327",109,109,3,54.7875390600199,92.2968281482007,97.6772102182362,101.621287875834,107.837642423197,113.526824067216,125.257284830963,129.824804626726,139.596097214346,1,NA,NA,NA,NA,NA,NA,NA,0.0645161290322581,0,0,0,0,0,0,0,1,1,1,1,0,0,0,0,2327,1.374079,-53.4134600600199
"328",110,110,1,31.2337050757303,68.823387972538,74.2153018368834,78.1678328518258,84.3975109366381,90.0988862263233,101.854488933324,106.431798312448,116.224033750371,1,1,1,1,1,NA,NA,NA,0.290322580645161,0.258064516129032,0.193548387096774,0.129032258064516,0.0967741935483871,0,0,0,1,1,1,1,0,0,0,0,2328,1.054592,-30.1791130757303
"329",110,110,2,31.1573465767477,68.7470294735555,74.1389433379009,78.0914743528433,84.3211524376555,90.0225277273407,101.778130434341,106.355439813466,116.147675251389,1,1,1,1,1,NA,NA,NA,1,0.8,0.7,0.5,0.3,0,0,0,0,1,1,1,0,0,0,0,2329,67.990874,36.8335274232523
"330",110,110,3,47.1553496910939,84.7450325879017,90.1369464522471,94.0894774671895,100.319155552002,106.020530841687,117.776133548688,122.353442927812,132.145678365735,1,1,1,NA,NA,NA,NA,NA,0.2,0.15,0.05,0,0,0,0,0,0,0,0,0,0,0,0,0,2330,36.921443,-10.2339066910939
"331",111,111,1,39.7387591530159,77.3348731124579,82.727709456939,86.6809166939871,92.911660588534,98.6140113028242,110.371625227039,114.949717719003,124.743628469793,1,1,1,1,NA,NA,NA,NA,0.583333333333333,0.416666666666667,0.333333333333333,0.166666666666667,0,0,0,0,0,0,0,0,0,0,0,0,2331,61.614676,21.8759168469841
"332",111,111,2,45.650142379402,83.2462563388439,88.6390926833251,92.5922999203732,98.8230438149201,104.52539452921,116.283008453425,120.861100945389,130.655011696179,1,1,1,NA,NA,NA,NA,NA,0.294117647058824,0.176470588235294,0.117647058823529,0,0,0,0,0,0,0,0,0,0,0,0,0,2332,44.026373,-1.62376937940197
"333",111,111,3,41.4396285380271,79.0357424974691,84.4285788419502,88.3817860789983,94.6125299735452,100.314880687835,112.07249461205,116.650587104014,126.444497854804,1,1,1,1,NA,NA,NA,NA,0.375,0.25,0.1875,0.0625,0,0,0,0,0,0,0,0,0,0,0,0,2333,49.416644,7.97701546197293
"334",112,112,1,42.7550783071661,80.3285943313857,85.7181891981303,89.6690202768031,95.8960190516531,101.594942248083,113.345489011099,117.920829744259,127.708853658953,1,1,1,1,NA,NA,NA,NA,0.666666666666667,0.444444444444444,0.333333333333333,0.111111111111111,0,0,0,0,0,0,0,0,0,0,0,0,2334,71.045737,28.2906586928339
"335",112,112,2,47.8869725586535,85.4604885828731,90.8500834496177,94.8009145282905,101.02791330314,106.726836499571,118.477383262586,123.052723995746,132.84074791044,1,1,1,NA,NA,NA,NA,NA,0.363636363636364,0.181818181818182,0.0909090909090909,0,0,0,0,0,0,0,0,0,0,0,0,0,2335,63.517612,15.6306394413465
"336",112,112,3,46.1007884864884,83.6743045107079,89.0638993774526,93.0147304561253,99.2417292309753,104.940652427406,116.691199190421,121.266539923581,131.054563838275,1,1,1,NA,NA,NA,NA,NA,0.25,0.15,0.1,0,0,0,0,0,0,0,0,0,0,0,0,0,2336,35.042763,-11.0580254864884
"337",113,113,1,39.3878794045871,76.9156108216573,82.2986382837569,86.2446551403927,92.4640661054555,98.1560449701508,109.8922732923,114.462038817169,124.238135691833,1,1,1,1,NA,NA,NA,NA,0.4375,0.3125,0.25,0.125,0,0,0,0,0,0,0,0,0,0,0,0,2337,48.415397,9.02751759541288
"338",113,113,2,42.5848886047677,80.1126200218379,85.4956474839375,89.4416643405733,95.6610753056362,101.353054170331,113.08928249248,117.65904801735,127.435144892014,1,1,1,1,NA,NA,NA,NA,0.193548387096774,0.129032258064516,0.0967741935483871,0.032258064516129,0,0,0,0,0,0,0,0,0,0,0,0,2338,2.33649,-40.2483986047677
"339",113,113,3,31.5687574810664,69.0964888981366,74.4795163602361,78.4255332168719,84.6449441819348,90.3369230466301,102.073151368779,106.642916893649,116.419013768312,1,1,1,1,1,NA,NA,NA,0.529411764705882,0.470588235294118,0.352941176470588,0.235294117647059,0.176470588235294,0,0,0,0,0,0,0,0,0,0,0,2339,44.68614,13.1173825189336
"340",114,114,1,41.6767391590599,79.2184228748582,84.6034516731531,88.5509356050394,94.7726588622772,100.466753927086,112.207345618863,116.778810120231,126.558541614384,1,1,1,1,NA,NA,NA,NA,0.193548387096774,0.129032258064516,0.0967741935483871,0.032258064516129,0,0,0,0,0,0,0,0,0,0,0,0,2340,2.136979,-39.5397601590599
"341",114,114,2,31.5710779555162,69.1127616713145,74.4977904696094,78.4452744014957,84.6669976587334,90.361092723542,102.101684415319,106.673148916687,116.45288041084,1,1,1,1,1,NA,NA,NA,0.6,0.533333333333333,0.4,0.266666666666667,0.2,0,0,0,0,0,0,0,0,0,0,0,2341,50.33883,18.7677520444838
"342",114,114,3,43.0192843159118,80.56096803171,85.9459968300049,89.8934807618912,96.115204019129,101.809299083938,113.549890775715,118.121355277083,127.901086771236,1,1,1,1,NA,NA,NA,NA,0.461538461538462,0.307692307692308,0.230769230769231,0.0769230769230769,0,0,0,0,0,0,0,0,0,0,0,0,2342,56.277826,13.2585416840882
"343",115,115,1,44.4332434694476,81.9779609120241,87.3634248721032,91.3112277984118,97.5334538303411,103.228009032441,114.969549476216,119.541383395599,129.321905185508,1,1,1,NA,NA,NA,NA,NA,0.2,0.16,0.08,0,0,0,0,0,0,0,0,0,0,0,0,0,2343,20.796394,-23.6368494694476
"344",115,115,2,36.0120074415961,73.5567248841726,78.9421888442516,82.8899917705603,89.1122178024896,94.80677300459,106.548313448365,111.120147367748,120.900669157656,1,1,1,1,1,NA,NA,NA,0.5,0.375,0.3125,0.1875,0.0625,0,0,0,0,0,0,0,0,0,0,0,2344,49.052357,13.0403495584039
"345",115,115,3,42.7183357999679,80.2630532425443,85.6485172026234,89.596320128932,95.8185461608614,101.513101362962,113.254641806736,117.826475726119,127.606997516028,1,1,1,1,NA,NA,NA,NA,0.3,0.2,0.15,0.05,0,0,0,0,0,0,0,0,0,0,0,0,2345,37.227636,-5.49069979996789
"346",116,116,1,39.9134802219728,77.4608307200718,82.8466723691198,86.7947521595256,93.0174145635395,98.7123691315439,110.454733023463,115.026887570976,124.808095280467,1,1,1,1,NA,NA,NA,NA,0.466666666666667,0.333333333333333,0.266666666666667,0.133333333333333,0,0,0,0,0,0,0,0,0,0,0,0,2346,50.590002,10.6765217780272
"347",116,116,2,43.0817922403861,80.6291427384851,86.0149843875331,89.9630641779389,96.1857265819528,101.880681149957,113.623045041876,118.195199589389,127.976407298881,1,1,1,1,NA,NA,NA,NA,0.285714285714286,0.19047619047619,0.142857142857143,0.0476190476190476,0,0,0,0,0,0,0,0,0,0,0,0,2347,31.869534,-11.2122582403861
"348",116,116,3,38.6430361282783,76.1903866263772,81.5762282754253,85.5243080658311,91.746970469845,97.4419250378494,109.184288929768,113.756443477282,123.537651186773,1,1,1,1,NA,NA,NA,NA,0.538461538461538,0.384615384615385,0.307692307692308,0.153846153846154,0,0,0,0,0,0,0,0,0,0,0,0,2348,57.720233,19.0771968717217
"349",117,117,1,44.7640017770675,82.3156845402197,87.7021476151008,91.6506829403945,97.8740633237735,103.569674983486,115.313393725535,119.886075814542,129.668412093261,0,0,0,NA,NA,NA,NA,NA,NA,NA,NA,NA,NA,NA,NA,NA,0,0,0,0,0,0,0,0,2349,98.539128,53.7751262229325
"350",117,117,2,54.4231614054503,91.9748441686026,97.3613072434836,101.309842568777,107.533222952156,113.228834611868,124.972553353918,129.545235442925,139.327571721643,1,NA,NA,NA,NA,NA,NA,NA,0.111111111111111,0,0,0,0,0,0,0,1,1,1,0,0,0,0,0,2350,43.077618,-11.3455434054503
"351",117,117,3,41.2990536038758,78.8507363670281,84.2371994419091,88.1857347672029,94.4091151505819,100.104726810294,111.848445552344,116.42112764135,126.203463920069,1,1,1,1,NA,NA,NA,NA,0.4,0.333333333333333,0.2,0.0666666666666667,0,0,0,0,1,1,1,0,0,0,0,0,2351,51.845886,10.5468323961242
"352",118,118,1,43.4218585505073,80.9899226900729,86.3787355312672,90.3289933477701,96.5550885904875,102.253184878095,114.002026646945,118.576703502125,128.363307183021,1,1,1,1,NA,NA,NA,NA,0.375,0.25,0.1875,0.0625,0,0,0,0,0,1,1,0,0,0,0,0,2352,47.466822,4.04496344949274
"353",118,118,2,42.3814483156302,79.9495124551958,85.3383252963902,89.288583112893,95.5146783556105,101.212774643218,112.961616412068,117.536293267248,127.322896948144,1,1,1,1,NA,NA,NA,NA,0.545454545454545,0.363636363636364,0.272727272727273,0.0909090909090909,0,0,0,0,0,0,0,0,0,0,0,0,2353,62.708197,20.3267486843698
"354",118,118,3,46.002606294504,83.5706704340697,88.959483275264,92.9097410917668,99.1358363344843,104.833932622091,116.582774390942,121.157451246122,130.944054927018,1,1,1,NA,NA,NA,NA,NA,0.357142857142857,0.214285714285714,0.142857142857143,0,0,0,0,0,0,0,0,0,0,0,0,0,2354,55.482109,9.47950270549595
"355",119,119,1,44.2963536629978,81.8682425514936,87.2576040197365,91.2082640061329,97.4349931183793,103.133669520724,114.883707421742,119.458850017992,129.246450058504,1,1,1,NA,NA,NA,NA,NA,0.263157894736842,0.210526315789474,0.105263157894737,0,0,0,0,0,0,0,0,0,0,0,0,0,2355,38.164355,-6.13199866299779
"356",119,119,2,40.1775796208981,77.7494685093938,83.1388299776368,87.0894899640332,93.3162190762796,99.0148954786245,110.764933379642,115.340075975893,125.127676016405,1,1,1,1,NA,NA,NA,NA,0.35,0.25,0.2,0.1,0,0,0,0,0,0,0,0,0,0,0,0,2356,36.317993,-3.85958662089808
"357",119,119,3,39.7384494728477,77.3103383613435,82.6996998295864,86.6503598159829,92.8770889282292,98.5757653305742,110.325803231592,114.900945827842,124.688545868354,0,0,0,0,NA,NA,NA,NA,NA,NA,NA,NA,NA,NA,NA,NA,0,0,0,0,0,0,0,0,2357,99.202192,59.4637425271523
"358",120,120,1,54.6389887949907,92.2553771316153,97.6511216595925,101.60646073438,107.840564669063,113.545990478011,125.309944905921,129.89050621618,139.68969850859,1,NA,NA,NA,NA,NA,NA,NA,0.111111111111111,0,0,0,0,0,0,0,1,1,1,1,0,0,0,0,2358,41.323166,-13.3158227949907
"359",120,120,2,40.9708315063692,78.5872198429938,83.982964370971,87.9383034457588,94.1724073804413,99.8778331893897,111.641787617299,116.222348927558,126.021541219969,1,1,1,1,NA,NA,NA,NA,0.4,0.333333333333333,0.2,0.0666666666666667,0,0,0,0,1,1,1,1,0,0,0,0,2359,50.265121,9.29428949363076
"360",120,120,3,43.0824780881168,80.6988664247413,86.0946109527185,90.0499500275063,96.2840539621888,101.989479771137,113.753434199047,118.333995509306,128.133187801716,1,1,1,1,NA,NA,NA,NA,0.260869565217391,0.173913043478261,0.130434782608696,0.0434782608695652,0,0,0,0,0,1,1,1,0,0,0,0,2360,26.690231,-16.3922470881168
"361",121,121,1,37.5328969504502,75.1295081108191,80.5224157744592,84.4756752918654,90.7065015867275,96.4089277134409,108.166697129698,112.744850166,122.538890439259,1,1,1,1,1,NA,NA,NA,0.225806451612903,0.193548387096774,0.129032258064516,0.0645161290322581,0.032258064516129,0,0,0,0,0,0,0,0,0,0,0,2361,1.420588,-36.1123089504502
"362",121,121,2,31.5824479821253,69.1790591424942,74.5719668061343,78.5252263235405,84.7560526184026,90.458478745116,102.216248161373,106.794401197675,116.588441470934,1,1,1,1,1,NA,NA,NA,0.692307692307692,0.615384615384615,0.461538461538462,0.307692307692308,0.230769230769231,0,0,0,0,0,0,0,0,0,0,0,2362,58.680232,27.0977840178747
"363",121,121,3,45.0658434367604,82.6624545971292,88.0553622607693,92.0086217781756,98.2394480730376,103.941874199751,115.699643616008,120.27779665231,130.071836925569,1,1,1,NA,NA,NA,NA,NA,0.416666666666667,0.25,0.166666666666667,0,0,0,0,0,0,0,0,0,0,0,0,0,2363,60.783447,15.7176035632396
"364",122,122,1,45.5678028971288,83.2006637527014,88.5987711205978,92.5558422701736,98.7926761691012,104.500600429892,116.269706388046,120.852273562938,130.655757000454,1,1,1,NA,NA,NA,NA,NA,0.384615384615385,0.230769230769231,0.153846153846154,0,0,0,0,0,0,0,0,0,0,0,0,0,2364,58.281306,12.7135031028712
"365",122,122,2,44.9791547330081,82.6120155885807,88.010122956477,91.9671941060529,98.2040280049805,103.911952265771,115.681058223926,120.263625398817,130.067108836334,1,1,1,NA,NA,NA,NA,NA,0.384615384615385,0.230769230769231,0.153846153846154,0,0,0,0,0,0,0,0,0,0,0,0,0,2365,58.148437,13.1692822669919
"366",122,122,3,44.9478962655921,82.5807571211648,87.9788644890611,91.9359356386369,98.1727695375645,103.880693798355,115.64979975651,120.232366931401,130.035850368918,1,1,1,NA,NA,NA,NA,NA,0.208333333333333,0.125,0.0833333333333333,0,0,0,0,0,0,0,0,0,0,0,0,0,2366,22.335091,-22.6128052655921
"367",123,123,1,36.5207237418011,74.1682408543224,79.5684505351128,83.527062780694,89.7663256376675,95.4764728706882,107.250162350718,111.834514223357,121.641815663784,1,1,1,1,1,NA,NA,NA,0.258064516129032,0.193548387096774,0.161290322580645,0.0967741935483871,0.032258064516129,0,0,0,0,0,0,0,0,0,0,0,2367,1.368245,-35.1524787418011
"368",123,123,2,31.5883482377724,69.2358653502937,74.6360750310841,78.5946872766653,84.8339501336388,90.5440973666595,102.31778684669,106.902138719329,116.709440159755,1,1,1,1,1,NA,NA,NA,0.5,0.444444444444444,0.333333333333333,0.222222222222222,0.166666666666667,0,0,0,0,0,0,0,0,0,0,0,2368,41.678815,10.0904667622276
"369",123,123,3,41.0712656027129,78.7187827152342,84.1189923960247,88.0776046416058,94.3168674985794,100.0270147316,111.80070421163,116.385056084269,126.192357524695,1,1,1,1,NA,NA,NA,NA,0.5,0.416666666666667,0.25,0.0833333333333333,0,0,0,0,0,0,0,0,0,0,0,0,2369,60.595722,19.5244563972871
"370",124,124,1,45.5375246496257,83.1719104049658,88.5702365065029,92.5274679983099,98.7645546164394,104.472710164785,116.242293012194,120.825045874685,130.628926553583,1,1,1,NA,NA,NA,NA,NA,0.333333333333333,0.2,0.133333333333333,0,0,0,0,0,0,0,0,0,0,0,0,0,2370,51.954058,6.41653335037427
"371",124,124,2,43.5142111984242,81.1485969537643,86.5469230553014,90.5041545471084,96.7412411652379,102.449396713584,114.218979560992,118.801732423484,128.605613102381,1,1,1,1,NA,NA,NA,NA,0.222222222222222,0.148148148148148,0.111111111111111,0.037037037037037,0,0,0,0,0,0,0,0,0,0,0,0,2371,13.765901,-29.7483101984242
"372",124,124,3,34.5730383253879,72.2074240807279,77.6057501822651,81.5629816740721,87.8000682922016,93.5082238405475,105.277806687956,109.860559550448,119.664440229345,0,0,1,1,1,NA,NA,NA,0,0,1,0.6,0.4,0,0,0,0,0,0,0,0,0,0,0,2372,84.276703,49.7036646746121
"373",125,125,1,51.1169326079671,88.7815352935781,94.1841957515852,98.1446045342036,104.386698955906,110.099437625105,121.878470358757,126.464902747855,136.276655035998,1,1,NA,NA,NA,NA,NA,NA,0.214285714285714,0.0714285714285714,0,0,0,0,0,0,1,1,0,0,0,0,0,0,2373,53.321016,2.20408339203289
"374",125,125,2,43.8629559411125,81.5275586267235,86.9302190847306,90.890627867349,97.132722289051,102.845460958251,114.624493691902,119.210926081,129.022678369143,1,1,1,NA,NA,NA,NA,NA,0.5,0.4,0.2,0,0,0,0,0,1,1,0,0,0,0,0,0,2374,67.01454,23.1515840588875
"375",125,125,3,47.0718171620899,84.7364198477009,90.1390803057079,94.0994890883264,100.341583510028,106.054322179228,117.83335491288,122.419787301978,132.23153959012,1,1,1,NA,NA,NA,NA,NA,0.25,0.1875,0.0625,0,0,0,0,0,0,0,0,0,0,0,0,0,2375,48.238375,1.1665578379101
"376",126,126,1,42.6682345980887,80.3187726478025,85.719415655822,89.6783455510087,95.9181090630763,101.628714493542,113.403348725821,117.988068459082,127.796156863535,1,1,1,1,NA,NA,NA,NA,0.461538461538462,0.307692307692308,0.230769230769231,0.0769230769230769,0,0,0,0,0,0,0,0,0,0,0,0,2376,57.369205,14.7009704019113
"377",126,126,2,44.8134146070014,82.4639526567151,87.8645956647347,91.8235255599214,98.0632890719889,103.773894502455,115.548528734733,120.133248467995,129.941336872448,1,1,1,NA,NA,NA,NA,NA,0.208333333333333,0.125,0.0833333333333333,0,0,0,0,0,0,0,0,0,0,0,0,0,2377,23.098429,-21.7149856070014
"378",126,126,3,36.76190301768,74.4124410673937,79.8130840754133,83.7720139706,90.0117774826676,95.7223829131332,107.497017145412,112.081736878673,121.889825283127,1,1,1,1,1,NA,NA,NA,0.5,0.375,0.3125,0.1875,0.0625,0,0,0,0,0,0,0,0,0,0,0,2378,46.936692,10.17478898232
"379",127,127,1,42.3858833242614,79.9893524542056,85.3832438340781,89.3372244625807,95.5691873177826,101.272653619759,113.032567761895,117.61155589565,127.407382692432,1,1,1,1,NA,NA,NA,NA,0.461538461538462,0.307692307692308,0.230769230769231,0.0769230769230769,0,0,0,0,0,0,0,0,0,0,0,0,2379,56.768484,14.3826006757386
"380",127,127,2,44.6990687968058,82.3025379267501,87.6964293066225,91.6504099351251,97.8823727903271,103.585839092303,115.345753234439,119.924741368195,129.720568164976,1,1,1,NA,NA,NA,NA,NA,0.416666666666667,0.25,0.166666666666667,0,0,0,0,0,0,0,0,0,0,0,0,0,2380,61.915374,17.2163052031942
"381",127,127,3,45.9100088956997,83.513478025644,88.9073694055164,92.861350034019,99.093312889221,104.796779191197,116.556693333333,121.135681467089,130.93150826387,1,1,1,NA,NA,NA,NA,NA,0.3125,0.1875,0.125,0,0,0,0,0,0,0,0,0,0,0,0,0,2381,49.860911,3.95090210430028
"382",128,128,1,43.1236888404601,80.6553340084496,86.0389228641609,89.9853512491923,96.2054108339415,101.897983312657,113.635435600994,118.205677704739,127.982794124328,1,1,1,1,NA,NA,NA,NA,0.333333333333333,0.222222222222222,0.166666666666667,0.0555555555555556,0,0,0,0,0,0,0,0,0,0,0,0,2382,43.272271,0.148582159539856
"383",128,128,2,41.5564383486955,79.0880835166849,84.4716723723962,88.4181007574276,94.6381603421768,100.330732820892,112.06818510923,116.638427212974,126.415543632563,1,1,1,1,NA,NA,NA,NA,0.666666666666667,0.444444444444444,0.333333333333333,0.111111111111111,0,0,0,0,0,0,0,0,0,0,0,0,2383,71.844244,30.2878056513045
"384",128,128,3,48.3528999454645,85.884545113454,91.2681339691652,95.2145623541966,101.434621938946,107.127194417661,118.864646705999,123.434888809743,133.212005229332,1,1,1,NA,NA,NA,NA,NA,0.5,0.25,0.125,0,0,0,0,0,0,0,0,0,0,0,0,0,2384,72.818824,24.4659240545355
"385",129,129,1,48.6281447866911,86.1780082036331,91.5642103090858,95.512554331294,101.735633197333,107.430968909638,119.174118678778,123.746579225334,133.528441558409,1,1,1,NA,NA,NA,NA,NA,0.363636363636364,0.181818181818182,0.0909090909090909,0,0,0,0,0,0,0,0,0,0,0,0,0,2385,65.320457,16.6923122133089
"386",129,129,2,46.8364463610739,84.3863097780158,89.7725118834685,93.7208559056768,99.9439347717153,105.63927048402,117.382420253161,121.954880799717,131.736743132792,1,1,1,NA,NA,NA,NA,NA,0.222222222222222,0.166666666666667,0.111111111111111,0,0,0,0,0,0,0,0,0,0,0,0,0,2386,41.949229,-4.88721736107389
"387",129,129,3,41.2520047870163,78.8018682039582,84.1880703094109,88.1364143316192,94.3594931976577,100.054828909963,111.797978679103,116.370439225659,126.152301558735,1,1,1,1,NA,NA,NA,NA,0.352941176470588,0.294117647058824,0.176470588235294,0.0588235294117647,0,0,0,0,0,0,0,0,0,0,0,0,2387,44.547459,3.29545421298371
"388",130,130,1,41.8930503148436,79.4162441811327,84.7986207709429,88.7441605070282,94.9628194710503,100.654110107543,112.388919379566,116.958132365224,126.733047193056,1,1,1,1,NA,NA,NA,NA,0.545454545454545,0.363636363636364,0.272727272727273,0.0909090909090909,0,0,0,0,0,0,0,0,0,0,0,0,2388,63.8708,21.9777496851564
"389",130,130,2,46.5262787774693,84.0494726437584,89.4318492335685,93.3773889696539,99.596047933676,105.287338570169,117.022147842192,121.59136082785,131.366275655682,1,1,1,NA,NA,NA,NA,NA,0.833333333333333,0.5,0.333333333333333,0,0,0,0,0,0,0,0,0,0,0,0,0,2389,80.294649,33.7683702225307
"390",130,130,3,50.4642853909564,87.9874792572455,93.3698558470556,97.315395583141,103.534054547163,109.225345183656,120.960154455679,125.529367441337,135.304282269169,1,1,NA,NA,NA,NA,NA,NA,0.333333333333333,0.222222222222222,0,0,0,0,0,0,0,0,0,0,0,0,0,0,2390,68.804066,18.3397806090436
"391",131,131,1,47.7705914487385,85.3087318588152,90.6932524006478,94.6403637562131,100.861499787055,106.555057424726,118.294541001427,122.865574033167,132.644382484581,1,1,1,NA,NA,NA,NA,NA,0.444444444444444,0.222222222222222,0.111111111111111,0,0,0,0,0,0,0,0,0,0,0,0,0,2391,70.341412,22.5708205512615
"392",131,131,2,48.1420899597742,85.6802303698507,91.0647509116834,95.0118622672487,101.232998298091,106.926555935762,118.666039512463,123.237072544202,133.015880995616,1,1,1,NA,NA,NA,NA,NA,0.307692307692308,0.153846153846154,0.0769230769230769,0,0,0,0,0,0,0,0,0,0,0,0,0,2392,59.286332,11.1442420402258
"393",131,131,3,45.4706381464676,83.0087785565442,88.3932990983769,92.3404104539422,98.5615464847843,104.255104122455,115.994587699156,120.565620730896,130.34442918231,1,1,1,NA,NA,NA,NA,NA,0.294117647058824,0.176470588235294,0.117647058823529,0,0,0,0,0,0,0,0,0,0,0,0,0,2393,46.857237,1.38659885353237
"394",132,132,1,42.5203909348896,80.030232363876,85.4106936624077,89.3548293982861,95.5712754842089,101.260540903934,112.991174403883,117.558761458387,127.330197932595,1,1,1,1,NA,NA,NA,NA,0.375,0.25,0.1875,0.0625,0,0,0,0,0,0,0,0,0,0,0,0,2394,49.755559,7.23516806511039
"395",132,132,2,43.21648430322,80.7263257322064,86.106787030738,90.0509227666165,96.2673688525393,101.956634272264,113.687267772213,118.254854826717,128.026291300925,1,1,1,1,NA,NA,NA,NA,0.5,0.333333333333333,0.25,0.0833333333333333,0,0,0,0,0,0,0,0,0,0,0,0,2395,60.487009,17.27052469678
"396",132,132,3,45.7938691409188,83.3037105699052,88.6841718684368,92.6283076043153,98.8447536902381,104.534019109963,116.264652609912,120.832239664416,130.603676138624,1,1,1,NA,NA,NA,NA,NA,0.555555555555556,0.333333333333333,0.222222222222222,0,0,0,0,0,0,0,0,0,0,0,0,0,2396,70.469772,24.6759028590812
"397",133,133,1,48.2651353823254,85.7457763633564,91.1220491109868,95.0631144385165,101.274721180857,106.959557653605,118.681059156725,123.245090462044,133.008920123978,1,1,1,NA,NA,NA,NA,NA,0.444444444444444,0.222222222222222,0.111111111111111,0,0,0,0,0,0,0,0,0,0,0,0,0,2397,68.843003,20.5778676176746
"398",133,133,2,47.8726396073799,85.3532805884109,90.7295533360413,94.670618663571,100.882225405911,106.56706187866,118.288563381779,122.852594687099,132.616424349032,1,1,1,NA,NA,NA,NA,NA,0.25,0.125,0.0625,0,0,0,0,0,0,0,0,0,0,0,0,0,2398,47.185809,-0.686830607379903
"399",133,133,3,42.6473389395068,80.1279799205379,85.5042526681682,89.4453179956979,95.6569247380382,101.341761210786,113.063262713906,117.627294019226,127.391123681159,1,1,1,1,NA,NA,NA,NA,0.272727272727273,0.181818181818182,0.136363636363636,0.0454545454545455,0,0,0,0,0,0,0,0,0,0,0,0,2399,29.966668,-12.6806709395068
"400",134,134,1,38.5142119777669,75.9773308032351,81.3510901496811,85.2903130338068,91.499015857303,97.1811946756884,108.897216390646,113.4591140167,123.218379099753,1,1,1,1,NA,NA,NA,NA,0.583333333333333,0.416666666666667,0.333333333333333,0.166666666666667,0,0,0,0,0,0,0,0,0,0,0,0,2400,61.32417,22.8099580222331
"401",134,134,2,46.1047907406466,83.5679095661149,88.9416689125609,92.8808917966866,99.0895946201828,104.771773438568,116.487795153526,121.04969277958,130.808957862633,1,1,1,NA,NA,NA,NA,NA,0.3125,0.1875,0.125,0,0,0,0,0,0,0,0,0,0,0,0,0,2401,47.110709,1.00591825935335
"402",134,134,3,42.6641979531976,80.1273167786658,85.5010761251118,89.4402990092375,95.6490018327337,101.331180651119,113.047202366077,117.609099992131,127.368365075184,1,1,1,1,NA,NA,NA,NA,1,0.666666666666667,0.5,0.166666666666667,0,0,0,0,0,0,0,0,0,0,0,0,2402,78.640594,35.9763960468024
"403",135,135,1,50.3152787100594,87.8051525847346,93.1827497108489,97.1247858712156,103.337922766267,109.024159628367,120.748548578817,125.313704176959,135.079939037909,0,0,NA,NA,NA,NA,NA,NA,NA,NA,NA,NA,NA,NA,NA,NA,0,0,0,0,0,0,0,0,2403,98.800371,48.4850922899406
"404",135,135,2,55.1949978908005,92.6848717654757,98.06246889159,102.004505051957,108.217641947008,113.903878809108,125.628267759558,130.1934233577,139.95965821865,1,NA,NA,NA,NA,NA,NA,NA,0.181818181818182,0,0,0,0,0,0,0,1,1,0,0,0,0,0,0,2404,63.945153,8.75015510919953
"405",135,135,3,46.7582142982284,84.2480881729036,89.625685299018,93.5677214593846,99.780858354436,105.467095216536,117.191484166986,121.756639765128,131.522874626078,1,1,1,NA,NA,NA,NA,NA,0.454545454545455,0.272727272727273,0.181818181818182,0,0,0,0,0,1,1,0,0,0,0,0,0,2405,65.03623,18.2780157017716
"406",136,136,1,47.127201982788,84.6364849287438,90.0168661177304,93.9609431294769,100.177296658899,105.866477371303,117.596936214162,122.164455261984,131.935746249534,1,1,1,NA,NA,NA,NA,NA,0.444444444444444,0.333333333333333,0.111111111111111,0,0,0,0,0,0,1,0,0,0,0,0,0,2406,71.208689,24.081487017212
"407",136,136,2,48.636973156775,86.1462561027308,91.5266372917173,95.4707143034638,101.687067832886,107.37624854529,119.106707388149,123.674226435971,133.445517423521,1,1,1,NA,NA,NA,NA,NA,0.129032258064516,0.0645161290322581,0.032258064516129,0,0,0,0,0,0,0,0,0,0,0,0,0,2407,1.531887,-47.105086156775
"408",136,136,3,31.5941662049272,69.103449150883,74.4838303398695,78.427907351616,84.6442608810385,90.333441593442,102.063900436301,106.631419484123,116.402710471674,1,1,1,1,1,NA,NA,NA,0.5625,0.5,0.375,0.25,0.1875,0,0,0,0,0,0,0,0,0,0,0,2408,49.134171,17.5400047950728
"409",137,137,1,43.2486606970448,80.7717995665419,86.1541682675394,90.0997022207474,96.318352070239,102.009634365152,113.744426437763,118.313632726441,128.088533227429,1,1,1,1,NA,NA,NA,NA,0.428571428571429,0.285714285714286,0.214285714285714,0.0714285714285714,0,0,0,0,0,0,0,0,0,0,0,0,2409,55.502299,12.2536383029552
"410",137,137,2,44.8053054803716,82.3284443498686,87.7108130508662,91.6563470040741,97.8749968535658,103.566279148478,115.301071221089,119.870277509768,129.645178010756,1,1,1,NA,NA,NA,NA,NA,0.5,0.3,0.2,0,0,0,0,0,0,0,0,0,0,0,0,0,2410,66.487993,21.6826875196284
"411",137,137,3,47.4906822906876,85.0138211601847,90.3961898611822,94.3417238143902,100.560373663882,106.251655958794,117.986448031405,122.555654320084,132.330554821072,1,1,1,NA,NA,NA,NA,NA,0.571428571428571,0.428571428571429,0.142857142857143,0,0,0,0,0,0,0,0,0,0,0,0,0,2411,77.386674,29.8959917093124
"412",138,138,1,50.1807689321018,87.6939540666806,93.0748949907677,97.0193823151418,103.23638254805,108.926155120774,120.65783431389,125.225828532641,134.998136053101,1,1,NA,NA,NA,NA,NA,NA,0.333333333333333,0.222222222222222,0,0,0,0,0,0,0,0,0,0,0,0,0,0,2412,69.699631,19.5188620678982
"413",138,138,2,48.3116321845293,85.8248173191081,91.2057582431952,95.1502455675693,101.367245800477,107.057018373202,118.788697566317,123.356691785069,133.128999305529,1,1,1,NA,NA,NA,NA,NA,0.25,0.125,0.0625,0,0,0,0,0,0,0,0,0,0,0,0,0,2413,47.119178,-1.19245418452932
"414",138,138,3,42.8211003273336,80.3342854619124,85.7152263859995,89.6597137103736,95.8767139432815,101.566486516006,113.298165709121,117.866159927873,127.638467448333,1,1,1,1,NA,NA,NA,NA,0.352941176470588,0.235294117647059,0.176470588235294,0.0588235294117647,0,0,0,0,0,0,0,0,0,0,0,0,2414,45.751633,2.93053267266641
"415",139,139,1,42.5266946207203,80.0164606175177,85.3940422694864,89.3360670865635,95.5491861031866,101.235406603024,112.959761816305,117.524904278119,127.291111036528,1,1,1,1,NA,NA,NA,NA,0.545454545454545,0.363636363636364,0.272727272727273,0.0909090909090909,0,0,0,0,0,0,0,0,0,0,0,0,2415,63.057405,20.5307103792797
"416",139,139,2,46.7502307037758,84.2399967005732,89.617578352542,93.559603169619,99.7727221862421,105.45894268608,117.183297899361,121.748440361174,131.514647119584,1,1,1,NA,NA,NA,NA,NA,0.5,0.3,0.2,0,0,0,0,0,0,0,0,0,0,0,0,0,2416,65.763586,19.0133552962242
"417",139,139,3,47.41068393873,84.9004499355274,90.2780315874961,94.2200564045732,100.433175421196,106.119395921034,117.843751134315,122.408893596129,132.175100354538,1,1,1,NA,NA,NA,NA,NA,0.4,0.3,0.1,0,0,0,0,0,0,0,0,0,0,0,0,0,2417,66.214296,18.80361206127
"418",140,140,1,47.5704151116929,85.0768239913285,90.4567929204383,94.400567725957,100.616444940961,106.305189732403,118.034749754649,122.601918826369,132.372461110235,1,1,1,NA,NA,NA,NA,NA,0.666666666666667,0.5,0.166666666666667,0,0,0,0,0,0,0,0,0,0,0,0,0,2418,78.414267,30.8438518883071
"419",140,140,2,50.5631337532189,88.0695426328545,93.4495115619643,97.393286367483,103.609163582487,109.297908373929,121.027468396175,125.594637467895,135.365179751761,1,1,NA,NA,NA,NA,NA,NA,0.1875,0.125,0,0,0,0,0,0,0,0,0,0,0,0,0,0,2419,47.987793,-2.57534075321891
"420",140,140,3,43.0993556888525,80.6057645684881,85.9857334975979,89.9295083031166,96.1453855181201,101.834130309562,113.563690331809,118.130859403528,127.901401687394,1,1,1,1,NA,NA,NA,NA,0.315789473684211,0.210526315789474,0.157894736842105,0.0526315789473684,0,0,0,0,0,0,0,0,0,0,0,0,2420,40.113484,-2.9858716888525
"421",141,141,1,41.1919063082872,78.6638073378465,84.0388264152705,87.9789727425162,94.1891310266639,99.8726418765414,111.591410092513,116.154377130758,125.915930006724,1,1,1,1,NA,NA,NA,NA,0.193548387096774,0.161290322580645,0.0967741935483871,0.032258064516129,0,0,0,0,0,0,0,0,0,0,0,0,2421,1.505742,-39.6861643082872
"422",141,141,2,31.6676011221336,69.1395021516929,74.5145212291169,78.4546675563626,84.6648258405103,90.3483366903878,102.067104906359,106.630071944604,116.39162482057,1,1,1,1,1,NA,NA,NA,0.6,0.533333333333333,0.4,0.266666666666667,0.2,0,0,0,0,0,0,0,0,0,0,0,2422,52.161117,20.4935158778664
"423",141,141,3,44.1639872308849,81.6358882604443,87.0109073378683,90.9510536651139,97.1612119492617,102.844722799139,114.56349101511,119.126458053356,128.888010929322,1,1,1,NA,NA,NA,NA,NA,0.3125,0.25,0.125,0,0,0,0,0,0,0,0,0,0,0,0,0,2423,49.294157,5.13016976911506
"424",142,142,1,43.4686215107301,80.9507839067245,86.3272748881308,90.2685001914668,96.480359075478,102.165426307227,113.887403609782,118.451620178356,128.215846173867,1,1,1,1,NA,NA,NA,NA,0.375,0.25,0.1875,0.0625,0,0,0,0,0,0,0,0,0,0,0,0,2424,49.03038,5.56175848926993
"425",142,142,2,43.4042152006074,80.8863775966018,86.2628685780081,90.2040938813441,96.4159527653553,102.101019997105,113.822997299659,118.387213868233,128.151439863744,1,1,1,1,NA,NA,NA,NA,0.428571428571429,0.285714285714286,0.214285714285714,0.0714285714285714,0,0,0,0,0,0,0,0,0,0,0,0,2425,55.799679,12.3954637993926
"426",142,142,3,45.0570718587201,82.5392342547145,87.9157252361208,91.8569505394568,98.068809423468,103.753876655217,115.475853957772,120.040070526346,129.804296521857,1,1,1,NA,NA,NA,NA,NA,0.277777777777778,0.166666666666667,0.111111111111111,0,0,0,0,0,0,0,0,0,0,0,0,0,2426,40.97771,-4.07936185872007
"427",143,143,1,41.4753856617754,78.9267757897053,84.2988527562536,88.2368423753658,94.4436014205593,100.124001301184,111.83635504403,116.396824462312,126.153034181265,1,1,1,1,NA,NA,NA,NA,0.5,0.416666666666667,0.25,0.0833333333333333,0,0,0,0,0,0,0,0,0,0,0,0,2427,61.902523,20.4271373382246
"428",143,143,2,46.5704482563141,84.021838384244,89.3939153507922,93.3319049699045,99.538664015098,105.219063895723,116.931417638569,121.491887056851,131.248096775804,1,1,1,NA,NA,NA,NA,NA,0.277777777777778,0.166666666666667,0.111111111111111,0,0,0,0,0,0,0,0,0,0,0,0,0,2428,40.765964,-5.80448425631408
"429",143,143,3,41.4238268199285,78.8752169478584,84.2472939144067,88.1852835335189,94.3920425787124,100.072442459337,111.784796202183,116.345265620466,126.101475339418,1,1,1,1,NA,NA,NA,NA,0.545454545454545,0.454545454545455,0.272727272727273,0.0909090909090909,0,0,0,0,0,0,0,0,0,0,0,0,2429,65.076283,23.6524561800715
"430",144,144,1,47.3453471814902,84.781206575186,90.1510557926609,94.0874123650429,100.291597526467,105.969641799447,117.677138540921,122.235716776039,131.987880687886,1,1,1,NA,NA,NA,NA,NA,0.444444444444444,0.333333333333333,0.111111111111111,0,0,0,0,0,0,0,0,0,0,0,0,0,2430,71.00245,23.6571028185098
"431",144,144,2,48.7806630434877,86.2165224371835,91.5863716546584,95.5227282270404,101.726913388465,107.404957661445,119.112454402919,123.671032638036,133.423196549884,1,1,1,NA,NA,NA,NA,NA,0.266666666666667,0.133333333333333,0.0666666666666667,0,0,0,0,0,0,0,0,0,0,0,0,0,2431,51.825632,3.04496895651226
"432",144,144,3,44.1360435013723,81.571902895068,86.941752112543,90.878108684925,97.0822938463493,102.760338119329,114.467834860803,119.026413095921,128.778577007768,1,1,1,NA,NA,NA,NA,NA,0.625,0.5,0.25,0,0,0,0,0,0,0,0,0,0,0,0,0,2432,73.406236,29.2701924986277
"433",145,145,1,49.3838011734046,86.8139301676528,92.1829574090468,96.1187114336072,102.321946905087,107.999122025808,119.704826671844,124.262707114133,134.013378238167,1,1,1,NA,NA,NA,NA,NA,0.666666666666667,0.333333333333333,0.166666666666667,0,0,0,0,0,0,0,0,0,0,0,0,0,2433,78.127924,28.7441228265954
"434",145,145,2,50.5204821146325,87.9506111088807,93.3196383502747,97.2553923748351,103.458627846315,109.135802967036,120.841507613072,125.399388055361,135.150059179394,1,1,NA,NA,NA,NA,NA,NA,0.375,0.25,0,0,0,0,0,0,0,0,0,0,0,0,0,0,2434,73.802439,23.2819568853675
"435",145,145,3,49.4791815540984,86.9093105483466,92.2783377897406,96.214091814301,102.417327285781,108.094502406502,119.800207052537,124.358087494827,134.10875861886,1,1,1,NA,NA,NA,NA,NA,0.444444444444444,0.222222222222222,0.111111111111111,0,0,0,0,0,0,0,0,0,0,0,0,0,2435,69.731453,20.2522714459016
"436",146,146,1,48.6031114543145,86.0217314830331,91.3891078631795,95.323651727406,101.524979836418,107.200409346997,118.902514738772,123.458993730136,133.206666730977,1,1,1,NA,NA,NA,NA,NA,0.5,0.25,0.125,0,0,0,0,0,0,0,0,0,0,0,0,0,2436,73.724886,25.1217745456855
"437",146,146,2,49.5688929825208,86.9875130112394,92.3548893913859,96.2894332556124,102.490761364624,108.166190875204,119.868296266978,124.424775258343,134.172448259183,1,1,1,NA,NA,NA,NA,NA,0.285714285714286,0.142857142857143,0.0714285714285714,0,0,0,0,0,0,0,0,0,0,0,0,0,2437,53.332286,3.7633930174792
"438",146,146,3,44.6370971086196,82.0557171373383,87.4230935174847,91.3576373817112,97.5589654907233,103.234395001303,114.936500393077,119.492979384441,129.240652385282,1,1,1,NA,NA,NA,NA,NA,0.625,0.5,0.25,0,0,0,0,0,0,0,0,0,0,0,0,0,2438,72.946188,28.3090908913804
"439",147,147,1,49.4797013397532,86.8580355980519,92.2196333339715,96.1499411753115,102.344592787961,108.013911997035,119.703418625657,124.254992004082,133.99217042986,1,1,1,NA,NA,NA,NA,NA,0.5,0.25,0.125,0,0,0,0,0,0,0,0,0,0,0,0,0,2439,74.641112,25.1614106602468
"440",147,147,2,49.8928159541511,87.2711502124498,92.6327479483693,96.5630557897094,102.757707402359,108.427026611433,120.116533240055,124.66810661848,134.405285044258,1,1,1,NA,NA,NA,NA,NA,0.222222222222222,0.111111111111111,0.0555555555555556,0,0,0,0,0,0,0,0,0,0,0,0,0,2440,42.093374,-7.79944195415107
"441",147,147,3,41.9597486110772,79.3380828693759,84.6996806052954,88.6299884466355,94.8246400592854,100.493959268359,112.183465896981,116.735039275406,126.472217701184,1,1,1,1,NA,NA,NA,NA,0.333333333333333,0.222222222222222,0.166666666666667,0.0555555555555556,0,0,0,0,0,0,0,0,0,0,0,0,2441,42.726473,0.766724388922803
"442",148,148,1,42.1440526530071,79.4949750320804,84.8526407717645,88.780066271609,94.9701749573143,100.635336498677,112.316270478189,116.864505902095,126.594543443607,1,1,1,1,NA,NA,NA,NA,0.75,0.5,0.375,0.125,0,0,0,0,0,0,0,0,0,0,0,0,2442,73.803379,31.6593263469929
"443",148,148,2,49.6803718497018,87.0312942287751,92.3889599684592,96.3163854683037,102.506494154009,108.171655695371,119.852589674883,124.40082509879,134.130862640302,1,1,1,NA,NA,NA,NA,NA,0.285714285714286,0.142857142857143,0.0714285714285714,0,0,0,0,0,0,0,0,0,0,0,0,0,2443,53.68433,4.00395815029817
"444",148,148,3,44.8013927390419,82.1523151181152,87.5099808577993,91.4374063576438,97.6275150433491,103.292676584711,114.973610564224,119.52184598813,129.251883529642,1,1,1,NA,NA,NA,NA,NA,0.263157894736842,0.157894736842105,0.105263157894737,0,0,0,0,0,0,0,0,0,0,0,0,0,2444,40.55481,-4.24658273904192
"445",149,149,1,41.6750622102942,78.9989366464137,84.3527225933627,88.277304019377,94.4629300927143,100.123989166013,111.79646431196,116.341406098,126.064397561836,1,1,1,1,NA,NA,NA,NA,0.375,0.3125,0.1875,0.0625,0,0,0,0,0,0,0,0,0,0,0,0,2445,47.262392,5.58732978970583
"446",149,149,2,43.2960889232602,80.6199633593798,85.9737493063288,89.8983307323431,96.0839568056804,101.745015878979,113.417491024926,117.962432810966,127.685424274802,1,1,1,1,NA,NA,NA,NA,0.333333333333333,0.222222222222222,0.166666666666667,0.0555555555555556,0,0,0,0,0,0,0,0,0,0,0,0,2446,42.926819,-0.369269923260248
"447",149,149,3,42.2483075246855,79.5721819608051,84.9259679077541,88.8505493337684,95.0361754071057,100.697234480405,112.369709626351,116.914651412392,126.637642876227,1,1,1,1,NA,NA,NA,NA,0.315789473684211,0.210526315789474,0.157894736842105,0.0526315789473684,0,0,0,0,0,0,0,0,0,0,0,0,2447,40.077073,-2.17123452468554
"448",150,150,1,41.5428656774462,78.8568281579328,84.2091923208474,88.1327315110927,94.3167148918606,99.9762705798005,111.645645912088,116.189380715681,125.909790082629,1,1,1,1,NA,NA,NA,NA,0.352941176470588,0.294117647058824,0.176470588235294,0.0588235294117647,0,0,0,0,0,0,0,0,0,0,0,0,2448,44.453425,2.91055932255376
"449",150,150,2,42.604990668907,79.9189531493935,85.2713173123082,89.1948565025535,95.3788398833213,101.038395571261,112.707770903549,117.251505707142,126.97191507409,1,1,1,1,NA,NA,NA,NA,0.333333333333333,0.222222222222222,0.166666666666667,0.0555555555555556,0,0,0,0,0,0,0,0,0,0,0,0,2449,41.06468,-1.54031066890703
"450",150,150,3,41.7825543671224,79.0965168476089,84.4488810105236,88.3724202007689,94.5564035815367,100.215959269477,111.885334601765,116.429069405357,126.149478772305,1,1,1,1,NA,NA,NA,NA,0.428571428571429,0.285714285714286,0.214285714285714,0.0714285714285714,0,0,0,0,0,0,0,0,0,0,0,0,2450,55.819463,14.0369086328776
"451",151,151,1,45.3698330541171,82.6432807425601,87.989833410083,91.9091124959652,98.0863814249832,103.739792074806,115.396497020905,119.935298323512,129.645153454514,1,1,1,NA,NA,NA,NA,NA,0.333333333333333,0.2,0.133333333333333,0,0,0,0,0,0,0,0,0,0,0,0,0,2451,51.740618,6.37078494588286
"452",151,151,2,44.3923268373022,81.6657745257451,87.0123271932681,90.9316062791503,97.1088752081682,102.762285857991,114.41899080409,118.957792106697,128.667647237699,1,1,1,NA,NA,NA,NA,NA,0.357142857142857,0.285714285714286,0.142857142857143,0,0,0,0,0,0,0,0,0,0,0,0,0,2452,54.749123,10.3567961626978
"453",151,151,3,45.1133231832822,82.3867708717251,87.7333235392481,91.6526026251303,97.8298715541482,103.483282203971,115.13998715007,119.678788452677,129.388643583679,1,1,1,NA,NA,NA,NA,NA,0.277777777777778,0.166666666666667,0.111111111111111,0,0,0,0,0,0,0,0,0,0,0,0,0,2453,41.597387,-3.51593618328221
"454",152,152,1,42.0022410974098,79.2264171572407,84.5659022371449,88.4800004429228,94.6491036636583,100.295041091463,111.936337083667,116.46913856211,126.166158272577,1,1,1,1,NA,NA,NA,NA,0.352941176470588,0.235294117647059,0.176470588235294,0.0588235294117647,0,0,0,0,0,0,0,0,0,0,0,0,2454,44.932632,2.93039090259024
"455",152,152,2,42.8006948245559,80.0248708843868,85.364355964291,89.278454170069,95.4475573908044,101.09349481861,112.734790810813,117.267592289256,126.964611999723,1,1,1,1,NA,NA,NA,NA,0.4,0.266666666666667,0.2,0.0666666666666667,0,0,0,0,0,0,0,0,0,0,0,0,2455,51.248084,8.44738917544411
"456",152,152,3,44.3126065995567,81.5367826593876,86.8762677392918,90.7903659450698,96.9594691658052,102.60540659361,114.246702585814,118.779504064257,128.476523774724,1,1,1,NA,NA,NA,NA,NA,0.294117647058824,0.235294117647059,0.117647058823529,0,0,0,0,0,0,0,0,0,0,0,0,0,2456,45.89702,1.58441340044329
"457",153,153,1,43.0400160254182,80.252712800884,85.5905512770462,89.5034424434457,95.6706432207252,101.314839540248,112.952545560524,117.483949202328,127.177978521643,1,1,1,1,NA,NA,NA,NA,0.333333333333333,0.222222222222222,0.166666666666667,0.0555555555555556,0,0,0,0,0,0,0,0,0,0,0,0,2457,43.442057,0.402040974581823
"458",153,153,2,42.4515926129162,79.664289388382,85.0021278645442,88.9150190309437,95.0822198082232,100.726416127746,112.364122148022,116.895525789826,126.589555109141,1,1,1,1,NA,NA,NA,NA,0.352941176470588,0.235294117647059,0.176470588235294,0.0588235294117647,0,0,0,0,0,0,0,0,0,0,0,0,2458,44.204759,1.75316638708384
"459",153,153,3,42.6344025833972,79.8470993588631,85.1849378350253,89.0978290014247,95.2650297787042,100.909226098227,112.546932118503,117.078335760307,126.772365079622,0,1,1,1,NA,NA,NA,NA,0,0.8,0.6,0.2,0,0,0,0,0,0,0,0,0,0,0,0,2459,83.233124,40.5987214166028
"460",154,154,1,52.031971254666,89.2644107409541,94.6050811376859,98.5200482374487,104.690520942647,110.337711716897,121.981591970285,126.515399689177,136.214572049285,1,1,NA,NA,NA,NA,NA,NA,0.166666666666667,0.0555555555555556,0,0,0,0,0,0,1,0,0,0,0,0,0,0,2460,40.678046,-11.353925254666
"461",154,154,2,41.7933771760814,79.0258166623695,84.3664870591013,88.2814541588642,94.4519268640629,100.099117638313,111.7429978917,116.276805610593,125.975977970701,1,1,1,1,NA,NA,NA,NA,0.545454545454545,0.454545454545455,0.272727272727273,0.0909090909090909,0,0,0,0,1,0,0,0,0,0,0,0,2461,63.953053,22.1596758239186
"462",154,154,3,47.3932576145385,84.6256971008266,89.9663674975584,93.8813345973212,100.05180730252,105.69899807677,117.342878330157,121.87668604905,131.575858409158,1,1,1,NA,NA,NA,NA,NA,0.333333333333333,0.25,0.0833333333333333,0,0,0,0,0,0,0,0,0,0,0,0,0,2462,60.44237,13.0491123854615
"463",155,155,1,46.587873521735,83.7968270668834,89.1341286091348,93.0466261772704,99.2132065949704,104.856835164004,116.493370545822,121.024318373107,130.717372568671,1,1,1,NA,NA,NA,NA,NA,0.384615384615385,0.230769230769231,0.153846153846154,0,0,0,0,0,0,0,0,0,0,0,0,0,2463,57.767842,11.179968478265
"464",155,155,2,45.9430471396323,83.1520006847808,88.4893022270321,92.4017997951678,98.5683802128678,104.212008781902,115.84854416372,120.379491991004,130.072546186568,1,1,1,NA,NA,NA,NA,NA,0.227272727272727,0.136363636363636,0.0909090909090909,0,0,0,0,0,0,0,0,0,0,0,0,0,2464,30.645482,-15.2975651396323
"465",155,155,3,39.4038696575178,76.6128232026663,81.9501247449176,85.8626223130533,92.0292027307533,97.6728312997873,109.309366681605,113.84031450889,123.533368704454,1,1,1,1,NA,NA,NA,NA,0.368421052631579,0.263157894736842,0.210526315789474,0.105263157894737,0,0,0,0,0,0,0,0,0,0,0,0,2465,37.736678,-1.66719165751783
"466",156,156,1,41.081365665825,78.2528342225709,83.5847588684747,87.4933149141542,93.6536830046206,99.2916260777914,110.916438598516,115.442821865108,125.126111098493,1,1,1,1,NA,NA,NA,NA,0.461538461538462,0.384615384615385,0.307692307692308,0.153846153846154,0,0,0,0,0,0,0,0,0,0,0,0,2466,58.479285,17.397919334175
"467",156,156,2,46.0809144704991,83.2523830272449,88.5843076731487,92.4928637188282,98.6532318092947,104.291174882465,115.91598740319,120.442370669782,130.125659903167,1,1,1,NA,NA,NA,NA,NA,0.3125,0.1875,0.125,0,0,0,0,0,0,0,0,0,0,0,0,0,2467,49.852765,3.77185052950092
"468",156,156,3,44.0016817224411,81.1731502791869,86.5050749250907,90.4136309707702,96.5739990612367,102.211942134407,113.836754655132,118.363137921724,128.046427155109,1,1,1,1,NA,NA,NA,NA,0.5,0.333333333333333,0.25,0.0833333333333333,0,0,0,0,0,0,0,0,0,0,0,0,2468,60.436044,16.4343622775589
"469",157,157,1,46.5775549168073,83.7133740034621,89.0401850421943,92.9449925689892,99.0994525297391,104.73198850734,116.34565219746,120.867694415093,130.541696844826,1,1,1,NA,NA,NA,NA,NA,0.416666666666667,0.25,0.166666666666667,0,0,0,0,0,0,0,0,0,0,0,0,0,2469,61.910472,15.3329170831927
"470",157,157,2,46.930947473189,84.0667665598438,89.3935775985759,93.2983851253709,99.4528450861207,105.085381063722,116.699044753841,121.221086971474,130.895089401208,1,1,1,NA,NA,NA,NA,NA,0.263157894736842,0.157894736842105,0.105263157894737,0,0,0,0,0,0,0,0,0,0,0,0,0,2470,38.03642,-8.89452747318895
"471",157,157,3,41.2087879187932,78.344607005448,83.6714180441801,87.5762255709751,93.730685531725,99.3632215093257,110.976885199445,115.498927417079,125.172929846812,1,1,1,1,NA,NA,NA,NA,0.5,0.416666666666667,0.25,0.166666666666667,0,0,0,0,0,0,0,0,0,0,0,0,2471,60.441806,19.2330180812068
"472",158,158,1,46.5834743688825,83.7264950080516,89.0543390470076,92.9599038124243,99.1155572749655,104.749185540407,116.365101406754,120.88802056006,130.563899017797,1,1,1,NA,NA,NA,NA,NA,0.454545454545455,0.272727272727273,0.181818181818182,0,0,0,0,0,0,0,0,0,0,0,0,0,2472,62.66155,16.0780756311175
"473",158,158,2,47.1163107412446,84.2593313804136,89.5871754193696,93.4927401847864,99.6483936473276,105.282021912769,116.897937779116,121.420856932422,131.096735390159,1,1,1,NA,NA,NA,NA,NA,0.454545454545455,0.272727272727273,0.181818181818182,0,0,0,0,0,0,0,0,0,0,0,0,0,2473,63.999755,16.8834442587554
"474",158,158,3,47.4375389088516,84.5805595480207,89.9084035869767,93.8139683523934,99.9696218149346,105.603250080376,117.219165946723,121.742085100029,131.417963557766,1,1,1,NA,NA,NA,NA,NA,0.266666666666667,0.2,0.0666666666666667,0,0,0,0,0,0,0,0,0,0,0,0,0,2474,50.117092,2.67955309114838
"475",159,159,1,44.1584677085581,81.2635735981948,86.5859790952981,90.4875571491519,96.6369270608342,102.264804646848,113.868863250833,118.387165511278,128.053167052654,1,1,1,1,NA,NA,NA,NA,1,0.8,0.6,0.2,0,0,0,0,0,0,0,0,0,0,0,0,2475,83.854621,39.6961532914419
"476",159,159,2,52.1719648490865,89.2770707387232,94.5994762358264,98.5010542896803,104.650424201363,110.278301787377,121.882360391362,126.400662651806,136.066664193182,1,1,NA,NA,NA,NA,NA,NA,0.272727272727273,0.0909090909090909,0,0,0,0,0,0,0,0,0,0,0,0,0,0,2476,64.477564,12.3055991509135
"477",159,159,3,47.5694348042407,84.6745406938774,89.9969461909807,93.8985242448345,100.047894156517,105.675771742531,117.279830346516,121.79813260696,131.464134148336,1,1,1,NA,NA,NA,NA,NA,0.333333333333333,0.25,0.0833333333333333,0,0,0,0,0,0,0,0,0,0,0,0,0,2477,62.005954,14.4365191957593
"478",160,160,1,47.0462964977264,84.1552516971944,89.4782093443944,93.3801921507048,99.5302000023549,105.158661428356,116.763923845557,121.282694837862,130.949699137049,1,1,1,NA,NA,NA,NA,NA,0.3125,0.1875,0.125,0,0,0,0,0,0,0,0,0,0,0,0,0,2478,49.566103,2.51980650227363
"479",160,160,2,44.0778319715023,81.1867871709703,86.5097448181703,90.4117276244807,96.5617354761308,102.190196902132,113.795459319333,118.314230311638,127.981234610825,0,1,1,1,NA,NA,NA,NA,0,1,0.75,0.25,0,0,0,0,0,0,0,0,0,0,0,0,2479,84.424455,40.3466230284977
"480",160,160,3,52.3959204562142,89.5048756556823,94.8278333028822,98.7298161091927,104.879823960843,110.508285386844,122.113547804045,126.63231879635,136.299323095537,1,1,NA,NA,NA,NA,NA,NA,0.103448275862069,0.0344827586206897,0,0,0,0,0,0,1,0,0,0,0,0,0,0,2480,9.244882,-43.1510384562142
"481",161,161,1,34.4982802808889,71.6606677674455,76.9912898126227,80.898890989604,87.0577540888179,92.6943198002982,104.316292354173,108.841569815541,118.522493400416,1,1,1,1,1,NA,NA,NA,0.75,0.583333333333333,0.5,0.333333333333333,0.166666666666667,0,0,0,1,0,0,0,0,0,0,0,2481,60.064713,25.5664327191111
"482",161,161,2,46.5509778257872,83.7133653123438,89.0439873575209,92.9515885345023,99.1104516337162,104.747017345196,116.368989899072,120.894267360439,130.575190945314,1,1,1,NA,NA,NA,NA,NA,0.384615384615385,0.230769230769231,0.153846153846154,0,0,0,0,0,0,0,0,0,0,0,0,0,2482,57.271699,10.7207211742128
"483",161,161,3,45.8885719830628,83.0509594696194,88.3815815147966,92.2891826917779,98.4480457909918,104.084611502472,115.706584056347,120.231861517715,129.91278510259,1,1,1,NA,NA,NA,NA,NA,0.277777777777778,0.166666666666667,0.111111111111111,0,0,0,0,0,0,0,0,0,0,0,0,0,2483,42.695538,-3.19303398306279
"484",162,162,1,42.4650500793755,79.5865434715306,84.9112996136838,88.8146008029027,94.966686589193,100.597049732273,112.206233278905,116.7265310515,126.396801590924,1,1,1,1,NA,NA,NA,NA,0.352941176470588,0.235294117647059,0.176470588235294,0.0588235294117647,0,0,0,0,0,0,0,0,0,0,0,0,2484,45.883839,3.41878892062452
"485",162,162,2,43.2280125558246,80.3495059479797,85.6742620901329,89.5775632793518,95.7296490656421,101.360012208722,112.969195755354,117.489493527949,127.159764067373,1,1,1,1,NA,NA,NA,NA,0.545454545454545,0.363636363636364,0.272727272727273,0.0909090909090909,0,0,0,0,0,0,0,0,0,0,0,0,2485,65.589111,22.3610984441754
"486",162,162,3,47.9434967978152,85.0649901899704,90.3897463321236,94.2930475213425,100.445133307633,106.075496450713,117.684679997345,122.20497776994,131.875248309364,1,1,1,NA,NA,NA,NA,NA,0.307692307692308,0.230769230769231,0.0769230769230769,0,0,0,0,0,0,0,0,0,0,0,0,0,2486,59.319796,11.3762992021848
"487",163,163,1,46.4431956645118,83.5249771083781,88.8440369161103,92.7431624194713,98.8886668080244,104.513006683462,116.109770921102,120.625232955288,130.285158402193,1,1,1,NA,NA,NA,NA,NA,0.277777777777778,0.166666666666667,0.111111111111111,0,0,0,0,0,0,0,0,0,0,0,0,0,2487,42.666434,-3.77676166451175
"488",163,163,2,42.4508662666624,79.5326477105287,84.8517075182609,88.750833021622,94.8963374101751,100.520677285613,112.117441523252,116.632903557439,126.292829004343,1,1,1,1,NA,NA,NA,NA,0.193548387096774,0.129032258064516,0.0967741935483871,0.032258064516129,0,0,0,0,0,0,0,0,0,0,0,0,2488,2.116282,-40.3345842666624
"489",163,163,3,32.7297322447839,69.8115136886502,75.1305734963824,79.0296989997434,85.1752033882965,90.799543263734,102.396307501374,106.911769535561,116.571694982465,1,1,1,1,1,NA,NA,NA,0.290322580645161,0.225806451612903,0.193548387096774,0.129032258064516,0.0645161290322581,0,0,0,0,0,0,0,0,0,0,0,2489,1.472152,-31.2575802447839
"490",164,164,1,32.5131370600934,69.6362192346509,74.9612032738546,78.8646715225228,85.017020615182,90.6476247351479,102.257305149358,106.777796388566,116.448480811006,1,1,1,1,1,NA,NA,NA,0.75,0.666666666666667,0.5,0.333333333333333,0.166666666666667,0,0,0,0,0,0,0,0,0,0,0,2490,60.043201,27.5300639399066
"491",164,164,2,46.5916544486469,83.7147366232044,89.0397206624081,92.9431889110762,99.0955380037355,104.726142123701,116.335822537912,120.856313777119,130.526998199559,1,1,1,NA,NA,NA,NA,NA,0.3125,0.1875,0.125,0,0,0,0,0,0,0,0,0,0,0,0,0,2491,48.89387,2.30221555135314
"492",164,164,3,43.9117289046424,81.0348110791999,86.3597951184036,90.2632633670718,96.415612459731,102.046216579697,113.655896993907,118.176388233115,127.847072655554,1,1,1,1,NA,NA,NA,NA,0.3,0.2,0.15,0.05,0,0,0,0,0,0,0,0,0,0,0,0,2492,36.434982,-7.47674690464238
"493",165,165,1,40.9609596312838,78.0625601900943,83.3844628779046,87.2856723484733,93.4344613272787,99.0618072459573,110.664769610938,115.182645025971,124.847733417192,1,1,1,1,NA,NA,NA,NA,0.35,0.25,0.2,0.1,0,0,0,0,0,0,0,0,0,0,0,0,2493,36.661146,-4.29981363128384
"494",165,165,2,41.0152099602333,78.1168105190438,83.438713206854,87.3399226774227,93.4887116562281,99.1160575749067,110.719019939887,115.23689535492,124.901983746142,1,1,1,1,NA,NA,NA,NA,0.4375,0.3125,0.25,0.125,0,0,0,0,0,0,0,0,0,0,0,0,2494,47.726013,6.71080303976674
"495",165,165,3,43.6693577226159,80.7709582814264,86.0928609692367,89.9940704398054,96.1428594186108,101.770205337289,113.37316770227,117.891043117303,127.556131508524,0,0,0,1,NA,NA,NA,NA,0,0,0,1,0,0,0,0,0,0,0,0,0,0,0,0,2495,93.91063,50.2412722773841
"496",166,166,1,54.7975630708545,91.902865397478,97.2252990717626,101.126897780839,107.27630024771,112.904207628096,124.508327664766,129.026653845414,138.692706559268,1,NA,NA,NA,NA,NA,NA,NA,0.125,0,0,0,0,0,0,0,1,1,1,0,0,0,0,0,2496,47.033323,-7.76424007085455
"497",166,166,2,43.5104860314607,80.6157883580842,85.9382220323688,89.8398207414456,95.9892232083158,101.617130588702,113.221250625372,117.73957680602,127.405629519874,1,1,1,1,NA,NA,NA,NA,0.461538461538462,0.307692307692308,0.230769230769231,0.0769230769230769,0,0,0,0,1,1,1,0,0,0,0,0,2497,58.184088,14.6736019685393
"498",166,166,3,46.1953574896948,83.3006598163182,88.6230934906028,92.5246921996797,98.6740946665499,104.302002046936,115.906122083606,120.424448264254,130.090500978108,1,1,1,NA,NA,NA,NA,NA,0.263157894736842,0.157894736842105,0.105263157894737,0,0,0,0,0,0,1,1,0,0,0,0,0,2498,39.887116,-6.30824148969479
"499",167,167,1,41.8330095705569,78.901391476277,84.2185292365234,88.1162457870541,94.2595294915603,99.8818370062597,111.474410741752,115.988241109298,125.644675932654,1,1,1,1,NA,NA,NA,NA,0.4,0.333333333333333,0.2,0.0666666666666667,0,0,0,0,0,0,0,0,0,0,0,0,2499,52.855413,11.0224034294431
"500",167,167,2,44.9334132175015,82.0017951232217,87.3189328834681,91.2166494339988,97.359933138505,102.982240653204,114.574814388697,119.088644756242,128.745079579598,1,1,1,NA,NA,NA,NA,NA,0.3125,0.25,0.125,0,0,0,0,0,0,0,0,0,0,0,0,0,2500,49.859485,4.9260717824985
"501",167,167,3,44.2171598731199,81.2855417788401,86.6026795390865,90.5003960896172,96.6436797941234,102.265987308823,113.858561044315,118.372391411861,128.028826235217,1,1,1,1,NA,NA,NA,NA,0.263157894736842,0.210526315789474,0.157894736842105,0.0526315789473684,0,0,0,0,0,0,0,0,0,0,0,0,2501,39.864199,-4.35296087311993
"502",168,168,1,41.8487925119525,78.9160437628741,84.2330193404997,88.1306170034045,94.2737133262976,99.8958493501294,111.488069490497,116.001762177796,125.657902461876,1,1,1,1,NA,NA,NA,NA,0.315789473684211,0.263157894736842,0.157894736842105,0.0526315789473684,0,0,0,0,0,0,0,0,0,0,0,0,2502,38.032273,-3.81651951195248
"503",168,168,2,41.4117778082213,78.4790290591429,83.7960046367685,87.6936022996733,93.8366986225664,99.4588346463982,111.051054786766,115.564747474065,125.220887758145,1,1,1,1,NA,NA,NA,NA,0.333333333333333,0.277777777777778,0.166666666666667,0.0555555555555556,0,0,0,0,0,0,0,0,0,0,0,0,2503,42.721595,1.30981719177873
"504",168,168,3,42.5304379858323,79.5976892367539,84.9146648143795,88.8122624772843,94.9553588001774,100.577494824009,112.169714964377,116.683407651676,126.339547935756,1,1,1,1,NA,NA,NA,NA,0.333333333333333,0.222222222222222,0.166666666666667,0.0555555555555556,0,0,0,0,0,0,0,0,0,0,0,0,2504,40.768174,-1.76226398583228
"505",169,169,1,42.109866477167,79.1265469255303,84.4362685603069,88.3285487358014,94.4632640403896,100.077729791374,111.654134680916,116.161669343166,125.804635767645,1,1,1,1,NA,NA,NA,NA,0.428571428571429,0.285714285714286,0.214285714285714,0.0714285714285714,0,0,0,0,0,0,0,0,0,0,0,0,2505,54.689831,12.579964522833
"506",169,169,2,45.4038548880221,82.4205353363855,87.7302569711621,91.6225371466565,97.7572524512448,103.371718202229,114.948123091771,119.455657754021,129.0986241785,1,1,1,NA,NA,NA,NA,NA,0.333333333333333,0.2,0.133333333333333,0,0,0,0,0,0,0,0,0,0,0,0,0,2506,51.005459,5.60160411197786
"507",169,169,3,44.5320995596672,81.5487800080305,86.8585016428072,90.7507818183016,96.8854971228899,102.499962873874,114.076367763416,118.583902425666,128.226868850145,1,1,1,NA,NA,NA,NA,NA,0.2,0.16,0.08,0,0,0,0,0,0,0,0,0,0,0,0,0,2507,21.270517,-23.2615825596672
"508",170,170,1,37.4831499815276,74.5064669419931,79.817140526849,83.7101185273287,89.8459336904637,95.4614060273827,107.039886385342,111.548229178088,121.192924435693,1,1,1,1,1,NA,NA,NA,0.470588235294118,0.352941176470588,0.294117647058824,0.176470588235294,0.0588235294117647,0,0,0,0,0,0,0,0,0,0,0,2508,44.299052,6.81590201847236
"509",170,170,2,42.9332413353947,79.9565582958601,85.2672318807161,89.1602098811958,95.2960250443308,100.91149738125,112.489977739209,116.998320531955,126.64301578956,1,1,1,1,NA,NA,NA,NA,0.375,0.25,0.1875,0.0625,0,0,0,0,0,0,0,0,0,0,0,0,2509,49.124161,6.19091966460529
"510",170,170,3,44.0751847913013,81.0985017517667,86.4091753366227,90.3021533371024,96.4379685002374,102.053440837156,113.631921195115,118.140263987861,127.784959245466,1,1,1,1,NA,NA,NA,NA,0.5,0.333333333333333,0.25,0.0833333333333333,0,0,0,0,0,0,0,0,0,0,0,0,2510,59.727386,15.6522012086987
"511",171,171,1,46.5880556782485,83.5823337339604,88.8888419398858,92.7787665181806,98.9097691100299,104.520837001866,116.09023588318,120.595042597916,130.232173125779,1,1,1,NA,NA,NA,NA,NA,0.555555555555556,0.333333333333333,0.222222222222222,0,0,0,0,0,0,0,0,0,0,0,0,0,2511,70.399908,23.8118523217515
"512",171,171,2,49.0992654676536,86.0935435233656,91.4000517292909,95.2899763075858,101.420978899435,107.032046791271,118.601445672585,123.106252387321,132.743382915184,1,1,1,NA,NA,NA,NA,NA,0.2,0.1,0.05,0,0,0,0,0,0,0,0,0,0,0,0,0,2512,37.378856,-11.7204094676536
"513",171,171,3,41.3295191004073,78.3237971561192,83.6303053620445,87.5202299403394,93.6512325321887,99.2623004240248,110.831699305339,115.336506020075,124.973636547938,0,0,1,1,NA,NA,NA,NA,0,0,1,0.666666666666667,0,0,0,0,0,0,0,0,0,0,0,0,2513,88.77141,47.4418908995927
"514",172,172,1,53.4990098524365,90.5010838252016,95.8087102877869,99.6994546017531,105.831749198479,111.443999527767,123.015836463795,127.521592490191,137.160753879965,1,1,NA,NA,NA,NA,NA,NA,0.214285714285714,0.0714285714285714,0,0,0,0,0,0,1,1,0,0,0,0,0,0,2514,53.899469,0.400459147563488
"515",172,172,2,45.2691826877835,82.2712566605486,87.5788831231339,91.4696274371,97.601922033826,103.214172363114,114.786009299142,119.291765325538,128.930926715311,1,1,1,NA,NA,NA,NA,NA,0.333333333333333,0.2,0.133333333333333,0,0,0,0,0,1,1,0,0,0,0,0,0,2515,53.037482,7.76829931221653
"516",172,172,3,45.0657525423787,82.0678265151438,87.3754529777291,91.2661972916952,97.3984918884212,103.010742217709,114.582579153737,119.088335180133,128.727496569907,1,1,1,NA,NA,NA,NA,NA,0.5,0.4,0.2,0,0,0,0,0,0,0,0,0,0,0,0,0,2516,66.024176,20.9584234576213
"517",173,173,1,48.1296791885341,85.1210751340449,90.4271699262685,94.3167914525268,100.447316396857,106.057947147685,117.626444692785,122.130900451912,131.767280180633,1,1,1,NA,NA,NA,NA,NA,0.25,0.1875,0.0625,0,0,0,0,0,0,0,0,0,0,0,0,0,2517,48.622741,0.493061811465878
"518",173,173,2,44.0213966268416,81.0127925723524,86.3188873645761,90.2085088908343,96.339033835165,101.949664585993,113.518162131092,118.022617890219,127.658997618941,1,1,1,1,NA,NA,NA,NA,0.333333333333333,0.222222222222222,0.166666666666667,0.0555555555555556,0,0,0,0,0,0,0,0,0,0,0,0,2518,42.987452,-1.03394462684165
"519",173,173,3,42.6909684449821,79.6823643904929,84.9884591827165,88.8780807089748,95.0086056533055,100.619236404133,112.187733949233,116.69218970836,126.328569437081,1,1,1,1,NA,NA,NA,NA,0.193548387096774,0.129032258064516,0.0967741935483871,0.032258064516129,0,0,0,0,0,0,0,0,0,0,0,0,2519,1.168534,-41.5224344449821
"520",174,174,1,32.7750671515207,69.7163767759047,75.0152871199371,78.8996421016964,85.0218663200559,90.6249002812432,102.177734089731,106.676090819289,116.299422897408,0,1,1,1,1,NA,NA,NA,0,0.875,0.75,0.5,0.375,0,0,0,0,0,0,0,0,0,0,0,2520,74.277121,41.5020538484793
"521",174,174,2,50.0505354009689,86.9918450253529,92.2907553693853,96.1751103511446,102.297334569504,107.900368530691,119.453202339179,123.951559068737,133.574891146856,1,1,1,NA,NA,NA,NA,NA,0.444444444444444,0.222222222222222,0.111111111111111,0,0,0,0,0,1,0,0,0,0,0,0,0,2521,71.461775,21.4112395990311
"522",174,174,3,49.3852726400539,86.3265822644379,91.6254926084704,95.5098475902297,101.632071808589,107.235105769776,118.787939578264,123.286296307822,132.909628385941,1,1,1,NA,NA,NA,NA,NA,0.666666666666667,0.333333333333333,0.166666666666667,0,0,0,0,0,1,0,0,0,0,0,0,0,2522,78.462932,29.0776593599461
"523",175,175,1,51.123257401986,88.0844497148815,93.3862120580686,97.2726576917554,103.398177036313,109.004226683195,120.563278500691,125.064056352472,134.692567936031,1,1,NA,NA,NA,NA,NA,NA,0.1875,0.125,0,0,0,0,0,0,0,0,0,0,0,0,0,0,2523,49.735641,-1.38761640198599
"524",175,175,2,44.3162395917317,81.2774319046273,86.5791942478143,90.4656398815011,96.5911592260586,102.19720887294,113.756260690437,118.257038542218,127.885550125776,1,1,1,1,NA,NA,NA,NA,0.263157894736842,0.210526315789474,0.157894736842105,0.0526315789473684,0,0,0,0,0,0,0,0,0,0,0,0,2524,38.564827,-5.75141259173171
"525",175,175,3,41.6692816919061,78.6304740048017,83.9322363479888,87.8186819816756,93.944201326233,99.5502509731148,111.109302790611,115.610080642392,125.238592225951,1,1,1,1,NA,NA,NA,NA,0.4,0.333333333333333,0.2,0.0666666666666667,0,0,0,0,0,0,0,0,0,0,0,0,2525,50.428061,8.75877930809386
"526",176,176,1,44.4877099132172,81.441114145152,86.7417593556986,90.6273860776742,96.751614716018,102.356483113979,113.91309932738,118.412928821705,128.039411584681,1,1,1,1,NA,NA,NA,NA,0.333333333333333,0.266666666666667,0.133333333333333,0.0666666666666667,0,0,0,0,0,0,0,0,0,0,0,0,2526,52.724516,8.23680608678279
"527",176,176,2,45.0313979150986,81.9848021470334,87.28544735758,91.1710740795556,97.2953027178994,102.900171115861,114.456787329261,118.956616823587,128.583099586562,1,1,1,NA,NA,NA,NA,NA,0.3125,0.25,0.125,0,0,0,0,0,0,0,0,0,0,0,0,0,2527,47.803319,2.77192108490141
"528",176,176,3,43.8662996380609,80.8197038699957,86.1203490805423,90.0059758025179,96.1302044408617,101.735072838823,113.291689052223,117.791518546549,127.418001309524,1,1,1,1,NA,NA,NA,NA,0.193548387096774,0.129032258064516,0.0967741935483871,0.032258064516129,0,0,0,0,0,0,0,0,0,0,0,0,2528,1.187707,-42.6785926380609
"529",177,177,1,32.8098205830368,69.7636109627016,75.0643115627897,78.9499788879511,85.0742715219412,90.6791984884499,102.235935463691,106.735811979367,116.36239533509,1,1,1,1,1,NA,NA,NA,0.529411764705882,0.411764705882353,0.352941176470588,0.235294117647059,0.117647058823529,0,0,0,0,0,0,0,0,0,0,0,2529,44.761374,11.9515534169632
"530",177,177,2,43.0953689768679,80.0491593565327,85.3498599566208,89.2355272817822,95.3598199157723,100.964746882281,112.521483857522,117.021360373198,126.647943728921,1,1,1,1,NA,NA,NA,NA,0.3,0.2,0.15,0.05,0,0,0,0,0,0,0,0,0,0,0,0,2530,36.996287,-6.09908197686791
"531",177,177,3,41.2624229886221,78.2162133682869,83.516913968375,87.4025812935364,93.5268739275265,99.1318008940352,110.688537869276,115.188414384952,124.814997740675,1,1,1,1,NA,NA,NA,NA,0.352941176470588,0.294117647058824,0.235294117647059,0.117647058823529,0,0,0,0,0,0,0,0,0,0,0,0,2531,43.944631,2.6822080113779
"532",178,178,1,42.9091800360476,79.8265082412445,85.1219786587695,89.0038120097031,95.1220618257788,100.721458430643,112.266792414322,116.762228917731,126.379313757653,1,1,1,1,NA,NA,NA,NA,0.315789473684211,0.210526315789474,0.157894736842105,0.0526315789473684,0,0,0,0,0,0,0,0,0,0,0,0,2532,37.735212,-5.17396803604758
"533",178,178,2,41.4453868382862,78.3627150434831,83.6581854610081,87.5400188119418,93.6582686280174,99.2576652328817,110.802999216561,115.29843571997,124.915520559891,1,1,1,1,NA,NA,NA,NA,0.315789473684211,0.263157894736842,0.157894736842105,0.105263157894737,0,0,0,0,0,0,0,0,0,0,0,0,2533,39.612361,-1.83302583828625
"534",178,178,3,41.8879013372087,78.8052295424056,84.1006999599306,87.9825333108642,94.1007831269399,99.7001797318041,111.245513715484,115.740950218892,125.358035058814,1,1,1,1,NA,NA,NA,NA,0.545454545454545,0.454545454545455,0.272727272727273,0.0909090909090909,0,0,0,0,0,0,0,0,0,0,0,0,2534,63.761059,21.8731576627913
"535",179,179,1,47.5976161090771,84.5201071339447,89.8163181131562,93.6986943312624,99.8177997731928,105.417979443255,116.964928020414,121.460993202255,131.0794229736,1,1,1,NA,NA,NA,NA,NA,0.5,0.375,0.25,0,0,0,0,0,0,0,0,0,0,0,0,0,2535,74.319476,26.7218598909229
"536",179,179,2,50.0884829991898,87.0109740240574,92.3071850032689,96.1895612213751,102.308666663306,107.908846333368,119.455794910527,123.951860092367,133.570289863713,1,1,1,NA,NA,NA,NA,NA,0.166666666666667,0.0833333333333333,0.0416666666666667,0,0,0,0,0,0,0,0,0,0,0,0,0,2536,24.724841,-25.3636419991898
"537",179,179,3,38.3884682859308,75.3109593107984,80.6071702900099,84.4895465081161,90.6086519500465,96.2088316201092,107.755780197268,112.251845379108,121.870275150454,1,1,1,1,1,NA,NA,NA,0.225806451612903,0.193548387096774,0.129032258064516,0.0967741935483871,0.032258064516129,0,0,0,0,0,0,0,0,0,0,0,2537,1.719277,-36.6691912859308
"538",180,180,1,32.941458020405,69.8912705163069,75.1914005234833,79.0766495767218,85.2002829623918,90.8046065875993,102.360099540079,106.859491667399,116.485038771381,1,1,1,1,1,NA,NA,NA,0.5625,0.4375,0.375,0.25,0.125,0,0,0,0,0,0,0,0,0,0,0,2538,47.44981,14.508351979595
"539",180,180,2,43.7124117627041,80.6622242586059,85.9623542657823,89.8476033190208,95.9712367046909,101.575560329898,113.131053282378,117.630445409698,127.25599251368,1,1,1,1,NA,NA,NA,NA,0.352941176470588,0.235294117647059,0.176470588235294,0.0588235294117647,0,0,0,0,0,0,0,0,0,0,0,0,2539,46.56914,2.85672823729592
"540",180,180,3,43.5049867621638,80.4547992580657,85.7549292652421,89.6401783184806,95.7638117041506,101.368135329358,112.923628281837,117.423020409158,127.04856751314,1,1,1,1,NA,NA,NA,NA,0.6,0.4,0.3,0.1,0,0,0,0,0,0,0,0,0,0,0,0,2540,67.865005,24.3600182378362
"541",181,181,1,48.4968873964326,85.4414723157413,90.7408524724125,94.6255518493296,100.748318877084,106.351849615155,117.905707722411,122.404463285825,132.028648588993,1,1,1,NA,NA,NA,NA,NA,0.25,0.125,0.0625,0,0,0,0,0,0,0,0,0,0,0,0,0,2541,49.792952,1.29606460356743
"542",181,181,2,44.2541212660522,81.1987061853609,86.4980863420321,90.3827857189492,96.5055527467032,102.109083484775,113.66294159203,118.161697155445,127.785882458613,0,1,1,1,NA,NA,NA,NA,0,1,0.75,0.25,0,0,0,0,0,0,0,0,0,0,0,0,2542,86.640623,42.3865017339478
"543",181,181,3,52.9048291021901,89.8494140214988,95.14879417817,99.0334935550871,105.156260582841,110.759791320913,122.313649428168,126.812404991583,136.436590294751,1,1,NA,NA,NA,NA,NA,NA,0.1875,0.0625,0,0,0,0,0,0,1,0,0,0,0,0,0,0,2543,48.615126,-4.2897031021901
"544",182,182,1,43.9967251479168,80.9697349160508,86.2731923706576,90.1608806021731,96.288358434705,101.896200481578,113.458948028808,117.961164896419,127.592754965749,1,1,1,1,NA,NA,NA,NA,0.6,0.4,0.3,0.1,0,0,0,0,1,0,0,0,0,0,0,0,2544,68.179186,24.1824608520832
"545",182,182,2,48.6024718668004,85.5754816349344,90.8789390895412,94.7666273210566,100.894105153589,106.501947200461,118.064694747692,122.566911615302,132.198501684633,1,1,1,NA,NA,NA,NA,NA,0.129032258064516,0.0645161290322581,0.032258064516129,0,0,0,0,0,0,0,0,0,0,0,0,0,2545,1.688362,-46.9141098668004
"546",182,182,3,32.949284620704,69.922294388838,75.2257518434448,79.1134400749602,85.2409179074922,90.8487599543649,102.411507501595,106.913724369206,116.545314438537,1,1,1,1,1,NA,NA,NA,0.6,0.466666666666667,0.4,0.266666666666667,0.133333333333333,0,0,0,0,0,0,0,0,0,0,0,2546,50.4313,17.482015379296
"547",183,183,1,44.4082408841776,81.4326647365245,86.7434970954169,90.6365914848671,96.7725900914249,102.388230314996,113.967056836588,118.475534415962,128.120518022525,1,1,1,1,NA,NA,NA,NA,0.3125,0.25,0.125,0.0625,0,0,0,0,0,0,0,0,0,0,0,0,2547,49.86003,5.45178911582241
"548",183,183,2,44.2745749970207,81.2989988493675,86.6098312082599,90.5029255977101,96.638924204268,102.254564427839,113.833390949431,118.341868528805,127.986852135368,1,1,1,1,NA,NA,NA,NA,0.333333333333333,0.266666666666667,0.2,0.0666666666666667,0,0,0,0,0,0,0,0,0,0,0,0,2548,50.761975,6.48740000297935
"549",183,183,3,44.4856122974071,81.510036149754,86.8208685086464,90.7139628980966,96.8499615046544,102.465601728226,114.044428249818,118.552905829191,128.197889435755,1,1,1,1,NA,NA,NA,NA,0.277777777777778,0.222222222222222,0.111111111111111,0.0555555555555556,0,0,0,0,0,0,0,0,0,0,0,0,2549,43.62571,-0.859902297407103
"550",184,184,1,42.7869549512477,79.7610579001285,85.0646721620284,88.9524753407973,95.0801343444277,100.688142198331,112.251231621245,116.753581605874,126.385456452367,1,1,1,1,NA,NA,NA,NA,0.428571428571429,0.285714285714286,0.214285714285714,0.0714285714285714,0,0,0,0,0,0,0,0,0,0,0,0,2550,55.805856,13.0189010487524
"551",184,184,2,45.6441587281976,82.6182616770784,87.9218759389784,91.8096791177473,97.9373381213776,103.545345975281,115.108435398195,119.610785382824,129.242660229317,1,1,1,NA,NA,NA,NA,NA,0.833333333333333,0.5,0.333333333333333,0,0,0,0,0,0,0,0,0,0,0,0,0,2551,79.091489,33.4473302718024
"552",184,184,3,51.1064740860159,88.0805770348968,93.3841912967967,97.2719944755656,103.399653479196,109.007661333099,120.570750756014,125.073100740642,134.704975587135,1,1,NA,NA,NA,NA,NA,NA,0.176470588235294,0.117647058823529,0,0,0,0,0,0,0,0,0,0,0,0,0,0,2552,45.663571,-5.44290308601592
"553",185,185,1,43.2810194669127,80.2348748749659,85.535584802812,89.4212589656667,95.5455623767077,101.150499206328,112.707256518211,117.207140952417,126.833741248248,1,1,1,1,NA,NA,NA,NA,0.375,0.25,0.1875,0.0625,0,0,0,0,0,0,0,0,0,0,0,0,2553,49.972614,6.69159453308733
"554",185,185,2,44.2959231130222,81.2497785210754,86.5504884489215,90.4361626117762,96.5604660228172,102.165402852438,113.72216016432,118.222044598526,127.848644894357,1,1,1,1,NA,NA,NA,NA,0.333333333333333,0.222222222222222,0.166666666666667,0.0555555555555556,0,0,0,0,0,0,0,0,0,0,0,0,2554,42.197405,-2.0985181130222
"555",185,185,3,42.4646376133501,79.4184930214033,84.7192029492494,88.6048771121041,94.7291805231451,100.334117352766,111.890874664648,116.390759098854,126.017359394685,1,1,1,1,NA,NA,NA,NA,0.75,0.5,0.375,0.125,0,0,0,0,0,0,0,0,0,0,0,0,2555,71.98979,29.5251523866499
"556",186,186,1,49.4611603980336,86.4167366723135,91.7176934434888,95.603548554322,101.728137161773,107.333335001954,118.890630488625,123.390724473339,133.017773060455,1,1,1,NA,NA,NA,NA,NA,0.173913043478261,0.0869565217391304,0.0434782608695652,0,0,0,0,0,0,0,0,0,0,0,0,0,2556,26.998824,-22.4623363980336
"557",186,186,2,38.889115515882,75.8446917901619,81.1456485613372,85.0315036721704,91.1560922796215,96.761290119802,108.318585606474,112.818679591187,122.445728178303,1,1,1,1,1,NA,NA,NA,0.368421052631579,0.315789473684211,0.210526315789474,0.105263157894737,0.0526315789473684,0,0,0,0,0,0,0,0,0,0,0,2557,40.523424,1.63430848411801
"558",186,186,3,42.0671463724132,79.0227226466931,84.3236794178684,88.2095345287016,94.3341231361527,99.9393209763332,111.496616463005,115.996710447718,125.623759034834,0,0,1,1,NA,NA,NA,NA,0,0,0.75,0.25,0,0,0,0,0,0,0,0,0,0,0,0,2558,85.639824,43.5726776275868
"559",187,187,1,52.6330619983335,89.6269641031709,94.9334183822052,98.8233034295071,104.954243715619,110.565254585505,122.134535893889,126.639296828951,136.27632942038,1,1,NA,NA,NA,NA,NA,NA,0.103448275862069,0.0344827586206897,0,0,0,0,0,0,1,1,0,0,0,0,0,0,2559,8.407843,-44.2252189983335
"560",187,187,2,34.5508688589426,71.54477096378,76.8512252428143,80.7411102901162,86.8720505762277,92.4830614461137,104.052342754498,108.55710368956,118.194136280989,1,1,1,1,1,NA,NA,NA,1,0.777777777777778,0.666666666666667,0.444444444444444,0.222222222222222,0,0,0,1,1,0,0,0,0,0,0,2560,68.778931,34.2280621410574
"561",187,187,3,48.6854496260884,85.6793517309257,90.98580600996,94.8756910572619,101.006631343373,106.617642213259,118.186923521644,122.691684456705,132.328717048135,1,1,1,NA,NA,NA,NA,NA,0.235294117647059,0.117647058823529,0.0588235294117647,0,0,0,0,0,0,0,0,0,0,0,0,0,2561,43.884476,-4.80097362608836
"562",188,188,1,42.8508505567431,79.8946077365582,85.2082132935301,89.1033405699469,95.2425432579748,100.861115843487,112.445988569761,116.956820375463,126.606840377116,1,1,1,1,NA,NA,NA,NA,0.315789473684211,0.210526315789474,0.157894736842105,0.0526315789473684,0,0,0,0,0,0,0,0,0,0,0,0,2562,37.670307,-5.18054355674312
"563",188,188,2,41.4078251821367,78.4515823619518,83.7651879189237,87.6603151953405,93.7995178833684,99.4180904688805,111.002963195154,115.513795000856,125.163815002509,1,1,1,1,NA,NA,NA,NA,0.461538461538462,0.384615384615385,0.230769230769231,0.0769230769230769,0,0,0,0,0,0,0,0,0,0,0,0,2563,57.216854,15.8090288178633
"564",188,188,3,45.9468332630139,82.990590442829,88.3041959998009,92.1993232762177,98.3385259642456,103.957098549758,115.541971276032,120.052803081734,129.702823083387,1,1,1,NA,NA,NA,NA,NA,0.294117647058824,0.176470588235294,0.117647058823529,0,0,0,0,0,0,0,0,0,0,0,0,0,2564,44.234491,-1.7123422630139
"565",189,189,1,42.8968590266006,79.9039293415322,85.2122724860504,89.1035421621865,95.2366647947165,100.849672938904,112.423072405099,116.9294368379,126.569899791163,1,1,1,1,NA,NA,NA,NA,0.352941176470588,0.235294117647059,0.176470588235294,0.0588235294117647,0,0,0,0,0,0,0,0,0,0,0,0,2565,44.797577,1.90071797339936
"566",189,189,2,43.0268749053502,80.0339452202817,85.3422883648,89.2335580409361,95.366680673466,100.979688817653,112.553088283849,117.05945271665,126.699915669913,1,1,1,1,NA,NA,NA,NA,0.545454545454545,0.363636363636364,0.272727272727273,0.0909090909090909,0,0,0,0,0,0,0,0,0,0,0,0,2566,62.712649,19.6857740946498
"567",189,189,3,47.1634434382948,84.1705137532263,89.4788568977446,93.3701265738807,99.5032492064107,105.116257350598,116.689656816793,121.196021249595,130.836484202857,1,1,1,NA,NA,NA,NA,NA,0.714285714285714,0.428571428571429,0.285714285714286,0,0,0,0,0,0,0,0,0,0,0,0,0,2567,77.421333,30.2578895617052
"568",190,190,1,50.6148537606755,87.6425952839709,92.953903533975,96.8473467743947,102.983895213258,108.600038641052,120.17990271387,124.688784287244,134.334632157949,1,1,1,NA,NA,NA,NA,NA,0.1875,0.125,0.0625,0,0,0,0,0,0,0,0,0,0,0,0,0,2568,48.521904,-2.09294976067547
"569",190,190,2,43.9224278378779,80.9501693611733,86.2614776111775,90.1549208515972,96.2914692904603,101.907612718254,113.487476791073,117.996358364446,127.642206235151,1,1,1,1,NA,NA,NA,NA,0.4,0.266666666666667,0.2,0.0666666666666667,0,0,0,0,0,0,0,0,0,0,0,0,2569,52.554481,8.63205316212208
"570",190,190,3,44.8562775291807,81.8840190524761,87.1953273024803,91.0887705428999,97.2253189817631,102.841462409557,114.421326482375,118.930208055749,128.576055926454,1,1,1,NA,NA,NA,NA,NA,0.333333333333333,0.266666666666667,0.133333333333333,0,0,0,0,0,0,0,0,0,0,0,0,0,2570,50.812427,5.95614947081928
"571",191,191,1,44.4521152847722,81.4735853953159,86.7839940655748,90.6767778709714,96.8122869586198,102.427479176535,114.005381960217,118.513499861375,128.15771400853,1,1,1,1,NA,NA,NA,NA,0.384615384615385,0.307692307692308,0.153846153846154,0.0769230769230769,0,0,0,0,0,0,0,0,0,0,0,0,2571,57.948135,13.4960197152278
"572",191,191,2,46.1034219748452,83.1248920853889,88.4353007556478,92.3280845610444,98.4635936486928,104.078785866608,115.65668865029,120.164806551448,129.809020698603,1,1,1,NA,NA,NA,NA,NA,0.3125,0.1875,0.125,0,0,0,0,0,0,0,0,0,0,0,0,0,2572,48.692365,2.58894302515478
"573",191,191,3,43.961502080873,80.9829721914166,86.2933808616755,90.1861646670721,96.3216737547205,101.936865972636,113.514768756318,118.022886657476,127.667100804631,1,1,1,1,NA,NA,NA,NA,0.352941176470588,0.235294117647059,0.176470588235294,0.0588235294117647,0,0,0,0,0,0,0,0,0,0,0,0,2573,45.130792,1.16928991912702
"574",192,192,1,43.1559420563242,80.1501073473788,85.4565993781925,89.3465120993561,95.4774960028988,101.088546791275,112.657910407154,117.162703390497,126.799804542797,1,1,1,1,NA,NA,NA,NA,0.352941176470588,0.235294117647059,0.176470588235294,0.0588235294117647,0,0,0,0,0,0,0,0,0,0,0,0,2574,45.659553,2.50361094367585
"575",192,192,2,43.2784921180782,80.2726574091328,85.5791494399465,89.4690621611101,95.6000460646528,101.211096853029,112.780460468908,117.285253452251,126.922354604551,1,1,1,1,NA,NA,NA,NA,0.428571428571429,0.285714285714286,0.214285714285714,0.0714285714285714,0,0,0,0,0,0,0,0,0,0,0,0,2575,54.629009,11.3505168819218
"576",192,192,3,45.3573280887719,82.3514933798265,87.6579854106402,91.5478981318038,97.6788820353465,103.289932823723,114.859296439602,119.364089422945,129.001190575245,1,1,1,NA,NA,NA,NA,NA,0.333333333333333,0.2,0.133333333333333,0,0,0,0,0,0,0,0,0,0,0,0,0,2576,53.066162,7.70883391122814
"577",193,193,1,45.0004707784218,81.9799450601549,87.2843297931481,91.1726977641167,97.3012469501582,102.910069495275,114.474838721002,118.977842774788,128.611116871072,1,1,1,NA,NA,NA,NA,NA,0.454545454545455,0.363636363636364,0.181818181818182,0,0,0,0,0,0,0,0,0,0,0,0,0,2577,64.991252,19.9907812215782
"578",193,193,2,47.7839133180782,84.7633875998113,90.0677723328045,93.9561403037731,100.084689489815,105.693512034932,117.258281260658,121.761285314444,131.394559410728,1,1,1,NA,NA,NA,NA,NA,0.235294117647059,0.176470588235294,0.0588235294117647,0,0,0,0,0,0,0,0,0,0,0,0,0,2578,45.936374,-1.84753931807818
"579",193,193,3,43.3363026071181,80.3157768888512,85.6201616218444,89.508529592813,95.6370787788545,101.245901323972,112.810670549698,117.313674603484,126.946948699768,1,1,1,1,NA,NA,NA,NA,0.272727272727273,0.181818181818182,0.136363636363636,0.0454545454545455,0,0,0,0,0,0,0,0,0,0,0,0,2579,29.966815,-13.3694876071181
"580",194,194,1,39.6558603434454,76.5890643243291,81.8868119841301,85.7703146626811,91.8911955456946,97.493000092,109.043298983528,113.540668685925,123.16188921738,1,1,1,1,NA,NA,NA,NA,0.466666666666667,0.333333333333333,0.266666666666667,0.133333333333333,0,0,0,0,0,0,0,0,0,0,0,0,2580,52.325739,12.6698786565546
"581",194,194,2,44.8677751773128,81.8009791581965,87.0987268179974,90.9822294965485,97.103110379562,102.704914925867,114.255213817395,118.752583519792,128.373804051247,1,1,1,NA,NA,NA,NA,NA,0.25,0.2,0.1,0,0,0,0,0,0,0,0,0,0,0,0,0,2581,34.949356,-9.91841917731276
"582",194,194,3,40.8173017146068,77.7505056954905,83.0482533552914,86.9317560338424,93.052636916856,98.6544414631613,110.204740354689,114.702110057086,124.323330588541,1,1,1,1,NA,NA,NA,NA,0.466666666666667,0.333333333333333,0.266666666666667,0.133333333333333,0,0,0,0,0,0,0,0,0,0,0,0,2582,50.14048,9.32317828539324
"583",195,195,1,44.3676012188594,81.2678152410433,86.5608307775065,90.4408645830877,96.5562780929581,102.153078922263,113.693060705002,118.186413208111,127.799039747338,1,1,1,1,NA,NA,NA,NA,0.161290322580645,0.129032258064516,0.0967741935483871,0.032258064516129,0,0,0,0,0,0,0,0,0,0,0,0,2583,1.56928,-42.7983212188594
"584",195,195,2,33.1343233642377,70.0345373864216,75.3275529228848,79.2075867284661,85.3230002383364,90.9198010676417,102.459782850381,106.953135353489,116.565761892716,1,1,1,1,1,NA,NA,NA,0.692307692307692,0.538461538461538,0.461538461538462,0.307692307692308,0.153846153846154,0,0,0,0,0,0,0,0,0,0,0,2584,59.016649,25.8823256357623
"585",195,195,3,46.420432375215,83.3206463973989,88.6136619338621,92.4936957394434,98.6091092493137,104.205910078619,115.745891861358,120.239244364467,129.851870903693,1,1,1,NA,NA,NA,NA,NA,0.277777777777778,0.166666666666667,0.111111111111111,0,0,0,0,0,0,0,0,0,0,0,0,0,2585,40.929793,-5.490639375215
"586",196,196,1,42.2479956299892,79.1486542152893,84.4417335204742,88.3218140715816,94.4373012581868,100.034169516131,111.574290329236,116.067696966958,125.680439316331,1,1,1,1,NA,NA,NA,NA,0.352941176470588,0.235294117647059,0.176470588235294,0.0588235294117647,0,0,0,0,0,0,0,0,0,0,0,0,2586,46.047721,3.79972537001075
"587",196,196,2,43.4352625252046,80.3359211105046,85.6290004156895,89.5090809667969,95.6245681534021,101.221436411347,112.761557224451,117.254963862173,126.867706211546,1,1,1,1,NA,NA,NA,NA,0.375,0.25,0.1875,0.0625,0,0,0,0,0,0,0,0,0,0,0,0,2587,49.231249,5.79598647479543
"588",196,196,3,44.1737835447248,81.0744421300248,86.3675214352097,90.2476019863171,96.3630891729223,101.959957430867,113.500078243972,117.993484881693,127.606227231066,1,1,1,1,NA,NA,NA,NA,0.352941176470588,0.235294117647059,0.176470588235294,0.0588235294117647,0,0,0,0,0,0,0,0,0,0,0,0,2588,45.176598,1.00281445527521
"589",197,197,1,43.2398736663108,80.078391609728,85.3625573789986,89.2361038815213,95.3412925988371,100.928735740824,112.449423011487,116.935262760611,126.531817269367,1,1,1,1,NA,NA,NA,NA,0.428571428571429,0.285714285714286,0.214285714285714,0.0714285714285714,0,0,0,0,0,0,0,0,0,0,0,0,2589,55.489779,12.2499053336892
"590",197,197,2,45.6468255635069,82.485343506924,87.7695092761946,91.6430557787173,97.7482444960331,103.33568763802,114.856374908683,119.342214657807,128.938769166563,1,1,1,NA,NA,NA,NA,NA,0.416666666666667,0.25,0.166666666666667,0,0,0,0,0,0,0,0,0,0,0,0,0,2590,59.565147,13.9183214364931
"591",197,197,3,46.5979593348788,83.436477278296,88.7206430475666,92.5941895500893,98.6993782674051,104.286821409392,115.807508680055,120.293348429179,129.889902937935,0,0,0,NA,NA,NA,NA,NA,0,0,0,0,0,0,0,0,0,0,0,0,0,0,0,0,2591,94.916948,48.3189886651212
"592",198,198,1,54.9787012644503,91.8551242404542,97.144727157766,101.022259350121,107.133730007922,112.726922355528,124.259463849727,128.749919308476,138.356348202297,1,NA,NA,NA,NA,NA,NA,NA,0.153846153846154,0,0,0,0,0,0,0,1,1,1,0,0,0,0,0,2592,57.410922,2.43222073554966
"593",198,198,2,46.148462621079,83.0248855970828,88.3144885143946,92.1920207067496,98.3034913645504,103.896683712157,115.429225206356,119.919680665105,129.526109558925,1,1,1,NA,NA,NA,NA,NA,0.161290322580645,0.0967741935483871,0.0645161290322581,0,0,0,0,0,1,1,1,0,0,0,0,0,2593,1.847356,-44.301106621079
"594",198,198,3,33.0668434792185,69.9432664552224,75.2328693725342,79.1104015648892,85.22187222269,90.8150645702962,102.347606064495,106.838061523244,116.444490417065,1,1,1,1,1,NA,NA,NA,0.642857142857143,0.5,0.428571428571429,0.285714285714286,0.142857142857143,0,0,0,0,1,1,0,0,0,0,0,2594,55.532461,22.4656175207814
"595",199,199,1,45.6976715213831,82.5515931029359,87.8379683904473,91.7131345756271,97.8208761132788,103.410655585744,114.936160110404,119.423875566155,129.024442773066,1,1,1,NA,NA,NA,NA,NA,0.277777777777778,0.166666666666667,0.111111111111111,0,0,0,0,0,0,0,0,0,0,0,0,0,2595,43.591007,-2.10666452138309
"596",199,199,2,42.9000405248361,79.7539621063889,85.0403373939003,88.9155035790801,95.0232451167318,100.613024589197,112.138529113857,116.626244569608,126.226811776519,1,1,1,1,NA,NA,NA,NA,0.5,0.333333333333333,0.25,0.0833333333333333,0,0,0,0,0,0,0,0,0,0,0,0,2596,61.470249,18.5702084751639
"597",199,199,3,47.0887701061722,83.9426916877251,89.2290669752365,93.1042331604163,99.211974698068,104.801754170533,116.327258695194,120.814974150944,130.415541357856,1,1,1,NA,NA,NA,NA,NA,0.277777777777778,0.166666666666667,0.111111111111111,0,0,0,0,0,0,0,0,0,0,0,0,0,2597,43.524468,-3.56430210617224
"598",200,200,1,42.8934527725672,79.7532793011924,85.0405016021269,88.916288688699,95.025008843794,100.615683942844,112.143035150063,116.631469653369,126.233575118322,0,0,1,1,NA,NA,NA,NA,0,0,1,0.333333333333333,0,0,0,0,0,0,0,0,0,0,0,0,2598,89.11122,46.2177672274328
"599",200,200,2,53.5583132182166,90.4181397468417,95.7053620477763,99.5811491343484,105.689869289443,111.280544388494,122.807895595712,127.296330099019,136.898435563972,1,1,NA,NA,NA,NA,NA,NA,0.0967741935483871,0.032258064516129,0,0,0,0,0,0,1,1,0,0,0,0,0,0,2599,1.744187,-51.8141262182166
"600",200,200,3,33.1191028420213,69.9789293706464,75.266151671581,79.1419387581531,85.250658913248,90.8413340122985,102.368685219517,106.857119722823,116.459225187776,1,1,1,1,1,NA,NA,NA,0.290322580645161,0.225806451612903,0.193548387096774,0.129032258064516,0.0645161290322581,0,0,0,1,1,0,0,0,0,0,0,2600,1.866496,-31.2526068420213
"601",201,201,1,33.1689040846354,70.1341240294045,75.4364641014381,79.3233332380296,85.4495200755821,91.0561806092569,102.616492007481,107.117760305463,116.747321100308,1,1,1,1,1,NA,NA,NA,0.75,0.583333333333333,0.5,0.333333333333333,0.166666666666667,0,0,0,0,0,0,0,0,0,0,0,2601,61.17212,28.0032159153646
"602",201,201,2,46.9824340103662,83.9476539551353,89.2499940271688,93.1368631637604,99.2630500013128,104.869710534988,116.430021933212,120.931290231194,130.560851026039,1,1,1,NA,NA,NA,NA,NA,1,0.6,0.4,0,0,0,0,0,0,0,0,0,0,0,0,0,2602,81.739796,34.7573619896338
"603",201,201,3,51.7730792943401,88.7382992391092,94.0406393111428,97.9275084477344,104.053695285287,109.660355818962,121.220667217186,125.721935515168,135.351496310013,1,1,NA,NA,NA,NA,NA,NA,0.1875,0.0625,0,0,0,0,0,0,0,0,0,0,0,0,0,0,2603,49.001152,-2.77192729434014
"604",202,202,1,44.1459933106109,81.124788234008,86.4290755189423,90.3173720558182,96.4458086528882,102.05452815705,113.61908492377,118.122006251844,127.755103373057,1,1,1,1,NA,NA,NA,NA,0.3,0.2,0.15,0.05,0,0,0,0,0,0,0,0,0,0,0,0,2604,35.460024,-8.68596931061095
"605",202,202,2,41.0068626727453,77.9856575961423,83.2899448810766,87.1782414179525,93.3066780150225,98.9153975191846,110.479954285904,114.982875613978,124.615972735191,1,1,1,1,NA,NA,NA,NA,1,0.714285714285714,0.571428571428571,0.285714285714286,0,0,0,0,0,0,0,0,0,0,0,0,2605,77.144796,36.1379333272547
"606",202,202,3,50.6703076174829,87.6491025408799,92.9533898258142,96.8416863626901,102.97012295976,108.578842463922,120.143399230641,124.646320558716,134.279417679929,1,1,1,NA,NA,NA,NA,NA,0.176470588235294,0.117647058823529,0.0588235294117647,0,0,0,0,0,0,0,0,0,0,0,0,0,2606,46.44869,-4.22161761748286
"607",203,203,1,43.5700487672904,80.5639402962881,85.87039305831,89.7602769935692,95.8912155269637,101.50222479277,113.071502793722,117.576262440959,127.213292277348,1,1,1,1,NA,NA,NA,NA,0.333333333333333,0.222222222222222,0.166666666666667,0.0555555555555556,0,0,0,0,0,0,0,0,0,0,0,0,2607,43.451841,-0.118207767290379
"608",203,203,2,42.8736477604556,79.8675392894533,85.1739920514753,89.0638759867344,95.1948145201289,100.805823785936,112.375101786887,116.879861434124,126.516891270513,1,1,1,1,NA,NA,NA,NA,0.315789473684211,0.210526315789474,0.157894736842105,0.0526315789473684,0,0,0,0,0,0,0,0,0,0,0,0,2608,39.788461,-3.08518676045561
"609",203,203,3,42.0223597841784,79.0162513131762,84.3227040751981,88.2125880104572,94.3435265438517,99.9545358096584,111.52381381061,116.028573457847,125.665603294236,1,1,1,1,NA,NA,NA,NA,0.4,0.333333333333333,0.2,0.0666666666666667,0,0,0,0,0,0,0,0,0,0,0,0,2609,51.384068,9.36170821582159
"610",204,204,1,44.6677692306683,81.6098229849249,86.9088400679311,90.7932732944686,96.9156208362828,102.518767662579,114.071834186388,118.570281528913,128.193807455299,1,1,1,NA,NA,NA,NA,NA,0.357142857142857,0.285714285714286,0.142857142857143,0,0,0,0,0,0,0,0,0,0,0,0,0,2610,55.325339,10.6575697693317
"611",204,204,2,45.5788772422895,82.5209309965461,87.8199480795522,91.7043813060897,97.826728847904,103.429875674201,114.98294219801,119.481389540534,129.10491546692,1,1,1,NA,NA,NA,NA,NA,0.238095238095238,0.142857142857143,0.0952380952380952,0,0,0,0,0,0,0,0,0,0,0,0,0,2611,32.391916,-13.1869612422895
"612",204,204,3,40.277332276415,77.2193860306716,82.5184031136778,86.4028363402153,92.5251838820295,98.1283307083261,109.681397232135,114.179844574659,123.803370501046,1,1,1,1,NA,NA,NA,NA,0.636363636363636,0.454545454545455,0.363636363636364,0.181818181818182,0,0,0,0,0,0,0,0,0,0,0,0,2612,64.00271,23.725377723585
"613",205,205,1,47.5932109301661,84.549441357903,89.8504919617159,93.736415856365,99.8611128756233,105.466409933836,117.023909997071,121.524083638289,131.151302634522,1,1,1,NA,NA,NA,NA,NA,0.235294117647059,0.176470588235294,0.117647058823529,0,0,0,0,0,0,0,0,0,0,0,0,0,2613,44.743463,-2.84974793016612
"614",205,205,2,43.141247411204,80.0974778389409,85.3985284427538,89.2844523374029,95.4091493566612,101.014446414874,112.571946478109,117.072120119327,126.69933911556,1,1,1,1,NA,NA,NA,NA,0.375,0.25,0.1875,0.0625,0,0,0,0,0,0,0,0,0,0,0,0,2614,47.227211,4.08596358879599
"615",205,205,3,43.715390080764,80.6716205085009,85.9726711123137,89.8585950069628,95.9832920262212,101.588589084434,113.146089147669,117.646262788887,127.27348178512,1,1,1,1,NA,NA,NA,NA,0.4,0.266666666666667,0.2,0.0666666666666667,0,0,0,0,0,0,0,0,0,0,0,0,2615,50.966871,7.25148091923602
"616",206,206,1,44.5810096153151,81.5334169664634,86.8339191831106,90.7194410837117,96.8435045105956,102.448221707721,114.004526161788,118.504234265577,128.130457337845,1,1,1,1,NA,NA,NA,NA,0.263157894736842,0.210526315789474,0.105263157894737,0.0526315789473684,0,0,0,0,0,0,0,0,0,0,0,0,2616,39.039597,-5.5414126153151
"617",206,206,2,41.8235669090272,78.7759742601754,84.0764764768227,87.9619983774238,94.0860618043077,99.6907790014328,111.2470834555,115.746791559289,125.373014631557,1,1,1,1,NA,NA,NA,NA,0.315789473684211,0.263157894736842,0.157894736842105,0.0526315789473684,0,0,0,0,0,0,0,0,0,0,0,0,2617,37.620032,-4.20353490902718
"618",206,206,3,41.4953805057173,78.4477878568655,83.7482900735128,87.6338119741139,93.7578754009978,99.3625925981229,110.91889705219,115.418605155979,125.044828228247,1,1,1,1,NA,NA,NA,NA,0.3,0.25,0.15,0.05,0,0,0,0,0,0,0,0,0,0,0,0,2618,36.287133,-5.20824750571729
"619",207,207,1,41.187261316095,78.1121072118834,83.4086559768965,87.2912798081676,93.4107755190931,99.0113123617053,110.558997388997,115.055349324327,124.674392547256,1,1,1,1,NA,NA,NA,NA,0.4375,0.3125,0.25,0.125,0,0,0,0,0,0,0,0,0,0,0,0,2619,47.276941,6.08967968390495
"620",207,207,2,43.7327866191403,80.6576325149287,85.9541812799417,89.8368051112129,95.9563008221383,101.556837664751,113.104522692042,117.600874627373,127.219917850301,1,1,1,1,NA,NA,NA,NA,0.352941176470588,0.235294117647059,0.176470588235294,0.0588235294117647,0,0,0,0,0,0,0,0,0,0,0,0,2620,46.107221,2.3744343808597
"621",207,207,3,43.4618490506698,80.3866949464582,85.6832437114712,89.5658675427424,95.6853632536678,101.28590009628,112.833585123572,117.329937058902,126.948980281831,1,1,1,1,NA,NA,NA,NA,0.666666666666667,0.444444444444444,0.333333333333333,0.111111111111111,0,0,0,0,0,0,0,0,0,0,0,0,2621,69.618393,26.1565439493302
"622",208,208,1,48.9202299488508,85.8087585748914,91.1000979426663,94.9789030363479,101.092379944187,106.687408403424,118.223735755906,122.71566532407,132.325247779351,1,1,1,NA,NA,NA,NA,NA,0.307692307692308,0.153846153846154,0.0769230769230769,0,0,0,0,0,0,0,0,0,0,0,0,0,2622,58.700423,9.78019305114916
"623",208,208,2,46.3857646028579,83.2742932288985,88.5656325966733,92.444437690355,98.5579145981937,104.152943057431,115.689270409913,120.181199978077,129.790782433358,1,1,1,NA,NA,NA,NA,NA,0.333333333333333,0.2,0.133333333333333,0,0,0,0,0,0,0,0,0,0,0,0,0,2623,52.261457,5.87569239714208
"624",208,208,3,44.8910420316266,81.7795706576672,87.070910025442,90.9497151191236,97.0631920269623,102.6582204862,114.194547838682,118.686477406845,128.296059862126,1,1,1,NA,NA,NA,NA,NA,0.555555555555556,0.444444444444444,0.222222222222222,0,0,0,0,0,0,0,0,0,0,0,0,0,2624,71.239559,26.3485169683734
"625",209,209,1,49.3535332410949,86.2528726608458,91.5457627431784,95.4257045848755,101.540973148282,107.137641323191,118.677349587295,123.170595589747,132.782994292177,1,1,1,NA,NA,NA,NA,NA,1,0.5,0.25,0,0,0,0,0,0,0,0,0,0,0,0,0,2625,85.007935,35.6544017589051
"626",209,209,2,52.5631785299776,89.4625179497285,94.7554080320611,98.6353498737582,104.750618437165,110.347286612074,121.886994876178,126.38024087863,135.99263958106,1,1,NA,NA,NA,NA,NA,NA,0.166666666666667,0.0555555555555556,0,0,0,0,0,0,0,0,0,0,0,0,0,0,2626,41.787041,-10.7761375299776
"627",209,209,3,42.4876446537675,79.3869840735184,84.679874155851,88.5598159975482,94.6750845609548,100.271752735864,111.811460999968,116.30470700242,125.91710570485,1,1,1,1,NA,NA,NA,NA,0.6,0.4,0.3,0.1,0,0,0,0,0,0,0,0,0,0,0,0,2627,66.311621,23.8239763462325
"628",210,210,1,48.3027457808396,85.1363990986915,90.4198670796327,94.2929020699015,100.397284580595,105.983989885658,117.503155818522,121.988403200418,131.583690458291,1,1,1,NA,NA,NA,NA,NA,0.129032258064516,0.0967741935483871,0.032258064516129,0,0,0,0,0,0,0,0,0,0,0,0,0,2628,2.12584,-46.1769057808396
"629",210,210,2,33.1023830139353,69.9360363317872,75.2195043127285,79.0925393029973,85.1969218136909,90.783627118754,102.302793051618,106.788040433514,116.383327691387,0,1,1,1,1,NA,NA,NA,0,0.875,0.75,0.5,0.25,0,0,0,0,0,0,0,0,0,0,0,2629,72.277751,39.1753679860647
"630",210,210,3,49.7156341012997,86.5492874191516,91.8327554000928,95.7057903903616,101.810172901055,107.396878206118,118.916044138982,123.401291520879,132.996578778752,1,1,1,NA,NA,NA,NA,NA,0.307692307692308,0.153846153846154,0.0769230769230769,0,0,0,0,0,1,0,0,0,0,0,0,0,2630,58.934745,9.21911089870031
"631",211,211,1,46.5453007274123,83.4259020439248,88.7161043079291,92.5940758501051,98.7062389776022,104.300065070574,115.833913277339,120.324877534134,129.932394899334,1,1,1,NA,NA,NA,NA,NA,0.384615384615385,0.230769230769231,0.153846153846154,0,0,0,0,0,1,0,0,0,0,0,0,0,2631,57.983844,11.4385432725877
"632",211,211,2,46.3218473783896,83.202448694902,88.4926509589064,92.3706225010824,98.4827856285795,104.076611721551,115.610459928316,120.101424185111,129.708941550311,1,1,1,NA,NA,NA,NA,NA,0.294117647058824,0.176470588235294,0.117647058823529,0,0,0,0,0,0,0,0,0,0,0,0,0,2632,44.979119,-1.34272837838962
"633",211,211,3,43.2658516918045,80.1464530083169,85.4366552723213,89.3146268144973,95.4267899419943,101.020616034966,112.554464241731,117.045428498526,126.652945863726,1,1,1,1,NA,NA,NA,NA,0.193548387096774,0.129032258064516,0.0967741935483871,0.032258064516129,0,0,0,0,0,0,0,0,0,0,0,0,2633,1.476632,-41.7892196918045
"634",212,212,1,32.9842957781895,69.8835009910683,75.1763718225896,79.0562995525203,85.1715458740364,90.7681936932602,102.307859986203,106.801089646235,116.413453387335,0,0,0,1,1,NA,NA,NA,0,0,0,0.8,0.4,0,0,0,0,0,0,0,0,0,0,0,2634,81.710837,48.7265412218105
"635",212,212,2,51.9005391069925,88.7997443198714,94.0926151513926,97.9725428813234,104.087789202839,109.684437022063,121.224103315006,125.717332975038,135.329696716138,1,1,NA,NA,NA,NA,NA,NA,0.272727272727273,0.0909090909090909,0,0,0,0,0,0,1,1,1,0,0,0,0,0,2635,64.380936,12.4803968930075
"636",212,212,3,47.8147925830497,84.7139977959285,90.0068686274498,93.8867963573805,100.002042678897,105.59869049812,117.138356791063,121.631586451095,131.243950192196,1,1,1,NA,NA,NA,NA,NA,0.2,0.15,0.05,0,0,0,0,0,1,1,1,0,0,0,0,0,2636,36.870959,-10.9438335830497
"637",213,213,1,41.37782674943,78.2938111460287,83.5890888058699,87.4707808561925,93.5888079650163,99.1880007491365,110.732914477076,115.228187344422,124.844922117805,1,1,1,1,NA,NA,NA,NA,0.206896551724138,0.172413793103448,0.137931034482759,0.0689655172413793,0,0,0,0,0,0,1,0,0,0,0,0,2637,6.321244,-35.05658274943
"638",213,213,2,34.2246327777023,71.140617174301,76.4358948341422,80.3175868844648,86.4356139932886,92.0348067774088,103.579720505348,108.074993372694,117.691728146077,1,1,1,1,1,NA,NA,NA,0.529411764705882,0.411764705882353,0.352941176470588,0.235294117647059,0.117647058823529,0,0,0,0,0,0,0,0,0,0,0,2638,45.118031,10.8933982222977
"639",213,213,3,43.3088727744029,80.2248571710016,85.5201348308428,89.4018268811654,95.5198539899892,101.119046774109,112.663960502049,117.159233369395,126.775968142778,1,1,1,1,NA,NA,NA,NA,0.315789473684211,0.210526315789474,0.157894736842105,0.0526315789473684,0,0,0,0,0,0,0,0,0,0,0,0,2639,39.785301,-3.52357177440291
"640",214,214,1,42.0432021852957,78.9796664135256,84.2778817275208,88.1617272189864,94.2831484175833,99.8854474584474,111.436765942842,115.934532646746,125.556602483306,1,1,1,1,NA,NA,NA,NA,0.545454545454545,0.454545454545455,0.272727272727273,0.0909090909090909,0,0,0,0,0,0,0,0,0,0,0,0,2640,65.019055,22.9758528147043
"641",214,214,2,47.9571061287071,84.893570356937,90.1917856709322,94.0756311623978,100.197052360995,105.799351401859,117.350669886253,121.848436590157,131.470506426717,1,1,1,NA,NA,NA,NA,NA,0.2,0.15,0.05,0,0,0,0,0,0,0,0,0,0,0,0,0,2641,37.412484,-10.5446221287071
"642",214,214,3,41.4870973816548,78.4235616098846,83.7217769238799,87.6056224153455,93.7270436139424,99.3293426548065,110.880661139201,115.378427843105,125.000497679665,1,1,1,1,NA,NA,NA,NA,0.4,0.333333333333333,0.2,0.133333333333333,0,0,0,0,0,0,0,0,0,0,0,0,2642,50.070585,8.58348761834522
"643",215,215,1,44.4809904586227,81.3906121612994,86.6849771479034,90.5660001650465,96.6829727947731,102.28120052404,113.824124416043,118.318622495832,127.933699766621,1,1,1,1,NA,NA,NA,NA,0.3125,0.25,0.1875,0.0625,0,0,0,0,0,0,0,0,0,0,0,0,2643,49.438039,4.95704854137728
"644",215,215,2,44.3322993472724,81.2419210499491,86.5362860365531,90.4173090536962,96.5342816834228,102.13250941269,113.675433304692,118.169931384482,127.785008655271,1,1,1,1,NA,NA,NA,NA,0.75,0.5,0.375,0.125,0,0,0,0,0,0,0,0,0,0,0,0,2644,73.724763,29.3924636527275
"645",215,215,3,50.0413228532585,86.9509445559351,92.2453095425391,96.1263325596822,102.243305189409,107.841532918676,119.384456810679,123.878954890468,133.494032161257,1,1,1,NA,NA,NA,NA,NA,0.5,0.25,0.125,0,0,0,0,0,0,0,0,0,0,0,0,0,2645,72.318464,22.2771411467415
"646",216,216,1,49.7791595866035,86.6874332094164,91.9816048256606,95.8624860930718,101.979235307677,107.57725856836,119.119760868849,123.614094792463,133.228820884035,1,1,1,NA,NA,NA,NA,NA,0.222222222222222,0.111111111111111,0.0555555555555556,0,0,0,0,0,0,0,0,0,0,0,0,0,2646,41.165238,-8.61392158660352
"647",216,216,2,42.4244424893989,79.3327161122118,84.6268877284559,88.5077689958671,94.6245182104719,100.222541471155,111.765043771645,116.259377695258,125.87410378683,0,0,0,1,NA,NA,NA,NA,0,0,0,1,0,0,0,0,0,0,0,0,0,0,0,0,2647,93.755813,51.3313705106011
"648",216,216,3,54.8401326366833,91.7484062594961,97.0425778757403,100.923459143151,107.040208357756,112.63823161844,124.180733918929,128.675067842542,138.289793934114,1,NA,NA,NA,NA,NA,NA,NA,0.2,0,0,0,0,0,0,0,1,1,1,0,0,0,0,0,2648,65.66473,10.8245973633168
"649",217,217,1,48.2721096872155,85.1884194782249,90.4837438130709,94.3654700784068,100.483551114326,106.082793252299,117.627808742401,122.123121233143,131.739940772835,1,1,1,NA,NA,NA,NA,NA,0.235294117647059,0.176470588235294,0.0588235294117647,0,0,0,0,0,1,1,1,0,0,0,0,0,2649,43.999254,-4.27285568721552
"650",217,217,2,43.1254008096443,80.0417106006536,85.3370349354997,89.2187612008356,95.3368422367552,100.936084374728,112.48109986483,116.976412355571,126.593231895264,1,1,1,1,NA,NA,NA,NA,0.333333333333333,0.222222222222222,0.166666666666667,0.0555555555555556,0,0,0,0,0,1,1,0,0,0,0,0,2650,42.731807,-0.393593809644273
"651",217,217,3,42.824314384091,79.7406241751003,85.0359485099464,88.9176747752823,95.0357558112019,100.634997949174,112.180013439276,116.675325930018,126.29214546971,1,1,1,1,NA,NA,NA,NA,0.4,0.266666666666667,0.2,0.0666666666666667,0,0,0,0,0,0,0,0,0,0,0,0,2651,52.734871,9.91055661590904
"652",218,218,1,45.2008804177789,82.0976049240846,87.3901199197718,91.2697868049996,97.384622002979,102.980893563664,114.519784053284,119.012711636773,128.624429145691,1,1,1,NA,NA,NA,NA,NA,0.384615384615385,0.307692307692308,0.153846153846154,0,0,0,0,0,0,0,0,0,0,0,0,0,2652,57.692536,12.4916555822211
"653",218,218,2,46.370901385827,83.2676258921326,88.5601408878199,92.4398077730476,98.5546429710271,104.150914531712,115.689805021332,120.182732604821,129.794450113739,1,1,1,NA,NA,NA,NA,NA,0.454545454545455,0.272727272727273,0.181818181818182,0,0,0,0,0,0,0,0,0,0,0,0,0,2653,64.203211,17.832309614173
"654",218,218,3,47.9074364817131,84.8041609880188,90.096675983706,93.9763428689338,100.091178066913,105.687449627598,117.226340117218,121.719267700707,131.330985209625,1,1,1,NA,NA,NA,NA,NA,0.363636363636364,0.272727272727273,0.0909090909090909,0,0,0,0,0,0,0,0,0,0,0,0,0,2654,63.254328,15.3468915182869
"655",219,219,1,47.7500684042682,84.6066117599955,89.8933631182643,93.7688049813148,99.8769810214113,105.467158148694,116.993482593428,121.481517303575,131.082767491241,1,1,1,NA,NA,NA,NA,NA,0.307692307692308,0.230769230769231,0.0769230769230769,0,0,0,0,0,0,0,0,0,0,0,0,0,2655,58.814133,11.0640645957318
"656",219,219,2,46.6982965094764,83.5548398652037,88.8415912234726,92.717033086523,98.8252091266196,104.415386253903,115.941710698637,120.429745408783,130.030995596449,0,0,0,NA,NA,NA,NA,NA,NA,NA,NA,NA,NA,NA,NA,NA,0,0,0,0,0,0,0,0,2656,98.294542,51.5962454905236
"657",219,219,3,56.0502246525161,92.9067680082434,98.1935193665122,102.068961229563,108.177137269659,113.767314396942,125.293638841676,129.781673551823,139.382923739489,1,NA,NA,NA,NA,NA,NA,NA,0.285714285714286,0,0,0,0,0,0,0,1,1,1,0,0,0,0,0,2657,77.573588,21.5233633474839
"658",220,220,1,51.2912620407821,88.1704940820262,93.4604999353739,97.3383274991348,103.45026369883,109.043882108427,120.577302095138,125.068099614784,134.675260279295,1,1,NA,NA,NA,NA,NA,NA,0.176470588235294,0.117647058823529,0,0,0,0,0,0,1,1,1,0,0,0,0,0,2658,45.67636,-5.61490204078207
"659",220,220,2,43.6496624125767,80.5288944538209,85.8189003071685,89.6967278709295,95.8086640706242,101.402282480222,112.935702466932,117.426499986579,127.03366065109,1,1,1,1,NA,NA,NA,NA,0.315789473684211,0.210526315789474,0.157894736842105,0.0526315789473684,0,0,0,0,0,1,1,0,0,0,0,0,2659,38.816445,-4.83321741257672
"660",220,220,3,42.0062367232497,78.8854687644939,84.1754746178415,88.0533021816025,94.1652383812972,99.7588567908947,111.292276777605,115.783074297252,125.390234961763,1,1,1,1,NA,NA,NA,NA,0.25,0.208333333333333,0.125,0.0416666666666667,0,0,0,0,0,0,1,0,0,0,0,0,2660,24.379125,-17.6271117232497
"661",221,221,1,38.5484129415147,75.3961989424696,80.6816941341796,84.5562151670001,90.6629398646828,96.2517887294679,107.775374444435,112.262342768301,121.861311636383,1,1,1,1,1,NA,NA,NA,0.411764705882353,0.352941176470588,0.235294117647059,0.117647058823529,0.0588235294117647,0,0,0,0,0,0,0,0,0,0,0,2661,43.917863,5.3694500584853
"662",221,221,2,43.226892506703,80.0746785076579,85.3601736993679,89.2346947321884,95.3414194298711,100.930268294656,112.453854009624,116.940822333489,126.539791201572,1,1,1,1,NA,NA,NA,NA,0.352941176470588,0.235294117647059,0.176470588235294,0.0588235294117647,0,0,0,0,0,0,0,0,0,0,0,0,2662,46.870129,3.643236493297
"663",221,221,3,43.9338018348285,80.7815878357834,86.0670830274934,89.9416040603139,96.0483287579966,101.637177622782,113.160763337749,117.647731661615,127.246700529697,1,1,1,1,NA,NA,NA,NA,0.4,0.266666666666667,0.2,0.0666666666666667,0,0,0,0,0,0,0,0,0,0,0,0,2663,50.909079,6.97527716517149
"664",222,222,1,44.8965965422497,81.7280444769811,87.0111961148487,90.8839992104987,96.9880162265716,102.574387032489,114.09286326526,118.57784209685,128.172554845201,1,1,1,NA,NA,NA,NA,NA,0.263157894736842,0.210526315789474,0.105263157894737,0,0,0,0,0,0,0,0,0,0,0,0,0,2664,37.883835,-7.01276154224973
"665",222,222,2,41.7770055831058,78.6084535178372,83.8916051557048,87.7644082513548,93.8684252674277,99.4547960733448,110.973272306116,115.458251137706,125.052963886057,1,1,1,1,NA,NA,NA,NA,0.222222222222222,0.185185185185185,0.111111111111111,0.037037037037037,0,0,0,0,0,0,0,0,0,0,0,0,2665,13.597293,-28.1797125831058
"666",222,222,3,35.9602948288145,72.7917427635458,78.0748944014134,81.9476974970635,88.0517145131364,93.6380853190534,105.156561551825,109.641540383415,119.236253131766,1,1,1,1,1,NA,NA,NA,0.363636363636364,0.318181818181818,0.227272727272727,0.136363636363636,0.0909090909090909,0,0,0,0,0,0,0,0,0,0,0,2666,28.749842,-7.2104528288145
"667",223,223,1,39.5644780427184,76.4119657700507,81.6974181769975,85.5719078465381,91.67858311181,97.2673867362596,108.790879170679,113.277811173658,122.876702340485,1,1,1,1,NA,NA,NA,NA,0.368421052631579,0.263157894736842,0.210526315789474,0.105263157894737,0,0,0,0,0,0,0,0,0,0,0,0,2667,40.253931,0.689452957281574
"668",223,223,2,42.3259690585413,79.1734567858736,84.4589091928204,88.333398862361,94.4400741276329,100.028877752083,111.552370186502,116.039302189481,125.638193356308,1,1,1,1,NA,NA,NA,NA,0.5,0.333333333333333,0.25,0.0833333333333333,0,0,0,0,0,0,0,0,0,0,0,0,2668,60.653292,18.3273229414587
"669",223,223,3,47.2227194339972,84.0702071613295,89.3556595682763,93.2301492378169,99.3368245030888,104.925628127538,116.449120561958,120.936052564936,130.534943731764,1,1,1,NA,NA,NA,NA,NA,0.161290322580645,0.0967741935483871,0.0645161290322581,0,0,0,0,0,0,0,0,0,0,0,0,0,2669,1.568899,-45.6538204339972
"670",224,224,1,33.0465034782539,69.9300397192684,75.2206629727277,79.0989431203301,85.2115926481754,90.8058638927085,102.340629952559,106.831951596179,116.440233518819,1,1,1,1,1,NA,NA,NA,0.290322580645161,0.225806451612903,0.193548387096774,0.129032258064516,0.0645161290322581,0,0,0,0,0,0,0,0,0,0,0,2670,2.008496,-31.0380074782539
"671",224,224,2,33.1517935459624,70.0353297869769,75.3259530404362,79.2042331880386,85.3168827158839,90.911153960417,102.445920020267,106.937241663888,116.545523586528,1,1,1,1,1,NA,NA,NA,0.642857142857143,0.5,0.428571428571429,0.285714285714286,0.142857142857143,0,0,0,0,0,0,0,0,0,0,0,2671,53.618917,20.4671234540376
"672",224,224,3,45.5132626223101,82.3967988633246,87.6874221167839,91.5657022643864,97.6783517922316,103.272623036765,114.807389096615,119.298710740236,128.906992662876,1,1,1,NA,NA,NA,NA,NA,0.5,0.3,0.2,0,0,0,0,0,0,0,0,0,0,0,0,0,2672,66.995339,21.4820763776899
"673",225,225,1,48.726454935423,85.6375935514467,90.9321761261088,94.8133586457161,100.930582671068,106.529040476558,118.072438760183,122.567121555063,132.182593986745,1,1,1,NA,NA,NA,NA,NA,0.285714285714286,0.142857142857143,0.0714285714285714,0,0,0,0,0,0,0,0,0,0,0,0,0,2673,53.441863,4.71540806457703
"674",225,225,2,45.4718095722289,82.3829481882526,87.6775307629147,91.558713282522,97.6759373078739,103.274395113364,114.817793396989,119.312476191869,128.927948623551,1,1,1,NA,NA,NA,NA,NA,0.3125,0.1875,0.125,0,0,0,0,0,0,0,0,0,0,0,0,0,2674,48.677432,3.20562242777113
"675",225,225,3,44.3277094710882,81.2388480871119,86.533430661774,90.4146131813813,96.5318372067331,102.130295012224,113.673693295848,118.168376090729,127.78384852241,1,1,1,1,NA,NA,NA,NA,0.375,0.25,0.1875,0.0625,0,0,0,0,0,0,0,0,0,0,0,0,2675,47.155674,2.82796452891183
"676",226,226,1,43.9611617104303,80.8719537290273,86.1664865872958,90.0476326624063,96.1647992467204,101.763204482414,113.306494372955,117.80113496254,127.416517104457,1,1,1,1,NA,NA,NA,NA,0.375,0.25,0.1875,0.0625,0,0,0,0,0,0,0,0,0,0,0,0,2676,48.455229,4.49406728956973
"677",226,226,2,44.2730598927744,81.1838519113714,86.4783847696399,90.3595308447504,96.4766974290645,102.075102664758,113.618392555299,118.113033144884,127.728415286801,1,1,1,1,NA,NA,NA,NA,0.3,0.2,0.15,0.05,0,0,0,0,0,0,0,0,0,0,0,0,2677,36.878602,-7.3944578927744
"678",226,226,3,41.4946250293204,78.4054170479174,83.6999499061859,87.5810959812964,93.6982625656105,99.2966678013038,110.839957691845,115.33459828143,124.949980423347,1,1,1,1,NA,NA,NA,NA,0.333333333333333,0.277777777777778,0.166666666666667,0.111111111111111,0,0,0,0,0,0,0,0,0,0,0,0,2678,41.224044,-0.270581029320361
"679",227,227,1,42.5258677813269,79.4286037703871,84.7219810611168,88.6022800498954,94.7181115213065,100.315294867263,111.856065356859,116.349724960793,125.963008480646,1,1,1,1,NA,NA,NA,NA,0.428571428571429,0.285714285714286,0.214285714285714,0.0714285714285714,0,0,0,0,0,0,0,0,0,0,0,0,2679,54.869877,12.3440092186731
"680",227,227,2,45.7996398302927,82.7023758193529,87.9957531100826,91.8760520988612,97.9918835702723,103.589066916229,115.129837405824,119.623497009758,129.236780529611,1,1,1,NA,NA,NA,NA,NA,0.384615384615385,0.230769230769231,0.153846153846154,0,0,0,0,0,0,0,0,0,0,0,0,0,2680,57.608937,11.8092971697073
"681",227,227,3,46.4567677658639,83.3595037549241,88.6528810456538,92.5331800344324,98.6490115058435,104.2461948518,115.786965341396,120.28062494533,129.893908465183,1,1,1,NA,NA,NA,NA,NA,0.454545454545455,0.272727272727273,0.181818181818182,0,0,0,0,0,0,0,0,0,0,0,0,0,2681,64.060172,17.6034042341361
"682",228,228,1,48.0003271399303,84.90587316441,90.1996535303393,94.0802479925376,100.196545166629,105.794154721728,117.335804007244,121.829805790214,131.443821333492,1,1,1,NA,NA,NA,NA,NA,0.307692307692308,0.230769230769231,0.0769230769230769,0,0,0,0,0,0,0,0,0,0,0,0,0,2682,57.485484,9.48515686006967
"683",228,228,2,46.4244446022151,83.3299906266948,88.6237709926241,92.5043654548224,98.6206626289136,104.218272184013,115.759921469529,120.253923252499,129.867938795777,1,1,1,NA,NA,NA,NA,NA,0.5,0.3,0.2,0,0,0,0,0,0,0,0,0,0,0,0,0,2683,67.577949,21.1535043977849
"684",228,228,3,48.8435007393279,85.7490467638077,91.042827129737,94.9234215919352,101.039718766026,106.637328321125,118.178977606641,122.672979389612,132.28699493289,1,1,1,NA,NA,NA,NA,NA,0.285714285714286,0.142857142857143,0.0714285714285714,0,0,0,0,0,0,0,0,0,0,0,0,0,2684,56.079592,7.23609126067206
"685",229,229,1,46.1096474612235,83.0214285689841,88.3161033035114,92.1973533807121,98.3146838851929,103.913239139936,115.456838353099,119.951599384432,129.567239187314,1,1,1,NA,NA,NA,NA,NA,0.3125,0.1875,0.125,0,0,0,0,0,0,0,0,0,0,0,0,0,2685,48.712399,2.60275153877647
"686",229,229,2,44.3384038448307,81.2501849525913,86.5448596871185,90.4261097643193,96.5434402688001,102.141995523543,113.685594736706,118.180355768039,127.795995570921,1,1,1,1,NA,NA,NA,NA,0.555555555555556,0.444444444444444,0.333333333333333,0.111111111111111,0,0,0,0,0,0,0,0,0,0,0,0,2686,71.205136,26.8667321551693
"687",229,229,3,49.7461781255443,86.6579592333049,91.9526339678321,95.8338840450329,101.951214549514,107.549769804257,119.093369017419,123.588130048752,133.203769851634,1,1,1,NA,NA,NA,NA,NA,0.444444444444444,0.222222222222222,0.111111111111111,0,0,0,0,0,0,0,0,0,0,0,0,0,2687,69.49058,19.7444018744557
"688",230,230,1,49.4081770725884,86.3074377365209,91.6003165220147,95.480250082588,101.595505593919,107.192161823622,118.73184545804,123.225081870367,132.837460056649,1,1,1,NA,NA,NA,NA,NA,0.444444444444444,0.222222222222222,0.111111111111111,0,0,0,0,0,0,0,0,0,0,0,0,0,2688,69.264103,19.8559259274116
"689",230,230,2,49.3533410233695,86.2526016873019,91.5454804727957,95.4254140333691,101.5406695447,107.137325774403,118.677009408821,123.170245821148,132.78262400743,1,1,1,NA,NA,NA,NA,NA,0.444444444444444,0.222222222222222,0.111111111111111,0,0,0,0,0,0,0,0,0,0,0,0,0,2689,70.515951,21.1626099766305
"690",230,230,3,49.656446409535,86.5557070734674,91.8485858589612,95.7285194195346,101.843774930865,107.440431160569,118.980114794987,123.473351207314,133.085729393595,1,1,1,NA,NA,NA,NA,NA,0.285714285714286,0.142857142857143,0.0714285714285714,0,0,0,0,0,0,0,0,0,0,0,0,0,2690,55.375215,5.71876859046504
"691",231,231,1,45.9972098094353,82.898590647675,88.1917735537775,92.0719300493176,98.1875369337486,103.784514738642,115.32486142539,119.818356012115,129.431286510743,1,1,1,NA,NA,NA,NA,NA,0.294117647058824,0.176470588235294,0.117647058823529,0,0,0,0,0,0,0,0,0,0,0,0,0,2691,45.761751,-0.235458809435279
"692",231,231,2,43.6661766312449,80.5675574694847,85.8607403755871,89.7408968711273,95.8565037555582,101.453481560451,112.993828247199,117.487322833924,127.100253332552,1,1,1,1,NA,NA,NA,NA,0.6,0.4,0.3,0.1,0,0,0,0,0,0,0,0,0,0,0,0,2692,65.823208,22.1570313687551
"693",231,231,3,48.5305961443194,85.4319769825591,90.7251598886616,94.6053163842018,100.720923268633,106.317901073526,117.858247760274,122.351742346999,131.964672845627,1,1,1,NA,NA,NA,NA,NA,0.266666666666667,0.133333333333333,0.0666666666666667,0,0,0,0,0,0,0,0,0,0,0,0,0,2693,51.027995,2.4973988556806
"694",232,232,1,44.9744466975095,81.8483529553874,87.1375948713204,91.0148624323809,97.1259159985079,102.718726625561,114.250481054371,118.740630051437,128.346403331948,1,1,1,NA,NA,NA,NA,NA,0.357142857142857,0.285714285714286,0.142857142857143,0,0,0,0,0,0,0,0,0,0,0,0,0,2694,54.172429,9.19798230249054
"695",232,232,2,45.7395776839449,82.6134839418229,87.9027258577559,91.7799934188163,97.8910469849434,103.483857611997,115.015612040806,119.505761037872,129.111534318383,1,1,1,NA,NA,NA,NA,NA,0.2,0.12,0.08,0,0,0,0,0,0,0,0,0,0,0,0,0,2695,20.120919,-25.6186586839449
"696",232,232,3,37.4538685751145,74.3277748329924,79.6170167489254,83.4942843099859,89.605337876113,95.1981485031664,106.729902931976,111.220051929042,120.825825209553,1,1,1,1,1,NA,NA,NA,0.444444444444444,0.333333333333333,0.277777777777778,0.166666666666667,0.0555555555555556,0,0,0,0,0,0,0,0,0,0,0,2696,43.03177,5.57790142488553
"697",233,233,1,43.0270072421212,79.9146576173278,85.2058710076407,89.0845837538112,95.1979151105425,100.792810362016,112.328863054882,116.820685678121,126.430039346185,1,1,1,1,NA,NA,NA,NA,0.352941176470588,0.235294117647059,0.176470588235294,0.0588235294117647,0,0,0,0,0,0,0,0,0,0,0,0,2697,45.553786,2.52677875787877
"698",233,233,2,43.6400073681766,80.5276577433833,85.8188711336961,89.6975838798666,95.8109152365979,101.405810488072,112.941863180937,117.433685804177,127.043039472241,1,1,1,1,NA,NA,NA,NA,0.666666666666667,0.444444444444444,0.333333333333333,0.111111111111111,0,0,0,0,0,0,0,0,0,0,0,0,2698,71.098776,27.4587686318234
"699",233,233,3,49.848961669055,86.7366120442616,92.0278254345745,95.906538180745,102.019869537476,107.61476478895,119.150817481815,123.642640105055,133.251993773119,1,1,1,NA,NA,NA,NA,NA,0.4,0.2,0.1,0,0,0,0,0,0,0,0,0,0,0,0,0,2699,66.015407,16.166445330945
"700",234,234,1,48.6270057349666,85.5169408592308,90.8084819769723,94.6874349630389,100.801144967581,106.396386755945,117.933153969395,122.42525480736,132.035203660032,1,1,1,NA,NA,NA,NA,NA,0.4,0.2,0.1,0,0,0,0,0,0,0,0,0,0,0,0,0,2700,65.818035,17.1910292650334
"701",234,234,2,48.5790044309589,85.4689395552231,90.7604806729646,94.6394336590312,100.753143663573,106.348385451937,117.885152665387,122.377253503352,131.987202356024,1,1,1,NA,NA,NA,NA,NA,0.210526315789474,0.105263157894737,0.0526315789473684,0,0,0,0,0,0,0,0,0,0,0,0,0,2701,38.312074,-10.2669304309589
"702",234,234,3,41.8894942877522,78.7794294120164,84.0709705297579,87.9499235158245,94.0636335203665,99.6588753087305,111.195642522181,115.687743360146,125.297692212818,1,1,1,1,NA,NA,NA,NA,0.352941176470588,0.294117647058824,0.176470588235294,0.0588235294117647,0,0,0,0,0,0,0,0,0,0,0,0,2702,45.69642,3.80692571224785
"703",235,235,1,43.6605591402736,80.5453874338932,85.8361960210881,89.7146120271922,95.8274756848513,101.421942900093,112.957113029782,117.448592007119,127.057210513692,1,1,1,1,NA,NA,NA,NA,0.5,0.333333333333333,0.25,0.0833333333333333,0,0,0,0,0,0,0,0,0,0,0,0,2703,61.928974,18.2684148597264
"704",235,235,2,47.599193104181,84.4840213978005,89.7748299849955,93.6532459910996,99.7661096487587,105.360576864,116.895746993689,121.387225971026,130.995844477599,1,1,1,NA,NA,NA,NA,NA,0.25,0.1875,0.125,0,0,0,0,0,0,0,0,0,0,0,0,0,2704,47.092518,-0.506675104181014
"705",235,235,3,43.9993055260699,80.8841338196895,86.1749424068844,90.0533584129885,96.1662220706476,101.760689285889,113.295859415578,117.787338392915,127.395956899488,1,1,1,1,NA,NA,NA,NA,0.428571428571429,0.285714285714286,0.214285714285714,0.0714285714285714,0,0,0,0,0,0,0,0,0,0,0,0,2705,56.087954,12.0886484739301
"706",236,236,1,46.1471129604274,82.987344655493,88.2717562475682,92.1454829499761,98.2509556846142,103.838658758065,115.359881978541,119.845930411827,129.442931358498,1,1,1,NA,NA,NA,NA,NA,0.357142857142857,0.214285714285714,0.142857142857143,0,0,0,0,0,0,0,0,0,0,0,0,0,2706,53.625992,7.47887903957258
"707",236,236,2,45.5509984379403,82.3912301330059,87.6756417250811,91.549368427489,97.6548411621272,103.242544235578,114.763767456054,119.24981588934,128.84681683601,1,1,1,NA,NA,NA,NA,NA,0.3125,0.1875,0.125,0,0,0,0,0,0,0,0,0,0,0,0,0,2707,47.509215,1.95821656205967
"708",236,236,3,44.0699440591502,80.9101757542157,86.1945873462909,90.0683140486988,96.173786783337,101.761489856788,113.282713077264,117.76876151055,127.36576245722,1,1,1,1,NA,NA,NA,NA,0.375,0.25,0.1875,0.0625,0,0,0,0,0,0,0,0,0,0,0,0,2708,46.954244,2.88429994084984
"709",237,237,1,43.9484194512661,80.7891802172085,86.0736676999105,89.9474500337813,96.0530104504905,101.640793770205,113.162182449567,117.648295308006,127.245434079372,1,1,1,1,NA,NA,NA,NA,0.6,0.4,0.3,0.1,0,0,0,0,0,0,0,0,0,0,0,0,2709,66.90184,22.953420548734
"710",237,237,2,48.7822226906956,85.622983456638,90.90747093934,94.7812532732108,100.88681368992,106.474597009635,117.995985688997,122.482098547436,132.079237318801,0,1,1,NA,NA,NA,NA,NA,0,0.666666666666667,0.333333333333333,0,0,0,0,0,0,0,0,0,0,0,0,0,2710,89.101393,40.3191703093044
"711",237,237,3,54.1617316403098,91.0024924062522,96.2869798889542,100.160762222825,106.266322639534,111.854105959249,123.375494638611,127.86160749705,137.458746268416,1,1,NA,NA,NA,NA,NA,NA,0.117647058823529,0.0588235294117647,0,0,0,0,0,0,1,0,0,0,0,0,0,0,2711,46.177113,-7.98461864030976
"712",238,238,1,43.7806085051224,80.6576018253813,85.9472865536279,89.8248787173151,95.936443897358,101.529722751324,113.062442612031,117.552967521808,127.159544992174,1,1,1,1,NA,NA,NA,NA,0.333333333333333,0.222222222222222,0.166666666666667,0.0555555555555556,0,0,0,0,1,0,0,0,0,0,0,0,2712,41.694032,-2.08657650512239
"713",238,238,2,42.6907387890543,79.5677321093132,84.8574168375598,88.735009001247,94.8465741812899,100.439853035256,111.972572895963,116.46309780574,126.069675276106,1,1,1,1,NA,NA,NA,NA,0.545454545454545,0.363636363636364,0.272727272727273,0.0909090909090909,0,0,0,0,0,0,0,0,0,0,0,0,2713,63.289527,20.5987882109457
"714",238,238,3,47.9407612633304,84.8177545835893,90.1074393118359,93.9850314755231,100.096596655566,105.689875509532,117.222595370239,121.713120280016,131.319697750382,1,1,1,NA,NA,NA,NA,NA,0.444444444444444,0.333333333333333,0.111111111111111,0,0,0,0,0,0,0,0,0,0,0,0,0,2714,69.110599,21.1698377366696
"715",239,239,1,49.3766892122595,86.2529019943502,91.5424747611689,95.419984851769,101.531420674468,107.124581141136,118.657056900379,123.147486763739,132.753860901357,1,1,1,NA,NA,NA,NA,NA,0.5,0.25,0.125,0,0,0,0,0,0,0,0,0,0,0,0,0,2715,73.275318,23.8986287877405
"716",239,239,2,50.391113037948,87.2673258200386,92.5568985868574,96.4344086774574,102.545844500157,108.139004966824,119.671480726068,124.161910589427,133.768284727046,1,1,1,NA,NA,NA,NA,NA,0.222222222222222,0.111111111111111,0.0555555555555556,0,0,0,0,0,0,0,0,0,0,0,0,0,2716,42.04104,-8.35007303794796
"717",239,239,3,42.7832058102631,79.6594185923538,84.9489913591725,88.8265014497726,94.937937272472,100.531097739139,112.063573498383,116.554003361743,126.160377499361,1,1,1,1,NA,NA,NA,NA,0.545454545454545,0.363636363636364,0.272727272727273,0.0909090909090909,0,0,0,0,0,0,0,0,0,0,0,0,2717,62.808493,20.0252871897369
"718",240,240,1,47.8596893604711,84.7539391803663,90.0460992037596,93.9255058773006,100.039930949455,105.635827164704,117.173943733714,121.666569973738,131.277642818745,1,1,1,NA,NA,NA,NA,NA,0.235294117647059,0.176470588235294,0.0588235294117647,0,0,0,0,0,0,0,0,0,0,0,0,0,2718,46.124015,-1.73567436047108
"719",240,240,2,43.7951798928906,80.6894297127858,85.9815897361791,89.8609964097201,95.9754214818749,101.571317697123,113.109434266134,117.602060506157,127.213133351165,1,1,1,1,NA,NA,NA,NA,0.5,0.333333333333333,0.25,0.0833333333333333,0,0,0,0,0,0,0,0,0,0,0,0,2719,60.490684,16.6955041071094
"720",240,240,3,47.2950473845853,84.1892972044805,89.4814572278737,93.3608639014148,99.4752889735696,105.071185188818,116.609301757829,121.101927997852,130.71300084286,1,1,1,NA,NA,NA,NA,NA,0.833333333333333,0.5,0.333333333333333,0,0,0,0,0,0,0,0,0,0,0,0,0,2720,79.55785,32.2628026154147
"721",241,241,1,51.9538300410211,88.8434767006943,94.1349764406931,98.0138990948932,104.127561292659,109.722759328462,121.259436328991,125.751502040517,135.361375747219,1,1,NA,NA,NA,NA,NA,NA,0.25,0.0833333333333333,0,0,0,0,0,0,0,0,0,0,0,0,0,0,2721,62.212547,10.2587169589789
"722",241,241,2,47.7199126494946,84.6095593091678,89.9010590491666,93.7799817033666,99.8936439011329,105.488841936936,117.025518937464,121.517584648991,131.127458355693,1,1,1,NA,NA,NA,NA,NA,0.285714285714286,0.214285714285714,0.0714285714285714,0,0,0,0,0,0,0,0,0,0,0,0,0,2722,56.200923,8.48101035050537
"723",241,241,3,46.2524998631675,83.1421465228407,88.4336462628395,92.3125689170395,98.4262311148057,104.021429150609,115.558106151137,120.050171862664,129.660045569366,1,1,1,NA,NA,NA,NA,NA,0.294117647058824,0.176470588235294,0.117647058823529,0,0,0,0,0,0,0,0,0,0,0,0,0,2723,44.755439,-1.4970608631675
"724",242,242,1,43.5002207985579,80.3462686729933,85.631514545535,89.5058528154682,95.6122894562201,101.200874692509,112.723916834792,117.210673506359,126.809189586793,1,1,1,1,NA,NA,NA,NA,0.352941176470588,0.235294117647059,0.176470588235294,0.0588235294117647,0,0,0,0,0,0,0,0,0,0,0,0,2724,44.287476,0.787255201442072
"725",242,242,2,43.3864803547498,80.2325282291852,85.5177741017268,89.3921123716601,95.498549012412,101.0871342487,112.610176390984,117.09693306255,126.695449142985,1,1,1,1,NA,NA,NA,NA,0.352941176470588,0.235294117647059,0.176470588235294,0.0588235294117647,0,0,0,0,0,0,0,0,0,0,0,0,2725,45.855933,2.46945264525024
"726",242,242,3,43.7677006548034,80.6137485292388,85.8989944017805,89.7733326717137,95.8797693124657,101.468354548754,112.991396691038,117.478153362604,127.076669443039,1,1,1,1,NA,NA,NA,NA,0.333333333333333,0.222222222222222,0.166666666666667,0.0555555555555556,0,0,0,0,0,0,0,0,0,0,0,0,2726,41.077693,-2.69000765480345
"727",243,243,1,42.6051426901946,79.450388230295,84.7355190149378,88.609772919931,94.7160765910956,100.304540134175,111.827331358575,116.313990329597,125.912297399311,1,1,1,1,NA,NA,NA,NA,0.5,0.333333333333333,0.25,0.0833333333333333,0,0,0,0,0,0,0,0,0,0,0,0,2727,62.476296,19.8711533098054
"728",243,243,2,47.8048530167723,84.6500985568727,89.9352293415155,93.8094832465087,99.9157869176733,105.504250460752,117.027041685152,121.513700656174,131.112007725888,1,1,1,NA,NA,NA,NA,NA,0.5,0.375,0.125,0,0,0,0,0,0,0,0,0,0,0,0,0,2728,73.414503,25.6096499832277
"729",243,243,3,50.4627605396206,87.308006079721,92.5931368643638,96.467390769357,102.573694440522,108.162157983601,119.684949208001,124.171608179023,133.769915248737,1,1,1,NA,NA,NA,NA,NA,0.571428571428571,0.285714285714286,0.142857142857143,0,0,0,0,0,0,0,0,0,0,0,0,0,2729,75.302699,24.8399384603794
"730",244,244,1,50.9790779118014,87.845087344739,93.1331965296511,97.0096337446408,103.119378582588,108.710991467093,120.240276283778,124.729463681595,134.33317981336,1,1,NA,NA,NA,NA,NA,NA,0.1875,0.125,0,0,0,0,0,0,0,0,0,0,0,0,0,0,2730,49.127702,-1.85137591180138
"731",244,244,2,44.5946145428428,81.4606239757804,86.7487331606925,90.6251703756821,96.7349152136296,102.326528098135,113.855812914819,118.345000312636,127.948716444401,1,1,1,1,NA,NA,NA,NA,0.454545454545455,0.363636363636364,0.181818181818182,0.0909090909090909,0,0,0,0,0,0,0,0,0,0,0,0,2731,62.971488,18.3768734571572
"732",244,244,3,47.971315774354,84.8373252072916,90.1254343922037,94.0018716071934,100.111616445141,105.703229329646,117.232514146331,121.721701544147,131.325417675912,1,1,1,NA,NA,NA,NA,NA,0.444444444444444,0.333333333333333,0.111111111111111,0,0,0,0,0,0,0,0,0,0,0,0,0,2732,69.090289,21.118973225646
"733",245,245,1,49.4755649502351,86.3557160068695,91.6458536850011,95.5237778826401,101.635866389287,107.229624189569,118.763331584392,123.254241012878,132.861641083906,1,1,1,NA,NA,NA,NA,NA,0.266666666666667,0.133333333333333,0.0666666666666667,0,0,0,0,0,0,0,0,0,0,0,0,0,2733,51.186058,1.71049304976489
"734",245,245,2,45.1050461085186,81.985197165153,87.2753348432846,91.1532590409236,97.2653475475705,102.859105347853,114.392812742676,118.883722171161,128.49112224219,1,1,1,NA,NA,NA,NA,NA,0.3125,0.25,0.125,0,0,0,0,0,0,0,0,0,0,0,0,0,2734,48.517988,3.41294189148137
"735",245,245,3,44.453755907559,81.3339069641934,86.6240446423249,90.5019688399639,96.6140573466108,102.207815146893,113.741522541716,118.232431970202,127.83983204123,1,1,1,1,NA,NA,NA,NA,0.294117647058824,0.235294117647059,0.176470588235294,0.0588235294117647,0,0,0,0,0,0,0,0,0,0,0,0,2735,46.194618,1.74086209244104
"736",246,246,1,43.8739560748176,80.719173000823,86.0042996810221,89.8785505772616,95.9848495062579,101.573308709324,113.096090985101,117.582746471774,127.181046087422,1,1,1,1,NA,NA,NA,NA,0.461538461538462,0.307692307692308,0.230769230769231,0.0769230769230769,0,0,0,0,0,0,0,0,0,0,0,0,2736,58.854418,14.9804619251824
"737",246,246,2,46.9654941868909,83.8107111128963,89.0958377930954,92.9700886893349,99.0763876183312,104.664846821398,116.187629097174,120.674284583847,130.272584199496,1,1,1,NA,NA,NA,NA,NA,0.416666666666667,0.25,0.166666666666667,0,0,0,0,0,0,0,0,0,0,0,0,0,2737,60.862328,13.8968338131091
"738",246,246,3,47.4558281803673,84.3010451063727,89.5861717865718,93.4604226828113,99.5667216118077,105.155180814874,116.67796309065,121.164618577324,130.762918192972,1,1,1,NA,NA,NA,NA,NA,0.454545454545455,0.272727272727273,0.181818181818182,0,0,0,0,0,0,0,0,0,0,0,0,0,2738,64.236423,16.7805948196327
"739",247,247,1,48.2790224183027,85.0942980006657,90.3751298549057,94.2462324380908,100.347569236046,105.931487117568,117.444905692636,121.927915210987,131.518415008609,1,1,1,NA,NA,NA,NA,NA,0.363636363636364,0.272727272727273,0.0909090909090909,0,0,0,0,0,0,0,0,0,0,0,0,0,2739,64.562642,16.2836195816973
"740",247,247,2,48.3588012541972,85.1740768365603,90.4549086908002,94.3260112739853,100.427348071941,106.011265953463,117.524684528531,122.007694046882,131.598193844504,1,1,1,NA,NA,NA,NA,NA,0.235294117647059,0.176470588235294,0.0588235294117647,0,0,0,0,0,0,0,0,0,0,0,0,0,2740,46.071026,-2.28777525419722
"741",247,247,3,43.8365643572396,80.6518399396027,85.9326717938426,89.8037743770277,95.9051111749832,101.489029056505,113.002447631573,117.485457149924,127.075956947546,1,1,1,1,NA,NA,NA,NA,0.5,0.333333333333333,0.25,0.0833333333333333,0,0,0,0,0,0,0,0,0,0,0,0,2741,60.271739,16.4351746427604
"742",248,248,1,47.3439224267603,84.1667303223512,89.4486426215695,93.320537222653,99.4231223388444,105.008182675988,116.523956867675,121.007883598552,130.600345588425,1,1,1,NA,NA,NA,NA,NA,0.714285714285714,0.428571428571429,0.285714285714286,0,0,0,0,0,0,0,0,0,0,0,0,0,2742,78.11603,30.7721075732398
"743",248,248,2,51.7152808416775,88.5380887372685,93.8200010364868,97.6918956375702,103.794480753762,109.379541090905,120.895315282592,125.379242013469,134.971704003343,1,1,NA,NA,NA,NA,NA,NA,0.176470588235294,0.0588235294117647,0,0,0,0,0,0,0,0,0,0,0,0,0,0,2743,45.32776,-6.38752084167755
"744",248,248,3,43.6830603418504,80.5058682374414,85.7877805366597,89.6596751377431,95.7622602539346,101.347320591078,112.863094782765,117.347021513642,126.939483503516,0,0,1,1,NA,NA,NA,NA,0,0,1,0.333333333333333,0,0,0,0,0,0,0,0,0,0,0,0,2744,87.512143,43.8290826581496
"745",249,249,1,53.9704585387891,90.7842336595798,96.064850285626,99.9357950962404,106.036883225097,111.620573525701,123.13352285419,127.616349660789,137.206458583259,1,1,NA,NA,NA,NA,NA,NA,0.105263157894737,0.0526315789473684,0,0,0,0,0,0,1,1,0,0,0,0,0,0,2745,39.948133,-14.0223255387891
"746",249,249,2,42.3683116436022,79.1820867643929,84.4627033904391,88.3336482010535,94.4347363299101,100.018426630515,111.531375959003,116.014202765602,125.604311688073,1,1,1,1,NA,NA,NA,NA,0.352941176470588,0.235294117647059,0.176470588235294,0.0588235294117647,0,0,0,0,1,1,0,0,0,0,0,0,2746,46.264246,3.89593435639781
"747",249,249,3,43.9089822227354,80.7227573435262,86.0033739695723,89.8743187801868,95.9754069090433,101.559097209648,113.072046538136,117.554873344735,127.144982267206,1,1,1,1,NA,NA,NA,NA,0.4,0.266666666666667,0.2,0.0666666666666667,0,0,0,0,0,0,0,0,0,0,0,0,2747,52.424496,8.51551377726457
"748",250,250,1,45.3933485096063,82.2094609700158,87.4904128671503,91.3616034475245,97.4630789399414,103.047123754054,114.560804050026,119.043915475322,128.634633282415,1,1,1,NA,NA,NA,NA,NA,1,0.8,0.4,0,0,0,0,0,0,0,0,0,0,0,0,0,2748,82.686566,37.2932174903937
"749",250,250,2,52.7831457967398,89.5992582571493,94.8802101542838,98.751400734658,104.852876227075,110.436921041187,121.95060133716,126.433712762456,136.024430569548,1,1,NA,NA,NA,NA,NA,NA,0.214285714285714,0.0714285714285714,0,0,0,0,0,0,0,0,0,0,0,0,0,0,2749,55.231531,2.44838520326019
"750",250,250,3,46.078807885911,82.8949203463205,88.175872243455,92.0470628238292,98.1485383162461,103.732583130359,115.246263426331,119.729374851627,129.320092658719,1,1,1,NA,NA,NA,NA,NA,0.277777777777778,0.166666666666667,0.111111111111111,0,0,0,0,0,0,0,0,0,0,0,0,0,2750,41.002834,-5.075973885911
"751",251,251,1,42.6390056022505,79.4440172580846,84.723376841119,88.5934001790215,94.6930359528333,100.275397064184,111.785605752038,116.267365428317,125.855191439481,1,1,1,1,NA,NA,NA,NA,0.4,0.266666666666667,0.2,0.0666666666666667,0,0,0,0,0,0,0,0,0,0,0,0,2751,51.405909,8.7669033977495
"752",251,251,2,45.1889100660762,81.9939217219103,87.2732813049447,91.1433046428472,97.242940416659,102.82530152801,114.335510215864,118.817269892143,128.405095903307,1,1,1,NA,NA,NA,NA,NA,0.384615384615385,0.307692307692308,0.153846153846154,0,0,0,0,0,0,0,0,0,0,0,0,0,2752,58.414282,13.2253719339238
"753",251,251,3,46.9067369198531,83.7117485756872,88.9911081587216,92.8611314966241,98.9607672704359,104.543128381787,116.053337069641,120.53509674592,130.122922757084,1,1,1,NA,NA,NA,NA,NA,0.357142857142857,0.214285714285714,0.142857142857143,0,0,0,0,0,0,0,0,0,0,0,0,0,2753,54.829976,7.92323908014687
"754",252,252,1,46.0303245681171,82.8323539836313,88.1112857901673,91.9809955474154,98.0801370793041,103.662045862517,115.171321899982,119.652718427771,129.23976755557,1,1,1,NA,NA,NA,NA,NA,0.454545454545455,0.272727272727273,0.181818181818182,0,0,0,0,0,0,0,0,0,0,0,0,0,2754,64.344478,18.3141534318829
"755",252,252,2,48.3640327913603,85.1660622068745,90.4449940134104,94.3147037706586,100.413845302547,105.99575408576,117.505030123225,121.986426651014,131.573475778813,1,1,1,NA,NA,NA,NA,NA,0.235294117647059,0.176470588235294,0.0588235294117647,0,0,0,0,0,0,0,0,0,0,0,0,0,2755,46.10703,-2.25700279136027
"756",252,252,3,43.8907684661681,80.6927978816823,85.9717296882183,89.8414394454665,95.9405809773551,101.522489760568,113.031765798033,117.513162325822,127.100211453621,1,1,1,1,NA,NA,NA,NA,0.6,0.4,0.3,0.1,0,0,0,0,0,0,0,0,0,0,0,0,2756,67.355117,23.4643485338319
"757",253,253,1,49.1399310911405,85.9257509996201,91.2023576930139,95.0703630310078,101.166818187196,106.746268410619,118.250475170823,122.729897861036,132.312724359193,1,1,1,NA,NA,NA,NA,NA,0.363636363636364,0.181818181818182,0.0909090909090909,0,0,0,0,0,0,0,0,0,0,0,0,0,2757,62.580634,13.4407029088595
"758",253,253,2,47.9674083434008,84.7532282518805,90.0298349452743,93.8978402832682,99.9942954394559,105.57374566288,117.077952423083,121.557375113296,131.140201611453,1,1,1,NA,NA,NA,NA,NA,0.266666666666667,0.2,0.0666666666666667,0,0,0,0,0,0,0,0,0,0,0,0,0,2758,51.121228,3.15381965659916
"759",253,253,3,45.1531949069756,81.9390148154553,87.215621508849,91.0836268468429,97.1800820030307,102.759532226454,114.263738986658,118.743161676871,128.325988175028,1,1,1,NA,NA,NA,NA,NA,0.277777777777778,0.222222222222222,0.111111111111111,0,0,0,0,0,0,0,0,0,0,0,0,0,2759,43.345259,-1.8079359069756
"760",254,254,1,43.2633529929396,80.0330647822912,85.3073609057583,89.1736724853712,95.2674580687138,100.844465110251,112.343634300722,116.821095499401,126.399725779798,1,1,1,1,NA,NA,NA,NA,0.315789473684211,0.210526315789474,0.157894736842105,0.0526315789473684,0,0,0,0,0,0,0,0,0,0,0,0,2760,39.554938,-3.70841499293956
"761",254,254,2,42.3343272005102,79.1040389898619,84.3783351133289,88.2446466929419,94.3384322762844,99.9154393178219,111.414608508293,115.892069706972,125.470699987369,1,1,1,1,NA,NA,NA,NA,0.6,0.4,0.3,0.1,0,0,0,0,0,0,0,0,0,0,0,0,2761,66.590244,24.2559167994898
"762",254,254,3,48.9608099127187,85.7305217020704,91.0048178255375,94.8711294051504,100.964914988493,106.54192203003,118.041091220501,122.51855241918,132.097182699577,1,1,1,NA,NA,NA,NA,NA,0.222222222222222,0.111111111111111,0.0555555555555556,0,0,0,0,0,0,0,0,0,0,0,0,0,2762,43.051631,-5.90917891271873
"763",255,255,1,43.1974624845081,79.8834780943404,85.1457687270461,89.0032797071357,95.0831944563782,100.647506968647,112.120501449498,116.587770933908,126.144598085576,1,1,1,1,NA,NA,NA,NA,0.375,0.25,0.1875,0.0625,0,0,0,0,0,0,0,0,0,0,0,0,2763,47.074186,3.87672351549191
"764",255,255,2,44.1882531781611,80.8742687879934,86.1365594206991,89.9940704007887,96.0739851500313,101.6382976623,113.111292143151,117.578561627561,127.135388779229,1,1,1,1,NA,NA,NA,NA,0.2,0.133333333333333,0.1,0.0333333333333333,0,0,0,0,0,0,0,0,0,0,0,0,2764,3.167185,-41.0210681781611
"765",255,255,3,33.3735724647803,70.0595880746126,75.3218787073182,79.1793896874079,85.2593044366504,90.8236169489187,102.29661142977,106.763880914181,116.320708065848,1,1,1,1,1,NA,NA,NA,0.5625,0.4375,0.375,0.25,0.125,0,0,0,0,0,0,0,0,0,0,0,2765,49.550094,16.1765215352197
"766",256,256,1,44.8110960489194,81.4817563373746,86.7418443824592,90.5977407603679,96.6751106967337,102.237094206916,113.705286544104,118.170686205437,127.723513245623,1,1,1,1,NA,NA,NA,NA,0.714285714285714,0.571428571428571,0.428571428571429,0.142857142857143,0,0,0,0,0,0,0,0,0,0,0,0,2766,77.931621,33.1205249510806
"767",256,256,2,51.7446567115039,88.4153169999591,93.6754050450438,97.5313014229524,103.608671359318,109.170654869501,120.638847206688,125.104246868021,134.657073908207,1,1,NA,NA,NA,NA,NA,NA,0.25,0.166666666666667,0,0,0,0,0,0,0,0,0,0,0,0,0,0,2767,62.268028,10.5233712884961
"768",256,256,3,47.9180665403854,84.5887268288406,89.8488148739253,93.7047112518339,99.7820811881997,105.344064698382,116.81225703557,121.277656696903,130.830483737089,1,1,1,NA,NA,NA,NA,NA,0.363636363636364,0.272727272727273,0.181818181818182,0,0,0,0,0,0,0,0,0,0,0,0,0,2768,65.052806,17.1347394596146
"769",257,257,1,48.7319153998178,85.3341630728976,90.5844379218894,94.4331407572287,100.49917278016,106.050779879456,117.497577209702,121.954646241941,131.489651571884,1,1,1,NA,NA,NA,NA,NA,0.333333333333333,0.25,0.0833333333333333,0,0,0,0,0,0,0,0,0,0,0,0,0,2769,59.962576,11.2306606001822
"770",257,257,2,47.4656803216225,84.0679279947023,89.318202843694,93.1669056790334,99.2329377019643,104.784544801261,116.231342131507,120.688411163745,130.223416493689,1,1,1,NA,NA,NA,NA,NA,0.357142857142857,0.214285714285714,0.142857142857143,0,0,0,0,0,0,0,0,0,0,0,0,0,2770,53.572508,6.1068276783775
"771",257,257,3,45.8761002331681,82.4783479062479,87.7286227552396,91.5773255905789,97.6433576135099,103.194964712807,114.641762043053,119.098831075291,128.633836405235,1,1,1,NA,NA,NA,NA,NA,0.5,0.3,0.2,0,0,0,0,0,0,0,0,0,0,0,0,0,2771,65.846214,19.9701137668319
"772",258,258,1,48.9442983386446,85.5433436054978,90.793159097102,94.6415252014833,100.707026494747,106.258147872476,117.703943698787,122.160622772853,131.694793865492,1,1,1,NA,NA,NA,NA,NA,0.4,0.2,0.1,0,0,0,0,0,0,0,0,0,0,0,0,0,2772,65.865203,16.9209046613555
"773",258,258,2,48.9490336494965,85.5480789163497,90.7978944079539,94.6462605123353,100.711761805599,106.262883183328,117.708679009639,122.165358083705,131.699529176344,1,1,1,NA,NA,NA,NA,NA,0.25,0.125,0.0625,0,0,0,0,0,0,0,0,0,0,0,0,0,2773,49.337763,0.388729350503475
"774",258,258,3,44.8275651157467,81.4266103825999,86.6764258742041,90.5247919785854,96.5902932718493,102.141414649578,113.58721047589,118.043889549955,127.578060642594,1,1,1,1,NA,NA,NA,NA,0.555555555555556,0.444444444444444,0.333333333333333,0.111111111111111,0,0,0,0,0,0,0,0,0,0,0,0,2774,71.443592,26.6160268842533
"775",259,259,1,50.3753013626061,86.980126891826,92.2307715119142,96.0797454071711,102.146204654081,107.698202746974,119.145806262596,123.603189201315,133.138866071222,1,1,1,NA,NA,NA,NA,NA,0.8,0.4,0.2,0,0,0,0,0,0,0,0,0,0,0,0,0,2775,82.02535,31.6500486373939
"776",259,259,2,53.0212618048064,89.6260873340264,94.8767319541146,98.7257058493714,104.792165096282,110.344163189175,121.791766704796,126.249149643516,135.784826513422,1,1,NA,NA,NA,NA,NA,NA,0.25,0.0833333333333333,0,0,0,0,0,0,0,0,0,0,0,0,0,0,2776,60.157476,7.13621419519356
"777",259,259,3,47.5532167447114,84.1580422739313,89.4086868940196,93.2576607892764,99.3241200361865,104.87611812908,116.323721644701,120.781104583421,130.316781453327,1,1,1,NA,NA,NA,NA,NA,0.294117647058824,0.176470588235294,0.117647058823529,0,0,0,0,0,0,0,0,0,0,0,0,0,2777,46.014568,-1.53864874471143
"778",260,260,1,44.0237463215129,80.6339258855818,85.8853384955148,89.7348753640974,95.8022219266482,101.355032087099,112.804309995844,117.262344897338,126.799416510847,1,1,1,1,NA,NA,NA,NA,0.375,0.25,0.1875,0.0625,0,0,0,0,0,0,0,0,0,0,0,0,2778,49.314468,5.29072167848707
"779",260,260,2,44.8527199886045,81.4628995526733,86.7143121626063,90.563849031189,96.6311955937397,102.184005754191,113.633283662936,118.091318564429,127.628390177939,1,1,1,1,NA,NA,NA,NA,0.333333333333333,0.266666666666667,0.2,0.0666666666666667,0,0,0,0,0,0,0,0,0,0,0,0,2779,50.309615,5.45689501139552
"780",260,260,3,45.1027126119825,81.7128921760514,86.9643047859844,90.813841654567,96.8811882171178,102.433998377569,113.883276286314,118.341311187807,127.878382801317,1,1,1,NA,NA,NA,NA,NA,0.277777777777778,0.222222222222222,0.111111111111111,0,0,0,0,0,0,0,0,0,0,0,0,0,2780,43.37047,-1.73224261198251
"781",261,261,1,43.3651842911388,79.9740272935285,85.2252481852853,89.0746445152658,95.1417695715851,100.694377010461,112.14323692983,116.601109077721,126.137832512538,1,1,1,1,NA,NA,NA,NA,0.3,0.2,0.15,0.05,0,0,0,0,0,0,0,0,0,0,0,0,2781,36.780579,-6.58460529113883
"782",261,261,2,41.7094295666614,78.3182725690511,83.5694934608078,87.4188897907883,93.4860148471076,99.0386222859832,110.487482205352,114.945354353243,124.482077788061,1,1,1,1,NA,NA,NA,NA,0.352941176470588,0.294117647058824,0.235294117647059,0.117647058823529,0,0,0,0,0,0,0,0,0,0,0,0,2782,44.43047,2.72104043333864
"783",261,261,3,43.6315164668829,80.2403594692726,85.4915803610293,89.3409766910098,95.4081017473291,100.960709186205,112.409569105574,116.867441253465,126.404164688282,1,1,1,1,NA,NA,NA,NA,0.428571428571429,0.285714285714286,0.214285714285714,0.0714285714285714,0,0,0,0,0,0,0,0,0,0,0,0,2783,53.500784,9.86926753311712
"784",262,262,1,45.9069903547993,82.511641762759,87.7622614066632,91.6112169931814,97.6776473832532,103.229619066489,114.677168128329,119.134529864239,128.670161374988,1,1,1,NA,NA,NA,NA,NA,0.357142857142857,0.214285714285714,0.142857142857143,0,0,0,0,0,0,0,0,0,0,0,0,0,2784,56.002882,10.0958916452007
"785",262,262,2,46.535780454353,83.1404318623126,88.3910515062168,92.240007092735,98.3064374828068,103.858409166042,115.305958227883,119.763319963793,129.298951474541,1,1,1,NA,NA,NA,NA,NA,0.416666666666667,0.25,0.166666666666667,0,0,0,0,0,0,0,0,0,0,0,0,0,2785,60.6061,14.070319545647
"786",262,262,3,47.6925928192113,84.2972442271709,89.5478638710751,93.3968194575933,99.4632498476651,105.015221530901,116.462770592741,120.920132328651,130.455763839399,1,1,1,NA,NA,NA,NA,NA,0.384615384615385,0.230769230769231,0.153846153846154,0,0,0,0,0,0,0,0,0,0,0,0,0,2786,58.652528,10.9599351807887
"787",263,263,1,47.2154559752241,83.8217718731436,89.0726302736906,92.9217608802591,98.9884671235924,104.540691266577,115.988760872385,120.446325293844,129.982390409676,1,1,1,NA,NA,NA,NA,NA,0.5,0.3,0.2,0,0,0,0,0,0,0,0,0,0,0,0,0,2787,65.819049,18.6035930247759
"788",263,263,2,49.0183336564931,85.6246495544126,90.8755079549596,94.724638561528,100.791344804861,106.343568947846,117.791638553654,122.249202975113,131.785268090944,1,1,1,NA,NA,NA,NA,NA,0.285714285714286,0.142857142857143,0.0714285714285714,0,0,0,0,0,0,0,0,0,0,0,0,0,2788,53.612899,4.59456534350689
"789",263,263,3,45.9476393252797,82.5539552231992,87.8048136237462,91.6539442303147,97.720650473648,103.272874616633,114.720944222441,119.1785086439,128.714573759731,1,1,1,NA,NA,NA,NA,NA,0.263157894736842,0.157894736842105,0.105263157894737,0,0,0,0,0,0,0,0,0,0,0,0,0,2789,39.072423,-6.87521632527974
"790",264,264,1,42.2568840492325,78.7970654687801,84.038437452221,87.8806140608629,93.9363599427669,99.4785532088802,110.905940260512,115.355451462449,124.874288330184,1,1,1,1,NA,NA,NA,NA,0.315789473684211,0.263157894736842,0.157894736842105,0.0526315789473684,0,0,0,0,0,0,0,0,0,0,0,0,2790,39.326397,-2.93048704923248
"791",264,264,2,42.3215714586963,78.8617528782439,84.1031248616848,87.9453014703267,94.0010473522307,99.5432406183441,110.970627669976,115.420138871913,124.938975739648,1,1,1,1,NA,NA,NA,NA,0.4,0.333333333333333,0.2,0.0666666666666667,0,0,0,0,0,0,0,0,0,0,0,0,2791,51.55564,9.23406854130372
"792",264,264,3,45.4363708057687,81.9765522253163,87.2179242087572,91.0601008173992,97.1158466993031,102.658039965416,114.085427017048,118.534938218985,128.053775086721,1,1,1,NA,NA,NA,NA,NA,0.263157894736842,0.210526315789474,0.105263157894737,0,0,0,0,0,0,0,0,0,0,0,0,0,2792,39.290547,-6.14582380576869
"793",265,265,1,42.3587329045562,78.8529803576566,84.0877635121571,87.9251101937279,93.9732435127669,99.5084697932321,110.921491694145,115.365409500255,124.872280419374,1,1,1,1,NA,NA,NA,NA,0.545454545454545,0.454545454545455,0.272727272727273,0.0909090909090909,0,0,0,0,0,0,0,0,0,0,0,0,2793,65.21114,22.8524070954438
"794",265,265,2,48.9221149807523,85.4163624338528,90.6511455883532,94.488492269924,100.536625588963,106.071851869428,117.484873770341,121.928791576451,131.43566249557,1,1,1,NA,NA,NA,NA,NA,0.363636363636364,0.181818181818182,0.0909090909090909,0,0,0,0,0,0,0,0,0,0,0,0,0,2794,64.161072,15.2389570192477
"795",265,265,3,48.6562260988896,85.1504735519901,90.3852567064906,94.2226033880613,100.2707367071,105.805962987566,117.218984888478,121.662902694588,131.169773613707,1,1,1,NA,NA,NA,NA,NA,0.235294117647059,0.176470588235294,0.0588235294117647,0,0,0,0,0,0,0,0,0,0,0,0,0,2795,44.399857,-4.25636909888964
"796",266,266,1,43.6800152902912,80.1528047654219,85.3845099591629,89.2196003481313,95.2641774707675,100.79614913518,112.202460379219,116.643765239535,126.145046285154,1,1,1,1,NA,NA,NA,NA,0.315789473684211,0.210526315789474,0.157894736842105,0.0526315789473684,0,0,0,0,0,0,0,0,0,0,0,0,2796,40.343627,-3.33638829029123
"797",266,266,2,42.6513593081794,79.12414878331,84.3558539770511,88.1909443660195,94.2355214886556,99.7674931530684,111.173804397107,115.615109257424,125.116390303043,1,1,1,1,NA,NA,NA,NA,0.315789473684211,0.263157894736842,0.157894736842105,0.0526315789473684,0,0,0,0,0,0,0,0,0,0,0,0,2797,39.2921,-3.3592593081794
"798",266,266,3,42.3846930839017,78.8574825590323,84.0891877527733,87.9242781417418,93.9688552643779,99.5008269287907,110.90713817283,115.348443033146,124.849724078765,1,1,1,1,NA,NA,NA,NA,0.333333333333333,0.277777777777778,0.166666666666667,0.0555555555555556,0,0,0,0,0,0,0,0,0,0,0,0,2798,41.495728,-0.88896508390166
"799",267,267,1,42.950071567343,79.3991264017087,84.6274270671659,88.4600217739012,94.5006653924472,100.029037130392,111.427925725829,115.866340410293,125.361438504302,1,1,1,1,NA,NA,NA,NA,0.315789473684211,0.210526315789474,0.157894736842105,0.0526315789473684,0,0,0,0,0,0,0,0,0,0,0,0,2799,39.652411,-3.29766056734302
"800",267,267,2,42.4797966812591,78.9288515156248,84.1571521810819,87.9897468878173,94.0303905063632,99.5587622443085,110.957650839745,115.396065524209,124.891163618218,1,1,1,1,NA,NA,NA,NA,0.545454545454545,0.454545454545455,0.272727272727273,0.0909090909090909,0,0,0,0,0,0,0,0,0,0,0,0,2800,64.628907,22.1491103187409
"801",267,267,3,48.8519067476102,85.3009615819759,90.529262247433,94.3618569541684,100.402500572714,105.93087231066,117.329760906096,121.76817559056,131.263273684569,1,1,1,NA,NA,NA,NA,NA,0.444444444444444,0.333333333333333,0.111111111111111,0,0,0,0,0,0,0,0,0,0,0,0,0,2801,71.229234,22.3773272523898
"802",268,268,1,50.5786118386049,87.0098085579334,92.2355476317345,96.066264569143,102.103948590818,107.629611718103,119.022915459151,123.459155554443,132.949601551029,1,1,1,NA,NA,NA,NA,NA,1,0.5,0.25,0,0,0,0,0,0,0,0,0,0,0,0,0,2802,85.13988,34.5612681613951
"803",268,268,2,54.1389889849358,90.5701857042643,95.7959247780655,99.6266417154739,105.664325737149,111.189988864434,122.583292605482,127.019532700774,136.50997869736,1,1,NA,NA,NA,NA,NA,NA,0.6,0.2,0,0,0,0,0,0,0,0,0,0,0,0,0,0,2803,83.36698,29.2279910150641
"804",268,268,3,53.6852219461707,90.1164186654992,95.3421577393003,99.1728746767087,105.210558698384,110.736221825669,122.129525566717,126.565765662009,136.056211658594,1,1,NA,NA,NA,NA,NA,NA,0.166666666666667,0.0555555555555556,0,0,0,0,0,0,0,0,0,0,0,0,0,0,2804,43.555646,-10.1295759461707
"805",269,269,1,43.5406887300269,79.9780915243542,85.2047208057668,89.0360903079756,95.0748028525439,100.601407279673,111.996651876468,116.433647687772,125.92571038721,1,1,1,1,NA,NA,NA,NA,0.461538461538462,0.307692307692308,0.230769230769231,0.0769230769230769,0,0,0,0,0,0,0,0,0,0,0,0,2805,57.468837,13.9281482699731
"806",269,269,2,47.1282584734611,83.5656612677884,88.792290549201,92.6236600514098,98.6623725959781,104.188977023107,115.584221619902,120.021217431207,129.513280130644,1,1,1,NA,NA,NA,NA,NA,0.161290322580645,0.0967741935483871,0.0645161290322581,0,0,0,0,0,0,0,0,0,0,0,0,0,2806,1.900096,-45.2281624734611
"807",269,269,3,32.7996451530279,69.2370479473551,74.4636772287678,78.2950467309765,84.3337592755448,89.8603637026741,101.255608299469,105.692604110773,115.184666810211,1,1,1,1,1,NA,NA,NA,0.6,0.533333333333333,0.4,0.333333333333333,0.2,0,0,0,0,0,0,0,0,0,0,0,2807,51.408979,18.6093338469721
"808",270,270,1,45.5721324776888,82.0037561473329,87.2295564634523,91.0603182944122,97.0980730738808,102.623800958403,114.017238221681,118.453530306868,127.944087525408,1,1,1,NA,NA,NA,NA,NA,0.161290322580645,0.129032258064516,0.0645161290322581,0,0,0,0,0,0,0,0,0,0,0,0,0,2808,1.769004,-43.8031284776888
"809",270,270,2,32.8781470258113,69.3097706954553,74.5355710115748,78.3663328425347,84.4040876220032,89.929815506525,101.323252769803,105.75954485499,115.250102073531,1,1,1,1,1,NA,NA,NA,0.5625,0.5,0.375,0.25,0.1875,0,0,0,0,0,0,0,0,0,0,0,2809,47.307483,14.4293359741887
"810",270,270,3,44.523293702993,80.954917372637,86.1807176887565,90.0114795197163,96.0492342991849,101.574962183707,112.968399446985,117.404691532172,126.895248750712,1,1,1,1,NA,NA,NA,NA,0.352941176470588,0.235294117647059,0.176470588235294,0.0588235294117647,0,0,0,0,0,0,0,0,0,0,0,0,2810,45.737529,1.21423529700704
"811",271,271,1,44.1080910903531,80.5709619699793,85.801244427254,89.6352918822753,95.6782252119267,101.208692483885,112.611901837746,117.051998907075,126.550696126098,1,1,1,1,NA,NA,NA,NA,0.428571428571429,0.285714285714286,0.214285714285714,0.0714285714285714,0,0,0,0,0,0,0,0,0,0,0,0,2811,55.156554,11.0484629096469
"812",271,271,2,46.5108640925237,82.9737349721499,88.2040174294246,92.0380648844459,98.0809982140973,103.611465486056,115.014674839917,119.454771909245,128.953469128269,1,1,1,NA,NA,NA,NA,NA,0.277777777777778,0.166666666666667,0.111111111111111,0,0,0,0,0,0,0,0,0,0,0,0,0,2812,41.551365,-4.95949909252368
"813",271,271,3,43.0402096650613,79.5030805446876,84.7333630019623,88.5674104569836,94.6103437866349,100.140811058593,111.544020412454,115.984117481783,125.482814700806,1,1,1,1,NA,NA,NA,NA,0.193548387096774,0.129032258064516,0.0967741935483871,0.032258064516129,0,0,0,0,0,0,0,0,0,0,0,0,2813,1.596973,-41.4432366650613
"814",272,272,1,32.8105065124893,69.2942021864636,74.5274717798011,78.3637089485735,84.4100935381179,89.9437193886743,101.353441380843,105.796074292966,115.300196439083,1,1,1,1,1,NA,NA,NA,0.473684210526316,0.421052631578947,0.315789473684211,0.210526315789474,0.157894736842105,0,0,0,0,0,0,0,0,0,0,0,2814,38.456044,5.64553748751074
"815",272,272,2,42.229306407949,78.7130020819234,83.9462716752608,87.7825088440333,93.8288934335776,99.362519284134,110.772241276303,115.214874188425,124.718996334543,1,1,1,1,NA,NA,NA,NA,0.461538461538462,0.384615384615385,0.230769230769231,0.0769230769230769,0,0,0,0,0,0,0,0,0,0,0,0,2815,58.42636,16.197053592051
"816",272,272,3,47.3324304192161,83.8161260931905,89.0493956865279,92.8856328553003,98.9320174448447,104.465643295401,115.87536528757,120.317998199692,129.82212034581,1,1,1,NA,NA,NA,NA,NA,0.416666666666667,0.25,0.166666666666667,0,0,0,0,0,0,0,0,0,0,0,0,0,2816,61.033246,13.7008155807839
"817",273,273,1,48.0192664287406,84.4958250286449,89.7280708706319,93.5635575806496,99.6087593543121,105.141302696728,116.548792677324,120.990556505337,130.492819420297,1,1,1,NA,NA,NA,NA,NA,0.266666666666667,0.2,0.133333333333333,0,0,0,0,0,0,0,0,0,0,0,0,0,2817,52.349343,4.33007657125945
"818",273,273,2,45.7983820525748,82.2749406524791,87.5071864944661,91.3426732044838,97.3878749781463,102.920418320562,114.327908301158,118.769672129171,128.271935044131,1,1,1,NA,NA,NA,NA,NA,0.277777777777778,0.166666666666667,0.111111111111111,0,0,0,0,0,0,0,0,0,0,0,0,0,2818,43.00528,-2.79310205257477
"819",273,273,3,43.4086635669343,79.8852221668387,85.1174680088257,88.9529547188433,94.9981564925058,100.530699834922,111.938189815517,116.37995364353,125.88221655849,1,1,1,1,NA,NA,NA,NA,0.2,0.133333333333333,0.1,0.0333333333333333,0,0,0,0,0,0,0,0,0,0,0,0,2819,4.388484,-39.0201795669343
"820",274,274,1,33.4750077797704,69.9480375840455,75.1797772509171,79.0148929103407,85.0595098623419,90.5915179784228,101.997904381753,106.439238507037,115.940582159185,1,1,1,1,1,NA,NA,NA,0.5625,0.4375,0.375,0.25,0.1875,0,0,0,0,0,0,0,0,0,0,0,2820,48.158073,14.6830652202296
"821",274,274,2,44.6978342025023,81.1708640067774,86.402603673649,90.2377193330726,96.2823362850739,101.814344401155,113.220730804485,117.662064929769,127.163408581917,1,1,1,1,NA,NA,NA,NA,1,0.666666666666667,0.5,0.166666666666667,0,0,0,0,0,0,0,0,0,0,0,0,2821,78.570081,33.8722467974977
"822",274,274,3,52.4956841423483,88.9687139466234,94.200453613495,98.0355692729186,104.08018622492,109.612194341001,121.018580744331,125.459914869615,134.961258521763,1,1,NA,NA,NA,NA,NA,NA,0.12,0.04,0,0,0,0,0,0,0,0,0,0,0,0,0,0,2822,19.627186,-32.8684981423483
"823",275,275,1,37.4273946149921,73.9378688724535,79.1749796212476,83.0140325408754,89.0648551022736,94.6025425660818,106.020639153732,110.46653290372,119.977630958491,1,1,1,1,1,NA,NA,NA,0.266666666666667,0.2,0.166666666666667,0.1,0.0333333333333333,0,0,0,0,0,0,0,0,0,0,0,2823,4.267451,-33.1599436149921
"824",275,275,2,33.5164970322115,70.026971289673,75.2640820384671,79.1031349580948,85.153957519493,90.6916449833013,102.109741570951,106.55563532094,116.06673337571,1,1,1,1,1,NA,NA,NA,0.5625,0.4375,0.375,0.25,0.125,0,0,0,0,0,0,0,0,0,0,0,2824,47.102647,13.5861499677885
"825",275,275,3,44.4231998167539,80.9336740742153,86.1707848230093,90.0098377426371,96.0606603040353,101.598347767844,113.016444355494,117.462338105482,126.973436160253,1,1,1,1,NA,NA,NA,NA,0.352941176470588,0.235294117647059,0.176470588235294,0.0588235294117647,0,0,0,0,0,0,0,0,0,0,0,0,2825,45.824563,1.40136318324615
"826",276,276,1,44.1013307488002,80.5945132408926,85.8291436359767,89.6663783375814,95.7143351623342,101.249399915968,112.662088766492,117.105876891912,126.612470385202,1,1,1,1,NA,NA,NA,NA,0.375,0.25,0.1875,0.0625,0,0,0,0,0,0,0,0,0,0,0,0,2826,48.503176,4.40184525119982
"827",276,276,2,44.7890586779859,81.2822411700784,86.5168715651624,90.3541062667671,96.4020630915199,101.937127845154,113.349816695677,117.793604821098,127.300198314388,1,1,1,1,NA,NA,NA,NA,0.277777777777778,0.222222222222222,0.166666666666667,0.0555555555555556,0,0,0,0,0,0,0,0,0,0,0,0,2827,42.495869,-2.29318967798589
"828",276,276,3,43.2466959689672,79.7398784610596,84.9745088561437,88.8117435577484,94.8597003825012,100.394765136135,111.807453986658,116.251242112079,125.757835605369,1,1,1,1,NA,NA,NA,NA,0.315789473684211,0.210526315789474,0.157894736842105,0.0526315789473684,0,0,0,0,0,0,0,0,0,0,0,0,2828,40.013953,-3.23274296896717
"829",277,277,1,42.6210938289122,79.1140190628563,84.3486125564911,88.1858202075667,94.2337343973377,99.7687601316146,111.181368528557,115.625125327559,125.13165180426,1,1,1,1,NA,NA,NA,NA,0.4,0.333333333333333,0.2,0.0666666666666667,0,0,0,0,0,0,0,0,0,0,0,0,2829,52.969315,10.3482211710878
"830",277,277,2,45.9424415794966,82.4353668134407,87.6699603070755,91.5071679581511,97.555082147922,103.090107882199,114.502716279142,118.946473078144,128.452999554845,0,0,1,NA,NA,NA,NA,NA,0,0,1,0,0,0,0,0,0,0,0,0,0,0,0,0,2830,93.229696,47.2872544205034
"831",277,277,3,56.2639382595599,92.756863493504,97.9914569871388,101.828664638214,107.876578827985,113.411604562262,124.824212959205,129.267969758207,138.774496234908,1,NA,NA,NA,NA,NA,NA,NA,0.2,0,0,0,0,0,0,0,1,1,0,0,0,0,0,0,2831,66.552181,10.2882427404401
"832",278,278,1,49.4718140929504,86.0049253760349,91.2452832097442,95.0867163980778,101.141290557563,106.682411468226,118.107587442005,122.556237710849,132.073232784893,1,1,1,NA,NA,NA,NA,NA,0.222222222222222,0.111111111111111,0.0555555555555556,0,0,0,0,0,1,1,0,0,0,0,0,0,2832,42.279147,-7.19266709295041
"833",278,278,2,43.226844857688,79.7599561407724,85.0003139744818,88.8417471628154,94.8963213223001,100.437442232963,111.862618206742,116.311268475587,125.828263549631,1,1,1,1,NA,NA,NA,NA,0.352941176470588,0.235294117647059,0.176470588235294,0.0588235294117647,0,0,0,0,0,1,0,0,0,0,0,0,2833,44.242581,1.01573614231205
"834",278,278,3,43.7319974037384,80.2651086868228,85.5054665205322,89.3468997088658,95.4014738683505,100.942594779014,112.367770752793,116.816421021637,126.333416095681,1,1,1,1,NA,NA,NA,NA,0.375,0.25,0.1875,0.0625,0,0,0,0,0,0,0,0,0,0,0,0,2834,49.608337,5.87633959626163
"835",279,279,1,45.1015794155469,81.6295078890984,86.869122293749,90.7100105129888,96.7637257337308,102.304060547254,113.727615676028,118.175634832268,127.691279767463,1,1,1,1,NA,NA,NA,NA,0.161290322580645,0.129032258064516,0.0645161290322581,0.032258064516129,0,0,0,0,0,0,0,0,0,0,0,0,2835,1.256183,-43.8453964155469
"836",279,279,2,32.6802515188143,69.2081799923657,74.4477943970163,78.2886826162561,84.3423978369981,89.8827326505217,101.306287779296,105.754306935535,115.269951870731,0,0,0,0,1,NA,NA,NA,0,0,0,0,1,0,0,0,0,0,0,0,0,0,0,0,2836,87.88969,55.2094384811857
"837",279,279,3,54.9357894477116,91.4637179212631,96.7033323259136,100.544220545153,106.597935765896,112.138270579419,123.561825708193,128.009844864433,137.525489799628,1,1,NA,NA,NA,NA,NA,NA,0.111111111111111,0.0555555555555556,0,0,0,0,0,0,1,1,1,1,0,0,0,0,2837,41.979158,-12.9566314477116
"838",280,280,1,43.1635682405157,79.7500405727177,84.9980525859354,88.845096654313,94.9085142552065,100.457728646405,111.899592478265,116.354740541498,125.885636343505,1,1,1,1,NA,NA,NA,NA,0.428571428571429,0.285714285714286,0.214285714285714,0.0714285714285714,0,0,0,0,1,1,1,1,0,0,0,0,2838,55.171182,12.0076137594843
"839",280,280,2,46.5213574414836,83.1078297736856,88.3558417869033,92.2028858552809,98.2663034561744,103.815517847373,115.257381679232,119.712529742466,129.243425544473,1,1,1,NA,NA,NA,NA,NA,0.416666666666667,0.25,0.166666666666667,0,0,0,0,0,0,0,1,1,0,0,0,0,2839,61.0618,14.5404425585164
"840",280,280,3,48.0207068595431,84.6071791917451,89.8551912049628,93.7022352733404,99.7656528742339,105.314867265433,116.756731097292,121.211879160525,130.742774962532,1,1,1,NA,NA,NA,NA,NA,0.266666666666667,0.2,0.133333333333333,0,0,0,0,0,0,0,0,1,0,0,0,0,2840,51.162932,3.14222514045687
"841",281,281,1,45.5003621966782,82.0869922118956,87.3350268433737,91.1820874920191,97.2455312254667,102.79476953307,114.236682677898,118.69184994225,128.222786821199,1,1,1,NA,NA,NA,NA,NA,0.454545454545455,0.363636363636364,0.181818181818182,0,0,0,0,0,0,0,0,1,0,0,0,0,2841,65.522417,20.0220548033218
"842",281,281,2,49.1629499757022,85.7495799909196,90.9976146223977,94.8446752710431,100.908119004491,106.457357312094,117.899270456922,122.354437721274,131.885374600223,1,1,1,NA,NA,NA,NA,NA,0.210526315789474,0.105263157894737,0.0526315789473684,0,0,0,0,0,0,0,0,1,0,0,0,0,2842,37.776123,-11.3868269757022
"843",281,281,3,42.0858690554876,78.672499070705,83.9205337021831,87.7675943508285,93.8310380842762,99.3802763918792,110.822189536708,115.277356801059,124.808293680008,1,1,1,1,NA,NA,NA,NA,0.333333333333333,0.277777777777778,0.166666666666667,0.0555555555555556,0,0,0,0,0,0,0,1,0,0,0,0,2843,43.411348,1.32547894451238
"844",282,282,1,43.5474488531712,80.1075372232196,85.351764685987,89.196034497689,95.2550795266917,100.800292158411,112.233904806621,116.685840085171,126.209862778674,1,1,1,1,NA,NA,NA,NA,0.3,0.2,0.15,0.05,0,0,0,0,0,0,0,0,0,0,0,0,2844,37.487158,-6.06029085317124
"845",282,282,2,42.0369282663347,78.597016636383,83.8412440991504,87.6855139108524,93.7445589398551,99.2897715715744,110.723384219784,115.175319498335,124.699342191838,1,1,1,1,NA,NA,NA,NA,0.461538461538462,0.384615384615385,0.230769230769231,0.153846153846154,0,0,0,0,0,0,0,0,0,0,0,0,2845,58.072585,16.0356567336653
"846",282,282,3,47.2856983551268,83.8457867251752,89.0900141879426,92.9342839996446,98.9933290286473,104.538541660367,115.972154308576,120.424089587127,129.94811228063,1,1,1,NA,NA,NA,NA,NA,0.161290322580645,0.0967741935483871,0.0645161290322581,0,0,0,0,0,0,0,0,0,0,0,0,0,2846,2.35235,-44.9333483551268
"847",283,283,1,33.0742594076045,69.6676467679257,74.9166506819288,78.764421861072,84.8289854785266,90.3792486992822,101.823275101214,106.27926520994,115.811962399408,1,1,1,1,1,NA,NA,NA,0.642857142857143,0.571428571428571,0.428571428571429,0.285714285714286,0.214285714285714,0,0,0,0,0,0,0,0,0,0,0,2847,54.862242,21.7879825923955
"848",283,283,2,46.424237868403,83.0176252287242,88.2666291427273,92.1144003218705,98.1789639393251,103.729227160081,115.173253562013,119.629243670739,129.161940860206,1,1,1,NA,NA,NA,NA,NA,0.625,0.375,0.25,0,0,0,0,0,0,0,0,0,0,0,0,0,2848,71.969881,25.545643131597
"849",283,283,3,50.7736395423793,87.3670269027005,92.6160308167036,96.4638019958468,102.528365613301,108.078628834057,119.522655235989,123.978645344715,133.511342534182,1,1,1,NA,NA,NA,NA,NA,0.333333333333333,0.166666666666667,0.0833333333333333,0,0,0,0,0,0,0,0,0,0,0,0,0,2849,59.745124,8.97148445762067
"850",284,284,1,47.6867596125541,84.3015595994793,89.5536349689818,93.4036576720604,99.4717699699085,105.025280928096,116.476003803951,120.934601336018,130.472876584806,1,1,1,NA,NA,NA,NA,NA,0.25,0.15,0.1,0,0,0,0,0,0,0,0,0,0,0,0,0,2850,37.446767,-10.2399926125541
"851",284,284,2,42.025890979188,78.6406909661131,83.8927663356157,87.7427890386943,93.8109013365424,99.3644122947301,110.815135170584,115.273732702652,124.81200795144,1,1,1,1,NA,NA,NA,NA,0.3,0.25,0.15,0.05,0,0,0,0,0,0,0,0,0,0,0,0,2851,36.959281,-5.06660997918799
"852",284,284,3,41.9021332419428,78.516933228868,83.7690085983705,87.6190313014491,93.6871435992972,99.2406545574849,110.691377433339,115.149974965407,124.688250214195,1,1,1,1,NA,NA,NA,NA,0.461538461538462,0.384615384615385,0.230769230769231,0.153846153846154,0,0,0,0,0,0,0,0,0,0,0,0,2852,58.301316,16.3991827580572
"853",285,285,1,47.3061283830847,83.9139282238304,89.1649994831003,93.0142861253039,99.0812383001107,104.63368751855,116.082221204951,120.539966326668,130.076418014463,1,1,1,NA,NA,NA,NA,NA,0.178571428571429,0.107142857142857,0.0714285714285714,0,0,0,0,0,0,0,0,0,0,0,0,0,2853,10.749243,-36.5568853830847
"854",285,285,2,35.2542741454501,71.8620739861958,77.1131452454658,80.9624318876694,87.0293840624762,92.5818332809157,104.030366967316,108.488112089034,118.024563776828,1,1,1,1,1,NA,NA,NA,0.9,0.7,0.6,0.4,0.2,0,0,0,0,0,0,0,0,0,0,0,2854,65.859562,30.6052878545499
"855",285,285,3,49.221731075825,85.8295309165707,91.0806021758407,94.9298888180442,100.996840992851,106.549290211291,117.997823897691,122.455569019408,131.992020707203,1,1,1,NA,NA,NA,NA,NA,0.363636363636364,0.181818181818182,0.0909090909090909,0,0,0,0,0,0,0,0,0,0,0,0,0,2855,62.764182,13.542450924175
"856",286,286,1,48.405180585481,85.0507279445839,90.3072137578455,94.1604695273613,100.233677538072,105.791852071327,117.252190721079,121.714532371857,131.260817411743,1,1,1,NA,NA,NA,NA,NA,0.8,0.6,0.2,0,0,0,0,0,0,0,0,0,0,0,0,0,2856,82.288379,33.883198414519
"857",286,286,2,53.330308909827,89.9758562689299,95.2323420821915,99.0855978517073,105.158805862418,110.716980395673,122.177319045425,126.639660696203,136.185945736089,1,1,NA,NA,NA,NA,NA,NA,0.230769230769231,0.0769230769230769,0,0,0,0,0,0,0,0,0,0,0,0,0,0,2857,57.771298,4.44098909017299
"858",286,286,3,47.1456873316189,83.7912346907218,89.0477205039835,92.9009762734993,98.9741842842096,104.532358817465,115.992697467217,120.455039117995,130.001324157881,1,1,1,NA,NA,NA,NA,NA,0.263157894736842,0.157894736842105,0.105263157894737,0,0,0,0,0,0,0,0,0,0,0,0,0,2858,37.541762,-9.60392533161895
"859",287,287,1,42.0181539870913,78.6527302364415,83.9076423392001,87.7597445035715,93.8311342897923,99.3876447916107,110.844552393331,115.305558088078,124.848985117962,1,1,1,1,NA,NA,NA,NA,0.3,0.25,0.15,0.05,0,0,0,0,0,0,0,0,0,0,0,0,2859,37.151959,-4.86619498709128
"860",287,287,2,41.9192921202174,78.5538683695676,83.8087804723262,87.6608826366976,93.7322724229185,99.2887829247368,110.745690526457,115.206696221204,124.750123251088,1,1,1,1,NA,NA,NA,NA,0.352941176470588,0.294117647058824,0.176470588235294,0.117647058823529,0,0,0,0,0,0,0,0,0,0,0,0,2860,46.047999,4.12870687978261
"861",287,287,3,44.1755064699913,80.8100827193415,86.0649948221,89.9170969864714,95.9884867726923,101.544997274511,113.001904876231,117.462910570978,127.006337600862,1,1,1,1,NA,NA,NA,NA,0.352941176470588,0.235294117647059,0.176470588235294,0.0588235294117647,0,0,0,0,0,0,0,0,0,0,0,0,2861,46.084448,1.90894153000874
"862",288,288,1,44.2069063045225,80.8048394726164,86.0544954433027,89.9027446112138,95.9680615981272,101.519014299456,112.964462333762,117.421005987157,126.954887374429,1,1,1,1,NA,NA,NA,NA,0.352941176470588,0.235294117647059,0.176470588235294,0.0588235294117647,0,0,0,0,0,0,0,0,0,0,0,0,2862,46.378787,2.17188069547751
"863",288,288,2,44.2816851789212,80.8796183470151,86.1292743177014,89.9775234856125,96.0428404725259,101.593793173855,113.039241208161,117.495784861556,127.029666248828,1,1,1,1,NA,NA,NA,NA,0.333333333333333,0.222222222222222,0.166666666666667,0.0555555555555556,0,0,0,0,0,0,0,0,0,0,0,0,2863,41.850318,-2.43136717892118
"864",288,288,3,43.1311960674906,79.7291292355846,84.9787852062709,88.8270343741819,94.8923513610954,100.443304062424,111.888752096731,116.345295750125,125.879177137397,1,1,1,1,NA,NA,NA,NA,0.428571428571429,0.285714285714286,0.214285714285714,0.0714285714285714,0,0,0,0,0,0,0,0,0,0,0,0,2864,54.66427,11.5330739325094
"865",289,289,1,46.3741327478607,82.9682177766617,88.2173217651549,92.0651663036907,98.1298455446278,103.68021458351,115.124459170668,119.580534234739,129.11341316913,1,1,1,NA,NA,NA,NA,NA,0.294117647058824,0.176470588235294,0.117647058823529,0,0,0,0,0,0,0,0,0,0,0,0,0,2865,44.580938,-1.79319474786068
"866",289,289,2,43.818398960324,80.412483989125,85.6615879776182,89.509432516154,95.5741117570911,101.124480795973,112.568725383132,117.024800447203,126.557679381593,1,1,1,1,NA,NA,NA,NA,0.6,0.4,0.3,0.1,0,0,0,0,0,0,0,0,0,0,0,0,2866,66.076616,22.258217039676
"867",289,289,3,49.2667200659475,85.8608050947485,91.1099090832417,94.9577536217775,101.022432862715,106.572801901597,118.017046488755,122.473121552826,132.006000487216,1,1,1,NA,NA,NA,NA,NA,0.25,0.125,0.0625,0,0,0,0,0,0,0,0,0,0,0,0,0,2867,49.09286,-0.173860065947515
"868",290,290,1,44.9663387377366,81.5625993025352,86.8120153527911,90.6600886475399,96.7251284365817,102.275827447579,113.720752400596,118.177092380478,127.710538049116,1,1,1,1,NA,NA,NA,NA,0.238095238095238,0.19047619047619,0.0952380952380952,0.0476190476190476,0,0,0,0,0,0,0,0,0,0,0,0,2868,32.084325,-12.8820137377366
"869",290,290,2,40.6490622614597,77.2453228262582,82.4947388765142,86.3428121712629,92.4078519603047,97.9585509713023,109.403475924319,113.859815904201,123.393261572839,1,1,1,1,NA,NA,NA,NA,0.28,0.2,0.16,0.08,0,0,0,0,0,0,0,0,0,0,0,0,2869,20.229973,-20.4190892614597
"870",290,290,3,37.6400720673538,74.2363326321523,79.4857486824083,83.333821977157,89.3988617661988,94.9495607771964,106.394485730213,110.850825710095,120.384271378734,1,1,1,1,1,NA,NA,NA,0.444444444444444,0.333333333333333,0.277777777777778,0.166666666666667,0.0555555555555556,0,0,0,0,0,0,0,0,0,0,0,2870,42.634341,4.99426893264622
"871",291,291,1,43.308711536225,79.9137678224098,85.1644455425825,89.013443701786,95.0799411916792,100.63197428439,112.079649965749,116.537061003829,126.07279798668,1,1,1,1,NA,NA,NA,NA,0.666666666666667,0.444444444444444,0.333333333333333,0.111111111111111,0,0,0,0,0,0,0,0,0,0,0,0,2871,69.384338,26.075626463775
"872",291,291,2,50.1028041647268,86.7078604509116,91.9585381710843,95.8075363302878,101.874033820181,107.426066912892,118.873742594251,123.33115363233,132.866890615181,1,1,1,NA,NA,NA,NA,NA,0.19047619047619,0.0952380952380952,0.0476190476190476,0,0,0,0,0,0,0,0,0,0,0,0,0,2872,32.526536,-17.5762681647268
"873",291,291,3,40.7414827084673,77.3465389946521,82.5972167148248,86.4462148740283,92.5127123639214,98.0647454566325,109.512421137992,113.969832176071,123.505569158922,1,1,1,1,NA,NA,NA,NA,0.538461538461538,0.384615384615385,0.307692307692308,0.153846153846154,0,0,0,0,0,0,0,0,0,0,0,0,2873,56.27418,15.5326972915327
"874",292,292,1,46.7801975683839,83.4057412399345,88.659357697779,92.5105100923958,98.5804029239304,104.13554341909,115.58962621922,120.049532013678,129.590606027479,1,1,1,NA,NA,NA,NA,NA,0.5,0.3,0.2,0,0,0,0,0,0,0,0,0,0,0,0,0,2874,65.703935,18.9237374316161
"875",292,292,2,49.1682331008071,85.7937767723577,91.0473932302021,94.898545624819,100.968438456354,106.523578951513,117.977661751643,122.437567546101,131.978641559902,1,1,1,NA,NA,NA,NA,NA,0.25,0.125,0.0625,0,0,0,0,0,0,0,0,0,0,0,0,0,2875,49.460125,0.291891899192883
"876",292,292,3,45.0545742133884,81.680117884939,86.9337343427834,90.7848867374003,96.8547795689349,102.409920064095,113.864002864224,118.323908658682,127.864982672483,1,1,1,1,NA,NA,NA,NA,0.714285714285714,0.571428571428571,0.285714285714286,0.142857142857143,0,0,0,0,0,0,0,0,0,0,0,0,2876,77.512129,32.4575547866116
"877",293,293,1,52.1636990677303,88.7603830943612,94.0098598865428,97.8579777080313,103.923087676726,109.473850915848,120.918908300124,125.375299845108,134.90885582694,1,1,NA,NA,NA,NA,NA,NA,0.166666666666667,0.0555555555555556,0,0,0,0,0,0,0,0,0,0,0,0,0,0,2877,41.960867,-10.2028320677303
"878",293,293,2,43.1455159327111,79.742199959342,84.9916767515236,88.8397945730121,94.9049045417068,100.455667780829,111.900725165105,116.357116710089,125.890672691921,1,1,1,1,NA,NA,NA,NA,0.375,0.25,0.1875,0.0625,0,0,0,0,0,0,0,0,0,0,0,0,2878,47.435481,4.28996506728888
"879",293,293,3,44.5342450204588,81.1309290470897,86.3804058392714,90.2285236607598,96.2936336294545,101.844396868576,113.289454252853,117.745845797836,127.279401779668,1,1,1,1,NA,NA,NA,NA,0.315789473684211,0.210526315789474,0.157894736842105,0.0526315789473684,0,0,0,0,0,0,0,0,0,0,0,0,2879,38.026247,-6.50799802045884
"880",294,294,1,42.1442651363437,78.7422178960794,83.9918766770167,87.8401279049762,93.9054481387812,99.4564038116513,110.901857972946,115.358404012022,124.892290502981,1,1,1,1,NA,NA,NA,NA,0.545454545454545,0.454545454545455,0.272727272727273,0.0909090909090909,0,0,0,0,0,0,0,0,0,0,0,0,2880,63.856393,21.7121278636563
"881",294,294,2,48.6826903687232,85.2806431284588,90.5303019093961,94.3785531373557,100.443873371161,105.994829044031,117.440283205326,121.896829244402,131.430715735361,1,1,1,NA,NA,NA,NA,NA,0.333333333333333,0.25,0.0833333333333333,0,0,0,0,0,0,0,0,0,0,0,0,0,2881,61.411935,12.7292446312768
"882",294,294,3,48.0639208942227,84.6618736539583,89.9115324348956,93.7597836628552,99.8251038966601,105.37605956953,116.821513730825,121.278059769901,130.81194626086,1,1,1,NA,NA,NA,NA,NA,0.16,0.12,0.04,0,0,0,0,0,0,0,0,0,0,0,0,0,2882,19.573569,-28.4903518942227
"883",295,295,1,37.4967822388677,74.0863814362512,79.3348419711488,83.1822148273921,89.2461506386559,94.7958392938152,106.238681005293,110.694209828039,120.225920188661,1,1,1,1,1,NA,NA,NA,0.571428571428571,0.428571428571429,0.357142857142857,0.214285714285714,0.0714285714285714,0,0,0,0,0,0,0,0,0,0,0,2883,53.981967,16.4851847611323
"884",295,295,2,46.2087197284317,82.7983189258152,88.0467794607129,91.8941523169561,97.95808812822,103.507776783379,114.950618494858,119.406147317603,128.937857678225,1,1,1,NA,NA,NA,NA,NA,0.625,0.375,0.25,0,0,0,0,0,0,0,0,0,0,0,0,0,2884,74.35828,28.1495602715683
"885",295,295,3,51.3678429495649,87.9574421469484,93.2059026818461,97.0532755380893,103.117211349353,108.666900004512,120.109741715991,124.565270538736,134.096980899358,1,1,NA,NA,NA,NA,NA,NA,0.176470588235294,0.117647058823529,0,0,0,0,0,0,0,0,0,0,0,0,0,0,2885,46.477894,-4.8899489495649
"886",296,296,1,44.3186758924444,80.9278656135863,86.1791362391398,90.0285690263743,96.0957515438384,101.648411570913,113.097379921309,117.555294289268,127.092108045456,1,1,1,1,NA,NA,NA,NA,0.375,0.25,0.1875,0.0625,0,0,0,0,0,0,0,0,0,0,0,0,2886,47.953189,3.63451310755558
"887",296,296,2,44.6918214639028,81.3010111850447,86.5522818105982,90.4017145978328,96.4688971152968,102.021557142372,113.470525492767,117.928439860727,127.465253616914,1,1,1,1,NA,NA,NA,NA,0.25,0.2,0.15,0.05,0,0,0,0,0,0,0,0,0,0,0,0,2887,35.872185,-8.81963646390284
"888",296,296,3,41.6361796150716,78.2453693362135,83.496639961767,87.3460727490015,93.4132552664656,98.9659152935403,110.414883643936,114.872798011896,124.409611768083,1,1,1,1,NA,NA,NA,NA,0.375,0.3125,0.25,0.125,0,0,0,0,0,0,0,0,0,0,0,0,2888,47.284334,5.64815438492838
"889",297,297,1,44.5183207870226,81.1281235850779,86.3794821511952,90.2289794030735,96.2962635247949,101.84901653966,113.298176620554,117.756165643113,127.293139107843,1,1,1,1,NA,NA,NA,NA,0.4,0.266666666666667,0.2,0.0666666666666667,0,0,0,0,0,0,0,0,0,0,0,0,2889,51.31819,6.79986921297745
"890",297,297,2,45.5384753453956,82.1482781434509,87.3996367095682,91.2491339614465,97.3164180831679,102.869171098033,114.318331178927,118.776320201486,128.313293666216,1,1,1,NA,NA,NA,NA,NA,0.416666666666667,0.333333333333333,0.166666666666667,0,0,0,0,0,0,0,0,0,0,0,0,0,2890,61.174683,15.6362076546044
"891",297,297,3,48.0311637962281,84.6409665942834,89.8923251604008,93.7418224122791,99.8091065340004,105.361859548866,116.811019629759,121.269008652318,130.805982117048,1,1,1,NA,NA,NA,NA,NA,0.222222222222222,0.166666666666667,0.111111111111111,0,0,0,0,0,0,0,0,0,0,0,0,0,2891,40.885886,-7.14527779622814
"892",298,298,1,42.9044029911018,79.5161042105513,84.767735088746,88.6174319584146,94.6850307024803,100.238071658397,111.687825441764,116.146045635787,125.683513645505,1,1,1,1,NA,NA,NA,NA,0.352941176470588,0.235294117647059,0.176470588235294,0.0588235294117647,0,0,0,0,0,0,0,0,0,0,0,0,2892,46.809437,3.90503400889823
"893",298,298,2,44.4026699677044,81.0143711871539,86.2660020653486,90.1156989350172,96.1832976790829,101.736338635,113.186092418366,117.64431261239,127.181780622107,1,1,1,1,NA,NA,NA,NA,0.5,0.333333333333333,0.25,0.0833333333333333,0,0,0,0,0,0,0,0,0,0,0,0,2893,60.711456,16.3087860322956
"894",298,298,3,47.9189621336369,84.5306633530864,89.7822942312811,93.6319911009497,99.6995898450155,105.252630800932,116.702384584299,121.160604778322,130.69807278804,1,1,1,NA,NA,NA,NA,NA,0.2,0.15,0.1,0,0,0,0,0,0,0,0,0,0,0,0,0,2894,37.424806,-10.4941561336369
"895",299,299,1,42.0384062811521,78.6474168164551,83.8986617393547,87.7480756853134,93.8152285065947,99.3678613558473,110.816773668592,115.274666217027,124.811433294717,0,0,1,1,NA,NA,NA,NA,0,0,1,0.333333333333333,0,0,0,0,0,0,0,0,0,0,0,0,2895,88.670294,46.6318877188479
"896",299,299,2,54.9939928060828,91.6030033413858,96.8542482642854,100.703662210244,106.770815031525,112.323447880778,123.772360193523,128.230252741957,137.767019819647,1,1,NA,NA,NA,NA,NA,NA,0.153846153846154,0.0769230769230769,0,0,0,0,0,0,1,1,0,0,0,0,0,0,2896,58.24733,3.25333719391717
"897",299,299,3,47.3026358138955,83.9116463491985,89.1628912720981,93.0123052180568,99.0794580393381,104.632090888591,116.081003201335,120.53889574977,130.07566282746,1,1,1,NA,NA,NA,NA,NA,0.416666666666667,0.25,0.166666666666667,0,0,0,0,0,1,1,0,0,0,0,0,0,2897,59.902316,12.5996801861045
"898",300,300,1,47.7663914726296,84.3486032637644,89.5960041393326,93.4426002145533,99.5053117227833,105.053879900934,116.49441131325,120.949040568846,130.478826485959,1,1,1,NA,NA,NA,NA,NA,0.294117647058824,0.176470588235294,0.117647058823529,0,0,0,0,0,0,0,0,0,0,0,0,0,2898,44.632363,-3.13402847262962
"899",300,300,2,43.937430419448,80.5196422105828,85.767043086151,89.6136391613717,95.6763506696016,101.224918847752,112.665450260069,117.120079515664,126.649865432777,1,1,1,1,NA,NA,NA,NA,0.352941176470588,0.235294117647059,0.176470588235294,0.0588235294117647,0,0,0,0,0,0,0,0,0,0,0,0,2899,45.051087,1.113656580552
"900",300,300,3,44.0424260201569,80.6246378112917,85.8720386868599,89.7186347620806,95.7813462703106,101.329914448461,112.770445860778,117.225075116373,126.754861033486,1,1,1,1,NA,NA,NA,NA,0.75,0.5,0.375,0.125,0,0,0,0,0,0,0,0,0,0,0,0,2900,73.688392,29.6459659798431
"901",301,301,1,51.2278252621505,87.8242394141229,93.0736774951263,96.9217669394678,102.986832182266,108.537554488436,119.982527473509,124.438886155758,133.972371834358,1,1,NA,NA,NA,NA,NA,NA,0.3,0.2,0,0,0,0,0,0,0,0,0,0,0,0,0,0,2901,66.743409,15.5155837378495
"902",301,301,2,49.4880172096554,86.0844313616277,91.3338694426312,95.1819588869726,101.247024129771,106.797746435941,118.242719421014,122.699078103262,132.232563781862,1,1,1,NA,NA,NA,NA,NA,0.333333333333333,0.166666666666667,0.0833333333333333,0,0,0,0,0,0,0,0,0,0,0,0,0,2902,60.31409,10.8260727903446
"903",301,301,3,47.8773896576138,84.4738038095862,89.7232418905896,93.571331334931,99.6363965777298,105.187118883899,116.632091868973,121.088450551221,130.621936229821,1,1,1,NA,NA,NA,NA,NA,0.333333333333333,0.25,0.166666666666667,0,0,0,0,0,0,0,0,0,0,0,0,0,2903,62.322997,14.4456073423862
"904",302,302,1,48.4194938587015,85.0220831276748,90.2724069756335,94.1211457295617,100.187234364634,105.738893275126,117.185797434302,121.642908062797,131.178002379589,1,1,1,NA,NA,NA,NA,NA,0.210526315789474,0.157894736842105,0.0526315789473684,0,0,0,0,0,0,0,0,0,0,0,0,0,2904,37.834364,-10.5851298587015
"905",302,302,2,42.2538678523141,78.8564571212874,84.1067809692462,87.9555197231743,94.0216083582469,99.5732672687386,111.020171427915,115.477282056409,125.012376373201,1,1,1,1,NA,NA,NA,NA,0.333333333333333,0.277777777777778,0.166666666666667,0.0555555555555556,0,0,0,0,0,0,0,0,0,0,0,0,2905,43.211038,0.957170147685858
"906",302,302,3,43.6075800436915,80.2101693126648,85.4604931606236,89.3092319145517,95.3753205496243,100.926979460116,112.373883619292,116.830994247787,126.366088564579,1,1,1,1,NA,NA,NA,NA,0.333333333333333,0.222222222222222,0.166666666666667,0.0555555555555556,0,0,0,0,0,0,0,0,0,0,0,0,2906,41.237484,-2.37009604369153
"907",303,303,1,43.1074024179312,79.7070585536721,84.956961669118,88.8053920059706,94.8709945375592,100.422208568178,111.868195434462,116.324948894254,125.859279120238,1,1,1,1,NA,NA,NA,NA,0.375,0.25,0.1875,0.0625,0,0,0,0,0,0,0,0,0,0,0,0,2907,48.906247,5.79884458206884
"908",303,303,2,45.0369465882848,81.6366027240257,86.8865058394717,90.7349361763242,96.8005387079128,102.351752738532,113.797739604815,118.254493064608,127.788823290592,1,1,1,1,NA,NA,NA,NA,0.161290322580645,0.129032258064516,0.0645161290322581,0.032258064516129,0,0,0,0,0,0,0,0,0,0,0,0,2908,1.930062,-43.1068845882848
"909",303,303,3,33.2172275655162,69.8168837012572,75.0667868167031,78.9152171535557,84.9808196851442,90.5320337157635,101.978020582047,106.434774041839,115.969104267823,1,1,1,1,1,NA,NA,NA,0.5625,0.4375,0.375,0.25,0.1875,0,0,0,0,0,0,0,0,0,0,0,2909,47.792197,14.5749694344837
"910",304,304,1,44.7262524636274,81.3601541504632,86.6149694930818,90.4670007276381,96.5382787196912,102.094686907956,113.551383550489,118.012307103513,127.555558407654,1,1,1,1,NA,NA,NA,NA,0.25,0.2,0.15,0.05,0,0,0,0,0,0,0,0,0,0,0,0,2910,36.521659,-8.20459346362743
"911",304,304,2,41.902796095146,78.5366977819817,83.7915131246004,87.6435443591566,93.7148223512098,99.2712305394742,110.727927182008,115.188850735032,124.732102039173,1,1,1,1,NA,NA,NA,NA,0.6,0.5,0.3,0.2,0,0,0,0,0,0,0,0,0,0,0,0,2911,66.788185,24.885388904854
"912",304,304,3,49.4850619627123,86.118963649548,91.3737789921667,95.2258102267229,101.297088218776,106.85349640704,118.310193049574,122.771116602598,132.314367906739,0,1,1,NA,NA,NA,NA,NA,0,0.666666666666667,0.333333333333333,0,0,0,0,0,0,0,0,0,0,0,0,0,2912,90.2418,40.7567380372877
"913",305,305,1,55.4196573801459,92.0955662008995,97.3564071024034,101.212855360112,107.29109512735,112.853874703103,124.323708439093,128.789747216116,138.343941516145,1,NA,NA,NA,NA,NA,NA,NA,0.142857142857143,0,0,0,0,0,0,0,1,0,0,0,0,0,0,0,2913,55.098229,-0.321428380145875
"914",305,305,2,46.5909135734111,83.2668223941647,88.5276632956687,92.3841115533777,98.4623513206151,104.025130896368,115.494964632358,119.961003409381,129.515197709411,1,1,1,NA,NA,NA,NA,NA,0.263157894736842,0.157894736842105,0.105263157894737,0,0,0,0,0,1,0,0,0,0,0,0,0,2914,38.620149,-7.97076457341112
"915",305,305,3,42.4513016157396,79.1272104364932,84.3880513379971,88.2444995957061,94.3227393629435,99.8855189386965,111.355352674686,115.821391451709,125.375585751739,1,1,1,1,NA,NA,NA,NA,0.375,0.25,0.1875,0.0625,0,0,0,0,0,0,0,0,0,0,0,0,2915,49.648439,7.19713738426045
"916",306,306,1,45.2106284079579,81.8774372978433,87.1369728932198,90.9924642990424,97.0691959492771,102.630595302666,114.097583173416,118.562513848542,128.114337586794,1,1,1,NA,NA,NA,NA,NA,0.294117647058824,0.235294117647059,0.117647058823529,0,0,0,0,0,0,0,0,0,0,0,0,0,2916,45.041852,-0.168776407957871
"917",306,306,2,44.053794254798,80.7206031446835,85.98013874006,89.8356301458826,95.9123617961173,101.473761149506,112.940749020256,117.405679695382,126.957503433634,1,1,1,1,NA,NA,NA,NA,0.545454545454545,0.363636363636364,0.272727272727273,0.0909090909090909,0,0,0,0,0,0,0,0,0,0,0,0,2917,65.096081,21.042286745202
"918",306,306,3,49.0899342479183,85.7567431378038,91.0162787331803,94.8717701390029,100.948501789238,106.509901142627,117.976889013376,122.441819688503,131.993643426754,1,1,1,NA,NA,NA,NA,NA,0.129032258064516,0.0645161290322581,0.032258064516129,0,0,0,0,0,0,0,0,0,0,0,0,0,2918,2.244372,-46.8455622479183
"919",307,307,1,33.3044410375149,69.9780057843079,75.2385104487405,79.094712228578,85.1725635161833,90.7349875570042,102.204088219446,106.669841557729,116.223425218819,0,0,0,1,1,NA,NA,NA,0,0,0,0.8,0.4,0,0,0,0,0,0,0,0,0,0,0,2919,83.75327,50.4488289624851
"920",307,307,2,53.7849244155498,90.4584891623428,95.7189938267755,99.575195606613,105.653046894218,111.215470935039,122.684571597481,127.150324935764,136.703908596854,1,1,NA,NA,NA,NA,NA,NA,0.0967741935483871,0.032258064516129,0,0,0,0,0,0,1,1,1,0,0,0,0,0,2920,1.990626,-51.7942984155498
"921",307,307,3,33.2406830814787,69.9142478282717,75.1747524927043,79.0309542725418,85.1088055601471,90.671229600968,102.14033026341,106.606083601693,116.159667262783,1,1,1,1,1,NA,NA,NA,0.642857142857143,0.5,0.428571428571429,0.285714285714286,0.142857142857143,0,0,0,1,1,1,0,0,0,0,0,2921,53.23389,19.9932069185213
"922",308,308,1,46.0573016517609,82.7924398118295,88.0617766481543,91.9244528328527,98.0125085838567,103.584271706838,115.072628519585,119.545879674832,129.11550341163,1,1,1,NA,NA,NA,NA,NA,0.3125,0.1875,0.125,0,0,0,0,0,0,0,1,0,0,0,0,0,2922,49.550187,3.49288534823912
"923",308,308,2,45.1488126329286,81.8839507929972,87.153287629322,91.0159638140204,97.1040195650244,102.675782688006,114.164139500753,118.637390656,128.207014392798,1,1,1,NA,NA,NA,NA,NA,0.454545454545455,0.363636363636364,0.181818181818182,0,0,0,0,0,0,0,0,0,0,0,0,0,2923,65.082166,19.9333533670714
"924",308,308,3,48.9793691034784,85.714507263547,90.9838440998718,94.8465202845702,100.934576035574,106.506339158555,117.994695971303,122.46794712655,132.037570863348,0,0,0,NA,NA,NA,NA,NA,NA,NA,NA,NA,NA,NA,NA,NA,0,0,0,0,0,0,0,0,2924,100,51.0206308965216
"925",309,309,1,57.7339129451558,94.4886973062756,99.7608522196808,103.625594189802,109.716905874315,115.291648814006,126.786149677899,131.261793158204,140.836534794685,1,NA,NA,NA,NA,NA,NA,NA,0.0833333333333333,0,0,0,0,0,0,0,1,1,1,0,0,0,0,0,2925,61.698606,3.96469305484425
"926",309,309,2,48.2009077538826,84.9556921150024,90.2278470284076,94.0925889985289,100.183900683042,105.758643622733,117.253144486626,121.728787966931,131.303529603412,1,1,1,NA,NA,NA,NA,NA,0.129032258064516,0.0967741935483871,0.032258064516129,0,0,0,0,0,1,1,1,0,0,0,0,0,2926,2.174802,-46.0261057538826
"927",309,309,3,33.3857620561482,70.1405464172681,75.4127013306733,79.2774433007946,85.3687549853077,90.9434979249986,102.437998788891,106.913642269197,116.488383905677,1,1,1,1,1,NA,NA,NA,0.642857142857143,0.5,0.428571428571429,0.285714285714286,0.142857142857143,0,0,0,0,1,1,0,0,0,0,0,2927,54.856008,21.4702459438518
"928",310,310,1,46.4795587028693,83.2710028452424,88.5484162861895,92.4170130087652,98.5144002602496,104.094703533384,115.600669187361,120.080776742584,129.66506837208,1,1,1,NA,NA,NA,NA,NA,0.2,0.12,0.08,0,0,0,0,0,0,0,0,0,0,0,0,0,2928,19.340793,-27.1387657028693
"929",310,310,2,37.677945503003,74.4693896453762,79.7468030863232,83.6153998088989,89.7127870603833,95.2930903335182,106.799055987495,111.279163542718,120.863455172214,1,1,1,1,1,NA,NA,NA,0.571428571428571,0.428571428571429,0.357142857142857,0.214285714285714,0.0714285714285714,0,0,0,0,0,0,0,0,0,0,0,2929,55.435155,17.757209496997
"930",310,310,3,46.6230867057228,83.4145308480959,88.691944289043,92.5605410116187,98.6579282631031,104.238231536238,115.744197190215,120.224304745438,129.808596374934,1,1,1,NA,NA,NA,NA,NA,0.294117647058824,0.176470588235294,0.117647058823529,0,0,0,0,0,0,0,0,0,0,0,0,0,2930,43.965319,-2.6577677057228
"931",311,311,1,43.7856559997654,80.5839296222499,85.8623226928629,89.7316375308861,95.830156621197,101.411495748485,112.919597218694,117.400536402198,126.986607133618,1,1,1,1,NA,NA,NA,NA,0.375,0.25,0.1875,0.0625,0,0,0,0,0,0,0,0,0,0,0,0,2931,49.093749,5.30809300023456
"932",311,311,2,45.0556954749938,81.8539690974783,87.1323621680912,91.0016770061145,97.1001960964254,102.681535223714,114.189636693922,118.670575877426,128.256646608846,1,1,1,NA,NA,NA,NA,NA,0.25,0.2,0.1,0,0,0,0,0,0,0,0,0,0,0,0,0,2932,34.999261,-10.0564344749938
"933",311,311,3,41.5652400835519,78.3635137060363,83.6419067766493,87.5112216146726,93.6097407049835,99.1910798322717,110.69918130248,115.180120485984,124.766191217405,1,1,1,1,NA,NA,NA,NA,0.5,0.416666666666667,0.25,0.166666666666667,0,0,0,0,0,0,0,0,0,0,0,0,2933,61.330232,19.7649919164481
"934",312,312,1,48.0703485360733,84.8744599771745,90.1536904322162,94.0236191131177,100.12310569578,105.705330268016,117.215257427378,121.696907484181,131.28449898646,1,1,1,NA,NA,NA,NA,NA,0.333333333333333,0.25,0.0833333333333333,0,0,0,0,0,0,0,0,0,0,0,0,0,2934,61.767226,13.6968774639267
"935",312,312,2,48.1782698300508,84.982381271152,90.2616117261937,94.1315404070952,100.231026989758,105.813251561994,117.323178721355,121.804828778159,131.392420280438,1,1,1,NA,NA,NA,NA,NA,0.2,0.15,0.05,0,0,0,0,0,0,0,0,0,0,0,0,0,2935,37.391668,-10.7866018300508
"936",312,312,3,42.1584119812373,78.9625234223385,84.2417538773802,88.1116825582817,94.2111691409441,99.79339371318,111.303320872542,115.784970929345,125.372562431624,1,1,1,1,NA,NA,NA,NA,0.375,0.3125,0.1875,0.0625,0,0,0,0,0,0,0,0,0,0,0,0,2936,47.004704,4.84629201876272
"937",313,313,1,44.5311009816449,81.3407354760685,86.6207581651885,90.4912675915997,96.5916695010644,102.174731776556,113.686386187003,118.168708788021,127.75773906377,1,1,1,1,NA,NA,NA,NA,0.384615384615385,0.307692307692308,0.230769230769231,0.0769230769230769,0,0,0,0,0,0,0,0,0,0,0,0,2937,56.590427,12.0593260183551
"938",313,313,2,46.9015005652094,83.7111350596331,88.991157748753,92.8616671751642,98.962069084629,104.54513136012,116.056785770568,120.539108371586,130.128138647334,1,1,1,NA,NA,NA,NA,NA,0.555555555555556,0.333333333333333,0.222222222222222,0,0,0,0,0,0,0,0,0,0,0,0,0,2938,71.154344,24.2528434347906
"939",313,313,3,50.502929773196,87.3125642676196,92.5925869567396,96.4630963831508,102.563498292616,108.146560568107,119.658214978554,124.140537579572,133.729567855321,1,1,1,NA,NA,NA,NA,NA,0.307692307692308,0.153846153846154,0.0769230769230769,0,0,0,0,0,0,0,0,0,0,0,0,0,2939,57.451158,6.94822822680401
"940",314,314,1,47.1450774302176,83.9653557438245,89.2469051964551,93.1185338136175,99.2206997062286,104.805376371707,116.320359475028,120.803978177786,130.395781203272,1,1,1,NA,NA,NA,NA,NA,0.384615384615385,0.230769230769231,0.153846153846154,0,0,0,0,0,0,0,0,0,0,0,0,0,2940,57.823444,10.6783665697824
"941",314,314,2,47.2373684331302,84.0576467467371,89.3391961993678,93.2108248165302,99.3129907091412,104.89766737462,116.412650477941,120.896269180698,130.488072206185,1,1,1,NA,NA,NA,NA,NA,0.294117647058824,0.176470588235294,0.117647058823529,0,0,0,0,0,0,0,0,0,0,0,0,0,2941,44.142715,-3.0946534331302
"942",314,314,3,43.8458678126773,80.6661461262842,85.9476955789148,89.8193241960772,95.9214900886883,101.506166754167,113.021149857488,117.504768560245,127.096571585732,1,1,1,1,NA,NA,NA,NA,0.25,0.166666666666667,0.125,0.0416666666666667,0,0,0,0,0,0,0,0,0,0,0,0,2942,22.663784,-21.1820838126773
"943",315,315,1,38.5517237946442,75.3340328162013,80.6101359033283,84.4777720738171,90.573645376325,96.1525630896979,107.655671873312,112.134667041546,121.716578942167,1,1,1,1,1,NA,NA,NA,0.411764705882353,0.352941176470588,0.235294117647059,0.176470588235294,0.0588235294117647,0,0,0,0,0,0,0,0,0,0,0,2943,43.857087,5.30536320535579
"944",315,315,2,43.7993842981498,80.5816933197069,85.8577964068339,89.7254325773227,95.8213058798306,101.400223593203,112.903332376818,117.382327545051,126.964239445673,1,1,1,1,NA,NA,NA,NA,0.193548387096774,0.129032258064516,0.0967741935483871,0.032258064516129,0,0,0,0,0,0,0,0,0,0,0,0,2944,2.234048,-41.5653362981498
"945",315,315,3,33.4931296385447,70.2754386601018,75.5515417472288,79.4191779177176,85.5150512202255,91.0939689335984,102.597077717213,107.076072885446,116.657984786068,1,1,1,1,1,NA,NA,NA,0.529411764705882,0.411764705882353,0.352941176470588,0.235294117647059,0.117647058823529,0,0,0,0,0,0,0,0,0,0,0,2945,44.043257,10.5501273614553
"946",316,316,1,43.8201631923553,80.6052055974003,85.8817007646723,89.7496243486794,95.8459506504652,101.42528294688,112.929246554687,117.408574568023,126.991198523991,0,0,0,1,NA,NA,NA,NA,0,0,0,0.5,0,0,0,0,0,0,0,0,0,0,0,0,2946,90.767942,46.9477788076447
"947",316,316,2,55.3864214043585,92.1714638094034,97.4479589766755,101.315882560683,107.412208862468,112.991541158883,124.49550476669,128.974832780026,138.557456735994,1,NA,NA,NA,NA,NA,NA,NA,0.111111111111111,0,0,0,0,0,0,0,1,1,1,0,0,0,0,0,2947,43.293279,-12.0931424043585
"948",316,316,3,43.6345131617276,80.4195555667725,85.6960507340446,89.5639743180517,95.6603006198375,101.239632916252,112.743596524059,117.222924537396,126.805548493363,1,1,1,1,NA,NA,NA,NA,0.333333333333333,0.222222222222222,0.166666666666667,0.0555555555555556,0,0,0,0,1,1,1,0,0,0,0,0,2948,42.632135,-1.00237816172757
"949",317,317,1,43.4871254279435,80.3125058378504,85.5947871419268,89.4669522412384,95.569963696117,101.155414216641,112.671992923129,117.156232910012,126.749365048285,1,1,1,1,NA,NA,NA,NA,0.333333333333333,0.222222222222222,0.166666666666667,0.0555555555555556,0,0,0,0,0,1,1,0,0,0,0,0,2949,42.488857,-0.998268427943536
"950",317,317,2,43.4517485624518,80.2771289723587,85.5594102764352,89.4315753757467,95.5345868306253,101.120037351149,112.636616057638,117.12085604452,126.713988182793,1,1,1,1,NA,NA,NA,NA,0.461538461538462,0.307692307692308,0.230769230769231,0.0769230769230769,0,0,0,0,0,0,0,0,0,0,0,0,2950,57.436962,13.9852134375482
"951",317,317,3,47.1425950283479,83.9679754382548,89.2502567423312,93.1224218416428,99.2254332965214,104.810883817045,116.327462523534,120.811702510416,130.404834648689,1,1,1,NA,NA,NA,NA,NA,0.294117647058824,0.176470588235294,0.117647058823529,0,0,0,0,0,0,0,0,0,0,0,0,0,2951,46.005249,-1.13734602834793
"952",318,318,1,44.2909959153418,81.0170712508812,86.2851081036609,90.1468313381806,96.2333851217562,101.803773650438,113.289296202389,117.761443774192,127.328706615535,1,1,1,1,NA,NA,NA,NA,0.260869565217391,0.173913043478261,0.130434782608696,0.0434782608695652,0,0,0,0,0,0,0,0,0,0,0,0,2952,26.925745,-17.3652509153418
"953",318,318,2,39.5404145487258,76.2664898842651,81.5345267370449,85.3962499715646,91.4828037551402,97.0531922838219,108.538714835773,113.010862407576,122.578125248919,1,1,1,1,NA,NA,NA,NA,0.466666666666667,0.333333333333333,0.266666666666667,0.133333333333333,0,0,0,0,0,0,0,0,0,0,0,0,2953,52.771389,13.2309744512742
"954",318,318,3,45.9756884842847,82.701763819824,87.9698006726038,91.8315239071235,97.9180776906991,103.488466219381,114.973988771332,119.446136343135,129.013399184477,1,1,1,NA,NA,NA,NA,NA,0.357142857142857,0.214285714285714,0.142857142857143,0,0,0,0,0,0,0,0,0,0,0,0,0,2954,55.174904,9.1992155157153
"955",319,319,1,46.5737590457376,83.3060180971086,88.5749419502714,92.4373153985393,98.5248939994593,104.096220436682,115.583676851889,120.056577417022,129.62545113658,1,1,1,NA,NA,NA,NA,NA,0.294117647058824,0.176470588235294,0.117647058823529,0,0,0,0,0,0,0,0,0,0,0,0,0,2955,46.277991,-0.295768045737589
"956",319,319,2,44.3585584734769,81.0908175248479,86.3597413780107,90.2221148262786,96.3096934271985,101.881019864421,113.368476279629,117.841376844761,127.410250564319,1,1,1,1,NA,NA,NA,NA,0.352941176470588,0.235294117647059,0.176470588235294,0.0588235294117647,0,0,0,0,0,0,0,0,0,0,0,0,2956,46.615367,2.25680852652314
"957",319,319,3,44.4425601388036,81.1748191901746,86.4437430433374,90.3061164916053,96.3936950925253,101.965021529748,113.452477944955,117.925378510088,127.494252229646,1,1,1,1,NA,NA,NA,NA,0.3,0.2,0.15,0.05,0,0,0,0,0,0,0,0,0,0,0,0,2957,37.205782,-7.23677813880359
"958",320,320,1,42.1063105876766,78.8318634180115,84.0998253219532,87.9614936153862,94.0479608050092,99.6182700832682,111.103629229648,115.575713175802,125.142839902829,0,0,0,0,NA,NA,NA,NA,NA,NA,NA,NA,NA,NA,NA,NA,0,0,0,0,0,0,0,0,2958,99.051901,56.9455904123234
"959",320,320,2,57.5034345437649,94.2289873740999,99.4969492780416,103.358617571475,109.445084761098,115.015394039357,126.500753185737,130.97283713189,140.539963858917,1,NA,NA,NA,NA,NA,NA,NA,0.0666666666666667,0,0,0,0,0,0,0,1,1,1,1,0,0,0,0,2959,50.699299,-6.80413554376492
"960",320,320,3,45.4656378536702,82.1911906840051,87.4591525879468,91.3208208813799,97.4072880710028,102.977597349262,114.462956495642,118.935040441796,128.502167168822,1,1,1,NA,NA,NA,NA,NA,0.555555555555556,0.444444444444444,0.222222222222222,0,0,0,0,0,1,1,1,1,0,0,0,0,2960,69.953655,24.4880171463298
"961",321,321,1,50.276086149973,87.0637543745288,92.3406261928268,96.208825880069,102.305587354727,107.885317919531,119.39010271253,123.869750472864,133.453058463409,1,1,1,NA,NA,NA,NA,NA,0.222222222222222,0.111111111111111,0.0555555555555556,0,0,0,0,0,0,1,1,1,0,0,0,0,2961,40.83458,-9.44150614997302
"962",321,321,2,43.0393865135736,79.8270547381293,85.1039265564273,88.9721262436695,95.0688877183273,100.648618283132,112.15340307613,116.633050836465,126.21635882701,1,1,1,1,NA,NA,NA,NA,0.315789473684211,0.210526315789474,0.157894736842105,0.0526315789473684,0,0,0,0,0,0,0,1,0,0,0,0,2962,39.546834,-3.49255251357355
"963",321,321,3,42.7193546784286,79.5070229029843,84.7838947212823,88.6520944085246,94.7488558831823,100.328586447987,111.833371240985,116.31301900132,125.896326991865,1,1,1,1,NA,NA,NA,NA,0.315789473684211,0.210526315789474,0.157894736842105,0.0526315789473684,0,0,0,0,0,0,0,1,0,0,0,0,2963,37.61835,-5.10100467842856
"964",322,322,1,42.2203472021871,79.0021169170787,84.2781426453437,88.1457221080831,94.241506032159,99.8203419467653,111.323282070407,115.802211567071,125.383982976541,0,1,1,1,NA,NA,NA,NA,0,1,0.6,0.2,0,0,0,0,0,0,0,0,0,0,0,0,2964,83.64848,41.4281327978129
"965",322,322,2,53.6404156222096,90.4221853371011,95.6982110653662,99.5657905281055,105.661574452181,111.240410366788,122.743350490429,127.222279987094,136.804051396563,1,1,NA,NA,NA,NA,NA,NA,0.1875,0.0625,0,0,0,0,0,0,1,0,0,0,0,0,0,0,2965,48.765318,-4.87509762220958
"966",322,322,3,44.985908308267,81.7676780231586,87.0437037514236,90.911283214163,97.0070671382388,102.585903052845,114.088843176487,118.567772673151,128.149544082621,1,1,1,NA,NA,NA,NA,NA,1,0.8,0.4,0,0,0,0,0,1,0,0,0,0,0,0,0,2966,83.161786,38.175877691733
"967",323,323,1,53.5377264656512,90.3651197188366,95.6476897478169,99.5200664963065,105.623411536485,111.209167352879,122.726375545547,127.210860637089,136.804517127625,1,1,NA,NA,NA,NA,NA,NA,0.2,0.0666666666666667,0,0,0,0,0,0,0,0,0,0,0,0,0,0,2967,50.285817,-3.25190946565121
"968",323,323,2,45.3893979976022,82.2167912507875,87.4993612797678,91.3717380282574,97.4750830684364,103.06083888483,114.578047077498,119.06253216904,128.656188659576,1,1,1,NA,NA,NA,NA,NA,0.25,0.2,0.1,0,0,0,0,0,0,0,0,0,0,0,0,0,2968,35.801891,-9.58750699760218
"969",323,323,3,41.7995483248848,78.6269415780702,83.9095116070505,87.7818883555401,93.885233395719,99.4709892121125,110.988197404781,115.472682496323,125.066338986859,1,1,1,1,NA,NA,NA,NA,0.375,0.3125,0.1875,0.0625,0,0,0,0,0,0,0,0,0,0,0,0,2969,48.260774,6.46122567511516
"970",324,324,1,44.8988088604351,81.6875428318276,86.9645675222623,90.8328792720999,96.9298173712781,102.509709582104,114.014827671247,118.494605207962,128.078190829047,1,1,1,NA,NA,NA,NA,NA,0.357142857142857,0.285714285714286,0.142857142857143,0,0,0,0,0,0,0,0,0,0,0,0,0,2970,54.111064,9.21225513956494
"971",324,324,2,46.3522289265912,83.1409628979837,88.4179875884185,92.2862993382561,98.3832374374342,103.96312964826,115.468247737403,119.948025274119,129.531610895203,1,1,1,NA,NA,NA,NA,NA,0.416666666666667,0.25,0.166666666666667,0,0,0,0,0,0,0,0,0,0,0,0,0,2971,62.270275,15.9180460734088
"972",324,324,3,48.3792670719485,85.168001043341,90.4450257337757,94.3133374836134,100.410275582792,105.990167793617,117.495285882761,121.975063419476,131.55864904056,1,1,1,NA,NA,NA,NA,NA,0.235294117647059,0.176470588235294,0.0588235294117647,0,0,0,0,0,0,0,0,0,0,0,0,0,2972,46.767278,-1.61198907194852
"973",325,325,1,44.5375719518283,81.3285075318461,86.6058480239358,90.4743912715064,96.5716942397642,102.151920377243,113.657726986063,118.137772613463,127.721931760801,1,1,1,1,NA,NA,NA,NA,0.454545454545455,0.363636363636364,0.272727272727273,0.0909090909090909,0,0,0,0,0,0,0,0,0,0,0,0,2973,64.098718,19.5611460481717
"974",325,325,2,48.8477255510068,85.6386611310245,90.9160016231143,94.7845448706849,100.881847838943,106.462073976422,117.967880585242,122.447926212641,132.03208535998,1,1,1,NA,NA,NA,NA,NA,0.25,0.125,0.0625,0,0,0,0,0,0,0,0,0,0,0,0,0,2974,47.520083,-1.32764255100676
"975",325,325,3,44.7247869310931,81.5157225111109,86.7930630032006,90.6616062507713,96.7589092190291,102.339135356508,113.844941965328,118.324987592728,127.909146740066,1,1,1,1,NA,NA,NA,NA,0.714285714285714,0.571428571428571,0.285714285714286,0.142857142857143,0,0,0,0,0,0,0,0,0,0,0,0,2975,76.721312,31.9965250689069
"976",326,326,1,52.0098428064181,88.822222273549,94.102638705187,97.9734367637155,104.074293593121,109.657772209437,121.170285068429,125.652941925774,135.242687275898,1,1,NA,NA,NA,NA,NA,NA,0.166666666666667,0.0555555555555556,0,0,0,0,0,0,0,0,0,0,0,0,0,0,2976,42.087548,-9.92229480641809
"977",326,326,2,43.3875022234542,80.1998816905851,85.4802981222232,89.3510961807516,95.4519530101572,101.035431626473,112.547944485465,117.03060134281,126.620346692934,1,1,1,1,NA,NA,NA,NA,0.333333333333333,0.222222222222222,0.166666666666667,0.0555555555555556,0,0,0,0,0,0,0,0,0,0,0,0,2977,41.396337,-1.99116522345422
"978",326,326,3,43.2154199555064,80.0277994226373,85.3082158542753,89.1790139128038,95.2798707422093,100.863349358525,112.375862217517,116.858519074862,126.448264424986,1,1,1,1,NA,NA,NA,NA,0.666666666666667,0.444444444444444,0.333333333333333,0.111111111111111,0,0,0,0,0,0,0,0,0,0,0,0,2978,70.819498,27.6040780444936
"979",327,327,1,50.5225804573869,87.3398769060622,92.6209986360406,96.4923137120205,102.593985424921,108.178209819198,119.692260389528,124.175515989506,133.766542229417,1,1,1,NA,NA,NA,NA,NA,0.363636363636364,0.181818181818182,0.0909090909090909,0,0,0,0,0,0,0,0,0,0,0,0,0,2979,64.250698,13.7281175426131
"980",327,327,2,48.8910416974848,85.7083381461602,90.9894598761385,94.8607749521185,100.962446665019,106.546671059296,118.060721629626,122.543977229604,132.135003469515,0,0,0,NA,NA,NA,NA,NA,NA,NA,NA,NA,NA,NA,NA,NA,0,0,0,0,0,0,0,0,2980,98.104912,49.2138703025152
"981",327,327,3,57.299649407724,94.1169458563994,99.3980675863777,103.269382662358,109.371054375258,114.955278769535,126.469329339865,130.952584939843,140.543611179754,1,NA,NA,NA,NA,NA,NA,NA,0.0714285714285714,0,0,0,0,0,0,0,1,1,1,0,0,0,0,0,2981,54.798838,-2.50081140772398
"982",328,328,1,46.5689670562599,83.4305348882779,88.7180069640757,92.5939771475812,98.7029858861052,104.293925095501,115.821820868923,120.310467411377,129.913026491564,1,1,1,NA,NA,NA,NA,NA,0.625,0.375,0.25,0,0,0,0,0,1,1,1,0,0,0,0,0,2982,73.889431,27.3204639437401
"983",328,328,2,51.3325376451073,88.1941054771253,93.4815775529232,97.3575477364287,103.466556474953,109.057495684349,120.58539145777,125.074038000225,134.676597080411,1,1,NA,NA,NA,NA,NA,NA,0.176470588235294,0.117647058823529,0,0,0,0,0,0,0,1,1,0,0,0,0,0,2983,44.275324,-7.0572136451073
"984",328,328,3,43.9430925335709,80.8046603655889,86.0921324413868,89.9681026248923,96.0771113634162,101.668050572812,113.195946346234,117.684592888688,127.287151968875,1,1,1,1,NA,NA,NA,NA,0.352941176470588,0.235294117647059,0.176470588235294,0.0588235294117647,0,0,0,0,0,0,1,0,0,0,0,0,2984,43.879104,-0.0639885335709138
"985",329,329,1,43.8473155340328,80.7090086088477,85.9964986496381,89.8724820023433,95.9815114971559,101.57246970262,113.100404643825,117.589066437141,127.191658143486,1,1,1,1,NA,NA,NA,NA,0.428571428571429,0.285714285714286,0.214285714285714,0.0714285714285714,0,0,0,0,0,0,0,0,0,0,0,0,2985,54.864976,11.0176604659672
"986",329,329,2,46.5917483108325,83.4534413856474,88.7409314264378,92.616914779143,98.7259442739555,104.31690247942,115.844837420625,120.333499213941,129.936090920286,1,1,1,NA,NA,NA,NA,NA,0.3125,0.1875,0.125,0,0,0,0,0,0,0,0,0,0,0,0,0,2986,48.609627,2.01787868916749
"987",329,329,3,45.0290699157155,81.8907629905304,87.1782530313208,91.0542363840259,97.1632658788385,102.754224084303,114.282159025508,118.770820818824,128.373412525169,1,1,1,NA,NA,NA,NA,NA,0.5,0.4,0.2,0,0,0,0,0,0,0,0,0,0,0,0,0,2987,67.685259,22.6561890842845
"988",330,330,1,49.7958685149522,86.6629849366474,91.9512529094921,95.8278065236386,101.937734821064,107.529515606915,119.059146617529,123.54846881377,133.15247331973,1,1,1,NA,NA,NA,NA,NA,0.333333333333333,0.166666666666667,0.0833333333333333,0,0,0,0,0,0,0,0,0,0,0,0,0,2988,60.210826,10.4149574850478
"989",330,330,2,47.9299115111289,84.7970279328241,90.0852959056687,93.9618495198153,100.071777817241,105.663558603092,117.193189613706,121.682511809947,131.286516315907,1,1,1,NA,NA,NA,NA,NA,0.444444444444444,0.333333333333333,0.111111111111111,0,0,0,0,0,0,0,0,0,0,0,0,0,2989,68.78427,20.8543584888711
"990",330,330,3,50.0702314362238,86.937347857919,92.2256158307637,96.1021694449102,102.212097742336,107.803878528187,119.333509538801,123.822831735042,133.426836241002,1,1,1,NA,NA,NA,NA,NA,0.444444444444444,0.222222222222222,0.111111111111111,0,0,0,0,0,0,0,0,0,0,0,0,0,2990,69.930948,19.8607165637762
"991",331,331,1,50.4129363796292,87.2965952016814,92.587236038327,96.4655290752469,102.578198918252,108.172488755134,119.707293150343,124.198629720701,133.806943576102,1,1,1,NA,NA,NA,NA,NA,0.4,0.2,0.1,0,0,0,0,0,0,0,0,0,0,0,0,0,2991,68.742832,18.3298956203708
"992",331,331,2,50.1150852505999,86.9987440726522,92.2893849092978,96.1676779462176,102.280347789222,107.874637626104,119.409442021313,123.900778591672,133.509092447073,1,1,1,NA,NA,NA,NA,NA,0.363636363636364,0.181818181818182,0.0909090909090909,0,0,0,0,0,0,0,0,0,0,0,0,0,2992,65.529756,15.4146707494001
"993",331,331,3,49.3095929297685,86.1932517518208,91.4838925884664,95.3621856253862,101.474855468391,107.069145305273,118.603949700482,123.09528627084,132.703600126242,1,1,1,NA,NA,NA,NA,NA,0.4,0.2,0.1,0,0,0,0,0,0,0,0,0,0,0,0,0,2993,68.248397,18.9388040702315
"994",332,332,1,50.0468088089539,86.9438381492366,92.236396870713,96.1160958090376,102.230981526665,107.82729932272,119.366285144539,123.859249847772,133.471046766939,1,1,1,NA,NA,NA,NA,NA,0.571428571428571,0.285714285714286,0.142857142857143,0,0,0,0,0,0,0,0,0,0,0,0,0,2994,78.111044,28.0642351910461
"995",332,332,2,52.532675635251,89.4297049755337,94.72226369701,98.6019626353347,104.716848352962,110.313166149017,121.852151970836,126.345116674069,135.956913593236,1,1,NA,NA,NA,NA,NA,NA,0.230769230769231,0.0769230769230769,0,0,0,0,0,0,0,0,0,0,0,0,0,0,2995,58.552145,6.01946936474899
"996",332,332,3,47.602881617175,84.4999109574577,89.792469678934,93.6721686172587,99.7870543348861,105.383372130941,116.92235795276,121.415322655993,131.02711957516,1,1,1,NA,NA,NA,NA,NA,0.285714285714286,0.214285714285714,0.142857142857143,0,0,0,0,0,0,0,0,0,0,0,0,0,2996,55.916465,8.31358338282502
"997",333,333,1,46.9590975100843,83.8675052856772,89.1616961449737,93.0425915184636,99.1593629659942,104.757406574158,116.299950828893,120.794301088339,130.40906212715,1,1,1,NA,NA,NA,NA,NA,0.357142857142857,0.214285714285714,0.142857142857143,0,0,0,0,0,0,0,0,0,0,0,0,0,2997,55.167274,8.2081764899157
"998",333,333,2,46.769637552878,83.6780453284709,88.9722361877674,92.8531315612572,98.9699030087879,104.567946616952,116.110490871687,120.604841131133,130.219602169943,1,1,1,NA,NA,NA,NA,NA,0.5,0.3,0.2,0,0,0,0,0,0,0,0,0,0,0,0,0,2998,65.933497,19.163859447122
"999",333,333,3,49.4922652257327,86.4006730013256,91.6948638606221,95.575759234112,101.692530681643,107.290574289807,118.833118544541,123.327468803988,132.942229842798,1,1,1,NA,NA,NA,NA,NA,0.148148148148148,0.0740740740740741,0.037037037037037,0,0,0,0,0,0,0,0,0,0,0,0,0,2999,14.392341,-35.0999242257327
