"","train_iter","test_iter","predict_iter","expected","Quantile_0.95","Quantile_0.97","Quantile_0.98","Quantile_0.99","Quantile_0.995","Quantile_0.999","Quantile_0.9995","Quantile_0.9999","score_pred_1_0.95","score_pred_1_0.97","score_pred_1_0.98","score_pred_1_0.99","score_pred_1_0.995","score_pred_1_0.999","score_pred_1_0.9995","score_pred_1_0.9999","score_pred_2_0.95","score_pred_2_0.97","score_pred_2_0.98","score_pred_2_0.99","score_pred_2_0.995","score_pred_2_0.999","score_pred_2_0.9995","score_pred_2_0.9999","adjustment_0.95","adjustment_0.97","adjustment_0.98","adjustment_0.99","adjustment_0.995","adjustment_0.999","adjustment_0.9995","adjustment_0.9999","time","actual","residuals"
"1",1,1,1,4.69812947161361,12.1648916247578,13.2359338702013,14.0210591151394,15.2585136762125,16.3910269073233,18.7261434237621,19.6353737710652,21.5804897531094,1,1,1,1,1,1,1,1,0.903225806451613,0.870967741935484,0.870967741935484,0.870967741935484,0.838709677419355,0.838709677419355,0.806451612903226,0.806451612903226,0,0,0,0,0,0,0,0,2001,2.707597,-1.99053247161361
"2",1,1,2,4.69327105015305,12.1600332032972,13.2310754487408,14.0162006936788,15.253655254752,16.3861684858627,18.7212850023015,19.6305153496046,21.5756313316489,1,1,1,1,1,1,1,1,0.903225806451613,0.870967741935484,0.870967741935484,0.870967741935484,0.838709677419355,0.838709677419355,0.806451612903226,0.806451612903226,0,0,0,0,0,0,0,0,2002,2.866193,-1.82707805015305
"3",1,1,3,4.69489175707686,12.161653910221,13.2326961556646,14.0178214006026,15.2552759616758,16.3877891927865,18.7229057092253,19.6321360565284,21.5772520385727,1,1,1,1,1,1,1,1,0.903225806451613,0.870967741935484,0.870967741935484,0.870967741935484,0.838709677419355,0.838709677419355,0.806451612903226,0.806451612903226,0,0,0,0,0,0,0,0,2003,3.024448,-1.67044375707686
"4",2,2,1,4.69555177389398,12.1626603679024,13.2337523072821,14.0189139802545,15.2564259564185,16.38899173358,18.7242165941401,19.6334891276734,21.5786953586969,1,1,1,1,1,1,1,1,0.933333333333333,0.9,0.9,0.9,0.866666666666667,0.866666666666667,0.833333333333333,0.833333333333333,0,0,0,0,0,0,0,0,2004,3.628669,-1.06688277389398
"5",2,2,2,4.70161130511602,12.1687198991245,13.2398118385041,14.0249735114766,15.2624854876406,16.395051264802,18.7302761253621,19.6395486588954,21.5847548899189,0,1,1,1,1,1,1,1,0,1,1,1,0.962962962962963,0.962962962962963,0.925925925925926,0.925925925925926,0,0,0,0,0,0,0,0,2005,14.513276,9.81166469488399
"6",2,2,3,4.81076940448048,12.2778779984889,13.3489699378686,14.134131610841,15.371643587005,16.5042093641665,18.8394342247266,19.7487067582599,21.6939129892834,1,1,1,1,1,1,1,1,0.933333333333333,0.9,0.9,0.9,0.866666666666667,0.833333333333333,0.833333333333333,0.833333333333333,1,0,0,0,0,0,0,0,2006,4.270827,-0.539942404480479
"7",3,3,1,4.71517469210302,12.1903181571334,13.2625626290465,14.0485691635466,15.2874127460468,16.4211972037496,18.7589348482508,19.6691857909553,21.6164851321807,1,1,1,1,1,1,1,1,0.933333333333333,0.9,0.9,0.9,0.866666666666667,0.833333333333333,0.833333333333333,0.833333333333333,1,0,0,0,0,0,0,0,2007,3.565492,-1.14968269210302
"8",3,3,2,4.70828123971401,12.1834247047444,13.2556691766575,14.0416757111576,15.2805192936578,16.4143037513605,18.7520413958617,19.6622923385663,21.6095916797917,1,1,1,1,1,1,1,1,0.933333333333333,0.9,0.9,0.9,0.866666666666667,0.833333333333333,0.833333333333333,0.833333333333333,0,0,0,0,0,0,0,0,2008,4.386099,-0.322182239714008
"9",3,3,3,4.71630128024027,12.1914447452707,13.2636892171838,14.0496957516838,15.288539334184,16.4223237918868,18.760061436388,19.6703123790926,21.617611720318,1,1,1,1,1,1,1,1,0.933333333333333,0.9,0.9,0.9,0.866666666666667,0.833333333333333,0.833333333333333,0.833333333333333,0,0,0,0,0,0,0,0,2009,3.443427,-1.27287428024027
"10",4,4,1,4.70279470317482,12.1736201660036,13.245245257966,14.0307977573078,15.2689257242025,16.4020552535006,18.7384425083614,19.6481676463649,21.5943421338826,1,1,1,1,1,1,1,1,0.903225806451613,0.870967741935484,0.870967741935484,0.870967741935484,0.838709677419355,0.838709677419355,0.806451612903226,0.806451612903226,0,0,0,0,0,0,0,0,2010,2.618617,-2.08417770317482
"11",4,4,2,4.69469128739289,12.1655167502217,13.2371418421841,14.0226943415259,15.2608223084206,16.3939518377187,18.7303390925794,19.640064230583,21.5862387181006,1,1,1,1,1,1,1,1,0.903225806451613,0.870967741935484,0.870967741935484,0.870967741935484,0.838709677419355,0.838709677419355,0.806451612903226,0.806451612903226,0,0,0,0,0,0,0,0,2011,3.124484,-1.5702072873929
"12",4,4,3,4.69966122062765,12.1704866834564,13.2421117754189,14.0276642747606,15.2657922416554,16.3989217709534,18.7353090258142,19.6450341638177,21.5912086513354,1,1,1,1,1,1,1,1,0.903225806451613,0.870967741935484,0.870967741935484,0.870967741935484,0.838709677419355,0.838709677419355,0.806451612903226,0.806451612903226,0,0,0,0,0,0,0,0,2012,2.931122,-1.76853922062765
"13",5,5,1,4.69781373161376,12.1688550649793,13.2405111216972,14.0260863196873,15.2642500624612,16.397412333694,18.7338670987881,19.6436185234256,21.5898492459247,1,1,1,1,1,1,1,1,0.903225806451613,0.870967741935484,0.870967741935484,0.870967741935484,0.838709677419355,0.838709677419355,0.806451612903226,0.806451612903226,0,0,0,0,0,0,0,0,2013,3.107031,-1.59078273161376
"14",5,5,2,4.6995674545352,12.1706087879007,13.2422648446187,14.0278400426087,15.2660037853826,16.3991660566154,18.7356208217096,19.645372246347,21.5916029688461,1,1,1,1,1,1,1,1,0.933333333333333,0.9,0.9,0.9,0.866666666666667,0.866666666666667,0.833333333333333,0.833333333333333,0,0,0,0,0,0,0,0,2014,3.375307,-1.3242604545352
"15",5,5,3,4.7022420292896,12.1732833626551,13.2449394193731,14.0305146173631,15.268678360137,16.4018406313698,18.738295396464,19.6480468211014,21.5942775436005,1,1,1,1,1,1,1,1,0.903225806451613,0.870967741935484,0.870967741935484,0.870967741935484,0.838709677419355,0.838709677419355,0.806451612903226,0.806451612903226,0,0,0,0,0,0,0,0,2015,2.724327,-1.9779150292896
"16",6,6,1,4.69553140905474,12.1666939665116,13.2383674117736,14.023955356399,15.2621391894478,16.3953198472161,18.7318125233046,19.6415787094438,21.5878410112155,1,1,1,1,1,1,1,1,0.933333333333333,0.9,0.9,0.9,0.866666666666667,0.866666666666667,0.833333333333333,0.833333333333333,0,0,0,0,0,0,0,0,2016,3.622138,-1.07339340905474
"17",6,6,2,4.70453465427329,12.1756972117301,13.2473706569922,14.0329586016176,15.2711424346664,16.4043230924347,18.7408157685232,19.6505819546624,21.5968442564341,1,1,1,1,1,1,1,1,1,0.964285714285714,0.964285714285714,0.964285714285714,0.928571428571429,0.928571428571429,0.892857142857143,0.892857142857143,0,0,0,0,0,0,0,0,2017,11.121184,6.4166493457267
"18",6,6,3,4.7797350584154,12.2508976158722,13.3225710611343,14.1081590057597,15.3463428388085,16.4795234965768,18.8160161726653,19.7257823588045,21.6720446605762,1,1,1,1,1,1,1,1,0.933333333333333,0.9,0.9,0.9,0.866666666666667,0.833333333333333,0.833333333333333,0.833333333333333,0,0,0,0,0,0,0,0,2018,3.765701,-1.0140340584154
"19",7,7,1,4.70982605982394,12.1842764224789,13.25642147487,14.0423551301004,15.2810838458514,16.4147631779864,18.7522840652411,19.6624506086169,21.6095693944048,1,1,1,1,1,1,1,1,0.903225806451613,0.870967741935484,0.870967741935484,0.870967741935484,0.838709677419355,0.806451612903226,0.806451612903226,0.806451612903226,0,0,0,0,0,0,0,0,2019,2.696132,-2.01369405982394
"20",7,7,2,4.69971331898938,12.1741636816444,13.2463087340354,14.0322423892658,15.2709711050168,16.4046504371518,18.7421713244065,19.6523378677823,21.5994566535702,1,1,1,1,1,1,1,1,0.933333333333333,0.9,0.9,0.9,0.866666666666667,0.866666666666667,0.833333333333333,0.833333333333333,0,0,0,0,0,0,0,0,2020,3.128733,-1.57098031898938
"21",7,7,3,4.7038035476682,12.1782539103232,13.2503989627142,14.0363326179447,15.2750613336956,16.4087406658306,18.7462615530854,19.6564280964612,21.603546882249,1,1,1,1,1,1,1,1,0.903225806451613,0.870967741935484,0.870967741935484,0.870967741935484,0.838709677419355,0.838709677419355,0.806451612903226,0.806451612903226,0,0,0,0,0,0,0,0,2021,2.672867,-2.0309365476682
"22",8,8,1,4.69536770847275,12.1686767908349,13.2406581364702,14.0264717868109,15.2650113600025,16.3985175896594,18.7356815588274,19.6457091280862,21.592530606622,1,1,1,1,1,1,1,1,0.933333333333333,0.9,0.9,0.9,0.866666666666667,0.866666666666667,0.833333333333333,0.833333333333333,0,0,0,0,0,0,0,0,2022,3.374512,-1.32085570847275
"23",8,8,2,4.70242616142417,12.1757352437863,13.2477165894217,14.0335302397623,15.2720698129539,16.4055760426108,18.7427400117788,19.6527675810376,21.5995890595734,1,1,1,1,1,1,1,1,0.933333333333333,0.9,0.9,0.9,0.866666666666667,0.866666666666667,0.833333333333333,0.833333333333333,0,0,0,0,0,0,0,0,2023,3.385814,-1.31661216142417
"24",8,8,3,4.70253985800187,12.175848940364,13.2478302859994,14.03364393634,15.2721835095316,16.4056897391885,18.7428537083565,19.6528812776153,21.5997027561511,1,1,1,1,1,1,1,1,0.903225806451613,0.870967741935484,0.870967741935484,0.870967741935484,0.838709677419355,0.838709677419355,0.806451612903226,0.806451612903226,0,0,0,0,0,0,0,0,2024,3.045877,-1.65666285800187
"25",9,9,1,4.69929531667115,12.1725479646155,13.2445212152233,14.0303289315212,15.2688591519269,16.4023568219533,18.7395031421139,19.6495238393331,21.5963306165184,1,1,1,1,1,1,1,1,0.933333333333333,0.9,0.9,0.9,0.866666666666667,0.866666666666667,0.833333333333333,0.833333333333333,0,0,0,0,0,0,0,0,2025,3.229437,-1.46985831667115
"26",9,9,2,4.70113575182067,12.1743883997651,13.2463616503729,14.0321693666707,15.2706995870764,16.4041972571029,18.7413435772634,19.6513642744826,21.5981710516679,1,1,1,1,1,1,1,1,0.933333333333333,0.9,0.9,0.9,0.866666666666667,0.866666666666667,0.833333333333333,0.833333333333333,0,0,0,0,0,0,0,0,2026,5.86389,1.16275424817933
"27",9,9,3,4.72754967588347,12.2008023238279,13.2727755744357,14.0585832907335,15.2971135111392,16.4306111811657,18.7677575013262,19.6777781985454,21.6245849757307,1,1,1,1,1,1,1,1,0.933333333333333,0.9,0.9,0.9,0.866666666666667,0.833333333333333,0.833333333333333,0.833333333333333,0,0,0,0,0,0,0,0,2027,3.148163,-1.57938667588347
"28",10,10,1,4.70080326815229,12.174091606597,13.2460699766974,14.0318814458285,15.2704175811638,16.403920664509,18.7410781463317,19.6511031895962,21.5979192642736,1,1,1,1,1,1,1,1,0.903225806451613,0.870967741935484,0.870967741935484,0.870967741935484,0.838709677419355,0.838709677419355,0.806451612903226,0.806451612903226,0,0,0,0,0,0,0,0,2028,2.951019,-1.74978426815229
"29",10,10,2,4.69886667211391,12.1721550105586,13.2441333806591,14.0299448497901,15.2684809851254,16.4019840684706,18.7391415502934,19.6491665935578,21.5959826682352,0,0,0,0,1,1,1,1,0,0,0,0,1,1,0.961538461538462,0.961538461538462,0,0,0,0,0,0,0,0,2029,16.142628,11.4437613278861
"30",10,10,3,4.82845122822181,12.3017395666666,13.373717936767,14.159529405898,15.3980655412333,16.5315686245785,18.8687261064013,19.7787511496657,21.7255672243431,1,1,1,1,1,1,1,1,0.903225806451613,0.870967741935484,0.870967741935484,0.870967741935484,0.838709677419355,0.806451612903226,0.806451612903226,0.806451612903226,1,1,1,1,0,0,0,0,2030,2.773944,-2.05450722822181
"31",11,11,1,4.70556164008318,12.1903631081241,13.2639929367714,14.0510150040852,15.2914591919926,16.4267085170597,18.767466555392,19.6788935566413,21.6287088392647,1,1,1,1,1,1,1,1,0.933333333333333,0.9,0.9,0.9,0.866666666666667,0.833333333333333,0.833333333333333,0.833333333333333,1,1,1,1,0,0,0,0,2031,3.18391,-1.52165164008318
"32",11,11,2,4.70915596435799,12.193957432399,13.2675872610462,14.05460932836,15.2950535162674,16.4303028413345,18.7710608796668,19.6824878809161,21.6323031635396,1,1,1,1,1,1,1,1,1,0.964285714285714,0.964285714285714,0.964285714285714,0.928571428571429,0.892857142857143,0.892857142857143,0.892857142857143,0,0,0,0,0,0,0,0,2032,9.500175,4.79101903564201
"33",11,11,3,4.76453300688256,12.2493344749235,13.3229643035707,14.1099863708846,15.3504305587919,16.4856798838591,18.8264379221914,19.7378649234406,21.6876802060641,0,0,0,0,0,0,0,0,0,0,0,0,0,0,0,0,0,0,0,0,0,0,0,0,2033,23.388259,18.6237259931174
"34",12,12,1,4.9413265190472,12.456641594481,13.5346483353571,14.3248788888912,15.5703800481964,16.7102574923053,19.060558198147,19.9757008524837,21.933465029714,1,1,1,1,1,1,1,1,0.933333333333333,0.9,0.9,0.9,0.866666666666667,0.833333333333333,0.833333333333333,0.8,1,1,1,1,1,1,1,1,2034,3.696192,-1.2451345190472
"35",12,12,2,4.72088152797419,12.236196603408,13.3142033442841,14.1044338978182,15.3499350571234,16.4898125012323,18.840113207074,19.7552558614107,21.713020038641,1,1,1,1,1,1,1,1,0.933333333333333,0.9,0.9,0.9,0.866666666666667,0.833333333333333,0.833333333333333,0.833333333333333,1,1,1,1,1,1,1,1,2035,3.56739,-1.15349152797419
"36",12,12,3,4.71943963994181,12.2347547153756,13.3127614562517,14.1029920097859,15.348493169091,16.4883706131999,18.8386713190416,19.7538139733783,21.7115781506086,1,1,1,1,1,1,1,1,0.933333333333333,0.9,0.9,0.9,0.866666666666667,0.833333333333333,0.833333333333333,0.833333333333333,0,0,0,0,0,0,0,0,2036,3.433833,-1.28560663994181
"37",13,13,1,4.71968016652349,12.2350435907566,13.3130572668485,14.1032929042278,15.3488020763023,16.488686853664,18.8390026798588,19.7541512216463,21.7119279938971,1,1,1,1,1,1,1,1,0.933333333333333,0.9,0.9,0.9,0.866666666666667,0.833333333333333,0.833333333333333,0.833333333333333,0,0,0,0,0,0,0,0,2037,4.490287,-0.229393166523493
"38",13,13,2,4.73070450203572,12.2460679262688,13.3240816023607,14.1143172397401,15.3598264118145,16.4997111891763,18.850027015371,19.7651755571586,21.7229523294094,1,1,1,1,1,1,1,1,0.933333333333333,0.9,0.9,0.9,0.866666666666667,0.833333333333333,0.833333333333333,0.833333333333333,0,0,0,0,0,0,0,0,2038,3.386625,-1.34407950203572
"39",13,13,3,4.71918754040739,12.2345509646405,13.3125646407324,14.1028002781117,15.3483094501862,16.4881942275479,18.8385100537427,19.7536585955302,21.711435367781,1,1,1,1,1,1,1,1,0.903225806451613,0.870967741935484,0.870967741935484,0.870967741935484,0.838709677419355,0.806451612903226,0.806451612903226,0.806451612903226,0,0,0,0,0,0,0,0,2039,3.103443,-1.61574454040739
"40",14,14,1,4.71516782274107,12.2301386840985,13.3080960504519,14.098290410097,15.3437345233533,16.4835597591572,18.8337528172717,19.7488535565349,21.7065280648716,1,1,1,1,1,1,1,1,0.933333333333333,0.9,0.9,0.9,0.866666666666667,0.833333333333333,0.833333333333333,0.833333333333333,0,0,0,0,0,0,0,0,2040,3.638307,-1.07686082274107
"41",14,14,2,4.720922475477,12.2358933368344,13.3138507031879,14.1040450628329,15.3494891760892,16.4893144118931,18.8395074700077,19.7546082092709,21.7122827176075,1,1,1,1,1,1,1,1,1,0.964285714285714,0.964285714285714,0.964285714285714,0.928571428571429,0.892857142857143,0.892857142857143,0.892857142857143,0,0,0,0,0,0,0,0,2041,10.700004,5.979081524523
"42",14,14,3,4.79689994631323,12.3118708076706,13.3898281740241,14.1800225336691,15.4254666469255,16.5652918827294,18.9154849408439,19.8305856801071,21.7882601884438,1,1,1,1,1,1,1,1,0.933333333333333,0.9,0.9,0.9,0.866666666666667,0.833333333333333,0.833333333333333,0.833333333333333,0,0,0,0,0,0,0,0,2042,3.58684,-1.21005994631323
"43",15,15,1,4.71585832595964,12.2135282902835,13.2890039930688,14.0773791745022,15.3199560377369,16.4571571783307,18.8019396435291,19.7149336462583,21.6681012142863,1,1,1,1,1,1,1,1,0.933333333333333,0.9,0.9,0.9,0.866666666666667,0.833333333333333,0.833333333333333,0.833333333333333,0,0,0,0,0,0,0,0,2043,3.236482,-1.47937632595964
"44",15,15,2,4.712911715886,12.2105816802098,13.2860573829952,14.0744325644285,15.3170094276632,16.4542105682571,18.7989930334555,19.7119870361847,21.6651546042126,1,1,1,1,1,1,1,1,0.933333333333333,0.9,0.9,0.9,0.866666666666667,0.833333333333333,0.833333333333333,0.833333333333333,0,0,0,0,0,0,0,0,2044,3.485509,-1.227402715886
"45",15,15,3,4.7150061035318,12.2126760678556,13.288151770641,14.0765269520743,15.319103815309,16.4563049559029,18.8010874211013,19.7140814238305,21.6672489918585,1,1,1,1,1,1,1,1,0.933333333333333,0.9,0.9,0.9,0.866666666666667,0.833333333333333,0.833333333333333,0.833333333333333,0,0,0,0,0,0,0,0,2045,3.430572,-1.2844341035318
"46",16,16,1,4.71143593249961,12.2059106697681,13.2809280449559,14.0689672503164,15.3110145736767,16.4477310815954,18.7915142880365,19.7041192068033,21.6564544077243,1,1,1,1,1,1,1,1,0.933333333333333,0.9,0.9,0.9,0.866666666666667,0.833333333333333,0.833333333333333,0.833333333333333,0,0,0,0,0,0,0,0,2046,3.53626,-1.17517593249961
"47",16,16,2,4.7123440077154,12.2068187449839,13.2818361201716,14.0698753255322,15.3119226488925,16.4486391568112,18.7924223632523,19.705027282019,21.6573624829401,1,1,1,1,1,1,1,1,0.933333333333333,0.9,0.9,0.9,0.866666666666667,0.833333333333333,0.833333333333333,0.833333333333333,0,0,0,0,0,0,0,0,2047,4.031464,-0.680880007715403
"48",16,16,3,4.71659881884968,12.2110735561182,13.2860909313059,14.0741301366665,15.3161774600267,16.4528939679455,18.7966771743866,19.7092820931533,21.6616172940744,1,1,1,1,1,1,1,1,0.903225806451613,0.870967741935484,0.870967741935484,0.870967741935484,0.838709677419355,0.806451612903226,0.806451612903226,0.806451612903226,0,0,0,0,0,0,0,0,2048,2.957121,-1.75947781884968
"49",17,17,1,4.7061901940285,12.2004239101222,13.2754067129136,14.0634205750524,15.3054279543585,16.4421079056462,18.7858157363736,19.6983913059041,21.6506637200201,1,1,1,1,1,1,1,1,0.933333333333333,0.9,0.9,0.9,0.866666666666667,0.833333333333333,0.833333333333333,0.833333333333333,0,0,0,0,0,0,0,0,2049,3.857585,-0.848605194028503
"50",17,17,2,4.71407327630967,12.2083069924034,13.2832897951948,14.0713036573336,15.3133110366397,16.4499909879274,18.7936988186547,19.7062743881852,21.6585468023013,1,1,1,1,1,1,1,1,0.933333333333333,0.9,0.9,0.9,0.866666666666667,0.833333333333333,0.833333333333333,0.833333333333333,0,0,0,0,0,0,0,0,2050,4.715624,0.00155072369032716
"51",17,17,3,4.72158495033268,12.2158186664264,13.2908014692178,14.0788153313566,15.3208227106627,16.4575026619504,18.8012104926777,19.7137860622083,21.6660584763243,1,1,1,1,1,1,1,1,0.903225806451613,0.870967741935484,0.870967741935484,0.870967741935484,0.838709677419355,0.806451612903226,0.806451612903226,0.806451612903226,0,0,0,0,0,0,0,0,2051,2.74422,-1.97736495033268
"52",18,18,1,4.70542596664217,12.1994645814579,13.2744193986638,14.0624127460285,15.3043877915115,16.4410381510198,18.7846849667841,19.697236778761,21.6494583683555,1,1,1,1,1,1,1,1,0.933333333333333,0.9,0.9,0.9,0.866666666666667,0.833333333333333,0.833333333333333,0.833333333333333,0,0,0,0,0,0,0,0,2052,3.393223,-1.31220296664217
"53",18,18,2,4.71092026641897,12.2049588812347,13.2799136984406,14.0679070458053,15.3098820912883,16.4465324507966,18.7901792665609,19.7027310785378,21.6549526681323,0,1,1,1,1,1,1,1,0,1,1,1,0.962962962962963,0.925925925925926,0.925925925925926,0.925925925925926,0,0,0,0,0,0,0,0,2053,13.200798,8.48987773358103
"54",18,18,3,4.79394878421235,12.2879873990281,13.362942216234,14.1509355635987,15.3929106090817,16.5295609685899,18.8732077843543,19.7857595963311,21.7379811859256,1,1,1,1,1,1,1,1,0.933333333333333,0.9,0.9,0.9,0.866666666666667,0.833333333333333,0.833333333333333,0.833333333333333,1,0,0,0,0,0,0,0,2054,3.256109,-1.53783978421235
"55",19,19,1,4.71651624798601,12.2165185451462,13.2923288008404,14.0809492255736,15.3239126226026,16.461467517306,18.8069793841937,19.720257395942,21.6740325443083,1,1,1,1,1,1,1,1,0.933333333333333,0.9,0.9,0.9,0.866666666666667,0.833333333333333,0.833333333333333,0.833333333333333,1,0,0,0,0,0,0,0,2055,3.459919,-1.25659724798601
"56",19,19,2,4.71810555390475,12.2181078510649,13.2939181067592,14.0825385314923,15.3255019285214,16.4630568232248,18.8085686901125,19.7218467018608,21.6756218502271,0,1,1,1,1,1,1,1,0,1,1,1,0.962962962962963,0.925925925925926,0.925925925925926,0.925925925925926,0,0,0,0,0,0,0,0,2056,14.695464,9.97735844609525
"57",19,19,3,4.80572008787667,12.3057223850369,13.3815326407311,14.1701530654643,15.4131164624933,16.5506713571967,18.8961832240844,19.8094612358327,21.763236384199,0,0,0,0,0,1,1,1,0,0,0,0,0,1,1,1,1,0,0,0,0,0,0,0,2057,19.231597,14.4258769121233
"58",20,20,1,4.90063497610038,12.4242508021448,13.5034482136745,14.2945515858042,15.541428415245,16.6825648668999,19.035461506488,19.9516149462502,21.9115414961856,1,1,1,1,1,1,1,1,0.933333333333333,0.9,0.9,0.9,0.866666666666667,0.833333333333333,0.833333333333333,0.8,1,1,1,1,1,0,0,0,2058,3.47101,-1.42962497610038
"59",20,20,2,4.72358165369652,12.2471974797409,13.3263948912706,14.1174982634004,15.3643750928411,16.505511544496,18.8584081840841,19.7745616238463,21.7344881737818,1,1,1,1,1,1,1,1,0.933333333333333,0.9,0.9,0.9,0.866666666666667,0.833333333333333,0.833333333333333,0.833333333333333,1,1,1,1,1,0,0,0,2059,3.584953,-1.13862865369652
"60",20,20,3,4.72486168131952,12.2484775073639,13.3276749188936,14.1187782910234,15.3656551204641,16.506791572119,18.8596882117071,19.7758416514693,21.7357682014048,1,1,1,1,1,1,1,1,0.933333333333333,0.9,0.9,0.9,0.866666666666667,0.833333333333333,0.833333333333333,0.833333333333333,0,0,0,0,0,0,0,0,2060,3.582412,-1.14244968131952
"61",21,21,1,4.7217293966585,12.2419647746303,13.3206772902144,14.1114252104004,15.3577418035834,16.4983655293618,18.8502049851311,19.7659467865001,21.7249927186473,1,1,1,1,1,1,1,1,0.933333333333333,0.9,0.9,0.9,0.866666666666667,0.833333333333333,0.833333333333333,0.833333333333333,0,0,0,0,0,0,0,0,2061,3.426026,-1.2957033966585
"62",21,21,2,4.71997294361706,12.2402083215888,13.318920837173,14.1096687573589,15.355985350542,16.4966090763204,18.8484485320896,19.7641903334587,21.7232362656059,1,1,1,1,1,1,1,1,0.933333333333333,0.9,0.9,0.9,0.866666666666667,0.833333333333333,0.833333333333333,0.833333333333333,0,0,0,0,0,0,0,0,2062,4.001512,-0.718460943617065
"63",21,21,3,4.72643652817709,12.2466719061488,13.325384421733,14.116132341919,15.362448935102,16.5030726608804,18.8549121166497,19.7706539180187,21.7296998501659,1,1,1,1,1,1,1,1,0.933333333333333,0.9,0.9,0.9,0.866666666666667,0.833333333333333,0.833333333333333,0.833333333333333,0,0,0,0,0,0,0,0,2063,3.331432,-1.39500452817709
"64",22,22,1,4.71926813787795,12.2391317414122,13.3177909291791,14.1084997575217,15.3547547371212,16.4953220744061,18.8470452633636,19.762741793624,21.7216908773133,1,1,1,1,1,1,1,1,0.933333333333333,0.9,0.9,0.9,0.866666666666667,0.833333333333333,0.833333333333333,0.833333333333333,0,0,0,0,0,0,0,0,2064,3.176069,-1.54319913787795
"65",22,22,2,4.71754617565018,12.2374097791845,13.3160689669513,14.1067777952939,15.3530327748935,16.4936001121783,18.8453233011359,19.7610198313962,21.7199689150855,0,1,1,1,1,1,1,1,0,1,1,1,0.962962962962963,0.925925925925926,0.925925925925926,0.925925925925926,0,0,0,0,0,0,0,0,2065,13.593794,8.87624782434982
"66",22,22,3,4.83301079045106,12.3528743939854,13.4315335817522,14.2222424100948,15.4684973896943,16.6090647269792,18.9607879159368,19.8764844461971,21.8354335298864,1,1,1,1,1,1,1,1,0.933333333333333,0.9,0.9,0.9,0.866666666666667,0.833333333333333,0.833333333333333,0.833333333333333,1,0,0,0,0,0,0,0,2066,6.129461,1.29645020954894
"67",23,23,1,4.75447135941439,12.2810791576833,13.3607057416687,14.1521237177563,15.3994964019732,16.5410866578422,18.8949189913248,19.8114367646346,21.7721427331283,1,1,1,1,1,1,1,1,0.933333333333333,0.9,0.9,0.9,0.866666666666667,0.833333333333333,0.833333333333333,0.833333333333333,1,0,0,0,0,0,0,0,2067,3.458226,-1.29624535941439
"68",23,23,2,4.72406433136412,12.250672129633,13.3302987136184,14.121716689706,15.3690893739229,16.5106796297919,18.8645119632745,19.7810297365844,21.741735705078,1,1,1,1,1,1,1,1,0.933333333333333,0.9,0.9,0.9,0.866666666666667,0.833333333333333,0.833333333333333,0.833333333333333,0,0,0,0,0,0,0,0,2068,3.413841,-1.31022333136412
"69",23,23,3,4.72355909092664,12.2501668891955,13.329793473181,14.1212114492685,15.3685841334854,16.5101743893544,18.864006722837,19.7805244961469,21.7412304646405,1,1,1,1,1,1,1,1,0.903225806451613,0.870967741935484,0.870967741935484,0.870967741935484,0.838709677419355,0.806451612903226,0.806451612903226,0.806451612903226,0,0,0,0,0,0,0,0,2069,2.899465,-1.82409409092664
"70",24,24,1,4.71014422111962,12.225884202781,13.3039518927688,14.0942271249198,15.3397987032552,16.4797405945655,18.8301741833797,19.7453685787025,21.703243445396,1,1,1,1,1,1,1,1,0.933333333333333,0.9,0.9,0.9,0.866666666666667,0.833333333333333,0.833333333333333,0.833333333333333,0,0,0,0,0,0,0,0,2070,3.310905,-1.39923922111962
"71",24,24,2,4.71535153676046,12.2310915184218,13.3091592084096,14.0994344405607,15.345006018896,16.4849479102064,18.8353814990206,19.7505758943434,21.7084507610368,1,1,1,1,1,1,1,1,0.933333333333333,0.9,0.9,0.9,0.866666666666667,0.833333333333333,0.833333333333333,0.833333333333333,0,0,0,0,0,0,0,0,2071,3.50457,-1.21078153676046
"72",24,24,3,4.71780262266262,12.233542604324,13.3116102943118,14.1018855264628,15.3474571047982,16.4873989961085,18.8378325849227,19.7530269802455,21.710901846939,1,1,1,1,1,1,1,1,0.903225806451613,0.870967741935484,0.870967741935484,0.870967741935484,0.838709677419355,0.806451612903226,0.806451612903226,0.806451612903226,0,0,0,0,0,0,0,0,2072,3.114396,-1.60340662266262
"73",25,25,1,4.71176654470579,12.2273261446398,13.3053679604339,14.0956242255622,15.3411659095221,16.4810804416252,18.8314576187924,19.7466300489666,21.7044579256296,1,1,1,1,1,1,1,1,0.96551724137931,0.931034482758621,0.931034482758621,0.931034482758621,0.896551724137931,0.862068965517241,0.862068965517241,0.862068965517241,0,0,0,0,0,0,0,0,2073,6.786315,2.07454845529421
"74",25,25,2,4.75723729699813,12.2727968969321,13.3508387127262,14.1410949778545,15.3866366618144,16.5265511939176,18.8769283710848,19.7921008012589,21.7499286779219,1,1,1,1,1,1,1,1,0.933333333333333,0.9,0.9,0.9,0.866666666666667,0.833333333333333,0.833333333333333,0.833333333333333,0,0,0,0,0,0,0,0,2074,3.268626,-1.48861129699813
"75",25,25,3,4.71367643273057,12.2292360326646,13.3072778484587,14.0975341135869,15.3430757975468,16.48299032965,18.8333675068172,19.7485399369913,21.7063678136544,1,1,1,1,1,1,1,1,0.933333333333333,0.9,0.9,0.9,0.866666666666667,0.833333333333333,0.833333333333333,0.833333333333333,0,0,0,0,0,0,0,0,2075,3.937187,-0.776489432730565
"76",26,26,1,4.72544407936714,12.241158546608,13.3192225767736,14.1094951260997,15.355062475971,16.4950004974086,18.8454261069752,19.7606173953977,21.7184856155011,1,1,1,1,1,1,1,1,0.933333333333333,0.9,0.9,0.9,0.866666666666667,0.833333333333333,0.833333333333333,0.833333333333333,0,0,0,0,0,0,0,0,2076,3.248555,-1.47688907936714
"77",26,26,2,4.71699227459504,12.2327067418359,13.3107707720015,14.1010433213276,15.3466106711989,16.4865486926365,18.8369743022031,19.7521655906256,21.710033810729,0,0,0,0,1,1,1,1,0,0,0,0,1,0.961538461538462,0.961538461538462,0.961538461538462,0,0,0,0,0,0,0,0,2077,17.074757,12.357764725405
"78",26,26,3,4.88668575390424,12.4024002211452,13.4804642513107,14.2707368006368,15.5163041505081,16.6562421719457,19.0066677815123,19.9218590699348,21.8797272900382,1,1,1,1,1,1,1,1,0.903225806451613,0.870967741935484,0.870967741935484,0.870967741935484,0.838709677419355,0.806451612903226,0.806451612903226,0.774193548387097,1,1,1,1,0,0,0,0,2078,2.9241,-1.96258575390424
"79",27,27,1,4.72110509198944,12.2503327047798,13.3303350784275,14.1220285263295,15.369835388221,16.5118230016793,18.8664746423842,19.7833114314626,21.7446998702146,1,1,1,1,1,1,1,1,0.933333333333333,0.9,0.9,0.9,0.866666666666667,0.833333333333333,0.833333333333333,0.833333333333333,1,1,1,1,0,0,0,0,2079,3.196276,-1.52482909198944
"80",27,27,2,4.72416281013655,12.253390422927,13.3333927965747,14.1250862444766,15.3728931063681,16.5148807198264,18.8695323605313,19.7863691496098,21.7477575883617,1,1,1,1,1,1,1,1,0.933333333333333,0.9,0.9,0.9,0.866666666666667,0.833333333333333,0.833333333333333,0.833333333333333,0,0,0,0,0,0,0,0,2080,3.380834,-1.34332881013655
"81",27,27,3,4.72623619774529,12.2554638105357,13.3354661841834,14.1271596320853,15.3749664939769,16.5169541074352,18.87160574814,19.7884425372185,21.7498309759705,1,1,1,1,1,1,1,1,0.933333333333333,0.9,0.9,0.9,0.866666666666667,0.833333333333333,0.833333333333333,0.833333333333333,0,0,0,0,0,0,0,0,2081,3.34974,-1.37649619774529
"82",28,28,1,4.72030091339295,12.2451719162947,13.3245493720541,14.1157847252242,15.36286957312,16.5041964023936,18.85748557949,19.7737918625954,21.7340453902108,1,1,1,1,1,1,1,1,0.933333333333333,0.9,0.9,0.9,0.866666666666667,0.833333333333333,0.833333333333333,0.833333333333333,0,0,0,0,0,0,0,0,2082,3.720924,-0.999376913392948
"83",28,28,2,4.72475300971351,12.2496240126153,13.3290014683747,14.1202368215448,15.3673216694406,16.5086484987142,18.8619376758106,19.778243958916,21.7384974865314,1,1,1,1,1,1,1,1,0.933333333333333,0.9,0.9,0.9,0.866666666666667,0.833333333333333,0.833333333333333,0.833333333333333,0,0,0,0,0,0,0,0,2083,3.370937,-1.35381600971351
"84",28,28,3,4.72055515680244,12.2454261597042,13.3248036154636,14.1160389686337,15.3631238165295,16.5044506458031,18.8577398228995,19.7740461060049,21.7342996336203,1,1,1,1,1,1,1,1,0.903225806451613,0.870967741935484,0.870967741935484,0.870967741935484,0.838709677419355,0.806451612903226,0.806451612903226,0.806451612903226,0,0,0,0,0,0,0,0,2084,2.962927,-1.75762815680244
"85",29,29,1,4.71492192128031,12.2400448937593,13.3194584923683,14.1107203399776,15.3578469463888,16.4992119928808,18.8525799696375,19.7689169351701,21.7292361016851,1,1,1,1,1,1,1,1,0.933333333333333,0.9,0.9,0.9,0.866666666666667,0.833333333333333,0.833333333333333,0.833333333333333,0,0,0,0,0,0,0,0,2085,4.423261,-0.291660921280313
"86",29,29,2,4.73243423677659,12.2575572092555,13.3369708078645,14.1282326554739,15.3753592618851,16.5167243083771,18.8700922851338,19.7864292506664,21.7467484171814,1,1,1,1,1,1,1,1,0.933333333333333,0.9,0.9,0.9,0.866666666666667,0.833333333333333,0.833333333333333,0.833333333333333,0,0,0,0,0,0,0,0,2086,6.210324,1.47788976322341
"87",29,29,3,4.75386468424115,12.2789876567201,13.3584012553291,14.1496631029385,15.3967897093497,16.5381547558417,18.8915227325984,19.8078596981309,21.768178864646,1,1,1,1,1,1,1,1,0.933333333333333,0.9,0.9,0.9,0.866666666666667,0.833333333333333,0.833333333333333,0.833333333333333,0,0,0,0,0,0,0,0,2087,3.136739,-1.61712568424115
"88",30,30,1,4.71908067938295,12.243819014239,13.3231774399183,14.1143988431286,15.3614617041612,16.5027684111496,18.8560160983287,19.7723062263978,21.732525193553,1,1,1,1,1,1,1,1,0.933333333333333,0.9,0.9,0.9,0.866666666666667,0.833333333333333,0.833333333333333,0.833333333333333,0,0,0,0,0,0,0,0,2088,3.709931,-1.00914967938295
"89",30,30,2,4.7257201880552,12.2504585229113,13.3298169485906,14.1210383518009,15.3681012128335,16.5094079198219,18.8626556070009,19.7789457350701,21.7391647022253,1,1,1,1,1,1,1,1,1,0.964285714285714,0.964285714285714,0.964285714285714,0.928571428571429,0.892857142857143,0.892857142857143,0.892857142857143,0,0,0,0,0,0,0,0,2089,9.674801,4.94908081194479
"90",30,30,3,4.79481362636886,12.3195519612249,13.3989103869042,14.1901317901146,15.4371946511471,16.5785013581356,18.9317490453146,19.8480391733837,21.8082581405389,1,1,1,1,1,1,1,1,0.933333333333333,0.9,0.9,0.9,0.866666666666667,0.833333333333333,0.833333333333333,0.833333333333333,0,0,0,0,0,0,0,0,2090,3.240795,-1.55401862636886
"91",31,31,1,4.72521096421289,12.2517467051287,13.3313629531121,14.1227733524152,15.3701340946821,16.5117134213285,18.8655232199678,19.7820322188275,21.7427194161448,1,1,1,1,1,1,1,1,0.933333333333333,0.9,0.9,0.9,0.866666666666667,0.833333333333333,0.833333333333333,0.833333333333333,0,0,0,0,0,0,0,0,2091,3.299523,-1.42568796421289
"92",31,31,2,4.72586226388847,12.2523980048043,13.3320142527876,14.1234246520908,15.3707853943577,16.5123647210041,18.8661745196434,19.7826835185031,21.7433707158204,1,1,1,1,1,1,1,1,0.933333333333333,0.9,0.9,0.9,0.866666666666667,0.833333333333333,0.833333333333333,0.833333333333333,0,0,0,0,0,0,0,0,2092,3.166857,-1.55900526388847
"93",31,31,3,4.72439098404306,12.2509267249589,13.3305429729422,14.1219533722454,15.3693141145123,16.5108934411587,18.864703239798,19.7812122386577,21.741899435975,1,1,1,1,1,1,1,1,0.903225806451613,0.870967741935484,0.870967741935484,0.870967741935484,0.838709677419355,0.806451612903226,0.806451612903226,0.806451612903226,0,0,0,0,0,0,0,0,2093,2.853815,-1.87057598404306
"94",32,32,1,4.71276785953891,12.2307908891085,13.3091860625098,14.0997013556821,15.3456512998994,16.4859394700801,18.8370870474705,19.7525594503686,21.7110290585153,1,1,1,1,1,1,1,1,0.933333333333333,0.9,0.9,0.9,0.866666666666667,0.833333333333333,0.833333333333333,0.833333333333333,0,0,0,0,0,0,0,0,2094,3.279079,-1.43368885953891
"95",32,32,2,4.71789449008204,12.2359175196516,13.3143126930529,14.1048279862253,15.3507779304426,16.4910661006232,18.8422136780136,19.7576860809118,21.7161556890585,1,1,1,1,1,1,1,1,0.933333333333333,0.9,0.9,0.9,0.866666666666667,0.833333333333333,0.833333333333333,0.833333333333333,0,0,0,0,0,0,0,0,2095,5.749038,1.03114350991796
"96",32,32,3,4.74767026994983,12.2656932995194,13.3440884729207,14.134603766093,15.3805537103103,16.520841880491,18.8719894578814,19.7874618607796,21.7459314689263,1,1,1,1,1,1,1,1,0.903225806451613,0.870967741935484,0.870967741935484,0.870967741935484,0.838709677419355,0.806451612903226,0.806451612903226,0.806451612903226,0,0,0,0,0,0,0,0,2096,3.08477,-1.66290026994983
"97",33,33,1,4.71715223568413,12.2349659213055,13.3133310661339,14.1038243469245,15.3497395969038,16.4899960150631,18.8410781233116,19.7565250343209,21.7149401076839,1,1,1,1,1,1,1,1,0.933333333333333,0.9,0.9,0.9,0.866666666666667,0.833333333333333,0.833333333333333,0.833333333333333,0,0,0,0,0,0,0,0,2097,4.537903,-0.179249235684125
"98",33,33,2,4.73468883098367,12.2525025166051,13.3308676614334,14.121360942224,15.3672761922033,16.5075326103626,18.8586147186111,19.7740616296205,21.7324767029834,1,1,1,1,1,1,1,1,0.933333333333333,0.9,0.9,0.9,0.866666666666667,0.833333333333333,0.833333333333333,0.833333333333333,0,0,0,0,0,0,0,0,2098,3.472173,-1.26251583098367
"99",33,33,3,4.72182746474356,12.239641150365,13.3180062951933,14.1084995759839,15.3544148259632,16.4946712441225,18.845753352371,19.7612002633804,21.7196153367433,1,1,1,1,1,1,1,1,0.903225806451613,0.870967741935484,0.870967741935484,0.870967741935484,0.838709677419355,0.806451612903226,0.806451612903226,0.806451612903226,0,0,0,0,0,0,0,0,2099,2.844823,-1.87700446474356
"100",34,34,1,4.71554964182654,12.2327251313117,13.3109987324416,14.1014249073184,15.3472343900717,16.4873940105088,18.8382765326036,19.753645730237,21.7118945514174,1,1,1,1,1,1,1,1,0.933333333333333,0.9,0.9,0.9,0.866666666666667,0.833333333333333,0.833333333333333,0.833333333333333,0,0,0,0,0,0,0,0,2100,3.206533,-1.50901664182654
"101",34,34,2,4.71989378160604,12.2370692710912,13.3153428722211,14.1057690470979,15.3515785298512,16.4917381502883,18.8426206723831,19.7579898700165,21.7162386911969,1,1,1,1,1,1,1,1,0.96551724137931,0.931034482758621,0.931034482758621,0.931034482758621,0.896551724137931,0.862068965517241,0.862068965517241,0.862068965517241,0,0,0,0,0,0,0,0,2101,9.097652,4.37775821839396
"102",34,34,3,4.79064616443664,12.3078216539218,13.3860952550517,14.1765214299285,15.4223309126818,16.5624905331189,18.9133730552137,19.8287422528471,21.7869910740275,1,1,1,1,1,1,1,1,0.933333333333333,0.9,0.9,0.9,0.866666666666667,0.833333333333333,0.833333333333333,0.833333333333333,0,0,0,0,0,0,0,0,2102,3.281058,-1.50958816443664
"103",35,35,1,4.72382295472079,12.2424571498615,13.3209399896612,14.1115195465008,15.3575707782116,16.4979516462822,18.8492903564273,19.7648371811797,21.7234659999582,1,1,1,1,1,1,1,1,0.933333333333333,0.9,0.9,0.9,0.866666666666667,0.833333333333333,0.833333333333333,0.833333333333333,0,0,0,0,0,0,0,0,2103,3.352187,-1.37163595472079
"104",35,35,2,4.72464696554357,12.2432811606842,13.321764000484,14.1123435573236,15.3583947890344,16.498775657105,18.8501143672501,19.7656611920025,21.724290010781,1,1,1,1,1,1,1,1,0.96551724137931,0.931034482758621,0.931034482758621,0.931034482758621,0.896551724137931,0.862068965517241,0.862068965517241,0.862068965517241,0,0,0,0,0,0,0,0,2104,6.778701,2.05405403445643
"105",35,35,3,4.76434223217745,12.2829764273181,13.3614592671178,14.1520388239574,15.3980900556683,16.5384709237388,18.8898096338839,19.8053564586364,21.7639852774149,1,1,1,1,1,1,1,1,0.903225806451613,0.870967741935484,0.870967741935484,0.870967741935484,0.838709677419355,0.806451612903226,0.806451612903226,0.806451612903226,0,0,0,0,0,0,0,0,2105,2.744898,-2.01944423217745
"106",36,36,1,4.71214605490077,12.2198525077275,13.2967678577069,14.0861983694605,15.3304385638983,16.4691619782421,18.8170832028639,19.7312993524541,21.6870814585898,1,1,1,1,1,1,1,1,0.933333333333333,0.9,0.9,0.9,0.866666666666667,0.833333333333333,0.833333333333333,0.833333333333333,0,0,0,0,0,0,0,0,2106,3.828956,-0.883190054900773
"107",36,36,2,4.72542295675345,12.2331294095802,13.3100447595596,14.0994752713132,15.3437154657509,16.4824388800948,18.8303601047166,19.7445762543068,21.7003583604424,1,1,1,1,1,1,1,1,0.933333333333333,0.9,0.9,0.9,0.866666666666667,0.833333333333333,0.833333333333333,0.833333333333333,0,0,0,0,0,0,0,0,2107,3.44786,-1.27756295675345
"108",36,36,3,4.72075551812152,12.2284619709482,13.3053773209277,14.0948078326812,15.339048027119,16.4777714414629,18.8256926660847,19.7399088156749,21.6956909218105,1,1,1,1,1,1,1,1,0.933333333333333,0.9,0.9,0.9,0.866666666666667,0.833333333333333,0.833333333333333,0.833333333333333,0,0,0,0,0,0,0,0,2108,3.485095,-1.23566051812152
"109",37,37,1,4.72176919700302,12.2291895136653,13.3060638198946,14.0954642446142,15.3396570181626,16.4783370331072,18.8261687729871,19.7403500796724,21.6960576464005,1,1,1,1,1,1,1,1,0.933333333333333,0.9,0.9,0.9,0.866666666666667,0.833333333333333,0.833333333333333,0.833333333333333,0,0,0,0,0,0,0,0,2109,3.550865,-1.17090419700302
"110",37,37,2,4.72257483670103,12.2299951533633,13.3068694595926,14.0962698843122,15.3404626578606,16.4791426728052,18.8269744126851,19.7411557193704,21.6968632860986,1,1,1,1,1,1,1,1,0.903225806451613,0.870967741935484,0.870967741935484,0.870967741935484,0.838709677419355,0.806451612903226,0.806451612903226,0.806451612903226,0,0,0,0,0,0,0,0,2110,3.068171,-1.65440383670103
"111",37,37,3,4.71666214933002,12.2240824659923,13.3009567722216,14.0903571969412,15.3345499704896,16.4732299854342,18.8210617253141,19.7352430319994,21.6909505987275,1,1,1,1,1,1,1,1,0.933333333333333,0.9,0.9,0.9,0.866666666666667,0.833333333333333,0.833333333333333,0.833333333333333,0,0,0,0,0,0,0,0,2111,3.209145,-1.50751714933002
"112",38,38,1,4.71800567884024,12.2252842537174,13.3021382283174,14.0915237489794,15.3356930318882,16.4743515482979,18.8221389605862,19.7363030073226,21.6919736498518,1,1,1,1,1,1,1,1,0.933333333333333,0.9,0.9,0.9,0.866666666666667,0.833333333333333,0.833333333333333,0.833333333333333,0,0,0,0,0,0,0,0,2112,3.433195,-1.28481067884024
"113",38,38,2,4.7207110739323,12.2279896488094,13.3048436234095,14.0942291440714,15.3383984269803,16.4770569433899,18.8248443556782,19.7390084024147,21.6946790449439,1,1,1,1,1,1,1,1,1,0.964285714285714,0.964285714285714,0.964285714285714,0.928571428571429,0.892857142857143,0.892857142857143,0.892857142857143,0,0,0,0,0,0,0,0,2113,12.099503,7.3787919260677
"114",38,38,3,4.82535640814094,12.3326349830181,13.4094889576181,14.1988744782801,15.4430437611889,16.5817022775986,18.9294896898869,19.8436537366233,21.7993243791525,1,1,1,1,1,1,1,1,0.933333333333333,0.9,0.9,0.9,0.866666666666667,0.833333333333333,0.833333333333333,0.833333333333333,0,0,0,0,0,0,0,0,2114,3.285765,-1.53959140814094
"115",39,39,1,4.72427729471372,12.2362776375775,13.3138089088268,14.10369092036,15.3486427343328,16.4880174198944,18.8372814934431,19.7520205115873,21.7089211901329,1,1,1,1,1,1,1,1,0.933333333333333,0.9,0.9,0.9,0.866666666666667,0.833333333333333,0.833333333333333,0.833333333333333,0,0,0,0,0,0,0,0,2115,5.147744,0.423466705286278
"116",39,39,2,4.745872028388,12.2578723712518,13.3354036425011,14.1252856540343,15.370237468007,16.5096121535686,18.8588762271174,19.7736152452615,21.7305159238071,1,1,1,1,1,1,1,1,0.903225806451613,0.870967741935484,0.870967741935484,0.870967741935484,0.838709677419355,0.806451612903226,0.806451612903226,0.806451612903226,0,0,0,0,0,0,0,0,2116,2.791815,-1.954057028388
"117",39,39,3,4.71854859492795,12.2305489377917,13.308080209041,14.0979622205743,15.342914034547,16.4822887201086,18.8315527936573,19.7462918118015,21.7031924903471,1,1,1,1,1,1,1,1,0.933333333333333,0.9,0.9,0.9,0.866666666666667,0.833333333333333,0.833333333333333,0.833333333333333,0,0,0,0,0,0,0,0,2117,3.696397,-1.02215159492795
"118",40,40,1,4.72248973835147,12.2211030466579,13.2967140639527,14.0851884373999,15.3279216395256,16.4652658608176,18.8103433425264,19.723452216596,21.6768655288193,1,1,1,1,1,1,1,1,0.933333333333333,0.9,0.9,0.9,0.866666666666667,0.833333333333333,0.833333333333333,0.833333333333333,0,0,0,0,0,0,0,0,2118,3.460173,-1.26231673835147
"119",40,40,2,4.71956163820363,12.2181749465101,13.2937859638048,14.0822603372521,15.3249935393777,16.4623377606697,18.8074152423786,19.7205241164482,21.6739374286715,1,1,1,1,1,1,1,1,0.903225806451613,0.870967741935484,0.870967741935484,0.870967741935484,0.838709677419355,0.806451612903226,0.806451612903226,0.806451612903226,0,0,0,0,0,0,0,0,2119,2.769455,-1.95010663820363
"120",40,40,3,4.71099988546928,12.2096131937757,13.2852242110705,14.0736985845177,15.3164317866434,16.4537760079354,18.7988534896442,19.7119623637138,21.6653756759371,1,1,1,1,1,1,1,1,0.933333333333333,0.9,0.9,0.9,0.866666666666667,0.833333333333333,0.833333333333333,0.833333333333333,0,0,0,0,0,0,0,0,2120,4.876435,0.165435114530715
"121",41,41,1,4.73788170134381,12.2364821786023,13.3120913553946,14.1005643796654,15.343295455322,16.4806377304784,18.8257111994717,19.7388185111,21.6922284807933,1,1,1,1,1,1,1,1,0.933333333333333,0.9,0.9,0.9,0.866666666666667,0.833333333333333,0.833333333333333,0.833333333333333,0,0,0,0,0,0,0,0,2121,3.44092,-1.29696170134381
"122",41,41,2,4.72028041778637,12.2188808950449,13.2944900718371,14.0829630961079,15.3256941717645,16.4630364469209,18.8081099159143,19.7212172275425,21.6746271972358,1,1,1,1,1,1,1,1,0.903225806451613,0.870967741935484,0.870967741935484,0.870967741935484,0.838709677419355,0.806451612903226,0.806451612903226,0.806451612903226,0,0,0,0,0,0,0,0,2122,2.811081,-1.90919941778637
"123",41,41,3,4.71255777132532,12.2111582485838,13.2867674253761,14.0752404496469,15.3179715253035,16.4553138004599,18.8003872694532,19.7134945810815,21.6669045507748,1,1,1,1,1,1,1,1,0.933333333333333,0.9,0.9,0.9,0.866666666666667,0.833333333333333,0.833333333333333,0.833333333333333,0,0,0,0,0,0,0,0,2123,3.380763,-1.33179477132532
"124",42,42,1,4.71939849886091,12.2181009931667,13.2937248034192,14.082208554717,15.3249565374958,16.4623142859797,18.8074196592559,19.7205393935372,21.6739759390052,1,1,1,1,1,1,1,1,0.933333333333333,0.9,0.9,0.9,0.866666666666667,0.833333333333333,0.833333333333333,0.833333333333333,0,0,0,0,0,0,0,0,2124,4.159291,-0.560107498860913
"125",42,42,2,4.72894384297393,12.2276463372797,13.3032701475322,14.09175389883,15.3345018816088,16.4718596300927,18.8169650033689,19.7300847376502,21.6835212831182,1,1,1,1,1,1,1,1,0.96551724137931,0.931034482758621,0.931034482758621,0.931034482758621,0.896551724137931,0.862068965517241,0.862068965517241,0.862068965517241,0,0,0,0,0,0,0,0,2125,9.225019,4.49607515702607
"126",42,42,3,4.7910535126877,12.2897560069935,13.365379817246,14.1538635685438,15.3966115513226,16.5339692998065,18.8790746730827,19.792194407364,21.745630952832,1,1,1,1,1,1,1,1,0.933333333333333,0.9,0.9,0.9,0.866666666666667,0.833333333333333,0.833333333333333,0.833333333333333,0,0,0,0,0,0,0,0,2126,3.747298,-1.0437555126877
"127",43,43,1,4.72754313675236,12.2275227739202,13.3033297792352,14.0919478212847,15.3349074629094,16.4724589206825,18.8179637010016,19.7312389534343,21.6850081987985,1,1,1,1,1,1,1,1,0.933333333333333,0.9,0.9,0.9,0.866666666666667,0.833333333333333,0.833333333333333,0.833333333333333,0,0,0,0,0,0,0,0,2127,3.452748,-1.27479513675236
"128",43,43,2,4.72410420767357,12.2240838448414,13.2998908501564,14.0885088922059,15.3314685338306,16.4690199916037,18.8145247719228,19.7278000243555,21.6815692697197,1,1,1,1,1,1,1,1,0.933333333333333,0.9,0.9,0.9,0.866666666666667,0.833333333333333,0.833333333333333,0.833333333333333,0,0,0,0,0,0,0,0,2128,3.233403,-1.49070120767357
"129",43,43,3,4.72154331173472,12.2215229489026,13.2973299542175,14.085947996267,15.3289076378918,16.4664590956648,18.8119638759839,19.7252391284167,21.6790083737808,1,1,1,1,1,1,1,1,0.933333333333333,0.9,0.9,0.9,0.866666666666667,0.833333333333333,0.833333333333333,0.833333333333333,0,0,0,0,0,0,0,0,2129,3.21427,-1.50727331173472
"130",44,44,1,4.71926681076295,12.2187134020459,13.2944439465536,14.0830059391706,15.3258772399526,16.4633478485563,18.8086859268666,19.7218962701078,21.6755266552741,1,1,1,1,1,1,1,1,0.903225806451613,0.870967741935484,0.870967741935484,0.870967741935484,0.838709677419355,0.806451612903226,0.806451612903226,0.806451612903226,0,0,0,0,0,0,0,0,2130,3.039987,-1.67927981076295
"131",44,44,2,4.71715760503083,12.2166041963137,13.2923347408215,14.0808967334385,15.3237680342204,16.4612386428242,18.8065767211345,19.7197870643757,21.673417449542,1,1,1,1,1,1,1,1,0.903225806451613,0.870967741935484,0.870967741935484,0.870967741935484,0.838709677419355,0.806451612903226,0.806451612903226,0.806451612903226,0,0,0,0,0,0,0,0,2131,2.720206,-1.99695160503083
"132",44,44,3,4.71328755506485,12.2127341463478,13.2884646908555,14.0770266834726,15.3198979842545,16.4573685928582,18.8027066711685,19.7159170144097,21.669547399576,1,1,1,1,1,1,1,1,0.933333333333333,0.9,0.9,0.9,0.866666666666667,0.833333333333333,0.833333333333333,0.833333333333333,0,0,0,0,0,0,0,0,2132,3.381322,-1.33196555506485
"133",45,45,1,4.7212234516074,12.2207355150187,13.2964754509352,14.0850443279045,15.3279264792777,16.4654070182971,18.8107655720217,19.7239838878278,21.6776313286978,0,0,0,0,0,0,0,0,0,0,0,0,0,0,0,0,0,0,0,0,0,0,0,0,2133,32.851013,28.1297895483926
"134",45,45,2,5.07752552638544,12.5770375897968,13.6527775257133,14.4413464026826,15.6842285540557,16.8217090930751,19.1670676467997,20.0802859626058,22.0339334034759,1,1,1,1,1,1,1,1,0.870967741935484,0.870967741935484,0.870967741935484,0.838709677419355,0.838709677419355,0.806451612903226,0.806451612903226,0.774193548387097,1,1,1,1,1,1,1,1,2134,2.934064,-2.14346152638544
"135",45,45,3,4.71581589733881,12.2153279607501,13.2910678966666,14.0796367736359,15.3225189250091,16.4599994640285,18.8053580177531,19.7185763335592,21.6722237744292,1,1,1,1,1,1,1,1,0.933333333333333,0.9,0.9,0.9,0.866666666666667,0.833333333333333,0.833333333333333,0.833333333333333,1,1,1,1,1,1,1,1,2135,3.232551,-1.48326489733881
"136",46,46,1,4.7378642745791,12.3086107115811,13.3945686003235,14.1906277259262,15.4453154362146,16.5936003733046,18.9612363960175,19.8831289474443,21.8553331758081,1,1,1,1,1,1,1,1,0.933333333333333,0.9,0.9,0.9,0.866666666666667,0.833333333333333,0.833333333333333,0.833333333333333,0,0,0,0,0,0,0,0,2136,3.676097,-1.0617672745791
"137",46,46,2,4.74219396121114,12.3129403982131,13.3988982869556,14.1949574125582,15.4496451228466,16.5979300599367,18.9655660826495,19.8874586340763,21.8596628624401,1,1,1,1,1,1,1,1,1,0.964285714285714,0.964285714285714,0.964285714285714,0.928571428571429,0.892857142857143,0.892857142857143,0.892857142857143,0,0,0,0,0,0,0,0,2137,10.650313,5.90811903878886
"138",46,46,3,4.81027296493152,12.3810194019335,13.4669772906759,14.2630364162786,15.517724126567,16.666009063657,19.0336450863699,19.9555376377967,21.9277418661605,1,1,1,1,1,1,1,1,0.933333333333333,0.9,0.9,0.9,0.866666666666667,0.833333333333333,0.833333333333333,0.8,0,0,0,0,0,0,0,0,2138,4.261452,-0.548820964931521
"139",47,47,1,4.73649169448738,12.2425013384679,13.3191732959408,14.1084253893339,15.3523843743528,16.4908504270144,18.8382410004274,19.7522505289863,21.7075906108634,1,1,1,1,1,1,1,1,0.903225806451613,0.870967741935484,0.870967741935484,0.870967741935484,0.838709677419355,0.806451612903226,0.806451612903226,0.806451612903226,0,0,0,0,0,0,0,0,2139,2.984563,-1.75192869448738
"140",47,47,2,4.72105163574616,12.2270612797267,13.3037332371996,14.0929853305927,15.3369443156116,16.4754103682732,18.8228009416862,19.7368104702451,21.6921505521222,1,1,1,1,1,1,1,1,0.903225806451613,0.870967741935484,0.870967741935484,0.870967741935484,0.838709677419355,0.806451612903226,0.806451612903226,0.806451612903226,0,0,0,0,0,0,0,0,2140,2.891615,-1.82943663574616
"141",47,47,3,4.71992771457535,12.2259373585559,13.3026093160287,14.0918614094219,15.3358203944408,16.4742864471024,18.8216770205154,19.7356865490743,21.6910266309513,1,1,1,1,1,1,1,1,0.933333333333333,0.9,0.9,0.9,0.866666666666667,0.833333333333333,0.833333333333333,0.833333333333333,0,0,0,0,0,0,0,0,2141,3.502879,-1.21704871457535
"142",48,48,1,4.72231161988436,12.2243845480211,13.3004918177631,14.0893299680136,15.3326365274059,16.4705054828667,18.8166649081598,19.7301950613963,21.6845096159099,1,1,1,1,1,1,1,1,0.933333333333333,0.9,0.9,0.9,0.866666666666667,0.833333333333333,0.833333333333333,0.833333333333333,0,0,0,0,0,0,0,0,2142,4.762881,0.040569380115639
"143",48,48,2,4.73861308557472,12.2406860137115,13.3167932834535,14.105631433704,15.3489379930962,16.4868069485571,18.8329663738501,19.7464965270867,21.7008110816003,1,1,1,1,1,1,1,1,0.933333333333333,0.9,0.9,0.9,0.866666666666667,0.833333333333333,0.833333333333333,0.833333333333333,0,0,0,0,0,0,0,0,2143,3.414997,-1.32361608557472
"144",48,48,3,4.72117463327021,12.223247561407,13.299354831149,14.0881929813994,15.3314995407917,16.4693684962526,18.8155279215456,19.7290580747822,21.6833726292958,1,1,1,1,1,1,1,1,0.903225806451613,0.870967741935484,0.870967741935484,0.870967741935484,0.838709677419355,0.806451612903226,0.806451612903226,0.806451612903226,0,0,0,0,0,0,0,0,2144,2.874335,-1.84683963327021
"145",49,49,1,4.71638055506675,12.218295330026,13.2943799140669,14.0832014346124,15.3264817835312,16.4643267512766,18.8104367165642,19.7239476114307,21.6782209665239,1,1,1,1,1,1,1,1,0.903225806451613,0.870967741935484,0.870967741935484,0.870967741935484,0.838709677419355,0.806451612903226,0.806451612903226,0.806451612903226,0,0,0,0,0,0,0,0,2145,3.094872,-1.62150855506675
"146",49,49,2,4.71912100137807,12.2210357763373,13.2971203603782,14.0859418809237,15.3292222298426,16.4670671975879,18.8131771628755,19.726688057742,21.6809614128352,1,1,1,1,1,1,1,1,0.903225806451613,0.870967741935484,0.870967741935484,0.870967741935484,0.838709677419355,0.806451612903226,0.806451612903226,0.806451612903226,0,0,0,0,0,0,0,0,2146,3.089741,-1.62938000137807
"147",49,49,3,4.7190572423262,12.2209720172855,13.2970566013264,14.0858781218718,15.3291584707907,16.4670034385361,18.8131134038236,19.7266242986902,21.6808976537833,1,1,1,1,1,1,1,1,0.933333333333333,0.9,0.9,0.9,0.866666666666667,0.833333333333333,0.833333333333333,0.833333333333333,0,0,0,0,0,0,0,0,2147,3.968666,-0.750391242326199
"148",50,50,1,4.73039147996635,12.2319062871207,13.3079334992503,14.096712963438,15.3399270263316,16.4777113293844,18.8236962108125,19.7371584014538,21.6913275636245,1,1,1,1,1,1,1,1,0.933333333333333,0.9,0.9,0.9,0.866666666666667,0.833333333333333,0.833333333333333,0.833333333333333,0,0,0,0,0,0,0,0,2148,3.70902,-1.02137147996635
"149",50,50,2,4.72709433531148,12.2286091424659,13.3046363545955,14.0934158187831,15.3366298816767,16.4744141847295,18.8203990661577,19.7338612567989,21.6880304189696,0,1,1,1,1,1,1,1,0,1,1,1,0.962962962962963,0.925925925925926,0.925925925925926,0.925925925925926,0,0,0,0,0,0,0,0,2149,15.460147,10.7330526646885
"150",50,50,3,4.87631737582358,12.377832182978,13.4538593951076,14.2426388592952,15.4858529221888,16.6236372252416,18.9696221066698,19.883084297311,21.8372534594818,1,1,1,1,1,1,1,1,0.933333333333333,0.9,0.9,0.9,0.866666666666667,0.833333333333333,0.833333333333333,0.833333333333333,1,0,0,0,0,0,0,0,2150,3.558091,-1.31822637582358
"151",51,51,1,4.73307851560868,12.2446231039594,13.3220890011782,14.1119230904171,15.3567993729226,16.4961049324017,18.845226475645,19.7599099963961,21.7166919493992,1,1,1,1,1,1,1,1,0.933333333333333,0.9,0.9,0.9,0.866666666666667,0.833333333333333,0.833333333333333,0.833333333333333,1,0,0,0,0,0,0,0,2151,3.554372,-1.17870651560868
"152",51,51,2,4.73303373098734,12.2445783193381,13.3220442165568,14.1118783057957,15.3567545883012,16.4960601477804,18.8451816910236,19.7598652117747,21.7166471647778,1,1,1,1,1,1,1,1,0.933333333333333,0.9,0.9,0.9,0.866666666666667,0.833333333333333,0.833333333333333,0.833333333333333,0,0,0,0,0,0,0,0,2152,4.435988,-0.297045730987341
"153",51,51,3,4.74365025121592,12.2551948395667,13.3326607367854,14.1224948260243,15.3673711085298,16.506676668009,18.8557982112522,19.7704817320033,21.7272636850064,0,0,0,0,0,0,0,0,0,0,0,0,0,0,0,0,0,0,0,0,0,0,0,0,2153,33.568269,28.8246187487841
"154",52,52,1,5.11385208665284,12.6923897804552,13.7794652573848,14.5763436286361,15.832322571465,16.9817892391676,19.351861859172,20.2747031547775,22.2489370310411,1,1,1,1,1,1,1,1,0.870967741935484,0.870967741935484,0.870967741935484,0.838709677419355,0.838709677419355,0.806451612903226,0.806451612903226,0.774193548387097,1,1,1,1,1,1,1,1,2154,2.675578,-2.43827408665284
"155",52,52,2,4.73178963556022,12.3103273293626,13.3974028062921,14.1942811775435,15.4502601203724,16.599726788075,18.9697994080794,19.8926407036849,21.8668745799485,1,1,1,1,1,1,1,1,0.933333333333333,0.9,0.9,0.9,0.866666666666667,0.833333333333333,0.833333333333333,0.833333333333333,1,1,1,1,1,1,1,1,2155,3.22643,-1.50535963556022
"156",52,52,3,4.73860224587343,12.3171399396758,13.4042154166054,14.2010937878567,15.4570727306856,16.6065393983882,18.9766120183926,19.8994533139981,21.8736871902617,1,1,1,1,1,1,1,1,0.933333333333333,0.9,0.9,0.9,0.866666666666667,0.833333333333333,0.833333333333333,0.833333333333333,0,0,0,0,0,0,0,0,2156,3.215579,-1.52302324587343
"157",53,53,1,4.73945741913837,12.3184232856711,13.4055601802638,14.2024835736027,15.458533476814,16.6080650871615,18.9782716116875,19.9011650460424,21.8755104627038,1,1,1,1,1,1,1,1,0.933333333333333,0.9,0.9,0.9,0.866666666666667,0.833333333333333,0.833333333333333,0.8,0,0,0,0,0,0,0,0,2157,3.200776,-1.53868141913837
"158",53,53,2,4.7392959917112,12.3182618582439,13.4053987528366,14.2023221461756,15.4583720493869,16.6079036597343,18.9781101842604,19.9010036186152,21.8753490352766,1,1,1,1,1,1,1,1,0.933333333333333,0.9,0.9,0.9,0.866666666666667,0.833333333333333,0.833333333333333,0.8,0,0,0,0,0,0,0,0,2158,3.316135,-1.4231609917112
"159",53,53,3,4.74055398715614,12.3195198536889,13.4066567482815,14.2035801416205,15.4596300448318,16.6091616551793,18.9793681797053,19.9022616140601,21.8766070307215,1,1,1,1,1,1,1,1,0.933333333333333,0.9,0.9,0.9,0.866666666666667,0.833333333333333,0.833333333333333,0.8,0,0,0,0,0,0,0,0,2159,3.923337,-0.817216987156141
"160",54,54,1,4.74615541998628,12.3247815626415,13.4118697267915,14.208757398383,15.4647509996989,16.6142310827875,18.9843313638279,19.9071834298824,21.8814403473617,1,1,1,1,1,1,1,1,0.903225806451613,0.870967741935484,0.870967741935484,0.870967741935484,0.838709677419355,0.806451612903226,0.806451612903226,0.774193548387097,0,0,0,0,0,0,0,0,2160,3.031702,-1.71445341998628
"161",54,54,2,4.73651848263593,12.3151446252911,13.4022327894412,14.1991204610326,15.4551140623485,16.6045941454371,18.9746944264776,19.8975464925321,21.8718034100113,0,1,1,1,1,1,1,1,0,1,1,1,0.962962962962963,0.925925925925926,0.925925925925926,0.925925925925926,0,0,0,0,0,0,0,0,2161,13.796829,9.06031051736407
"162",54,54,3,4.85286974124234,12.4314958838976,13.5185840480476,14.315471719639,15.5714653209549,16.7209454040435,19.091045685084,20.0138977511385,21.9881546686178,1,1,1,1,1,1,1,1,0.933333333333333,0.9,0.9,0.9,0.866666666666667,0.833333333333333,0.833333333333333,0.8,1,0,0,0,0,0,0,0,2162,3.325996,-1.52687374124234
"163",55,55,1,4.74821383396958,12.3338569076974,13.4219515897274,14.2195770871146,15.4767335932053,16.6272779618729,18.9995726815879,19.9232792018952,21.8993640528876,1,1,1,1,1,1,1,1,0.933333333333333,0.9,0.9,0.9,0.866666666666667,0.833333333333333,0.833333333333333,0.8,1,0,0,0,0,0,0,0,2163,3.759959,-0.988254833969577
"164",55,55,2,4.75246687077917,12.338109944507,13.426204626537,14.2238301239242,15.4809866300149,16.6315309986825,19.0038257183975,19.9275322387048,21.9036170896972,1,1,1,1,1,1,1,1,0.903225806451613,0.870967741935484,0.870967741935484,0.870967741935484,0.838709677419355,0.806451612903226,0.806451612903226,0.774193548387097,0,0,0,0,0,0,0,0,2164,2.882458,-1.87000887077917
"165",55,55,3,4.7438669577602,12.3295100314881,13.417604713518,14.2152302109052,15.4723867169959,16.6229310856636,18.9952258053785,19.9189323256858,21.8950171766782,1,1,1,1,1,1,1,1,0.903225806451613,0.870967741935484,0.870967741935484,0.870967741935484,0.838709677419355,0.806451612903226,0.806451612903226,0.774193548387097,0,0,0,0,0,0,0,0,2165,3.004126,-1.7397409577602
"166",56,56,1,4.73772805858286,12.3178221659972,13.4051208969551,14.2021629240982,15.4583998088681,16.6081025439548,18.9786619086896,19.9016927293476,21.8763320564517,1,1,1,1,1,1,1,1,0.933333333333333,0.9,0.9,0.9,0.866666666666667,0.833333333333333,0.833333333333333,0.8,0,0,0,0,0,0,0,0,2166,4.037415,-0.700313058582857
"167",56,56,2,4.74854698757303,12.3286410949874,13.4159398259453,14.2129818530884,15.4692187378583,16.6189214729449,18.9894808376798,19.9125116583377,21.8871509854419,1,1,1,1,1,1,1,1,0.903225806451613,0.870967741935484,0.870967741935484,0.870967741935484,0.838709677419355,0.806451612903226,0.806451612903226,0.774193548387097,0,0,0,0,0,0,0,0,2167,3.006884,-1.74166298757303
"168",56,56,3,4.73775693589226,12.3178510433066,13.4051497742645,14.2021918014076,15.4584286861775,16.6081314212642,18.978690785999,19.901721606657,21.8763609337611,1,1,1,1,1,1,1,1,0.933333333333333,0.9,0.9,0.9,0.866666666666667,0.833333333333333,0.833333333333333,0.8,0,0,0,0,0,0,0,0,2168,3.158283,-1.57947393589226
"169",57,57,1,4.74049497902378,12.3203962051841,13.4076672689996,14.2046890148027,15.4608939336706,16.6105674136976,18.9810664577482,19.9040737911856,21.8786628720917,1,1,1,1,1,1,1,1,0.933333333333333,0.9,0.9,0.9,0.866666666666667,0.833333333333333,0.833333333333333,0.8,0,0,0,0,0,0,0,0,2169,3.367688,-1.37280697902378
"170",57,57,2,4.74264366137702,12.3225448875373,13.4098159513529,14.206837697156,15.4630426160238,16.6127160960508,18.9832151401014,19.9062224735388,21.8808115544449,1,1,1,1,1,1,1,1,0.933333333333333,0.9,0.9,0.9,0.866666666666667,0.833333333333333,0.833333333333333,0.8,0,0,0,0,0,0,0,0,2170,3.952763,-0.789880661377016
"171",57,57,3,4.74864705350145,12.3285482796617,13.4158193434773,14.2128410892804,15.4690460081482,16.6187194881752,18.9892185322259,19.9122258656632,21.8868149465694,1,1,1,1,1,1,1,1,0.933333333333333,0.9,0.9,0.9,0.866666666666667,0.833333333333333,0.833333333333333,0.8,0,0,0,0,0,0,0,0,2171,3.268436,-1.48021105350145
"172",58,58,1,4.74210946296776,12.3217941200692,13.4090341189324,14.206033092638,15.4622021198618,16.6118427520065,18.9822740673715,19.9052550291157,21.8797876930731,1,1,1,1,1,1,1,1,0.933333333333333,0.9,0.9,0.9,0.866666666666667,0.833333333333333,0.833333333333333,0.8,0,0,0,0,0,0,0,0,2172,3.415698,-1.32641146296776
"173",58,58,2,4.74362070285183,12.3233053599533,13.4105453588164,14.2075443325221,15.4637133597458,16.6133539918905,18.9837853072556,19.9067662689998,21.8812989329572,1,1,1,1,1,1,1,1,1,0.964285714285714,0.964285714285714,0.964285714285714,0.928571428571429,0.892857142857143,0.892857142857143,0.857142857142857,0,0,0,0,0,0,0,0,2173,10.409562,5.66594129714817
"174",58,58,3,4.81539350384946,12.3950781609509,13.4823181598141,14.2793171335197,15.5354861607435,16.6851267928882,19.0555581082532,19.9785390699974,21.9530717339548,1,1,1,1,1,1,1,1,0.933333333333333,0.9,0.9,0.9,0.866666666666667,0.833333333333333,0.833333333333333,0.8,0,0,0,0,0,0,0,0,2174,3.599474,-1.21591950384946
"175",59,59,1,4.74983836146188,12.332195888347,13.4198192871894,14.2170993114362,15.4737113090984,16.6237573459329,18.9950245607481,19.9183309988195,21.8935599541047,1,1,1,1,1,1,1,1,0.903225806451613,0.870967741935484,0.870967741935484,0.870967741935484,0.838709677419355,0.806451612903226,0.806451612903226,0.774193548387097,0,0,0,0,0,0,0,0,2175,2.812291,-1.93754736146188
"176",59,59,2,4.74195790477799,12.3243154316631,13.4119388305055,14.2092188547523,15.4658308524145,16.6158768892491,18.9871441040642,19.9104505421356,21.8856794974208,1,1,1,1,1,1,1,1,0.903225806451613,0.870967741935484,0.870967741935484,0.870967741935484,0.838709677419355,0.806451612903226,0.806451612903226,0.774193548387097,0,0,0,0,0,0,0,0,2176,2.988724,-1.75323390477799
"177",59,59,3,4.743724168295,12.3260816951801,13.4137050940225,14.2109851182693,15.4675971159315,16.6176431527661,18.9889103675812,19.9122168056526,21.8874457609378,1,1,1,1,1,1,1,1,0.903225806451613,0.870967741935484,0.870967741935484,0.870967741935484,0.838709677419355,0.806451612903226,0.806451612903226,0.774193548387097,0,0,0,0,0,0,0,0,2177,3.000676,-1.743048168295
"178",60,60,1,4.73616505564846,12.3151891416353,13.4023343873035,14.1992639023807,15.4553234542091,16.6048638949305,18.975088626707,19.897989150466,21.8723497334858,1,1,1,1,1,1,1,1,0.933333333333333,0.9,0.9,0.9,0.866666666666667,0.833333333333333,0.833333333333333,0.833333333333333,0,0,0,0,0,0,0,0,2178,3.448124,-1.28804105564846
"179",60,60,2,4.74112928225448,12.3201533682413,13.4072986139095,14.2042281289867,15.4602876808151,16.6098281215365,18.9800528533131,19.902953377072,21.8773139600918,1,1,1,1,1,1,1,1,0.933333333333333,0.9,0.9,0.9,0.866666666666667,0.833333333333333,0.833333333333333,0.8,0,0,0,0,0,0,0,0,2179,4.667349,-0.0737802822544849
"180",60,60,3,4.75465601426296,12.3336801002498,13.420825345918,14.2177548609952,15.4738144128236,16.623354853545,18.9935795853215,19.9164801090805,21.8908406921002,1,1,1,1,1,1,1,1,0.903225806451613,0.870967741935484,0.870967741935484,0.870967741935484,0.838709677419355,0.806451612903226,0.806451612903226,0.774193548387097,0,0,0,0,0,0,0,0,2180,3.028005,-1.72665101426296
"181",61,61,1,4.7301126122213,12.2958048674433,13.3810377776621,14.1765654592966,15.4304155481143,16.5779338975428,18.9439893016275,19.8652664034979,21.836154000964,1,1,1,1,1,1,1,1,0.903225806451613,0.870967741935484,0.870967741935484,0.870967741935484,0.838709677419355,0.806451612903226,0.806451612903226,0.806451612903226,0,0,0,0,0,0,0,0,2181,3.047175,-1.6829376122213
"182",61,61,2,4.73033499552699,12.296027250749,13.3812601609678,14.1767878426023,15.43063793142,16.5781562808485,18.9442116849332,19.8654887868035,21.8363763842697,1,1,1,1,1,1,1,1,0.933333333333333,0.9,0.9,0.9,0.866666666666667,0.833333333333333,0.833333333333333,0.833333333333333,0,0,0,0,0,0,0,0,2182,3.145553,-1.58478199552699
"183",61,61,3,4.73147623834631,12.2971684935684,13.3824014037871,14.1779290854216,15.4317791742393,16.5792975236678,18.9453529277525,19.8666300296229,21.837517627089,1,1,1,1,1,1,1,1,0.903225806451613,0.870967741935484,0.870967741935484,0.870967741935484,0.838709677419355,0.806451612903226,0.806451612903226,0.806451612903226,0,0,0,0,0,0,0,0,2183,2.90409,-1.82738623834631
"184",62,62,1,4.72526480737414,12.2909440607667,13.3761751059858,14.1717014204863,15.4255493545316,16.5730657319214,18.9391170698813,19.8603925885141,21.8312767989611,1,1,1,1,1,1,1,1,0.933333333333333,0.9,0.9,0.9,0.866666666666667,0.833333333333333,0.833333333333333,0.833333333333333,0,0,0,0,0,0,0,0,2184,3.381258,-1.34400680737414
"185",62,62,2,4.73100078296119,12.2966800363537,13.3819110815729,14.1774373960734,15.4312853301186,16.5788017075084,18.9448530454683,19.8661285641012,21.8370127745481,1,1,1,1,1,1,1,1,1,0.964285714285714,0.964285714285714,0.964285714285714,0.928571428571429,0.892857142857143,0.892857142857143,0.892857142857143,0,0,0,0,0,0,0,0,2185,10.040956,5.30995521703881
"186",62,62,3,4.81105616208375,12.3767354154763,13.4619664606954,14.2574927751959,15.5113407092412,16.658857086631,19.0249084245909,19.9461839432237,21.9170681536707,1,1,1,1,1,1,1,1,0.903225806451613,0.870967741935484,0.870967741935484,0.870967741935484,0.838709677419355,0.806451612903226,0.806451612903226,0.774193548387097,0,0,0,0,0,0,0,0,2186,3.050598,-1.76045816208375
"187",63,63,1,4.7313337189814,12.2994292077203,13.3850068409353,14.1807872210307,15.4350355938991,16.5829184512227,18.9497254301082,19.8712951745993,21.8428088222631,1,1,1,1,1,1,1,1,0.933333333333333,0.9,0.9,0.9,0.866666666666667,0.833333333333333,0.833333333333333,0.833333333333333,0,0,0,0,0,0,0,0,2187,4.647822,-0.0835117189814003
"188",63,63,2,4.74975858060223,12.3178540693411,13.4034317025561,14.1992120826515,15.45346045552,16.6013433128435,18.9681502917291,19.8897200362202,21.861233683884,1,1,1,1,1,1,1,1,0.903225806451613,0.870967741935484,0.870967741935484,0.870967741935484,0.838709677419355,0.806451612903226,0.806451612903226,0.806451612903226,0,0,0,0,0,0,0,0,2188,3.057227,-1.69253158060223
"189",63,63,3,4.73141018816023,12.2995056768991,13.3850833101141,14.1808636902095,15.435112063078,16.5829949204015,18.949801899287,19.8713716437782,21.842885291442,1,1,1,1,1,1,1,1,0.933333333333333,0.9,0.9,0.9,0.866666666666667,0.833333333333333,0.833333333333333,0.833333333333333,0,0,0,0,0,0,0,0,2189,3.269049,-1.46236118816023
"190",64,64,1,4.72644719637541,12.2836228728766,13.367634153772,14.1622663226237,15.414704972458,16.5609315788408,18.924323552214,19.8445635871912,21.8132325880229,1,1,1,1,1,1,1,1,0.933333333333333,0.9,0.9,0.9,0.866666666666667,0.833333333333333,0.833333333333333,0.833333333333333,0,0,0,0,0,0,0,0,2190,3.722031,-1.00441619637541
"191",64,64,2,4.73202626672678,12.289201943228,13.3732132241234,14.1678453929751,15.4202840428094,16.5665106491922,18.9299026225653,19.8501426575425,21.8188116583743,1,1,1,1,1,1,1,1,0.933333333333333,0.9,0.9,0.9,0.866666666666667,0.833333333333333,0.833333333333333,0.833333333333333,0,0,0,0,0,0,0,0,2191,3.209931,-1.52209526672678
"192",64,64,3,4.72571908028905,12.2828947567902,13.3669060376857,14.1615382065374,15.4139768563716,16.5602034627545,18.9235954361276,19.8438354711048,21.8125044719366,1,1,1,1,1,1,1,1,0.933333333333333,0.9,0.9,0.9,0.866666666666667,0.833333333333333,0.833333333333333,0.833333333333333,0,0,0,0,0,0,0,0,2192,3.155872,-1.56984708028905
"193",65,65,1,4.72583822386618,12.2829346405085,13.3669345522648,14.1615583869933,15.4139839012178,16.5601984859455,18.923565672001,19.8437960554763,21.8124444088554,1,1,1,1,1,1,1,1,0.933333333333333,0.9,0.9,0.9,0.866666666666667,0.833333333333333,0.833333333333333,0.833333333333333,0,0,0,0,0,0,0,0,2193,3.329977,-1.39586122386618
"194",65,65,2,4.72798418385584,12.2850806004981,13.3690805122545,14.1637043469829,15.4161298612074,16.5623444459352,18.9257116319907,19.845942015466,21.814590368845,1,1,1,1,1,1,1,1,0.933333333333333,0.9,0.9,0.9,0.866666666666667,0.833333333333333,0.833333333333333,0.833333333333333,0,0,0,0,0,0,0,0,2194,3.252781,-1.47520318385584
"195",65,65,3,4.72703269178289,12.2841291084252,13.3681290201815,14.16275285491,15.4151783691345,16.5613929538622,18.9247601399177,19.844990523393,21.8136388767721,1,1,1,1,1,1,1,1,0.933333333333333,0.9,0.9,0.9,0.866666666666667,0.833333333333333,0.833333333333333,0.833333333333333,0,0,0,0,0,0,0,0,2195,3.473457,-1.25357569178289
"196",66,66,1,4.73074652588714,12.2875355408792,13.371491358536,14.1660828701784,15.4184574392185,16.564625399127,18.9278964499828,19.8480894010472,21.8166576752901,1,1,1,1,1,1,1,1,0.933333333333333,0.9,0.9,0.9,0.866666666666667,0.833333333333333,0.833333333333333,0.833333333333333,0,0,0,0,0,0,0,0,2196,4.618657,-0.112089525887145
"197",66,66,2,4.74470979381334,12.3014988088054,13.3854546264622,14.1800461381046,15.4324207071447,16.5785886670532,18.941859717909,19.8620526689734,21.8306209432163,0,0,0,0,1,1,1,1,0,0,0,0,1,0.961538461538462,0.961538461538462,0.961538461538462,0,0,0,0,0,0,0,0,2197,17.861025,13.1163152061867
"198",66,66,3,4.90617218672402,12.4629612017161,13.5469170193729,14.3415085310153,15.5938831000554,16.7400510599639,19.1033221108197,20.023515061884,21.992083336127,1,1,1,1,1,1,1,1,0.933333333333333,0.9,0.9,0.9,0.866666666666667,0.833333333333333,0.833333333333333,0.8,1,1,1,1,0,0,0,0,2198,3.648823,-1.25734918672402
"199",67,67,1,4.74009622496674,12.3121217816632,13.3982631490275,14.1944567732446,15.4493564699961,16.5978354162093,18.9658714641893,19.8879197744873,21.8604572177184,1,1,1,1,1,1,1,1,0.933333333333333,0.9,0.9,0.9,0.866666666666667,0.833333333333333,0.833333333333333,0.833333333333333,1,1,1,1,0,0,0,0,2199,3.629525,-1.11057122496674
"200",67,67,2,4.73987337085654,12.311898927553,13.3980402949173,14.1942339191344,15.4491336158859,16.5976125620991,18.9656486100791,19.8876969203771,21.8602343636082,1,1,1,1,1,1,1,1,0.903225806451613,0.870967741935484,0.870967741935484,0.870967741935484,0.838709677419355,0.806451612903226,0.806451612903226,0.806451612903226,0,0,0,0,0,0,0,0,2200,3.058886,-1.68098737085654
"201",67,67,3,4.73328360784528,12.3053091645417,13.391450531906,14.1876441561231,15.4425438528746,16.5910227990878,18.9590588470679,19.8811071573658,21.853644600597,1,1,1,1,1,1,1,1,0.903225806451613,0.870967741935484,0.870967741935484,0.870967741935484,0.838709677419355,0.806451612903226,0.806451612903226,0.806451612903226,0,0,0,0,0,0,0,0,2201,2.946755,-1.78652860784528
"202",68,68,1,4.72493310084577,12.2913233960781,13.3766564340798,14.1722575141731,15.4262232880463,16.5738475119531,18.9401212174546,19.8614833199113,21.832552759085,1,1,1,1,1,1,1,1,0.933333333333333,0.9,0.9,0.9,0.866666666666667,0.833333333333333,0.833333333333333,0.833333333333333,0,0,0,0,0,0,0,0,2202,3.234817,-1.49011610084577
"203",68,68,2,4.72849754504025,12.2948878402726,13.3802208782742,14.1758219583675,15.4297877322408,16.5774119561476,18.9436856616491,19.8650477641058,21.8361172032795,1,1,1,1,1,1,1,1,0.933333333333333,0.9,0.9,0.9,0.866666666666667,0.833333333333333,0.833333333333333,0.833333333333333,0,0,0,0,0,0,0,0,2203,3.200313,-1.52818454504025
"204",68,68,3,4.72807059673577,12.2944608919681,13.3797939299698,14.1753950100631,15.4293607839363,16.5769850078431,18.9432587133446,19.8646208158013,21.835690254975,1,1,1,1,1,1,1,1,0.933333333333333,0.9,0.9,0.9,0.866666666666667,0.833333333333333,0.833333333333333,0.833333333333333,0,0,0,0,0,0,0,0,2204,3.934518,-0.793552596735767
"205",69,69,1,4.73285911980954,12.29006869205,13.3740848349951,14.168720567962,15.421164835283,16.5673965827661,18.9307991565172,19.8510433189909,21.8197211497737,1,1,1,1,1,1,1,1,0.933333333333333,0.9,0.9,0.9,0.866666666666667,0.833333333333333,0.833333333333333,0.833333333333333,0,0,0,0,0,0,0,0,2205,3.251169,-1.48169011980954
"206",69,69,2,4.72377587542577,12.2809854476662,13.3650015906113,14.1596373235783,15.4120815908992,16.5583133383823,18.9217159121334,19.8419600746071,21.8106379053899,1,1,1,1,1,1,1,1,0.933333333333333,0.9,0.9,0.9,0.866666666666667,0.833333333333333,0.833333333333333,0.833333333333333,0,0,0,0,0,0,0,0,2206,3.546933,-1.17684287542577
"207",69,69,3,4.7277072438655,12.2849168161059,13.368932959051,14.163568692018,15.4160129593389,16.5622447068221,18.9256472805731,19.8458914430468,21.8145692738296,1,1,1,1,1,1,1,1,0.933333333333333,0.9,0.9,0.9,0.866666666666667,0.833333333333333,0.833333333333333,0.833333333333333,0,0,0,0,0,0,0,0,2207,3.281761,-1.4459462438655
"208",70,70,1,4.72381888725921,12.2811728395154,13.365209692521,14.1598606069539,15.4123288021442,16.5585824483131,18.9220301747223,19.8422919184031,21.8110073606526,1,1,1,1,1,1,1,1,0.933333333333333,0.9,0.9,0.9,0.866666666666667,0.833333333333333,0.833333333333333,0.833333333333333,0,0,0,0,0,0,0,0,2208,4.294907,-0.428911887259208
"209",70,70,2,4.7372845636138,12.29463851587,13.3786753688756,14.1733262833085,15.4257944784988,16.5720481246677,18.9354958510769,19.8557575947577,21.8244730370072,0,1,1,1,1,1,1,1,0,1,1,1,0.962962962962963,0.925925925925926,0.925925925925926,0.925925925925926,0,0,0,0,0,0,0,0,2209,13.671445,8.9341604363862
"210",70,70,3,4.86190769397663,12.4192616462328,13.5032984992385,14.2979494136713,15.5504176088616,16.6966712550305,19.0601189814398,19.9803807251206,21.9490961673701,1,1,1,1,1,1,1,1,0.903225806451613,0.870967741935484,0.870967741935484,0.870967741935484,0.838709677419355,0.806451612903226,0.806451612903226,0.774193548387097,1,0,0,0,0,0,0,0,2210,3.024343,-1.83756469397663
"211",71,71,1,4.72786965021913,12.2917972638538,13.3767770515478,14.1721191822527,15.4256768198397,16.5729275191268,18.9384310583427,19.8594932791642,21.8299211817205,1,1,1,1,1,1,1,1,0.903225806451613,0.870967741935484,0.870967741935484,0.870967741935484,0.838709677419355,0.806451612903226,0.806451612903226,0.806451612903226,1,0,0,0,0,0,0,0,2211,3.02864,-1.69922965021913
"212",71,71,2,4.72792271549512,12.2918503291298,13.3768301168238,14.1721722475287,15.4257298851157,16.5729805844028,18.9384841236187,19.8595463444402,21.8299742469965,1,1,1,1,1,1,1,1,0.903225806451613,0.870967741935484,0.870967741935484,0.870967741935484,0.838709677419355,0.806451612903226,0.806451612903226,0.806451612903226,0,0,0,0,0,0,0,0,2212,2.930605,-1.79731771549512
"213",71,71,3,4.72671204425192,12.2906396578866,13.3756194455806,14.1709615762855,15.4245192138725,16.5717699131596,18.9372734523755,19.858335673197,21.8287635757533,1,1,1,1,1,1,1,1,0.903225806451613,0.870967741935484,0.870967741935484,0.870967741935484,0.838709677419355,0.806451612903226,0.806451612903226,0.806451612903226,0,0,0,0,0,0,0,0,2213,2.959276,-1.76743604425192
"214",72,72,1,4.72197521713471,12.2849692009969,13.3698150676007,14.1650590277347,15.4184619363513,16.5655710283328,18.93078258901,19.851731121394,21.8219158103385,1,1,1,1,1,1,1,1,0.933333333333333,0.9,0.9,0.9,0.866666666666667,0.833333333333333,0.833333333333333,0.833333333333333,0,0,0,0,0,0,0,0,2214,3.170812,-1.55116321713471
"215",72,72,2,4.72474587586781,12.28773985973,13.3725857263338,14.1678296864678,15.4212325950843,16.5683416870659,18.9335532477431,19.8545017801271,21.8246864690716,1,1,1,1,1,1,1,1,0.933333333333333,0.9,0.9,0.9,0.866666666666667,0.833333333333333,0.833333333333333,0.833333333333333,0,0,0,0,0,0,0,0,2215,3.130422,-1.59432387586781
"216",72,72,3,4.72421685524612,12.2872108391083,13.3720567057121,14.1673006658461,15.4207035744627,16.5678126664442,18.9330242271214,19.8539727595054,21.8241574484499,1,1,1,1,1,1,1,1,0.933333333333333,0.9,0.9,0.9,0.866666666666667,0.833333333333333,0.833333333333333,0.833333333333333,0,0,0,0,0,0,0,0,2216,3.563597,-1.16061985524612
"217",73,73,1,4.73030283002933,12.2930018055819,13.3778053558033,14.1730182960029,15.4263723133637,16.5734366602727,18.9385559615794,19.859468570694,21.8295764090083,1,1,1,1,1,1,1,1,0.96551724137931,0.931034482758621,0.931034482758621,0.931034482758621,0.896551724137931,0.862068965517241,0.862068965517241,0.862068965517241,0,0,0,0,0,0,0,0,2217,6.947828,2.21752516997067
"218",73,73,2,4.77463451898069,12.3373334945332,13.4221370447546,14.2173499849543,15.4707040023151,16.6177683492241,18.9828876505307,19.9038002596454,21.8739080979596,1,1,1,1,1,1,1,1,0.933333333333333,0.9,0.9,0.9,0.866666666666667,0.833333333333333,0.833333333333333,0.833333333333333,0,0,0,0,0,0,0,0,2218,3.190624,-1.58401051898069
"219",73,73,3,4.7254170751789,12.2881160507314,13.3729196009528,14.1681325411525,15.4214865585133,16.5685509054223,18.933670206729,19.8545828158436,21.8246906541578,1,1,1,1,1,1,1,1,0.933333333333333,0.9,0.9,0.9,0.866666666666667,0.833333333333333,0.833333333333333,0.833333333333333,0,0,0,0,0,0,0,0,2219,3.190216,-1.5352010751789
"220",74,74,1,4.72647282933008,12.2895161862881,13.3743691350341,14.1696182867174,15.4230293778583,16.5701459584517,18.9353729598152,19.856327504379,21.8265250551766,1,1,1,1,1,1,1,1,0.933333333333333,0.9,0.9,0.9,0.866666666666667,0.833333333333333,0.833333333333333,0.833333333333333,0,0,0,0,0,0,0,0,2220,3.40204,-1.32443282933008
"221",74,74,2,4.72919594011407,12.2922392970721,13.3770922458181,14.1723413975014,15.4257524886423,16.5728690692357,18.9380960705992,19.859050615163,21.8292481659606,0,0,0,0,0,1,1,1,0,0,0,0,0,1,1,1,0,0,0,0,0,0,0,0,2221,19.76557,15.0363740598859
"222",74,74,3,4.93955786797517,12.5026012249332,13.5874541736792,14.3827033253625,15.6361144165034,16.7832309970968,19.1484579984603,20.0694125430241,22.0396100938217,1,1,1,1,1,1,1,1,0.870967741935484,0.870967741935484,0.870967741935484,0.838709677419355,0.838709677419355,0.806451612903226,0.806451612903226,0.774193548387097,1,1,1,1,1,0,0,0,2222,2.559055,-2.38050286797517
"223",75,75,1,4.72901289771908,12.3124956751588,13.4002804814301,14.19767882505,15.4544773086886,16.6046940167078,18.9763131365523,19.8997565967937,21.8752786835317,0,0,0,0,0,0,0,0,0,0,0,0,0,0,0,0,1,1,1,1,1,0,0,0,2223,28.110103,23.3810901022809
"224",75,75,2,5.02435931581836,12.6078420932581,13.6956268995293,14.4930252431492,15.7498237267879,16.900040434807,19.2716595546516,20.195103014893,22.170625101631,1,1,1,1,1,1,1,1,0.9,0.9,0.9,0.866666666666667,0.866666666666667,0.833333333333333,0.833333333333333,0.8,1,1,1,1,1,1,1,1,2224,3.68863,-1.33572931581836
"225",75,75,3,4.74206973711856,12.3255525145583,13.4133373208295,14.2107356644494,15.4675341480881,16.6177508561072,18.9893699759518,19.9128134361932,21.8883355229312,1,1,1,1,1,1,1,1,0.933333333333333,0.9,0.9,0.9,0.866666666666667,0.833333333333333,0.833333333333333,0.8,1,1,1,1,1,1,1,1,2225,3.506467,-1.23560273711856
"226",76,76,1,4.74845333404726,12.3730478348641,13.4667297611476,14.268450976077,15.5320628399417,16.6885151250052,19.0729913122517,20.0014409620245,21.9876727872743,1,1,1,1,1,1,1,1,0.933333333333333,0.9,0.9,0.9,0.866666666666667,0.833333333333333,0.833333333333333,0.8,0,0,0,0,0,0,0,0,2226,4.384102,-0.364351334047263
"227",76,76,2,4.75665921727571,12.3812537180926,13.4749356443761,14.2766568593054,15.5402687231701,16.6967210082337,19.0811971954802,20.0096468452529,21.9958786705027,1,1,1,1,1,1,1,1,0.903225806451613,0.870967741935484,0.870967741935484,0.870967741935484,0.838709677419355,0.806451612903226,0.806451612903226,0.774193548387097,0,0,0,0,0,0,0,0,2227,3.044266,-1.71239321727571
"228",76,76,3,4.74413175681519,12.368726257632,13.4624081839155,14.2641293988449,15.5277412627096,16.6841935477731,19.0686697350197,19.9971193847924,21.9833512100422,1,1,1,1,1,1,1,1,0.933333333333333,0.9,0.9,0.9,0.866666666666667,0.833333333333333,0.833333333333333,0.8,0,0,0,0,0,0,0,0,2228,3.884958,-0.859173756815186
"229",77,77,1,4.75350938891042,12.3776652364554,13.4712842417331,14.2729593325526,15.5364984991115,16.6928842519052,19.0772232569998,20.0056194918038,21.9917370464405,1,1,1,1,1,1,1,1,0.903225806451613,0.870967741935484,0.870967741935484,0.870967741935484,0.838709677419355,0.806451612903226,0.806451612903226,0.774193548387097,0,0,0,0,0,0,0,0,2229,2.826811,-1.92669838891042
"230",77,77,2,4.74363186711284,12.3677877146579,13.4614067199355,14.263081810755,15.5266209773139,16.6830067301076,19.0673457352022,19.9957419700062,21.9818595246429,1,1,1,1,1,1,1,1,0.933333333333333,0.9,0.9,0.9,0.866666666666667,0.833333333333333,0.833333333333333,0.8,0,0,0,0,0,0,0,0,2230,3.495075,-1.24855686711284
"231",77,77,3,4.74986993443859,12.3740257819836,13.4676447872612,14.2693198780808,15.5328590446396,16.6892447974334,19.0735838025279,20.001980037332,21.9880975919686,1,1,1,1,1,1,1,1,0.933333333333333,0.9,0.9,0.9,0.866666666666667,0.833333333333333,0.833333333333333,0.8,0,0,0,0,0,0,0,0,2231,3.326628,-1.42324193443859
"232",78,78,1,4.74847782311547,12.3722982239071,13.4658691122584,14.2675089310673,15.5309925045717,16.6873273788348,19.0715614780494,19.9999168653801,21.9859470350394,1,1,1,1,1,1,1,1,0.933333333333333,0.9,0.9,0.9,0.866666666666667,0.833333333333333,0.833333333333333,0.8,0,0,0,0,0,0,0,0,2232,3.367296,-1.38118182311547
"233",78,78,2,4.74884911654259,12.3726695173342,13.4662404056855,14.2678802244944,15.5313637979988,16.6876986722619,19.0719327714765,20.0002881588072,21.9863183284666,1,1,1,1,1,1,1,1,0.903225806451613,0.870967741935484,0.870967741935484,0.870967741935484,0.838709677419355,0.806451612903226,0.806451612903226,0.774193548387097,0,0,0,0,0,0,0,0,2233,3.111472,-1.63737711654259
"234",78,78,3,4.74651347747255,12.3703338782641,13.4639047666155,14.2655445854243,15.5290281589287,16.6853630331919,19.0695971324065,19.9979525197372,21.9839826893965,1,1,1,1,1,1,1,1,0.903225806451613,0.870967741935484,0.870967741935484,0.870967741935484,0.838709677419355,0.806451612903226,0.806451612903226,0.774193548387097,0,0,0,0,0,0,0,0,2234,2.958912,-1.78760147747255
"235",79,79,1,4.72844715101875,12.2826927613808,13.3662837497113,14.1606078239903,15.412560878645,16.5583430703535,18.9208187100206,19.8407019497767,21.8086076587882,1,1,1,1,1,1,1,1,0.933333333333333,0.9,0.9,0.9,0.866666666666667,0.833333333333333,0.833333333333333,0.833333333333333,0,0,0,0,0,0,0,0,2235,3.597975,-1.13047215101875
"236",79,79,2,4.73445911852257,12.2887047288846,13.3722957172151,14.1666197914941,15.4185728461488,16.5643550378573,18.9268306775245,19.8467139172805,21.814619626292,1,1,1,1,1,1,1,1,0.903225806451613,0.870967741935484,0.870967741935484,0.870967741935484,0.838709677419355,0.806451612903226,0.806451612903226,0.806451612903226,0,0,0,0,0,0,0,0,2236,2.675021,-2.05943811852257
"237",79,79,3,4.72577645428521,12.2800220646473,13.3636130529777,14.1579371272568,15.4098901819115,16.55567237362,18.9181480132871,19.8380312530432,21.8059369620547,1,1,1,1,1,1,1,1,0.933333333333333,0.9,0.9,0.9,0.866666666666667,0.833333333333333,0.833333333333333,0.833333333333333,0,0,0,0,0,0,0,0,2237,4.411419,-0.314357454285213
"238",80,80,1,4.73647181014661,12.2824812817997,13.3648908674933,14.1583489170767,15.4089370096231,16.5534699937273,18.9133699060394,19.8322502281848,21.798010396103,1,1,1,1,1,1,1,1,0.933333333333333,0.9,0.9,0.9,0.866666666666667,0.833333333333333,0.833333333333333,0.833333333333333,0,0,0,0,0,0,0,0,2238,3.30191,-1.43456181014661
"239",80,80,2,4.72492956577339,12.2709390374265,13.3533486231201,14.1468066727035,15.3973947652499,16.5419277493541,18.9018276616662,19.8207079838115,21.7864681517298,1,1,1,1,1,1,1,1,0.933333333333333,0.9,0.9,0.9,0.866666666666667,0.833333333333333,0.833333333333333,0.833333333333333,0,0,0,0,0,0,0,0,2239,3.429856,-1.29507356577339
"240",80,80,3,4.72626059057677,12.2722700622299,13.3546796479235,14.1481376975069,15.3987257900533,16.5432587741574,18.9031586864696,19.8220390086149,21.7877991765331,1,1,1,1,1,1,1,1,0.903225806451613,0.870967741935484,0.870967741935484,0.870967741935484,0.838709677419355,0.806451612903226,0.806451612903226,0.806451612903226,0,0,0,0,0,0,0,0,2240,2.915029,-1.81123159057677
"241",81,81,1,4.72245788339958,12.2681902194536,13.3505600524501,14.1439889614032,15.3945311247095,16.5390220745656,18.8988353169261,19.8176818921686,21.7833698653561,1,1,1,1,1,1,1,1,0.933333333333333,0.9,0.9,0.9,0.866666666666667,0.833333333333333,0.833333333333333,0.833333333333333,0,0,0,0,0,0,0,0,2241,3.363507,-1.35895088339958
"242",81,81,2,4.72693455783764,12.2726668938916,13.3550367268881,14.1484656358412,15.3990077991476,16.5434987490037,18.9033119913642,19.8221585666067,21.7878465397941,1,1,1,1,1,1,1,1,0.933333333333333,0.9,0.9,0.9,0.866666666666667,0.833333333333333,0.833333333333333,0.833333333333333,0,0,0,0,0,0,0,0,2242,5.491348,0.764413442162363
"243",81,81,3,4.74817451032796,12.2939068463819,13.3762766793784,14.1697055883315,15.4202477516379,16.564738701494,18.9245519438545,19.843398519097,21.8090864922845,1,1,1,1,1,1,1,1,0.933333333333333,0.9,0.9,0.9,0.866666666666667,0.833333333333333,0.833333333333333,0.833333333333333,0,0,0,0,0,0,0,0,2243,3.403269,-1.34490551032796
"244",82,82,1,4.72840630797147,12.2737426314447,13.3560556598725,14.1494429283571,15.3999194611312,16.5443503461991,18.9040397416365,19.8228380942827,21.7884229048967,1,1,1,1,1,1,1,1,0.903225806451613,0.870967741935484,0.870967741935484,0.870967741935484,0.838709677419355,0.806451612903226,0.806451612903226,0.806451612903226,0,0,0,0,0,0,0,0,2244,2.799958,-1.92844830797147
"245",82,82,2,4.7226034505087,12.2679397739819,13.3502528024097,14.1436400708943,15.3941166036684,16.5385474887363,18.8982368841737,19.81703523682,21.7826200474339,1,1,1,1,1,1,1,1,1,0.964285714285714,0.964285714285714,0.964285714285714,0.928571428571429,0.892857142857143,0.892857142857143,0.892857142857143,0,0,0,0,0,0,0,0,2245,9.379987,4.6573835494913
"246",82,82,3,4.78589248450263,12.3312288079759,13.4135418364036,14.2069291048882,15.4574056376623,16.6018365227302,18.9615259181676,19.8803242708139,21.8459090814278,1,1,1,1,1,1,1,1,0.933333333333333,0.9,0.9,0.9,0.866666666666667,0.833333333333333,0.833333333333333,0.833333333333333,0,0,0,0,0,0,0,0,2246,4.162562,-0.623330484502626
"247",83,83,1,4.73963344263284,12.2864413611601,13.3689654771301,14.1625074828895,15.4132279007606,16.5578819884477,18.9180316028991,19.8370091522112,21.8029773181537,1,1,1,1,1,1,1,1,0.903225806451613,0.870967741935484,0.870967741935484,0.870967741935484,0.838709677419355,0.806451612903226,0.806451612903226,0.806451612903226,0,0,0,0,0,0,0,0,2247,2.944211,-1.79542244263284
"248",83,83,2,4.72815806707297,12.2749659856003,13.3574901015703,14.1510321073296,15.4017525252007,16.5464066128878,18.9065562273393,19.8255337766513,21.7915019425938,1,1,1,1,1,1,1,1,0.903225806451613,0.870967741935484,0.870967741935484,0.870967741935484,0.838709677419355,0.806451612903226,0.806451612903226,0.806451612903226,0,0,0,0,0,0,0,0,2248,3.121185,-1.60697306707297
"249",83,83,3,4.72982494559511,12.2766328641224,13.3591569800924,14.1526989858518,15.4034194037229,16.5480734914099,18.9082231058614,19.8272006551735,21.793168821116,0,0,0,0,0,0,0,0,0,0,0,0,0,0,0,0,0,0,0,0,0,0,0,0,2249,26.736998,22.0071730544049
"250",84,84,1,4.96318550861455,12.543321496148,13.6306262344457,14.4276726652564,15.6839164907515,16.8336255779608,19.2041980400671,20.1272339604825,22.1018841974948,1,1,1,1,1,1,1,1,0.870967741935484,0.870967741935484,0.870967741935484,0.838709677419355,0.838709677419355,0.806451612903226,0.806451612903226,0.774193548387097,1,1,1,1,1,1,1,1,2250,3.068095,-1.89509050861455
"251",84,84,2,4.7348328399604,12.3149688274939,13.4022735657915,14.1993199966022,15.4555638220973,16.6052729093067,18.975845371413,19.8988812918283,21.8735315288406,1,1,1,1,1,1,1,1,0.96551724137931,0.931034482758621,0.931034482758621,0.931034482758621,0.896551724137931,0.862068965517241,0.862068965517241,0.862068965517241,1,1,1,1,1,1,1,1,2251,6.920146,2.1853131600396
"252",84,84,3,4.77199662932748,12.3521326168609,13.4394373551586,14.2364837859693,15.4927276114644,16.6424366986737,19.0130091607801,19.9360450811954,21.9106953182077,1,1,1,1,1,1,1,1,0.903225806451613,0.870967741935484,0.870967741935484,0.870967741935484,0.838709677419355,0.806451612903226,0.806451612903226,0.774193548387097,0,0,0,0,0,0,0,0,2252,2.784878,-1.98711862932748
"253",85,85,1,4.73467695984838,12.3157241404789,13.4031595815204,14.2003018237,15.4566966597712,16.6065439512272,18.9774013751426,19.9005482518732,21.8754358576699,1,1,1,1,1,1,1,1,0.933333333333333,0.9,0.9,0.9,0.866666666666667,0.833333333333333,0.833333333333333,0.8,0,0,0,0,0,0,0,0,2253,3.160332,-1.57434495984838
"254",85,85,2,4.7377939749644,12.3188411555949,13.4062765966364,14.2034188388161,15.4598136748872,16.6096609663432,18.9805183902586,19.9036652669893,21.878552872786,1,1,1,1,1,1,1,1,0.933333333333333,0.9,0.9,0.9,0.866666666666667,0.833333333333333,0.833333333333333,0.8,0,0,0,0,0,0,0,0,2254,3.309752,-1.4280419749644
"255",85,85,3,4.73903445821571,12.3200816388463,13.4075170798877,14.2046593220674,15.4610541581385,16.6109014495945,18.9817588735099,19.9049057502406,21.8797933560373,1,1,1,1,1,1,1,1,0.903225806451613,0.870967741935484,0.870967741935484,0.870967741935484,0.838709677419355,0.806451612903226,0.806451612903226,0.774193548387097,0,0,0,0,0,0,0,0,2255,2.956804,-1.78223045821571
"256",86,86,1,4.73619327894515,12.3169728731388,13.4043699312276,14.2014840368653,15.4578345262638,16.6076412318308,18.97841497215,19.9015292647828,21.8763471634368,1,1,1,1,1,1,1,1,0.933333333333333,0.9,0.9,0.9,0.866666666666667,0.833333333333333,0.833333333333333,0.8,0,0,0,0,0,0,0,0,2256,3.146387,-1.58980627894515
"257",86,86,2,4.73779103663906,12.3185706308327,13.4059676889215,14.2030817945592,15.4594322839577,16.6092389895247,18.9800127298439,19.9031270224767,21.8779449211307,0,1,1,1,1,1,1,1,0,1,1,1,0.962962962962963,0.925925925925926,0.925925925925926,0.888888888888889,0,0,0,0,0,0,0,0,2257,14.381515,9.64372396336094
"258",86,86,3,4.83247786090122,12.4132574550949,13.5006545131837,14.2977686188213,15.5541191082199,16.7039258137868,19.0746995541061,19.9978138467388,21.9726317453928,1,1,1,1,1,1,1,1,0.903225806451613,0.870967741935484,0.870967741935484,0.870967741935484,0.838709677419355,0.806451612903226,0.806451612903226,0.774193548387097,1,0,0,0,0,0,0,0,2258,3.108239,-1.72423886090122
"259",87,87,1,4.74598949945006,12.3345372605339,13.4230485947625,14.2209795181597,15.4786174134448,16.6296023474867,19.0028054640785,19.9268656892232,21.9037072207798,1,1,1,1,1,1,1,1,0.903225806451613,0.870967741935484,0.870967741935484,0.870967741935484,0.838709677419355,0.806451612903226,0.806451612903226,0.774193548387097,1,0,0,0,0,0,0,0,2259,2.8417,-1.90428949945006
"260",87,87,2,4.74401006394564,12.3325578250295,13.4210691592581,14.2190000826553,15.4766379779403,16.6276229119823,19.0008260285741,19.9248862537188,21.9017277852754,1,1,1,1,1,1,1,1,0.933333333333333,0.9,0.9,0.9,0.866666666666667,0.833333333333333,0.833333333333333,0.8,0,0,0,0,0,0,0,0,2260,3.783281,-0.960729063945642
"261",87,87,3,4.75100265738108,12.3395504184649,13.4280617526936,14.2259926760907,15.4836305713758,16.6346155054177,19.0078186220095,19.9318788471542,21.9087203787109,1,1,1,1,1,1,1,1,0.903225806451613,0.870967741935484,0.870967741935484,0.870967741935484,0.838709677419355,0.806451612903226,0.806451612903226,0.774193548387097,0,0,0,0,0,0,0,0,2261,2.89875,-1.85225265738108
"262",88,88,1,4.73831951828642,12.3216730886365,13.4094393612718,14.2068241188492,15.4636011892034,16.6137982998742,18.9853770121629,19.9088047388098,21.884293166678,1,1,1,1,1,1,1,1,0.933333333333333,0.9,0.9,0.9,0.866666666666667,0.833333333333333,0.833333333333333,0.8,0,0,0,0,0,0,0,0,2262,3.493047,-1.24527251828642
"263",88,88,2,4.7430141408494,12.3263677111995,13.4141339838348,14.2115187414122,15.4682958117664,16.6184929224372,18.9900716347259,19.9134993613728,21.888987789241,1,1,1,1,1,1,1,1,0.933333333333333,0.9,0.9,0.9,0.866666666666667,0.833333333333333,0.833333333333333,0.8,0,0,0,0,0,0,0,0,2263,3.492973,-1.2500411408494
"264",88,88,3,4.74301355628971,12.3263671266398,13.4141333992751,14.2115181568525,15.4682952272067,16.6184923378775,18.9900710501662,19.9134987768131,21.8889872046813,1,1,1,1,1,1,1,1,0.933333333333333,0.9,0.9,0.9,0.866666666666667,0.833333333333333,0.833333333333333,0.8,0,0,0,0,0,0,0,0,2264,3.23021,-1.51280355628971
"265",89,89,1,4.74052003291134,12.3237331373503,13.4114792613694,14.2088492490464,15.4656030402096,16.6157788458623,18.9873136295696,19.9107242516314,21.8861760876699,1,1,1,1,1,1,1,1,0.933333333333333,0.9,0.9,0.9,0.866666666666667,0.833333333333333,0.833333333333333,0.8,0,0,0,0,0,0,0,0,2265,3.380397,-1.36012303291134
"266",89,89,2,4.74168429685999,12.3248974012989,13.412643525318,14.2100135129951,15.4667673041582,16.6169431098109,18.9884778935182,19.91188851558,21.8873403516186,1,1,1,1,1,1,1,1,0.933333333333333,0.9,0.9,0.9,0.866666666666667,0.833333333333333,0.833333333333333,0.8,0,0,0,0,0,0,0,0,2266,5.059071,0.317386703140011
"267",89,89,3,4.75469753781784,12.3379106422568,13.4256567662759,14.2230267539529,15.4797805451161,16.6299563507688,19.0014911344761,19.9249017565379,21.9003535925764,1,1,1,1,1,1,1,1,0.903225806451613,0.870967741935484,0.870967741935484,0.870967741935484,0.838709677419355,0.806451612903226,0.806451612903226,0.774193548387097,0,0,0,0,0,0,0,0,2267,2.855163,-1.89953453781784
"268",90,90,1,4.73851873946138,12.3214526720591,13.4091587512998,14.206499384237,15.463206908697,16.6133403712568,18.9847878482086,19.9081644754136,21.8835435862737,1,1,1,1,1,1,1,1,0.933333333333333,0.9,0.9,0.9,0.866666666666667,0.833333333333333,0.833333333333333,0.8,0,0,0,0,0,0,0,0,2268,3.426376,-1.31214273946138
"269",90,90,2,4.74291048179333,12.325844414391,13.4135504936317,14.210891126569,15.467598651029,16.6177321135887,18.9891795905405,19.9125562177455,21.8879353286056,0,0,0,0,0,0,0,0,0,0,0,0,0,0,0,0,0,0,0,0,0,0,0,0,2269,64.384066,59.6411555182067
"270",90,90,3,5.2115806059522,12.7945145385499,13.8822206177906,14.6795612507279,15.9362687751879,17.0864022377476,19.4578497146994,20.3812263419044,22.3566054527645,1,1,1,1,1,1,1,1,0.9,0.9,0.9,0.866666666666667,0.866666666666667,0.833333333333333,0.833333333333333,0.8,1,1,1,1,1,1,1,1,2270,6.083757,0.872176394047798
"271",91,91,1,4.7929030864275,12.6864490036714,13.8187096770822,14.648710960717,15.9568957130893,17.1541409190177,19.622727579015,20.5839275407369,22.6402220903317,1,1,1,1,1,1,1,1,0.9,0.9,0.9,0.866666666666667,0.866666666666667,0.833333333333333,0.833333333333333,0.8,1,1,1,1,1,1,1,1,2271,3.795131,-0.997772086427502
"272",91,91,2,4.77670974129407,12.670255658538,13.8025163319487,14.6325176155836,15.9407023679559,17.1379475738843,19.6065342338815,20.5677341956034,22.6240287451983,1,1,1,1,1,1,1,1,0.9,0.9,0.9,0.866666666666667,0.866666666666667,0.833333333333333,0.833333333333333,0.8,0,0,0,0,0,0,0,0,2272,3.162836,-1.61387374129407
"273",91,91,3,4.7722358905377,12.6657818077816,13.7980424811924,14.6280437648272,15.9362285171995,17.1334737231279,19.6020603831252,20.5632603448471,22.6195548944419,1,1,1,1,1,1,1,1,0.870967741935484,0.870967741935484,0.870967741935484,0.838709677419355,0.838709677419355,0.806451612903226,0.806451612903226,0.774193548387097,0,0,0,0,0,0,0,0,2273,2.948494,-1.8237418905377
"274",92,92,1,4.76719108968393,12.6539725045,13.7852628687297,14.6145528692787,15.9216165514721,17.1178357586684,19.5843069232179,20.544683169015,22.599215543585,1,1,1,1,1,1,1,1,0.9,0.9,0.9,0.866666666666667,0.866666666666667,0.833333333333333,0.833333333333333,0.8,0,0,0,0,0,0,0,0,2274,3.485521,-1.28167008968393
"275",92,92,2,4.77129930738951,12.6580807222055,13.7893710864352,14.6186610869843,15.9257247691777,17.121943976374,19.5884151409235,20.5487913867206,22.6033237612906,1,1,1,1,1,1,1,1,0.9,0.9,0.9,0.866666666666667,0.866666666666667,0.833333333333333,0.833333333333333,0.8,0,0,0,0,0,0,0,0,2275,3.312428,-1.45887130738951
"276",92,92,3,4.76997515845973,12.6567565732758,13.7880469375055,14.6173369380545,15.9244006202479,17.1206198274442,19.5870909919937,20.5474672377908,22.6019996123608,1,1,1,1,1,1,1,1,0.9,0.9,0.9,0.866666666666667,0.866666666666667,0.833333333333333,0.833333333333333,0.8,0,0,0,0,0,0,0,0,2276,3.456188,-1.31378715845973
"277",93,93,1,4.77154832448898,12.6578117752627,13.7890278420447,14.6182633790073,15.9252412198476,17.1213818653971,19.5876910445551,20.5480042176822,22.6024016609237,1,1,1,1,1,1,1,1,0.9,0.9,0.9,0.866666666666667,0.866666666666667,0.833333333333333,0.833333333333333,0.8,0,0,0,0,0,0,0,0,2277,4.034078,-0.737470324488976
"278",93,93,2,4.77585019217697,12.6621136429507,13.7933297097326,14.6225652466953,15.9295430875356,17.1256837330851,19.5919929122431,20.5523060853702,22.6067035286117,1,1,1,1,1,1,1,1,0.9,0.9,0.9,0.866666666666667,0.866666666666667,0.833333333333333,0.833333333333333,0.8,0,0,0,0,0,0,0,0,2278,3.953143,-0.822707192176967
"279",93,93,3,4.77524770440018,12.6615111551739,13.7927272219559,14.6219627589185,15.9289405997588,17.1250812453083,19.5913904244663,20.5517035975934,22.6061010408349,1,1,1,1,1,1,1,1,0.9,0.9,0.9,0.866666666666667,0.866666666666667,0.833333333333333,0.833333333333333,0.8,0,0,0,0,0,0,0,0,2279,3.340257,-1.43499070440018
"280",94,94,1,4.7707535526611,12.6564056993473,13.7875340798619,14.6167053385923,15.923581868983,17.1196297956333,19.5857477987177,20.5459865331233,22.600224729649,1,1,1,1,1,1,1,1,0.9,0.9,0.9,0.866666666666667,0.866666666666667,0.833333333333333,0.833333333333333,0.8,0,0,0,0,0,0,0,0,2280,3.136021,-1.6347325526611
"281",94,94,2,4.76916444862513,12.6548165953114,13.7859449758259,14.6151162345564,15.921992764947,17.1180406915973,19.5841586946817,20.5443974290873,22.598635625613,1,1,1,1,1,1,1,1,0.9,0.9,0.9,0.866666666666667,0.866666666666667,0.833333333333333,0.833333333333333,0.8,0,0,0,0,0,0,0,0,2281,3.782263,-0.986901448625134
"282",94,94,3,4.77419267954629,12.6598448262325,13.7909732067471,14.6201444654775,15.9270209958682,17.1230689225185,19.5891869256029,20.5494256600085,22.6036638565342,1,1,1,1,1,1,1,1,0.964285714285714,0.964285714285714,0.964285714285714,0.928571428571429,0.928571428571429,0.892857142857143,0.892857142857143,0.857142857142857,0,0,0,0,0,0,0,0,2282,12.000345,7.22615232045371
"283",95,95,1,4.84048657473679,12.7302842269746,13.862007244292,14.6916144002688,15.9991779586706,17.1958546504792,19.6632690974952,20.6240126316219,22.6793307459134,1,1,1,1,1,1,1,1,0.9,0.9,0.9,0.866666666666667,0.866666666666667,0.833333333333333,0.833333333333333,0.8,0,0,0,0,0,0,0,0,2283,3.754468,-1.08601857473679
"284",95,95,2,4.77992761228653,12.6697252645243,13.8014482818417,14.6310554378185,15.9386189962204,17.1352956880289,19.602710135045,20.5634536691717,22.6187717834631,1,1,1,1,1,1,1,1,0.9,0.9,0.9,0.866666666666667,0.866666666666667,0.833333333333333,0.833333333333333,0.8,0,0,0,0,0,0,0,0,2284,3.144618,-1.63530961228653
"285",95,95,3,4.77544878204806,12.6652464342858,13.7969694516032,14.62657660758,15.9341401659819,17.1308168577905,19.5982313048065,20.5589748389332,22.6142929532247,1,1,1,1,1,1,1,1,0.9,0.9,0.9,0.866666666666667,0.866666666666667,0.833333333333333,0.833333333333333,0.8,0,0,0,0,0,0,0,0,2285,3.217701,-1.55774778204806
"286",96,96,1,4.77247575417229,12.6589769915442,13.7902271667505,14.6194877068213,15.9265049556545,17.1226816672342,19.5890652105412,20.5494073390289,22.6038667264576,1,1,1,1,1,1,1,1,0.9,0.9,0.9,0.866666666666667,0.866666666666667,0.833333333333333,0.833333333333333,0.8,0,0,0,0,0,0,0,0,2286,4.262766,-0.509709754172287
"287",96,96,2,4.78025952312784,12.6667607604998,13.7980109357061,14.6272714757768,15.9342887246101,17.1304654361897,19.5968489794967,20.5571911079844,22.6116504954131,1,1,1,1,1,1,1,1,0.870967741935484,0.870967741935484,0.870967741935484,0.838709677419355,0.838709677419355,0.806451612903226,0.806451612903226,0.774193548387097,0,0,0,0,0,0,0,0,2287,2.852868,-1.92739152312784
"288",96,96,3,4.7697584344081,12.6562596717801,13.7875098469864,14.6167703870571,15.9237876358904,17.11996434747,19.586347890777,20.5466900192647,22.6011494066934,1,1,1,1,1,1,1,1,0.9,0.9,0.9,0.866666666666667,0.866666666666667,0.833333333333333,0.833333333333333,0.8,0,0,0,0,0,0,0,0,2288,3.324404,-1.4453544344081
"289",97,97,1,4.77344004453116,12.6596999933516,13.7909155578088,14.6201507265433,15.9271279870104,17.1232681014049,19.5895761853802,20.5498889320731,22.6042854630443,1,1,1,1,1,1,1,1,0.9,0.9,0.9,0.866666666666667,0.866666666666667,0.833333333333333,0.833333333333333,0.8,0,0,0,0,0,0,0,0,2289,3.281047,-1.49239304453116
"290",97,97,2,4.77311467008842,12.6593746189089,13.790590183366,14.6198253521005,15.9268026125677,17.1229427269621,19.5892508109375,20.5495635576304,22.6039600886016,1,1,1,1,1,1,1,1,0.870967741935484,0.870967741935484,0.870967741935484,0.838709677419355,0.838709677419355,0.806451612903226,0.806451612903226,0.774193548387097,0,0,0,0,0,0,0,0,2290,2.612871,-2.16024367008842
"291",97,97,3,4.76810031499795,12.6543602638184,13.7855758282755,14.61481099701,15.9217882574772,17.1179283718717,19.584236455847,20.5445492025399,22.5989457335111,1,1,1,1,1,1,1,1,0.870967741935484,0.870967741935484,0.870967741935484,0.838709677419355,0.838709677419355,0.806451612903226,0.806451612903226,0.774193548387097,0,0,0,0,0,0,0,0,2291,2.720113,-2.04798731499795
"292",98,98,1,4.76837263497812,12.6551702534927,13.7864629420024,14.6157546463599,15.9228210139664,17.1190426788415,19.5855189108518,20.5458971297792,22.6004337254657,1,1,1,1,1,1,1,1,0.9,0.9,0.9,0.866666666666667,0.866666666666667,0.833333333333333,0.833333333333333,0.8,0,0,0,0,0,0,0,0,2292,3.358733,-1.40963963497812
"293",98,98,2,4.773128573828,12.6599261923426,13.7912188808523,14.6205105852098,15.9275769528163,17.1237986176914,19.5902748497016,20.5506530686291,22.6051896643156,1,1,1,1,1,1,1,1,0.9,0.9,0.9,0.866666666666667,0.866666666666667,0.833333333333333,0.833333333333333,0.8,0,0,0,0,0,0,0,0,2293,5.021748,0.248619426171998
"294",98,98,3,4.78551339993184,12.6723110184465,13.8036037069561,14.6328954113136,15.9399617789201,17.1361834437953,19.6026596758055,20.5630378947329,22.6175744904194,1,1,1,1,1,1,1,1,0.964285714285714,0.964285714285714,0.964285714285714,0.928571428571429,0.928571428571429,0.892857142857143,0.892857142857143,0.857142857142857,0,0,0,0,0,0,0,0,2294,10.417094,5.63158060006816
"295",99,99,1,4.83179784948824,12.7206433323234,13.8522297692016,14.6817368051772,15.9891425620654,17.1856748345896,19.6527915050791,20.6134190931908,22.6684891642361,1,1,1,1,1,1,1,1,0.9,0.9,0.9,0.866666666666667,0.866666666666667,0.833333333333333,0.833333333333333,0.8,0,0,0,0,0,0,0,0,2295,5.704043,0.872245150511765
"296",99,99,2,4.79509582373118,12.6839413065664,13.8155277434445,14.6450347794201,15.9524405363083,17.1489728088325,19.616089479322,20.5767170674337,22.6317871384791,1,1,1,1,1,1,1,1,0.9,0.9,0.9,0.866666666666667,0.866666666666667,0.833333333333333,0.833333333333333,0.8,0,0,0,0,0,0,0,0,2296,3.48257,-1.31252582373118
"297",99,99,3,4.77779650758446,12.6666419904196,13.7982284272978,14.6277354632734,15.9351412201616,17.1316734926858,19.5987901631753,20.559417751287,22.6144878223323,1,1,1,1,1,1,1,1,0.870967741935484,0.870967741935484,0.870967741935484,0.838709677419355,0.838709677419355,0.806451612903226,0.806451612903226,0.774193548387097,0,0,0,0,0,0,0,0,2297,2.82037,-1.95742650758446
"298",100,100,1,4.76688553997812,12.6469791175441,13.7773101695473,14.6058969483047,15.9118522659166,17.1070571024905,19.5714367474627,20.5309986128817,22.5837887839566,1,1,1,1,1,1,1,1,0.9,0.9,0.9,0.866666666666667,0.866666666666667,0.833333333333333,0.833333333333333,0.8,0,0,0,0,0,0,0,0,2298,3.591187,-1.17569853997812
"299",100,100,2,4.77374605250931,12.6538396300753,13.7841706820785,14.6127574608359,15.9187127784478,17.1139176150217,19.5782972599939,20.5378591254129,22.5906492964878,1,1,1,1,1,1,1,1,0.9,0.9,0.9,0.866666666666667,0.866666666666667,0.833333333333333,0.833333333333333,0.8,0,0,0,0,0,0,0,0,2299,3.608315,-1.16543105250931
"300",100,100,3,4.77389849706961,12.6539920746356,13.7843231266388,14.6129099053962,15.9188652230081,17.114070059582,19.5784497045542,20.5380115699732,22.5908017410481,1,1,1,1,1,1,1,1,0.870967741935484,0.870967741935484,0.870967741935484,0.838709677419355,0.838709677419355,0.806451612903226,0.806451612903226,0.774193548387097,0,0,0,0,0,0,0,0,2300,2.612115,-2.16178349706961
"301",101,101,1,4.76000768090697,12.6357215020895,13.7654243160406,14.5935505662271,15.8987800338117,17.0933205754808,19.5563305181297,20.5153590590185,22.5670082892191,1,1,1,1,1,1,1,1,0.9,0.9,0.9,0.866666666666667,0.866666666666667,0.833333333333333,0.833333333333333,0.8,0,0,0,0,0,0,0,0,2301,3.477416,-1.28259168090697
"302",101,101,2,4.76804553907488,12.6437593602574,13.7734621742085,14.601588424395,15.9068178919796,17.1013584336487,19.5643683762976,20.5233969171864,22.575046147387,1,1,1,1,1,1,1,1,0.870967741935484,0.870967741935484,0.870967741935484,0.838709677419355,0.838709677419355,0.806451612903226,0.806451612903226,0.774193548387097,0,0,0,0,0,0,0,0,2302,2.553751,-2.21429453907488
"303",101,101,3,4.7594655325053,12.6351793536879,13.7648821676389,14.5930084178254,15.89823788541,17.0927784270791,19.555788369728,20.5148169106168,22.5664661408174,1,1,1,1,1,1,1,1,0.9,0.9,0.9,0.866666666666667,0.866666666666667,0.833333333333333,0.833333333333333,0.8,0,0,0,0,0,0,0,0,2303,3.19136,-1.5681055325053
"304",102,102,1,4.76564835302221,12.641237260501,13.7709221566651,14.5990352722559,15.9042440380919,17.0987656336075,19.5617365113918,20.5207498414934,22.5723665312653,1,1,1,1,1,1,1,1,0.870967741935484,0.870967741935484,0.870967741935484,0.838709677419355,0.838709677419355,0.806451612903226,0.806451612903226,0.774193548387097,0,0,0,0,0,0,0,0,2304,3.002107,-1.76354135302221
"305",102,102,2,4.76389023984917,12.639479147328,13.769164043492,14.5972771590828,15.9024859249189,17.0970075204345,19.5599783982187,20.5189917283203,22.5706084180922,1,1,1,1,1,1,1,1,0.9,0.9,0.9,0.866666666666667,0.866666666666667,0.833333333333333,0.833333333333333,0.8,0,0,0,0,0,0,0,0,2305,4.294845,-0.469045239849175
"306",102,102,3,4.77589945347898,12.6514883609578,13.7811732571218,14.6092863727126,15.9144951385487,17.1090167340643,19.5719876118485,20.5310009419501,22.582617631722,1,1,1,1,1,1,1,1,0.931034482758621,0.931034482758621,0.931034482758621,0.896551724137931,0.896551724137931,0.862068965517241,0.862068965517241,0.827586206896552,0,0,0,0,0,0,0,0,2306,8.065996,3.29009654652102
"307",103,103,1,4.81528547058391,12.6913606019057,13.8211152426613,14.6492794843769,15.9545688313136,17.1491641743149,19.6122871112251,20.5713596489812,22.6231030016557,1,1,1,1,1,1,1,1,0.9,0.9,0.9,0.866666666666667,0.866666666666667,0.833333333333333,0.833333333333333,0.8,0,0,0,0,0,0,0,0,2307,3.444047,-1.37123847058391
"308",103,103,2,4.77200138000674,12.6480765113285,13.7778311520841,14.6059953937998,15.9112847407364,17.1058800837377,19.5690030206479,20.528075558404,22.5798189110786,1,1,1,1,1,1,1,1,0.9,0.9,0.9,0.866666666666667,0.866666666666667,0.833333333333333,0.833333333333333,0.8,0,0,0,0,0,0,0,0,2308,3.130055,-1.64194638000674
"309",103,103,3,4.76906087629965,12.6451360076214,13.774890648377,14.6030548900927,15.9083442370293,17.1029395800306,19.5660625169408,20.5251350546969,22.5768784073715,1,1,1,1,1,1,1,1,0.9,0.9,0.9,0.866666666666667,0.866666666666667,0.833333333333333,0.833333333333333,0.8,0,0,0,0,0,0,0,0,2309,3.296227,-1.47283387629965
"310",104,104,1,4.76370267832074,12.6327831928861,13.7615345165568,14.5889632788128,15.8930934190905,17.0866278610131,19.5475633377124,20.5057841384381,22.555705370552,1,1,1,1,1,1,1,1,0.870967741935484,0.870967741935484,0.870967741935484,0.838709677419355,0.838709677419355,0.806451612903226,0.806451612903226,0.774193548387097,0,0,0,0,0,0,0,0,2310,2.934722,-1.82898067832074
"311",104,104,2,4.76006277883635,12.6291432934017,13.7578946170725,14.5853233793284,15.8894535196061,17.0829879615287,19.543923438228,20.5021442389537,22.5520654710676,1,1,1,1,1,1,1,1,0.9,0.9,0.9,0.866666666666667,0.866666666666667,0.833333333333333,0.833333333333333,0.8,0,0,0,0,0,0,0,0,2311,3.188503,-1.57155977883635
"312",104,104,3,4.76261803348303,12.6316985480484,13.7604498717191,14.5878786339751,15.8920087742528,17.0855432161754,19.5464786928747,20.5046994936004,22.5546207257142,1,1,1,1,1,1,1,1,0.870967741935484,0.870967741935484,0.870967741935484,0.838709677419355,0.838709677419355,0.806451612903226,0.806451612903226,0.774193548387097,0,0,0,0,0,0,0,0,2312,2.93431,-1.82830803348303
"313",105,105,1,4.76048749957292,12.6293259150668,13.7580425117263,14.5854458174204,15.8895358350059,17.0830335568085,19.5438933206983,20.5020846409319,22.5519428054451,1,1,1,1,1,1,1,1,0.870967741935484,0.870967741935484,0.870967741935484,0.838709677419355,0.838709677419355,0.806451612903226,0.806451612903226,0.774193548387097,0,0,0,0,0,0,0,0,2313,2.668885,-2.09160249957292
"314",105,105,2,4.75784959090133,12.6266880063952,13.7554046030547,14.5828079087488,15.8868979263343,17.0803956481369,19.5412554120267,20.4994467322603,22.5493048967736,1,1,1,1,1,1,1,1,0.9,0.9,0.9,0.866666666666667,0.866666666666667,0.833333333333333,0.833333333333333,0.8,0,0,0,0,0,0,0,0,2314,3.848606,-0.909243590901333
"315",105,105,3,4.76957416942994,12.6384125849238,13.7671291815833,14.5945324872774,15.8986225048629,17.0921202266655,19.5529799905553,20.5111713107889,22.5610294753022,1,1,1,1,1,1,1,1,0.870967741935484,0.870967741935484,0.870967741935484,0.838709677419355,0.838709677419355,0.806451612903226,0.806451612903226,0.774193548387097,0,0,0,0,0,0,0,0,2315,2.455292,-2.31428216942994
"316",106,106,1,4.75525319057477,12.624075352406,13.7527896176186,14.5801912142505,15.8842785381424,17.077773794688,19.5386284754915,20.4968178165107,22.5466717468916,1,1,1,1,1,1,1,1,0.870967741935484,0.870967741935484,0.870967741935484,0.838709677419355,0.838709677419355,0.806451612903226,0.806451612903226,0.774193548387097,0,0,0,0,0,0,0,0,2316,2.855863,-1.89939019057477
"317",106,106,2,4.75924863910822,12.6280708009394,13.756785066152,14.5841866627839,15.8882739866758,17.0817692432214,19.5426239240249,20.5008132650441,22.550667195425,1,1,1,1,1,1,1,1,0.870967741935484,0.870967741935484,0.870967741935484,0.838709677419355,0.838709677419355,0.806451612903226,0.806451612903226,0.774193548387097,0,0,0,0,0,0,0,0,2317,2.876866,-1.88238263910822
"318",106,106,3,4.75945813107231,12.6282802929035,13.7569945581161,14.584396154748,15.8884834786399,17.0819787351855,19.542833415989,20.5010227570082,22.5508766873891,1,1,1,1,1,1,1,1,0.964285714285714,0.964285714285714,0.964285714285714,0.928571428571429,0.928571428571429,0.892857142857143,0.892857142857143,0.857142857142857,0,0,0,0,0,0,0,0,2318,9.983524,5.22406586892769
"319",107,107,1,4.83168582429406,12.703178297267,13.8322755954439,14.6599579735774,15.9644878438681,17.1583881170243,19.6200778971016,20.5785924028812,22.6291419580553,1,1,1,1,1,1,1,1,0.9,0.9,0.9,0.866666666666667,0.866666666666667,0.833333333333333,0.833333333333333,0.8,0,0,0,0,0,0,0,0,2319,3.545243,-1.28644282429406
"320",107,107,2,4.76869279516182,12.6401852681348,13.7692825663117,14.5969649444451,15.9014948147359,17.0953950878921,19.5570848679693,20.5155993737489,22.5661489289231,1,1,1,1,1,1,1,1,0.870967741935484,0.870967741935484,0.870967741935484,0.838709677419355,0.838709677419355,0.806451612903226,0.806451612903226,0.774193548387097,0,0,0,0,0,0,0,0,2320,2.475888,-2.29280479516182
"321",107,107,3,4.75823007837955,12.6297225513525,13.7588198495294,14.5865022276629,15.8910320979536,17.0849323711098,19.546622151187,20.5051366569667,22.5556862121408,1,1,1,1,1,1,1,1,0.870967741935484,0.870967741935484,0.870967741935484,0.838709677419355,0.838709677419355,0.806451612903226,0.806451612903226,0.774193548387097,0,0,0,0,0,0,0,0,2321,2.966028,-1.79220207837955
"322",108,108,1,4.75734114831707,12.6265031689938,13.755266184009,14.5827035165802,15.8868471647355,17.0803939690111,19.5413549355094,20.499585661264,22.5495281259866,1,1,1,1,1,1,1,1,0.870967741935484,0.870967741935484,0.870967741935484,0.838709677419355,0.838709677419355,0.806451612903226,0.806451612903226,0.774193548387097,0,0,0,0,0,0,0,0,2322,2.886699,-1.87064214831707
"323",108,108,2,4.75651857388441,12.6256805945611,13.7544436095763,14.5818809421475,15.8860245903029,17.0795713945784,19.5405323610768,20.4987630868313,22.548705551554,1,1,1,1,1,1,1,1,0.870967741935484,0.870967741935484,0.870967741935484,0.838709677419355,0.838709677419355,0.806451612903226,0.806451612903226,0.774193548387097,0,0,0,0,0,0,0,0,2323,3.108305,-1.64821357388441
"324",108,108,3,4.75881644010891,12.6279784607856,13.7567414758008,14.584178808372,15.8883224565274,17.0818692608029,19.5428302273013,20.5010609530558,22.5510034177785,1,1,1,1,1,1,1,1,0.9,0.9,0.9,0.866666666666667,0.866666666666667,0.833333333333333,0.833333333333333,0.8,0,0,0,0,0,0,0,0,2324,3.641807,-1.11700944010891
"325",109,109,1,4.76467598804583,12.6336647611102,13.7624029252587,14.5898220409547,15.8939369770601,17.0874575041878,19.5483642901253,20.506573919455,22.5564712526076,1,1,1,1,1,1,1,1,0.9,0.9,0.9,0.866666666666667,0.866666666666667,0.833333333333333,0.833333333333333,0.8,0,0,0,0,0,0,0,0,2325,3.630851,-1.13382498804583
"326",109,109,2,4.7645623732196,12.633551146284,13.7622893104324,14.5897084261285,15.8938233622339,17.0873438893615,19.5482506752991,20.5064603046288,22.5563576377814,1,1,1,1,1,1,1,1,0.870967741935484,0.870967741935484,0.870967741935484,0.838709677419355,0.838709677419355,0.806451612903226,0.806451612903226,0.774193548387097,0,0,0,0,0,0,0,0,2326,2.94326,-1.8213023732196
"327",109,109,3,4.75743198512327,12.6264207581877,13.7551589223361,14.5825780380321,15.8866929741375,17.0802135012652,19.5411202872027,20.4993299165325,22.549227249685,1,1,1,1,1,1,1,1,0.9,0.9,0.9,0.866666666666667,0.866666666666667,0.833333333333333,0.833333333333333,0.8,0,0,0,0,0,0,0,0,2327,3.83268,-0.924751985123265
"328",110,110,1,4.76813203066355,12.6368537907889,13.765553654248,14.5929446937049,15.8970153781826,17.0904954064059,19.5513186881001,20.5094958031669,22.5593235785749,1,1,1,1,1,1,1,1,0.870967741935484,0.870967741935484,0.870967741935484,0.838709677419355,0.838709677419355,0.806451612903226,0.806451612903226,0.774193548387097,0,0,0,0,0,0,0,0,2328,3.092363,-1.67576903066354
"329",110,110,2,4.76035492345487,12.6290766835802,13.7577765470393,14.5851675864963,15.8892382709739,17.0827182991972,19.5435415808914,20.5017186959583,22.5515464713662,1,1,1,1,1,1,1,1,0.870967741935484,0.870967741935484,0.870967741935484,0.838709677419355,0.838709677419355,0.806451612903226,0.806451612903226,0.774193548387097,0,0,0,0,0,0,0,0,2329,2.854593,-1.90576192345487
"330",110,110,3,4.75785712483482,12.6265788849602,13.7552787484192,14.5826697878762,15.8867404723539,17.0802205005772,19.5410437822713,20.4992208973382,22.5490486727461,1,1,1,1,1,1,1,1,1,1,1,0.962962962962963,0.962962962962963,0.925925925925926,0.925925925925926,0.888888888888889,0,0,0,0,0,0,0,0,2330,13.942752,9.18489487516518
"331",111,111,1,4.8249233252663,12.6410632634891,13.7622207208229,14.584082815477,15.8794391986272,17.0649439347762,19.5093230498731,20.4610972573329,22.4972272960177,1,1,1,1,1,1,1,1,0.870967741935484,0.870967741935484,0.870967741935484,0.838709677419355,0.838709677419355,0.806451612903226,0.806451612903226,0.774193548387097,0,0,0,0,0,0,0,0,2331,2.757005,-2.0679183252663
"332",111,111,2,4.7519114742538,12.5680514124766,13.6892088698104,14.5110709644645,15.8064273476147,16.9919320837637,19.4363111988606,20.3880854063204,22.4242154450052,1,1,1,1,1,1,1,1,0.870967741935484,0.870967741935484,0.870967741935484,0.838709677419355,0.838709677419355,0.806451612903226,0.806451612903226,0.774193548387097,0,0,0,0,0,0,0,0,2332,3.041763,-1.7101484742538
"333",111,111,3,4.75377015286245,12.5699100910853,13.691067548419,14.5129296430732,15.8082860262234,16.9937907623724,19.4381698774692,20.389944084929,22.4260741236139,1,1,1,1,1,1,1,1,0.9,0.9,0.9,0.866666666666667,0.866666666666667,0.833333333333333,0.833333333333333,0.8,0,0,0,0,0,0,0,0,2333,4.252783,-0.500987152862446
"334",112,112,1,4.76262062862329,12.5784762114771,13.6995928805004,14.5214250753701,15.8167343327594,17.0021959396094,19.4464861268811,20.3982257082841,22.4342816714645,1,1,1,1,1,1,1,1,0.931034482758621,0.931034482758621,0.931034482758621,0.896551724137931,0.896551724137931,0.862068965517241,0.862068965517241,0.827586206896552,0,0,0,0,0,0,0,0,2334,6.341767,1.57914637137671
"335",112,112,2,4.77523150475917,12.591087087613,13.7122037566363,14.534035951506,15.8293452088953,17.0148068157453,19.459097003017,20.41083658442,22.4468925476004,1,1,1,1,1,1,1,1,0.870967741935484,0.870967741935484,0.870967741935484,0.838709677419355,0.838709677419355,0.806451612903226,0.806451612903226,0.774193548387097,0,0,0,0,0,0,0,0,2335,2.883422,-1.89180950475917
"336",112,112,3,4.75435400620957,12.5702095890634,13.6913262580867,14.5131584529564,15.8084677103457,16.9939293171957,19.4382195044674,20.3899590858704,22.4260150490508,1,1,1,1,1,1,1,1,0.870967741935484,0.870967741935484,0.870967741935484,0.838709677419355,0.838709677419355,0.806451612903226,0.806451612903226,0.774193548387097,0,0,0,0,0,0,0,0,2336,2.805003,-1.94935100620957
"337",113,113,1,4.75602080743329,12.5720815126162,13.6932276046579,14.5150813680088,15.8104246199939,16.9959173385556,19.440271674722,20.3920362339457,22.4281456321643,1,1,1,1,1,1,1,1,0.9,0.9,0.9,0.866666666666667,0.866666666666667,0.833333333333333,0.833333333333333,0.8,0,0,0,0,0,0,0,0,2337,3.646231,-1.10978980743329
"338",113,113,2,4.76093019270825,12.5769908978912,13.6981369899328,14.5199907532837,15.8153340052688,17.0008267238306,19.4451810599969,20.3969456192206,22.4330550174392,1,1,1,1,1,1,1,1,0.870967741935484,0.870967741935484,0.870967741935484,0.838709677419355,0.838709677419355,0.806451612903226,0.806451612903226,0.774193548387097,0,0,0,0,0,0,0,0,2338,2.399323,-2.36160719270825
"339",113,113,3,4.75365326924109,12.569713974424,13.6908600664657,14.5127138298166,15.8080570818017,16.9935498003634,19.4379041365298,20.3896686957535,22.4257780939721,1,1,1,1,1,1,1,1,0.9,0.9,0.9,0.866666666666667,0.866666666666667,0.833333333333333,0.833333333333333,0.8,0,0,0,0,0,0,0,0,2339,3.213173,-1.54048026924109
"340",114,114,1,4.75872091916906,12.5746502404989,13.6957774866668,14.5176174350899,15.812938913039,16.9984117040941,19.4427249519548,20.3944735125189,22.4305486848137,1,1,1,1,1,1,1,1,0.9,0.9,0.9,0.866666666666667,0.866666666666667,0.833333333333333,0.833333333333333,0.8,0,0,0,0,0,0,0,0,2340,3.444122,-1.31459891916906
"341",114,114,2,4.76006884513298,12.5759981664628,13.6971254126307,14.5189653610538,15.8142868390029,16.999759630058,19.4440728779187,20.3958214384828,22.4318966107776,1,1,1,1,1,1,1,1,0.9,0.9,0.9,0.866666666666667,0.866666666666667,0.833333333333333,0.833333333333333,0.8,0,0,0,0,0,0,0,0,2341,3.349049,-1.41101984513298
"342",114,114,3,4.75951395481015,12.57544327614,13.6965705223079,14.518410470731,15.81373194868,16.9992047397352,19.4435179875959,20.39526654816,22.4313417204548,1,1,1,1,1,1,1,1,1,1,1,0.962962962962963,0.962962962962963,0.925925925925926,0.925925925925926,0.888888888888889,0,0,0,0,0,0,0,0,2342,15.413394,10.6538800451899
"343",115,115,1,4.83176468591732,12.6570919380423,13.7795672358416,14.6023953706521,15.8992743526556,17.0861725648976,19.5334248729521,20.4863178229724,22.5248411870019,1,1,1,1,1,1,1,1,0.9,0.9,0.9,0.866666666666667,0.866666666666667,0.833333333333333,0.833333333333333,0.8,0,0,0,0,0,0,0,0,2343,4.383939,-0.447825685917318
"344",115,115,2,4.77038896171143,12.5957162138364,13.7181915116357,14.5410196464462,15.8378986284497,17.0247968406917,19.4720491487462,20.4249420987665,22.463465462796,1,1,1,1,1,1,1,1,1,1,1,0.962962962962963,0.962962962962963,0.925925925925926,0.925925925925926,0.888888888888889,0,0,0,0,0,0,0,0,2344,13.314187,8.54379803828857
"345",115,115,3,4.82008320665265,12.6454104587777,13.7678857565769,14.5907138913874,15.8875928733909,17.0744910856329,19.5217433936874,20.4746363437078,22.5131597077372,0,0,0,0,0,0,0,0,0,0,0,0,0,0,0,0,0,0,0,0,0,0,0,0,2345,30.336685,25.5166017933473
"346",116,116,1,5.0472316627499,12.9319558931182,14.062951172088,14.8920248610136,16.1987476093155,17.3946547952423,19.8604826065842,20.8206083482818,22.8746048195693,1,1,1,1,1,1,1,1,0.9,0.9,0.9,0.866666666666667,0.866666666666667,0.833333333333333,0.833333333333333,0.8,1,1,1,1,1,1,1,1,2346,3.48077,-1.5664616627499
"347",116,116,2,4.77690322299485,12.6616274533631,13.7926227323329,14.6216964212585,15.9284191695604,17.1243263554872,19.5901541668291,20.5502799085267,22.6042763798142,1,1,1,1,1,1,1,1,0.9,0.9,0.9,0.866666666666667,0.866666666666667,0.833333333333333,0.833333333333333,0.8,1,1,1,1,1,1,1,1,2347,3.232311,-1.54459222299485
"348",116,116,3,4.7744022643117,12.65912649468,13.7901217736498,14.6191954625754,15.9259182108772,17.1218253968041,19.587653208146,20.5477789498436,22.6017754211311,1,1,1,1,1,1,1,1,0.9,0.9,0.9,0.866666666666667,0.866666666666667,0.833333333333333,0.833333333333333,0.8,0,0,0,0,0,0,0,0,2348,3.164054,-1.6103482643117
"349",117,117,1,4.7636534135482,12.630706589808,13.7591671093891,14.5863826983242,15.8901768510639,17.083403798599,19.5437052560186,20.5016791870204,22.5510722908695,1,1,1,1,1,1,1,1,0.870967741935484,0.870967741935484,0.870967741935484,0.838709677419355,0.838709677419355,0.806451612903226,0.806451612903226,0.774193548387097,0,0,0,0,0,0,0,0,2349,2.599566,-2.1640874135482
"350",117,117,2,4.75746026502335,12.6245134412832,13.7529739608642,14.5801895497994,15.8839837025391,17.0772106500741,19.5375121074938,20.4954860384955,22.5448791423447,1,1,1,1,1,1,1,1,0.870967741935484,0.870967741935484,0.870967741935484,0.838709677419355,0.838709677419355,0.806451612903226,0.806451612903226,0.774193548387097,0,0,0,0,0,0,0,0,2350,2.766632,-1.99082826502335
"351",117,117,3,4.75929319070371,12.6263463669635,13.7548068865446,14.5820224754797,15.8858166282194,17.0790435757545,19.5393450331741,20.4973189641759,22.546712068025,1,1,1,1,1,1,1,1,0.870967741935484,0.870967741935484,0.870967741935484,0.838709677419355,0.838709677419355,0.806451612903226,0.806451612903226,0.774193548387097,0,0,0,0,0,0,0,0,2351,2.976882,-1.78241119070371
"352",118,118,1,4.7586477189156,12.626060348741,13.7545724288172,14.5818258140639,15.8856795384687,17.0789610057421,19.5393748768078,20.4973925786012,22.5468793212807,1,1,1,1,1,1,1,1,0.9,0.9,0.9,0.866666666666667,0.866666666666667,0.833333333333333,0.833333333333333,0.8,0,0,0,0,0,0,0,0,2352,4.278251,-0.480396718915598
"353",118,118,2,4.77317323676132,12.6405858665867,13.7690979466629,14.5963513319096,15.9002050563144,17.0934865235878,19.5539003946535,20.5119180964469,22.5614048391264,1,1,1,1,1,1,1,1,0.870967741935484,0.870967741935484,0.870967741935484,0.838709677419355,0.838709677419355,0.806451612903226,0.806451612903226,0.774193548387097,0,0,0,0,0,0,0,0,2353,2.902473,-1.87070023676132
"354",118,118,3,4.75781718640915,12.6252298162345,13.7537418963107,14.5809952815574,15.8848490059622,17.0781304732356,19.5385443443013,20.4965620460947,22.5460487887743,1,1,1,1,1,1,1,1,0.964285714285714,0.964285714285714,0.964285714285714,0.928571428571429,0.928571428571429,0.892857142857143,0.892857142857143,0.857142857142857,0,0,0,0,0,0,0,0,2354,10.033535,5.27571781359085
"355",119,119,1,4.83989713403451,12.7096258705042,13.8384701759828,14.6659670983556,15.9702046674139,17.1638374277063,19.624975625966,20.5832753609092,22.6333654569509,1,1,1,1,1,1,1,1,0.870967741935484,0.870967741935484,0.870967741935484,0.838709677419355,0.838709677419355,0.806451612903226,0.806451612903226,0.774193548387097,0,0,0,0,0,0,0,0,2355,2.882532,-1.95736513403451
"356",119,119,2,4.76236385155742,12.6320925880271,13.7609368935057,14.5884338158785,15.8926713849368,17.0863041452292,19.547442343489,20.5057420784321,22.5558321744739,1,1,1,1,1,1,1,1,0.870967741935484,0.870967741935484,0.870967741935484,0.838709677419355,0.838709677419355,0.806451612903226,0.806451612903226,0.774193548387097,0,0,0,0,0,0,0,0,2356,2.681016,-2.08134785155742
"357",119,119,3,4.76017895568314,12.6299076921528,13.7587519976314,14.5862489200043,15.8904864890625,17.0841192493549,19.5452574476147,20.5035571825578,22.5536472785996,1,1,1,1,1,1,1,1,0.9,0.9,0.9,0.866666666666667,0.866666666666667,0.833333333333333,0.833333333333333,0.8,0,0,0,0,0,0,0,0,2357,3.138759,-1.62141995568314
"358",120,120,1,4.75782576547528,12.621618337615,13.7496111518257,14.5764838903317,15.8797376683605,17.0724700672235,19.5317518202012,20.4893287062515,22.5378724120543,1,1,1,1,1,1,1,1,0.9,0.9,0.9,0.866666666666667,0.866666666666667,0.833333333333333,0.833333333333333,0.8,0,0,0,0,0,0,0,0,2358,3.30753,-1.45029576547528
"359",120,120,2,4.7597093588684,12.6235019310082,13.7514947452188,14.5783674837248,15.8816212617536,17.0743536606166,19.5336354135943,20.4912122996446,22.5397560054475,1,1,1,1,1,1,1,1,0.870967741935484,0.870967741935484,0.870967741935484,0.838709677419355,0.838709677419355,0.806451612903226,0.806451612903226,0.774193548387097,0,0,0,0,0,0,0,0,2359,2.973131,-1.7865783588684
"360",120,120,3,4.75597724999267,12.6197698221324,13.7477626363431,14.5746353748491,15.8778891528779,17.0706215517409,19.5299033047186,20.4874801907689,22.5360238965717,0,0,0,1,1,1,1,1,0,0,0,1,1,0.961538461538462,0.961538461538462,0.923076923076923,0,0,0,0,0,0,0,0,2360,17.987351,13.2313737500073
"361",121,121,1,4.89863494721965,12.6878884827377,13.8051893188836,14.6242243255609,15.9151248681505,17.0965516376822,19.5325224384741,20.4810226788827,22.510148721655,1,1,1,1,1,1,1,1,0.9,0.9,0.9,0.866666666666667,0.866666666666667,0.833333333333333,0.833333333333333,0.8,1,1,1,0,0,0,0,0,2361,3.422274,-1.47636094721965
"362",121,121,2,4.75278683374525,12.5420403692633,13.6593412054092,14.4783762120865,15.7692767546761,16.9507035242078,19.3866743249997,20.3351745654083,22.3643006081806,1,1,1,1,1,1,1,1,0.9,0.9,0.9,0.866666666666667,0.866666666666667,0.833333333333333,0.833333333333333,0.8,1,1,1,0,0,0,0,0,2362,3.175596,-1.57719083374525
"363",121,121,3,4.75031671148392,12.539570247002,13.6568710831478,14.4759060898251,15.7668066324148,16.9482334019465,19.3842042027384,20.332704443147,22.3618304859193,1,1,1,1,1,1,1,1,0.931034482758621,0.931034482758621,0.931034482758621,0.896551724137931,0.896551724137931,0.862068965517241,0.862068965517241,0.827586206896552,0,0,0,0,0,0,0,0,2363,6.316306,1.56598928851608
"364",122,122,1,4.77988791856891,12.5689890267212,13.686267998484,14.5052869775217,15.7961622585676,16.9775659088403,19.4134890402874,20.3619707195602,22.3910570545047,1,1,1,1,1,1,1,1,0.9,0.9,0.9,0.866666666666667,0.866666666666667,0.833333333333333,0.833333333333333,0.8,0,0,0,0,0,0,0,0,2364,3.809379,-0.970508918568913
"365",122,122,2,4.75601506278372,12.545116170936,13.6623951426988,14.4814141217365,15.7722894027824,16.9536930530551,19.3896161845022,20.338097863775,22.3671841987195,1,1,1,1,1,1,1,1,0.870967741935484,0.870967741935484,0.870967741935484,0.838709677419355,0.838709677419355,0.806451612903226,0.806451612903226,0.774193548387097,0,0,0,0,0,0,0,0,2365,3.027001,-1.72901406278372
"366",122,122,3,4.74856466747364,12.537665775626,13.6549447473888,14.4739637264265,15.7648390074724,16.946242657745,19.3821657891922,20.3306474684649,22.3597338034095,0,0,0,1,1,1,1,1,0,0,0,1,1,0.961538461538462,0.961538461538462,0.923076923076923,0,0,0,0,0,0,0,0,2366,18.241276,13.4927113325264
"367",123,123,1,4.89268531003244,12.6975514365123,13.8170917633689,14.6377684239588,15.9312564163024,17.1150512090111,19.5559046106241,20.5063060019213,22.5394991757442,1,1,1,1,1,1,1,1,0.870967741935484,0.870967741935484,0.870967741935484,0.838709677419355,0.838709677419355,0.806451612903226,0.806451612903226,0.774193548387097,1,1,1,0,0,0,0,0,2367,2.930761,-1.96192431003244
"368",123,123,2,4.75648996426615,12.561356090746,13.6808964176026,14.5015730781925,15.7950610705361,16.9788558632448,19.4197092648578,20.370110656155,22.4033038299779,1,1,1,1,1,1,1,1,0.9,0.9,0.9,0.866666666666667,0.866666666666667,0.833333333333333,0.833333333333333,0.8,1,1,1,0,0,0,0,0,2368,3.483379,-1.27311096426615
"369",123,123,3,4.76140580149218,12.5662719279721,13.6858122548286,14.5064889154185,15.7999769077621,16.9837717004709,19.4246251020838,20.375026493381,22.408219667204,1,1,1,1,1,1,1,1,0.9,0.9,0.9,0.866666666666667,0.866666666666667,0.833333333333333,0.833333333333333,0.8,0,0,0,0,0,0,0,0,2369,3.223009,-1.53839680149218
"370",124,124,1,4.75250980228081,12.5486532497919,13.6669423840328,14.4867018605312,15.7787442572266,16.9612160468531,19.3993415630306,20.3486807905323,22.3796016779317,1,1,1,1,1,1,1,1,0.9,0.9,0.9,0.866666666666667,0.866666666666667,0.833333333333333,0.833333333333333,0.8,0,0,0,0,0,0,0,0,2370,3.560902,-1.19160780228081
"371",124,124,2,4.75551471866077,12.5516581661718,13.6699473004127,14.4897067769111,15.7817491736065,16.964220963233,19.4023464794105,20.3516857069123,22.3826065943117,1,1,1,1,1,1,1,1,0.870967741935484,0.870967741935484,0.870967741935484,0.838709677419355,0.838709677419355,0.806451612903226,0.806451612903226,0.774193548387097,0,0,0,0,0,0,0,0,2371,2.893785,-1.86172971866077
"372",124,124,3,4.74958198018839,12.5457254276995,13.6640145619404,14.4837740384387,15.7758164351342,16.9582882247607,19.3964137409381,20.3457529684399,22.3766738558393,1,1,1,1,1,1,1,1,0.9,0.9,0.9,0.866666666666667,0.866666666666667,0.833333333333333,0.833333333333333,0.8,0,0,0,0,0,0,0,0,2372,3.918641,-0.830940980188388
"373",125,125,1,4.75871588938199,12.5548820002355,13.6731743853363,14.4929362448705,15.7849823975255,16.9674576245904,19.4055902283842,20.3549322156095,22.3858590068838,1,1,1,1,1,1,1,1,0.9,0.9,0.9,0.866666666666667,0.866666666666667,0.833333333333333,0.833333333333333,0.8,0,0,0,0,0,0,0,0,2373,3.23089,-1.52782588938199
"374",125,125,2,4.75259964373714,12.5487657545907,13.6670581396914,14.4868199992257,15.7788661518807,16.9613413789456,19.3994739827394,20.3488159699646,22.3797427612389,1,1,1,1,1,1,1,1,0.870967741935484,0.870967741935484,0.870967741935484,0.838709677419355,0.838709677419355,0.806451612903226,0.806451612903226,0.774193548387097,0,0,0,0,0,0,0,0,2374,2.883541,-1.86905864373714
"375",125,125,3,4.74951063069537,12.5456767415489,13.6639691266496,14.4837309861839,15.7757771388389,16.9582523659038,19.3963849696976,20.3457269569229,22.3766537481971,1,1,1,1,1,1,1,1,0.9,0.9,0.9,0.866666666666667,0.866666666666667,0.833333333333333,0.833333333333333,0.8,0,0,0,0,0,0,0,0,2375,3.218997,-1.53051363069537
"376",126,126,1,4.75111371274245,12.5477258897079,13.666082259122,14.4858910222215,15.7780111007004,16.9605539843698,19.3988260885688,20.3482223934269,22.3792653863834,1,1,1,1,1,1,1,1,0.9,0.9,0.9,0.866666666666667,0.866666666666667,0.833333333333333,0.833333333333333,0.8,0,0,0,0,0,0,0,0,2376,3.501785,-1.24932871274245
"377",126,126,2,4.75369700390764,12.550309180873,13.6686655502872,14.4884743133867,15.7805943918656,16.963137275535,19.4014093797339,20.3508056845921,22.3818486775486,1,1,1,1,1,1,1,1,0.9,0.9,0.9,0.866666666666667,0.866666666666667,0.833333333333333,0.833333333333333,0.8,0,0,0,0,0,0,0,0,2377,3.209832,-1.54386500390764
"378",126,126,3,4.75102998972899,12.5476421666944,13.6659985361086,14.485807299208,15.777927377687,16.9604702613564,19.3987423655553,20.3481386704135,22.37918166337,1,1,1,1,1,1,1,1,0.964285714285714,0.964285714285714,0.964285714285714,0.928571428571429,0.928571428571429,0.892857142857143,0.892857142857143,0.857142857142857,0,0,0,0,0,0,0,0,2378,11.368277,6.61724701027101
"379",127,127,1,4.82507675381304,12.6252646677234,13.7441339455774,14.5643186951201,15.8570313747695,17.040116604548,19.479506966196,20.4293386898445,22.4613131739798,1,1,1,1,1,1,1,1,0.870967741935484,0.870967741935484,0.870967741935484,0.838709677419355,0.838709677419355,0.806451612903226,0.806451612903226,0.774193548387097,0,0,0,0,0,0,0,0,2379,3.11947,-1.70560675381304
"380",127,127,2,4.75492987541343,12.5551177893237,13.6739870671778,14.4941718167205,15.7868844963699,16.9699697261484,19.4093600877964,20.3591918114449,22.3911662955801,1,1,1,1,1,1,1,1,0.870967741935484,0.870967741935484,0.870967741935484,0.838709677419355,0.838709677419355,0.806451612903226,0.806451612903226,0.774193548387097,0,0,0,0,0,0,0,0,2380,2.67141,-2.08351987541343
"381",127,127,3,4.75111962620579,12.5513075401161,13.6701768179701,14.4903615675129,15.7830742471623,16.9661594769408,19.4055498385888,20.3553815622373,22.3873560463725,1,1,1,1,1,1,1,1,0.9,0.9,0.9,0.866666666666667,0.866666666666667,0.833333333333333,0.833333333333333,0.8,0,0,0,0,0,0,0,0,2381,4.742739,-0.0083806262057875
"382",128,128,1,4.76352365227936,12.5578436139082,13.6758711849208,14.4954389230497,15.7871791163435,16.9693743306826,19.4069295793313,20.3560467602929,22.3864926236511,1,1,1,1,1,1,1,1,0.9,0.9,0.9,0.866666666666667,0.866666666666667,0.833333333333333,0.833333333333333,0.8,0,0,0,0,0,0,0,0,2382,3.148651,-1.61487265227936
"383",128,128,2,4.74861278250749,12.5429327441363,13.6609603151489,14.4805280532779,15.7722682465716,16.9544634609107,19.3920187095594,20.3411358905211,22.3715817538793,1,1,1,1,1,1,1,1,0.9,0.9,0.9,0.866666666666667,0.866666666666667,0.833333333333333,0.833333333333333,0.8,0,0,0,0,0,0,0,0,2383,4.061392,-0.687220782507486
"384",128,128,3,4.75715043048329,12.5514703921121,13.6694979631247,14.4890657012537,15.7808058945474,16.9630011088865,19.4005563575352,20.3496735384969,22.3801194018551,1,1,1,1,1,1,1,1,0.9,0.9,0.9,0.866666666666667,0.866666666666667,0.833333333333333,0.833333333333333,0.8,0,0,0,0,0,0,0,0,2384,3.414619,-1.34253143048329
"385",129,129,1,4.75079604829668,12.5451784186017,13.6632149415974,14.4827892419586,15.7745397781426,16.9567444582515,19.3943192242663,20.3434440047551,22.3739061257778,1,1,1,1,1,1,1,1,0.870967741935484,0.870967741935484,0.870967741935484,0.838709677419355,0.838709677419355,0.806451612903226,0.806451612903226,0.774193548387097,0,0,0,0,0,0,0,0,2385,2.654751,-2.09604504829668
"386",129,129,2,4.74400855143317,12.5383909217382,13.6564274447339,14.4760017450951,15.7677522812791,16.949956961388,19.3875317274028,20.3366565078916,22.3671186289143,1,1,1,1,1,1,1,1,0.870967741935484,0.870967741935484,0.870967741935484,0.838709677419355,0.838709677419355,0.806451612903226,0.806451612903226,0.774193548387097,0,0,0,0,0,0,0,0,2386,2.770717,-1.97329155143317
"387",129,129,3,4.74504441405836,12.5394267843634,13.6574633073591,14.4770376077203,15.7687881439042,16.9509928240131,19.3885675900279,20.3376923705168,22.3681544915394,1,1,1,1,1,1,1,1,0.870967741935484,0.870967741935484,0.870967741935484,0.838709677419355,0.838709677419355,0.806451612903226,0.806451612903226,0.774193548387097,0,0,0,0,0,0,0,0,2387,2.79438,-1.95066441405836
"388",130,130,1,4.74525264356974,12.5401028687459,13.6582065014635,14.4778299964639,15.7696580694881,16.9519337109884,19.389654791512,20.338836542859,22.369420541607,1,1,1,1,1,1,1,1,0.870967741935484,0.870967741935484,0.870967741935484,0.838709677419355,0.838709677419355,0.806451612903226,0.806451612903226,0.774193548387097,0,0,0,0,0,0,0,0,2388,2.796255,-1.94899764356974
"389",130,130,2,4.74527030877463,12.5401205339508,13.6582241666684,14.4778476616688,15.769675734693,16.9519513761933,19.3896724567169,20.3388542080639,22.3694382068119,1,1,1,1,1,1,1,1,0.9,0.9,0.9,0.866666666666667,0.866666666666667,0.833333333333333,0.833333333333333,0.8,0,0,0,0,0,0,0,0,2389,3.270678,-1.47459230877463
"390",130,130,3,4.74974005784121,12.5445902830174,13.662693915735,14.4823174107354,15.7741454837596,16.9564211252599,19.3941422057835,20.3433239571305,22.3739079558785,1,1,1,1,1,1,1,1,0.964285714285714,0.964285714285714,0.964285714285714,0.928571428571429,0.928571428571429,0.892857142857143,0.892857142857143,0.857142857142857,0,0,0,0,0,0,0,0,2390,10.195918,5.44617794215879
"391",131,131,1,4.81392119280344,12.6114946218535,13.7299888745389,14.5498987126777,15.8421780979287,17.0248667784887,19.4634394996851,20.4129528565597,22.4442462588308,1,1,1,1,1,1,1,1,0.870967741935484,0.870967741935484,0.870967741935484,0.838709677419355,0.838709677419355,0.806451612903226,0.806451612903226,0.774193548387097,0,0,0,0,0,0,0,0,2391,2.672639,-2.14128219280344
"392",131,131,2,4.74508038175904,12.5426538108091,13.6611480634945,14.4810579016333,15.7733372868844,16.9560259674443,19.3945986886407,20.3441120455153,22.3754054477864,1,1,1,1,1,1,1,1,0.9,0.9,0.9,0.866666666666667,0.866666666666667,0.833333333333333,0.833333333333333,0.8,0,0,0,0,0,0,0,0,2392,3.957333,-0.787747381759039
"393",131,131,3,4.75683581139336,12.5544092404434,13.6729034931288,14.4928133312677,15.7850927165187,16.9677813970786,19.406354118275,20.3558674751497,22.3871608774208,1,1,1,1,1,1,1,1,0.870967741935484,0.870967741935484,0.870967741935484,0.838709677419355,0.838709677419355,0.806451612903226,0.806451612903226,0.774193548387097,0,0,0,0,0,0,0,0,2393,2.945277,-1.81155881139336
"394",132,132,1,4.74396357191264,12.537942178496,13.6559207850891,14.4754526299543,15.7671362510218,16.9492796906964,19.3867281857365,20.3358037997699,22.3661607390214,1,1,1,1,1,1,1,1,0.870967741935484,0.870967741935484,0.870967741935484,0.838709677419355,0.838709677419355,0.806451612903226,0.806451612903226,0.774193548387097,0,0,0,0,0,0,0,0,2394,2.880023,-1.86394057191264
"395",132,132,2,4.74335352506191,12.5373321316453,13.6553107382384,14.4748425831036,15.7665262041711,16.9486696438457,19.3861181388858,20.3351937529192,22.3655506921707,1,1,1,1,1,1,1,1,0.9,0.9,0.9,0.866666666666667,0.866666666666667,0.833333333333333,0.833333333333333,0.8,0,0,0,0,0,0,0,0,2395,3.336226,-1.40712752506191
"396",132,132,3,4.74761847745473,12.5415970840381,13.6595756906312,14.4791075354964,15.7707911565639,16.9529345962385,19.3903830912786,20.339458705312,22.3698156445635,1,1,1,1,1,1,1,1,0.870967741935484,0.870967741935484,0.870967741935484,0.838709677419355,0.838709677419355,0.806451612903226,0.806451612903226,0.774193548387097,0,0,0,0,0,0,0,0,2396,2.605891,-2.14172747745473
"397",133,133,1,4.7402493870127,12.5345556050705,13.6525812046871,14.4721474976884,15.7638854132821,16.9460785430797,19.3836294936352,20.3327450010371,22.3631872841501,1,1,1,1,1,1,1,1,0.870967741935484,0.870967741935484,0.870967741935484,0.838709677419355,0.838709677419355,0.806451612903226,0.806451612903226,0.774193548387097,0,0,0,0,0,0,0,0,2397,2.73388,-2.0063693870127
"398",133,133,2,4.74145448456261,12.5357607026204,13.653786302237,14.4733525952383,15.765090510832,16.9472836406296,19.3848345911851,20.3339500985871,22.3643923817,1,1,1,1,1,1,1,1,0.870967741935484,0.870967741935484,0.870967741935484,0.838709677419355,0.838709677419355,0.806451612903226,0.806451612903226,0.774193548387097,0,0,0,0,0,0,0,0,2398,2.935123,-1.80633148456261
"399",133,133,3,4.74334931494832,12.5376555330061,13.6556811326227,14.475247425624,15.7669853412177,16.9491784710153,19.3867294215708,20.3358449289728,22.3662872120857,1,1,1,1,1,1,1,1,0.9,0.9,0.9,0.866666666666667,0.866666666666667,0.833333333333333,0.833333333333333,0.8,0,0,0,0,0,0,0,0,2399,3.227873,-1.51547631494832
"400",134,134,1,4.74381468457698,12.5386530793104,13.6567550150536,14.4763772660906,15.7682033784744,16.9504772256048,19.3881946063371,20.3373749170867,22.3679558339656,1,1,1,1,1,1,1,1,0.870967741935484,0.870967741935484,0.870967741935484,0.838709677419355,0.838709677419355,0.806451612903226,0.806451612903226,0.774193548387097,0,0,0,0,0,0,0,0,2400,2.769928,-1.97388668457698
"401",134,134,2,4.73953647367533,12.5343748684087,13.6524768041519,14.4720990551889,15.7639251675727,16.9461990147032,19.3839163954354,20.333096706185,22.363677623064,1,1,1,1,1,1,1,1,0.9,0.9,0.9,0.866666666666667,0.866666666666667,0.833333333333333,0.833333333333333,0.8,0,0,0,0,0,0,0,0,2401,3.213861,-1.52567547367533
"402",134,134,3,4.74368378175862,12.538522176492,13.6566241122352,14.4762463632722,15.768072475656,16.9503463227865,19.3880637035187,20.3372440142683,22.3678249311473,0,0,0,1,1,1,1,1,0,0,0,1,1,0.961538461538462,0.961538461538462,0.923076923076923,0,0,0,0,0,0,0,0,2402,15.883149,11.1394652182414
"403",135,135,1,4.8656512970056,12.6709853280011,13.7905927717007,14.6113186321499,15.9048841695612,17.0887499311912,19.5297496628385,20.480208031039,22.5135230955199,1,1,1,1,1,1,1,1,0.9,0.9,0.9,0.866666666666667,0.866666666666667,0.833333333333333,0.833333333333333,0.8,1,1,1,0,0,0,0,0,2403,3.67826,-1.1873912970056
"404",135,135,2,4.75406125135421,12.5593952823497,13.6790027260493,14.4997285864985,15.7932941239098,16.9771598855398,19.4181596171871,20.3686179853876,22.4019330498685,1,1,1,1,1,1,1,1,0.870967741935484,0.870967741935484,0.870967741935484,0.838709677419355,0.838709677419355,0.806451612903226,0.806451612903226,0.774193548387097,1,1,1,0,0,0,0,0,2404,2.606338,-2.14772325135421
"405",135,135,3,4.74426060303084,12.5495946340264,13.6692020777259,14.4899279381751,15.7834934755865,16.9673592372164,19.4083589688637,20.3588173370642,22.3921324015451,1,1,1,1,1,1,1,1,0.9,0.9,0.9,0.866666666666667,0.866666666666667,0.833333333333333,0.833333333333333,0.8,0,0,0,0,0,0,0,0,2405,4.093109,-0.65115160303084
"406",136,136,1,4.75482175448417,12.5575269449187,13.676757304249,14.4972067438015,15.7903366076671,16.9738036426929,19.4139812443611,20.3641194976889,22.3967497405985,1,1,1,1,1,1,1,1,0.9,0.9,0.9,0.866666666666667,0.866666666666667,0.833333333333333,0.833333333333333,0.8,0,0,0,0,0,0,0,0,2406,3.254692,-1.50012975448417
"407",136,136,2,4.74716027187347,12.549865462308,13.6690958216383,14.4895452611908,15.7826751250564,16.9661421600822,19.4063197617504,20.3564580150782,22.3890882579879,1,1,1,1,1,1,1,1,0.870967741935484,0.870967741935484,0.870967741935484,0.838709677419355,0.838709677419355,0.806451612903226,0.806451612903226,0.774193548387097,0,0,0,0,0,0,0,0,2407,2.763729,-1.98343127187347
"408",136,136,3,4.74267383554525,12.5453790259798,13.66460938531,14.4850588248626,15.7781886887282,16.9616557237539,19.4018333254222,20.35197157875,22.3846018216596,1,1,1,1,1,1,1,1,0.9,0.9,0.9,0.866666666666667,0.866666666666667,0.833333333333333,0.833333333333333,0.8,0,0,0,0,0,0,0,0,2408,3.210694,-1.53197983554525
"409",137,137,1,4.7462391117214,12.549165727601,13.6684278484901,14.488900570786,15.7820671311369,16.9655677506321,19.405814599747,20.3559798161319,22.3886677410948,1,1,1,1,1,1,1,1,0.870967741935484,0.870967741935484,0.870967741935484,0.838709677419355,0.838709677419355,0.806451612903226,0.806451612903226,0.774193548387097,0,0,0,0,0,0,0,0,2409,2.735073,-2.0111661117214
"410",137,137,2,4.7418934768179,12.5448200926975,13.6640822135866,14.4845549358825,15.7777214962334,16.9612221157286,19.4014689648435,20.3516341812284,22.3843221061913,1,1,1,1,1,1,1,1,0.870967741935484,0.870967741935484,0.870967741935484,0.838709677419355,0.838709677419355,0.806451612903226,0.806451612903226,0.774193548387097,0,0,0,0,0,0,0,0,2410,3.078699,-1.6631944768179
"411",137,137,3,4.74503310509199,12.5479597209716,13.6672218418607,14.4876945641566,15.7808611245074,16.9643617440027,19.4046085931176,20.3547738095025,22.3874617344654,1,1,1,1,1,1,1,1,0.9,0.9,0.9,0.866666666666667,0.866666666666667,0.833333333333333,0.833333333333333,0.8,0,0,0,0,0,0,0,0,2411,3.856218,-0.888815105091991
"412",138,138,1,4.75077780626772,12.5540931704023,13.6734110538557,14.4939246527809,15.7871556397589,16.9707152222335,19.4110836464639,20.3612962008654,22.3940853960212,1,1,1,1,1,1,1,1,0.9,0.9,0.9,0.866666666666667,0.866666666666667,0.833333333333333,0.833333333333333,0.8,0,0,0,0,0,0,0,0,2412,4.590801,-0.159976806267718
"413",138,138,2,4.75773889448174,12.5610542586164,13.6803721420697,14.500885740995,15.7941167279729,16.9776763104475,19.4180447346779,20.3682572890794,22.4010464842353,1,1,1,1,1,1,1,1,0.870967741935484,0.870967741935484,0.870967741935484,0.838709677419355,0.838709677419355,0.806451612903226,0.806451612903226,0.774193548387097,0,0,0,0,0,0,0,0,2413,2.91495,-1.84278889448174
"414",138,138,3,4.74185812043094,12.5451734845656,13.6644913680189,14.4850049669442,15.7782359539221,16.9617955363967,19.4021639606271,20.3523765150286,22.3851657101845,0,0,0,0,0,1,1,1,0,0,0,0,0,1,1,0.96,0,0,0,0,0,0,0,0,2414,18.844703,14.1028448795691
"415",139,139,1,4.88582598930364,12.7057564110314,13.8274575803358,14.6497182418961,15.9457028158211,17.1317824695359,19.5773470008086,20.5295827768256,22.566700248871,1,1,1,1,1,1,1,1,0.870967741935484,0.870967741935484,0.870967741935484,0.838709677419355,0.838709677419355,0.806451612903226,0.806451612903226,0.774193548387097,1,1,1,1,1,0,0,0,2415,3.062445,-1.82338098930364
"416",139,139,2,4.75202406851681,12.5719544902446,13.693655659549,14.5159163211093,15.8119008950343,16.9979805487491,19.4435450800218,20.3957808560388,22.4328983280842,1,1,1,1,1,1,1,1,0.870967741935484,0.870967741935484,0.870967741935484,0.838709677419355,0.838709677419355,0.806451612903226,0.806451612903226,0.774193548387097,1,1,1,1,1,0,0,0,2416,2.719558,-2.03246606851681
"417",139,139,3,4.7491170738895,12.5690474956173,13.6907486649217,14.513009326482,15.8089939004069,16.9950735541218,19.4406380853945,20.3928738614115,22.4299913334569,1,1,1,1,1,1,1,1,0.9,0.9,0.9,0.866666666666667,0.866666666666667,0.833333333333333,0.833333333333333,0.8,0,0,0,0,0,0,0,0,2417,6.202838,1.4537209261105
"418",140,140,1,4.77651484381378,12.594857410617,13.7163308159095,14.5384245155442,15.8341459368097,17.0199847543127,19.4650527080617,20.4170951304061,22.4537989610461,1,1,1,1,1,1,1,1,0.870967741935484,0.870967741935484,0.870967741935484,0.838709677419355,0.838709677419355,0.806451612903226,0.806451612903226,0.774193548387097,0,0,0,0,0,0,0,0,2418,2.959494,-1.81702084381378
"419",140,140,2,4.74878742528622,12.5671299920894,13.6886033973819,14.5106970970167,15.8064185182821,16.9922573357852,19.4373252895341,20.3893677118786,22.4260715425185,1,1,1,1,1,1,1,1,0.870967741935484,0.870967741935484,0.870967741935484,0.838709677419355,0.838709677419355,0.806451612903226,0.806451612903226,0.774193548387097,0,0,0,0,0,0,0,0,2419,2.920769,-1.82801842528622
"420",140,140,3,4.74845636441741,12.5667989312206,13.6882723365131,14.5103660361479,15.8060874574133,16.9919262749164,19.4369942286653,20.3890366510098,22.4257404816497,1,1,1,1,1,1,1,1,0.9,0.9,0.9,0.866666666666667,0.866666666666667,0.833333333333333,0.833333333333333,0.8,0,0,0,0,0,0,0,0,2420,3.240972,-1.50748436441741
"421",141,141,1,4.75327445211221,12.5719194881719,13.6934362800548,14.5155617841376,15.8113333331497,16.9972180273564,19.4423805737738,20.3944598279098,22.4312424527811,1,1,1,1,1,1,1,1,0.964285714285714,0.964285714285714,0.964285714285714,0.928571428571429,0.928571428571429,0.892857142857143,0.892857142857143,0.857142857142857,0,0,0,0,0,0,0,0,2421,10.79021,6.03693554788779
"422",141,141,2,4.81546388490159,12.6341089209612,13.7556257128442,14.577751216927,15.873522765939,17.0594074601458,19.5045700065632,20.4566492606992,22.4934318855705,1,1,1,1,1,1,1,1,0.870967741935484,0.870967741935484,0.870967741935484,0.838709677419355,0.838709677419355,0.806451612903226,0.806451612903226,0.774193548387097,0,0,0,0,0,0,0,0,2422,3.002741,-1.81272288490159
"423",141,141,3,4.7513119426824,12.5699569787421,13.691473770625,14.5135992747078,15.8093708237198,16.9952555179266,19.440418064344,20.39249731848,22.4292799433513,1,1,1,1,1,1,1,1,0.9,0.9,0.9,0.866666666666667,0.866666666666667,0.833333333333333,0.833333333333333,0.8,0,0,0,0,0,0,0,0,2423,3.635899,-1.1154129426824
"424",142,142,1,4.75609032270605,12.5735585580495,13.6949065480803,14.5169083123236,15.8124848320332,16.9981910362393,19.4429855560968,20.3949215107809,22.4313975752136,1,1,1,1,1,1,1,1,0.9,0.9,0.9,0.866666666666667,0.866666666666667,0.833333333333333,0.833333333333333,0.8,0,0,0,0,0,0,0,0,2424,3.492927,-1.26316332270605
"425",142,142,2,4.7548905625339,12.5723587978774,13.6937067879081,14.5157085521514,15.811285071861,16.9969912760672,19.4417857959247,20.3937217506087,22.4301978150415,1,1,1,1,1,1,1,1,0.870967741935484,0.870967741935484,0.870967741935484,0.838709677419355,0.838709677419355,0.806451612903226,0.806451612903226,0.774193548387097,0,0,0,0,0,0,0,0,2425,2.905411,-1.8494795625339
"426",142,142,3,4.74996037832088,12.5674286136644,13.6887766036951,14.5107783679384,15.806354887648,16.9920610918542,19.4368556117116,20.3887915663957,22.4252676308284,1,1,1,1,1,1,1,1,0.964285714285714,0.964285714285714,0.964285714285714,0.928571428571429,0.928571428571429,0.892857142857143,0.892857142857143,0.857142857142857,0,0,0,0,0,0,0,0,2426,11.537121,6.78716062167912
"427",143,143,1,4.8257199163548,12.5714109018798,13.6824630682,14.4969175007232,15.7805984915078,16.9554179574672,19.3777652320371,20.3209608448645,22.3387387007691,1,1,1,1,1,1,1,1,0.870967741935484,0.870967741935484,0.870967741935484,0.838709677419355,0.838709677419355,0.806451612903226,0.806451612903226,0.774193548387097,0,0,0,0,0,0,0,0,2427,2.664365,-2.1613549163548
"428",143,143,2,4.73095275457712,12.4766437401021,13.5876959064223,14.4021503389455,15.6858313297301,16.8606507956895,19.2829980702594,20.2261936830868,22.2439715389914,1,1,1,1,1,1,1,1,0.903225806451613,0.870967741935484,0.870967741935484,0.838709677419355,0.838709677419355,0.806451612903226,0.806451612903226,0.774193548387097,0,0,0,0,0,0,0,0,2428,3.104639,-1.62631375457712
"429",143,143,3,4.7356551849589,12.4813461704839,13.5923983368041,14.4068527693273,15.6905337601119,16.8653532260713,19.2877005006412,20.2308961134686,22.2486739693732,1,1,1,1,1,1,1,1,0.903225806451613,0.870967741935484,0.870967741935484,0.838709677419355,0.838709677419355,0.806451612903226,0.806451612903226,0.774193548387097,0,0,0,0,0,0,0,0,2429,3.070962,-1.6646931849589
"430",144,144,1,4.73230734496208,12.4784458145915,13.5895621686239,14.4040636538133,15.6878188054235,16.8627061430598,19.2851933614905,20.2284434646203,22.2463378915989,1,1,1,1,1,1,1,1,1,0.964285714285714,0.964285714285714,0.928571428571429,0.928571428571429,0.892857142857143,0.892857142857143,0.857142857142857,0,0,0,0,0,0,0,0,2430,9.682046,4.94973865503792
"431",144,144,2,4.80156504681128,12.5477035164407,13.6588198704731,14.4733213556625,15.7570765072727,16.931963844909,19.3544510633397,20.2977011664695,22.3155955934481,1,1,1,1,1,1,1,1,0.9,0.9,0.9,0.866666666666667,0.866666666666667,0.833333333333333,0.833333333333333,0.8,0,0,0,0,0,0,0,0,2431,3.16099,-1.64057504681128
"432",144,144,3,4.7332504780976,12.479388947727,13.5905053017594,14.4050067869488,15.688761938559,16.8636492761953,19.286136494626,20.2293865977558,22.2472810247344,1,1,1,1,1,1,1,1,0.933333333333333,0.9,0.9,0.866666666666667,0.866666666666667,0.833333333333333,0.833333333333333,0.8,0,0,0,0,0,0,0,0,2432,4.929387,0.1961365219024
"433",145,145,1,4.75439041199627,12.5025757359587,13.6139856934856,14.4287024040935,15.7127967776019,16.8879945696985,19.3111219107501,20.2546212600777,22.2730488993101,1,1,1,1,1,1,1,1,0.870967741935484,0.870967741935484,0.870967741935484,0.838709677419355,0.838709677419355,0.806451612903226,0.806451612903226,0.774193548387097,0,0,0,0,0,0,0,0,2433,2.945611,-1.80877941199627
"434",145,145,2,4.73505389069137,12.4832392146538,13.5946491721807,14.4093658827886,15.693460256297,16.8686580483936,19.2917853894452,20.2352847387728,22.2537123780052,1,1,1,1,1,1,1,1,0.933333333333333,0.9,0.9,0.866666666666667,0.866666666666667,0.833333333333333,0.833333333333333,0.8,0,0,0,0,0,0,0,0,2434,3.186674,-1.54837989069137
"435",145,145,3,4.7374036115446,12.485588935507,13.5969988930339,14.4117156036419,15.6958099771502,16.8710077692468,19.2941351102985,20.237634459626,22.2560620988584,1,1,1,1,1,1,1,1,0.933333333333333,0.9,0.9,0.866666666666667,0.866666666666667,0.833333333333333,0.833333333333333,0.8,0,0,0,0,0,0,0,0,2435,3.23727,-1.5001336115446
"436",146,146,1,4.73851298432927,12.4866512003892,13.5980544006962,14.4127661579384,15.6968527243294,16.8720433713848,19.2951559801551,20.2386495931362,22.2570649606057,1,1,1,1,1,1,1,1,0.933333333333333,0.9,0.9,0.866666666666667,0.866666666666667,0.833333333333333,0.833333333333333,0.8,0,0,0,0,0,0,0,0,2436,3.510355,-1.22815798432927
"437",146,146,2,4.74122298214678,12.4893611982067,13.6007643985137,14.415476155756,15.6995627221469,16.8747533692023,19.2978659779726,20.2413595909537,22.2597749584232,1,1,1,1,1,1,1,1,0.933333333333333,0.9,0.9,0.866666666666667,0.866666666666667,0.833333333333333,0.833333333333333,0.8,0,0,0,0,0,0,0,0,2437,3.333507,-1.40771598214678
"438",146,146,3,4.73946800587921,12.4876062219391,13.5990094222461,14.4137211794884,15.6978077458793,16.8729983929348,19.296111001705,20.2396046146861,22.2580199821557,1,1,1,1,1,1,1,1,0.96551724137931,0.931034482758621,0.931034482758621,0.896551724137931,0.896551724137931,0.862068965517241,0.862068965517241,0.827586206896552,0,0,0,0,0,0,0,0,2438,8.866111,4.12664299412079
"439",147,147,1,4.79515840114543,12.5447737626793,13.6563888466881,14.4712559248282,15.7555872961783,16.931001987707,19.3545765513009,20.2982500368244,22.3170502055252,1,1,1,1,1,1,1,1,0.9,0.9,0.9,0.866666666666667,0.866666666666667,0.833333333333333,0.833333333333333,0.8,0,0,0,0,0,0,0,0,2439,3.373189,-1.42196940114543
"440",147,147,2,4.74253611900395,12.4921514805378,13.6037665645466,14.4186336426868,15.7029650140368,16.8783797055656,19.3019542691594,20.245627754683,22.2644279233837,1,1,1,1,1,1,1,1,0.903225806451613,0.870967741935484,0.870967741935484,0.838709677419355,0.838709677419355,0.806451612903226,0.806451612903226,0.774193548387097,0,0,0,0,0,0,0,0,2440,3.098565,-1.64397111900395
"441",147,147,3,4.73990521661524,12.4895205781491,13.6011356621579,14.416002740298,15.7003341116481,16.8757488031769,19.2993233667707,20.2429968522943,22.261797020995,0,0,0,0,0,0,0,0,0,0,0,0,0,0,0,0,0,0,0,0,0,0,0,0,2441,35.535542,30.7956367833848
"442",148,148,1,5.04325315519575,12.8736768557136,13.9968831948154,14.8202472179012,16.1179708261536,17.3056420368009,19.7544881817251,20.7080017281227,22.7478527336408,1,1,1,1,1,1,1,1,0.870967741935484,0.870967741935484,0.870967741935484,0.838709677419355,0.838709677419355,0.806451612903226,0.806451612903226,0.774193548387097,1,1,1,1,1,1,1,1,2442,2.978688,-2.06456515519575
"443",148,148,2,4.75424689858624,12.5846705991041,13.7078769382058,14.5312409612917,15.8289645695441,17.0166357801914,19.4654819251156,20.4189954715132,22.4588464770313,1,1,1,1,1,1,1,1,0.870967741935484,0.870967741935484,0.870967741935484,0.838709677419355,0.838709677419355,0.806451612903226,0.806451612903226,0.774193548387097,1,1,1,1,1,1,1,1,2443,2.928663,-1.82558389858624
"444",148,148,3,4.75380282809997,12.5842265286178,13.7074328677196,14.5307968908054,15.8285204990579,17.0161917097051,19.4650378546293,20.4185514010269,22.458402406545,1,1,1,1,1,1,1,1,0.9,0.9,0.9,0.866666666666667,0.866666666666667,0.833333333333333,0.833333333333333,0.8,0,0,0,0,0,0,0,0,2444,3.588769,-1.16503382809997
"445",149,149,1,4.75999347018033,12.590536379086,13.7137598175968,14.537136375368,15.8348797398361,17.0225690312892,19.4714524568271,20.4249805192735,22.4648625789669,1,1,1,1,1,1,1,1,0.870967741935484,0.870967741935484,0.870967741935484,0.838709677419355,0.838709677419355,0.806451612903226,0.806451612903226,0.774193548387097,0,0,0,0,0,0,0,0,2445,2.938512,-1.82148147018033
"446",149,149,2,4.75526877066437,12.5858116795701,13.7090351180808,14.5324116758521,15.8301550403202,17.0178443317732,19.4667277573111,20.4202558197576,22.4601378794509,1,1,1,1,1,1,1,1,0.9,0.9,0.9,0.866666666666667,0.866666666666667,0.833333333333333,0.833333333333333,0.8,0,0,0,0,0,0,0,0,2446,3.363252,-1.39201677066437
"447",149,149,3,4.75835488718816,12.5888977960939,13.7121212346046,14.5354977923759,15.833241156844,17.020930448297,19.4698138738349,20.4233419362814,22.4632239959747,1,1,1,1,1,1,1,1,0.870967741935484,0.870967741935484,0.870967741935484,0.838709677419355,0.838709677419355,0.806451612903226,0.806451612903226,0.774193548387097,0,0,0,0,0,0,0,0,2447,2.603296,-2.15505888718816
"448",150,150,1,4.75086501356766,12.5818264898843,13.7051099682585,14.5285305381242,15.8263432711005,17.0140960483217,19.4631103744635,20.416689406016,22.4566805038901,1,1,1,1,1,1,1,1,0.870967741935484,0.870967741935484,0.870967741935484,0.838709677419355,0.838709677419355,0.806451612903226,0.806451612903226,0.774193548387097,0,0,0,0,0,0,0,0,2448,2.925936,-1.82492901356766
"449",150,150,2,4.75338541238652,12.5843468887032,13.7076303670773,14.531050936943,15.8288636699194,17.0166164471406,19.4656307732823,20.4192098048349,22.4592009027089,1,1,1,1,1,1,1,1,0.9,0.9,0.9,0.866666666666667,0.866666666666667,0.833333333333333,0.833333333333333,0.8,0,0,0,0,0,0,0,0,2449,3.704873,-1.04851241238652
"450",150,150,3,4.75947031163884,12.5904317879555,13.7137152663297,14.5371358361954,15.8349485691717,17.0227013463929,19.4717156725346,20.4252947040872,22.4652858019612,0,0,0,1,1,1,1,1,0,0,0,1,1,0.961538461538462,0.961538461538462,0.923076923076923,0,0,0,0,0,0,0,0,2450,16.242663,11.4831926883612
"451",151,151,1,4.8582418900389,12.6995454638052,13.8243124263251,14.6488204610955,15.9483471733573,17.1376685772415,19.5899172373654,20.5447556298917,22.5874408780044,1,1,1,1,1,1,1,1,0.9,0.9,0.9,0.866666666666667,0.866666666666667,0.833333333333333,0.833333333333333,0.8,1,1,1,0,0,0,0,0,2451,3.462114,-1.3961278900389
"452",151,151,2,4.76282689409679,12.6041304678631,13.728897430383,14.5534054651534,15.8529321774152,17.0422535812994,19.4945022414233,20.4493406339496,22.4920258820623,1,1,1,1,1,1,1,1,0.9,0.9,0.9,0.866666666666667,0.866666666666667,0.833333333333333,0.833333333333333,0.8,1,1,1,0,0,0,0,0,2452,3.330592,-1.43223489409679
"453",151,151,3,4.76184499800639,12.6031485717727,13.7279155342926,14.552423569063,15.8519502813248,17.041271685209,19.4935203453329,20.4483587378592,22.4910439859719,1,1,1,1,1,1,1,1,0.9,0.9,0.9,0.866666666666667,0.866666666666667,0.833333333333333,0.833333333333333,0.8,0,0,0,0,0,0,0,0,2453,4.565809,-0.196035998006391
"454",152,152,1,4.76488484085146,12.5926203811003,13.7154411269354,14.5385224916954,15.8358005954417,17.0230640822309,19.4710695458378,20.4242557539803,22.4634064849491,1,1,1,1,1,1,1,1,0.870967741935484,0.870967741935484,0.870967741935484,0.838709677419355,0.838709677419355,0.806451612903226,0.806451612903226,0.774193548387097,0,0,0,0,0,0,0,0,2454,2.952393,-1.81249184085146
"455",152,152,2,4.75208576375474,12.5798213040036,13.7026420498387,14.5257234145987,15.823001518345,17.0102650051342,19.4582704687411,20.4114566768836,22.4506074078524,1,1,1,1,1,1,1,1,0.9,0.9,0.9,0.866666666666667,0.866666666666667,0.833333333333333,0.833333333333333,0.8,0,0,0,0,0,0,0,0,2455,3.367588,-1.38449776375474
"456",152,152,3,4.75537946656615,12.583115006815,13.7059357526501,14.5290171174101,15.8262952211564,17.0135587079456,19.4615641715525,20.414750379695,22.4539011106638,1,1,1,1,1,1,1,1,0.870967741935484,0.870967741935484,0.870967741935484,0.838709677419355,0.838709677419355,0.806451612903226,0.806451612903226,0.774193548387097,0,0,0,0,0,0,0,0,2456,2.881706,-1.87367346656615
"457",153,153,1,4.75021720739643,12.5781844355071,13.7010384149557,14.5241441415456,15.821460642551,17.008759270351,19.4568371908196,20.4100516116774,22.4492626980926,1,1,1,1,1,1,1,1,0.870967741935484,0.870967741935484,0.870967741935484,0.838709677419355,0.838709677419355,0.806451612903226,0.806451612903226,0.774193548387097,0,0,0,0,0,0,0,0,2457,2.751484,-1.99873320739643
"458",153,153,2,4.7491511774765,12.5771184055872,13.6999723850358,14.5230781116257,15.8203946126311,17.0076932404311,19.4557711608997,20.4089855817575,22.4481966681727,1,1,1,1,1,1,1,1,0.870967741935484,0.870967741935484,0.870967741935484,0.838709677419355,0.838709677419355,0.806451612903226,0.806451612903226,0.774193548387097,0,0,0,0,0,0,0,0,2458,2.773471,-1.97568017747651
"459",153,153,3,4.74933116856748,12.5772983966782,13.7001523761268,14.5232581027167,15.8205746037221,17.0078732315221,19.4559511519907,20.4091655728485,22.4483766592637,1,1,1,1,1,1,1,1,0.9,0.9,0.9,0.866666666666667,0.866666666666667,0.833333333333333,0.833333333333333,0.8,0,0,0,0,0,0,0,0,2459,5.639182,0.889850831432517
"460",154,154,1,4.77353829771472,12.6016440658296,13.7245179176397,14.5476382116221,15.844977672641,17.0322973133492,19.480418560101,20.4336498510256,22.4728970275654,1,1,1,1,1,1,1,1,0.870967741935484,0.870967741935484,0.870967741935484,0.838709677419355,0.838709677419355,0.806451612903226,0.806451612903226,0.774193548387097,0,0,0,0,0,0,0,0,2460,2.721991,-2.05154729771472
"461",154,154,2,4.75039691137218,12.578502679487,13.7013765312972,14.5244968252795,15.8218362862985,17.0091559270067,19.4572771737585,20.4105084646831,22.4497556412229,1,1,1,1,1,1,1,1,0.9,0.9,0.9,0.866666666666667,0.866666666666667,0.833333333333333,0.833333333333333,0.8,0,0,0,0,0,0,0,0,2461,3.543019,-1.20737791137218
"462",154,154,3,4.75690993233859,12.5850157004535,13.7078895522636,14.5310098462459,15.8283493072649,17.0156689479731,19.4637901947249,20.4170214856495,22.4562686621893,1,1,1,1,1,1,1,1,0.964285714285714,0.964285714285714,0.964285714285714,0.928571428571429,0.928571428571429,0.892857142857143,0.892857142857143,0.857142857142857,0,0,0,0,0,0,0,0,2462,10.983124,6.22621406766141
"463",155,155,1,4.81851700494831,12.6500343756012,13.7733975921947,14.5968766139928,15.8947814744492,17.0826185663544,19.5318067400112,20.4854534630196,22.5255893731878,1,1,1,1,1,1,1,1,0.870967741935484,0.870967741935484,0.870967741935484,0.838709677419355,0.838709677419355,0.806451612903226,0.806451612903226,0.774193548387097,0,0,0,0,0,0,0,0,2463,2.5085,-2.31001700494831
"464",155,155,2,4.75337197252869,12.5848893431816,13.7082525597751,14.5317315815732,15.8296364420296,17.0174735339348,19.4666617075916,20.4203084306,22.4604443407682,1,1,1,1,1,1,1,1,0.870967741935484,0.870967741935484,0.870967741935484,0.838709677419355,0.838709677419355,0.806451612903226,0.806451612903226,0.774193548387097,0,0,0,0,0,0,0,0,2464,2.888863,-1.86450897252869
"465",155,155,3,4.75629584973743,12.5878132203904,13.7111764369838,14.5346554587819,15.8325603192384,17.0203974111435,19.4695855848003,20.4232323078087,22.4633682179769,1,1,1,1,1,1,1,1,0.870967741935484,0.870967741935484,0.870967741935484,0.838709677419355,0.838709677419355,0.806451612903226,0.806451612903226,0.774193548387097,0,0,0,0,0,0,0,0,2465,2.840771,-1.91552484973743
"466",156,156,1,4.74907779044872,12.5735224055607,13.6958710967386,14.518606422834,15.8153391268156,17.0021034660247,19.449079742752,20.4018652137417,22.4401586479401,1,1,1,1,1,1,1,1,0.870967741935484,0.870967741935484,0.870967741935484,0.838709677419355,0.838709677419355,0.806451612903226,0.806451612903226,0.774193548387097,0,0,0,0,0,0,0,0,2466,2.742623,-2.00645479044872
"467",156,156,2,4.74833864932393,12.5727832644359,13.6951319556138,14.5178672817092,15.8145999856909,17.0013643249,19.4483406016272,20.4011260726169,22.4394195068153,1,1,1,1,1,1,1,1,0.9,0.9,0.9,0.866666666666667,0.866666666666667,0.833333333333333,0.833333333333333,0.8,0,0,0,0,0,0,0,0,2467,3.50827,-1.24006864932393
"468",156,156,3,4.75410464745707,12.578549262569,13.7008979537469,14.5236332798424,15.820365983824,17.0071303230331,19.4541065997603,20.4068920707501,22.4451855049485,1,1,1,1,1,1,1,1,0.870967741935484,0.870967741935484,0.870967741935484,0.838709677419355,0.838709677419355,0.806451612903226,0.806451612903226,0.774193548387097,0,0,0,0,0,0,0,0,2468,2.856133,-1.89797164745707
"469",157,157,1,4.74668624031884,12.5715025531222,13.6939045611089,14.5166789709778,15.8134732758239,17.0002939918862,19.447386511424,20.400217244177,22.4386075068407,1,1,1,1,1,1,1,1,0.9,0.9,0.9,0.866666666666667,0.866666666666667,0.833333333333333,0.833333333333333,0.8,0,0,0,0,0,0,0,0,2469,4.214646,-0.532040240318837
"470",157,157,2,4.75732602342404,12.5821423362274,13.7045443442141,14.527318754083,15.8241130589292,17.0109337749914,19.4580262945292,20.4108570272822,22.4492472899459,1,1,1,1,1,1,1,1,0.9,0.9,0.9,0.866666666666667,0.866666666666667,0.833333333333333,0.833333333333333,0.8,0,0,0,0,0,0,0,0,2470,3.169756,-1.58757002342404
"471",157,157,3,4.74914251471356,12.5739588275169,13.6963608355036,14.5191352453725,15.8159295502187,17.0027502662809,19.4498427858187,20.4026735185717,22.4410637812354,1,1,1,1,1,1,1,1,0.870967741935484,0.870967741935484,0.870967741935484,0.838709677419355,0.838709677419355,0.806451612903226,0.806451612903226,0.774193548387097,0,0,0,0,0,0,0,0,2471,2.739962,-2.00918051471356
"472",158,158,1,4.74583159606291,12.5706250906326,13.6930238255416,14.515795836088,15.8125863593047,16.9994036144356,19.4464889979171,20.3993169520856,22.4377012705247,1,1,1,1,1,1,1,1,0.870967741935484,0.870967741935484,0.870967741935484,0.838709677419355,0.838709677419355,0.806451612903226,0.806451612903226,0.774193548387097,0,0,0,0,0,0,0,0,2472,2.857901,-1.88793059606291
"473",158,158,2,4.74675530003159,12.5715487946013,13.6939475295103,14.5167195400567,15.8135100632734,17.0003273184043,19.4474127018858,20.4002406560542,22.4386249744934,1,1,1,1,1,1,1,1,0.9,0.9,0.9,0.866666666666667,0.866666666666667,0.833333333333333,0.833333333333333,0.8,0,0,0,0,0,0,0,0,2473,4.15687,-0.589885300031586
"474",158,158,3,4.75692888824661,12.5817223828163,13.7041211177253,14.5268931282717,15.8236836514884,17.0105009066193,19.4575862901008,20.4104142442693,22.4487985627084,1,1,1,1,1,1,1,1,0.964285714285714,0.964285714285714,0.964285714285714,0.928571428571429,0.928571428571429,0.892857142857143,0.892857142857143,0.857142857142857,0,0,0,0,0,0,0,0,2474,9.417206,4.66027711175339
"475",159,159,1,4.79914891767333,12.6212210669069,13.7432294484393,14.5657153112713,15.8620548302737,17.0484593282367,19.494693652275,20.4471902272305,22.4848656263018,1,1,1,1,1,1,1,1,0.9,0.9,0.9,0.866666666666667,0.866666666666667,0.833333333333333,0.833333333333333,0.8,0,0,0,0,0,0,0,0,2475,3.232219,-1.56692991767333
"476",159,159,2,4.74685283681499,12.5689249860486,13.690933367581,14.513419230413,15.8097587494154,16.9961632473784,19.4423975714167,20.3948941463722,22.4325695454434,1,1,1,1,1,1,1,1,0.9,0.9,0.9,0.866666666666667,0.866666666666667,0.833333333333333,0.833333333333333,0.8,0,0,0,0,0,0,0,0,2476,3.238243,-1.50860983681499
"477",159,159,3,4.7469037716983,12.5689759209319,13.6909843024643,14.5134701652963,15.8098096842987,16.9962141822617,19.4424485063,20.3949450812555,22.4326204803267,1,1,1,1,1,1,1,1,0.870967741935484,0.870967741935484,0.870967741935484,0.838709677419355,0.838709677419355,0.806451612903226,0.806451612903226,0.774193548387097,0,0,0,0,0,0,0,0,2477,2.923077,-1.8238267716983
"478",160,160,1,4.74044732763103,12.5552846151445,13.6762552185365,14.4979803403052,15.7931208372348,16.9784279952189,19.4223997260809,20.3740153092893,22.4098060032004,1,1,1,1,1,1,1,1,0.9,0.9,0.9,0.866666666666667,0.866666666666667,0.833333333333333,0.833333333333333,0.8,0,0,0,0,0,0,0,0,2478,4.833009,0.0925616723689666
"479",160,160,2,4.7565413362227,12.5713786237362,13.6923492271282,14.5140743488969,15.8092148458264,16.9945220038106,19.4384937346725,20.390109317881,22.4259000117921,1,1,1,1,1,1,1,1,0.9,0.9,0.9,0.866666666666667,0.866666666666667,0.833333333333333,0.833333333333333,0.8,0,0,0,0,0,0,0,0,2479,3.482985,-1.2735563362227
"480",160,160,3,4.74516538259977,12.5600026701133,13.6809732735052,14.5026983952739,15.7978388922035,16.9831460501876,19.4271177810496,20.3787333642581,22.4145240581691,1,1,1,1,1,1,1,1,0.870967741935484,0.870967741935484,0.870967741935484,0.838709677419355,0.838709677419355,0.806451612903226,0.806451612903226,0.774193548387097,0,0,0,0,0,0,0,0,2480,2.763929,-1.98123638259977
"481",161,161,1,4.73835099516416,12.5532722906845,13.6742549442962,14.4959888994528,15.7911433188951,16.9764632187046,19.4204612217955,20.3720870346895,22.4078996129613,1,1,1,1,1,1,1,1,0.9,0.9,0.9,0.866666666666667,0.866666666666667,0.833333333333333,0.833333333333333,0.8,0,0,0,0,0,0,0,0,2481,3.133537,-1.60481399516416
"482",161,161,2,4.7415040839977,12.556425379518,13.6774080331297,14.4991419882864,15.7942964077287,16.9796163075382,19.423614310629,20.3752401235231,22.4110527017949,1,1,1,1,1,1,1,1,0.870967741935484,0.870967741935484,0.870967741935484,0.838709677419355,0.838709677419355,0.806451612903226,0.806451612903226,0.774193548387097,0,0,0,0,0,0,0,0,2482,2.821815,-1.9196890839977
"483",161,161,3,4.73884481483315,12.5537661103535,13.6747487639652,14.4964827191218,15.7916371385641,16.9769570383736,19.4209550414645,20.3725808543585,22.4083934326303,1,1,1,1,1,1,1,1,0.870967741935484,0.870967741935484,0.870967741935484,0.838709677419355,0.838709677419355,0.806451612903226,0.806451612903226,0.774193548387097,0,0,0,0,0,0,0,0,2483,2.646722,-2.09212281483315
"484",162,162,1,4.73899154000177,12.5541451483584,13.6751611252308,14.496919507933,15.7921124282104,16.977467563823,19.4215382192268,20.3731923209396,22.4090654174657,1,1,1,1,1,1,1,1,0.870967741935484,0.870967741935484,0.870967741935484,0.838709677419355,0.838709677419355,0.806451612903226,0.806451612903226,0.774193548387097,0,0,0,0,0,0,0,0,2484,3.024771,-1.71422054000177
"485",162,162,2,4.74210103437572,12.5572546427324,13.6782706196047,14.5000290023069,15.7952219225844,16.9805770581969,19.4246477136008,20.3763018153135,22.4121749118397,1,1,1,1,1,1,1,1,0.870967741935484,0.870967741935484,0.870967741935484,0.838709677419355,0.838709677419355,0.806451612903226,0.806451612903226,0.774193548387097,0,0,0,0,0,0,0,0,2485,2.887084,-1.85501703437572
"486",162,162,3,4.74096854374126,12.5561221520979,13.6771381289703,14.4988965116724,15.7940894319499,16.9794445675625,19.4235152229663,20.3751693246791,22.4110424212052,1,1,1,1,1,1,1,1,1,1,1,0.962962962962963,0.962962962962963,0.925925925925926,0.925925925925926,0.888888888888889,0,0,0,0,0,0,0,0,2486,13.77653,9.03556145625874
"487",163,163,1,4.83484829853578,12.6572796572145,13.7793395642251,14.6018631976995,15.8982622479093,17.084721228584,19.5310678899233,20.4836082059439,22.5213771802513,1,1,1,1,1,1,1,1,0.9,0.9,0.9,0.866666666666667,0.866666666666667,0.833333333333333,0.833333333333333,0.8,0,0,0,0,0,0,0,0,2487,3.178833,-1.65601529853578
"488",163,163,2,4.7460897854404,12.5685211441191,13.6905810511297,14.5131046846042,15.8095037348139,16.9959627154886,19.4423093768279,20.3948496928485,22.4326186671559,1,1,1,1,1,1,1,1,0.9,0.9,0.9,0.866666666666667,0.866666666666667,0.833333333333333,0.833333333333333,0.8,0,0,0,0,0,0,0,0,2488,3.198229,-1.5478607854404
"489",163,163,3,4.74625223206631,12.568683590745,13.6907434977556,14.5132671312301,15.8096661814398,16.9961251621145,19.4424718234538,20.3950121394744,22.4327811137818,1,1,1,1,1,1,1,1,0.9,0.9,0.9,0.866666666666667,0.866666666666667,0.833333333333333,0.833333333333333,0.8,0,0,0,0,0,0,0,0,2489,3.868643,-0.877609232066306
"490",164,164,1,4.74539751910087,12.5634555634031,13.6848881564114,14.506951938688,15.8026262064939,16.9884218693484,19.4334008430043,20.3854086189401,22.4220383305372,1,1,1,1,1,1,1,1,0.870967741935484,0.870967741935484,0.870967741935484,0.838709677419355,0.838709677419355,0.806451612903226,0.806451612903226,0.774193548387097,0,0,0,0,0,0,0,0,2490,2.90281,-1.84258751910087
"491",164,164,2,4.73694772509878,12.555005769401,13.6764383624094,14.4985021446859,15.7941764124918,16.9799720753463,19.4249510490022,20.376958824938,22.4135885365351,1,1,1,1,1,1,1,1,0.870967741935484,0.870967741935484,0.870967741935484,0.838709677419355,0.838709677419355,0.806451612903226,0.806451612903226,0.774193548387097,0,0,0,0,0,0,0,0,2491,3.024001,-1.71294672509878
"492",164,164,3,4.73800799016004,12.5560660344622,13.6774986274706,14.4995624097471,15.7952366775531,16.9810323404075,19.4260113140634,20.3780190899993,22.4146488015964,1,1,1,1,1,1,1,1,0.9,0.9,0.9,0.866666666666667,0.866666666666667,0.833333333333333,0.833333333333333,0.8,0,0,0,0,0,0,0,0,2492,3.218898,-1.51910999016004
"493",165,165,1,4.73048251698586,12.5295376793554,13.6482444738292,14.468310115275,15.7608350658215,16.9437484867113,19.3827845975103,20.3324783855911,22.3641577842421,1,1,1,1,1,1,1,1,0.870967741935484,0.870967741935484,0.870967741935484,0.838709677419355,0.838709677419355,0.806451612903226,0.806451612903226,0.774193548387097,0,0,0,0,0,0,0,0,2493,3.108792,-1.62169051698586
"494",165,165,2,4.72940325568744,12.528458418057,13.6471652125308,14.4672308539766,15.7597558045231,16.9426692254129,19.3817053362119,20.3313991242926,22.3630785229437,1,1,1,1,1,1,1,1,0.9,0.9,0.9,0.866666666666667,0.866666666666667,0.833333333333333,0.833333333333333,0.8,0,0,0,0,0,0,0,0,2494,3.195328,-1.53407525568744
"495",165,165,3,4.73025148335641,12.529306645726,13.6480134401998,14.4680790816455,15.760604032192,16.9435174530818,19.3825535638809,20.3322473519616,22.3639267506126,1,1,1,1,1,1,1,1,0.870967741935484,0.870967741935484,0.870967741935484,0.838709677419355,0.838709677419355,0.806451612903226,0.806451612903226,0.774193548387097,0,0,0,0,0,0,0,0,2495,2.575182,-2.15506948335641
"496",166,166,1,4.7214107801091,12.520849451734,13.639611257283,14.4597172244806,15.7523057334033,16.9352773226527,19.3744333701496,20.324173858292,22.3559531623594,1,1,1,1,1,1,1,1,0.9,0.9,0.9,0.866666666666667,0.866666666666667,0.833333333333333,0.833333333333333,0.8,0,0,0,0,0,0,0,0,2496,3.41633,-1.3050807801091
"497",166,166,2,4.72997776626235,12.5294164378873,13.6481782434363,14.4682842106339,15.7608727195565,16.9438443088059,19.3830003563028,20.3327408444453,22.3645201485127,1,1,1,1,1,1,1,1,0.9,0.9,0.9,0.866666666666667,0.866666666666667,0.833333333333333,0.833333333333333,0.8,0,0,0,0,0,0,0,0,2497,3.287713,-1.44226476626235
"498",166,166,3,4.72866781836011,12.528106489985,13.646868295534,14.4669742627316,15.7595627716543,16.9425343609037,19.3816904084006,20.3314308965431,22.3632102006104,1,1,1,1,1,1,1,1,1,1,1,0.962962962962963,0.962962962962963,0.925925925925926,0.925925925925926,0.888888888888889,0,0,0,0,0,0,0,0,2498,13.540289,8.81162118163989
"499",167,167,1,4.83417978276429,12.6403584042782,13.7600869971595,14.5809016657593,15.8746071758078,17.0586010398089,19.4998649043198,20.4504261186154,22.4839612016909,1,1,1,1,1,1,1,1,0.870967741935484,0.870967741935484,0.870967741935484,0.838709677419355,0.838709677419355,0.806451612903226,0.806451612903226,0.774193548387097,0,0,0,0,0,0,0,0,2499,3.075458,-1.75872178276429
"500",167,167,2,4.73164108042865,12.5378197019426,13.6575482948239,14.4783629634237,15.7720684734721,16.9560623374733,19.3973262019842,20.3478874162798,22.3814224993553,1,1,1,1,1,1,1,1,0.870967741935484,0.870967741935484,0.870967741935484,0.838709677419355,0.838709677419355,0.806451612903226,0.806451612903226,0.774193548387097,0,0,0,0,0,0,0,0,2500,2.938209,-1.79343208042865
"501",167,167,3,4.73029625848582,12.5364748799997,13.656203472881,14.4770181414808,15.7707236515293,16.9547175155304,19.3959813800413,20.3465425943369,22.3800776774124,1,1,1,1,1,1,1,1,0.870967741935484,0.870967741935484,0.870967741935484,0.838709677419355,0.838709677419355,0.806451612903226,0.806451612903226,0.774193548387097,0,0,0,0,0,0,0,0,2501,2.39965,-2.33064625848582
"502",168,168,1,4.72374268890413,12.5015416652006,13.6171994442117,14.4350300113435,15.7240322081357,16.903721619545,19.3361101808229,20.2832155953825,22.3093576879831,1,1,1,1,1,1,1,1,0.870967741935484,0.870967741935484,0.870967741935484,0.838709677419355,0.838709677419355,0.806451612903226,0.806451612903226,0.774193548387097,0,0,0,0,0,0,0,0,2502,3.091622,-1.63212068890413
"503",168,168,2,4.72788823328508,12.5056872095816,13.6213449885927,14.4391755557244,15.7281777525167,16.9078671639259,19.3402557252038,20.2873611397635,22.313503232364,1,1,1,1,1,1,1,1,0.870967741935484,0.870967741935484,0.870967741935484,0.838709677419355,0.838709677419355,0.806451612903226,0.806451612903226,0.774193548387097,0,0,0,0,0,0,0,0,2503,2.800239,-1.92764923328508
"504",168,168,3,4.72614258294322,12.5039415592397,13.6195993382508,14.4374299053826,15.7264321021748,16.9061215135841,19.338510074862,20.2856154894216,22.3117575820222,1,1,1,1,1,1,1,1,0.870967741935484,0.870967741935484,0.870967741935484,0.838709677419355,0.838709677419355,0.806451612903226,0.806451612903226,0.774193548387097,0,0,0,0,0,0,0,0,2504,2.703621,-2.02252158294322
"505",169,169,1,4.71451601864667,12.4822054269237,13.5964130761182,14.4131806286654,15.7005073829031,16.8786634363042,19.3078903836493,20.2537647524286,22.2772732694681,1,1,1,1,1,1,1,1,0.903225806451613,0.870967741935484,0.870967741935484,0.838709677419355,0.838709677419355,0.806451612903226,0.806451612903226,0.774193548387097,0,0,0,0,0,0,0,0,2505,3.057508,-1.65700801864667
"506",169,169,2,4.71686121182403,12.484550620101,13.5987582692955,14.4155258218428,15.7028525760805,16.8810086294815,19.3102355768266,20.2561099456059,22.2796184626455,1,1,1,1,1,1,1,1,0.903225806451613,0.870967741935484,0.870967741935484,0.838709677419355,0.838709677419355,0.806451612903226,0.806451612903226,0.774193548387097,0,0,0,0,0,0,0,0,2506,2.949459,-1.76740221182403
"507",169,169,3,4.7161451759775,12.4838345842545,13.598042233449,14.4148097859963,15.702136540234,16.880292593635,19.3095195409801,20.2553939097594,22.2789024267989,1,1,1,1,1,1,1,1,0.933333333333333,0.9,0.9,0.866666666666667,0.866666666666667,0.833333333333333,0.833333333333333,0.8,0,0,0,0,0,0,0,0,2507,3.167418,-1.5487271759775
"508",170,170,1,4.71694136010814,12.4849473695052,13.5992004323833,14.416001275335,15.7033804993705,16.8815845729107,19.31091053245,20.256823453863,22.2804144465306,1,1,1,1,1,1,1,1,0.933333333333333,0.9,0.9,0.866666666666667,0.866666666666667,0.833333333333333,0.833333333333333,0.8,0,0,0,0,0,0,0,0,2508,3.390929,-1.32601236010814
"509",170,170,2,4.71848553971729,12.4864915491143,13.6007446119925,14.4175454549442,15.7049246789796,16.8831287525198,19.3124547120591,20.2583676334721,22.2819586261398,1,1,1,1,1,1,1,1,0.933333333333333,0.9,0.9,0.866666666666667,0.866666666666667,0.833333333333333,0.833333333333333,0.8,0,0,0,0,0,0,0,0,2509,6.10136,1.38287446028271
"510",170,170,3,4.73721120548857,12.5052172148856,13.6194702777637,14.4362711207155,15.7236503447509,16.9018544182911,19.3311803778304,20.2770932992434,22.300684291911,0,0,0,1,1,1,1,1,0,0,0,1,1,0.961538461538462,0.961538461538462,0.923076923076923,0,0,0,0,0,0,0,0,2510,17.351169,12.6139577945114
"511",171,171,1,4.82201553592934,12.603342998339,13.7195069080682,14.5377084932486,15.8272954604065,17.007520051205,19.4410120929517,20.3885471725506,22.4156084473335,1,1,1,1,1,1,1,1,0.9,0.9,0.9,0.866666666666667,0.866666666666667,0.833333333333333,0.833333333333333,0.8,1,1,1,0,0,0,0,0,2511,3.150484,-1.67153153592934
"512",171,171,2,4.72499905543696,12.5063265178467,13.6224904275758,14.4406920127562,15.7302789799141,16.9105035707126,19.3439956124593,20.2915306920582,22.3185919668412,1,1,1,1,1,1,1,1,0.870967741935484,0.870967741935484,0.870967741935484,0.838709677419355,0.838709677419355,0.806451612903226,0.806451612903226,0.774193548387097,1,1,1,0,0,0,0,0,2512,3.071928,-1.65307105543696
"513",171,171,3,4.72446237522459,12.5057898376343,13.6219537473634,14.4401553325438,15.7297422997017,16.9099668905003,19.3434589322469,20.2909940118459,22.3180552866288,1,1,1,1,1,1,1,1,0.9,0.9,0.9,0.866666666666667,0.866666666666667,0.833333333333333,0.833333333333333,0.8,0,0,0,0,0,0,0,0,2513,3.933686,-0.790776375224593
"514",172,172,1,4.72865560865396,12.5091007396737,13.6251380866205,14.4432468952219,15.7326876350084,16.9127783991291,19.3459945051275,20.2934221429117,22.3202535674794,0,0,0,0,0,0,0,1,0,0,0,0,0,0,0,1,0,0,0,0,0,0,0,0,2514,23.93769,19.209034391346
"515",172,172,2,4.86899851441047,12.6494436454302,13.765480992377,14.5835898009784,15.8730305407649,17.0531213048856,19.486337410884,20.4337650486682,22.4605964732359,1,1,1,1,1,1,1,1,0.9,0.9,0.9,0.866666666666667,0.866666666666667,0.833333333333333,0.833333333333333,0.8,1,1,1,1,1,1,1,0,2515,3.1483,-1.72069851441047
"516",172,172,3,4.72314554409986,12.5035906751196,13.6196280220664,14.4377368306678,15.7271775704543,16.907268334575,19.3404844405734,20.2879120783576,22.3147435029253,1,1,1,1,1,1,1,1,0.9,0.9,0.9,0.866666666666667,0.866666666666667,0.833333333333333,0.833333333333333,0.8,1,1,1,1,1,1,1,0,2516,3.703226,-1.01991954409986
"517",173,173,1,4.73954091595618,12.5517109742751,13.6722989867813,14.4937436511132,15.7884421124101,16.9733447212347,19.4164823166552,20.367773110393,22.4028689823682,1,1,1,1,1,1,1,1,0.9,0.9,0.9,0.866666666666667,0.866666666666667,0.833333333333333,0.833333333333333,0.8,0,0,0,0,0,0,0,0,2517,3.353333,-1.38620791595618
"518",173,173,2,4.7375211021085,12.5496911604274,13.6702791729336,14.4917238372655,15.7864222985624,16.9713249073871,19.4144625028075,20.3657532965453,22.4008491685205,1,1,1,1,1,1,1,1,0.9,0.9,0.9,0.866666666666667,0.866666666666667,0.833333333333333,0.833333333333333,0.8,0,0,0,0,0,0,0,0,2518,5.640847,0.903325897891503
"519",173,173,3,4.75072614609042,12.5628962044093,13.6834842169156,14.5049288812474,15.7996273425443,16.984529951369,19.4276675467894,20.3789583405273,22.4140542125024,1,1,1,1,1,1,1,1,0.9,0.9,0.9,0.866666666666667,0.866666666666667,0.833333333333333,0.833333333333333,0.8,0,0,0,0,0,0,0,0,2519,3.4636,-1.28712614609042
"520",174,174,1,4.73961841070165,12.551512855808,13.6720613339903,14.4934770177699,15.7881298021295,16.9729906076124,19.4160420091845,20.367299241401,22.4023233152321,1,1,1,1,1,1,1,1,0.9,0.9,0.9,0.866666666666667,0.866666666666667,0.833333333333333,0.833333333333333,0.8,0,0,0,0,0,0,0,0,2520,4.361694,-0.377924410701654
"521",174,174,2,4.74458712472522,12.5564815698316,13.6770300480139,14.4984457317935,15.793098516153,16.977959321636,19.421010723208,20.3722679554246,22.4072920292557,1,1,1,1,1,1,1,1,0.870967741935484,0.870967741935484,0.870967741935484,0.838709677419355,0.838709677419355,0.806451612903226,0.806451612903226,0.774193548387097,0,0,0,0,0,0,0,0,2521,2.594178,-2.15040912472522
"522",174,174,3,4.73480832480441,12.5467027699108,13.6672512480931,14.4886669318726,15.7833197162322,16.9681805217151,19.4112319232872,20.3624891555038,22.3975132293349,1,1,1,1,1,1,1,1,0.964285714285714,0.964285714285714,0.964285714285714,0.928571428571429,0.928571428571429,0.892857142857143,0.892857142857143,0.857142857142857,0,0,0,0,0,0,0,0,2522,10.182577,5.44776867519559
"523",175,175,1,4.76723146982333,12.5540990735301,13.6710576684592,14.4898417959389,15.7803469218618,16.9614118077163,19.3966364445531,20.3448461491759,22.3733506489014,1,1,1,1,1,1,1,1,0.870967741935484,0.870967741935484,0.870967741935484,0.838709677419355,0.838709677419355,0.806451612903226,0.806451612903226,0.774193548387097,0,0,0,0,0,0,0,0,2523,3.110784,-1.65644746982333
"524",175,175,2,4.72996407898832,12.5168316826951,13.6337902776242,14.4525744051039,15.7430795310268,16.9241444168812,19.3593690537181,20.3075787583409,22.3360832580664,1,1,1,1,1,1,1,1,0.870967741935484,0.870967741935484,0.870967741935484,0.838709677419355,0.838709677419355,0.806451612903226,0.806451612903226,0.774193548387097,0,0,0,0,0,0,0,0,2524,2.839137,-1.89082707898832
"525",175,175,3,4.7285325361083,12.5154001398151,13.6323587347442,14.4511428622239,15.7416479881467,16.9227128740012,19.3579375108381,20.3061472154609,22.3346517151864,1,1,1,1,1,1,1,1,0.870967741935484,0.870967741935484,0.870967741935484,0.838709677419355,0.838709677419355,0.806451612903226,0.806451612903226,0.774193548387097,0,0,0,0,0,0,0,0,2525,2.983428,-1.7451045361083
"526",176,176,1,4.72559367844804,12.5093569035068,13.625870202254,14.4443279063126,15.7343185485224,16.9149125810376,19.3491663705774,20.2969980538814,22.3246938528075,1,1,1,1,1,1,1,1,0.9,0.9,0.9,0.866666666666667,0.866666666666667,0.833333333333333,0.833333333333333,0.8,0,0,0,0,0,0,0,0,2526,3.303677,-1.42191667844804
"527",176,176,2,4.72724245124214,12.5110056763009,13.6275189750481,14.4459766791067,15.7359673213165,16.9165613538317,19.3508151433715,20.2986468266755,22.3263426256016,1,1,1,1,1,1,1,1,0.870967741935484,0.870967741935484,0.870967741935484,0.838709677419355,0.838709677419355,0.806451612903226,0.806451612903226,0.774193548387097,0,0,0,0,0,0,0,0,2527,3.117349,-1.60989345124214
"528",176,176,3,4.72628315851311,12.5100463835719,13.6265596823191,14.4450173863777,15.7350080285875,16.9156020611027,19.3498558506425,20.2976875339465,22.3253833328726,1,1,1,1,1,1,1,1,0.870967741935484,0.870967741935484,0.870967741935484,0.838709677419355,0.838709677419355,0.806451612903226,0.806451612903226,0.774193548387097,0,0,0,0,0,0,0,0,2528,2.776068,-1.95021515851311
"529",177,177,1,4.72296190023561,12.5070192502146,13.6235747386297,14.4420633697347,15.7321027567976,16.9127414003982,19.3470871730419,20.2949546720446,22.3227270914752,1,1,1,1,1,1,1,1,0.9,0.9,0.9,0.866666666666667,0.866666666666667,0.833333333333333,0.833333333333333,0.8,0,0,0,0,0,0,0,0,2529,6.205923,1.48296109976439
"530",177,177,2,4.74138635455517,12.5254437045342,13.6419991929492,14.4604878240543,15.7505272111172,16.9311658547178,19.3655116273615,20.3133791263642,22.3411515457947,1,1,1,1,1,1,1,1,0.870967741935484,0.870967741935484,0.870967741935484,0.838709677419355,0.838709677419355,0.806451612903226,0.806451612903226,0.774193548387097,0,0,0,0,0,0,0,0,2530,2.764892,-1.97649435455517
"531",177,177,3,4.72290186513166,12.5069592151107,13.6235147035257,14.4420033346308,15.7320427216937,16.9126813652942,19.347027137938,20.2948946369407,22.3226670563712,1,1,1,1,1,1,1,1,0.870967741935484,0.870967741935484,0.870967741935484,0.838709677419355,0.838709677419355,0.806451612903226,0.806451612903226,0.774193548387097,0,0,0,0,0,0,0,0,2531,2.48211,-2.24079186513166
"532",178,178,1,4.72372676369975,12.50771273458,13.6242579842826,14.4427391099213,15.7327666674402,16.9133944846917,19.3477179346058,20.2955767417496,22.3233305666913,1,1,1,1,1,1,1,1,0.870967741935484,0.870967741935484,0.870967741935484,0.838709677419355,0.838709677419355,0.806451612903226,0.806451612903226,0.774193548387097,0,0,0,0,0,0,0,0,2532,2.968632,-1.75509476369975
"533",178,178,2,4.72623188874943,12.5102178596297,13.6267631093323,14.445244234971,15.7352717924899,16.9158996097413,19.3502230596555,20.2980818667993,22.325835691741,1,1,1,1,1,1,1,1,0.870967741935484,0.870967741935484,0.870967741935484,0.838709677419355,0.838709677419355,0.806451612903226,0.806451612903226,0.774193548387097,0,0,0,0,0,0,0,0,2533,2.880733,-1.84549888874943
"534",178,178,3,4.72577929259398,12.5097652634742,13.6263105131768,14.4447916388155,15.7348191963344,16.9154470135859,19.3497704635,20.2976292706438,22.3253830955855,1,1,1,1,1,1,1,1,0.964285714285714,0.964285714285714,0.964285714285714,0.928571428571429,0.928571428571429,0.892857142857143,0.892857142857143,0.857142857142857,0,0,0,0,0,0,0,0,2534,12.46662,7.74084070740602
"535",179,179,1,4.77674936274063,12.5660796507741,13.6833914964024,14.5024345735574,15.7933478362188,16.9747862471069,19.4107810510829,20.3592906376732,22.388436674727,1,1,1,1,1,1,1,1,0.9,0.9,0.9,0.866666666666667,0.866666666666667,0.833333333333333,0.833333333333333,0.8,0,0,0,0,0,0,0,0,2535,3.600612,-1.17613736274063
"536",179,179,2,4.73480194497008,12.5241322330036,13.6414440786318,14.4604871557868,15.7514004184483,16.9328388293363,19.3688336333123,20.3173432199027,22.3464892569565,1,1,1,1,1,1,1,1,0.870967741935484,0.870967741935484,0.870967741935484,0.838709677419355,0.838709677419355,0.806451612903226,0.806451612903226,0.774193548387097,0,0,0,0,0,0,0,0,2536,2.725671,-2.00913094497008
"537",179,179,3,4.7306623687762,12.5199926568097,13.637304502438,14.456347579593,15.7472608422544,16.9286992531425,19.3646940571185,20.3132036437088,22.3423496807626,1,1,1,1,1,1,1,1,0.870967741935484,0.870967741935484,0.870967741935484,0.838709677419355,0.838709677419355,0.806451612903226,0.806451612903226,0.774193548387097,0,0,0,0,0,0,0,0,2537,2.651196,-2.0794663687762
"538",180,180,1,4.72270903713759,12.5081781598566,13.6249361548219,14.4435732329239,15.7338465908272,16.914699363561,19.3494866466981,20.2975260577816,22.3256662486321,1,1,1,1,1,1,1,1,0.9,0.9,0.9,0.866666666666667,0.866666666666667,0.833333333333333,0.833333333333333,0.8,0,0,0,0,0,0,0,0,2538,3.876103,-0.846606037137587
"539",180,180,2,4.72909511121935,12.5145642339383,13.6313222289037,14.4499593070057,15.740232664909,16.9210854376427,19.3558727207799,20.3039121318634,22.3320523227139,1,1,1,1,1,1,1,1,0.870967741935484,0.870967741935484,0.870967741935484,0.838709677419355,0.838709677419355,0.806451612903226,0.806451612903226,0.774193548387097,0,0,0,0,0,0,0,0,2539,2.77606,-1.95303511121935
"540",180,180,3,4.72336001778685,12.5088291405058,13.6255871354712,14.4442242135732,15.7344975714765,16.9153503442102,19.3501376273474,20.2981770384309,22.3263172292814,1,1,1,1,1,1,1,1,0.9,0.9,0.9,0.866666666666667,0.866666666666667,0.833333333333333,0.833333333333333,0.8,0,0,0,0,0,0,0,0,2540,6.129054,1.40569398221315
"541",181,181,1,4.74235463297521,12.5276184093019,13.6443469491089,14.4629624351696,15.7532017613434,16.9340233883809,19.368746452551,20.3167608585295,22.3448475559727,1,1,1,1,1,1,1,1,0.9,0.9,0.9,0.866666666666667,0.866666666666667,0.833333333333333,0.833333333333333,0.8,0,0,0,0,0,0,0,0,2541,3.179175,-1.56317963297521
"542",181,181,2,4.72803960505893,12.5133033813856,13.6300319211926,14.4486474072533,15.7388867334272,16.9197083604646,19.3544314246348,20.3024458306133,22.3305325280564,1,1,1,1,1,1,1,1,0.870967741935484,0.870967741935484,0.870967741935484,0.838709677419355,0.838709677419355,0.806451612903226,0.806451612903226,0.774193548387097,0,0,0,0,0,0,0,0,2542,2.85268,-1.87535960505893
"543",181,181,3,4.72645520616002,12.5117189824867,13.6284475222937,14.4470630083544,15.7373023345282,16.9181239615657,19.3528470257358,20.3008614317143,22.3289481291575,1,1,1,1,1,1,1,1,0.870967741935484,0.870967741935484,0.870967741935484,0.838709677419355,0.838709677419355,0.806451612903226,0.806451612903226,0.774193548387097,0,0,0,0,0,0,0,0,2543,2.70363,-2.02282520616002
"544",182,182,1,4.72584993116959,12.5110852331471,13.6278096885558,14.446422180557,15.7366567877224,16.9174740959431,19.3521882551928,20.3001991938395,22.3282784736214,1,1,1,1,1,1,1,1,0.870967741935484,0.870967741935484,0.870967741935484,0.838709677419355,0.838709677419355,0.806451612903226,0.806451612903226,0.774193548387097,0,0,0,0,0,0,0,0,2544,3.070662,-1.65518793116959
"545",182,182,2,4.7276382456125,12.51287354759,13.6295980029987,14.4482104949999,15.7384451021653,16.9192624103861,19.3539765696358,20.3019875082824,22.3300667880644,1,1,1,1,1,1,1,1,0.870967741935484,0.870967741935484,0.870967741935484,0.838709677419355,0.838709677419355,0.806451612903226,0.806451612903226,0.774193548387097,0,0,0,0,0,0,0,0,2545,3.085154,-1.6424842456125
"546",182,182,3,4.72770885594867,12.5129441579262,13.6296686133349,14.4482811053361,15.7385157125015,16.9193330207222,19.3540471799719,20.3020581186186,22.3301373984005,1,1,1,1,1,1,1,1,0.964285714285714,0.964285714285714,0.964285714285714,0.928571428571429,0.928571428571429,0.892857142857143,0.892857142857143,0.857142857142857,0,0,0,0,0,0,0,0,2546,10.939949,6.21224014405133
"547",183,183,1,4.76961337958022,12.558249294614,13.6754615384602,14.4944316027402,15.7852297880739,16.9665628806736,19.4023405300346,20.3507655625719,22.3797307131863,1,1,1,1,1,1,1,1,0.9,0.9,0.9,0.866666666666667,0.866666666666667,0.833333333333333,0.833333333333333,0.8,0,0,0,0,0,0,0,0,2547,4.382336,-0.387277379580223
"548",183,183,2,4.73757715991793,12.5262130749517,13.6434253187979,14.4623953830779,15.7531935684116,16.9345266610113,19.3703043103723,20.3187293429096,22.347694493524,1,1,1,1,1,1,1,1,0.870967741935484,0.870967741935484,0.870967741935484,0.838709677419355,0.838709677419355,0.806451612903226,0.806451612903226,0.774193548387097,0,0,0,0,0,0,0,0,2548,2.886941,-1.85063615991793
"549",183,183,3,4.73027163537693,12.5189075504107,13.6361197942569,14.4550898585369,15.7458880438706,16.9272211364703,19.3629987858313,20.3114238183686,22.340388968983,1,1,1,1,1,1,1,1,0.9,0.9,0.9,0.866666666666667,0.866666666666667,0.833333333333333,0.833333333333333,0.8,0,0,0,0,0,0,0,0,2549,5.621043,0.890771364623073
"550",184,184,1,4.74092609171383,12.5267504209129,13.6435593671658,14.462233795001,15.7525660207067,16.9334726690066,19.3683710375783,20.3164537022843,22.3446864255855,1,1,1,1,1,1,1,1,0.9,0.9,0.9,0.866666666666667,0.866666666666667,0.833333333333333,0.833333333333333,0.8,0,0,0,0,0,0,0,0,2550,3.537717,-1.20320909171383
"551",184,184,2,4.73024678020827,12.5160711094073,13.6328800556602,14.4515544834955,15.7418867092012,16.9227933575011,19.3576917260728,20.3057743907787,22.33400711408,1,1,1,1,1,1,1,1,0.870967741935484,0.870967741935484,0.870967741935484,0.838709677419355,0.838709677419355,0.806451612903226,0.806451612903226,0.774193548387097,0,0,0,0,0,0,0,0,2551,2.914515,-1.81573178020827
"552",184,184,3,4.72705219218466,12.5128765213837,13.6296854676366,14.4483598954719,15.7386921211776,16.9195987694775,19.3544971380491,20.3025798027551,22.3308125260564,1,1,1,1,1,1,1,1,0.870967741935484,0.870967741935484,0.870967741935484,0.838709677419355,0.838709677419355,0.806451612903226,0.806451612903226,0.774193548387097,0,0,0,0,0,0,0,0,2552,2.818923,-1.90812919218466
"553",185,185,1,4.72593549630238,12.5120415519105,13.6288909093724,14.4475949605586,15.737973876332,16.9189232551862,19.3539097294157,20.3020267000491,22.3303328140021,1,1,1,1,1,1,1,1,0.9,0.9,0.9,0.866666666666667,0.866666666666667,0.833333333333333,0.833333333333333,0.8,0,0,0,0,0,0,0,0,2553,4.666278,-0.0596574963023828
"554",185,185,2,4.73540359410791,12.521509649716,13.638359007178,14.4570630583642,15.7474419741375,16.9283913529917,19.3633778272212,20.3114947978546,22.3398009118076,1,1,1,1,1,1,1,1,0.870967741935484,0.870967741935484,0.870967741935484,0.838709677419355,0.838709677419355,0.806451612903226,0.806451612903226,0.774193548387097,0,0,0,0,0,0,0,0,2554,2.977912,-1.75749159410791
"555",185,185,3,4.72675034964784,12.512856405256,13.6297057627179,14.4484098139041,15.7387887296774,16.9197381085317,19.3547245827611,20.3028415533946,22.3311476673476,1,1,1,1,1,1,1,1,0.870967741935484,0.870967741935484,0.870967741935484,0.838709677419355,0.838709677419355,0.806451612903226,0.806451612903226,0.774193548387097,0,0,0,0,0,0,0,0,2555,2.934291,-1.79245934964784
"556",186,186,1,4.7263603138801,12.512506803485,13.6293619608529,14.4480702636479,15.7384558804829,16.9194113921207,19.3544105114689,20.3025324057648,22.3308490529064,1,1,1,1,1,1,1,1,0.9,0.9,0.9,0.866666666666667,0.866666666666667,0.833333333333333,0.833333333333333,0.8,0,0,0,0,0,0,0,0,2556,3.808767,-0.917593313880096
"557",186,186,2,4.73076389456198,12.5169103841669,13.6337655415348,14.4524738443298,15.7428594611648,16.9238149728026,19.3588140921508,20.3069359864467,22.3352526335883,1,1,1,1,1,1,1,1,0.870967741935484,0.870967741935484,0.870967741935484,0.838709677419355,0.838709677419355,0.806451612903226,0.806451612903226,0.774193548387097,0,0,0,0,0,0,0,0,2557,2.607126,-2.12363789456198
"558",186,186,3,4.72471281586552,12.5108593054704,13.6277144628384,14.4464227656334,15.7368083824684,16.9177638941062,19.3527630134543,20.3008849077503,22.3292015548918,1,1,1,1,1,1,1,1,0.964285714285714,0.964285714285714,0.964285714285714,0.928571428571429,0.928571428571429,0.892857142857143,0.892857142857143,0.857142857142857,0,0,0,0,0,0,0,0,2558,10.310254,5.58554118413447
"559",187,187,1,4.76395994116406,12.5522774303935,13.6694439988208,14.4883805808321,15.779125993966,16.9604107896695,19.396088856194,20.3444751139051,22.3733573135552,1,1,1,1,1,1,1,1,0.870967741935484,0.870967741935484,0.870967741935484,0.838709677419355,0.838709677419355,0.806451612903226,0.806451612903226,0.774193548387097,0,0,0,0,0,0,0,0,2559,3.060237,-1.70372294116406
"560",187,187,2,4.72777639681497,12.5160938860444,13.6332604544718,14.452197036483,15.7429424496169,16.9242272453204,19.3599053118449,20.308291569556,22.3371737692061,1,1,1,1,1,1,1,1,0.9,0.9,0.9,0.866666666666667,0.866666666666667,0.833333333333333,0.833333333333333,0.8,0,0,0,0,0,0,0,0,2560,3.920758,-0.807018396814968
"561",187,187,3,4.73207110395384,12.5203885931833,13.6375551616106,14.4564917436219,15.7472371567557,16.9285219524593,19.3642000189838,20.3125862766948,22.3414684763449,1,1,1,1,1,1,1,1,0.870967741935484,0.870967741935484,0.870967741935484,0.838709677419355,0.838709677419355,0.806451612903226,0.806451612903226,0.774193548387097,0,0,0,0,0,0,0,0,2561,2.627603,-2.10446810395384
"562",188,188,1,4.71733434366482,12.4788777680177,13.592203829144,14.4083251354288,15.694633325571,16.8718571933781,19.2991620775483,20.2442880476263,22.2661955157358,1,1,1,1,1,1,1,1,0.933333333333333,0.9,0.9,0.866666666666667,0.866666666666667,0.833333333333333,0.833333333333333,0.8,0,0,0,0,0,0,0,0,2562,3.540645,-1.17668934366482
"563",188,188,2,4.72036419521699,12.4819076195699,13.5952336806961,14.411354986981,15.6976631771232,16.8748870449303,19.3021919291004,20.2473178991785,22.269225367288,1,1,1,1,1,1,1,1,0.903225806451613,0.870967741935484,0.870967741935484,0.838709677419355,0.838709677419355,0.806451612903226,0.806451612903226,0.774193548387097,0,0,0,0,0,0,0,0,2563,2.910181,-1.81018319521699
"564",188,188,3,4.71827205451701,12.4798154788699,13.5931415399962,14.409262846281,15.6955710364232,16.8727949042303,19.3000997884004,20.2452257584785,22.267133226588,1,1,1,1,1,1,1,1,0.933333333333333,0.9,0.9,0.866666666666667,0.866666666666667,0.833333333333333,0.833333333333333,0.8,0,0,0,0,0,0,0,0,2564,3.160389,-1.55788305451701
"565",189,189,1,4.71924614383351,12.4807093321182,13.5940238840766,14.4101367535905,15.6964316463372,16.8736433444238,19.3009231359816,20.2460393356844,22.2679259020355,1,1,1,1,1,1,1,1,0.903225806451613,0.870967741935484,0.870967741935484,0.838709677419355,0.838709677419355,0.806451612903226,0.806451612903226,0.774193548387097,0,0,0,0,0,0,0,0,2565,2.779877,-1.93936914383351
"566",189,189,2,4.71798339585039,12.4794465841351,13.5927611360935,14.4088740056073,15.6951688983541,16.8723805964407,19.2996603879985,20.2447765877012,22.2666631540523,1,1,1,1,1,1,1,1,0.903225806451613,0.870967741935484,0.870967741935484,0.838709677419355,0.838709677419355,0.806451612903226,0.806451612903226,0.774193548387097,0,0,0,0,0,0,0,0,2566,2.852298,-1.86568539585039
"567",189,189,3,4.71822372853815,12.4796869168228,13.5930014687813,14.4091143382951,15.6954092310419,16.8726209291285,19.2999007206862,20.245016920389,22.2669034867401,1,1,1,1,1,1,1,1,0.903225806451613,0.870967741935484,0.870967741935484,0.838709677419355,0.838709677419355,0.806451612903226,0.806451612903226,0.774193548387097,0,0,0,0,0,0,0,0,2567,3.120847,-1.59737672853815
"568",190,190,1,4.71759277771439,12.4793658651688,13.5927248694743,14.4088703246868,15.6952165765278,16.8724752782423,19.2998519860611,20.2450059222987,22.2669732183979,1,1,1,1,1,1,1,1,0.903225806451613,0.870967741935484,0.870967741935484,0.838709677419355,0.838709677419355,0.806451612903226,0.806451612903226,0.774193548387097,0,0,0,0,0,0,0,0,2568,2.729876,-1.98771677771439
"569",190,190,2,4.71620935827804,12.4779824457325,13.591341450038,14.4074869052505,15.6938331570915,16.871091858806,19.2984685666248,20.2436225028624,22.2655897989616,1,1,1,1,1,1,1,1,0.933333333333333,0.9,0.9,0.866666666666667,0.866666666666667,0.833333333333333,0.833333333333333,0.8,0,0,0,0,0,0,0,0,2569,4.562316,-0.153893358278039
"570",190,190,3,4.72269329982854,12.484466387283,13.5978253915885,14.413970846801,15.700317098642,16.8775758003565,19.3049525081753,20.2501064444129,22.2720737405121,1,1,1,1,1,1,1,1,0.903225806451613,0.870967741935484,0.870967741935484,0.838709677419355,0.838709677419355,0.806451612903226,0.806451612903226,0.774193548387097,0,0,0,0,0,0,0,0,2570,2.905184,-1.81750929982854
"571",191,191,1,4.70622019670829,12.4431533209322,13.5529492480365,14.3664827970685,15.6487123614932,16.8222034881274,19.2418118745215,20.1839410393881,22.1994374437564,1,1,1,1,1,1,1,1,0.903225806451613,0.870967741935484,0.870967741935484,0.838709677419355,0.838709677419355,0.806451612903226,0.806451612903226,0.774193548387097,0,0,0,0,0,0,0,0,2571,3.116167,-1.59005319670829
"572",191,191,2,4.70721663705648,12.4441497612804,13.5539456883846,14.3674792374167,15.6497088018414,16.8231999284756,19.2428083148697,20.1849374797363,22.2004338841046,1,1,1,1,1,1,1,1,0.903225806451613,0.870967741935484,0.870967741935484,0.838709677419355,0.838709677419355,0.806451612903226,0.806451612903226,0.774193548387097,0,0,0,0,0,0,0,0,2572,3.045729,-1.66148763705648
"573",191,191,3,4.70688396918634,12.4438170934103,13.5536130205145,14.3671465695466,15.6493761339713,16.8228672606055,19.2424756469996,20.1846048118661,22.2001012162345,1,1,1,1,1,1,1,1,0.903225806451613,0.870967741935484,0.870967741935484,0.838709677419355,0.838709677419355,0.806451612903226,0.806451612903226,0.774193548387097,0,0,0,0,0,0,0,0,2573,2.791302,-1.91558196918634
"574",192,192,1,4.69879050772566,12.4287347084459,13.537528135113,14.3503268033272,15.6313981046267,16.8038291937002,19.2212519003618,20.1625300214674,22.176205788386,1,1,1,1,1,1,1,1,0.903225806451613,0.870967741935484,0.870967741935484,0.838709677419355,0.838709677419355,0.806451612903226,0.806451612903226,0.774193548387097,0,0,0,0,0,0,0,0,2574,2.934784,-1.76400650772566
"575",192,192,2,4.69958810933271,12.4295323100529,13.53832573672,14.3511244049342,15.6321957062337,16.8046267953072,19.2220495019688,20.1633276230745,22.1770033899931,1,1,1,1,1,1,1,1,0.903225806451613,0.870967741935484,0.870967741935484,0.838709677419355,0.838709677419355,0.806451612903226,0.806451612903226,0.774193548387097,0,0,0,0,0,0,0,0,2575,2.54173,-2.15785810933271
"576",192,192,3,4.69740316277456,12.4273473634948,13.5361407901619,14.3489394583761,15.6300107596756,16.8024418487491,19.2198645554107,20.1611426765163,22.1748184434349,1,1,1,1,1,1,1,1,0.903225806451613,0.870967741935484,0.870967741935484,0.838709677419355,0.838709677419355,0.806451612903226,0.806451612903226,0.774193548387097,0,0,0,0,0,0,0,0,2576,2.685482,-2.01192116277456
"577",193,193,1,4.69754679098916,12.428119090586,13.5370026125872,14.3498673249949,15.6310427201176,16.8035690754222,19.2211882104727,20.1625428154074,22.1763822041394,1,1,1,1,1,1,1,1,0.903225806451613,0.870967741935484,0.870967741935484,0.838709677419355,0.838709677419355,0.806451612903226,0.806451612903226,0.774193548387097,0,0,0,0,0,0,0,0,2577,3.050356,-1.64719079098915
"578",193,193,2,4.69962447602695,12.4301967756238,13.539080297625,14.3519450100327,15.6331204051554,16.80564676046,19.2232658955105,20.1646205004452,22.1784598891771,1,1,1,1,1,1,1,1,0.933333333333333,0.9,0.9,0.866666666666667,0.866666666666667,0.833333333333333,0.833333333333333,0.8,0,0,0,0,0,0,0,0,2578,4.836906,0.137281523973054
"579",193,193,3,4.70979754454995,12.4403698441468,13.549253366148,14.3621180785557,15.6432934736784,16.815819828983,19.2334389640335,20.1747935689682,22.1886329577002,1,1,1,1,1,1,1,1,0.933333333333333,0.9,0.9,0.866666666666667,0.866666666666667,0.833333333333333,0.833333333333333,0.8,0,0,0,0,0,0,0,0,2579,3.611658,-1.09813954454995
"580",194,194,1,4.70178198713236,12.4319294183684,13.5407519966897,14.3535720344621,15.6346770168303,16.8071389306767,19.2246251945971,20.1659280631567,22.1796567722899,1,1,1,1,1,1,1,1,0.903225806451613,0.870967741935484,0.870967741935484,0.838709677419355,0.838709677419355,0.806451612903226,0.806451612903226,0.774193548387097,0,0,0,0,0,0,0,0,2580,3.07512,-1.62666198713236
"581",194,194,2,4.69867655931656,12.4288239905526,13.5376465688739,14.3504666066463,15.6315715890145,16.8040335028609,19.2215197667813,20.1628226353409,22.1765513444741,1,1,1,1,1,1,1,1,0.903225806451613,0.870967741935484,0.870967741935484,0.838709677419355,0.838709677419355,0.806451612903226,0.806451612903226,0.774193548387097,0,0,0,0,0,0,0,0,2581,2.292834,-2.40584255931656
"582",194,194,3,4.69414876686886,12.4242961981049,13.5331187764262,14.3459388141986,15.6270437965668,16.7995057104132,19.2169919743336,20.1582948428932,22.1720235520264,0,1,1,1,1,1,1,1,0,1,1,0.962962962962963,0.962962962962963,0.925925925925926,0.925925925925926,0.888888888888889,0,0,0,0,0,0,0,0,2582,13.435694,8.74154523313114
"583",195,195,1,4.75802251613107,12.4949453732177,13.6047398275902,14.4182722970394,15.7005001599078,16.8739897292849,19.2935949047876,20.2357228194211,22.2512165491666,1,1,1,1,1,1,1,1,0.96551724137931,0.931034482758621,0.931034482758621,0.896551724137931,0.896551724137931,0.862068965517241,0.862068965517241,0.827586206896552,1,0,0,0,0,0,0,0,2583,8.911814,4.15379148386893
"584",195,195,2,4.73439500820561,12.4713178652923,13.5811123196647,14.3946447891139,15.6768726519823,16.8503622213594,19.2699673968622,20.2120953114957,22.2275890412412,1,1,1,1,1,1,1,1,0.903225806451613,0.870967741935484,0.870967741935484,0.838709677419355,0.838709677419355,0.806451612903226,0.806451612903226,0.774193548387097,1,0,0,0,0,0,0,0,2584,2.593856,-2.14053900820561
"585",195,195,3,4.70139731535838,12.438320172445,13.5481146268175,14.3616470962667,15.6438749591351,16.8173645285122,19.2369697040149,20.1790976186485,22.194591348394,1,1,1,1,1,1,1,1,0.933333333333333,0.9,0.9,0.866666666666667,0.866666666666667,0.833333333333333,0.833333333333333,0.8,0,0,0,0,0,0,0,0,2585,3.578321,-1.12307631535838
"586",196,196,1,4.69213552841908,12.3641749905421,13.4646624848683,14.2713725070079,15.5428473485012,16.7064957977557,19.1058096764266,20.0400367164203,22.0386281093933,1,1,1,1,1,1,1,1,0.903225806451613,0.870967741935484,0.870967741935484,0.870967741935484,0.838709677419355,0.806451612903226,0.806451612903226,0.774193548387097,0,0,0,0,0,0,0,0,2586,2.825793,-1.86634252841908
"587",196,196,2,4.6862827588413,12.3583222209643,13.4588097152905,14.2655197374301,15.5369945789234,16.7006430281779,19.0999569068488,20.0341839468426,22.0327753398155,1,1,1,1,1,1,1,1,0.933333333333333,0.9,0.9,0.9,0.866666666666667,0.833333333333333,0.833333333333333,0.8,0,0,0,0,0,0,0,0,2587,4.876891,0.190608241158702
"588",196,196,3,4.70223512735841,12.3742745894814,13.4747620838077,14.2814721059472,15.5529469474405,16.716595396695,19.1159092753659,20.0501363153597,22.0487277083326,1,1,1,1,1,1,1,1,0.933333333333333,0.9,0.9,0.9,0.866666666666667,0.833333333333333,0.833333333333333,0.8,0,0,0,0,0,0,0,0,2588,5.38017,0.677934872641591
"589",197,197,1,4.70679074775773,12.3788021709711,13.479285643359,14.2859927172252,15.5574629118748,16.7211071083574,19.120412218285,20.0546358439705,22.0532199327157,1,1,1,1,1,1,1,1,0.903225806451613,0.870967741935484,0.870967741935484,0.870967741935484,0.838709677419355,0.806451612903226,0.806451612903226,0.774193548387097,0,0,0,0,0,0,0,0,2589,2.62212,-2.08467074775773
"590",197,197,2,4.68588283330151,12.3578942565149,13.4583777289028,14.265084802769,15.5365549974186,16.7001991939012,19.0995043038288,20.0337279295143,22.0323120182595,1,1,1,1,1,1,1,1,0.903225806451613,0.870967741935484,0.870967741935484,0.870967741935484,0.838709677419355,0.806451612903226,0.806451612903226,0.774193548387097,0,0,0,0,0,0,0,0,2590,2.488343,-2.19753983330151
"591",197,197,3,4.68486871170393,12.3568801349173,13.4573636073052,14.2640706811714,15.535540875821,16.6991850723036,19.0984901822312,20.0327138079167,22.0312978966619,1,1,1,1,1,1,1,1,0.903225806451613,0.870967741935484,0.870967741935484,0.870967741935484,0.838709677419355,0.806451612903226,0.806451612903226,0.774193548387097,0,0,0,0,0,0,0,0,2591,2.882609,-1.80225971170393
"592",198,198,1,4.68642685982631,12.358802852757,13.4593386195077,14.2660840276455,15.5376146418519,16.7013141340597,19.1007332576321,20.0350012771049,22.0336803374548,1,1,1,1,1,1,1,1,0.933333333333333,0.9,0.9,0.9,0.866666666666667,0.833333333333333,0.833333333333333,0.8,0,0,0,0,0,0,0,0,2592,5.317033,0.63060614017369
"593",198,198,2,4.70556417002684,12.3779401629575,13.4784759297082,14.2852213378461,15.5567519520524,16.7204514442602,19.1198705678327,20.0541385873054,22.0528176476553,1,1,1,1,1,1,1,1,0.903225806451613,0.870967741935484,0.870967741935484,0.870967741935484,0.838709677419355,0.806451612903226,0.806451612903226,0.774193548387097,0,0,0,0,0,0,0,0,2593,2.566428,-2.13913617002684
"594",198,198,3,4.68394132161418,12.3563173145449,13.4568530812955,14.2635984894334,15.5351291036397,16.6988285958476,19.09824771942,20.0325157388928,22.0311947992427,1,1,1,1,1,1,1,1,0.96551724137931,0.931034482758621,0.931034482758621,0.931034482758621,0.896551724137931,0.862068965517241,0.862068965517241,0.827586206896552,0,0,0,0,0,0,0,0,2594,7.524737,2.84079567838581
"595",199,199,1,4.72304124293394,12.39637977075,13.4970536047786,14.3039002228415,15.5755903564164,16.7394358400823,19.1391559818286,20.073541209525,22.0724710133633,1,1,1,1,1,1,1,1,0.903225806451613,0.870967741935484,0.870967741935484,0.870967741935484,0.838709677419355,0.806451612903226,0.806451612903226,0.774193548387097,0,0,0,0,0,0,0,0,2595,2.754697,-1.96834424293394
"596",199,199,2,4.68816331207445,12.3615018398906,13.4621756739191,14.269022291982,15.540712425557,16.7045579092228,19.1042780509692,20.0386632786656,22.0375930825038,1,1,1,1,1,1,1,1,0.933333333333333,0.9,0.9,0.9,0.866666666666667,0.833333333333333,0.833333333333333,0.8,0,0,0,0,0,0,0,0,2596,6.127232,1.43906868792555
"597",199,199,3,4.71282286263403,12.3861613904501,13.4868352244787,14.2936818425416,15.5653719761165,16.7292174597824,19.1289376015287,20.0633228292251,22.0622526330634,1,1,1,1,1,1,1,1,0.933333333333333,0.9,0.9,0.9,0.866666666666667,0.833333333333333,0.833333333333333,0.8,0,0,0,0,0,0,0,0,2597,4.979729,0.266906137365972
"598",200,200,1,4.703906651562,12.3760898824708,13.476597999182,14.283323138517,15.5548218065815,16.7184920618141,19.1178509019904,20.0520954487615,22.0507242939738,1,1,1,1,1,1,1,1,0.903225806451613,0.870967741935484,0.870967741935484,0.870967741935484,0.838709677419355,0.806451612903226,0.806451612903226,0.774193548387097,0,0,0,0,0,0,0,0,2598,2.90654,-1.797366651562
"599",200,200,2,4.68874717930298,12.3609304102118,13.461438526923,14.268163666258,15.5396623343225,16.7033325895551,19.1026914297313,20.0369359765025,22.0355648217147,1,1,1,1,1,1,1,1,0.903225806451613,0.870967741935484,0.870967741935484,0.870967741935484,0.838709677419355,0.806451612903226,0.806451612903226,0.774193548387097,0,0,0,0,0,0,0,0,2599,3.062958,-1.62578917930298
"600",200,200,3,4.68989093143162,12.3620741623404,13.4625822790516,14.2693074183867,15.5408060864511,16.7044763416837,19.10383518186,20.0380797286311,22.0367085738434,1,1,1,1,1,1,1,1,0.933333333333333,0.9,0.9,0.9,0.866666666666667,0.833333333333333,0.833333333333333,0.8,0,0,0,0,0,0,0,0,2600,3.504867,-1.18502393143162
"601",201,201,1,4.69257407645167,12.365025329987,13.4655718922185,14.2723252139606,15.5438683009867,16.7075792082669,19.107021868451,20.041299052435,22.0399977184188,1,1,1,1,1,1,1,1,0.903225806451613,0.870967741935484,0.870967741935484,0.870967741935484,0.838709677419355,0.806451612903226,0.806451612903226,0.774193548387097,0,0,0,0,0,0,0,0,2601,2.84735,-1.84522407645167
"602",201,201,2,4.68776694614698,12.3602181996823,13.4607647619138,14.2675180836559,15.539061170682,16.7027720779623,19.1022147381463,20.0364919221303,22.0351905881141,1,1,1,1,1,1,1,1,0.903225806451613,0.870967741935484,0.870967741935484,0.870967741935484,0.838709677419355,0.806451612903226,0.806451612903226,0.774193548387097,0,0,0,0,0,0,0,0,2602,2.586542,-2.10122494614698
"603",201,201,3,4.68586016953055,12.3583114230659,13.4588579852974,14.2656113070395,15.5371543940656,16.7008653013458,19.1003079615299,20.0345851455139,22.0332838114977,1,1,1,1,1,1,1,1,0.903225806451613,0.870967741935484,0.870967741935484,0.870967741935484,0.838709677419355,0.806451612903226,0.806451612903226,0.774193548387097,0,0,0,0,0,0,0,0,2603,2.842203,-1.84365716953055
"604",202,202,1,4.68661693234313,12.3595457799888,13.4601608489515,14.2669643894075,15.5385866273424,16.7023699732029,19.1019619936949,20.0362973344877,22.0351204153006,1,1,1,1,1,1,1,1,0.903225806451613,0.870967741935484,0.870967741935484,0.870967741935484,0.838709677419355,0.806451612903226,0.806451612903226,0.774193548387097,0,0,0,0,0,0,0,0,2604,3.013848,-1.67276893234313
"605",202,202,2,4.68790672722711,12.3608355748727,13.4614506438355,14.2682541842915,15.5398764222264,16.7036597680869,19.1032517885789,20.0375871293717,22.0364102101846,0,0,0,0,0,1,1,1,0,0,0,0,0,1,1,0.96,0,0,0,0,0,0,0,0,2605,20.149533,15.4616262727729
"606",202,202,3,4.81666969059065,12.4895985382363,13.590213607199,14.3970171476551,15.66863938559,16.8324227314504,19.2320147519425,20.1663500927353,22.1651731735481,1,1,1,1,1,1,1,1,0.933333333333333,0.9,0.9,0.866666666666667,0.866666666666667,0.833333333333333,0.833333333333333,0.8,1,1,1,1,1,0,0,0,2606,5.289867,0.47319730940935
"607",203,203,1,4.71470361336991,12.4082904232402,13.511868697645,14.3208444095616,15.5958902585682,16.7628068789414,19.1688593635272,20.1057102319051,22.1099147794977,1,1,1,1,1,1,1,1,0.903225806451613,0.870967741935484,0.870967741935484,0.870967741935484,0.838709677419355,0.806451612903226,0.806451612903226,0.774193548387097,1,1,1,1,1,0,0,0,2607,2.63906,-2.07564361336991
"608",203,203,2,4.6963881709051,12.3899749807753,13.4935532551802,14.3025289670968,15.5775748161034,16.7444914364766,19.1505439210623,20.0873947894403,22.0915993370329,1,1,1,1,1,1,1,1,0.933333333333333,0.9,0.9,0.9,0.866666666666667,0.833333333333333,0.833333333333333,0.8,0,0,0,0,0,0,0,0,2608,4.517404,-0.1789841709051
"609",203,203,3,4.70936637017088,12.4029531800411,13.506531454446,14.3155071663626,15.5905530153692,16.7574696357423,19.1635221203281,20.1003729887061,22.1045775362987,1,1,1,1,1,1,1,1,0.903225806451613,0.870967741935484,0.870967741935484,0.870967741935484,0.838709677419355,0.806451612903226,0.806451612903226,0.774193548387097,0,0,0,0,0,0,0,0,2609,3.105169,-1.60419737017088
"610",204,204,1,4.69219110254193,12.3770334436712,13.4793573999067,14.2874136365512,15.5610102787255,16.7266005910758,19.1299183758057,20.0657044270397,22.0676310119018,1,1,1,1,1,1,1,1,0.903225806451613,0.870967741935484,0.870967741935484,0.870967741935484,0.838709677419355,0.806451612903226,0.806451612903226,0.774193548387097,0,0,0,0,0,0,0,0,2610,2.247431,-2.44476010254193
"611",204,204,2,4.68592687902227,12.3707692201516,13.473093176387,14.2811494130315,15.5547460552058,16.7203363675562,19.123654152286,20.0594402035201,22.0613667883822,1,1,1,1,1,1,1,1,0.903225806451613,0.870967741935484,0.870967741935484,0.870967741935484,0.838709677419355,0.806451612903226,0.806451612903226,0.774193548387097,0,0,0,0,0,0,0,0,2611,2.670805,-2.01512187902227
"612",204,204,3,4.68901885975347,12.3738612008828,13.4761851571182,14.2842413937627,15.557838035937,16.7234283482874,19.1267461330172,20.0625321842513,22.0644587691133,1,1,1,1,1,1,1,1,0.903225806451613,0.870967741935484,0.870967741935484,0.870967741935484,0.838709677419355,0.806451612903226,0.806451612903226,0.774193548387097,0,0,0,0,0,0,0,0,2612,3.024244,-1.66477485975347
"613",205,205,1,4.69106136885734,12.3764397161953,13.4788405578707,14.2869531552238,15.5606386288506,16.7263102393742,19.1297956519091,20.0656469728145,22.0677131890484,1,1,1,1,1,1,1,1,0.903225806451613,0.870967741935484,0.870967741935484,0.870967741935484,0.838709677419355,0.806451612903226,0.806451612903226,0.774193548387097,0,0,0,0,0,0,0,0,2613,2.5054,-2.18566136885734
"614",205,205,2,4.6871625237179,12.3725408710558,13.4749417127312,14.2830543100844,15.5567397837112,16.7224113942348,19.1258968067697,20.061748127675,22.063814343909,0,0,0,0,0,1,1,1,0,0,0,0,0,1,1,0.96,0,0,0,0,0,0,0,0,2614,19.870771,15.1836084762821
"615",205,205,3,4.81765433304388,12.5030326803818,13.6054335220572,14.4135461194103,15.6872315930371,16.8529032035608,19.2563886160957,20.192239937001,22.1943061532349,1,1,1,1,1,1,1,1,0.931034482758621,0.931034482758621,0.931034482758621,0.896551724137931,0.896551724137931,0.862068965517241,0.862068965517241,0.827586206896552,1,1,1,1,1,0,0,0,2615,6.282328,1.46467366695612
"616",206,206,1,4.72491761078172,12.4307231847307,13.5360541348264,14.3463146419385,15.6233854871924,16.7921553756493,19.2020290932174,20.1403678449481,22.1477554205792,1,1,1,1,1,1,1,1,0.903225806451613,0.870967741935484,0.870967741935484,0.870967741935484,0.838709677419355,0.806451612903226,0.806451612903226,0.774193548387097,1,1,1,1,1,0,0,0,2616,2.525665,-2.19925261078172
"617",206,206,2,4.69476921398525,12.4005747879342,13.5059057380299,14.316166245142,15.5932370903959,16.7620069788528,19.1718806964209,20.1102194481517,22.1176070237828,1,1,1,1,1,1,1,1,0.903225806451613,0.870967741935484,0.870967741935484,0.870967741935484,0.838709677419355,0.806451612903226,0.806451612903226,0.774193548387097,0,0,0,0,0,0,0,0,2617,2.549596,-2.14517321398525
"618",206,206,3,4.69496126775311,12.4007668417021,13.5060977917978,14.3163582989099,15.5934291441638,16.7621990326207,19.1720727501888,20.1104115019195,22.1177990775506,0,1,1,1,1,1,1,1,0,1,1,1,0.962962962962963,0.925925925925926,0.925925925925926,0.888888888888889,0,0,0,0,0,0,0,0,2618,14.747598,10.0526367322469
"619",207,207,1,4.75900595333888,12.4522358834613,13.5557629665628,14.3647011528031,15.6396878566994,16.8065503477153,19.2124912235774,20.1492986345785,22.1534102138286,1,1,1,1,1,1,1,1,0.903225806451613,0.870967741935484,0.870967741935484,0.838709677419355,0.838709677419355,0.806451612903226,0.806451612903226,0.774193548387097,1,0,0,0,0,0,0,0,2619,2.853849,-1.90515695333888
"620",207,207,2,4.69516254410558,12.388392474228,13.4919195573295,14.3008577435698,15.5758444474661,16.742706938482,19.1486478143441,20.0854552253452,22.0895668045953,1,1,1,1,1,1,1,1,0.903225806451613,0.870967741935484,0.870967741935484,0.870967741935484,0.838709677419355,0.806451612903226,0.806451612903226,0.774193548387097,1,0,0,0,0,0,0,0,2620,2.908778,-1.78638454410558
"621",207,207,3,4.69545739265382,12.3886873227763,13.4922144058778,14.3011525921181,15.5761392960143,16.7430017870302,19.1489426628924,20.0857500738935,22.0898616531436,1,1,1,1,1,1,1,1,0.903225806451613,0.870967741935484,0.870967741935484,0.870967741935484,0.838709677419355,0.806451612903226,0.806451612903226,0.774193548387097,0,0,0,0,0,0,0,0,2621,2.683549,-2.01190839265382
"622",208,208,1,4.69071937170834,12.3821988749916,13.4854748745507,14.294229004533,15.5689256129861,16.7355226098675,19.1409160663075,20.0775103271948,22.0811659145236,1,1,1,1,1,1,1,1,0.903225806451613,0.870967741935484,0.870967741935484,0.870967741935484,0.838709677419355,0.806451612903226,0.806451612903226,0.774193548387097,0,0,0,0,0,0,0,0,2622,2.887139,-1.80358037170834
"623",208,208,2,4.69181162743712,12.3832911307204,13.4865671302794,14.2953212602618,15.5700178687149,16.7366148655963,19.1420083220363,20.0786025829236,22.0822581702523,0,0,0,0,0,1,1,1,0,0,0,0,0,1,1,0.96,0,0,0,0,0,0,0,0,2623,19.299286,14.6074743725629
"624",208,208,3,4.77986242355878,12.4713419268421,13.5746179264011,14.3833720563835,15.6580686648365,16.8246656617179,19.230059118158,20.1666533790452,22.170308966374,1,1,1,1,1,1,1,1,0.903225806451613,0.870967741935484,0.870967741935484,0.838709677419355,0.838709677419355,0.806451612903226,0.806451612903226,0.774193548387097,1,1,1,1,1,0,0,0,2624,3.021636,-1.75822642355878
"625",209,209,1,4.70090570082541,12.4112021948163,13.5171773284265,14.3279100528968,15.6057251711536,16.7751762151452,19.1864543997833,20.1253400124835,22.1338974874858,1,1,1,1,1,1,1,1,0.903225806451613,0.870967741935484,0.870967741935484,0.870967741935484,0.838709677419355,0.806451612903226,0.806451612903226,0.774193548387097,1,1,1,1,1,0,0,0,2625,2.544987,-2.15591870082541
"626",209,209,2,4.69889953211489,12.4091960261058,13.515171159716,14.3259038841862,15.603719002443,16.7731700464347,19.1844482310728,20.123333843773,22.1318913187752,1,1,1,1,1,1,1,1,0.933333333333333,0.9,0.9,0.9,0.866666666666667,0.833333333333333,0.833333333333333,0.8,0,0,0,0,0,0,0,0,2626,4.472402,-0.226497532114887
"627",209,209,3,4.70701183207815,12.417308326069,13.5232834596793,14.3340161841495,15.6118313024063,16.7812823463979,19.1925605310361,20.1314461437362,22.1400036187385,1,1,1,1,1,1,1,1,0.903225806451613,0.870967741935484,0.870967741935484,0.870967741935484,0.838709677419355,0.806451612903226,0.806451612903226,0.774193548387097,0,0,0,0,0,0,0,0,2627,3.01432,-1.69269183207815
"628",210,210,1,4.70279948459557,12.4128202928146,13.5187558816929,14.3294596179812,15.6072290472755,16.7766382769201,19.1878302450181,20.1266822873614,22.1351679453177,1,1,1,1,1,1,1,1,0.903225806451613,0.870967741935484,0.870967741935484,0.870967741935484,0.838709677419355,0.806451612903226,0.806451612903226,0.774193548387097,0,0,0,0,0,0,0,0,2628,2.566192,-2.13660748459557
"629",210,210,2,4.70099595472438,12.4110167629434,13.5169523518217,14.32765608811,15.6054255174044,16.7748347470489,19.1860267151469,20.1248787574902,22.1333644154465,1,1,1,1,1,1,1,1,0.903225806451613,0.870967741935484,0.870967741935484,0.870967741935484,0.838709677419355,0.806451612903226,0.806451612903226,0.774193548387097,0,0,0,0,0,0,0,0,2629,2.722782,-1.97821395472438
"630",210,210,3,4.70162616471467,12.4116469729337,13.517582561812,14.3282862981003,15.6060557273946,16.7754649570392,19.1866569251372,20.1255089674805,22.1339946254368,0,0,0,0,1,1,1,1,0,0,0,0,1,0.961538461538462,0.961538461538462,0.923076923076923,0,0,0,0,0,0,0,0,2630,16.12999,11.4283638352853
"631",211,211,1,4.75510864631523,12.4766995113189,13.5842947244552,14.3962150447837,15.675901961102,16.8470660668394,19.2618763945609,20.2021373269335,22.2136370225547,1,1,1,1,1,1,1,1,0.903225806451613,0.870967741935484,0.870967741935484,0.838709677419355,0.838709677419355,0.806451612903226,0.806451612903226,0.774193548387097,1,1,1,1,0,0,0,0,2631,2.53559,-2.21951864631523
"632",211,211,2,4.70684451558194,12.4284353805856,13.5360305937219,14.3479509140504,15.6276378303687,16.7988019361061,19.2136122638276,20.1538731962002,22.1653728918214,0,1,1,1,1,1,1,1,0,1,1,0.962962962962963,0.962962962962963,0.925925925925926,0.925925925925926,0.888888888888889,1,1,1,1,0,0,0,0,2632,13.254013,8.54716848441806
"633",211,211,3,4.7448980794705,12.4664889444741,13.5740841576105,14.3860044779389,15.6656913942573,16.8368554999946,19.2516658277162,20.1919267600888,22.20342645571,0,0,0,0,0,1,1,1,0,0,0,0,0,1,1,0.96,1,0,0,0,0,0,0,0,2633,21.676026,16.9311279205295
"634",212,212,1,4.82963235637271,12.5788817890292,13.6904443837155,14.5052729846692,15.7895437112112,16.9649029008655,19.3883630257578,20.3319919519887,22.350696795019,0,0,0,0,0,0,0,0,0,0,0,0,0,0,0,0,1,1,1,1,1,0,0,0,2634,31.153512,26.3238796436273
"635",212,212,2,4.88769072379255,12.6369401564491,13.7485027511354,14.5633313520891,15.847602078631,17.0229612682853,19.4464213931777,20.3900503194085,22.4087551624389,1,1,1,1,1,1,1,1,0.9,0.9,0.9,0.866666666666667,0.866666666666667,0.833333333333333,0.833333333333333,0.8,1,1,1,1,1,1,1,1,2635,5.86617,0.978479276207453
"636",212,212,3,4.73278236593191,12.4820317985884,13.5935943932747,14.4084229942284,15.6926937207704,16.8680529104247,19.291513035317,20.2351419615479,22.2538468045782,1,1,1,1,1,1,1,1,0.903225806451613,0.870967741935484,0.870967741935484,0.838709677419355,0.838709677419355,0.806451612903226,0.806451612903226,0.774193548387097,1,1,1,1,1,1,1,1,2636,2.890143,-1.84263936593191
"637",213,213,1,4.70228489521432,12.4962104297906,13.6141814236647,14.4337076880424,15.725382513571,16.9075179036052,19.3449498011807,20.2940189526164,22.3243620664363,1,1,1,1,1,1,1,1,0.903225806451613,0.870967741935484,0.870967741935484,0.838709677419355,0.838709677419355,0.806451612903226,0.806451612903226,0.774193548387097,0,0,0,0,0,0,0,0,2637,2.819396,-1.88288889521432
"638",213,213,2,4.70108373443457,12.4950092690108,13.6129802628849,14.4325065272627,15.7241813527912,16.9063167428254,19.3437486404009,20.2928177918367,22.3231609056566,1,1,1,1,1,1,1,1,0.903225806451613,0.870967741935484,0.870967741935484,0.838709677419355,0.838709677419355,0.806451612903226,0.806451612903226,0.774193548387097,0,0,0,0,0,0,0,0,2638,2.793774,-1.90730973443457
"639",213,213,3,4.70064871752221,12.4945742520985,13.6125452459726,14.4320715103503,15.7237463358789,16.9058817259131,19.3433136234885,20.2923827749243,22.3227258887442,1,1,1,1,1,1,1,1,0.903225806451613,0.870967741935484,0.870967741935484,0.838709677419355,0.838709677419355,0.806451612903226,0.806451612903226,0.774193548387097,0,0,0,0,0,0,0,0,2639,2.568286,-2.13236271752221
"640",214,214,1,4.69436632305039,12.488880264746,13.6069356605161,14.4265237955245,15.7182961368248,16.9005207728849,19.3381366858548,20.2872774878398,22.3177738836404,1,1,1,1,1,1,1,1,0.903225806451613,0.870967741935484,0.870967741935484,0.838709677419355,0.838709677419355,0.806451612903226,0.806451612903226,0.774193548387097,0,0,0,0,0,0,0,0,2640,2.386553,-2.30781332305039
"641",214,214,2,4.69121567489802,12.4857296165937,13.6037850123637,14.4233731473722,15.7151454886725,16.8973701247325,19.3349860377024,20.2841268396875,22.314623235488,1,1,1,1,1,1,1,1,0.933333333333333,0.9,0.9,0.866666666666667,0.866666666666667,0.833333333333333,0.833333333333333,0.8,0,0,0,0,0,0,0,0,2641,3.205132,-1.48608367489802
"642",214,214,3,4.70540712286793,12.4999210645636,13.6179764603337,14.4375645953421,15.7293369366424,16.9115615727024,19.3491774856723,20.2983182876574,22.3288146834579,0,0,0,0,0,0,0,0,0,0,0,0,0,0,0,0,0,0,0,0,0,0,0,0,2642,46.364084,41.6586768771321
"643",215,215,1,5.42132845569385,13.3654662968379,14.5049839427709,15.3403049347116,16.6568742057949,17.8617928881283,20.3462014043298,21.3135619630541,23.3830358744288,1,1,1,1,1,1,1,1,0.931034482758621,0.931034482758621,0.931034482758621,0.896551724137931,0.896551724137931,0.862068965517241,0.862068965517241,0.827586206896552,1,1,1,1,1,1,1,1,2643,8.402656,2.98132754430615
"644",215,215,2,4.81125212231865,12.7553899634627,13.8949076093957,14.7302286013364,16.0467978724197,17.2517165547531,19.7361250709546,20.7034856296789,22.7729595410536,1,1,1,1,1,1,1,1,0.9,0.9,0.9,0.866666666666667,0.866666666666667,0.833333333333333,0.833333333333333,0.8,1,1,1,1,1,1,1,1,2644,4.585735,-0.225517122318651
"645",215,215,3,4.74991056350103,12.6940484046451,13.833566050578,14.6688870425188,15.9854563136021,17.1903749959355,19.6747835121369,20.6421440708612,22.711617982236,1,1,1,1,1,1,1,1,0.870967741935484,0.870967741935484,0.870967741935484,0.838709677419355,0.838709677419355,0.806451612903226,0.806451612903226,0.774193548387097,0,0,0,0,0,0,0,0,2645,2.604608,-2.14530256350103
"646",216,216,1,4.7122783570082,12.6551173956089,13.794448739586,14.6296331632735,15.9459871858865,17.1507088737215,19.6347112091436,20.6019136122091,22.6710491812699,1,1,1,1,1,1,1,1,0.870967741935484,0.870967741935484,0.870967741935484,0.838709677419355,0.838709677419355,0.806451612903226,0.806451612903226,0.774193548387097,0,0,0,0,0,0,0,0,2646,2.440707,-2.2715713570082
"647",216,216,2,4.70918718197504,12.6520262205757,13.7913575645529,14.6265419882403,15.9428960108533,17.1476176986884,19.6316200341104,20.5988224371759,22.6679580062367,1,1,1,1,1,1,1,1,0.870967741935484,0.870967741935484,0.870967741935484,0.838709677419355,0.838709677419355,0.806451612903226,0.806451612903226,0.774193548387097,0,0,0,0,0,0,0,0,2647,2.722353,-1.98683418197504
"648",216,216,3,4.71449902926938,12.65733806787,13.7966694118472,14.6318538355346,15.9482078581477,17.1529295459827,19.6369318814048,20.6041342844702,22.673269853531,0,0,0,1,1,1,1,1,0,0,0,1,1,0.961538461538462,0.961538461538462,0.923076923076923,0,0,0,0,0,0,0,0,2648,16.863832,12.1493329707306
"649",217,217,1,4.98103313684082,12.9368452864904,14.0780375106862,14.9145860486686,16.2330900842471,17.4397794549425,19.9278389339107,20.8966210774343,22.9691361843886,1,1,1,1,1,1,1,1,0.870967741935484,0.870967741935484,0.870967741935484,0.838709677419355,0.838709677419355,0.806451612903226,0.806451612903226,0.774193548387097,1,1,1,0,0,0,0,0,2649,2.819096,-2.16193713684082
"650",217,217,2,4.72274615540879,12.6785583050584,13.8197505292542,14.6562990672366,15.974803102815,17.1814924735105,19.6695519524786,20.6383340960023,22.7108492029565,1,1,1,1,1,1,1,1,0.870967741935484,0.870967741935484,0.870967741935484,0.838709677419355,0.838709677419355,0.806451612903226,0.806451612903226,0.774193548387097,1,1,1,0,0,0,0,0,2650,3.054909,-1.66783715540879
"651",217,217,3,4.72708282844789,12.6828949780975,13.8240872022933,14.6606357402757,15.9791397758541,17.1858291465496,19.6738886255177,20.6426707690414,22.7151858759956,1,1,1,1,1,1,1,1,0.931034482758621,0.931034482758621,0.931034482758621,0.896551724137931,0.896551724137931,0.862068965517241,0.862068965517241,0.827586206896552,0,0,0,0,0,0,0,0,2651,7.064266,2.33718317155211
"652",218,218,1,4.79987860612499,12.7561215187048,13.8973755321054,14.7339693645332,16.0525447897638,17.2592994959699,19.7474936895054,20.7163282871879,22.7889556092955,1,1,1,1,1,1,1,1,0.870967741935484,0.870967741935484,0.870967741935484,0.838709677419355,0.838709677419355,0.806451612903226,0.806451612903226,0.774193548387097,0,0,0,0,0,0,0,0,2652,2.921174,-1.87870460612499
"653",218,218,2,4.72612931302956,12.6823722256094,13.82362623901,14.6602200714378,15.9787954966684,17.1855502028744,19.67374439641,20.6425789940925,22.7152063162001,1,1,1,1,1,1,1,1,0.931034482758621,0.931034482758621,0.931034482758621,0.896551724137931,0.896551724137931,0.862068965517241,0.862068965517241,0.827586206896552,0,0,0,0,0,0,0,0,2653,6.347542,1.62141268697044
"654",218,218,3,4.78712052874111,12.7433634413209,13.8846174547215,14.7212112871494,16.0397867123799,17.246541418586,19.7347356121215,20.7035702098041,22.7761975319117,0,0,0,1,1,1,1,1,0,0,0,1,1,0.961538461538462,0.961538461538462,0.923076923076923,0,0,0,0,0,0,0,0,2654,17.1105,12.3233794712589
"655",219,219,1,4.9874267567114,12.9562416681258,14.0992990256782,14.9372147957092,16.2578737582189,17.4665353090156,19.9586612043412,20.9290266989014,23.0049290678577,1,1,1,1,1,1,1,1,0.964285714285714,0.964285714285714,0.964285714285714,0.928571428571429,0.928571428571429,0.892857142857143,0.892857142857143,0.857142857142857,1,1,1,0,0,0,0,0,2655,11.883775,6.8963482432886
"656",219,219,2,4.89436305163919,12.8631779630536,14.006235320606,14.844151090637,16.1648100531466,17.3734716039434,19.865597499269,20.8359629938292,22.9118653627855,1,1,1,1,1,1,1,1,0.9,0.9,0.9,0.866666666666667,0.866666666666667,0.833333333333333,0.833333333333333,0.8,1,1,1,0,0,0,0,0,2656,3.667513,-1.22685005163919
"657",219,219,3,4.74806957272763,12.716884484142,13.8599418416944,14.6978576117255,16.0185165742351,17.2271781250318,19.7193040203574,20.6896695149176,22.7655718838739,1,1,1,1,1,1,1,1,0.870967741935484,0.870967741935484,0.870967741935484,0.838709677419355,0.838709677419355,0.806451612903226,0.806451612903226,0.774193548387097,0,0,0,0,0,0,0,0,2657,3.097255,-1.65081457272763
"658",220,220,1,4.73143438329659,12.6922159500738,13.8341209940394,14.6711920630411,15.9905196721799,17.1979627739481,19.6875763626862,20.6569636339436,22.7307732903262,1,1,1,1,1,1,1,1,0.870967741935484,0.870967741935484,0.870967741935484,0.838709677419355,0.838709677419355,0.806451612903226,0.806451612903226,0.774193548387097,0,0,0,0,0,0,0,0,2658,2.792459,-1.93897538329659
"659",220,220,2,4.72520615047699,12.6859877172542,13.8278927612198,14.6649638302215,15.9842914393603,17.1917345411285,19.6813481298666,20.650735401124,22.7245450575066,1,1,1,1,1,1,1,1,0.870967741935484,0.870967741935484,0.870967741935484,0.838709677419355,0.838709677419355,0.806451612903226,0.806451612903226,0.774193548387097,0,0,0,0,0,0,0,0,2659,2.896283,-1.82892315047699
"660",220,220,3,4.72732770077378,12.688109267551,13.8300143115166,14.6670853805183,15.9864129896571,17.1938560914253,19.6834696801634,20.6528569514208,22.7266666078034,1,1,1,1,1,1,1,1,0.870967741935484,0.870967741935484,0.870967741935484,0.838709677419355,0.838709677419355,0.806451612903226,0.806451612903226,0.774193548387097,0,0,0,0,0,0,0,0,2660,2.717771,-2.00955670077378
"661",221,221,1,4.72297557146132,12.6840419874613,13.8259878905764,14.663088911291,15.9824637280363,17.1899500340083,19.6796527050168,20.6490746624679,22.7229585230053,1,1,1,1,1,1,1,1,0.870967741935484,0.870967741935484,0.870967741935484,0.838709677419355,0.838709677419355,0.806451612903226,0.806451612903226,0.774193548387097,0,0,0,0,0,0,0,0,2661,2.857008,-1.86596757146132
"662",221,221,2,4.72582582800234,12.6868922440024,13.8288381471174,14.6659391678321,15.9853139845774,17.1928002905494,19.6825029615578,20.6519249190089,22.7258087795464,1,1,1,1,1,1,1,1,0.870967741935484,0.870967741935484,0.870967741935484,0.838709677419355,0.838709677419355,0.806451612903226,0.806451612903226,0.774193548387097,0,0,0,0,0,0,0,0,2662,3.121548,-1.60427782800234
"663",221,221,3,4.73124110458373,12.6923075205837,13.8342534236988,14.6713544444134,15.9907292611588,17.1982155671308,19.6879182381392,20.6573401955903,22.7312240561278,1,1,1,1,1,1,1,1,0.870967741935484,0.870967741935484,0.870967741935484,0.838709677419355,0.838709677419355,0.806451612903226,0.806451612903226,0.774193548387097,0,0,0,0,0,0,0,0,2663,2.619278,-2.11196310458373
"664",222,222,1,4.71893439292476,12.6805135117318,13.8225329576161,14.6596878887016,15.9791476748639,17.1867117444905,19.6765747555189,20.6460591449775,22.7200765662745,1,1,1,1,1,1,1,1,0.9,0.9,0.9,0.866666666666667,0.866666666666667,0.833333333333333,0.833333333333333,0.8,0,0,0,0,0,0,0,0,2664,4.71732,-0.00161439292476118
"665",222,222,2,4.76263632345968,12.7242154422667,13.866234888151,14.7033898192365,16.0228496053988,17.2304136750254,19.7202766860538,20.6897610755124,22.7637784968094,1,1,1,1,1,1,1,1,0.870967741935484,0.870967741935484,0.870967741935484,0.838709677419355,0.838709677419355,0.806451612903226,0.806451612903226,0.774193548387097,0,0,0,0,0,0,0,0,2665,3.083418,-1.67921832345968
"666",222,222,3,4.72860236622486,12.6901814850319,13.8322009309162,14.6693558620017,15.988815648164,17.1963797177905,19.686242728819,20.6557271182776,22.7297445395746,1,1,1,1,1,1,1,1,0.870967741935484,0.870967741935484,0.870967741935484,0.838709677419355,0.838709677419355,0.806451612903226,0.806451612903226,0.774193548387097,0,0,0,0,0,0,0,0,2666,2.822957,-1.90564536622486
"667",223,223,1,4.72221003893488,12.6837379560266,13.8257500574691,14.6628996047271,15.982350905311,17.1899072089716,19.6797542074408,20.649232362048,22.7232364451305,1,1,1,1,1,1,1,1,0.964285714285714,0.964285714285714,0.964285714285714,0.928571428571429,0.928571428571429,0.892857142857143,0.892857142857143,0.857142857142857,0,0,0,0,0,0,0,0,2667,12.465104,7.74289396106512
"668",223,223,2,4.92171894759257,12.8832468646843,14.0252589661268,14.8624085133848,16.1818598139687,17.3894161176293,19.8792631160985,20.8487412707057,22.9227453537882,1,1,1,1,1,1,1,1,0.9,0.9,0.9,0.866666666666667,0.866666666666667,0.833333333333333,0.833333333333333,0.8,0,0,0,0,0,0,0,0,2668,3.378234,-1.54348494759257
"669",223,223,3,4.73369946222128,12.695227379313,13.8372394807555,14.6743890280135,15.9938403285974,17.201396632258,19.6912436307273,20.6607217853344,22.7347258684169,1,1,1,1,1,1,1,1,0.870967741935484,0.870967741935484,0.870967741935484,0.838709677419355,0.838709677419355,0.806451612903226,0.806451612903226,0.774193548387097,0,0,0,0,0,0,0,0,2669,2.714734,-2.01896546222128
"670",224,224,1,4.72566581100438,12.6920517361153,13.8347606766576,14.6724210403388,15.9926774508294,17.2009705877045,19.6923368544361,20.6624065704494,22.7376761805227,1,1,1,1,1,1,1,1,0.870967741935484,0.870967741935484,0.870967741935484,0.838709677419355,0.838709677419355,0.806451612903226,0.806451612903226,0.774193548387097,0,0,0,0,0,0,0,0,2670,2.878176,-1.84748981100438
"671",224,224,2,4.72893997553297,12.6953259006439,13.8380348411861,14.6756952048673,15.995951615358,17.204244752233,19.6956110189647,20.6656807349779,22.7409503450513,1,1,1,1,1,1,1,1,0.870967741935484,0.870967741935484,0.870967741935484,0.838709677419355,0.838709677419355,0.806451612903226,0.806451612903226,0.774193548387097,0,0,0,0,0,0,0,0,2671,2.788765,-1.94017497553297
"672",224,224,3,4.72714884274785,12.6935347678587,13.836243708401,14.6739040720822,15.9941604825728,17.2024536194479,19.6938198861796,20.6638896021928,22.7391592122662,1,1,1,1,1,1,1,1,0.870967741935484,0.870967741935484,0.870967741935484,0.838709677419355,0.838709677419355,0.806451612903226,0.806451612903226,0.774193548387097,0,0,0,0,0,0,0,0,2672,2.716894,-2.01025484274785
"673",225,225,1,4.72363468751193,12.6906053090367,13.8333981192064,14.67111996334,15.9914732746331,17.1998550947166,19.6914042163759,20.6615451310845,22.7369670564875,1,1,1,1,1,1,1,1,0.9,0.9,0.9,0.866666666666667,0.866666666666667,0.833333333333333,0.833333333333333,0.8,0,0,0,0,0,0,0,0,2673,5.666007,0.942372312488072
"674",225,225,2,4.78326208152601,12.7502327030508,13.8930255132205,14.7307473573541,16.0511006686471,17.2594824887307,19.75103161039,20.7211725250985,22.7965944505016,1,1,1,1,1,1,1,1,0.870967741935484,0.870967741935484,0.870967741935484,0.838709677419355,0.838709677419355,0.806451612903226,0.806451612903226,0.774193548387097,0,0,0,0,0,0,0,0,2674,2.826684,-1.956578081526
"675",225,225,3,4.72585450465315,12.6928251261779,13.8356179363476,14.6733397804812,15.9936930917743,17.2020749118579,19.6936240335171,20.6637649482257,22.7391868736287,1,1,1,1,1,1,1,1,0.870967741935484,0.870967741935484,0.870967741935484,0.838709677419355,0.838709677419355,0.806451612903226,0.806451612903226,0.774193548387097,0,0,0,0,0,0,0,0,2675,2.77844,-1.94741450465315
"676",226,226,1,4.72460519708679,12.6918461678473,13.8346777572692,14.6724280284513,15.9928261442913,17.2012489693085,19.6928826385873,20.6630564738207,22.7385488260847,1,1,1,1,1,1,1,1,0.870967741935484,0.870967741935484,0.870967741935484,0.838709677419355,0.838709677419355,0.806451612903226,0.806451612903226,0.774193548387097,0,0,0,0,0,0,0,0,2676,2.852372,-1.87223319708679
"677",226,226,2,4.7261145951551,12.6933555659156,13.8361871553375,14.6739374265196,15.9943355423596,17.2027583673768,19.6943920366556,20.664565871889,22.740058224153,1,1,1,1,1,1,1,1,0.870967741935484,0.870967741935484,0.870967741935484,0.838709677419355,0.838709677419355,0.806451612903226,0.806451612903226,0.774193548387097,0,0,0,0,0,0,0,0,2677,2.790657,-1.9354575951551
"678",226,226,3,4.72485461974816,12.6920955905087,13.8349271799306,14.6726774511127,15.9930755669526,17.2014983919698,19.6931320612486,20.6633058964821,22.738798248746,1,1,1,1,1,1,1,1,0.870967741935484,0.870967741935484,0.870967741935484,0.838709677419355,0.838709677419355,0.806451612903226,0.806451612903226,0.774193548387097,0,0,0,0,0,0,0,0,2678,2.89227,-1.83258461974816
"679",227,227,1,4.72659429690145,12.6939979030688,13.8368528211287,14.6746201933194,15.9950452624655,17.2034927550355,19.695177286069,20.6653709254752,22.740905644795,1,1,1,1,1,1,1,1,0.964285714285714,0.964285714285714,0.964285714285714,0.928571428571429,0.928571428571429,0.892857142857143,0.892857142857143,0.857142857142857,0,0,0,0,0,0,0,0,2679,10.850594,6.12399970309856
"680",227,227,2,4.88905646391534,12.8564600700827,13.9993149881426,14.8370823603333,16.1575074294794,17.3659549220494,19.8576394530829,20.8278330924891,22.9033678118089,1,1,1,1,1,1,1,1,0.870967741935484,0.870967741935484,0.870967741935484,0.838709677419355,0.838709677419355,0.806451612903226,0.806451612903226,0.774193548387097,0,0,0,0,0,0,0,0,2680,3.007581,-1.88147546391534
"681",227,227,3,4.72894826928816,12.6963518754555,13.8392067935154,14.6769741657061,15.9973992348522,17.2058467274223,19.6975312584557,20.6677248978619,22.7432596171817,1,1,1,1,1,1,1,1,0.870967741935484,0.870967741935484,0.870967741935484,0.838709677419355,0.838709677419355,0.806451612903226,0.806451612903226,0.774193548387097,0,0,0,0,0,0,0,0,2681,2.525508,-2.20344026928816
"682",228,228,1,4.7162776007055,12.6813426742739,13.8238621501228,14.6613836271126,15.9814211349876,17.1895139331057,19.6804671235682,20.650375999008,22.725301522931,1,1,1,1,1,1,1,1,0.9,0.9,0.9,0.866666666666667,0.866666666666667,0.833333333333333,0.833333333333333,0.8,0,0,0,0,0,0,0,0,2682,4.939538,0.223260399294502
"683",228,228,2,4.76357099822659,12.728636071795,13.8711555476439,14.7086770246337,16.0287145325087,17.2368073306268,19.7277605210893,20.6976693965291,22.772594920452,1,1,1,1,1,1,1,1,0.870967741935484,0.870967741935484,0.870967741935484,0.838709677419355,0.838709677419355,0.806451612903226,0.806451612903226,0.774193548387097,0,0,0,0,0,0,0,0,2683,2.459812,-2.30375899822659
"684",228,228,3,4.71499054667405,12.6800556202424,13.8225750960913,14.6600965730812,15.9801340809561,17.1882268790743,19.6791800695368,20.6490889449766,22.7240144688995,1,1,1,1,1,1,1,1,0.870967741935484,0.870967741935484,0.870967741935484,0.838709677419355,0.838709677419355,0.806451612903226,0.806451612903226,0.774193548387097,0,0,0,0,0,0,0,0,2684,2.689965,-2.02502554667405
"685",229,229,1,4.71766598838267,12.6830900160696,13.8256609807724,14.6632202015572,15.9833171983247,17.1914644404281,19.6825298883422,20.6524824737558,22.7275015064016,1,1,1,1,1,1,1,1,0.9,0.9,0.9,0.866666666666667,0.866666666666667,0.833333333333333,0.833333333333333,0.8,0,0,0,0,0,0,0,0,2685,3.324592,-1.39307398838267
"686",229,229,2,4.73022888040111,12.6956529080881,13.8382238727908,14.6757830935757,15.9958800903432,17.2040273324466,19.6950927803607,20.6650453657742,22.74006439842,1,1,1,1,1,1,1,1,0.870967741935484,0.870967741935484,0.870967741935484,0.838709677419355,0.838709677419355,0.806451612903226,0.806451612903226,0.774193548387097,0,0,0,0,0,0,0,0,2686,2.848039,-1.88218988040111
"687",229,229,3,4.72079517543731,12.6862192031243,13.828790167827,14.6663493886119,15.9864463853794,17.1945936274827,19.6856590753969,20.6556116608104,22.7306306934562,1,1,1,1,1,1,1,1,0.870967741935484,0.870967741935484,0.870967741935484,0.838709677419355,0.838709677419355,0.806451612903226,0.806451612903226,0.774193548387097,0,0,0,0,0,0,0,0,2687,2.745909,-1.97488617543731
"688",230,230,1,4.71873423080864,12.6841953429362,13.8267716270802,14.6643347472702,15.9844378899828,17.1925907568294,19.6836678023394,20.6536249035387,22.7286535968027,1,1,1,1,1,1,1,1,0.9,0.9,0.9,0.866666666666667,0.866666666666667,0.833333333333333,0.833333333333333,0.8,0,0,0,0,0,0,0,0,2688,3.251297,-1.46743723080864
"689",230,230,2,4.72873861624587,12.6941997283735,13.8367760125175,14.6743391327074,15.99444227542,17.2025951422666,19.6936721877766,20.663629288976,22.73865798224,1,1,1,1,1,1,1,1,0.870967741935484,0.870967741935484,0.870967741935484,0.838709677419355,0.838709677419355,0.806451612903226,0.806451612903226,0.774193548387097,0,0,0,0,0,0,0,0,2689,2.429056,-2.29968261624587
"690",230,230,3,4.71246198148941,12.677923093617,13.820499377761,14.658062497951,15.9781656406636,17.1863185075102,19.6773955530201,20.6473526542195,22.7223813474835,1,1,1,1,1,1,1,1,0.870967741935484,0.870967741935484,0.870967741935484,0.838709677419355,0.838709677419355,0.806451612903226,0.806451612903226,0.774193548387097,0,0,0,0,0,0,0,0,2690,2.909893,-1.80256898148941
"691",231,231,1,4.72250472406771,12.6876038166864,13.8301281722729,14.667653226344,15.9876963721418,17.1957943300633,19.6867581594674,20.6566711774193,22.7316055634162,1,1,1,1,1,1,1,1,0.964285714285714,0.964285714285714,0.964285714285714,0.928571428571429,0.928571428571429,0.892857142857143,0.892857142857143,0.857142857142857,0,0,0,0,0,0,0,0,2691,10.939761,6.21725627593229
"692",231,231,2,4.88148493713043,12.8465840297491,13.9891083853356,14.8266334394067,16.1466765852045,17.354774543126,19.8457383725301,20.815651390482,22.8905857764789,1,1,1,1,1,1,1,1,0.870967741935484,0.870967741935484,0.870967741935484,0.838709677419355,0.838709677419355,0.806451612903226,0.806451612903226,0.774193548387097,0,0,0,0,0,0,0,0,2692,2.744628,-2.13685693713043
"693",231,231,3,4.71923270702935,12.684331799648,13.8268561552345,14.6643812093056,15.9844243551034,17.1925223130249,19.683486142429,20.6533991603809,22.7283335463778,1,1,1,1,1,1,1,1,0.964285714285714,0.964285714285714,0.964285714285714,0.928571428571429,0.928571428571429,0.892857142857143,0.892857142857143,0.857142857142857,0,0,0,0,0,0,0,0,2693,9.855634,5.13640129297065
"694",232,232,1,4.81236505372771,12.7214016727344,13.8558843529078,14.6875144738842,15.9982664755083,17.1978612171987,19.6712923590203,20.6343786291386,22.6947085572488,1,1,1,1,1,1,1,1,0.9,0.9,0.9,0.866666666666667,0.866666666666667,0.833333333333333,0.833333333333333,0.8,0,0,0,0,0,0,0,0,2694,3.415142,-1.39722305372771
"695",232,232,2,4.7361301349383,12.645166753945,13.7796494341184,14.6112795550948,15.9220315567188,17.1216262984092,19.5950574402308,20.5581437103492,22.6184736384594,1,1,1,1,1,1,1,1,0.870967741935484,0.870967741935484,0.870967741935484,0.838709677419355,0.838709677419355,0.806451612903226,0.806451612903226,0.774193548387097,0,0,0,0,0,0,0,0,2695,2.69964,-2.0364901349383
"696",232,232,3,4.72766086941267,12.6366974884194,13.7711801685927,14.6028102895692,15.9135622911932,17.1131570328836,19.5865881747052,20.5496744448236,22.6100043729337,1,1,1,1,1,1,1,1,0.870967741935484,0.870967741935484,0.870967741935484,0.838709677419355,0.838709677419355,0.806451612903226,0.806451612903226,0.774193548387097,0,0,0,0,0,0,0,0,2696,2.753966,-1.97369486941267
"697",233,233,1,4.71969922857018,12.6101160585781,13.7419278915743,14.571600153696,15.8792663274404,17.0760369323806,19.543645017845,20.5044639494743,22.5599433616017,1,1,1,1,1,1,1,1,0.870967741935484,0.870967741935484,0.870967741935484,0.838709677419355,0.838709677419355,0.806451612903226,0.806451612903226,0.774193548387097,0,0,0,0,0,0,0,0,2697,3.093439,-1.62626022857018
"698",233,233,2,4.72384565641489,12.6142624864228,13.7460743194191,14.5757465815407,15.8834127552851,17.0801833602253,19.5477914456897,20.508610377319,22.5640897894464,1,1,1,1,1,1,1,1,0.870967741935484,0.870967741935484,0.870967741935484,0.838709677419355,0.838709677419355,0.806451612903226,0.806451612903226,0.774193548387097,0,0,0,0,0,0,0,0,2698,3.071257,-1.65258865641489
"699",233,233,3,4.72357471863058,12.6139915486385,13.7458033816347,14.5754756437564,15.8831418175008,17.079912422441,19.5475205079054,20.5083394395347,22.5638188516621,1,1,1,1,1,1,1,1,0.870967741935484,0.870967741935484,0.870967741935484,0.838709677419355,0.838709677419355,0.806451612903226,0.806451612903226,0.774193548387097,0,0,0,0,0,0,0,0,2699,2.594576,-2.12899871863058
"700",234,234,1,4.7157925079277,12.6060646365677,13.7378557134082,14.567512760274,15.8751549528919,17.0719036104056,19.5394664427138,20.5002677540048,22.5557094709522,1,1,1,1,1,1,1,1,0.870967741935484,0.870967741935484,0.870967741935484,0.838709677419355,0.838709677419355,0.806451612903226,0.806451612903226,0.774193548387097,0,0,0,0,0,0,0,0,2700,2.931284,-1.7845085079277
"701",234,234,2,4.71995928714568,12.6102314157857,13.7420224926262,14.571679539492,15.8793217321099,17.0760703896236,19.5436332219317,20.5044345332228,22.5598762501702,1,1,1,1,1,1,1,1,0.870967741935484,0.870967741935484,0.870967741935484,0.838709677419355,0.838709677419355,0.806451612903226,0.806451612903226,0.774193548387097,0,0,0,0,0,0,0,0,2701,2.467134,-2.25282528714568
"702",234,234,3,4.71421540647155,12.6044875351116,13.7362786119521,14.5659356588178,15.8735778514357,17.0703265089494,19.5378893412576,20.4986906525487,22.554132369496,1,1,1,1,1,1,1,1,0.931034482758621,0.931034482758621,0.931034482758621,0.896551724137931,0.896551724137931,0.862068965517241,0.862068965517241,0.827586206896552,0,0,0,0,0,0,0,0,2702,8.662629,3.94841359352845
"703",235,235,1,4.79356078901924,12.6852193764108,13.8172093287296,14.6470121608427,15.9548841290542,17.1518430762287,19.6198395024647,20.5808096433429,22.6366125373334,1,1,1,1,1,1,1,1,1,1,1,0.962962962962963,0.962962962962963,0.925925925925926,0.925925925925926,0.888888888888889,0,0,0,0,0,0,0,0,2703,15.149575,10.3560142109808
"704",235,235,2,4.87346262051366,12.7651212079052,13.8971111602241,14.7269139923371,16.0347859605486,17.2317449077231,19.6997413339591,20.6607114748374,22.7165143688279,1,1,1,1,1,1,1,1,0.870967741935484,0.870967741935484,0.870967741935484,0.838709677419355,0.838709677419355,0.806451612903226,0.806451612903226,0.774193548387097,0,0,0,0,0,0,0,0,2704,3.047501,-1.82596162051366
"705",235,235,3,4.72439742442893,12.6160560118205,13.7480459641393,14.5778487962524,15.8857207644639,17.0826797116384,19.5506761378744,20.5116462787526,22.5674491727431,1,1,1,1,1,1,1,1,0.870967741935484,0.870967741935484,0.870967741935484,0.838709677419355,0.838709677419355,0.806451612903226,0.806451612903226,0.774193548387097,0,0,0,0,0,0,0,0,2705,2.951434,-1.77296342442893
"706",236,236,1,4.7304183286984,12.6307571879347,13.7639922499352,14.5947078070579,15.9040183428527,17.1022938610538,19.573004910541,20.5350320512837,22.5930961845032,1,1,1,1,1,1,1,1,0.9,0.9,0.9,0.866666666666667,0.866666666666667,0.833333333333333,0.833333333333333,0.8,0,0,0,0,0,0,0,0,2706,3.176751,-1.5536673286984
"707",236,236,2,4.7332108833369,12.6335497425732,13.7667848045737,14.5975003616964,15.9068108974911,17.1050864156923,19.5757974651795,20.5378246059222,22.5958887391416,1,1,1,1,1,1,1,1,0.870967741935484,0.870967741935484,0.870967741935484,0.838709677419355,0.838709677419355,0.806451612903226,0.806451612903226,0.774193548387097,0,0,0,0,0,0,0,0,2707,2.800404,-1.9328068833369
"708",236,236,3,4.72854647913955,12.6288853383759,13.7621204003764,14.592835957499,15.9021464932938,17.100422011495,19.5711330609821,20.5331602017249,22.5912243349443,1,1,1,1,1,1,1,1,0.870967741935484,0.870967741935484,0.870967741935484,0.838709677419355,0.838709677419355,0.806451612903226,0.806451612903226,0.774193548387097,0,0,0,0,0,0,0,0,2708,2.446277,-2.28226947913955
"709",237,237,1,4.72427301121134,12.6245533594723,13.757780028581,14.5884894333122,15.8977902721765,17.0960569157875,19.5667496668553,20.5287696826953,22.5868185736141,1,1,1,1,1,1,1,1,0.931034482758621,0.931034482758621,0.931034482758621,0.896551724137931,0.896551724137931,0.862068965517241,0.862068965517241,0.827586206896552,0,0,0,0,0,0,0,0,2709,7.030861,2.30658798878866
"710",237,237,2,4.78067497605101,12.6809553243119,13.8141819934207,14.6448913981519,15.9541922370162,17.1524588806272,19.623151631695,20.585171647535,22.6432205384538,1,1,1,1,1,1,1,1,0.870967741935484,0.870967741935484,0.870967741935484,0.838709677419355,0.838709677419355,0.806451612903226,0.806451612903226,0.774193548387097,0,0,0,0,0,0,0,0,2710,2.579762,-2.20091297605101
"711",237,237,3,4.72591521392299,12.6261955621839,13.7594222312927,14.5901316360238,15.8994324748882,17.0976991184992,19.568391869567,20.530411885407,22.5884607763258,1,1,1,1,1,1,1,1,0.9,0.9,0.9,0.866666666666667,0.866666666666667,0.833333333333333,0.833333333333333,0.8,0,0,0,0,0,0,0,0,2711,4.472226,-0.253689213922994
"712",238,238,1,4.7513771050031,12.6517336670981,13.7849712684201,14.615688686987,15.9250021566482,17.1232803599117,19.5939969456992,20.5560262421255,22.6140949869976,1,1,1,1,1,1,1,1,0.870967741935484,0.870967741935484,0.870967741935484,0.838709677419355,0.838709677419355,0.806451612903226,0.806451612903226,0.774193548387097,0,0,0,0,0,0,0,0,2712,2.684976,-2.0664011050031
"713",238,238,2,4.72976060241446,12.6301171645095,13.7633547658315,14.5940721843983,15.9033856540596,17.1016638573231,19.5723804431106,20.5344097395369,22.5924784844089,1,1,1,1,1,1,1,1,0.9,0.9,0.9,0.866666666666667,0.866666666666667,0.833333333333333,0.833333333333333,0.8,0,0,0,0,0,0,0,0,2713,3.38475,-1.34501060241446
"714",238,238,3,4.73822425690178,12.6385808189968,13.7718184203188,14.6025358388857,15.9118493085469,17.1101275118104,19.5808440975979,20.5428733940242,22.6009421388963,1,1,1,1,1,1,1,1,0.870967741935484,0.870967741935484,0.870967741935484,0.838709677419355,0.838709677419355,0.806451612903226,0.806451612903226,0.774193548387097,0,0,0,0,0,0,0,0,2714,2.556816,-2.18140825690178
"715",239,239,1,4.71429066758044,12.5865206410367,13.715723727259,14.5434836530946,15.848135748162,17.0421478809219,19.5040683030799,20.462672614562,22.5134142910261,1,1,1,1,1,1,1,1,1,1,1,0.962962962962963,0.962962962962963,0.925925925925926,0.925925925925926,0.888888888888889,0,0,0,0,0,0,0,0,2715,12.898857,8.18456633241956
"716",239,239,2,4.85924163769562,12.7314716111518,13.8606746973742,14.6884346232097,15.9930867182772,17.187098851037,19.649019273195,20.6076235846771,22.6583652611413,1,1,1,1,1,1,1,1,0.870967741935484,0.870967741935484,0.870967741935484,0.838709677419355,0.838709677419355,0.806451612903226,0.806451612903226,0.774193548387097,0,0,0,0,0,0,0,0,2716,2.639087,-2.22015463769562
"717",239,239,3,4.71544375344254,12.5876737268988,13.7168768131211,14.5446367389567,15.8492888340241,17.043300966784,19.505221388942,20.4638257004241,22.5145673768882,1,1,1,1,1,1,1,1,0.870967741935484,0.870967741935484,0.870967741935484,0.838709677419355,0.838709677419355,0.806451612903226,0.806451612903226,0.774193548387097,0,0,0,0,0,0,0,0,2717,2.733785,-1.98165875344254
"718",240,240,1,4.72341626379352,12.601555234087,13.7316059146362,14.5599871676942,15.865618551366,17.0605269249546,19.5242952961737,20.4836191483532,22.5359001378355,1,1,1,1,1,1,1,1,0.870967741935484,0.870967741935484,0.870967741935484,0.838709677419355,0.838709677419355,0.806451612903226,0.806451612903226,0.774193548387097,0,0,0,0,0,0,0,0,2718,2.861768,-1.86164826379352
"719",240,240,2,4.72510690119639,12.6032458714899,13.733296552039,14.5616778050971,15.8673091887688,17.0622175623575,19.5259859335766,20.485309785756,22.5375907752383,1,1,1,1,1,1,1,1,0.870967741935484,0.870967741935484,0.870967741935484,0.838709677419355,0.838709677419355,0.806451612903226,0.806451612903226,0.774193548387097,0,0,0,0,0,0,0,0,2719,2.838977,-1.88612990119639
"720",240,240,3,4.72480583529663,12.6029448055901,13.7329954861393,14.5613767391973,15.8670081228691,17.0619164964577,19.5256848676768,20.4850087198563,22.5372897093386,1,1,1,1,1,1,1,1,0.870967741935484,0.870967741935484,0.870967741935484,0.838709677419355,0.838709677419355,0.806451612903226,0.806451612903226,0.774193548387097,0,0,0,0,0,0,0,0,2720,3.091318,-1.63348783529663
"721",241,241,1,4.722274012778,12.5966572520593,13.7261692055814,14.5541555459356,15.8591644983077,17.053503225378,19.5160970487358,20.4749635641818,22.5262661734417,1,1,1,1,1,1,1,1,0.870967741935484,0.870967741935484,0.870967741935484,0.838709677419355,0.838709677419355,0.806451612903226,0.806451612903226,0.774193548387097,0,0,0,0,0,0,0,0,2721,2.805935,-1.916339012778
"722",241,241,2,4.71832853798763,12.5927117772689,13.722223730791,14.5502100711452,15.8552190235173,17.0495577505876,19.5121515739454,20.4710180893914,22.5223206986513,1,1,1,1,1,1,1,1,0.9,0.9,0.9,0.866666666666667,0.866666666666667,0.833333333333333,0.833333333333333,0.8,0,0,0,0,0,0,0,0,2722,4.240287,-0.478041537987632
"723",241,241,3,4.73815872989295,12.6125419691742,13.7420539226963,14.5700402630505,15.8750492154226,17.0693879424929,19.5319817658507,20.4908482812967,22.5421508905566,1,1,1,1,1,1,1,1,0.870967741935484,0.870967741935484,0.870967741935484,0.838709677419355,0.838709677419355,0.806451612903226,0.806451612903226,0.774193548387097,0,0,0,0,0,0,0,0,2723,2.690214,-2.04794472989295
"724",242,242,1,4.71754659656373,12.5917118615074,13.7211925485021,14.5491559689946,15.8541287968281,17.0484344628719,19.5109601180645,20.469800090696,22.5210459169274,1,1,1,1,1,1,1,1,0.9,0.9,0.9,0.866666666666667,0.866666666666667,0.833333333333333,0.833333333333333,0.8,0,0,0,0,0,0,0,0,2724,3.17408,-1.54346659656373
"725",242,242,2,4.72419602963627,12.59836129458,13.7278419815746,14.5558054020672,15.8607782299006,17.0550838959444,19.517609551137,20.4764495237685,22.52769535,1,1,1,1,1,1,1,1,0.870967741935484,0.870967741935484,0.870967741935484,0.838709677419355,0.838709677419355,0.806451612903226,0.806451612903226,0.774193548387097,0,0,0,0,0,0,0,0,2725,2.46038,-2.26381602963627
"726",242,242,3,4.71438814814868,12.5885534130924,13.718034100087,14.5459975205796,15.850970348413,17.0452760144568,19.5078016696494,20.4666416422809,22.5178874685124,1,1,1,1,1,1,1,1,0.870967741935484,0.870967741935484,0.870967741935484,0.838709677419355,0.838709677419355,0.806451612903226,0.806451612903226,0.774193548387097,0,0,0,0,0,0,0,0,2726,2.738444,-1.97594414814868
"727",243,243,1,4.71660414050897,12.5911333269032,13.7206662152724,14.5486679018718,15.8537010418257,17.0480619052696,19.5107013713715,20.4695856588506,22.5209262878112,1,1,1,1,1,1,1,1,1,1,1,0.962962962962963,0.962962962962963,0.925925925925926,0.925925925925926,0.888888888888889,0,0,0,0,0,0,0,0,2727,13.311122,8.59451785949103
"728",243,243,2,4.86288836835085,12.7374175547451,13.8669504431143,14.6949521297137,15.9999852696676,17.1943461331115,19.6569855992134,20.6158698866925,22.667210515653,1,1,1,1,1,1,1,1,0.870967741935484,0.870967741935484,0.870967741935484,0.838709677419355,0.838709677419355,0.806451612903226,0.806451612903226,0.774193548387097,0,0,0,0,0,0,0,0,2728,2.726702,-2.13618636835085
"729",243,243,3,4.71644167746949,12.5909708638638,13.7205037522329,14.5485054388323,15.8535385787862,17.0478994422301,19.510538908332,20.4694231958111,22.5207638247717,0,0,0,0,0,0,0,1,0,0,0,0,0,0,0,1,0,0,0,0,0,0,0,0,2729,21.97417,17.2577283225305
"730",244,244,1,4.9675565577905,12.873499168302,14.0075380398019,14.8388428277722,16.149082064312,17.3482075255451,19.8206710631775,20.7833805747543,22.8429045035238,1,1,1,1,1,1,1,1,0.870967741935484,0.870967741935484,0.870967741935484,0.838709677419355,0.838709677419355,0.806451612903226,0.806451612903226,0.774193548387097,1,1,1,1,1,1,1,0,2730,2.785718,-2.1818385577905
"731",244,244,2,4.73684798167149,12.642790592183,13.7768294636829,14.6081342516532,15.918373488193,17.1174989494261,19.5899624870585,20.5526719986353,22.6121959274048,1,1,1,1,1,1,1,1,0.9,0.9,0.9,0.866666666666667,0.866666666666667,0.833333333333333,0.833333333333333,0.8,1,1,1,1,1,1,1,0,2731,3.783503,-0.953344981671489
"732",244,244,3,4.74884465324369,12.6547872637552,13.7888261352551,14.6201309232254,15.9303701597652,17.1294956209983,19.6019591586306,20.5646686702075,22.624192598977,1,1,1,1,1,1,1,1,0.870967741935484,0.870967741935484,0.870967741935484,0.838709677419355,0.838709677419355,0.806451612903226,0.806451612903226,0.774193548387097,0,0,0,0,0,0,0,0,2732,2.657394,-2.09145065324369
"733",245,245,1,4.73204697465911,12.6362268651337,13.7700128897386,14.6011323288291,15.9110794325937,17.1099375351346,19.5818498088339,20.5443446733497,22.6034094077796,1,1,1,1,1,1,1,1,0.870967741935484,0.870967741935484,0.870967741935484,0.838709677419355,0.838709677419355,0.806451612903226,0.806451612903226,0.774193548387097,0,0,0,0,0,0,0,0,2733,2.681694,-2.05035297465911
"734",245,245,2,4.73232702577692,12.6365069162515,13.7702929408564,14.6014123799469,15.9113594837115,17.1102175862524,19.5821298599517,20.5446247244675,22.6036894588974,1,1,1,1,1,1,1,1,0.9,0.9,0.9,0.866666666666667,0.866666666666667,0.833333333333333,0.833333333333333,0.8,0,0,0,0,0,0,0,0,2734,5.374466,0.642138974223085
"735",245,245,3,4.76336051584297,12.6675404063176,13.8013264309225,14.632445870013,15.9423929737776,17.1412510763184,19.6131633500177,20.5756582145336,22.6347229489635,1,1,1,1,1,1,1,1,0.870967741935484,0.870967741935484,0.870967741935484,0.838709677419355,0.838709677419355,0.806451612903226,0.806451612903226,0.774193548387097,0,0,0,0,0,0,0,0,2735,2.331496,-2.43186451584297
"736",246,246,1,4.72876694508991,12.63316691755,13.7669845110062,14.5981270915761,15.9081106691765,17.1070021524191,19.5789832534185,20.5415049173979,22.6006269839054,1,1,1,1,1,1,1,1,0.9,0.9,0.9,0.866666666666667,0.866666666666667,0.833333333333333,0.833333333333333,0.8,0,0,0,0,0,0,0,0,2736,3.23731,-1.49145694508991
"737",246,246,2,4.73915286795054,12.6435528404106,13.7773704338668,14.6085130144367,15.9184965920372,17.1173880752797,19.5893691762791,20.5518908402585,22.611012906766,1,1,1,1,1,1,1,1,0.870967741935484,0.870967741935484,0.870967741935484,0.838709677419355,0.838709677419355,0.806451612903226,0.806451612903226,0.774193548387097,0,0,0,0,0,0,0,0,2737,2.599019,-2.14013386795054
"738",246,246,3,4.73183432232347,12.6362342947836,13.7700518882397,14.6011944688097,15.9111780464101,17.1100695296527,19.5820506306521,20.5445722946314,22.603694361139,1,1,1,1,1,1,1,1,0.870967741935484,0.870967741935484,0.870967741935484,0.838709677419355,0.838709677419355,0.806451612903226,0.806451612903226,0.774193548387097,0,0,0,0,0,0,0,0,2738,2.719993,-2.01184132232347
"739",247,247,1,4.73226751940284,12.6371054928615,13.7709859137606,14.6021745498542,15.9122307166603,17.1111886332398,19.5833067124026,20.5458817119231,22.6051178791245,1,1,1,1,1,1,1,1,0.964285714285714,0.964285714285714,0.964285714285714,0.928571428571429,0.928571428571429,0.892857142857143,0.892857142857143,0.857142857142857,0,0,0,0,0,0,0,0,2739,10.10774,5.37547248059716
"740",247,247,2,4.81739309473531,12.722231068194,13.8561114890931,14.6873001251867,15.9973562919928,17.1963142085723,19.6684322877351,20.6310072872556,22.690243454457,1,1,1,1,1,1,1,1,0.9,0.9,0.9,0.866666666666667,0.866666666666667,0.833333333333333,0.833333333333333,0.8,0,0,0,0,0,0,0,0,2740,6.166163,1.34876990526469
"741",247,247,3,4.77197613475519,12.6768141082139,13.810694529113,14.6418831652066,15.9519393320126,17.1508972485922,19.6230153277549,20.5855903272755,22.6448264944769,1,1,1,1,1,1,1,1,0.870967741935484,0.870967741935484,0.870967741935484,0.838709677419355,0.838709677419355,0.806451612903226,0.806451612903226,0.774193548387097,0,0,0,0,0,0,0,0,2741,2.631384,-2.14059213475519
"742",248,248,1,4.73566615750455,12.6429489955392,13.7771801110489,14.6086258230825,15.9190871733882,17.1184159122096,19.5912985856549,20.5541712972255,22.6140443596517,1,1,1,1,1,1,1,1,0.870967741935484,0.870967741935484,0.870967741935484,0.838709677419355,0.838709677419355,0.806451612903226,0.806451612903226,0.774193548387097,0,0,0,0,0,0,0,0,2742,3.112877,-1.62278915750455
"743",248,248,2,4.74121769253635,12.648500530571,13.7827316460807,14.6141773581143,15.92463870842,17.1239674472414,19.5968501206867,20.5597228322573,22.6195958946835,1,1,1,1,1,1,1,1,0.870967741935484,0.870967741935484,0.870967741935484,0.838709677419355,0.838709677419355,0.806451612903226,0.806451612903226,0.774193548387097,0,0,0,0,0,0,0,0,2743,2.950006,-1.79121169253635
"744",248,248,3,4.73933981671642,12.6466226547511,13.7808537702607,14.6122994822943,15.9227608326001,17.1220895714215,19.5949722448668,20.5578449564373,22.6177180188636,1,1,1,1,1,1,1,1,0.870967741935484,0.870967741935484,0.870967741935484,0.838709677419355,0.838709677419355,0.806451612903226,0.806451612903226,0.774193548387097,0,0,0,0,0,0,0,0,2744,3.061664,-1.67767581671642
"745",249,249,1,4.73683333602365,12.640143725318,13.7738050275229,14.6048330391227,15.914636041846,17.1133622637174,19.5850026141218,20.5473915991622,22.6062298256885,1,1,1,1,1,1,1,1,0.870967741935484,0.870967741935484,0.870967741935484,0.838709677419355,0.838709677419355,0.806451612903226,0.806451612903226,0.774193548387097,0,0,0,0,0,0,0,0,2745,2.656318,-2.08051533602365
"746",249,249,2,4.73208087370772,12.6353912630021,13.7690525652069,14.6000805768068,15.9098835795301,17.1086098014015,19.5802501518059,20.5426391368463,22.6014773633726,1,1,1,1,1,1,1,1,0.870967741935484,0.870967741935484,0.870967741935484,0.838709677419355,0.838709677419355,0.806451612903226,0.806451612903226,0.774193548387097,0,0,0,0,0,0,0,0,2746,2.650979,-2.08110187370772
"747",249,249,3,4.73201827682431,12.6353286661187,13.7689899683235,14.6000179799233,15.9098209826467,17.1085472045181,19.5801875549225,20.5425765399629,22.6014147664892,1,1,1,1,1,1,1,1,0.9,0.9,0.9,0.866666666666667,0.866666666666667,0.833333333333333,0.833333333333333,0.8,0,0,0,0,0,0,0,0,2747,4.605209,-0.126809276824307
"748",250,250,1,4.75545829976805,12.6586881299804,13.7923378766838,14.6233574175479,15.9331470693433,17.1318610725014,19.6034762292758,20.5658554046074,22.6246726452291,1,1,1,1,1,1,1,1,0.870967741935484,0.870967741935484,0.870967741935484,0.838709677419355,0.838709677419355,0.806451612903226,0.806451612903226,0.774193548387097,0,0,0,0,0,0,0,0,2748,2.726576,-2.02888229976806
"749",250,250,2,4.73342963902553,12.6366594692378,13.7703092159413,14.6013287568054,15.9111184086008,17.1098324117589,19.5814475685333,20.5438267438649,22.6026439844866,1,1,1,1,1,1,1,1,0.9,0.9,0.9,0.866666666666667,0.866666666666667,0.833333333333333,0.833333333333333,0.8,0,0,0,0,0,0,0,0,2749,3.274738,-1.45869163902553
"750",250,250,3,4.73985733125171,12.643087161464,13.7767369081675,14.6077564490316,15.917546100827,17.1162601039851,19.5878752607594,20.550254436091,22.6090716767128,1,1,1,1,1,1,1,1,0.870967741935484,0.870967741935484,0.870967741935484,0.838709677419355,0.838709677419355,0.806451612903226,0.806451612903226,0.774193548387097,0,0,0,0,0,0,0,0,2750,2.501147,-2.23871033125171
"751",251,251,1,4.72669417305899,12.6302456670318,13.7639415536108,14.5949949172127,15.9048378778291,17.1036006689969,19.5753164212295,20.5377347656744,22.5966358007586,1,1,1,1,1,1,1,1,0.964285714285714,0.964285714285714,0.964285714285714,0.928571428571429,0.928571428571429,0.892857142857143,0.892857142857143,0.857142857142857,0,0,0,0,0,0,0,0,2751,12.262403,7.53570882694101
"752",251,251,2,4.84247832440883,12.7460298183816,13.8797257049606,14.7107790685625,16.020622029179,17.2193848203468,19.6911005725793,20.6535189170242,22.7124199521085,1,1,1,1,1,1,1,1,0.870967741935484,0.870967741935484,0.870967741935484,0.838709677419355,0.838709677419355,0.806451612903226,0.806451612903226,0.774193548387097,0,0,0,0,0,0,0,0,2752,2.596751,-2.24572732440883
"753",251,251,3,4.72782818982954,12.6313796838023,13.7650755703813,14.5961289339832,15.9059718945997,17.1047346857675,19.576450438,20.5388687824449,22.5977698175292,1,1,1,1,1,1,1,1,0.870967741935484,0.870967741935484,0.870967741935484,0.838709677419355,0.838709677419355,0.806451612903226,0.806451612903226,0.774193548387097,0,0,0,0,0,0,0,0,2753,2.569759,-2.15806918982954
"754",252,252,1,4.73294666831947,12.6417654330483,13.7762168639157,14.6078240776548,15.9185399746374,17.1181016735113,19.5914646847146,20.5545244266381,22.6147976029958,1,1,1,1,1,1,1,1,0.870967741935484,0.870967741935484,0.870967741935484,0.838709677419355,0.838709677419355,0.806451612903226,0.806451612903226,0.774193548387097,0,0,0,0,0,0,0,0,2754,2.762129,-1.97081766831947
"755",252,252,2,4.73519361305318,12.644012377782,13.7784638086494,14.6100710223885,15.9207869193712,17.120348618245,19.5937116294483,20.5567713713718,22.6170445477295,1,1,1,1,1,1,1,1,0.870967741935484,0.870967741935484,0.870967741935484,0.838709677419355,0.838709677419355,0.806451612903226,0.806451612903226,0.774193548387097,0,0,0,0,0,0,0,0,2755,2.570868,-2.16432561305318
"756",252,252,3,4.73295962180343,12.6417783865323,13.7762298173997,14.6078370311388,15.9185529281214,17.1181146269953,19.5914776381985,20.5545373801221,22.6148105564798,1,1,1,1,1,1,1,1,0.870967741935484,0.870967741935484,0.870967741935484,0.838709677419355,0.838709677419355,0.806451612903226,0.806451612903226,0.774193548387097,0,0,0,0,0,0,0,0,2756,2.718719,-2.01424062180343
"757",253,253,1,4.72875058537749,12.6328210410829,13.7665913682197,14.5976993003145,15.9076282676297,17.106469771768,19.5783478214045,20.5408293600086,22.599865586323,1,1,1,1,1,1,1,1,0.870967741935484,0.870967741935484,0.870967741935484,0.838709677419355,0.838709677419355,0.806451612903226,0.806451612903226,0.774193548387097,0,0,0,0,0,0,0,0,2757,2.866437,-1.86231358537749
"758",253,253,2,4.73049766423852,12.634568119944,13.7683384470807,14.5994463791756,15.9093753464907,17.108216850629,19.5800949002655,20.5425764388696,22.601612665184,1,1,1,1,1,1,1,1,0.870967741935484,0.870967741935484,0.870967741935484,0.838709677419355,0.838709677419355,0.806451612903226,0.806451612903226,0.774193548387097,0,0,0,0,0,0,0,0,2758,2.702422,-2.02807566423852
"759",253,253,3,4.72855783876436,12.6326282944698,13.7663986216066,14.5975065537014,15.9074355210166,17.1062770251549,19.5781550747914,20.5406366133955,22.5996728397098,1,1,1,1,1,1,1,1,0.870967741935484,0.870967741935484,0.870967741935484,0.838709677419355,0.838709677419355,0.806451612903226,0.806451612903226,0.774193548387097,0,0,0,0,0,0,0,0,2759,2.757063,-1.97149483876436
"760",254,254,1,4.72758824285342,12.6320218492659,13.7658442672207,14.5969903843792,15.9069795360808,17.1058761207174,19.5778677402249,20.5403934998229,22.5995243280851,1,1,1,1,1,1,1,1,0.931034482758621,0.931034482758621,0.931034482758621,0.896551724137931,0.896551724137931,0.862068965517241,0.862068965517241,0.827586206896552,0,0,0,0,0,0,0,0,2760,7.197809,2.47022075714658
"761",254,254,2,4.78230686060634,12.6867404670188,13.8205628849737,14.6517090021321,15.9616981538337,17.1605947384704,19.6325863579778,20.5951121175758,22.654242945838,1,1,1,1,1,1,1,1,0.870967741935484,0.870967741935484,0.870967741935484,0.838709677419355,0.838709677419355,0.806451612903226,0.806451612903226,0.774193548387097,0,0,0,0,0,0,0,0,2761,2.591186,-2.19112086060634
"762",254,254,3,4.72554431596433,12.6299779223768,13.7638003403317,14.5949464574901,15.9049356091917,17.1038321938283,19.5758238133358,20.5383495729338,22.597480401196,1,1,1,1,1,1,1,1,0.9,0.9,0.9,0.866666666666667,0.866666666666667,0.833333333333333,0.833333333333333,0.8,0,0,0,0,0,0,0,0,2762,3.34701,-1.37853431596433
"763",255,255,1,4.73892940904869,12.643856545543,13.7777497561059,14.6089477676355,15.9190187112889,17.1179901515774,19.590136115126,20.5527219720618,22.6119813665259,1,1,1,1,1,1,1,1,0.931034482758621,0.931034482758621,0.931034482758621,0.896551724137931,0.896551724137931,0.862068965517241,0.862068965517241,0.827586206896552,0,0,0,0,0,0,0,0,2763,8.02434,3.28541059095131
"764",255,255,2,4.79374270246284,12.6986698389571,13.83256304952,14.6637610610496,15.9738320047031,17.1728034449915,19.6449494085401,20.607535265476,22.66679465994,1,1,1,1,1,1,1,1,0.870967741935484,0.870967741935484,0.870967741935484,0.838709677419355,0.838709677419355,0.806451612903226,0.806451612903226,0.774193548387097,0,0,0,0,0,0,0,0,2764,2.580937,-2.21280570246284
"765",255,255,3,4.72995185473337,12.6348789912277,13.7687722017906,14.5999702133201,15.9100411569736,17.109012597262,19.5811585608107,20.5437444177465,22.6030038122105,1,1,1,1,1,1,1,1,0.870967741935484,0.870967741935484,0.870967741935484,0.838709677419355,0.838709677419355,0.806451612903226,0.806451612903226,0.774193548387097,0,0,0,0,0,0,0,0,2765,3.008808,-1.72114385473337
"766",256,256,1,4.73227648954761,12.6327554144552,13.7660105676609,14.596740852599,15.9060746012536,17.1043713637669,19.5751262166666,20.5371704132571,22.5952710340424,1,1,1,1,1,1,1,1,0.870967741935484,0.870967741935484,0.870967741935484,0.838709677419355,0.838709677419355,0.806451612903226,0.806451612903226,0.774193548387097,0,0,0,0,0,0,0,0,2766,3.028252,-1.70402448954761
"767",256,256,2,4.7324913467748,12.6329702716824,13.7662254248881,14.5969557098262,15.9062894584808,17.1045862209941,19.5753410738938,20.5373852704843,22.5954858912696,1,1,1,1,1,1,1,1,0.870967741935484,0.870967741935484,0.870967741935484,0.838709677419355,0.838709677419355,0.806451612903226,0.806451612903226,0.774193548387097,0,0,0,0,0,0,0,0,2767,3.059923,-1.6725683467748
"768",256,256,3,4.73284131299793,12.6333202379055,13.7665753911112,14.5973056760493,15.9066394247039,17.1049361872173,19.5756910401169,20.5377352367075,22.5958358574927,1,1,1,1,1,1,1,1,0.870967741935484,0.870967741935484,0.870967741935484,0.838709677419355,0.838709677419355,0.806451612903226,0.806451612903226,0.774193548387097,0,0,0,0,0,0,0,0,2768,2.879109,-1.85373231299793
"769",257,257,1,4.72636224659676,12.624119034072,13.7569837202817,14.587427774217,15.8963103873845,17.0941942725896,19.5640978183299,20.5258105392537,22.5832020343274,1,1,1,1,1,1,1,1,0.870967741935484,0.870967741935484,0.870967741935484,0.838709677419355,0.838709677419355,0.806451612903226,0.806451612903226,0.774193548387097,0,0,0,0,0,0,0,0,2769,2.84591,-1.88045224659676
"770",257,257,2,4.72599353938723,12.6237503268624,13.7566150130722,14.5870590670075,15.895941680175,17.0938255653801,19.5637291111203,20.5254418320442,22.5828333271178,1,1,1,1,1,1,1,1,0.9,0.9,0.9,0.866666666666667,0.866666666666667,0.833333333333333,0.833333333333333,0.8,0,0,0,0,0,0,0,0,2770,5.419843,0.693849460612774
"771",257,257,3,4.75457957071252,12.6523363581877,13.7852010443975,14.6156450983328,15.9245277115003,17.1224115967054,19.5923151424456,20.5540278633695,22.6114193584431,1,1,1,1,1,1,1,1,0.870967741935484,0.870967741935484,0.870967741935484,0.838709677419355,0.838709677419355,0.806451612903226,0.806451612903226,0.774193548387097,0,0,0,0,0,0,0,0,2771,2.75685,-1.99772957071252
"772",258,258,1,4.72556968891034,12.6234654506961,13.7563500715648,14.5868087385596,15.8957143837175,17.0936193477038,19.56356635555,20.5252959994262,22.5827236977627,1,1,1,1,1,1,1,1,0.9,0.9,0.9,0.866666666666667,0.866666666666667,0.833333333333333,0.833333333333333,0.8,0,0,0,0,0,0,0,0,2772,3.545334,-1.18023568891034
"773",258,258,2,4.73428986450575,12.6321856262915,13.7650702471602,14.595528914155,15.904434559313,17.1023395232992,19.5722865311454,20.5340161750217,22.5914438733581,1,1,1,1,1,1,1,1,0.870967741935484,0.870967741935484,0.870967741935484,0.838709677419355,0.838709677419355,0.806451612903226,0.806451612903226,0.774193548387097,0,0,0,0,0,0,0,0,2773,2.815111,-1.91917886450575
"774",258,258,3,4.7262140217698,12.6241097835555,13.7569944044243,14.5874530714191,15.896358716577,17.0942636805633,19.5642106884095,20.5259403322857,22.5833680306222,1,1,1,1,1,1,1,1,0.9,0.9,0.9,0.866666666666667,0.866666666666667,0.833333333333333,0.833333333333333,0.8,0,0,0,0,0,0,0,0,2774,3.420759,-1.3054550217698
"775",259,259,1,4.73307805860141,12.6310552527965,13.7639515544379,14.5944187839982,15.9033379248192,17.1012552399798,19.5712277145759,20.5329672745063,22.5904161862519,1,1,1,1,1,1,1,1,0.964285714285714,0.964285714285714,0.964285714285714,0.928571428571429,0.928571428571429,0.892857142857143,0.892857142857143,0.857142857142857,0,0,0,0,0,0,0,0,2775,11.601885,6.86880694139859
"776",259,259,2,4.82533299348678,12.7233101876819,13.8562064893232,14.6866737188836,15.9955928597046,17.1935101748652,19.6634826494612,20.6252222093916,22.6826711211373,1,1,1,1,1,1,1,1,0.870967741935484,0.870967741935484,0.870967741935484,0.838709677419355,0.838709677419355,0.806451612903226,0.806451612903226,0.774193548387097,0,0,0,0,0,0,0,0,2776,2.522707,-2.30262599348678
"777",259,259,3,4.72295112390029,12.6209283180954,13.7538246197367,14.5842918492971,15.8932109901181,17.0911283052787,19.5611007798747,20.5228403398051,22.5802892515508,1,1,1,1,1,1,1,1,0.870967741935484,0.870967741935484,0.870967741935484,0.838709677419355,0.838709677419355,0.806451612903226,0.806451612903226,0.774193548387097,0,0,0,0,0,0,0,0,2777,2.79803,-1.92492112390029
"778",260,260,1,4.73323552914039,12.6350213519723,13.768463968346,14.5993316727615,15.908882011521,17.107376996391,19.5785405617775,20.5407438998044,22.5991849717768,1,1,1,1,1,1,1,1,0.9,0.9,0.9,0.866666666666667,0.866666666666667,0.833333333333333,0.833333333333333,0.8,0,0,0,0,0,0,0,0,2778,3.251607,-1.48162852914039
"779",260,260,2,4.73807220354669,12.6398580263786,13.7733006427523,14.6041683471678,15.9137186859273,17.1122136707973,19.5833772361838,20.5455805742107,22.6040216461831,1,1,1,1,1,1,1,1,0.9,0.9,0.9,0.866666666666667,0.866666666666667,0.833333333333333,0.833333333333333,0.8,0,0,0,0,0,0,0,0,2779,4.185184,-0.552888203546688
"780",260,260,3,4.74802731146046,12.6498131342924,13.7832557506661,14.6141234550816,15.923673793841,17.1221687787111,19.5933323440976,20.5555356821245,22.6139767540969,1,1,1,1,1,1,1,1,0.870967741935484,0.870967741935484,0.870967741935484,0.838709677419355,0.838709677419355,0.806451612903226,0.806451612903226,0.774193548387097,0,0,0,0,0,0,0,0,2780,3.056997,-1.69103031146046
"781",261,261,1,4.72056153291807,12.6050062617409,13.7359614486391,14.5650057481567,15.8716821751141,17.0675469679404,19.5332873694169,20.4933790761094,22.5473027363295,1,1,1,1,1,1,1,1,0.870967741935484,0.870967741935484,0.870967741935484,0.838709677419355,0.838709677419355,0.806451612903226,0.806451612903226,0.774193548387097,0,0,0,0,0,0,0,0,2781,2.910868,-1.80969353291807
"782",261,261,2,4.71873897210296,12.6031837009258,13.734138887824,14.5631831873416,15.869859614299,17.0657244071253,19.5314648086018,20.4915565152943,22.5454801755144,1,1,1,1,1,1,1,1,0.870967741935484,0.870967741935484,0.870967741935484,0.838709677419355,0.838709677419355,0.806451612903226,0.806451612903226,0.774193548387097,0,0,0,0,0,0,0,0,2782,2.530222,-2.18851697210296
"783",261,261,3,4.71399145118632,12.5984361800092,13.7293913669074,14.558435666425,15.8651120933823,17.0609768862087,19.5267172876851,20.4868089943777,22.5407326545977,1,1,1,1,1,1,1,1,0.870967741935484,0.870967741935484,0.870967741935484,0.838709677419355,0.838709677419355,0.806451612903226,0.806451612903226,0.774193548387097,0,0,0,0,0,0,0,0,2783,2.798778,-1.91521345118632
"784",262,262,1,4.71718698921501,12.6018799069589,13.7328706944044,14.5619410908276,15.8686586497383,17.064561086356,19.53037910515,20.4905010338979,22.5444893481442,1,1,1,1,1,1,1,1,0.870967741935484,0.870967741935484,0.870967741935484,0.838709677419355,0.838709677419355,0.806451612903226,0.806451612903226,0.774193548387097,0,0,0,0,0,0,0,0,2784,2.801345,-1.91584198921501
"785",262,262,2,4.7172185551622,12.601911472906,13.7329022603516,14.5619726567748,15.8686902156855,17.0645926523032,19.5304106710972,20.4905325998451,22.5445209140914,1,1,1,1,1,1,1,1,0.870967741935484,0.870967741935484,0.870967741935484,0.838709677419355,0.838709677419355,0.806451612903226,0.806451612903226,0.774193548387097,0,0,0,0,0,0,0,0,2785,2.763932,-1.9532865551622
"786",262,262,3,4.71675849408621,12.6014514118301,13.7324421992756,14.5615125956988,15.8682301546095,17.0641325912272,19.5299506100212,20.4900725387691,22.5440608530154,1,1,1,1,1,1,1,1,0.870967741935484,0.870967741935484,0.870967741935484,0.838709677419355,0.838709677419355,0.806451612903226,0.806451612903226,0.774193548387097,0,0,0,0,0,0,0,0,2786,2.609614,-2.10714449408621
"787",263,263,1,4.71292505548454,12.598010687765,13.7290578067035,14.558169496808,15.8649521396713,17.06091414085,19.5268549751538,20.4870247248938,22.5411153425624,1,1,1,1,1,1,1,1,0.964285714285714,0.964285714285714,0.964285714285714,0.928571428571429,0.928571428571429,0.892857142857143,0.892857142857143,0.857142857142857,0,0,0,0,0,0,0,0,2787,9.703462,4.99053694451546
"788",263,263,2,4.80262076244335,12.6877063947238,13.8187535136623,14.6478652037668,15.9546478466301,17.1506098478088,19.6165506821126,20.5767204318526,22.6308110495213,1,1,1,1,1,1,1,1,0.9,0.9,0.9,0.866666666666667,0.866666666666667,0.833333333333333,0.833333333333333,0.8,0,0,0,0,0,0,0,0,2788,5.662922,0.860301237556654
"789",263,263,3,4.75153155221565,12.6366171844961,13.7676643034346,14.5967759935391,15.9035586364024,17.0995206375811,19.5654614718849,20.5256312216249,22.5797218392936,1,1,1,1,1,1,1,1,0.870967741935484,0.870967741935484,0.870967741935484,0.838709677419355,0.838709677419355,0.806451612903226,0.806451612903226,0.774193548387097,0,0,0,0,0,0,0,0,2789,2.829323,-1.92220855221565
"790",264,264,1,4.72106544158968,12.6084246889668,13.7397979382638,14.5691486975355,15.8763081429959,17.0726149923332,19.5392668652445,20.4997134739231,22.5543963757666,1,1,1,1,1,1,1,1,0.9,0.9,0.9,0.866666666666667,0.866666666666667,0.833333333333333,0.833333333333333,0.8,0,0,0,0,0,0,0,0,2790,3.295774,-1.42529144158968
"791",264,264,2,4.72677389010721,12.6141331374843,13.7455063867813,14.574857146053,15.8820165915135,17.0783234408507,19.544975313762,20.5054219224406,22.5601048242842,1,1,1,1,1,1,1,1,0.870967741935484,0.870967741935484,0.870967741935484,0.838709677419355,0.838709677419355,0.806451612903226,0.806451612903226,0.774193548387097,0,0,0,0,0,0,0,0,2791,2.588724,-2.13804989010721
"792",264,264,3,4.71812098010312,12.6054802274802,13.7368534767772,14.5662042360489,15.8733636815094,17.0696705308466,19.5363224037579,20.4967690124365,22.5514519142801,1,1,1,1,1,1,1,1,0.870967741935484,0.870967741935484,0.870967741935484,0.838709677419355,0.838709677419355,0.806451612903226,0.806451612903226,0.774193548387097,0,0,0,0,0,0,0,0,2792,2.994408,-1.72371298010312
"793",265,265,1,4.69781285344625,12.520817157902,13.6429592490132,14.4655431273682,15.7620371309661,16.9485830125839,19.3951088540176,20.3477189378541,22.3856371664119,1,1,1,1,1,1,1,1,0.870967741935484,0.870967741935484,0.870967741935484,0.838709677419355,0.838709677419355,0.806451612903226,0.806451612903226,0.774193548387097,0,0,0,0,0,0,0,0,2793,2.436396,-2.26141685344625
"794",265,265,2,4.68917287245541,12.5121771769112,13.6343192680223,14.4569031463773,15.7533971499753,16.939943031593,19.3864688730268,20.3390789568633,22.3769971854211,1,1,1,1,1,1,1,1,0.870967741935484,0.870967741935484,0.870967741935484,0.838709677419355,0.838709677419355,0.806451612903226,0.806451612903226,0.774193548387097,0,0,0,0,0,0,0,0,2794,2.867982,-1.82119087245541
"795",265,265,3,4.69585533597933,12.5188596404351,13.6410017315463,14.4635856099012,15.7600796134992,16.946625495117,19.3931513365507,20.3457614203872,22.383679648945,1,1,1,1,1,1,1,1,0.870967741935484,0.870967741935484,0.870967741935484,0.838709677419355,0.838709677419355,0.806451612903226,0.806451612903226,0.774193548387097,0,0,0,0,0,0,0,0,2795,2.7407,-1.95515533597933
"796",266,266,1,4.69236531999033,12.5156189491648,13.6377968037436,14.4604068984326,15.7569422222178,16.9435259198979,19.3901297338526,20.3427701780509,22.3807533565141,1,1,1,1,1,1,1,1,0.870967741935484,0.870967741935484,0.870967741935484,0.838709677419355,0.838709677419355,0.806451612903226,0.806451612903226,0.774193548387097,0,0,0,0,0,0,0,0,2796,2.662327,-2.03003831999033
"797",266,266,2,4.69112477924965,12.5143784084242,13.6365562630029,14.4591663576919,15.7557016814772,16.9422853791572,19.3888891931119,20.3415296373103,22.3795128157734,1,1,1,1,1,1,1,1,0.870967741935484,0.870967741935484,0.870967741935484,0.838709677419355,0.838709677419355,0.806451612903226,0.806451612903226,0.774193548387097,0,0,0,0,0,0,0,0,2797,2.501882,-2.18924277924965
"798",266,266,3,4.6885851474997,12.5118387766742,13.634016631253,14.456626725942,15.7531620497272,16.9397457474073,19.386349561362,20.3389900055603,22.3769731840235,1,1,1,1,1,1,1,1,1,1,1,0.962962962962963,0.962962962962963,0.925925925925926,0.925925925925926,0.888888888888889,0,0,0,0,0,0,0,0,2798,14.038338,9.3497528525003
"799",267,267,1,4.87268705148569,12.7034944723469,13.8267558528027,14.6501602238362,15.947947425448,17.1356768364714,19.5846429841081,20.5382032562717,22.5781542221953,1,1,1,1,1,1,1,1,0.964285714285714,0.964285714285714,0.964285714285714,0.928571428571429,0.928571428571429,0.892857142857143,0.892857142857143,0.857142857142857,0,0,0,0,0,0,0,0,2799,9.842073,4.96938594851431
"800",267,267,2,4.80757632821845,12.6383837490797,13.7616451295354,14.5850495005689,15.8828367021808,17.0705661132042,19.5195322608408,20.4730925330045,22.5130434989281,1,1,1,1,1,1,1,1,0.870967741935484,0.870967741935484,0.870967741935484,0.838709677419355,0.838709677419355,0.806451612903226,0.806451612903226,0.774193548387097,0,0,0,0,0,0,0,0,2800,2.550997,-2.25657932821845
"801",267,267,3,4.69444542925082,12.5252528501121,13.6485142305678,14.4719186016013,15.7697058032131,16.9574352142365,19.4064013618732,20.3599616340368,22.3999125999604,1,1,1,1,1,1,1,1,0.870967741935484,0.870967741935484,0.870967741935484,0.838709677419355,0.838709677419355,0.806451612903226,0.806451612903226,0.774193548387097,0,0,0,0,0,0,0,0,2801,2.677472,-2.01697342925082
"802",268,268,1,4.69627358310378,12.5296645066483,13.6532964681481,14.4769724928296,15.7751878542131,16.9633091152662,19.4130832141489,20.3669580803754,22.4075820572047,1,1,1,1,1,1,1,1,0.870967741935484,0.870967741935484,0.870967741935484,0.838709677419355,0.838709677419355,0.806451612903226,0.806451612903226,0.774193548387097,0,0,0,0,0,0,0,0,2802,2.714616,-1.98165758310378
"803",268,268,2,4.69687813234985,12.5302690558944,13.6539010173942,14.4775770420756,15.7757924034592,16.9639136645123,19.413687763395,20.3675626296215,22.4081866064507,0,0,0,0,0,1,1,1,0,0,0,0,0,1,1,0.96,0,0,0,0,0,0,0,0,2803,19.071879,14.3750008676502
"804",268,268,3,4.96310608341395,12.7964970069585,13.9201289684583,14.7438049931397,16.0420203545233,17.2301416155764,19.6799157144591,20.6337905806856,22.6744145575148,1,1,1,1,1,1,1,1,0.870967741935484,0.870967741935484,0.870967741935484,0.838709677419355,0.838709677419355,0.806451612903226,0.806451612903226,0.774193548387097,1,1,1,1,1,0,0,0,2804,2.681579,-2.28152708341395
"805",269,269,1,4.70072628839068,12.5455316694985,13.6708009358981,14.4956771834615,15.7957842446587,16.9856367814577,19.4389805786696,20.3942453875515,22.4378428679392,1,1,1,1,1,1,1,1,0.870967741935484,0.870967741935484,0.870967741935484,0.838709677419355,0.838709677419355,0.806451612903226,0.806451612903226,0.774193548387097,1,1,1,1,1,0,0,0,2805,2.724225,-1.97650128839068
"806",269,269,2,4.70137589889296,12.5461812800007,13.6714505464004,14.4963267939638,15.796433855161,16.98628639196,19.4396301891719,20.3948949980538,22.4384924784415,1,1,1,1,1,1,1,1,0.870967741935484,0.870967741935484,0.870967741935484,0.838709677419355,0.838709677419355,0.806451612903226,0.806451612903226,0.774193548387097,0,0,0,0,0,0,0,0,2806,2.642334,-2.05904189889296
"807",269,269,3,4.70012848404415,12.5449338651519,13.6702031315516,14.495079379115,15.7951864403122,16.9850389771112,19.4383827743231,20.393647583205,22.4372450635927,1,1,1,1,1,1,1,1,0.870967741935484,0.870967741935484,0.870967741935484,0.838709677419355,0.838709677419355,0.806451612903226,0.806451612903226,0.774193548387097,0,0,0,0,0,0,0,0,2807,2.996332,-1.70379648404415
"808",270,270,1,4.70419701563162,12.5496317409505,13.6749912813167,14.4999337040197,15.8001450654274,16.9900930573423,19.4436336724026,20.3989751167583,22.4427365433731,1,1,1,1,1,1,1,1,0.9,0.9,0.9,0.866666666666667,0.866666666666667,0.833333333333333,0.833333333333333,0.8,0,0,0,0,0,0,0,0,2808,3.439915,-1.26428201563162
"809",270,270,2,4.71105489930011,12.556489624619,13.6818491649852,14.5067915876882,15.8070029490959,16.9969509410107,19.4504915560711,20.4058330004268,22.4495944270415,1,1,1,1,1,1,1,1,0.870967741935484,0.870967741935484,0.870967741935484,0.838709677419355,0.838709677419355,0.806451612903226,0.806451612903226,0.774193548387097,0,0,0,0,0,0,0,0,2809,2.571674,-2.13938089930011
"810",270,270,3,4.69763171632374,12.5430664416426,13.6684259820088,14.4933684047118,15.7935797661195,16.9835277580344,19.4370683730947,20.3924098174504,22.4361712440652,1,1,1,1,1,1,1,1,0.870967741935484,0.870967741935484,0.870967741935484,0.838709677419355,0.838709677419355,0.806451612903226,0.806451612903226,0.774193548387097,0,0,0,0,0,0,0,0,2810,3.066544,-1.63108771632374
"811",271,271,1,4.68494763173484,12.424898847868,13.5351276940701,14.3489785935281,15.6317083415025,16.8056572340264,19.2262094828498,20.1687061618676,22.1849887890575,0,0,0,1,1,1,1,1,0,0,0,1,1,0.961538461538462,0.961538461538462,0.923076923076923,0,0,0,0,0,0,0,0,2811,16.397671,11.7127233682652
"812",271,271,2,4.88286185362154,12.6228130697547,13.7330419159568,14.5468928154148,15.8296225633892,17.0035714559131,19.4241237047365,20.3666203837543,22.3829030109442,1,1,1,1,1,1,1,1,0.870967741935484,0.870967741935484,0.870967741935484,0.838709677419355,0.838709677419355,0.806451612903226,0.806451612903226,0.774193548387097,1,1,1,0,0,0,0,0,2812,2.562927,-2.31993485362154
"813",271,271,3,4.677470922025,12.4174221381582,13.5276509843603,14.3415018838182,15.6242316317927,16.7981805243165,19.21873277314,20.1612294521577,22.1775120793476,1,1,1,1,1,1,1,1,0.903225806451613,0.870967741935484,0.870967741935484,0.870967741935484,0.838709677419355,0.806451612903226,0.806451612903226,0.774193548387097,1,1,1,0,0,0,0,0,2813,2.941872,-1.735598922025
"814",272,272,1,4.69059192720016,12.4429232269667,13.5549278887501,14.3700805460511,15.6548620255049,16.8306886540848,19.2551125861324,20.1991167924439,22.2186244719443,1,1,1,1,1,1,1,1,0.903225806451613,0.870967741935484,0.870967741935484,0.838709677419355,0.838709677419355,0.806451612903226,0.806451612903226,0.774193548387097,0,0,0,0,0,0,0,0,2814,2.530026,-2.16056592720016
"815",272,272,2,4.68483016735463,12.4371614671211,13.5491661289045,14.3643187862056,15.6491002656593,16.8249268942393,19.2493508262869,20.1933550325983,22.2128627120988,1,1,1,1,1,1,1,1,0.903225806451613,0.870967741935484,0.870967741935484,0.838709677419355,0.838709677419355,0.806451612903226,0.806451612903226,0.774193548387097,0,0,0,0,0,0,0,0,2815,2.660551,-2.02427916735463
"816",272,272,3,4.68665622297697,12.4389875227435,13.5509921845269,14.3661448418279,15.6509263212817,16.8267529498616,19.2511768819092,20.1951810882207,22.2146887677211,1,1,1,1,1,1,1,1,0.903225806451613,0.870967741935484,0.870967741935484,0.838709677419355,0.838709677419355,0.806451612903226,0.806451612903226,0.774193548387097,0,0,0,0,0,0,0,0,2816,3.12032,-1.56633622297697
"817",273,273,1,4.68778342540069,12.4393578990504,13.551254000694,14.3663270782149,15.6509831300856,16.8266949678669,19.2508822140352,20.1947942613548,22.2141047851745,1,1,1,1,1,1,1,1,0.903225806451613,0.870967741935484,0.870967741935484,0.838709677419355,0.838709677419355,0.806451612903226,0.806451612903226,0.774193548387097,0,0,0,0,0,0,0,0,2817,2.753945,-1.93383842540069
"818",273,273,2,4.68250692920291,12.4340814028526,13.5459775044962,14.3610505820171,15.6457066338878,16.8214184716691,19.2456057178374,20.189517765157,22.2088282889767,1,1,1,1,1,1,1,1,0.903225806451613,0.870967741935484,0.870967741935484,0.838709677419355,0.838709677419355,0.806451612903226,0.806451612903226,0.774193548387097,0,0,0,0,0,0,0,0,2818,2.905997,-1.77650992920291
"819",273,273,3,4.6846967669371,12.4362712405868,13.5481673422304,14.3632404197513,15.647896471622,16.8236083094033,19.2477955555716,20.1917076028912,22.2110181267109,1,1,1,1,1,1,1,1,0.933333333333333,0.9,0.9,0.866666666666667,0.866666666666667,0.833333333333333,0.833333333333333,0.8,0,0,0,0,0,0,0,0,2819,5.552475,0.867778233062897
"820",274,274,1,4.72320291243175,12.4749311327363,13.5868492880035,14.4019385318864,15.6866200639446,16.8623552210866,19.2865905491874,20.2305213182931,22.2498718936196,1,1,1,1,1,1,1,1,0.903225806451613,0.870967741935484,0.870967741935484,0.838709677419355,0.838709677419355,0.806451612903226,0.806451612903226,0.774193548387097,0,0,0,0,0,0,0,0,2820,2.855833,-1.86736991243175
"821",274,274,2,4.68486440553292,12.4365926258374,13.5485107811046,14.3636000249876,15.6482815570457,16.8240167141878,19.2482520422886,20.1921828113943,22.2115333867208,1,1,1,1,1,1,1,1,0.933333333333333,0.9,0.9,0.866666666666667,0.866666666666667,0.833333333333333,0.833333333333333,0.8,0,0,0,0,0,0,0,0,2821,3.265798,-1.41906640553292
"822",274,274,3,4.69069293078053,12.442421151085,13.5543393063523,14.3694285502352,15.6541100822933,16.8298452394354,19.2540805675362,20.1980113366419,22.2173619119684,1,1,1,1,1,1,1,1,0.903225806451613,0.870967741935484,0.870967741935484,0.838709677419355,0.838709677419355,0.806451612903226,0.806451612903226,0.774193548387097,0,0,0,0,0,0,0,0,2822,3.02727,-1.66342293078053
"823",275,275,1,4.68641751436715,12.4383971347887,13.5503513512215,14.3654670296652,15.6501902258631,16.8259635138513,19.2502774635224,20.1942388457119,22.2136549115919,1,1,1,1,1,1,1,1,1,0.964285714285714,0.964285714285714,0.928571428571429,0.928571428571429,0.892857142857143,0.892857142857143,0.857142857142857,0,0,0,0,0,0,0,0,2823,10.739619,6.05320148563285
"824",275,275,2,4.79748357704967,12.5494631974713,13.661417413904,14.4765330923477,15.7612562885456,16.9370295765339,19.3613435262049,20.3053049083945,22.3247209742744,1,1,1,1,1,1,1,1,0.870967741935484,0.870967741935484,0.870967741935484,0.838709677419355,0.838709677419355,0.806451612903226,0.806451612903226,0.774193548387097,0,0,0,0,0,0,0,0,2824,2.879615,-1.91786857704967
"825",275,275,3,4.68429112466599,12.4362707450876,13.5482249615203,14.3633406399641,15.6480638361619,16.8238371241502,19.2481510738212,20.1921124560108,22.2115285218907,0,0,0,0,0,0,0,1,0,0,0,0,0,0,0,1,0,0,0,0,0,0,0,0,2825,22.448258,17.763966875334
"826",276,276,1,4.95947182185009,12.7418498283913,13.858164429561,14.6764764787822,15.9662375509404,17.146621481906,19.5804420653823,20.5281050701229,22.5554400150908,1,1,1,1,1,1,1,1,0.9,0.9,0.9,0.866666666666667,0.866666666666667,0.833333333333333,0.833333333333333,0.8,1,1,1,1,1,1,1,0,2826,5.208963,0.249491178149914
"827",276,276,2,4.72963222779241,12.5120102343336,13.6283248355034,14.4466368847245,15.7363979568827,16.9167818878483,19.3506024713247,20.2982654760652,22.3256004210331,1,1,1,1,1,1,1,1,0.870967741935484,0.870967741935484,0.870967741935484,0.838709677419355,0.838709677419355,0.806451612903226,0.806451612903226,0.774193548387097,1,1,1,1,1,1,1,0,2827,2.952782,-1.77685022779241
"828",276,276,3,4.69955212734975,12.481930133891,13.5982447350607,14.4165567842818,15.7063178564401,16.8867017874057,19.320522370882,20.2681853756225,22.2955203205905,1,1,1,1,1,1,1,1,0.933333333333333,0.9,0.9,0.866666666666667,0.866666666666667,0.833333333333333,0.833333333333333,0.8,0,0,0,0,0,0,0,0,2828,3.859201,-0.840351127349752
"829",277,277,1,4.70595615968489,12.4814825645448,13.5968143629013,14.414405970606,15.7030315377652,16.8823762593119,19.3140541083711,20.260882791079,22.2864328713815,1,1,1,1,1,1,1,1,0.903225806451613,0.870967741935484,0.870967741935484,0.838709677419355,0.838709677419355,0.806451612903226,0.806451612903226,0.774193548387097,0,0,0,0,0,0,0,0,2829,2.703002,-2.00295415968489
"830",277,277,2,4.68984554209501,12.4653719469549,13.5807037453114,14.3982953530161,15.6869209201753,16.866265641722,19.2979434907812,20.2447721734891,22.2703222537916,1,1,1,1,1,1,1,1,0.933333333333333,0.9,0.9,0.866666666666667,0.866666666666667,0.833333333333333,0.833333333333333,0.8,0,0,0,0,0,0,0,0,2830,5.035554,0.345708457904987
"831",277,277,3,4.72234760556377,12.4978740104236,13.6132058087801,14.4307974164849,15.7194229836441,16.8987677051908,19.3304455542499,20.2772742369579,22.3028243172603,1,1,1,1,1,1,1,1,0.903225806451613,0.870967741935484,0.870967741935484,0.838709677419355,0.838709677419355,0.806451612903226,0.806451612903226,0.774193548387097,0,0,0,0,0,0,0,0,2831,3.043401,-1.67894660556377
"832",278,278,1,4.69611866493785,12.471889459522,13.587256313464,14.4048736185913,15.693539688069,16.872921477168,19.3046757554035,20.2515341975372,22.2771479421628,1,1,1,1,1,1,1,1,0.96551724137931,0.931034482758621,0.931034482758621,0.896551724137931,0.896551724137931,0.862068965517241,0.862068965517241,0.827586206896552,0,0,0,0,0,0,0,0,2832,8.037168,3.34104933506215
"833",278,278,2,4.76443890926346,12.5402097038476,13.6555765577896,14.4731938629169,15.7618599323946,16.9412417214936,19.3729959997291,20.3198544418629,22.3454681864884,1,1,1,1,1,1,1,1,0.870967741935484,0.870967741935484,0.870967741935484,0.838709677419355,0.838709677419355,0.806451612903226,0.806451612903226,0.774193548387097,0,0,0,0,0,0,0,0,2833,3.049371,-1.71506790926346
"834",278,278,3,4.69620034112711,12.4719711357113,13.5873379896533,14.4049552947806,15.6936213642583,16.8730031533572,19.3047574315928,20.2516158737265,22.2772296183521,1,1,1,1,1,1,1,1,0.933333333333333,0.9,0.9,0.866666666666667,0.866666666666667,0.833333333333333,0.833333333333333,0.8,0,0,0,0,0,0,0,0,2834,3.286121,-1.41007934112711
"835",279,279,1,4.69791296167154,12.4724611756834,13.58765266105,14.4051414126153,15.6936048657683,16.8728012212554,19.304173155976,20.2508827240281,22.2761779824127,0,0,0,0,0,1,1,1,0,0,0,0,0,1,1,0.96,0,0,0,0,0,0,0,0,2835,21.752146,17.0542330383285
"836",279,279,2,4.95499982666429,12.7295480406761,13.8447395260428,14.6622282776081,15.950691730761,17.1298880862482,19.5612600209688,20.5079695890208,22.5332648474054,1,1,1,1,1,1,1,1,0.870967741935484,0.870967741935484,0.870967741935484,0.838709677419355,0.838709677419355,0.806451612903226,0.806451612903226,0.774193548387097,1,1,1,1,1,0,0,0,2836,2.972649,-1.98235082666429
"837",279,279,3,4.6935487558534,12.4680969698652,13.5832884552319,14.4007772067972,15.6892406599501,16.8684370154373,19.2998089501579,20.2465185182099,22.2718137765945,1,1,1,1,1,1,1,1,0.903225806451613,0.870967741935484,0.870967741935484,0.838709677419355,0.838709677419355,0.806451612903226,0.806451612903226,0.774193548387097,1,1,1,1,1,0,0,0,2837,3.083359,-1.6101897558534
"838",280,280,1,4.70464896367459,12.5046756589783,13.623521811422,14.4436896089318,15.7363755700792,16.9194363471964,19.3587762901726,20.3085883821726,22.3405208683331,1,1,1,1,1,1,1,1,0.870967741935484,0.870967741935484,0.870967741935484,0.838709677419355,0.838709677419355,0.806451612903226,0.806451612903226,0.774193548387097,0,0,0,0,0,0,0,0,2838,3.07281,-1.63183896367459
"839",280,280,2,4.70451453270234,12.5045412280061,13.6233873804498,14.4435551779596,15.7362411391069,16.9193019162242,19.3586418592003,20.3084539512004,22.3403864373609,1,1,1,1,1,1,1,1,0.9,0.9,0.9,0.866666666666667,0.866666666666667,0.833333333333333,0.833333333333333,0.8,0,0,0,0,0,0,0,0,2839,5.196253,0.491738467297657
"840",280,280,3,4.73157458645121,12.5316012817549,13.6504474341986,14.4706152317084,15.7633011928558,16.9463619699731,19.3857019129492,20.3355140049492,22.3674464911097,1,1,1,1,1,1,1,1,0.870967741935484,0.870967741935484,0.870967741935484,0.838709677419355,0.838709677419355,0.806451612903226,0.806451612903226,0.774193548387097,0,0,0,0,0,0,0,0,2840,3.117661,-1.61391358645121
"841",281,281,1,4.70281768952333,12.4997131491727,13.61811015303,14.4379487031217,15.7301157295872,16.9127015798573,19.3510622764153,20.3004930767091,22.3316098657321,1,1,1,1,1,1,1,1,0.903225806451613,0.870967741935484,0.870967741935484,0.838709677419355,0.838709677419355,0.806451612903226,0.806451612903226,0.774193548387097,0,0,0,0,0,0,0,0,2841,2.835394,-1.86742368952333
"842",281,281,2,4.6991965138439,12.4960919734932,13.6144889773505,14.4343275274423,15.7264945539078,16.9090804041779,19.3474411007359,20.2968719010297,22.3279886900527,1,1,1,1,1,1,1,1,0.903225806451613,0.870967741935484,0.870967741935484,0.838709677419355,0.838709677419355,0.806451612903226,0.806451612903226,0.774193548387097,0,0,0,0,0,0,0,0,2842,2.848803,-1.8503935138439
"843",281,281,3,4.69936853659075,12.4962639962401,13.6146610000974,14.4344995501891,15.7266665766546,16.9092524269247,19.3476131234827,20.2970439237765,22.3281607127995,1,1,1,1,1,1,1,1,0.903225806451613,0.870967741935484,0.870967741935484,0.838709677419355,0.838709677419355,0.806451612903226,0.806451612903226,0.774193548387097,0,0,0,0,0,0,0,0,2843,3.007882,-1.69148653659075
"844",282,282,1,4.70075466970583,12.4979693026749,13.6164120891756,14.4362842001369,15.7285041226867,16.9111383832315,19.3495988964002,20.2990685625454,22.3302684972629,1,1,1,1,1,1,1,1,0.933333333333333,0.9,0.9,0.866666666666667,0.866666666666667,0.833333333333333,0.833333333333333,0.8,0,0,0,0,0,0,0,0,2844,3.289727,-1.41102766970583
"845",282,282,2,4.70441215875258,12.5016267917216,13.6200695782223,14.4399416891836,15.7321616117334,16.9147958722783,19.3532563854469,20.3027260515921,22.3339259863096,1,1,1,1,1,1,1,1,0.870967741935484,0.870967741935484,0.870967741935484,0.838709677419355,0.838709677419355,0.806451612903226,0.806451612903226,0.774193548387097,0,0,0,0,0,0,0,0,2845,2.915901,-1.78851115875258
"846",282,282,3,4.69956103668056,12.4967756696496,13.6152184561503,14.4350905671116,15.7273104896614,16.9099447502063,19.3484052633749,20.2978749295201,22.3290748642376,1,1,1,1,1,1,1,1,0.903225806451613,0.870967741935484,0.870967741935484,0.838709677419355,0.838709677419355,0.806451612903226,0.806451612903226,0.774193548387097,0,0,0,0,0,0,0,0,2846,2.618523,-2.08103803668056
"847",283,283,1,4.68431928471091,12.4669071058402,13.5832518030921,14.4015859141824,15.6913817585771,16.8717975129478,19.3056837127515,20.2533722666909,22.2807618690458,1,1,1,1,1,1,1,1,0.96551724137931,0.931034482758621,0.931034482758621,0.896551724137931,0.896551724137931,0.862068965517241,0.862068965517241,0.827586206896552,0,0,0,0,0,0,0,0,2847,8.862507,4.17818771528909
"848",283,283,2,4.77395703522156,12.5565448563508,13.6728895536028,14.4912236646931,15.7810195090877,16.9614352634585,19.3953214632622,20.3430100172015,22.3703996195565,1,1,1,1,1,1,1,1,0.9,0.9,0.9,0.866666666666667,0.866666666666667,0.833333333333333,0.833333333333333,0.8,0,0,0,0,0,0,0,0,2848,6.180056,1.40609896477844
"849",283,283,3,4.7354481483482,12.5180359694775,13.6343806667294,14.4527147778197,15.7425106222144,16.9229263765851,19.3568125763888,20.3045011303282,22.3318907326831,1,1,1,1,1,1,1,1,0.870967741935484,0.870967741935484,0.870967741935484,0.838709677419355,0.838709677419355,0.806451612903226,0.806451612903226,0.774193548387097,0,0,0,0,0,0,0,0,2849,2.988258,-1.7471901483482
"850",284,284,1,4.69148688191621,12.474052675239,13.5903942127932,14.4087260076738,15.6985182014353,16.8789306147619,19.3128099257035,20.2604957973088,22.2878796613481,1,1,1,1,1,1,1,1,0.933333333333333,0.9,0.9,0.866666666666667,0.866666666666667,0.833333333333333,0.833333333333333,0.8,0,0,0,0,0,0,0,0,2850,3.18462,-1.50686688191621
"851",284,284,2,4.6943497092535,12.4769155025763,13.5932570401305,14.4115888350111,15.7013810287726,16.8817934420992,19.3156727530408,20.2633586246461,22.2907424886854,1,1,1,1,1,1,1,1,0.903225806451613,0.870967741935484,0.870967741935484,0.838709677419355,0.838709677419355,0.806451612903226,0.806451612903226,0.774193548387097,0,0,0,0,0,0,0,0,2851,3.062198,-1.6321517092535
"852",284,284,3,4.6925648779303,12.4751306712531,13.5914722088073,14.4098040036879,15.6995961974494,16.880008610776,19.3138879217176,20.2615737933229,22.2889576573622,1,1,1,1,1,1,1,1,0.933333333333333,0.9,0.9,0.866666666666667,0.866666666666667,0.833333333333333,0.833333333333333,0.8,0,0,0,0,0,0,0,0,2852,3.25779,-1.4347748779303
"853",285,285,1,4.68914608767266,12.4683391109614,13.5841968539181,14.4021740041958,15.6914072341686,16.871308086177,19.3041326144899,20.2514077826595,22.2779130290647,1,1,1,1,1,1,1,1,0.933333333333333,0.9,0.9,0.866666666666667,0.866666666666667,0.833333333333333,0.833333333333333,0.8,0,0,0,0,0,0,0,0,2853,3.995104,-0.694042087672659
"854",285,285,2,4.70042682908438,12.4796198523731,13.5954775953298,14.4134547456075,15.7026879755803,16.8825888275888,19.3154133559016,20.2626885240713,22.2891937704765,1,1,1,1,1,1,1,1,0.903225806451613,0.870967741935484,0.870967741935484,0.838709677419355,0.838709677419355,0.806451612903226,0.806451612903226,0.774193548387097,0,0,0,0,0,0,0,0,2854,2.806343,-1.89408382908438
"855",285,285,3,4.68223904824563,12.4614320715344,13.5772898144911,14.3952669647687,15.6845001947416,16.86440104675,19.2972255750628,20.2445007432325,22.2710059896377,1,1,1,1,1,1,1,1,0.933333333333333,0.9,0.9,0.866666666666667,0.866666666666667,0.833333333333333,0.833333333333333,0.8,0,0,0,0,0,0,0,0,2855,3.684102,-0.998137048245631
"856",286,286,1,4.69567985136104,12.4748530940721,13.5907079996766,14.4086830700392,15.6979130218085,16.8778108736188,19.3106292158563,20.2579019753378,22.2844020688378,1,1,1,1,1,1,1,1,0.903225806451613,0.870967741935484,0.870967741935484,0.838709677419355,0.838709677419355,0.806451612903226,0.806451612903226,0.774193548387097,0,0,0,0,0,0,0,0,2856,2.538328,-2.15735185136104
"857",286,286,2,4.67814966999436,12.4573229127055,13.5731778183099,14.3911528886726,15.6803828404419,16.8602806922522,19.2930990344896,20.2403717939711,22.2668718874711,1,1,1,1,1,1,1,1,0.903225806451613,0.870967741935484,0.870967741935484,0.838709677419355,0.838709677419355,0.806451612903226,0.806451612903226,0.774193548387097,0,0,0,0,0,0,0,0,2857,3.047478,-1.63067166999436
"858",286,286,3,4.68593959352452,12.4651128362356,13.5809677418401,14.3989428122027,15.688172763972,16.8680706157823,19.3008889580197,20.2481617175013,22.2746618110012,1,1,1,1,1,1,1,1,0.903225806451613,0.870967741935484,0.870967741935484,0.838709677419355,0.838709677419355,0.806451612903226,0.806451612903226,0.774193548387097,0,0,0,0,0,0,0,0,2858,3.051318,-1.63462159352452
"859",287,287,1,4.6858390603049,12.4651202909927,13.5809906865354,14.3989771117645,15.6882249602086,16.8681391909807,19.3009913048186,20.2482772140354,22.2748054387568,1,1,1,1,1,1,1,1,1,0.964285714285714,0.964285714285714,0.928571428571429,0.928571428571429,0.892857142857143,0.892857142857143,0.857142857142857,0,0,0,0,0,0,0,0,2859,11.703726,7.0178869396951
"860",287,287,2,4.81821327862576,12.5974945093136,13.7133649048563,14.5313513300853,15.8205991785295,17.0005134093016,19.4333655231395,20.3806514323563,22.4071796570776,1,1,1,1,1,1,1,1,0.931034482758621,0.931034482758621,0.931034482758621,0.896551724137931,0.896551724137931,0.862068965517241,0.862068965517241,0.827586206896552,0,0,0,0,0,0,0,0,2860,7.060143,2.24192972137424
"861",287,287,3,4.7471705504242,12.526451781112,13.6423221766547,14.4603086018838,15.7495564503279,16.9294706811,19.3623227949379,20.3096087041547,22.3361369288761,1,1,1,1,1,1,1,1,0.870967741935484,0.870967741935484,0.870967741935484,0.838709677419355,0.838709677419355,0.806451612903226,0.806451612903226,0.774193548387097,0,0,0,0,0,0,0,0,2861,2.823759,-1.9234115504242
"862",288,288,1,4.69035281671499,12.4739127869529,13.5903969305596,14.4088332625043,15.6987902196175,16.8793534236733,19.3135436483533,20.2613505812437,22.2889934316236,1,1,1,1,1,1,1,1,0.903225806451613,0.870967741935484,0.870967741935484,0.838709677419355,0.838709677419355,0.806451612903226,0.806451612903226,0.774193548387097,0,0,0,0,0,0,0,0,2862,3.032218,-1.65813481671499
"863",288,288,2,4.69348015289368,12.4770401231316,13.5935242667383,14.411960598683,15.7019175557961,16.882480759852,19.316670984532,20.2644779174224,22.2921207678023,1,1,1,1,1,1,1,1,0.903225806451613,0.870967741935484,0.870967741935484,0.838709677419355,0.838709677419355,0.806451612903226,0.806451612903226,0.774193548387097,0,0,0,0,0,0,0,0,2863,3.068262,-1.62521815289368
"864",288,288,3,4.69402089090559,12.4775808611435,13.5940650047502,14.4125013366949,15.7024582938081,16.8830214978639,19.3172117225439,20.2650186554343,22.2926615058142,1,1,1,1,1,1,1,1,0.903225806451613,0.870967741935484,0.870967741935484,0.838709677419355,0.838709677419355,0.806451612903226,0.806451612903226,0.774193548387097,0,0,0,0,0,0,0,0,2864,2.22746,-2.46656089090559
"865",289,289,1,4.6750199179287,12.4560924999268,13.5722198492723,14.3903946339411,15.6799393601757,16.8601252922581,19.2935376240252,20.2410416667435,22.2680365443449,1,1,1,1,1,1,1,1,0.933333333333333,0.9,0.9,0.866666666666667,0.866666666666667,0.833333333333333,0.833333333333333,0.8,0,0,0,0,0,0,0,0,2865,3.257293,-1.4177269179287
"866",289,289,2,4.69085758509122,12.4719301670893,13.5880575164348,14.4062323011037,15.6957770273382,16.8759629594206,19.3093752911877,20.2568793339061,22.2838742115075,1,1,1,1,1,1,1,1,0.933333333333333,0.9,0.9,0.866666666666667,0.866666666666667,0.833333333333333,0.833333333333333,0.8,0,0,0,0,0,0,0,0,2866,3.15816,-1.53269758509122
"867",289,289,3,4.68933303163564,12.4704056136337,13.5865329629793,14.4047077476481,15.6942524738826,16.874438405965,19.3078507377321,20.2553547804505,22.2823496580519,1,1,1,1,1,1,1,1,0.903225806451613,0.870967741935484,0.870967741935484,0.838709677419355,0.838709677419355,0.806451612903226,0.806451612903226,0.774193548387097,0,0,0,0,0,0,0,0,2867,2.743583,-1.94575003163564
"868",290,290,1,4.68306251056034,12.4640778032807,13.5801969349765,14.3983656957145,15.6879009274886,16.8680781702806,19.3014725856957,20.2489696522779,22.2759496058349,1,1,1,1,1,1,1,1,0.96551724137931,0.931034482758621,0.931034482758621,0.896551724137931,0.896551724137931,0.862068965517241,0.862068965517241,0.827586206896552,0,0,0,0,0,0,0,0,2868,7.718497,3.03543448943966
"869",290,290,2,4.75957336270186,12.5405886554223,13.656707787118,14.4748765478561,15.7644117796302,16.9445890224221,19.3779834378373,20.3254805044194,22.3524604579765,1,1,1,1,1,1,1,1,0.931034482758621,0.931034482758621,0.931034482758621,0.896551724137931,0.896551724137931,0.862068965517241,0.862068965517241,0.827586206896552,0,0,0,0,0,0,0,0,2869,8.569692,3.81011863729814
"870",290,290,3,4.77266417287237,12.5536794655928,13.6697985972885,14.4879673580266,15.7775025898007,16.9576798325926,19.3910742480078,20.33857131459,22.365551268147,1,1,1,1,1,1,1,1,0.870967741935484,0.870967741935484,0.870967741935484,0.838709677419355,0.838709677419355,0.806451612903226,0.806451612903226,0.774193548387097,0,0,0,0,0,0,0,0,2870,2.571232,-2.20143217287237
"871",291,291,1,4.68610013853494,12.4689636240101,13.5853478629206,14.4037109599398,15.6935524897461,16.8740100552141,19.3079824648574,20.2557045865445,22.2831660003639,1,1,1,1,1,1,1,1,1,0.964285714285714,0.964285714285714,0.928571428571429,0.928571428571429,0.892857142857143,0.892857142857143,0.857142857142857,0,0,0,0,0,0,0,0,2871,10.335972,5.64987186146506
"872",291,291,2,4.80340525380798,12.5862687392831,13.7026529781936,14.5210160752129,15.8108576050191,16.9913151704872,19.4252875801304,20.3730097018176,22.4004711156369,1,1,1,1,1,1,1,1,0.9,0.9,0.9,0.866666666666667,0.866666666666667,0.833333333333333,0.833333333333333,0.8,0,0,0,0,0,0,0,0,2872,3.204345,-1.59906025380798
"873",291,291,3,4.69566483657323,12.4785283220484,13.5949125609589,14.4132756579781,15.7031171877844,16.8835747532524,19.3175471628957,20.2652692845828,22.2927306984022,1,1,1,1,1,1,1,1,0.903225806451613,0.870967741935484,0.870967741935484,0.838709677419355,0.838709677419355,0.806451612903226,0.806451612903226,0.774193548387097,0,0,0,0,0,0,0,0,2873,2.637226,-2.05843883657323
"874",292,292,1,4.69114703543419,12.4768570375976,13.5936495846292,14.4123119910501,15.7026252695189,16.8835145773869,19.3183771919137,20.2664459349749,22.2946488757091,1,1,1,1,1,1,1,1,0.933333333333333,0.9,0.9,0.866666666666667,0.866666666666667,0.833333333333333,0.833333333333333,0.8,0,0,0,0,0,0,0,0,2874,3.127786,-1.56336103543419
"875",292,292,2,4.69838434274025,12.4840943449037,13.6008868919353,14.4195492983562,15.7098625768249,16.8907518846929,19.3256144992197,20.2736832422809,22.3018861830152,1,1,1,1,1,1,1,1,0.933333333333333,0.9,0.9,0.866666666666667,0.866666666666667,0.833333333333333,0.833333333333333,0.8,0,0,0,0,0,0,0,0,2875,3.171936,-1.52644834274025
"876",292,292,3,4.69903569449653,12.4847456966599,13.6015382436916,14.4202006501124,15.7105139285812,16.8914032364492,19.326265850976,20.2743345940372,22.3025375347714,1,1,1,1,1,1,1,1,0.903225806451613,0.870967741935484,0.870967741935484,0.838709677419355,0.838709677419355,0.806451612903226,0.806451612903226,0.774193548387097,0,0,0,0,0,0,0,0,2876,2.512734,-2.18630169449653
"877",293,293,1,4.68142936397192,12.4623217725431,13.5784232775738,14.3965791171225,15.6860939835029,16.8662525879719,19.2996085732347,20.2470906761693,22.2740386180032,1,1,1,1,1,1,1,1,0.933333333333333,0.9,0.9,0.866666666666667,0.866666666666667,0.833333333333333,0.833333333333333,0.8,0,0,0,0,0,0,0,0,2877,3.947149,-0.734280363971918
"878",293,293,2,4.70318690391589,12.4840793124871,13.6001808175178,14.4183366570665,15.7078515234469,16.8880101279158,19.3213661131787,20.2688482161133,22.2957961579472,1,1,1,1,1,1,1,1,0.933333333333333,0.9,0.9,0.866666666666667,0.866666666666667,0.833333333333333,0.833333333333333,0.8,0,0,0,0,0,0,0,0,2878,3.187606,-1.51558090391589
"879",293,293,3,4.69166597924509,12.4725583878163,13.588659892847,14.4068157323957,15.6963305987761,16.876489203245,19.3098451885079,20.2573272914425,22.2842752332764,1,1,1,1,1,1,1,1,0.903225806451613,0.870967741935484,0.870967741935484,0.838709677419355,0.838709677419355,0.806451612903226,0.806451612903226,0.774193548387097,0,0,0,0,0,0,0,0,2879,2.815495,-1.87617097924509
"880",294,294,1,4.68597528402031,12.4670324538259,13.5831575924262,14.4013307565129,15.6908729285094,16.8710565229638,19.3044640348017,20.2519662007718,22.2789570634466,1,1,1,1,1,1,1,1,0.903225806451613,0.870967741935484,0.870967741935484,0.838709677419355,0.838709677419355,0.806451612903226,0.806451612903226,0.774193548387097,0,0,0,0,0,0,0,0,2880,2.759131,-1.92684428402031
"881",294,294,2,4.68511540918826,12.4661725789939,13.5822977175941,14.4004708816808,15.6900130536773,16.8701966481318,19.3036041599696,20.2511063259397,22.2780971886145,1,1,1,1,1,1,1,1,0.933333333333333,0.9,0.9,0.866666666666667,0.866666666666667,0.833333333333333,0.833333333333333,0.8,0,0,0,0,0,0,0,0,2881,3.153102,-1.53201340918826
"882",294,294,3,4.69112573044752,12.4721829002531,13.5883080388534,14.4064812029401,15.6960233749366,16.8762069693911,19.3096144812289,20.257116647199,22.2841075098738,1,1,1,1,1,1,1,1,0.903225806451613,0.870967741935484,0.870967741935484,0.838709677419355,0.838709677419355,0.806451612903226,0.806451612903226,0.774193548387097,0,0,0,0,0,0,0,0,2882,2.962981,-1.72814473044752
"883",295,295,1,4.68752666005522,12.4691347373997,13.5853388989065,14.403569990567,15.6932034635897,16.8734706163609,19.3070504161686,20.2546196663504,22.2817540422424,1,1,1,1,1,1,1,1,1,0.964285714285714,0.964285714285714,0.928571428571429,0.928571428571429,0.892857142857143,0.892857142857143,0.857142857142857,0,0,0,0,0,0,0,0,2883,10.569513,5.88198633994478
"884",295,295,2,4.80234860355869,12.5839566809032,13.7001608424099,14.5183919340705,15.8080254070932,16.9882925598644,19.4218723596721,20.3694416098539,22.3965759857458,1,1,1,1,1,1,1,1,0.870967741935484,0.870967741935484,0.870967741935484,0.838709677419355,0.838709677419355,0.806451612903226,0.806451612903226,0.774193548387097,0,0,0,0,0,0,0,0,2884,2.960451,-1.84189760355869
"885",295,295,3,4.68748846925854,12.469096546603,13.5853007081098,14.4035317997704,15.693165272793,16.8734324255642,19.3070122253719,20.2545814755537,22.2817158514457,1,1,1,1,1,1,1,1,0.933333333333333,0.9,0.9,0.866666666666667,0.866666666666667,0.833333333333333,0.833333333333333,0.8,0,0,0,0,0,0,0,0,2885,3.148489,-1.53899946925854
"886",296,296,1,4.69027053805298,12.4743390859982,13.5908961806644,14.4093859892284,15.6994272321124,16.8800675741526,19.3144168487903,20.2622857113734,22.2900610479108,1,1,1,1,1,1,1,1,0.933333333333333,0.9,0.9,0.866666666666667,0.866666666666667,0.833333333333333,0.833333333333333,0.8,0,0,0,0,0,0,0,0,2886,3.263069,-1.42720153805298
"887",296,296,2,4.6920616819441,12.4761302298894,13.5926873245555,14.4111771331195,15.7012183760035,16.8818587180437,19.3162079926814,20.2640768552645,22.2918521918019,1,1,1,1,1,1,1,1,0.933333333333333,0.9,0.9,0.866666666666667,0.866666666666667,0.833333333333333,0.833333333333333,0.8,0,0,0,0,0,0,0,0,2887,4.578338,-0.113723681944096
"888",296,296,3,4.71262230364525,12.4966908515905,13.6132479462567,14.4317377548207,15.7217789977046,16.9024193397449,19.3367686143826,20.2846374769657,22.3124128135031,1,1,1,1,1,1,1,1,0.903225806451613,0.870967741935484,0.870967741935484,0.838709677419355,0.838709677419355,0.806451612903226,0.806451612903226,0.774193548387097,0,0,0,0,0,0,0,0,2888,2.584744,-2.12787830364525
"889",297,297,1,4.67496290179902,12.4443313371475,13.5587798282073,14.3757239293728,15.6633289460843,16.8417396641358,19.2714917017095,20.2175705262269,22.2415164353146,1,1,1,1,1,1,1,1,0.903225806451613,0.870967741935484,0.870967741935484,0.838709677419355,0.838709677419355,0.806451612903226,0.806451612903226,0.774193548387097,0,0,0,0,0,0,0,0,2889,2.955237,-1.71972590179902
"890",297,297,2,4.68076872227073,12.4501371576192,13.564585648679,14.3815297498445,15.669134766556,16.8475454846075,19.2772975221812,20.2233763466986,22.2473222557863,1,1,1,1,1,1,1,1,0.903225806451613,0.870967741935484,0.870967741935484,0.838709677419355,0.838709677419355,0.806451612903226,0.806451612903226,0.774193548387097,0,0,0,0,0,0,0,0,2890,3.124112,-1.55665672227073
"891",297,297,3,4.68341508247769,12.4527835178262,13.567232008886,14.3841761100515,15.6717811267629,16.8501918448144,19.2799438823882,20.2260227069056,22.2499686159932,1,1,1,1,1,1,1,1,0.903225806451613,0.870967741935484,0.870967741935484,0.838709677419355,0.838709677419355,0.806451612903226,0.806451612903226,0.774193548387097,0,0,0,0,0,0,0,0,2891,2.556595,-2.12682008247769
"892",298,298,1,4.67454895533518,12.4440858072006,13.5585584561485,14.3755202662026,15.6631531943144,16.8415894567625,19.2713941640453,20.2174934967033,22.2414832788449,1,1,1,1,1,1,1,1,0.933333333333333,0.9,0.9,0.866666666666667,0.866666666666667,0.833333333333333,0.833333333333333,0.8,0,0,0,0,0,0,0,0,2892,3.316874,-1.35767495533518
"893",298,298,2,4.68651999783672,12.4560568497022,13.5705294986501,14.3874913087042,15.6751242368159,16.853560499264,19.2833652065468,20.2294645392049,22.2534543213465,1,1,1,1,1,1,1,1,0.933333333333333,0.9,0.9,0.866666666666667,0.866666666666667,0.833333333333333,0.833333333333333,0.8,0,0,0,0,0,0,0,0,2893,3.241112,-1.44540799783672
"894",298,298,3,4.68532708033932,12.4548639322048,13.5693365811527,14.3862983912068,15.6739313193185,16.8523675817666,19.2821722890494,20.2282716217075,22.2522614038491,1,1,1,1,1,1,1,1,0.903225806451613,0.870967741935484,0.870967741935484,0.838709677419355,0.838709677419355,0.806451612903226,0.806451612903226,0.774193548387097,0,0,0,0,0,0,0,0,2894,2.783535,-1.90179208033932
"895",299,299,1,4.67685455646961,12.4466114380948,13.5611156484026,14.3781005944446,15.6657699877368,16.8442396229654,19.2741131412155,20.2202392669775,22.2442863675918,1,1,1,1,1,1,1,1,1,0.964285714285714,0.964285714285714,0.928571428571429,0.928571428571429,0.892857142857143,0.892857142857143,0.857142857142857,0,0,0,0,0,0,0,0,2895,9.629937,4.95308244353039
"896",299,299,2,4.78562332887606,12.5553802105012,13.6698844208091,14.4868693668511,15.7745387601433,16.9530083953719,19.382881913622,20.329008039384,22.3530551399982,1,1,1,1,1,1,1,1,0.9,0.9,0.9,0.866666666666667,0.866666666666667,0.833333333333333,0.833333333333333,0.8,0,0,0,0,0,0,0,0,2896,3.974855,-0.810768328876061
"897",299,299,3,4.69578105449634,12.4655379361215,13.5800421464293,14.3970270924714,15.6846964857636,16.8631661209922,19.2930396392422,20.2391657650043,22.2632128656185,1,1,1,1,1,1,1,1,0.933333333333333,0.9,0.9,0.866666666666667,0.866666666666667,0.833333333333333,0.833333333333333,0.8,0,0,0,0,0,0,0,0,2897,3.157023,-1.53875805449634
"898",300,300,1,4.68707611712044,12.4584594291914,13.5731969368349,14.3903529009937,15.678291840005,16.8570081623466,19.2873903220291,20.2337144988189,22.2581852898881,1,1,1,1,1,1,1,1,0.903225806451613,0.870967741935484,0.870967741935484,0.838709677419355,0.838709677419355,0.806451612903226,0.806451612903226,0.774193548387097,0,0,0,0,0,0,0,0,2898,3.124209,-1.56286711712044
"899",300,300,2,4.68656401892493,12.4579473309959,13.5726848386394,14.3898408027982,15.6777797418095,16.8564960641511,19.2868782238336,20.2332024006234,22.2576731916926,1,1,1,1,1,1,1,1,0.933333333333333,0.9,0.9,0.866666666666667,0.866666666666667,0.833333333333333,0.833333333333333,0.8,0,0,0,0,0,0,0,0,2899,3.480441,-1.20612301892493
"900",300,300,3,4.69212340712458,12.4635067191955,13.578244226839,14.3954001909979,15.6833391300091,16.8620554523508,19.2924376120332,20.2387617888231,22.2632325798923,1,1,1,1,1,1,1,1,0.933333333333333,0.9,0.9,0.866666666666667,0.866666666666667,0.833333333333333,0.833333333333333,0.8,0,0,0,0,0,0,0,0,2900,4.645141,-0.0469824071245784
"901",301,301,1,4.70734625831242,12.477989047494,13.5926203335542,14.4096984322068,15.6975146455428,16.8761186498605,19.3062692222506,20.2525032252984,22.276781107731,1,1,1,1,1,1,1,1,0.903225806451613,0.870967741935484,0.870967741935484,0.838709677419355,0.838709677419355,0.806451612903226,0.806451612903226,0.774193548387097,0,0,0,0,0,0,0,0,2901,2.940157,-1.76718925831242
"902",301,301,2,4.67987114511468,12.4505139342962,13.5651452203564,14.382223319009,15.6700395323451,16.8486435366628,19.2787941090528,20.2250281121007,22.2493059945333,1,1,1,1,1,1,1,1,0.96551724137931,0.931034482758621,0.931034482758621,0.896551724137931,0.896551724137931,0.862068965517241,0.862068965517241,0.827586206896552,0,0,0,0,0,0,0,0,2902,6.51486,1.83498885488532
"903",301,301,3,4.73747600801856,12.5081187972001,13.6227500832603,14.4398281819129,15.7276443952489,16.9062483995666,19.3363989719567,20.2826329750046,22.3069108574371,1,1,1,1,1,1,1,1,0.870967741935484,0.870967741935484,0.870967741935484,0.838709677419355,0.838709677419355,0.806451612903226,0.806451612903226,0.774193548387097,0,0,0,0,0,0,0,0,2903,2.441861,-2.29561500801856
"904",302,302,1,4.67241414816784,12.4434955819218,13.55818978774,14.3753140095877,15.6632029187879,16.8418734540559,19.2721612058773,20.2184486228345,22.242840773614,1,1,1,1,1,1,1,1,0.903225806451613,0.870967741935484,0.870967741935484,0.838709677419355,0.838709677419355,0.806451612903226,0.806451612903226,0.774193548387097,0,0,0,0,0,0,0,0,2904,2.805714,-1.86670014816784
"905",302,302,2,4.67831504615082,12.4493964799048,13.564090685723,14.3812149075707,15.6691038167708,16.8477743520389,19.2780621038603,20.2243495208175,22.248741671597,1,1,1,1,1,1,1,1,0.933333333333333,0.9,0.9,0.866666666666667,0.866666666666667,0.833333333333333,0.833333333333333,0.8,0,0,0,0,0,0,0,0,2905,4.37518,-0.303135046150819
"906",302,302,3,4.70376834392151,12.4748497776755,13.5895439834937,14.4066682053414,15.6945571145415,16.8732276498096,19.303515401631,20.2498028185882,22.2741949693677,1,1,1,1,1,1,1,1,0.903225806451613,0.870967741935484,0.870967741935484,0.838709677419355,0.838709677419355,0.806451612903226,0.806451612903226,0.774193548387097,0,0,0,0,0,0,0,0,2906,2.403532,-2.30023634392151
"907",303,303,1,4.66303346881694,12.3787323157002,13.4854823699593,14.2967831483666,15.5754935899362,16.7457640300736,19.1587317185701,20.0982751777499,22.1082399833643,0,1,1,1,1,1,1,1,0,1,1,1,0.962962962962963,0.925925925925926,0.925925925925926,0.888888888888889,0,0,0,0,0,0,0,0,2907,14.646525,9.98349153118306
"908",303,303,2,4.82069578144563,12.5363946283289,13.643144682588,14.4544454609953,15.7331559025649,16.9034263427023,19.3163940311987,20.2559374903785,22.2659022959929,1,1,1,1,1,1,1,1,0.9,0.9,0.9,0.866666666666667,0.866666666666667,0.833333333333333,0.833333333333333,0.8,1,0,0,0,0,0,0,0,2908,3.193685,-1.62701078144563
"909",303,303,3,4.67320886868122,12.3889077155645,13.4956577698236,14.3069585482308,15.5856689898005,16.7559394299379,19.1689071184343,20.1084505776141,22.1184153832285,1,1,1,1,1,1,1,1,0.903225806451613,0.870967741935484,0.870967741935484,0.870967741935484,0.838709677419355,0.806451612903226,0.806451612903226,0.774193548387097,1,0,0,0,0,0,0,0,2909,2.492551,-2.18065786868122
"910",304,304,1,4.67124349508308,12.3958996065863,13.5039345027373,14.3161771317666,15.5963720464896,16.7680010702391,19.1837700072723,20.1244041958277,22.1367023981957,1,1,1,1,1,1,1,1,0.903225806451613,0.870967741935484,0.870967741935484,0.870967741935484,0.838709677419355,0.806451612903226,0.806451612903226,0.774193548387097,0,0,0,0,0,0,0,0,2910,2.963792,-1.70745149508308
"911",304,304,2,4.676805258565,12.4014613700682,13.5094962662192,14.3217388952485,15.6019338099715,16.773562833721,19.1893317707542,20.1299659593096,22.1422641616776,1,1,1,1,1,1,1,1,0.96551724137931,0.931034482758621,0.931034482758621,0.931034482758621,0.896551724137931,0.862068965517241,0.862068965517241,0.827586206896552,0,0,0,0,0,0,0,0,2911,8.062623,3.385817741435
"912",304,304,3,4.73698357933133,12.4616396908345,13.5696745869856,14.3819172160149,15.6621121307378,16.8337411544873,19.2495100915206,20.190144280076,22.2024424824439,1,1,1,1,1,1,1,1,0.903225806451613,0.870967741935484,0.870967741935484,0.838709677419355,0.838709677419355,0.806451612903226,0.806451612903226,0.774193548387097,0,0,0,0,0,0,0,0,2912,2.502121,-2.23486257933133
"913",305,305,1,4.66651733842111,12.3795565971342,13.4859251565462,14.2969462809654,15.5752159532372,16.7450830031593,19.1572189458286,20.0964385459881,22.1057105201784,1,1,1,1,1,1,1,1,0.903225806451613,0.870967741935484,0.870967741935484,0.870967741935484,0.838709677419355,0.806451612903226,0.806451612903226,0.774193548387097,0,0,0,0,0,0,0,0,2913,2.913581,-1.75293633842111
"914",305,305,2,4.67124503818954,12.3842842969026,13.4906528563146,14.3016739807338,15.5799436530056,16.7498107029278,19.161946645597,20.1011662457565,22.1104382199469,1,1,1,1,1,1,1,1,0.933333333333333,0.9,0.9,0.9,0.866666666666667,0.833333333333333,0.833333333333333,0.8,0,0,0,0,0,0,0,0,2914,5.406629,0.73538396181046
"915",305,305,3,4.69989030735855,12.4129295660716,13.5192981254836,14.3303192499029,15.6085889221746,16.7784559720968,19.190591914766,20.1298115149255,22.1390834891159,1,1,1,1,1,1,1,1,0.903225806451613,0.870967741935484,0.870967741935484,0.870967741935484,0.838709677419355,0.806451612903226,0.806451612903226,0.774193548387097,0,0,0,0,0,0,0,0,2915,2.766124,-1.93376630735855
"916",306,306,1,4.67034214218809,12.3833495998243,13.4897135976477,14.3007313782042,15.5789957801343,16.7488580066618,19.1609840040271,20.1001997317578,22.1094634216636,1,1,1,1,1,1,1,1,0.933333333333333,0.9,0.9,0.9,0.866666666666667,0.833333333333333,0.833333333333333,0.8,0,0,0,0,0,0,0,0,2916,4.020788,-0.649554142188089
"917",306,306,2,4.6848868212118,12.397894278848,13.5042582766715,14.3152760572279,15.593540459158,16.7634026856855,19.1755286830508,20.1147444107816,22.1240081006873,1,1,1,1,1,1,1,1,0.903225806451613,0.870967741935484,0.870967741935484,0.870967741935484,0.838709677419355,0.806451612903226,0.806451612903226,0.774193548387097,0,0,0,0,0,0,0,0,2917,3.006877,-1.6780098212118
"918",306,306,3,4.67313306877002,12.3861405264062,13.4925045242297,14.3035223047861,15.5817867067162,16.7516489332438,19.163774930609,20.1029906583398,22.1122543482455,1,1,1,1,1,1,1,1,0.933333333333333,0.9,0.9,0.9,0.866666666666667,0.833333333333333,0.833333333333333,0.8,0,0,0,0,0,0,0,0,2918,5.344171,0.671037931229978
"919",307,307,1,4.70182106428894,12.4144252907543,13.5207314485649,14.3317068296227,15.6099044046952,16.7797054715625,19.1917053645002,20.1308719906244,22.1400306374903,1,1,1,1,1,1,1,1,1,0.964285714285714,0.964285714285714,0.964285714285714,0.928571428571429,0.892857142857143,0.892857142857143,0.857142857142857,0,0,0,0,0,0,0,0,2919,11.368956,6.66713493571106
"920",307,307,2,4.76976605919488,12.4823702856602,13.5886764434709,14.3996518245287,15.6778493996011,16.8476504664685,19.2596503594062,20.1988169855304,22.2079756323962,0,1,1,1,1,1,1,1,0,1,1,0.962962962962963,0.962962962962963,0.925925925925926,0.925925925925926,0.888888888888889,0,0,0,0,0,0,0,0,2920,13.912374,9.14260794080512
"921",307,307,3,4.79844965919947,12.5110538856648,13.6173600434755,14.4283354245333,15.7065329996057,16.8763340664731,19.2883339594108,20.227500585535,22.2366592324008,0,0,0,0,0,0,0,0,0,0,0,0,0,0,0,0,1,0,0,0,0,0,0,0,2921,25.204148,20.4056983408005
"922",308,308,1,5.07027083312626,12.8298411951109,13.9428842375597,14.7587980776038,16.0447792752722,17.2217038809371,19.648391719803,20.5932774293578,22.6146709082619,1,1,1,1,1,1,1,1,0.870967741935484,0.870967741935484,0.870967741935484,0.838709677419355,0.838709677419355,0.806451612903226,0.806451612903226,0.774193548387097,1,1,1,1,1,1,1,1,2922,2.885376,-2.18489483312626
"923",308,308,2,4.68203588990397,12.4416062518886,13.5546492943374,14.3705631343815,15.6565443320499,16.8334689377148,19.2601567765807,20.2050424861355,22.2264359650396,1,1,1,1,1,1,1,1,0.903225806451613,0.870967741935484,0.870967741935484,0.838709677419355,0.838709677419355,0.806451612903226,0.806451612903226,0.774193548387097,1,1,1,1,1,1,1,1,2923,2.947847,-1.73418888990397
"924",308,308,3,4.68312257268105,12.4426929346657,13.5557359771145,14.3716498171586,15.657631014827,16.8345556204919,19.2612434593578,20.2061291689126,22.2275226478167,1,1,1,1,1,1,1,1,0.903225806451613,0.870967741935484,0.870967741935484,0.838709677419355,0.838709677419355,0.806451612903226,0.806451612903226,0.774193548387097,0,0,0,0,0,0,0,0,2924,2.823994,-1.85912857268105
"925",309,309,1,4.66874157360201,12.4069270343556,13.5169025982691,14.330567829683,15.6130049418397,16.786686015289,19.206686050922,20.148967713264,22.1647903553977,1,1,1,1,1,1,1,1,0.933333333333333,0.9,0.9,0.9,0.866666666666667,0.833333333333333,0.833333333333333,0.8,0,0,0,0,0,0,0,0,2925,5.653148,0.984406426397991
"926",309,309,2,4.71678467253857,12.4549701332922,13.5649456972057,14.3786109286196,15.6610480407763,16.8347291142256,19.2547291498586,20.1970108122006,22.2128334543342,1,1,1,1,1,1,1,1,0.903225806451613,0.870967741935484,0.870967741935484,0.838709677419355,0.838709677419355,0.806451612903226,0.806451612903226,0.774193548387097,0,0,0,0,0,0,0,0,2926,2.61715,-2.09963467253857
"927",309,309,3,4.66522906535522,12.4034145261089,13.5133900900224,14.3270553214362,15.609492433593,16.7831735070422,19.2031735426752,20.1454552050172,22.1612778471509,1,1,1,1,1,1,1,1,0.96551724137931,0.931034482758621,0.931034482758621,0.931034482758621,0.896551724137931,0.862068965517241,0.862068965517241,0.827586206896552,0,0,0,0,0,0,0,0,2927,6.893822,2.22859293464478
"928",310,310,1,4.73882255275056,12.4775646522717,13.5876200611867,14.4013438228095,15.6838731858197,16.8576386868637,19.2778128028214,20.2201622472688,22.2361298956235,1,1,1,1,1,1,1,1,0.933333333333333,0.9,0.9,0.866666666666667,0.866666666666667,0.833333333333333,0.833333333333333,0.8,0,0,0,0,0,0,0,0,2928,3.264064,-1.47475855275056
"929",310,310,2,4.67913247140911,12.4178745709302,13.5279299798452,14.341653741468,15.6241831044783,16.7979486055223,19.2181227214799,20.1604721659274,22.176439814282,1,1,1,1,1,1,1,1,0.96551724137931,0.931034482758621,0.931034482758621,0.931034482758621,0.896551724137931,0.862068965517241,0.862068965517241,0.827586206896552,0,0,0,0,0,0,0,0,2929,7.489211,2.81007852859089
"930",310,310,3,4.74861351342612,12.4873556129472,13.5974110218622,14.411134783485,15.6936641464953,16.8674296475393,19.287603763497,20.2299532079444,22.2459208562991,1,1,1,1,1,1,1,1,0.903225806451613,0.870967741935484,0.870967741935484,0.838709677419355,0.838709677419355,0.806451612903226,0.806451612903226,0.774193548387097,0,0,0,0,0,0,0,0,2930,2.625603,-2.12301051342612
"931",311,311,1,4.67079606552442,12.4101662873474,13.5203117949567,14.3341016032361,15.6167350639518,16.7905958347798,19.2109663864524,20.1533923175813,22.1695235938517,1,1,1,1,1,1,1,1,1,0.964285714285714,0.964285714285714,0.964285714285714,0.928571428571429,0.892857142857143,0.892857142857143,0.857142857142857,0,0,0,0,0,0,0,0,2931,10.762723,6.09192693447558
"932",311,311,2,4.803397017815,12.542767239638,13.6529127472473,14.4667025555267,15.7493360162424,16.9231967870704,19.343567338743,20.2859932698719,22.3021245461422,1,1,1,1,1,1,1,1,0.870967741935484,0.870967741935484,0.870967741935484,0.838709677419355,0.838709677419355,0.806451612903226,0.806451612903226,0.774193548387097,0,0,0,0,0,0,0,0,2932,2.670424,-2.132973017815
"933",311,311,3,4.67152645997388,12.4108966817969,13.5210421894062,14.3348319976856,15.6174654584013,16.7913262292293,19.2116967809018,20.1541227120308,22.1702539883011,1,1,1,1,1,1,1,1,0.903225806451613,0.870967741935484,0.870967741935484,0.870967741935484,0.838709677419355,0.806451612903226,0.806451612903226,0.774193548387097,0,0,0,0,0,0,0,0,2933,2.863071,-1.80845545997389
"934",312,312,1,4.67756397399238,12.4206165248179,13.5312902305728,14.3454672333819,15.6287109605995,16.8031302447739,19.2246523889435,20.1675267186165,22.1846172536454,1,1,1,1,1,1,1,1,0.933333333333333,0.9,0.9,0.866666666666667,0.866666666666667,0.833333333333333,0.833333333333333,0.8,0,0,0,0,0,0,0,0,2934,3.129128,-1.54843597399238
"935",312,312,2,4.68179337491951,12.424845925745,13.5355196315,14.349696634309,15.6329403615266,16.807359645701,19.2288817898706,20.1717561195436,22.1888466545725,1,1,1,1,1,1,1,1,0.903225806451613,0.870967741935484,0.870967741935484,0.838709677419355,0.838709677419355,0.806451612903226,0.806451612903226,0.774193548387097,0,0,0,0,0,0,0,0,2935,2.933399,-1.74839437491951
"936",312,312,3,4.67868194987124,12.4217345006968,13.5324082064517,14.3465852092608,15.6298289364784,16.8042482206528,19.2257703648224,20.1686446944953,22.1857352295243,1,1,1,1,1,1,1,1,1,0.964285714285714,0.964285714285714,0.928571428571429,0.928571428571429,0.892857142857143,0.892857142857143,0.857142857142857,0,0,0,0,0,0,0,0,2936,12.181276,7.50259405012876
"937",313,313,1,4.82458006147001,12.5712401827128,13.682431363143,14.4969876996645,15.7808293037631,16.9557957623547,19.3784461194087,20.3217597442455,22.3397900631769,1,1,1,1,1,1,1,1,0.870967741935484,0.870967741935484,0.870967741935484,0.838709677419355,0.838709677419355,0.806451612903226,0.806451612903226,0.774193548387097,0,0,0,0,0,0,0,0,2937,2.687906,-2.13667406147001
"938",313,313,2,4.67569473505059,12.4223548562934,13.5335460367236,14.3481023732451,15.6319439773437,16.8069104359353,19.2295607929893,20.1728744178261,22.1909047367575,1,1,1,1,1,1,1,1,0.903225806451613,0.870967741935484,0.870967741935484,0.838709677419355,0.838709677419355,0.806451612903226,0.806451612903226,0.774193548387097,0,0,0,0,0,0,0,0,2938,2.369787,-2.30590773505059
"939",313,313,3,4.6707056478081,12.4173657690509,13.5285569494811,14.3431132860026,15.6269548901012,16.8019213486928,19.2245717057468,20.1678853305836,22.185915649515,1,1,1,1,1,1,1,1,0.903225806451613,0.870967741935484,0.870967741935484,0.838709677419355,0.838709677419355,0.806451612903226,0.806451612903226,0.774193548387097,0,0,0,0,0,0,0,0,2939,3.01476,-1.6559456478081
"940",314,314,1,4.68121445796607,12.4283283865349,13.5395846616886,14.354188715759,15.6381055286206,16.8131408179571,19.2359330963634,20.1793019814836,22.197450518709,1,1,1,1,1,1,1,1,0.933333333333333,0.9,0.9,0.866666666666667,0.866666666666667,0.833333333333333,0.833333333333333,0.8,0,0,0,0,0,0,0,0,2940,3.634912,-1.04630245796607
"941",314,314,2,4.69082214718464,12.4379360757535,13.5491923509072,14.3637964049776,15.6477132178392,16.8227485071757,19.245540785582,20.1889096707022,22.2070582079275,1,1,1,1,1,1,1,1,0.903225806451613,0.870967741935484,0.870967741935484,0.838709677419355,0.838709677419355,0.806451612903226,0.806451612903226,0.774193548387097,0,0,0,0,0,0,0,0,2941,2.830681,-1.86014114718464
"942",314,314,3,4.6783626187014,12.4254765472702,13.5367328224239,14.3513368764943,15.6352536893559,16.8102889786925,19.2330812570988,20.176450142219,22.1945986794443,0,0,0,1,1,1,1,1,0,0,0,1,1,0.961538461538462,0.961538461538462,0.923076923076923,0,0,0,0,0,0,0,0,2942,16.850223,12.1718603812986
"943",315,315,1,4.89569271274324,12.6557288713184,13.7688387282466,14.584801546503,15.8708599398961,17.0478551947649,19.4746887044436,20.4196311342188,22.4411459546595,1,1,1,1,1,1,1,1,0.870967741935484,0.870967741935484,0.870967741935484,0.838709677419355,0.838709677419355,0.806451612903226,0.806451612903226,0.774193548387097,1,1,1,0,0,0,0,0,2943,2.805765,-2.08992771274324
"944",315,315,2,4.68405646391445,12.4440926224896,13.5572024794178,14.3731652976742,15.6592236910673,16.8362189459361,19.2630524556148,20.2079948853901,22.2295097058307,1,1,1,1,1,1,1,1,0.903225806451613,0.870967741935484,0.870967741935484,0.838709677419355,0.838709677419355,0.806451612903226,0.806451612903226,0.774193548387097,1,1,1,0,0,0,0,0,2944,2.644226,-2.03983046391445
"945",315,315,3,4.68162222914373,12.4416583877189,13.5547682446471,14.3707310629035,15.6567894562966,16.8337847111654,19.2606182208441,20.2055606506193,22.22707547106,1,1,1,1,1,1,1,1,0.933333333333333,0.9,0.9,0.866666666666667,0.866666666666667,0.833333333333333,0.833333333333333,0.8,0,0,0,0,0,0,0,0,2945,3.505401,-1.17622122914373
"946",316,316,1,4.69533286307494,12.4556162206471,13.5687615361266,14.3847503471987,15.6708497084867,16.8478824570011,19.2747932744136,20.2197658057008,22.2413450222893,1,1,1,1,1,1,1,1,0.903225806451613,0.870967741935484,0.870967741935484,0.838709677419355,0.838709677419355,0.806451612903226,0.806451612903226,0.774193548387097,0,0,0,0,0,0,0,0,2946,2.592495,-2.10283786307494
"947",316,316,2,4.68166298317846,12.4419463407506,13.5550916562301,14.3710804673023,15.6571798285902,16.8342125771047,19.2611233945171,20.2060959258043,22.2276751423928,1,1,1,1,1,1,1,1,0.903225806451613,0.870967741935484,0.870967741935484,0.838709677419355,0.838709677419355,0.806451612903226,0.806451612903226,0.774193548387097,0,0,0,0,0,0,0,0,2947,2.411923,-2.26973998317846
"948",316,316,3,4.67895909301598,12.4392424505881,13.5523877660676,14.3683765771398,15.6544759384277,16.8315086869422,19.2584195043547,20.2033920356418,22.2249712522303,1,1,1,1,1,1,1,1,0.903225806451613,0.870967741935484,0.870967741935484,0.838709677419355,0.838709677419355,0.806451612903226,0.806451612903226,0.774193548387097,0,0,0,0,0,0,0,0,2948,2.94534,-1.73361909301598
"949",317,317,1,4.67542292290305,12.4163120990663,13.5266754874965,14.3406250128493,15.6235102074408,16.7976013640575,19.2184469456419,20.1610578403942,22.1775848092422,1,1,1,1,1,1,1,1,0.933333333333333,0.9,0.9,0.9,0.866666666666667,0.833333333333333,0.833333333333333,0.8,0,0,0,0,0,0,0,0,2949,4.882643,0.207220077096946
"950",317,317,2,4.70578606537031,12.4466752415336,13.5570386299638,14.3709881553165,15.653873349908,16.8279645065247,19.2488100881092,20.1914209828615,22.2079479517095,1,1,1,1,1,1,1,1,0.903225806451613,0.870967741935484,0.870967741935484,0.838709677419355,0.838709677419355,0.806451612903226,0.806451612903226,0.774193548387097,0,0,0,0,0,0,0,0,2950,2.629539,-2.07624706537031
"951",317,317,3,4.6704734076469,12.4113625838101,13.5217259722403,14.3356754975931,15.6185606921846,16.7926518488013,19.2134974303858,20.1561083251381,22.1726352939861,1,1,1,1,1,1,1,1,0.933333333333333,0.9,0.9,0.9,0.866666666666667,0.833333333333333,0.833333333333333,0.8,0,0,0,0,0,0,0,0,2951,3.456828,-1.2136454076469
"952",318,318,1,4.68518906414401,12.4261006477365,13.536467250318,14.3504191317976,15.6333080399365,16.8074025951763,19.2282551843441,20.1708688076572,22.1874016137139,1,1,1,1,1,1,1,1,0.903225806451613,0.870967741935484,0.870967741935484,0.838709677419355,0.838709677419355,0.806451612903226,0.806451612903226,0.774193548387097,0,0,0,0,0,0,0,0,2952,2.617839,-2.06735006414401
"953",318,318,2,4.67209496198725,12.4130065455797,13.5233731481612,14.3373250296408,15.6202139377798,16.7943084930195,19.2151610821873,20.1577747055004,22.1743075115571,1,1,1,1,1,1,1,1,0.903225806451613,0.870967741935484,0.870967741935484,0.870967741935484,0.838709677419355,0.806451612903226,0.806451612903226,0.774193548387097,0,0,0,0,0,0,0,0,2953,2.265992,-2.40610296198725
"954",318,318,3,4.6666036855086,12.4075152691011,13.5178818716826,14.3318337531621,15.6147226613011,16.7888172165409,19.2096698057087,20.1522834290218,22.1688162350785,1,1,1,1,1,1,1,1,0.903225806451613,0.870967741935484,0.870967741935484,0.870967741935484,0.838709677419355,0.806451612903226,0.806451612903226,0.774193548387097,0,0,0,0,0,0,0,0,2954,2.865497,-1.8011066855086
"955",319,319,1,4.67403381704089,12.4153336607612,13.5257559558893,14.339748662672,15.6227019165415,16.7968553607245,19.2178293723534,20.1604902742437,22.1771242233346,1,1,1,1,1,1,1,1,1,0.964285714285714,0.964285714285714,0.964285714285714,0.928571428571429,0.892857142857143,0.892857142857143,0.857142857142857,0,0,0,0,0,0,0,0,2955,12.418708,7.74467418295911
"956",319,319,2,4.82374778973658,12.5650476334569,13.675469928585,14.4894626353676,15.7724158892372,16.9465693334202,19.3675433450491,20.3102042469394,22.3268381960302,1,1,1,1,1,1,1,1,0.9,0.9,0.9,0.866666666666667,0.866666666666667,0.833333333333333,0.833333333333333,0.8,0,0,0,0,0,0,0,0,2956,5.080751,0.25700321026342
"957",319,319,3,4.70875036175764,12.450050205478,13.5604725006061,14.3744652073887,15.6574184612583,16.8315719054412,19.2525459170701,20.1952068189604,22.2118407680513,1,1,1,1,1,1,1,1,0.903225806451613,0.870967741935484,0.870967741935484,0.838709677419355,0.838709677419355,0.806451612903226,0.806451612903226,0.774193548387097,0,0,0,0,0,0,0,0,2957,2.577478,-2.13127236175764
"958",320,320,1,4.67595842215844,12.4222069750702,13.5333391195943,14.3478521799701,15.6316255755068,16.8065296099083,19.2290512552144,20.1723147632256,22.1902378672596,1,1,1,1,1,1,1,1,0.933333333333333,0.9,0.9,0.866666666666667,0.866666666666667,0.833333333333333,0.833333333333333,0.8,0,0,0,0,0,0,0,0,2958,3.284865,-1.39109342215844
"959",320,320,2,4.68692244837602,12.4331710012878,13.5443031458119,14.3588162061877,15.6425896017244,16.8174936361259,19.240015281432,20.1832787894432,22.2012018934772,1,1,1,1,1,1,1,1,0.903225806451613,0.870967741935484,0.870967741935484,0.838709677419355,0.838709677419355,0.806451612903226,0.806451612903226,0.774193548387097,0,0,0,0,0,0,0,0,2959,2.473048,-2.21387444837602
"960",320,320,3,4.67433982688047,12.4205883797922,13.5317205243163,14.3462335846921,15.6300069802288,16.8049110146303,19.2274326599364,20.1706961679476,22.1886192719816,1,1,1,1,1,1,1,1,0.903225806451613,0.870967741935484,0.870967741935484,0.838709677419355,0.838709677419355,0.806451612903226,0.806451612903226,0.774193548387097,0,0,0,0,0,0,0,0,2960,2.521234,-2.15310582688047
"961",321,321,1,4.66937462596223,12.412028932001,13.5226455129966,14.3367806406221,15.6199583673675,16.7943172481862,19.2157148473442,20.1585406826044,22.1755274735628,1,1,1,1,1,1,1,1,0.903225806451613,0.870967741935484,0.870967741935484,0.870967741935484,0.838709677419355,0.806451612903226,0.806451612903226,0.774193548387097,0,0,0,0,0,0,0,0,2961,2.997887,-1.67148762596223
"962",321,321,2,4.67686250195978,12.4195168079985,13.5301333889942,14.3442685166197,15.6274462433651,16.8018051241838,19.2232027233417,20.1660285586019,22.1830153495604,1,1,1,1,1,1,1,1,0.903225806451613,0.870967741935484,0.870967741935484,0.838709677419355,0.838709677419355,0.806451612903226,0.806451612903226,0.774193548387097,0,0,0,0,0,0,0,0,2962,2.443278,-2.23358450195978
"963",321,321,3,4.66814999323934,12.4108042992781,13.5214208802737,14.3355560078992,15.6187337346447,16.7930926154633,19.2144902146213,20.1573160498815,22.1743028408399,1,1,1,1,1,1,1,1,0.903225806451613,0.870967741935484,0.870967741935484,0.870967741935484,0.838709677419355,0.806451612903226,0.806451612903226,0.774193548387097,0,0,0,0,0,0,0,0,2963,2.821356,-1.84679399323934
"964",322,322,1,4.67291707460368,12.4160303118609,13.526712722558,14.3408961065063,15.6241498911893,16.7985783799139,19.2201195028438,20.1630012223256,22.1801075663687,1,1,1,1,1,1,1,1,0.903225806451613,0.870967741935484,0.870967741935484,0.870967741935484,0.838709677419355,0.806451612903226,0.806451612903226,0.774193548387097,0,0,0,0,0,0,0,0,2964,2.431474,-2.24144307460368
"965",322,322,2,4.66670770325075,12.409820940508,13.520503351205,14.3346867351534,15.6179405198364,16.7923690085609,19.2139101314908,20.1567918509727,22.1738981950157,1,1,1,1,1,1,1,1,0.933333333333333,0.9,0.9,0.9,0.866666666666667,0.833333333333333,0.833333333333333,0.8,0,0,0,0,0,0,0,0,2965,4.431177,-0.235530703250748
"966",322,322,3,4.69855554060299,12.4416687778602,13.5523511885573,14.3665345725057,15.6497883571886,16.8242168459132,19.2457579688431,20.1886396883249,22.205746032368,1,1,1,1,1,1,1,1,0.903225806451613,0.870967741935484,0.870967741935484,0.838709677419355,0.838709677419355,0.806451612903226,0.806451612903226,0.774193548387097,0,0,0,0,0,0,0,0,2966,2.863156,-1.83539954060299
"967",323,323,1,4.67283734563397,12.4160483866806,13.5267448264826,14.3409384944367,15.6242084879854,16.798651810996,19.2202235205763,20.1631171496612,22.1802489719116,1,1,1,1,1,1,1,1,1,0.964285714285714,0.964285714285714,0.964285714285714,0.928571428571429,0.892857142857143,0.892857142857143,0.857142857142857,0,0,0,0,0,0,0,0,2967,10.230013,5.55717565436603
"968",323,323,2,4.7918244283051,12.5350354693517,13.6457319091538,14.4599255771078,15.7431955706565,16.9176388936671,19.3392106032474,20.2821042323323,22.2992360545827,1,1,1,1,1,1,1,1,0.870967741935484,0.870967741935484,0.870967741935484,0.838709677419355,0.838709677419355,0.806451612903226,0.806451612903226,0.774193548387097,0,0,0,0,0,0,0,0,2968,2.639128,-2.1526964283051
"969",323,323,3,4.66921891810692,12.4124299591535,13.5231263989556,14.3373200669096,15.6205900604583,16.7950333834689,19.2166050930492,20.1594987221342,22.1766305443845,1,1,1,1,1,1,1,1,0.903225806451613,0.870967741935484,0.870967741935484,0.870967741935484,0.838709677419355,0.806451612903226,0.806451612903226,0.774193548387097,0,0,0,0,0,0,0,0,2969,2.321312,-2.34790691810692
"970",324,324,1,4.66757714497461,12.4136381399201,13.5247433808812,14.3392367196574,15.622979031512,16.7978546182578,19.2203176076571,20.1635582766665,22.1814325212363,1,1,1,1,1,1,1,1,0.903225806451613,0.870967741935484,0.870967741935484,0.870967741935484,0.838709677419355,0.806451612903226,0.806451612903226,0.774193548387097,0,0,0,0,0,0,0,0,2970,2.648749,-2.01882814497461
"971",324,324,2,4.6727914973656,12.418852492311,13.5299577332722,14.3444510720484,15.628193383903,16.8030689706488,19.2255319600481,20.1687726290575,22.1866468736273,1,1,1,1,1,1,1,1,0.903225806451613,0.870967741935484,0.870967741935484,0.838709677419355,0.838709677419355,0.806451612903226,0.806451612903226,0.774193548387097,0,0,0,0,0,0,0,0,2971,2.406675,-2.2661164973656
"972",324,324,3,4.66893652941544,12.4149975243609,13.5261027653221,14.3405961040982,15.6243384159528,16.7992140026987,19.221676992098,20.1649176611073,22.1827919056771,1,1,1,1,1,1,1,1,0.933333333333333,0.9,0.9,0.9,0.866666666666667,0.833333333333333,0.833333333333333,0.8,0,0,0,0,0,0,0,0,2972,5.741984,1.07304747058456
"973",325,325,1,4.71738528849406,12.4564040286733,13.5664991192905,14.3802519695008,15.6628271797253,16.8366346399478,19.2568952710718,20.199278402153,22.2153181163046,1,1,1,1,1,1,1,1,0.933333333333333,0.9,0.9,0.866666666666667,0.866666666666667,0.833333333333333,0.833333333333333,0.8,0,0,0,0,0,0,0,0,2973,3.1957,-1.52168528849406
"974",325,325,2,4.67599605276871,12.415014792948,13.5251098835651,14.3388627337754,15.621437944,16.7952454042224,19.2155060353465,20.1578891664276,22.1739288805793,1,1,1,1,1,1,1,1,0.903225806451613,0.870967741935484,0.870967741935484,0.870967741935484,0.838709677419355,0.806451612903226,0.806451612903226,0.774193548387097,0,0,0,0,0,0,0,0,2974,2.544971,-2.13102505276871
"975",325,325,3,4.66541860894299,12.4044373491223,13.5145324397394,14.3282852899497,15.6108605001742,16.7846679603967,19.2049285915207,20.1473117226019,22.1633514367535,1,1,1,1,1,1,1,1,0.933333333333333,0.9,0.9,0.9,0.866666666666667,0.833333333333333,0.833333333333333,0.8,0,0,0,0,0,0,0,0,2975,3.130231,-1.53518760894299
"976",326,326,1,4.67446279344171,12.4138879885268,13.5240413815736,14.3378369702562,15.6204795416028,16.7943486504421,19.2147363941679,20.157169019411,22.1733146163961,1,1,1,1,1,1,1,1,0.933333333333333,0.9,0.9,0.9,0.866666666666667,0.833333333333333,0.833333333333333,0.8,0,0,0,0,0,0,0,0,2976,5.197402,0.522939206558294
"977",326,326,2,4.70818568052112,12.4476108756062,13.557764268653,14.3715598573356,15.6542024286823,16.8280715375215,19.2484592812473,20.1908919064904,22.2070375034755,1,1,1,1,1,1,1,1,0.903225806451613,0.870967741935484,0.870967741935484,0.838709677419355,0.838709677419355,0.806451612903226,0.806451612903226,0.774193548387097,0,0,0,0,0,0,0,0,2977,2.857427,-1.85075868052112
"978",326,326,3,4.67001239311836,12.4094375882035,13.5195909812503,14.3333865699329,15.6160291412795,16.7898982501187,19.2102859938445,20.1527186190876,22.1688642160727,1,1,1,1,1,1,1,1,0.903225806451613,0.870967741935484,0.870967741935484,0.870967741935484,0.838709677419355,0.806451612903226,0.806451612903226,0.774193548387097,0,0,0,0,0,0,0,0,2978,3.044056,-1.62595639311836
"979",327,327,1,4.67309031155645,12.4125455600702,13.5227032640205,14.3365020128018,15.6191495648551,16.7930232320163,19.2134203744957,20.1558566593557,22.1720100853573,0,0,0,0,0,0,0,0,0,0,0,0,0,0,0,0,0,0,0,0,0,0,0,0,2979,59.829371,55.1562806884435
"980",327,327,2,5.59598136377475,13.3354366122884,14.4455943162388,15.2593930650201,16.5420406170734,17.7159142842346,20.136311426714,21.078747711574,23.0949011375756,1,1,1,1,1,1,1,1,0.870967741935484,0.870967741935484,0.870967741935484,0.838709677419355,0.838709677419355,0.806451612903226,0.806451612903226,0.774193548387097,1,1,1,1,1,1,1,1,2980,2.389953,-3.20602836377475
"981",327,327,3,4.66245964399867,12.4019148925124,13.5120725964627,14.325871345244,15.6085188972974,16.7823925644585,19.2027897069379,20.1452259917979,22.1613794177995,1,1,1,1,1,1,1,1,0.903225806451613,0.870967741935484,0.870967741935484,0.870967741935484,0.838709677419355,0.806451612903226,0.806451612903226,0.774193548387097,1,1,1,1,1,1,1,1,2981,3.010091,-1.65236864399867
"982",328,328,1,4.7095353919814,12.7112227892508,13.8589954196807,14.7003677104873,16.0264745775533,17.240122027781,19.7425282940467,20.716896683184,22.8013624423079,1,1,1,1,1,1,1,1,0.870967741935484,0.870967741935484,0.870967741935484,0.838709677419355,0.838709677419355,0.806451612903226,0.806451612903226,0.774193548387097,0,0,0,0,0,0,0,0,2982,2.99046,-1.7190753919814
"983",328,328,2,4.70932329428458,12.711010691554,13.8587833219839,14.7001556127905,16.0262624798565,17.2399099300841,19.7423161963499,20.7166845854871,22.801150344611,1,1,1,1,1,1,1,1,0.870967741935484,0.870967741935484,0.870967741935484,0.838709677419355,0.838709677419355,0.806451612903226,0.806451612903226,0.774193548387097,0,0,0,0,0,0,0,0,2983,3.023403,-1.68592029428458
"984",328,328,3,4.70967921779467,12.7113666150641,13.859139245494,14.7005115363006,16.0266184033665,17.2402658535942,19.74267211986,20.7170405089972,22.8015062681211,1,1,1,1,1,1,1,1,0.9,0.9,0.9,0.866666666666667,0.866666666666667,0.833333333333333,0.833333333333333,0.8,0,0,0,0,0,0,0,0,2984,3.386176,-1.32350321779467
"985",329,329,1,4.70761038675858,12.7031847418257,13.8500805093915,14.6908100177366,16.0159037800859,17.2286240411204,19.7291185462346,20.7027425479961,22.7856158396163,1,1,1,1,1,1,1,1,0.9,0.9,0.9,0.866666666666667,0.866666666666667,0.833333333333333,0.833333333333333,0.8,0,0,0,0,0,0,0,0,2985,6.065351,1.35774061324142
"986",329,329,2,4.7377626307371,12.7333369858042,13.88023275337,14.7209622617151,16.0460560240644,17.2587762850989,19.7592707902131,20.7328947919746,22.8157680835948,1,1,1,1,1,1,1,1,0.870967741935484,0.870967741935484,0.870967741935484,0.838709677419355,0.838709677419355,0.806451612903226,0.806451612903226,0.774193548387097,0,0,0,0,0,0,0,0,2986,2.777441,-1.9603216307371
"987",329,329,3,4.70075949936292,12.69633385443,13.8432296219959,14.6839591303409,16.0090528926902,17.2217731537247,19.7222676588389,20.6958916606004,22.7787649522206,1,1,1,1,1,1,1,1,0.870967741935484,0.870967741935484,0.870967741935484,0.838709677419355,0.838709677419355,0.806451612903226,0.806451612903226,0.774193548387097,0,0,0,0,0,0,0,0,2987,3.103818,-1.59694149936292
"988",330,330,1,4.70441489421635,12.700326655212,13.8472708207308,14.6880358070926,16.0131854871873,17.2259569239082,19.7265569476047,20.700222035409,22.783183222378,1,1,1,1,1,1,1,1,0.870967741935484,0.870967741935484,0.870967741935484,0.838709677419355,0.838709677419355,0.806451612903226,0.806451612903226,0.774193548387097,0,0,0,0,0,0,0,0,2988,2.780016,-1.92439889421635
"989",330,330,2,4.70086505262097,12.6967768136166,13.8437209791354,14.6844859654972,16.0096356455919,17.2224070823128,19.7230071060093,20.6966721938136,22.7796333807826,1,1,1,1,1,1,1,1,0.870967741935484,0.870967741935484,0.870967741935484,0.838709677419355,0.838709677419355,0.806451612903226,0.806451612903226,0.774193548387097,0,0,0,0,0,0,0,0,2989,2.90159,-1.79927505262097
"990",330,330,3,4.70219786848411,12.6981096294798,13.8450537949986,14.6858187813604,16.0109684614551,17.223739898176,19.7243399218724,20.6980050096767,22.7809661966458,1,1,1,1,1,1,1,1,0.9,0.9,0.9,0.866666666666667,0.866666666666667,0.833333333333333,0.833333333333333,0.8,0,0,0,0,0,0,0,0,2990,3.147664,-1.55453386848411
"991",331,331,1,4.70444145706723,12.7007958088461,13.8478034601726,14.688614984671,16.0138380146291,17.2266765808377,19.727415018083,20.7011340003282,22.784210483645,1,1,1,1,1,1,1,1,1,1,1,0.962962962962963,0.962962962962963,0.925925925925926,0.925925925925926,0.888888888888889,0,0,0,0,0,0,0,0,2991,14.771543,10.0671015429328
"992",331,331,2,4.83523363520923,12.8315879869881,13.9785956383146,14.819407162813,16.1446301927711,17.3574687589797,19.858207196225,20.8319261784702,22.915002661787,1,1,1,1,1,1,1,1,0.870967741935484,0.870967741935484,0.870967741935484,0.838709677419355,0.838709677419355,0.806451612903226,0.806451612903226,0.774193548387097,0,0,0,0,0,0,0,0,2992,2.518423,-2.31681063520923
"993",331,331,3,4.69736122154807,12.693715573327,13.8407232246535,14.6815347491519,16.0067577791099,17.2195963453185,19.7203347825638,20.694053764809,22.7771302481258,1,1,1,1,1,1,1,1,0.870967741935484,0.870967741935484,0.870967741935484,0.838709677419355,0.838709677419355,0.806451612903226,0.806451612903226,0.774193548387097,0,0,0,0,0,0,0,0,2993,3.039132,-1.65822922154807
"994",332,332,1,4.71104403864817,12.7162096754794,13.8644812291954,14.7062192546581,16.032902564809,17.2470775733335,19.7505716062219,20.7253635418576,22.8107353937727,1,1,1,1,1,1,1,1,0.9,0.9,0.9,0.866666666666667,0.866666666666667,0.833333333333333,0.833333333333333,0.8,0,0,0,0,0,0,0,0,2994,4.799532,0.0884879613518335
"995",332,332,2,4.72947469250365,12.7346403293349,13.8829118830509,14.7246499085136,16.0513332186645,17.265508227189,19.7690022600773,20.7437941957131,22.8291660476282,1,1,1,1,1,1,1,1,0.870967741935484,0.870967741935484,0.870967741935484,0.838709677419355,0.838709677419355,0.806451612903226,0.806451612903226,0.774193548387097,0,0,0,0,0,0,0,0,2995,2.709327,-2.02014769250365
"996",332,332,3,4.70759111783766,12.7127567546689,13.8610283083849,14.7027663338476,16.0294496439985,17.243624652523,19.7471186854114,20.7219106210471,22.8072824729622,1,1,1,1,1,1,1,1,0.9,0.9,0.9,0.866666666666667,0.866666666666667,0.833333333333333,0.833333333333333,0.8,0,0,0,0,0,0,0,0,2996,3.142134,-1.56545711783766
"997",333,333,1,4.70399236481568,12.7011589495769,13.8482831086773,14.6891800389522,16.0145376789846,17.2274994397694,19.72849189055,20.7023097787013,22.7855978513687,1,1,1,1,1,1,1,1,0.870967741935484,0.870967741935484,0.870967741935484,0.838709677419355,0.838709677419355,0.806451612903226,0.806451612903226,0.774193548387097,0,0,0,0,0,0,0,0,2997,2.92596,-1.77803236481568
"998",333,333,2,4.70163430899653,12.6988008937577,13.8459250528582,14.686821983133,16.0121796231654,17.2251413839502,19.7261338347309,20.6999517228822,22.7832397955496,1,1,1,1,1,1,1,1,0.870967741935484,0.870967741935484,0.870967741935484,0.838709677419355,0.838709677419355,0.806451612903226,0.806451612903226,0.774193548387097,0,0,0,0,0,0,0,0,2998,2.591929,-2.10970530899653
"999",333,333,3,4.69799065275978,12.695157237521,13.8422813966214,14.6831783268963,16.0085359669287,17.2214977277135,19.7224901784941,20.6963080666454,22.7795961393128,1,1,1,1,1,1,1,1,0.870967741935484,0.870967741935484,0.870967741935484,0.838709677419355,0.838709677419355,0.806451612903226,0.806451612903226,0.774193548387097,0,0,0,0,0,0,0,0,2999,2.9042,-1.79379065275978
