"","train_iter","test_iter","predict_iter","expected","Quantile_0.95","Quantile_0.97","Quantile_0.98","Quantile_0.99","Quantile_0.995","Quantile_0.999","Quantile_0.9995","Quantile_0.9999","score_pred_1_0.95","score_pred_1_0.97","score_pred_1_0.98","score_pred_1_0.99","score_pred_1_0.995","score_pred_1_0.999","score_pred_1_0.9995","score_pred_1_0.9999","score_pred_2_0.95","score_pred_2_0.97","score_pred_2_0.98","score_pred_2_0.99","score_pred_2_0.995","score_pred_2_0.999","score_pred_2_0.9995","score_pred_2_0.9999","adjustment_0.95","adjustment_0.97","adjustment_0.98","adjustment_0.99","adjustment_0.995","adjustment_0.999","adjustment_0.9995","adjustment_0.9999","time","actual","residuals"
"1",1,1,1,22.3277149491527,42.0277318901994,44.8535283930289,46.9249725222102,50.1898248527014,53.1778040304561,59.3386852785338,61.737563517563,66.8694824152927,1,1,1,1,1,1,1,1,0.948717948717949,0.897435897435897,0.846153846153846,0.794871794871795,0.743589743589744,0.666666666666667,0.615384615384615,0.538461538461538,0,0,0,0,0,0,0,0,2010,38.041638,15.7139230508473
"2",1,1,2,33.2450749985195,52.9450919395662,55.7708884423957,57.842332571577,61.1071849020682,64.0951640798229,70.2560453279006,72.6549235669299,77.7868424646596,1,1,1,1,1,1,1,1,0.566037735849057,0.528301886792453,0.490566037735849,0.452830188679245,0.415094339622642,0.358490566037736,0.320754716981132,0.264150943396226,0,0,0,0,0,0,0,0,2020,15.991313,-17.2537619985195
"3",1,1,3,21.1638996049686,40.8639165460153,43.6897130488449,45.7611571780261,49.0260095085173,52.013988686272,58.1748699343497,60.573748173379,65.7056670711087,1,1,1,1,1,1,1,1,0.69811320754717,0.679245283018868,0.641509433962264,0.60377358490566,0.566037735849057,0.490566037735849,0.471698113207547,0.39622641509434,0,0,0,0,0,0,0,0,2030,16.329942,-4.83395760496862
"4",2,2,1,21.4111825799694,41.2681648505766,44.1164766680206,46.2044256007955,49.4952915445518,52.5070782722066,58.717048044339,61.1350400087265,66.3078488886055,1,1,1,1,1,1,1,1,0.725490196078431,0.686274509803922,0.666666666666667,0.627450980392157,0.588235294117647,0.509803921568627,0.470588235294118,0.411764705882353,0,0,0,0,0,0,0,0,2040,19.482143,-1.92903957996944
"5",2,2,2,23.1214919522872,42.9784742228944,45.8267860403383,47.9147349731132,51.2056009168696,54.2173876445244,60.4273574166567,62.8453493810443,68.0181582609232,1,1,1,1,1,1,1,1,0.692307692307692,0.653846153846154,0.634615384615385,0.596153846153846,0.557692307692308,0.480769230769231,0.442307692307692,0.384615384615385,0,0,0,0,0,0,0,0,2050,18.643145,-4.47834695228719
"6",2,2,3,22.6662715704791,42.5232538410863,45.3715656585302,47.4595145913051,50.7503805350615,53.7621672627163,59.9721370348486,62.3901289992362,67.5629378791151,1,1,1,1,1,1,1,1,0.72,0.68,0.66,0.62,0.58,0.5,0.48,0.4,0,0,0,0,0,0,0,0,2060,20.495027,-2.17124457047909
"7",3,3,1,23.3759718924441,42.4084099372718,45.1384480396926,47.1396966766833,50.2939122233774,53.1806370800124,59.1327431622801,61.450330075938,66.4083424859989,1,1,1,1,1,1,1,1,0.72,0.7,0.66,0.62,0.58,0.52,0.48,0.42,0,0,0,0,0,0,0,0,2070,20.642058,-2.73391389244411
"8",3,3,2,23.4591064813793,42.491544526207,45.2215826286278,47.2228312656186,50.3770468123126,53.2637716689477,59.2158777512153,61.5334646648732,66.4914770749342,1,1,1,1,1,1,1,1,0.692307692307692,0.673076923076923,0.634615384615385,0.596153846153846,0.557692307692308,0.5,0.461538461538462,0.403846153846154,0,0,0,0,0,0,0,0,2080,18.041824,-5.41728248137934
"9",3,3,3,21.9888764977336,41.0213145425613,43.7513526449821,45.7526012819728,48.9068168286668,51.7935416853019,57.7456477675695,60.0632346812275,65.0212470912884,1,1,1,1,1,1,1,1,0.804347826086957,0.760869565217391,0.739130434782609,0.695652173913043,0.652173913043478,0.58695652173913,0.543478260869565,0.478260869565217,0,0,0,0,0,0,0,0,2090,27.433028,5.44415150226641
"10",4,4,1,27.2799845523807,46.3065562345587,49.035752858157,51.0363846508828,54.1896279746683,57.0754630569697,63.0257345233712,65.3426070879124,70.2990912913006,1,1,1,1,1,1,1,1,0.894736842105263,0.842105263157895,0.815789473684211,0.763157894736842,0.710526315789474,0.605263157894737,0.578947368421053,0.5,0,0,0,0,0,0,0,0,2100,39.118416,11.8384314476193
"11",4,4,2,33.900135295138,52.926706977316,55.6559036009143,57.65653539364,60.8097787174255,63.695613799727,69.6458852661285,71.9627578306696,76.9192420340578,1,1,1,1,1,1,1,1,0.967741935483871,0.903225806451613,0.870967741935484,0.806451612903226,0.741935483870968,0.612903225806452,0.548387096774194,0.451612903225806,0,0,0,0,0,0,0,0,2110,50.686506,16.786370704862
"12",4,4,3,40.4538329221045,59.4804046042825,62.2096012278808,64.2102330206066,67.3634763443921,70.2493114266935,76.199582893095,78.5164554576362,83.4729396610244,1,1,1,1,1,1,1,1,0.657894736842105,0.631578947368421,0.578947368421053,0.526315789473684,0.5,0.394736842105263,0.342105263157895,0.263157894736842,0,0,0,0,0,0,0,0,2120,40.459408,0.00557507789550016
"13",5,5,1,34.8744580887136,54.0208704120277,56.7672571357986,58.7804900949731,61.95359441673,64.8576062011852,70.8453560088969,73.1768216119635,78.1645246946452,1,1,1,1,1,1,1,1,0.725,0.675,0.65,0.6,0.55,0.45,0.425,0.325,0,0,0,0,0,0,0,0,2130,36.913012,2.03855391128639
"14",5,5,2,32.8425754017947,51.9889877251088,54.7353744488797,56.7486074080542,59.9217117298111,62.8257235142664,68.813473321978,71.1449389250446,76.1326420077263,1,1,1,1,1,1,1,1,0.789473684210526,0.736842105263158,0.710526315789474,0.657894736842105,0.605263157894737,0.5,0.473684210526316,0.394736842105263,0,0,0,0,0,0,0,0,2140,40.261927,7.41935159820528
"15",5,5,3,34.761312736391,53.9077250597051,56.654111783476,58.6673447426505,61.8404490644074,64.7444608488627,70.7322106565743,73.0636762596409,78.0513793423226,1,1,1,1,1,1,1,1,0.725,0.675,0.65,0.6,0.55,0.45,0.425,0.35,0,0,0,0,0,0,0,0,2150,36.280165,1.51885226360898
"16",6,6,1,32.5275897349727,51.4234219340855,54.1338651132003,56.1207497332481,59.2523258114038,62.11833112126,68.0277157989846,70.3286681690484,75.2510943091451,1,1,1,1,1,1,1,1,0.775,0.725,0.7,0.65,0.6,0.5,0.45,0.375,0,0,0,0,0,0,0,0,2160,37.08803,4.56044026502729
"17",6,6,2,32.9975163383178,51.8933485374306,54.6037917165454,56.5906763365931,59.7222524147489,62.588257724605,68.4976424023296,70.7985947723935,75.7210209124902,1,1,1,1,1,1,1,1,0.769230769230769,0.743589743589744,0.692307692307692,0.641025641025641,0.58974358974359,0.512820512820513,0.461538461538462,0.384615384615385,0,0,0,0,0,0,0,0,2170,38.920272,5.92275566168222
"18",6,6,3,34.0633123061666,52.9591445052794,55.6695876843942,57.656472304442,60.7880483825977,63.6540536924539,69.5634383701785,71.8643907402423,76.786816880339,1,1,1,1,1,1,1,1,0.638297872340426,0.595744680851064,0.574468085106383,0.531914893617021,0.48936170212766,0.404255319148936,0.382978723404255,0.297872340425532,0,0,0,0,0,0,0,0,2180,26.024272,-8.03904030616661
"19",7,7,1,26.5126380166782,45.4331269558636,48.1471069304074,50.1365841908382,53.272246591129,56.1419916858873,62.0590873847753,64.3630422150596,69.2918915166547,1,1,1,1,1,1,1,1,0.755555555555556,0.733333333333333,0.688888888888889,0.644444444444444,0.622222222222222,0.533333333333333,0.488888888888889,0.422222222222222,0,0,0,0,0,0,0,0,2190,29.55619,3.04355198332181
"20",7,7,2,28.5630313341743,47.4835202733596,50.1975002479034,52.1869775083343,55.3226399086251,58.1923850033834,64.1094807022714,66.4134355325556,71.3422848341508,1,1,1,1,1,1,1,1,0.75,0.704545454545455,0.681818181818182,0.636363636363636,0.590909090909091,0.5,0.477272727272727,0.409090909090909,0,0,0,0,0,0,0,0,2200,30.327831,1.76479966582573
"21",7,7,3,29.0109940416624,47.9314829808478,50.6454629553916,52.6349402158224,55.7706026161132,58.6403477108715,64.5574434097595,66.8613982400437,71.7902475416389,1,1,1,1,1,1,1,1,0.891891891891892,0.837837837837838,0.810810810810811,0.756756756756757,0.702702702702703,0.594594594594595,0.567567567567568,0.486486486486487,0,0,0,0,0,0,0,0,2210,40.912578,11.9015839583376
"22",8,8,1,35.2795105923953,54.2363194705792,56.955509225242,58.9488055039324,62.0904871496806,64.9657410326694,70.8941952411352,73.2025727636215,78.1408835282128,1,1,1,1,1,1,1,1,0.604166666666667,0.5625,0.541666666666667,0.5,0.458333333333333,0.375,0.354166666666667,0.270833333333333,0,0,0,0,0,0,0,0,2220,24.070066,-11.2094445923953
"23",8,8,2,25.469609673706,44.4264185518899,47.1456083065528,49.1389045852431,52.2805862309913,55.1558401139801,61.0842943224459,63.3926718449322,68.3309826095235,1,1,1,1,1,1,1,1,0.74468085106383,0.702127659574468,0.680851063829787,0.638297872340426,0.595744680851064,0.51063829787234,0.48936170212766,0.425531914893617,0,0,0,0,0,0,0,0,2230,25.489762,0.02015232629401
"24",8,8,3,26.2965099065608,45.2533187847447,47.9725085394075,49.9658048180979,53.1074864638461,55.9827403468349,61.9111945553006,64.219572077787,69.1578828423783,1,1,1,1,1,1,1,1,0.729166666666667,0.6875,0.666666666666667,0.625,0.583333333333333,0.5,0.458333333333333,0.395833333333333,0,0,0,0,0,0,0,0,2240,24.885769,-1.41074090656077
"25",9,9,1,25.8713341323137,44.8540357932141,47.5769396428987,49.5729585310623,52.718931346318,55.5981124896661,61.5346642728689,63.8461947689385,68.791250688183,1,1,1,1,1,1,1,1,0.7,0.66,0.64,0.6,0.56,0.48,0.46,0.38,0,0,0,0,0,0,0,0,2250,21.748001,-4.12333313231369
"26",9,9,2,24.0543639577918,43.0370656186922,45.7599694683768,47.7559883565404,50.9019611717961,53.7811423151442,59.7176940983469,62.0292245944166,66.9742805136611,1,1,1,1,1,1,1,1,0.75,0.708333333333333,0.6875,0.645833333333333,0.604166666666667,0.520833333333333,0.5,0.4375,0,0,0,0,0,0,0,0,2260,24.591902,0.537538042208215
"27",9,9,3,25.7011661739827,44.6838678348832,47.4067716845678,49.4027905727313,52.5487633879871,55.4279445313352,61.3644963145379,63.6760268106076,68.621082729852,1,1,1,1,1,1,1,1,0.795454545454545,0.75,0.727272727272727,0.681818181818182,0.636363636363636,0.545454545454545,0.522727272727273,0.454545454545455,0,0,0,0,0,0,0,0,2270,30.494012,4.79284582601727
"28",10,10,1,29.0937144409863,48.0152564403058,50.729387467189,52.7189754562166,55.8548123784809,58.7247171950182,64.6421422224775,66.9462252842779,71.875348911485,1,1,1,1,1,1,1,1,0.891891891891892,0.837837837837838,0.810810810810811,0.756756756756757,0.702702702702703,0.594594594594595,0.567567567567568,0.459459459459459,0,0,0,0,0,0,0,0,2280,41.85974,12.7660255590137
"29",10,10,2,35.6968070293713,54.6183490286908,57.332480055574,59.3220680446016,62.4579049668658,65.3278097834032,71.2452348108625,73.5493178726629,78.47844149987,1,1,1,1,1,1,1,1,0.828571428571429,0.771428571428571,0.742857142857143,0.685714285714286,0.628571428571429,0.514285714285714,0.457142857142857,0.371428571428571,0,0,0,0,0,0,0,0,2290,44.922762,9.22595497062871
"30",10,10,3,37.4763162580155,56.397858257335,59.1119892842182,61.1015772732458,64.2374141955101,67.1073190120474,73.0247440395067,75.3288271013071,80.2579507285142,1,1,1,1,1,1,1,1,0.870967741935484,0.838709677419355,0.774193548387097,0.709677419354839,0.67741935483871,0.548387096774194,0.483870967741935,0.387096774193548,0,0,0,0,0,0,0,0,2300,50.262525,12.7862087419845
"31",11,11,1,40.9135193805222,59.9599498815633,62.6919950804223,64.6947150151973,67.8512495093021,70.7400966568945,76.6965786674345,79.0158694475826,83.977526938289,1,1,1,1,1,1,1,1,0.714285714285714,0.657142857142857,0.628571428571429,0.571428571428571,0.514285714285714,0.4,0.371428571428571,0.285714285714286,0,0,0,0,0,0,0,0,2310,44.164839,3.25131961947778
"32",11,11,2,37.3198626132832,56.3662931143243,59.0983383131833,61.1010582479583,64.2575927420632,67.1464398896555,73.1029219001955,75.4222126803436,80.38387017105,1,1,1,1,1,1,1,1,0.75,0.722222222222222,0.666666666666667,0.611111111111111,0.583333333333333,0.472222222222222,0.416666666666667,0.333333333333333,0,0,0,0,0,0,0,0,2320,43.397061,6.07719838671677
"33",11,11,3,36.8673744718084,55.9138049728495,58.6458501717085,60.6485701064835,63.8051046005883,66.6939517481806,72.6504337587207,74.9697245388688,79.9313820295752,1,1,1,1,1,1,1,1,0.666666666666667,0.619047619047619,0.595238095238095,0.547619047619048,0.5,0.404761904761905,0.380952380952381,0.285714285714286,0,0,0,0,0,0,0,0,2330,34.092549,-2.77482547180839
"34",12,12,1,31.6488904199449,50.5189180249835,53.2256597589721,55.2098310425258,58.3371305665368,61.1992219919524,67.1005366745992,69.3983468098428,74.3140507687163,1,1,1,1,1,1,1,1,0.673913043478261,0.630434782608696,0.608695652173913,0.565217391304348,0.521739130434783,0.456521739130435,0.41304347826087,0.347826086956522,0,0,0,0,0,0,0,0,2340,28.116687,-3.5322034199449
"35",12,12,2,27.9728973656475,46.8429249706861,49.5496667046747,51.5338379882284,54.6611375122393,57.5232289376549,63.4245436203018,65.7223537555454,70.6380577144189,1,1,1,1,1,1,1,1,0.723404255319149,0.680851063829787,0.659574468085106,0.617021276595745,0.574468085106383,0.48936170212766,0.446808510638298,0.382978723404255,0,0,0,0,0,0,0,0,2350,25.692756,-2.28014136564749
"36",12,12,3,26.4818399215338,45.3518675265724,48.058609260561,50.0427805441147,53.1700800681256,56.0321714935412,61.9334861761881,64.2312963114317,69.1470002703052,1,1,1,1,1,1,1,1,0.723404255319149,0.702127659574468,0.659574468085106,0.617021276595745,0.595744680851064,0.51063829787234,0.468085106382979,0.404255319148936,0,0,0,0,0,0,0,0,2360,26.035413,-0.446426921533792
"37",13,13,1,26.4436942788852,44.7388840507116,47.3631702851113,49.2868977396875,52.3189303080896,55.0938338147657,60.8153766912298,63.0431886141272,67.8091454358171,1,1,1,1,1,1,1,1,0.729166666666667,0.6875,0.666666666666667,0.625,0.583333333333333,0.520833333333333,0.479166666666667,0.416666666666667,0,0,0,0,0,0,0,0,2370,24.539678,-1.90401627888515
"38",13,13,2,25.5398768698674,43.8350666416939,46.4593528760935,48.3830803306697,51.4151128990718,54.1900164057479,59.911559282212,62.1393712051094,66.9053280267993,1,1,1,1,1,1,1,1,0.875,0.85,0.825,0.775,0.725,0.625,0.6,0.525,0,0,0,0,0,0,0,0,2380,36.235995,10.6961181301326
"39",13,13,3,32.6075291785923,50.9027189504188,53.5270051848185,55.4507326393946,58.4827652077967,61.2576687144728,66.9792115909369,69.2070235138343,73.9729803355242,1,1,1,1,1,1,1,1,0.645833333333333,0.604166666666667,0.583333333333333,0.541666666666667,0.5,0.4375,0.395833333333333,0.333333333333333,0,0,0,0,0,0,0,0,2390,24.275303,-8.33222617859228
"40",14,14,1,25.4105495316205,43.6616459004218,46.2796073187343,48.198698380301,51.2234234194732,53.9916391060062,59.699392440021,61.9218350931701,66.6763054390398,0,0,0,0,1,1,1,1,0,0,0,0,1,0.862068965517241,0.827586206896552,0.724137931034483,0,0,0,0,0,0,0,0,2400,53.636192,28.2256424683795
"41",14,14,2,43.8280910368395,62.0791874056408,64.6971488239533,66.6162398855199,69.6409649246921,72.4091806112252,78.11693394524,80.3393765983891,85.0938469442588,1,1,1,1,1,1,1,1,0.558139534883721,0.511627906976744,0.488372093023256,0.441860465116279,0.395348837209302,0.325581395348837,0.27906976744186,0.209302325581395,1,1,1,1,0,0,0,0,2410,31.401711,-12.4263800368395
"42",14,14,3,29.880813191659,48.1319095604603,50.7498709787728,52.6689620403395,55.6936870795117,58.4619027660447,64.1696561000595,66.3920987532087,71.1465690990783,1,1,1,1,1,1,1,1,0.785714285714286,0.738095238095238,0.714285714285714,0.666666666666667,0.619047619047619,0.523809523809524,0.5,0.428571428571429,1,1,1,1,0,0,0,0,2420,33.995079,4.11426580834096
"43",15,15,1,30.9507148135511,48.7339443990039,51.2847943866952,53.1546895564762,56.1018757812126,58.7991282695519,64.3605633693867,66.5260337138978,71.1586232312245,1,1,1,1,1,1,1,1,0.680851063829787,0.659574468085106,0.617021276595745,0.595744680851064,0.553191489361702,0.468085106382979,0.446808510638298,0.382978723404255,0,0,0,0,0,0,0,0,2430,26.335266,-4.61544881355111
"44",15,15,2,26.5051406391874,44.2883702246402,46.8392202123315,48.7091153821125,51.6563016068489,54.3535540951882,59.914989195023,62.0804595395341,66.7130490568608,1,1,1,1,1,1,1,1,0.729166666666667,0.708333333333333,0.666666666666667,0.625,0.604166666666667,0.520833333333333,0.5,0.4375,0,0,0,0,0,0,0,0,2440,24.04277,-2.46237063918741
"45",15,15,3,25.1746302190986,42.9578598045513,45.5087097922426,47.3786049620237,50.32579118676,53.0230436750993,58.5844787749341,60.7499491194452,65.3825386367719,1,1,1,1,1,1,1,1,0.72,0.68,0.66,0.62,0.6,0.52,0.5,0.44,0,0,0,0,0,0,0,0,2450,20.863176,-4.31145421909855
"46",16,16,1,23.1912682141747,40.8827138563291,43.4203982337184,45.2806423808091,48.2126173992772,50.8959486553532,56.4286797202202,58.5829735005218,63.1916530001804,1,1,1,1,1,1,1,1,0.770833333333333,0.75,0.729166666666667,0.6875,0.645833333333333,0.5625,0.541666666666667,0.479166666666667,0,0,0,0,0,0,0,0,2460,24.070148,0.878879785825287
"47",16,16,2,25.0167885689539,42.7082342111083,45.2459185884976,47.1061627355883,50.0381377540564,52.7214690101324,58.2542000749993,60.4084938553009,65.0171733549596,1,1,1,1,1,1,1,1,0.73469387755102,0.714285714285714,0.673469387755102,0.63265306122449,0.612244897959184,0.530612244897959,0.510204081632653,0.448979591836735,0,0,0,0,0,0,0,0,2470,23.210339,-1.80644956895389
"48",16,16,3,24.527355287116,42.2188009292704,44.7564853066597,46.6167294537504,49.5487044722185,52.2320357282944,57.7647667931614,59.919060573463,64.5277400731216,1,1,1,1,1,1,1,1,0.75,0.729166666666667,0.708333333333333,0.666666666666667,0.625,0.5625,0.520833333333333,0.458333333333333,0,0,0,0,0,0,0,0,2480,24.720034,0.192678712884028
"49",17,17,1,25.3374365969858,43.0150581100395,45.5507595360544,47.4095500848486,50.3392340524893,53.0204685484444,58.5488763267882,60.7014867378535,65.3065650066305,1,1,1,1,1,1,1,1,1,0.944444444444444,0.916666666666667,0.861111111111111,0.833333333333333,0.722222222222222,0.694444444444444,0.611111111111111,0,0,0,0,0,0,0,0,2490,43.268606,17.9311694030142
"50",17,17,2,35.8675726589625,53.5451941720162,56.0808955980311,57.9396861468253,60.8693701144661,63.5506046104211,69.0790123887649,71.2316227998302,75.8367010686072,1,1,1,1,1,1,1,1,0.591836734693878,0.571428571428571,0.530612244897959,0.510204081632653,0.469387755102041,0.387755102040816,0.36734693877551,0.306122448979592,0,0,0,0,0,0,0,0,2500,22.093265,-13.7743076589625
"51",17,17,3,23.8462040118907,41.5238255249444,44.0595269509593,45.9183174997535,48.8480014673943,51.5292359633493,57.0576437416931,59.2102541527584,63.8153324215354,1,1,1,1,1,1,1,1,0.711538461538462,0.673076923076923,0.653846153846154,0.615384615384615,0.596153846153846,0.519230769230769,0.5,0.442307692307692,0,0,0,0,0,0,0,0,2510,18.500668,-5.34553601189073
"52",18,18,1,21.8338884368008,39.6624570264892,42.2198105009538,44.0944730379116,47.0491732233762,49.7533024571011,55.3289166422553,57.4999079338279,62.1443084101672,1,1,1,1,1,1,1,1,0.791666666666667,0.75,0.729166666666667,0.6875,0.666666666666667,0.583333333333333,0.5625,0.5,0,0,0,0,0,0,0,0,2520,23.864471,2.03058256319915
"53",18,18,2,24.8242371336058,42.6528057232942,45.2101591977587,47.0848217347166,50.0395219201812,52.7436511539061,58.3192653390603,60.4902566306328,65.1346571069722,1,1,1,1,1,1,1,1,0.72,0.7,0.66,0.62,0.6,0.52,0.5,0.44,0,0,0,0,0,0,0,0,2530,20.922046,-3.90219113360582
"54",18,18,3,23.1838195485088,41.0123881381971,43.5697416126617,45.4444041496195,48.3991043350841,51.103233568809,56.6788477539632,58.8498390455358,63.4942395218752,1,1,1,1,1,1,1,1,0.74,0.72,0.68,0.66,0.62,0.54,0.52,0.46,0,0,0,0,0,0,0,0,2540,21.152274,-2.03154554850876
"55",19,19,1,23.2472750257745,41.0470244457977,43.6002440604237,45.4718762802001,48.4218003107241,51.1215584274526,56.6881598547749,58.8556418255593,63.4925348138664,1,1,1,1,1,1,1,1,0.74,0.72,0.68,0.66,0.62,0.54,0.52,0.46,0,0,0,0,0,0,0,0,2550,21.804221,-1.44305402577446
"56",19,19,2,23.6053030203108,41.4050524403341,43.95827205496,45.8299042747365,48.7798283052604,51.479586421989,57.0461878493112,59.2136698200957,63.8505628084028,1,1,1,1,1,1,1,1,0.770833333333333,0.729166666666667,0.708333333333333,0.666666666666667,0.645833333333333,0.5625,0.541666666666667,0.479166666666667,0,0,0,0,0,0,0,0,2560,23.48128,-0.124023020310826
"57",19,19,3,24.5262890367955,42.3260384568188,44.8792580714447,46.7508902912212,49.7008143217451,52.4005724384737,57.9671738657959,60.1346558365804,64.7715488248875,1,1,1,1,1,1,1,1,0.72,0.7,0.68,0.64,0.6,0.52,0.5,0.44,0,0,0,0,0,0,0,0,2570,20.380217,-4.14607203679553
"58",20,20,1,22.7405597756274,40.4639726405547,43.0062424386869,44.8698479187215,47.8071208139418,50.4953006646307,56.038028993151,58.1962154338144,62.8132224996446,1,1,1,1,1,1,1,1,0.844444444444444,0.8,0.777777777777778,0.733333333333333,0.688888888888889,0.622222222222222,0.577777777777778,0.511111111111111,0,0,0,0,0,0,0,0,2580,29.366719,6.62615922437264
"59",20,20,2,27.5524590984921,45.2758719634194,47.8181417615516,49.6817472415862,52.6190201368065,55.3071999874954,60.8499283160158,63.0081147566791,67.6251218225093,0,0,0,0,0,0,0,0,0,0,0,0,0,0,0,0,0,0,0,0,0,0,0,0,2590,87.819931,60.2674719015079
"60",20,20,3,58.8517311892419,76.5751440541693,79.1174138523014,80.9810193323361,83.9182922275563,86.6064720782453,92.1492004067656,94.3073868474289,98.9243939132591,1,1,1,1,1,1,1,NA,0.311111111111111,0.288888888888889,0.266666666666667,0.222222222222222,0.177777777777778,0.111111111111111,0.0666666666666667,0,1,1,1,1,1,1,1,1,2600,28.44571,-30.4060211892419
"61",21,21,1,26.9040371391351,46.1698265243058,48.933336851824,50.9591222323838,54.1520107238587,57.0741288975722,63.0992120692116,65.445214260586,70.4640154586414,1,1,1,1,1,1,1,1,0.68,0.64,0.62,0.58,0.54,0.46,0.44,0.36,1,1,1,1,1,1,1,1,2610,21.105351,-5.79868613913514
"62",21,21,2,23.4388525837153,42.704641968886,45.4681522964041,47.493937676964,50.6868261684389,53.6089443421524,59.6340275137918,61.9800297051662,66.9988309032216,1,1,1,1,1,1,1,1,0.72,0.68,0.66,0.62,0.58,0.5,0.48,0.42,0,0,0,0,0,0,0,1,2620,21.779029,-1.65982358371534
"63",21,21,3,23.7568777104055,43.0226670955761,45.7861774230943,47.8119628036542,51.004851295129,53.9269694688426,59.952052640482,62.2980548318563,67.3168560299117,1,1,1,1,1,1,1,1,1,0.944444444444444,0.916666666666667,0.861111111111111,0.805555555555556,0.694444444444444,0.666666666666667,0.555555555555556,0,0,0,0,0,0,0,0,2630,43.475712,19.7188342895945
"64",22,22,1,33.5366593829058,52.8131097449042,55.5781492970483,57.6050556724746,60.7997109906048,63.7234461566728,69.7518633869793,72.0991637693854,77.1207421868013,1,1,1,1,1,1,1,1,0.882352941176471,0.823529411764706,0.794117647058823,0.735294117647059,0.676470588235294,0.558823529411765,0.5,0.411764705882353,0,0,0,0,0,0,0,0,2640,45.55591,12.0192506170942
"65",22,22,2,34.4769632957639,53.7534136577624,56.5184532099064,58.5453595853328,61.7400149034629,64.6637500695309,70.6921672998375,73.0394676822436,78.0610460996594,1,1,1,1,1,1,1,1,0.743589743589744,0.692307692307692,0.666666666666667,0.615384615384615,0.564102564102564,0.461538461538462,0.435897435897436,0.358974358974359,0,0,0,0,0,0,0,0,2650,37.860601,3.38363770423608
"66",22,22,3,30.9984823226295,50.2749326846279,53.0399722367719,55.0668786121983,58.2615339303285,61.1852690963965,67.213686326703,69.5609867091091,74.582565126525,1,1,1,1,1,1,1,1,0.861111111111111,0.833333333333333,0.777777777777778,0.722222222222222,0.666666666666667,0.555555555555556,0.527777777777778,0.444444444444444,0,0,0,0,0,0,0,0,2660,43.014577,12.0160946773705
"67",23,23,1,33.3964046276724,52.6858677245513,55.4527738406088,57.4810484967506,60.6778603946404,63.6035692534715,69.6360560190759,71.9849409669486,77.0099092443958,1,1,1,1,1,1,1,1,0.769230769230769,0.717948717948718,0.692307692307692,0.641025641025641,0.58974358974359,0.487179487179487,0.435897435897436,0.358974358974359,0,0,0,0,0,0,0,0,2670,38.19128,4.79487537232759
"68",23,23,2,31.1979423883448,50.4874054852237,53.2543116012813,55.282586257423,58.4793981553129,61.4051070141439,67.4375937797484,69.786478727621,74.8114470050682,1,1,1,1,1,1,1,1,0.775,0.725,0.7,0.65,0.6,0.5,0.475,0.4,0,0,0,0,0,0,0,0,2680,37.429176,6.23123361165516
"69",23,23,3,30.8505748373853,50.1400379342642,52.9069440503217,54.9352187064635,58.1320306043533,61.0577394631844,67.0902262287888,69.4391111766615,74.4640794541087,1,1,1,1,1,1,1,1,0.861111111111111,0.833333333333333,0.777777777777778,0.722222222222222,0.666666666666667,0.583333333333333,0.527777777777778,0.444444444444444,0,0,0,0,0,0,0,0,2690,42.35266,11.5020851626147
"70",24,24,1,33.3276245560266,52.6577624218952,55.4305029806493,57.4630545626273,60.6666074249906,63.5984855862728,69.6436927684275,71.9975306977366,77.0330948856474,1,1,1,1,1,1,1,1,0.731707317073171,0.682926829268293,0.658536585365854,0.609756097560976,0.560975609756098,0.463414634146341,0.414634146341463,0.341463414634146,0,0,0,0,0,0,0,0,2700,34.447311,1.11968644397336
"71",24,24,2,29.6563992275066,48.9865370933751,51.7592776521292,53.7918292341072,56.9953820964706,59.9272602577527,65.9724674399075,68.3263053692165,73.3618695571273,1,1,1,1,1,1,1,1,0.653061224489796,0.612244897959184,0.591836734693878,0.551020408163265,0.510204081632653,0.428571428571429,0.408163265306122,0.346938775510204,0,0,0,0,0,0,0,0,2710,22.930525,-6.72587422750656
"72",24,24,3,24.3080311205013,43.6381689863699,46.410909545124,48.443461127102,51.6470139894653,54.5788921507475,60.6240993329022,62.9779372622113,68.0135014501221,1,1,1,1,1,1,1,1,0.8,0.755555555555556,0.711111111111111,0.666666666666667,0.644444444444444,0.555555555555556,0.511111111111111,0.444444444444444,0,0,0,0,0,0,0,0,2720,28.999412,4.69138087949866
"73",25,25,1,26.7616794378647,45.4619608237836,48.1443539354441,50.1106765130754,53.2098442674161,56.0461896150618,61.8944187444609,64.1715588207689,69.043043333927,1,1,1,1,1,1,1,1,0.708333333333333,0.6875,0.645833333333333,0.604166666666667,0.583333333333333,0.5,0.458333333333333,0.395833333333333,0,0,0,0,0,0,0,0,2730,24.052527,-2.70915243786471
"74",25,25,2,24.5945111765132,43.2947925624322,45.9771856740926,47.9435082517239,51.0426760060647,53.8790213537104,59.7272504831094,62.0043905594175,66.8758750725755,1,1,1,1,1,1,1,1,0.782608695652174,0.739130434782609,0.717391304347826,0.673913043478261,0.630434782608696,0.543478260869565,0.521739130434783,0.456521739130435,0,0,0,0,0,0,0,0,2740,27.733823,3.13931182348676
"75",25,25,3,26.2072407733889,44.9075221593078,47.5899152709682,49.5562378485995,52.6554056029403,55.491750950586,61.3399800799851,63.6171201562931,68.4886046694511,1,1,1,1,1,1,1,1,0.686274509803922,0.647058823529412,0.627450980392157,0.588235294117647,0.549019607843137,0.470588235294118,0.450980392156863,0.392156862745098,0,0,0,0,0,0,0,0,2750,19.212041,-6.99519977338887
"76",26,26,1,22.3171508674852,40.7735603918345,43.420972200909,45.3616518089209,48.4204030693079,51.2197594109751,56.9917213176923,59.2391650285819,64.0471201235288,1,1,1,1,1,1,1,1,0.755102040816326,0.73469387755102,0.693877551020408,0.673469387755102,0.63265306122449,0.551020408163265,0.530612244897959,0.469387755102041,0,0,0,0,0,0,0,0,2760,22.928332,0.611181132514769
"77",26,26,2,23.917762186837,42.3741717111863,45.0215835202608,46.9622631282727,50.0210143886598,52.8203707303269,58.5923326370441,60.8397763479337,65.6477314428806,1,1,1,1,1,1,1,1,0.765957446808511,0.74468085106383,0.702127659574468,0.659574468085106,0.638297872340426,0.553191489361702,0.531914893617021,0.446808510638298,0,0,0,0,0,0,0,0,2770,25.936113,2.01835081316295
"78",26,26,3,25.2132173368055,43.6696268611547,46.3170386702293,48.2577182782412,51.3164695386282,54.1158258802953,59.8877877870126,62.1352314979021,66.9431865928491,1,1,1,1,1,1,1,1,0.765957446808511,0.723404255319149,0.702127659574468,0.659574468085106,0.617021276595745,0.531914893617021,0.51063829787234,0.446808510638298,0,0,0,0,0,0,0,0,2780,25.042893,-0.170324336805475
"79",27,27,1,24.7282787879287,43.0829204624526,45.7157345564593,47.6457133404216,50.6875987776641,53.4715195886334,59.2116551451742,61.4467065479196,66.2281507848677,1,1,1,1,1,1,1,1,0.75,0.708333333333333,0.6875,0.645833333333333,0.604166666666667,0.541666666666667,0.5,0.4375,0,0,0,0,0,0,0,0,2790,23.912851,-0.815427787928659
"80",27,27,2,24.2481628039827,42.6028044785067,45.2356185725133,47.1655973564757,50.2074827937182,52.9914036046874,58.7315391612283,60.9665905639737,65.7480348009217,1,1,1,1,1,1,1,1,0.72,0.7,0.66,0.62,0.6,0.52,0.48,0.42,0,0,0,0,0,0,0,0,2800,20.852521,-3.3956418039827
"81",27,27,3,22.9479338309451,41.3025755054691,43.9353895994758,45.8653683834381,48.9072538206806,51.6911746316498,57.4313101881907,59.6663615909361,64.4478058278841,1,1,1,1,1,1,1,1,0.725490196078431,0.686274509803922,0.666666666666667,0.627450980392157,0.588235294117647,0.529411764705882,0.490196078431373,0.431372549019608,0,0,0,0,0,0,0,0,2810,19.323923,-3.62401083094512
"82",28,28,1,22.1985131691294,40.5004580772601,43.1257132773516,45.0501510301717,48.08330311652,50.8592312013312,56.5828866441301,58.811521142436,63.5792376992449,1,1,1,1,1,1,1,1,0.745098039215686,0.705882352941177,0.686274509803922,0.647058823529412,0.607843137254902,0.529411764705882,0.509803921568627,0.450980392156863,0,0,0,0,0,0,0,0,2820,20.132171,-2.06634216912944
"83",28,28,2,22.5404200566017,40.8423649647323,43.4676201648238,45.3920579176439,48.4252100039922,51.2011380888034,56.9247935316024,59.1534280299082,63.9211445867171,1,1,1,1,1,1,1,1,0.725490196078431,0.705882352941177,0.666666666666667,0.647058823529412,0.607843137254902,0.529411764705882,0.509803921568627,0.450980392156863,0,0,0,0,0,0,0,0,2830,18.803386,-3.73703405660166
"84",28,28,3,21.9783144362107,40.2802593443413,42.9055145444328,44.829952297253,47.8631043836012,50.6390324684124,56.3626879112114,58.5913224095172,63.3590389663261,1,1,1,1,1,1,1,1,0.745098039215686,0.705882352941177,0.686274509803922,0.647058823529412,0.607843137254902,0.529411764705882,0.509803921568627,0.450980392156863,0,0,0,0,0,0,0,0,2840,18.866772,-3.11154243621067
"85",29,29,1,21.9373209536631,40.2341135434648,42.8586296881962,44.782525678053,47.8148238789172,50.5899704913098,56.3120146247646,58.5400217233908,63.3063960844097,1,1,1,1,1,1,1,1,0.76,0.72,0.7,0.66,0.62,0.54,0.52,0.46,0,0,0,0,0,0,0,0,2850,20.425666,-1.51165495366313
"86",29,29,2,22.6017383535962,40.8985309433979,43.5230470881293,45.4469430779861,48.4792412788502,51.2543878912429,56.9764320246977,59.2044391233238,63.9708134843428,1,1,1,1,1,1,1,1,0.787234042553192,0.765957446808511,0.723404255319149,0.680851063829787,0.659574468085106,0.574468085106383,0.553191489361702,0.48936170212766,0,0,0,0,0,0,0,0,2860,25.0778,2.47606164640379
"87",29,29,3,24.5845279316049,42.8813205214066,45.505836666138,47.4297326559948,50.462030856859,53.2371774692516,58.9592216027064,61.1872287013325,65.9536030623515,1,1,1,1,1,1,1,1,0.75,0.708333333333333,0.6875,0.645833333333333,0.604166666666667,0.541666666666667,0.5,0.4375,0,0,0,0,0,0,0,0,2870,24.807062,0.222534068395085
"88",30,30,1,24.3861460226809,42.6200306365532,45.2355231779591,47.1528044345491,50.1746769970783,52.9402821089355,58.6426527278742,60.8629994993559,65.6129861267269,1,1,1,1,1,1,1,1,0.923076923076923,0.897435897435897,0.846153846153846,0.794871794871795,0.769230769230769,0.666666666666667,0.641025641025641,0.564102564102564,0,0,0,0,0,0,0,0,2880,38.697709,14.3115629773191
"89",30,30,2,30.2768732439974,48.5107578578698,51.1262503992756,53.0435316558656,56.0654042183948,58.831009330252,64.5333799491907,66.7537267206724,71.5037133480434,1,1,1,1,1,1,1,1,0.727272727272727,0.704545454545455,0.681818181818182,0.636363636363636,0.590909090909091,0.5,0.477272727272727,0.409090909090909,0,0,0,0,0,0,0,0,2890,29.722472,-0.55440124399744
"90",30,30,3,26.4706665990753,44.7045512129477,47.3200437543535,49.2373250109435,52.2591975734727,55.0248026853299,60.7271733042686,62.9475200757503,67.6975067031213,1,1,1,1,1,1,1,1,0.813953488372093,0.767441860465116,0.744186046511628,0.697674418604651,0.651162790697674,0.581395348837209,0.534883720930233,0.465116279069767,0,0,0,0,0,0,0,0,2900,31.450392,4.97972540092466
"91",31,31,1,27.3174894091516,45.6224668590749,48.2481570509747,50.1729136736167,53.2065683382708,55.9829563806424,61.7075602048523,63.936563976877,68.7050705207493,1,1,1,1,1,1,1,1,0.723404255319149,0.702127659574468,0.659574468085106,0.617021276595745,0.595744680851064,0.51063829787234,0.48936170212766,0.425531914893617,0,0,0,0,0,0,0,0,2910,26.28794,-1.02954940915162
"92",31,31,2,25.115597687056,43.4205751369793,46.0462653288791,47.971021951521,51.0046766161751,53.7810646585467,59.5056684827567,61.7346722547813,66.5031787986537,1,1,1,1,1,1,1,1,0.782608695652174,0.739130434782609,0.717391304347826,0.673913043478261,0.630434782608696,0.543478260869565,0.521739130434783,0.456521739130435,0,0,0,0,0,0,0,0,2920,26.902289,1.786691312944
"93",31,31,3,25.3776301432566,43.6826075931799,46.3082977850797,48.2330544077216,51.2667090723757,54.0430971147473,59.7677009389573,61.9967047109819,66.7652112548543,1,1,1,1,1,1,1,1,0.782608695652174,0.739130434782609,0.717391304347826,0.673913043478261,0.630434782608696,0.543478260869565,0.521739130434783,0.456521739130435,0,0,0,0,0,0,0,0,2930,26.750484,1.3728538567434
"94",32,32,1,25.3987785799856,43.6065018098195,46.2182417276745,48.1327721315348,51.1503090096885,53.9119461213658,59.6061351645815,61.823296254799,66.5664677559933,1,1,1,1,1,1,1,1,0.782608695652174,0.739130434782609,0.717391304347826,0.673913043478261,0.630434782608696,0.543478260869565,0.521739130434783,0.456521739130435,0,0,0,0,0,0,0,0,2940,27.561812,2.16303342001442
"95",32,32,2,25.7457428760702,43.9534661059041,46.5652060237591,48.4797364276194,51.4972733057731,54.2589104174504,59.9530994606661,62.1702605508836,66.9134320520779,1,1,1,1,1,1,1,1,0.760869565217391,0.739130434782609,0.695652173913043,0.673913043478261,0.630434782608696,0.543478260869565,0.521739130434783,0.456521739130435,0,0,0,0,0,0,0,0,2950,27.170657,1.42491412392982
"96",32,32,3,25.5784654996762,43.7861887295101,46.3979286473651,48.3124590512254,51.3299959293792,54.0916330410564,59.7858220842721,62.0029831744897,66.7461546756839,1,1,1,1,1,1,1,1,0.921052631578947,0.894736842105263,0.868421052631579,0.815789473684211,0.763157894736842,0.657894736842105,0.631578947368421,0.552631578947368,0,0,0,0,0,0,0,0,2960,39.708204,14.1297385003238
"97",33,33,1,31.0502239955774,49.305378029843,51.92392148506,53.8434392075443,56.8688367171304,59.6376678457697,65.3466901530622,67.569626909613,72.3251542906182,1,1,1,1,1,1,1,1,0.941176470588235,0.882352941176471,0.852941176470588,0.794117647058823,0.735294117647059,0.647058823529412,0.588235294117647,0.5,0,0,0,0,0,0,0,0,2970,46.433609,15.3833850044226
"98",33,33,2,33.931634082958,52.1867881172236,54.8053315724406,56.7248492949248,59.750246804511,62.5190779331503,68.2281002404428,70.4510369969936,75.2065643779988,1,1,1,1,1,1,1,1,0.731707317073171,0.682926829268293,0.658536585365854,0.609756097560976,0.560975609756098,0.48780487804878,0.439024390243902,0.365853658536585,0,0,0,0,0,0,0,0,2980,35.542449,1.61081491704198
"99",33,33,3,29.2654618171575,47.5206158514231,50.1391593066401,52.0586770291243,55.0840745387105,57.8529056673498,63.5619279746423,65.7848647311931,70.5403921121983,1,1,1,1,1,1,1,1,0.733333333333333,0.688888888888889,0.666666666666667,0.622222222222222,0.577777777777778,0.511111111111111,0.466666666666667,0.4,0,0,0,0,0,0,0,0,2990,29.623099,0.357637182842478
