"","train_iter","test_iter","predict_iter","expected","Quantile_0.95","Quantile_0.97","Quantile_0.98","Quantile_0.99","Quantile_0.995","Quantile_0.999","Quantile_0.9995","Quantile_0.9999","score_pred_1_0.95","score_pred_1_0.97","score_pred_1_0.98","score_pred_1_0.99","score_pred_1_0.995","score_pred_1_0.999","score_pred_1_0.9995","score_pred_1_0.9999","score_pred_2_0.95","score_pred_2_0.97","score_pred_2_0.98","score_pred_2_0.99","score_pred_2_0.995","score_pred_2_0.999","score_pred_2_0.9995","score_pred_2_0.9999","adjustment_0.95","adjustment_0.97","adjustment_0.98","adjustment_0.99","adjustment_0.995","adjustment_0.999","adjustment_0.9995","adjustment_0.9999","time","actual","residuals"
"1",1,1,1,51.7763293980727,85.8808810956239,90.7728831282063,94.358954835843,100.011047695627,105.183819406631,115.849500236059,120.002423919522,128.886771272067,1,1,1,NA,NA,NA,NA,NA,0.176470588235294,0.0980392156862745,0.0588235294117647,0,0,0,0,0,0,0,0,0,0,0,0,0,2010,20.271123,-31.5052063980727
"2",1,1,2,29.7387735486341,63.8433252461853,68.7353272787677,72.3213989864044,77.9734918461881,83.1462635571919,93.8119443866204,97.9648680700839,106.849215422628,1,1,1,1,1,1,1,NA,0.425925925925926,0.37037037037037,0.314814814814815,0.259259259259259,0.185185185185185,0.0555555555555556,0.0185185185185185,0,0,0,0,0,0,0,0,0,2020,14.608149,-15.1306245486341
"3",1,1,3,28.1348589273988,62.2394106249499,67.1314126575323,70.717484365169,76.3695772249527,81.5423489359565,92.208029765385,96.3609534488485,105.245300801393,1,1,1,1,1,1,1,NA,0.51063829787234,0.446808510638298,0.382978723404255,0.319148936170213,0.234042553191489,0.0851063829787234,0.0425531914893617,0,0,0,0,0,0,0,0,0,2030,25.445365,-2.68949392739875
"4",2,2,1,31.2467572129567,65.421702149769,70.3238014817559,73.9172749932914,79.5810340121419,84.7644825430589,95.4521777894827,99.6136732833331,108.516358305125,1,1,1,1,1,1,NA,NA,0.407407407407407,0.333333333333333,0.296296296296296,0.240740740740741,0.166666666666667,0.037037037037037,0,0,0,0,0,0,0,0,0,0,2040,14.978589,-16.2681682129567
"5",2,2,2,28.4195177874906,62.5944627243028,67.4965620562897,71.0900355678252,76.7537945866757,81.9372431175927,92.6249383640166,96.786433857867,105.689118879659,1,1,1,1,1,1,1,NA,0.450980392156863,0.392156862745098,0.352941176470588,0.274509803921569,0.215686274509804,0.0784313725490196,0.0392156862745098,0,0,0,0,0,0,0,0,0,2050,20.113581,-8.30593678749056
"6",2,2,3,29.8065592061522,63.9815041429645,68.8836034749513,72.4770769864868,78.1408360053373,83.3242845362543,94.0119797826782,98.1734752765286,107.07616029832,1,1,1,1,1,1,1,NA,0.547619047619048,0.452380952380952,0.404761904761905,0.30952380952381,0.238095238095238,0.0714285714285714,0.0238095238095238,0,0,0,0,0,0,0,0,0,2060,32.971085,3.16452579384783
"7",3,3,1,33.0911583455743,67.1994707518849,72.092012225509,75.6784793692565,81.331195485294,86.5045375978106,97.1713945318154,101.324776158154,110.21010318764,1,1,1,1,1,1,NA,NA,0.454545454545455,0.386363636363636,0.340909090909091,0.25,0.181818181818182,0.0227272727272727,0,0,0,0,0,0,0,0,0,0,2070,29.928476,-3.16268234557429
"8",3,3,2,32.2589295121901,66.3672419185008,71.2597833921249,74.8462505358723,80.4989666519098,85.6723087644264,96.3391656984312,100.49254732477,109.377874354256,0,0,0,0,0,1,NA,NA,0,0,0,0,0,0.4,0,0,0,0,0,0,0,0,0,0,2080,91.816442,59.5575124878099
"9",3,3,3,49.186819275449,83.2951316817597,88.1876731553838,91.7741402991312,97.4268564151687,102.600198527685,113.26705546169,117.420437088029,126.305764117515,1,1,1,1,NA,NA,NA,NA,0.217391304347826,0.152173913043478,0.108695652173913,0.0217391304347826,0,0,0,0,1,1,1,1,1,0,0,0,2090,27.430824,-21.755995275449
"10",4,4,1,31.8976052051254,66.7102493581183,71.7038211096636,75.3643482842236,81.1337921752409,86.413963058495,97.3010890543765,101.540237414076,110.60904516908,1,1,1,1,1,1,NA,NA,0.388888888888889,0.333333333333333,0.277777777777778,0.222222222222222,0.148148148148148,0.0185185185185185,0,0,1,1,1,1,1,0,0,0,2100,14.295179,-17.6024262051254
"11",4,4,2,28.5198038524562,63.332448005449,68.3260197569943,71.9865469315543,77.7559908225716,83.0361617058257,93.9232877017072,98.1624360614063,107.231243816411,1,1,1,1,1,1,1,NA,0.48936170212766,0.425531914893617,0.361702127659574,0.297872340425532,0.212765957446809,0.0638297872340425,0.0212765957446809,0,0,0,0,0,1,0,0,0,2110,25.959395,-2.56040885245617
"12",4,4,3,31.5192305713289,66.3318747243217,71.325446475867,74.985973650427,80.7554175414443,86.0355884246984,96.9227144205799,101.161862780279,110.230670535283,1,1,1,1,1,1,NA,NA,0.428571428571429,0.36734693877551,0.326530612244898,0.244897959183673,0.163265306122449,0.0204081632653061,0,0,0,0,0,0,0,0,0,0,2120,21.877621,-9.64160957132886
"13",5,5,1,30.4188029848853,65.28277951041,70.2837144454093,73.9496391859732,79.7275903090702,85.0155469754903,95.9187263916453,100.164125513046,109.246305519123,1,1,1,1,1,1,NA,NA,0.468085106382979,0.404255319148936,0.340425531914894,0.25531914893617,0.191489361702128,0.0425531914893617,0,0,0,0,0,0,0,0,0,0,2130,25.684278,-4.73452498488534
"14",5,5,2,31.3994741492118,66.2634506747365,71.2643856097357,74.9303103502996,80.7082614733966,85.9962181398167,96.8993975559717,101.144796677373,110.226976683449,1,1,1,1,1,1,NA,NA,0.428571428571429,0.36734693877551,0.326530612244898,0.244897959183673,0.163265306122449,0.0204081632653061,0,0,0,0,0,0,0,0,0,0,2140,21.996372,-9.4031021492118
"15",5,5,3,30.4493956233697,65.3133721488944,70.3143070838936,73.9802318244575,79.7581829475545,85.0461396139746,95.9493190301296,100.194718151531,109.276898157607,1,1,1,1,1,1,NA,NA,0.468085106382979,0.382978723404255,0.340425531914894,0.25531914893617,0.191489361702128,0.0425531914893617,0,0,0,0,0,0,0,0,0,0,2150,26.433898,-4.01549762336969
"16",6,6,1,31.6600933654565,66.4777661337722,71.4720591965548,75.1331151267864,80.9033924021863,86.1843259953367,97.073024614325,101.312785310344,110.3829030361,1,1,1,1,1,1,NA,NA,0.411764705882353,0.352941176470588,0.294117647058824,0.235294117647059,0.156862745098039,0.0196078431372549,0,0,0,0,0,0,0,0,0,0,2160,19.157058,-12.5030353654565
"17",6,6,2,29.7908203131699,64.6084930814856,69.6027861442682,73.2638420744998,79.0341193498998,84.3150529430501,95.2037515620384,99.4435122580572,108.513629983814,1,1,1,1,1,1,NA,NA,0.478260869565217,0.41304347826087,0.369565217391304,0.282608695652174,0.217391304347826,0.0652173913043478,0,0,0,0,0,0,0,0,0,0,2170,27.136438,-2.65438231316988
"18",6,6,3,31.8405616855176,66.6582344538333,71.6525275166159,75.3135834468475,81.0838607222475,86.3647943153978,97.2534929343861,101.493253630405,110.563371356161,1,1,1,1,1,1,NA,NA,0.5,0.428571428571429,0.357142857142857,0.285714285714286,0.19047619047619,0.0238095238095238,0,0,0,0,0,0,0,0,0,0,2180,33.283343,1.44278131448244
"19",7,7,1,33.3689995771749,68.2040845876975,73.2008752855472,76.863762101864,82.6369250803432,87.9204996568647,98.8146436902819,103.056524681377,112.131178353224,1,1,1,1,1,NA,NA,NA,0.425531914893617,0.361702127659574,0.297872340425532,0.234042553191489,0.148936170212766,0,0,0,0,0,0,0,0,0,0,0,2190,26.145981,-7.22301857717486
"20",7,7,2,31.5297882341932,66.3648732447159,71.3616639425656,75.0245507588824,80.7977137373616,86.0812883138831,96.9754323473003,101.217313338395,110.291967010243,1,1,1,1,1,1,NA,NA,0.446808510638298,0.382978723404255,0.319148936170213,0.25531914893617,0.170212765957447,0.0212765957446809,0,0,0,0,0,0,0,0,0,0,2200,25.701424,-5.82836423419324
"21",7,7,3,31.4152313044758,66.2503163149985,71.2471070128482,74.9099938291649,80.6831568076442,85.9667313841657,96.8608754175828,101.102756408678,110.177410080525,1,1,1,1,1,1,NA,NA,0.375,0.321428571428571,0.285714285714286,0.214285714285714,0.142857142857143,0.0357142857142857,0,0,0,0,0,0,0,0,0,0,2210,12.072021,-19.3432103044758
"22",8,8,1,27.8053125570262,62.6354063296947,67.6314810777808,71.2938430686428,77.0661788572476,82.3489963930607,93.241579492607,97.4828526988504,106.556206136899,1,1,1,1,1,1,1,NA,0.433962264150943,0.377358490566038,0.339622641509434,0.264150943396226,0.207547169811321,0.0754716981132075,0.0188679245283019,0,0,0,0,0,0,0,0,0,2220,16.92165,-10.8836625570262
"23",8,8,2,29.0655830800999,63.8956768527685,68.8917516008545,72.5541135917165,78.3264493803213,83.6092669161344,94.5018500156807,98.7431232219242,107.816476659972,1,1,1,1,1,1,NA,NA,0.5,0.41304347826087,0.369565217391304,0.282608695652174,0.217391304347826,0.0652173913043478,0,0,0,0,0,0,0,0,0,0,2230,26.94652,-2.11906308009987
"24",8,8,3,31.6707407444585,66.5008345171271,71.4969092652131,75.1592712560751,80.9316070446799,86.2144245804931,97.1070076800394,101.348280886283,110.421634324331,1,1,1,1,1,1,NA,NA,0.456521739130435,0.391304347826087,0.326086956521739,0.260869565217391,0.173913043478261,0.0217391304347826,0,0,0,0,0,0,0,0,0,0,2240,27.247648,-4.42309274445853
"25",9,9,1,31.7549687170054,66.5810124153953,71.5765062154666,75.2384423436193,81.0101069198852,86.2923101649772,97.1836266652738,101.424406692497,110.496705072938,1,1,1,1,1,1,NA,NA,0.39622641509434,0.339622641509434,0.283018867924528,0.226415094339623,0.150943396226415,0.0188679245283019,0,0,0,0,0,0,0,0,0,0,2250,16.134321,-15.6206477170054
"26",9,9,2,28.8578527891578,63.6838964875477,68.6793902876189,72.3413264157717,78.1129909920376,83.3951942371296,94.2865107374262,98.5272907646494,107.599589145091,1,1,1,1,1,1,NA,NA,0.48936170212766,0.425531914893617,0.361702127659574,0.297872340425532,0.212765957446809,0.0638297872340425,0,0,0,0,0,0,0,0,0,0,2260,26.404695,-2.45315778915776
"27",9,9,3,31.5352206107248,66.3612643091147,71.356758109186,75.0186942373387,80.7903588136046,86.0725620586966,96.9638785589932,101.204658586216,110.276956966658,1,1,1,1,1,1,NA,NA,0.525,0.45,0.375,0.3,0.2,0.025,0,0,0,0,0,0,0,0,0,0,2270,36.839737,5.30451638927519
"28",10,10,1,34.3159070724005,69.0899251712519,74.0779563504699,77.7344220202441,83.4974644770262,88.7717767944811,99.6468230782812,103.881267929297,112.940013470762,1,1,1,1,1,NA,NA,NA,0.404255319148936,0.340425531914894,0.297872340425532,0.212765957446809,0.148936170212766,0,0,0,0,0,0,0,0,0,0,0,2280,26.416996,-7.8989110724005
"29",10,10,2,31.577422930113,66.3514410289643,71.3394722081823,74.9959378779566,80.7589803347387,86.0332926521936,96.9083389359936,101.14278378701,110.201529328475,0,0,0,0,1,1,NA,NA,0,0,0,0,0.8,0.1,0,0,0,0,0,0,0,0,0,0,2290,83.482474,51.905051069887
"30",10,10,3,46.5708787374729,81.3448968363243,86.3329280155423,89.9893936853166,95.7524361420986,101.026748459554,111.901794743354,116.13623959437,125.194985135835,1,1,1,1,NA,NA,NA,NA,0.234042553191489,0.170212765957447,0.127659574468085,0.0425531914893617,0,0,0,0,1,1,1,1,0,0,0,0,2300,26.092617,-20.4782617374729
"31",11,11,1,31.893157584812,67.2136262055182,72.2800409708137,75.9939655620077,81.8475703906454,87.2047650114943,98.2507054007752,102.551691730893,111.752789422012,1,1,1,1,1,1,NA,NA,0.425531914893617,0.361702127659574,0.319148936170213,0.234042553191489,0.170212765957447,0.0212765957446809,0,0,1,1,1,1,0,0,0,0,2310,26.05863,-5.83452758481198
"32",11,11,2,31.8848441193906,67.2053127400968,72.2717275053923,75.9856520965864,81.839256925224,87.196451546073,98.2423919353539,102.543378265471,111.74447595659,1,1,1,1,1,1,NA,NA,0.357142857142857,0.303571428571429,0.267857142857143,0.196428571428571,0.142857142857143,0.0178571428571429,0,0,0,0,0,0,0,0,0,0,2320,12.301778,-19.5830661193906
"33",11,11,3,28.5198188624194,63.8402874831256,68.9067022484211,72.6206268396151,78.4742316682528,83.8314262891018,94.8773666783826,99.1783530085003,108.379450699619,1,1,1,1,1,1,NA,NA,0.442307692307692,0.365384615384615,0.326923076923077,0.25,0.192307692307692,0.0576923076923077,0,0,0,0,0,0,0,0,0,0,2330,17.607343,-10.9124758624194
"34",12,12,1,29.6293768258069,64.9770392430456,70.0473547225065,73.764138723941,79.6222503370271,84.9835695481262,96.0380143844653,100.342312113093,109.550493877222,1,1,1,1,1,1,NA,NA,0.468085106382979,0.404255319148936,0.340425531914894,0.276595744680851,0.191489361702128,0.0425531914893617,0,0,0,0,0,0,0,0,0,0,2340,26.511403,-3.11797382580691
"35",12,12,2,31.854467082358,67.2021294995967,72.2724449790576,75.989228980492,81.8473405935781,87.2086598046773,98.2631046410164,102.567402369644,111.775584133774,1,1,1,1,1,1,NA,NA,0.425531914893617,0.361702127659574,0.319148936170213,0.234042553191489,0.170212765957447,0.0212765957446809,0,0,0,0,0,0,0,0,0,0,2350,26.37987,-5.47459708235801
"36",12,12,3,31.8215974928994,67.1692599101381,72.239575389599,75.9563593910334,81.8144710041195,87.1757902152187,98.2302350515577,102.534532780185,111.742714544315,1,1,1,1,1,1,NA,NA,0.807692307692308,0.653846153846154,0.576923076923077,0.423076923076923,0.307692307692308,0.0384615384615385,0,0,0,0,0,0,0,0,0,0,2360,58.138661,26.3170635071006
"37",13,13,1,39.8412594186906,75.2865437327527,80.3708622262957,84.0979111074843,89.9722014415483,95.3483273503206,106.433301952971,110.749487135535,119.983099723336,1,1,1,1,1,NA,NA,NA,0.394736842105263,0.315789473684211,0.263157894736842,0.157894736842105,0.0526315789473684,0,0,0,0,0,0,0,0,0,0,0,2370,39.713387,-0.127872418690565
"38",13,13,2,35.269692861212,70.7149771752741,75.7992956688171,79.5263445500057,85.4006348840697,90.776760792842,101.861735395492,106.177920578057,115.411533165857,1,1,1,1,1,NA,NA,NA,0.391304347826087,0.326086956521739,0.282608695652174,0.195652173913043,0.108695652173913,0,0,0,0,0,0,0,0,0,0,0,2380,27.382092,-7.88760086121196
"39",13,13,3,32.210127188951,67.6554115030131,72.7397299965561,76.4667788777447,82.3410692118088,87.717195120581,98.8021697232315,103.118354905796,112.351967493596,1,1,1,1,1,NA,NA,NA,0.37037037037037,0.314814814814815,0.277777777777778,0.203703703703704,0.12962962962963,0,0,0,0,0,0,0,0,0,0,0,2390,15.146707,-17.063420188951
"40",14,14,1,29.1671349303809,64.6156524626801,69.7004347333261,73.4278235853359,79.3026497554923,84.6792660592118,95.765251801785,100.081830694512,109.316285546247,1,1,1,1,1,1,NA,NA,0.536585365853659,0.463414634146341,0.414634146341463,0.317073170731707,0.219512195121951,0.0487804878048781,0,0,0,0,0,0,0,0,0,0,2400,34.460427,5.29329206961911
"41",14,14,2,33.9418430405157,69.3903605728149,74.475142843461,78.2025316954707,84.0773578656271,89.4539741693466,100.53995991192,104.856538804647,114.090993656381,1,1,1,1,1,NA,NA,NA,0.441860465116279,0.372093023255814,0.302325581395349,0.232558139534884,0.13953488372093,0,0,0,0,0,0,0,0,0,0,0,2410,32.689097,-1.25274604051572
"42",14,14,3,33.503937566235,68.9524550985342,74.0372373691802,77.76462622119,83.6394523913464,89.0160686950659,100.102054437639,104.418633330366,113.653088182101,1,1,1,1,1,NA,NA,NA,0.41304347826087,0.347826086956522,0.304347826086957,0.217391304347826,0.152173913043478,0,0,0,0,0,0,0,0,0,0,0,2420,27.139673,-6.36426456623499
"43",15,15,1,32.2554103663615,67.6753548952738,72.7560386164979,76.4804230355523,82.350513847512,87.7227963712444,98.7998463407523,103.112945888448,112.339957379272,1,1,1,1,1,NA,NA,NA,0.476190476190476,0.404761904761905,0.357142857142857,0.261904761904762,0.166666666666667,0,0,0,0,0,0,0,0,0,0,0,2430,33.259924,1.00451363363848
"44",15,15,2,33.753407761297,69.1733522902093,74.2540360114334,77.9784204304877,83.8485112424474,89.2207937661798,100.297843735688,104.610943283384,113.837954774208,1,1,1,1,1,NA,NA,NA,0.452380952380952,0.380952380952381,0.333333333333333,0.238095238095238,0.142857142857143,0,0,0,0,0,0,0,0,0,0,0,2440,33.17107,-0.582337761296969
"45",15,15,3,33.7316597871486,69.1516043160609,74.232288037285,77.9566724563394,83.8267632682991,89.1990457920314,100.276095761539,104.589195309235,113.816206800059,1,1,1,1,1,NA,NA,NA,0.345454545454545,0.290909090909091,0.254545454545455,0.181818181818182,0.109090909090909,0,0,0,0,0,0,0,0,0,0,0,2450,13.15775,-20.5739097871486
"46",16,16,1,28.8171080712465,64.3000228546667,69.389739112538,73.1207448134117,79.0012715850357,84.3831050553408,95.479848016045,99.8006154745705,109.044030922816,1,1,1,1,1,1,NA,NA,0.431372549019608,0.372549019607843,0.333333333333333,0.254901960784314,0.176470588235294,0.0392156862745098,0,0,0,0,0,0,0,0,0,0,2460,19.48753,-9.32957807124655
"47",16,16,2,30.3614284171888,65.8443432006089,70.9340594584803,74.665065159354,80.5455919309779,85.9274254012831,97.0241683619872,101.344935820513,110.588351268758,1,1,1,1,1,1,NA,NA,0.6,0.514285714285714,0.457142857142857,0.342857142857143,0.257142857142857,0.0285714285714286,0,0,0,0,0,0,0,0,0,0,2470,44.135632,13.7742035828112
"48",16,16,3,36.3749968836221,71.8579116670423,76.9476279249136,80.6786336257873,86.5591603974113,91.9409938677164,103.037736828421,107.358504286946,116.601919735191,1,1,1,1,1,NA,NA,NA,0.409090909090909,0.318181818181818,0.272727272727273,0.181818181818182,0.113636363636364,0,0,0,0,0,0,0,0,0,0,0,2480,30.927253,-5.44774388362213
"49",17,17,1,33.231077809926,68.7525575632738,73.8478056314719,77.5828664141655,83.4697844966356,88.8574672678565,99.9662708374815,104.291734366443,113.54519611559,1,1,1,1,1,NA,NA,NA,0.452380952380952,0.380952380952381,0.333333333333333,0.238095238095238,0.166666666666667,0,0,0,0,0,0,0,0,0,0,0,2490,32.935225,-0.295852809925968
"50",17,17,2,33.717326768817,69.2388065221647,74.3340545903629,78.0691153730565,83.9560334555265,89.3437162267475,100.452519796372,104.777983325334,114.031445074481,1,1,1,1,1,NA,NA,NA,0.452380952380952,0.380952380952381,0.333333333333333,0.238095238095238,0.142857142857143,0,0,0,0,0,0,0,0,0,0,0,2500,33.852325,0.134998231183047
"51",17,17,3,33.9394110011663,69.4608907545141,74.5561388227122,78.2911996054058,84.1781176878758,89.5658004590968,100.674604028722,105.000067557683,114.253529306831,1,1,1,1,1,NA,NA,NA,0.345454545454545,0.290909090909091,0.236363636363636,0.181818181818182,0.109090909090909,0,0,0,0,0,0,0,0,0,0,0,2510,12.562822,-21.3765890011663
"52",18,18,1,28.713852057765,63.5931142284701,68.5962417566445,72.263773772982,78.044258161631,83.3345332620735,94.2424930317195,98.4897534917024,107.575915458383,1,1,1,1,1,1,NA,NA,0.522727272727273,0.454545454545455,0.386363636363636,0.318181818181818,0.227272727272727,0.0681818181818182,0,0,0,0,0,0,0,0,0,0,2520,31.182843,2.46899094223498
"53",18,18,2,33.1693252857672,68.0485874564723,73.0517149846467,76.7192470009842,82.4997313896332,87.7900064900757,98.6979662597217,102.945226719705,112.031388686386,1,1,1,1,1,NA,NA,NA,0.425531914893617,0.361702127659574,0.297872340425532,0.234042553191489,0.148936170212766,0,0,0,0,0,0,0,0,0,0,0,2530,25.844038,-7.32528728576719
"54",18,18,3,31.8918346348692,66.7710968055743,71.7742243337487,75.4417563500862,81.2222407387352,86.5125158391777,97.4204756088237,101.667736068807,110.753898035488,1,1,1,1,1,1,NA,NA,0.488372093023256,0.418604651162791,0.348837209302326,0.27906976744186,0.186046511627907,0.0232558139534884,0,0,0,0,0,0,0,0,0,0,2540,32.227807,0.335972365130786
"55",19,19,1,33.2308159207201,67.5597257604744,72.4839100219105,76.0935728441077,81.7828482203141,86.9896492146057,97.7254946472064,101.905738503373,110.848531886358,1,1,1,1,1,1,NA,NA,0.416666666666667,0.354166666666667,0.3125,0.229166666666667,0.166666666666667,0.0208333333333333,0,0,0,0,0,0,0,0,0,0,2550,24.627028,-8.60378792072006
"56",19,19,2,31.3653635821536,65.694273421908,70.6184576833441,74.2281205055413,79.9173958817477,85.1241968760393,95.86004230864,100.040286164806,108.983079547792,1,1,1,1,1,1,NA,NA,0.446808510638298,0.382978723404255,0.340425531914894,0.25531914893617,0.191489361702128,0.0425531914893617,0,0,0,0,0,0,0,0,0,0,2560,26.490448,-4.87491558215364
"57",19,19,3,31.8227010730518,66.1516109128061,71.0757951742422,74.6854579964395,80.3747333726458,85.5815343669375,96.3173797995381,100.497623655705,109.44041703869,0,0,0,0,0,1,NA,NA,0,0,0,0,0,0.285714285714286,0,0,0,0,0,0,0,0,0,0,2570,87.8947,56.0719989269482
"58",20,20,1,47.2867451599589,81.7608833089267,86.7058993112448,90.3308327968842,96.0441766287273,101.273004972805,112.054268354517,116.252196714799,125.232822547714,1,1,1,1,NA,NA,NA,NA,0.261904761904762,0.19047619047619,0.142857142857143,0.0476190476190476,0,0,0,0,1,1,1,1,1,0,0,0,2580,33.120538,-14.1662071599589
"59",20,20,2,33.5169676265956,67.9911057755634,72.9361217778815,76.5610552635208,82.2743990953639,87.5032274394416,98.2844908211537,102.482419181435,111.46304501435,1,1,1,1,1,1,NA,NA,0.425531914893617,0.361702127659574,0.319148936170213,0.234042553191489,0.148936170212766,0.0212765957446809,0,0,1,1,1,1,1,0,0,0,2590,26.306524,-7.21044362659559
"60",20,20,3,31.8039800889821,66.2781182379499,71.223134240268,74.8480677259073,80.5614115577504,85.7902399018281,96.5715032835402,100.769431643822,109.750057476737,1,1,1,1,1,1,NA,NA,0.456521739130435,0.391304347826087,0.347826086956522,0.260869565217391,0.195652173913043,0.0434782608695652,0,0,0,0,0,0,1,0,0,0,2600,26.603931,-5.20004908898208
"61",21,21,1,31.6467658006448,65.8077732520679,70.7078733727044,74.2998813666024,79.961330548269,85.1426651258703,95.8260016353125,99.98579995649,108.884854217716,1,1,1,1,1,1,NA,NA,0.381818181818182,0.327272727272727,0.290909090909091,0.218181818181818,0.163636363636364,0.0363636363636364,0,0,0,0,0,0,0,0,0,0,2610,13.204957,-18.4418088006448
"62",21,21,2,28.2482527295229,62.409260180946,67.3093603015825,70.9013682954805,76.5628174771471,81.7441520547484,92.4274885641906,96.5872868853681,105.486341146594,1,1,1,1,1,1,1,NA,0.5,0.416666666666667,0.375,0.291666666666667,0.229166666666667,0.0833333333333333,0.0416666666666667,0,0,0,0,0,0,0,0,0,2620,24.334465,-3.91378772952291
"63",21,21,3,31.0711389007444,65.2321463521674,70.1322464728039,73.724254466702,79.3857036483685,84.5670382259698,95.250374735412,99.4101730565895,108.309227317815,1,1,1,1,1,1,NA,NA,0.458333333333333,0.395833333333333,0.333333333333333,0.270833333333333,0.1875,0.0625,0,0,0,0,0,0,0,0,0,0,2630,24.091108,-6.98003090074436
"64",22,22,1,30.8704135689664,64.9653669263648,69.8559921603323,73.4410546086664,79.0915567508731,84.2628726438132,94.9255517380637,99.0773066281503,107.959153581666,1,1,1,1,1,1,NA,NA,0.5,0.431818181818182,0.363636363636364,0.295454545454545,0.227272727272727,0.0681818181818182,0,0,0,0,0,0,0,0,0,0,2640,30.633726,-0.236687568966399
"65",22,22,2,32.6619625288883,66.7569158862867,71.6475411202542,75.2326035685883,80.8831057107949,86.0544216037351,96.7171006979855,100.868855588072,109.750702541588,1,1,1,1,1,1,NA,NA,0.466666666666667,0.4,0.333333333333333,0.266666666666667,0.177777777777778,0.0444444444444444,0,0,0,0,0,0,0,0,0,0,2650,29.048577,-3.61338552888827
"66",22,22,3,32.2279050854809,66.3228584428793,71.2134836768468,74.7985461251809,80.4490482673875,85.6203641603277,96.2830432545781,100.434798144665,109.316645098181,0,0,0,1,1,1,NA,NA,0,0,0,0.923076923076923,0.692307692307692,0.153846153846154,0,0,0,0,0,0,0,0,0,0,2660,79.494552,47.2666469145191
"67",23,23,1,46.0758649155449,79.7213885202189,84.5475469556391,88.0853521541167,93.6613710215137,98.7645201333276,109.286646894848,113.383674560232,122.148443592032,1,1,1,1,NA,NA,NA,NA,0.260869565217391,0.195652173913043,0.152173913043478,0.0869565217391304,0,0,0,0,1,1,1,0,0,0,0,0,2670,26.745587,-19.3302779155449
"68",23,23,2,31.5084693643113,65.1539929689853,69.9801514044056,73.5179566028832,79.0939754702802,84.1971245820941,94.7192513436144,98.8162790089982,107.581048040799,1,1,1,1,1,1,NA,NA,0.478260869565217,0.41304347826087,0.347826086956522,0.282608695652174,0.217391304347826,0.0652173913043478,0,0,1,1,1,0,0,0,0,0,2680,26.709394,-4.79907536431134
"69",23,23,3,31.4984741398138,65.1439977444878,69.9701561799081,73.5079613783857,79.0839802457827,84.1871293575966,94.7092561191169,98.8062837845007,107.571052816301,0,0,0,0,0,1,NA,NA,0,0,0,0,0,0.333333333333333,0,0,0,0,0,0,0,0,0,0,2690,85.485867,53.9873928601862
"70",24,24,1,47.1815309188164,81.3980719039782,86.3061378281924,89.9039851374972,95.5746378029775,100.764395370415,111.465099149524,115.631659809334,124.545180737879,1,1,1,1,NA,NA,NA,NA,0.207547169811321,0.150943396226415,0.113207547169811,0.0377358490566038,0,0,0,0,1,1,1,1,1,0,0,0,2700,16.962073,-30.2194579188164
"71",24,24,2,29.3724143728739,63.5889553580358,68.4970212822499,72.0948685915547,77.765521257035,82.9552788244731,93.6559826035818,97.8225432633919,106.736064191936,1,1,1,1,1,1,1,NA,0.5,0.434782608695652,0.369565217391304,0.304347826086957,0.217391304347826,0.0869565217391304,0.0217391304347826,0,1,1,1,1,1,0,0,0,2710,27.470198,-1.90221637287392
"72",24,24,3,32.1034427044974,66.3199836896593,71.2280496138734,74.8258969231782,80.4965495886585,85.6863071560965,96.3870109352053,100.553571595015,109.46709252356,1,1,1,1,1,1,NA,NA,0.456521739130435,0.391304347826087,0.347826086956522,0.260869565217391,0.195652173913043,0.0434782608695652,0,0,0,0,0,0,1,0,0,0,2720,26.868571,-5.23487170449741
"73",25,25,1,31.6076169319884,65.2105724233247,70.0306248322293,73.5639540209284,79.1329181429183,84.229610781285,94.7384250115515,98.8302691422679,107.583949041205,1,1,1,1,1,1,NA,NA,0.458333333333333,0.395833333333333,0.333333333333333,0.270833333333333,0.208333333333333,0.0625,0,0,0,0,0,0,0,0,0,0,2730,24.954253,-6.65336393198844
"74",25,25,2,31.1009464715563,64.7039019628926,69.5239543717972,73.0572835604963,78.6262476824862,83.7229403208528,94.2317545511193,98.3235986818357,107.077278580773,1,1,1,1,1,1,1,NA,0.511627906976744,0.441860465116279,0.395348837209302,0.302325581395349,0.232558139534884,0.0697674418604651,0.0232558139534884,0,0,0,0,0,0,0,0,0,2740,31.691377,0.590430528443711
"75",25,25,3,32.8840889374729,66.4870444288092,71.3070968377137,74.8404260264129,80.4093901484027,85.5060827867694,96.0148970170359,100.106741147752,108.860421046689,1,1,1,1,1,1,NA,NA,0.567567567567568,0.486486486486487,0.432432432432432,0.324324324324324,0.243243243243243,0.0540540540540541,0,0,0,0,0,0,0,0,0,0,2750,41.402239,8.51815006252713
"76",26,26,1,35.3291869652086,68.7372335071488,73.5293279183916,77.0421625562404,82.5788247294769,87.645954759644,98.0938141747441,102.161924171693,110.864829651312,1,1,1,1,1,1,NA,NA,0.454545454545455,0.363636363636364,0.318181818181818,0.25,0.159090909090909,0.0227272727272727,0,0,0,0,0,0,0,0,0,0,2760,30.197908,-5.13127896520857
"77",26,26,2,32.3623721099577,65.7704186518979,70.5625130631408,74.0753477009895,79.6120098742261,84.6791399043931,95.1269993194932,99.1951093164422,107.898014796061,1,1,1,1,1,1,NA,NA,0.446808510638298,0.382978723404255,0.340425531914894,0.276595744680851,0.191489361702128,0.0638297872340425,0,0,0,0,0,0,0,0,0,0,2770,26.258736,-6.1036361099577
"78",26,26,3,31.3193117070663,64.7273582490065,69.5194526602494,73.0322872980981,78.5689494713347,83.6360795015017,94.0839389166018,98.1520489135508,106.854954393169,1,1,1,1,1,1,1,NA,0.478260869565217,0.41304347826087,0.369565217391304,0.282608695652174,0.217391304347826,0.0652173913043478,0.0217391304347826,0,0,0,0,0,0,0,0,0,2780,27.69119,-3.62812170706632
"79",27,27,1,31.7136633428511,65.1161559163931,69.9074536590582,73.4197043006969,78.9554460236251,84.0217336615253,94.4678561573192,98.5352898455132,107.236748498184,1,1,1,1,1,1,NA,NA,0.458333333333333,0.395833333333333,0.354166666666667,0.270833333333333,0.208333333333333,0.0625,0,0,0,0,0,0,0,0,0,0,2790,23.512217,-8.20144634285108
"80",27,27,2,30.6125734595951,64.0150660331371,68.8063637758023,72.318614417441,77.8543561403691,82.9206437782694,93.3667662740633,97.4341999622573,106.135658614928,1,1,1,1,1,1,1,NA,0.5,0.41304347826087,0.369565217391304,0.304347826086957,0.217391304347826,0.0869565217391304,0.0217391304347826,0,0,0,0,0,0,0,0,0,2800,27.500648,-3.11192545959513
"81",27,27,3,31.6634586948346,65.0659512683766,69.8572490110418,73.3694996526804,78.9052413756086,83.9715290135088,94.4176515093027,98.4850851974967,107.186543850168,1,1,1,1,1,1,NA,NA,0.488888888888889,0.422222222222222,0.377777777777778,0.288888888888889,0.222222222222222,0.0666666666666667,0,0,0,0,0,0,0,0,0,0,2810,29.622418,-2.04104069483461
"82",28,28,1,32.2035839749753,65.6129173535498,70.4051963503426,73.918166298237,79.4550417368528,84.5223669466017,94.9706288003247,99.0388954958394,107.742136200613,1,1,1,1,1,1,NA,NA,0.468085106382979,0.382978723404255,0.340425531914894,0.276595744680851,0.191489361702128,0.0638297872340425,0,0,0,0,0,0,0,0,0,0,2820,26.325161,-5.87842297497528
"83",28,28,2,31.3344815437442,64.7438149223187,69.5360939191115,73.0490638670059,78.5859393056217,83.6532645153706,94.1015263690936,98.1697930646083,106.873033769382,1,1,1,1,1,1,1,NA,0.44,0.38,0.34,0.26,0.2,0.06,0.02,0,0,0,0,0,0,0,0,0,2830,20.702005,-10.6324765437442
"84",28,28,3,29.8523105904968,63.2616439690712,68.053922965864,71.5668929137584,77.1037683523742,82.1710935621231,92.6193554158461,96.6876221113609,105.390862816135,1,1,1,1,1,1,1,NA,0.410714285714286,0.357142857142857,0.321428571428571,0.25,0.196428571428571,0.0714285714285714,0.0357142857142857,0,0,0,0,0,0,0,0,0,2840,12.036085,-17.8162255904968
"85",29,29,1,26.9648531554762,59.7845097845607,64.4922047679744,67.9431705843749,73.382319837497,78.3602064516165,88.6240558533487,92.6205173962766,101.170145377604,1,1,1,1,1,1,1,NA,0.531914893617021,0.468085106382979,0.425531914893617,0.361702127659574,0.276595744680851,0.148936170212766,0.0851063829787234,0,0,0,0,0,0,0,0,0,2850,25.638692,-1.32616115547618
"86",29,29,2,30.7211940151375,63.5408506442219,68.2485456276357,71.6995114440362,77.1386606971583,82.1165473112778,92.3803967130099,96.3768582559379,104.926486237265,1,1,1,1,1,1,1,NA,0.821428571428571,0.714285714285714,0.642857142857143,0.5,0.392857142857143,0.142857142857143,0.0714285714285714,0,0,0,0,0,0,0,0,0,2860,55.042573,24.3213789848625
"87",29,29,3,38.8410345451857,71.6606911742702,76.368386157684,79.8193519740844,85.2585012272066,90.2363878413261,100.500237243058,104.496698785986,113.046326767314,1,1,1,1,1,NA,NA,NA,0.333333333333333,0.277777777777778,0.222222222222222,0.166666666666667,0.111111111111111,0,0,0,0,0,0,0,0,0,0,0,2870,14.14277,-24.6982645451857
"88",30,30,1,27.8075662007511,60.8482916002716,65.5876969806993,69.0619080363315,74.5376946635492,79.5491116489821,89.8820969527996,93.9054781204322,102.512695240088,1,1,1,1,1,1,1,NA,0.555555555555556,0.488888888888889,0.422222222222222,0.355555555555556,0.288888888888889,0.133333333333333,0.0666666666666667,0,0,0,0,0,0,0,0,0,2880,28.590165,0.78259879924892
"89",30,30,2,31.6557337470266,64.6964591465471,69.4358645269749,72.9100755826071,78.3858622098247,83.3972791952577,93.7302644990751,97.7536456667077,106.360862786364,1,1,1,1,1,1,1,NA,0.478260869565217,0.41304347826087,0.369565217391304,0.282608695652174,0.217391304347826,0.0869565217391304,0.0217391304347826,0,0,0,0,0,0,0,0,0,2890,26.683334,-4.97239974702662
"90",30,30,3,31.1478355985762,64.1885609980966,68.9279663785244,72.4021774341566,77.8779640613743,82.8893810468072,93.2223663506247,97.2457475182573,105.852964637914,1,1,1,1,1,1,1,NA,0.415094339622642,0.358490566037736,0.320754716981132,0.264150943396226,0.188679245283019,0.0754716981132075,0.0188679245283019,0,0,0,0,0,0,0,0,0,2900,16.47451,-14.6733255985762
"91",31,31,1,28.4026151000989,61.473512834394,66.2172461744546,69.6946298317105,75.1754168717603,80.1914102140726,90.5338314575686,94.5608867213976,103.175963833027,1,1,1,1,1,1,1,NA,0.521739130434783,0.456521739130435,0.41304347826087,0.326086956521739,0.260869565217391,0.130434782608696,0.0652173913043478,0,0,0,0,0,0,0,0,0,2910,27.628653,-0.773962100098856
"92",31,31,2,31.3766305495326,64.4475282838277,69.1912616238884,72.6686452811442,78.149432321194,83.1654256635063,93.5078469070023,97.5349021708313,106.14997928246,1,1,1,1,1,1,1,NA,0.392857142857143,0.339285714285714,0.303571428571429,0.232142857142857,0.178571428571429,0.0714285714285714,0.0178571428571429,0,0,0,0,0,0,0,0,0,2920,12.474475,-18.9021555495326
"93",31,31,3,27.3360906805827,60.4069884148778,65.1507217549384,68.6281054121943,74.1088924522441,79.1248857945564,89.4673070380524,93.4943623018814,102.10943941351,1,1,1,1,1,1,1,NA,0.625,0.55,0.5,0.4,0.325,0.15,0.1,0,0,0,0,0,0,0,0,0,2930,36.454129,9.11803831941733
"94",32,32,1,33.6756407376562,66.7679820506627,71.5147912860341,74.9944297218195,80.478770571906,85.4980163462785,95.8471437434987,99.8768101997186,108.497473433794,1,1,1,1,1,1,NA,NA,0.411764705882353,0.352941176470588,0.313725490196078,0.235294117647059,0.176470588235294,0.0392156862745098,0,0,0,0,0,0,0,0,0,0,2940,19.469376,-14.2062647376562
"95",32,32,2,29.1135968856471,62.2059381986535,66.9527474340249,70.4323858698103,75.9167267198969,80.9359724942694,91.2850998914896,95.3147663477095,103.935429581785,1,1,1,1,1,1,1,NA,0.545454545454545,0.477272727272727,0.409090909090909,0.340909090909091,0.272727272727273,0.113636363636364,0.0454545454545455,0,0,0,0,0,0,0,0,0,2950,30.388357,1.27476011435294
"96",32,32,3,32.0463960933397,65.1387374063461,69.8855466417176,73.365185077503,78.8495259275895,83.868771701962,94.2178990991822,98.2475655554021,106.868228789477,1,1,1,1,1,1,1,NA,0.468085106382979,0.404255319148936,0.361702127659574,0.276595744680851,0.212765957446809,0.0638297872340425,0.0212765957446809,0,0,0,0,0,0,0,0,0,2960,25.791482,-6.25491409333969
"97",33,33,1,30.8224897166619,63.9413553727631,68.6919692950128,72.1743967484396,77.663133435526,82.6864022615085,93.0438247443866,97.0767210795272,105.704293991801,1,1,1,1,1,1,1,NA,0.433962264150943,0.377358490566038,0.320754716981132,0.264150943396226,0.207547169811321,0.0754716981132075,0.0188679245283019,0,0,0,0,0,0,0,0,0,2970,15.729519,-15.0929707166619
"98",33,33,2,28.1568920866523,61.2757577427535,66.0263716650032,69.5087991184299,74.9975358055164,80.0208046314988,90.378227114377,94.4111234495176,103.038696361792,1,1,1,1,1,1,1,NA,0.436363636363636,0.381818181818182,0.345454545454545,0.290909090909091,0.218181818181818,0.109090909090909,0.0545454545454545,0,0,0,0,0,0,0,0,0,2980,12.79659,-15.3603020866523
"99",33,33,3,27.3799056684567,60.4987713245579,65.2493852468076,68.7318127002343,74.2205493873208,79.2438182133032,89.6012406961814,93.634137031322,102.261709943596,1,1,1,1,1,1,1,NA,0.531914893617021,0.468085106382979,0.425531914893617,0.340425531914894,0.276595744680851,0.127659574468085,0.0851063829787234,0,0,0,0,0,0,0,0,0,2990,25.50367,-1.87623566845671
