"","train_iter","test_iter","predict_iter","expected","Quantile_0.95","Quantile_0.97","Quantile_0.98","Quantile_0.99","Quantile_0.995","Quantile_0.999","Quantile_0.9995","Quantile_0.9999","score_pred_1_0.95","score_pred_1_0.97","score_pred_1_0.98","score_pred_1_0.99","score_pred_1_0.995","score_pred_1_0.999","score_pred_1_0.9995","score_pred_1_0.9999","score_pred_2_0.95","score_pred_2_0.97","score_pred_2_0.98","score_pred_2_0.99","score_pred_2_0.995","score_pred_2_0.999","score_pred_2_0.9995","score_pred_2_0.9999","adjustment_0.95","adjustment_0.97","adjustment_0.98","adjustment_0.99","adjustment_0.995","adjustment_0.999","adjustment_0.9995","adjustment_0.9999","time","actual","residuals"
"1",1,1,1,25.1588747380004,47.4363966900492,50.6319139229629,52.9743810486701,56.6663991662368,60.0453186831029,67.012275496325,69.7250174594508,75.5283848495619,1,1,1,1,1,1,1,1,0.559322033898305,0.525423728813559,0.508474576271186,0.457627118644068,0.423728813559322,0.355932203389831,0.322033898305085,0.254237288135593,0,0,0,0,0,0,0,0,2010,7.012241,-18.1466337380004
"2",1,1,2,10.8362993275664,33.1138212796152,36.3093385125289,38.6518056382361,42.3438237558028,45.7227432726689,52.689700085891,55.4024420490168,61.2058094391279,0,1,1,1,1,1,1,1,0,1,0.975,0.9,0.85,0.75,0.7,0.6,0,0,0,0,0,0,0,0,2020,36.262536,25.4262366724336
"3",1,1,3,24.8439378324415,47.1214597844903,50.316977017404,52.6594441431112,56.3514622606779,59.730381777544,66.6973385907661,69.4100805538919,75.213447944003,1,1,1,1,1,1,1,1,0.559322033898305,0.525423728813559,0.508474576271186,0.457627118644068,0.423728813559322,0.355932203389831,0.322033898305085,0.254237288135593,1,0,0,0,0,0,0,0,2030,6.864671,-17.9792668324415
"4",2,2,1,10.8430123510432,33.3731089557249,36.6048558310927,38.9738810193104,42.7077579304883,46.1249864399382,53.170932141637,55.9144302122192,61.7835941261005,0,1,1,1,1,1,1,1,0,0.975609756097561,0.951219512195122,0.878048780487805,0.829268292682927,0.707317073170732,0.682926829268293,0.585365853658537,1,0,0,0,0,0,0,0,2040,34.466386,23.6233736489568
"5",2,2,2,23.6321935456059,46.1622901502876,49.3940370256554,51.763062213873,55.4969391250509,58.9141676345008,65.9601133361997,68.7036114067818,74.5727753206631,1,1,1,1,1,1,1,1,0.576271186440678,0.542372881355932,0.508474576271186,0.474576271186441,0.440677966101695,0.355932203389831,0.338983050847458,0.271186440677966,1,0,0,0,0,0,0,0,2050,7.484145,-16.1480485456059
"6",2,2,3,11.1300439804662,33.660140585148,36.8918874605158,39.2609126487334,42.9947895599113,46.4120180693612,53.4579637710601,56.2014618416422,62.0706257555235,1,1,1,1,1,1,1,1,0.711864406779661,0.677966101694915,0.644067796610169,0.610169491525424,0.576271186440678,0.491525423728814,0.474576271186441,0.406779661016949,1,0,0,0,0,0,0,0,2060,6.907781,-4.22226298046624
"7",3,3,1,11.0117652591205,33.7797638387457,37.0456356882607,39.4396761163531,43.212980141713,46.6662921809185,53.7866381138809,56.5591055946125,62.4902437516974,1,1,1,1,1,1,1,1,0.711864406779661,0.677966101694915,0.644067796610169,0.610169491525424,0.576271186440678,0.491525423728814,0.457627118644068,0.406779661016949,0,0,0,0,0,0,0,0,2070,7.576386,-3.43537925912047
"8",3,3,2,11.3139857806957,34.0819843603209,37.3478562098359,39.7418966379283,43.5152006632882,46.9685127024938,54.0888586354562,56.8613261161877,62.7924642732726,1,1,1,1,1,1,1,1,0.711864406779661,0.677966101694915,0.644067796610169,0.610169491525424,0.559322033898305,0.491525423728814,0.457627118644068,0.389830508474576,0,0,0,0,0,0,0,0,2080,6.99908,-4.3149057806957
"9",3,3,3,11.0530339175949,33.8210324972201,37.0869043467351,39.4809447748275,43.2542488001875,46.707560839393,53.8279067723554,56.6003742530869,62.5315124101718,1,1,1,1,1,1,1,1,0.724137931034483,0.689655172413793,0.655172413793103,0.620689655172414,0.586206896551724,0.5,0.46551724137931,0.396551724137931,0,0,0,0,0,0,0,0,2090,7.863312,-3.1897219175949
"10",4,4,1,11.4560204325835,34.2190271922499,37.4841830085033,39.8776985499331,43.6501752889473,47.1027301991543,54.2215150162015,56.9933746411982,62.923212412844,1,1,1,1,1,1,1,1,0.711864406779661,0.677966101694915,0.644067796610169,0.610169491525424,0.559322033898305,0.491525423728814,0.457627118644068,0.389830508474576,0,0,0,0,0,0,0,0,2100,6.419948,-5.03607243258348
"11",4,4,2,10.8035533964276,33.566560156094,36.8317159723475,39.2252315137772,42.9977082527914,46.4502631629985,53.5690479800456,56.3409076050423,62.2707453766881,1,1,1,1,1,1,1,1,0.711864406779661,0.677966101694915,0.644067796610169,0.610169491525424,0.576271186440678,0.491525423728814,0.457627118644068,0.406779661016949,0,0,0,0,0,0,0,0,2110,6.872341,-3.93121239642761
"12",4,4,3,11.0080558780522,33.7710626377187,37.0362184539721,39.4297339954018,43.202210734416,46.6547656446231,53.7735504616702,56.545410086667,62.4752478583128,0,0,1,1,1,1,1,1,0,0,0.974358974358974,0.923076923076923,0.871794871794872,0.743589743589744,0.692307692307692,0.615384615384615,0,0,0,0,0,0,0,0,2120,38.908834,27.9007781219478
"13",5,5,1,25.5354695286605,48.5269566392202,51.8248859793975,54.2424260829841,58.0527685054806,61.539977930607,68.7302165090181,71.5298982695716,77.5192559205159,1,1,1,1,1,1,1,1,0.551724137931034,0.517241379310345,0.5,0.448275862068966,0.413793103448276,0.344827586206897,0.310344827586207,0.241379310344828,1,1,0,0,0,0,0,0,2130,8.18534,-17.3501295286605
"14",5,5,2,11.7571682168264,34.7486553273861,38.0465846675634,40.46412477115,44.2744671936465,47.7616766187729,54.951915197184,57.7515969577375,63.7409546086817,1,1,1,1,1,1,1,1,0.891304347826087,0.847826086956522,0.826086956521739,0.760869565217391,0.717391304347826,0.608695652173913,0.58695652173913,0.5,1,1,0,0,0,0,0,0,2140,27.454953,15.6977847831736
"15",5,5,3,20.3988459529731,43.3903330635327,46.6882624037101,49.1058025072967,52.9161449297931,56.4033543549196,63.5935929333307,66.3932746938842,72.3826323448284,1,1,1,1,1,1,1,1,0.610169491525424,0.576271186440678,0.542372881355932,0.508474576271186,0.457627118644068,0.389830508474576,0.355932203389831,0.288135593220339,0,0,0,0,0,0,0,0,2150,7.427706,-12.9711399529731
"16",6,6,1,11.5466377387147,34.7214749526025,38.0457042742636,40.48252352346,44.32325226562,47.8382711232267,55.0858496631622,57.9078580325868,63.9449789856128,1,1,1,1,1,1,1,1,0.694915254237288,0.661016949152542,0.644067796610169,0.593220338983051,0.559322033898305,0.474576271186441,0.440677966101695,0.389830508474576,0,0,0,0,0,0,0,0,2160,6.891857,-4.65478073871469
"17",6,6,2,11.3152709585439,34.4901081724317,37.8143374940928,40.2511567432893,44.0918854854492,47.606904343056,54.8544828829914,57.676491252416,63.713612205442,1,1,1,1,1,1,1,1,0.694915254237288,0.661016949152542,0.644067796610169,0.593220338983051,0.559322033898305,0.474576271186441,0.457627118644068,0.389830508474576,0,0,0,0,0,0,0,0,2170,7.6875,-3.62777095854392
"18",6,6,3,11.6588105733895,34.8336477872773,38.1578771089384,40.5946963581349,44.4354251002948,47.9504439579016,55.198022497837,58.0200308672616,64.0571518202876,1,1,1,1,1,1,1,1,0.706896551724138,0.672413793103448,0.655172413793103,0.603448275862069,0.568965517241379,0.482758620689655,0.448275862068966,0.396551724137931,0,0,0,0,0,0,0,0,2180,7.967564,-3.69124657338954
"19",7,7,1,11.7229550500026,34.901137932677,38.2258471614967,40.6630182056174,44.5043014201196,48.0198277284914,55.2684525755519,58.0908683482834,64.1288608589797,1,1,1,1,1,1,1,1,0.694915254237288,0.661016949152542,0.627118644067797,0.593220338983051,0.559322033898305,0.474576271186441,0.440677966101695,0.372881355932203,0,0,0,0,0,0,0,0,2190,6.521757,-5.20119805000264
"20",7,7,2,11.0954164901023,34.2735993727767,37.5983086015965,40.0354796457171,43.8767628602193,47.3922891685911,54.6409140156516,57.4633297883831,63.5013222990794,1,1,1,1,1,1,1,1,0.711864406779661,0.661016949152542,0.644067796610169,0.593220338983051,0.559322033898305,0.491525423728814,0.457627118644068,0.389830508474576,0,0,0,0,0,0,0,0,2200,6.838787,-4.25662949010234
"21",7,7,3,11.2330202986641,34.4112031813384,37.7359124101582,40.1730834542788,44.014366668781,47.5298929771529,54.7785178242133,57.6009335969448,63.6389261076412,1,1,1,1,1,1,1,1,0.694915254237288,0.661016949152542,0.644067796610169,0.593220338983051,0.559322033898305,0.474576271186441,0.457627118644068,0.389830508474576,0,0,0,0,0,0,0,0,2210,6.323147,-4.90987329866406
"22",8,8,1,10.9976218290809,34.1205520220981,37.437335731987,39.8686969912758,43.7008232658051,47.2079691810684,54.4393145881856,57.2550022207707,63.2786012249513,1,1,1,1,1,1,1,1,0.7,0.666666666666667,0.633333333333333,0.6,0.55,0.483333333333333,0.45,0.383333333333333,0,0,0,0,0,0,0,0,2220,6.151031,-4.84659082908092
"23",8,8,2,10.9217081433431,34.0446383363603,37.3614220462491,39.7927833055379,43.6249095800672,47.1320554953306,54.3634009024478,57.1790885350328,63.2026875392134,1,1,1,1,1,1,1,1,0.976744186046512,0.930232558139535,0.883720930232558,0.837209302325581,0.767441860465116,0.674418604651163,0.627906976744186,0.534883720930233,0,0,0,0,0,0,0,0,2230,31.864097,20.9423888566569
"24",8,8,3,22.2627433270601,45.3856735200773,48.7024572299661,51.1338184892549,54.9659447637842,58.4730906790476,65.7044360861648,68.5201237187498,74.5437227229304,1,1,1,1,1,1,1,1,0.576271186440678,0.542372881355932,0.525423728813559,0.474576271186441,0.440677966101695,0.355932203389831,0.338983050847458,0.271186440677966,0,0,0,0,0,0,0,0,2240,7.558029,-14.7047143270601
"25",9,9,1,11.5033310439516,34.6283976832475,37.9454878478181,40.377073753061,44.2095540974184,47.7170240559054,54.9490376041646,57.7649853925912,63.7891409480207,1,1,1,1,1,1,1,1,0.683333333333333,0.65,0.633333333333333,0.583333333333333,0.55,0.466666666666667,0.45,0.383333333333333,0,0,0,0,0,0,0,0,2250,6.207633,-5.2956980439516
"26",9,9,2,10.9142382822039,34.0393049214998,37.3563950860705,39.7879809913133,43.6204613356708,47.1279312941578,54.3599448424169,57.1758926308436,63.200048186273,1,1,1,1,1,1,1,1,0.711864406779661,0.677966101694915,0.644067796610169,0.610169491525424,0.559322033898305,0.491525423728814,0.457627118644068,0.389830508474576,0,0,0,0,0,0,0,0,2260,6.481831,-4.43240728220395
"27",9,9,3,11.0338536076979,34.1589202469937,37.4760104115644,39.9075963168073,43.7400766611647,47.2475466196517,54.4795601679108,57.2955079563375,63.3196635117669,1,1,1,1,1,1,1,1,0.711864406779661,0.677966101694915,0.644067796610169,0.610169491525424,0.559322033898305,0.491525423728814,0.457627118644068,0.389830508474576,0,0,0,0,0,0,0,0,2270,6.730033,-4.30382060769786
"28",10,10,1,11.1288290257873,34.2577408725731,37.5753825987952,40.007372825136,43.8404904295868,47.348543605842,54.5817596843726,57.398175705116,63.4233329496832,1,1,1,1,1,1,1,1,0.711864406779661,0.661016949152542,0.644067796610169,0.593220338983051,0.559322033898305,0.491525423728814,0.457627118644068,0.389830508474576,0,0,0,0,0,0,0,0,2280,7.35173,-3.7770990257873
"29",10,10,2,11.4002192881794,34.5291311349652,37.8467728611873,40.2787630875282,44.1118806919789,47.6199338682341,54.8531499467647,57.6695659675081,63.6947232120753,1,1,1,1,1,1,1,1,0.683333333333333,0.65,0.633333333333333,0.583333333333333,0.55,0.466666666666667,0.45,0.383333333333333,0,0,0,0,0,0,0,0,2290,6.205484,-5.19473528817941
"30",10,10,3,10.8998469159371,34.0287587627229,37.346400488945,39.7783907152859,43.6115083197366,47.1195614959918,54.3527775745224,57.1691935952658,63.194350839833,1,1,1,1,1,1,1,1,0.711864406779661,0.677966101694915,0.644067796610169,0.610169491525424,0.559322033898305,0.491525423728814,0.457627118644068,0.389830508474576,0,0,0,0,0,0,0,0,2300,6.699892,-4.19995491593713
"31",11,11,1,11.1122285331927,34.241109936437,37.5587472957972,39.9907343210193,43.8238468801106,47.3318954388739,54.565101996649,57.3815143102713,63.4066636241963,1,1,1,1,1,1,1,1,0.711864406779661,0.661016949152542,0.644067796610169,0.593220338983051,0.559322033898305,0.491525423728814,0.457627118644068,0.389830508474576,0,0,0,0,0,0,0,0,2310,6.843737,-4.26849153319267
"32",11,11,2,11.1750751050059,34.3039565082502,37.6215938676104,40.0535808928325,43.8866934519237,47.3947420106871,54.6279485684622,57.4443608820845,63.4695101960095,1,1,1,1,1,1,1,1,0.7,0.65,0.633333333333333,0.583333333333333,0.55,0.483333333333333,0.45,0.383333333333333,0,0,0,0,0,0,0,0,2320,6.148804,-5.02627110500588
"33",11,11,3,10.8714555374862,34.0003369407305,37.3179743000908,39.7499613253128,43.5830738844041,47.0911224431674,54.3243290009426,57.1407413145649,63.1658906284898,0,0,1,1,1,1,1,1,0,0,0.974358974358974,0.923076923076923,0.846153846153846,0.743589743589744,0.692307692307692,0.58974358974359,0,0,0,0,0,0,0,0,2330,39.025255,28.1537994625138
"34",12,12,1,25.452081615123,48.610596495719,51.9324845202902,54.3675874866239,58.2056111545676,61.7181543395821,68.9606283175568,71.7806491105107,77.8135180422858,1,1,1,1,1,1,1,1,0.542372881355932,0.508474576271186,0.491525423728814,0.440677966101695,0.406779661016949,0.322033898305085,0.305084745762712,0.23728813559322,1,1,0,0,0,0,0,0,2340,7.097046,-18.355035615123
"35",12,12,2,11.3294579140314,34.4879727946273,37.8098608191985,40.2449637855322,44.0829874534759,47.5955306384904,54.8380046164651,57.6580254094191,63.6908943411942,1,1,1,1,1,1,1,1,0.683333333333333,0.65,0.633333333333333,0.583333333333333,0.55,0.466666666666667,0.45,0.383333333333333,1,1,0,0,0,0,0,0,2350,6.009813,-5.31964491403138
"36",12,12,3,10.8485483041498,34.0070631847457,37.3289512093169,39.7640541756506,43.6020778435943,47.1146210286088,54.3570950065835,57.1771157995374,63.2099847313125,0,1,1,1,1,1,1,1,0,1,0.95,0.9,0.825,0.725,0.675,0.575,0,0,0,0,0,0,0,0,2360,36.065935,25.2173866958502
"37",13,13,1,23.8966880388188,47.3310555311579,50.6925122194461,53.1566209107406,57.0403611912647,60.5947440286249,67.9234867234239,70.7770981893946,76.8818276294844,1,1,1,1,1,1,1,1,0.559322033898305,0.525423728813559,0.491525423728814,0.457627118644068,0.423728813559322,0.338983050847458,0.305084745762712,0.23728813559322,1,0,0,0,0,0,0,0,2370,7.097232,-16.7994560388188
"38",13,13,2,11.5084424337752,34.9428099261142,38.3042666144025,40.7683753056969,44.6521155862211,48.2064984235812,55.5352411183803,58.3888525843509,64.4935820244408,1,1,1,1,1,1,1,1,0.694915254237288,0.661016949152542,0.627118644067797,0.593220338983051,0.559322033898305,0.474576271186441,0.440677966101695,0.372881355932203,1,0,0,0,0,0,0,0,2380,6.936849,-4.57159343377516
"39",13,13,3,11.4398558631277,34.8742233554668,38.235680043755,40.6997887350495,44.5835290155736,48.1379118529338,55.4666545477328,58.3202660137035,64.4249954537933,1,1,1,1,1,1,1,1,0.694915254237288,0.661016949152542,0.627118644067797,0.593220338983051,0.559322033898305,0.474576271186441,0.440677966101695,0.372881355932203,0,0,0,0,0,0,0,0,2390,6.453964,-4.98589186312773
"40",14,14,1,11.1960838648886,34.5382143290278,37.8864404159161,40.3408504429338,44.2093044281529,47.7496973120778,55.049594276484,57.8919740059316,63.9726753982535,1,1,1,1,1,1,1,1,0.694915254237288,0.661016949152542,0.644067796610169,0.593220338983051,0.559322033898305,0.474576271186441,0.440677966101695,0.389830508474576,0,0,0,0,0,0,0,0,2400,6.415171,-4.78091286488859
"41",14,14,2,11.179678085851,34.5218085499902,37.8700346368785,40.3244446638963,44.1928986491153,47.7332915330402,55.0331884974464,57.875568226894,63.9562696192159,1,1,1,1,1,1,1,1,0.706896551724138,0.672413793103448,0.655172413793103,0.603448275862069,0.568965517241379,0.482758620689655,0.448275862068966,0.396551724137931,0,0,0,0,0,0,0,0,2410,7.950354,-3.22932408585103
"42",14,14,3,11.8289156565525,35.1710461206917,38.51927220758,40.9736822345978,44.8421362198168,48.3825291037417,55.6824260681479,58.5248057975955,64.6055071899174,1,1,1,1,1,1,1,1,0.694915254237288,0.661016949152542,0.627118644067797,0.593220338983051,0.559322033898305,0.474576271186441,0.440677966101695,0.372881355932203,0,0,0,0,0,0,0,0,2420,6.676756,-5.15215965655253
"43",15,15,1,11.3011061983231,34.1297436110932,37.4043135750894,39.8047301375422,43.5880837398291,47.0505931097446,54.1899029172633,56.9697544107958,62.9166891824056,0,0,1,1,1,1,1,1,0,0,1,0.947368421052632,0.868421052631579,0.763157894736842,0.710526315789474,0.605263157894737,0,0,0,0,0,0,0,0,2430,40.51976,29.2186538016769
"44",15,15,2,23.6552687306825,46.4839061434525,49.7584761074487,52.1588926699016,55.9422462721884,59.404755642104,66.5440654496227,69.3239169431552,75.270851714765,1,1,1,1,1,1,1,1,0.576271186440678,0.542372881355932,0.508474576271186,0.474576271186441,0.423728813559322,0.355932203389831,0.322033898305085,0.254237288135593,1,1,0,0,0,0,0,0,2440,6.559719,-17.0955497306825
"45",15,15,3,11.258382623303,34.087020036073,37.3615900000693,39.7620065625221,43.545360164809,47.0078695347245,54.1471793422432,56.9270308357757,62.8739656073855,1,1,1,1,1,1,1,1,0.711864406779661,0.677966101694915,0.644067796610169,0.610169491525424,0.559322033898305,0.491525423728814,0.457627118644068,0.389830508474576,1,1,0,0,0,0,0,0,2450,6.532779,-4.72560362330301
"46",16,16,1,11.3283032561405,33.904641627029,37.1430214825421,39.516908962778,43.2584494479831,46.6826916282833,53.7430987404039,56.4922276877016,62.3734377330441,1,1,1,1,1,1,1,1,0.711864406779661,0.677966101694915,0.644067796610169,0.610169491525424,0.576271186440678,0.491525423728814,0.457627118644068,0.406779661016949,0,0,0,0,0,0,0,0,2460,6.873301,-4.4550022561405
"47",16,16,2,11.4322573151977,34.0085956860861,37.2469755415992,39.6208630218351,43.3624035070403,46.7866456873404,53.8470527994611,56.5961817467587,62.4773917921013,1,1,1,1,1,1,1,1,0.711864406779661,0.677966101694915,0.644067796610169,0.610169491525424,0.576271186440678,0.491525423728814,0.457627118644068,0.406779661016949,0,0,0,0,0,0,0,0,2470,7.196093,-4.23616431519766
"48",16,16,3,11.5307987857375,34.107137156626,37.3455170121391,39.719404492375,43.4609449775802,46.8851871578803,53.945594270001,56.6947232172986,62.5759332626411,1,1,1,1,1,1,1,1,0.711864406779661,0.677966101694915,0.644067796610169,0.610169491525424,0.559322033898305,0.491525423728814,0.457627118644068,0.389830508474576,0,0,0,0,0,0,0,0,2480,6.345104,-5.18569478573754
"49",17,17,1,11.0837273763431,33.5995230656256,36.8292185987614,39.1967400549095,42.9282468982286,46.3433063315014,53.3847796389999,56.1265362819045,61.9919747605127,1,1,1,1,1,1,1,1,0.777777777777778,0.740740740740741,0.703703703703704,0.666666666666667,0.62962962962963,0.537037037037037,0.518518518518518,0.444444444444444,0,0,0,0,0,0,0,0,2490,14.994488,3.91076062365687
"50",17,17,2,13.698993869547,36.2147895588294,39.4444850919652,41.8120065481133,45.5435133914324,48.9585728247052,56.0000461322037,58.7418027751083,64.6072412537166,1,1,1,1,1,1,1,1,0.689655172413793,0.655172413793103,0.637931034482759,0.586206896551724,0.551724137931034,0.482758620689655,0.448275862068966,0.379310344827586,0,0,0,0,0,0,0,0,2500,7.962794,-5.73619986954696
"51",17,17,3,11.5728593715686,34.088655060851,37.3183505939868,39.6858720501349,43.417378893454,46.8324383267268,53.8739116342253,56.6156682771299,62.4811067557382,1,1,1,1,1,1,1,1,0.711864406779661,0.677966101694915,0.644067796610169,0.610169491525424,0.576271186440678,0.491525423728814,0.457627118644068,0.406779661016949,0,0,0,0,0,0,0,0,2510,7.121413,-4.45144637156856
"52",18,18,1,11.1315873255503,33.4073623932327,36.6026290507409,38.9449124926789,42.6366411018908,46.0152956619232,52.9817061635778,55.6942354079579,61.4971477289735,1,1,1,1,1,1,1,1,0.724137931034483,0.689655172413793,0.672413793103448,0.620689655172414,0.586206896551724,0.517241379310345,0.482758620689655,0.413793103448276,0,0,0,0,0,0,0,0,2520,8.36243,-2.76915732555027
"53",18,18,2,11.5212788098475,33.7970538775299,36.9923205350381,39.3346039769761,43.026332586188,46.4049871462204,53.371397647875,56.0839268922551,61.8868392132707,1,1,1,1,1,1,1,1,0.724137931034483,0.689655172413793,0.655172413793103,0.620689655172414,0.586206896551724,0.5,0.482758620689655,0.413793103448276,0,0,0,0,0,0,0,0,2530,7.951957,-3.56932180984749
"54",18,18,3,11.3923862703948,33.6681613380772,36.8634279955854,39.2057114375235,42.8974400467354,46.2760946067677,53.2425051084223,55.9550343528025,61.757946673818,1,1,1,1,1,1,1,1,0.711864406779661,0.677966101694915,0.644067796610169,0.610169491525424,0.576271186440678,0.491525423728814,0.474576271186441,0.406779661016949,0,0,0,0,0,0,0,0,2540,6.650001,-4.74238527039482
"55",19,19,1,10.9927140067481,33.2657036502236,36.4605707627972,38.8025613191688,42.4938283044775,45.8720603882472,52.8375997907644,55.5497898530243,61.3519765619164,1,1,1,1,1,1,1,1,0.7,0.666666666666667,0.65,0.6,0.566666666666667,0.5,0.466666666666667,0.4,0,0,0,0,0,0,0,0,2550,6.104063,-4.88865100674805
"56",19,19,2,10.8215482593857,33.0945379028613,36.2894050154348,38.6313955718065,42.3226625571152,45.7008946408849,52.6664340434021,55.378624105662,61.180810814554,1,1,1,1,1,1,1,1,0.711864406779661,0.677966101694915,0.661016949152542,0.610169491525424,0.576271186440678,0.508474576271186,0.474576271186441,0.406779661016949,0,0,0,0,0,0,0,0,2560,7.450777,-3.37077125938572
"57",19,19,3,11.2437780882185,33.5167677316941,36.7116348442676,39.0536254006392,42.7448923859479,46.1231244697177,53.0886638722349,55.8008539344947,61.6030406433868,1,1,1,1,1,1,1,1,0.724137931034483,0.689655172413793,0.672413793103448,0.620689655172414,0.586206896551724,0.517241379310345,0.482758620689655,0.413793103448276,0,0,0,0,0,0,0,0,2570,8.135671,-3.1081070882185
"58",20,20,1,11.4651960700466,33.7332208137618,36.9273757545426,39.2688442548931,42.9592884152976,46.3367674531614,53.3007541586467,56.0123396432542,61.8132329795069,1,1,1,1,1,1,1,1,0.711864406779661,0.677966101694915,0.644067796610169,0.610169491525424,0.576271186440678,0.491525423728814,0.474576271186441,0.406779661016949,0,0,0,0,0,0,0,0,2580,7.46139,-4.00380607004662
"59",20,20,2,11.2535761496854,33.5216008934006,36.7157558341814,39.0572243345319,42.7476684949363,46.1251475328002,53.0891342382855,55.8007197228929,61.6016130591457,1,1,1,1,1,1,1,1,0.736842105263158,0.701754385964912,0.684210526315789,0.631578947368421,0.596491228070175,0.526315789473684,0.491228070175439,0.421052631578947,0,0,0,0,0,0,0,0,2590,9.76371,-1.4898661496854
"60",20,20,3,11.9761484526956,34.2441731964108,37.4383281371916,39.7797966375421,43.4702407979466,46.8477198358104,53.8117065412957,56.5232920259032,62.3241853621559,1,1,1,1,1,1,1,1,0.711864406779661,0.677966101694915,0.644067796610169,0.610169491525424,0.576271186440678,0.491525423728814,0.457627118644068,0.406779661016949,0,0,0,0,0,0,0,0,2600,6.254945,-5.72120345269563
"61",21,21,1,10.6925477522286,32.7369221306249,35.8989963670051,38.2169481750799,41.8703271177938,45.2138842236781,52.1079276724676,54.7922791706212,60.5349108546277,1,1,1,1,1,1,1,1,0.843137254901961,0.803921568627451,0.764705882352941,0.725490196078431,0.686274509803922,0.588235294117647,0.549019607843137,0.490196078431373,0,0,0,0,0,0,0,0,2610,19.997723,9.30517524777139
"62",21,21,2,15.1696802231702,37.2140546015665,40.3761288379466,42.6940806460214,46.3474595887353,49.6910166946196,56.5850601434092,59.2694116415627,65.0120433255693,0,1,1,1,1,1,1,1,0,1,0.947368421052632,0.894736842105263,0.842105263157895,0.710526315789474,0.684210526315789,0.578947368421053,0,0,0,0,0,0,0,0,2620,39.280209,24.1105287768298
"63",21,21,3,21.4515428997757,43.495917278172,46.6579915145522,48.9759433226269,52.6293222653409,55.9728793712252,62.8669228200147,65.5512743181683,71.2939060021748,1,1,1,1,1,1,1,1,0.6,0.566666666666667,0.533333333333333,0.5,0.466666666666667,0.383333333333333,0.366666666666667,0.3,1,0,0,0,0,0,0,0,2630,6.062146,-15.3893968997757
"64",22,22,1,10.8292000647339,33.1359869513787,36.3357019852428,38.6812463000277,42.3781144484448,45.7614726932304,52.7375816704998,55.4538872353717,61.2648782367387,1,1,1,1,1,1,1,1,0.711864406779661,0.677966101694915,0.661016949152542,0.610169491525424,0.576271186440678,0.508474576271186,0.474576271186441,0.406779661016949,1,0,0,0,0,0,0,0,2640,6.596397,-4.23280306473395
"65",22,22,2,10.9989301855876,33.3057170722324,36.5054321060965,38.8509764208813,42.5478445692984,45.9312028140841,52.9073117913535,55.6236173562253,61.4346083575924,1,1,1,1,1,1,1,1,0.711864406779661,0.677966101694915,0.661016949152542,0.610169491525424,0.576271186440678,0.508474576271186,0.474576271186441,0.406779661016949,0,0,0,0,0,0,0,0,2650,7.298333,-3.70059718558761
"66",22,22,3,11.2219333846673,33.5287202713121,36.7284353051762,39.0739796199611,42.7708477683782,46.1542060131638,53.1303149904332,55.846620555305,61.6576115566721,1,1,1,1,1,1,1,1,0.7,0.666666666666667,0.633333333333333,0.6,0.566666666666667,0.483333333333333,0.466666666666667,0.4,0,0,0,0,0,0,0,0,2660,6.112773,-5.10916038466732
"67",23,23,1,10.8028075695538,33.1212654060654,36.3226545364248,38.6694260440926,42.368228400383,45.7533568241127,52.7331157137856,55.4508424544741,61.2648737764843,1,1,1,1,1,1,1,1,0.711864406779661,0.677966101694915,0.661016949152542,0.610169491525424,0.576271186440678,0.508474576271186,0.474576271186441,0.406779661016949,0,0,0,0,0,0,0,0,2670,6.627249,-4.17555856955377
"68",23,23,2,10.9669921098943,33.285449946406,36.4868390767654,38.8336105844332,42.5324129407236,45.9175413644533,52.8973002541262,55.6150269948147,61.4290583168249,1,1,1,1,1,1,1,1,0.711864406779661,0.677966101694915,0.661016949152542,0.610169491525424,0.576271186440678,0.508474576271186,0.474576271186441,0.406779661016949,0,0,0,0,0,0,0,0,2680,6.782426,-4.18456610989434
"69",23,23,3,11.0165136899417,33.3349715264533,36.5363606568127,38.8831321644805,42.5819345207709,45.9670629445006,52.9468218341735,55.664548574862,61.4785798968722,1,1,1,1,1,1,1,1,0.7,0.666666666666667,0.65,0.6,0.566666666666667,0.5,0.466666666666667,0.4,0,0,0,0,0,0,0,0,2690,4.899273,-6.11724068994167
"70",24,24,1,10.3070328944703,32.5343804884582,35.7227006450463,38.0598919692275,41.7435947706026,45.1149041449195,52.0661696893149,54.7728019025826,60.5630987081818,1,1,1,1,1,1,1,1,0.716666666666667,0.683333333333333,0.65,0.616666666666667,0.583333333333333,0.5,0.466666666666667,0.416666666666667,0,0,0,0,0,0,0,0,2700,5.637335,-4.66969789447026
"71",24,24,2,10.5449230907989,32.7722706847868,35.9605908413749,38.2977821655561,41.9814849669312,45.3527943412481,52.3040598856435,55.0106920989113,60.8009889045105,1,1,1,1,1,1,1,1,0.826923076923077,0.769230769230769,0.75,0.711538461538462,0.653846153846154,0.576923076923077,0.538461538461538,0.480769230769231,0,0,0,0,0,0,0,0,2710,18.215217,7.67029390920111
"72",24,24,3,14.5989928280002,36.8263404219881,40.0146605785762,42.3518519027574,46.0355547041325,49.4068640784494,56.3581296228448,59.0647618361126,64.8550586417118,1,1,1,1,1,1,1,1,0.666666666666667,0.633333333333333,0.6,0.566666666666667,0.533333333333333,0.45,0.433333333333333,0.366666666666667,0,0,0,0,0,0,0,0,2720,4.721631,-9.87736182800018
"73",25,25,1,10.1657799965907,32.3391743007902,35.5197553260843,37.8512734964953,41.5260347053616,44.889160771667,51.823553243703,54.5236155452196,60.2998573422222,1,1,1,1,1,1,1,1,0.716666666666667,0.683333333333333,0.65,0.616666666666667,0.583333333333333,0.5,0.483333333333333,0.416666666666667,0,0,0,0,0,0,0,0,2730,5.630611,-4.5351689965907
"74",25,25,2,10.4585484904776,32.631942794677,35.8125238199712,38.1440419903822,41.8188031992484,45.1819292655539,52.1163217375898,54.8163840391065,60.5926258361091,1,1,1,1,1,1,1,1,0.826923076923077,0.788461538461538,0.75,0.711538461538462,0.673076923076923,0.576923076923077,0.538461538461538,0.480769230769231,0,0,0,0,0,0,0,0,2740,17.839773,7.38122450952245
"75",25,25,3,14.3909320086635,36.564326312863,39.7449073381572,42.0764255085682,45.7511867174344,49.1143127837399,56.0487052557758,58.7487675572925,64.525009354295,1,1,1,1,1,1,1,1,0.909090909090909,0.863636363636364,0.840909090909091,0.772727272727273,0.727272727272727,0.636363636363636,0.590909090909091,0.5,0,0,0,0,0,0,0,0,2750,30.445435,16.0545029913365
"76",26,26,1,18.599154988559,40.8626977040348,44.056209736753,46.3972069547127,50.0869083157385,53.4637075467223,60.4262925659139,63.1373322723099,68.9370580255352,1,1,1,1,1,1,1,1,0.616666666666667,0.583333333333333,0.566666666666667,0.516666666666667,0.483333333333333,0.416666666666667,0.383333333333333,0.316666666666667,0,0,0,0,0,0,0,0,2760,4.863992,-13.735162988559
"77",26,26,2,10.3393451808028,32.6028878962786,35.7963999289969,38.1373971469566,41.8270985079824,45.2038977389662,52.1664827581577,54.8775224645538,60.6772482177791,1,1,1,1,1,1,1,1,0.716666666666667,0.683333333333333,0.65,0.616666666666667,0.583333333333333,0.5,0.466666666666667,0.416666666666667,0,0,0,0,0,0,0,0,2770,5.512934,-4.82641118080283
"78",26,26,3,10.5488774380826,32.8124201535584,36.0059321862767,38.3469294042364,42.0366307652622,45.413429996246,52.3760150154376,55.0870547218336,60.8867804750589,1,1,1,1,1,1,1,1,0.716666666666667,0.666666666666667,0.65,0.616666666666667,0.566666666666667,0.5,0.466666666666667,0.416666666666667,0,0,0,0,0,0,0,0,2780,5.738346,-4.81053143808264
"79",27,27,1,10.6193891060966,32.9248182782535,36.1243385597545,38.4697401117329,42.1663832482974,45.5495355631779,52.5252199358516,55.2413601713357,61.0519974836344,1,1,1,1,1,1,1,1,0.7,0.666666666666667,0.65,0.616666666666667,0.566666666666667,0.5,0.466666666666667,0.4,0,0,0,0,0,0,0,0,2790,5.559663,-5.05972610609658
"80",27,27,2,10.562483085535,32.8679122576919,36.0674325391929,38.4128340911713,42.1094772277358,45.4926295426163,52.46831391529,55.1844541507741,60.9950914630728,1,1,1,1,1,1,1,1,0.7,0.666666666666667,0.65,0.616666666666667,0.566666666666667,0.5,0.466666666666667,0.4,0,0,0,0,0,0,0,0,2800,5.461954,-5.10052908553499
"81",27,27,3,10.5313652379331,32.83679441009,36.036314691591,38.3817162435694,42.0783593801339,45.4615116950144,52.4371960676881,55.1533363031722,60.9639736154709,1,1,1,1,1,1,1,1,0.893617021276596,0.851063829787234,0.829787234042553,0.787234042553192,0.723404255319149,0.638297872340426,0.595744680851064,0.51063829787234,0,0,0,0,0,0,0,0,2810,25.257398,14.7260327620669
"82",28,28,1,16.8126566659147,39.1684247657105,42.3751657296151,44.7258603875051,48.4308461141144,51.8216335324603,58.8130606405979,61.5353306656376,67.359081433362,1,1,1,1,1,1,1,1,0.644067796610169,0.610169491525424,0.593220338983051,0.559322033898305,0.508474576271186,0.440677966101695,0.406779661016949,0.338983050847458,0,0,0,0,0,0,0,0,2820,6.495892,-10.3167646659147
"83",28,28,2,10.8512989489079,33.2070670487037,36.4138080126084,38.7645026704983,42.4694883971076,45.8602758154535,52.8517029235912,55.5739729486308,61.3977237163552,1,1,1,1,1,1,1,1,0.7,0.666666666666667,0.65,0.6,0.566666666666667,0.5,0.466666666666667,0.4,0,0,0,0,0,0,0,0,2830,5.519751,-5.33154794890792
"84",28,28,3,10.5411359117169,32.8969040115127,36.1036449754174,38.4543396333073,42.1593253599166,45.5501127782625,52.5415398864002,55.2638099114398,61.0875606791642,1,1,1,1,1,1,1,1,0.7,0.666666666666667,0.65,0.616666666666667,0.566666666666667,0.5,0.466666666666667,0.4,0,0,0,0,0,0,0,0,2840,5.824001,-4.71713491171694
"85",29,29,1,10.6170764834899,33.0052755608716,36.2166684671233,38.5707732214779,42.2811336821835,45.6768400346619,52.6784094387307,55.4046285957246,61.2368277392673,1,1,1,1,1,1,1,1,0.711864406779661,0.677966101694915,0.661016949152542,0.610169491525424,0.576271186440678,0.508474576271186,0.474576271186441,0.406779661016949,0,0,0,0,0,0,0,0,2850,6.451104,-4.16597248348991
"86",29,29,2,10.8145554369419,33.2027545143236,36.4141474205753,38.7682521749298,42.4786126356355,45.8743189881138,52.8758883921827,55.6021075491766,61.4343066927193,1,1,1,1,1,1,1,1,0.7,0.666666666666667,0.65,0.6,0.566666666666667,0.5,0.466666666666667,0.4,0,0,0,0,0,0,0,0,2860,5.407242,-5.4073134369419
"87",29,29,3,10.4858362706992,32.8740353480809,36.0854282543326,38.4395330086871,42.1498934693928,45.5455998218711,52.54716922594,55.2733883829339,61.1055875264766,0,0,0,0,1,1,1,1,0,0,0,0,0.971428571428571,0.857142857142857,0.8,0.685714285714286,0,0,0,0,0,0,0,0,2870,44.045524,33.5596877293008
"88",30,30,1,22.6514539061187,45.3770934625374,48.6368892777018,51.0264756817088,54.792759613835,58.2396468931172,65.3467456845903,68.1140550916359,74.0341585845206,1,1,1,1,1,1,1,1,0.566666666666667,0.533333333333333,0.516666666666667,0.466666666666667,0.433333333333333,0.366666666666667,0.333333333333333,0.266666666666667,1,1,1,1,0,0,0,0,2880,4.875469,-17.7759849061187
"89",30,30,2,10.5412533646022,33.266892921021,36.5266887361854,38.9162751401924,42.6825590723185,46.1294463516008,53.2365451430739,56.0038545501194,61.9239580430041,1,1,1,1,1,1,1,1,0.7,0.666666666666667,0.65,0.6,0.566666666666667,0.483333333333333,0.466666666666667,0.4,1,1,1,1,0,0,0,0,2890,6.043925,-4.49732836460225
"90",30,30,3,10.9025047461471,33.6281443025659,36.8879401177302,39.2775265217373,43.0438104538634,46.4906977331456,53.5977965246187,56.3651059316643,62.285209424549,1,1,1,1,1,1,1,1,0.711864406779661,0.677966101694915,0.644067796610169,0.610169491525424,0.576271186440678,0.491525423728814,0.457627118644068,0.406779661016949,0,0,0,0,0,0,0,0,2900,6.313926,-4.58857874614711
"91",31,31,1,10.9317484132172,33.7356764065584,37.0067020187291,39.4045204015984,43.1837789512846,46.6425405462125,53.7741228578988,56.5509654764265,62.4914633633932,1,1,1,1,1,1,1,1,0.954545454545455,0.909090909090909,0.863636363636364,0.818181818181818,0.772727272727273,0.659090909090909,0.613636363636364,0.545454545454545,0,0,0,0,0,0,0,0,2910,30.819695,19.8879465867828
"92",31,31,2,18.2530086087113,41.0569366020525,44.3279622142232,46.7257805970925,50.5050391467787,53.9638007417066,61.0953830533929,63.8722256719207,69.8127235588873,1,1,1,1,1,1,1,1,0.616666666666667,0.583333333333333,0.566666666666667,0.516666666666667,0.483333333333333,0.4,0.383333333333333,0.316666666666667,0,0,0,0,0,0,0,0,2920,5.874638,-12.3783706087113
"93",31,31,3,10.800508224478,33.6044362178193,36.8754618299899,39.2732802128592,43.0525387625454,46.5113003574733,53.6428826691597,56.4197252876874,62.360223174654,1,1,1,1,1,1,1,1,0.7,0.666666666666667,0.633333333333333,0.6,0.566666666666667,0.483333333333333,0.45,0.4,0,0,0,0,0,0,0,0,2930,5.632016,-5.16849222447804
"94",32,32,1,10.8477971491636,33.8078138295455,37.1012290095673,39.5154600176323,43.3205868960196,46.8030230770231,53.9834197561236,56.7792693509306,62.7604288518005,1,1,1,1,1,1,1,1,0.7,0.666666666666667,0.633333333333333,0.6,0.566666666666667,0.483333333333333,0.45,0.383333333333333,0,0,0,0,0,0,0,0,2940,5.307752,-5.54004514916363
"95",32,32,2,10.7532024550502,33.7132191354321,37.0066343154539,39.4208653235189,43.2259922019062,46.7084283829097,53.8888250620102,56.6846746568172,62.6658341576871,1,1,1,1,1,1,1,1,0.7,0.666666666666667,0.633333333333333,0.6,0.566666666666667,0.483333333333333,0.45,0.383333333333333,0,0,0,0,0,0,0,0,2950,5.384399,-5.36880345505024
"96",32,32,3,10.775562012447,33.7355786928289,37.0289938728507,39.4432248809157,43.248351759303,46.7307879403064,53.911184619407,56.707034214214,62.6881937150839,1,1,1,1,1,1,1,1,0.7,0.666666666666667,0.633333333333333,0.6,0.566666666666667,0.483333333333333,0.45,0.383333333333333,0,0,0,0,0,0,0,0,2960,5.759445,-5.01611701244702
"97",33,33,1,10.7724850285271,33.7188200635575,37.0102727302625,39.4230651221057,43.2259245632698,46.7062855952239,53.8824035474308,56.6765871232996,62.654182510771,1,1,1,1,1,1,1,1,0.7,0.666666666666667,0.633333333333333,0.6,0.566666666666667,0.483333333333333,0.45,0.383333333333333,0,0,0,0,0,0,0,0,2970,5.757661,-5.01482402852712
"98",33,33,2,10.771958404881,33.7182934399113,37.0097461066164,39.4225384984596,43.2253979396236,46.7057589715777,53.8818769237847,56.6760604996534,62.6536558871248,1,1,1,1,1,1,1,1,0.711864406779661,0.677966101694915,0.644067796610169,0.610169491525424,0.576271186440678,0.491525423728814,0.457627118644068,0.389830508474576,0,0,0,0,0,0,0,0,2980,6.451192,-4.32076640488096
"99",33,33,3,10.9766836425186,33.9230186775489,37.214471344254,39.6272637360972,43.4301231772612,46.9104842092153,54.0866021614223,56.880785737291,62.8583811247624,1,1,1,1,1,1,1,1,0.857142857142857,0.816326530612245,0.775510204081633,0.73469387755102,0.673469387755102,0.591836734693878,0.551020408163265,0.469387755102041,0,0,0,0,0,0,0,0,2990,22.067187,11.0905033574814
