"","train_iter","test_iter","predict_iter","mean","sd"
"1",1,1,1,4.55913955851135,4.09127189298625
"2",1,1,2,4.30782404375895,4.09127189298625
"3",1,1,3,4.480844230465,4.09127189298625
"4",2,2,1,4.47397110118201,4.09112399569301
"5",2,2,2,4.12746531035983,4.09112399569301
"6",2,2,3,4.25750272456244,4.09112399569301
"7",3,3,1,4.759448222948,4.09094202338405
"8",3,3,2,4.45737713556321,4.09094202338405
"9",3,3,3,5.11490304956758,4.09094202338405
"10",4,4,1,8.06130026597766,4.0921168701236
"11",4,4,2,16.1310782311475,4.0921168701236
"12",4,4,3,9.7708240440187,4.09211687012359
"13",5,5,1,5.7038269124086,4.11070969264965
"14",5,5,2,5.05051093343626,4.11070969264965
"15",5,5,3,5.43174756965434,4.11070969264965
"16",6,6,1,6.10193568570926,4.11054400379539
"17",6,6,2,4.2200565038726,4.11054400379539
"18",6,6,3,4.33603178396324,4.11054400379539
"19",7,7,1,5.01520544707357,4.105954190104
"20",7,7,2,4.56346103250206,4.105954190104
"21",7,7,3,4.36027572950028,4.105954190104
"22",8,8,1,4.66139323138412,4.09305912343205
"23",8,8,2,4.55633274553561,4.09305912343205
"24",8,8,3,4.18297623539516,4.09305912343205
"25",9,9,1,5.10180422760193,4.09307131994817
"26",9,9,2,4.18174409361936,4.09307131994817
"27",9,9,3,4.45021301622259,4.09307131994817
"28",10,10,1,5.30570494017863,4.09314492964134
"29",10,10,2,4.49656544368946,4.09314492964134
"30",10,10,3,4.96472322399913,4.09314492964134
"31",11,11,1,5.20486205075903,4.09303402175537
"32",11,11,2,14.2629678380032,4.09303402175537
"33",11,11,3,8.24298630575184,4.09303402175537
"34",12,12,1,5.04170279990071,4.11060875394641
"35",12,12,2,4.76668098456846,4.11060875394641
"36",12,12,3,4.42880219908068,4.11060875394641
"37",13,13,1,4.47172167969498,4.11036193886576
"38",13,13,2,4.98324002278192,4.11036193886576
"39",13,13,3,4.56925989576801,4.11036193886576
"40",14,14,1,4.32480650007539,4.11005522613608
"41",14,14,2,4.693805828653,4.11005522613608
"42",14,14,3,4.6137492254624,4.11005522613608
"43",15,15,1,4.4868144036811,4.09789822992487
"44",15,15,2,4.41665524576619,4.09789822992487
"45",15,15,3,4.33974762275042,4.09789822992487
"46",16,16,1,4.63520271663732,4.09787570587156
"47",16,16,2,4.65082032840568,4.09787570587156
"48",16,16,3,5.13140966688728,4.09787570587156
"49",17,17,1,4.83984291811196,4.09781099954929
"50",17,17,2,4.15468748211253,4.09781099954929
"51",17,17,3,4.21518945377367,4.09781099954929
"52",18,18,1,4.23183988644199,4.09795148245848
"53",18,18,2,4.42419394590991,4.09795148245848
"54",18,18,3,4.21915244605287,4.09795148245848
"55",19,19,1,5.07470816679453,4.0977979626736
"56",19,19,2,4.31524713121012,4.0977979626736
"57",19,19,3,4.54872945081394,4.0977979626736
"58",20,20,1,5.12375735297896,4.09765231301374
"59",20,20,2,4.56994213349949,4.09765231301374
"60",20,20,3,4.51775992957125,4.09765231301374
"61",21,21,1,17.4241613323791,4.1190304304495
"62",21,21,2,4.25569945325134,4.1190304304495
"63",21,21,3,4.54746275735224,4.1190304304495
"64",22,22,1,4.34988792107106,4.12610959074396
"65",22,22,2,4.46671237883093,4.12610959074396
"66",22,22,3,4.31661388921334,4.12610959074396
"67",23,23,1,4.45727363453535,4.12587160937875
"68",23,23,2,4.7599676794703,4.12587160937875
"69",23,23,3,4.33670848082202,4.12587160937875
"70",24,24,1,4.18267329100602,4.12479667800144
"71",24,24,2,14.4540888875862,4.12479667800144
"72",24,24,3,13.7432243590159,4.12479667800144
"73",25,25,1,14.4317818889057,4.14981881786758
"74",25,25,2,14.3949027122046,4.14981881786758
"75",25,25,3,14.4744282266286,4.14981881786758
"76",26,26,1,15.533780482933,4.16066946988327
"77",26,26,2,14.7136270832364,4.16066946988327
"78",26,26,3,10.407165814949,4.16066946988327
"79",27,27,1,7.91833513106632,4.16293014838174
"80",27,27,2,5.35269786399458,4.16293014838174
"81",27,27,3,4.76305255985518,4.16293014838174
"82",28,28,1,4.53439629382721,4.16320295361452
"83",28,28,2,4.46860845287291,4.16320295361452
"84",28,28,3,4.86254896733045,4.16320295361452
"85",29,29,1,4.67140299525406,4.15033738706425
"86",29,29,2,4.75689936422469,4.15033738706425
"87",29,29,3,4.5591303214041,4.15033738706425
"88",30,30,1,4.93488524463159,4.15032930667635
"89",30,30,2,4.24029838034165,4.15032930667635
"90",30,30,3,4.77383825356813,4.15032930667635
"91",31,31,1,4.50809412855929,4.15032583834574
"92",31,31,2,5.11141549567738,4.15032583834574
"93",31,31,3,5.80632373139842,4.15032583834574
"94",32,32,1,4.77649181065428,4.15034000899275
"95",32,32,2,4.37333797772822,4.15034000899275
"96",32,32,3,4.79350690164371,4.15034000899275
"97",33,33,1,4.8044463081769,4.150298224459
"98",33,33,2,5.43214583106187,4.150298224459
"99",33,33,3,4.74488796291858,4.150298224459
"100",34,34,1,4.22977914410441,4.15031279453587
"101",34,34,2,5.34204074137814,4.15031279453587
"102",34,34,3,5.79098231624358,4.15031279453587
"103",35,35,1,4.67393272350703,4.14978288397963
"104",35,35,2,5.18059498459314,4.14978288397963
"105",35,35,3,4.56542561695077,4.14978288397963
"106",36,36,1,4.76636232967634,4.13777119394269
"107",36,36,2,4.47022986889451,4.13777119394269
"108",36,36,3,5.67485228429576,4.13777119394269
"109",37,37,1,4.78834877825074,4.13809953861614
"110",37,37,2,4.69650508610556,4.13809953861614
"111",37,37,3,5.08333193854631,4.13809953861614
"112",38,38,1,15.2270242210148,4.15699799199992
"113",38,38,2,14.7130667749665,4.15699799199992
"114",38,38,3,13.5338138889599,4.15699799199992
"115",39,39,1,8.5822091029251,4.16125210713338
"116",39,39,2,5.41666271066051,4.16125210713338
"117",39,39,3,4.59500820252597,4.16125210713338
"118",40,40,1,4.37472328547075,4.16205954725623
"119",40,40,2,4.51641202644649,4.16205954725623
"120",40,40,3,4.33260539912586,4.16205954725623
"121",41,41,1,4.64099984552415,4.162079230869
"122",41,41,2,4.93349073592305,4.162079230869
"123",41,41,3,4.64360932285737,4.162079230869
"124",42,42,1,4.26328918954797,4.15409076558247
"125",42,42,2,4.20424428200778,4.15409076558247
"126",42,42,3,4.16727414952617,4.15409076558247
"127",43,43,1,4.43401596721235,4.14415209945995
"128",43,43,2,4.25345292961538,4.14415209945995
"129",43,43,3,5.19474582217328,4.14415209945995
"130",44,44,1,4.70787579772168,4.13197314915179
"131",44,44,2,4.69206234423244,4.13197314915179
"132",44,44,3,4.32908248634427,4.13197314915179
"133",45,45,1,4.39460991034998,4.12912229805721
"134",45,45,2,4.22711240725762,4.12912229805721
"135",45,45,3,6.43700823991142,4.12912229805721
"136",46,46,1,4.59560240542177,4.12981929237487
"137",46,46,2,4.31704147094552,4.12981929237487
"138",46,46,3,4.49968477648045,4.12981929237487
"139",47,47,1,4.22169178590954,4.12993840255404
"140",47,47,2,4.65427140853094,4.12993840255404
"141",47,47,3,4.53552794805612,4.12993840255404
"142",48,48,1,4.32551656984135,4.12974040849613
"143",48,48,2,13.9334702984319,4.12974040849613
"144",48,48,3,13.7112721127131,4.12974040849613
"145",49,49,1,13.5103395419932,4.15018994676597
"146",49,49,2,14.4108110045112,4.15018994676597
"147",49,49,3,8.10618481394914,4.15018994676597
"148",50,50,1,5.88622781484305,4.15476164223649
"149",50,50,2,6.35704950556353,4.15476164223649
"150",50,50,3,15.0285981173638,4.15476164223649
"151",51,51,1,14.4497705717341,4.17260089366217
"152",51,51,2,14.1303210887478,4.17260089366217
"153",51,51,3,15.3337733820516,4.17260089366217
"154",52,52,1,8.35506434027767,4.1800573356639
"155",52,52,2,5.23941951895021,4.1800573356639
"156",52,52,3,4.94333425761413,4.1800573356639
"157",53,53,1,4.72476576639529,4.16904886842863
"158",53,53,2,5.69447677630167,4.16904886842863
"159",53,53,3,5.08127806328779,4.16904886842863
"160",54,54,1,4.52944735729683,4.16810925439199
"161",54,54,2,4.21552991198083,4.16810925439199
"162",54,54,3,4.48548754883339,4.16810925439199
"163",55,55,1,4.39212926606261,4.16813325070359
"164",55,55,2,5.08026925449991,4.16813325070359
"165",55,55,3,4.44893142502429,4.16813325070359
"166",56,56,1,4.44372544840059,4.16818537791728
"167",56,56,2,4.3785288190184,4.16818537791728
"168",56,56,3,4.35405603634648,4.16818537791728
"169",57,57,1,4.39186362876444,4.16813451017769
"170",57,57,2,4.44303438812821,4.16813451017769
"171",57,57,3,4.54968216866169,4.16813451017769
"172",58,58,1,4.21668109591971,4.16800537175182
"173",58,58,2,5.02890927222683,4.16800537175182
"174",58,58,3,4.58324988023649,4.16800537175182
"175",59,59,1,4.35879612626176,4.16786290825162
"176",59,59,2,4.32584600906677,4.16786290825162
"177",59,59,3,4.52477826765958,4.16786290825162
"178",60,60,1,4.36059994869127,4.16796204261875
"179",60,60,2,4.30162986272417,4.16796204261875
"180",60,60,3,4.65629665722544,4.16796204261875
"181",61,61,1,4.63032996950002,4.16036570305518
"182",61,61,2,4.58671153320766,4.16036570305518
"183",61,61,3,4.85057962682347,4.16036570305518
"184",62,62,1,4.30237578531886,4.1514915961438
"185",62,62,2,6.4006250585025,4.1514915961438
"186",62,62,3,4.47971216612413,4.1514915961438
"187",63,63,1,4.51490705950915,4.15222480759782
"188",63,63,2,4.2787762158967,4.15222480759782
"189",63,63,3,5.1038691694277,4.15222480759782
"190",64,64,1,4.41566931922834,4.15223509432663
"191",64,64,2,4.7555523811879,4.15223509432663
"192",64,64,3,5.05662286741597,4.15223509432663
"193",65,65,1,4.19815899831273,4.15223153676877
"194",65,65,2,4.46535326995637,4.15223153676877
"195",65,65,3,4.34696730518211,4.15223153676877
"196",66,66,1,4.43022153539814,4.14658036727982
"197",66,66,2,4.58861978457173,4.14658036727982
"198",66,66,3,4.59811079584739,4.14658036727982
"199",67,67,1,4.21982581796784,4.13603843900856
"200",67,67,2,4.78408174051524,4.13603843900856
"201",67,67,3,5.19309459592956,4.13603843900856
"202",68,68,1,6.71548261925305,4.13606919460648
"203",68,68,2,7.82947091297949,4.13606919460648
"204",68,68,3,4.28982097150089,4.13606919460648
"205",69,69,1,5.96737868672867,4.13783509473954
"206",69,69,2,11.9531375934016,4.13783509473954
"207",69,69,3,11.2454010296502,4.13783509473954
"208",70,70,1,6.74705826752052,4.14642315318104
"209",70,70,2,5.15786814450876,4.14642315318104
"210",70,70,3,5.23737330395566,4.14642315318104
"211",71,71,1,5.64706627653596,4.14630247848697
"212",71,71,2,4.36077883789744,4.14630247848697
"213",71,71,3,4.56107016000152,4.14630247848697
"214",72,72,1,4.95101069866713,4.1460476404974
"215",72,72,2,4.72764623287858,4.1460476404974
"216",72,72,3,4.57242489106113,4.1460476404974
"217",73,73,1,4.49653412956401,4.1369253698878
"218",73,73,2,4.19557925984108,4.1369253698878
"219",73,73,3,4.53762149265931,4.1369253698878
"220",74,74,1,5.39403565827136,4.12718293413496
"221",74,74,2,10.9924163123681,4.12718293413496
"222",74,74,3,13.144886032584,4.12718293413496
"223",75,75,1,6.97437000898356,4.13687477075187
"224",75,75,2,11.6117137890352,4.13687477075187
"225",75,75,3,5.02301510300089,4.13687477075187
"226",76,76,1,5.18216481340577,4.14501114373054
"227",76,76,2,5.00200065728995,4.14501114373054
"228",76,76,3,4.73963797347314,4.14501114373054
"229",77,77,1,5.01918773692101,4.14494959160423
"230",77,77,2,5.85030512866433,4.14494959160423
"231",77,77,3,5.01839616471633,4.14494959160423
"232",78,78,1,4.44520074428332,4.14502558670629
"233",78,78,2,4.49503083712988,4.14502558670629
"234",78,78,3,4.38515313505315,4.14502558670629
"235",79,79,1,4.16122776751016,4.12611116327082
"236",79,79,2,4.79497739677315,4.12611116327082
"237",79,79,3,4.31609919979102,4.12611116327082
"238",80,80,1,6.53634098231084,4.12419468979968
"239",80,80,2,14.4790329392548,4.12419468979968
"240",80,80,3,14.9233139946314,4.12419468979968
"241",81,81,1,11.1242895403282,4.14086862855629
"242",81,81,2,6.6929381081029,4.14086862855629
"243",81,81,3,6.4739930182913,4.14086862855629
"244",82,82,1,5.63833007405041,4.14173964263315
"245",82,82,2,4.74257932988546,4.14173964263316
"246",82,82,3,4.80721690704677,4.14173964263316
"247",83,83,1,4.61794425109344,4.13538950140283
"248",83,83,2,4.77847740349075,4.13538950140283
"249",83,83,3,4.51488578454851,4.13538950140283
"250",84,84,1,4.48573082472063,4.12103170122341
"251",84,84,2,4.50195054113225,4.1210317012234
"252",84,84,3,4.82254950868008,4.1210317012234
"253",85,85,1,4.64882984513478,4.12109349406984
"254",85,85,2,4.8943541464019,4.12109349406984
"255",85,85,3,4.51101840590621,4.12109349406984
"256",86,86,1,4.9347288042921,4.12106466077148
"257",86,86,2,4.70484835002986,4.12106466077148
"258",86,86,3,4.52687033280246,4.12106466077148
"259",87,87,1,4.34145743172992,4.12117929261739
"260",87,87,2,4.25192729273069,4.12117929261739
"261",87,87,3,4.24255771545907,4.12117929261739
"262",88,88,1,4.42528967891825,4.12082181091855
"263",88,88,2,4.20759045027397,4.12082181091855
"264",88,88,3,4.58787098285836,4.12082181091855
"265",89,89,1,4.37638957698698,4.11941733941389
"266",89,89,2,13.3238345346527,4.11941733941389
"267",89,89,3,10.7830542955013,4.11941733941389
"268",90,90,1,5.21395196183833,4.13151991458657
"269",90,90,2,4.92433037521684,4.13151991458657
"270",90,90,3,4.6834885878,4.13151991458657
"271",91,91,1,4.43506767530759,4.13167473125691
"272",91,91,2,4.98561258556567,4.13167473125691
"273",91,91,3,4.79791333520436,4.13167473125691
"274",92,92,1,4.68728955670917,4.12938886363571
"275",92,92,2,5.05568210840925,4.12938886363571
"276",92,92,3,4.1209464267227,4.12938886363571
"277",93,93,1,4.93879709400459,4.12937348474366
"278",93,93,2,4.05840978417616,4.12937348474366
"279",93,93,3,4.84461039122124,4.12937348474366
"280",94,94,1,4.30652407476077,4.11523584106622
"281",94,94,2,4.17116726916262,4.11523584106622
"282",94,94,3,4.71835103888794,4.11523584106622
"283",95,95,1,4.15601653675416,4.10965647127196
"284",95,95,2,4.1121777622406,4.10965647127196
"285",95,95,3,4.0854126280455,4.10965647127196
"286",96,96,1,4.66846298654938,4.10939113615319
"287",96,96,2,4.17743336811152,4.10939113615319
"288",96,96,3,13.0316056839319,4.10939113615319
"289",97,97,1,14.6445709521674,4.12668273341767
"290",97,97,2,12.1345120311463,4.12668273341767
"291",97,97,3,6.10840934228003,4.12668273341767
"292",98,98,1,4.25325373090589,4.12870970988044
"293",98,98,2,5.14790155439031,4.12870970988044
"294",98,98,3,4.9265170509766,4.12870970988044
"295",99,99,1,4.85809658926216,4.12872872051797
"296",99,99,2,4.49628179072462,4.12872872051797
"297",99,99,3,8.33528324592139,4.12872872051797
"298",100,100,1,4.15416496879897,4.13236590626848
"299",100,100,2,4.43275559900358,4.13236590626848
"300",100,100,3,5.29822751046152,4.13236590626848
"301",101,101,1,5.0744770041488,4.12839998802409
"302",101,101,2,4.49844552343342,4.12839998802409
"303",101,101,3,4.59079486347918,4.12839998802409
"304",102,102,1,4.4970862610664,4.11850899846601
"305",102,102,2,4.68328734200796,4.11850899846601
"306",102,102,3,15.1186839948332,4.11850899846601
"307",103,103,1,14.6269571596345,4.13987129328379
"308",103,103,2,13.4403994246274,4.13987129328379
"309",103,103,3,9.04891891925215,4.13987129328378
"310",104,104,1,10.2185090745051,4.1420437596833
"311",104,104,2,11.4235326056242,4.1420437596833
"312",104,104,3,10.4533071021215,4.1420437596833
"313",105,105,1,8.4772819082107,4.08671334888416
"314",105,105,2,5.94549930374791,4.08671334888416
"315",105,105,3,5.54468662453816,4.08671334888416
"316",106,106,1,4.52172304205908,4.0710879460931
"317",106,106,2,4.26144022508092,4.0710879460931
"318",106,106,3,4.40697706312177,4.0710879460931
"319",107,107,1,4.83504192739566,4.07123341342837
"320",107,107,2,4.77852422991788,4.07123341342837
"321",107,107,3,4.52758150634639,4.07123341342837
"322",108,108,1,5.33214538158006,4.07116961556382
"323",108,108,2,6.05083266005148,4.07116961556382
"324",108,108,3,4.50599909205778,4.07116961556382
"325",109,109,1,4.45093937747664,4.07140949195909
"326",109,109,2,9.98729567797248,4.07140949195909
"327",109,109,3,5.01642573022782,4.07140949195909
"328",110,110,1,4.9568890862212,4.0776263818553
"329",110,110,2,4.45034108140232,4.0776263818553
"330",110,110,3,4.15197068950826,4.0776263818553
"331",111,111,1,5.4682499442201,4.07736131491211
"332",111,111,2,4.33591890782551,4.07736131491211
"333",111,111,3,5.40695316468768,4.07736131491211
"334",112,112,1,4.19962415836018,4.07782860352373
"335",112,112,2,5.8011998592681,4.07782860352373
"336",112,112,3,13.1932663544844,4.07782860352373
"337",113,113,1,7.35884479149906,4.08884220752961
"338",113,113,2,6.33119542965757,4.08884220752961
"339",113,113,3,6.11277462815273,4.08884220752961
"340",114,114,1,6.24071012306934,4.08874332090035
"341",114,114,2,4.93999902044297,4.08874332090035
"342",114,114,3,7.97478735932228,4.08874332090035
"343",115,115,1,4.53489014324999,4.08884610605218
"344",115,115,2,4.820541308884,4.08884610605218
"345",115,115,3,4.66942330873398,4.08884610605218
"346",116,116,1,5.33484402254898,4.08205787881233
"347",116,116,2,9.23682406726071,4.08205787881233
"348",116,116,3,5.08427718845154,4.08205787881233
"349",117,117,1,15.4229409001164,4.10438119424129
"350",117,117,2,10.4280425742457,4.10438119424129
"351",117,117,3,8.97498398054118,4.10438119424129
"352",118,118,1,4.74993328150183,4.10601303251077
"353",118,118,2,4.88344679951243,4.10601303251077
"354",118,118,3,4.69348939130898,4.10601303251077
"355",119,119,1,6.5584788842473,4.10630102100406
"356",119,119,2,4.77287074206388,4.10630102100406
"357",119,119,3,4.75108806986493,4.10630102100406
"358",120,120,1,4.88616762762624,4.1065198362291
"359",120,120,2,4.92321755476538,4.1065198362291
"360",120,120,3,8.08904115811075,4.1065198362291
"361",121,121,1,4.29840391788062,4.10292757943472
"362",121,121,2,6.79048306029902,4.10292757943472
"363",121,121,3,9.93220249701271,4.10292757943472
"364",122,122,1,12.8098429734695,4.10350565504852
"365",122,122,2,9.04315189892024,4.10350565504852
"366",122,122,3,7.56173673958696,4.10350565504852
"367",123,123,1,6.65293232160953,4.1033558809955
"368",123,123,2,5.40024870568585,4.1033558809955
"369",123,123,3,5.90561619547288,4.1033558809955
"370",124,124,1,4.60154398612551,4.10364815231987
"371",124,124,2,7.94914840798833,4.10364815231987
"372",124,124,3,4.68986048533675,4.10364815231987
"373",125,125,1,6.4873679028759,4.10600105460135
"374",125,125,2,4.42950006533175,4.10600105460136
"375",125,125,3,4.72258629693954,4.10600105460135
"376",126,126,1,6.63255609076325,4.10686113699009
"377",126,126,2,5.03529273112983,4.10686113699009
"378",126,126,3,6.05152190615445,4.10686113699009
"379",127,127,1,4.79243528622073,4.09089842016768
"380",127,127,2,6.0001738336156,4.09089842016768
"381",127,127,3,4.51061597924857,4.09089842016768
"382",128,128,1,12.740421980178,4.10216831871379
"383",128,128,2,12.6993827786078,4.10216831871379
"384",128,128,3,5.69402565272177,4.10216831871379
"385",129,129,1,7.31369837333927,4.10722183835607
"386",129,129,2,5.47249034389414,4.10722183835607
"387",129,129,3,5.93248994763144,4.10722183835607
"388",130,130,1,5.30283242663465,4.1072014480867
"389",130,130,2,5.16693893423355,4.1072014480867
"390",130,130,3,4.88537331736039,4.1072014480867
"391",131,131,1,4.80212489167864,4.1061313374831
"392",131,131,2,4.60693166407287,4.1061313374831
"393",131,131,3,5.22014807398423,4.1061313374831
"394",132,132,1,5.78265815284641,4.10597797126546
"395",132,132,2,14.3565313064119,4.10597797126546
"396",132,132,3,13.9342357759816,4.10597797126546
"397",133,133,1,5.78969264459504,4.12531379489506
"398",133,133,2,6.39392313502751,4.12531379489506
"399",133,133,3,4.64532285177478,4.12531379489506
"400",134,134,1,5.25429631843862,4.12529248838929
"401",134,134,2,6.14789110218638,4.12529248838929
"402",134,134,3,4.98393747629608,4.12529248838929
"403",135,135,1,5.79392054885027,4.11703152712476
"404",135,135,2,4.55498166709796,4.11703152712476
"405",135,135,3,7.51582435896873,4.11703152712476
"406",136,136,1,4.43601315462654,4.1164831625222
"407",136,136,2,8.27320625722315,4.1164831625222
"408",136,136,3,5.16494156809358,4.11648316252221
"409",137,137,1,4.77834865242855,4.11903088486285
"410",137,137,2,6.29202797759592,4.11903088486285
"411",137,137,3,4.4773210670045,4.11903088486285
"412",138,138,1,4.44787611325116,4.11952849180023
"413",138,138,2,13.827222064493,4.11952849180023
"414",138,138,3,15.2259876840509,4.11952849180023
"415",139,139,1,6.69837320886076,4.14195935310888
"416",139,139,2,9.01657776824655,4.14195935310888
"417",139,139,3,9.24679753935282,4.14195935310888
"418",140,140,1,5.06189931684358,4.14490709337372
"419",140,140,2,5.30827503443283,4.14490709337373
"420",140,140,3,4.80449809379835,4.14490709337372
"421",141,141,1,15.5858689774097,4.16469828164702
"422",141,141,2,4.59655420110402,4.16469828164701
"423",141,141,3,6.06483575516037,4.16469828164702
"424",142,142,1,5.28310546410583,4.17314436931565
"425",142,142,2,5.52319389956594,4.17314436931565
"426",142,142,3,5.09769808568016,4.17314436931565
"427",143,143,1,4.90538384474571,4.17271924040614
"428",143,143,2,5.1571331573037,4.17271924040614
"429",143,143,3,5.04518518576425,4.17271924040614
"430",144,144,1,4.6028205121495,4.17269979771653
"431",144,144,2,4.85469492935207,4.17269979771653
"432",144,144,3,12.9633716963441,4.17269979771653
"433",145,145,1,7.56451496916749,4.17808946210752
"434",145,145,2,6.55738014721078,4.17808946210752
"435",145,145,3,5.15826449581233,4.17808946210752
"436",146,146,1,7.0951417324365,4.17433437721508
"437",146,146,2,4.90566281499856,4.17433437721508
"438",146,146,3,4.61271027785922,4.17433437721508
"439",147,147,1,8.54983236016624,4.17593531560865
"440",147,147,2,5.10900037678651,4.17593531560865
"441",147,147,3,5.76802657984374,4.17593531560865
"442",148,148,1,4.68214964449257,4.17677140435178
"443",148,148,2,4.91257915791009,4.17677140435178
"444",148,148,3,4.34505148922242,4.17677140435178
"445",149,149,1,6.8140058241641,4.17738806128474
"446",149,149,2,13.8260159306046,4.17738806128474
"447",149,149,3,8.70028503774512,4.17738806128474
"448",150,150,1,9.5709447264107,4.18889464228828
"449",150,150,2,4.85616964937113,4.18889464228828
"450",150,150,3,5.25817331021999,4.18889464228828
"451",151,151,1,5.22941084225788,4.19038502558198
"452",151,151,2,4.74819580132525,4.19038502558198
"453",151,151,3,9.44281768820043,4.19038502558198
"454",152,152,1,4.98393361784288,4.19456335076217
"455",152,152,2,5.21464080630607,4.19456335076217
"456",152,152,3,4.47575361330363,4.19456335076217
"457",153,153,1,5.2546175389147,4.19452159303907
"458",153,153,2,5.39399626587722,4.19452159303907
"459",153,153,3,4.89683948736549,4.19452159303907
"460",154,154,1,4.97283471716123,4.19430287506034
"461",154,154,2,4.94701502660115,4.19430287506034
"462",154,154,3,14.1390729173674,4.19430287506034
"463",155,155,1,12.6794941676946,4.20971741456893
"464",155,155,2,7.78404718988169,4.20971741456893
"465",155,155,3,9.36456323079965,4.20971741456893
"466",156,156,1,5.95775476855151,4.2069480361227
"467",156,156,2,5.53062238355339,4.2069480361227
"468",156,156,3,5.01464880223017,4.2069480361227
"469",157,157,1,5.97782753308732,4.19949788548157
"470",157,157,2,4.81316318478123,4.19949788548157
"471",157,157,3,4.99568053566705,4.19949788548157
"472",158,158,1,5.32550434336321,4.19948178916298
"473",158,158,2,5.05386949438555,4.19948178916298
"474",158,158,3,9.38296213894156,4.19948178916298
"475",159,159,1,5.15597442343516,4.20358669434028
"476",159,159,2,4.74428961345435,4.20358669434028
"477",159,159,3,6.2578763516866,4.20358669434028
"478",160,160,1,15.1440187502069,4.21892198833909
"479",160,160,2,11.2955171402472,4.21892198833909
"480",160,160,3,5.26991254294766,4.21892198833909
"481",161,161,1,6.08329333470405,4.22139351002945
"482",161,161,2,5.80715856964007,4.22139351002946
"483",161,161,3,4.95898678525823,4.22139351002946
"484",162,162,1,5.51181632548837,4.22100432016805
"485",162,162,2,4.86365917296933,4.22100432016805
"486",162,162,3,5.4058428607221,4.22100432016805
"487",163,163,1,5.07008245464942,4.20906630143659
"488",163,163,2,5.30848232667818,4.20906630143659
"489",163,163,3,5.48540315236387,4.20906630143659
"490",164,164,1,14.5801628941847,4.22106627835447
"491",164,164,2,12.804605213433,4.22106627835447
"492",164,164,3,6.94835496845828,4.22106627835447
"493",165,165,1,5.14514566387044,4.22326943005961
"494",165,165,2,5.08722567630882,4.22326943005961
"495",165,165,3,5.47478195210923,4.22326943005961
"496",166,166,1,4.76795049894607,4.2228177984146
"497",166,166,2,5.54766590462624,4.2228177984146
"498",166,166,3,5.02983792881916,4.22281779841459
"499",167,167,1,5.15610098132714,4.22269673792634
"500",167,167,2,6.0466857246219,4.22269673792634
"501",167,167,3,5.72687102492901,4.22269673792634
"502",168,168,1,5.08061388851408,4.22262799980734
"503",168,168,2,5.24688544624126,4.22262799980734
"504",168,168,3,13.228513768243,4.22262799980734
"505",169,169,1,9.44578262489391,4.23362037673055
"506",169,169,2,5.34860944575455,4.23362037673055
"507",169,169,3,5.32694250496998,4.23362037673055
"508",170,170,1,6.4219615763722,4.23481130161325
"509",170,170,2,5.2009413940017,4.23481130161325
"510",170,170,3,5.04002037680643,4.23481130161325
"511",171,171,1,5.11584174117847,4.232016240221
"512",171,171,2,5.10619509921309,4.232016240221
"513",171,171,3,4.80088410562496,4.232016240221
"514",172,172,1,4.8349443540567,4.22091711939278
"515",172,172,2,5.16158887584106,4.22091711939277
"516",172,172,3,5.14364848669904,4.22091711939278
"517",173,173,1,5.52426369142753,4.22056742943799
"518",173,173,2,4.70909576946385,4.22056742943799
"519",173,173,3,5.17483055210717,4.22056742943799
"520",174,174,1,12.3964654408054,4.2297505537118
"521",174,174,2,15.1998431495108,4.2297505537118
"522",174,174,3,14.4146997486669,4.2297505537118
"523",175,175,1,6.14432750361191,4.24188039735867
"524",175,175,2,5.85592971677727,4.24188039735867
"525",175,175,3,5.33098386685449,4.24188039735867
"526",176,176,1,5.17602809880138,4.24172155643923
"527",176,176,2,7.04028812639503,4.24172155643923
"528",176,176,3,5.41099307480998,4.24172155643923
"529",177,177,1,4.33929790684753,4.24217993456659
"530",177,177,2,5.39090928949094,4.24217993456659
"531",177,177,3,4.77189815612848,4.24217993456659
"532",178,178,1,4.94399879453448,4.23381927016411
"533",178,178,2,5.32722235476115,4.23381927016411
"534",178,178,3,4.74950141960023,4.23381927016411
"535",179,179,1,4.80016647869522,4.23224474200735
"536",179,179,2,14.9819116090908,4.23224474200735
"537",179,179,3,15.5770330999757,4.23224474200735
"538",180,180,1,9.16855737430025,4.25522312532761
"539",180,180,2,6.28750976881127,4.25522312532761
"540",180,180,3,5.34853222108755,4.25522312532761
"541",181,181,1,5.56031209119429,4.25552718994281
"542",181,181,2,7.4584340350908,4.25552718994281
"543",181,181,3,5.33394388532063,4.25552718994281
"544",182,182,1,6.79112299239533,4.25659796114233
"545",182,182,2,5.04001909476044,4.25659796114233
"546",182,182,3,6.36393781454063,4.25659796114233
"547",183,183,1,5.5791859784349,4.25680048829834
"548",183,183,2,5.08105167026149,4.25680048829834
"549",183,183,3,4.81702167403975,4.25680048829834
"550",184,184,1,6.28751600815228,4.25694350308064
"551",184,184,2,13.4434702778301,4.25694350308064
"552",184,184,3,6.63882985053008,4.25694350308064
"553",185,185,1,5.47146316780879,4.26310288924389
"554",185,185,2,5.8724901314936,4.26310288924389
"555",185,185,3,4.79597954546116,4.26310288924389
"556",186,186,1,5.87280521837465,4.25349213461317
"557",186,186,2,5.13837945033706,4.25349213461317
"558",186,186,3,5.95030857472731,4.25349213461317
"559",187,187,1,6.32667809637543,4.25334319349903
"560",187,187,2,6.01750739697921,4.25334319349903
"561",187,187,3,4.47122669908014,4.25334319349903
"562",188,188,1,6.1565620000289,4.25341549832876
"563",188,188,2,4.4328128106107,4.25341549832876
"564",188,188,3,5.58434545524307,4.25341549832876
"565",189,189,1,5.32898415491232,4.25362622299575
"566",189,189,2,4.62515239242842,4.25362622299575
"567",189,189,3,4.84208100984691,4.25362622299575
"568",190,190,1,6.54672256155482,4.25395624990973
"569",190,190,2,15.5356082504862,4.25395624990973
"570",190,190,3,8.72585969851961,4.25395624990973
"571",191,191,1,12.6203711781148,4.27633207890216
"572",191,191,2,5.72083506437478,4.27633207890216
"573",191,191,3,6.09998989509681,4.27633207890216
"574",192,192,1,7.01758159826854,4.27440389485579
"575",192,192,2,4.85082900816915,4.27440389485579
"576",192,192,3,6.95995598654003,4.27440389485579
"577",193,193,1,5.06777584306074,4.26706434145162
"578",193,193,2,5.34212111921235,4.26706434145162
"579",193,193,3,4.84567988930435,4.26706434145162
"580",194,194,1,4.70464239365188,4.26665280922196
"581",194,194,2,4.76273069217088,4.26665280922196
"582",194,194,3,5.82445476261447,4.26665280922196
"583",195,195,1,5.43516685466344,4.26666331427243
"584",195,195,2,4.8790658628148,4.26666331427243
"585",195,195,3,5.09452419311832,4.26666331427243
"586",196,196,1,4.37181355214045,4.26675928334621
"587",196,196,2,5.08792583939122,4.26675928334621
"588",196,196,3,5.09068928322016,4.26675928334621
"589",197,197,1,4.86550487575244,4.26671567681556
"590",197,197,2,4.35915871877348,4.26671567681556
"591",197,197,3,4.44652685717498,4.26671567681556
"592",198,198,1,5.55606711701615,4.2668625746422
"593",198,198,2,6.07768583514701,4.2668625746422
"594",198,198,3,14.6497031939806,4.2668625746422
"595",199,199,1,9.29688953253236,4.28142938333904
"596",199,199,2,5.39367798353161,4.28142938333904
"597",199,199,3,4.917944091695,4.28142938333904
"598",200,200,1,4.63623012500172,4.2822867851808
"599",200,200,2,4.7725940315972,4.2822867851808
"600",200,200,3,5.27988893579406,4.2822867851808
"601",201,201,1,7.08129114067008,4.28231448220454
"602",201,201,2,4.95392160881626,4.28231448220454
"603",201,201,3,4.52680470636709,4.28231448220454
"604",202,202,1,4.79940198072853,4.27132561807982
"605",202,202,2,5.18904895186379,4.27132561807982
"606",202,202,3,4.8655523785817,4.27132561807982
"607",203,203,1,21.0046533274856,4.31926442993514
"608",203,203,2,14.6838483785571,4.31926442993514
"609",203,203,3,14.2177915367746,4.31926442993514
"610",204,204,1,6.88266453830622,4.32408174242854
"611",204,204,2,4.95823308831613,4.32408174242854
"612",204,204,3,4.98331989371182,4.32408174242854
"613",205,205,1,4.90219196889589,4.32453285005411
"614",205,205,2,5.82424585899829,4.32453285005411
"615",205,205,3,4.57910632663959,4.32453285005411
"616",206,206,1,5.56555458244729,4.32468068974867
"617",206,206,2,6.03404777858036,4.32468068974867
"618",206,206,3,5.38943041353091,4.32468068974867
"619",207,207,1,5.02485908542857,4.32458016610519
"620",207,207,2,5.11835904768828,4.32458016610519
"621",207,207,3,4.467215405465,4.32458016610519
"622",208,208,1,4.49130453432721,4.32421041792691
"623",208,208,2,4.90393156174732,4.32421041792691
"624",208,208,3,4.82463482043989,4.32421041792691
"625",209,209,1,8.1182814467048,4.31969314144166
"626",209,209,2,12.4144881106993,4.31969314144166
"627",209,209,3,9.26980935701237,4.31969314144166
"628",210,210,1,5.02260668729935,4.31912149393666
"629",210,210,2,6.01238345269772,4.31912149393666
"630",210,210,3,5.93749767084903,4.31912149393666
"631",211,211,1,4.91723929948551,4.31910264536522
"632",211,211,2,4.99271954084272,4.31910264536522
"633",211,211,3,4.7011224919182,4.31910264536522
"634",212,212,1,5.88562523930633,4.31915102983529
"635",212,212,2,4.6525875391841,4.31915102983529
"636",212,212,3,8.46411833768681,4.31915102983529
"637",213,213,1,8.18397607829121,4.32142194522037
"638",213,213,2,5.30096987085089,4.32142194522037
"639",213,213,3,4.92369225713504,4.32142194522037
"640",214,214,1,7.11664052563411,4.32248113081781
"641",214,214,2,14.0991186994874,4.32248113081782
"642",214,214,3,10.1719260267867,4.32248113081782
"643",215,215,1,8.16634860039554,4.33323627731666
"644",215,215,2,5.24966876130122,4.33323627731666
"645",215,215,3,5.62419309096662,4.33323627731666
"646",216,216,1,6.85147744412546,4.33388131493448
"647",216,216,2,4.72741347366653,4.33388131493448
"648",216,216,3,4.91144983495552,4.33388131493448
"649",217,217,1,4.53615151678694,4.33422422922495
"650",217,217,2,6.85263794280558,4.33422422922495
"651",217,217,3,4.6364767822982,4.33422422922495
"652",218,218,1,5.34417431329993,4.3349748546903
"653",218,218,2,5.46724212287815,4.3349748546903
"654",218,218,3,4.99368213311295,4.3349748546903
"655",219,219,1,4.98244438840224,4.33492644715502
"656",219,219,2,5.62591026948099,4.33492644715502
"657",219,219,3,7.24673479046091,4.33492644715502
"658",220,220,1,6.00244698887014,4.335046960264
"659",220,220,2,14.0949593660009,4.335046960264
"660",220,220,3,10.5907303499562,4.335046960264
"661",221,221,1,5.94746829332885,4.34892645637942
"662",221,221,2,5.61441842719135,4.34892645637942
"663",221,221,3,5.22652706110032,4.34892645637942
"664",222,222,1,5.24166992362838,4.3449423300905
"665",222,222,2,5.19841958908001,4.3449423300905
"666",222,222,3,6.35784959595993,4.3449423300905
"667",223,223,1,5.16922630860582,4.33790467013035
"668",223,223,2,9.48491715143016,4.33790467013035
"669",223,223,3,5.34820264704996,4.33790467013035
"670",224,224,1,5.38522943474477,4.33882107753331
"671",224,224,2,5.46460280710308,4.33882107753331
"672",224,224,3,11.0397781171433,4.33882107753332
"673",225,225,1,10.0263945098511,4.34425926046947
"674",225,225,2,7.13633799911564,4.34425926046947
"675",225,225,3,6.6592903365402,4.34425926046947
"676",226,226,1,5.39510335678747,4.34436485958744
"677",226,226,2,6.18800160429979,4.34436485958744
"678",226,226,3,5.30385454623355,4.34436485958744
"679",227,227,1,5.39114858647272,4.34427963259539
"680",227,227,2,5.3266747450156,4.34427963259539
"681",227,227,3,5.38544446071598,4.34427963259539
"682",228,228,1,5.69993056704434,4.3439628961135
"683",228,228,2,5.96785198896367,4.3439628961135
"684",228,228,3,7.60596268190794,4.3439628961135
"685",229,229,1,10.1450382305112,4.34633887749634
"686",229,229,2,13.6731916585902,4.34633887749634
"687",229,229,3,10.1515002742625,4.34633887749634
"688",230,230,1,6.08747971722372,4.35280955690371
"689",230,230,2,5.10122696702444,4.35280955690371
"690",230,230,3,6.02011722404636,4.35280955690371
"691",231,231,1,5.36677292445086,4.34622638923489
"692",231,231,2,6.2868276619698,4.34622638923489
"693",231,231,3,6.46264307543275,4.34622638923489
"694",232,232,1,4.84461213663771,4.34364737107378
"695",232,232,2,5.45710616711019,4.34364737107378
"696",232,232,3,5.42749604533425,4.34364737107378
"697",233,233,1,5.45184768121371,4.34330704432926
"698",233,233,2,4.95232355519427,4.34330704432926
"699",233,233,3,4.95006323350174,4.34330704432926
"700",234,234,1,5.3943493767739,4.34332241301843
"701",234,234,2,5.19740550622407,4.34332241301843
"702",234,234,3,14.3386149288237,4.34332241301843
"703",235,235,1,10.181210616617,4.35834377929871
"704",235,235,2,6.01252236834381,4.35834377929871
"705",235,235,3,10.255378652047,4.35834377929871
"706",236,236,1,6.34752355406821,4.36330705460204
"707",236,236,2,5.08022050066904,4.36330705460203
"708",236,236,3,5.15204236166226,4.36330705460204
"709",237,237,1,5.28717618624707,4.36347997822076
"710",237,237,2,5.88018502515159,4.36347997822076
"711",237,237,3,7.61695232303338,4.36347997822076
"712",238,238,1,6.52241687062568,4.36332151130953
"713",238,238,2,14.9058260954496,4.36332151130953
"714",238,238,3,13.9957914650413,4.36332151130953
"715",239,239,1,6.88780741050941,4.37177439740278
"716",239,239,2,5.69650091992141,4.37177439740278
"717",239,239,3,6.44730856347193,4.37177439740278
"718",240,240,1,5.79805262667961,4.36856598005293
"719",240,240,2,7.01098118496013,4.36856598005293
"720",240,240,3,5.36902052709966,4.36856598005293
"721",241,241,1,5.1894736741961,4.36872344168428
"722",241,241,2,5.67359005208964,4.36872344168427
"723",241,241,3,5.75445307089976,4.36872344168427
"724",242,242,1,5.16963185547667,4.36811449161117
"725",242,242,2,6.11230147368007,4.36811449161117
"726",242,242,3,15.3082466238435,4.36811449161117
"727",243,243,1,14.1780667424916,4.38671440745891
"728",243,243,2,9.73312136040713,4.38671440745891
"729",243,243,3,5.71605928850601,4.38671440745891
"730",244,244,1,5.68874963234546,4.38437480126384
"731",244,244,2,5.33490956683465,4.38437480126384
"732",244,244,3,5.4235601276418,4.38437480126384
"733",245,245,1,5.06653301123363,4.37505960865924
"734",245,245,2,5.05041831486593,4.37505960865924
"735",245,245,3,5.28091634086658,4.37505960865924
"736",246,246,1,5.2691478996787,4.37489563104903
"737",246,246,2,4.93312446105207,4.37489563104903
"738",246,246,3,4.84829893862255,4.37489563104903
"739",247,247,1,4.80545864607907,4.37503723194143
"740",247,247,2,4.43743742612163,4.37503723194144
"741",247,247,3,5.98253151772077,4.37503723194144
"742",248,248,1,15.2012830871284,4.39161040436064
"743",248,248,2,10.189773059301,4.39161040436064
"744",248,248,3,5.96791836677468,4.39161040436064
"745",249,249,1,5.21940583815418,4.39281195101545
"746",249,249,2,6.16641413352504,4.39281195101545
"747",249,249,3,5.4082227445514,4.39281195101545
"748",250,250,1,5.81499830195886,4.3925393424887
"749",250,250,2,6.13713675147081,4.3925393424887
"750",250,250,3,5.50171708864756,4.3925393424887
"751",251,251,1,4.87281399266226,4.39234519252647
"752",251,251,2,5.49357264059755,4.39234519252647
"753",251,251,3,6.66401672335351,4.39234519252647
"754",252,252,1,7.95356890807398,4.39275698604305
"755",252,252,2,14.2228513512388,4.39275698604305
"756",252,252,3,9.3010711942608,4.39275698604305
"757",253,253,1,5.45037640556072,4.39928499244778
"758",253,253,2,6.07668807904985,4.39928499244778
"759",253,253,3,5.39908630989824,4.39928499244778
"760",254,254,1,5.08694252979081,4.39000868058009
"761",254,254,2,5.24880459656615,4.39000868058009
"762",254,254,3,5.79421191343595,4.39000868058009
"763",255,255,1,5.7778619145318,4.38981945338876
"764",255,255,2,5.20424336539702,4.38981945338876
"765",255,255,3,5.11734007655108,4.38981945338876
"766",256,256,1,5.26745322276057,4.38964056662381
"767",256,256,2,5.08930451828868,4.38964056662381
"768",256,256,3,4.69182318517601,4.38964056662381
"769",257,257,1,5.29965659489326,4.38944208174874
"770",257,257,2,13.0961146641529,4.38944208174874
"771",257,257,3,10.3681234603824,4.38944208174874
"772",258,258,1,5.71696452727551,4.40142704299628
"773",258,258,2,5.22805434695509,4.40142704299628
"774",258,258,3,5.5148615202881,4.40142704299628
"775",259,259,1,5.0055731161728,4.39682348784182
"776",259,259,2,5.8371442198283,4.39682348784182
"777",259,259,3,4.93345738525013,4.39682348784182
"778",260,260,1,6.21285205625864,4.38754955753522
"779",260,260,2,5.00204168161826,4.38754955753522
"780",260,260,3,5.84002813765245,4.38754955753522
"781",261,261,1,4.84785182275659,4.38415255940165
"782",261,261,2,5.64447583326869,4.38415255940165
"783",261,261,3,5.31864993933971,4.38415255940165
"784",262,262,1,13.3826718939662,4.39615271384716
"785",262,262,2,12.3147678697672,4.39615271384716
"786",262,262,3,6.13384331858983,4.39615271384716
"787",263,263,1,5.65277308415121,4.39915887329647
"788",263,263,2,5.1467549242638,4.39915887329647
"789",263,263,3,5.2241948741774,4.39915887329647
"790",264,264,1,4.94330328640188,4.39916567061203
"791",264,264,2,4.95636731732171,4.39916567061203
"792",264,264,3,4.82390985267154,4.39916567061203
"793",265,265,1,5.33275115015046,4.39906379706804
"794",265,265,2,5.44862510755908,4.39906379706804
"795",265,265,3,5.32637914440611,4.39906379706804
"796",266,266,1,4.83365772244719,4.39890755646633
"797",266,266,2,5.11602630281445,4.39890755646633
"798",266,266,3,5.65450405472536,4.39890755646633
"799",267,267,1,5.25066552933961,4.38893994519086
"800",267,267,2,5.34908412711525,4.38893994519086
"801",267,267,3,5.62782321327408,4.38893994519086
"802",268,268,1,5.14455102629613,4.38360859477365
"803",268,268,2,15.7739642764893,4.38360859477366
"804",268,268,3,9.92591592196312,4.38360859477366
"805",269,269,1,5.99071113865981,4.40551270380426
"806",269,269,2,5.81870595366307,4.40551270380426
"807",269,269,3,5.53936486537675,4.40551270380426
"808",270,270,1,5.23538453093377,4.40511187927951
"809",270,270,2,5.45371678006358,4.40511187927951
"810",270,270,3,5.46742459243406,4.40511187927951
"811",271,271,1,5.11982211774882,4.4046927181432
"812",271,271,2,5.43188090108344,4.4046927181432
"813",271,271,3,5.25603461400264,4.4046927181432
"814",272,272,1,5.33639922409696,4.40447490337625
"815",272,272,2,6.61553183521904,4.40447490337625
"816",272,272,3,13.1666127353824,4.40447490337625
"817",273,273,1,8.67415390670668,4.41400127996595
"818",273,273,2,5.76811377274834,4.41400127996595
"819",273,273,3,5.77134947240421,4.41400127996595
"820",274,274,1,5.60168420863664,4.41425490835682
"821",274,274,2,5.84111088656008,4.41425490835682
"822",274,274,3,5.3485287119835,4.41425490835682
"823",275,275,1,4.94984417007922,4.40985326417093
"824",275,275,2,4.81242104270492,4.40985326417093
"825",275,275,3,4.89366818828151,4.40985326417093
"826",276,276,1,4.56290183943447,4.39844975365599
"827",276,276,2,4.86835442402229,4.39844975365599
"828",276,276,3,4.83518622005706,4.39844975365599
"829",277,277,1,5.67785119985778,4.39856123670578
"830",277,277,2,4.68434474882441,4.39856123670578
"831",277,277,3,5.35689171481153,4.39856123670578
"832",278,278,1,5.16961672364108,4.39881261913629
"833",278,278,2,5.01623039124881,4.39881261913629
"834",278,278,3,4.5506138642214,4.39881261913629
"835",279,279,1,4.80230952579722,4.39888742062355
"836",279,279,2,14.5002202311267,4.39888742062355
"837",279,279,3,13.1475248012309,4.39888742062355
"838",280,280,1,9.62097997776682,4.4170567259918
"839",280,280,2,6.81858688644826,4.4170567259918
"840",280,280,3,5.09188431007883,4.4170567259918
"841",281,281,1,6.1768756900816,4.41735522503297
"842",281,281,2,5.49802844102091,4.41735522503297
"843",281,281,3,5.73110690816373,4.41735522503297
"844",282,282,1,5.11983345978009,4.41717898059305
"845",282,282,2,5.5212896043946,4.41717898059305
"846",282,282,3,5.26837613619234,4.41717898059305
"847",283,283,1,5.31858760202239,4.41697430662128
"848",283,283,2,4.75345812055894,4.41697430662128
"849",283,283,3,6.59619521130611,4.41697430662128
"850",284,284,1,14.424932096462,4.43025397355429
"851",284,284,2,13.5498725554279,4.43025397355429
"852",284,284,3,6.6910018889576,4.43025397355429
"853",285,285,1,5.1464244143463,4.4336296568406
"854",285,285,2,5.35891000711384,4.4336296568406
"855",285,285,3,4.6839695699238,4.4336296568406
"856",286,286,1,4.99367580881851,4.42758290836586
"857",286,286,2,4.71730578481314,4.42758290836586
"858",286,286,3,4.9056608930438,4.42758290836586
"859",287,287,1,5.35104155521765,4.42762504452614
"860",287,287,2,5.09648031357417,4.42762504452614
"861",287,287,3,5.22803533139864,4.42762504452614
"862",288,288,1,4.78611113713425,4.42775299531759
"863",288,288,2,5.32542556807634,4.42775299531759
"864",288,288,3,4.97067808443232,4.42775299531759
"865",289,289,1,5.36758226507498,4.4274389225488
"866",289,289,2,5.90730392194201,4.4274389225488
"867",289,289,3,13.000100395193,4.4274389225488
"868",290,290,1,6.6531652802375,4.438968237284
"869",290,290,2,5.57505541710893,4.438968237284
"870",290,290,3,5.28906159455619,4.438968237284
"871",291,291,1,5.61144061456118,4.43866688859125
"872",291,291,2,5.36287075460649,4.43866688859125
"873",291,291,3,4.65231674798486,4.43866688859125
"874",292,292,1,4.78038337477561,4.43867525495813
"875",292,292,2,4.58956734880115,4.43867525495813
"876",292,292,3,5.04437775189003,4.43867525495813
"877",293,293,1,4.97858970751666,4.43858369860526
"878",293,293,2,5.38393262644453,4.43858369860526
"879",293,293,3,5.38345319250161,4.43858369860526
"880",294,294,1,6.0054424986831,4.43834125359952
"881",294,294,2,5.76439249615472,4.43834125359952
"882",294,294,3,14.3825365648081,4.43834125359952
"883",295,295,1,10.7343384987137,4.45275582406145
"884",295,295,2,5.29257391628171,4.45275582406145
"885",295,295,3,5.01825288874713,4.45275582406145
"886",296,296,1,4.80303111376246,4.45473583455424
"887",296,296,2,5.08152718839292,4.45473583455424
"888",296,296,3,4.88103943316711,4.45473583455424
"889",297,297,1,5.43382904476962,4.45436377050516
"890",297,297,2,5.9372729837352,4.45436377050516
"891",297,297,3,5.06302118755896,4.45436377050516
"892",298,298,1,4.74977128008771,4.45211265802372
"893",298,298,2,5.61062821174803,4.45211265802372
"894",298,298,3,4.81429811498666,4.45211265802372
"895",299,299,1,4.71537075057243,4.44441883745625
"896",299,299,2,5.45623893669518,4.44441883745625
"897",299,299,3,4.68981375340711,4.44441883745625
"898",300,300,1,5.30149555308796,4.4441003244852
"899",300,300,2,5.35370103126187,4.4441003244852
"900",300,300,3,7.49450737124369,4.4441003244852
"901",301,301,1,12.8548357534585,4.45210581955021
"902",301,301,2,9.31421271351972,4.45210581955021
"903",301,301,3,7.33522721170446,4.45210581955021
"904",302,302,1,5.29989458118516,4.45223239743021
"905",302,302,2,5.7218710908551,4.45223239743021
"906",302,302,3,5.13985374440245,4.45223239743021
"907",303,303,1,5.06817637556236,4.45202403653295
"908",303,303,2,4.66891426131431,4.45202403653295
"909",303,303,3,5.01353856259893,4.45202403653295
"910",304,304,1,4.71483970288096,4.4522205049567
"911",304,304,2,4.7481909898411,4.4522205049567
"912",304,304,3,4.78714393954701,4.4522205049567
"913",305,305,1,4.74176030541148,4.45206336557336
"914",305,305,2,5.18075847732643,4.45206336557336
"915",305,305,3,5.23974355389247,4.45206336557336
"916",306,306,1,5.0193578849174,4.45190291617153
"917",306,306,2,5.15608847880977,4.45190291617153
"918",306,306,3,5.49238104763802,4.45190291617153
"919",307,307,1,12.9106207012836,4.44720151254937
"920",307,307,2,13.8096538366287,4.44720151254937
"921",307,307,3,12.718517211158,4.44720151254937
"922",308,308,1,9.14427436657735,4.45207261651335
"923",308,308,2,5.62001002378103,4.45207261651335
"924",308,308,3,5.15331742873792,4.45207261651335
"925",309,309,1,5.002173230742,4.45299348801723
"926",309,309,2,5.99264516748264,4.45299348801723
"927",309,309,3,5.79843437184291,4.45299348801723
"928",310,310,1,5.15847825955546,4.45256943376469
"929",310,310,2,5.09554878194217,4.45256943376469
"930",310,310,3,4.92622364741506,4.45256943376469
"931",311,311,1,5.19408523685714,4.45251797653484
"932",311,311,2,5.50334922260653,4.45251797653484
"933",311,311,3,4.95728100827843,4.45251797653484
"934",312,312,1,8.19786702474751,4.45378239494114
"935",312,312,2,11.859274277583,4.45378239494114
"936",312,312,3,11.4770773385439,4.45378239494114
"937",313,313,1,9.96977581208206,4.45900405648527
"938",313,313,2,6.66440917423607,4.45900405648527
"939",313,313,3,5.57484795870701,4.45900405648527
"940",314,314,1,5.18259161112479,4.44770721464216
"941",314,314,2,5.30250122394777,4.44770721464216
"942",314,314,3,5.20360736472791,4.44770721464216
"943",315,315,1,5.05663563902471,4.44756520549258
"944",315,315,2,5.34983509429222,4.44756520549259
"945",315,315,3,5.24875919362683,4.44756520549258
"946",316,316,1,5.65710944527337,4.44712152403606
"947",316,316,2,4.85737332526341,4.44712152403606
"948",316,316,3,4.9331724869025,4.44712152403606
"949",317,317,1,5.41225648706842,4.44719023878174
"950",317,317,2,12.8785726030802,4.44719023878174
"951",317,317,3,13.7252669924045,4.44719023878174
"952",318,318,1,5.39111683101855,4.4649695145849
"953",318,318,2,4.97749182987813,4.4649695145849
"954",318,318,3,4.49090048374401,4.4649695145849
"955",319,319,1,4.98050371406084,4.45152487930555
"956",319,319,2,5.15739381980663,4.45152487930555
"957",319,319,3,4.81057456155042,4.45152487930555
"958",320,320,1,5.27167637535021,4.45055188080214
"959",320,320,2,4.55850470518323,4.45055188080214
"960",320,320,3,8.35132203299149,4.45055188080214
"961",321,321,1,6.8051554129821,4.45245530802013
"962",321,321,2,12.5223003091471,4.45245530802013
"963",321,321,3,6.99860892991006,4.45245530802013
"964",322,322,1,8.82930221181498,4.46182471283163
"965",322,322,2,6.10388573533149,4.46182471283163
"966",322,322,3,6.24571018866938,4.46182471283163
"967",323,323,1,5.61441672133437,4.46205149588898
"968",323,323,2,5.28499492892361,4.46205149588898
"969",323,323,3,5.40518301515175,4.46205149588898
"970",324,324,1,13.8469648967925,4.47511343537135
"971",324,324,2,13.8871824455825,4.47511343537135
"972",324,324,3,7.9899957630569,4.47511343537135
"973",325,325,1,6.24009908498138,4.4788133400728
"974",325,325,2,5.66294720231656,4.4788133400728
"975",325,325,3,5.87502321549316,4.4788133400728
"976",326,326,1,6.10288933514959,4.47845933919958
"977",326,326,2,5.81515319247575,4.47845933919958
"978",326,326,3,5.19970769865138,4.47845933919958
"979",327,327,1,5.10821056785418,4.47816761804175
"980",327,327,2,5.48433264224608,4.47816761804175
"981",327,327,3,5.90825116228486,4.47816761804175
"982",328,328,1,12.3030590616703,4.47206530807384
"983",328,328,2,11.6644508213456,4.47206530807384
"984",328,328,3,7.02940602569817,4.47206530807384
"985",329,329,1,6.09957806656399,4.47385914955632
"986",329,329,2,5.84277094086406,4.47385914955632
"987",329,329,3,5.81258897886862,4.47385914955632
"988",330,330,1,5.26922121350783,4.47377896031427
"989",330,330,2,5.60816723658645,4.47377896031427
"990",330,330,3,6.39892510983157,4.47377896031427
"991",331,331,1,6.19703871499013,4.47340890910874
"992",331,331,2,5.18769418736516,4.47340890910874
"993",331,331,3,12.3461366660918,4.47340890910874
"994",332,332,1,14.2009585259333,4.48695264699778
"995",332,332,2,11.0642163311514,4.48695264699778
"996",332,332,3,5.10694341344519,4.48695264699778
"997",333,333,1,5.1341481922207,4.48951563961387
"998",333,333,2,5.3871674066606,4.48951563961387
"999",333,333,3,6.34681738327188,4.48951563961387
