"","train_iter","test_iter","predict_iter","expected","Quantile_0.95","Quantile_0.97","Quantile_0.98","Quantile_0.99","Quantile_0.995","Quantile_0.999","Quantile_0.9995","Quantile_0.9999","score_pred_1_0.95","score_pred_1_0.97","score_pred_1_0.98","score_pred_1_0.99","score_pred_1_0.995","score_pred_1_0.999","score_pred_1_0.9995","score_pred_1_0.9999","score_pred_2_0.95","score_pred_2_0.97","score_pred_2_0.98","score_pred_2_0.99","score_pred_2_0.995","score_pred_2_0.999","score_pred_2_0.9995","score_pred_2_0.9999","adjustment_0.95","adjustment_0.97","adjustment_0.98","adjustment_0.99","adjustment_0.995","adjustment_0.999","adjustment_0.9995","adjustment_0.9999","time","actual","residuals"
"1",1,1,1,43.0939059385901,82.2297573551149,87.8434556782695,91.9585653200465,98.4444874431271,104.380376203336,116.619519643728,121.38510652672,131.580123925144,1,1,1,NA,NA,NA,NA,NA,0.423076923076923,0.269230769230769,0.192307692307692,0,0,0,0,0,0,0,0,0,0,0,0,0,2001,59.033669,15.9397630614099
"2",1,1,2,44.0610133049628,83.1968647214877,88.8105630446422,92.9256726864192,99.4115948094998,105.347483569708,117.5866270101,122.352213893093,132.547231291516,1,1,1,NA,NA,NA,NA,NA,0.161290322580645,0.112903225806452,0.0645161290322581,0,0,0,0,0,0,0,0,0,0,0,0,0,2002,2.004414,-42.0565993049628
"3",1,1,3,32.8364717254942,71.972323142019,77.5860214651736,81.7011311069505,88.1870532300312,94.1229419902398,106.362085430632,111.127672313624,121.322689712048,1,1,1,1,1,NA,NA,NA,0.485714285714286,0.4,0.314285714285714,0.2,0.0857142857142857,0,0,0,0,0,0,0,0,0,0,0,2003,45.044325,12.2078532745058
"4",2,2,1,41.2916341550611,80.4642138825009,86.0831805631828,90.202152163264,96.6941612106273,102.635620698444,114.886250360531,119.656309663323,129.860894906963,1,1,1,1,NA,NA,NA,NA,0.193548387096774,0.129032258064516,0.0967741935483871,0.032258064516129,0,0,0,0,0,0,0,0,0,0,0,0,2004,2.062056,-39.2295781550611
"5",2,2,2,32.8599038007827,72.0324835282226,77.6514502089044,81.7704218089856,88.2624308563489,94.2038903441653,106.454520006253,111.224579309045,121.429164552685,1,1,1,1,1,NA,NA,NA,0.26984126984127,0.222222222222222,0.174603174603175,0.111111111111111,0.0476190476190476,0,0,0,0,0,0,0,0,0,0,0,2005,1.424532,-31.4353718007827
"6",2,2,3,32.7348422210327,71.9074219484725,77.5263886291544,81.6453602292356,88.1373692765989,94.0788287644153,106.329458426503,111.099517729294,121.304102972935,1,1,1,1,1,NA,NA,NA,0.283333333333333,0.233333333333333,0.183333333333333,0.116666666666667,0.05,0,0,0,0,0,0,0,0,0,0,0,2006,5.821678,-26.9131642210327
"7",3,3,1,33.6169990723116,72.7890149097023,78.4079007052492,82.5268130126539,89.0187286074203,94.9601025678115,107.210555881846,111.980546519541,122.184984867978,1,1,1,1,1,NA,NA,NA,1,0.764705882352941,0.647058823529412,0.411764705882353,0.176470588235294,0,0,0,0,0,0,0,0,0,0,0,2007,73.237277,39.6202779276884
"8",3,3,2,46.8009535950665,85.9729694324572,91.5918552280041,95.7107675354088,102.202683130175,108.144057090566,120.394510404601,125.164501042296,135.368939390733,1,1,1,NA,NA,NA,NA,NA,0.129032258064516,0.0806451612903226,0.032258064516129,0,0,0,0,0,0,0,0,0,0,0,0,0,2008,1.903004,-44.8979495950665
"9",3,3,3,32.8506538855619,72.0226697229525,77.6415555184994,81.7604678259041,88.2523834206705,94.1937573810618,106.444210695096,111.214201332791,121.418639681228,1,1,1,1,1,NA,NA,NA,0.566666666666667,0.466666666666667,0.366666666666667,0.233333333333333,0.1,0,0,0,0,0,0,0,0,0,0,0,2009,51.668354,18.8177001144381
"10",4,4,1,42.5699934560005,81.8055661076561,87.433568576758,91.5591638423638,98.0616126064058,104.012626479199,116.28295622209,121.060686196209,131.281681302804,1,1,1,1,NA,NA,NA,NA,0.17741935483871,0.129032258064516,0.0806451612903226,0.0161290322580645,0,0,0,0,0,0,0,0,0,0,0,0,2010,1.999067,-40.5709264560005
"11",4,4,2,33.0089547685285,72.2445274201841,77.872529889286,81.9981251548918,88.5005739189338,94.451587791727,106.721917534618,111.499647508737,121.720642615332,1,1,1,1,1,NA,NA,NA,0.274193548387097,0.225806451612903,0.17741935483871,0.112903225806452,0.0483870967741935,0,0,0,0,0,0,0,0,0,0,0,2011,1.568205,-31.4407497685285
"12",4,4,3,32.9260164277594,72.161589079415,77.789591548517,81.9151868141228,88.4176355781648,94.3686494509579,106.638979193849,111.416709167968,121.637704274563,1,1,1,1,1,NA,NA,NA,0.586206896551724,0.482758620689655,0.379310344827586,0.241379310344828,0.103448275862069,0,0,0,0,0,0,0,0,0,0,0,2012,53.72238,20.7963635722406
"13",5,5,1,42.9652709329387,82.2167005516945,87.8469775651438,91.9742401806562,98.4793168945191,104.432735855981,116.70802462462,121.4876855074,131.71281140583,1,1,1,NA,NA,NA,NA,NA,0.314285714285714,0.2,0.142857142857143,0,0,0,0,0,0,0,0,0,0,0,0,0,2013,44.223768,1.25849706706129
"14",5,5,2,41.1374762369431,80.3889058556988,86.0191828691482,90.1464454846606,96.6515221985234,102.604941159985,114.880229928625,119.659890811404,129.885016709834,1,1,1,1,NA,NA,NA,NA,0.413793103448276,0.275862068965517,0.206896551724138,0.0689655172413793,0,0,0,0,0,0,0,0,0,0,0,0,2014,54.406981,13.2695047630569
"15",5,5,3,43.097007030452,82.3484366492078,87.9787136626572,92.1059762781695,98.6110529920324,104.564471953494,116.839760722133,121.619421604913,131.844547503343,1,1,1,NA,NA,NA,NA,NA,0.17741935483871,0.112903225806452,0.0806451612903226,0,0,0,0,0,0,0,0,0,0,0,0,0,2015,1.857837,-41.239170030452
"16",6,6,1,33.0532711538794,72.2924346920835,77.9209522427045,82.0469250877247,88.5499689636567,94.501527480359,106.772980218507,111.55114745619,121.773078000485,1,1,1,1,1,NA,NA,NA,0.62962962962963,0.518518518518518,0.407407407407407,0.259259259259259,0.111111111111111,0,0,0,0,0,0,0,0,0,0,0,2016,57.400177,24.3469058461206
"17",6,6,2,43.6499564074508,82.889119945655,88.517637496276,92.6436103412961,99.1466542172282,105.09821273393,117.369665472079,122.147832709762,132.369763254057,1,1,1,NA,NA,NA,NA,NA,0.277777777777778,0.194444444444444,0.111111111111111,0,0,0,0,0,0,0,0,0,0,0,0,0,2017,42.326175,-1.32378140745083
"18",6,6,3,40.7740521026321,80.0132156408362,85.6417331914572,89.7677060364774,96.2707499124095,102.222308429112,114.49376116726,119.271928404943,129.493858949238,1,1,1,1,NA,NA,NA,NA,0.315789473684211,0.236842105263158,0.157894736842105,0.0526315789473684,0,0,0,0,0,0,0,0,0,0,0,0,2018,39.993184,-0.780868102632084
"19",7,7,1,40.3515015137685,79.516058159727,85.1338739989826,89.2520019771988,95.7426813720876,101.682923967529,113.931044532675,118.700126861912,128.902622066564,1,1,1,1,NA,NA,NA,NA,0.382352941176471,0.264705882352941,0.176470588235294,0.0588235294117647,0,0,0,0,0,0,0,0,0,0,0,0,2019,45.570509,5.21900748623148
"20",7,7,2,41.4198797030959,80.5844363490543,86.2022521883099,90.3203801665261,96.8110595614149,102.751302156856,114.999422722002,119.768505051239,129.971000255892,1,1,1,1,NA,NA,NA,NA,0.193548387096774,0.129032258064516,0.0967741935483871,0.032258064516129,0,0,0,0,0,0,0,0,0,0,0,0,2020,2.004397,-39.4154827030959
"21",7,7,3,33.0744661124243,72.2390227583828,77.8568385976384,81.9749665758546,88.4656459707434,94.4058885661846,106.654009131331,111.423091460568,121.62558666522,1,1,1,1,1,NA,NA,NA,0.459459459459459,0.378378378378378,0.297297297297297,0.189189189189189,0.0810810810810811,0,0,0,0,0,0,0,0,0,0,0,2021,42.096211,9.02174488757565
"22",8,8,1,40.7604259893963,79.9207564064442,85.5379660298316,89.6556496227921,96.1456286115163,102.085230198169,114.332029074379,119.100596774182,129.301991032369,1,1,1,1,NA,NA,NA,NA,0.352941176470588,0.264705882352941,0.176470588235294,0.0588235294117647,0,0,0,0,0,0,0,0,0,0,0,0,2022,46.462195,5.70176901060366
"23",8,8,2,41.5976554340756,80.7579858511235,86.3751954745109,90.4928790674714,96.9828580561956,102.922459642849,115.169258519058,119.937826218861,130.139220477049,0,0,1,1,NA,NA,NA,NA,0,0,0.857142857142857,0.142857142857143,0,0,0,0,0,0,0,0,0,0,0,0,2023,87.66995,46.0722945659244
"24",8,8,3,49.4997333700302,88.6600637870781,94.2772734104654,98.3949570034259,104.88493599215,110.824537578803,123.071336455013,127.839904154816,138.041298413003,1,1,1,NA,NA,NA,NA,NA,0.259259259259259,0.111111111111111,0.037037037037037,0,0,0,0,0,1,1,0,0,0,0,0,0,2024,57.701781,8.20204762996983
"25",9,9,1,43.8121338010506,82.95824662214,88.5734168547462,92.6896054766228,99.177228205886,105.11467335375,117.357025892649,122.123862310613,132.321552838515,1,1,1,NA,NA,NA,NA,NA,0.158730158730159,0.111111111111111,0.0634920634920635,0,0,0,0,0,1,1,0,0,0,0,0,0,2025,1.511954,-42.3001798010506
"26",9,9,2,32.9474946652459,72.0936074863353,77.7087777189415,81.8249663408181,88.3125890700813,94.2500342179451,106.492386756844,111.259223174809,121.45691370271,1,1,1,1,1,NA,NA,NA,0.739130434782609,0.608695652173913,0.478260869565217,0.304347826086957,0.130434782608696,0,0,0,0,0,0,0,0,0,0,0,2026,62.702945,29.7554503347541
"27",9,9,3,44.7791387736585,83.9252515947479,89.5404218273541,93.6566104492307,100.144233178494,106.081678326358,118.324030865257,123.090867283221,133.288557811123,1,1,1,NA,NA,NA,NA,NA,0.175438596491228,0.105263157894737,0.0701754385964912,0,0,0,0,0,0,0,0,0,0,0,0,0,2027,10.528822,-34.2503167736585
"28",10,10,1,34.8757701400446,74.0318777922663,79.6484816966782,83.7657212686292,90.2550004252861,96.1939615285624,108.439439799175,113.207493291367,123.407787505494,0,1,1,1,1,NA,NA,NA,0,1,0.769230769230769,0.461538461538462,0.153846153846154,0,0,0,0,0,0,0,0,0,0,0,2028,78.869269,43.9934988599554
"29",10,10,2,47.7382762737736,86.8943839259953,92.5109878304072,96.6282274023582,103.117506559015,109.056467662291,121.301945932904,126.069999425096,136.270293639223,1,1,1,NA,NA,NA,NA,NA,0.380952380952381,0.19047619047619,0.0952380952380952,0,0,0,0,0,1,0,0,0,0,0,0,0,2029,66.088444,18.3501677262264
"30",10,10,3,45.3327690350426,84.4888766872642,90.1054805916761,94.2227201636272,100.711999320284,106.65096042356,118.896438694173,123.664492186365,133.864786400492,1,1,1,NA,NA,NA,NA,NA,0.209302325581395,0.13953488372093,0.0697674418604651,0,0,0,0,0,1,0,0,0,0,0,0,0,2030,31.44504,-13.8877290350426
"31",11,11,1,38.8357823790515,78.0269217812543,83.6485506862477,87.7694738242104,94.264558736817,100.208833243621,112.465267162251,117.237586483399,127.447006583067,1,1,1,1,NA,NA,NA,NA,0.5,0.357142857142857,0.25,0.107142857142857,0,0,0,0,0,0,0,0,0,0,0,0,2031,55.61359,16.7778076209485
"32",11,11,2,43.3667973706458,82.5579367728485,88.1795656778419,92.3004888158046,98.7955737284113,104.739848235215,116.996282153845,121.768601474993,131.978021574661,1,1,1,NA,NA,NA,NA,NA,0.34375,0.21875,0.125,0,0,0,0,0,0,0,0,0,0,0,0,0,2032,49.420405,6.0536076293542
"33",11,11,3,42.2057258921865,81.3968652943892,87.0184941993826,91.1394173373454,97.634502249952,103.578776756756,115.835210675386,120.607529996534,130.816950096202,1,1,1,1,NA,NA,NA,NA,0.275,0.2,0.125,0.025,0,0,0,0,0,0,0,0,0,0,0,0,2033,37.075125,-5.13060089218653
"34",12,12,1,39.8756862975953,79.0518458666474,84.671326044548,88.7906740626756,95.2832763914693,101.225278847966,113.477028051175,118.247523272584,128.453041076682,1,1,1,1,NA,NA,NA,NA,0.302325581395349,0.209302325581395,0.162790697674419,0.0697674418604651,0,0,0,0,0,0,0,0,0,0,0,0,2034,32.809356,-7.06633029759534
"35",12,12,2,39.0779396074525,78.2540991765045,83.8735793544051,87.9929273725327,94.4855297013264,100.427532157823,112.679281361032,117.449776582441,127.655294386539,1,1,1,1,NA,NA,NA,NA,0.5,0.384615384615385,0.269230769230769,0.115384615384615,0,0,0,0,0,0,0,0,0,0,0,0,2035,58.805526,19.7275863925475
"36",12,12,3,43.9395152281416,83.1156747971936,88.7351549750942,92.8545029932218,99.3471053220155,105.289107778512,117.540856981721,122.31135220313,132.516870007228,1,1,1,NA,NA,NA,NA,NA,0.454545454545455,0.318181818181818,0.181818181818182,0,0,0,0,0,0,0,0,0,0,0,0,0,2036,64.120877,20.1813617718584
"37",13,13,1,44.9711925038922,84.133313730853,89.7507802303844,93.8686521258571,100.358927902647,106.298801108494,118.546160033319,123.314945800698,133.516806570729,1,1,1,NA,NA,NA,NA,NA,0.37037037037037,0.222222222222222,0.111111111111111,0,0,0,0,0,0,0,0,0,0,0,0,0,2037,56.357722,11.3865294961078
"38",13,13,2,43.5215922217401,82.6837134487009,88.3011799482323,92.419051843705,98.9093276204947,104.849200826342,117.096559751167,121.865345518546,132.067206288577,1,1,1,NA,NA,NA,NA,NA,0.354838709677419,0.225806451612903,0.129032258064516,0,0,0,0,0,0,0,0,0,0,0,0,0,2038,51.507002,7.98540977825989
"39",13,13,3,42.6158258058124,81.7779470327732,87.3954135323046,91.5132854277773,98.003561204567,103.943434410415,116.190793335239,120.959579102618,131.161439872649,1,1,1,1,NA,NA,NA,NA,0.366666666666667,0.266666666666667,0.166666666666667,0.0333333333333333,0,0,0,0,0,0,0,0,0,0,0,0,2039,51.639833,9.02400719418755
"40",14,14,1,42.6622244109204,81.7924610108787,87.4053539373138,91.5198731847348,98.0048647732374,103.939901912098,116.177289403843,120.942192568577,131.135747288905,1,1,1,1,NA,NA,NA,NA,0.17741935483871,0.129032258064516,0.0806451612903226,0.0161290322580645,0,0,0,0,0,0,0,0,0,0,0,0,2040,1.844823,-40.8174014109204
"41",14,14,2,33.4232771394294,72.5535137393876,78.1664066658227,82.2809259132437,88.7659175017463,94.7009546406067,106.938342132352,111.703245297085,121.896800017414,1,1,1,1,1,NA,NA,NA,0.314814814814815,0.240740740740741,0.203703703703704,0.12962962962963,0.0555555555555556,0,0,0,0,0,0,0,0,0,0,0,2041,15.593123,-17.8301541394294
"42",14,14,3,35.9741315076209,75.1043681075791,80.7172610340142,84.8317802814353,91.3167718699378,97.2518090087982,109.489196500543,114.254099665277,124.447654385606,1,1,1,1,1,NA,NA,NA,0.441176470588235,0.352941176470588,0.264705882352941,0.147058823529412,0.0294117647058824,0,0,0,0,0,0,0,0,0,0,0,2042,45.89514,9.92100849237912
"43",15,15,1,41.6018120403492,80.7236003391467,86.335281430082,90.4489123440619,96.9325038091119,102.866259560853,115.101004974657,119.864879386681,130.056233296903,1,1,1,1,NA,NA,NA,NA,0.315789473684211,0.210526315789474,0.157894736842105,0.0263157894736842,0,0,0,0,0,0,0,0,0,0,0,0,2043,39.201218,-2.40059404034925
"44",15,15,2,40.3650554775304,79.4868437763278,85.0985248672631,89.212155781243,95.6957472462931,101.629502998034,113.864248411838,118.628122823862,128.819476734084,1,1,1,1,NA,NA,NA,NA,0.209677419354839,0.145161290322581,0.0967741935483871,0.032258064516129,0,0,0,0,0,0,0,0,0,0,0,0,2044,1.958984,-38.4060714775304
"45",15,15,3,33.4842496788466,72.606037977644,78.2177190685794,82.3313499825592,88.8149414476093,94.7486971993505,106.983442613154,111.747317025178,121.9386709354,1,1,1,1,1,NA,NA,NA,0.485714285714286,0.371428571428571,0.314285714285714,0.2,0.0857142857142857,0,0,0,0,0,0,0,0,0,0,0,2045,44.690663,11.2064133211534
"46",16,16,1,41.3853739985878,80.4463885484246,86.0493521723754,90.1565927656835,96.630112294424,102.554650252242,114.770389598616,119.526863569091,129.702385718777,1,1,1,1,NA,NA,NA,NA,0.666666666666667,0.444444444444444,0.333333333333333,0.111111111111111,0,0,0,0,0,0,0,0,0,0,0,0,2046,70.929966,29.5445920014122
"47",16,16,2,46.2776107122492,85.338625262086,90.9415888860368,95.0488294793449,101.522349008085,107.446886965903,119.662626312277,124.419100282752,134.594622432438,1,1,1,NA,NA,NA,NA,NA,0.243243243243243,0.135135135135135,0.0810810810810811,0,0,0,0,0,0,0,0,0,0,0,0,0,2047,41.618402,-4.65920871224924
"48",16,16,3,40.8125604578413,79.873575007678,85.4765386316289,89.5837792249369,96.0572987536775,101.981836711495,114.197576057869,118.954050028345,129.12957217803,1,1,1,1,NA,NA,NA,NA,0.193548387096774,0.145161290322581,0.0967741935483871,0.032258064516129,0,0,0,0,0,0,0,0,0,0,0,0,2048,2.41852,-38.3940404578413
"49",17,17,1,33.6183874692699,72.6765151878675,78.2790647209247,82.386001765782,88.859042864594,94.7831429653451,106.997979499072,111.754101939055,121.928872059754,1,1,1,1,1,NA,NA,NA,0.26984126984127,0.206349206349206,0.174603174603175,0.111111111111111,0.0476190476190476,0,0,0,0,0,0,0,0,0,0,0,2049,1.559661,-32.0587264692699
"50",17,17,2,33.4599936209156,72.5181213395132,78.1206708725705,82.2276079174277,88.7006490162397,94.6247491169908,106.839585650717,111.595708090701,121.770478211399,1,1,1,1,1,NA,NA,NA,0.274193548387097,0.225806451612903,0.17741935483871,0.112903225806452,0.0483870967741935,0,0,0,0,0,0,0,0,0,0,0,2050,1.954843,-31.5051506209156
"51",17,17,3,33.5328744986619,72.5910022172596,78.1935517503168,82.3004887951741,88.773529893986,94.6976299947372,106.912466528464,111.668588968447,121.843359089146,1,1,1,1,1,NA,NA,NA,0.944444444444444,0.722222222222222,0.611111111111111,0.388888888888889,0.166666666666667,0,0,0,0,0,0,0,0,0,0,0,2051,70.915568,37.3826935013381
"52",18,18,1,46.2830029982986,85.3819475638794,90.9903519194886,95.1015808295919,101.581386439236,107.511677391967,119.73927877498,124.500371497289,134.685774540233,1,1,1,NA,NA,NA,NA,NA,0.145161290322581,0.0806451612903226,0.0483870967741935,0,0,0,0,0,0,0,0,0,0,0,0,0,2052,2.067501,-44.2155019982986
"53",18,18,2,33.4825340018026,72.5814785673834,78.1898829229926,82.3011118330959,88.7809174427402,94.7112083954715,106.938809778484,111.699902500793,121.885305543737,1,1,1,1,1,NA,NA,NA,0.26984126984127,0.206349206349206,0.174603174603175,0.111111111111111,0.0476190476190476,0,0,0,0,0,0,0,0,0,0,0,2053,1.537556,-31.9449780018026
"54",18,18,3,33.3840048079133,72.482949373494,78.0913537291033,82.2025826392066,88.6823882488509,94.6126792015822,106.840280584595,111.601373306904,121.786776349848,1,1,1,1,1,NA,NA,NA,0.274193548387097,0.225806451612903,0.17741935483871,0.112903225806452,0.0483870967741935,0,0,0,0,0,0,0,0,0,0,0,2054,2.255702,-31.1283028079133
"55",19,19,1,33.4638286558723,72.6100689827693,78.2252575049774,82.3414595340078,88.8291033946048,94.7665678817767,107.008960296182,111.775812240575,121.973535984156,0,1,1,1,1,NA,NA,NA,0,0.8125,0.6875,0.4375,0.1875,0,0,0,0,0,0,0,0,0,0,0,2055,73.685554,40.2217253441277
"56",19,19,2,46.789888004374,85.9361283312711,91.5513168534791,95.6675188825095,102.155162743107,108.092627230278,120.335019644684,125.101871589076,135.299595332658,1,1,1,NA,NA,NA,NA,NA,0.45,0.25,0.1,0,0,0,0,0,1,0,0,0,0,0,0,0,2056,67.489586,20.699697995626
"57",19,19,3,45.6339590058173,84.7801993327143,90.3953878549223,94.5115898839527,100.99923374455,106.936698231722,119.179090646127,123.94594259052,134.143666334101,1,1,1,NA,NA,NA,NA,NA,0.183673469387755,0.122448979591837,0.0612244897959184,0,0,0,0,0,1,0,0,0,0,0,0,0,2057,22.953989,-22.6799700058173
"58",20,20,1,37.3521313781812,76.5222806910878,82.1408987498924,86.2596147934463,92.7512210520924,98.6923119093619,110.942181496198,115.711944846527,125.915896959226,1,1,1,1,NA,NA,NA,NA,0.441176470588235,0.323529411764706,0.235294117647059,0.117647058823529,0,0,0,0,0,0,0,0,0,0,0,0,2058,45.885696,8.53356462181876
"59",20,20,2,41.6175573093512,80.7877066222578,86.4063246810623,90.5250407246163,97.0166469832623,102.957737840532,115.207607427368,119.977370777697,130.181322890396,1,1,1,1,NA,NA,NA,NA,0.218181818181818,0.145454545454545,0.109090909090909,0.0181818181818182,0,0,0,0,0,0,0,0,0,0,0,0,2059,13.81637,-27.8011873093512
"60",20,20,3,35.6524830688883,74.8226323817949,80.4412504405994,84.5599664841534,91.0515727427994,96.992663600069,109.242533186905,114.012296537234,124.216248649933,1,1,1,1,1,NA,NA,NA,0.470588235294118,0.352941176470588,0.264705882352941,0.147058823529412,0.0294117647058824,0,0,0,0,0,0,0,0,0,0,0,2060,45.517882,9.86539893111171
"61",21,21,1,41.5721054374659,80.7070393639043,86.3206060810666,90.4356192493502,96.9213893182649,102.857138919138,115.095995428433,119.861470588323,130.056248977576,1,1,1,1,NA,NA,NA,NA,0.363636363636364,0.242424242424242,0.181818181818182,0.0303030303030303,0,0,0,0,0,0,0,0,0,0,0,0,2061,47.205576,5.63347056253414
"62",21,21,2,41.8848683336206,81.019802260059,86.6333689772214,90.7483821455049,97.2341522144196,103.169901815292,115.408758324587,120.174233484478,130.369011873731,1,1,1,1,NA,NA,NA,NA,0.333333333333333,0.222222222222222,0.138888888888889,0.0277777777777778,0,0,0,0,0,0,0,0,0,0,0,0,2062,42.974756,1.08988766637941
"63",21,21,3,41.1008141648499,80.2357480912883,85.8493148084506,89.9643279767342,96.4500980456489,102.385847646522,114.624704155817,119.390179315707,129.58495770496,1,1,1,1,NA,NA,NA,NA,0.375,0.28125,0.1875,0.0625,0,0,0,0,0,0,0,0,0,0,0,0,2063,48.576694,7.47587983515013
"64",22,22,1,42.1364314024134,81.2530423025542,86.863980740574,90.9770672544102,97.4598006774535,103.392771152744,115.625897413712,120.389141372016,130.57914655294,1,1,1,1,NA,NA,NA,NA,0.34375,0.25,0.15625,0.03125,0,0,0,0,0,0,0,0,0,0,0,0,2064,49.716923,7.58049159758659
"65",22,22,2,42.3484961315067,81.4651070316475,87.0760454696673,91.1891319835035,97.6718654065468,103.604835881837,115.837962142805,120.601206101109,130.791211282034,1,1,1,1,NA,NA,NA,NA,0.196428571428571,0.142857142857143,0.0892857142857143,0.0178571428571429,0,0,0,0,0,0,0,0,0,0,0,0,2065,12.365622,-29.9828741315067
"66",22,22,3,35.4017393590983,74.518350259239,80.1292886972588,84.2423752110951,90.7251086341384,96.6580791094289,108.891205370397,113.6544493287,123.844454509625,1,1,1,1,1,NA,NA,NA,0.271186440677966,0.203389830508475,0.169491525423729,0.0847457627118644,0.0338983050847458,0,0,0,0,0,0,0,0,0,0,0,2066,6.285339,-29.1164003590983
"67",23,23,1,34.2467318371509,73.3649548370776,78.9761245168243,83.0893805419176,89.5723811356825,95.5055961244985,107.739226545202,112.502666809484,122.69309194768,1,1,1,1,1,NA,NA,NA,0.5,0.382352941176471,0.294117647058824,0.176470588235294,0.0588235294117647,0,0,0,0,0,0,0,0,0,0,0,2067,46.470713,12.2239811628491
"68",23,23,2,41.7529916799074,80.8712146798341,86.4823843595807,90.5956403846741,97.0786409784391,103.011855967255,115.245486387959,120.008926652241,130.199351790437,1,1,1,1,NA,NA,NA,NA,0.324324324324324,0.216216216216216,0.162162162162162,0.027027027027027,0,0,0,0,0,0,0,0,0,0,0,0,2068,42.12268,0.369688320092564
"69",23,23,3,40.9408189350954,80.059041935022,85.6702116147687,89.783467639862,96.266468233627,102.199683222443,114.433313643147,119.196753907429,129.387179045625,1,1,1,1,NA,NA,NA,NA,0.315789473684211,0.236842105263158,0.157894736842105,0.0526315789473684,0,0,0,0,0,0,0,0,0,0,0,0,2069,40.452111,-0.488707935095348
"70",24,24,1,40.6227640606014,79.7301712815146,85.339789531605,89.4519082844815,95.9331163964723,101.864690913476,114.09493886348,118.857062086411,129.04466967877,1,1,1,1,NA,NA,NA,NA,0.444444444444444,0.333333333333333,0.222222222222222,0.0740740740740741,0,0,0,0,0,0,0,0,0,0,0,0,2070,57.50754,16.8847759393986
"71",24,24,2,43.7968509210957,82.904258142009,88.5138763920994,92.6259951449758,99.1072032569666,105.038777773971,117.269025723974,122.031148946905,132.218756539265,1,1,1,NA,NA,NA,NA,NA,0.27027027027027,0.189189189189189,0.108108108108108,0,0,0,0,0,0,0,0,0,0,0,0,0,2071,41.672428,-2.12442292109568
"72",24,24,3,40.849870171819,79.9572773927322,85.5668956428227,89.6790143956991,96.1602225076899,102.091797024694,114.322044974697,119.084168197629,129.271775789988,1,1,1,1,NA,NA,NA,NA,0.285714285714286,0.214285714285714,0.142857142857143,0.0476190476190476,0,0,0,0,0,0,0,0,0,0,0,0,2072,34.209647,-6.64022317181897
"73",25,25,1,39.4772619465836,78.5567618458806,84.1623770328232,88.2715613487549,94.7481444249252,100.675486128519,112.897006487325,117.655731425538,127.836069069266,1,1,1,1,NA,NA,NA,NA,0.206349206349206,0.158730158730159,0.111111111111111,0.0476190476190476,0,0,0,0,0,0,0,0,0,0,0,0,2073,1.539748,-37.9375139465836
"74",25,25,2,33.408499960441,72.487999859738,78.0936150466807,82.2027993626124,88.6793824387827,94.6067241423763,106.828244501183,111.586969439395,121.767307083124,1,1,1,1,1,NA,NA,NA,0.274193548387097,0.225806451612903,0.17741935483871,0.112903225806452,0.0483870967741935,0,0,0,0,0,0,0,0,0,0,0,2074,2.193366,-31.215133960441
"75",25,25,3,33.5299160710895,72.6094159703865,78.2150311573292,82.3242154732609,88.8007985494312,94.7281402530248,106.949660611831,111.708385550044,121.888723193772,1,1,1,1,1,NA,NA,NA,0.274193548387097,0.209677419354839,0.17741935483871,0.112903225806452,0.0483870967741935,0,0,0,0,0,0,0,0,0,0,0,2075,2.049761,-31.4801550710895
"76",26,26,1,33.2698655130445,72.3129669940188,77.9133611436642,82.0187181892859,88.4892690137458,94.4110900258406,106.621227331852,111.375520021406,121.546375758018,1,1,1,1,1,NA,NA,NA,0.274193548387097,0.225806451612903,0.17741935483871,0.112903225806452,0.0483870967741935,0,0,0,0,0,0,0,0,0,0,0,2076,1.861598,-31.4082675130445
"77",26,26,2,33.2339873975226,72.2770888784969,77.8774830281423,81.982840073764,88.4533908982239,94.3752119103187,106.58534921633,111.339641905885,121.510497642496,1,1,1,1,1,NA,NA,NA,0.435897435897436,0.358974358974359,0.282051282051282,0.179487179487179,0.0769230769230769,0,0,0,0,0,0,0,0,0,0,0,2077,37.568471,4.33448360247738
"78",26,26,3,40.0424211194528,79.0855226004271,84.6859167500725,88.7912737956942,95.2618246201541,101.183645632249,113.39378293826,118.148075627815,128.318931364426,1,1,1,1,NA,NA,NA,NA,0.448275862068966,0.310344827586207,0.241379310344828,0.103448275862069,0,0,0,0,0,0,0,0,0,0,0,0,2078,54.036213,13.9937918805472
"79",27,27,1,43.1669187109595,82.2135644811752,87.8144670283603,91.9201967537194,98.3913349675721,104.313693555979,116.524939284647,121.279663563594,131.451442599155,1,1,1,1,NA,NA,NA,NA,0.282051282051282,0.179487179487179,0.128205128205128,0.0256410256410256,0,0,0,0,0,0,0,0,0,0,0,0,2079,37.594021,-5.57289771095954
"80",27,27,2,40.0179811142549,79.0646268844705,84.6655294316556,88.7712591570147,95.2423973708674,101.164755959274,113.376001687943,118.130725966889,128.30250500245,1,1,1,1,NA,NA,NA,NA,0.40625,0.28125,0.21875,0.09375,0,0,0,0,0,0,0,0,0,0,0,0,2080,48.533855,8.51587388574512
"81",27,27,3,42.1131308719215,81.1597766421372,86.7606791893222,90.8664089146813,97.3375471285341,103.259905716941,115.471151445609,120.225875724556,130.397654760117,1,1,1,1,NA,NA,NA,NA,0.342857142857143,0.228571428571429,0.142857142857143,0.0285714285714286,0,0,0,0,0,0,0,0,0,0,0,0,2081,43.789823,1.6766921280785
"82",28,28,1,41.2273911299204,80.2399376072988,85.8359489067892,89.9380931134064,96.4035801059419,102.32076672027,114.521348412738,119.271920408374,129.434816466532,1,1,1,1,NA,NA,NA,NA,0.375,0.28125,0.1875,0.0625,0,0,0,0,0,0,0,0,0,0,0,0,2082,49.287047,8.0596558700796
"83",28,28,2,42.2851083179309,81.2976547953093,86.8936660947997,90.995810301417,97.4612972939524,103.37848390828,115.579065600748,120.329637596385,130.492533654543,0,0,1,1,NA,NA,NA,NA,0,0,0.714285714285714,0.142857142857143,0,0,0,0,0,0,0,0,0,0,0,0,2083,87.980913,45.6958046820691
"84",28,28,3,49.7301691593256,88.742715636704,94.3387269361944,98.4408711428117,104.906358135347,110.823544749675,123.024126442143,127.774698437779,137.937594495938,1,1,NA,NA,NA,NA,NA,NA,0.25,0.107142857142857,0,0,0,0,0,0,1,1,0,0,0,0,0,0,2084,54.935028,5.20485884067438
"85",29,29,1,43.426090690297,82.423600728262,88.0174551809823,92.1180183156523,98.5810133431093,104.495919321435,116.691798595733,121.440539598665,131.599518615136,1,1,1,NA,NA,NA,NA,NA,0.523809523809524,0.333333333333333,0.238095238095238,0,0,0,0,0,1,1,0,0,0,0,0,0,2085,66.965715,23.5396243097031
"86",29,29,2,45.7603226549641,84.7578326929291,90.3516871456494,94.4522502803194,100.915245307776,106.830151286102,119.0260305604,123.774771563332,133.933750579804,1,1,1,NA,NA,NA,NA,NA,0.145161290322581,0.0967741935483871,0.0483870967741935,0,0,0,0,0,0,0,0,0,0,0,0,0,2086,2.133687,-43.6266356549641
"87",29,29,3,33.1814074116538,72.1789174496188,77.7727719023391,81.8733350370091,88.3363300644662,94.2512360427921,106.44711531709,111.195856320021,121.354835336493,1,1,1,1,1,NA,NA,NA,0.566666666666667,0.466666666666667,0.366666666666667,0.233333333333333,0.1,0,0,0,0,0,0,0,0,0,0,0,2087,52.068457,18.8870495883462
"88",30,30,1,42.9015963985848,81.8882968097871,87.4806007153381,91.5800272246964,98.0412307899819,103.954497229632,116.146995957252,120.894420667995,131.050583741312,0,0,0,0,NA,NA,NA,NA,NA,NA,NA,NA,NA,NA,NA,NA,0,0,0,0,0,0,0,0,2088,99.618913,56.7173166014152
"89",30,30,2,52.1100456395096,91.0967460507119,96.6890499562629,100.788476465621,107.249680030907,113.162946470557,125.355445198177,130.10286990892,140.259032982237,1,1,NA,NA,NA,NA,NA,NA,0.0793650793650794,0.0317460317460317,0,0,0,0,0,0,1,1,1,1,0,0,0,0,2089,1.381994,-50.7280516395096
"90",30,30,3,33.0858393901239,72.0725398013262,77.6648437068772,81.7642702162354,88.225473781521,94.1387402211713,106.331238948791,111.078663659534,121.234826732851,0,0,0,0,0,NA,NA,NA,NA,NA,NA,NA,NA,NA,NA,NA,1,1,1,1,0,0,0,0,2090,99.019614,65.9337746098761
"91",31,31,1,51.8339374345792,90.9533345924038,96.5646726949134,100.678052181956,107.161247367033,113.094640445003,125.328638065765,130.092221307682,140.282952317854,1,1,NA,NA,NA,NA,NA,NA,0.106382978723404,0.0425531914893617,0,0,0,0,0,0,1,1,1,1,1,0,0,0,2091,25.015096,-26.8188414345792
"92",31,31,2,37.7587277293078,76.8781248871324,82.489462989642,86.6028424766842,93.0860376617615,99.0194307397314,111.253428360494,116.017011602411,126.207742612582,1,1,1,1,NA,NA,NA,NA,0.411764705882353,0.323529411764706,0.235294117647059,0.117647058823529,0,0,0,0,1,1,1,1,1,0,0,0,2092,46.345465,8.58673727069222
"93",31,31,3,41.8156343193327,80.9350314771574,86.5463695796669,90.6597490667091,97.1429442517864,103.076337329756,115.310334950519,120.073918192436,130.264649202607,1,1,1,1,NA,NA,NA,NA,0.428571428571429,0.285714285714286,0.178571428571429,0.0357142857142857,0,0,0,0,0,0,1,1,1,0,0,0,2093,55.703791,13.8881566806673
"94",32,32,1,43.5827448795778,82.6760149820857,88.2836053852017,92.3942376291572,98.8731028191033,104.802533103666,117.028359884492,121.788761625365,131.972686452105,1,1,1,NA,NA,NA,NA,NA,0.17741935483871,0.112903225806452,0.0645161290322581,0,0,0,0,0,0,0,0,0,1,0,0,0,2094,2.339659,-41.2430858795778
"95",32,32,2,33.5639571863713,72.6572272888792,78.2648176919951,82.3754499359507,88.8543151258968,94.7837454104591,107.009572191285,111.769973932159,121.953898758898,1,1,1,1,1,NA,NA,NA,0.459459459459459,0.351351351351351,0.297297297297297,0.189189189189189,0.0810810810810811,0,0,0,0,0,0,0,1,0,0,0,2095,40.87031,7.30635281362874
"96",32,32,3,40.7978500200453,79.8911201225532,85.4987105256692,89.6093427696247,96.0882079595708,102.017638244133,114.243465024959,119.003866765833,129.187791592572,1,1,1,1,NA,NA,NA,NA,0.266666666666667,0.2,0.133333333333333,0.0444444444444444,0,0,0,0,0,0,0,0,1,0,0,0,2096,29.466704,-11.3311460200453
"97",33,33,1,38.5883132922757,77.6026927527744,83.1989669777896,87.3013039214047,93.7670946913039,99.6845593214027,111.885714251516,116.636509450175,126.799883006436,1,1,1,1,NA,NA,NA,NA,0.222222222222222,0.158730158730159,0.126984126984127,0.0476190476190476,0,0,0,0,0,0,0,0,1,0,0,0,2097,1.317865,-37.2704482922757
"98",33,33,2,33.1987144955604,72.2130939560592,77.8093681810743,81.9117051246894,88.3774958945886,94.2949605246875,106.496115454801,111.24691065346,121.410284209721,1,1,1,1,1,NA,NA,NA,0.274193548387097,0.225806451612903,0.17741935483871,0.112903225806452,0.0483870967741935,0,0,0,0,0,0,0,1,0,0,0,2098,2.057992,-31.1407224955604
"99",33,33,3,33.340425050252,72.3548045107508,77.9510787357659,82.0534156793811,88.5192064492803,94.4366710793791,106.637826009493,111.388621208152,121.551994764413,1,1,1,1,1,NA,NA,NA,0.274193548387097,0.225806451612903,0.17741935483871,0.112903225806452,0.0483870967741935,0,0,0,0,0,0,0,0,0,0,0,2099,1.755504,-31.584921050252
"100",34,34,1,33.3004248022977,72.321070621696,77.9182437015251,82.021239548754,88.4880688323011,94.4064839057405,106.609598544475,111.36115679994,121.526162763206,1,1,1,1,1,NA,NA,NA,0.274193548387097,0.225806451612903,0.17741935483871,0.112903225806452,0.0483870967741935,0,0,0,0,0,0,0,0,0,0,0,2100,2.009507,-31.2909178022977
"101",34,34,2,33.3488823343804,72.3695281537787,77.9667012336078,82.0696970808367,88.5365263643838,94.4549414378232,106.658056076558,111.409614332023,121.574620295289,1,1,1,1,1,NA,NA,NA,0.447368421052632,0.368421052631579,0.289473684210526,0.184210526315789,0.0789473684210526,0,0,0,0,0,0,0,0,0,0,0,2101,39.279611,5.93072866561958
"102",34,34,3,40.4591025298348,79.4797483492331,85.0769214290622,89.1799172762911,95.6467465598382,101.565161633278,113.768276272013,118.519834527477,128.684840490743,1,1,1,1,NA,NA,NA,NA,0.393939393939394,0.272727272727273,0.181818181818182,0.0606060606060606,0,0,0,0,0,0,0,0,0,0,0,0,2102,46.980485,6.52138247016515
"103",35,35,1,41.9576802046492,80.9514017392381,86.5447127640201,90.6448775399932,97.1072447048391,103.021576065933,115.21627054331,119.964550218806,130.122542317747,1,1,1,1,NA,NA,NA,NA,0.25531914893617,0.170212765957447,0.106382978723404,0.0212765957446809,0,0,0,0,0,0,0,0,0,0,0,0,2103,25.716565,-16.2411152046492
"104",35,35,2,37.8991507166271,76.892872251216,82.486183275998,86.5863480519711,93.048715216817,98.9630465779111,111.157741055288,115.906020730784,126.064012829725,1,1,1,1,NA,NA,NA,NA,0.225806451612903,0.17741935483871,0.129032258064516,0.0645161290322581,0,0,0,0,0,0,0,0,0,0,0,0,2104,2.306087,-35.5930637166271
"105",35,35,3,33.4309193043714,72.4246408389604,78.0179518637424,82.1181166397154,88.5804838045613,94.4948151656554,106.689509643032,111.437789318528,121.595781417469,1,1,1,1,1,NA,NA,NA,0.653846153846154,0.538461538461538,0.423076923076923,0.269230769230769,0.115384615384615,0,0,0,0,0,0,0,0,0,0,0,2105,57.940045,24.5091256956286
"106",36,36,1,44.0547970059433,83.0408704535325,88.6330844265931,92.7324450111301,99.1935446707378,105.106716016347,117.299018670614,122.04636703577,132.202366783013,1,1,1,NA,NA,NA,NA,NA,0.196078431372549,0.137254901960784,0.0784313725490196,0,0,0,0,0,0,0,0,0,0,0,0,0,2106,19.986775,-24.0680220059433
"107",36,36,2,36.7639230844009,75.7499965319901,81.3422105050507,85.4415710895877,91.9026707491954,97.8158420948046,110.008144749072,114.755493114227,124.911492861471,1,1,1,1,1,NA,NA,NA,0.238095238095238,0.174603174603175,0.142857142857143,0.0793650793650794,0.0158730158730159,0,0,0,0,0,0,0,0,0,0,0,2107,1.503735,-35.2601880844009
"108",36,36,3,33.2133063832096,72.1993798307988,77.7915938038594,81.8909543883964,88.3520540480041,94.2652253936132,106.45752804788,111.204876413036,121.360876160279,1,1,1,1,1,NA,NA,NA,0.548387096774194,0.451612903225806,0.354838709677419,0.225806451612903,0.0967741935483871,0,0,0,0,0,0,0,0,0,0,0,2108,50.494205,17.2808986167904
"109",37,37,1,42.6075853027788,81.6213517399153,87.217538032048,91.3198105166503,97.7854996911672,103.702871341598,115.903834557961,120.654555108541,130.81776897021,1,1,1,1,NA,NA,NA,NA,0.458333333333333,0.333333333333333,0.208333333333333,0.0416666666666667,0,0,0,0,0,0,0,0,0,0,0,0,2109,61.544523,18.9369376972212
"110",37,37,2,44.7201728068665,83.733939244003,89.3301255361357,93.432398020738,99.8980871952549,105.815458845685,118.016422062048,122.767142612629,132.930356474297,1,1,1,NA,NA,NA,NA,NA,0.454545454545455,0.272727272727273,0.181818181818182,0,0,0,0,0,0,0,0,0,0,0,0,0,2110,64.346991,19.6268181931335
"111",37,37,3,45.2559455219509,84.2697119590873,89.86589825122,93.9681707358223,100.433859910339,106.35123156077,118.552194777133,123.302915327713,133.466129189382,1,1,1,NA,NA,NA,NA,NA,0.263157894736842,0.157894736842105,0.0789473684210526,0,0,0,0,0,0,0,0,0,0,0,0,0,2111,40.063587,-5.19235852195087
"112",38,38,1,40.6450086081126,79.6403925255638,85.2339420047437,89.3342815792072,95.7969242481086,101.71150774936,113.906722111742,118.655204216204,128.813629371323,1,1,1,1,NA,NA,NA,NA,0.342105263157895,0.236842105263158,0.157894736842105,0.0526315789473684,0,0,0,0,0,0,0,0,0,0,0,0,2112,39.071289,-1.57371960811255
"113",38,38,2,40.4540331643112,79.4494170817624,85.0429665609424,89.1433061354058,95.6059488043073,101.520532305559,113.715746667941,118.464228772403,128.622653927522,0,0,0,1,NA,NA,NA,NA,0,0,0,0.5,0,0,0,0,0,0,0,0,0,0,0,0,2113,93.410268,52.9562348356888
"114",38,38,3,50.911990985689,89.9073749031402,95.5009243823202,99.6012639567836,106.063906625685,111.978490126937,124.173704489319,128.922186593781,139.080611748899,1,1,NA,NA,NA,NA,NA,NA,0.162162162162162,0.0540540540540541,0,0,0,0,0,0,1,1,1,0,0,0,0,0,2114,41.384077,-9.52791398568897
"115",39,39,1,40.9157765862484,79.9385541825603,85.5360330472912,89.6392530494935,96.1064356290223,102.025174037464,114.228955357068,118.980773199784,129.146334497914,1,1,1,1,NA,NA,NA,NA,0.521739130434783,0.391304347826087,0.260869565217391,0.0869565217391304,0,0,0,0,1,1,1,0,0,0,0,0,2115,63.240795,22.3250184137516
"116",39,39,2,45.0859807287104,84.1087583250222,89.7062371897532,93.8094571919555,100.276639771484,106.195378179926,118.39915949953,123.150977342246,133.316538640376,1,1,1,NA,NA,NA,NA,NA,0.344827586206897,0.206896551724138,0.103448275862069,0,0,0,0,0,0,0,1,0,0,0,0,0,2116,54.22112,9.13513927128962
"117",39,39,3,43.3650505301023,82.3878281264141,87.9853069911451,92.0885269933474,98.5557095728762,104.474447981318,116.678229300922,121.430047143638,131.595608441768,1,1,1,NA,NA,NA,NA,NA,0.261904761904762,0.166666666666667,0.119047619047619,0,0,0,0,0,0,0,0,0,0,0,0,0,2117,33.885738,-9.4793125301023
"118",40,40,1,39.5511224709676,78.541767628307,84.1346373734648,88.2344786703459,94.6963359921057,100.610200746943,112.803933134035,117.551838197952,127.70902889055,1,1,1,1,NA,NA,NA,NA,0.419354838709677,0.32258064516129,0.225806451612903,0.0967741935483871,0,0,0,0,0,0,0,0,0,0,0,0,2118,50.822645,11.2715225290324
"119",40,40,2,42.7652241954753,81.7558693528147,87.3487390979725,91.4485803948536,97.9104377166134,103.824302471451,116.018034858543,120.76593992246,130.923130615058,0,0,0,1,NA,NA,NA,NA,0,0,0,0.25,0,0,0,0,0,0,0,0,0,0,0,0,2119,92.946326,50.1811018045247
"120",40,40,3,50.758997541737,89.7496426990764,95.3425124442342,99.4423537411152,105.904211062875,111.818075817712,124.011808204804,128.759713268722,138.91690396132,1,1,NA,NA,NA,NA,NA,NA,0.24,0.08,0,0,0,0,0,0,1,1,1,0,0,0,0,0,2120,60.25048,9.491482458263
"121",41,41,1,44.5929473272192,83.6300089566087,89.2295367419492,93.3342587010557,99.8038085505631,105.724713474574,117.932961908688,122.686519123315,132.855801458819,1,1,1,NA,NA,NA,NA,NA,0.256410256410256,0.153846153846154,0.102564102564103,0,0,0,0,0,1,1,1,0,0,0,0,0,2121,37.681503,-6.91144432721917
"122",41,41,2,40.2927039672569,79.3297655966465,84.929293381987,89.0340153410935,95.5035651906009,101.424470114612,113.632718548726,118.386275763353,128.555558098857,1,1,1,1,NA,NA,NA,NA,0.382352941176471,0.264705882352941,0.205882352941176,0.0588235294117647,0,0,0,0,0,0,1,0,0,0,0,0,2122,46.748434,6.45573003274307
"123",41,41,3,42.0202971066352,81.0573587360248,86.6568865213652,90.7616084804718,97.2311583299792,103.15206325399,115.360311688104,120.113868902731,130.283151238235,1,1,1,1,NA,NA,NA,NA,0.324324324324324,0.216216216216216,0.135135135135135,0.027027027027027,0,0,0,0,0,0,0,0,0,0,0,0,2123,42.092402,0.0721048933648092
"124",42,42,1,41.1228462133221,80.1563528554276,85.7553707086871,89.8597188631639,96.3286795503089,102.249045275394,114.4561819412,119.209306263731,129.37766251341,1,1,1,1,NA,NA,NA,NA,0.193548387096774,0.145161290322581,0.0967741935483871,0.032258064516129,0,0,0,0,0,0,0,0,0,0,0,0,2124,1.842471,-39.2803752133221
"125",42,42,2,33.4634013707131,72.4969080128186,78.0959258660781,82.2002740205549,88.6692347076999,94.5896004327846,106.796737098591,111.549861421122,121.718217670801,1,1,1,1,1,NA,NA,NA,0.26984126984127,0.222222222222222,0.174603174603175,0.111111111111111,0.0476190476190476,0,0,0,0,0,0,0,0,0,0,0,2125,1.470884,-31.9925173707131
"126",42,42,3,33.3926894450025,72.426196087108,78.0252139403674,82.1295620948442,88.5985227819893,94.518888507074,106.726025172881,111.479149495411,121.64750574509,1,1,1,1,1,NA,NA,NA,0.298245614035088,0.245614035087719,0.192982456140351,0.12280701754386,0.0526315789473684,0,0,0,0,0,0,0,0,0,0,0,2126,10.207665,-23.1850244450025
"127",43,43,1,34.9318217340544,73.9836437865634,79.5852888265314,83.6915628346492,90.1635589054956,96.0867026010299,108.299567133409,113.054921730136,123.228049204177,1,1,1,1,1,NA,NA,NA,0.41025641025641,0.333333333333333,0.256410256410256,0.153846153846154,0.0512820512820513,0,0,0,0,0,0,0,0,0,0,0,2127,38.936848,4.0050262659456
"128",43,43,2,40.4765618103242,79.5283838628332,85.1300289028012,89.236302910919,95.7082989817654,101.6314426773,113.844307209678,118.599661806405,128.772789280447,1,1,1,1,NA,NA,NA,NA,0.209677419354839,0.145161290322581,0.0967741935483871,0.032258064516129,0,0,0,0,0,0,0,0,0,0,0,0,2128,2.580982,-37.8955798103242
"129",43,43,3,33.4598698557463,72.5116919082553,78.1133369482233,82.2196109563411,88.6916070271876,94.6147507227218,106.827615255101,111.582969851828,121.756097325869,1,1,1,1,1,NA,NA,NA,0.515151515151515,0.424242424242424,0.333333333333333,0.212121212121212,0.0909090909090909,0,0,0,0,0,0,0,0,0,0,0,2129,47.74711,14.2872401442537
"130",44,44,1,42.157041232713,81.2352738034481,86.8407072031046,90.9497582602519,97.4261313040846,103.353280786963,115.574404808,120.332975423152,130.512982923641,1,1,1,1,NA,NA,NA,NA,0.193548387096774,0.129032258064516,0.0806451612903226,0.0161290322580645,0,0,0,0,0,0,0,0,0,0,0,0,2130,1.984657,-40.172384232713
"131",44,44,2,33.3284406743913,72.4066732451265,78.0121066447829,82.1211577019303,88.597530745763,94.524680228641,106.745804249678,111.50437486483,121.68438236532,1,1,1,1,1,NA,NA,NA,0.274193548387097,0.225806451612903,0.17741935483871,0.112903225806452,0.0483870967741935,0,0,0,0,0,0,0,0,0,0,0,2131,1.780207,-31.5482336743913
"132",44,44,3,33.2889976973256,72.3672302680608,77.9726636677172,82.0817147248646,88.5580877686973,94.4852372515753,106.706361272612,111.464931887764,121.644939388254,1,1,1,1,1,NA,NA,NA,0.274193548387097,0.225806451612903,0.17741935483871,0.112903225806452,0.0483870967741935,0,0,0,0,0,0,0,0,0,0,0,2132,2.334175,-30.9548226973256
"133",45,45,1,33.3545960200292,72.4499031042638,78.0577856947345,82.1686321260104,88.6478349016833,94.5775741432889,106.804037959228,111.564687744109,121.749143211255,1,1,1,1,1,NA,NA,NA,0.26984126984127,0.222222222222222,0.174603174603175,0.111111111111111,0.0476190476190476,0,0,0,0,0,0,0,0,0,0,0,2133,1.461291,-31.8933050200292
"134",45,45,2,33.1857086907655,72.281015775,77.8888983654708,81.9997447967466,88.4789475724195,94.4086868140251,106.635150629964,111.395800414845,121.580255881992,1,1,1,1,1,NA,NA,NA,0.485714285714286,0.4,0.314285714285714,0.2,0.0857142857142857,0,0,0,0,0,0,0,0,0,0,0,2134,44.397563,11.2118543092345
"135",45,45,3,41.4931038390596,80.5884109232941,86.1962935137649,90.3071399450407,96.7863427207136,102.716081962319,114.942545778258,119.703195563139,129.887651030286,1,1,1,1,NA,NA,NA,NA,0.352941176470588,0.235294117647059,0.176470588235294,0.0588235294117647,0,0,0,0,0,0,0,0,0,0,0,0,2135,45.534601,4.04149716094043
"136",46,46,1,41.7351806189877,80.8186004109198,86.42477787245,90.5343743625748,97.0116070762882,102.93954332544,115.162289571163,119.92149183613,130.102850624721,1,1,1,1,NA,NA,NA,NA,0.292682926829268,0.195121951219512,0.146341463414634,0.024390243902439,0,0,0,0,0,0,0,0,0,0,0,0,2136,34.521415,-7.21376561898768
"137",46,46,2,39.6101116333894,78.6935314253215,84.2997088868517,88.4093053769764,94.8865380906899,100.814474339842,113.037220585565,117.796422850532,127.977781639123,1,1,1,1,NA,NA,NA,NA,0.270833333333333,0.208333333333333,0.145833333333333,0.0625,0,0,0,0,0,0,0,0,0,0,0,0,2137,23.874815,-15.7352966333894
"138",46,46,3,37.5557779045237,76.6391976964558,82.245375157986,86.3549716481108,92.8322043618242,98.7601406109762,110.982886856699,115.742089121666,125.923447910257,1,1,1,1,NA,NA,NA,NA,0.388888888888889,0.305555555555556,0.222222222222222,0.111111111111111,0,0,0,0,0,0,0,0,0,0,0,0,2138,42.254395,4.69861709547628
"139",47,47,1,41.1046030966415,80.1560763520954,85.7576713601522,89.8639086924836,96.3358469577514,102.258937749862,114.471693201257,119.227005324839,129.400041936106,1,1,1,1,NA,NA,NA,NA,0.521739130434783,0.391304347826087,0.260869565217391,0.0869565217391304,0,0,0,0,0,0,0,0,0,0,0,0,2139,63.480058,22.3754549033585
"140",47,47,2,45.214564243139,84.2660374985929,89.8676325066497,93.9738698389812,100.445808104249,106.36889889636,118.581654347754,123.336966471337,133.510003082604,1,1,1,NA,NA,NA,NA,NA,0.27027027027027,0.162162162162162,0.0810810810810811,0,0,0,0,0,0,0,0,0,0,0,0,0,2140,41.335579,-3.87898524313898
"141",47,47,3,40.9266911953369,79.9781644507908,85.5797594588476,89.6859967911791,96.1579350564469,102.081025848558,114.293781299952,119.049093423535,129.222130034802,1,1,1,1,NA,NA,NA,NA,0.333333333333333,0.25,0.166666666666667,0.0555555555555556,0,0,0,0,0,0,0,0,0,0,0,0,2141,42.84682,1.92012880466311
"142",48,48,1,41.2662365110125,80.2658351628514,85.8599892091101,89.9607719601875,96.4241131302846,102.339335896905,114.535868353486,119.28486368769,129.444386794913,1,1,1,1,NA,NA,NA,NA,0.5,0.375,0.25,0.0833333333333333,0,0,0,0,0,0,0,0,0,0,0,0,2142,61.207145,19.9409084889875
"143",48,48,2,44.8378245962974,83.8374232481364,89.431577294395,93.5323600454724,99.9957012155696,105.91092398219,118.107456438771,122.856451772975,133.015974880198,1,1,1,NA,NA,NA,NA,NA,0.32258064516129,0.193548387096774,0.129032258064516,0,0,0,0,0,0,0,0,0,0,0,0,0,2143,51.293235,6.45541040370259
"144",48,48,3,42.9092964882935,81.9088951401324,87.5030491863911,91.6038319374685,98.0671731075657,103.982395874186,116.178928330767,120.927923664971,131.087446772194,1,1,1,1,NA,NA,NA,NA,0.255813953488372,0.162790697674419,0.116279069767442,0.0232558139534884,0,0,0,0,0,0,0,0,0,0,0,0,2144,32.677797,-10.2314994882935
"145",49,49,1,39.3057670579887,78.2813540462535,83.8720638277098,87.9703217677837,94.4296835232431,100.341264346255,112.530287519555,117.276358944739,127.429626935003,1,1,1,1,NA,NA,NA,NA,0.209677419354839,0.161290322580645,0.112903225806452,0.0483870967741935,0,0,0,0,0,0,0,0,0,0,0,0,2145,1.581797,-37.7239700579887
"146",49,49,2,33.2619456361155,72.2375326243803,77.8282424058366,81.9265003459105,88.3858621013699,94.2974429243819,106.486466097682,111.232537522866,121.385805513129,1,1,1,1,1,NA,NA,NA,0.26984126984127,0.222222222222222,0.174603174603175,0.111111111111111,0.0476190476190476,0,0,0,0,0,0,0,0,0,0,0,2146,1.430076,-31.8318696361155
"147",49,49,3,33.2324571285921,72.2080441168569,77.7987538983132,81.8970118383871,88.3563735938465,94.2679544168585,106.456977590158,111.203049015342,121.356317005606,1,1,1,1,1,NA,NA,NA,0.386363636363636,0.318181818181818,0.25,0.159090909090909,0.0681818181818182,0,0,0,0,0,0,0,0,0,0,0,2147,30.688954,-2.54350312859208
"148",50,50,1,38.8997928754969,77.8912101793827,83.484190682263,87.5841131698575,94.0460984582308,99.9600803275766,112.15405419178,116.902053280263,127.059445119564,1,1,1,1,NA,NA,NA,NA,0.538461538461538,0.384615384615385,0.269230769230769,0.115384615384615,0,0,0,0,0,0,0,0,0,0,0,0,2148,58.004287,19.1044941245031
"149",50,50,2,44.2419954588944,83.2334127627803,88.8263932656606,92.9263157532551,99.3883010416283,105.302282910974,117.496256775177,122.244255863661,132.401647702962,1,1,1,NA,NA,NA,NA,NA,0.27027027027027,0.189189189189189,0.108108108108108,0,0,0,0,0,0,0,0,0,0,0,0,0,2149,42.127998,-2.11399745889445
"150",50,50,3,41.1369865574629,80.1284038613487,85.7213843642291,89.8213068518236,96.2832921401968,102.197274009543,114.391247873746,119.139246962229,129.29663880153,1,1,1,1,NA,NA,NA,NA,0.3,0.225,0.15,0.05,0,0,0,0,0,0,0,0,0,0,0,0,2150,36.281694,-4.85529255746292
"151",51,51,1,39.984743891725,78.9542826556449,84.5441248717964,88.6417468449649,95.1001062378676,101.010769702866,113.197901385816,117.943236316518,128.094928724542,1,1,1,1,NA,NA,NA,NA,0.206349206349206,0.142857142857143,0.111111111111111,0.0476190476190476,0,0,0,0,0,0,0,0,0,0,0,0,2151,1.452645,-38.532098891725
"152",51,51,2,33.1837223807919,72.1532611447119,77.7431033608634,81.8407253340318,88.2990847269346,94.2097481919332,106.396879874883,111.142214805585,121.293907213609,1,1,1,1,1,NA,NA,NA,0.274193548387097,0.225806451612903,0.17741935483871,0.112903225806452,0.0483870967741935,0,0,0,0,0,0,0,0,0,0,0,2152,1.967733,-31.2159893807919
"153",51,51,3,33.2843029211341,72.253841685054,77.8436839012056,81.941305874374,88.3996652672767,94.3103287322753,106.497460415225,111.242795345927,121.394487753951,1,1,1,1,1,NA,NA,NA,0.274193548387097,0.225806451612903,0.17741935483871,0.112903225806452,0.0483870967741935,0,0,0,0,0,0,0,0,0,0,0,2153,1.679852,-31.6044509211341
"154",52,52,1,33.0727620072342,72.0726939644161,77.6668958204343,81.7677136183544,88.2311100266135,94.1463833469682,106.343020039736,111.092055960653,121.251665895008,1,1,1,1,1,NA,NA,NA,0.548387096774194,0.451612903225806,0.354838709677419,0.225806451612903,0.0967741935483871,0,0,0,0,0,0,0,0,0,0,0,2154,50.286311,17.2135489927658
"155",52,52,2,42.6971322658258,81.6970642230076,87.2912660790258,91.3920838769459,97.855480285205,103.77075360556,115.967390298327,120.716426219244,130.8760361536,1,1,1,1,NA,NA,NA,NA,0.282051282051282,0.205128205128205,0.128205128205128,0.0256410256410256,0,0,0,0,0,0,0,0,0,0,0,0,2155,37.505512,-5.19162026582575
"156",52,52,3,40.1664574479659,79.1663894051478,84.760591261166,88.8614090590861,95.3248054673452,101.2400787877,113.436715480467,118.185751401384,128.34536133574,1,1,1,1,NA,NA,NA,NA,0.52,0.36,0.28,0.08,0,0,0,0,0,0,0,0,0,0,0,0,2156,59.393334,19.2268765520341
"157",53,53,1,44.491398054067,83.4982491552616,89.0934435024544,93.1949888439237,99.6595319508645,105.57585472505,117.774655275073,122.524533742677,132.685946136696,1,1,1,NA,NA,NA,NA,NA,0.344827586206897,0.206896551724138,0.137931034482759,0,0,0,0,0,0,0,0,0,0,0,0,0,2157,54.506143,10.014744945933
"158",53,53,2,43.5263162719307,82.5331673731253,88.1283617203181,92.2299070617875,98.6944501687282,104.610772942913,116.809573492937,121.559451960541,131.72086435456,1,1,1,NA,NA,NA,NA,NA,0.17741935483871,0.112903225806452,0.0645161290322581,0,0,0,0,0,0,0,0,0,0,0,0,0,2158,1.952649,-41.5736672719307
"159",53,53,3,33.148489899479,72.1553410006736,77.7505353478664,81.8520806893357,88.3166237962764,94.2329465704616,106.431747120485,111.181625588089,121.343037982108,1,1,1,1,1,NA,NA,NA,0.548387096774194,0.451612903225806,0.354838709677419,0.225806451612903,0.0967741935483871,0,0,0,0,0,0,0,0,0,0,0,2159,50.510718,17.362228100521
"160",54,54,1,42.745640576319,81.727525509275,87.3191386762531,91.4180588411665,97.8784643449366,103.791000402031,115.981993161929,120.728831490132,130.883740115603,1,1,1,1,NA,NA,NA,NA,0.323529411764706,0.235294117647059,0.147058823529412,0.0294117647058824,0,0,0,0,0,0,0,0,0,0,0,0,2160,45.733526,2.98788542368099
"161",54,54,2,41.8071246218895,80.7890095548455,86.3806227218236,90.479542886737,96.939948390507,102.852484447601,115.043477207499,119.790315535702,129.945224161173,1,1,1,1,NA,NA,NA,NA,0.307692307692308,0.205128205128205,0.153846153846154,0.0256410256410256,0,0,0,0,0,0,0,0,0,0,0,0,2161,38.844969,-2.96215562188947
"162",54,54,3,40.4538148433632,79.4356997763192,85.0273129432974,89.1262331082107,95.5866386119808,101.499174669075,113.690167428973,118.437005757176,128.591914382647,1,1,1,1,NA,NA,NA,NA,0.317073170731707,0.219512195121951,0.146341463414634,0.0487804878048781,0,0,0,0,0,0,0,0,0,0,0,0,2162,35.020528,-5.43328684336322
"163",55,55,1,39.7343057627517,78.6807814360674,84.2673154519789,88.3625123559824,94.81704953973,100.724214934919,112.904133986385,117.646660516143,127.792344913572,1,1,1,1,NA,NA,NA,NA,0.433333333333333,0.333333333333333,0.233333333333333,0.1,0,0,0,0,0,0,0,0,0,0,0,0,2163,51.711645,11.9773392372483
"164",55,55,2,42.9810002847259,81.9274759580416,87.5140099739531,91.6092068779566,98.0637440617042,103.970909456894,116.150828508359,120.893355038117,131.039039435546,1,1,1,1,NA,NA,NA,NA,0.17741935483871,0.112903225806452,0.0806451612903226,0.0161290322580645,0,0,0,0,0,0,0,0,0,0,0,0,2164,2.143494,-40.8375062847259
"165",55,55,3,33.3391863596249,72.2856620329406,77.8721960488521,81.9673929528556,88.4219301366032,94.3290955317927,106.509014583258,111.251541113016,121.397225510445,1,1,1,1,1,NA,NA,NA,0.566666666666667,0.466666666666667,0.366666666666667,0.233333333333333,0.1,0,0,0,0,0,0,0,0,0,0,0,2165,52.808302,19.4691156403751
"166",56,56,1,43.2059882883507,82.1601590918455,87.7477969074144,91.843802949414,98.2996154347908,104.20794798069,116.390273567305,121.133737135868,131.281426139897,1,1,1,1,NA,NA,NA,NA,0.17741935483871,0.112903225806452,0.0806451612903226,0.0161290322580645,0,0,0,0,0,0,0,0,0,0,0,0,2166,2.097103,-41.1088852883507
"167",56,56,2,33.3677856632144,72.3219564667093,77.9095942822781,82.0056003242777,88.4614128096545,94.3697453555533,106.552070942168,111.295534510732,121.443223514761,1,1,1,1,1,NA,NA,NA,0.274193548387097,0.225806451612903,0.17741935483871,0.112903225806452,0.0483870967741935,0,0,0,0,0,0,0,0,0,0,0,2167,1.686351,-31.6814346632144
"168",56,56,3,33.2880979120989,72.2422687155938,77.8299065311626,81.9259125731623,88.381725058539,94.2900576044378,106.472383191053,111.215846759616,121.363535763645,1,1,1,1,1,NA,NA,NA,0.548387096774194,0.451612903225806,0.354838709677419,0.225806451612903,0.0967741935483871,0,0,0,0,0,0,0,0,0,0,0,2168,51.472793,18.1846950879011
"169",57,57,1,42.9126226384982,81.9175489584411,87.5124672124637,91.6138101644206,98.0780342804399,103.99406511547,116.192263719375,120.941907805665,131.102818787868,1,1,1,1,NA,NA,NA,NA,0.458333333333333,0.291666666666667,0.208333333333333,0.0416666666666667,0,0,0,0,0,0,0,0,0,0,0,0,2169,61.425761,18.5131383615018
"170",57,57,2,44.8431604581945,83.8480867781374,89.44300503216,93.5443479841169,100.008572100136,105.924602935166,118.122801539072,122.872445625361,133.033356607564,1,1,1,NA,NA,NA,NA,NA,0.333333333333333,0.2,0.133333333333333,0,0,0,0,0,0,0,0,0,0,0,0,0,2170,52.186094,7.34293354180552
"171",57,57,3,43.0509788109813,82.0559051309242,87.6508233849468,91.7521663369037,98.2163904529231,104.132421287953,116.330619891858,121.080263978148,131.241174960351,1,1,1,1,NA,NA,NA,NA,0.458333333333333,0.291666666666667,0.208333333333333,0.0416666666666667,0,0,0,0,0,0,0,0,0,0,0,0,2171,61.582593,18.5316141890187
"172",58,58,1,44.9053973767432,83.9012872145854,89.4949092636558,93.5953020353234,100.058028549603,105.972688785793,118.168061367097,122.91660507767,133.075162026707,1,1,1,NA,NA,NA,NA,NA,0.163934426229508,0.0983606557377049,0.0655737704918033,0,0,0,0,0,0,0,0,0,0,0,0,0,2172,3.482061,-41.4233363767432
"173",58,58,2,33.6442632604364,72.6401530982787,78.2337751473491,82.3341679190167,88.7968944332962,94.7115546694867,106.906927250791,111.655470961363,121.8140279104,1,1,1,1,1,NA,NA,NA,0.274193548387097,0.209677419354839,0.17741935483871,0.112903225806452,0.0483870967741935,0,0,0,0,0,0,0,0,0,0,0,2173,1.767933,-31.8763302604364
"174",58,58,3,33.3120283456078,72.3079181834501,77.9015402325205,82.0019330041881,88.4646595184676,94.3793197546581,106.574692335962,111.323236046535,121.481792995571,1,1,1,1,1,NA,NA,NA,0.447368421052632,0.368421052631579,0.289473684210526,0.184210526315789,0.0789473684210526,0,0,0,0,0,0,0,0,0,0,0,2174,40.087856,6.77582765439217
"175",59,59,1,40.7285976877432,79.759087047671,85.3576720979815,89.4617029871752,95.930163624966,101.850071706976,114.056264763585,118.809021670565,128.976591908361,1,1,1,1,NA,NA,NA,NA,0.428571428571429,0.321428571428571,0.214285714285714,0.0714285714285714,0,0,0,0,0,0,0,0,0,0,0,0,2175,55.748838,15.0202403122568
"176",59,59,2,43.7631537528395,82.7936431127672,88.3922281630777,92.4962590522714,98.9647196900622,104.884627772072,117.090820828681,121.843577735661,132.011147973457,1,1,1,NA,NA,NA,NA,NA,0.354838709677419,0.225806451612903,0.129032258064516,0,0,0,0,0,0,0,0,0,0,0,0,0,2176,51.537449,7.77429524716055
"177",59,59,3,42.9471323799505,81.9776217398782,87.5762067901887,91.6802376793824,98.1486983171732,104.068606399183,116.274799455792,121.027556362773,131.195126600568,1,1,1,1,NA,NA,NA,NA,0.17741935483871,0.112903225806452,0.0806451612903226,0.0161290322580645,0,0,0,0,0,0,0,0,0,0,0,0,2177,1.82075,-41.1263823799505
"178",60,60,1,33.3541243879561,72.3660317218653,77.9619513417705,82.0640283428625,88.529409411172,94.446499084092,106.646880894142,111.397375061046,121.560104620238,1,1,1,1,1,NA,NA,NA,0.515151515151515,0.424242424242424,0.333333333333333,0.212121212121212,0.0909090909090909,0,0,0,0,0,0,0,0,0,0,0,2178,47.804673,14.4505486120439
"179",60,60,2,42.2188684390712,81.2307757729804,86.8266953928856,90.9287723939775,97.3941534622871,103.311243135207,115.511624945257,120.262119112161,130.424848671353,1,1,1,1,NA,NA,NA,NA,0.352941176470588,0.235294117647059,0.147058823529412,0.0294117647058824,0,0,0,0,0,0,0,0,0,0,0,0,2179,45.351144,3.13227556092878
"180",60,60,3,41.745879072614,80.7577864065231,86.3537060264284,90.4557830275203,96.9211640958299,102.83825376875,115.0386355788,119.789129745703,129.951859304896,1,1,1,1,NA,NA,NA,NA,0.193548387096774,0.129032258064516,0.0967741935483871,0.0161290322580645,0,0,0,0,0,0,0,0,0,0,0,0,2180,2.604812,-39.141067072614
"181",61,61,1,33.4904771527183,72.4954936403278,78.0904248281198,82.1917772611489,88.6560163205116,94.5720608316268,106.770287634101,111.51994270014,121.680877171316,1,1,1,1,1,NA,NA,NA,0.447368421052632,0.368421052631579,0.289473684210526,0.184210526315789,0.0789473684210526,0,0,0,0,0,0,0,0,0,0,0,2181,39.937481,6.44700384728171
"182",61,61,2,40.6959247329795,79.7009412205889,85.295872408381,89.3972248414101,95.8614639007727,101.777508411888,113.975735214362,118.725390280402,128.886324751577,1,1,1,1,NA,NA,NA,NA,0.193548387096774,0.145161290322581,0.0967741935483871,0.032258064516129,0,0,0,0,0,0,0,0,0,0,0,0,2182,1.81823,-38.8776947329795
"183",61,61,3,33.33866171813,72.3436782057394,77.9386093935315,82.0399618265606,88.5042008859232,94.4202453970385,106.618472199513,111.368127265552,121.529061736728,1,1,1,1,1,NA,NA,NA,0.586206896551724,0.482758620689655,0.379310344827586,0.241379310344828,0.103448275862069,0,0,0,0,0,0,0,0,0,0,0,2183,53.702667,20.36400528187
"184",62,62,1,43.3457150916156,82.3556486599011,87.9512851602531,92.0531546211573,98.5182085804438,104.434998884556,116.634763429369,121.385017250114,131.547232636901,1,1,1,NA,NA,NA,NA,NA,0.17741935483871,0.112903225806452,0.0806451612903226,0,0,0,0,0,0,0,0,0,0,0,0,0,2184,2.138431,-41.2072840916156
"185",62,62,2,33.4668831832155,72.476816751501,78.0724532518529,82.1743227127571,88.6393766720436,94.5561669761558,106.755931520969,111.506185341714,121.6684007285,1,1,1,1,1,NA,NA,NA,0.274193548387097,0.225806451612903,0.17741935483871,0.112903225806452,0.0483870967741935,0,0,0,0,0,0,0,0,0,0,0,2185,1.649422,-31.8174611832155
"186",62,62,3,33.3731973635963,72.3831309318818,77.9787674322337,82.080636893138,88.5456908524244,94.4624811565367,106.66224570135,111.412499522095,121.574714908881,1,1,1,1,1,NA,NA,NA,0.459459459459459,0.378378378378378,0.297297297297297,0.189189189189189,0.0810810810810811,0,0,0,0,0,0,0,0,0,0,0,2186,41.081774,7.70857663640367
"187",63,63,1,40.8663046434342,79.7883693936266,85.3714018744176,89.4640319855324,95.9145235859952,101.817986480308,113.990271386129,118.729825388886,128.869150660936,0,0,1,1,NA,NA,NA,NA,0,0,0.75,0.25,0,0,0,0,0,0,0,0,0,0,0,0,2187,87.259739,46.3934343565658
"188",63,63,2,49.8957472761687,88.8178120263611,94.4008445071521,98.4934746182669,104.94396621873,110.847429113042,123.019714018863,127.759268021621,137.898593293671,1,1,NA,NA,NA,NA,NA,NA,0.184210526315789,0.0789473684210526,0,0,0,0,0,0,1,1,0,0,0,0,0,0,2188,40.261614,-9.63413327616868
"189",63,63,3,40.7059340495879,79.6279987997803,85.2110312805713,89.3036613916861,95.7541529921489,101.657615886461,113.829900792283,118.56945479504,128.70878006709,1,1,1,1,NA,NA,NA,NA,0.448275862068966,0.310344827586207,0.206896551724138,0.0689655172413793,0,0,0,0,1,1,0,0,0,0,0,0,2189,53.365376,12.6594419504121
"190",64,64,1,43.2840072858185,82.2430904751729,87.8314329298709,91.9279555060888,98.384582113325,104.293659740139,116.477521600861,121.22158335244,131.370552049065,1,1,1,1,NA,NA,NA,NA,0.392857142857143,0.25,0.178571428571429,0.0357142857142857,0,0,0,0,0,0,0,0,0,0,0,0,2190,55.35543,12.0714227141815
"191",64,64,2,43.6728443296517,82.6319275190062,88.2202699737042,92.3167925499221,98.7734191571582,104.682496783973,116.866358644694,121.610420396273,131.759389092898,1,1,1,NA,NA,NA,NA,NA,0.17741935483871,0.112903225806452,0.0645161290322581,0,0,0,0,0,0,0,0,0,0,0,0,0,2191,1.572156,-42.1006883296517
"192",64,64,3,33.1641198076866,72.1232029970411,77.7115454517391,81.8080680279569,88.2646946351931,94.1737722620075,106.357634122729,111.101695874308,121.250664570933,1,1,1,1,1,NA,NA,NA,0.435897435897436,0.358974358974359,0.282051282051282,0.179487179487179,0.0769230769230769,0,0,0,0,0,0,0,0,0,0,0,2192,38.151107,4.98698719231339
"193",65,65,1,40.3295431052401,79.2743706153731,84.8606682165763,88.9556918172796,95.4099558535764,101.316871265363,113.496274878812,118.238600711139,128.383855756664,1,1,1,1,NA,NA,NA,NA,0.206349206349206,0.142857142857143,0.111111111111111,0.0317460317460317,0,0,0,0,0,0,0,0,0,0,0,0,2193,1.236836,-39.0927071052401
"194",65,65,2,33.1599025360453,72.1047300461783,77.6910276473815,81.7860512480848,88.2403152843817,94.1472306961683,106.326634309618,111.068960141945,121.214215187469,1,1,1,1,1,NA,NA,NA,0.653846153846154,0.538461538461538,0.423076923076923,0.269230769230769,0.115384615384615,0,0,0,0,0,0,0,0,0,0,0,2194,58.92494,25.7650374639547
"195",65,65,3,44.3643218458111,83.3091493559441,88.8954469571473,92.9904705578506,99.4447345941474,105.351650005934,117.531053619383,122.27337945171,132.418634497235,1,1,1,NA,NA,NA,NA,NA,0.185185185185185,0.12962962962963,0.0740740740740741,0,0,0,0,0,0,0,0,0,0,0,0,0,2195,14.610063,-29.7542588458111
"196",66,66,1,35.7581227599021,74.7530367863737,80.3465188637696,84.4468090294983,90.9093738241185,96.8238860551543,109.018953466265,113.767378351932,123.925681098912,1,1,1,1,1,NA,NA,NA,0.380952380952381,0.285714285714286,0.214285714285714,0.119047619047619,0.0476190476190476,0,0,0,0,0,0,0,0,0,0,0,2196,32.883463,-2.87465975990214
"197",66,66,2,39.2859173991134,78.280831425585,83.8743135029809,87.9746036687096,94.4371684633298,100.351680694366,112.546748105476,117.295172991143,127.453475738123,1,1,1,1,NA,NA,NA,NA,0.209677419354839,0.161290322580645,0.112903225806452,0.0483870967741935,0,0,0,0,0,0,0,0,0,0,0,0,2197,1.683599,-37.6023183991134
"198",66,66,3,33.2625876978361,72.2575017243077,77.8509838017036,81.9512739674323,88.4138387620525,94.3283509930882,106.523418404199,111.271843289866,121.430146036846,1,1,1,1,1,NA,NA,NA,0.293103448275862,0.241379310344828,0.189655172413793,0.120689655172414,0.0517241379310345,0,0,0,0,0,0,0,0,0,0,0,2198,9.111052,-24.1515356978361
"199",67,67,1,34.6243439535552,73.6422923814005,79.2390785438153,83.3417907620547,89.8081730112097,95.7261789606459,107.92845003112,112.679679824232,122.843983108169,1,1,1,1,1,NA,NA,NA,0.533333333333333,0.433333333333333,0.333333333333333,0.2,0.0666666666666667,0,0,0,0,0,0,0,0,0,0,0,2199,51.588415,16.9640710464448
"200",67,67,2,42.8605247455112,81.8784731733565,87.4752593357713,91.5779715540108,98.0443538031658,103.962359752602,116.164630823076,120.915860616188,131.080163900125,1,1,1,1,NA,NA,NA,NA,0.17741935483871,0.129032258064516,0.0806451612903226,0.0161290322580645,0,0,0,0,0,0,0,0,0,0,0,0,2200,1.768601,-41.0919237455112
"201",67,67,3,33.2006738003002,72.2186222281454,77.8154083905602,81.9181206087997,88.3845028579547,94.3025088073909,106.504779877865,111.256009670977,121.420312954914,1,1,1,1,1,NA,NA,NA,0.548387096774194,0.451612903225806,0.354838709677419,0.225806451612903,0.0967741935483871,0,0,0,0,0,0,0,0,0,0,0,2201,50.730697,17.5300231996998
"202",68,68,1,42.6676789443488,81.711084408797,87.3115221622343,91.416911171523,97.8875123746784,103.809379493144,116.019611865372,120.773941571105,130.944876496407,1,1,1,1,NA,NA,NA,NA,0.180327868852459,0.131147540983607,0.0819672131147541,0.0163934426229508,0,0,0,0,0,0,0,0,0,0,0,0,2202,4.336111,-38.3315679443488
"203",68,68,2,33.7518909284534,72.7952963929017,78.395734146339,82.5011231556277,88.971724358783,94.8935914772489,107.103823849477,111.85815355521,122.029088480512,1,1,1,1,1,NA,NA,NA,0.708333333333333,0.541666666666667,0.458333333333333,0.291666666666667,0.125,0,0,0,0,0,0,0,0,0,0,0,2203,61.786127,28.0342360715466
"204",68,68,3,44.7922343893433,83.8356398537916,89.4360776072289,93.5414666165176,100.012067819673,105.933934938139,118.144167310367,122.8984970161,133.069431941402,1,1,1,NA,NA,NA,NA,NA,0.161290322580645,0.0967741935483871,0.0645161290322581,0,0,0,0,0,0,0,0,0,0,0,0,0,2204,2.289519,-42.5027153893434
"205",69,69,1,33.466902148106,72.5514230086053,78.1577584088681,82.2674706756455,88.7448858676933,94.6729891202525,106.896079708456,111.655416050943,121.8370616715,1,1,1,1,1,NA,NA,NA,0.26984126984127,0.206349206349206,0.174603174603175,0.111111111111111,0.0476190476190476,0,0,0,0,0,0,0,0,0,0,0,2205,1.466784,-32.000118148106
"206",69,69,2,33.3113318112195,72.3958526717189,78.0021880719816,82.1119003387591,88.5893155308068,94.5174187833661,106.740509371569,111.499845714056,121.681491334613,1,1,1,1,1,NA,NA,NA,0.274193548387097,0.225806451612903,0.17741935483871,0.112903225806452,0.0483870967741935,0,0,0,0,0,0,0,0,0,0,0,2206,1.878231,-31.4331008112195
"207",69,69,3,33.3891320122574,72.4736528727568,78.0799882730195,82.189700539797,88.6671157318447,94.595218984404,106.818309572607,111.577645915094,121.759291535651,1,1,1,1,1,NA,NA,NA,0.34,0.28,0.22,0.14,0.06,0,0,0,0,0,0,0,0,0,0,0,2207,20.491858,-12.8972740122575
"208",70,70,1,36.8382730884847,75.9267773701407,81.5336841576062,85.64381527856,92.1218906366312,98.0505980703701,110.274934413071,115.034755818203,125.217439133011,1,1,1,1,1,NA,NA,NA,0.241935483870968,0.17741935483871,0.145161290322581,0.0806451612903226,0.0161290322580645,0,0,0,0,0,0,0,0,0,0,0,2208,2.010857,-34.8274160884847
"209",70,70,2,33.2961812581204,72.3846855397764,77.9915923272419,82.1017234481957,88.5797988062669,94.5085062400057,106.732842582707,111.492663987839,121.675347302646,1,1,1,1,1,NA,NA,NA,0.26984126984127,0.222222222222222,0.174603174603175,0.111111111111111,0.0476190476190476,0,0,0,0,0,0,0,0,0,0,0,2209,1.415391,-31.8807902581204
"210",70,70,3,33.1820534977323,72.2705577793884,77.8774645668538,81.9875956878076,88.4656710458789,94.3943784796177,106.618714822318,111.378536227451,121.561219542258,1,1,1,1,1,NA,NA,NA,0.548387096774194,0.451612903225806,0.354838709677419,0.225806451612903,0.0967741935483871,0,0,0,0,0,0,0,0,0,0,0,2210,51.478187,18.2961335022677
"211",71,71,1,42.7769172156734,81.8554834833334,87.4609647489184,91.5700508940832,98.046479240974,103.973679336979,116.194907716664,120.953518966212,131.133613395843,1,1,1,1,NA,NA,NA,NA,0.174603174603175,0.126984126984127,0.0793650793650794,0.0158730158730159,0,0,0,0,0,0,0,0,0,0,0,0,2211,1.380766,-41.3961512156734
"212",71,71,2,33.04792861027,72.1264948779301,77.7319761435151,81.8410622886798,88.3174906355707,94.2446907315758,106.46591911126,111.224530360809,121.40462479044,1,1,1,1,1,NA,NA,NA,0.5,0.411764705882353,0.323529411764706,0.205882352941176,0.0882352941176471,0,0,0,0,0,0,0,0,0,0,0,2212,46.714719,13.66679038973
"213",71,71,3,41.8518451267488,80.9304113944089,86.5358926599939,90.6449788051586,97.1214071520495,103.048607248055,115.269835627739,120.028446877287,130.208541306918,1,1,1,1,NA,NA,NA,NA,0.352941176470588,0.235294117647059,0.147058823529412,0.0294117647058824,0,0,0,0,0,0,0,0,0,0,0,0,2213,45.743622,3.8917768732512
"214",72,72,1,41.6630962725329,80.7397513569168,86.3449584798432,90.4538436653139,96.9299552748542,102.856865494163,115.07749618029,119.835874704354,130.015471264486,0,1,1,1,NA,NA,NA,NA,0,0.8,0.6,0.1,0,0,0,0,0,0,0,0,0,0,0,0,2214,83.356043,41.6929467274671
"215",72,72,2,48.9649487890147,88.0416038733986,93.646810996325,97.7556961817957,104.231807791336,110.158718010644,122.379348696772,127.137727220836,137.317323780968,1,1,1,NA,NA,NA,NA,NA,0.194444444444444,0.111111111111111,0.0277777777777778,0,0,0,0,0,1,0,0,0,0,0,0,0,2215,43.678535,-5.28641378901469
"216",72,72,3,41.2621925203468,80.3388476047307,85.9440547276571,90.0529399131278,96.529051522668,102.455961741977,114.676592428104,119.434970952168,129.6145675123,1,1,1,1,NA,NA,NA,NA,0.352941176470588,0.235294117647059,0.176470588235294,0.0588235294117647,0,0,0,0,1,0,0,0,0,0,0,0,2216,45.673747,4.41155447965319
"217",73,73,1,41.7008667395654,80.751552741485,86.3530348248529,90.4591893779809,96.9309971729783,102.853968559244,115.066477809047,119.82169406848,129.994525597624,1,1,1,1,NA,NA,NA,NA,0.292682926829268,0.195121951219512,0.146341463414634,0.024390243902439,0,0,0,0,0,0,0,0,0,0,0,0,2217,35.470621,-6.23024573956537
"218",73,73,2,39.7199519448335,78.7706379467531,84.372120030121,88.478274583249,94.9500823782464,100.873053764512,113.085563014315,117.840779273748,128.013610802892,1,1,1,1,NA,NA,NA,NA,0.317073170731707,0.24390243902439,0.170731707317073,0.0731707317073171,0,0,0,0,0,0,0,0,0,0,0,0,2218,34.625566,-5.09438594483347
"219",73,73,3,39.5558863484797,78.6065723503994,84.2080544337673,88.3142089868953,94.7860167818927,100.708988168159,112.921497417961,117.676713677394,127.849545206538,1,1,1,1,NA,NA,NA,NA,0.361111111111111,0.277777777777778,0.194444444444444,0.0833333333333333,0,0,0,0,0,0,0,0,0,0,0,0,2219,42.707552,3.15166565152025
"220",74,74,1,41.1405041129295,80.1341327398819,85.7274304378695,89.8275854446643,96.289937212076,102.204254481503,114.398919903427,119.147188265526,129.305156161724,1,1,1,1,NA,NA,NA,NA,0.48,0.36,0.24,0.08,0,0,0,0,0,0,0,0,0,0,0,0,2220,59.517342,18.3768378870705
"221",74,74,2,44.4078310851313,83.4014597120837,88.9947574100713,93.0949124168661,99.5572641842778,105.471581453705,117.666246875628,122.414515237727,132.572483133925,1,1,1,NA,NA,NA,NA,NA,0.285714285714286,0.2,0.114285714285714,0,0,0,0,0,0,0,0,0,0,0,0,0,2221,44.190466,-0.217365085131327
"222",74,74,3,41.4287388207787,80.422367447731,86.0156651457187,90.1158201525134,96.5781719199252,102.492489189352,114.687154611276,119.435422973375,129.593390869573,1,1,1,1,NA,NA,NA,NA,0.363636363636364,0.242424242424242,0.181818181818182,0.0606060606060606,0,0,0,0,0,0,0,0,0,0,0,0,2222,48.325762,6.89702317922131
"223",75,75,1,42.2468052279505,81.2319363290446,86.8240151306767,90.923276628085,97.3842201141138,103.297248530318,115.489256480023,120.236490095303,130.3922443582,1,1,1,1,NA,NA,NA,NA,0.342857142857143,0.228571428571429,0.142857142857143,0.0285714285714286,0,0,0,0,0,0,0,0,0,0,0,0,2223,45.275883,3.02907777204952
"224",75,75,2,41.6514414201678,80.636572521262,86.2286513228941,90.3279128203023,96.7888563063312,102.701884722535,114.893892672241,119.641126287521,129.796880550417,1,1,1,1,NA,NA,NA,NA,0.363636363636364,0.242424242424242,0.181818181818182,0.0606060606060606,0,0,0,0,0,0,0,0,0,0,0,0,2224,47.338979,5.68753757983215
"225",75,75,3,42.0541763123984,81.0393074134925,86.6313862151246,90.7306477125329,97.1915911985617,103.104619614766,115.296627564471,120.043861179751,130.199615442648,1,1,1,1,NA,NA,NA,NA,0.324324324324324,0.216216216216216,0.135135135135135,0.027027027027027,0,0,0,0,0,0,0,0,0,0,0,0,2225,40.872014,-1.18216231239836
"226",76,76,1,40.8120079950391,79.7848353280625,85.3751492609186,89.4731170250162,95.9320214272219,101.843183682452,114.031343815467,118.777079196427,128.929628287467,1,1,1,1,NA,NA,NA,NA,0.307692307692308,0.230769230769231,0.153846153846154,0.0512820512820513,0,0,0,0,0,0,0,0,0,0,0,0,2226,38.007136,-2.80487199503914
"227",76,76,2,40.2526494697676,79.2254768027909,84.815790735647,88.9137584997446,95.3726629019503,101.28382515718,113.471985290196,118.217720671155,128.370269762195,1,1,1,1,NA,NA,NA,NA,0.206349206349206,0.142857142857143,0.111111111111111,0.0317460317460317,0,0,0,0,0,0,0,0,0,0,0,0,2227,1.420569,-38.8320804697676
"228",76,76,3,33.1092359764636,72.082063309487,77.6723772423431,81.7703450064407,88.2292494086464,94.1404116638762,106.328571796892,111.074307177851,121.226856268892,1,1,1,1,1,NA,NA,NA,0.386363636363636,0.318181818181818,0.25,0.159090909090909,0.0681818181818182,0,0,0,0,0,0,0,0,0,0,0,2228,30.009568,-3.09966797646364
"229",77,77,1,38.6696872649755,77.6662619033378,83.2599821811011,87.3604469591035,93.823286964279,99.7380510668623,111.933637809133,116.682264908115,126.841000249928,1,1,1,1,NA,NA,NA,NA,0.225806451612903,0.161290322580645,0.129032258064516,0.0483870967741935,0,0,0,0,0,0,0,0,0,0,0,0,2229,1.687554,-36.9821332649755
"230",77,77,2,33.1379569794195,72.1345316177818,77.7282518955451,81.8287166735476,88.2915566787231,94.2063207813063,106.401907523578,111.150534622559,121.309269964373,1,1,1,1,1,NA,NA,NA,0.298245614035088,0.245614035087719,0.192982456140351,0.12280701754386,0.0526315789473684,0,0,0,0,0,0,0,0,0,0,0,2230,9.498879,-23.6390779794195
"231",77,77,3,34.6636303680712,73.6602050064335,79.2539252841968,83.3543900621993,89.8172300673748,95.731994169958,107.927580912229,112.676208011211,122.834943353024,1,1,1,1,1,NA,NA,NA,0.551724137931034,0.448275862068966,0.344827586206897,0.206896551724138,0.0689655172413793,0,0,0,0,0,0,0,0,0,0,0,2231,53.246303,18.5826726319288
"232",78,78,1,43.2378976597423,82.2211797732629,87.8129933536704,91.9120604312228,98.3726974874954,104.28544546047,116.47687516738,121.223883630769,131.379156226351,1,1,1,1,NA,NA,NA,NA,0.392857142857143,0.25,0.178571428571429,0.0357142857142857,0,0,0,0,0,0,0,0,0,0,0,0,2232,55.082653,11.8447553402577
"233",78,78,2,43.5982555734147,82.5815376869353,88.1733512673428,92.2724183448952,98.7330554011678,104.645803374142,116.837233081053,121.584241544442,131.739514140023,1,1,1,NA,NA,NA,NA,NA,0.17741935483871,0.112903225806452,0.0645161290322581,0,0,0,0,0,0,0,0,0,0,0,0,0,2233,2.106824,-41.4914315734147
"234",78,78,3,33.2024926668298,72.1857747803504,77.7775883607579,81.8766554383103,88.3372924945829,94.2500404675574,106.441470174468,111.188478637857,121.343751233439,1,1,1,1,1,NA,NA,NA,0.548387096774194,0.451612903225806,0.354838709677419,0.225806451612903,0.0967741935483871,0,0,0,0,0,0,0,0,0,0,0,2234,50.432379,17.2298863331702
"235",79,79,1,42.6666032963418,81.6834317477366,87.280057259247,91.382651712682,97.8488483499294,103.766684428125,115.968605242965,120.719698656138,130.883710182543,1,1,1,1,NA,NA,NA,NA,0.478260869565217,0.347826086956522,0.217391304347826,0.0434782608695652,0,0,0,0,0,0,0,0,0,0,0,0,2235,63.367654,20.7010507036582
"236",79,79,2,45.1980266417917,84.2148550931865,89.811480604697,93.9140750581319,100.380271695379,106.298107773575,118.500028588415,123.251122001588,133.415133527993,1,1,1,NA,NA,NA,NA,NA,0.227272727272727,0.136363636363636,0.0681818181818182,0,0,0,0,0,0,0,0,0,0,0,0,0,2236,30.231309,-14.9667176417917
"237",79,79,3,38.7132694707317,77.7300979221265,83.3267234336369,87.4293178870719,93.8955145243193,99.8133506025151,112.015271417355,116.766364830528,126.930376356933,1,1,1,1,NA,NA,NA,NA,0.466666666666667,0.333333333333333,0.266666666666667,0.1,0,0,0,0,0,0,0,0,0,0,0,0,2237,52.544556,13.8312865292683
"238",80,80,1,43.0842584617622,82.0562997965314,87.6465009847577,91.7443861016436,98.2031602416145,104.114203281393,116.302117605386,121.047757275052,131.200101610974,1,1,1,1,NA,NA,NA,NA,0.34375,0.21875,0.15625,0.03125,0,0,0,0,0,0,0,0,0,0,0,0,2238,49.532404,6.44814553823777
"239",80,80,2,42.4959815998067,81.4680229345758,87.0582241228021,91.1561092396881,97.614883379659,103.525926419437,115.71384074343,120.459480413096,130.611824749018,1,1,1,1,NA,NA,NA,NA,0.423076923076923,0.307692307692308,0.192307692307692,0.0384615384615385,0,0,0,0,0,0,0,0,0,0,0,0,2239,59.362538,16.8665564001933
"240",80,80,3,44.4158184414145,83.3878597761836,88.9780609644099,93.0759460812959,99.5347202212668,105.445763261045,117.633677585038,122.379317254704,132.531661590626,1,1,1,NA,NA,NA,NA,NA,0.25,0.175,0.1,0,0,0,0,0,0,0,0,0,0,0,0,0,2240,37.124983,-7.29083544141447
"241",81,81,1,40.0811264718501,79.0526210678918,84.6427438311914,88.7405714588513,95.1992549886865,101.110215102448,113.297958442204,118.043531535296,128.19573344399,1,1,1,1,NA,NA,NA,NA,0.393939393939394,0.272727272727273,0.212121212121212,0.0909090909090909,0,0,0,0,0,0,0,0,0,0,0,0,2241,46.980865,6.89973852814992
"242",81,81,2,42.0064729383953,80.9779675344371,86.5680902977367,90.6659179253966,97.1246014552318,103.035561568993,115.223304908749,119.968878001841,130.121079910535,1,1,1,1,NA,NA,NA,NA,0.342857142857143,0.228571428571429,0.142857142857143,0.0285714285714286,0,0,0,0,0,0,0,0,0,0,0,0,2242,44.423387,2.41691406160466
"243",81,81,3,41.5068696324135,80.4783642284552,86.0684869917548,90.1663146194147,96.6249981492499,102.535958263011,114.723701602767,119.469274695859,129.621476604553,1,1,1,1,NA,NA,NA,NA,0.48,0.32,0.24,0.08,0,0,0,0,0,0,0,0,0,0,0,0,2243,60.000664,18.4937943675865
"244",82,82,1,44.5495620285051,83.5187178884094,89.1085051803022,93.2060868913593,99.6643828261914,105.574988214629,117.762000150161,122.507288454501,132.658881114776,1,1,1,NA,NA,NA,NA,NA,0.625,0.375,0.25,0,0,0,0,0,0,0,0,0,0,0,0,0,2244,73.961953,29.4123909714949
"245",82,82,2,47.2807839876229,86.2499398475272,91.83972713942,95.9373088504771,102.395604785309,108.306210173747,120.493222109278,125.238510413619,135.390103073894,1,1,1,NA,NA,NA,NA,NA,0.126984126984127,0.0793650793650794,0.0317460317460317,0,0,0,0,0,0,0,0,0,0,0,0,0,2245,1.542704,-45.7380799876229
"246",82,82,3,33.1135360256604,72.0826918855647,77.6724791774575,81.7700608885146,88.2283568233467,94.1389622117848,106.325974147316,111.071262451657,121.222855111931,1,1,1,1,1,NA,NA,NA,0.435897435897436,0.358974358974359,0.282051282051282,0.179487179487179,0.0769230769230769,0,0,0,0,0,0,0,0,0,0,0,2246,39.044342,5.93080597433963
"247",83,83,1,40.4886024903207,79.4616725498418,85.052021299708,89.150014586341,95.6089592152213,101.520158285735,113.708394327778,118.454159265632,128.606771587719,1,1,1,1,NA,NA,NA,NA,0.65,0.45,0.3,0.1,0,0,0,0,0,0,0,0,0,0,0,0,2247,68.072869,27.5842665096793
"248",83,83,2,46.1172225915645,85.0902926510856,90.6806414009518,94.7786346875847,101.237579316465,107.148778386979,119.337014429022,124.082779366876,134.235391688963,1,1,1,NA,NA,NA,NA,NA,0.145161290322581,0.0806451612903226,0.0483870967741935,0,0,0,0,0,0,0,0,0,0,0,0,0,2248,2.033834,-44.0833885915645
"249",83,83,3,33.3122793759565,72.2853494354777,77.8756981853439,81.9736914719768,88.4326361008572,94.3438351713711,106.532071213414,111.277836151268,121.430448473355,1,1,1,1,1,NA,NA,NA,0.404761904761905,0.333333333333333,0.261904761904762,0.166666666666667,0.0714285714285714,0,0,0,0,0,0,0,0,0,0,0,2249,33.289139,-0.0231403759565367
"250",84,84,1,39.311439250391,78.2608721053279,83.8478303032849,87.9433381530366,94.3983654257692,100.305979348345,112.486823213472,117.229709840313,127.376164593234,1,1,1,1,NA,NA,NA,NA,0.448275862068966,0.344827586206897,0.241379310344828,0.103448275862069,0,0,0,0,0,0,0,0,0,0,0,0,2250,54.21057,14.899130749609
"251",84,84,2,43.3910018193353,82.3404346742721,87.9273928722291,92.0229007219809,98.4779279947135,104.385541917289,116.566385782416,121.309272409257,131.455727162178,1,1,1,NA,NA,NA,NA,NA,0.323529411764706,0.205882352941176,0.147058823529412,0,0,0,0,0,0,0,0,0,0,0,0,0,2251,46.388207,2.99720518066472
"252",84,84,3,41.8656845838415,80.8151174387783,86.4020756367353,90.497583486487,96.9526107592197,102.860224681796,115.041068546922,119.783955173764,129.930409926684,1,1,1,1,NA,NA,NA,NA,0.333333333333333,0.222222222222222,0.166666666666667,0.0277777777777778,0,0,0,0,0,0,0,0,0,0,0,0,2252,43.209316,1.34363141615853
"253",85,85,1,41.2841825922117,80.1907605502645,85.7715715850943,89.8625732699619,96.3104982691085,102.211612220647,114.379053867319,119.116722037756,129.252012949761,1,1,1,1,NA,NA,NA,NA,0.307692307692308,0.230769230769231,0.153846153846154,0.0512820512820513,0,0,0,0,0,0,0,0,0,0,0,0,2253,37.897181,-3.3870015922117
"254",85,85,2,40.2543566378794,79.1609345959321,84.741745630762,88.8327473156295,95.2806723147762,101.181786266314,113.349227912987,118.086896083424,128.222186995428,1,1,1,1,NA,NA,NA,NA,0.65,0.45,0.35,0.15,0,0,0,0,0,0,0,0,0,0,0,0,2254,68.57038,28.3160233621206
"255",85,85,3,46.2007522834344,85.1073302414872,90.6881412763171,94.7791429611846,101.227067960331,107.12818191187,119.295623558542,124.033291728979,134.168582640983,1,1,1,NA,NA,NA,NA,NA,0.155172413793103,0.0862068965517241,0.0517241379310345,0,0,0,0,0,0,0,0,0,0,0,0,0,2255,8.6957,-37.5050522834344
"256",86,86,1,34.582651458547,73.4845953535136,79.0647416722012,83.1552560883114,89.6024130915872,95.5028241765213,107.668816590309,112.405920469196,122.540004192598,1,1,1,1,1,NA,NA,NA,0.64,0.52,0.4,0.24,0.08,0,0,0,0,0,0,0,0,0,0,0,2256,60.843644,26.260992541453
"257",86,86,2,44.7061937579537,83.6081376529203,89.1882839716079,93.2787983877182,99.7259553909939,105.626366475928,117.792358889716,122.529462768603,132.663546492005,1,1,1,NA,NA,NA,NA,NA,0.256410256410256,0.153846153846154,0.102564102564103,0,0,0,0,0,0,0,0,0,0,0,0,0,2257,37.744421,-6.96177275795372
"258",86,86,3,40.2219141644202,79.1238580593868,84.7040043780744,88.7945187941846,95.2416757974604,101.142086882395,113.308079296183,118.04518317507,128.179266898471,1,1,1,1,NA,NA,NA,NA,0.619047619047619,0.428571428571429,0.333333333333333,0.142857142857143,0,0,0,0,0,0,0,0,0,0,0,0,2258,65.747494,25.5255798355798
"259",87,87,1,45.6595215117896,84.5367291856893,90.1133273080889,94.2012407264405,100.644298235323,106.540957480159,118.69921401631,123.433305756547,133.560945613391,1,1,1,NA,NA,NA,NA,NA,0.243243243243243,0.162162162162162,0.0810810810810811,0,0,0,0,0,0,0,0,0,0,0,0,0,2259,41.855572,-3.80394951178958
"260",87,87,2,41.0628838932569,79.9400915671565,85.5166896895562,89.6046031079078,96.0476606167903,101.944319861627,114.102576397777,118.836668138014,128.964307994858,1,1,1,1,NA,NA,NA,NA,0.25,0.1875,0.125,0.0416666666666667,0,0,0,0,0,0,0,0,0,0,0,0,2260,24.523258,-16.5396258932569
"261",87,87,3,37.7282686811102,76.6054763550099,82.1820744774095,86.2699878957612,92.7130454046436,98.6097046494801,110.76796118563,115.502052925867,125.629692782711,1,1,1,1,NA,NA,NA,NA,0.225806451612903,0.17741935483871,0.129032258064516,0.0645161290322581,0,0,0,0,0,0,0,0,0,0,0,0,2261,1.618084,-36.1101846811102
"262",88,88,1,33.3450912581942,72.2064790823371,77.7808079845502,81.8670579558601,88.3074936663197,94.2017534522212,106.355062570508,111.087227921878,121.210746656077,1,1,1,1,1,NA,NA,NA,0.274193548387097,0.225806451612903,0.17741935483871,0.112903225806452,0.0483870967741935,0,0,0,0,0,0,0,0,0,0,0,2262,1.881012,-31.4640792581942
"263",88,88,2,33.3955774767151,72.256965300858,77.8312942030711,81.917544174381,88.3579798848406,94.2522396707421,106.405548789029,111.137714140399,121.261232874598,1,1,1,1,1,NA,NA,NA,0.26984126984127,0.222222222222222,0.174603174603175,0.111111111111111,0.0476190476190476,0,0,0,0,0,0,0,0,0,0,0,2263,1.523457,-31.8721204767151
"264",88,88,3,33.326921419303,72.1883092434459,77.762638145659,81.8488881169689,88.2893238274285,94.18358361333,106.336892731617,111.069058082987,121.192576817186,1,1,1,1,1,NA,NA,NA,0.274193548387097,0.225806451612903,0.17741935483871,0.112903225806452,0.0483870967741935,0,0,0,0,0,0,0,0,0,0,0,2264,2.341587,-30.985334419303
"265",89,89,1,33.2956940765256,72.1986941931223,77.7789920176384,81.8696174947747,88.3169495439735,94.2175208302033,106.383843561272,111.121076056652,121.255434929246,1,1,1,1,1,NA,NA,NA,0.68,0.56,0.44,0.28,0.12,0,0,0,0,0,0,0,0,0,0,0,2265,59.47971,26.1840159234744
"266",89,89,2,44.4610948976291,83.3640950142257,88.9443928387419,93.0350183158782,99.482350365077,105.382921651307,117.549244382376,122.286476877756,132.420835750349,1,1,1,NA,NA,NA,NA,NA,0.476190476190476,0.333333333333333,0.19047619047619,0,0,0,0,0,0,0,0,0,0,0,0,0,2266,66.230253,21.7691581023709
"267",89,89,3,45.7802232553299,84.6832233719265,90.2635211964427,94.3541466735789,100.801478722778,106.702050009008,118.868372740077,123.605605235456,133.73996410805,1,1,1,NA,NA,NA,NA,NA,0.473684210526316,0.315789473684211,0.157894736842105,0,0,0,0,0,0,0,0,0,0,0,0,0,2267,68.957387,23.1771637446701
"268",90,90,1,46.3568232714784,85.2717465889519,90.853754693182,94.9456338872329,101.394941949462,107.29732167454,119.467373205687,124.206057593581,134.343522499031,1,1,1,NA,NA,NA,NA,NA,1,0.555555555555556,0.333333333333333,0,0,0,0,0,0,0,0,0,0,0,0,0,2268,85.393178,39.0363547285216
"269",90,90,2,49.5691822913847,88.4841056088581,94.0661137130883,98.1579929071392,104.607300969368,110.509680694446,122.679732225593,127.418416613487,137.555881518937,1,1,1,NA,NA,NA,NA,NA,0.2,0.0857142857142857,0.0285714285714286,0,0,0,0,0,0,0,0,0,0,0,0,0,2269,43.94699,-5.62219229138472
"270",90,90,3,41.4685660288312,80.3834893463046,85.9654974505348,90.0573766445857,96.5066847068146,102.409064431893,114.57911596304,119.317800350933,129.455265256384,1,1,1,1,NA,NA,NA,NA,0.203389830508475,0.135593220338983,0.101694915254237,0.0338983050847458,0,0,0,0,0,0,0,0,0,0,0,0,2270,7.519504,-33.9490620288312
"271",91,91,1,34.3338309772846,73.2866787584687,78.8741267979662,82.9699937250196,89.4255869480228,95.3337188259156,107.515630657387,112.258933121041,122.406277473428,1,1,1,1,1,NA,NA,NA,0.447368421052632,0.342105263157895,0.263157894736842,0.157894736842105,0.0526315789473684,0,0,0,0,0,0,0,0,0,0,0,2271,39.582256,5.24842502271535
"272",91,91,2,40.6001604182926,79.5530081994767,85.1404562389742,89.2363231660276,95.6919163890307,101.600048266924,113.781960098395,118.525262562049,128.672606914436,1,1,1,1,NA,NA,NA,NA,0.209677419354839,0.145161290322581,0.0967741935483871,0.032258064516129,0,0,0,0,0,0,0,0,0,0,0,0,2272,2.155957,-38.4442034182926
"273",91,91,3,33.2855818290415,72.2384296102256,77.8258776497231,81.9217445767765,88.3773377997797,94.2854696776725,106.467381509144,111.210683972798,121.358028325185,1,1,1,1,1,NA,NA,NA,0.53125,0.4375,0.34375,0.21875,0.09375,0,0,0,0,0,0,0,0,0,0,0,2273,49.843852,16.5582701709585
"274",92,92,1,42.5534400370584,81.4770586941577,87.0603140694121,91.1531075728401,97.6038566998117,103.507555281306,115.680326147924,120.420069370491,130.559799440377,1,1,1,1,NA,NA,NA,NA,0.578947368421053,0.421052631578947,0.263157894736842,0.0526315789473684,0,0,0,0,0,0,0,0,0,0,0,0,2274,69.799268,27.2458279629416
"275",92,92,2,46.4329686148393,85.3565872719386,90.939842647193,95.032636150621,101.483385277593,107.387083859087,119.559854725705,124.299597948272,134.439328018158,1,1,1,NA,NA,NA,NA,NA,0.346153846153846,0.192307692307692,0.115384615384615,0,0,0,0,0,0,0,0,0,0,0,0,0,2275,58.256755,11.8237863851607
"276",92,92,3,44.1889908875442,83.1126095446436,88.6958649198979,92.788658423326,99.2394075502975,105.143106131792,117.31587699841,122.055620220977,132.195350290863,1,1,1,NA,NA,NA,NA,NA,0.454545454545455,0.318181818181818,0.181818181818182,0,0,0,0,0,0,0,0,0,0,0,0,0,2276,64.6782,20.4892091124558
"277",93,93,1,45.4747892152992,84.4206121488589,90.0070525349158,94.1021808037532,100.556609809984,106.463676201563,118.643391118579,123.385838163979,133.531352520564,1,1,1,NA,NA,NA,NA,NA,0.391304347826087,0.260869565217391,0.130434782608696,0,0,0,0,0,0,0,0,0,0,0,0,0,2277,63.492853,18.0180637847008
"278",93,93,2,45.2438241675094,84.189647101069,89.776087487126,93.8712157559633,100.325644762194,106.232711153773,118.412426070789,123.154873116189,133.300387472775,1,1,1,NA,NA,NA,NA,NA,0.344827586206897,0.206896551724138,0.103448275862069,0,0,0,0,0,0,0,0,0,0,0,0,0,2278,54.247268,9.0034438324906
"279",93,93,3,43.4423204885278,82.3881434220874,87.9745838081444,92.0697120769817,98.5241410832125,104.431207474792,116.610922391807,121.353369437207,131.498883793793,1,1,1,NA,NA,NA,NA,NA,0.323529411764706,0.205882352941176,0.147058823529412,0,0,0,0,0,0,0,0,0,0,0,0,0,2279,45.658922,2.21660151147224
"280",94,94,1,41.7875380924557,80.7093038037133,86.2922933899638,90.3848920573266,96.8353340985445,102.738751636444,114.910943022378,119.650460611055,129.789707982484,1,1,1,1,NA,NA,NA,NA,0.444444444444444,0.296296296296296,0.222222222222222,0.0740740740740741,0,0,0,0,0,0,0,0,0,0,0,0,2280,56.288724,14.5011859075443
"281",94,94,2,43.8629324336263,82.784698144884,88.3676877311344,92.4602863984972,98.9107284397152,104.814145977614,116.986337363548,121.725854952225,131.865102323654,1,1,1,NA,NA,NA,NA,NA,0.323529411764706,0.205882352941176,0.117647058823529,0,0,0,0,0,0,0,0,0,0,0,0,0,2281,45.742213,1.8792805663737
"282",94,94,3,41.8038000764579,80.7255657877155,86.308555373966,90.4011540413288,96.8515960825467,102.755013620446,114.92720500638,119.666722595057,129.805969966486,1,1,1,1,NA,NA,NA,NA,0.342857142857143,0.228571428571429,0.171428571428571,0.0571428571428571,0,0,0,0,0,0,0,0,0,0,0,0,2282,44.827725,3.02392492354215
"283",95,95,1,41.6639618772966,80.5451045933155,86.1222671633647,90.2105943488679,96.6543040059933,102.55156009417,114.711047255008,119.445618166758,129.574283114954,1,1,1,1,NA,NA,NA,NA,0.352941176470588,0.235294117647059,0.176470588235294,0.0588235294117647,0,0,0,0,0,0,0,0,0,0,0,0,2283,46.735693,5.07173112270342
"284",95,95,2,42.0352369767314,80.9163796927503,86.4935422627995,90.5818694483028,97.0255791054281,102.922835193605,115.082322354443,119.816893266192,129.945558214389,1,1,1,1,NA,NA,NA,NA,0.461538461538462,0.307692307692308,0.230769230769231,0.0384615384615385,0,0,0,0,0,0,0,0,0,0,0,0,2284,58.933995,16.8987580232686
"285",95,95,3,44.4089276193343,83.2900703353532,88.8672329054025,92.9555600909057,99.3992697480311,105.296525836208,117.456012997046,122.190583908795,132.319248856992,1,1,1,NA,NA,NA,NA,NA,0.357142857142857,0.25,0.142857142857143,0,0,0,0,0,0,0,0,0,0,0,0,0,2285,56.225757,11.8168293806657
"286",96,96,1,43.9246329455506,82.7633945762418,88.3344779473206,92.4183487889206,98.855034696492,104.745862678497,116.892095798252,121.621505949803,131.739130486545,1,1,1,NA,NA,NA,NA,NA,0.44,0.28,0.16,0,0,0,0,0,0,0,0,0,0,0,0,0,2286,60.618957,16.6943240544494
"287",96,96,2,44.7773562537165,83.6161178844077,89.1872012554865,93.2710720970865,99.707758004658,105.598585986663,117.744819106418,122.474229257969,132.591853794711,1,1,1,NA,NA,NA,NA,NA,0.909090909090909,0.545454545454545,0.363636363636364,0,0,0,0,0,0,0,0,0,0,0,0,0,2287,81.350766,36.5734097462835
"288",96,96,3,48.801415425788,87.6401770564792,93.211260427558,97.2951312691579,103.731817176729,109.622645158734,121.76887827849,126.49828843004,136.615912966782,1,1,1,NA,NA,NA,NA,NA,0.2,0.114285714285714,0.0285714285714286,0,0,0,0,0,0,0,0,0,0,0,0,0,2288,45.054521,-3.74689442578796
"289",97,97,1,41.78897010464,80.5958876222685,86.1624032316242,90.2429256851872,96.6743341187821,102.560332178709,114.696606535504,119.422139017807,129.53146805886,1,1,1,1,NA,NA,NA,NA,0.333333333333333,0.222222222222222,0.166666666666667,0.0555555555555556,0,0,0,0,0,0,0,0,0,0,0,0,2289,43.341923,1.55295289535998
"290",97,97,2,41.4519216758131,80.2588391934417,85.8253548027973,89.9058772563603,96.3372856899552,102.223283749882,114.359558106677,119.08509058898,129.194419630033,1,1,1,1,NA,NA,NA,NA,0.923076923076923,0.692307692307692,0.461538461538462,0.153846153846154,0,0,0,0,0,0,0,0,0,0,0,0,2290,79.522311,38.0703893241869
"291",97,97,3,48.5724151773513,87.3793326949798,92.9458483043355,97.0263707578985,103.457779191493,109.34377725142,121.480051608215,126.205584090518,136.314913131571,1,1,1,NA,NA,NA,NA,NA,0.205128205128205,0.102564102564103,0.0256410256410256,0,0,0,0,0,0,0,0,0,0,0,0,0,2291,38.311964,-10.2604511773513
"292",98,98,1,40.494223037151,79.2936218480151,84.8590589641216,88.9387908304971,95.3689532008335,101.253810868885,113.387733864275,118.112350790917,128.219721184246,0,1,1,1,NA,NA,NA,NA,0,0.9,0.7,0.2,0,0,0,0,0,0,0,0,0,0,0,0,2292,83.719174,43.224950962849
"293",98,98,2,49.3960286583872,88.1954274692514,93.7608645853579,97.8405964517334,104.27075882207,110.155616490121,122.289539485511,127.014156412153,137.121526805483,1,1,1,NA,NA,NA,NA,NA,0.269230769230769,0.115384615384615,0.0384615384615385,0,0,0,0,0,1,0,0,0,0,0,0,0,2293,58.171815,8.77578634161276
"294",98,98,3,44.3876252802907,83.1870240911548,88.7524612072613,92.8321930736368,99.2623554439732,105.147213112025,117.281136107415,122.005753034057,132.113123427386,1,1,1,NA,NA,NA,NA,NA,0.3125,0.21875,0.125,0,0,0,0,0,1,0,0,0,0,0,0,0,2294,49.614802,5.22717671970935
"295",99,99,1,42.7681746357162,81.5097472537785,87.066889704257,91.1405411835978,97.5611201113972,103.43720705298,115.553045784384,120.270621194464,130.362927675285,1,1,1,1,NA,NA,NA,NA,0.423076923076923,0.307692307692308,0.192307692307692,0.0384615384615385,0,0,0,0,0,0,0,0,0,0,0,0,2295,58.815744,16.0475693642838
"296",99,99,2,44.5830793256336,83.3246519436959,88.8817943941744,92.9554458735152,99.3760248013146,105.252111742897,117.367950474302,122.085525884382,132.177832365202,1,1,1,NA,NA,NA,NA,NA,0.285714285714286,0.2,0.114285714285714,0,0,0,0,0,0,0,0,0,0,0,0,0,2296,43.914376,-0.668703325633608
"297",99,99,3,41.6437539098898,80.3853265279521,85.9424689784305,90.0161204577713,96.4366993855707,102.312786327153,114.428625058558,119.146200468638,129.238506949459,1,1,1,1,NA,NA,NA,NA,0.521739130434783,0.347826086956522,0.260869565217391,0.0869565217391304,0,0,0,0,0,0,0,0,0,0,0,0,2297,63.243405,21.5996510901102
"298",100,100,1,45.5063206026668,84.2185960034263,89.7715360222803,93.8421069180376,100.257830464825,106.129473782043,118.236150253474,122.950158130731,133.034832590545,1,1,1,NA,NA,NA,NA,NA,0.161290322580645,0.0967741935483871,0.0483870967741935,0,0,0,0,0,0,0,0,0,0,0,0,0,2298,1.983199,-43.5231216026668
"299",100,100,2,33.3649094280827,72.0771848288422,77.6301248476962,81.7006957434535,88.1164192902411,93.9880626074589,106.09473907889,110.808746956147,120.893421415961,1,1,1,1,1,NA,NA,NA,0.80952380952381,0.666666666666667,0.523809523809524,0.333333333333333,0.142857142857143,0,0,0,0,0,0,0,0,0,0,0,2299,66.180236,32.8153265719173
"300",100,100,3,46.0883831690458,84.8006585698053,90.3535985886592,94.4241694844166,100.839893031204,106.711536348422,118.818212819853,123.53222069711,133.616895156924,1,1,1,NA,NA,NA,NA,NA,0.145161290322581,0.0967741935483871,0.0483870967741935,0,0,0,0,0,0,0,0,0,0,0,0,0,2300,2.425534,-43.6628491690458
"301",101,101,1,33.5045350861926,72.2791388307173,77.8410193096919,81.9181439907663,88.3441971143764,94.2252940170359,106.351462731822,111.073060354204,121.17397155159,1,1,1,1,1,NA,NA,NA,0.515151515151515,0.424242424242424,0.333333333333333,0.212121212121212,0.0909090909090909,0,0,0,0,0,0,0,0,0,0,0,2301,48.034389,14.5298539138074
"302",101,101,2,42.4382778213223,81.2128815658469,86.7747620448215,90.8518867258959,97.277939849506,103.159036752166,115.285205466952,120.006803089334,130.107714286719,1,1,1,1,NA,NA,NA,NA,0.461538461538462,0.307692307692308,0.192307692307692,0.0384615384615385,0,0,0,0,0,0,0,0,0,0,0,0,2302,58.032855,15.5945771786778
"303",101,101,3,44.3967510824892,83.1713548270139,88.7332353059885,92.8103599870629,99.2364131106729,105.117510013332,117.243678728119,121.965276350501,132.066187547886,1,1,1,NA,NA,NA,NA,NA,0.161290322580645,0.112903225806452,0.0645161290322581,0,0,0,0,0,0,0,0,0,0,0,0,0,2303,1.8778,-42.5189510824892
"304",102,102,1,33.4256531707216,72.2380787145187,77.8053844024379,81.886486021415,88.318807291386,94.2056407753403,106.343637683707,111.069840880363,121.180604780262,1,1,1,1,1,NA,NA,NA,0.708333333333333,0.583333333333333,0.458333333333333,0.291666666666667,0.125,0,0,0,0,0,0,0,0,0,0,0,2304,62.347314,28.9216608292784
"305",102,102,2,45.1970990267938,84.009524570591,89.5768302585101,93.6579318774872,100.090253147458,105.977086631413,118.115083539779,122.841286736435,132.952050636334,1,1,1,NA,NA,NA,NA,NA,0.714285714285714,0.428571428571429,0.285714285714286,0,0,0,0,0,0,0,0,0,0,0,0,0,2305,77.670351,32.4732519732062
"306",102,102,3,48.1799955057715,86.9924210495687,92.5597267374878,96.6408283564649,103.073149626436,108.95998311039,121.097980018757,125.824183215413,135.934947115312,1,1,1,NA,NA,NA,NA,NA,0.228571428571429,0.114285714285714,0.0571428571428571,0,0,0,0,0,0,0,0,0,0,0,0,0,2306,44.819965,-3.36003050577152
"307",103,103,1,41.82752607017,80.6299790600191,86.1958542716013,90.2759072829356,96.7065758174751,102.591896724885,114.72677486839,119.451763703519,129.559929720471,1,1,1,1,NA,NA,NA,NA,0.307692307692308,0.205128205128205,0.153846153846154,0.0512820512820513,0,0,0,0,0,0,0,0,0,0,0,0,2307,37.669223,-4.15830307017003
"308",103,103,2,40.4312232791165,79.2336762689655,84.7995514805477,88.879604491882,95.3102730264216,101.195593933832,113.330472077336,118.055460912466,128.163626929418,1,1,1,1,NA,NA,NA,NA,0.342105263157895,0.236842105263158,0.184210526315789,0.0789473684210526,0,0,0,0,0,0,0,0,0,0,0,0,2308,39.904437,-0.52678627911645
"309",103,103,3,40.8676864527007,79.6701394425498,85.236014654132,89.3160676654663,95.7467362000058,101.632057107416,113.76693525092,118.49192408605,128.600090103002,1,1,1,1,NA,NA,NA,NA,0.342105263157895,0.236842105263158,0.157894736842105,0.0526315789473684,0,0,0,0,0,0,0,0,0,0,0,0,2309,39.808231,-1.05945545270068
"310",104,104,1,40.8233724209695,79.6154634008947,85.1798522720594,89.2588157247052,95.6877669798967,101.57151624044,113.703153822639,118.426880872045,128.532347551494,1,1,1,1,NA,NA,NA,NA,0.333333333333333,0.230769230769231,0.153846153846154,0.0512820512820513,0,0,0,0,0,0,0,0,0,0,0,0,2310,38.633895,-2.18947742096953
"311",104,104,2,40.594233587715,79.3863245676402,84.9507134388049,89.0296768914507,95.4586281466422,101.342377407186,113.474014989384,118.197742038791,128.303208718239,1,1,1,1,NA,NA,NA,NA,0.541666666666667,0.375,0.291666666666667,0.0833333333333333,0,0,0,0,0,0,0,0,0,0,0,0,2311,61.361085,20.766851412285
"312",104,104,3,45.0288092115175,83.8209001914427,89.3852890626074,93.4642525152531,99.8932037704446,105.776953030988,117.908590613187,122.632317662593,132.737784342042,1,1,1,NA,NA,NA,NA,NA,0.303030303030303,0.181818181818182,0.121212121212121,0,0,0,0,0,0,0,0,0,0,0,0,0,2312,47.771289,2.7424797884825
"313",105,105,1,42.3994384100144,81.157154694483,86.7166128138368,90.7919617893321,97.2152161811703,103.093751696235,115.214639114244,119.934180344463,130.030692303226,1,1,1,1,NA,NA,NA,NA,1,0.666666666666667,0.416666666666667,0.0833333333333333,0,0,0,0,0,0,0,0,0,0,0,0,2313,80.771845,38.3724065899856
"314",105,105,2,48.8724520306803,87.6301683151489,93.1896264345026,97.264975409998,103.688229801836,109.566765316901,121.68765273491,126.407193965129,136.503705923892,1,1,1,NA,NA,NA,NA,NA,0.269230769230769,0.153846153846154,0.0384615384615385,0,0,0,0,0,0,0,0,0,0,0,0,0,2314,59.021424,10.1489719693197
"315",105,105,3,44.6061368998619,83.3638531843305,88.9233113036843,92.9986602791797,99.4219146710178,105.300450186082,117.421337604091,122.14087883431,132.237390793073,1,1,1,NA,NA,NA,NA,NA,0.37037037037037,0.259259259259259,0.148148148148148,0,0,0,0,0,0,0,0,0,0,0,0,0,2315,57.771603,13.1654661001381
"316",106,106,1,44.4073662516745,83.1783467846316,88.7397075453437,92.8164512480487,99.2419039025949,105.122451258482,117.247486868852,121.968643291441,132.068610630354,1,1,1,NA,NA,NA,NA,NA,0.294117647058824,0.205882352941176,0.117647058823529,0,0,0,0,0,0,0,0,0,0,0,0,0,2316,46.086891,1.6795247483255
"317",106,106,2,42.1046609869348,80.8756415198919,86.437002280604,90.513745983309,96.9391986378552,102.819745993743,114.944781604112,119.665938026702,129.765905365614,1,1,1,1,NA,NA,NA,NA,0.545454545454545,0.363636363636364,0.272727272727273,0.0454545454545455,0,0,0,0,0,0,0,0,0,0,0,0,2317,64.289177,22.1845160130652
"318",106,106,3,45.6917840416149,84.462764574572,90.0241253352841,94.1008690379891,100.526321692535,106.406869048423,118.531904658793,123.253061081382,133.353028420294,1,1,1,NA,NA,NA,NA,NA,0.409090909090909,0.272727272727273,0.136363636363636,0,0,0,0,0,0,0,0,0,0,0,0,0,2318,64.829566,19.1377819583851
"319",107,107,1,45.8347863010311,84.6172173522559,90.180220590463,94.2581683078099,100.685518638453,106.567802739555,118.696419325692,123.418970082062,133.521920318464,1,1,1,NA,NA,NA,NA,NA,0.529411764705882,0.352941176470588,0.176470588235294,0,0,0,0,0,0,0,0,0,0,0,0,0,2319,73.365242,27.530455698969
"320",107,107,2,47.5238159275255,86.3062469787503,91.8692502169574,95.9471979343043,102.374548264947,108.25683236605,120.385448952186,125.107999708556,135.210949944959,1,1,1,NA,NA,NA,NA,NA,0.421052631578947,0.263157894736842,0.105263157894737,0,0,0,0,0,0,0,0,0,0,0,0,0,2320,69.169259,21.6454430724745
"321",107,107,3,46.6935196979982,85.475950749223,91.0389539874301,95.116901704777,101.54425203542,107.426536136522,119.555152722659,124.277703479029,134.380653715431,1,1,1,NA,NA,NA,NA,NA,0.36,0.2,0.12,0,0,0,0,0,0,0,0,0,0,0,0,0,2321,60.62895,13.9354303020018
"322",108,108,1,45.0195720593923,83.7839366079332,89.3443483630845,93.4203963992772,99.8447525972973,105.724296480765,117.84726304244,122.567613834197,132.665857687513,1,1,1,NA,NA,NA,NA,NA,0.625,0.375,0.25,0,0,0,0,0,0,0,0,0,0,0,0,0,2322,74.209385,29.1898129406077
"323",108,108,2,47.7227686238222,86.4871331723631,92.0475449275144,96.1235929637071,102.547949161727,108.427493045195,120.55045960687,125.270810398627,135.369054251943,1,1,1,NA,NA,NA,NA,NA,0.275862068965517,0.172413793103448,0.0689655172413793,0,0,0,0,0,0,0,0,0,0,0,0,0,2323,54.450827,6.72805837617783
"324",108,108,3,43.789811682186,82.554176230727,88.1145879858782,92.1906360220709,98.6149922200911,104.494536103558,116.617502665234,121.337853456991,131.436097310306,1,1,1,NA,NA,NA,NA,NA,0.305555555555556,0.194444444444444,0.111111111111111,0,0,0,0,0,0,0,0,0,0,0,0,0,2324,43.700895,-0.0889166821860243
"325",109,109,1,41.7177125385239,80.4289769717656,85.9817719761008,90.0522365692729,96.4677925700291,102.339282549821,114.445642856507,119.159527627881,129.243938727347,1,1,1,1,NA,NA,NA,NA,0.857142857142857,0.571428571428571,0.428571428571429,0.142857142857143,0,0,0,0,0,0,0,0,0,0,0,0,2325,77.011601,35.2938884614761
"326",109,109,2,48.3357501701149,87.0470146033566,92.5998096076918,96.6702742008639,103.08583020162,108.957320181412,121.063680488098,125.777565259472,135.861976358938,1,1,1,NA,NA,NA,NA,NA,0.380952380952381,0.19047619047619,0.0952380952380952,0,0,0,0,0,0,0,0,0,0,0,0,0,2326,65.695182,17.3594318298851
"327",109,109,3,46.0874493746634,84.7987138079051,90.3515088122403,94.4219734054124,100.837529406169,106.70901938596,118.815379692647,123.529264464021,133.613675563487,1,1,1,NA,NA,NA,NA,NA,0.409090909090909,0.272727272727273,0.136363636363636,0,0,0,0,0,0,0,0,0,0,0,0,0,2327,64.067623,17.9801736253366
"328",110,110,1,45.7656887093529,84.4509854668084,90.0000556333608,94.0677897421015,100.479042161441,106.346593521547,118.444832831826,123.15555550986,133.233201944783,1,1,1,NA,NA,NA,NA,NA,0.264705882352941,0.176470588235294,0.0882352941176471,0,0,0,0,0,0,0,0,0,0,0,0,0,2328,45.448723,-0.316965709352928
"329",110,110,2,42.0643618248344,80.7496585822899,86.2987287488423,90.366462857583,96.7777152769229,102.645266637028,114.743505947307,119.454228625341,129.531875060265,1,1,1,1,NA,NA,NA,NA,0.387096774193548,0.258064516129032,0.193548387096774,0.0645161290322581,0,0,0,0,0,0,0,0,0,0,0,0,2329,51.468451,9.40408917516557
"330",110,110,3,43.2610480460338,81.9463448034893,87.4954149700417,91.5631490787824,97.9744014981223,103.841952858228,115.940192168506,120.650914846541,130.728561281464,1,1,1,1,NA,NA,NA,NA,0.5,0.363636363636364,0.227272727272727,0.0454545454545455,0,0,0,0,0,0,0,0,0,0,0,0,2330,65.155527,21.8944789539662
"331",111,111,1,46.004934967816,84.6665375509556,90.2122089937851,94.2774516753138,100.684777297003,106.548734868347,118.639564185291,123.347401615088,133.418875640043,1,1,1,NA,NA,NA,NA,NA,0.142857142857143,0.0952380952380952,0.0476190476190476,0,0,0,0,0,0,0,0,0,0,0,0,0,2331,1.366036,-44.638898967816
"332",111,111,2,33.3210117591363,71.9826143422759,77.5282857851054,81.5935284666342,88.0008540883238,93.8648116596674,105.955640976611,110.663478406408,120.734952431363,1,1,1,1,1,NA,NA,NA,0.548387096774194,0.451612903225806,0.354838709677419,0.225806451612903,0.0967741935483871,0,0,0,0,0,0,0,0,0,0,0,2332,51.386447,18.0654352408637
"333",111,111,3,43.2670866069603,81.9286891900999,87.4743606329294,91.5396033144582,97.9469289361478,103.810886507491,115.901715824435,120.609553254232,130.681027279187,1,1,1,1,NA,NA,NA,NA,0.6875,0.5,0.3125,0.0625,0,0,0,0,0,0,0,0,0,0,0,0,2333,73.554363,30.2872763930397
"334",112,112,1,47.6311670029322,86.303777827666,91.851028307239,95.9174284983015,102.326578498281,108.192205732995,120.28647771039,124.995655617775,135.069997325699,1,1,1,NA,NA,NA,NA,NA,0.444444444444444,0.277777777777778,0.111111111111111,0,0,0,0,0,0,0,0,0,0,0,0,0,2334,71.372173,23.7410059970678
"335",112,112,2,47.2020211018871,85.8746319266209,91.4218824061939,95.4882825972564,101.897432597236,107.763059831949,119.857331809344,124.56650971673,134.640851424654,1,1,1,NA,NA,NA,NA,NA,0.391304347826087,0.217391304347826,0.0869565217391304,0,0,0,0,0,0,0,0,0,0,0,0,0,2335,63.400842,16.1988208981129
"336",112,112,3,45.6343922407322,84.307003065466,89.854253545039,93.9206537361015,100.329803736081,106.195430970795,118.28970294819,122.998880855575,133.073222563499,1,1,1,NA,NA,NA,NA,NA,0.285714285714286,0.171428571428571,0.0857142857142857,0,0,0,0,0,0,0,0,0,0,0,0,0,2336,44.074959,-1.55943324073223
"337",113,113,1,41.8673347790882,80.5105096294015,86.0535377738455,90.1168427911026,96.5211144140752,102.382276978585,114.467343301824,119.172936779882,129.239610320116,1,1,1,1,NA,NA,NA,NA,0.352941176470588,0.235294117647059,0.176470588235294,0.0588235294117647,0,0,0,0,0,0,0,0,0,0,0,0,2337,45.893141,4.02580622091183
"338",113,113,2,42.2265068231284,80.8696816734417,86.4127098178857,90.4760148351428,96.8802864581154,102.741449022625,114.826515345864,119.532108823922,129.598782364156,1,1,1,1,NA,NA,NA,NA,0.363636363636364,0.242424242424242,0.181818181818182,0.0303030303030303,0,0,0,0,0,0,0,0,0,0,0,0,2338,48.159542,5.93303517687165
"339",113,113,3,42.6742221122384,81.3173969625518,86.8604251069957,90.9237301242529,97.3280017472255,103.189164311735,115.274230634974,119.979824113032,130.046497653266,1,1,1,1,NA,NA,NA,NA,0.268292682926829,0.195121951219512,0.121951219512195,0.024390243902439,0,0,0,0,0,0,0,0,0,0,0,0,2339,35.191119,-7.48310311223842
"340",114,114,1,40.116203299457,78.724697692561,84.2627512263235,88.3224096157783,94.7209337019909,100.576836144932,112.651056681635,117.352427107786,127.410066275396,1,1,1,1,NA,NA,NA,NA,0.209677419354839,0.161290322580645,0.112903225806452,0.0483870967741935,0,0,0,0,0,0,0,0,0,0,0,0,2340,1.980029,-38.136174299457
"341",114,114,2,33.5541738243403,72.1626682174442,77.7007217512068,81.7603801406616,88.1589042268741,94.0148066698151,106.089027206518,110.790397632669,120.848036800279,1,1,1,1,1,NA,NA,NA,0.607142857142857,0.5,0.392857142857143,0.25,0.107142857142857,0,0,0,0,0,0,0,0,0,0,0,2341,54.764122,21.2099481756597
"342",114,114,3,43.9835446785731,82.592039071677,88.1300926054396,92.1897509948944,98.5882750811069,104.444177524048,116.518398060751,121.219768486902,131.277407654512,1,1,1,NA,NA,NA,NA,NA,0.55,0.35,0.2,0,0,0,0,0,0,0,0,0,0,0,0,0,2342,67.952625,23.9690803214269
"343",115,115,1,46.669926351183,85.2136614861303,90.7424258661945,94.7952748612453,101.183066499077,107.029146650214,119.083114711988,123.776599379683,133.817368548565,1,1,1,NA,NA,NA,NA,NA,0.28125,0.15625,0.09375,0,0,0,0,0,0,0,0,0,0,0,0,0,2343,49.076048,2.40612164881704
"344",115,115,2,42.8847574356767,81.4284925706241,86.9572569506883,91.010105945739,97.3978975835711,103.243977734708,115.297945796481,119.991430464176,130.032199633059,1,1,1,1,NA,NA,NA,NA,0.186440677966102,0.135593220338983,0.0847457627118644,0.0169491525423729,0,0,0,0,0,0,0,0,0,0,0,0,2344,6.93161,-35.9531474356767
"345",115,115,3,34.4338705678361,72.9776057027835,78.5063700828477,82.5592190778985,88.9470107157306,94.7930908668675,106.847058928641,111.540543596336,121.581312765218,1,1,1,1,1,NA,NA,NA,0.447368421052632,0.342105263157895,0.289473684210526,0.184210526315789,0.0789473684210526,0,0,0,0,0,0,0,0,0,0,0,2345,39.420941,4.98707043216386
"346",116,116,1,40.9235546927667,79.4792482090589,85.0097279151701,89.063834326339,95.4536078076041,101.30150173355,113.359209597558,118.054150441705,128.098034808072,1,1,1,1,NA,NA,NA,NA,0.295454545454545,0.204545454545455,0.136363636363636,0.0454545454545455,0,0,0,0,0,0,0,0,0,0,0,0,2346,30.356763,-10.5667916927667
"347",116,116,2,39.1031845220077,77.6588780382999,83.189357744411,87.24346415558,93.633237636845,99.4811315627907,111.538839426799,116.233780270946,126.277664637313,1,1,1,1,NA,NA,NA,NA,0.466666666666667,0.333333333333333,0.266666666666667,0.133333333333333,0,0,0,0,0,0,0,0,0,0,0,0,2347,51.614718,12.5115334779923
"348",116,116,3,43.3724461333019,81.9281396495941,87.4586193557053,91.5127257668743,97.9024992481393,103.750393174085,115.808101038093,120.503041882241,130.546926248607,1,1,1,1,NA,NA,NA,NA,0.366666666666667,0.266666666666667,0.166666666666667,0.0333333333333333,0,0,0,0,0,0,0,0,0,0,0,0,2348,53.038186,9.66573986669807
"349",117,117,1,43.6839745243678,82.1855305533103,87.7082447065855,91.7566585957291,98.1374599577178,103.977142637682,116.01791982434,120.706268326932,130.736049700634,1,1,1,1,NA,NA,NA,NA,0.333333333333333,0.212121212121212,0.151515151515152,0.0303030303030303,0,0,0,0,0,0,0,0,0,0,0,0,2349,48.201597,4.51762247563215
"350",117,117,2,42.7249491180202,81.2265051469627,86.7492193002379,90.7976331893814,97.1784345513701,103.018117231335,115.058894417992,119.747242920584,129.777024294286,1,1,1,1,NA,NA,NA,NA,0.363636363636364,0.242424242424242,0.151515151515152,0.0303030303030303,0,0,0,0,0,0,0,0,0,0,0,0,2350,48.416344,5.69139488197983
"351",117,117,3,42.7675303315442,81.2690863604867,86.7918005137619,90.8402144029054,97.2210157648941,103.060698444859,115.101475631516,119.789824134108,129.819605507811,1,1,1,1,NA,NA,NA,NA,0.305555555555556,0.222222222222222,0.138888888888889,0.0277777777777778,0,0,0,0,0,0,0,0,0,0,0,0,2351,42.31235,-0.455180331544199
"352",118,118,1,41.5956152440776,80.0736987396616,85.5930459616862,89.6389917290221,96.0159030255622,101.852025533922,113.88546204209,118.570952285744,128.594618987673,1,1,1,1,NA,NA,NA,NA,0.387096774193548,0.290322580645161,0.193548387096774,0.0645161290322581,0,0,0,0,0,0,0,0,0,0,0,0,2352,50.635963,9.04034775592236
"353",118,118,2,43.2317512243546,81.7098347199386,87.2291819419631,91.275127709299,97.6520390058392,103.488161514199,115.521598022367,120.207088266021,130.23075496795,1,1,1,1,NA,NA,NA,NA,0.366666666666667,0.266666666666667,0.166666666666667,0.0333333333333333,0,0,0,0,0,0,0,0,0,0,0,0,2353,52.755248,9.5234967756454
"354",118,118,3,43.6483297511267,82.1264132467107,87.6457604687352,91.6917062360711,98.0686175326113,103.904740040971,115.938176549139,120.623666792793,130.647333494722,1,1,1,1,NA,NA,NA,NA,0.297297297297297,0.189189189189189,0.135135135135135,0.027027027027027,0,0,0,0,0,0,0,0,0,0,0,0,2354,41.336494,-2.31183575112671
"355",119,119,1,41.4479777221747,79.8835224855298,85.3967678955038,89.4382407424659,95.8081021628832,101.637772654144,113.657905819554,118.338216106289,128.35080132923,1,1,1,1,NA,NA,NA,NA,0.413793103448276,0.310344827586207,0.206896551724138,0.0689655172413793,0,0,0,0,0,0,0,0,0,0,0,0,2355,54.104941,12.6569632778253
"356",119,119,2,43.9479227868167,82.3834675501718,87.8967129601458,91.938185807108,98.3080472275252,104.137717718786,116.157850884196,120.838161170931,130.850746393872,1,1,1,1,NA,NA,NA,NA,0.407407407407407,0.259259259259259,0.185185185185185,0.037037037037037,0,0,0,0,0,0,0,0,0,0,0,0,2356,56.839556,12.8916332131833
"357",119,119,3,44.483335376378,82.9188801397331,88.4321255497071,92.4735983966693,98.8434598170865,104.673130308348,116.693263473757,121.373573760493,131.386158983433,1,1,1,NA,NA,NA,NA,NA,0.32258064516129,0.225806451612903,0.129032258064516,0,0,0,0,0,0,0,0,0,0,0,0,0,2357,51.084932,6.60159662362199
"358",120,120,1,43.3402667791471,81.7685841057207,87.2807928025973,91.3215056892237,97.6901693180913,103.518743595543,115.536616489813,120.216046688939,130.22674914094,1,1,1,1,NA,NA,NA,NA,0.379310344827586,0.275862068965517,0.172413793103448,0.0344827586206897,0,0,0,0,0,0,0,0,0,0,0,0,2358,54.091993,10.7517262208529
"359",120,120,2,43.9280655626247,82.3563828891983,87.8685915860749,91.9093044727013,98.2779681015689,104.106542379021,116.124415273291,120.803845472417,130.814547924418,1,1,1,1,NA,NA,NA,NA,0.407407407407407,0.259259259259259,0.185185185185185,0.037037037037037,0,0,0,0,0,0,0,0,0,0,0,0,2359,56.929271,13.0012054373753
"360",120,120,3,44.4826763792285,82.9109937058022,88.4232024026788,92.4639152893052,98.8325789181728,104.661153195625,116.679026089895,121.358456289021,131.369158741022,1,1,1,NA,NA,NA,NA,NA,0.32258064516129,0.225806451612903,0.129032258064516,0,0,0,0,0,0,0,0,0,0,0,0,0,2360,50.086438,5.60376162077146
"361",121,121,1,43.190737225741,81.5906388444083,87.0987715545348,91.1364965477246,97.5004508867242,103.324715241814,115.333701554793,120.009671562816,130.012971629893,1,1,1,1,NA,NA,NA,NA,0.289473684210526,0.210526315789474,0.131578947368421,0.0263157894736842,0,0,0,0,0,0,0,0,0,0,0,0,2361,39.709931,-3.48080622574097
"362",121,121,2,41.1536735172579,79.5535751359252,85.0617078460517,89.0994328392415,95.4633871782411,101.287651533331,113.29663784631,117.972607854333,127.97590792141,1,1,1,1,NA,NA,NA,NA,0.209677419354839,0.145161290322581,0.0967741935483871,0.032258064516129,0,0,0,0,0,0,0,0,0,0,0,0,2362,1.880962,-39.2727115172579
"363",121,121,3,33.7272804276343,72.1271820463016,77.6353147564281,81.6730397496179,88.0369940886175,93.8612584437074,105.870244756686,110.546214764709,120.549514831787,1,1,1,1,1,NA,NA,NA,0.5,0.411764705882353,0.323529411764706,0.205882352941176,0.0882352941176471,0,0,0,0,0,0,0,0,0,0,0,2363,46.655697,12.9284165723657
"364",122,122,1,42.4819744945992,80.9005731148121,86.4113877475857,90.45107871848,96.8181316816712,102.645231884643,114.66006540103,119.338312149743,129.346482846924,1,1,1,1,NA,NA,NA,NA,0.48,0.32,0.24,0.08,0,0,0,0,0,0,0,0,0,0,0,0,2364,60.216323,17.7343485054008
"365",122,122,2,45.1356929426702,83.5542915628831,89.0651061956567,93.104797166551,99.4718501297423,105.298950332714,117.313783849101,121.992030597814,132.000201294995,1,1,1,NA,NA,NA,NA,NA,0.333333333333333,0.2,0.133333333333333,0,0,0,0,0,0,0,0,0,0,0,0,0,2365,52.688955,7.55326205732983
"366",122,122,3,43.662640347088,82.0812389673009,87.5920536000745,91.6317445709688,97.99879753416,103.825897737131,115.840731253519,120.518978002231,130.527148699413,1,1,1,1,NA,NA,NA,NA,0.189655172413793,0.120689655172414,0.0862068965517241,0.0172413793103448,0,0,0,0,0,0,0,0,0,0,0,0,2366,8.14813,-35.514510347088
"367",123,123,1,34.9554385840102,73.3836355121362,78.8958269389002,82.9365271657071,89.3051708411324,95.1337268572775,107.151562098761,111.830977636924,121.841648724735,1,1,1,1,1,NA,NA,NA,0.472222222222222,0.361111111111111,0.277777777777778,0.166666666666667,0.0833333333333333,0,0,0,0,0,0,0,0,0,0,0,2367,42.894608,7.93916941598983
"368",123,123,2,41.7470908434925,80.1752877716186,85.6874791983825,89.7281794251894,96.0968231006147,101.92537911676,113.943214358243,118.622629896406,128.633300984217,1,1,1,1,NA,NA,NA,NA,0.193548387096774,0.145161290322581,0.0967741935483871,0.032258064516129,0,0,0,0,0,0,0,0,0,0,0,0,2368,2.270427,-39.4766638434925
"369",123,123,3,33.8065648805944,72.2347618087204,77.7469532354844,81.7876534622913,88.1562971377166,93.9848531538617,106.002688395345,110.682103933508,120.692775021319,1,1,1,1,1,NA,NA,NA,0.80952380952381,0.666666666666667,0.523809523809524,0.333333333333333,0.142857142857143,0,0,0,0,0,0,0,0,0,0,0,2369,66.596696,32.7901311194056
"370",124,124,1,46.3534462182692,84.7986042507696,90.3132286007928,94.3557122768316,100.727166888984,106.558295462648,118.581435032051,123.262915930072,133.278005441092,1,1,1,NA,NA,NA,NA,NA,0.346153846153846,0.230769230769231,0.115384615384615,0,0,0,0,0,0,0,0,0,0,0,0,0,2370,58.237077,11.8836307817308
"371",124,124,2,44.7334298412562,83.1785878737565,88.6932122237798,92.7356958998186,99.1071505119709,104.938279085635,116.961418655038,121.642899553059,131.657989064079,1,1,1,NA,NA,NA,NA,NA,0.769230769230769,0.538461538461538,0.307692307692308,0,0,0,0,0,0,0,0,0,0,0,0,0,2371,79.450886,34.7174561587438
"372",124,124,3,48.8444686336732,87.2896266661736,92.8042510161968,96.8467346922356,103.218189304388,109.049317878052,121.072457447455,125.753938345476,135.769027856496,1,1,1,NA,NA,NA,NA,NA,0.129032258064516,0.0645161290322581,0.032258064516129,0,0,0,0,0,0,0,0,0,0,0,0,0,2372,2.331563,-46.5129056336732
"373",125,125,1,33.9044171343103,72.3704226305457,77.8880373683586,81.93271314182,88.3076227708266,94.1419133614438,106.171572658662,110.855592159936,120.876112503499,1,1,1,1,1,NA,NA,NA,0.472222222222222,0.388888888888889,0.305555555555556,0.194444444444444,0.0833333333333333,0,0,0,0,0,0,0,0,0,0,0,2373,43.188646,9.28422886568969
"374",125,125,2,41.8273131323321,80.2933186285674,85.8109333663803,89.8556091398417,96.2305187688483,102.064809359466,114.094468656683,118.778488157958,128.799008501521,1,1,1,1,NA,NA,NA,NA,0.352941176470588,0.264705882352941,0.176470588235294,0.0588235294117647,0,0,0,0,0,0,0,0,0,0,0,0,2374,46.771699,4.94438586766793
"375",125,125,3,42.5221291639709,80.9881346602063,86.5057493980192,90.5504251714806,96.9253348004872,102.759625391104,114.789284688322,119.473304189597,129.49382453316,1,1,1,1,NA,NA,NA,NA,0.285714285714286,0.19047619047619,0.142857142857143,0.0238095238095238,0,0,0,0,0,0,0,0,0,0,0,0,2375,33.504016,-9.01811316397093
"376",126,126,1,39.9300261662481,78.3384556527373,83.8478116115108,87.8864333045251,94.2518009534328,100.077358763831,112.089012038016,116.76602048761,126.77154209217,1,1,1,1,NA,NA,NA,NA,0.5,0.384615384615385,0.269230769230769,0.115384615384615,0,0,0,0,0,0,0,0,0,0,0,0,2376,58.858243,18.9282168337519
"377",126,126,2,44.8715641872621,83.2799936737514,88.7893496325249,92.8279713255392,99.1933389744468,105.018896784845,117.03055005903,121.707558508624,131.713080113184,1,1,1,NA,NA,NA,NA,NA,0.285714285714286,0.2,0.114285714285714,0,0,0,0,0,0,0,0,0,0,0,0,0,2377,44.002062,-0.869502187262128
"378",126,126,3,41.9760949915905,80.3845244780797,85.8938804368532,89.9325021298675,96.2978697787752,102.123427589173,114.135080863358,118.812089312953,128.817610917512,1,1,1,1,NA,NA,NA,NA,0.428571428571429,0.321428571428571,0.214285714285714,0.0714285714285714,0,0,0,0,0,0,0,0,0,0,0,0,2378,55.840645,13.8645500084095
"379",127,127,1,44.3282200228455,82.6799139135703,88.1811316433983,92.2137876249559,98.569752574231,104.386705073309,116.380615151177,121.050714886608,131.041456682757,1,1,1,NA,NA,NA,NA,NA,0.366666666666667,0.233333333333333,0.133333333333333,0,0,0,0,0,0,0,0,0,0,0,0,0,2379,51.605113,7.27689297715446
"380",127,127,2,43.510900865582,81.8625947563068,87.3638124861347,91.3964684676924,97.7524334169674,103.569385916046,115.563295993913,120.233395729345,130.224137525493,1,1,1,1,NA,NA,NA,NA,0.392857142857143,0.285714285714286,0.178571428571429,0.0357142857142857,0,0,0,0,0,0,0,0,0,0,0,0,2380,54.839498,11.328597134418
"381",127,127,3,44.1350313933329,82.4867252840577,87.9879430138856,92.0205989954433,98.3765639447183,104.193516443797,116.187426521664,120.857526257095,130.848268053244,1,1,1,1,NA,NA,NA,NA,0.647058823529412,0.411764705882353,0.294117647058824,0.0588235294117647,0,0,0,0,0,0,0,0,0,0,0,0,2381,73.307182,29.1721506066671
"382",128,128,1,47.7534317535787,86.0691441671908,91.5652006663205,95.5940732186686,101.944075015234,107.755570061929,119.738227479036,124.403945736892,134.385314240474,1,1,1,NA,NA,NA,NA,NA,0.421052631578947,0.263157894736842,0.105263157894737,0,0,0,0,0,0,0,0,0,0,0,0,0,2382,69.00694,21.2535082464213
"383",128,128,2,46.9233719002036,85.2390843138158,90.7351408129455,94.7640133652935,101.114015161859,106.925510208554,118.908167625661,123.573885883517,133.555254387099,1,1,1,NA,NA,NA,NA,NA,0.28125,0.15625,0.09375,0,0,0,0,0,0,0,0,0,0,0,0,0,2383,49.05783,2.13445809979635
"384",128,128,3,43.0726687719698,81.3883811855819,86.8844376847117,90.9133102370597,97.2633120336249,103.07480708032,115.057464497427,119.723182755283,129.704551258865,0,1,1,1,NA,NA,NA,NA,0,1,0.625,0.125,0,0,0,0,0,0,0,0,0,0,0,0,2384,87.197679,44.1250102280302
"385",129,129,1,50.522718154943,88.852675811453,94.3507756670775,98.3811460975673,104.733508735477,110.547164414282,122.534276814859,127.201729721132,137.186809157118,1,1,1,NA,NA,NA,NA,NA,0.2,0.0857142857142857,0.0285714285714286,0,0,0,0,0,1,0,0,0,0,0,0,0,2385,44.404318,-6.11840015494296
"386",129,129,2,42.2140198838867,80.5439775403967,86.0420773960212,90.072447826511,96.4248104644204,102.238466143225,114.225578543803,118.893031450076,128.878110886062,1,1,1,1,NA,NA,NA,NA,0.48,0.32,0.24,0.08,0,0,0,0,1,0,0,0,0,0,0,0,2386,60.05533,17.8413101161133
"387",129,129,3,45.2527981734602,83.5827558299702,89.0808556855947,93.1112261160845,99.4635887539939,105.277244432799,117.264356833376,121.931809739649,131.916889175635,1,1,1,NA,NA,NA,NA,NA,0.158730158730159,0.0952380952380952,0.0634920634920635,0,0,0,0,0,0,0,0,0,0,0,0,0,2387,1.375499,-43.8772991734602
"388",130,130,1,34.0127850757718,72.329636098452,77.8258559211734,81.8548481975337,88.2050386939605,94.0167064379789,105.999719937787,110.665576844484,120.647241959456,1,1,1,1,1,NA,NA,NA,0.472222222222222,0.388888888888889,0.305555555555556,0.194444444444444,0.0833333333333333,0,0,0,0,0,0,0,0,0,0,0,2388,43.525475,9.51268992422823
"389",130,130,2,42.0657379900672,80.3825890127474,85.8788088354688,89.9078011118291,96.2579916082559,102.069659352274,114.052672852083,118.71852975878,128.700194873751,1,1,1,1,NA,NA,NA,NA,0.6,0.45,0.3,0.1,0,0,0,0,0,0,0,0,0,0,0,0,2389,68.741049,26.6753110099328
"390",130,130,3,46.8832930493852,85.2001440720654,90.6963638947868,94.7253561711471,101.075546667574,106.887214411592,118.870227911401,123.536084818098,133.517749933069,1,1,1,NA,NA,NA,NA,NA,0.264705882352941,0.147058823529412,0.0882352941176471,0,0,0,0,0,0,0,0,0,0,0,0,0,2390,46.11647,-0.766823049385188
"391",131,131,1,42.5925574798787,80.8952776708672,86.3894705483887,90.416976976872,96.7648255931411,102.574350058248,114.552944354954,119.217080545129,129.195064532189,1,1,1,1,NA,NA,NA,NA,0.923076923076923,0.615384615384615,0.461538461538462,0.153846153846154,0,0,0,0,0,0,0,0,0,0,0,0,2391,78.475012,35.8824545201213
"392",131,131,2,48.7758185074013,87.0785386983898,92.5727315759113,96.6002380043946,102.948086620664,108.757611085771,120.736205382477,125.400341572651,135.378325559712,1,1,1,NA,NA,NA,NA,NA,0.129032258064516,0.0645161290322581,0.032258064516129,0,0,0,0,0,0,0,0,0,0,0,0,0,2392,2.010976,-46.7648425074013
"393",131,131,3,34.1646195910259,72.4673397820144,77.9615326595359,81.9890390880192,88.3368877042883,94.1464121693956,106.125006466101,110.789142656276,120.767126643336,1,1,1,1,1,NA,NA,NA,0.566666666666667,0.466666666666667,0.366666666666667,0.233333333333333,0.1,0,0,0,0,0,0,0,0,0,0,0,2393,51.849575,17.6849554089741
"394",132,132,1,43.6906588915632,82.0226912137742,87.5210886621927,91.5516772424486,97.9043837113896,103.718354062915,115.706115283696,120.373820822767,130.359440715959,1,1,1,1,NA,NA,NA,NA,0.323529411764706,0.205882352941176,0.147058823529412,0.0294117647058824,0,0,0,0,0,0,0,0,0,0,0,0,2394,46.782026,3.09136710843685
"395",132,132,2,42.736845439289,81.0688777615,86.5672752099185,90.5978637901744,96.9505702591154,102.76454061064,114.752301831422,119.420007370493,129.405627263685,1,1,1,1,NA,NA,NA,NA,0.315789473684211,0.210526315789474,0.157894736842105,0.0263157894736842,0,0,0,0,0,0,0,0,0,0,0,0,2395,39.846566,-2.89027943928896
"396",132,132,3,41.4314540073147,79.7634863295258,85.2618837779443,89.2924723582001,95.6451788271412,101.459149178666,113.446910399448,118.114615938519,128.100235831711,1,1,1,1,NA,NA,NA,NA,1,0.75,0.5,0.166666666666667,0,0,0,0,0,0,0,0,0,0,0,0,2396,80.846513,39.4150589926853
"397",133,133,1,49.1640829008321,87.5229120737904,93.0251532979455,97.0585595498474,103.415707018046,109.23374175349,121.229883282561,125.900851883909,135.893452444436,1,1,1,NA,NA,NA,NA,NA,0.2,0.114285714285714,0.0285714285714286,0,0,0,0,0,0,0,0,0,0,0,0,0,2397,43.940706,-5.22337690083206
"398",133,133,2,42.2285356726862,80.5873648456446,86.0896060697997,90.1230123217016,96.4801597899003,102.298194525345,114.294336054416,118.965304655764,128.95790521629,1,1,1,1,NA,NA,NA,NA,0.4,0.266666666666667,0.2,0.0666666666666667,0,0,0,0,0,0,0,0,0,0,0,0,2398,52.327077,10.0985413273138
"399",133,133,3,43.8045497710435,82.1633789440019,87.6656201681569,91.6990264200588,98.0561738882576,103.874208623702,115.870350152773,120.541318754121,130.533919314648,1,1,1,1,NA,NA,NA,NA,0.423076923076923,0.269230769230769,0.192307692307692,0.0384615384615385,0,0,0,0,0,0,0,0,0,0,0,0,2399,57.815726,14.0111762289565
"400",134,134,1,44.8509491648749,83.2143915221968,88.7172944676225,92.7511857928974,99.1090977967697,104.92783223206,116.925416464512,121.596946815,131.590749125154,1,1,1,NA,NA,NA,NA,NA,0.285714285714286,0.2,0.114285714285714,0,0,0,0,0,0,0,0,0,0,0,0,0,2400,44.117049,-0.733900164874903
"401",134,134,2,42.2715434275333,80.6349857848552,86.1378887302809,90.1717800555558,96.5296920594281,102.348426494718,114.34601072717,119.017541077658,129.011343387812,1,1,1,1,NA,NA,NA,NA,0.307692307692308,0.205128205128205,0.153846153846154,0.0512820512820513,0,0,0,0,0,0,0,0,0,0,0,0,2401,38.594449,-3.67709442753331
"402",134,134,3,41.2316600778461,79.5951024351681,85.0980053805937,89.1318967058687,95.4898087097409,101.308543145031,113.306127377483,117.977657727971,127.971460038125,1,1,1,1,NA,NA,NA,NA,0.541666666666667,0.375,0.25,0.0833333333333333,0,0,0,0,0,0,0,0,0,0,0,0,2402,61.587327,20.3556669221539
"403",135,135,1,45.5472554352583,83.9069136688647,89.4092738145764,93.442767241673,99.8000521087682,105.618212591107,117.61461339631,122.285682952675,132.278499486215,1,1,1,NA,NA,NA,NA,NA,0.5,0.3,0.2,0,0,0,0,0,0,0,0,0,0,0,0,0,2403,68.135645,22.5883895647417
"404",135,135,2,46.7757055630053,85.1353637966117,90.6377239423234,94.67121736942,101.028502236515,106.846662718854,118.843063524058,123.514133080423,133.506949613962,1,1,1,NA,NA,NA,NA,NA,0.264705882352941,0.147058823529412,0.0882352941176471,0,0,0,0,0,0,0,0,0,0,0,0,0,2404,46.07425,-0.701455563005311
"405",135,135,3,42.6370361358291,80.9966943694355,86.4990545151472,90.5325479422438,96.889832809339,102.707993291678,114.704394096881,119.375463653246,129.368280186786,1,1,1,1,NA,NA,NA,NA,0.342857142857143,0.228571428571429,0.171428571428571,0.0285714285714286,0,0,0,0,0,0,0,0,0,0,0,0,2405,44.318343,1.68130686417094
"406",136,136,1,42.3125449852631,80.6444547387581,86.1428346057577,90.1734102979919,96.5260964538154,102.34004821486,114.327771104137,118.995461717971,128.981049681611,1,1,1,1,NA,NA,NA,NA,0.352941176470588,0.235294117647059,0.176470588235294,0.0588235294117647,0,0,0,0,0,0,0,0,0,0,0,0,2406,46.183487,3.8709420147369
"407",136,136,2,42.6652314114168,80.9971411649119,86.4955210319115,90.5260967241456,96.8787828799692,102.692734641014,114.68045753029,119.348148144124,129.333736107765,1,1,1,1,NA,NA,NA,NA,0.352941176470588,0.235294117647059,0.176470588235294,0.0294117647058824,0,0,0,0,0,0,0,0,0,0,0,0,2407,46.476174,3.81094258858315
"408",136,136,3,42.7205765922778,81.0524863457728,86.5508662127724,90.5814419050065,96.9341280608301,102.748079821875,114.735802711151,119.403493324985,129.389081288626,1,1,1,1,NA,NA,NA,NA,0.571428571428571,0.380952380952381,0.285714285714286,0.0476190476190476,0,0,0,0,0,0,0,0,0,0,0,0,2408,66.297882,23.5773054077222
"409",137,137,1,46.5099408000247,84.8130290115334,90.3072746784054,94.33481980401,100.682729411732,106.492309695961,118.471019085498,123.135200089665,133.113279947276,0,0,0,NA,NA,NA,NA,NA,0,0,0,0,0,0,0,0,0,0,0,0,0,0,0,0,2409,97.479672,50.9697311999753
"410",137,137,2,52.4274380618825,90.7305262733912,96.2247719402632,100.252317065868,106.60022667359,112.409806957819,124.388516347356,129.052697351523,139.030777209134,1,1,NA,NA,NA,NA,NA,NA,0.142857142857143,0.0571428571428571,0,0,0,0,0,0,1,1,1,0,0,0,0,0,2410,45.064949,-7.36248906188253
"411",137,137,3,42.4804792813399,80.7835674928486,86.2778131597206,90.3053582853252,96.6532678930471,102.462848177276,114.441557566813,119.105738570981,129.083818428591,0,0,0,0,NA,NA,NA,NA,NA,NA,NA,NA,NA,NA,NA,NA,1,1,1,0,0,0,0,0,2411,99.085662,56.6051827186601
"412",138,138,1,52.866877753192,91.2407320588727,96.7451285079511,100.780114642909,107.139752202346,112.960065858862,124.960906270108,129.63370448734,139.630219144123,1,1,NA,NA,NA,NA,NA,NA,0.138888888888889,0.0555555555555556,0,0,0,0,0,0,1,1,1,1,0,0,0,0,2412,42.883787,-9.98309075319203
"413",138,138,2,42.1359827545176,80.5098370601983,86.0142335092767,90.0492196442345,96.4088572036719,102.229170860188,114.230011271433,118.902809488666,128.899324145449,1,1,1,1,NA,NA,NA,NA,0.352941176470588,0.235294117647059,0.176470588235294,0.0588235294117647,0,0,0,0,1,1,1,1,0,0,0,0,2413,46.857927,4.72194424548243
"414",138,138,3,42.8947844679841,81.2686387736648,86.7730352227432,90.8080213577011,97.1676589171384,102.987972573654,114.9888129849,119.661611202132,129.658125858915,1,1,1,1,NA,NA,NA,NA,0.478260869565217,0.347826086956522,0.217391304347826,0.0434782608695652,0,0,0,0,0,0,1,1,0,0,0,0,2414,62.834102,19.9393175320159
"415",139,139,1,45.987944429745,84.3137686851549,89.8112756402551,93.8412114462739,100.192889062223,106.0059178118,117.991737553929,122.658687134444,132.642689805914,1,1,1,NA,NA,NA,NA,NA,0.625,0.375,0.1875,0,0,0,0,0,0,0,0,0,0,0,0,0,2415,74.822901,28.834956570255
"416",139,139,2,48.2769878363245,86.6028120917344,92.1003190468346,96.1302548528534,102.481932468803,108.29496121838,120.280780960509,124.947730541024,134.931733212493,1,1,1,NA,NA,NA,NA,NA,0.666666666666667,0.416666666666667,0.166666666666667,0,0,0,0,0,0,0,0,0,0,0,0,0,2416,80.852488,32.5755001636755
"417",139,139,3,49.4282279535995,87.7540522090095,93.2515591641097,97.2814949701285,103.633172586078,109.446201335655,121.432021077784,126.098970658299,136.082973329769,1,1,1,NA,NA,NA,NA,NA,0.179487179487179,0.102564102564103,0.0256410256410256,0,0,0,0,0,0,0,0,0,0,0,0,0,2417,38.583117,-10.8451109535995
"418",140,140,1,41.3995326778728,79.6861002359653,85.1779761584463,89.2037841479545,95.5489558141828,101.356030345825,113.329573151793,117.991742429976,127.965518603294,0,0,0,0,NA,NA,NA,NA,NA,NA,NA,NA,NA,NA,NA,NA,0,0,0,0,0,0,0,0,2418,99.457351,58.0578183221272
"419",140,140,2,53.0950281669747,91.3815957250671,96.8734716475482,100.899279637056,107.244451303285,113.051525834927,125.025068640895,129.687237919078,139.661014092396,1,1,NA,NA,NA,NA,NA,NA,0.135135135135135,0.0540540540540541,0,0,0,0,0,0,1,1,1,1,0,0,0,0,2419,42.135822,-10.9592061669747
"420",140,140,3,42.082098068373,80.3686656264655,85.8605415489465,89.8863495384547,96.231521204683,102.038595736326,114.012138542293,118.674307820476,128.648083993795,1,1,1,1,NA,NA,NA,NA,0.193548387096774,0.145161290322581,0.0967741935483871,0.032258064516129,0,0,0,0,1,1,1,1,0,0,0,0,2420,2.287161,-39.794937068373
"421",141,141,1,34.393971489987,72.7444489653051,78.2454922108972,82.2780202871561,88.6337836418494,94.450551642411,106.444081304826,111.11403291691,121.104457832863,1,1,1,1,1,NA,NA,NA,0.68,0.52,0.44,0.28,0.12,0,0,0,0,0,1,1,0,0,0,0,2421,60.393531,25.999559510013
"422",141,141,2,45.5889874827289,83.939464958047,89.4405082036392,93.473036279898,99.8287996345914,105.645567635153,117.639097297568,122.309048909651,132.299473825605,1,1,1,NA,NA,NA,NA,NA,0.24390243902439,0.146341463414634,0.0975609756097561,0,0,0,0,0,0,0,0,0,0,0,0,0,2422,34.960767,-10.6282204827289
"423",141,141,3,40.6890049210987,79.0394823964168,84.540525642009,88.5730537182678,94.9288170729612,100.745585073523,112.739114735937,117.409066348021,127.399491263975,1,1,1,1,NA,NA,NA,NA,0.433333333333333,0.3,0.233333333333333,0.1,0,0,0,0,0,0,0,0,0,0,0,0,2423,52.093402,11.4043970789013
"424",142,142,1,44.0148530215644,82.3249664682369,87.8202198441386,91.8485036687088,98.1975775574293,104.008223386752,115.989129811942,120.654166281554,130.634076235921,1,1,1,1,NA,NA,NA,NA,0.354838709677419,0.225806451612903,0.161290322580645,0.032258064516129,0,0,0,0,0,0,0,0,0,0,0,0,2424,51.41009,7.39523697843561
"425",142,142,2,43.8854364423907,82.1955498890632,87.6908032649649,91.7190870895351,98.0681609782556,103.878806807578,115.859713232768,120.52474970238,130.504659656747,1,1,1,1,NA,NA,NA,NA,0.392857142857143,0.25,0.178571428571429,0.0357142857142857,0,0,0,0,0,0,0,0,0,0,0,0,2425,55.458813,11.5733765576093
"426",142,142,3,44.6522484999602,82.9623619466326,88.4576153225344,92.4858991471046,98.8349730358251,104.645618865148,116.626525290337,121.29156175995,131.271471714317,1,1,1,NA,NA,NA,NA,NA,0.37037037037037,0.259259259259259,0.148148148148148,0,0,0,0,0,0,0,0,0,0,0,0,0,2426,57.30147,12.6492215000398
"427",143,143,1,45.0041073251498,83.3132087068141,88.8083169107716,92.8364943173562,99.18540047816,104.995892803596,116.976482720818,121.641395950905,131.621042259025,1,1,1,NA,NA,NA,NA,NA,0.344827586206897,0.241379310344828,0.137931034482759,0,0,0,0,0,0,0,0,0,0,0,0,0,2427,53.918569,8.91446167485024
"428",143,143,2,44.3633318835636,82.6724332652279,88.1675414691854,92.19571887577,98.5446250365738,104.35511736201,116.335707279231,121.000620509319,130.980266817438,1,1,1,NA,NA,NA,NA,NA,0.333333333333333,0.212121212121212,0.121212121212121,0,0,0,0,0,0,0,0,0,0,0,0,0,2428,47.02761,2.66427811643638
"429",143,143,3,43.0580742670454,81.3671756487097,86.8622838526672,90.8904612592519,97.2393674200557,103.049859745491,115.030449662713,119.695362892801,129.67500920092,1,1,1,1,NA,NA,NA,NA,0.733333333333333,0.533333333333333,0.333333333333333,0.0666666666666667,0,0,0,0,0,0,0,0,0,0,0,0,2429,75.343155,32.2850807329546
"430",144,144,1,48.4467351105816,86.7709970047526,92.2682798526889,96.2980513774269,102.649470065745,108.462261845837,120.447592983206,125.114352314424,135.097947985677,1,1,1,NA,NA,NA,NA,NA,0.347826086956522,0.173913043478261,0.0869565217391304,0,0,0,0,0,0,0,0,0,0,0,0,0,2430,63.500692,15.0539568894184
"431",144,144,2,46.1981277884085,84.5223896825796,90.0196725305159,94.0494440552538,100.400862743572,106.213654523664,118.198985661033,122.865744992251,132.849340663504,1,1,1,NA,NA,NA,NA,NA,0.310344827586207,0.206896551724138,0.103448275862069,0,0,0,0,0,0,0,0,0,0,0,0,0,2431,53.729882,7.53175421159148
"432",144,144,3,44.3428790188273,82.6671409129983,88.1644237609346,92.1941952856726,98.5456139739903,104.358405754083,116.343736891452,121.01049622267,130.994091893922,1,1,1,NA,NA,NA,NA,NA,0.647058823529412,0.411764705882353,0.235294117647059,0,0,0,0,0,0,0,0,0,0,0,0,0,2432,72.534631,28.1917519811727
"433",145,145,1,47.9651515819833,86.3068694024757,91.8066561515863,95.838263155766,102.192574786861,108.008014176067,119.998804389408,124.667689335133,134.655832332331,1,1,1,NA,NA,NA,NA,NA,0.347826086956522,0.217391304347826,0.0869565217391304,0,0,0,0,0,0,0,0,0,0,0,0,0,2433,62.622627,14.6574754180167
"434",145,145,2,46.0777468458818,84.4194646663741,89.9192514154847,93.9508584196644,100.30517005076,106.120609439965,118.111399653306,122.780284599031,132.76842759623,0,0,0,NA,NA,NA,NA,NA,0,0,0,0,0,0,0,0,0,0,0,0,0,0,0,0,2434,98.399002,52.3212551541182
"435",145,145,3,52.8901431701312,91.2318609906236,96.7316477397341,100.763254743914,107.117566375009,112.933005764215,124.923795977556,129.592680923281,139.580823920479,1,1,NA,NA,NA,NA,NA,NA,0.25,0.1,0,0,0,0,0,0,1,1,1,0,0,0,0,0,2435,68.103449,15.2133058298688
"436",146,146,1,47.1823147227459,85.5416335612409,91.0439450236686,95.0774027635872,101.434631383273,107.252740388218,119.249035052753,123.920063280851,133.912791400853,1,1,1,NA,NA,NA,NA,NA,0.145161290322581,0.0806451612903226,0.0483870967741935,0,0,0,0,0,1,1,1,0,0,0,0,0,2436,1.677113,-45.5052017227459
"437",146,146,2,34.5731786230131,72.9324974615082,78.4348089239359,82.4682666638545,88.8254952835402,94.6436042884854,106.63989895302,111.310927181119,121.30365530112,1,1,1,1,1,NA,NA,NA,0.85,0.65,0.55,0.35,0.15,0,0,0,0,0,1,0,0,0,0,0,2437,67.876384,33.3032053769869
"438",146,146,3,47.1392129402166,85.4985317787117,91.0008432411394,95.034300981058,101.391529600744,107.209638605689,119.205933270223,123.876961498322,133.869689618324,1,1,1,NA,NA,NA,NA,NA,0.409090909090909,0.227272727272727,0.136363636363636,0,0,0,0,0,0,0,0,0,0,0,0,0,2438,64.387452,17.2482390597834
"439",147,147,1,46.4414573826872,84.7940640866719,90.295412751642,94.3281647149276,100.684280943286,106.501371892347,118.495567438705,123.16577832774,133.15675791473,1,1,1,NA,NA,NA,NA,NA,0.3,0.2,0.1,0,0,0,0,0,0,0,0,0,0,0,0,0,2439,52.287943,5.84648561731279
"440",147,147,2,44.1919152176872,82.5445219216718,88.0458705866419,92.0786225499276,98.4347387782857,104.251829727347,116.246025273705,120.916236162739,130.90721574973,1,1,1,1,NA,NA,NA,NA,0.5,0.318181818181818,0.227272727272727,0.0454545454545455,0,0,0,0,0,0,0,0,0,0,0,0,2440,64.57314,20.3812247823128
"441",147,147,3,46.4759805179264,84.8285872219111,90.3299358868811,94.3626878501668,100.718804078525,106.535895027586,118.530090573944,123.200301462979,133.19128104997,1,1,1,NA,NA,NA,NA,NA,0.36,0.24,0.12,0,0,0,0,0,0,0,0,0,0,0,0,0,2441,59.602994,13.1270134820736
"442",148,148,1,45.6116167022109,83.9201060377955,89.4151264490534,93.4432394993858,99.7920442267707,105.602443720766,117.582842229868,122.247680930881,132.227167798994,1,1,1,NA,NA,NA,NA,NA,0.161290322580645,0.0967741935483871,0.0645161290322581,0,0,0,0,0,0,0,0,0,0,0,0,0,2442,2.0832,-43.5284167022109
"443",148,148,2,34.8906573805337,73.1991467161183,78.6941671273761,82.7222801777085,89.0710849050935,94.8814843990893,106.861882908191,111.526721609204,121.506208477316,1,1,1,1,1,NA,NA,NA,0.5,0.382352941176471,0.323529411764706,0.176470588235294,0.0882352941176471,0,0,0,0,0,0,0,0,0,0,0,2443,45.986854,11.0961966194663
"444",148,148,3,43.0737410787644,81.3822304143491,86.8772508256069,90.9053638759393,97.2541686033243,103.06456809732,115.044966606421,119.709805307435,129.689292175547,1,1,1,1,NA,NA,NA,NA,0.297297297297297,0.216216216216216,0.135135135135135,0.027027027027027,0,0,0,0,0,0,0,0,0,0,0,0,2444,42.07505,-0.998691078764438
"445",149,149,1,42.3325231534343,80.6480418160746,86.1440705233085,90.1729227028663,96.5228923893926,102.334358049115,114.316954873546,118.982649538276,128.963967569095,1,1,1,1,NA,NA,NA,NA,0.292682926829268,0.195121951219512,0.146341463414634,0.0487804878048781,0,0,0,0,0,0,0,0,0,0,0,0,2445,34.88702,-7.4455031534343
"446",149,149,2,41.0054282178219,79.3209468804622,84.8169755876962,88.8458277672539,95.1957974537802,101.007263113503,112.989859937934,117.655554602664,127.636872633483,1,1,1,1,NA,NA,NA,NA,0.393939393939394,0.272727272727273,0.212121212121212,0.0909090909090909,0,0,0,0,0,0,0,0,0,0,0,0,2446,47.002959,5.99753078217807
"447",149,149,3,43.2423417097089,81.5578603723492,87.0538890795831,91.0827412591409,97.4327109456672,103.24417660539,115.226773429821,119.892468094551,129.87378612537,1,1,1,1,NA,NA,NA,NA,0.333333333333333,0.242424242424242,0.151515151515152,0.0303030303030303,0,0,0,0,0,0,0,0,0,0,0,0,2447,47.343298,4.10095629029109
"448",150,150,1,43.3503803177959,81.6137903248059,87.1023444975108,91.1257174853954,97.4670512876845,103.270613422325,115.236914055728,119.89626343048,129.864006985939,1,1,1,1,NA,NA,NA,NA,0.333333333333333,0.242424242424242,0.151515151515152,0.0303030303030303,0,0,0,0,0,0,0,0,0,0,0,0,2448,46.934958,3.58457768220408
"449",150,150,2,43.2757499512771,81.5391599582871,87.027714130992,91.0510871188766,97.3924209211657,103.195983055806,115.162283689209,119.821633063961,129.78937661942,1,1,1,1,NA,NA,NA,NA,0.17741935483871,0.129032258064516,0.0806451612903226,0.0161290322580645,0,0,0,0,0,0,0,0,0,0,0,0,2449,1.89439,-41.3813599512771
"450",150,150,3,35.0438988025904,73.3073088096003,78.7958629823053,82.8192359701899,89.1605697724789,94.9641319071195,106.930432540522,111.589781915274,121.557525470734,1,1,1,1,1,NA,NA,NA,0.68,0.52,0.4,0.24,0.12,0,0,0,0,0,0,0,0,0,0,0,2450,60.524976,25.4810771974096
"451",151,151,1,45.7827873504025,83.9978056676966,89.4794184723827,93.4977031051728,99.8310170300466,105.627239406469,117.578406273509,122.231862974576,132.187000336463,1,1,1,NA,NA,NA,NA,NA,0.256410256410256,0.153846153846154,0.102564102564103,0,0,0,0,0,0,0,0,0,0,0,0,0,2451,38.907856,-6.8749313504025
"452",151,151,2,41.7940802788703,80.0090985961644,85.4907114008505,89.5089960336406,95.8423099585145,101.638532334937,113.589699201977,118.243155903044,128.198293264931,1,1,1,1,NA,NA,NA,NA,0.461538461538462,0.346153846153846,0.230769230769231,0.0769230769230769,0,0,0,0,0,0,0,0,0,0,0,0,2452,58.254982,16.4609017211297
"453",151,151,3,45.363936868926,83.57895518622,89.0605679909062,93.0788526236963,99.4121665485701,105.208388924992,117.159555792032,121.8130124931,131.768149854986,1,1,1,NA,NA,NA,NA,NA,0.256410256410256,0.179487179487179,0.102564102564103,0,0,0,0,0,0,0,0,0,0,0,0,0,2453,38.776551,-6.58738586892598
"454",152,152,1,41.7712159666717,79.9558416246057,85.4330948660087,89.4481837301866,95.7764607281868,101.568073330232,113.509735354423,118.15949113029,128.106711104928,1,1,1,1,NA,NA,NA,NA,0.375,0.28125,0.1875,0.0625,0,0,0,0,0,0,0,0,0,0,0,0,2454,49.27895,7.50773403332835
"455",152,152,2,43.7123901172318,81.8970157751658,87.3742690165689,91.3893578807467,97.7176348787469,103.509247480792,115.450909504984,120.10066528085,130.047885255488,1,1,1,1,NA,NA,NA,NA,0.174603174603175,0.126984126984127,0.0793650793650794,0.0158730158730159,0,0,0,0,0,0,0,0,0,0,0,0,2455,1.484454,-42.2279361172318
"456",152,152,3,34.8784617762642,73.0630874341982,78.5403406756013,82.5554295397791,88.8837065377793,94.6753191398243,106.616981164016,111.266736939882,121.21395691452,1,1,1,1,1,NA,NA,NA,0.548387096774194,0.419354838709677,0.354838709677419,0.225806451612903,0.0967741935483871,0,0,0,0,0,0,0,0,0,0,0,2456,50.650395,15.7719332237358
"457",153,153,1,43.960731089299,82.1519496109673,87.63014854147,91.6459306410353,97.975300263808,103.767912831468,115.711636673712,120.362195264997,130.311132702218,1,1,1,1,NA,NA,NA,NA,0.333333333333333,0.212121212121212,0.151515151515152,0.0303030303030303,0,0,0,0,0,0,0,0,0,0,0,0,2457,47.213358,3.252626910701
"458",153,153,2,43.3258465327745,81.5170650544428,86.9952639849455,91.0110460845108,97.3404157072835,103.133028274944,115.076752117187,119.727310708472,129.676248145693,1,1,1,1,NA,NA,NA,NA,0.55,0.4,0.25,0.05,0,0,0,0,0,0,0,0,0,0,0,0,2458,68.671367,25.3455204672255
"459",153,153,3,47.2895392506194,85.4807577722877,90.9589567027904,94.9747388023557,101.304108425128,107.096720992788,119.040444835032,123.691003426317,133.639940863538,1,1,1,NA,NA,NA,NA,NA,0.333333333333333,0.185185185185185,0.111111111111111,0,0,0,0,0,0,0,0,0,0,0,0,0,2459,57.512751,10.2232117493806
"460",154,154,1,45.2484964776968,83.4445469139414,88.9234389406659,92.9397291129456,99.2698995212005,105.06324496438,117.008479914558,121.659626889841,131.609823056625,1,1,1,NA,NA,NA,NA,NA,0.3125,0.21875,0.125,0,0,0,0,0,0,0,0,0,0,0,0,0,2460,48.792342,3.54384552230315
"461",154,154,2,43.6285762924436,81.8246267286881,87.3035187554127,91.3198089276924,97.6499793359472,103.443324779126,115.388559729304,120.039706704587,129.989902871372,1,1,1,1,NA,NA,NA,NA,0.314285714285714,0.228571428571429,0.142857142857143,0.0285714285714286,0,0,0,0,0,0,0,0,0,0,0,0,2461,44.417136,0.788559707556381
"462",154,154,3,42.8158294919161,81.0118799281607,86.4907719548852,90.5070621271649,96.8372325354198,102.630577978599,114.575812928777,119.22695990406,129.177156070845,1,1,1,1,NA,NA,NA,NA,0.203389830508475,0.135593220338983,0.101694915254237,0.0338983050847458,0,0,0,0,0,0,0,0,0,0,0,0,2462,6.565084,-36.2507454919161
"463",155,155,1,35.8606957793518,74.0305531718761,79.5056880337431,83.5192240242979,89.8450535012689,95.6344261423195,107.57146961569,112.219427054497,122.162799847655,1,1,1,1,1,NA,NA,NA,0.253968253968254,0.206349206349206,0.158730158730159,0.0952380952380952,0.0317460317460317,0,0,0,0,0,0,0,0,0,0,0,2463,1.18573,-34.6749657793518
"464",155,155,2,34.8699860504109,73.0398434429353,78.5149783048023,82.5285142953571,88.854343772328,94.6437164133787,106.580759886749,111.228717325557,121.172090118714,1,1,1,1,1,NA,NA,NA,0.5,0.382352941176471,0.323529411764706,0.205882352941176,0.0882352941176471,0,0,0,0,0,0,0,0,0,0,0,2464,46.531008,11.6610219495891
"465",155,155,3,43.2211761888786,81.391033581403,86.86616844327,90.8797044338248,97.2055339107957,102.994906551846,114.931950025216,119.579907464024,129.523280257182,1,1,1,1,NA,NA,NA,NA,0.275,0.2,0.125,0.025,0,0,0,0,0,0,0,0,0,0,0,0,2465,36.415381,-6.80579518887865
"466",156,156,1,41.3307319384772,79.519748235613,84.9976312761141,89.0131818131842,95.3421864648038,101.134465012393,113.077500142345,117.727790567946,127.676154318468,1,1,1,1,NA,NA,NA,NA,0.40625,0.28125,0.21875,0.0625,0,0,0,0,0,0,0,0,0,0,0,0,2466,48.58357,7.25283806152275
"467",156,156,2,43.5901099383924,81.7791262355282,87.2570092760293,91.2725598130993,97.601564464719,103.393843012309,115.33687814226,119.987168567861,129.935532318383,1,1,1,1,NA,NA,NA,NA,0.333333333333333,0.242424242424242,0.151515151515152,0.0303030303030303,0,0,0,0,0,0,0,0,0,0,0,0,2467,47.346531,3.75642106160756
"468",156,156,3,43.3604176890662,81.5494339862019,87.027317026703,91.0428675637731,97.3718722153927,103.164150762982,115.107185892934,119.757476318535,129.705840069057,0,0,0,1,NA,NA,NA,NA,0,0,0,0.25,0,0,0,0,0,0,0,0,0,0,0,0,2468,93.463236,50.1028183109338
"469",157,157,1,51.9494322380801,90.1525474577732,95.6324528663858,99.6494858961078,105.980827139635,111.775244126352,123.722688480309,128.374695736846,138.326732302844,1,1,NA,NA,NA,NA,NA,NA,0.193548387096774,0.0645161290322581,0,0,0,0,0,0,1,1,1,0,0,0,0,0,2469,50.319732,-1.62970023808012
"470",157,157,2,43.9452922288806,82.1484074485737,87.6283128571863,91.6453458869083,97.9766871304358,103.771104117152,115.718548471109,120.370555727646,130.322592293645,1,1,1,1,NA,NA,NA,NA,0.305555555555556,0.194444444444444,0.138888888888889,0.0277777777777778,0,0,0,0,1,1,1,0,0,0,0,0,2470,43.328335,-0.616957228880622
"471",157,157,3,42.6482227917784,80.8513380114715,86.3312434200841,90.3482764498061,96.6796176933336,102.47403468005,114.421479034007,119.073486290544,129.025522856542,1,1,1,1,NA,NA,NA,NA,0.428571428571429,0.285714285714286,0.214285714285714,0.0714285714285714,0,0,0,0,0,0,1,0,0,0,0,0,2471,55.162606,12.5143832082216
"472",158,158,1,44.8690205432757,83.0406382569577,88.5160256216214,92.5297467088153,98.8558679209991,104.645507556894,116.583101543985,121.231273337741,131.175104700322,1,1,1,NA,NA,NA,NA,NA,0.24390243902439,0.170731707317073,0.0975609756097561,0,0,0,0,0,0,0,0,0,0,0,0,0,2472,34.818241,-10.0507795432757
"473",158,158,2,41.0835689596254,79.2551866733075,84.7305740379711,88.7442951251651,95.0704163373489,100.860055973244,112.797649960334,117.445821754091,127.389653116672,1,1,1,1,NA,NA,NA,NA,0.5,0.346153846153846,0.269230769230769,0.115384615384615,0,0,0,0,0,0,0,0,0,0,0,0,2473,58.219509,17.1359400403746
"474",158,158,3,45.4378148164031,83.6094325300852,89.0848198947488,93.0985409819428,99.4246621941265,105.214301830022,117.151895817112,121.800067610868,131.743898973449,1,1,1,NA,NA,NA,NA,NA,0.357142857142857,0.214285714285714,0.142857142857143,0,0,0,0,0,0,0,0,0,0,0,0,0,2474,55.310811,9.87299618359688
"475",159,159,1,44.9144424383235,83.0843468644149,88.5594884728391,92.5730294089432,98.8988666807121,104.688246455529,116.625304637933,121.273267804036,131.216652849591,1,1,1,NA,NA,NA,NA,NA,0.32258064516129,0.225806451612903,0.129032258064516,0,0,0,0,0,0,0,0,0,0,0,0,0,2475,51.097647,6.18320456167647
"476",159,159,2,44.1301115801556,82.300016006247,87.7751576146712,91.7886985507753,98.1145358225442,103.903915597361,115.840973779765,120.488936945868,130.432321991423,1,1,1,1,NA,NA,NA,NA,0.34375,0.21875,0.15625,0.03125,0,0,0,0,0,0,0,0,0,0,0,0,2476,49.778821,5.64870941984439
"477",159,159,3,43.8845963501873,82.0545007762787,87.5296423847029,91.543183320807,97.8690205925759,103.658400367393,115.595458549797,120.2434217159,130.186806761455,0,0,0,0,NA,NA,NA,NA,NA,NA,NA,NA,NA,NA,NA,NA,0,0,0,0,0,0,0,0,2477,98.762797,54.8782006498127
"478",160,160,1,53.2595627402186,91.3758037866249,96.843247848844,100.851146115039,107.168089840637,112.94933027925,124.869606054279,129.511034611089,139.440440170579,1,1,NA,NA,NA,NA,NA,NA,0.172413793103448,0.0689655172413793,0,0,0,0,0,0,1,1,1,1,0,0,0,0,2478,54.260653,1.00109025978136
"479",160,160,2,44.7933536401925,82.9095946865988,88.3770387488178,92.384937015013,98.7018807406112,104.483121179224,116.403396954253,121.044825511063,130.974231070553,1,1,1,NA,NA,NA,NA,NA,0.3125,0.21875,0.125,0,0,0,0,0,1,1,1,1,0,0,0,0,2479,49.410109,4.61675535980751
"480",160,160,3,43.8705729365734,81.9868139829797,87.4542580451988,91.4621563113939,97.7791000369922,103.560340475605,115.480616250634,120.122044807444,130.051450366934,1,1,1,1,NA,NA,NA,NA,0.423076923076923,0.307692307692308,0.192307692307692,0.0384615384615385,0,0,0,0,0,0,1,1,0,0,0,0,2480,58.838718,14.9681450634266
"481",161,161,1,45.6782653055264,83.7387703867252,89.1982196083288,93.2002572735783,99.507963966719,105.280750711917,117.18359590991,121.818237477934,131.733123636045,0,1,1,NA,NA,NA,NA,NA,0,0.857142857142857,0.571428571428571,0,0,0,0,0,0,0,0,1,0,0,0,0,2481,87.765714,42.0874486944736
"482",161,161,2,51.1643451254872,89.224850206686,94.6842994282897,98.6863370935392,104.99404378668,110.766830531878,122.669675729871,127.304317297895,137.219203456006,1,1,NA,NA,NA,NA,NA,NA,0.153846153846154,0.0769230769230769,0,0,0,0,0,0,1,0,0,1,0,0,0,0,2482,38.228369,-12.9359761254872
"483",161,161,3,41.7694591601786,79.8299642413774,85.2894134629811,89.2914511282306,95.5991578213712,101.371944566569,113.274789764562,117.909431332586,127.824317490698,1,1,1,1,NA,NA,NA,NA,0.5,0.375,0.25,0.0833333333333333,0,0,0,0,1,0,0,1,0,0,0,0,2483,61.832995,20.0635358398214
"484",162,162,1,46.2939339365646,84.3378648674575,89.7949366710055,93.795231574995,100.100191460688,105.870464339215,117.768126223299,122.400749551003,132.311318088707,1,1,1,NA,NA,NA,NA,NA,0.303030303030303,0.181818181818182,0.0909090909090909,0,0,0,0,0,0,0,0,0,0,0,0,0,2484,47.966363,1.6724290634354
"485",162,162,2,43.6636384528732,81.7075693837661,87.1646411873141,91.1649360913036,97.4698959769966,103.240168855524,115.137830739608,119.770454067311,129.681022605015,1,1,1,1,NA,NA,NA,NA,0.423076923076923,0.307692307692308,0.192307692307692,0.0384615384615385,0,0,0,0,0,0,0,0,0,0,0,0,2485,58.841078,15.1774395471268
"486",162,162,3,45.7264114283824,83.7703423592753,89.2274141628233,93.2277090668128,99.5326689525058,105.302941831033,117.200603715117,121.833227042821,131.743795580525,1,1,1,NA,NA,NA,NA,NA,0.909090909090909,0.545454545454545,0.363636363636364,0,0,0,0,0,0,0,0,0,0,0,0,0,2486,82.129995,36.4035835716176
"487",163,163,1,50.1977165154514,88.257832405469,93.7172258009745,97.7192225430213,104.026864736129,109.799592451168,121.702315935527,126.336910111599,136.251694884133,1,1,1,NA,NA,NA,NA,NA,0.25,0.142857142857143,0.0357142857142857,0,0,0,0,0,0,0,0,0,0,0,0,0,2487,55.706172,5.50845548454863
"488",163,163,2,45.1627252266874,83.222841116705,88.6822345122106,92.6842312542573,98.9918734473654,104.764601162404,116.667324646763,121.301918822835,131.21670359537,1,1,1,NA,NA,NA,NA,NA,0.161290322580645,0.112903225806452,0.0645161290322581,0,0,0,0,0,0,0,0,0,0,0,0,0,2488,2.200411,-42.9623142266874
"489",163,163,3,34.9673405341059,73.0274564241235,78.486849819629,82.4888465616758,88.7964887547839,94.5692164698221,106.471939954181,111.106534130253,121.021318902788,1,1,1,1,1,NA,NA,NA,0.274193548387097,0.209677419354839,0.17741935483871,0.112903225806452,0.0483870967741935,0,0,0,0,0,0,0,0,0,0,0,2489,1.748978,-33.2183625341059
"490",164,164,1,34.8183058602949,72.9155249648088,78.3802404945074,82.3861386157293,88.6999298652914,94.4782851710406,106.392612122499,111.031724370516,120.956174651878,1,1,1,1,1,NA,NA,NA,0.5,0.382352941176471,0.323529411764706,0.205882352941176,0.0882352941176471,0,0,0,0,0,0,0,0,0,0,0,2490,45.917753,11.0994471397051
"491",164,164,2,43.2740966766834,81.3713157811973,86.8360313108959,90.8419294321178,97.1557206816799,102.934075987429,114.848402938888,119.487515186905,129.411965468266,1,1,1,1,NA,NA,NA,NA,0.423076923076923,0.307692307692308,0.192307692307692,0.0384615384615385,0,0,0,0,0,0,0,0,0,0,0,0,2491,58.195837,14.9217403233166
"492",164,164,3,45.6246465828116,83.7218656873255,89.1865812170241,93.192479338246,99.5062705878081,105.284625893557,117.198952845016,121.838065093033,131.762515374395,1,1,1,NA,NA,NA,NA,NA,0.384615384615385,0.230769230769231,0.153846153846154,0,0,0,0,0,0,0,0,0,0,0,0,0,2492,59.200735,13.5760884171884
"493",165,165,1,45.8521964253772,83.8877022066488,89.3435654955845,93.3429745005023,99.6465380996105,105.415533102504,117.310560148939,121.942157543104,131.850531301754,1,1,1,NA,NA,NA,NA,NA,0.4,0.24,0.16,0,0,0,0,0,0,0,0,0,0,0,0,0,2493,60.029445,14.1772485746228
"494",165,165,2,46.0090025280024,84.0445083092741,89.5003715982098,93.4997806031275,99.8033442022357,105.572339205129,117.467366251564,122.09896364573,132.007337404379,1,1,1,NA,NA,NA,NA,NA,0.27027027027027,0.162162162162162,0.108108108108108,0,0,0,0,0,0,0,0,0,0,0,0,0,2494,41.225813,-4.78318952800245
"495",165,165,3,42.4510338186603,80.4865395999319,85.9424028888676,89.9418118937853,96.2453754928935,102.014370495787,113.909397542222,118.540994936387,128.449368695037,0,0,0,1,NA,NA,NA,NA,0,0,0,0.4,0,0,0,0,0,0,0,0,0,0,0,0,2495,91.18172,48.7306861813397
"496",166,166,1,51.923354013198,90.0024044105401,95.4645137968359,99.4685014901674,105.77928166892,111.554881255277,123.463526219373,128.100426057299,138.02014333097,1,1,NA,NA,NA,NA,NA,NA,0.176470588235294,0.0588235294117647,0,0,0,0,0,0,1,1,1,0,0,0,0,0,2496,46.763512,-5.15984201319795
"497",166,166,2,43.5228144360431,81.6018648333853,87.0639742196811,91.0679619130125,97.3787420917655,103.154341678122,115.062986642218,119.699886480144,129.619603753815,0,0,1,1,NA,NA,NA,NA,0,0,1,0.2,0,0,0,0,1,1,1,0,0,0,0,0,2497,91.374529,47.8517145639569
"498",166,166,3,51.9598187808746,90.0388691782167,95.5009785645126,99.504966257844,105.815746436597,111.591346022954,123.499990987049,128.136890824975,138.056608098647,1,1,NA,NA,NA,NA,NA,NA,0.142857142857143,0.0476190476190476,0,0,0,0,0,0,1,1,1,0,0,0,0,0,2498,34.034668,-17.9251507808746
"499",167,167,1,41.1850761466629,79.2604020187123,84.7219771541708,88.7255732160597,95.035736135187,100.81077080812,112.718250983469,117.354697284594,127.273444307235,1,1,1,1,NA,NA,NA,NA,0.333333333333333,0.230769230769231,0.179487179487179,0.0769230769230769,0,0,0,0,1,1,1,0,0,0,0,0,2499,38.178706,-3.00637014666289
"500",167,167,2,41.9595731603809,80.0348990324303,85.4964741678888,89.5000702297777,95.810233148905,101.585267821838,113.492747997187,118.129194298312,128.047941320953,1,1,1,1,NA,NA,NA,NA,0.235294117647059,0.176470588235294,0.117647058823529,0.0392156862745098,0,0,0,0,0,0,0,0,0,0,0,0,2500,19.635918,-22.3236551603809
"501",167,167,3,38.4940320789511,76.5693579510006,82.030933086459,86.0345291483479,92.3446920674753,98.1197267404081,110.027206915757,114.663653216882,124.582400239523,1,1,1,1,1,NA,NA,NA,0.7,0.55,0.4,0.2,0.05,0,0,0,0,0,0,0,0,0,0,0,2501,68.208865,29.7148329210489
"502",168,168,1,47.5721811901287,85.6719933894332,91.1370808760806,95.1432516595543,101.457472658573,107.236221269224,119.151359171715,123.790787181829,133.715912972872,1,1,1,NA,NA,NA,NA,NA,0.321428571428571,0.178571428571429,0.107142857142857,0,0,0,0,0,0,0,0,0,0,0,0,0,2502,55.891439,8.3192578098713
"503",168,168,2,45.2736795234631,83.3734917227676,88.838579209415,92.8447499928887,99.1589709919072,104.937719602559,116.85285750505,121.492285515164,131.417411306206,1,1,1,NA,NA,NA,NA,NA,0.294117647058824,0.205882352941176,0.117647058823529,0,0,0,0,0,0,0,0,0,0,0,0,0,2503,46.554426,1.2807464765369
"504",168,168,3,43.5313398542677,81.6311520535723,87.0962395402196,91.1024103236933,97.4166313227118,103.195379933363,115.110517835854,119.749945845968,129.675071637011,1,1,1,1,NA,NA,NA,NA,0.407407407407407,0.296296296296296,0.185185185185185,0.037037037037037,0,0,0,0,0,0,0,0,0,0,0,0,2504,56.788571,13.2572311457323
"505",169,169,1,45.4687711409764,83.5394720527829,89.0003837778231,93.0034935281128,99.3128899599689,105.087223146962,116.993256936203,121.629140054234,131.546682259593,1,1,1,NA,NA,NA,NA,NA,0.333333333333333,0.233333333333333,0.133333333333333,0,0,0,0,0,0,0,0,0,0,0,0,0,2505,52.471239,7.00246785902361
"506",169,169,2,44.661435303298,82.7321362151046,88.1930479401447,92.1961576904344,98.5055541222906,104.279887309283,116.185921098524,120.821804216555,130.739346421914,1,1,1,NA,NA,NA,NA,NA,0.289473684210526,0.184210526315789,0.105263157894737,0,0,0,0,0,0,0,0,0,0,0,0,0,2506,39.255211,-5.40622430329802
"507",169,169,3,42.1900541271085,80.260755038915,85.7216667639551,89.7247765142449,96.034172946101,101.808506133094,113.714539922335,118.350423040366,128.267965245725,1,1,1,1,NA,NA,NA,NA,0.3,0.225,0.15,0.05,0,0,0,0,0,0,0,0,0,0,0,0,2507,36.110696,-6.07935812710845
"508",170,170,1,41.5825227861642,79.5814598333685,85.0320776546912,89.0276414807078,95.3251446019494,101.088593080884,112.97218381086,117.599328216958,127.498175700681,1,1,1,1,NA,NA,NA,NA,0.270833333333333,0.1875,0.145833333333333,0.0416666666666667,0,0,0,0,0,0,0,0,0,0,0,0,2508,23.934466,-17.6480567861642
"509",170,170,2,39.273477989032,77.2724150362363,82.723032857559,86.7185966835756,93.0160998048172,98.7795482837516,110.663139013728,115.290283419825,125.189130903549,1,1,1,1,NA,NA,NA,NA,0.341463414634146,0.268292682926829,0.195121951219512,0.0975609756097561,0,0,0,0,0,0,0,0,0,0,0,0,2509,34.962883,-4.31059498903196
"510",170,170,3,41.3648567568817,79.363793804086,84.8144116254087,88.8099754514253,95.1074785726669,100.870927051601,112.754517781578,117.381662187675,127.280509671398,1,1,1,1,NA,NA,NA,NA,0.361111111111111,0.25,0.194444444444444,0.0833333333333333,0,0,0,0,0,0,0,0,0,0,0,0,2510,42.189488,0.824631243118347
"511",171,171,1,42.7437101845463,80.7182602603946,86.16537998227,90.1583795339108,96.4518410413556,102.211590652272,114.087554727156,118.711729522868,128.604224120726,1,1,1,1,NA,NA,NA,NA,0.705882352941177,0.470588235294118,0.352941176470588,0.117647058823529,0,0,0,0,0,0,0,0,0,0,0,0,2511,72.88459,30.1408798154537
"512",171,171,2,48.5693616139464,86.5439116897947,91.9910314116701,95.9840309633109,102.277492470756,108.037242081672,119.913206156556,124.537380952268,134.429875550126,1,1,1,NA,NA,NA,NA,NA,0.228571428571429,0.142857142857143,0.0571428571428571,0,0,0,0,0,0,0,0,0,0,0,0,0,2512,45.063486,-3.50587561394642
"513",171,171,3,43.2891688885699,81.2637189644182,86.7108386862936,90.7038382379344,96.9972997453793,102.757049356296,114.63301343118,119.257188226891,129.14968282475,0,0,0,0,NA,NA,NA,NA,NA,NA,NA,NA,NA,NA,NA,NA,0,0,0,0,0,0,0,0,2513,98.869986,55.5808171114301
"514",172,172,1,53.5064725361257,91.5304426057518,96.9846511969417,100.982847229189,107.284499033238,113.051744369301,124.943163797034,129.57335648339,139.478725151395,1,1,NA,NA,NA,NA,NA,NA,0.178571428571429,0.0357142857142857,0,0,0,0,0,0,1,1,1,1,0,0,0,0,2514,55.147293,1.6408204638743
"515",172,172,2,45.2217678697444,83.2457379393705,88.6999465305604,92.6981425628074,98.9997943668566,104.767039702919,116.658459130652,121.288651817008,131.194020485014,1,1,1,NA,NA,NA,NA,NA,0.27027027027027,0.189189189189189,0.108108108108108,0,0,0,0,0,1,1,1,1,0,0,0,0,2515,40.885796,-4.33597186974439
"516",172,172,3,42.5194574071779,80.543427476804,85.9976360679939,89.9958321002408,96.2974839042901,102.064729240353,113.956148668086,118.586341354442,128.491710022447,1,1,1,1,NA,NA,NA,NA,0.387096774193548,0.258064516129032,0.193548387096774,0.0645161290322581,0,0,0,0,0,0,1,1,0,0,0,0,2516,51.395152,8.87569459282212
"517",173,173,1,44.5084554878356,82.513432359285,87.9649165409911,91.961115450648,98.2596195423112,104.023984105183,115.909463698506,120.537343576202,130.437764453911,1,1,1,1,NA,NA,NA,NA,0.305555555555556,0.194444444444444,0.138888888888889,0.0277777777777778,0,0,0,0,0,0,0,1,0,0,0,0,2517,43.215044,-1.29341148783558
"518",173,173,2,42.953601245681,80.9585781171305,86.4100622988366,90.4062612084935,96.7047653001566,102.469129863028,114.354609456352,118.982489334047,128.882910211757,1,1,1,1,NA,NA,NA,NA,0.193548387096774,0.129032258064516,0.0967741935483871,0.032258064516129,0,0,0,0,0,0,0,0,0,0,0,0,2518,1.930612,-41.022989245681
"519",173,173,3,35.1063608143639,73.1113376858134,78.5628218675195,82.5590207771764,88.8575248688395,94.6218894317112,106.507369025035,111.13524890273,121.03566978044,1,1,1,1,1,NA,NA,NA,0.586206896551724,0.448275862068966,0.379310344827586,0.241379310344828,0.103448275862069,0,0,0,0,0,0,0,0,0,0,0,2519,54.385781,19.2794201856361
"520",174,174,1,45.0725371363047,83.0777878141615,88.529311271021,92.5255389712458,98.8240884404073,104.588494532575,116.474059754696,121.101972973898,131.002465179073,1,1,1,NA,NA,NA,NA,NA,0.256410256410256,0.179487179487179,0.102564102564103,0,0,0,0,0,0,0,0,0,0,0,0,0,2520,37.946327,-7.12621013630468
"521",174,174,2,41.9680658431749,79.9733165210317,85.4248399778912,89.421067678116,95.7196171472775,101.484023239446,113.369588461567,117.997501680768,127.897993885943,1,1,1,1,NA,NA,NA,NA,0.315789473684211,0.236842105263158,0.157894736842105,0.0526315789473684,0,0,0,0,0,0,0,0,0,0,0,0,2521,39.571016,-2.39704984317488
"522",174,174,3,42.2748765414355,80.2801272192923,85.7316506761518,89.7278783763766,96.0264278455382,101.790833937706,113.676399159827,118.304312379029,128.204804584204,1,1,1,1,NA,NA,NA,NA,0.857142857142857,0.642857142857143,0.428571428571429,0.142857142857143,0,0,0,0,0,0,0,0,0,0,0,0,2522,77.02379,34.7489134585645
"523",175,175,1,49.4117961018803,87.4062360733422,92.8562088281686,96.851299789559,103.148057617623,108.910824007364,120.793008345168,125.419605140714,135.317281121486,1,1,1,NA,NA,NA,NA,NA,0.266666666666667,0.133333333333333,0.0666666666666667,0,0,0,0,0,0,0,0,0,0,0,0,0,2523,51.984258,2.57246189811966
"524",175,175,2,44.6454769044407,82.6399168759026,88.0898896307289,92.0849805921194,98.3817384201837,104.144504809924,116.026689147729,120.653285943275,130.550961924047,1,1,1,1,NA,NA,NA,NA,0.44,0.28,0.2,0.04,0,0,0,0,0,0,0,0,0,0,0,0,2524,59.595259,14.9497820955593
"525",175,175,3,46.0942444044895,84.0886843759514,89.5386571307778,93.5337480921682,99.8305059202325,105.593272309973,117.475456647778,122.102053443323,131.999729424095,1,1,1,NA,NA,NA,NA,NA,0.357142857142857,0.214285714285714,0.142857142857143,0,0,0,0,0,0,0,0,0,0,0,0,0,2525,56.125034,10.0307895955105
"526",176,176,1,45.4527300457378,83.4487648625193,88.898966384069,92.8942250424206,99.1912471816514,104.954255467864,116.836938569333,121.463729569774,131.361821012972,1,1,1,NA,NA,NA,NA,NA,0.161290322580645,0.112903225806452,0.0645161290322581,0,0,0,0,0,0,0,0,0,0,0,0,0,2526,2.152112,-43.3006180457378
"527",176,176,2,35.1604095064239,73.1564443232054,78.6066458447552,82.6019045031067,88.8989266423376,94.6619349285504,106.544618030019,111.17140903046,121.069500473658,1,1,1,1,1,NA,NA,NA,0.26984126984127,0.206349206349206,0.174603174603175,0.111111111111111,0.0476190476190476,0,0,0,0,0,0,0,0,0,0,0,2527,1.511404,-33.6490055064239
"528",176,176,3,35.0382302383068,73.0342650550883,78.4844665766381,82.4797252349896,88.7767473742204,94.5397556604333,106.422438761902,111.049229762343,120.947321205541,1,1,1,1,1,NA,NA,NA,0.5,0.382352941176471,0.323529411764706,0.205882352941176,0.0882352941176471,0,0,0,0,0,0,0,0,0,0,0,2528,46.53927,11.5010397616932
"529",177,177,1,43.604486948882,81.6188999397172,87.0717376508765,91.0689287624266,97.3689966870783,103.134792463351,115.02322305977,119.65225197716,129.555130994857,1,1,1,1,NA,NA,NA,NA,0.289473684210526,0.210526315789474,0.131578947368421,0.0263157894736842,0,0,0,0,0,0,0,0,0,0,0,0,2529,40.337572,-3.26691494888205
"530",177,177,2,42.4169798266,80.4313928174352,85.8842305285945,89.8814216401446,96.1814895647963,101.947285341069,113.835715937488,118.464744854878,128.367623872575,1,1,1,1,NA,NA,NA,NA,0.324324324324324,0.243243243243243,0.162162162162162,0.0540540540540541,0,0,0,0,0,0,0,0,0,0,0,0,2530,41.940146,-0.476833826600043
"531",177,177,3,42.7238422437935,80.7382552346286,86.191092945788,90.1882840573381,96.4883519819898,102.254147758262,114.142578354681,118.771607272072,128.674486289769,1,1,1,1,NA,NA,NA,NA,0.193548387096774,0.129032258064516,0.0967741935483871,0.032258064516129,0,0,0,0,0,0,0,0,0,0,0,0,2531,1.666556,-41.0572862437935
"532",178,178,1,34.9754225134976,73.0154906034506,78.4720083159818,82.4718970447273,88.7762167479635,94.5459037341876,106.442357573406,111.074510521562,120.984072776556,1,1,1,1,1,NA,NA,NA,0.485714285714286,0.371428571428571,0.314285714285714,0.2,0.0857142857142857,0,0,0,0,0,0,0,0,0,0,0,2532,43.842507,8.86708448650238
"533",178,178,2,43.0594687793962,81.0995368693493,86.5560545818804,90.5559433106259,96.8602630138621,102.629950000086,114.526403839305,119.15855678746,129.068119042455,1,1,1,1,NA,NA,NA,NA,0.461538461538462,0.307692307692308,0.230769230769231,0.0769230769230769,0,0,0,0,0,0,0,0,0,0,0,0,2533,59.21906,16.1595912206038
"534",178,178,3,46.0067589510403,84.0468270409933,89.5033447535245,93.50323348227,99.8075531855062,105.57724017173,117.473694010949,122.105846959104,132.015409214099,1,1,1,NA,NA,NA,NA,NA,0.208333333333333,0.125,0.0833333333333333,0,0,0,0,0,0,0,0,0,0,0,0,0,2534,24.922534,-21.0842249510403
"535",179,179,1,39.4095728488125,77.4329065402253,82.8870238484821,86.8851529659686,93.1866993040734,98.9538481181456,110.845068528253,115.475183722602,125.380386612,1,1,1,1,NA,NA,NA,NA,0.311111111111111,0.222222222222222,0.177777777777778,0.0888888888888889,0,0,0,0,0,0,0,0,0,0,0,0,2535,28.311188,-11.0983848488125
"536",179,179,2,40.0626110008053,78.0859446922182,83.5400620004749,87.5381911179615,93.8397374560662,99.6068862701385,111.498106680245,116.128221874595,126.033424763993,1,1,1,1,NA,NA,NA,NA,0.225806451612903,0.161290322580645,0.112903225806452,0.0483870967741935,0,0,0,0,0,0,0,0,0,0,0,0,2536,1.878262,-38.1843490008053
"537",179,179,3,34.9686388375795,72.9919725289924,78.4460898372491,82.4442189547357,88.7457652928404,94.5129141069127,106.40413451702,111.034249711369,120.939452600767,0,0,0,0,1,NA,NA,NA,0,0,0,0,1,0,0,0,0,0,0,0,0,0,0,0,2537,95.086852,60.1182131624205
"538",180,180,1,52.8379292279038,90.9040265243074,96.3642779006613,100.366903583748,106.675537065779,112.449172004288,124.353766082695,128.989088616802,138.905431565279,1,1,NA,NA,NA,NA,NA,NA,0.131578947368421,0.0526315789473684,0,0,0,0,0,0,1,1,1,1,0,0,0,0,2538,40.364351,-12.4735782279038
"539",180,180,2,42.4293371459086,80.4954344423123,85.9556858186661,89.9583115017529,96.2669449837841,102.040579922293,113.9451740007,118.580496534807,128.496839483284,1,1,1,1,NA,NA,NA,NA,0.461538461538462,0.307692307692308,0.230769230769231,0.0769230769230769,0,0,0,0,1,1,1,1,0,0,0,0,2539,58.791277,16.3619398540914
"540",180,180,3,45.9342638680829,84.0003611644866,89.4606125408404,93.4632382239272,99.7718717059584,105.545506644467,117.450100722875,122.085423256981,132.001766205458,1,1,1,NA,NA,NA,NA,NA,0.161290322580645,0.0967741935483871,0.0645161290322581,0,0,0,0,0,0,0,1,1,0,0,0,0,2540,2.011489,-43.9227748680829
"541",181,181,1,35.1612374976098,73.2504654012908,78.7140346625657,82.7190925141523,89.0315593947689,94.8087026436064,106.720530468313,111.358669624893,121.28103817228,1,1,1,1,1,NA,NA,NA,0.566666666666667,0.433333333333333,0.366666666666667,0.233333333333333,0.1,0,0,0,0,0,0,1,0,0,0,0,2541,51.670521,16.5092835023902
"542",181,181,2,44.5226496989872,82.6118776026682,88.0754468639431,92.0805047155297,98.3929715961463,104.170114844984,116.08194266969,120.720081826271,130.642450373658,1,1,1,1,NA,NA,NA,NA,0.44,0.28,0.2,0.04,0,0,0,0,0,0,0,0,0,0,0,0,2542,60.384086,15.8614363010128
"543",181,181,3,46.1652768389704,84.2545047426514,89.7180740039263,93.7231318555129,100.03559873613,105.812741984967,117.724569809673,122.362708966254,132.285077513641,1,1,1,NA,NA,NA,NA,NA,0.27027027027027,0.162162162162162,0.108108108108108,0,0,0,0,0,0,0,0,0,0,0,0,0,2543,40.625456,-5.53982083897037
"544",182,182,1,42.4317657002845,80.4969889501583,85.9571149521212,89.9596487297767,96.2681373574731,102.041639725901,113.945960459525,118.581176560667,128.497291817162,1,1,1,1,NA,NA,NA,NA,0.193548387096774,0.129032258064516,0.0967741935483871,0.032258064516129,0,0,0,0,0,0,0,0,0,0,0,0,2544,1.960425,-40.4713407002845
"545",182,182,2,35.2002390356653,73.2654622855391,78.725588287502,82.7281220651575,89.0366106928538,94.810113061282,106.714433794906,111.349649896048,121.265765152543,1,1,1,1,1,NA,NA,NA,0.459459459459459,0.351351351351351,0.297297297297297,0.189189189189189,0.0810810810810811,0,0,0,0,0,0,0,0,0,0,0,2545,41.224143,6.02390396433468
"546",182,182,3,42.5437382215082,80.608961471382,86.0690874733448,90.0716212510003,96.3801098786967,102.153612247125,114.057932980748,118.693149081891,128.609264338386,1,1,1,1,NA,NA,NA,NA,0.193548387096774,0.129032258064516,0.0967741935483871,0.032258064516129,0,0,0,0,0,0,0,0,0,0,0,0,2546,2.159519,-40.3842192215082
"547",183,183,1,35.2040285913702,73.3240863427648,78.7920778781988,82.8003774684722,89.1179537304898,94.8997730637844,106.82124245536,111.463135773727,121.393535597359,1,1,1,1,1,NA,NA,NA,0.472222222222222,0.361111111111111,0.305555555555556,0.166666666666667,0.0833333333333333,0,0,0,0,0,0,0,0,0,0,0,2547,43.569284,8.36525540862984
"548",183,183,2,42.941772015758,81.0618297671527,86.5298213025867,90.5381208928601,96.8556971548777,102.637516488172,114.558985879748,119.200879198115,129.131279021747,1,1,1,1,NA,NA,NA,NA,0.4,0.266666666666667,0.2,0.0666666666666667,0,0,0,0,0,0,0,0,0,0,0,0,2548,52.617525,9.67575298424195
"549",183,183,3,44.6325076985137,82.7525654499084,88.2205569853424,92.2288565756158,98.5464328376333,104.328252170928,116.249721562503,120.89161488087,130.822014704503,1,1,1,NA,NA,NA,NA,NA,0.314285714285714,0.2,0.114285714285714,0,0,0,0,0,0,0,0,0,0,0,0,0,2549,45.15157,0.519062301486287
"550",184,184,1,43.2337901838459,81.3046191489679,86.765549242145,90.7686724571587,97.0780901110861,102.85244272043,114.758516556401,119.394415267531,129.311990831198,1,1,1,1,NA,NA,NA,NA,0.229166666666667,0.166666666666667,0.104166666666667,0.0208333333333333,0,0,0,0,0,0,0,0,0,0,0,0,2550,23.585209,-19.6485811838459
"551",184,184,2,39.1868083224778,77.2576372875997,82.7185673807769,86.7216905957905,93.031108249718,98.8054608590616,110.711534695033,115.347433406163,125.26500896983,1,1,1,1,NA,NA,NA,NA,0.222222222222222,0.174603174603175,0.126984126984127,0.0634920634920635,0,0,0,0,0,0,0,0,0,0,0,0,2551,1.53289,-37.6539183224778
"552",184,184,3,35.0486352206688,73.1194641857907,78.5803942789679,82.5835174939815,88.892935147909,94.6672877572525,106.573361593224,111.209260304354,121.126835868021,1,1,1,1,1,NA,NA,NA,0.566666666666667,0.433333333333333,0.366666666666667,0.233333333333333,0.1,0,0,0,0,0,0,0,0,0,0,0,2552,52.027992,16.9793567793312
"553",185,185,1,44.503259841871,82.6074402103862,88.0731542730063,92.0797843666671,98.3947292953893,104.174140443474,116.090644424575,120.730604348245,130.656868061666,1,1,1,1,NA,NA,NA,NA,0.354838709677419,0.225806451612903,0.161290322580645,0.032258064516129,0,0,0,0,0,0,0,0,0,0,0,0,2553,51.471057,6.967797158129
"554",185,185,2,44.3991476769161,82.5033280454312,87.9690421080514,91.9756722017121,98.2906171304343,104.070028278519,115.98653225962,120.62649218329,130.552755896711,1,1,1,1,NA,NA,NA,NA,0.305555555555556,0.194444444444444,0.138888888888889,0.0277777777777778,0,0,0,0,0,0,0,0,0,0,0,0,2554,43.289113,-1.11003467691605
"555",185,185,3,42.8696336341998,80.973814002715,86.4395280653351,90.4461581589959,96.7611030877181,102.540514235802,114.457018216904,119.096978140574,129.023241853995,1,1,1,1,NA,NA,NA,NA,0.5,0.333333333333333,0.25,0.0833333333333333,0,0,0,0,0,0,0,0,0,0,0,0,2555,62.480946,19.6113123658002
"556",186,186,1,46.449782972252,84.5317283509037,89.9942529971501,93.9985450959069,100.309805055287,106.085843734863,117.995394060417,122.632646421272,132.553117847051,1,1,1,NA,NA,NA,NA,NA,0.409090909090909,0.272727272727273,0.136363636363636,0,0,0,0,0,0,0,0,0,0,0,0,0,2556,64.710387,18.260604027748
"557",186,186,2,46.8676631586247,84.9496085372765,90.4121331835228,94.4164252822797,100.727685241659,106.503723921236,118.41327424679,123.050526607645,132.970998033423,1,1,1,NA,NA,NA,NA,NA,0.290322580645161,0.193548387096774,0.0967741935483871,0,0,0,0,0,0,0,0,0,0,0,0,0,2557,50.837386,3.96972284137527
"558",186,186,3,44.267346647253,82.3492920259047,87.8118166721511,91.8161087709079,98.1273687302876,103.903407409864,115.812957735418,120.450210096273,130.370681522052,1,1,1,1,NA,NA,NA,NA,0.244444444444444,0.155555555555556,0.111111111111111,0.0222222222222222,0,0,0,0,0,0,0,0,0,0,0,0,2558,28.540457,-15.726889647253
"559",187,187,1,40.0818350475413,78.1281513555183,83.5855653207123,87.5861110455702,93.8914662559959,99.6621009340626,111.560508808619,116.193422604559,126.104612540802,1,1,1,1,NA,NA,NA,NA,0.464285714285714,0.357142857142857,0.25,0.107142857142857,0,0,0,0,0,0,0,0,0,0,0,0,2559,56.247375,16.1655399524587
"560",187,187,2,45.3073717520518,83.3536880600288,88.8111020252228,92.8116477500807,99.1170029605064,104.887637638573,116.78604551313,121.41895930907,131.330149245312,1,1,1,NA,NA,NA,NA,NA,0.285714285714286,0.2,0.114285714285714,0,0,0,0,0,0,0,0,0,0,0,0,0,2560,44.065645,-1.24172675205176
"561",187,187,3,43.0098922114029,81.0562085193799,86.5136224845739,90.5141682094318,96.8195234198575,102.590158097924,114.488565972481,119.121479768421,129.032669704663,1,1,1,1,NA,NA,NA,NA,0.25531914893617,0.170212765957447,0.127659574468085,0.0425531914893617,0,0,0,0,0,0,0,0,0,0,0,0,2561,25.778375,-17.2315172114029
"562",188,188,1,39.5260878978733,77.5684881735358,83.0253404178717,87.0254743744468,93.3301805870942,99.1002213051125,110.997404500009,115.629841439268,125.540011236274,1,1,1,1,NA,NA,NA,NA,0.466666666666667,0.333333333333333,0.266666666666667,0.133333333333333,0,0,0,0,0,0,0,0,0,0,0,0,2562,52.857911,13.3318231021267
"563",188,188,2,44.646808137219,82.6892084128815,88.1460606572175,92.1461946137925,98.4509008264399,104.220941544458,116.118124739355,120.750561678613,130.660731475619,1,1,1,NA,NA,NA,NA,NA,0.297297297297297,0.189189189189189,0.135135135135135,0,0,0,0,0,0,0,0,0,0,0,0,0,2563,41.309157,-3.33765113721904
"564",188,188,3,42.4629472931106,80.5053475687731,85.962199813109,89.9623337696841,96.2670399823315,102.03708070035,113.934263895246,118.566700834505,128.476870631511,1,1,1,1,NA,NA,NA,NA,0.363636363636364,0.242424242424242,0.181818181818182,0.0606060606060606,0,0,0,0,0,0,0,0,0,0,0,0,2564,47.153775,4.6908277068894
"565",189,189,1,43.6129818182186,81.5903466603243,87.0378701359971,91.0311656585021,97.3250936526612,103.085270190265,114.962114540567,119.586632091391,129.479859945073,1,1,1,1,NA,NA,NA,NA,0.297297297297297,0.216216216216216,0.135135135135135,0.027027027027027,0,0,0,0,0,0,0,0,0,0,0,0,2565,42.06867,-1.54431181821862
"566",189,189,2,42.669023704362,80.6463885464678,86.0939120221405,90.0872075446455,96.3811355388047,102.141312076408,114.01815642671,118.642673977535,128.535901831217,1,1,1,1,NA,NA,NA,NA,0.292682926829268,0.195121951219512,0.146341463414634,0.0487804878048781,0,0,0,0,0,0,0,0,0,0,0,0,2566,34.59299,-8.07603370436205
"567",189,189,3,41.2812984179431,79.2586632600488,84.7061867357216,88.6994822582266,94.9934102523857,100.753586789989,112.630431140292,117.254948691116,127.148176544798,0,0,0,0,NA,NA,NA,NA,NA,NA,NA,NA,NA,NA,NA,NA,0,0,0,0,0,0,0,0,2567,99.222792,57.9414935820569
"568",190,190,1,53.2730750357942,91.3058933559402,96.7613711518952,100.760497572002,107.063615782472,112.832203167549,124.726389751313,129.357659892358,139.265333558587,1,1,NA,NA,NA,NA,NA,NA,0.147058823529412,0.0588235294117647,0,0,0,0,0,0,1,1,1,1,0,0,0,0,2568,46.584976,-6.68809903579417
"569",190,190,2,43.5195605709998,81.5523788911458,87.0078566871009,91.0069831072073,97.3101013176772,103.078688702754,114.972875286519,119.604145427564,129.511819093793,1,1,1,1,NA,NA,NA,NA,0.379310344827586,0.275862068965517,0.172413793103448,0.0344827586206897,0,0,0,0,1,1,1,1,0,0,0,0,2569,54.58146,11.0618994290002
"570",190,190,3,45.0012676076576,83.0340859278036,88.4895637237586,92.4886901438651,98.791808354335,104.560395739412,116.454582323177,121.085852464222,130.993526130451,1,1,1,NA,NA,NA,NA,NA,0.357142857142857,0.25,0.142857142857143,0,0,0,0,0,0,0,1,1,0,0,0,0,2570,55.483575,10.4823073923424
"571",191,191,1,45.1800458595283,83.2146150944994,88.6703440439942,92.66965457167,98.9730629584562,104.741915911682,116.636650067479,121.26813341806,131.176263203333,1,1,1,NA,NA,NA,NA,NA,0.303030303030303,0.212121212121212,0.121212121212121,0,0,0,0,0,0,0,0,1,0,0,0,0,2571,47.968735,2.78868914047169
"572",191,191,2,43.7871590686755,81.8217283036466,87.2774572531414,91.2767677808172,97.5801761676034,103.34902912083,115.243763276626,119.875246627208,129.78337641248,1,1,1,1,NA,NA,NA,NA,0.305555555555556,0.222222222222222,0.138888888888889,0.0277777777777778,0,0,0,0,0,0,0,1,0,0,0,0,2572,42.60625,-1.1809090686755
"573",191,191,3,42.7932144840075,80.8277837189786,86.2835126684734,90.2828231961492,96.5862315829354,102.355084536162,114.249818691959,118.88130204254,128.789431827812,1,1,1,1,NA,NA,NA,NA,0.8,0.533333333333333,0.4,0.133333333333333,0,0,0,0,0,0,0,0,0,0,0,0,2573,75.843643,33.0504285159925
"574",192,192,1,48.9930607610236,87.0154835256769,92.4694701693936,96.4675035035165,102.768898875185,108.535909525407,120.426845056998,125.056849327464,134.961814917459,0,0,0,NA,NA,NA,NA,NA,0,0,0,0,0,0,0,0,0,0,0,0,0,0,0,0,2574,97.475278,48.4822172389764
"575",192,192,2,53.0068850681351,91.0293078327884,96.4832944765052,100.481327810628,106.782723182296,112.549733832518,124.440669364109,129.070673634575,138.975639224571,1,1,NA,NA,NA,NA,NA,NA,0.125,0.05,0,0,0,0,0,0,1,1,1,0,0,0,0,0,2575,37.173764,-15.8331210681351
"576",192,192,3,41.8177316523704,79.8401544170237,85.2941410607404,89.2921743948633,95.5935697665317,101.360580416754,113.251515948345,117.88152021881,127.786485808806,1,1,1,1,NA,NA,NA,NA,0.413793103448276,0.310344827586207,0.206896551724138,0.0689655172413793,0,0,0,0,1,1,1,0,0,0,0,0,2576,53.537707,11.7199753476296
"577",193,193,1,44.9075732104861,82.8947103389745,88.3436355643395,92.3379586364814,98.6335061760484,104.395164914825,116.275065399349,120.900772925045,130.796546491318,1,1,1,NA,NA,NA,NA,NA,0.158730158730159,0.111111111111111,0.0634920634920635,0,0,0,0,0,0,0,1,0,0,0,0,0,2577,1.187049,-43.7205242104861
"578",193,193,2,35.0283713559698,73.0155084844582,78.4644337098231,82.4587567819651,88.7543043215321,94.5159630603091,106.395863544832,111.021571070529,120.917344636802,1,1,1,1,1,NA,NA,NA,0.53125,0.40625,0.34375,0.21875,0.09375,0,0,0,0,0,0,0,0,0,0,0,2578,48.67403,13.6456586440302
"579",193,193,3,43.9897385800566,81.976875708545,87.42580093391,91.420124006052,97.715671545619,103.477330284396,115.357230768919,119.982938294616,129.878711860889,1,1,1,1,NA,NA,NA,NA,0.297297297297297,0.216216216216216,0.135135135135135,0.027027027027027,0,0,0,0,0,0,0,0,0,0,0,0,2579,40.935735,-3.05400358005662
"580",194,194,1,42.4961217581661,80.5148155353054,85.9682672881178,89.9659085215985,96.2666858941244,102.03313095412,113.922900301473,118.552450491771,128.456444668312,1,1,1,1,NA,NA,NA,NA,0.571428571428571,0.380952380952381,0.285714285714286,0.0952380952380952,0,0,0,0,0,0,0,0,0,0,0,0,2580,66.922306,24.4261842418339
"581",194,194,2,47.3710896679905,85.3897834451298,90.8432351979422,94.8408764314229,101.141653803949,106.908098863944,118.797868211297,123.427418401595,133.331412578137,1,1,1,NA,NA,NA,NA,NA,0.264705882352941,0.147058823529412,0.0882352941176471,0,0,0,0,0,0,0,0,0,0,0,0,0,2581,46.634311,-0.736778667990507
"582",194,194,3,43.5651498777935,81.5838436549328,87.0372954077453,91.0349366412259,97.3357140137519,103.102159073747,114.9919284211,119.621478611398,129.52547278794,1,1,1,1,NA,NA,NA,NA,0.34375,0.25,0.15625,0.03125,0,0,0,0,0,0,0,0,0,0,0,0,2582,49.621542,6.05639212220645
"583",195,195,1,44.1225286127742,82.1419300311178,87.5954832889211,91.5931989304199,97.8940935791919,103.660645969917,115.550636621314,120.180272981339,130.084451500731,1,1,1,1,NA,NA,NA,NA,0.366666666666667,0.233333333333333,0.166666666666667,0.0333333333333333,0,0,0,0,0,0,0,0,0,0,0,0,2583,51.937645,7.81511638722579
"584",195,195,2,44.5560066158264,82.5754080341699,88.0289612919732,92.026676933472,98.3275715822441,104.094123972969,115.984114624366,120.613750984391,130.517929503783,1,1,1,1,NA,NA,NA,NA,0.289473684210526,0.184210526315789,0.131578947368421,0.0263157894736842,0,0,0,0,0,0,0,0,0,0,0,0,2584,39.556456,-4.99955061582636
"585",195,195,3,42.2387637802827,80.2581651986263,85.7117184564296,89.7094340979284,96.0103287467004,101.776881137425,113.666871788822,118.296508148847,128.200686668239,1,1,1,1,NA,NA,NA,NA,0.363636363636364,0.272727272727273,0.181818181818182,0.0606060606060606,0,0,0,0,0,0,0,0,0,0,0,0,2585,47.705039,5.46627521971729
"586",196,196,1,43.768766376688,81.6848594900549,87.1235940678647,91.1104469074441,97.3942204359008,103.145103649026,115.002786196283,119.619842666379,129.497109034162,1,1,1,1,NA,NA,NA,NA,0.17741935483871,0.129032258064516,0.0806451612903226,0.0161290322580645,0,0,0,0,0,0,0,0,0,0,0,0,2586,1.793327,-41.975439376688
"587",196,196,2,35.0658325748424,72.9819256882093,78.4206602660191,82.4075131055985,88.6912866340552,94.4421698471805,106.299852394437,110.916908864533,120.794175232317,1,1,1,1,1,NA,NA,NA,0.447368421052632,0.342105263157895,0.289473684210526,0.184210526315789,0.0789473684210526,0,0,0,0,0,0,0,0,0,0,0,2587,39.397137,4.33130442515757
"588",196,196,3,42.1939368182037,80.1100299315705,85.5487645093803,89.5356173489597,95.8193908774164,101.570274090542,113.427956637798,118.045013107894,127.922279475678,1,1,1,1,NA,NA,NA,NA,0.413793103448276,0.310344827586207,0.206896551724138,0.0689655172413793,0,0,0,0,0,0,0,0,0,0,0,0,2588,53.417978,11.2240411817963
"589",197,197,1,44.8357482839608,82.7852007885935,88.2287204816374,92.2190810397835,98.5083831668523,104.26432613027,116.132441320743,120.753559976065,130.63951657447,1,1,1,NA,NA,NA,NA,NA,0.407407407407407,0.259259259259259,0.148148148148148,0,0,0,0,0,0,0,0,0,0,0,0,0,2589,56.72557,11.8898217160392
"590",197,197,2,45.462252903847,83.4117054084797,88.8552251015235,92.8455856596697,99.1348877867385,104.890830750157,116.758945940629,121.380064595952,131.266021194356,1,1,1,NA,NA,NA,NA,NA,0.5,0.35,0.2,0,0,0,0,0,0,0,0,0,0,0,0,0,2590,68.202407,22.740154096153
"591",197,197,3,47.636127856435,85.5855803610677,91.0291000541116,95.0194606122577,101.308762739326,107.064705702745,118.932820893217,123.55393954854,133.439896146944,1,1,1,NA,NA,NA,NA,NA,0.272727272727273,0.151515151515152,0.0909090909090909,0,0,0,0,0,0,0,0,0,0,0,0,0,2591,48.000954,0.364826143565018
"592",198,198,1,43.8439430769127,81.7613487542222,87.2002716079411,91.187262462776,97.4712535203577,103.222335815227,115.080428846932,119.697645148417,129.575253443404,1,1,1,1,NA,NA,NA,NA,0.17741935483871,0.129032258064516,0.0806451612903226,0.0161290322580645,0,0,0,0,0,0,0,0,0,0,0,0,2592,1.866142,-41.9778010769127
"593",198,198,2,35.1714970635507,73.0889027408601,78.527825594579,82.5148164494139,88.7988075069956,94.5498898018649,106.40798283357,111.025199135055,120.902807430042,1,1,1,1,1,NA,NA,NA,0.772727272727273,0.590909090909091,0.5,0.318181818181818,0.136363636363636,0,0,0,0,0,0,0,0,0,0,0,2593,64.727118,29.5556209364493
"594",198,198,3,46.9881361062599,84.9055417835693,90.3444646372882,94.3314554921231,100.615446549705,106.366528844574,118.224621876279,122.841838177764,132.719446472751,1,1,1,NA,NA,NA,NA,NA,0.375,0.25,0.125,0,0,0,0,0,0,0,0,0,0,0,0,0,2594,61.964495,14.9763588937401
"595",199,199,1,46.4595301841773,84.3747564918757,89.8133667339332,93.8001284294532,100.083758303591,105.834510044886,117.691921511828,122.308872430682,132.185912992752,1,1,1,NA,NA,NA,NA,NA,0.384615384615385,0.230769230769231,0.115384615384615,0,0,0,0,0,0,0,0,0,0,0,0,0,2595,58.390934,11.9314038158227
"596",199,199,2,45.7956044319556,83.7108307396539,89.1494409817115,93.1362026772315,99.4198325513697,105.170584292664,117.027995759607,121.644946678461,131.52198724053,0,0,0,NA,NA,NA,NA,NA,NA,NA,NA,NA,NA,NA,NA,NA,0,0,0,0,0,0,0,0,2596,99.245614,53.4500095680444
"597",199,199,3,53.3859251654698,91.3011514731682,96.7397617152257,100.726523410746,107.010153284884,112.760905026179,124.618316493121,129.235267411975,139.112307974044,1,1,NA,NA,NA,NA,NA,NA,0.15625,0.0625,0,0,0,0,0,0,1,1,1,0,0,0,0,0,2597,49.408555,-3.97737016546981
"598",200,200,1,44.1671570562664,82.1292594998406,87.5745937168683,91.5662844079698,97.857682989207,103.615544618699,115.487615885547,120.110274928542,129.999526877448,1,1,1,1,NA,NA,NA,NA,0.333333333333333,0.212121212121212,0.151515151515152,0.0303030303030303,0,0,0,0,1,1,1,0,0,0,0,0,2598,47.302926,3.13576894373359
"599",200,200,2,43.7736760595992,81.7357785031734,87.1811127202011,91.1728034113027,97.4642019925398,103.222063622032,115.09413488888,119.716793931875,129.606045880781,1,1,1,1,NA,NA,NA,NA,0.22,0.16,0.1,0.02,0,0,0,0,0,0,1,0,0,0,0,0,2599,21.361628,-22.4120480595992
"600",200,200,3,38.9259997634047,76.8881022069789,82.3334364240066,86.3251271151082,92.6165256963453,98.3743873258371,110.246458592685,114.86911763568,124.758369584586,1,1,1,1,1,NA,NA,NA,0.736842105263158,0.578947368421053,0.421052631578947,0.210526315789474,0.0526315789473684,0,0,0,0,0,0,0,0,0,0,0,2600,68.824331,29.8983312365953
"601",201,201,1,47.7455398469575,85.6868064651441,91.1291519638022,95.1186517812459,101.406597274433,107.161298652206,119.026853830956,123.646975687904,133.530799836094,1,1,1,NA,NA,NA,NA,NA,0.428571428571429,0.238095238095238,0.142857142857143,0,0,0,0,0,0,0,0,0,0,0,0,0,2601,66.455878,18.7103381530425
"602",201,201,2,47.305958954914,85.2472255731006,90.6895710717587,94.6790708892024,100.96701638239,106.721717760162,118.587272938913,123.20739479586,133.091218944051,1,1,1,NA,NA,NA,NA,NA,0.28125,0.15625,0.09375,0,0,0,0,0,0,0,0,0,0,0,0,0,2602,48.823963,1.51800404508597
"603",201,201,3,44.0335051953778,81.9747718135644,87.4171173122225,91.4066171296662,97.6945626228538,103.449264000626,115.314819179376,119.934941036324,129.818765184514,1,1,1,1,NA,NA,NA,NA,0.314285714285714,0.228571428571429,0.142857142857143,0.0285714285714286,0,0,0,0,0,0,0,0,0,0,0,0,2603,45.23212,1.19861480462217
"604",202,202,1,43.3777390710885,81.2766868748214,86.7129621067256,90.6980121280084,96.9789441916946,102.727226908164,114.579547520102,119.194516199598,129.0673161581,1,1,1,1,NA,NA,NA,NA,0.314285714285714,0.228571428571429,0.142857142857143,0.0285714285714286,0,0,0,0,0,0,0,0,0,0,0,0,2604,45.114159,1.73641992891152
"605",202,202,2,43.3557327718107,81.2546805755436,86.6909558074478,90.6760058287306,96.9569378924168,102.705220608886,114.557541220824,119.17250990032,129.045309858822,1,1,1,1,NA,NA,NA,NA,0.733333333333333,0.533333333333333,0.333333333333333,0.0666666666666667,0,0,0,0,0,0,0,0,0,0,0,0,2605,75.666561,32.3108282281893
"606",202,202,3,49.0554581222925,86.9544059260254,92.3906811579297,96.3757311792125,102.656663242899,108.404945959368,120.257266571306,124.872235250802,134.745035209304,1,1,1,NA,NA,NA,NA,NA,0.285714285714286,0.142857142857143,0.0714285714285714,0,0,0,0,0,0,0,0,0,0,0,0,0,2606,55.253083,6.19762487770746
"607",203,203,1,45.2618342010137,83.1685531796638,88.6059431191833,92.5918102745176,98.874030242606,104.623491643789,116.478242572715,121.094157551011,130.968981926017,1,1,1,NA,NA,NA,NA,NA,0.416666666666667,0.291666666666667,0.166666666666667,0,0,0,0,0,0,0,0,0,0,0,0,0,2607,61.048399,15.7865647989863
"608",203,203,2,46.3422529959234,84.2489719745736,89.686361914093,93.6722290694274,99.9544490375157,105.703910438699,117.558661367624,122.174576345921,132.049400720926,1,1,1,NA,NA,NA,NA,NA,0.27027027027027,0.162162162162162,0.108108108108108,0,0,0,0,0,0,0,0,0,0,0,0,0,2608,41.582242,-4.76001099592341
"609",203,203,3,42.7131839533614,80.6199029320116,86.0572928715311,90.0431600268654,96.3253799949537,102.074841396137,113.929592325062,118.545507303359,128.420331678364,1,1,1,1,NA,NA,NA,NA,0.387096774193548,0.258064516129032,0.193548387096774,0.0645161290322581,0,0,0,0,0,0,0,0,0,0,0,0,2609,50.455784,7.74260004663856
"610",204,204,1,44.3252217384417,82.1892350395248,87.6204992201334,91.601875900899,97.8770183252802,103.620002388108,115.461397764655,120.072112457038,129.935811863247,1,1,1,1,NA,NA,NA,NA,0.354838709677419,0.225806451612903,0.161290322580645,0.032258064516129,0,0,0,0,0,0,0,0,0,0,0,0,2610,50.487768,6.16254626155831
"611",204,204,2,44.3311401147304,82.1951534158135,87.6264175964221,91.6077942771877,97.8829367015689,103.625920764396,115.467316140943,120.078030833327,129.941730239536,1,1,1,1,NA,NA,NA,NA,0.611111111111111,0.388888888888889,0.277777777777778,0.0555555555555556,0,0,0,0,0,0,0,0,0,0,0,0,2611,71.837397,27.5062568852696
"612",204,204,3,48.2817134653435,86.1457267664266,91.5769909470352,95.5583676278007,101.833510052182,107.57649411501,119.417889491556,124.02860418394,133.892303590149,1,1,1,NA,NA,NA,NA,NA,0.5,0.3125,0.125,0,0,0,0,0,0,0,0,0,0,0,0,0,2612,74.853737,26.5720235346565
"613",205,205,1,48.9451209525928,86.8004184329272,92.2304324046723,96.2108926224838,102.484590587819,108.226252687777,120.064922323693,124.674575687409,134.536004593783,1,1,1,NA,NA,NA,NA,NA,0.235294117647059,0.117647058823529,0.0588235294117647,0,0,0,0,0,0,0,0,0,0,0,0,0,2613,46.142212,-2.80290895259281
"614",205,205,2,43.5827353651378,81.4380328454722,86.8680468172173,90.8485070350288,97.1222050003637,102.863867100322,114.702536736238,119.312190099954,129.173619006328,1,1,1,1,NA,NA,NA,NA,0.323529411764706,0.235294117647059,0.147058823529412,0.0294117647058824,0,0,0,0,0,0,0,0,0,0,0,0,2614,45.867761,2.28502563486224
"615",205,205,3,43.5314767821519,81.3867742624863,86.8167882342314,90.7972484520429,97.0709464173778,102.812608517336,114.651278153252,119.260931516968,129.122360423342,1,1,1,1,NA,NA,NA,NA,0.44,0.32,0.2,0.04,0,0,0,0,0,0,0,0,0,0,0,0,2615,60.910703,17.3792262178481
"616",206,206,1,46.3429113261876,84.1946734583716,89.624180315099,93.604268793323,99.8773808510579,105.618506730835,117.456070740284,122.065293603368,131.925801539977,1,1,1,NA,NA,NA,NA,NA,0.416666666666667,0.25,0.166666666666667,0,0,0,0,0,0,0,0,0,0,0,0,0,2616,61.001549,14.6586376738124
"617",206,206,2,46.3598649204445,84.2116270526285,89.6411339093559,93.6212223875799,99.8943344453147,105.635460325092,117.473024334541,122.082247197624,131.942755134233,1,1,1,NA,NA,NA,NA,NA,0.285714285714286,0.171428571428571,0.114285714285714,0,0,0,0,0,0,0,0,0,0,0,0,0,2617,45.276242,-1.08362292044452
"618",206,206,3,43.4252230601196,81.2769851923035,86.706492049031,90.686580527255,96.9596925849898,102.700818464767,114.538382474216,119.147605337299,129.008113273908,1,1,1,1,NA,NA,NA,NA,0.305555555555556,0.222222222222222,0.138888888888889,0.0277777777777778,0,0,0,0,0,0,0,0,0,0,0,0,2618,42.746098,-0.67912506011956
"619",207,207,1,42.9458619419602,80.7961334922459,86.2254265379331,90.2053582824278,96.4782233084063,102.219123105755,114.056220958342,118.665262312725,128.525381947871,1,1,1,1,NA,NA,NA,NA,0.444444444444444,0.296296296296296,0.222222222222222,0.0740740740740741,0,0,0,0,0,0,0,0,0,0,0,0,2619,56.413359,13.4674970580398
"620",207,207,2,45.5015178075308,83.3517893578165,88.7810824035036,92.7610141479983,99.0338791739768,104.774778971325,116.611876823913,121.220918178296,131.081037813441,1,1,1,NA,NA,NA,NA,NA,0.666666666666667,0.466666666666667,0.266666666666667,0,0,0,0,0,0,0,0,0,0,0,0,0,2620,76.06205,30.5605321924692
"621",207,207,3,49.175647715852,87.0259192661377,92.4552123118249,96.4351440563196,102.708009082298,108.448908879647,120.286006732234,124.895048086617,134.755167721762,1,1,1,NA,NA,NA,NA,NA,0.32,0.16,0.08,0,0,0,0,0,0,0,0,0,0,0,0,0,2621,59.484131,10.308483284148
"622",208,208,1,46.0930031408808,83.9562924482266,89.3874527782154,93.3687533315044,99.6437757695604,105.386650021406,117.227818979902,121.838445511304,131.701956314775,1,1,1,NA,NA,NA,NA,NA,0.37037037037037,0.222222222222222,0.148148148148148,0,0,0,0,0,0,0,0,0,0,0,0,0,2622,56.853785,10.7607818591192
"623",208,208,2,45.6006624476783,83.4639517550241,88.8951120850129,92.876412638302,99.151435076358,104.894309328203,116.735478286699,121.346104818101,131.209615621572,1,1,1,NA,NA,NA,NA,NA,0.666666666666667,0.466666666666667,0.266666666666667,0,0,0,0,0,0,0,0,0,0,0,0,0,2623,75.308465,29.7078025523217
"624",208,208,3,49.0549570325084,86.9182463398542,92.349406669843,96.3307072231321,102.605729661188,108.348603913033,120.189772871529,124.800399402931,134.663910206402,1,1,1,NA,NA,NA,NA,NA,0.347826086956522,0.173913043478261,0.0869565217391304,0,0,0,0,0,0,0,0,0,0,0,0,0,2624,63.315004,14.2600469674916
"625",209,209,1,46.8408527933023,84.717703075024,90.1508086091251,94.1335350901603,100.410804966832,106.155736065084,118.001146012458,122.613423868649,132.480467350335,1,1,1,NA,NA,NA,NA,NA,0.264705882352941,0.176470588235294,0.0882352941176471,0,0,0,0,0,0,0,0,0,0,0,0,0,2625,46.087908,-0.752944793302348
"626",209,209,2,43.6090233495246,81.4858736312463,86.9189791653473,90.9017056463826,97.1789755230539,102.923906621306,114.76931656868,119.381594424872,129.248637906557,1,1,1,1,NA,NA,NA,NA,0.314285714285714,0.228571428571429,0.142857142857143,0.0285714285714286,0,0,0,0,0,0,0,0,0,0,0,0,2626,44.171892,0.562868650475394
"627",209,209,3,43.2495758301314,81.126426111853,86.5595316459541,90.5422581269893,96.8195280036606,102.564459101913,114.409869049287,119.022146905478,128.889190387164,1,1,1,1,NA,NA,NA,NA,0.193548387096774,0.129032258064516,0.0967741935483871,0.032258064516129,0,0,0,0,0,0,0,0,0,0,0,0,2627,1.635296,-41.6142798301314
"628",210,210,1,35.2729022861197,73.1198992778951,78.5487226165757,82.5283100433462,88.8006323819749,94.5410355141339,106.377109298256,110.985751908456,120.845018510391,1,1,1,1,1,NA,NA,NA,0.944444444444444,0.722222222222222,0.611111111111111,0.388888888888889,0.166666666666667,0,0,0,0,0,0,0,0,0,0,0,2628,71.605919,36.3330167138803
"629",210,210,2,48.4011466662081,86.2481436579835,91.6769669966641,95.6565544234345,101.928876762063,107.669279894222,119.505353678344,124.113996288545,133.973262890479,1,1,1,NA,NA,NA,NA,NA,0.228571428571429,0.142857142857143,0.0571428571428571,0,0,0,0,0,0,0,0,0,0,0,0,0,2629,44.591441,-3.80970566620809
"630",210,210,3,43.3325528224099,81.1795498141853,86.608373152866,90.5879605796364,96.8602829182651,102.600686050424,114.436759834546,119.045402444746,128.904669046681,1,1,1,1,NA,NA,NA,NA,0.75,0.5,0.375,0.125,0,0,0,0,0,0,0,0,0,0,0,0,2630,74.527309,31.1947561775901
"631",211,211,1,48.9871323398731,86.8359538804471,92.2650389348221,96.2448182117269,102.517442929913,108.258122798576,120.094767182637,124.70363196881,134.563373871679,1,1,1,NA,NA,NA,NA,NA,0.216216216216216,0.108108108108108,0.0540540540540541,0,0,0,0,0,0,0,0,0,0,0,0,0,2631,41.07601,-7.9111223398731
"632",211,211,2,42.7221373586007,80.5709588991747,86.0000439535497,89.9798232304545,96.2524479486403,101.993127817303,113.829772201365,118.438636987537,128.298378890406,1,1,1,1,NA,NA,NA,NA,0.4,0.266666666666667,0.2,0.0666666666666667,0,0,0,0,0,0,0,0,0,0,0,0,2632,51.614138,8.89200064139926
"633",211,211,3,44.6957922242012,82.5446137647751,87.9736988191502,91.953478096055,98.2261028142408,103.966782682904,115.803427066966,120.412291853138,130.272033756007,1,1,1,1,NA,NA,NA,NA,0.5,0.318181818181818,0.227272727272727,0.0454545454545455,0,0,0,0,0,0,0,0,0,0,0,0,2633,64.172337,19.4765447757988
"634",212,212,1,47.0672370089058,84.8598167681271,90.2808344269494,94.2546999166658,100.518003774292,106.250153230413,118.069208851118,122.671225055088,132.516315789817,1,1,1,NA,NA,NA,NA,NA,0.45,0.3,0.15,0,0,0,0,0,0,0,0,0,0,0,0,0,2634,68.201799,21.1345619910941
"635",212,212,2,47.8308229082193,85.6234026674406,91.0444203262628,95.0182858159792,101.281589673606,107.013739129726,118.832794750432,123.434810954401,133.27990168913,1,1,1,NA,NA,NA,NA,NA,0.230769230769231,0.128205128205128,0.0769230769230769,0,0,0,0,0,0,0,0,0,0,0,0,0,2635,38.676835,-9.15398790821928
"636",212,212,3,42.2358213451976,80.0284011044189,85.4494187632411,89.4232842529575,95.6865881105842,101.418737566705,113.23779318741,117.83980939138,127.684900126109,1,1,1,1,NA,NA,NA,NA,0.352941176470588,0.264705882352941,0.176470588235294,0.0588235294117647,0,0,0,0,0,0,0,0,0,0,0,0,2636,46.113306,3.87748465480242
"637",213,213,1,43.6706957861631,81.4401546171003,86.8578557793692,90.8292901183257,97.088762181451,102.817404795294,114.629229696659,119.228430456769,129.067498113997,1,1,1,1,NA,NA,NA,NA,0.392857142857143,0.285714285714286,0.178571428571429,0.0357142857142857,0,0,0,0,0,0,0,0,0,0,0,0,2637,55.31607,11.6453742138369
"638",213,213,2,45.4189924220824,83.1884512530197,88.6061524152885,92.5775867542451,98.8370588173704,104.565701431213,116.377526332578,120.976727092688,130.815794749917,1,1,1,NA,NA,NA,NA,NA,0.256410256410256,0.179487179487179,0.102564102564103,0,0,0,0,0,0,0,0,0,0,0,0,0,2638,38.691155,-6.72783742208241
"639",213,213,3,42.2606714038595,80.0301302347968,85.4478313970657,89.4192657360222,95.6787377991475,101.40738041299,113.219205314355,117.818406074465,127.657473731694,1,1,1,1,NA,NA,NA,NA,0.4,0.3,0.2,0.0666666666666667,0,0,0,0,0,0,0,0,0,0,0,0,2639,51.573231,9.31255959614047
"640",214,214,1,44.7166835931205,82.4906461728275,87.9089933587806,91.8809012640278,98.1411197262406,103.870445441402,115.683678821826,120.283428005065,130.12366890359,1,1,1,1,NA,NA,NA,NA,0.323529411764706,0.205882352941176,0.147058823529412,0.0294117647058824,0,0,0,0,0,0,0,0,0,0,0,0,2640,45.420892,0.704208406879545
"641",214,214,2,43.5460437351609,81.320006314868,86.738353500821,90.7102614060682,96.970479868281,102.699805583442,114.513038963867,119.112788147105,128.953029045631,1,1,1,1,NA,NA,NA,NA,0.846153846153846,0.615384615384615,0.384615384615385,0.0769230769230769,0,0,0,0,0,0,0,0,0,0,0,0,2641,79.057512,35.5114682648391
"642",214,214,3,49.9462710404248,87.7202336201319,93.138580806085,97.1104887113322,103.370707173545,109.100032888706,120.913266269131,125.513015452369,135.353256350895,1,1,1,NA,NA,NA,NA,NA,0.318181818181818,0.181818181818182,0.0454545454545455,0,0,0,0,0,0,0,0,0,0,0,0,0,2642,64.854258,14.9079869595752
"643",215,215,1,47.2687112565535,85.0343069466176,90.4514539748468,94.4224821070216,100.681313937983,106.40937061403,118.21998737673,122.818717720769,132.656779017155,1,1,1,NA,NA,NA,NA,NA,0.5,0.333333333333333,0.166666666666667,0,0,0,0,0,0,0,0,0,0,0,0,0,2643,71.199441,23.9307297434465
"644",215,215,2,48.4852674440917,86.2508631341557,91.6680101623849,95.6390382945597,101.897870125521,107.625926801568,119.436543564268,124.035273908307,133.873335204693,1,1,1,NA,NA,NA,NA,NA,0.333333333333333,0.208333333333333,0.0833333333333333,0,0,0,0,0,0,0,0,0,0,0,0,0,2644,62.084736,13.5994685559083
"645",215,215,3,46.7377133128184,84.5033090028825,89.9204560311117,93.8914841632865,100.150315994248,105.878372670295,117.688989432995,122.287719777034,132.12578107342,1,1,1,NA,NA,NA,NA,NA,0.225,0.15,0.075,0,0,0,0,0,0,0,0,0,0,0,0,0,2645,36.946812,-9.79090131281843
"646",216,216,1,41.9238327272231,79.6119184615033,85.0179473590911,88.9808253691953,95.2268115990315,100.943112034735,112.72948873538,117.318780663869,127.136650363057,1,1,1,1,NA,NA,NA,NA,0.361111111111111,0.25,0.194444444444444,0.0833333333333333,0,0,0,0,0,0,0,0,0,0,0,0,2646,43.425406,1.50157327277692
"647",216,216,2,43.1861502038063,80.8742359380865,86.2802648356743,90.2431428457785,96.4891290756147,102.205429511318,113.991806211963,118.581098140452,128.398967839641,1,1,1,1,NA,NA,NA,NA,0.857142857142857,0.571428571428571,0.428571428571429,0.142857142857143,0,0,0,0,0,0,0,0,0,0,0,0,2647,76.987325,33.8011747961937
"648",216,216,3,49.7255007019806,87.4135864362609,92.8196153338487,96.7824933439529,103.028479573789,108.744780009492,120.531156710138,125.120448638626,134.938318337815,1,1,1,NA,NA,NA,NA,NA,0.333333333333333,0.166666666666667,0.0833333333333333,0,0,0,0,0,0,0,0,0,0,0,0,0,2648,62.232005,12.5065042980194
"649",217,217,1,46.918435547945,84.5712199376787,89.9721851636837,93.9313512600809,100.171487054491,105.882433196197,117.657769937217,122.242763208121,132.051436791502,1,1,1,NA,NA,NA,NA,NA,0.257142857142857,0.171428571428571,0.0857142857142857,0,0,0,0,0,0,0,0,0,0,0,0,0,2649,44.065932,-2.85250354794497
"650",217,217,2,43.3693114706855,81.0220958604193,86.4230610864243,90.3822271828215,96.6223629772313,102.333309118937,114.108645859957,118.693639130861,128.502312714243,1,1,1,1,NA,NA,NA,NA,0.333333333333333,0.222222222222222,0.166666666666667,0.0555555555555556,0,0,0,0,0,0,0,0,0,0,0,0,2650,42.515086,-0.854225470685542
"651",217,217,3,43.0663211172546,80.7191055069884,86.1200707329934,90.0792368293906,96.3193726238004,102.030318765506,113.805655506526,118.39064877743,128.199322360812,1,1,1,1,NA,NA,NA,NA,0.315789473684211,0.210526315789474,0.157894736842105,0.0526315789473684,0,0,0,0,0,0,0,0,0,0,0,0,2651,39.652193,-3.41412811725464
"652",218,218,1,42.5062250755337,80.1572961964554,85.5580156689145,89.5170016161964,95.7568534733034,101.467539756779,113.242340698986,117.827125344523,127.635352615771,1,1,1,1,NA,NA,NA,NA,0.333333333333333,0.25,0.166666666666667,0.0555555555555556,0,0,0,0,0,0,0,0,0,0,0,0,2652,42.340874,-0.165351075533707
"653",218,218,2,43.031415490913,80.6824866118346,86.0832060842937,90.0421920315756,96.2820438886827,101.992730172159,113.767531114365,118.352315759902,128.16054303115,1,1,1,1,NA,NA,NA,NA,0.375,0.25,0.1875,0.0625,0,0,0,0,0,0,0,0,0,0,0,0,2653,48.838591,5.80717550908701
"654",218,218,3,44.3006395789499,81.9517106998715,87.3524301723306,91.3114161196125,97.5512679767196,103.261954260195,115.036755202402,119.621539847939,129.429767119187,1,1,1,1,NA,NA,NA,NA,0.611111111111111,0.444444444444444,0.277777777777778,0.0555555555555556,0,0,0,0,0,0,0,0,0,0,0,0,2654,70.435945,26.1353054210501
"655",219,219,1,48.5326675285672,86.1656650818057,91.5637920577961,95.5208775810437,101.757734134657,107.465679128921,119.234827837196,123.817411657812,133.620930705518,1,1,1,NA,NA,NA,NA,NA,0.148148148148148,0.0925925925925926,0.037037037037037,0,0,0,0,0,0,0,0,0,0,0,0,0,2655,14.573454,-33.9592135285672
"656",219,219,2,37.638525958375,75.2715235116135,80.6696504876039,84.6267360108515,90.8635925644649,96.5715375587293,108.340686267003,112.92327008762,122.726789135326,1,1,1,1,1,NA,NA,NA,0.714285714285714,0.571428571428571,0.428571428571429,0.238095238095238,0.0952380952380952,0,0,0,0,0,0,0,0,0,0,0,2656,66.298359,28.659833041625
"657",219,219,3,47.7257674631397,85.3587650163782,90.7568919923686,94.7139775156162,100.95083406923,106.658779063494,118.427927771768,123.010511592384,132.81403064009,1,1,1,NA,NA,NA,NA,NA,0.264705882352941,0.147058823529412,0.0882352941176471,0,0,0,0,0,0,0,0,0,0,0,0,0,2657,45.651616,-2.07415146313966
"658",220,220,1,43.7119754583277,81.3275286224686,86.7231533521993,90.6784046091368,96.9123701320181,102.617669267066,114.381362507459,118.96182211846,128.760796845705,1,1,1,1,NA,NA,NA,NA,0.305555555555556,0.222222222222222,0.138888888888889,0.0277777777777778,0,0,0,0,0,0,0,0,0,0,0,0,2658,43.008045,-0.703930458327697
"659",220,220,2,43.1977956054434,80.8133487695843,86.208973499315,90.1642247562525,96.3981902791338,102.103489414181,113.867182654575,118.447642265576,128.246616992821,1,1,1,1,NA,NA,NA,NA,0.461538461538462,0.307692307692308,0.230769230769231,0.0769230769230769,0,0,0,0,0,0,0,0,0,0,0,0,2659,57.880663,14.6828673945566
"660",220,220,3,46.0905495867983,83.7061027509392,89.10172748067,93.0569787376075,99.2909442604887,104.996243395536,116.75993663593,121.340396246931,131.139370974176,1,1,1,NA,NA,NA,NA,NA,0.454545454545455,0.272727272727273,0.181818181818182,0,0,0,0,0,0,0,0,0,0,0,0,0,2660,64.225945,18.1353954132016
"661",221,221,1,47.349140085651,84.9005652409267,90.2869913641929,94.2354996021839,100.458837292621,106.154409879932,117.898048059029,122.47069877903,132.252967950054,1,1,1,NA,NA,NA,NA,NA,0.142857142857143,0.0952380952380952,0.0476190476190476,0,0,0,0,0,0,0,0,0,0,0,0,0,2661,1.487685,-45.861455085651
"662",221,221,2,35.2804061173021,72.8318312725778,78.2182573958441,82.1667656338351,88.3901033242723,94.0856759115828,105.82931409068,110.401964810682,120.184233981705,1,1,1,1,1,NA,NA,NA,0.515151515151515,0.393939393939394,0.333333333333333,0.212121212121212,0.0909090909090909,0,0,0,0,0,0,0,0,0,0,0,2662,46.961017,11.6806108826979
"663",221,221,3,44.0279478336711,81.5793729889468,86.9657991122131,90.9143073502041,97.1376450406413,102.833217627952,114.576855807049,119.149506527051,128.931775698074,0,0,0,0,NA,NA,NA,NA,NA,NA,NA,NA,NA,NA,NA,NA,0,0,0,0,0,0,0,0,2663,98.953039,54.9250911663289
"664",222,222,1,54.0398262966362,91.6641218753498,97.0610006285974,101.017171144812,107.252585534092,112.959210665599,124.725637963438,129.307162141446,139.108414296304,1,1,NA,NA,NA,NA,NA,NA,0.142857142857143,0.0285714285714286,0,0,0,0,0,0,1,1,1,1,0,0,0,0,2664,44.726354,-9.31347229663623
"665",222,222,2,43.5824759718979,81.2067715506115,86.603650303859,90.5598208200741,96.7952352093537,102.50186034086,114.2682876387,118.849811816708,128.651063971566,0,1,1,1,NA,NA,NA,NA,0,0.888888888888889,0.666666666666667,0.222222222222222,0,0,0,0,1,1,1,1,0,0,0,0,2665,85.261342,41.6788660281021
"666",222,222,3,51.3994496616055,89.0237452403191,94.4206239935667,98.3767945097818,104.612208899061,110.318834030568,122.085261328407,126.666785506416,136.468037661273,1,1,1,NA,NA,NA,NA,NA,0.2,0.0857142857142857,0.0285714285714286,0,0,0,0,0,1,0,1,1,0,0,0,0,2666,45.115937,-6.28351266160553
"667",223,223,1,43.695879828884,81.3062965465434,86.7011844975928,90.6558956604816,96.8890099282946,102.593529998269,114.355616892998,118.93545103704,128.733087703163,1,1,1,1,NA,NA,NA,NA,0.478260869565217,0.347826086956522,0.217391304347826,0.0434782608695652,0,0,0,0,1,0,0,1,0,0,0,0,2667,63.699381,20.003501171116
"668",223,223,2,47.2861594958735,84.8965762135329,90.2914641645823,94.2461753274711,100.479289595284,106.183809665259,117.945896559987,122.52573070403,132.323367370153,1,1,1,NA,NA,NA,NA,NA,0.3,0.2,0.1,0,0,0,0,0,0,0,0,0,0,0,0,0,2668,51.565134,4.27897450412654
"669",223,223,3,44.9418502129264,82.5522669305857,87.9471548816352,91.901866044524,98.134980312337,103.839500382312,115.60158727704,120.181421421082,129.979058087205,1,1,1,1,NA,NA,NA,NA,0.333333333333333,0.212121212121212,0.151515151515152,0.0303030303030303,0,0,0,0,0,0,0,0,0,0,0,0,2669,47.32181,2.37995978707364
"670",224,224,1,44.132874733345,81.7330103424499,87.1264235576813,91.0800536686086,97.3114640647283,103.014424758466,114.773296392564,119.351878602272,129.146837005963,1,1,1,1,NA,NA,NA,NA,0.523809523809524,0.380952380952381,0.238095238095238,0.0476190476190476,0,0,0,0,0,0,0,0,0,0,0,0,2670,66.671394,22.538519266655
"671",224,224,2,47.8801355203787,85.4802711294837,90.8736843447151,94.8273144556423,101.058724851762,106.7616855455,118.520557179597,123.099139389306,132.894097792997,1,1,1,NA,NA,NA,NA,NA,0.290322580645161,0.161290322580645,0.0967741935483871,0,0,0,0,0,0,0,0,0,0,0,0,0,2671,50.737243,2.85710747962129
"672",224,224,3,44.7943110800717,82.3944466891766,87.787859904408,91.7414900153353,97.972900411455,103.675861105193,115.43473273929,120.013314948999,129.80827335269,1,1,1,1,NA,NA,NA,NA,0.55,0.35,0.25,0.05,0,0,0,0,0,0,0,0,0,0,0,0,2672,67.240395,22.4460839199283
"673",225,225,1,48.0087638990275,85.6227246656855,91.0181209798138,94.9732047971787,101.206906414569,106.911964024418,118.675159266671,123.255424970851,133.053984873339,1,1,1,NA,NA,NA,NA,NA,0.28125,0.15625,0.09375,0,0,0,0,0,0,0,0,0,0,0,0,0,2673,49.92965,1.92088610097252
"674",225,225,2,44.6498172442544,82.2637780109124,87.6591743250407,91.6142581424056,97.8479597597964,103.553017369645,115.316212611898,119.896478316078,129.695038218566,1,1,1,1,NA,NA,NA,NA,0.323529411764706,0.205882352941176,0.147058823529412,0.0294117647058824,0,0,0,0,0,0,0,0,0,0,0,0,2674,46.449633,1.79981575574558
"675",225,225,3,43.9745608378604,81.5885216045184,86.9839179186467,90.9390017360116,97.1727033534023,102.877760963251,114.640956205504,119.221221909684,129.019781812172,1,1,1,1,NA,NA,NA,NA,0.366666666666667,0.266666666666667,0.166666666666667,0.0333333333333333,0,0,0,0,0,0,0,0,0,0,0,0,2675,52.959682,8.9851211621396
"676",226,226,1,45.2472442799762,82.8587175016733,88.2537569990602,92.20857925267,98.4418686132091,104.146548927313,115.908966227642,120.488929022565,130.286840911449,1,1,1,NA,NA,NA,NA,NA,0.37037037037037,0.259259259259259,0.148148148148148,0,0,0,0,0,0,0,0,0,0,0,0,0,2676,57.335084,12.0878397200238
"677",226,226,2,46.0959405215831,83.7074137432803,89.1024532406671,93.057275494277,99.290564854816,104.99524516892,116.757662469249,121.337625264172,131.135537153056,1,1,1,NA,NA,NA,NA,NA,0.303030303030303,0.181818181818182,0.121212121212121,0,0,0,0,0,0,0,0,0,0,0,0,0,2677,48.21825,2.12230947841691
"678",226,226,3,44.3275492397867,81.9390224614839,87.3340619588707,91.2888842124806,97.5221735730197,103.226853887124,114.989271187452,119.569233982376,129.367145871259,1,1,1,1,NA,NA,NA,NA,0.5,0.363636363636364,0.227272727272727,0.0454545454545455,0,0,0,0,0,0,0,0,0,0,0,0,2678,64.345909,20.0183597602133
"679",227,227,1,47.4775397295558,85.0926905104583,90.4882575218047,94.4434664684032,100.677365304953,106.38260340895,118.146170810094,122.726581422742,132.525451327835,0,0,0,NA,NA,NA,NA,NA,NA,NA,NA,NA,NA,NA,NA,NA,0,0,0,0,0,0,0,0,2679,98.700623,51.2230832704442
"680",227,227,2,54.158729204958,91.7738799858605,97.169446997207,101.124655943805,107.358554780356,113.063792884352,124.827360285496,129.407770898144,139.206640803238,1,1,NA,NA,NA,NA,NA,NA,0.15625,0.03125,0,0,0,0,0,0,1,1,1,0,0,0,0,0,2680,48.4443,-5.71442920495804
"681",227,227,3,44.3850481811539,82.0001989620564,87.3957659734029,91.3509749200013,97.5848737565514,103.290111860548,115.053679261692,119.63408987434,129.432959779434,1,1,1,1,NA,NA,NA,NA,0.17741935483871,0.129032258064516,0.0806451612903226,0.0161290322580645,0,0,0,0,1,1,1,0,0,0,0,0,2681,2.211804,-42.1732441811539
"682",228,228,1,35.3725063212443,73.0624612766977,78.4687582978445,82.4318328553546,88.6781288682292,94.3947128160714,106.181674087263,110.771193631495,120.589550268918,1,1,1,1,1,NA,NA,NA,0.607142857142857,0.464285714285714,0.392857142857143,0.25,0.107142857142857,0,0,0,0,0,1,0,0,0,0,0,2682,55.475133,20.1026266787556
"683",228,228,2,45.7390611671023,83.4290161225557,88.8353131437025,92.7983877012126,99.0446837140871,104.761267661929,116.548228933121,121.137748477353,130.956105114776,1,1,1,NA,NA,NA,NA,NA,0.263157894736842,0.184210526315789,0.105263157894737,0,0,0,0,0,0,0,0,0,0,0,0,0,2683,39.748413,-5.99064816710233
"684",228,228,3,42.6781953052361,80.3681502606895,85.7744472818362,89.7375218393463,95.9838178522209,101.700401800063,113.487363071255,118.076882615487,127.89523925291,1,1,1,1,NA,NA,NA,NA,0.631578947368421,0.473684210526316,0.315789473684211,0.105263157894737,0,0,0,0,0,0,0,0,0,0,0,0,2684,69.374787,26.6965916947639
"685",229,229,1,48.3875437152328,86.0782696940053,91.4846773117574,95.4478329418743,101.694256735212,107.410957627198,119.198160024229,123.787773456251,133.606330947772,1,1,1,NA,NA,NA,NA,NA,0.222222222222222,0.138888888888889,0.0555555555555556,0,0,0,0,0,0,0,0,0,0,0,0,0,2685,42.250374,-6.13716971523278
"686",229,229,2,43.1697507357596,80.8604767145321,86.2668843322842,90.2300399624011,96.4764637557384,102.193164647725,113.980367044756,118.569980476778,128.388537968299,1,1,1,1,NA,NA,NA,NA,0.48,0.32,0.24,0.08,0,0,0,0,0,0,0,0,0,0,0,0,2686,59.380979,16.2112282642404
"687",229,229,3,46.4650828966115,84.1558088753839,89.562216493136,93.5253721232529,99.7717959165902,105.488496808577,117.275699205608,121.86531263763,131.683870129151,1,1,1,NA,NA,NA,NA,NA,0.384615384615385,0.230769230769231,0.153846153846154,0,0,0,0,0,0,0,0,0,0,0,0,0,2687,57.932311,11.4672281033885
"688",230,230,1,46.1635135658101,83.8437696707931,89.248675475992,93.2107302056041,99.4554188434873,105.17053172847,116.954459831408,121.542798343085,131.358628398213,1,1,1,NA,NA,NA,NA,NA,0.526315789473684,0.315789473684211,0.210526315789474,0,0,0,0,0,0,0,0,0,0,0,0,0,2688,69.545848,23.3823344341899
"689",230,230,2,48.3937644462824,86.0740205512654,91.4789263564644,95.4409810860765,101.68566972396,107.400782608942,119.18471071188,123.773049223557,133.588879278685,1,1,1,NA,NA,NA,NA,NA,0.195121951219512,0.121951219512195,0.0487804878048781,0,0,0,0,0,0,0,0,0,0,0,0,0,2689,35.640637,-12.7531274462824
"690",230,230,3,41.8826449927214,79.5629010977044,84.9678069029033,88.9298616325154,95.1745502703986,100.889663155381,112.673591258319,117.261929769996,127.077759825124,1,1,1,1,NA,NA,NA,NA,0.448275862068966,0.310344827586207,0.241379310344828,0.103448275862069,0,0,0,0,0,0,0,0,0,0,0,0,2690,54.497359,12.6147140072786
"691",231,231,1,45.5105859040394,83.1804474525424,88.5838622488028,92.5448239974768,98.7877899621232,104.501326263775,116.282003626966,120.869076389713,130.682198628854,1,1,1,NA,NA,NA,NA,NA,0.333333333333333,0.233333333333333,0.133333333333333,0,0,0,0,0,0,0,0,0,0,0,0,0,2691,52.138527,6.62794109596061
"692",231,231,2,45.0558758874474,82.7257374359504,88.1291522322107,92.0901139808848,98.3330799455312,104.046616247183,115.827293610374,120.414366373121,130.227488612262,1,1,1,1,NA,NA,NA,NA,0.366666666666667,0.233333333333333,0.166666666666667,0.0333333333333333,0,0,0,0,0,0,0,0,0,0,0,0,2692,52.259084,7.20320811255262
"693",231,231,3,45.0791155566863,82.7489771051894,88.1523919014497,92.1133536501238,98.3563196147701,104.069855916422,115.850533279612,120.43760604236,130.250728281501,1,1,1,1,NA,NA,NA,NA,0.407407407407407,0.259259259259259,0.185185185185185,0.037037037037037,0,0,0,0,0,0,0,0,0,0,0,0,2693,56.935162,11.8560464433137
"694",232,232,1,45.9934692587852,83.6664173071023,89.0702748349809,93.0315611271282,99.2750386124571,104.989043055695,116.770685674849,121.358134281803,131.172060564248,1,1,1,NA,NA,NA,NA,NA,0.212765957446809,0.127659574468085,0.0851063829787234,0,0,0,0,0,0,0,0,0,0,0,0,0,2694,25.395559,-20.5979102587852
"695",232,232,2,39.9209010988626,77.5938491471797,82.9977066750583,86.9589929672056,93.2024704525345,98.9164748957726,110.698117514926,115.285566121881,125.099492404326,1,1,1,1,NA,NA,NA,NA,0.378378378378378,0.27027027027027,0.216216216216216,0.108108108108108,0,0,0,0,0,0,0,0,0,0,0,0,2695,41.040211,1.11930990113738
"696",232,232,3,42.9330891599574,80.6060372082745,86.0098947361531,89.9711810283004,96.2146585136292,101.928662956867,113.710305576021,118.297754182975,128.11168046542,1,1,1,1,NA,NA,NA,NA,0.4,0.266666666666667,0.2,0.0666666666666667,0,0,0,0,0,0,0,0,0,0,0,0,2696,52.301406,9.36831684004259
"697",233,233,1,45.0651034447798,82.6995227013282,88.097853608323,92.0550886227606,98.2921807929918,104.000341422598,115.769934747001,120.352691688947,130.156581095019,1,1,1,1,NA,NA,NA,NA,0.647058823529412,0.411764705882353,0.294117647058824,0.0588235294117647,0,0,0,0,0,0,0,0,0,0,0,0,2697,72.870135,27.8050315552202
"698",233,233,2,49.0240264994883,86.6584457560367,92.0567766630315,96.014011677469,102.2511038477,107.959264477306,119.728857801709,124.311614743655,134.115504149727,1,1,1,NA,NA,NA,NA,NA,0.444444444444444,0.277777777777778,0.111111111111111,0,0,0,0,0,0,0,0,0,0,0,0,0,2698,71.684573,22.6605465005117
"699",233,233,3,48.7958379354508,86.4302571919992,91.828588098994,95.7858231134315,102.022915283663,107.731075913269,119.500669237672,124.083426179618,133.887315585689,0,0,1,NA,NA,NA,NA,NA,0,0,0.666666666666667,0,0,0,0,0,0,0,0,0,0,0,0,0,2699,94.967951,46.1721130645492
"700",234,234,1,53.4284758425185,91.1165929901555,96.5226263937168,100.485507706915,106.731499142837,112.447804343128,124.234190867823,128.823486621528,138.641364503999,1,1,NA,NA,NA,NA,NA,NA,0.185185185185185,0.0740740740740741,0,0,0,0,0,0,1,1,0,0,0,0,0,0,2700,57.665889,4.23741315748151
"701",234,234,2,46.1643433452537,83.8524604928908,89.2584938964521,93.2213752096506,99.4673666455722,105.183671845863,116.970058370559,121.559354124263,131.377232006734,1,1,1,NA,NA,NA,NA,NA,0.625,0.375,0.25,0,0,0,0,0,1,1,0,0,0,0,0,0,2701,73.706073,27.5417296547463
"702",234,234,3,49.2879782225028,86.9760953701398,92.3821287737011,96.3450100868996,102.591001522821,108.307306723112,120.093693247808,124.682989001512,134.500866883983,1,1,1,NA,NA,NA,NA,NA,0.222222222222222,0.111111111111111,0.0555555555555556,0,0,0,0,0,0,0,0,0,0,0,0,0,2702,43.010762,-6.27721622250278
"703",235,235,1,43.3146880387319,81.0034631277198,86.4095909072593,90.3725414025683,96.6186418780587,102.335046870906,114.121639156772,118.711015028234,128.529064306581,1,1,1,1,NA,NA,NA,NA,0.342857142857143,0.228571428571429,0.171428571428571,0.0571428571428571,0,0,0,0,0,0,0,0,0,0,0,0,2703,44.787046,1.4723579612681
"704",235,235,2,43.6600280294205,81.3488031184084,86.7549308979478,90.7178813932568,96.9639818687473,102.680386861595,114.46697914746,119.056355018923,128.874404297269,1,1,1,1,NA,NA,NA,NA,0.354838709677419,0.258064516129032,0.161290322580645,0.032258064516129,0,0,0,0,0,0,0,0,0,0,0,0,2704,50.059503,6.39947497057951
"705",235,235,3,44.6850838489211,82.3738589379091,87.7799867174485,91.7429372127575,97.9890376882479,103.705442681095,115.492034966961,120.081410838423,129.89946011677,1,1,1,1,NA,NA,NA,NA,0.289473684210526,0.184210526315789,0.131578947368421,0.0263157894736842,0,0,0,0,0,0,0,0,0,0,0,0,2705,39.872363,-4.81272084892115
"706",236,236,1,42.6812890167198,80.3227528241199,85.7220942108123,89.6800699552476,95.9183296076356,101.627558712022,113.399355112765,117.982969872235,127.788694406863,0,0,1,1,NA,NA,NA,NA,0,0,0.75,0.25,0,0,0,0,0,0,0,0,0,0,0,0,2706,86.919655,44.2383659832802
"707",236,236,2,51.8347793110978,89.476243118498,94.8755845051904,98.8335602496257,105.071819902014,110.7810490064,122.552845407143,127.136460166613,136.942184701241,1,1,NA,NA,NA,NA,NA,NA,0.193548387096774,0.0967741935483871,0,0,0,0,0,0,1,1,0,0,0,0,0,0,2707,50.451071,-1.38370831109781
"708",236,236,3,44.7394755113869,82.380939318787,87.7802807054794,91.7382564499147,97.9765161023027,103.685745206689,115.457541607432,120.041156366902,129.84688090153,1,1,1,1,NA,NA,NA,NA,0.423076923076923,0.269230769230769,0.192307692307692,0.0384615384615385,0,0,0,0,1,1,0,0,0,0,0,0,2708,58.651922,13.9124464886131
"709",237,237,1,46.3533853888036,84.0110909031838,89.4127620218211,93.3724455713143,99.6133969358487,105.325089483917,117.101965231966,121.687557750011,131.497513302471,1,1,1,NA,NA,NA,NA,NA,0.416666666666667,0.25,0.166666666666667,0,0,0,0,0,0,0,0,0,0,0,0,0,2709,61.799159,15.4457736111964
"710",237,237,2,46.9670761526863,84.6247816670665,90.0264527857039,93.9861363351971,100.227087699731,105.938780247799,117.715655995849,122.301248513894,132.111204066354,1,1,1,NA,NA,NA,NA,NA,0.236842105263158,0.157894736842105,0.0789473684210526,0,0,0,0,0,0,0,0,0,0,0,0,0,2710,40.418706,-6.54837015268635
"711",237,237,3,42.7980267503917,80.4557322647719,85.8574033834093,89.8170869329024,96.0580382974368,101.769730845505,113.546606593554,118.132199111599,127.942154664059,0,1,1,1,NA,NA,NA,NA,0,1,0.666666666666667,0.222222222222222,0,0,0,0,0,0,0,0,0,0,0,0,2711,84.691343,41.8933162496083
"712",238,238,1,51.4347677115955,89.0718809341464,94.47059826719,98.4281165504226,104.665655187335,110.374224421378,122.144660242753,126.72774522992,136.532336422954,1,1,1,NA,NA,NA,NA,NA,0.24,0.12,0.04,0,0,0,0,0,1,0,0,0,0,0,0,0,2712,60.036443,8.60167528840453
"713",238,238,2,46.6249712139403,84.2620844364912,89.6608017695349,93.6183200527674,99.8558586896798,105.564427923722,117.334863745097,121.917948732265,131.722539925299,1,1,1,NA,NA,NA,NA,NA,0.178571428571429,0.107142857142857,0.0714285714285714,0,0,0,0,0,1,0,0,0,0,0,0,0,2713,11.872568,-34.7524032139403
"714",238,238,3,37.2289307802536,74.8660440028045,80.2647613358482,84.2222796190807,90.4598182559931,96.1683874900358,107.938823311411,112.521908298578,122.326499491612,1,1,1,1,1,NA,NA,NA,1,0.75,0.625,0.375,0.125,0,0,0,0,0,0,0,0,0,0,0,2714,73.480489,36.2515582197464
"715",239,239,1,49.1902482661529,86.8568561979461,92.2598042911195,96.2204239240861,102.462850672034,108.175893484822,119.955553328777,124.542229897433,134.35450455877,1,1,1,NA,NA,NA,NA,NA,0.25,0.125,0.0625,0,0,0,0,0,0,0,0,0,0,0,0,0,2715,49.191075,0.000826733847127059
"716",239,239,2,44.4837471719424,82.1503551037357,87.5533031969091,91.5139228298757,97.7563495778235,103.469392390611,115.249052234566,119.835728803222,129.64800346456,1,1,1,1,NA,NA,NA,NA,0.407407407407407,0.259259259259259,0.185185185185185,0.037037037037037,0,0,0,0,0,0,0,0,0,0,0,0,2716,57.353784,12.8700368280576
"717",239,239,3,46.0654155827251,83.7320235145183,89.1349716076917,93.0955912406583,99.3380179886061,105.051060801394,116.830720645349,121.417397214005,131.229671875342,1,1,1,NA,NA,NA,NA,NA,0.263157894736842,0.157894736842105,0.105263157894737,0,0,0,0,0,0,0,0,0,0,0,0,0,2717,39.948571,-6.11684458272506
"718",240,240,1,42.7253485825416,80.3612223227635,85.7597618628214,89.7171498152831,95.9544830347696,101.662864271644,113.432912463737,118.01584651869,127.820114822519,1,1,1,1,NA,NA,NA,NA,0.444444444444444,0.333333333333333,0.222222222222222,0.0740740740740741,0,0,0,0,0,0,0,0,0,0,0,0,2718,56.800894,14.0755454174584
"719",240,240,2,45.9924244914116,83.6282982316335,89.0268377716914,92.9842257241531,99.2215589436396,104.929940180514,116.699988372607,121.28292242756,131.087190731389,1,1,1,NA,NA,NA,NA,NA,0.32258064516129,0.225806451612903,0.129032258064516,0,0,0,0,0,0,0,0,0,0,0,0,0,2719,50.463934,4.47150950858844
"720",240,240,3,44.763909624264,82.3997833644859,87.7983229045439,91.7557108570056,97.993044076492,103.701425313367,115.471473505459,120.054407560412,129.858675864242,1,1,1,1,NA,NA,NA,NA,0.379310344827586,0.241379310344828,0.172413793103448,0.0344827586206897,0,0,0,0,0,0,0,0,0,0,0,0,2720,53.768799,9.004889375736
"721",241,241,1,45.3991498017247,83.0315321899054,88.4295709258058,92.3865917648426,98.6233463681338,104.33119805789,116.100154382631,120.682663294374,130.486022089569,1,1,1,NA,NA,NA,NA,NA,0.416666666666667,0.291666666666667,0.166666666666667,0,0,0,0,0,0,0,0,0,0,0,0,0,2721,62.102586,16.7034361982752
"722",241,241,2,47.0129339584601,84.6453163466408,90.0433550825412,94.000375921578,100.237130524869,105.944982214626,117.713938539367,122.29644745111,132.099806246304,1,1,1,NA,NA,NA,NA,NA,0.290322580645161,0.193548387096774,0.0967741935483871,0,0,0,0,0,0,0,0,0,0,0,0,0,2722,50.663641,3.65070704153985
"723",241,241,3,44.7978559620142,82.4302383501948,87.8282770860952,91.785297925132,98.0220525284233,103.72990421818,115.498860542921,120.081369454664,129.884728249858,1,1,1,1,NA,NA,NA,NA,0.314285714285714,0.2,0.142857142857143,0.0285714285714286,0,0,0,0,0,0,0,0,0,0,0,0,2723,44.572063,-0.225792962014161
"724",242,242,1,43.638246810519,81.2737452792402,86.6722309898574,90.6295794827619,96.8668505091021,102.57517482707,114.345105658697,118.927994016703,128.732164561078,1,1,1,1,NA,NA,NA,NA,0.392857142857143,0.285714285714286,0.178571428571429,0.0714285714285714,0,0,0,0,0,0,0,0,0,0,0,0,2724,54.974796,11.3365491894809
"725",242,242,2,45.6582199956071,83.2937184643283,88.6922041749455,92.6495526678499,98.8868236941902,104.595148012158,116.365078843785,120.947967201791,130.752137746166,1,1,1,NA,NA,NA,NA,NA,0.32258064516129,0.225806451612903,0.129032258064516,0,0,0,0,0,0,0,0,0,0,0,0,0,2725,50.849864,5.19164400439287
"726",242,242,3,44.8572524008114,82.4927508695326,87.8912365801498,91.8485850730543,98.0858560993945,103.794180417363,115.56411124899,120.146999606995,129.95117015137,1,1,1,1,NA,NA,NA,NA,0.407407407407407,0.259259259259259,0.185185185185185,0.037037037037037,0,0,0,0,0,0,0,0,0,0,0,0,2726,56.257954,11.4007015991886
"727",243,243,1,45.8571985185591,83.4428481389272,88.8341834647621,92.7862903832772,99.0153000396295,104.716063586388,116.470404947408,121.047223192991,130.838407949199,1,1,1,NA,NA,NA,NA,NA,0.32258064516129,0.225806451612903,0.129032258064516,0,0,0,0,0,0,0,0,0,0,0,0,0,2727,51.127702,5.27050348144091
"728",243,243,2,44.8701877566428,82.4558373770109,87.8471727028458,91.7992796213609,98.0282892777133,103.729052824472,115.483394185492,120.060212431075,129.851397187283,1,1,1,1,NA,NA,NA,NA,0.44,0.28,0.2,0.04,0,0,0,0,0,0,0,0,0,0,0,0,2728,60.26005,15.3898622433572
"729",243,243,3,46.6271630002692,84.2128126206373,89.6041479464722,93.5562548649872,99.7852645213396,105.486028068098,117.240369429118,121.817187674701,131.608372430909,1,1,1,NA,NA,NA,NA,NA,0.357142857142857,0.214285714285714,0.142857142857143,0,0,0,0,0,0,0,0,0,0,0,0,0,2729,55.159782,8.53261899973084
"730",244,244,1,45.6574133249659,83.2353148842141,88.6255388179075,92.576831032772,98.804556615335,104.50414498314,116.256063255662,120.83193801702,130.621104377944,1,1,1,NA,NA,NA,NA,NA,0.256410256410256,0.179487179487179,0.102564102564103,0,0,0,0,0,0,0,0,0,0,0,0,0,2730,38.499764,-7.15764932496587
"731",244,244,2,42.4437568645816,80.0216584238299,85.4118823575233,89.3631745723877,95.5909001549507,101.290488522756,113.042406795278,117.618281556636,127.40744791756,1,1,1,1,NA,NA,NA,NA,0.244897959183673,0.183673469387755,0.122448979591837,0.0408163265306122,0,0,0,0,0,0,0,0,0,0,0,0,2731,22.973399,-19.4703578645816
"732",244,244,3,39.4487779162676,77.0266794755158,82.4169034092092,86.3681956240736,92.5959212066367,98.2955095744416,110.047427846964,114.623302608322,124.412468969246,1,1,1,1,1,NA,NA,NA,0.466666666666667,0.366666666666667,0.266666666666667,0.133333333333333,0.0333333333333333,0,0,0,0,0,0,0,0,0,0,0,2732,52.035944,12.5871660837324
"733",245,245,1,45.0332316262717,82.6186576246706,88.0099608738743,91.9620442786829,98.1910168745236,103.891746503657,115.646017930301,120.222808945356,130.013935447308,1,1,1,1,NA,NA,NA,NA,0.354838709677419,0.225806451612903,0.161290322580645,0.032258064516129,0,0,0,0,0,0,0,0,0,0,0,0,2733,51.547184,6.51395237372826
"734",245,245,2,44.9392899019392,82.5247159003381,87.9160191495418,91.8681025543504,98.0970751501911,103.797804779325,115.552076205969,120.128867221023,129.919993722976,1,1,1,1,NA,NA,NA,NA,0.354838709677419,0.225806451612903,0.161290322580645,0.032258064516129,0,0,0,0,0,0,0,0,0,0,0,0,2734,50.994256,6.05496609806075
"735",245,245,3,44.8330148185615,82.4184408169603,87.809744066164,91.7618274709726,97.9908000668134,103.691529695947,115.445801122591,120.022592137645,129.813718639598,1,1,1,1,NA,NA,NA,NA,0.392857142857143,0.25,0.178571428571429,0.0357142857142857,0,0,0,0,0,0,0,0,0,0,0,0,2735,55.02171,10.1886951814385
"736",246,246,1,45.5945079090856,83.1753905502901,88.5660420943247,92.5176477680423,98.7458674005547,104.445907920804,116.198758481454,120.774996250248,130.56493919278,1,1,1,NA,NA,NA,NA,NA,0.27027027027027,0.189189189189189,0.108108108108108,0,0,0,0,0,0,0,0,0,0,0,0,0,2736,41.770226,-3.82428190908565
"737",246,246,2,43.0526928736325,80.633575514837,86.0242270588716,89.9758327325892,96.2040523651016,101.904092885351,113.656943446001,118.233181214795,128.023124157327,1,1,1,1,NA,NA,NA,NA,0.413793103448276,0.275862068965517,0.206896551724138,0.0689655172413793,0,0,0,0,0,0,0,0,0,0,0,0,2737,53.730847,10.6781541263675
"738",246,246,3,45.346902812018,82.9277854532225,88.3184369972571,92.2700426709747,98.4982623034871,104.198302823736,115.951153384387,120.527391153181,130.317334095713,1,1,1,NA,NA,NA,NA,NA,0.285714285714286,0.2,0.114285714285714,0,0,0,0,0,0,0,0,0,0,0,0,0,2738,43.95256,-1.39434281201802
"739",247,247,1,43.4566800146503,81.0207590703478,86.4090002858379,90.3588390733314,96.5842738744669,102.281765728704,114.029361223069,118.603552813135,128.389118366639,1,1,1,1,NA,NA,NA,NA,0.631578947368421,0.421052631578947,0.315789473684211,0.105263157894737,0,0,0,0,0,0,0,0,0,0,0,0,2739,69.003975,25.5472949853497
"740",247,247,2,48.2458081442371,85.8098871999346,91.1981284154247,95.1479672029182,101.373402004054,107.070893858291,118.818489352656,123.392680942722,133.178246496226,1,1,1,NA,NA,NA,NA,NA,0.290322580645161,0.161290322580645,0.0967741935483871,0,0,0,0,0,0,0,0,0,0,0,0,0,2740,50.184724,1.93891585576293
"741",247,247,3,44.6480950273591,82.2121740830566,87.6004152985467,91.5502540860402,97.7756888871756,103.473180741413,115.220776235778,119.794967825844,129.580533379348,1,1,1,1,NA,NA,NA,NA,0.323529411764706,0.205882352941176,0.147058823529412,0.0294117647058824,0,0,0,0,0,0,0,0,0,0,0,0,2741,45.787219,1.13912397264093
"742",248,248,1,43.7930123266549,81.3495655027988,86.7367271961653,90.6857746422572,96.9099621913992,102.606312565837,114.351554455616,118.924829616587,128.708434653832,1,1,1,1,NA,NA,NA,NA,0.478260869565217,0.347826086956522,0.217391304347826,0.0434782608695652,0,0,0,0,0,0,0,0,0,0,0,0,2742,63.891164,20.0981516733451
"743",248,248,2,47.2647199054458,84.8212730815897,90.2084347749562,94.157482221048,100.38166977019,106.078020144628,117.823262034407,122.396537195378,132.180142232623,1,1,1,NA,NA,NA,NA,NA,0.642857142857143,0.428571428571429,0.214285714285714,0,0,0,0,0,0,0,0,0,0,0,0,0,2743,77.677285,30.4125650945542
"744",248,248,3,49.9084188759093,87.4649720520532,92.8521337454197,96.8011811915115,103.025368740654,108.721719115091,120.46696100487,125.040236165841,134.823841203086,1,1,1,NA,NA,NA,NA,NA,0.285714285714286,0.142857142857143,0.0714285714285714,0,0,0,0,0,0,0,0,0,0,0,0,0,2744,55.335338,5.42691912409068
"745",249,249,1,45.6780823153532,83.1908197442063,88.5716964487916,92.5161366971961,98.7330627325495,104.422767399983,116.154306579929,120.722246281391,130.494437173044,1,1,1,NA,NA,NA,NA,NA,0.263157894736842,0.184210526315789,0.105263157894737,0,0,0,0,0,0,0,0,0,0,0,0,0,2745,39.129206,-6.54887631535316
"746",249,249,2,42.5402343119056,80.0529717407587,85.433848445344,89.3782886937485,95.5952147291019,101.284919396535,113.016458576481,117.584398277944,127.356589169597,1,1,1,1,NA,NA,NA,NA,0.75,0.5625,0.375,0.125,0,0,0,0,0,0,0,0,0,0,0,0,2746,74.183833,31.6435986880944
"747",249,249,3,49.3275473699227,86.8402847987759,92.2211615033612,96.1656017517657,102.382527787119,108.072232454553,119.803771634498,124.371711335961,134.143902227614,1,1,1,NA,NA,NA,NA,NA,0.470588235294118,0.235294117647059,0.117647058823529,0,0,0,0,0,0,0,0,0,0,0,0,0,2747,72.480015,23.1524676300773
"748",250,250,1,49.0451680704141,86.5691622476144,91.9516536350808,95.8972775233445,102.116069121615,107.807481144416,119.542540701528,124.111851141337,133.886974452782,1,1,1,NA,NA,NA,NA,NA,0.363636363636364,0.227272727272727,0.0909090909090909,0,0,0,0,0,0,0,0,0,0,0,0,0,2748,64.739926,15.6947579295859
"749",250,250,2,47.5351368656797,85.05913104288,90.4416224303464,94.3872463186101,100.606037916881,106.297449939682,118.032509496794,122.601819936603,132.376943248047,1,1,1,NA,NA,NA,NA,NA,0.346153846153846,0.230769230769231,0.115384615384615,0,0,0,0,0,0,0,0,0,0,0,0,0,2749,59.038458,11.5033211343203
"750",250,250,3,46.4228247730417,83.946818950242,89.3293103377084,93.2749342259721,99.4937258242427,105.185137847044,116.920197404156,121.489507843965,131.264631155409,1,1,1,NA,NA,NA,NA,NA,0.344827586206897,0.206896551724138,0.137931034482759,0,0,0,0,0,0,0,0,0,0,0,0,0,2750,53.153934,6.73110922695829
"751",251,251,1,45.2985136638082,82.7789665862807,88.1552123585425,92.0962579118356,98.3078334875315,103.992641436697,115.714084127358,120.278092532718,130.041873204781,1,1,1,1,NA,NA,NA,NA,0.305555555555556,0.194444444444444,0.138888888888889,0.0277777777777778,0,0,0,0,0,0,0,0,0,0,0,0,2751,42.490352,-2.80816166380821
"752",251,251,2,43.2153492541934,80.6958021766659,86.0720479489277,90.0130935022207,96.2246690779166,101.909477027082,113.630919717743,118.194928123103,127.958708795166,1,1,1,1,NA,NA,NA,NA,0.387096774193548,0.258064516129032,0.193548387096774,0.0645161290322581,0,0,0,0,0,0,0,0,0,0,0,0,2752,50.306423,7.09107374580664
"753",251,251,3,44.7422434001026,82.2226963225751,87.5989420948369,91.53998764813,97.7515632238258,103.436371172992,115.157813863652,119.721822269013,129.485602941075,1,1,1,1,NA,NA,NA,NA,0.578947368421053,0.368421052631579,0.263157894736842,0.0526315789473684,0,0,0,0,0,0,0,0,0,0,0,0,2753,70.233534,25.4912905998974
"754",252,252,1,48.6502302968311,86.1219176340063,91.4969060591119,95.4370299167406,101.647152785991,107.330631224303,119.049332611225,123.612273628071,133.373770836471,1,1,1,NA,NA,NA,NA,NA,0.266666666666667,0.166666666666667,0.0666666666666667,0,0,0,0,0,0,0,0,0,0,0,0,0,2754,52.333877,3.68364670316889
"755",252,252,2,45.1364445512784,82.6081318884536,87.9831203135592,91.9232441711879,98.1333670404383,103.81684547875,115.535546865672,120.098487882518,129.859985090918,1,1,1,1,NA,NA,NA,NA,0.733333333333333,0.466666666666667,0.333333333333333,0.0666666666666667,0,0,0,0,0,0,0,0,0,0,0,0,2755,75.663325,30.5268804487216
"756",252,252,3,49.7161234710484,87.1878108082236,92.5627992333292,96.5029230909579,102.713045960208,108.39652439852,120.115225785442,124.678166802288,134.439664010688,1,1,1,NA,NA,NA,NA,NA,0.347826086956522,0.173913043478261,0.0869565217391304,0,0,0,0,0,0,0,0,0,0,0,0,0,2756,62.951245,13.2351215289516
"757",253,253,1,47.2767798190121,84.7222349797922,90.0934606267977,94.0308261879258,100.236601640497,105.916101341273,117.626599013237,122.186345728408,131.941009368991,1,1,1,NA,NA,NA,NA,NA,0.243243243243243,0.162162162162162,0.0810810810810811,0,0,0,0,0,0,0,0,0,0,0,0,0,2757,41.549277,-5.72750281901205
"758",253,253,2,43.0493656437783,80.4948208045585,85.8660464515639,89.803412012692,96.0091874652629,101.688687166039,113.399184838003,117.958931553174,127.713595193757,1,1,1,1,NA,NA,NA,NA,0.324324324324324,0.243243243243243,0.162162162162162,0.0540540540540541,0,0,0,0,0,0,0,0,0,0,0,0,2758,41.730116,-1.3192496437783
"759",253,253,3,43.0850857865257,80.5305409473059,85.9017665943113,89.8391321554394,96.0449076080103,101.724407308786,113.434904980751,117.994651695921,127.749315336504,1,1,1,1,NA,NA,NA,NA,0.3,0.225,0.15,0.05,0,0,0,0,0,0,0,0,0,0,0,0,2759,36.229355,-6.85573078652568
"760",254,254,1,41.9935547121739,79.392833794574,84.7574358837829,88.6899460599256,94.8880688248077,100.560564817865,112.256621622278,116.810745459564,126.553380080579,1,1,1,1,NA,NA,NA,NA,0.40625,0.28125,0.21875,0.09375,0,0,0,0,0,0,0,0,0,0,0,0,2760,48.447824,6.45426928782606
"761",254,254,2,44.4170397926271,81.8163188750271,87.1809209642361,91.1134311403787,97.3115539052608,102.984049898318,114.680106702731,119.234230540017,128.976865161032,1,1,1,1,NA,NA,NA,NA,0.268292682926829,0.195121951219512,0.121951219512195,0.024390243902439,0,0,0,0,0,0,0,0,0,0,0,0,2761,35.908119,-8.50892079262707
"762",254,254,3,41.9298388200025,79.3291179024025,84.6937199916115,88.6262301677541,94.8243529326362,100.496848925694,112.192905730107,116.747029567392,126.489664188408,1,1,1,1,NA,NA,NA,NA,0.928571428571429,0.642857142857143,0.5,0.214285714285714,0,0,0,0,0,0,0,0,0,0,0,0,2762,76.72963,34.7997911799975
"763",255,255,1,50.0945559557624,87.4714198009318,92.832806618846,96.7629598471898,102.957367770621,108.626463956343,120.31551073558,124.866905061263,134.603700439607,1,1,1,NA,NA,NA,NA,NA,0.148148148148148,0.0740740740740741,0.037037037037037,0,0,0,0,0,0,0,0,0,0,0,0,0,2763,14.65519,-35.4393659557624
"764",255,255,2,37.7022569230308,75.0791207682002,80.4405075861144,84.3706608144583,90.5650687378897,96.2341649236114,107.923211702848,112.474606028531,122.211401406876,0,0,0,0,0,NA,NA,NA,0,0,0,0,0,0,0,0,0,0,0,0,0,0,0,0,2764,97.784042,60.0817850769692
"765",255,255,3,54.2977766285922,91.6746404737616,97.0360272916758,100.96618052002,107.160588443451,112.829684629173,124.51873140841,129.070125734093,138.806921112437,1,1,NA,NA,NA,NA,NA,NA,0.238095238095238,0.0476190476190476,0,0,0,0,0,0,1,1,1,1,1,0,0,0,2765,67.114653,12.8168763714078
"766",256,256,1,48.1509305745926,85.6046093928391,90.9770146521554,94.9152449255846,101.122383271767,106.803130287068,118.516199783069,123.076947896004,132.833753826276,1,1,1,NA,NA,NA,NA,NA,0.25,0.138888888888889,0.0833333333333333,0,0,0,0,0,1,1,1,1,1,0,0,0,2766,42.927487,-5.22344357459265
"767",256,256,2,43.3631752949751,80.8168541132216,86.1892593725379,90.127489645967,96.3346279921498,102.015375007451,113.728444503451,118.289192616387,128.045998546658,0,0,0,1,NA,NA,NA,NA,0,0,0,0.4,0,0,0,0,0,0,1,1,1,0,0,0,2767,91.700225,48.3370497050249
"768",256,256,3,53.0175487697718,90.4712275880182,95.8436328473345,99.7818631207637,105.989001466946,111.669748482248,123.382817978248,127.943566091183,137.700372021455,1,1,NA,NA,NA,NA,NA,NA,0.3,0.1,0,0,0,0,0,0,1,1,1,1,1,0,0,0,2768,68.276063,15.2585142302282
"769",257,257,1,48.4201444714122,85.90828799634,91.2856369187964,95.2274911339984,101.440341260951,107.126315674088,118.850163483922,123.415108376745,133.180892475921,1,1,1,NA,NA,NA,NA,NA,0.264705882352941,0.147058823529412,0.0882352941176471,0,0,0,0,0,1,1,1,1,1,0,0,0,2769,46.162868,-2.25727647141217
"770",257,257,2,44.0354011781587,81.5235447030865,86.9008936255429,90.842747840745,97.0555979676975,102.741572380835,114.465420190668,119.030365083491,128.796149182668,1,1,1,1,NA,NA,NA,NA,0.578947368421053,0.421052631578947,0.263157894736842,0.0526315789473684,0,0,0,0,0,0,1,1,1,0,0,0,2770,70.311135,26.2757338218413
"771",257,257,3,48.8236713386644,86.3118148635922,91.6891637860486,95.6310180012507,101.843868128203,107.529842541341,119.253690351174,123.818635243997,133.584419343173,1,1,1,NA,NA,NA,NA,NA,0.421052631578947,0.263157894736842,0.105263157894737,0,0,0,0,0,0,0,0,0,1,0,0,0,2771,70.096033,21.2723616613356
"772",258,258,1,48.8269179846496,86.3220322015572,91.7003810092969,95.6429681882837,101.85697355688,107.544005242331,119.270033030265,123.835826746789,133.603426734044,1,1,1,NA,NA,NA,NA,NA,0.242424242424242,0.151515151515152,0.0606060606060606,0,0,0,0,0,0,0,0,0,1,0,0,0,2772,48.34086,-0.486057984649591
"773",258,258,2,44.4894449617332,81.9845591786408,87.3629079863805,91.3054951653673,97.5195005339638,103.206532219415,114.932560007348,119.498353723873,129.265953711127,0,0,1,1,NA,NA,NA,NA,0,0,0.833333333333333,0.166666666666667,0,0,0,0,0,0,0,0,1,0,0,0,2773,89.398703,44.9092580382668
"774",258,258,3,52.6754192305491,90.1705334474567,95.5488822551964,99.4914694341832,105.70547480278,111.392506488231,123.118534276164,127.684327992689,137.451927979943,1,1,NA,NA,NA,NA,NA,NA,0.545454545454545,0.181818181818182,0,0,0,0,0,0,1,1,0,0,1,0,0,0,2774,82.216806,29.5413867694509
"775",259,259,1,51.2942781732884,88.8213155650498,94.2042434752405,98.1501873555608,104.369483300918,110.061356900061,121.79736817633,126.367049189485,136.142965268284,1,1,1,NA,NA,NA,NA,NA,0.21875,0.09375,0.03125,0,0,0,0,0,1,1,0,0,1,0,0,0,2775,48.608214,-2.68606417328836
"776",259,259,2,44.5678952621403,82.0949326539017,87.4778605640925,91.4238044444128,97.6431003897702,103.334973988913,115.070985265182,119.640666278337,129.416582357136,1,1,1,1,NA,NA,NA,NA,0.333333333333333,0.242424242424242,0.151515151515152,0.0303030303030303,0,0,0,0,0,0,0,0,1,0,0,0,2776,48.390115,3.82221973785966
"777",259,259,3,44.5242451923445,82.0512825841059,87.4342104942967,91.380154374617,97.5994503199744,103.291323919117,115.027335195386,119.597016208541,129.37293228734,1,1,1,1,NA,NA,NA,NA,0.478260869565217,0.347826086956522,0.217391304347826,0.0434782608695652,0,0,0,0,0,0,0,0,1,0,0,0,2777,62.736144,18.2118988076555
"778",260,260,1,47.3767163290752,84.9008897951136,90.2834069000083,94.2290496403782,100.447870951901,106.139310168147,117.874425795121,122.443758066998,132.218928083771,1,1,1,NA,NA,NA,NA,NA,0.5625,0.375,0.1875,0,0,0,0,0,0,0,0,0,1,0,0,0,2778,74.618249,27.2415326709248
"779",260,260,2,49.7486713896472,87.2728448556855,92.6553619605802,96.6010047009501,102.819826012473,108.511265228719,120.246380855693,124.81571312757,134.590883144343,1,1,1,NA,NA,NA,NA,NA,0.2,0.1,0.05,0,0,0,0,0,0,0,0,0,1,0,0,0,2779,36.656007,-13.0926643896472
"780",260,260,3,42.1704912588912,79.6946647249296,85.0771818298242,89.0228245701941,95.2416458817174,100.933085097963,112.668200724937,117.237532996814,127.012703013587,1,1,1,1,NA,NA,NA,NA,0.48,0.36,0.28,0.12,0,0,0,0,0,0,0,0,1,0,0,0,2780,59.411076,17.2405847411088
"781",261,261,1,46.6889267242634,84.2148597802927,89.5976292831045,93.5434570432318,99.7625699687928,105.454276068984,117.189941981017,121.759488518808,131.535116914534,1,1,1,NA,NA,NA,NA,NA,0.5,0.3,0.2,0,0,0,0,0,0,0,0,0,1,0,0,0,2781,68.521614,21.8326872757366
"782",261,261,2,48.5019624545025,86.0278955105317,91.4106650133435,95.3564927734708,101.575605699032,107.267311799223,119.002977711256,123.572524249047,133.348152644773,1,1,1,NA,NA,NA,NA,NA,0.666666666666667,0.416666666666667,0.166666666666667,0,0,0,0,0,0,0,0,0,1,0,0,0,2782,80.507866,32.0059035454975
"783",261,261,3,50.8872774762552,88.4132105322845,93.7959800350962,97.7418077952235,103.960920720785,109.652626820976,121.388292733009,125.957839270799,135.733467666525,1,1,1,NA,NA,NA,NA,NA,0.205882352941176,0.0882352941176471,0.0294117647058824,0,0,0,0,0,0,0,0,0,1,0,0,0,2783,46.872557,-4.01472047625519
"784",262,262,1,44.2057481482238,81.7531072491107,87.1389501321541,91.0870308271375,97.3096946568778,103.004650529701,114.747017112011,119.319172707089,129.100382657635,1,1,1,1,NA,NA,NA,NA,0.333333333333333,0.242424242424242,0.151515151515152,0.0303030303030303,0,0,0,0,0,0,0,0,1,0,0,0,2784,47.349049,3.14330085177624
"785",262,262,2,44.3007947541282,81.8481538550151,87.2339967380585,91.1820774330419,97.4047412627821,103.099697135605,114.842063717916,119.414219312993,129.195429263539,1,1,1,1,NA,NA,NA,NA,0.323529411764706,0.235294117647059,0.147058823529412,0.0294117647058824,0,0,0,0,0,0,0,0,1,0,0,0,2785,46.67561,2.37481524587184
"786",262,262,3,44.1664628215172,81.7138219224042,87.0996648054475,91.0477455004309,97.2704093301712,102.965365202994,114.707731785305,119.279887380382,129.061097330928,1,1,1,1,NA,NA,NA,NA,0.305555555555556,0.222222222222222,0.138888888888889,0.0277777777777778,0,0,0,0,0,0,0,0,1,0,0,0,2786,42.207595,-1.95886782151722
"787",263,263,1,43.2653463532304,80.806273370699,86.191193627184,90.1385979927269,96.3601958435596,102.054176136951,113.794531182813,118.36590354075,128.145437912511,1,1,1,1,NA,NA,NA,NA,0.413793103448276,0.275862068965517,0.206896551724138,0.0689655172413793,0,0,0,0,0,0,0,0,1,0,0,0,2787,53.771087,10.5057406467696
"788",263,263,2,45.5710766748594,83.112003692328,88.496923948813,92.4443283143559,98.6659261651886,104.35990645858,116.100261504442,120.671633862379,130.45116823414,1,1,1,NA,NA,NA,NA,NA,0.277777777777778,0.194444444444444,0.111111111111111,0,0,0,0,0,0,0,0,0,1,0,0,0,2788,43.459569,-2.11150767485937
"789",263,263,3,43.5149867225661,81.0559137400348,86.4408339965198,90.3882383620627,96.6098362128954,102.303816506287,114.044171552149,118.615543910086,128.395078281847,1,1,1,1,NA,NA,NA,NA,0.226415094339623,0.150943396226415,0.113207547169811,0.0377358490566038,0,0,0,0,0,0,0,0,1,0,0,0,2789,17.1441,-26.3708867225661
"790",264,264,1,38.2475620310947,75.7668436404464,81.1486590509436,85.0937874157246,91.3117980076555,97.0024952567261,108.736081029781,113.304817618487,123.07871329058,1,1,1,1,1,NA,NA,NA,0.441176470588235,0.352941176470588,0.264705882352941,0.147058823529412,0.0294117647058824,0,0,0,0,0,0,0,1,0,0,0,2790,45.516399,7.26883696890525
"791",264,264,2,43.9327655113081,81.4520471206598,86.833862531157,90.778990895938,96.9970014878689,102.68769873694,114.421284509994,118.9900210987,128.763916770794,1,1,1,1,NA,NA,NA,NA,0.407407407407407,0.296296296296296,0.185185185185185,0.037037037037037,0,0,0,0,0,0,0,0,1,0,0,0,2791,57.710275,13.7775094886919
"792",264,264,3,46.3761581412988,83.8954397506504,89.2772551611476,93.2223835259286,99.4403941178596,105.13109136693,116.864677139985,121.433413728691,131.207309400784,1,1,1,NA,NA,NA,NA,NA,0.232558139534884,0.13953488372093,0.0930232558139535,0,0,0,0,0,0,0,0,0,1,0,0,0,2792,31.615128,-14.7610301412988
"793",265,265,1,41.1364444549731,78.5916121875898,83.9642310187539,87.9026178505729,94.1100029521552,99.7909757969645,111.504510928332,116.065440346913,125.822634144252,1,1,1,1,NA,NA,NA,NA,0.361111111111111,0.277777777777778,0.194444444444444,0.0833333333333333,0,0,0,0,0,0,0,0,1,0,0,0,2793,43.149638,2.01319354502694
"794",265,265,2,43.4471791326817,80.9023468652984,86.2749656964626,90.2133525282815,96.4207376298638,102.101710474673,113.81524560604,118.376175024622,128.13336882196,0,1,1,1,NA,NA,NA,NA,0,0.8,0.6,0.2,0,0,0,0,0,0,0,0,1,0,0,0,2794,83.66829,40.2211108673183
"795",265,265,3,51.5643730377898,89.0195407704065,94.3921596015707,98.3305464333896,104.537931534972,110.218904379781,121.932439511149,126.49336892973,136.250562727068,1,1,1,NA,NA,NA,NA,NA,0.189189189189189,0.0810810810810811,0.027027027027027,0,0,0,0,0,1,0,0,0,1,0,0,0,2795,41.190048,-10.3743250377898
"796",266,266,1,43.0654898614664,80.5483640739275,85.9249571592298,89.8662573096101,96.078234161827,101.763409357584,113.485609269933,118.049912516657,127.814323942688,1,1,1,1,NA,NA,NA,NA,0.521739130434783,0.391304347826087,0.260869565217391,0.0869565217391304,0,0,0,0,1,0,0,0,1,0,0,0,2796,63.043945,19.9784551385336
"797",266,266,2,47.4373322049071,84.9202064173682,90.2967995026706,94.2380996530509,100.450076505268,106.135251701025,117.857451613374,122.421754860098,132.186166286128,1,1,1,NA,NA,NA,NA,NA,0.36,0.24,0.12,0,0,0,0,0,0,0,0,0,1,0,0,0,2797,59.911537,12.4742047950929
"798",266,266,3,46.8106982488977,84.2935724613588,89.6701655466611,93.6114656970414,99.8234425492583,105.508617745015,117.230817657364,121.795120904088,131.559532330119,1,1,1,NA,NA,NA,NA,NA,0.32258064516129,0.193548387096774,0.129032258064516,0,0,0,0,0,0,0,0,0,1,0,0,0,2798,50.805474,3.99477575110227
"799",267,267,1,44.9974429134192,82.4715881489834,87.846929138287,91.7873114423527,97.9978416551758,103.681692892619,115.401162949951,119.964403265979,129.726540764955,1,1,1,1,NA,NA,NA,NA,0.314285714285714,0.2,0.142857142857143,0.0285714285714286,0,0,0,0,0,0,0,0,1,0,0,0,2799,44.570232,-0.427210913419223
"800",267,267,2,43.7475085922164,81.2216538277807,86.5969948170842,90.5373771211499,96.747907333973,102.431758571416,114.151228628748,118.714468944776,128.476606443752,0,0,1,1,NA,NA,NA,NA,0,0,0.857142857142857,0.285714285714286,0,0,0,0,0,0,0,0,1,0,0,0,2800,87.957875,44.2103664077836
"801",267,267,3,52.4451187413965,89.9192639769608,95.2946049662643,99.23498727033,105.445517483153,111.129368720596,122.848838777928,127.412079093956,137.174216592932,1,1,NA,NA,NA,NA,NA,NA,0.352941176470588,0.176470588235294,0,0,0,0,0,0,1,1,0,0,1,0,0,0,2801,73.278031,20.8329122586035
"802",268,268,1,49.5584755380262,87.0735894402501,92.454807029321,96.3994971623742,102.616817046862,108.306882163374,120.039164549291,124.607393634782,134.380203605526,1,1,1,NA,NA,NA,NA,NA,0.205128205128205,0.102564102564103,0.0512820512820513,0,0,0,0,0,1,1,0,0,1,0,0,0,2802,38.696469,-10.8620065380262
"803",268,268,2,42.5963595098947,80.1114734121186,85.4926910011895,89.4373811342427,95.6547010187306,101.344766135242,113.077048521159,117.64527760665,127.418087577395,1,1,1,1,NA,NA,NA,NA,0.226415094339623,0.169811320754717,0.113207547169811,0.0377358490566038,0,0,0,0,0,0,0,0,1,0,0,0,2803,16.681482,-25.9148775098947
"804",268,268,3,38.164203037269,75.6793169394929,81.0605345285637,85.0052246616169,91.2225445461049,96.9126096626167,108.644892048534,113.213121134024,122.985931104769,1,1,1,1,1,NA,NA,NA,0.483870967741935,0.387096774193548,0.290322580645161,0.161290322580645,0.032258064516129,0,0,0,0,0,0,0,1,0,0,0,2804,50.382947,12.218743962731
"805",269,269,1,44.9188228061402,82.3818839047077,87.7556349707306,91.6948517849098,97.903545041419,103.585715104138,115.301718765883,119.863609362512,129.622859407518,1,1,1,1,NA,NA,NA,NA,0.354838709677419,0.225806451612903,0.161290322580645,0.032258064516129,0,0,0,0,0,0,0,0,0,0,0,0,2805,50.484741,5.56591819385979
"806",269,269,2,44.9392836747218,82.4023447732893,87.7760958393122,91.7153126534914,97.9240059100006,103.60617597272,115.322179634465,119.884070231093,129.6433202761,1,1,1,1,NA,NA,NA,NA,0.314285714285714,0.2,0.142857142857143,0.0285714285714286,0,0,0,0,0,0,0,0,0,0,0,0,2806,44.064891,-0.874392674721825
"807",269,269,3,43.6488765076629,81.1119376062304,86.4856886722533,90.4249054864325,96.6335987429417,102.315768805661,114.031772467406,118.593663064034,128.352913109041,1,1,1,1,NA,NA,NA,NA,0.48,0.32,0.24,0.08,0,0,0,0,0,0,0,0,0,0,0,0,2807,60.689475,17.0405984923371
"808",270,270,1,47.0327254349052,84.4572017074967,89.8254181150149,93.7605777595235,99.9628764144754,105.639194164634,117.343131007781,121.900323116094,131.649521687633,1,1,1,NA,NA,NA,NA,NA,0.28125,0.1875,0.09375,0,0,0,0,0,0,0,0,0,0,0,0,0,2808,49.906214,2.87348856509478
"809",270,270,2,44.8415675227315,82.266043795323,87.6342602028413,91.5694198473499,97.7717185023018,103.44803625246,115.151973095607,119.709165203921,129.45836377546,1,1,1,1,NA,NA,NA,NA,0.174603174603175,0.111111111111111,0.0793650793650794,0.0158730158730159,0,0,0,0,0,0,0,0,0,0,0,0,2809,1.438191,-43.4033765227315
"810",270,270,3,34.9928684989514,72.4173447715429,77.7855611790612,81.7207208235698,87.9230194785217,93.5993372286798,105.303274071827,109.860466180141,119.60966475168,1,1,1,1,1,NA,NA,NA,0.414634146341463,0.341463414634146,0.268292682926829,0.170731707317073,0.0975609756097561,0,0,0,0,0,0,0,0,0,0,0,2810,35.108498,0.115629501048559
"811",271,271,1,41.8502747957835,79.2780527631111,84.6467427700921,88.5822495856817,94.7850954252266,100.461913956432,112.166883354488,116.724477511372,126.474536185198,1,1,1,1,NA,NA,NA,NA,0.361111111111111,0.25,0.194444444444444,0.0833333333333333,0,0,0,0,0,0,0,0,0,0,0,0,2811,42.73793,0.887655204216465
"812",271,271,2,43.399280785666,80.8270587529935,86.1957487599745,90.1312555755641,96.3341014151091,102.010919946315,113.71588934437,118.273483501255,128.02354217508,1,1,1,1,NA,NA,NA,NA,0.375,0.25,0.1875,0.0625,0,0,0,0,0,0,0,0,0,0,0,0,2812,49.042921,5.64364021433401
"813",271,271,3,44.6793851007913,82.1071630681188,87.4758530750998,91.4113598906894,97.6142057302344,103.29102426144,114.995993659495,119.55358781638,129.303646490205,1,1,1,1,NA,NA,NA,NA,0.523809523809524,0.380952380952381,0.238095238095238,0.0476190476190476,0,0,0,0,0,0,0,0,0,0,0,0,2813,67.058485,22.3790998992087
"814",272,272,1,48.3375094654064,85.7264962015604,91.089621943002,95.021049885547,101.217466916331,106.888401828687,118.581239858051,123.134110392585,132.874063823713,1,1,1,NA,NA,NA,NA,NA,0.375,0.208333333333333,0.125,0,0,0,0,0,0,0,0,0,0,0,0,0,2814,61.852129,13.5146195345936
"815",272,272,2,47.2774347288575,84.6664214650115,90.0295472064531,93.9609751489981,100.157392179782,105.828327092138,117.521165121502,122.074035656036,131.813989087165,1,1,1,NA,NA,NA,NA,NA,0.5,0.333333333333333,0.166666666666667,0,0,0,0,0,0,0,0,0,0,0,0,0,2815,71.417938,24.1405032711425
"816",272,272,3,49.2251448845887,86.6141316207427,91.9772573621842,95.9086853047293,102.105102335513,107.776037247869,119.468875277233,124.021745811767,133.761699242896,1,1,1,NA,NA,NA,NA,NA,0.242424242424242,0.151515151515152,0.0606060606060606,0,0,0,0,0,0,0,0,0,0,0,0,0,2816,48.076443,-1.14870188458868
"817",273,273,1,44.5094118995867,81.8774766505851,87.2376013147858,91.1668293240287,97.3597789876427,103.027540580087,114.713835576194,119.264158432975,128.998661618485,1,1,1,1,NA,NA,NA,NA,0.34375,0.25,0.15625,0.03125,0,0,0,0,0,0,0,0,0,0,0,0,2817,48.957113,4.44770110041328
"818",273,273,2,44.6894336988327,82.057498449831,87.4176231140318,91.3468511232747,97.5398007868886,103.207562379333,114.89385737544,119.444180232221,129.178683417731,1,1,1,1,NA,NA,NA,NA,0.314285714285714,0.228571428571429,0.142857142857143,0.0285714285714286,0,0,0,0,0,0,0,0,0,0,0,0,2818,44.37005,-0.319383698832688
"819",273,273,3,43.7517710845565,81.1198358355549,86.4799604997556,90.4091885089985,96.6021381726125,102.269899765057,113.956194761164,118.506517617945,128.241020803455,1,1,1,1,NA,NA,NA,NA,0.342857142857143,0.228571428571429,0.171428571428571,0.0571428571428571,0,0,0,0,0,0,0,0,0,0,0,0,2819,44.17932,0.427548915443474
"820",274,274,1,43.7124923493876,81.066824841241,86.4249797320155,90.3527638030287,96.5434376412763,102.209116407878,113.891116848396,118.439767522978,128.170693410031,1,1,1,1,NA,NA,NA,NA,0.333333333333333,0.222222222222222,0.166666666666667,0.0555555555555556,0,0,0,0,0,0,0,0,0,0,0,0,2820,42.624287,-1.08820534938755
"821",274,274,2,43.3935682605367,80.7479007523901,86.1060556431646,90.0338397141779,96.2245135524254,101.890192319027,113.572192759545,118.120843434127,127.851769321181,1,1,1,1,NA,NA,NA,NA,0.235294117647059,0.156862745098039,0.117647058823529,0.0392156862745098,0,0,0,0,0,0,0,0,0,0,0,0,2821,18.812919,-24.5806492605367
"822",274,274,3,38.510058493418,75.8643909852714,81.2225458760459,85.1503299470591,91.3410037853067,97.0066825519085,108.688682992426,113.237333667008,122.968259554062,1,1,1,1,1,NA,NA,NA,0.882352941176471,0.705882352941177,0.529411764705882,0.294117647058824,0.0588235294117647,0,0,0,0,0,0,0,0,0,0,0,2822,72.258482,33.748423506582
"823",275,275,1,49.4646479487002,86.8470158069449,92.2091921277792,96.139924099563,102.335244194287,108.005175195355,119.695943271129,124.248007822489,133.986237014256,1,1,1,NA,NA,NA,NA,NA,0.235294117647059,0.117647058823529,0.0588235294117647,0,0,0,0,0,0,0,0,0,0,0,0,0,2823,46.754522,-2.71012594870018
"824",275,275,2,44.2480150587134,81.6303829169582,86.9925592377924,90.9232912095762,97.1186113043002,102.788542305368,114.479310381142,119.031374932502,128.76960412427,1,1,1,1,NA,NA,NA,NA,0.366666666666667,0.266666666666667,0.166666666666667,0.0333333333333333,0,0,0,0,0,0,0,0,0,0,0,0,2824,52.964821,8.71680594128662
"825",275,275,3,45.5182825003206,82.9006503585653,88.2628266793996,92.1935586511834,98.3888787459074,104.058809746975,115.74957782275,120.30164237411,130.039871565877,1,1,1,1,NA,NA,NA,NA,0.454545454545455,0.318181818181818,0.181818181818182,0.0454545454545455,0,0,0,0,0,0,0,0,0,0,0,0,2825,64.367424,18.8491414996794
"826",276,276,1,47.8924075368601,85.2227692402473,90.577485729399,94.5027492874001,100.689450485176,106.351493507858,118.025997448165,122.571729191104,132.296410609297,1,1,1,NA,NA,NA,NA,NA,0.310344827586207,0.206896551724138,0.103448275862069,0,0,0,0,0,0,0,0,0,0,0,0,0,2826,53.68921,5.79680246313985
"827",276,276,2,45.68976107417,83.0201227775571,88.3748392667089,92.3001028247099,98.486804022486,104.148847045168,115.823350985475,120.369082728413,130.093764146607,1,1,1,NA,NA,NA,NA,NA,0.3125,0.21875,0.125,0,0,0,0,0,0,0,0,0,0,0,0,0,2827,49.32508,3.63531892582998
"828",276,276,3,44.7895510290052,82.1199127323923,87.474629221544,91.3998927795451,97.5865939773212,103.248637000003,114.92314094031,119.468872683249,129.193554101442,1,1,1,1,NA,NA,NA,NA,0.314285714285714,0.228571428571429,0.142857142857143,0.0285714285714286,0,0,0,0,0,0,0,0,0,0,0,0,2828,44.654482,-0.135069029005173
"829",277,277,1,43.8226759590869,81.1399447505026,86.4927831750328,90.4166700217489,96.6012013521441,102.261258521288,113.931667852128,118.475805266407,128.197075938175,0,0,0,0,NA,NA,NA,NA,NA,NA,NA,NA,NA,NA,NA,NA,0,0,0,0,0,0,0,0,2829,99.715556,55.8928800409131
"830",277,277,2,55.1984325916164,92.5157013830322,97.8685398075624,101.792426654278,107.976957984674,113.637015153818,125.307424484658,129.851561898937,139.572832570704,1,1,NA,NA,NA,NA,NA,NA,0.142857142857143,0.0357142857142857,0,0,0,0,0,0,1,1,1,1,0,0,0,0,2830,55.820805,0.622372408383562
"831",277,277,3,46.1296664280381,83.4469352194538,88.799773643984,92.7236604907001,98.9081918210953,104.568248990239,116.23865832108,120.782795735358,130.504066407126,1,1,1,NA,NA,NA,NA,NA,0.27027027027027,0.189189189189189,0.108108108108108,0,0,0,0,0,1,1,1,1,0,0,0,0,2831,42.131147,-3.9985194280381
"832",278,278,1,43.313159830356,80.6837494279762,86.0442362595181,89.9737297547617,96.167097857172,101.83524240305,113.522327006611,118.072957314884,127.808118231204,1,1,1,1,NA,NA,NA,NA,0.307692307692308,0.205128205128205,0.153846153846154,0.0512820512820513,0,0,0,0,0,0,1,1,0,0,0,0,2832,38.082291,-5.23086883035598
"833",278,278,2,42.4786691650159,79.8492587626362,85.209745594178,89.1392390894217,95.332607191832,101.00075173771,112.687836341271,117.238466649544,126.973627565864,1,1,1,1,NA,NA,NA,NA,0.333333333333333,0.25,0.166666666666667,0.0555555555555556,0,0,0,0,0,0,0,1,0,0,0,0,2833,43.519589,1.04091983498408
"834",278,278,3,43.5993250800873,80.9699146777075,86.3304015092494,90.259895004493,96.4532631069033,102.121407652782,113.808492256342,118.359122564615,128.094283480936,1,1,1,1,NA,NA,NA,NA,0.193548387096774,0.129032258064516,0.0967741935483871,0.032258064516129,0,0,0,0,0,0,0,0,0,0,0,0,2834,2.130953,-41.4683720800873
"835",279,279,1,35.0262837725402,72.4256202280347,77.7902305469162,81.7227467558029,87.9208790290363,93.5933837240969,105.289458471074,109.843589294703,119.586238861597,1,1,1,1,1,NA,NA,NA,0.708333333333333,0.583333333333333,0.458333333333333,0.291666666666667,0.166666666666667,0,0,0,0,0,0,0,0,0,0,0,2835,61.209262,26.1829782274598
"836",279,279,2,47.2280208998463,84.6273573553408,89.9919676742223,93.924483883109,100.122616156342,105.795120851403,117.49119559838,122.045326422009,131.787975988903,1,1,1,NA,NA,NA,NA,NA,0.3,0.2,0.1,0,0,0,0,0,0,0,0,0,0,0,0,0,2836,52.896131,5.66811010015369
"837",279,279,3,45.5110685888575,82.910405044352,88.2750153632335,92.2075315721202,98.4056638453536,104.078168540414,115.774243287392,120.32837411102,130.071023677914,1,1,1,1,NA,NA,NA,NA,0.222222222222222,0.155555555555556,0.0888888888888889,0.0222222222222222,0,0,0,0,0,0,0,0,0,0,0,0,2837,28.729004,-16.7820645888575
"838",280,280,1,40.5186889806118,77.898259182039,83.2600342032767,87.1904720032429,93.3853284467727,99.0548351162097,110.744728267283,115.296452146953,125.033952539962,1,1,1,1,NA,NA,NA,NA,0.451612903225806,0.32258064516129,0.258064516129032,0.129032258064516,0,0,0,0,0,0,0,0,0,0,0,0,2838,50.341387,9.82269801938822
"839",280,280,2,44.9581654470377,82.3377356484649,87.6995106697025,91.6299484696688,97.8248049131986,103.494311582636,115.184204733709,119.735928613379,129.473429006388,1,1,1,1,NA,NA,NA,NA,0.379310344827586,0.241379310344828,0.172413793103448,0.0344827586206897,0,0,0,0,0,0,0,0,0,0,0,0,2839,53.830268,8.87210255296235
"840",280,280,3,45.6748289030601,83.0543991044873,88.416174125725,92.3466119256912,98.541468369221,104.210975038658,115.900868189732,120.452592069402,130.19009246241,1,1,1,NA,NA,NA,NA,NA,0.416666666666667,0.291666666666667,0.166666666666667,0,0,0,0,0,0,0,0,0,0,0,0,0,2840,62.010111,16.3352820969399
"841",281,281,1,47.3730126362986,84.7604458360083,90.1233487361262,94.0546133253119,100.250772890983,105.921472172346,117.613824356771,122.166505716606,131.906054446405,1,1,1,NA,NA,NA,NA,NA,0.236842105263158,0.157894736842105,0.0789473684210526,0,0,0,0,0,0,0,0,0,0,0,0,0,2841,40.381655,-6.99135763629859
"842",281,281,2,42.9319133366851,80.3193465363948,85.6822494365127,89.6135140256984,95.8096735913699,101.480372872733,113.172725057157,117.725406416993,127.464955146792,1,1,1,1,NA,NA,NA,NA,0.333333333333333,0.25,0.166666666666667,0.0555555555555556,0,0,0,0,0,0,0,0,0,0,0,0,2842,43.507999,0.576085663314899
"843",281,281,3,43.5738641143435,80.9612973140532,86.3242002141711,90.2554648033568,96.4516243690283,102.122323650391,113.814675834816,118.367357194651,128.10690592445,0,0,0,0,NA,NA,NA,NA,NA,NA,NA,NA,NA,NA,NA,NA,0,0,0,0,0,0,0,0,2843,98.97541,55.4015458856565
"844",282,282,1,55.0192944467328,92.4341354439621,97.8009697548302,101.735116256323,107.935818072484,113.61067440247,125.311597959513,129.867616776836,139.614305327604,1,1,NA,NA,NA,NA,NA,NA,0.133333333333333,0.0333333333333333,0,0,0,0,0,0,1,1,1,1,0,0,0,0,2844,51.6068,-3.41249444673279
"845",282,282,2,45.2794193544725,82.6942603517018,88.06109466257,91.9952411640624,98.195942980224,103.87079931021,115.571722867253,120.127741684576,129.874430235344,1,1,1,1,NA,NA,NA,NA,0.305555555555556,0.194444444444444,0.138888888888889,0.0277777777777778,0,0,0,0,1,1,1,1,0,0,0,0,2845,43.492478,-1.78694135447254
"846",282,282,3,43.6109624852847,81.025803482514,86.3926377933821,90.3267842948746,96.5274861110362,102.202342441022,113.903265998065,118.459284815388,128.205973366156,1,1,1,1,NA,NA,NA,NA,0.666666666666667,0.444444444444444,0.333333333333333,0.111111111111111,0,0,0,0,0,0,1,1,0,0,0,0,2846,71.737283,28.1263205147153
"847",283,283,1,49.4388182731049,86.8652631375408,92.2337619224786,96.1691285631553,102.371753469688,108.048369803927,119.752922294289,124.310354118749,134.060065514907,1,1,1,NA,NA,NA,NA,NA,0.5,0.25,0.125,0,0,0,0,0,0,0,0,0,0,0,0,0,2847,73.671439,24.2326207268951
"848",283,283,2,49.8365902256476,87.2630350900835,92.6315338750213,96.5669005156981,102.769525422231,108.446141756469,120.150694246832,124.708126071292,134.45783746745,1,1,1,NA,NA,NA,NA,NA,0.533333333333333,0.266666666666667,0.133333333333333,0,0,0,0,0,0,0,0,0,0,0,0,0,2848,75.471044,25.6344537743524
"849",283,283,3,50.2066908766064,87.6331357410422,93.0016345259801,96.9370011666568,103.13962607319,108.816242407428,120.520794897791,125.078226722251,134.827938118409,1,1,1,NA,NA,NA,NA,NA,0.259259259259259,0.148148148148148,0.037037037037037,0,0,0,0,0,0,0,0,0,0,0,0,0,2849,56.267021,6.06033012339365
"850",284,284,1,46.28008252414,83.7120183519115,89.0813047678975,93.0172487798424,99.2207836949552,104.898232865234,116.604502571026,121.162603032092,130.913744842173,1,1,1,NA,NA,NA,NA,NA,0.24390243902439,0.146341463414634,0.0975609756097561,0,0,0,0,0,0,0,0,0,0,0,0,0,2850,35.523388,-10.7566945241401
"851",284,284,2,41.9772275967713,79.4091634245427,84.7784498405287,88.7143938524736,94.9179287675864,100.595377937866,112.301647643658,116.859748104723,126.610889914804,1,1,1,1,NA,NA,NA,NA,0.351351351351351,0.243243243243243,0.189189189189189,0.0810810810810811,0,0,0,0,0,0,0,0,0,0,0,0,2851,41.674499,-0.302728596771253
"852",284,284,3,43.2531534808795,80.685089308651,86.0543757246369,89.9903197365819,96.1938546516947,101.871303821974,113.577573527766,118.135673988831,127.886815798912,1,1,1,1,NA,NA,NA,NA,0.387096774193548,0.258064516129032,0.193548387096774,0.0645161290322581,0,0,0,0,0,0,0,0,0,0,0,0,2852,50.0676,6.81444651912048
"853",285,285,1,44.9779834237799,82.406289053621,87.7750547492113,91.7106170481753,97.9135503363855,103.590448900243,115.29558331674,119.853241727281,129.603437858918,1,1,1,1,NA,NA,NA,NA,0.379310344827586,0.241379310344828,0.172413793103448,0.0344827586206897,0,0,0,0,0,0,0,0,0,0,0,0,2853,54.495306,9.5173225762201
"854",285,285,2,45.8951134863408,83.3234191161819,88.6921848117721,92.6277471107362,98.8306803989464,104.507578962804,116.212713379301,120.770371789842,130.520567921479,1,1,1,NA,NA,NA,NA,NA,0.32258064516129,0.225806451612903,0.129032258064516,0,0,0,0,0,0,0,0,0,0,0,0,0,2854,51.281682,5.38656851365924
"855",285,285,3,45.2294615256715,82.6577671555126,88.0265328511029,91.9620951500669,98.1650284382771,103.841927002135,115.547061418631,120.104719829172,129.85491596081,1,1,1,1,NA,NA,NA,NA,0.297297297297297,0.189189189189189,0.135135135135135,0.027027027027027,0,0,0,0,0,0,0,0,0,0,0,0,2855,40.889218,-4.3402435256715
"856",286,286,1,43.0814868555868,80.5076086007481,85.8760610370295,89.811393701922,96.0139650584138,101.690532383879,113.394983823593,117.952376301701,127.702003524231,1,1,1,1,NA,NA,NA,NA,0.4,0.3,0.2,0.0666666666666667,0,0,0,0,0,0,0,0,0,0,0,0,2856,51.838572,8.75708514441318
"857",286,286,2,45.3492690244687,82.77539076963,88.1438432059114,92.0791758708039,98.2817472272957,103.958314552761,115.662765992475,120.220158470583,129.969785693113,1,1,1,1,NA,NA,NA,NA,0.17741935483871,0.112903225806452,0.0806451612903226,0.0161290322580645,0,0,0,0,0,0,0,0,0,0,0,0,2857,1.589441,-43.7598280244687
"858",286,286,3,34.9418894399188,72.36801118508,77.7364636213615,81.671796286254,87.8743676427457,93.5509349682108,105.255386407925,109.812778886033,119.562406108563,1,1,1,1,1,NA,NA,NA,0.5,0.411764705882353,0.323529411764706,0.205882352941176,0.117647058823529,0,0,0,0,0,0,0,0,0,0,0,2858,45.824952,10.8830625600812
"859",287,287,1,44.0802719338552,81.5350149892228,86.9075729041203,90.8459150813992,97.0532298018996,102.734138234237,114.447540554242,119.00841825972,128.765501427245,1,1,1,1,NA,NA,NA,NA,0.314285714285714,0.228571428571429,0.142857142857143,0.0285714285714286,0,0,0,0,0,0,0,0,0,0,0,0,2859,44.415637,0.335365066144817
"860",287,287,2,43.7895329333259,81.2442759886935,86.616833903591,90.5551760808699,96.7624908013703,102.443399233708,114.156801553713,118.71767925919,128.474762426716,1,1,1,1,NA,NA,NA,NA,0.428571428571429,0.285714285714286,0.214285714285714,0.0714285714285714,0,0,0,0,0,0,0,0,0,0,0,0,2860,55.706497,11.9169640666741
"861",287,287,3,46.1188158484416,83.5735589038092,88.9461168187067,92.8844589959856,99.091773716486,104.772682148824,116.486084468828,121.046962174306,130.804045341831,1,1,1,NA,NA,NA,NA,NA,0.222222222222222,0.155555555555556,0.0888888888888889,0,0,0,0,0,0,0,0,0,0,0,0,0,2861,28.493402,-17.6254138484416
"862",288,288,1,40.4964632889765,77.9540423199882,83.3270070309854,87.2656474092819,93.4734321314944,99.1547707074306,110.869059935767,115.430282979032,125.188104927496,1,1,1,1,NA,NA,NA,NA,0.466666666666667,0.333333333333333,0.266666666666667,0.133333333333333,0,0,0,0,0,0,0,0,0,0,0,0,2862,52.088805,11.5923417110235
"863",288,288,2,45.35978153234,82.8173605633517,88.190325274349,92.1289656526455,98.336750374858,104.018088950794,115.73237817913,120.293601222395,130.051423170859,1,1,1,1,NA,NA,NA,NA,0.476190476190476,0.333333333333333,0.238095238095238,0.0476190476190476,0,0,0,0,0,0,0,0,0,0,0,0,2863,66.597015,21.23723346766
"864",288,288,3,48.3501115712696,85.8076906022813,91.1806553132785,95.119295691575,101.327080413788,107.008418989724,118.72270821806,123.283931261325,133.041753209789,1,1,1,NA,NA,NA,NA,NA,0.236842105263158,0.131578947368421,0.0789473684210526,0,0,0,0,0,0,0,0,0,0,0,0,0,2864,39.908771,-8.44134057126962
"865",289,289,1,42.8497977733889,80.2953479832843,85.6665872642606,89.6039628197422,95.809754024651,101.489268141901,113.199795539033,117.759553828369,127.514242229558,1,1,1,1,NA,NA,NA,NA,0.48,0.36,0.24,0.08,0,0,0,0,0,0,0,0,0,0,0,0,2865,59.782529,16.9327312266111
"866",289,289,2,46.9445868981525,84.3901371080479,89.7613763890242,93.6987519445057,99.9045431494146,105.584057266664,117.294584663797,121.854342953133,131.609031354321,1,1,1,NA,NA,NA,NA,NA,0.219512195121951,0.146341463414634,0.0975609756097561,0,0,0,0,0,0,0,0,0,0,0,0,0,2866,35.124005,-11.8205818981525
"867",289,289,3,41.8639445803824,79.3094947902778,84.6807340712541,88.6181096267357,94.8239008316445,100.503414948894,112.213942346027,116.773700635362,126.528389036551,1,1,1,1,NA,NA,NA,NA,0.40625,0.28125,0.21875,0.09375,0,0,0,0,0,0,0,0,0,0,0,0,2867,48.50269,6.63874541961757
"868",290,290,1,44.6200763298174,82.0646319872417,87.4357286082953,91.3729995872232,97.5786259665402,103.257989236099,114.968205602043,119.527842784362,129.282272101377,1,1,1,1,NA,NA,NA,NA,0.2,0.145454545454545,0.0909090909090909,0.0181818181818182,0,0,0,0,0,0,0,0,0,0,0,0,2868,13.505572,-31.1145043298174
"869",290,290,2,37.4124934744171,74.8570491318414,80.228145752895,84.1654167318229,90.3710431111399,96.0504063806984,107.760622746643,112.320259928962,122.074689245976,1,1,1,1,1,NA,NA,NA,0.253968253968254,0.19047619047619,0.158730158730159,0.0952380952380952,0.0317460317460317,0,0,0,0,0,0,0,0,0,0,0,2869,1.481423,-35.9310704744171
"870",290,290,3,34.936145273883,72.3807009313073,77.7517975523609,81.6890685312889,87.8946949106058,93.5740581801643,105.284274546109,109.843911728428,119.598341045442,0,1,1,1,1,NA,NA,NA,0,1,0.785714285714286,0.5,0.285714285714286,0,0,0,0,0,0,0,0,0,0,0,2870,78.000181,43.064035726117
"871",291,291,1,50.6330520014575,88.1484640978426,93.5297244602786,97.4744459482563,103.691815251986,109.381925596781,121.114301238395,125.682566635098,135.455454286398,1,1,1,NA,NA,NA,NA,NA,0.291666666666667,0.166666666666667,0.0416666666666667,0,0,0,0,0,1,0,0,0,0,0,0,0,2871,62.462397,11.8293449985425
"872",291,291,2,47.4512736634208,84.9666857598059,90.3479461222419,94.2926676102196,100.510036913949,106.200147258744,117.932522900359,122.500788297061,132.273675948361,1,1,1,NA,NA,NA,NA,NA,0.75,0.5,0.25,0,0,0,0,0,1,0,0,0,0,0,0,0,2872,80.928247,33.4769733365792
"873",291,291,3,51.2326521098862,88.7480642062713,94.1293245687073,98.0740460566851,104.291415360415,109.98152570521,121.713901346824,126.282166743526,136.055054394826,1,1,1,NA,NA,NA,NA,NA,0.25,0.107142857142857,0.0357142857142857,0,0,0,0,0,0,0,0,0,0,0,0,0,2873,56.143261,4.91060889011376
"874",292,292,1,46.1705794420132,83.6518112581988,89.0281687560057,92.9692962094724,99.1810008699789,104.865926957023,116.587613234868,121.1517164864,130.915700062824,1,1,1,NA,NA,NA,NA,NA,0.384615384615385,0.269230769230769,0.153846153846154,0,0,0,0,0,0,0,0,0,0,0,0,0,2874,58.046631,11.8760515579868
"875",292,292,2,46.5626880340489,84.0439198502346,89.4202773480415,93.3614048015082,99.5731094620146,105.258035549058,116.979721826904,121.543825078435,131.30780865486,1,1,1,NA,NA,NA,NA,NA,0.256410256410256,0.153846153846154,0.102564102564103,0,0,0,0,0,0,0,0,0,0,0,0,0,2875,37.768171,-8.79451703404894
"876",292,292,3,42.3851721547119,79.8664039708975,85.2427614687044,89.1838889221711,95.3955935826775,101.080519669721,112.802205947567,117.366309199098,127.130292775523,1,1,1,1,NA,NA,NA,NA,0.375,0.28125,0.1875,0.0625,0,0,0,0,0,0,0,0,0,0,0,0,2876,49.109319,6.72414684528813
"877",293,293,1,44.7172705527096,82.1822292698508,87.5562525327934,91.4956688803469,97.7046766261502,103.387134508154,115.103731621302,119.665853291635,129.425597672492,1,1,1,1,NA,NA,NA,NA,0.354838709677419,0.225806451612903,0.161290322580645,0.032258064516129,0,0,0,0,0,0,0,0,0,0,0,0,2877,50.095328,5.37805744729037
"878",293,293,2,44.9212483653463,82.3862070824874,87.76023034543,91.6996466929835,97.9086544387868,103.591112320791,115.307709433939,119.869831104272,129.629575485128,1,1,1,1,NA,NA,NA,NA,0.354838709677419,0.225806451612903,0.161290322580645,0.032258064516129,0,0,0,0,0,0,0,0,0,0,0,0,2878,50.175155,5.25390663465369
"879",293,293,3,44.9377623493458,82.4027210664869,87.7767443294295,91.716160676983,97.9251684227863,103.60762630479,115.324223417938,119.886345088271,129.646089469128,1,1,1,1,NA,NA,NA,NA,0.647058823529412,0.411764705882353,0.294117647058824,0.0588235294117647,0,0,0,0,0,0,0,0,0,0,0,0,2879,73.005565,28.0678026506542
"880",294,294,1,49.799988866551,87.1701529427104,92.5305787368907,96.460027488826,102.653325070245,108.321405075607,120.00835660379,124.55893509616,134.293985162747,1,1,1,NA,NA,NA,NA,NA,0.222222222222222,0.111111111111111,0.0555555555555556,0,0,0,0,0,0,0,0,0,0,0,0,0,2880,43.710054,-6.08993486655098
"881",294,294,2,43.6415491983153,81.0117132744748,86.3721390686551,90.3015878205904,96.4948854020089,102.162965407371,113.849916935554,118.400495427924,128.135545494511,1,1,1,1,NA,NA,NA,NA,0.363636363636364,0.242424242424242,0.181818181818182,0.0606060606060606,0,0,0,0,0,0,0,0,0,0,0,0,2881,47.437373,3.79582380168467
"882",294,294,3,44.4250982268941,81.7952623030535,87.1556880972338,91.0851368491691,97.2784344305877,102.94651443595,114.633465964133,119.184044456503,128.91909452309,1,1,1,1,NA,NA,NA,NA,0.305555555555556,0.222222222222222,0.138888888888889,0.0277777777777778,0,0,0,0,0,0,0,0,0,0,0,0,2882,42.499958,-1.92514022689409
"883",295,295,1,43.3747845664046,80.7418551106558,86.101837164525,90.0309606335669,96.2237455288852,101.891356326076,113.577340399115,118.127542190978,127.861786382376,1,1,1,1,NA,NA,NA,NA,0.631578947368421,0.421052631578947,0.315789473684211,0.105263157894737,0,0,0,0,0,0,0,0,0,0,0,0,2883,69.487793,26.1130084335954
"884",295,295,2,49.0615153449062,86.4285858891574,91.7885679430265,95.7176914120685,101.910476307387,107.578087104577,119.264071177617,123.814272969479,133.548517160878,1,1,1,NA,NA,NA,NA,NA,0.258064516129032,0.161290322580645,0.0645161290322581,0,0,0,0,0,0,0,0,0,0,0,0,0,2884,50.670605,1.60908965509383
"885",295,295,3,45.0964591570182,82.4635297012694,87.8235117551385,91.7526352241805,97.9454201194988,103.613030916689,115.299014989729,119.849216781591,129.58346097299,1,1,1,1,NA,NA,NA,NA,0.34375,0.21875,0.15625,0.03125,0,0,0,0,0,0,0,0,0,0,0,0,2885,49.522432,4.42597284298184
"886",296,296,1,44.9016295590562,82.2051665889301,87.5560353114109,91.4784782722199,97.6607338597157,103.31870827849,114.984823209359,119.527288502033,129.24498200497,1,1,1,1,NA,NA,NA,NA,0.333333333333333,0.212121212121212,0.151515151515152,0.0303030303030303,0,0,0,0,0,0,0,0,0,0,0,0,2886,47.530168,2.62853844094377
"887",296,296,2,44.4800782562863,81.7836152861602,87.1344840086409,91.05692696945,97.2391825569458,102.89715697572,114.563271906589,119.105737199263,128.823430702201,1,1,1,1,NA,NA,NA,NA,0.354838709677419,0.258064516129032,0.161290322580645,0.032258064516129,0,0,0,0,0,0,0,0,0,0,0,0,2887,50.52487,6.04479174371369
"888",296,296,3,45.1137395228191,82.4172765526929,87.7681452751737,91.6905882359828,97.8728438234786,103.530818242253,115.196933173122,119.739398465796,129.457091968733,1,1,1,1,NA,NA,NA,NA,0.314285714285714,0.2,0.142857142857143,0.0285714285714286,0,0,0,0,0,0,0,0,0,0,0,0,2888,44.861533,-0.252206522819087
"889",297,297,1,43.9434072818636,81.217937338917,86.5646452628259,90.4840381590724,96.6614864673108,102.315061284244,113.972104724696,118.511037827723,128.221174919291,1,1,1,1,NA,NA,NA,NA,0.315789473684211,0.210526315789474,0.157894736842105,0.0526315789473684,0,0,0,0,0,0,0,0,0,0,0,0,2889,39.348474,-4.5949332818636
"890",297,297,2,42.7774157029324,80.0519457599858,85.3986536838947,89.3180465801412,95.4954948883795,101.149069705313,112.806113145764,117.345046248791,127.05518334036,1,1,1,1,NA,NA,NA,NA,0.342857142857143,0.257142857142857,0.171428571428571,0.0571428571428571,0,0,0,0,0,0,0,0,0,0,0,0,2890,45.250377,2.47296129706762
"891",297,297,3,44.0256463490526,81.300176406106,86.6468843300149,90.5662772262614,96.7437255344998,102.397300351433,114.054343791885,118.593276894912,128.30341398648,1,1,1,1,NA,NA,NA,NA,0.478260869565217,0.347826086956522,0.260869565217391,0.0869565217391304,0,0,0,0,0,0,0,0,0,0,0,0,2891,62.926783,18.9011366509474
"892",298,298,1,47.7964628711027,85.054217842458,90.3985195258727,94.3161485326316,100.490816732721,106.141847206321,117.79364449337,122.3305348881,132.036302014934,1,1,1,NA,NA,NA,NA,NA,0.36,0.24,0.12,0,0,0,0,0,0,0,0,0,0,0,0,0,2892,59.825365,12.0289021288973
"893",298,298,2,47.1390021523596,84.3967571237148,89.7410588071295,93.6586878138885,99.8333560139777,105.484386487578,117.136183774626,121.673074169357,131.378841296191,1,1,1,NA,NA,NA,NA,NA,0.236842105263158,0.157894736842105,0.105263157894737,0,0,0,0,0,0,0,0,0,0,0,0,0,2893,39.08431,-8.05469215235958
"894",298,298,3,42.7421653094085,79.9999202807637,85.3442219641784,89.2618509709374,95.4365191710266,101.087549644627,112.739346931675,117.276237326406,126.98200445324,1,1,1,1,NA,NA,NA,NA,0.342857142857143,0.257142857142857,0.171428571428571,0.0571428571428571,0,0,0,0,0,0,0,0,0,0,0,0,2894,44.391089,1.64892369059149
"895",299,299,1,43.844395188603,81.0950030286084,86.4382795180431,90.3551570085308,96.5286407259613,102.178587165994,113.828149296207,118.36416938215,128.068074657872,1,1,1,1,NA,NA,NA,NA,0.48,0.32,0.24,0.08,0,0,0,0,0,0,0,0,0,0,0,0,2895,60.060044,16.215648811397
"896",299,299,2,47.1603214198257,84.4109292598311,89.7542057492658,93.6710832397535,99.844566957184,105.494513397216,117.14407552743,121.680095613373,131.384000889095,1,1,1,NA,NA,NA,NA,NA,0.409090909090909,0.272727272727273,0.181818181818182,0,0,0,0,0,0,0,0,0,0,0,0,0,2896,65.238087,18.0777655801743
"897",299,299,3,48.2561193597712,85.5067271997766,90.8500036892113,94.766881179699,100.940364897129,106.590311337162,118.239873467375,122.775893553318,132.47979882904,1,1,1,NA,NA,NA,NA,NA,0.243243243243243,0.135135135135135,0.0810810810810811,0,0,0,0,0,0,0,0,0,0,0,0,0,2897,40.94566,-7.31045935977119
"898",300,300,1,43.1225170155193,80.3821339255835,85.7267026879509,89.6445274763693,95.8195042525857,101.470817133765,113.12319671388,117.660313837566,127.366566005528,1,1,1,1,NA,NA,NA,NA,0.363636363636364,0.272727272727273,0.181818181818182,0.0606060606060606,0,0,0,0,0,0,0,0,0,0,0,0,2898,47.499026,4.37650898448065
"899",300,300,2,44.5117876869439,81.7714045970081,87.1159733593755,91.0337981477939,97.2087749240103,102.86008780519,114.512467385305,119.04958450899,128.755836676952,1,1,1,1,NA,NA,NA,NA,0.647058823529412,0.470588235294118,0.294117647058824,0.0588235294117647,0,0,0,0,0,0,0,0,0,0,0,0,2899,72.030777,27.5189893130561
"900",300,300,3,49.7123582308432,86.9719751409073,92.3165439032747,96.2343686916931,102.409345467909,108.060658349089,119.713037929204,124.250155052889,133.956407220852,1,1,1,NA,NA,NA,NA,NA,0.285714285714286,0.142857142857143,0.0714285714285714,0,0,0,0,0,0,0,0,0,0,0,0,0,2900,55.678021,5.96566276915683
"901",301,301,1,46.2441710803376,83.5029468033092,88.8473949046867,92.7651312428226,98.9399686104462,104.591153905465,116.243270417087,120.780285109113,130.486318145085,1,1,1,NA,NA,NA,NA,NA,0.416666666666667,0.291666666666667,0.166666666666667,0,0,0,0,0,0,0,0,0,0,0,0,0,2901,61.834723,15.5905519196624
"902",301,301,2,47.5479957548694,84.806771477841,90.1512195792185,94.0689559173544,100.243793284978,105.894978579997,117.547095091618,122.084109783645,131.790142819616,1,1,1,NA,NA,NA,NA,NA,0.145161290322581,0.0967741935483871,0.0483870967741935,0,0,0,0,0,0,0,0,0,0,0,0,0,2902,1.989101,-45.5588947548694
"903",301,301,3,34.8742950257611,72.1330707487327,77.4775188501102,81.3952551882461,87.5700925558697,93.2212778508889,104.87339436251,109.410409054537,119.116442090508,1,1,1,1,1,NA,NA,NA,0.607142857142857,0.5,0.392857142857143,0.25,0.142857142857143,0,0,0,0,0,0,0,0,0,0,0,2903,55.110175,20.2358799742389
"904",302,302,1,46.098137158751,83.4033832034807,88.7544970693143,92.6771197319379,98.8596585517351,104.517892183525,116.184541582848,120.727214982883,130.445353689784,1,1,1,NA,NA,NA,NA,NA,0.384615384615385,0.269230769230769,0.153846153846154,0,0,0,0,0,0,0,0,0,0,0,0,0,2904,58.404224,12.306086841249
"905",302,302,2,46.7918083419619,84.0970543866916,89.4481682525252,93.3707909151488,99.553329734946,105.211563366736,116.878212766058,121.420886166094,131.139024872995,1,1,1,NA,NA,NA,NA,NA,0.357142857142857,0.214285714285714,0.142857142857143,0,0,0,0,0,0,0,0,0,0,0,0,0,2905,56.151312,9.3595036580381
"906",302,302,3,46.317383057848,83.6226291025778,88.9737429684113,92.8963656310349,99.0789044508321,104.737138082622,116.403787481945,120.94646088198,130.664599588881,1,1,1,NA,NA,NA,NA,NA,0.357142857142857,0.25,0.142857142857143,0,0,0,0,0,0,0,0,0,0,0,0,0,2906,54.868984,8.55160094215199
"907",303,303,1,46.0513602585854,83.3458129147036,88.6953785625897,92.6168663073327,98.7976163560813,104.4542129121,116.11748684298,120.658845928152,130.37417292199,1,1,1,NA,NA,NA,NA,NA,0.333333333333333,0.233333333333333,0.133333333333333,0,0,0,0,0,0,0,0,0,0,0,0,0,2907,52.908567,6.85720674141461
"908",303,303,2,45.6369753112717,82.9314279673899,88.280993615276,92.202481360019,98.3832314087676,104.039827964787,115.703101895666,120.244460980839,129.959787974677,1,1,1,1,NA,NA,NA,NA,0.526315789473684,0.368421052631579,0.210526315789474,0.0526315789473684,0,0,0,0,0,0,0,0,0,0,0,0,2908,69.739638,24.1026626887283
"909",303,303,3,49.1946584315302,86.4891110876483,91.8386767355345,95.7601644802775,101.940914529026,107.597511085045,119.260785015925,123.802144101097,133.517471094935,1,1,1,NA,NA,NA,NA,NA,0.363636363636364,0.227272727272727,0.0909090909090909,0,0,0,0,0,0,0,0,0,0,0,0,0,2909,64.660559,15.4659005684698
"910",304,304,1,48.196909803906,85.4576923313706,90.8024282914406,94.72037564378,100.895545595906,106.547035270868,118.199779380131,122.737038441472,132.443594256582,1,1,1,NA,NA,NA,NA,NA,0.36,0.2,0.12,0,0,0,0,0,0,0,0,0,0,0,0,0,2910,60.752842,12.555932196094
"911",304,304,2,47.3640010999275,84.6247836273921,89.969519587462,93.8874669398015,100.062636891927,105.71412656689,117.366870676152,121.904129737493,131.610685552604,1,1,1,NA,NA,NA,NA,NA,0.3,0.2,0.1,0,0,0,0,0,0,0,0,0,0,0,0,0,2911,51.890213,4.52621190007254
"912",304,304,3,45.4749797521091,82.7357622795738,88.0804982396437,91.9984455919832,98.1736155441089,103.825105219071,115.477849328334,120.015108389675,129.721664204786,1,1,1,1,NA,NA,NA,NA,0.578947368421053,0.368421052631579,0.263157894736842,0.0526315789473684,0,0,0,0,0,0,0,0,0,0,0,0,2912,69.209101,23.7341212478909
"913",305,305,1,49.2529346501559,86.4891951924097,91.8304136864664,95.74578256781,101.916888530508,107.56465885937,119.209734090006,123.744007100276,133.44417485797,1,1,1,NA,NA,NA,NA,NA,0.275862068965517,0.172413793103448,0.0689655172413793,0,0,0,0,0,0,0,0,0,0,0,0,0,2913,53.28995,4.03701534984413
"914",305,305,2,45.8310449920624,83.0673055343162,88.4085240283729,92.3238929097165,98.494998872415,104.142769201276,115.787844431913,120.322117442182,130.022285199877,1,1,1,NA,NA,NA,NA,NA,0.333333333333333,0.233333333333333,0.133333333333333,0,0,0,0,0,0,0,0,0,0,0,0,0,2914,52.576077,6.7450320079376
"915",305,305,3,45.6775949345881,82.9138554768419,88.2550739708986,92.1704428522422,98.3415488149407,103.989319143802,115.634394374438,120.168667384708,129.868835142402,1,1,1,1,NA,NA,NA,NA,0.714285714285714,0.5,0.357142857142857,0.0714285714285714,0,0,0,0,0,0,0,0,0,0,0,0,2915,77.625952,31.9483570654119
"916",306,306,1,51.030833804974,88.2608481760313,93.6011707110248,97.5158828114786,103.685953606205,109.332776553674,120.975898389087,125.509410800814,135.207951410467,1,1,1,NA,NA,NA,NA,NA,0.28,0.16,0.04,0,0,0,0,0,0,0,0,0,0,0,0,0,2916,59.62445,8.59361619502597
"917",306,306,2,47.1757211573235,84.4057355283807,89.7460580633742,93.660770163828,99.8308409585544,105.477663906023,117.120785741436,121.654298153164,131.352838762816,1,1,1,NA,NA,NA,NA,NA,0.310344827586207,0.206896551724138,0.137931034482759,0,0,0,0,0,0,0,0,0,0,0,0,0,2917,54.103738,6.92801684267653
"918",306,306,3,45.9934327763186,83.2234471473759,88.5637696823694,92.4784817828232,98.6485525775496,104.295375525018,115.938497360432,120.472009772159,130.170550381811,1,1,1,NA,NA,NA,NA,NA,0.434782608695652,0.304347826086957,0.173913043478261,0,0,0,0,0,0,0,0,0,0,0,0,0,2918,62.587733,16.5943002236814
"919",307,307,1,47.8245086481337,85.0559072729557,90.3964283671412,94.3112860209893,100.48158622588,106.128619128571,117.772173868336,122.305854841148,132.004756053437,1,1,1,NA,NA,NA,NA,NA,0.243243243243243,0.162162162162162,0.0810810810810811,0,0,0,0,0,0,0,0,0,0,0,0,0,2919,40.860758,-6.96375064813368
"920",307,307,2,43.1572718250632,80.3886704498852,85.7291915440707,89.6440491979189,95.8143494028099,101.461382305501,113.104937045265,117.638618018078,127.337519230367,1,1,1,1,NA,NA,NA,NA,0.4,0.3,0.2,0.0666666666666667,0,0,0,0,0,0,0,0,0,0,0,0,2920,51.947109,8.78983717493679
"921",307,307,3,45.5387642150846,82.7701628399065,88.1106839340921,92.0255415879402,98.1958417928313,103.842874695522,115.486429435287,120.020110408099,129.719011620388,1,1,1,1,NA,NA,NA,NA,0.323529411764706,0.205882352941176,0.147058823529412,0.0294117647058824,0,0,0,0,0,0,0,0,0,0,0,0,2921,45.888889,0.35012478491543
"922",308,308,1,44.2488469279109,81.4378867358239,86.7723318252505,90.6827354767053,96.8460156225519,102.486623796609,114.116931459401,118.645454383649,128.333320985479,1,1,1,1,NA,NA,NA,NA,0.354838709677419,0.258064516129032,0.161290322580645,0.0645161290322581,0,0,0,0,0,0,0,0,0,0,0,0,2922,50.46344,6.21459307208914
"923",308,308,2,45.2367033485302,82.4257431564432,87.7601882458698,91.6705918973246,97.8338720431712,103.474480217229,115.10478788002,119.633310804268,129.321177406098,1,1,1,1,NA,NA,NA,NA,0.174603174603175,0.111111111111111,0.0793650793650794,0.0158730158730159,0,0,0,0,0,0,0,0,0,0,0,0,2923,1.442861,-43.7938423485302
"924",308,308,3,34.650900783945,71.839940591858,77.1743856812846,81.0847893327394,87.248069478586,92.8886776526433,104.518985315435,109.047508239683,118.735374841513,1,1,1,1,1,NA,NA,NA,0.75,0.583333333333333,0.5,0.333333333333333,0.166666666666667,0,0,0,0,0,0,0,0,0,0,0,2924,61.406288,26.755387216055
"925",309,309,1,47.5329146673459,84.7544136258492,90.0935146987959,94.0073314090886,100.175990958099,105.821522339399,117.461981108801,121.99445659564,131.690778912448,1,1,1,NA,NA,NA,NA,NA,0.236842105263158,0.157894736842105,0.0789473684210526,0,0,0,0,0,0,0,0,0,0,0,0,0,2925,39.388409,-8.1445056673459
"926",309,309,2,42.8228799502788,80.0443789087821,85.3834799817288,89.2972966920215,95.4659562410315,101.111487622332,112.751946391734,117.284421878573,126.980744195381,1,1,1,1,NA,NA,NA,NA,0.19047619047619,0.142857142857143,0.0952380952380952,0.0317460317460317,0,0,0,0,0,0,0,0,0,0,0,0,2926,1.273511,-41.5493689502788
"927",309,309,3,34.6693928311304,71.8908917896337,77.2299928625803,81.143809572873,87.312469121883,92.9580005031833,104.598459272586,109.130934759425,118.827257076233,1,1,1,1,1,NA,NA,NA,0.26984126984127,0.222222222222222,0.19047619047619,0.126984126984127,0.0634920634920635,0,0,0,0,0,0,0,0,0,0,0,2927,1.501315,-33.1680778311304
"928",310,310,1,34.6147841464534,71.8851182664159,77.2312243195553,81.1501760157115,87.3269289380001,92.9798673406252,104.635598565447,109.174020727685,118.883064763907,1,1,1,1,1,NA,NA,NA,0.320754716981132,0.264150943396226,0.226415094339623,0.150943396226415,0.0754716981132075,0,0,0,0,0,0,0,0,0,0,0,2928,16.893065,-17.7217191464534
"929",310,310,2,37.9334462432741,75.2037803632366,80.549886416376,84.4688381125321,90.6455910348208,96.2985294374459,107.954260662267,112.492682824506,122.201726860728,0,0,0,0,0,NA,NA,NA,NA,NA,NA,NA,NA,NA,NA,NA,0,0,0,0,0,0,0,0,2929,98.932426,60.9989797567259
"930",310,310,3,55.6222027393248,92.8925368592873,98.2386429124267,102.157594608583,108.334347530871,113.987285933497,125.643017158318,130.181439320557,139.890483356778,1,1,NA,NA,NA,NA,NA,NA,0.111111111111111,0.0277777777777778,0,0,0,0,0,0,1,1,1,1,1,0,0,0,2930,43.260978,-12.3612247393248
"931",311,311,1,43.615761989482,80.9534809124122,86.3092527308725,90.2352898957834,96.4232103937988,102.086369314953,113.763174113987,118.30980174823,128.036399746197,1,1,1,1,NA,NA,NA,NA,0.324324324324324,0.216216216216216,0.162162162162162,0.0540540540540541,0,0,0,0,1,1,1,1,1,0,0,0,2931,41.293533,-2.32222898948203
"932",311,311,2,43.194169347054,80.5318882699843,85.8876600884445,89.8136972533554,96.0016177513708,101.664776672525,113.341581471559,117.888209105802,127.614807103769,1,1,1,1,NA,NA,NA,NA,0.363636363636364,0.272727272727273,0.181818181818182,0.0606060606060606,0,0,0,0,0,0,1,1,1,0,0,0,2932,47.481867,4.28769765294595
"933",311,311,3,44.5202323797116,81.8579513026418,87.213723121102,91.1397602860129,97.3276807840284,102.990839705182,114.667644504217,119.214272138459,128.940870136427,1,1,1,1,NA,NA,NA,NA,0.297297297297297,0.216216216216216,0.135135135135135,0.027027027027027,0,0,0,0,0,0,0,0,1,0,0,0,2933,40.724576,-3.79565637971161
"934",312,312,1,43.0799841118323,80.4166876132092,85.7723137782579,89.6982441722446,95.8859963860685,101.549001294235,113.225488535593,117.771992521583,127.498325998912,1,1,1,1,NA,NA,NA,NA,0.4,0.3,0.2,0.0666666666666667,0,0,0,0,0,0,0,0,1,0,0,0,2934,51.735971,8.65598688816774
"935",312,312,2,45.4383385052696,82.7750420066465,88.1306681716952,92.056598565682,98.2443507795059,103.907355687673,115.583842929031,120.130346915021,129.856680392349,1,1,1,1,NA,NA,NA,NA,0.423076923076923,0.269230769230769,0.192307692307692,0.0384615384615385,0,0,0,0,0,0,0,0,1,0,0,0,2935,59.052387,13.6140484947304
"936",312,312,3,47.0053245063907,84.3420280077676,89.6976541728164,93.6235845668031,99.811336780627,105.474341688794,117.150828930152,121.697332916142,131.423666393471,1,1,1,NA,NA,NA,NA,NA,0.303030303030303,0.181818181818182,0.121212121212121,0,0,0,0,0,0,0,0,0,1,0,0,0,2936,46.880708,-0.124616506390694
"937",313,313,1,44.3912672947831,81.6982715555351,87.0496376222019,90.972445160111,97.1552753662402,102.813775673581,114.480974928274,119.023862426915,128.742459154845,1,1,1,1,NA,NA,NA,NA,1,0.727272727272727,0.454545454545455,0.0909090909090909,0,0,0,0,0,0,0,0,1,0,0,0,2937,81.565782,37.1745147052169
"938",313,313,2,51.8296063151672,89.1366105759193,94.487976642586,98.4107841804951,104.593614386624,110.252114693965,121.919313948658,126.462201447299,136.18079817523,1,1,1,NA,NA,NA,NA,NA,0.206896551724138,0.103448275862069,0.0344827586206897,0,0,0,0,0,0,0,0,0,1,0,0,0,2938,53.671405,1.84179868483277
"939",313,313,3,45.8475567197589,83.154560980511,88.5059270471777,92.4287345850868,98.6115647912161,104.270065098557,115.93726435325,120.480151851891,130.198748579821,1,1,1,NA,NA,NA,NA,NA,0.32258064516129,0.225806451612903,0.129032258064516,0,0,0,0,0,0,0,0,0,1,0,0,0,2939,50.689721,4.84216428024106
"940",314,314,1,45.2502632177009,82.4959933424193,87.8385701659176,91.7549347677756,97.9276101092452,103.576816726984,115.224853425786,119.760279550562,129.462914165486,1,1,1,1,NA,NA,NA,NA,0.578947368421053,0.368421052631579,0.263157894736842,0.0526315789473684,0,0,0,0,0,0,0,0,1,0,0,0,2940,68.808637,23.5583737822991
"941",314,314,2,49.1824058338582,86.4281359585766,91.7707127820749,95.6870773839329,101.859752725403,107.508959343141,119.156996041944,123.692422166719,133.395056781643,1,1,1,NA,NA,NA,NA,NA,0.242424242424242,0.151515151515152,0.0606060606060606,0,0,0,0,0,0,0,0,0,1,0,0,0,2941,47.025279,-2.15712683385824
"942",314,314,3,44.455010976748,81.7007411014664,87.0433179249647,90.9596825268227,97.1323578682923,102.781564486031,114.429601184834,118.965027309609,128.667661924533,1,1,1,1,NA,NA,NA,NA,0.17741935483871,0.129032258064516,0.0806451612903226,0.0161290322580645,0,0,0,0,0,0,0,0,1,0,0,0,2942,2.19077,-42.264240976748
"943",315,315,1,34.6263639747706,71.8424048353255,77.1807229914787,81.0939657862776,87.2617207734356,92.9064243035179,104.545176135642,109.076986987905,118.771887452332,1,1,1,1,1,NA,NA,NA,0.461538461538462,0.358974358974359,0.307692307692308,0.205128205128205,0.102564102564103,0,0,0,0,0,0,0,1,0,0,0,2943,37.595449,2.96908502522938
"944",315,315,2,42.3863140271542,79.6023548877091,84.9406730438623,88.8539158386611,95.0216708258192,100.666374355901,112.305126188026,116.836937040289,126.531837504715,1,1,1,1,NA,NA,NA,NA,0.684210526315789,0.473684210526316,0.368421052631579,0.157894736842105,0,0,0,0,0,0,0,0,1,0,0,0,2944,68.864009,26.4776949728458
"945",315,315,3,49.239715065191,86.4557559257458,91.7940740818991,95.7073168766979,101.875071863856,107.519775393938,119.158527226062,123.690338078326,133.385238542752,1,1,1,NA,NA,NA,NA,NA,0.216216216216216,0.135135135135135,0.0540540540540541,0,0,0,0,0,0,0,0,0,1,0,0,0,2945,41.828028,-7.41168706519097
"946",316,316,1,43.3406472835652,80.532638536246,85.8675069848163,89.7782209787928,95.9419902628649,101.583046094177,113.214276776517,117.743159099269,127.431794562122,1,1,1,1,NA,NA,NA,NA,0.3,0.225,0.15,0.05,0,0,0,0,0,0,0,0,1,0,0,0,2946,37.395228,-5.94541928356521
"947",316,316,2,42.3676949417667,79.5596861944475,84.8945546430178,88.8052686369943,94.9690379210664,100.610093752379,112.241324434718,116.77020675747,126.458842220323,1,1,1,1,NA,NA,NA,NA,0.40625,0.28125,0.21875,0.09375,0,0,0,0,0,0,0,0,1,0,0,0,2947,49.981743,7.61404805823332
"948",316,316,3,45.1303007990876,82.3222920517684,87.6571605003387,91.5678744943152,97.7316437783873,103.3726996097,115.003930292039,119.532812614791,129.221448077644,1,1,1,1,NA,NA,NA,NA,0.392857142857143,0.25,0.178571428571429,0.0357142857142857,0,0,0,0,0,0,0,0,1,0,0,0,2948,56.052999,10.9226982009124
"949",317,317,1,46.4871170243254,83.6415341803178,88.9710129507302,92.8777760525716,99.0353182416363,104.670675061681,116.290155015663,120.814461926975,130.493309214648,0,0,0,NA,NA,NA,NA,NA,NA,NA,NA,NA,NA,NA,NA,NA,0,0,0,0,1,0,0,0,2949,99.281746,52.7946289756746
"950",317,317,2,56.0141616690712,93.1685788250636,98.498057595476,102.404820697317,108.562362886382,114.197719706426,125.817199660409,130.34150657172,140.020353859394,1,NA,NA,NA,NA,NA,NA,NA,0.111111111111111,0,0,0,0,0,0,0,1,1,1,0,1,0,0,0,2950,42.723614,-13.2905476690712
"951",317,317,3,43.5494966953807,80.7039138513732,86.0333926217855,89.9401557236269,96.0976979126916,101.733054732736,113.352534686719,117.87684159803,127.555688885703,1,1,1,1,NA,NA,NA,NA,0.363636363636364,0.242424242424242,0.181818181818182,0.0606060606060606,0,0,0,0,1,1,1,0,1,0,0,0,2951,47.803603,4.25410630461926
"952",318,318,1,44.716789337945,81.8718672312496,87.2014407786964,91.1082733566418,97.2659250486456,102.901382085321,114.521068674868,119.045456044402,128.724475456308,1,1,1,1,NA,NA,NA,NA,0.305555555555556,0.222222222222222,0.138888888888889,0.0277777777777778,0,0,0,0,0,1,1,0,1,0,0,0,2952,42.776433,-1.94035633794498
"953",318,318,2,43.6113493607666,80.7664272540711,86.096000801518,90.0028333794634,96.1604850714671,101.795942108143,113.415628697689,117.940016067224,127.61903547913,1,1,1,1,NA,NA,NA,NA,0.461538461538462,0.307692307692308,0.230769230769231,0.0769230769230769,0,0,0,0,0,0,0,0,1,0,0,0,2953,58.962295,15.3509456392334
"954",318,318,3,47.1705086730423,84.3255865663469,89.6551601137937,93.5619926917391,99.7196443837429,105.355101420418,116.974788009965,121.4991753795,131.178194791406,1,1,1,NA,NA,NA,NA,NA,0.27027027027027,0.162162162162162,0.108108108108108,0,0,0,0,0,0,0,0,0,1,0,0,0,2954,42.020631,-5.14987767304229
"955",319,319,1,43.4596484295908,80.5714435853757,85.8948085996684,89.7970900255616,95.9475685386343,101.576460711998,113.182611282426,117.701728097246,127.36947221435,1,1,1,1,NA,NA,NA,NA,0.315789473684211,0.236842105263158,0.157894736842105,0.0526315789473684,0,0,0,0,0,0,0,0,1,0,0,0,2955,39.360001,-4.09964742959077
"956",319,319,2,42.8740453223927,79.9858404781776,85.3092054924703,89.2114869183635,95.3619654314363,100.9908576048,112.597008175228,117.116124990048,126.783869107151,1,1,1,1,NA,NA,NA,NA,0.342857142857143,0.257142857142857,0.171428571428571,0.0571428571428571,0,0,0,0,0,0,0,0,1,0,0,0,2956,44.459493,1.58544767760729
"957",319,319,3,43.9964405296675,81.1082356854524,86.4316006997451,90.3338821256384,96.4843606387111,102.113252812074,113.719403382503,118.238520197323,127.906264314426,1,1,1,1,NA,NA,NA,NA,0.705882352941177,0.470588235294118,0.352941176470588,0.117647058823529,0,0,0,0,0,0,0,0,1,0,0,0,2957,72.164483,28.1680424703324
"958",320,320,1,50.0945809180441,87.2136652136824,92.5380757918428,96.4411236661102,102.592810196684,108.222807942605,119.831238080871,124.351242496907,134.020885458802,1,1,1,NA,NA,NA,NA,NA,0.4,0.2,0.1,0,0,0,0,0,0,0,0,0,1,0,0,0,2958,67.817609,17.7230280819559
"959",320,320,2,49.1370274846388,86.2561117802772,91.5805223584376,95.483570232705,101.635256763279,107.265254509199,118.873684647466,123.393689063501,133.063332025397,1,1,1,NA,NA,NA,NA,NA,0.333333333333333,0.208333333333333,0.0833333333333333,0,0,0,0,0,0,0,0,0,1,0,0,0,2959,61.152685,12.0156575153612
"960",320,320,3,47.6688411834981,84.7879254791364,90.1123360572968,94.0153839315642,100.167070462138,105.797068208059,117.405498346325,121.925502762361,131.595145724256,1,1,1,NA,NA,NA,NA,NA,0.225,0.15,0.075,0,0,0,0,0,0,0,0,0,1,0,0,0,2960,37.112949,-10.5558921834981
"961",321,321,1,42.4052793515244,79.5015737552385,84.822715321139,88.7233668529072,94.8712764511067,100.497817564338,112.099120509861,116.616349792455,126.280055912905,1,1,1,1,NA,NA,NA,NA,0.206349206349206,0.142857142857143,0.111111111111111,0.0476190476190476,0,0,0,0,0,0,0,0,1,0,0,0,2961,1.496573,-40.9087063515244
"962",321,321,2,34.5354819743205,71.6317763780346,76.9529179439351,80.8535694757033,87.0014790739028,92.6280201871343,104.229323132657,108.746552415251,118.410258535701,1,1,1,1,1,NA,NA,NA,0.5,0.388888888888889,0.333333333333333,0.222222222222222,0.111111111111111,0,0,0,0,0,0,0,1,0,0,0,2962,43.442991,8.90750902567948
"963",321,321,3,43.8039659536984,80.9002603574125,86.221401923313,90.1220534550812,96.2699630532807,101.896504166512,113.497807112035,118.015036394629,127.678742515079,1,1,1,1,NA,NA,NA,NA,0.444444444444444,0.296296296296296,0.222222222222222,0.0740740740740741,0,0,0,0,0,0,0,0,0,0,0,0,2963,57.451307,13.6473410463016
"964",322,322,1,46.874132107144,83.9951422971926,89.3198291281961,93.2230795090239,99.3750852150012,105.005375068914,116.614407501422,121.134646434321,130.804791098014,1,1,1,NA,NA,NA,NA,NA,0.3125,0.1875,0.125,0,0,0,0,0,0,0,0,0,0,0,0,0,2964,48.938637,2.06450489285604
"965",322,322,2,44.99710998732,82.1181201773687,87.4428070083722,91.3460573892,97.4980630951773,103.12835294909,114.737385381598,119.257624314497,128.92776897819,1,1,1,1,NA,NA,NA,NA,0.366666666666667,0.266666666666667,0.166666666666667,0.0333333333333333,0,0,0,0,0,0,0,0,0,0,0,0,2965,52.104998,7.10788801267995
"966",322,322,3,45.6952845478689,82.8162947379176,88.1409815689211,92.0442319497489,98.1962376557262,103.826527509639,115.435559942147,119.955798875046,129.625943538739,1,1,1,1,NA,NA,NA,NA,0.37037037037037,0.259259259259259,0.185185185185185,0.037037037037037,0,0,0,0,0,0,0,0,0,0,0,0,2966,56.69975,11.0044654521311
"967",323,323,1,46.6967353828783,83.8103984327963,89.1340313802957,93.0365092140573,99.1872972902402,104.816472774465,116.423207500429,120.942551769398,130.610782479037,1,1,1,NA,NA,NA,NA,NA,0.333333333333333,0.2,0.133333333333333,0,0,0,0,0,0,0,0,0,0,0,0,0,2967,52.066198,5.36946261712172
"968",323,323,2,45.675642665236,82.7893057151541,88.1129386626534,92.015416496415,98.1662045725979,103.795380056823,115.402114782786,119.921459051755,129.589689761395,1,1,1,1,NA,NA,NA,NA,0.44,0.28,0.2,0.04,0,0,0,0,0,0,0,0,0,0,0,0,2968,59.528629,13.852986334764
"969",323,323,3,47.3201335331507,84.4337965830688,89.7574295305681,93.6599073643298,99.8106954405126,105.439870924738,117.046605650701,121.56594991967,131.23418062931,1,1,1,NA,NA,NA,NA,NA,0.2,0.133333333333333,0.0888888888888889,0,0,0,0,0,0,0,0,0,0,0,0,0,2969,28.478375,-18.8417585331507
"970",324,324,1,40.4656157865117,77.5845835974689,82.9089774669124,86.8120130928904,92.9636803186442,98.5936603968743,110.202054106325,114.722044337978,124.391656955233,1,1,1,1,NA,NA,NA,NA,0.518518518518518,0.37037037037037,0.296296296296296,0.148148148148148,0,0,0,0,0,0,0,0,0,0,0,0,2970,57.606959,17.1413432134883
"971",324,324,2,46.8754853395551,83.9944531505122,89.3188470199558,93.2218826459338,99.3735498716876,105.003529949918,116.611923659369,121.131913891022,130.801526508276,0,1,1,NA,NA,NA,NA,NA,0,0.75,0.5,0,0,0,0,0,0,0,0,0,0,0,0,0,2971,86.538666,39.6631806604449
"972",324,324,3,53.242031266294,90.3609990772512,95.6853929466947,99.5884285726727,105.740095798427,111.370075876657,122.978469586108,127.498459817761,137.168072435015,1,1,NA,NA,NA,NA,NA,NA,0.230769230769231,0.0769230769230769,0,0,0,0,0,0,1,0,0,0,0,0,0,0,2972,57.824702,4.58267073370602
"973",325,325,1,46.9592861407248,84.1054123571495,89.4337018642173,93.3395931790879,99.4957613239855,105.129860624563,116.746747713054,121.270045033634,130.946732504411,1,1,1,NA,NA,NA,NA,NA,0.263157894736842,0.157894736842105,0.105263157894737,0,0,0,0,0,1,0,0,0,0,0,0,0,2973,39.746741,-7.21254514072479
"974",325,325,2,42.972074509884,80.1182007263087,85.4464902333764,89.3523815482471,95.5085496931447,101.142648993723,112.759536082214,117.282833402793,126.959520873571,1,1,1,1,NA,NA,NA,NA,0.333333333333333,0.25,0.166666666666667,0.0555555555555556,0,0,0,0,0,0,0,0,0,0,0,0,2974,42.870982,-0.101092509883969
"975",325,325,3,43.661146139851,80.8072723562757,86.1355618633434,90.0414531782141,96.1976213231117,101.83172062369,113.448607712181,117.971905032761,127.648592503538,1,1,1,1,NA,NA,NA,NA,0.315789473684211,0.210526315789474,0.157894736842105,0.0526315789473684,0,0,0,0,0,0,0,0,0,0,0,0,2975,39.244375,-4.41677113985097
"976",326,326,1,42.8387610001486,79.9763080592117,85.3033669605931,89.208356182577,95.3631025174331,100.995900583416,112.610104670676,117.132357304139,126.806809876341,1,1,1,1,NA,NA,NA,NA,0.193548387096774,0.145161290322581,0.0967741935483871,0.032258064516129,0,0,0,0,0,0,0,0,0,0,0,0,2976,1.921487,-40.9172740001486
"977",326,326,2,34.6227528022687,71.7602998613318,77.0873587627132,80.9923479846971,87.1470943195532,92.7798923855365,104.394096472796,108.916349106259,118.590801678461,1,1,1,1,1,NA,NA,NA,0.857142857142857,0.666666666666667,0.571428571428571,0.380952380952381,0.19047619047619,0,0,0,0,0,0,0,0,0,0,0,2977,65.93116,31.3084071977313
"978",326,326,3,48.7134094018226,85.8509564608857,91.178015362267,95.083004584251,101.237750919107,106.87054898509,118.48475307235,123.007005705813,132.681458278015,1,1,1,NA,NA,NA,NA,NA,0.45,0.25,0.15,0,0,0,0,0,0,0,0,0,0,0,0,0,2978,68.24974,19.5363305981774
"979",327,327,1,49.2265114122831,86.4053425881299,91.7383233378619,95.6476535582113,101.809241843777,107.448301634392,119.075416702474,123.602696517877,133.287903737637,1,1,1,NA,NA,NA,NA,NA,0.347826086956522,0.217391304347826,0.0869565217391304,0,0,0,0,0,0,0,0,0,0,0,0,0,2979,62.823406,13.5968945877169
"980",327,327,2,48.0319907727381,85.210821948585,90.5438026983169,94.4531329186663,100.614721204232,106.253780994847,117.880896062929,122.408175878332,132.093383098092,1,1,1,NA,NA,NA,NA,NA,0.290322580645161,0.193548387096774,0.0967741935483871,0,0,0,0,0,0,0,0,0,0,0,0,0,2980,51.02358,2.99158922726186
"981",327,327,3,45.434447809102,82.6132789849488,87.9462597346808,91.8555899550302,98.0171782405961,103.656238031211,115.283353099293,119.810632914695,129.495840134456,1,1,1,1,NA,NA,NA,NA,0.846153846153846,0.538461538461538,0.384615384615385,0.0769230769230769,0,0,0,0,0,0,0,0,0,0,0,0,2981,78.850644,33.416196190898
"982",328,328,1,51.5915974261784,88.792250300148,94.1283611831395,98.0399859410317,104.20519070176,109.847560275296,121.481499748208,126.01143679974,135.702328643291,1,1,1,NA,NA,NA,NA,NA,0.21875,0.09375,0.03125,0,0,0,0,0,0,0,0,0,0,0,0,0,2982,48.462658,-3.12893942617842
"983",328,328,2,44.8919924619962,82.0926453359658,87.4287562189573,91.3403809768495,97.5055857375781,103.147955311114,114.781894784026,119.311831835558,129.002723679109,1,1,1,1,NA,NA,NA,NA,0.275,0.2,0.125,0.025,0,0,0,0,0,0,0,0,0,0,0,0,2983,36.742456,-8.14953646199621
"984",328,328,3,42.3080527596277,79.5087056335973,84.8448165165888,88.756441274481,94.9216460352096,100.564015608745,112.197955081658,116.727892133189,126.41878397674,1,1,1,1,NA,NA,NA,NA,0.590909090909091,0.409090909090909,0.318181818181818,0.136363636363636,0,0,0,0,0,0,0,0,0,0,0,0,2984,64.819225,22.5111722403723
"985",329,329,1,48.479919203771,85.67639832993,91.0119105250117,94.9230964160022,101.087609468175,106.729345992938,118.361980189581,122.891409002321,132.581213570905,1,1,1,NA,NA,NA,NA,NA,0.310344827586207,0.172413793103448,0.103448275862069,0,0,0,0,0,0,0,0,0,0,0,0,0,2985,53.135546,4.65562679622897
"986",329,329,2,45.907242082228,83.103721208387,88.4392334034687,92.3504192944592,98.514932346632,104.156668871395,115.789303068038,120.318731880778,130.008536449362,1,1,1,NA,NA,NA,NA,NA,0.3125,0.21875,0.125,0,0,0,0,0,0,0,0,0,0,0,0,0,2986,49.508104,3.60086191777197
"987",329,329,3,45.1085007745351,82.3049799006941,87.6404920957758,91.5516779867662,97.7161910389391,103.357927563702,114.990561760345,119.519990573085,129.20979514167,1,1,1,1,NA,NA,NA,NA,0.354838709677419,0.225806451612903,0.161290322580645,0.032258064516129,0,0,0,0,0,0,0,0,0,0,0,0,2987,51.174104,6.06560322546488
"988",330,330,1,45.4681173210481,82.6494890343719,87.982834202162,91.8924315583954,98.054440883178,103.693886007121,115.321795589733,119.849384767309,129.535253805398,1,1,1,1,NA,NA,NA,NA,0.5,0.318181818181818,0.227272727272727,0.0454545454545455,0,0,0,0,0,0,0,0,0,0,0,0,2988,64.329674,18.8615566789519
"989",330,330,2,48.36540047652,85.5467721898438,90.8801173576338,94.7897147138673,100.95172403865,106.591169162592,118.219078745205,122.746667922781,132.43253696087,1,1,1,NA,NA,NA,NA,NA,0.375,0.208333333333333,0.125,0,0,0,0,0,0,0,0,0,0,0,0,0,2989,61.603684,13.23828352348
"990",330,330,3,47.7650490733512,84.946420786675,90.2797659544651,94.1893633106986,100.351372635481,105.990817759424,117.618727342036,122.146316519612,131.832185557701,1,1,1,NA,NA,NA,NA,NA,0.310344827586207,0.206896551724138,0.103448275862069,0,0,0,0,0,0,0,0,0,0,0,0,0,2990,54.432533,6.6674839266488
"991",331,331,1,46.2093882090919,83.3991733933111,88.7337254005016,92.6442074277963,98.8076111036671,104.448332331885,116.078873099802,120.607486788794,130.295547563591,1,1,1,NA,NA,NA,NA,NA,0.384615384615385,0.269230769230769,0.153846153846154,0,0,0,0,0,0,0,0,0,0,0,0,0,2991,58.340382,12.1309937909081
"992",331,331,2,47.0711703046935,84.2609554889127,89.5955074961032,93.5059895233979,99.6693931992688,105.310114427487,116.940655195404,121.469268884395,131.157329659193,1,1,1,NA,NA,NA,NA,NA,0.5,0.3,0.2,0,0,0,0,0,0,0,0,0,0,0,0,0,2992,67.48418,20.4130096953065
"993",331,331,3,49.087615004117,86.2774001883363,91.6119521955268,95.5224342228215,101.685837898692,107.32655912691,118.957099894827,123.485713583819,133.173774358617,1,1,1,NA,NA,NA,NA,NA,0.258064516129032,0.161290322580645,0.0645161290322581,0,0,0,0,0,0,0,0,0,0,0,0,0,2993,50.791613,1.70399799588296
"994",332,332,1,45.4120217948209,82.6024243378694,87.9370648998274,91.8476118420064,98.0111178317697,103.651932697233,115.282666534752,119.811355399754,129.499576998547,1,1,1,1,NA,NA,NA,NA,0.244444444444444,0.155555555555556,0.111111111111111,0.0222222222222222,0,0,0,0,0,0,0,0,0,0,0,0,2994,29.053473,-16.3585487948209
"995",332,332,2,40.6009120925303,77.7913146355788,83.1259551975368,87.0365021397159,93.2000081294791,98.8408229949429,110.471556832462,115.000245697463,124.688467296257,1,1,1,1,NA,NA,NA,NA,0.378378378378378,0.27027027027027,0.216216216216216,0.108108108108108,0,0,0,0,0,0,0,0,0,0,0,0,2995,41.335922,0.735009907469703
"996",332,332,3,43.3192775806442,80.5096801236927,85.8443206856508,89.7548676278298,95.918373617593,101.559188483057,113.189922320576,117.718611185577,127.406832784371,1,1,1,1,NA,NA,NA,NA,0.48,0.36,0.24,0.08,0,0,0,0,0,0,0,0,0,0,0,0,2996,59.744225,16.4249474193558
"997",333,333,1,47.3886981416319,84.5769818082617,89.9113184357819,93.8216425794663,99.9847974112262,105.625290898356,117.25536208944,121.783792938088,131.471462562639,1,1,1,NA,NA,NA,NA,NA,0.272727272727273,0.181818181818182,0.0909090909090909,0,0,0,0,0,0,0,0,0,0,0,0,0,2997,47.405433,0.0167348583680678
"998",333,333,2,44.6599004807901,81.8481841474198,87.18252077494,91.0928449186245,97.2559997503844,102.896493237514,114.526564428598,119.054995277246,128.742664901797,1,1,1,1,NA,NA,NA,NA,0.55,0.4,0.25,0.05,0,0,0,0,0,0,0,0,0,0,0,0,2998,67.340373,22.6804725192099
"999",333,333,3,49.0686317116126,86.2569153782423,91.5912520057625,95.5015761494469,101.664730981207,107.305224468337,118.935295659421,123.463726508069,133.151396132619,1,1,1,NA,NA,NA,NA,NA,0.296296296296296,0.185185185185185,0.0740740740740741,0,0,0,0,0,0,0,0,0,0,0,0,0,2999,56.61147,7.54283828838744
