"","train_iter","test_iter","predict_iter","expected","Quantile_0.95","Quantile_0.97","Quantile_0.98","Quantile_0.99","Quantile_0.995","Quantile_0.999","Quantile_0.9995","Quantile_0.9999","score_pred_1_0.95","score_pred_1_0.97","score_pred_1_0.98","score_pred_1_0.99","score_pred_1_0.995","score_pred_1_0.999","score_pred_1_0.9995","score_pred_1_0.9999","score_pred_2_0.95","score_pred_2_0.97","score_pred_2_0.98","score_pred_2_0.99","score_pred_2_0.995","score_pred_2_0.999","score_pred_2_0.9995","score_pred_2_0.9999","adjustment_0.95","adjustment_0.97","adjustment_0.98","adjustment_0.99","adjustment_0.995","adjustment_0.999","adjustment_0.9995","adjustment_0.9999","time","actual","residuals"
"1",1,1,1,9.64323157971934,29.4521426325946,32.2935590509452,34.3764533260489,37.6593525036999,40.6638480803845,46.8587843089019,49.2709226235953,54.4312087939023,1,1,1,1,1,1,1,1,0.75,0.716666666666667,0.683333333333333,0.65,0.616666666666667,0.566666666666667,0.533333333333333,0.483333333333333,0,0,0,0,0,0,0,0,2001,5.61172,-4.03151157971934
"2",1,1,2,8.12680847400764,27.9357195268829,30.7771359452335,32.8600302203372,36.1429293979882,39.1474249746728,45.3423612031902,47.7544995178836,52.9147856881906,1,1,1,1,1,1,1,1,0.766666666666667,0.733333333333333,0.7,0.666666666666667,0.633333333333333,0.566666666666667,0.55,0.5,0,0,0,0,0,0,0,0,2002,5.421572,-2.70523647400764
"3",1,1,3,8.0593574051095,27.8682684579847,30.7096848763353,32.792579151439,36.07547832909,39.0799739057746,45.2749101342921,47.6870484489855,52.8473346192925,1,1,1,1,1,1,1,1,0.779661016949153,0.745762711864407,0.728813559322034,0.677966101694915,0.644067796610169,0.593220338983051,0.559322033898305,0.508474576271186,0,0,0,0,0,0,0,0,2003,7.728978,-0.330379405109499
"4",2,2,1,8.86589224477078,28.6672746652583,31.5076111666152,33.5897138108585,36.8713652802933,39.8747189596446,46.0673007226689,48.4785222730541,53.6368472099804,1,1,1,1,1,1,1,1,0.75,0.716666666666667,0.7,0.666666666666667,0.633333333333333,0.566666666666667,0.533333333333333,0.483333333333333,0,0,0,0,0,0,0,0,2004,5.507236,-3.35865624477078
"5",2,2,2,8.07773606766348,27.879118488151,30.7194549895079,32.8015576337512,36.083209103186,39.0865627825373,45.2791445455616,47.6903660959468,52.8486910328731,1,1,1,1,1,1,1,1,0.779661016949153,0.745762711864407,0.728813559322034,0.677966101694915,0.644067796610169,0.593220338983051,0.559322033898305,0.508474576271186,0,0,0,0,0,0,0,0,2005,6.712694,-1.36504206766348
"6",2,2,3,8.50536860507935,28.3067510255669,31.1470875269237,33.2291901711671,36.5108416406019,39.5141953199531,45.7067770829775,48.1179986333626,53.276323570289,1,1,1,1,1,1,1,1,0.775862068965517,0.758620689655172,0.724137931034483,0.689655172413793,0.655172413793103,0.586206896551724,0.568965517241379,0.5,0,0,0,0,0,0,0,0,2006,9.213703,0.70833439492065
"7",3,3,1,9.39544475628304,29.1964567317418,32.0367400959734,34.1188037881599,37.4003938643319,40.4036913568263,46.5961572687914,49.0073337099504,54.1655621447341,1,1,1,1,1,1,1,1,0.75,0.716666666666667,0.7,0.666666666666667,0.633333333333333,0.566666666666667,0.533333333333333,0.483333333333333,0,0,0,0,0,0,0,0,2007,5.083156,-4.31228875628304
"8",3,3,2,7.93052897289219,27.7315409483509,30.5718243125825,32.653888004769,35.9354780809411,38.9387755734355,45.1312414854005,47.5424179265595,52.7006463613433,1,1,1,1,1,1,1,1,0.754098360655738,0.721311475409836,0.704918032786885,0.672131147540984,0.639344262295082,0.573770491803279,0.540983606557377,0.491803278688525,0,0,0,0,0,0,0,0,2008,4.575738,-3.35479097289219
"9",3,3,3,7.7505710552177,27.5515830306764,30.391866394908,32.4739300870945,35.7555201632666,38.758817655761,44.951283567726,47.362460008885,52.5206884436688,1,1,1,1,1,1,1,1,0.766666666666667,0.733333333333333,0.716666666666667,0.683333333333333,0.65,0.583333333333333,0.55,0.5,0,0,0,0,0,0,0,0,2009,5.130716,-2.61985505521769
"10",4,4,1,7.94758201140502,27.7489675779128,30.589304530539,32.6714075055843,35.953059496404,38.9564136529246,45.148996399819,47.5602183332962,52.7185440897711,1,1,1,1,1,1,1,1,0.766666666666667,0.733333333333333,0.716666666666667,0.666666666666667,0.65,0.583333333333333,0.55,0.5,0,0,0,0,0,0,0,0,2010,4.721237,-3.22634501140502
"11",4,4,2,7.80233343518914,27.6037190016969,30.4440559543231,32.5261589293684,35.8078109201881,38.8111650767087,45.0037478236031,47.4149697570803,52.5732955135552,1,1,1,1,1,1,1,1,0.821428571428571,0.785714285714286,0.767857142857143,0.732142857142857,0.696428571428571,0.625,0.589285714285714,0.535714285714286,0,0,0,0,0,0,0,0,2011,12.332169,4.52983556481086
"12",4,4,3,10.5020495053073,30.3034350718151,33.1437720244413,35.2258749994866,38.5075269903063,41.5108811468269,47.7034638937213,50.1146858271985,55.2730115836734,1,1,1,1,1,1,1,1,0.758620689655172,0.724137931034483,0.706896551724138,0.672413793103448,0.637931034482759,0.568965517241379,0.53448275862069,0.482758620689655,0,0,0,0,0,0,0,0,2012,9.251981,-1.25006850530732
"13",5,5,1,9.41775335736674,29.2139004090276,32.0534859421509,34.1350380907245,37.4158219108488,40.4183815211854,46.6093260020832,49.0199100396992,54.1768711459091,1,1,1,1,1,1,1,1,0.737704918032787,0.704918032786885,0.688524590163934,0.655737704918033,0.622950819672131,0.557377049180328,0.524590163934426,0.475409836065574,0,0,0,0,0,0,0,0,2013,4.636268,-4.78148535736674
"14",5,5,2,7.77649175781947,27.5726388094803,30.4122243426037,32.4937764911772,35.7745603113016,38.7771199216381,44.9680644025359,47.3786484401519,52.5356095463618,1,1,1,1,1,1,1,1,0.754098360655738,0.721311475409836,0.704918032786885,0.672131147540984,0.639344262295082,0.573770491803279,0.540983606557377,0.491803278688525,0,0,0,0,0,0,0,0,2014,4.612438,-3.16405375781946
"15",5,5,3,7.76801825352723,27.564165305188,30.4037508383114,32.485302986885,35.7660868070093,38.7686464173459,44.9595908982437,47.3701749358597,52.5271360420696,1,1,1,1,1,1,1,1,0.754098360655738,0.721311475409836,0.704918032786885,0.672131147540984,0.639344262295082,0.573770491803279,0.540983606557377,0.491803278688525,0,0,0,0,0,0,0,0,2015,4.060945,-3.70707325352723
"16",6,6,1,7.51674465040163,27.1122121459143,29.923011937906,31.9834627600354,35.2309882779698,38.2031100294473,44.3312950255159,46.7174422404783,51.8221256654219,1,1,1,1,1,1,1,1,0.754098360655738,0.721311475409836,0.704918032786885,0.672131147540984,0.639344262295082,0.573770491803279,0.557377049180328,0.491803278688525,0,0,0,0,0,0,0,0,2016,4.562468,-2.95427665040163
"17",6,6,2,7.69624468503745,27.2917121805501,30.1025119725419,32.1629627946712,35.4104883126056,38.3826100640832,44.5107950601518,46.8969422751141,52.0016257000577,1,1,1,1,1,1,1,1,0.766666666666667,0.733333333333333,0.716666666666667,0.683333333333333,0.65,0.583333333333333,0.55,0.5,0,0,0,0,0,0,0,0,2017,6.015426,-1.68081868503745
"18",6,6,3,8.21627270234554,27.8117401978582,30.6225399898499,32.6829908119793,35.9305163299137,38.9026380813912,45.0308230774598,47.4169702924222,52.5216537173658,1,1,1,1,1,1,1,1,0.807017543859649,0.771929824561403,0.754385964912281,0.719298245614035,0.684210526315789,0.614035087719298,0.578947368421053,0.526315789473684,0,0,0,0,0,0,0,0,2018,10.029387,1.81311429765446
"19",7,7,1,9.65672704149541,29.2515389763915,32.0622447339008,34.1226266242524,37.3700434971733,40.3420658171895,46.4700457966268,48.8561131837341,53.9606258329913,1,1,1,1,1,1,1,1,0.737704918032787,0.704918032786885,0.688524590163934,0.655737704918033,0.622950819672131,0.557377049180328,0.524590163934426,0.475409836065574,0,0,0,0,0,0,0,0,2019,4.662237,-4.99449004149541
"20",7,7,2,7.73668430087468,27.3314962357708,30.1422019932801,32.2025838836316,35.4500007565525,38.4220230765688,44.5500030560061,46.9360704431134,52.0405830923705,1,1,1,1,1,1,1,1,0.754098360655738,0.721311475409836,0.704918032786885,0.672131147540984,0.639344262295082,0.573770491803279,0.540983606557377,0.491803278688525,0,0,0,0,0,0,0,0,2020,4.521266,-3.21541830087468
"21",7,7,3,7.68625337474293,27.281065309639,30.0917710671483,32.1521529574999,35.3995698304208,38.371592150437,44.4995721298744,46.8856395169817,51.9901521662388,1,1,1,1,1,1,1,1,0.766666666666667,0.733333333333333,0.716666666666667,0.683333333333333,0.65,0.583333333333333,0.55,0.5,0,0,0,0,0,0,0,0,2021,4.74797,-2.93828337474293
"22",8,8,1,7.76139919035971,27.3565884773326,30.1673483627232,32.2277699314033,35.4752493422809,38.4473288967732,44.5754268873443,46.9615402247514,52.0661511754597,1,1,1,1,1,1,1,1,0.766666666666667,0.733333333333333,0.716666666666667,0.683333333333333,0.65,0.583333333333333,0.55,0.5,0,0,0,0,0,0,0,0,2022,4.699761,-3.06163819035971
"23",8,8,2,7.74414386748167,27.3393331544545,30.1500930398452,32.2105146085252,35.4579940194029,38.4300735738952,44.5581715644662,46.9442849018734,52.0488958525817,1,1,1,1,1,1,1,1,0.821428571428571,0.785714285714286,0.767857142857143,0.732142857142857,0.696428571428571,0.625,0.589285714285714,0.535714285714286,0,0,0,0,0,0,0,0,2023,12.27273,4.52858613251833
"24",8,8,3,10.4547171056812,30.0499063926541,32.8606662780447,34.9210878467248,38.1685672576025,41.1406468120948,47.2687448026658,49.654858140073,54.7594690907813,0,0,0,0,0,1,1,1,0,0,0,0,0,0.942857142857143,0.914285714285714,0.8,0,0,0,0,0,0,0,0,2024,44.396653,33.9419358943188
"25",9,9,1,22.0186316528844,41.6486265863565,44.464379039746,46.5284603998018,49.7817080948605,52.7590667588743,58.8980496870313,61.2884013206913,66.4020792562429,1,1,1,1,1,1,1,1,0.902439024390244,0.853658536585366,0.829268292682927,0.780487804878049,0.731707317073171,0.634146341463415,0.585365853658537,0.51219512195122,1,1,1,1,1,0,0,0,2025,35.48475,13.4661183471156
"26",9,9,2,18.819659571491,38.4496545049631,41.2654069583526,43.3294883184084,46.5827360134671,49.5600946774809,55.6990776056379,58.0894292392979,63.2031071748495,1,1,1,1,1,1,1,1,0.639344262295082,0.60655737704918,0.590163934426229,0.557377049180328,0.524590163934426,0.459016393442623,0.426229508196721,0.377049180327869,1,1,1,1,1,0,0,0,2026,4.62965,-14.190009571491
"27",9,9,3,7.7440673586267,27.3740622920988,30.1898147454883,32.2538961055441,35.5071438006028,38.4845024646167,44.6234853927736,47.0138370264336,52.1275149619852,1,1,1,1,1,1,1,1,0.884615384615385,0.846153846153846,0.826923076923077,0.788461538461538,0.75,0.673076923076923,0.634615384615385,0.576923076923077,0,0,0,0,0,0,0,0,2027,17.310475,9.5664076413733
"28",10,10,1,12.286744658447,31.9180207706831,34.7339569980501,36.7981730732302,40.0516330959983,43.0291860814425,49.1685696788094,51.5590773220742,56.6730890088875,1,1,1,1,1,1,1,1,0.704918032786885,0.672131147540984,0.655737704918033,0.622950819672131,0.590163934426229,0.524590163934426,0.508196721311475,0.442622950819672,0,0,0,0,0,0,0,0,2028,4.579967,-7.70677765844701
"29",10,10,2,7.71843067029679,27.3497067825329,30.1656430098999,32.22985908508,35.4833191078481,38.4608720932923,44.6002556906591,46.9907633339239,52.1047750207373,1,1,1,1,1,1,1,1,0.766666666666667,0.733333333333333,0.716666666666667,0.683333333333333,0.65,0.583333333333333,0.55,0.5,0,0,0,0,0,0,0,0,2029,5.374455,-2.34397567029679
"30",10,10,3,8.00353089126342,27.6348070034995,30.4507432308665,32.5149593060466,35.7684193288147,38.7459723142589,44.8853559116258,47.2758635548906,52.3898752417039,1,1,1,1,1,1,1,1,0.807017543859649,0.771929824561403,0.754385964912281,0.719298245614035,0.684210526315789,0.614035087719298,0.578947368421053,0.526315789473684,0,0,0,0,0,0,0,0,2030,9.503034,1.49950310873658
"31",11,11,1,9.48807877313463,29.1203544593528,31.9364340669347,34.000755246677,37.254380927244,40.2320855220119,46.3717817209679,48.7624110827206,53.8766831618281,1,1,1,1,1,1,1,1,0.737704918032787,0.704918032786885,0.688524590163934,0.655737704918033,0.622950819672131,0.557377049180328,0.524590163934426,0.475409836065574,0,0,0,0,0,0,0,0,2031,4.620705,-4.86737377313463
"32",11,11,2,7.73810857127375,27.3703842574919,30.1864638650738,32.2507850448161,35.5044107253831,38.482115320151,44.621811519107,47.0124408808597,52.1267129599673,1,1,1,1,1,1,1,1,0.766666666666667,0.733333333333333,0.716666666666667,0.683333333333333,0.65,0.583333333333333,0.55,0.5,0,0,0,0,0,0,0,0,2032,4.876862,-2.86124657127375
"33",11,11,3,7.8299227683502,27.4621984545683,30.2782780621502,32.3425992418925,35.5962249224596,38.5739295172274,44.7136257161834,47.1042550779361,52.2185271570437,1,1,1,1,1,1,1,1,0.766666666666667,0.733333333333333,0.716666666666667,0.683333333333333,0.65,0.583333333333333,0.55,0.5,0,0,0,0,0,0,0,0,2033,4.755889,-3.0740337683502
"34",12,12,1,7.77658407938281,27.4098963701049,30.2261246696088,32.2905548476489,35.5443523230241,38.5222141436808,44.6622345249595,47.0529901144202,52.1675322323943,1,1,1,1,1,1,1,1,0.754098360655738,0.721311475409836,0.704918032786885,0.672131147540984,0.639344262295082,0.573770491803279,0.540983606557377,0.491803278688525,0,0,0,0,0,0,0,0,2034,4.384153,-3.39243107938281
"35",12,12,2,7.64328022807093,27.276592518793,30.0928208182969,32.157250996337,35.4110484717122,38.3889102923689,44.5289306736476,46.9196862631084,52.0342283810824,1,1,1,1,1,1,1,1,0.836363636363636,0.8,0.781818181818182,0.745454545454545,0.709090909090909,0.636363636363636,0.6,0.545454545454545,0,0,0,0,0,0,0,0,2035,13.532226,5.88894577192907
"36",12,12,3,10.9237625138389,30.557074804561,33.3733031040649,35.437733282105,38.6915307574802,41.6693925781369,47.8094129594156,50.2001685488764,55.3147106668504,1,1,1,1,1,1,1,1,0.758620689655172,0.724137931034483,0.706896551724138,0.672413793103448,0.637931034482759,0.568965517241379,0.53448275862069,0.482758620689655,0,0,0,0,0,0,0,0,2036,9.090743,-1.83301951383894
"37",13,13,1,9.344143483992,28.9745783889991,31.7903939524878,33.854521575268,37.1078421861062,40.085267582336,46.2243881049116,48.6147933140657,53.7285858636423,1,1,1,1,1,1,1,1,0.737704918032787,0.704918032786885,0.688524590163934,0.655737704918033,0.622950819672131,0.557377049180328,0.524590163934426,0.475409836065574,0,0,0,0,0,0,0,0,2037,4.514096,-4.830047483992
"38",13,13,2,7.70071833738824,27.3311532423953,30.1469688058841,32.2110964286642,35.4644170395024,38.4418424357322,44.5809629583079,46.971368167462,52.0851607170386,1,1,1,1,1,1,1,1,0.766666666666667,0.733333333333333,0.716666666666667,0.683333333333333,0.65,0.583333333333333,0.55,0.5,0,0,0,0,0,0,0,0,2038,5.004524,-2.69619433738824
"39",13,13,3,7.87682580379292,27.5072607088,30.3230762722887,32.3872038950689,35.6405245059071,38.6179499021369,44.7570704247126,47.1474756338666,52.2612681834433,1,1,1,1,1,1,1,1,0.754098360655738,0.721311475409836,0.704918032786885,0.672131147540984,0.639344262295082,0.573770491803279,0.540983606557377,0.491803278688525,0,0,0,0,0,0,0,0,2039,4.393195,-3.48363080379292
"40",14,14,1,7.64579749415725,27.269227345856,30.0840380952271,32.1474291411508,35.399588815697,38.3759517278952,44.5128815263868,46.9024337276478,52.0144014379078,1,1,1,1,1,1,1,1,0.779661016949153,0.745762711864407,0.728813559322034,0.694915254237288,0.661016949152542,0.593220338983051,0.559322033898305,0.508474576271186,0,0,0,0,0,0,0,0,2040,6.55735,-1.08844749415725
"41",14,14,2,8.42303446166131,28.0464643133601,30.8612750627311,32.9246661086549,36.1768257832011,39.1531886953992,45.2901184938908,47.6796706951518,52.7916384054118,1,1,1,1,1,1,1,1,0.766666666666667,0.733333333333333,0.7,0.666666666666667,0.633333333333333,0.583333333333333,0.55,0.5,0,0,0,0,0,0,0,0,2041,5.701355,-2.72167946166131
"42",14,14,3,8.11561149149575,27.7390413431945,30.5538520925656,32.6172431384893,35.8694028130355,38.8457657252337,44.9826955237253,47.3722477249863,52.4842154352463,1,1,1,1,1,1,1,1,0.807017543859649,0.771929824561403,0.754385964912281,0.719298245614035,0.684210526315789,0.614035087719298,0.578947368421053,0.526315789473684,0,0,0,0,0,0,0,0,2042,9.757942,1.64233050850425
"43",15,15,1,9.57470494172181,29.188669798072,32.0021228759834,34.064518683725,37.3151097397155,40.2900370587818,46.4240068236586,48.8124064689882,53.9219085169779,1,1,1,1,1,1,1,1,0.75,0.716666666666667,0.7,0.666666666666667,0.633333333333333,0.566666666666667,0.533333333333333,0.483333333333333,0,0,0,0,0,0,0,0,2043,5.161358,-4.41334694172181
"44",15,15,2,7.92517318731749,27.5391380436677,30.3525911215791,32.4149869293207,35.6655779853112,38.6405053043774,44.7744750692543,47.1628747145839,52.2723767625736,1,1,1,1,1,1,1,1,0.766666666666667,0.733333333333333,0.716666666666667,0.683333333333333,0.65,0.583333333333333,0.55,0.5,0,0,0,0,0,0,0,0,2044,5.565416,-2.35975718731749
"45",15,15,3,8.07017358361637,27.6841384399665,30.497591517878,32.5599873256196,35.8105783816101,38.7855057006763,44.9194754655532,47.3078751108828,52.4173771588724,1,1,1,1,1,1,1,1,0.779661016949153,0.745762711864407,0.728813559322034,0.694915254237288,0.661016949152542,0.593220338983051,0.559322033898305,0.508474576271186,0,0,0,0,0,0,0,0,2045,6.734872,-1.33530158361637
"46",16,16,1,8.46718638998385,28.0407245470067,30.8483787656622,32.9065237319333,36.150414935639,39.1192105779571,45.2405375063048,47.6240143777311,52.7229851382162,1,1,1,1,1,1,1,1,0.766666666666667,0.733333333333333,0.7,0.666666666666667,0.633333333333333,0.583333333333333,0.55,0.5,0,0,0,0,0,0,0,0,2046,5.521187,-2.94599938998385
"47",16,16,2,8.03212942163279,27.6056675786557,30.4133217973112,32.4714667635823,35.715357967288,38.684153609606,44.8054805379537,47.18895740938,52.2879281698652,1,1,1,1,1,1,1,1,0.821428571428571,0.785714285714286,0.767857142857143,0.732142857142857,0.696428571428571,0.625,0.589285714285714,0.535714285714286,0,0,0,0,0,0,0,0,2047,12.092456,4.06032657836721
"48",16,16,3,10.3876634929604,29.9612016499833,32.7688558686388,34.8270008349099,38.0708920386156,41.0396876809337,47.1610146092814,49.5444914807077,54.6434622411928,1,1,1,1,1,1,1,1,0.771929824561403,0.754385964912281,0.719298245614035,0.684210526315789,0.649122807017544,0.578947368421053,0.56140350877193,0.508771929824561,0,0,0,0,0,0,0,0,2048,9.701487,-0.686176492960429
"49",17,17,1,9.53804981081763,29.1072554659476,31.9142882247976,33.9719776312771,37.2151508163667,40.1832893310548,46.3032613352037,48.6862106362963,53.7840527658566,1,1,1,1,1,1,1,1,0.75,0.716666666666667,0.7,0.666666666666667,0.633333333333333,0.566666666666667,0.533333333333333,0.483333333333333,0,0,0,0,0,0,0,0,2049,5.831746,-3.70630381081763
"50",17,17,2,8.14804119308728,27.7172468482172,30.5242796070672,32.5819690135468,35.8251421986363,38.7932807133244,44.9132527174733,47.2962020185659,52.3940441481263,1,1,1,1,1,1,1,1,0.754098360655738,0.721311475409836,0.704918032786885,0.672131147540984,0.639344262295082,0.573770491803279,0.540983606557377,0.491803278688525,0,0,0,0,0,0,0,0,2050,4.392572,-3.75546919308727
"51",17,17,3,7.63109076606555,27.2002964211955,30.0073291800455,32.065018586525,35.3081917716146,38.2763302863027,44.3963022904516,46.7792515915442,51.8770937211045,1,1,1,1,1,1,1,1,0.766666666666667,0.733333333333333,0.716666666666667,0.683333333333333,0.65,0.583333333333333,0.566666666666667,0.5,0,0,0,0,0,0,0,0,2051,5.20626,-2.42483076606556
"52",18,18,1,7.9069609342116,27.4588553337814,30.2634049432226,32.319274082298,35.5595783006639,38.5250911490234,44.6396493207843,47.0204906239813,52.1138231148029,1,1,1,1,1,1,1,1,0.766666666666667,0.733333333333333,0.716666666666667,0.683333333333333,0.65,0.583333333333333,0.55,0.5,0,0,0,0,0,0,0,0,2052,5.217144,-2.6898169342116
"53",18,18,2,7.91087107123724,27.4627654708071,30.2673150802482,32.3231842193236,35.5634884376895,38.529001286049,44.6435594578099,47.024400761007,52.1177332518285,1,1,1,1,1,1,1,1,0.779661016949153,0.745762711864407,0.728813559322034,0.694915254237288,0.661016949152542,0.593220338983051,0.559322033898305,0.508474576271186,0,0,0,0,0,0,0,0,2053,6.430979,-1.47989207123724
"54",18,18,3,8.34694798932914,27.898842388899,30.7033919983401,32.7592611374155,35.9995653557814,38.9650782041409,45.0796363759018,47.4604776790989,52.5538101699204,1,1,1,1,1,1,1,1,0.807017543859649,0.771929824561403,0.754385964912281,0.701754385964912,0.684210526315789,0.614035087719298,0.578947368421053,0.526315789473684,0,0,0,0,0,0,0,0,2054,9.725579,1.37863101067085
"55",19,19,1,9.51453214597998,29.0140388481531,31.8110738969449,33.8614345032846,37.0930565922673,40.050623592181,46.1487983068369,48.5232603410387,53.6029456652063,1,1,1,1,1,1,1,1,0.75,0.716666666666667,0.7,0.666666666666667,0.633333333333333,0.566666666666667,0.533333333333333,0.483333333333333,0,0,0,0,0,0,0,0,2055,5.100117,-4.41441514597998
"56",19,19,2,7.85258021214208,27.3520869143152,30.149121963107,32.1994825694467,35.4311046584294,38.3886716583431,44.486846372999,46.8613084072008,51.9409937313684,1,1,1,1,1,1,1,1,0.779661016949153,0.745762711864407,0.728813559322034,0.694915254237288,0.661016949152542,0.593220338983051,0.576271186440678,0.508474576271186,0,0,0,0,0,0,0,0,2056,7.584504,-0.268076212142077
"57",19,19,3,8.7452330496428,28.2447397518159,31.0417748006077,33.0921354069474,36.3237574959301,39.2813244958438,45.3794992104997,47.7539612447015,52.8336465688692,1,1,1,1,1,1,1,1,0.75,0.733333333333333,0.7,0.666666666666667,0.633333333333333,0.566666666666667,0.55,0.5,0,0,0,0,0,0,0,0,2057,5.339352,-3.4058810496428
"58",20,20,1,7.93673544621766,27.436726738988,30.2338312980965,32.2842428588263,35.5159452582343,38.473585757913,44.571912020922,46.9464330638974,52.0262446255018,1,1,1,1,1,1,1,1,0.793103448275862,0.758620689655172,0.741379310344828,0.706896551724138,0.672413793103448,0.603448275862069,0.568965517241379,0.517241379310345,0,0,0,0,0,0,0,0,2058,8.048283,0.111547553782335
"59",20,20,2,8.91002408353047,28.4100153763008,31.2071199354093,33.2575314961391,36.4892338955471,39.4468743952258,45.5452006582348,47.9197217012102,52.9995332628146,1,1,1,1,1,1,1,1,0.803571428571429,0.785714285714286,0.75,0.714285714285714,0.678571428571429,0.607142857142857,0.589285714285714,0.535714285714286,0,0,0,0,0,0,0,0,2059,12.001752,3.09172791646952
"60",20,20,3,10.3304613171361,29.8304526099064,32.6275571690149,34.6779687297447,37.9096711291527,40.8673116288314,46.9656378918404,49.3401589348158,54.4199704964202,1,1,1,1,1,1,1,1,0.771929824561403,0.754385964912281,0.719298245614035,0.684210526315789,0.649122807017544,0.578947368421053,0.56140350877193,0.508771929824561,0,0,0,0,0,0,0,0,2060,10.660294,0.329832682863927
"61",21,21,1,9.85953622824392,29.3541342771117,32.1504652221769,34.2003096867741,37.4311182724876,40.3879407576169,46.4845803654659,48.8584446711667,53.9368512750806,1,1,1,1,1,1,1,1,0.75,0.716666666666667,0.7,0.666666666666667,0.633333333333333,0.566666666666667,0.533333333333333,0.483333333333333,0,0,0,0,0,0,0,0,2061,5.498272,-4.36126422824392
"62",21,21,2,8.00166352270547,27.4962615715733,30.2925925166385,32.3424369812357,35.5732455669492,38.5300680520785,44.6267076599274,47.0005719656282,52.0789785695422,1,1,1,1,1,1,1,1,0.766666666666667,0.733333333333333,0.716666666666667,0.683333333333333,0.65,0.583333333333333,0.55,0.5,0,0,0,0,0,0,0,0,2062,5.695265,-2.30639852270547
"63",21,21,3,8.07256363081856,27.5671616796864,30.3634926247516,32.4133370893487,35.6441456750623,38.6009681601915,44.6976077680405,47.0714720737413,52.1498786776553,1,1,1,1,1,1,1,1,0.766666666666667,0.733333333333333,0.716666666666667,0.683333333333333,0.65,0.583333333333333,0.55,0.5,0,0,0,0,0,0,0,0,2063,5.670497,-2.40206663081856
"64",22,22,1,8.05023361188957,27.5322818475249,30.3268126307704,32.3753374905663,35.6040662157851,38.5589852213014,44.6517000655706,47.0240361759426,52.0991735124298,1,1,1,1,1,1,1,1,0.766666666666667,0.733333333333333,0.716666666666667,0.683333333333333,0.65,0.583333333333333,0.55,0.5,0,0,0,0,0,0,0,0,2064,5.449192,-2.60104161188957
"65",22,22,2,7.97057863850396,27.4526268741393,30.2471576573848,32.2956825171806,35.5244112423995,38.4793302479158,44.572045092185,46.9443812025569,52.0195185390442,1,1,1,1,1,1,1,1,0.766666666666667,0.733333333333333,0.716666666666667,0.683333333333333,0.65,0.583333333333333,0.55,0.5,0,0,0,0,0,0,0,0,2065,6.113883,-1.85669563850396
"66",22,22,3,8.20982286667166,27.691871102307,30.4864018855525,32.5349267453483,35.7636554705672,38.7185744760835,44.8112893203527,47.1836254307247,52.2587627672119,1,1,1,1,1,1,1,1,0.807017543859649,0.771929824561403,0.754385964912281,0.719298245614035,0.684210526315789,0.614035087719298,0.578947368421053,0.526315789473684,0,0,0,0,0,0,0,0,2066,10.354516,2.14469313332834
"67",23,23,1,9.74264753060895,29.2239910249336,32.0184207191528,34.0668714758524,37.2954834054199,40.2502955200452,46.3427899671676,48.7150402609335,53.7899940100024,1,1,1,1,1,1,1,1,0.75,0.716666666666667,0.7,0.666666666666667,0.633333333333333,0.566666666666667,0.533333333333333,0.483333333333333,0,0,0,0,0,0,0,0,2067,5.582141,-4.16050653060895
"68",23,23,2,8.02481603859387,27.5061595329185,30.3005892271377,32.3490399838373,35.5776519134048,38.5324640280302,44.6249584751526,46.9972087689184,52.0721625179874,1,1,1,1,1,1,1,1,0.766666666666667,0.733333333333333,0.716666666666667,0.683333333333333,0.65,0.583333333333333,0.55,0.5,0,0,0,0,0,0,0,0,2068,4.796882,-3.22793403859387
"69",23,23,3,7.74215957517927,27.2235030695039,30.0179327637231,32.0663835204227,35.2949954499902,38.2498075646156,44.342302011738,46.7145523055038,51.7895060545728,1,1,1,1,1,1,1,1,0.766666666666667,0.733333333333333,0.716666666666667,0.683333333333333,0.65,0.583333333333333,0.566666666666667,0.5,0,0,0,0,0,0,0,0,2069,5.500023,-2.24213657517927
"70",24,24,1,7.98911230542517,27.4707141508693,30.265180903315,32.3136588254689,35.5423135711547,38.4971648709121,44.5897401134253,46.962021866701,52.0370429170823,1,1,1,1,1,1,1,1,0.766666666666667,0.733333333333333,0.716666666666667,0.683333333333333,0.65,0.583333333333333,0.55,0.5,0,0,0,0,0,0,0,0,2070,5.413655,-2.57545730542517
"71",24,24,2,7.95805498276478,27.4396568282089,30.2341235806546,32.2826015028085,35.5112562484943,38.4661075482517,44.5586827907649,46.9309645440406,52.0059855944219,1,1,1,1,1,1,1,1,0.821428571428571,0.785714285714286,0.767857142857143,0.732142857142857,0.696428571428571,0.625,0.589285714285714,0.535714285714286,0,0,0,0,0,0,0,0,2071,12.466277,4.50822201723522
"72",24,24,3,10.4941280312987,29.9757298767428,32.7701966291885,34.8186745513424,38.0473292970281,41.0021805967855,47.0947558392988,49.4670375925745,54.5420586429558,1,1,1,1,1,1,1,1,0.758620689655172,0.741379310344828,0.706896551724138,0.672413793103448,0.637931034482759,0.568965517241379,0.551724137931034,0.5,0,0,0,0,0,0,0,0,2072,8.467539,-2.02658903129866
"73",25,25,1,9.06440423159167,28.5435763547718,31.3376945846403,33.3859170230586,36.6141690947558,39.5686518689655,45.6604672527243,48.0324531378349,53.1068412376132,1,1,1,1,1,1,1,1,0.75,0.716666666666667,0.7,0.666666666666667,0.633333333333333,0.566666666666667,0.55,0.5,0,0,0,0,0,0,0,0,2073,5.323588,-3.74081623159167
"74",25,25,2,7.9336300528021,27.4128021759822,30.2069204058507,32.255142844269,35.4833949159662,38.4378776901759,44.5296930739348,46.9016789590453,51.9760670588236,0,1,1,1,1,1,1,1,0,0.977777777777778,0.955555555555556,0.911111111111111,0.866666666666667,0.777777777777778,0.733333333333333,0.666666666666667,0,0,0,0,0,0,0,0,2074,28.333562,20.3999319471979
"75",25,25,3,16.2095492556838,35.688721378864,38.4828396087324,40.5310620471507,43.759314118848,46.7137968930577,52.8056122768165,55.1775981619271,60.2519862617053,1,1,1,1,1,1,1,1,0.683333333333333,0.65,0.633333333333333,0.583333333333333,0.566666666666667,0.5,0.466666666666667,0.416666666666667,1,0,0,0,0,0,0,0,2075,4.932746,-11.2768032556838
"76",26,26,1,7.79532762327827,27.2892524101388,30.0854867816106,32.1352604531402,35.365957460217,38.3226778290453,44.4191068844218,46.7928892067627,51.8711204237199,1,1,1,1,1,1,1,1,0.754098360655738,0.721311475409836,0.704918032786885,0.672131147540984,0.639344262295082,0.573770491803279,0.557377049180328,0.491803278688525,1,0,0,0,0,0,0,0,2076,4.614808,-3.18051962327827
"77",26,26,2,7.68119038416819,27.1751151710287,29.9713495425005,32.0211232140301,35.2518202211069,38.2085405899352,44.3049696453117,46.6787519676526,51.7569831846099,1,1,1,1,1,1,1,1,0.766666666666667,0.733333333333333,0.716666666666667,0.683333333333333,0.65,0.583333333333333,0.566666666666667,0.5,0,0,0,0,0,0,0,0,2077,5.566206,-2.11498438416819
"78",26,26,3,8.02273477651781,27.5166595633784,30.3128939348502,32.3626676063797,35.5933646134565,38.5500849822848,44.6465140376613,47.0202963600022,52.0985275769595,1,1,1,1,1,1,1,1,0.821428571428571,0.785714285714286,0.767857142857143,0.732142857142857,0.696428571428571,0.625,0.589285714285714,0.535714285714286,0,0,0,0,0,0,0,0,2078,10.951147,2.92841222348219
"79",27,27,1,9.95728513126222,29.4508223053868,32.2470010771747,34.296733991474,37.5273667601114,40.4840283381891,46.5803361735664,48.9540712961632,54.032201538734,1,1,1,1,1,1,1,1,0.737704918032787,0.704918032786885,0.688524590163934,0.639344262295082,0.622950819672131,0.557377049180328,0.524590163934426,0.475409836065574,0,0,0,0,0,0,0,0,2079,4.526034,-5.43125113126222
"80",27,27,2,7.65208576441544,27.14562293854,29.9418017103279,31.9915346246272,35.2221673932646,38.1788289713423,44.2751368067196,46.6488719293164,51.7270021718872,1,1,1,1,1,1,1,1,0.766666666666667,0.733333333333333,0.716666666666667,0.683333333333333,0.65,0.583333333333333,0.566666666666667,0.5,0,0,0,0,0,0,0,0,2080,5.800761,-1.85132476441544
"81",27,27,3,8.10943178670369,27.6029689608282,30.3991477326162,32.4488806469155,35.6795134155529,38.6361749936305,44.7324828290079,47.1062179516047,52.1843481941755,1,1,1,1,1,1,1,1,0.766666666666667,0.733333333333333,0.716666666666667,0.683333333333333,0.65,0.583333333333333,0.55,0.5,0,0,0,0,0,0,0,0,2081,4.729744,-3.37968778670369
"82",28,28,1,7.72197867623973,27.2159821559473,30.0122278152252,32.0620097612571,35.2927198099737,38.2494521144562,44.345905779826,46.7196976846235,51.797949401325,1,1,1,1,1,1,1,1,0.766666666666667,0.733333333333333,0.716666666666667,0.683333333333333,0.65,0.583333333333333,0.566666666666667,0.5,0,0,0,0,0,0,0,0,2082,5.044619,-2.67735967623973
"83",28,28,2,7.83495531952174,27.3289587992293,30.1252044585073,32.1749864045391,35.4056964532557,38.3624287577382,44.458882423108,46.8326743279055,51.910926044607,1,1,1,1,1,1,1,1,0.836363636363636,0.8,0.781818181818182,0.745454545454545,0.709090909090909,0.636363636363636,0.618181818181818,0.545454545454545,0,0,0,0,0,0,0,0,2083,12.734605,4.89964968047826
"84",28,28,3,10.5941099210799,30.0881134007875,32.8843590600655,34.9341410060973,38.1648510548139,41.1215833592964,47.2180370246662,49.5918289294637,54.6700806461652,1,1,1,1,1,1,1,1,0.785714285714286,0.75,0.732142857142857,0.696428571428571,0.660714285714286,0.589285714285714,0.571428571428571,0.517857142857143,0,0,0,0,0,0,0,0,2084,10.977052,0.38294207892006
"85",29,29,1,9.97696787669094,29.4664381704737,32.262033583563,34.3113388680062,37.5412976390628,40.4973423773775,46.592378357664,48.9656182547602,54.0426890616897,1,1,1,1,1,1,1,1,0.75,0.716666666666667,0.7,0.65,0.633333333333333,0.566666666666667,0.533333333333333,0.483333333333333,0,0,0,0,0,0,0,0,2085,5.594319,-4.38264887669093
"86",29,29,2,8.042155641397,27.5316259351798,30.327221348269,32.3765266327123,35.6064854037688,38.5625301420836,44.6575661223701,47.0308060194662,52.1078768263958,1,1,1,1,1,1,1,1,0.754098360655738,0.721311475409836,0.704918032786885,0.672131147540984,0.639344262295082,0.573770491803279,0.540983606557377,0.491803278688525,0,0,0,0,0,0,0,0,2086,4.457027,-3.585128641397
"87",29,29,3,7.63335838604328,27.1228286798261,29.9184240929153,31.9677293773586,35.1976881484151,38.1537328867298,44.2487688670163,46.6220087641125,51.699079571042,1,1,1,1,1,1,1,1,0.754098360655738,0.721311475409836,0.704918032786885,0.672131147540984,0.639344262295082,0.573770491803279,0.557377049180328,0.491803278688525,0,0,0,0,0,0,0,0,2087,4.64408,-2.98927838604328
"88",30,30,1,7.68056857788874,27.1565737557591,29.9502377148009,31.9981271509539,35.2258543698651,38.1798568010035,44.2706817706916,46.6422820157182,51.7158451158768,1,1,1,1,1,1,1,1,0.766666666666667,0.733333333333333,0.716666666666667,0.683333333333333,0.65,0.583333333333333,0.566666666666667,0.5,0,0,0,0,0,0,0,0,2088,5.452576,-2.22799257788874
"89",30,30,2,7.97131306502694,27.4473182428973,30.2409822019391,32.288871638092,35.5165988570033,38.4706012881417,44.5614262578298,46.9330265028564,52.006589603015,1,1,1,1,1,1,1,1,0.779661016949153,0.745762711864407,0.728813559322034,0.694915254237288,0.661016949152542,0.593220338983051,0.559322033898305,0.508474576271186,0,0,0,0,0,0,0,0,2089,6.734447,-1.23686606502694
"90",30,30,3,8.43228866227457,27.9082938401449,30.7019577991868,32.7498472353397,35.9775744542509,38.9315768853893,45.0224018550774,47.394002100104,52.4675652002626,1,1,1,1,1,1,1,1,0.807017543859649,0.771929824561403,0.754385964912281,0.701754385964912,0.684210526315789,0.614035087719298,0.578947368421053,0.526315789473684,0,0,0,0,0,0,0,0,2090,9.609855,1.17756633772543
"91",31,31,1,9.47614103461417,28.9514682654327,31.7450349788522,33.792853129308,37.0204679931376,39.9743675973759,46.0649805494149,48.436498240582,53.5098847333145,1,1,1,1,1,1,1,1,0.737704918032787,0.704918032786885,0.688524590163934,0.655737704918033,0.622950819672131,0.557377049180328,0.540983606557377,0.475409836065574,0,0,0,0,0,0,0,0,2091,4.501852,-4.97428903461417
"92",31,31,2,7.63910206048,27.1144292912985,29.907996004718,31.9558141551738,35.1834290190034,38.1373286232417,44.2279415752807,46.5994592664478,51.6728457591803,1,1,1,1,1,1,1,1,0.754098360655738,0.721311475409836,0.704918032786885,0.672131147540984,0.639344262295082,0.573770491803279,0.557377049180328,0.491803278688525,0,0,0,0,0,0,0,0,2092,4.58715,-3.05195206048
"93",31,31,3,7.66977857934964,27.1451058101682,29.9386725235876,31.9864906740435,35.2141055378731,38.1680051421113,44.2586180941503,46.6301357853175,51.7035222780499,1,1,1,1,1,1,1,1,0.766666666666667,0.733333333333333,0.716666666666667,0.683333333333333,0.65,0.583333333333333,0.566666666666667,0.5,0,0,0,0,0,0,0,0,2093,5.273623,-2.39615557934964
"94",32,32,1,7.90694324652754,27.3829360758438,30.1765982635927,32.2244864013031,35.4522115737082,38.4062121318928,44.497033239758,46.8686319810967,51.9421918644165,1,1,1,1,1,1,1,1,0.754098360655738,0.721311475409836,0.704918032786885,0.672131147540984,0.639344262295082,0.573770491803279,0.557377049180328,0.491803278688525,0,0,0,0,0,0,0,0,2094,4.625936,-3.28100724652754
"95",32,32,2,7.67402869140001,27.1500215207163,29.9436837084652,31.9915718461756,35.2192970185807,38.1732975767653,44.2641186846305,46.6357174259692,51.709277309289,1,1,1,1,1,1,1,1,0.836363636363636,0.8,0.781818181818182,0.745454545454545,0.709090909090909,0.636363636363636,0.618181818181818,0.545454545454545,0,0,0,0,0,0,0,0,2095,14.012522,6.33849330859999
"96",32,32,3,11.0495364634508,30.5255292927671,33.319191480516,35.3670796182264,38.5948047906315,41.548805348816,47.6396264566813,50.0112251980199,55.0847850813398,1,1,1,1,1,1,1,1,0.771929824561403,0.736842105263158,0.719298245614035,0.684210526315789,0.649122807017544,0.578947368421053,0.543859649122807,0.491228070175439,0,0,0,0,0,0,0,0,2096,9.678682,-1.37085446345078
"97",33,33,1,9.50741388747179,28.9801891633221,31.7733898209435,33.8209396349734,37.0481315673836,40.0016441065585,46.0914589734203,48.4626659121014,53.5353876122113,1,1,1,1,1,1,1,1,0.75,0.716666666666667,0.7,0.666666666666667,0.633333333333333,0.566666666666667,0.533333333333333,0.483333333333333,0,0,0,0,0,0,0,0,2097,4.797484,-4.70992988747179
"98",33,33,2,7.75003293261071,27.2228082084611,30.0160088660824,32.0635586801123,35.2907506125226,38.2442631516974,44.3340780185593,46.7052849572403,51.7780066573502,1,1,1,1,1,1,1,1,0.766666666666667,0.733333333333333,0.716666666666667,0.683333333333333,0.65,0.583333333333333,0.566666666666667,0.5,0,0,0,0,0,0,0,0,2098,6.207877,-1.54215593261072
"99",33,33,3,8.25781766026761,27.730592936118,30.5237935937393,32.5713434077692,35.7985353401795,38.7520478793543,44.8418627462162,47.2130696848972,52.2857913850071,1,1,1,1,1,1,1,1,0.766666666666667,0.733333333333333,0.716666666666667,0.683333333333333,0.65,0.583333333333333,0.55,0.5,0,0,0,0,0,0,0,0,2099,5.202539,-3.05527866026761
"100",34,34,1,7.87824594650069,27.3385532391024,30.1299654727052,32.176204286304,35.4013299197721,38.3529513908099,44.4388670851772,46.8085557929964,51.8780295426582,1,1,1,1,1,1,1,1,0.754098360655738,0.721311475409836,0.704918032786885,0.672131147540984,0.639344262295082,0.573770491803279,0.557377049180328,0.491803278688525,0,0,0,0,0,0,0,0,2100,4.14744,-3.73080594650069
"101",34,34,2,7.4980974569663,26.958404749568,29.7498169831708,31.7960557967696,35.0211814302377,37.9728029012755,44.0587185956428,46.428407303462,51.4978810531238,1,1,1,1,1,1,1,1,0.766666666666667,0.733333333333333,0.716666666666667,0.683333333333333,0.65,0.583333333333333,0.566666666666667,0.516666666666667,0,0,0,0,0,0,0,0,2101,5.796529,-1.7015684569663
"102",34,34,3,8.09225847167467,27.5525657642763,30.3439779978792,32.3902168114779,35.6153424449461,38.5669639159839,44.6528796103512,47.0225683181704,52.0920420678322,1,1,1,1,1,1,1,1,0.793103448275862,0.758620689655172,0.741379310344828,0.706896551724138,0.672413793103448,0.603448275862069,0.568965517241379,0.517241379310345,0,0,0,0,0,0,0,0,2102,9.280384,1.18812552832533
"103",35,35,1,9.35052942082295,28.8103976057975,31.6017468532212,33.647939494935,36.8729923557977,39.8245472256518,45.9103255957745,48.279960833298,53.3493201939856,1,1,1,1,1,1,1,1,0.737704918032787,0.704918032786885,0.688524590163934,0.655737704918033,0.622950819672131,0.557377049180328,0.540983606557377,0.475409836065574,0,0,0,0,0,0,0,0,2103,4.368072,-4.98245742082295
"104",35,35,2,7.58165638463239,27.041524569607,29.8328738170306,31.8790664587444,35.1041193196071,38.0556741894612,44.141452559584,46.5110877971074,51.580447157795,1,1,1,1,1,1,1,1,0.766666666666667,0.733333333333333,0.716666666666667,0.683333333333333,0.65,0.583333333333333,0.566666666666667,0.5,0,0,0,0,0,0,0,0,2104,6.161847,-1.41980938463239
"105",35,35,3,8.22757631612141,27.687444501096,30.4787937485197,32.5249863902334,35.7500392510961,38.7015941209503,44.787372491073,47.1570077285964,52.2263670892841,1,1,1,1,1,1,1,1,0.766666666666667,0.733333333333333,0.716666666666667,0.683333333333333,0.65,0.583333333333333,0.55,0.5,0,0,0,0,0,0,0,0,2105,6.032888,-2.19468831612141
"106",36,36,1,8.17926334832825,27.6392213845973,30.4305835204096,32.4767856099293,35.7018533617034,38.6534218596574,44.7392283294085,47.1088745081568,52.1782572754007,1,1,1,1,1,1,1,1,0.766666666666667,0.733333333333333,0.716666666666667,0.683333333333333,0.65,0.583333333333333,0.55,0.5,0,0,0,0,0,0,0,0,2106,4.825663,-3.35360034832825
"107",36,36,2,7.74465107186488,27.2046091081339,29.9959712439462,32.0421733334659,35.2672410852401,38.218809583194,44.3046160529451,46.6742622316934,51.7436449989374,1,1,1,1,1,1,1,1,0.836363636363636,0.8,0.781818181818182,0.745454545454545,0.709090909090909,0.636363636363636,0.618181818181818,0.545454545454545,0,0,0,0,0,0,0,0,2107,13.123724,5.37907292813512
"108",36,36,3,10.7320305425037,30.1919885787728,32.983350714585,35.0295528041047,38.2546205558789,41.2061890538328,47.2919955235839,49.6616417023322,54.7310244695762,1,1,1,1,1,1,1,1,0.771929824561403,0.736842105263158,0.719298245614035,0.684210526315789,0.649122807017544,0.578947368421053,0.56140350877193,0.491228070175439,0,0,0,0,0,0,0,0,2108,10.505494,-0.226536542503691
"109",37,37,1,9.79524461613888,29.2539708021214,32.0451562396982,34.0912288009514,37.3160924001459,40.267474058514,46.3528952857877,48.7223914616779,53.7914533278899,1,1,1,1,1,1,1,1,0.737704918032787,0.704918032786885,0.688524590163934,0.655737704918033,0.622950819672131,0.557377049180328,0.524590163934426,0.475409836065574,0,0,0,0,0,0,0,0,2109,4.144692,-5.65055261613888
"110",37,37,2,7.50623790432288,26.9649640903054,29.7561495278822,31.8022220891354,35.0270856883299,37.978467346698,44.0638885739717,46.4333847498619,51.5024466160739,1,1,1,1,1,1,1,1,0.754098360655738,0.721311475409836,0.704918032786885,0.672131147540984,0.639344262295082,0.573770491803279,0.557377049180328,0.508196721311475,0,0,0,0,0,0,0,0,2110,4.630136,-2.87610190432288
"111",37,37,3,7.68093043117889,27.1396566171614,29.9308420547382,31.9769146159914,35.2017782151859,38.153159873554,44.2385811008277,46.6080772767179,51.67713914293,1,1,1,1,1,1,1,1,0.754098360655738,0.721311475409836,0.704918032786885,0.672131147540984,0.639344262295082,0.573770491803279,0.557377049180328,0.491803278688525,0,0,0,0,0,0,0,0,2111,4.628743,-3.05218743117889
"112",38,38,1,7.6729589401538,27.1314195184219,29.9225668568767,31.9686114896493,35.1934310701017,38.1447724427014,44.2301106051944,46.5995744379365,51.6685671124695,1,1,1,1,1,1,1,1,0.754098360655738,0.721311475409836,0.704918032786885,0.672131147540984,0.639344262295082,0.573770491803279,0.557377049180328,0.491803278688525,0,0,0,0,0,0,0,0,2112,4.373716,-3.29924294015381
"113",38,38,2,7.58112156995361,27.0395821482218,29.8307294866765,31.8767741194491,35.1015936999015,38.0529350725012,44.1382732349942,46.5077370677363,51.5767297422693,1,1,1,1,1,1,1,1,0.779661016949153,0.745762711864407,0.728813559322034,0.694915254237288,0.661016949152542,0.593220338983051,0.576271186440678,0.508474576271186,0,0,0,0,0,0,0,0,2113,6.967142,-0.613979569953609
"114",38,38,3,8.51503611095834,27.9734966892265,30.7646440276812,32.8106886604538,36.0355082409062,38.9868496135059,45.0721877759989,47.441651608741,52.510644283274,1,1,1,1,1,1,1,1,0.807017543859649,0.771929824561403,0.754385964912281,0.701754385964912,0.684210526315789,0.614035087719298,0.578947368421053,0.526315789473684,0,0,0,0,0,0,0,0,2114,9.965756,1.45071988904166
"115",39,39,1,9.59549102690356,29.0533446952175,31.8444049777052,33.8903857942859,37.1151047925213,40.0663541126973,46.1515024733152,48.520892402411,53.5897269749144,1,1,1,1,1,1,1,1,0.737704918032787,0.704918032786885,0.688524590163934,0.655737704918033,0.622950819672131,0.557377049180328,0.524590163934426,0.475409836065574,0,0,0,0,0,0,0,0,2115,4.582238,-5.01325302690356
"116",39,39,2,7.65705960981638,27.1149132781303,29.905973560618,31.9519543771987,35.1766733754341,38.1279226956101,44.213071056228,46.5824609853238,51.6512955578272,1,1,1,1,1,1,1,1,0.766666666666667,0.733333333333333,0.716666666666667,0.683333333333333,0.65,0.583333333333333,0.566666666666667,0.5,0,0,0,0,0,0,0,0,2116,5.992848,-1.66421160981638
"117",39,39,3,8.16497483202932,27.6228285003433,30.4138887828309,32.4598695994117,35.684588597647,38.635837917823,44.7209862784409,47.0903762075368,52.1592107800401,1,1,1,1,1,1,1,1,0.766666666666667,0.733333333333333,0.716666666666667,0.683333333333333,0.65,0.583333333333333,0.55,0.5,0,0,0,0,0,0,0,0,2117,5.048893,-3.11608183202932
"118",40,40,1,7.82381942386752,27.2817765912981,30.0728517198361,32.1188434192824,35.343579570261,38.2948445885558,44.3800253169513,46.7494278491723,51.8182893835343,1,1,1,1,1,1,1,1,0.766666666666667,0.733333333333333,0.716666666666667,0.683333333333333,0.65,0.583333333333333,0.566666666666667,0.5,0,0,0,0,0,0,0,0,2118,5.655406,-2.16841342386752
"119",40,40,2,8.04232794742816,27.5002851148587,30.2913602433967,32.3373519428431,35.5620880938216,38.5133531121164,44.5985338405119,46.9679363727329,52.0367979070949,1,1,1,1,1,1,1,1,0.836363636363636,0.8,0.781818181818182,0.745454545454545,0.709090909090909,0.636363636363636,0.6,0.545454545454545,0,0,0,0,0,0,0,0,2119,13.017645,4.97531705257184
"120",40,40,3,10.6947228243567,30.1526799917873,32.9437551203252,34.9897468197716,38.2144829707502,41.165747989045,47.2509287174404,49.6203312496614,54.6891927840234,0,0,0,0,0,1,1,1,0,0,0,0,0,0.970588235294118,0.941176470588235,0.823529411764706,0,0,0,0,0,0,0,0,2120,45.38094,34.6862171756433
"121",41,41,1,22.418753755926,41.9136189899156,44.7099882603682,46.7598608193094,49.9907136851863,52.9475766953355,59.0442998612754,61.4181967022058,66.4966729087186,1,1,1,1,1,1,1,1,0.711538461538462,0.673076923076923,0.653846153846154,0.615384615384615,0.576923076923077,0.5,0.461538461538462,0.403846153846154,1,1,1,1,1,0,0,0,2121,18.38169,-4.03706375592598
"122",41,41,2,12.6648790536046,32.1597442875942,34.9561135580469,37.0059861169881,40.2368389828649,43.1937019930142,49.2904251589541,51.6643219998845,56.7427982063973,1,1,1,1,1,1,1,1,0.716666666666667,0.683333333333333,0.666666666666667,0.633333333333333,0.6,0.533333333333333,0.5,0.45,1,1,1,1,1,0,0,0,2122,5.166875,-7.49800405360464
"123",41,41,3,7.89083348847389,27.3856987224635,30.1820679929162,32.2319405518573,35.4627934177342,38.4196564278834,44.5163795938233,46.8902764347537,51.9687526412665,1,1,1,1,1,1,1,1,0.766666666666667,0.733333333333333,0.716666666666667,0.683333333333333,0.65,0.583333333333333,0.55,0.5,0,0,0,0,0,0,0,0,2123,4.892883,-2.99795048847389
"124",42,42,1,7.7774733448307,27.2600347161569,30.0546391042651,32.1032179199492,35.3320316863262,38.2870285211542,44.3799038408213,46.7523024359132,51.8275734459276,1,1,1,1,1,1,1,1,0.779661016949153,0.745762711864407,0.728813559322034,0.694915254237288,0.661016949152542,0.593220338983051,0.576271186440678,0.508474576271186,0,0,0,0,0,0,0,0,2124,6.291925,-1.4855483448307
"125",42,42,2,8.28224638868545,27.7648077600116,30.5594121481198,32.6079909638039,35.836804730181,38.791801565009,44.884676884676,47.2570754797679,52.3323464897823,1,1,1,1,1,1,1,1,0.766666666666667,0.733333333333333,0.716666666666667,0.683333333333333,0.65,0.583333333333333,0.55,0.5,0,0,0,0,0,0,0,0,2125,5.370272,-2.91197438868545
"126",42,42,3,7.94971484911204,27.4322762204382,30.2268806085464,32.2754594242305,35.5042731906076,38.4592700254356,44.5521453451026,46.9245439401945,51.9998149502089,1,1,1,1,1,1,1,1,0.821428571428571,0.785714285714286,0.767857142857143,0.732142857142857,0.696428571428571,0.625,0.589285714285714,0.535714285714286,0,0,0,0,0,0,0,0,2126,11.181131,3.23141615088796
"127",43,43,1,10.0458792945318,29.5281887447157,32.3227569969218,34.3713093232597,37.6000813391483,40.5550399641043,46.6478364992583,49.020204417821,54.0954098015532,1,1,1,1,1,1,1,1,0.76271186440678,0.728813559322034,0.711864406779661,0.661016949152542,0.644067796610169,0.576271186440678,0.542372881355932,0.491525423728814,0,0,0,0,0,0,0,0,2127,7.385935,-2.65994429453175
"128",43,43,2,8.67853853282073,28.1608479830047,30.9554162352108,33.0039685615487,36.2327405774373,39.1876992023932,45.2804957375473,47.6528636561099,52.7280690398422,1,1,1,1,1,1,1,1,0.75,0.733333333333333,0.7,0.666666666666667,0.633333333333333,0.583333333333333,0.55,0.5,0,0,0,0,0,0,0,0,2128,4.768567,-3.90997153282073
"129",43,43,3,7.73554798508668,27.2178574352706,30.0124256874768,32.0609780138146,35.2897500297033,38.2447086546592,44.3375051898132,46.7098731083759,51.7850784921081,1,1,1,1,1,1,1,1,0.754098360655738,0.721311475409836,0.704918032786885,0.672131147540984,0.639344262295082,0.573770491803279,0.557377049180328,0.491803278688525,0,0,0,0,0,0,0,0,2129,4.576586,-3.15896198508668
"130",44,44,1,7.66364749228214,27.1458575380083,29.9404115315074,31.9889534055304,35.2177089472771,38.1726524951673,44.2654179430861,46.6377737571317,51.7129532456773,1,1,1,1,1,1,1,1,0.766666666666667,0.733333333333333,0.716666666666667,0.683333333333333,0.65,0.583333333333333,0.566666666666667,0.5,0,0,0,0,0,0,0,0,2130,5.51892,-2.14472749228214
"131",44,44,2,8.00366989643288,27.485879942159,30.2804339356582,32.3289758096811,35.5577313514278,38.512674899318,44.6054403472368,46.9777961612825,52.0529756498281,1,1,1,1,1,1,1,1,0.836363636363636,0.8,0.781818181818182,0.745454545454545,0.709090909090909,0.636363636363636,0.6,0.545454545454545,0,0,0,0,0,0,0,0,2131,13.834732,5.83106210356712
"132",44,44,3,11.0042645780485,30.4864746237746,33.2810286172737,35.3295704912967,38.5583260330434,41.5132695809336,47.6060350288524,49.978390842898,55.0535703314436,1,1,1,1,1,1,1,1,0.771929824561403,0.736842105263158,0.719298245614035,0.684210526315789,0.649122807017544,0.578947368421053,0.56140350877193,0.491228070175439,0,0,0,0,0,0,0,0,2132,9.848588,-1.15567657804846
"133",45,45,1,9.57671940287543,29.0533264359967,31.8470767259522,33.8950294467983,37.1228564102186,40.0769501271139,46.1679633178954,48.5396368510551,53.6133567364767,1,1,1,1,1,1,1,1,0.75,0.716666666666667,0.7,0.666666666666667,0.633333333333333,0.566666666666667,0.533333333333333,0.483333333333333,0,0,0,0,0,0,0,0,2133,5.750691,-3.82602840287543
"134",45,45,2,8.09625877152702,27.5728658046483,30.3666160946038,32.4145688154499,35.6423957788702,38.5964894957655,44.687502686547,47.0591762197067,52.1328961051283,1,1,1,1,1,1,1,1,0.754098360655738,0.721311475409836,0.704918032786885,0.672131147540984,0.639344262295082,0.573770491803279,0.540983606557377,0.491803278688525,0,0,0,0,0,0,0,0,2134,3.85583,-4.24042877152702
"135",45,45,3,7.41169615016844,26.8883031832897,29.6820534732453,31.7300061940913,34.9578331575116,37.9119268744069,44.0029400651884,46.3746135983482,51.4483334837697,0,0,0,0,0,0,0,0,0,0,0,0,0,0,0,0,0,0,0,0,0,0,0,0,2135,76.561379,69.1496828498316
"136",46,46,1,33.6447124975614,53.2685790550738,56.0834524461048,58.1468894113644,61.3991214604673,64.3755506095566,70.5126169811622,72.9022223602492,78.0143038338031,1,1,1,1,1,1,1,1,0.568627450980392,0.549019607843137,0.509803921568627,0.470588235294118,0.431372549019608,0.352941176470588,0.333333333333333,0.274509803921569,1,1,1,1,1,1,1,1,2136,19.287663,-14.3570494975613
"137",46,46,2,12.9988427114479,32.6227092689603,35.4375826599913,37.5010196252509,40.7532516743538,43.7296808234431,49.8667471950487,52.2563525741357,57.3684340476896,1,1,1,1,1,1,1,1,0.716666666666667,0.683333333333333,0.65,0.616666666666667,0.6,0.533333333333333,0.5,0.45,1,1,1,1,1,1,1,1,2137,5.328449,-7.67039371144787
"138",46,46,3,7.96686408864483,27.5907306461573,30.4056040371883,32.4690410024478,35.7212730515508,38.6977022006401,44.8347685722456,47.2243739513326,52.3364554248866,1,1,1,1,1,1,1,1,0.807017543859649,0.771929824561403,0.754385964912281,0.719298245614035,0.684210526315789,0.614035087719298,0.578947368421053,0.526315789473684,0,0,0,0,0,0,0,0,2138,9.63412,1.66725591135517
"139",47,47,1,9.50845867260925,29.1358173542054,31.9511916601367,34.0149958200009,37.2678066132485,40.2447654265548,46.3829239069563,48.7729545232651,53.8859457065737,1,1,1,1,1,1,1,1,0.75,0.716666666666667,0.7,0.666666666666667,0.633333333333333,0.566666666666667,0.533333333333333,0.483333333333333,0,0,0,0,0,0,0,0,2139,5.399216,-4.10924267260925
"140",47,47,2,7.99582746157732,27.6231861431735,30.4385604491048,32.502364608969,35.7551754022165,38.7321342155228,44.8702926959244,47.2603233122332,52.3733144955418,1,1,1,1,1,1,1,1,0.766666666666667,0.733333333333333,0.716666666666667,0.683333333333333,0.65,0.583333333333333,0.55,0.5,0,0,0,0,0,0,0,0,2140,5.050435,-2.94539246157732
"141",47,47,3,7.87124918863065,27.4986078702268,30.3139821761581,32.3777863360223,35.6305971292699,38.6075559425762,44.7457144229777,47.1357450392865,52.2487362225951,1,1,1,1,1,1,1,1,0.766666666666667,0.733333333333333,0.716666666666667,0.683333333333333,0.65,0.583333333333333,0.55,0.5,0,0,0,0,0,0,0,0,2141,4.983739,-2.88751018863065
"142",48,48,1,7.84117019581969,27.4681518016226,30.283472019303,32.3472365298897,35.5999848309686,38.5768864517038,44.7149270073751,47.1049117070272,52.2178046608573,1,1,1,1,1,1,1,1,0.766666666666667,0.733333333333333,0.716666666666667,0.683333333333333,0.65,0.583333333333333,0.55,0.5,0,0,0,0,0,0,0,0,2142,5.157805,-2.68336519581969
"143",48,48,2,7.90339052523594,27.5303721310388,30.3456923487193,32.409456859306,35.6622051603848,38.6391067811201,44.7771473367914,47.1671320364434,52.2800249902736,1,1,1,1,1,1,1,1,0.821428571428571,0.785714285714286,0.767857142857143,0.732142857142857,0.696428571428571,0.625,0.589285714285714,0.535714285714286,0,0,0,0,0,0,0,0,2143,12.439575,4.53618447476406
"144",48,48,3,10.5062775228886,30.1332591286915,32.9485793463719,35.0123438569586,38.2650921580375,41.2419937787727,47.380034334444,49.7700190340961,54.8829119879262,1,1,1,1,1,1,1,1,0.771929824561403,0.736842105263158,0.719298245614035,0.684210526315789,0.649122807017544,0.578947368421053,0.56140350877193,0.491228070175439,0,0,0,0,0,0,0,0,2144,10.153984,-0.352293522888591
"145",49,49,1,9.6995372716078,29.3245634006949,32.1396031222072,34.2031620156732,37.4555862387204,40.4321912645986,46.5696202746115,48.9593668551516,54.0717504008964,1,1,1,1,1,1,1,1,0.75,0.716666666666667,0.7,0.666666666666667,0.633333333333333,0.566666666666667,0.533333333333333,0.483333333333333,0,0,0,0,0,0,0,0,2145,5.59151,-4.1080272716078
"146",49,49,2,8.06836919142728,27.6933953205144,30.5084350420267,32.5719939354926,35.8244181585399,38.801023184418,44.938452194431,47.3281987749711,52.4405823207159,1,1,1,1,1,1,1,1,0.766666666666667,0.733333333333333,0.716666666666667,0.683333333333333,0.65,0.583333333333333,0.55,0.5,0,0,0,0,0,0,0,0,2146,5.712946,-2.35542319142728
"147",49,49,3,8.11178478721693,27.7368109163041,30.5518506378164,32.6154095312823,35.8678337543295,38.8444387802077,44.9818677902207,47.3716143707607,52.4839979165055,1,1,1,1,1,1,1,1,0.766666666666667,0.733333333333333,0.716666666666667,0.683333333333333,0.65,0.583333333333333,0.55,0.5,0,0,0,0,0,0,0,0,2147,4.765016,-3.34676878721693
"148",50,50,1,7.76208777006092,27.3826017397,30.1969942310892,32.2600786738871,35.5117551039586,38.4876757528376,44.6236936534787,47.0128907867191,52.1240989001579,1,1,1,1,1,1,1,1,0.766666666666667,0.733333333333333,0.716666666666667,0.683333333333333,0.65,0.583333333333333,0.55,0.5,0,0,0,0,0,0,0,0,2148,5.3416,-2.42048777006092
"149",50,50,2,7.96844031925266,27.5889542888917,30.403346780281,32.4664312230788,35.7181076531504,38.6940283020294,44.8300462026705,47.2192433359109,52.3304514493497,1,1,1,1,1,1,1,1,0.766666666666667,0.733333333333333,0.716666666666667,0.683333333333333,0.65,0.583333333333333,0.55,0.5,0,0,0,0,0,0,0,0,2149,6.095012,-1.87342831925266
"150",50,50,3,8.23807750445316,27.8585914740922,30.6729839654815,32.7360684082793,35.9877448383509,38.9636654872299,45.099683387871,47.4888805211114,52.6000886345502,1,1,1,1,1,1,1,1,0.807017543859649,0.771929824561403,0.754385964912281,0.701754385964912,0.684210526315789,0.614035087719298,0.578947368421053,0.526315789473684,0,0,0,0,0,0,0,0,2150,9.575391,1.33731349554684
"151",51,51,1,9.46795548494654,29.0383663169833,31.8455719480039,33.9033880780611,37.1467609951938,40.1150823038111,46.2354312087429,48.6185272646664,53.7166833467559,1,1,1,1,1,1,1,1,0.75,0.716666666666667,0.7,0.666666666666667,0.633333333333333,0.566666666666667,0.533333333333333,0.483333333333333,0,0,0,0,0,0,0,0,2151,4.990573,-4.47738248494654
"152",51,51,2,7.82733649254116,27.3977473245779,30.2049529555985,32.2627690856558,35.5061420027884,38.4744633114058,44.5948122163375,46.977908272261,52.0760643543505,1,1,1,1,1,1,1,1,0.754098360655738,0.721311475409836,0.704918032786885,0.672131147540984,0.639344262295082,0.573770491803279,0.540983606557377,0.491803278688525,0,0,0,0,0,0,0,0,2152,4.478716,-3.34862049254116
"153",51,51,3,7.64417495470135,27.2145857867381,30.0217914177587,32.079607547816,35.3229804649486,38.291301773566,44.4116506784977,46.7947467344212,51.8929028165107,1,1,1,1,1,1,1,1,0.754098360655738,0.721311475409836,0.704918032786885,0.672131147540984,0.639344262295082,0.573770491803279,0.557377049180328,0.491803278688525,0,0,0,0,0,0,0,0,2153,4.642921,-3.00125395470135
"154",52,52,1,7.69224146098732,27.2630168610504,30.0702747861911,32.1281292503422,35.3715625867514,38.3399391908375,44.4604021088852,46.8435425583901,51.9417936116438,1,1,1,1,1,1,1,1,0.766666666666667,0.733333333333333,0.716666666666667,0.683333333333333,0.65,0.583333333333333,0.566666666666667,0.5,0,0,0,0,0,0,0,0,2154,5.298368,-2.39387346098732
"155",52,52,2,7.92686507535027,27.4976404754133,30.3048984005541,32.3627528647052,35.6061862011143,38.5745628052004,44.6950257232482,47.0781661727531,52.1764172260068,1,1,1,1,1,1,1,1,0.867924528301887,0.830188679245283,0.811320754716981,0.773584905660377,0.735849056603774,0.660377358490566,0.622641509433962,0.566037735849057,0,0,0,0,0,0,0,0,2155,15.760698,7.83383292464974
"156",52,52,3,11.6719576293751,31.2427330294382,34.0499909545789,36.10784541873,39.3512787551392,42.3196553592253,48.440118277273,50.8232587267779,55.9215097800316,1,1,1,1,1,1,1,1,0.771929824561403,0.736842105263158,0.701754385964912,0.666666666666667,0.631578947368421,0.56140350877193,0.543859649122807,0.491228070175439,0,0,0,0,0,0,0,0,2156,10.202121,-1.46983662937511
"157",53,53,1,9.69560162509313,29.2639250664298,32.0708312793656,34.1284279216314,37.3714548988386,40.3394596046852,46.4591557098625,48.8419975834601,53.9396098934395,1,1,1,1,1,1,1,1,0.75,0.716666666666667,0.7,0.666666666666667,0.633333333333333,0.566666666666667,0.533333333333333,0.483333333333333,0,0,0,0,0,0,0,0,2157,5.152427,-4.54317462509313
"158",53,53,2,7.88513005263397,27.4534534939706,30.2603597069065,32.3179563491722,35.5609833263795,38.528988032226,44.6486841374033,47.0315260110009,52.1291383209803,1,1,1,1,1,1,1,1,0.766666666666667,0.733333333333333,0.716666666666667,0.683333333333333,0.65,0.583333333333333,0.55,0.5,0,0,0,0,0,0,0,0,2158,5.071156,-2.81397405263397
"159",53,53,3,7.85599188403102,27.4243153253677,30.2312215383035,32.2888181805693,35.5318451577765,38.4998498636231,44.6195459688003,47.002387842398,52.1000001523773,1,1,1,1,1,1,1,1,0.754098360655738,0.721311475409836,0.704918032786885,0.672131147540984,0.639344262295082,0.573770491803279,0.540983606557377,0.491803278688525,0,0,0,0,0,0,0,0,2159,4.071145,-3.78484688403102
"160",54,54,1,7.45189282624077,26.8466087141773,29.6286124298853,31.667954349409,34.8822096241854,37.8238825884801,43.8892855667291,46.2509871853093,51.3033741593537,1,1,1,1,1,1,1,1,0.766666666666667,0.75,0.716666666666667,0.683333333333333,0.65,0.583333333333333,0.566666666666667,0.516666666666667,0,0,0,0,0,0,0,0,2160,5.213874,-2.23801882624077
"161",54,54,2,7.8631718074252,27.2578876953617,30.0398914110697,32.0792333305934,35.2934886053699,38.2351615696645,44.3005645479136,46.6622661664937,51.7146531405381,1,1,1,1,1,1,1,1,0.793103448275862,0.758620689655172,0.741379310344828,0.706896551724138,0.672413793103448,0.603448275862069,0.586206896551724,0.517241379310345,0,0,0,0,0,0,0,0,2161,8.26675,0.403578192574804
"162",54,54,3,8.961930770366,28.3566466583025,31.1386503740105,33.1779922935342,36.3922475683107,39.3339205326053,45.3993235108544,47.7610251294345,52.8134121034789,1,1,1,1,1,1,1,1,0.865384615384615,0.846153846153846,0.807692307692308,0.769230769230769,0.730769230769231,0.653846153846154,0.634615384615385,0.576923076923077,0,0,0,0,0,0,0,0,2162,17.411191,8.449260229634
"163",55,55,1,12.2562702825442,31.6528092329212,34.4350744511185,36.4746080644871,39.6891654724888,42.6311149478458,48.6970880611987,51.0590116747563,56.111873562534,1,1,1,1,1,1,1,1,0.716666666666667,0.683333333333333,0.666666666666667,0.633333333333333,0.6,0.533333333333333,0.516666666666667,0.466666666666667,0,0,0,0,0,0,0,0,2163,5.182527,-7.0737432825442
"164",55,55,2,7.85800520767894,27.254544158056,30.0368093762533,32.0763429896218,35.2909003976236,38.2328498729805,44.2988229863334,46.660746599891,51.7136084876687,1,1,1,1,1,1,1,1,0.779661016949153,0.745762711864407,0.728813559322034,0.694915254237288,0.661016949152542,0.593220338983051,0.576271186440678,0.508474576271186,0,0,0,0,0,0,0,0,2164,6.589711,-1.26829420767894
"165",55,55,3,8.36412494742395,27.760663897801,30.5429291159983,32.5824627293668,35.7970201373686,38.7389696127255,44.8049427260784,47.166866339636,52.2197282274137,1,1,1,1,1,1,1,1,0.754098360655738,0.721311475409836,0.704918032786885,0.672131147540984,0.639344262295082,0.573770491803279,0.540983606557377,0.491803278688525,0,0,0,0,0,0,0,0,2165,4.374769,-3.98935594742395
"166",56,56,1,7.56813135464497,26.9659257947708,29.7483711020793,31.7880367293886,35.0028022077004,37.9449421081335,44.0113078568468,46.3733843518484,51.4265732988153,1,1,1,1,1,1,1,1,0.766666666666667,0.733333333333333,0.716666666666667,0.683333333333333,0.65,0.583333333333333,0.566666666666667,0.516666666666667,0,0,0,0,0,0,0,0,2166,5.086595,-2.48153635464497
"167",56,56,2,7.82391984377582,27.2217142839017,30.0041595912102,32.0438252185194,35.2585906968312,38.2007305972644,44.2670963459776,46.6291728409793,51.6823617879461,1,1,1,1,1,1,1,1,0.867924528301887,0.830188679245283,0.811320754716981,0.773584905660377,0.735849056603774,0.660377358490566,0.641509433962264,0.566037735849057,0,0,0,0,0,0,0,0,2167,17.105923,9.28200315622418
"168",56,56,3,12.1429609429884,31.5407553831143,34.3232006904228,36.3628663177321,39.5776317960438,42.519771696477,48.5861374451902,50.9482139401919,56.0014028871588,1,1,1,1,1,1,1,1,0.754385964912281,0.736842105263158,0.701754385964912,0.666666666666667,0.631578947368421,0.56140350877193,0.543859649122807,0.491228070175439,0,0,0,0,0,0,0,0,2168,9.648412,-2.49454894298845
"169",57,57,1,9.47641726366076,28.8723247361779,31.6544993743552,33.6939665882323,36.9084193424174,39.8502730390396,45.9160486672777,48.2778953855463,53.3305927712745,1,1,1,1,1,1,1,1,0.75,0.716666666666667,0.7,0.666666666666667,0.633333333333333,0.566666666666667,0.55,0.483333333333333,0,0,0,0,0,0,0,0,2169,4.809199,-4.66721826366076
"170",57,57,2,7.73395024204339,27.1298577145605,29.9120323527378,31.9514995666149,35.1659523208,38.1078060174222,44.1735816456604,46.5354283639289,51.5881257496571,1,1,1,1,1,1,1,1,0.766666666666667,0.733333333333333,0.716666666666667,0.683333333333333,0.65,0.583333333333333,0.566666666666667,0.5,0,0,0,0,0,0,0,0,2170,4.802927,-2.93102324204339
"171",57,57,3,7.73169186797315,27.1275993404903,29.9097739786676,31.9492411925447,35.1636939467297,38.1055476433519,44.1713232715901,46.5331699898587,51.5858673755868,1,1,1,1,1,1,1,1,0.766666666666667,0.733333333333333,0.716666666666667,0.683333333333333,0.65,0.583333333333333,0.566666666666667,0.5,0,0,0,0,0,0,0,0,2171,5.151825,-2.57986686797315
"172",58,58,1,7.84042827089523,27.2214786797723,30.0015222010778,32.039427204255,35.2514177210219,38.1910179882724,44.2521472953904,46.6121848636075,51.6610119356254,1,1,1,1,1,1,1,1,0.766666666666667,0.733333333333333,0.716666666666667,0.683333333333333,0.65,0.583333333333333,0.566666666666667,0.5,0,0,0,0,0,0,0,0,2172,4.755546,-3.08488227089523
"173",58,58,2,7.69762051898363,27.0786709278607,29.8587144491662,31.8966194523434,35.1086099691103,38.0482102363608,44.1093395434788,46.4693771116959,51.5182041837138,1,1,1,1,1,1,1,1,0.766666666666667,0.733333333333333,0.716666666666667,0.683333333333333,0.65,0.583333333333333,0.566666666666667,0.516666666666667,0,0,0,0,0,0,0,0,2173,5.437269,-2.26035151898363
"174",58,58,3,7.94329422123995,27.324344630117,30.1043881514226,32.1422931545997,35.3542836713667,38.2938839386171,44.3550132457351,46.7150508139522,51.7638778859701,1,1,1,1,1,1,1,1,0.807017543859649,0.771929824561403,0.754385964912281,0.719298245614035,0.684210526315789,0.614035087719298,0.596491228070175,0.526315789473684,0,0,0,0,0,0,0,0,2174,9.857397,1.91410277876005
"175",59,59,1,9.53549369215798,28.9162565296877,31.6962588013786,33.7341335666133,36.9460764246404,39.8856330748117,45.9466724483562,48.3066749989056,53.3554271576462,1,1,1,1,1,1,1,1,0.737704918032787,0.704918032786885,0.688524590163934,0.655737704918033,0.622950819672131,0.557377049180328,0.540983606557377,0.475409836065574,0,0,0,0,0,0,0,0,2175,4.622133,-4.91336069215798
"176",59,59,2,7.64929572341433,27.0300585609441,29.810060832635,31.8479355978697,35.0598784558967,37.999435106068,44.0604744796125,46.4204770301619,51.4692291889025,1,1,1,1,1,1,1,1,0.766666666666667,0.733333333333333,0.716666666666667,0.683333333333333,0.65,0.583333333333333,0.566666666666667,0.516666666666667,0,0,0,0,0,0,0,0,2176,5.538226,-2.11106972341433
"177",59,59,3,7.97935219349497,27.3601150310247,30.1401173027156,32.1779920679503,35.3899349259774,38.3294915761487,44.3905309496932,46.7505335002426,51.7992856589832,1,1,1,1,1,1,1,1,0.766666666666667,0.733333333333333,0.716666666666667,0.683333333333333,0.65,0.583333333333333,0.566666666666667,0.5,0,0,0,0,0,0,0,0,2177,4.797318,-3.18203419349497
"178",60,60,1,7.7097327775928,27.0907398177339,29.8707771181706,31.9086775611531,35.1206608904887,38.0602545798321,44.1213703240363,46.4814026112267,51.5302183855469,1,1,1,1,1,1,1,1,0.754098360655738,0.721311475409836,0.704918032786885,0.672131147540984,0.639344262295082,0.573770491803279,0.557377049180328,0.508196721311475,0,0,0,0,0,0,0,0,2178,4.518057,-3.1916757775928
"179",60,60,2,7.60900911785105,26.9900161579922,29.7700534584289,31.8079539014113,35.019937230747,37.9595309200904,44.0206466642946,46.3806789514849,51.4294947258051,1,1,1,1,1,1,1,1,0.867924528301887,0.830188679245283,0.811320754716981,0.773584905660377,0.735849056603774,0.660377358490566,0.641509433962264,0.584905660377358,0,0,0,0,0,0,0,0,2179,16.143555,8.53454588214895
"180",60,60,3,11.8020855047447,31.1830925448859,33.9631298453226,36.001030288305,39.2130136176407,42.1526073069841,48.2137230511882,50.5737553383786,55.6225711126988,1,1,1,1,1,1,1,1,0.771929824561403,0.736842105263158,0.701754385964912,0.666666666666667,0.649122807017544,0.578947368421053,0.543859649122807,0.491228070175439,0,0,0,0,0,0,0,0,2180,9.684435,-2.11765050474474
"181",61,61,1,9.47964546026098,28.8619670465285,31.6421929072013,33.6802315738647,36.8924327608295,39.8322258325625,45.8937526811127,48.2539450410637,53.3031032589528,1,1,1,1,1,1,1,1,0.737704918032787,0.704918032786885,0.688524590163934,0.655737704918033,0.622950819672131,0.557377049180328,0.540983606557377,0.475409836065574,0,0,0,0,0,0,0,0,2181,4.585316,-4.89432946026098
"182",61,61,2,7.64311478355759,27.0254363698251,29.805662230498,31.8437008971614,35.0559020841261,37.9956951558592,44.0572220044093,46.4174143643603,51.4665725822494,1,1,1,1,1,1,1,1,0.766666666666667,0.733333333333333,0.716666666666667,0.683333333333333,0.65,0.583333333333333,0.566666666666667,0.516666666666667,0,0,0,0,0,0,0,0,2182,5.179969,-2.46314578355759
"183",61,61,3,7.85728873723345,27.239610323501,30.0198361841738,32.0578748508372,35.2700760378019,38.209869109535,44.2713959580851,46.6315883180362,51.6807465359252,1,1,1,1,1,1,1,1,0.754098360655738,0.721311475409836,0.704918032786885,0.672131147540984,0.639344262295082,0.573770491803279,0.557377049180328,0.491803278688525,0,0,0,0,0,0,0,0,2183,4.460832,-3.39645673723345
"184",62,62,1,7.58913347430546,26.9714735705044,29.7517020862663,31.7897426992371,35.0019469538232,37.9417428330305,44.0032754702807,46.3634700841928,51.4126331239796,1,1,1,1,1,1,1,1,0.766666666666667,0.733333333333333,0.716666666666667,0.683333333333333,0.65,0.583333333333333,0.566666666666667,0.516666666666667,0,0,0,0,0,0,0,0,2184,5.066461,-2.52267247430546
"185",62,62,2,7.80758581844574,27.1899259146447,29.9701544304066,32.0081950433774,35.2203992979635,38.1601951771708,44.221727814421,46.5819224283331,51.6310854681199,1,1,1,1,1,1,1,1,0.766666666666667,0.733333333333333,0.716666666666667,0.683333333333333,0.65,0.583333333333333,0.566666666666667,0.5,0,0,0,0,0,0,0,0,2185,5.330327,-2.47725881844574
"186",62,62,3,7.90276314026969,27.2851032364686,30.0653317522306,32.1033723652014,35.3155766197875,38.2553724989947,44.3169051362449,46.677099750157,51.7262627899439,1,1,1,1,1,1,1,1,0.821428571428571,0.785714285714286,0.767857142857143,0.732142857142857,0.696428571428571,0.625,0.607142857142857,0.535714285714286,0,0,0,0,0,0,0,0,2186,11.61827,3.71550685973031
"187",63,63,1,10.1705119811945,29.5530058814928,32.3332564591182,34.3713132444913,37.583542988785,40.523362196066,46.5849429332134,48.9451562759068,53.9943593821649,1,1,1,1,1,1,1,1,0.737704918032787,0.704918032786885,0.688524590163934,0.639344262295082,0.622950819672131,0.557377049180328,0.524590163934426,0.475409836065574,0,0,0,0,0,0,0,0,2187,4.532456,-5.63805598119447
"188",63,63,2,7.617581206469,27.0000751067673,29.7803256843928,31.8183824697658,35.0306122140596,37.9704314213405,44.032012158488,46.3922255011813,51.4414286074394,1,1,1,1,1,1,1,1,0.766666666666667,0.733333333333333,0.716666666666667,0.683333333333333,0.65,0.583333333333333,0.566666666666667,0.516666666666667,0,0,0,0,0,0,0,0,2188,5.102966,-2.514615206469
"189",63,63,3,7.82312887343974,27.205622773738,29.9858733513635,32.0239301367366,35.2361598810303,38.1759790883112,44.2375598254587,46.597773168152,51.6469762744102,1,1,1,1,1,1,1,1,0.766666666666667,0.733333333333333,0.716666666666667,0.683333333333333,0.65,0.583333333333333,0.566666666666667,0.5,0,0,0,0,0,0,0,0,2189,4.77133,-3.05179887343974
"190",64,64,1,7.70392248276214,27.0869381435084,29.8672635631431,31.9053752112922,35.1176914261113,38.0575897708549,44.119333680662,46.4796105583152,51.5289495848779,1,1,1,1,1,1,1,1,0.754098360655738,0.721311475409836,0.704918032786885,0.672131147540984,0.639344262295082,0.573770491803279,0.557377049180328,0.508196721311475,0,0,0,0,0,0,0,0,2190,4.243281,-3.46064148276214
"191",64,64,2,7.51362852145053,26.8966441821968,29.6769696018315,31.7150812499806,34.9273974647997,37.8672958095433,43.9290397193504,46.2893165970036,51.3386556235663,1,1,1,1,1,1,1,1,0.867924528301887,0.849056603773585,0.811320754716981,0.773584905660377,0.735849056603774,0.660377358490566,0.641509433962264,0.584905660377358,0,0,0,0,0,0,0,0,2191,17.039691,9.52606247854947
"192",64,64,3,12.1250936496252,31.5081093103715,34.2884347300062,36.3265463781553,39.5388625929744,42.478760937718,48.5405048475251,50.9007817251782,55.950120751741,1,1,1,1,1,1,1,1,0.767857142857143,0.75,0.714285714285714,0.678571428571429,0.642857142857143,0.571428571428571,0.553571428571429,0.5,0,0,0,0,0,0,0,0,2192,11.324126,-0.800967649625218
"193",65,65,1,10.0762541942782,29.4572859760833,32.2373268254971,34.2752298700496,37.4872172997817,40.4268147417907,46.4879382235747,48.8479735235665,53.8967957431712,1,1,1,1,1,1,1,1,0.737704918032787,0.704918032786885,0.688524590163934,0.655737704918033,0.622950819672131,0.557377049180328,0.524590163934426,0.475409836065574,0,0,0,0,0,0,0,0,2193,4.136179,-5.94007519427824
"194",65,65,2,7.4823919400291,26.8634237218342,29.6434645712479,31.6813676158005,34.8933550455325,37.8329524875416,43.8940759693256,46.2541112693174,51.302933488922,1,1,1,1,1,1,1,1,0.766666666666667,0.75,0.716666666666667,0.683333333333333,0.65,0.583333333333333,0.566666666666667,0.516666666666667,0,0,0,0,0,0,0,0,2194,4.83733,-2.6450619400291
"195",65,65,3,7.73541121151636,27.1164429933215,29.8964838427352,31.9343868872877,35.1463743170198,38.0859717590288,44.1470952408128,46.5071305408046,51.5559527604093,1,1,1,1,1,1,1,1,0.754098360655738,0.721311475409836,0.704918032786885,0.672131147540984,0.639344262295082,0.573770491803279,0.557377049180328,0.508196721311475,0,0,0,0,0,0,0,0,2195,4.490966,-3.24444521151636
"196",66,66,1,7.59259255036175,26.9563811000472,29.7339485574244,31.7700384871939,34.9791682236184,37.9161503166821,43.9718812393764,46.3298168247118,51.3741471259065,1,1,1,1,1,1,1,1,0.766666666666667,0.733333333333333,0.716666666666667,0.683333333333333,0.65,0.583333333333333,0.566666666666667,0.516666666666667,0,0,0,0,0,0,0,0,2196,4.77372,-2.81887255036175
"197",66,66,2,7.69473974463798,27.0585282943234,29.8360957517006,31.8721856814701,35.0813154178946,38.0182975109583,44.0740284336526,46.431964018988,51.4762943201828,1,1,1,1,1,1,1,1,0.766666666666667,0.733333333333333,0.716666666666667,0.683333333333333,0.65,0.583333333333333,0.566666666666667,0.516666666666667,0,0,0,0,0,0,0,0,2197,5.714579,-1.98016074463797
"198",66,66,3,8.03463275078301,27.3984213004684,30.1759887578457,32.2120786876151,35.4212084240396,38.3581905171033,44.4139214397976,46.771857025133,51.8161873263278,1,1,1,1,1,1,1,1,0.821428571428571,0.785714285714286,0.767857142857143,0.732142857142857,0.696428571428571,0.625,0.607142857142857,0.535714285714286,0,0,0,0,0,0,0,0,2198,11.166385,3.13175224921699
"199",67,67,1,10.0068753127773,29.3703611682241,32.1478852067391,34.1839433084038,37.3930228797958,40.3299590620319,46.385595321698,48.7434940478457,53.7877454962005,1,1,1,1,1,1,1,1,0.75,0.716666666666667,0.7,0.666666666666667,0.633333333333333,0.566666666666667,0.533333333333333,0.483333333333333,0,0,0,0,0,0,0,0,2199,5.195754,-4.81112131277729
"200",67,67,2,7.8506117149713,27.2140975704181,29.9916216089332,32.0276797105978,35.2367592819898,38.1736954642259,44.229331723892,46.5872304500397,51.6314818983945,1,1,1,1,1,1,1,1,0.766666666666667,0.733333333333333,0.716666666666667,0.683333333333333,0.65,0.583333333333333,0.566666666666667,0.5,0,0,0,0,0,0,0,0,2200,5.746883,-2.1037287149713
"201",67,67,3,8.04964920370494,27.4131350591518,30.1906590976668,32.2267171993315,35.4357967707235,38.3727329529595,44.4283692126257,46.7862679387734,51.8305193871282,1,1,1,1,1,1,1,1,0.754098360655738,0.721311475409836,0.704918032786885,0.672131147540984,0.639344262295082,0.573770491803279,0.557377049180328,0.491803278688525,0,0,0,0,0,0,0,0,2201,4.507816,-3.54183320370494
"202",68,68,1,7.59564290519833,26.9594621320782,29.7370339898328,31.7731271452896,34.9822619657965,37.9192487117911,43.9749892283123,46.3329285492209,51.3772668419252,1,1,1,1,1,1,1,1,0.754098360655738,0.721311475409836,0.704918032786885,0.672131147540984,0.639344262295082,0.573770491803279,0.557377049180328,0.508196721311475,0,0,0,0,0,0,0,0,2202,4.24978,-3.34586290519833
"203",68,68,2,7.50240327339632,26.8662225002762,29.6437943580308,31.6798875134876,34.8890223339945,37.8260090799891,43.8817495965103,46.2396889174189,51.2840272101232,1,1,1,1,1,1,1,1,0.884615384615385,0.865384615384615,0.826923076923077,0.788461538461538,0.75,0.673076923076923,0.653846153846154,0.596153846153846,0,0,0,0,0,0,0,0,2203,18.300245,10.7978417266037
"204",68,68,3,12.579447496865,31.943266723745,34.7208385814995,36.7569317369563,39.9660665574632,42.9030533034579,48.958793819979,51.3167331408876,56.3610714335919,1,1,1,1,1,1,1,1,0.754385964912281,0.719298245614035,0.701754385964912,0.666666666666667,0.631578947368421,0.56140350877193,0.543859649122807,0.473684210526316,0,0,0,0,0,0,0,0,2204,9.877279,-2.70216849686505
"205",69,69,1,9.55040754382221,28.9125801558915,31.6899158210384,33.7258358360053,36.9346977656707,39.8714347631102,45.9266603258453,48.2843991378685,53.3283084820248,1,1,1,1,1,1,1,1,0.737704918032787,0.704918032786885,0.688524590163934,0.655737704918033,0.622950819672131,0.557377049180328,0.540983606557377,0.475409836065574,0,0,0,0,0,0,0,0,2205,4.596305,-4.95410254382221
"206",69,69,2,7.63974078902465,27.001913401094,29.7792490662408,31.8151690812078,35.0240310108732,37.9607680083126,44.0159935710477,46.373732383071,51.4176417272273,1,1,1,1,1,1,1,1,0.807017543859649,0.771929824561403,0.754385964912281,0.719298245614035,0.684210526315789,0.614035087719298,0.596491228070175,0.543859649122807,0,0,0,0,0,0,0,0,2206,10.68746,3.04771921097535
"207",69,69,3,9.84353261924743,29.2057052313167,31.9830408964636,34.0189609114306,37.2278228410959,40.1645598385354,46.2197854012705,48.5775242132938,53.62143355745,1,1,1,1,1,1,1,1,0.737704918032787,0.704918032786885,0.688524590163934,0.655737704918033,0.622950819672131,0.557377049180328,0.524590163934426,0.475409836065574,0,0,0,0,0,0,0,0,2207,4.59105,-5.25248261924743
"208",70,70,1,7.62350327501557,26.9675233755586,29.7422552204274,31.7762665104657,34.9821200534003,37.9161037879046,43.9656524282187,46.321180802301,51.3603613577856,1,1,1,1,1,1,1,1,0.754098360655738,0.721311475409836,0.704918032786885,0.672131147540984,0.639344262295082,0.573770491803279,0.557377049180328,0.508196721311475,0,0,0,0,0,0,0,0,2208,4.67991,-2.94359327501557
"209",70,70,2,7.65567116299214,26.9996912635351,29.774423108404,31.8084343984422,35.0142879413769,37.9482716758812,43.9978203161953,46.3533486902776,51.3925292457621,1,1,1,1,1,1,1,1,0.793103448275862,0.758620689655172,0.741379310344828,0.706896551724138,0.672413793103448,0.603448275862069,0.586206896551724,0.53448275862069,0,0,0,0,0,0,0,0,2209,7.971731,0.316059837007864
"210",70,70,3,8.84733140569884,28.1913515062418,30.9660833511107,33.0000946411489,36.2059481840836,39.1399319185879,45.189480558902,47.5450089329843,52.5841894884688,1,1,1,1,1,1,1,1,0.789473684210526,0.771929824561403,0.736842105263158,0.701754385964912,0.666666666666667,0.614035087719298,0.578947368421053,0.526315789473684,0,0,0,0,0,0,0,0,2210,10.245987,1.39865559430116
"211",71,71,1,9.67469165409575,29.0181471077755,31.792797958951,33.8267498767342,37.0325098416464,39.9664079339366,46.0157799895156,48.3712396063437,53.4102730694721,1,1,1,1,1,1,1,1,0.75,0.716666666666667,0.7,0.666666666666667,0.633333333333333,0.566666666666667,0.55,0.483333333333333,0,0,0,0,0,0,0,0,2211,4.808482,-4.86620965409575
"212",71,71,2,7.70536426661364,27.0488197202934,29.8234705714689,31.8574224892521,35.0631824541643,37.9970805464545,44.0464526020335,46.4019122188616,51.44094568199,1,1,1,1,1,1,1,1,0.766666666666667,0.733333333333333,0.716666666666667,0.683333333333333,0.65,0.583333333333333,0.566666666666667,0.516666666666667,0,0,0,0,0,0,0,0,2212,5.140933,-2.56443126661364
"213",71,71,3,7.8257696472608,27.1692251009406,29.943875952116,31.9778278698993,35.1835878348115,38.1174859271016,44.1668579826807,46.5223175995087,51.5613510626372,1,1,1,1,1,1,1,1,0.754098360655738,0.721311475409836,0.704918032786885,0.672131147540984,0.639344262295082,0.573770491803279,0.557377049180328,0.508196721311475,0,0,0,0,0,0,0,0,2213,4.602536,-3.2232336472608
"214",72,72,1,7.62542027109052,26.9696894655088,29.7444570407328,31.7784945228321,34.9843893476967,37.9184108632504,43.9680374038927,46.3235961102269,51.3628415554814,1,1,1,1,1,1,1,1,0.766666666666667,0.733333333333333,0.716666666666667,0.683333333333333,0.65,0.583333333333333,0.566666666666667,0.516666666666667,0,0,0,0,0,0,0,0,2214,4.752154,-2.87326627109052
"215",72,72,2,7.67961068680423,27.0238798812226,29.7986474564465,31.8326849385458,35.0385797634104,37.9726012789641,44.0222278196064,46.3777865259406,51.4170319711951,1,1,1,1,1,1,1,1,0.884615384615385,0.846153846153846,0.826923076923077,0.788461538461538,0.75,0.673076923076923,0.653846153846154,0.596153846153846,0,0,0,0,0,0,0,0,2215,17.418407,9.73879631319578
"216",72,72,3,12.2672239125193,31.6114931069376,34.3862606821616,36.4202981642609,39.6261929891255,42.5602145046792,48.6098410453215,50.9653997516557,56.0046451969102,0,0,0,0,0,1,1,1,0,0,0,0,0,0.941176470588235,0.911764705882353,0.823529411764706,0,0,0,0,0,0,0,0,2216,45.355359,33.0881350874807
"217",73,73,1,22.6746222828216,42.0291327073185,44.8053692981391,46.8404836390038,50.0480757265656,52.9836505698307,59.0364798997161,61.3932856843676,66.4351990035804,1,1,1,1,1,1,1,1,0.770833333333333,0.729166666666667,0.708333333333333,0.645833333333333,0.625,0.541666666666667,0.5,0.4375,1,1,1,1,1,0,0,0,2217,24.609033,1.93441071717842
"218",73,73,2,15.0164689304526,34.3709793549494,37.1472159457701,39.1823302866348,42.3899223741966,45.3254972174617,51.3783265473471,53.7351323319986,58.7770456512114,1,1,1,1,1,1,1,1,0.7,0.666666666666667,0.633333333333333,0.6,0.566666666666667,0.516666666666667,0.483333333333333,0.433333333333333,1,1,1,1,1,0,0,0,2218,5.280155,-9.73631393045256
"219",73,73,3,7.88154239679877,27.2360528212956,30.0122894121163,32.047403752981,35.2549958405428,38.1905706838079,44.2434000136933,46.6002057983448,51.6421191175576,1,1,1,1,1,1,1,1,0.754098360655738,0.721311475409836,0.704918032786885,0.672131147540984,0.639344262295082,0.573770491803279,0.557377049180328,0.491803278688525,0,0,0,0,0,0,0,0,2219,4.174287,-3.70725539679876
"220",74,74,1,7.42764159128776,26.6103735959192,29.361970062847,31.3790220131861,34.5581455376952,37.4676660712974,43.466774308001,45.8026625718918,50.7998270504428,1,1,1,1,1,1,1,1,0.754098360655738,0.737704918032787,0.704918032786885,0.672131147540984,0.655737704918033,0.590163934426229,0.557377049180328,0.508196721311475,0,0,0,0,0,0,0,0,2220,4.641666,-2.78597559128776
"221",74,74,2,7.60062222657847,26.7833542312099,29.5349506981377,31.5520026484768,34.7311261729859,37.6406467065882,43.6397549432917,45.9756432071825,50.9728076857335,1,1,1,1,1,1,1,1,0.766666666666667,0.75,0.716666666666667,0.683333333333333,0.65,0.6,0.566666666666667,0.516666666666667,0,0,0,0,0,0,0,0,2221,5.407588,-2.19303422657847
"222",74,74,3,7.88409596875159,27.066827973383,29.8184244403108,31.8354763906499,35.014599915159,37.9241204487613,43.9232286854648,46.2591169493556,51.2562814279066,1,1,1,1,1,1,1,1,0.807017543859649,0.771929824561403,0.754385964912281,0.719298245614035,0.684210526315789,0.614035087719298,0.596491228070175,0.543859649122807,0,0,0,0,0,0,0,0,2222,9.418188,1.53409203124841
"223",75,75,1,9.37223177529074,28.5541780849338,31.3056618507327,33.3226311857484,36.5016244982824,39.4110258624306,45.4098883849536,47.7456809744794,52.7426407769141,1,1,1,1,1,1,1,1,0.737704918032787,0.704918032786885,0.688524590163934,0.655737704918033,0.622950819672131,0.557377049180328,0.540983606557377,0.491803278688525,0,0,0,0,0,0,0,0,2223,4.344203,-5.02802877529074
"224",75,75,2,7.49285332598435,26.6747996356274,29.4262834014263,31.443252736442,34.6222460489761,37.5316474131242,43.5305099356472,45.866302525173,50.8632623276077,1,1,1,1,1,1,1,1,0.821428571428571,0.803571428571429,0.767857142857143,0.732142857142857,0.696428571428571,0.642857142857143,0.607142857142857,0.553571428571429,0,0,0,0,0,0,0,0,2224,11.800317,4.30746367401565
"225",75,75,3,10.2545603407216,29.4365066503647,32.1879904161636,34.2049597511792,37.3839530637133,40.2933544278615,46.2922169503844,48.6280095399103,53.624969342345,1,1,1,1,1,1,1,1,0.737704918032787,0.704918032786885,0.688524590163934,0.655737704918033,0.622950819672131,0.557377049180328,0.524590163934426,0.475409836065574,0,0,0,0,0,0,0,0,2225,4.488468,-5.76609234072162
"226",76,76,1,7.54487108373219,26.7281947437568,29.4798760785173,31.496990241041,34.676211819653,37.5858220919596,43.5851153599059,45.9210756698894,50.9183942766071,1,1,1,1,1,1,1,1,0.766666666666667,0.75,0.716666666666667,0.683333333333333,0.65,0.6,0.566666666666667,0.516666666666667,0,0,0,0,0,0,0,0,2226,5.976753,-1.56811808373219
"227",76,76,2,8.09598301742294,27.2793066774475,30.030988012208,32.0481021747317,35.2273237533438,38.1369340256503,44.1362272935967,46.4721876035802,51.4695062102978,1,1,1,1,1,1,1,1,0.807017543859649,0.771929824561403,0.754385964912281,0.719298245614035,0.684210526315789,0.614035087719298,0.596491228070175,0.543859649122807,0,0,0,0,0,0,0,0,2227,10.603296,2.50731298257706
"228",76,76,3,9.80919188469864,28.9925155447232,31.7441968794837,33.7613110420074,36.9405326206195,39.850142892926,45.8494361608724,48.1853964708559,53.1827150775735,1,1,1,1,1,1,1,1,0.789473684210526,0.754385964912281,0.736842105263158,0.701754385964912,0.666666666666667,0.596491228070175,0.578947368421053,0.508771929824561,0,0,0,0,0,0,0,0,2228,9.726389,-0.0828028846986424
"229",77,77,1,9.49619182885081,28.6725969869837,31.4232859226763,33.4396726091694,36.6177475955175,39.5263085113867,45.5234381228907,47.8585559643786,52.8540722787069,1,1,1,1,1,1,1,1,0.737704918032787,0.704918032786885,0.688524590163934,0.655737704918033,0.622950819672131,0.557377049180328,0.540983606557377,0.491803278688525,0,0,0,0,0,0,0,0,2229,4.650953,-4.84523882885081
"230",77,77,2,7.61242720426349,26.7888323623964,29.539521298089,31.5559079845821,34.7339829709302,37.6425438867994,43.6396734983033,45.9747913397913,50.9703076541196,1,1,1,1,1,1,1,1,0.754098360655738,0.737704918032787,0.704918032786885,0.672131147540984,0.639344262295082,0.590163934426229,0.557377049180328,0.508196721311475,0,0,0,0,0,0,0,0,2230,4.674147,-2.93828020426349
"231",77,77,3,7.62103573300913,26.797440891142,29.5481298268346,31.5645165133277,34.7425914996758,37.651152415545,43.648282027049,45.9833998685369,50.9789161828653,1,1,1,1,1,1,1,1,0.766666666666667,0.75,0.716666666666667,0.683333333333333,0.65,0.6,0.566666666666667,0.516666666666667,0,0,0,0,0,0,0,0,2231,6.023024,-1.59801173300913
"232",78,78,1,8.10390051153677,27.2574103281208,30.0048151257198,32.0187943817534,35.1930749597294,38.0981632489495,44.08813268994,46.4204625573475,51.4100145602584,1,1,1,1,1,1,1,1,0.766666666666667,0.733333333333333,0.716666666666667,0.683333333333333,0.65,0.583333333333333,0.566666666666667,0.516666666666667,0,0,0,0,0,0,0,0,2232,5.254199,-2.84970151153677
"233",78,78,2,7.81821137754158,26.9717211941256,29.7191259917247,31.7331052477583,34.9073858257342,37.8124741149543,43.8024435559448,46.1347734233523,51.1243254262632,1,1,1,1,1,1,1,1,0.807017543859649,0.771929824561403,0.754385964912281,0.719298245614035,0.684210526315789,0.614035087719298,0.596491228070175,0.543859649122807,0,0,0,0,0,0,0,0,2233,9.83014,2.01192862245842
"234",78,78,3,9.51859393729588,28.6721037538799,31.419508551479,33.4334878075126,36.6077683854885,39.5128566747086,45.5028261156991,47.8351559831066,52.8247079860175,1,1,1,1,1,1,1,1,0.789473684210526,0.754385964912281,0.736842105263158,0.701754385964912,0.666666666666667,0.596491228070175,0.578947368421053,0.526315789473684,0,0,0,0,0,0,0,0,2234,10.153595,0.635001062704118
"235",79,79,1,9.63987713987776,28.7929562122977,31.5402992233838,33.5542331869452,36.728442378379,39.6334653349349,45.6233000672269,47.9555774827606,52.9450172754068,1,1,1,1,1,1,1,1,0.737704918032787,0.704918032786885,0.688524590163934,0.655737704918033,0.622950819672131,0.557377049180328,0.540983606557377,0.491803278688525,0,0,0,0,0,0,0,0,2235,4.65181,-4.98806713987776
"236",79,79,2,7.59700122272736,26.7500802951473,29.4974233062334,31.5113572697948,34.6855664612286,37.5905894177845,43.5804241500765,45.9127015656102,50.9021413582564,1,1,1,1,1,1,1,1,0.754098360655738,0.737704918032787,0.704918032786885,0.672131147540984,0.639344262295082,0.590163934426229,0.557377049180328,0.508196721311475,0,0,0,0,0,0,0,0,2236,4.213856,-3.38314522272736
"237",79,79,3,7.43438387591725,26.5874629483372,29.3348059594233,31.3487399229847,34.5229491144185,37.4279720709744,43.4178068032663,45.7500842188001,50.7395240114463,1,1,1,1,1,1,1,1,0.754098360655738,0.737704918032787,0.704918032786885,0.672131147540984,0.655737704918033,0.590163934426229,0.557377049180328,0.508196721311475,0,0,0,0,0,0,0,0,2237,4.033805,-3.40057887591725
"238",80,80,1,7.360758433545,26.5142373561207,29.2616377222422,31.2756137297907,34.449889187752,37.3549727911562,43.3449325705145,45.6772586759473,50.666802630868,1,1,1,1,1,1,1,1,0.783333333333333,0.75,0.716666666666667,0.683333333333333,0.666666666666667,0.6,0.566666666666667,0.516666666666667,0,0,0,0,0,0,0,0,2238,5.616685,-1.744073433545
"239",80,80,2,7.94918000317408,27.1026589257498,29.8500592918713,31.8640352994198,35.038310757381,37.9433943607853,43.9333541401436,46.2656802455764,51.255224200497,1,1,1,1,1,1,1,1,0.867924528301887,0.830188679245283,0.811320754716981,0.773584905660377,0.735849056603774,0.660377358490566,0.641509433962264,0.584905660377358,0,0,0,0,0,0,0,0,2239,15.910954,7.96177399682592
"240",80,80,3,11.7759829971875,30.9294619197632,33.6768622858848,35.6908382934332,38.8651137513945,41.7701973547987,47.760157134157,50.0924832395899,55.0820271945105,1,1,1,1,1,1,1,1,0.771929824561403,0.736842105263158,0.719298245614035,0.684210526315789,0.649122807017544,0.578947368421053,0.543859649122807,0.491228070175439,0,0,0,0,0,0,0,0,2240,9.900564,-1.87541899718752
"241",81,81,1,9.55346059769512,28.704903622703,31.4520119569829,33.4657738912097,36.63971194312,39.5444867539197,45.533809837219,47.8658880306634,52.8549016276035,1,1,1,1,1,1,1,1,0.75,0.716666666666667,0.7,0.666666666666667,0.633333333333333,0.566666666666667,0.55,0.5,0,0,0,0,0,0,0,0,2241,5.740153,-3.81330759769512
"242",81,81,2,8.00612821934359,27.1575712443515,29.9046795786314,31.9184415128582,35.0923795647685,37.9971543755682,43.9864774588675,46.3185556523119,51.3075692492519,1,1,1,1,1,1,1,1,0.836363636363636,0.8,0.781818181818182,0.745454545454545,0.709090909090909,0.636363636363636,0.618181818181818,0.563636363636364,0,0,0,0,0,0,0,0,2242,12.903311,4.89718278065641
"243",81,81,3,10.6702367183952,29.8216797434031,32.568788077683,34.5825500119097,37.7564880638201,40.6612628746198,46.6505859579191,48.9826641513635,53.9716777483035,1,1,1,1,1,1,1,1,0.721311475409836,0.704918032786885,0.672131147540984,0.639344262295082,0.60655737704918,0.557377049180328,0.524590163934426,0.475409836065574,0,0,0,0,0,0,0,0,2243,4.572787,-6.09744971839519
"244",82,82,1,7.56099745684272,26.7004633088763,29.4458536216131,31.4583561637938,34.6303092579646,37.5332674437551,43.5188448480226,45.849464576751,50.835358080926,1,1,1,1,1,1,1,1,0.754098360655738,0.737704918032787,0.704918032786885,0.672131147540984,0.639344262295082,0.590163934426229,0.557377049180328,0.508196721311475,0,0,0,0,0,0,0,0,2244,4.595592,-2.96540545684272
"245",82,82,2,7.56948623955988,26.7089520915934,29.4543424043303,31.466844946511,34.6387980406817,37.5417562264723,43.5273336307398,45.8579533594682,50.8438468636432,1,1,1,1,1,1,1,1,0.766666666666667,0.75,0.716666666666667,0.683333333333333,0.65,0.6,0.566666666666667,0.516666666666667,0,0,0,0,0,0,0,0,2245,5.548803,-2.02068323955988
"246",82,82,3,7.92430321226816,27.0637690643017,29.8091593770386,31.8216619192193,34.99361501339,37.8965731991805,43.8821506034481,46.2127703321765,51.1986638363515,1,1,1,1,1,1,1,1,0.807017543859649,0.771929824561403,0.754385964912281,0.719298245614035,0.684210526315789,0.614035087719298,0.596491228070175,0.543859649122807,0,0,0,0,0,0,0,0,2246,10.477849,2.55354578773184
"247",83,83,1,9.74101998860695,28.8344863943309,31.5732784856092,33.5809442155532,36.745273894986,39.6412551635398,45.6124469392548,47.9374652986499,52.9113757964901,1,1,1,1,1,1,1,1,0.75,0.716666666666667,0.7,0.666666666666667,0.633333333333333,0.566666666666667,0.55,0.5,0,0,0,0,0,0,0,0,2247,5.386073,-4.35494698860694
"248",83,83,2,7.84357735841736,26.9370437641413,29.6758358554196,31.6835015853636,34.8478312647965,37.7438125333502,43.7150043090653,46.0400226684603,51.0139331663005,1,1,1,1,1,1,1,1,0.754098360655738,0.737704918032787,0.704918032786885,0.672131147540984,0.639344262295082,0.590163934426229,0.557377049180328,0.508196721311475,0,0,0,0,0,0,0,0,2248,4.426775,-3.41680235841736
"249",83,83,3,7.48609640869459,26.5795628144185,29.3183549056968,31.3260206356409,34.4903503150737,37.3863315836274,43.3575233593425,45.6825417187375,50.6564522165777,1,1,1,1,1,1,1,1,0.766666666666667,0.75,0.716666666666667,0.683333333333333,0.666666666666667,0.6,0.566666666666667,0.516666666666667,0,0,0,0,0,0,0,0,2249,5.589531,-1.89656540869459
"250",84,84,1,7.91810654916337,27.0111114230113,29.7498373115465,31.7574545117102,34.9217077022027,37.8176189683986,43.7886664070256,46.113628565516,51.0874188327917,1,1,1,1,1,1,1,1,0.766666666666667,0.733333333333333,0.716666666666667,0.683333333333333,0.65,0.583333333333333,0.566666666666667,0.516666666666667,0,0,0,0,0,0,0,0,2250,5.239669,-2.67843754916337
"251",84,84,2,7.78773927052733,26.8807441443753,29.6194700329105,31.6270872330742,34.7913404235666,37.6872516897625,43.6582991283895,45.9832612868799,50.9570515541557,1,1,1,1,1,1,1,1,0.867924528301887,0.849056603773585,0.811320754716981,0.773584905660377,0.735849056603774,0.679245283018868,0.641509433962264,0.584905660377358,0,0,0,0,0,0,0,0,2251,16.478363,8.69062372947267
"252",84,84,3,11.9755560445788,31.0685609184267,33.8072868069619,35.8149040071256,38.9791571976181,41.875068463814,47.846115902441,50.1710780609314,55.1448683282071,1,1,1,1,1,1,1,1,0.771929824561403,0.736842105263158,0.719298245614035,0.684210526315789,0.649122807017544,0.578947368421053,0.543859649122807,0.491228070175439,0,0,0,0,0,0,0,0,2252,10.176083,-1.79947304457878
"253",85,85,1,9.63984365436475,28.7293585823201,31.4675838683975,33.474834102992,36.638508910328,39.5338908426817,45.5038468537089,47.8283840402166,52.8012651651636,1,1,1,1,1,1,1,1,0.75,0.716666666666667,0.7,0.666666666666667,0.633333333333333,0.566666666666667,0.55,0.5,0,0,0,0,0,0,0,0,2253,5.18207,-4.45777365436475
"254",85,85,2,7.77619856668595,26.8657134946413,29.6039387807187,31.6111890153132,34.7748638226492,37.6702457550029,43.6402017660301,45.9647389525378,50.9376200774848,1,1,1,1,1,1,1,1,0.766666666666667,0.75,0.716666666666667,0.683333333333333,0.65,0.6,0.566666666666667,0.516666666666667,0,0,0,0,0,0,0,0,2254,5.057412,-2.71878656668595
"255",85,85,3,7.72967921054093,26.8191941384963,29.5574194245737,31.5646696591682,34.7283444665042,37.6237263988579,43.593682409885,45.9182195963928,50.8911007213398,1,1,1,1,1,1,1,1,0.766666666666667,0.75,0.716666666666667,0.683333333333333,0.65,0.6,0.566666666666667,0.516666666666667,0,0,0,0,0,0,0,0,2255,5.049874,-2.67980521054093
"256",86,86,1,7.70811501013116,26.7783757749179,29.5138392183477,31.5190648900508,34.6795487356896,37.5720103132636,43.5359448770419,45.8581374770869,50.8260028295033,1,1,1,1,1,1,1,1,0.766666666666667,0.75,0.716666666666667,0.683333333333333,0.65,0.6,0.566666666666667,0.516666666666667,0,0,0,0,0,0,0,0,2256,6.241018,-1.46709701013116
"257",86,86,2,8.15336485899682,27.2236256237835,29.9590890672133,31.9643147389164,35.1247985845552,38.0172601621293,43.9811947259076,46.3033873259526,51.271252678369,1,1,1,1,1,1,1,1,0.766666666666667,0.733333333333333,0.716666666666667,0.683333333333333,0.65,0.583333333333333,0.566666666666667,0.516666666666667,0,0,0,0,0,0,0,0,2257,5.265627,-2.88773785899682
"258",86,86,3,7.78876352168166,26.8590242864684,29.5944877298982,31.5997134016013,34.7601972472401,37.6526588248141,43.6165933885924,45.9387859886374,50.9066513410538,1,1,1,1,1,1,1,1,0.807017543859649,0.789473684210526,0.754385964912281,0.719298245614035,0.684210526315789,0.631578947368421,0.596491228070175,0.543859649122807,0,0,0,0,0,0,0,0,2258,10.494311,2.70554747831834
"259",87,87,1,9.749129121003,28.8190882147391,31.5545083860742,33.5597023372601,36.7201361874377,39.6125520093751,45.5763922301117,47.898548095563,52.8663348616832,1,1,1,1,1,1,1,1,0.75,0.716666666666667,0.7,0.666666666666667,0.633333333333333,0.566666666666667,0.55,0.5,0,0,0,0,0,0,0,0,2259,5.517481,-4.231648121003
"260",87,87,2,7.89032180716607,26.9602809009022,29.6957010722373,31.7008950234231,34.8613288736008,37.7537446955381,43.7175849162748,46.0397407817261,51.0075275478463,1,1,1,1,1,1,1,1,0.793103448275862,0.758620689655172,0.741379310344828,0.706896551724138,0.672413793103448,0.620689655172414,0.586206896551724,0.53448275862069,0,0,0,0,0,0,0,0,2260,8.396959,0.506637192833928
"261",87,87,3,8.96578445435967,28.0357435480958,30.7711637194309,32.7763576706167,35.9367915207944,38.8292073427317,44.7930475634684,47.1152034289197,52.0829901950399,1,1,1,1,1,1,1,1,0.766666666666667,0.733333333333333,0.716666666666667,0.683333333333333,0.65,0.583333333333333,0.55,0.5,0,0,0,0,0,0,0,0,2261,5.05266,-3.91312445435968
"262",88,88,1,7.71308935958216,26.7826745984706,29.5180411435715,31.5231957841602,34.6835676759713,37.5759267938711,43.5396500971793,45.8617604381896,50.8294498138983,1,1,1,1,1,1,1,1,0.766666666666667,0.75,0.716666666666667,0.683333333333333,0.65,0.6,0.566666666666667,0.516666666666667,0,0,0,0,0,0,0,0,2262,4.951082,-2.76200735958216
"263",88,88,2,7.67513690476126,26.7447221436497,29.4800886887506,31.4852433293393,34.6456152211504,37.5379743390502,43.5016976423584,45.8238079833687,50.7914973590774,1,1,1,1,1,1,1,1,0.867924528301887,0.849056603773585,0.811320754716981,0.773584905660377,0.735849056603774,0.679245283018868,0.641509433962264,0.584905660377358,0,0,0,0,0,0,0,0,2263,16.836044,9.16090709523874
"264",88,88,3,12.115699658046,31.1852848969344,33.9206514420353,35.925806082624,39.0861779744351,41.9785370923349,47.9422603956431,50.2643707366534,55.2320601123621,1,1,1,1,1,1,1,1,0.758620689655172,0.724137931034483,0.706896551724138,0.655172413793103,0.637931034482759,0.568965517241379,0.53448275862069,0.482758620689655,0,0,0,0,0,0,0,0,2264,9.003918,-3.11178165804599
"265",89,89,1,9.19817114718401,28.2641262677433,30.9989721038666,33.0037450398445,36.1635153179451,39.0553238414971,45.0179118804038,47.3395801805828,52.3063238985842,1,1,1,1,1,1,1,1,0.75,0.733333333333333,0.7,0.666666666666667,0.65,0.583333333333333,0.55,0.5,0,0,0,0,0,0,0,0,2265,5.092549,-4.10562214718401
"266",89,89,2,7.73371532687309,26.7996704474324,29.5345162835557,31.5392892195336,34.6990594976342,37.5908680211862,43.5534560600929,45.8751243602719,50.8418680782733,1,1,1,1,1,1,1,1,0.766666666666667,0.75,0.716666666666667,0.683333333333333,0.65,0.6,0.566666666666667,0.516666666666667,0,0,0,0,0,0,0,0,2266,5.323807,-2.40990832687309
"267",89,89,3,7.82030064370039,26.8862557642597,29.621101600383,31.6258745363609,34.7856448144615,37.6774533380135,43.6400413769202,45.9617096770992,50.9284533951006,1,1,1,1,1,1,1,1,0.766666666666667,0.75,0.716666666666667,0.683333333333333,0.65,0.6,0.566666666666667,0.516666666666667,0,0,0,0,0,0,0,0,2267,5.239845,-2.58045564370039
"268",90,90,1,7.77382309625159,26.8206098273378,29.5527061243059,31.5554635164414,34.7120570479824,37.600958226389,43.5575516424681,45.8768858008785,50.8386360906777,1,1,1,1,1,1,1,1,0.766666666666667,0.75,0.716666666666667,0.683333333333333,0.65,0.6,0.566666666666667,0.516666666666667,0,0,0,0,0,0,0,0,2268,5.147236,-2.62658709625159
"269",90,90,2,7.73913196453822,26.7859186956244,29.5180149925925,31.520772384728,34.677365916269,37.5662670946757,43.5228605107547,45.8421946691651,50.8039449589643,1,1,1,1,1,1,1,1,0.836363636363636,0.818181818181818,0.781818181818182,0.745454545454545,0.709090909090909,0.654545454545455,0.618181818181818,0.563636363636364,0,0,0,0,0,0,0,0,2269,12.598487,4.85935503546178
"270",90,90,3,10.5303545225014,29.5771412535876,32.3092375505557,34.3119949426912,37.4685884742322,40.3574896526388,46.3140830687178,48.6334172271283,53.5951675169275,1,1,1,1,1,1,1,1,0.775862068965517,0.741379310344828,0.724137931034483,0.689655172413793,0.655172413793103,0.586206896551724,0.551724137931034,0.5,0,0,0,0,0,0,0,0,2270,9.148524,-1.38183052250136
"271",91,91,1,9.24257859862233,28.2895639920787,31.0216887854401,33.0244670667963,36.1810935223345,39.0700248326454,45.026680377365,47.3460387269646,52.3078407689615,1,1,1,1,1,1,1,1,0.737704918032787,0.721311475409836,0.688524590163934,0.655737704918033,0.622950819672131,0.573770491803279,0.540983606557377,0.491803278688525,0,0,0,0,0,0,0,0,2271,4.602867,-4.63971159862233
"272",91,91,2,7.53904386982957,26.586029263286,29.3181540566474,31.3209323380035,34.4775587935417,37.3664901038527,43.3231456485722,45.6425039981718,50.6043060401688,1,1,1,1,1,1,1,1,0.766666666666667,0.75,0.716666666666667,0.683333333333333,0.666666666666667,0.6,0.566666666666667,0.516666666666667,0,0,0,0,0,0,0,0,2272,5.007192,-2.53185186982957
"273",91,91,3,7.69056909032446,26.7375544837809,29.4696792771423,31.4724575584984,34.6290840140366,37.5180153243475,43.4746708690671,45.7940292186667,50.7558312606637,1,1,1,1,1,1,1,1,0.766666666666667,0.75,0.716666666666667,0.683333333333333,0.65,0.6,0.566666666666667,0.516666666666667,0,0,0,0,0,0,0,0,2273,5.372097,-2.31847209032446
"274",92,92,1,7.82399731643841,26.8710209217714,29.603151196295,31.6059334956054,34.7625662839368,37.6515033899936,43.6081708848975,45.9275338875713,50.8893458838871,1,1,1,1,1,1,1,1,0.766666666666667,0.75,0.716666666666667,0.683333333333333,0.65,0.6,0.566666666666667,0.516666666666667,0,0,0,0,0,0,0,0,2274,5.241445,-2.58255231643841
"275",92,92,2,7.77506583119749,26.8220894365305,29.554219711054,31.5570020103645,34.7136347986959,37.6025719047527,43.5592393996566,45.8786024023303,50.8404143986462,1,1,1,1,1,1,1,1,0.867924528301887,0.849056603773585,0.811320754716981,0.773584905660377,0.735849056603774,0.679245283018868,0.641509433962264,0.584905660377358,0,0,0,0,0,0,0,0,2275,16.087205,8.31213916880251
"276",92,92,3,11.8369948132759,30.8840184186089,33.6161486931325,35.6189309924429,38.7755637807743,41.6645008868311,47.621168381735,49.9405313844088,54.9023433807246,1,1,1,1,1,1,1,1,0.771929824561403,0.736842105263158,0.719298245614035,0.684210526315789,0.649122807017544,0.578947368421053,0.56140350877193,0.491228070175439,0,0,0,0,0,0,0,0,2276,9.732668,-2.10432681327592
"277",93,93,1,9.46826425367432,28.5139619452028,31.2459020288954,33.2485449092209,36.404957955976,39.2936939554627,45.2499467909518,47.5691483366186,52.5306149280483,1,1,1,1,1,1,1,1,0.75,0.733333333333333,0.7,0.666666666666667,0.633333333333333,0.583333333333333,0.55,0.5,0,0,0,0,0,0,0,0,2277,5.151201,-4.31706325367432
"278",93,93,2,7.75062245620993,26.7963201477384,29.528260231431,31.5309031117565,34.6873161585116,37.5760521579983,43.5323049934875,45.8515065391542,50.8129731305839,1,1,1,1,1,1,1,1,0.766666666666667,0.75,0.716666666666667,0.683333333333333,0.65,0.6,0.566666666666667,0.516666666666667,0,0,0,0,0,0,0,0,2278,5.071366,-2.67925645620993
"279",93,93,3,7.72069144657905,26.7663891381075,29.4983292218001,31.5009721021256,34.6573851488808,37.5461211483674,43.5023739838566,45.8215755295234,50.783042120953,1,1,1,1,1,1,1,1,0.766666666666667,0.75,0.716666666666667,0.683333333333333,0.65,0.6,0.566666666666667,0.516666666666667,0,0,0,0,0,0,0,0,2279,5.156929,-2.56376244657905
"280",94,94,1,7.74000011473558,26.7767974469609,29.5074608513355,31.5091678645964,34.6641058690255,37.5514919159536,43.5049612991799,45.8230790448522,50.7822270635496,0,0,0,0,0,0,0,0,0,0,0,0,0,0,0,0,0,0,0,0,0,0,0,0,2280,85.395958,77.6559578852644
"281",94,94,2,37.8626265942282,56.8994239264535,59.6300873308281,61.631794344089,64.7867323485181,67.6741183954462,73.6275877786726,75.9457055243449,80.9048535430423,1,1,1,1,1,1,1,1,0.45,0.416666666666667,0.4,0.366666666666667,0.333333333333333,0.266666666666667,0.25,0.2,1,1,1,1,1,1,1,1,2281,5.113421,-32.7492055942282
"282",94,94,3,7.72366672624369,26.760464058469,29.4911274628436,31.4928344761045,34.6477724805336,37.5351585274617,43.488627910688,45.8067456563603,50.7658936750577,1,1,1,1,1,1,1,1,0.821428571428571,0.803571428571429,0.767857142857143,0.732142857142857,0.696428571428571,0.642857142857143,0.607142857142857,0.553571428571429,1,1,1,1,1,1,1,1,2282,10.990942,3.26727527375631
"283",95,95,1,9.94069462299304,29.2272722417482,31.9937644610047,34.0217357109749,37.2180694031858,40.1433406101825,46.1749249863058,48.5234585684563,53.5476751694071,1,1,1,1,1,1,1,1,0.737704918032787,0.704918032786885,0.688524590163934,0.655737704918033,0.622950819672131,0.557377049180328,0.524590163934426,0.475409836065574,0,0,0,0,0,0,0,0,2283,4.567947,-5.37274762299304
"284",95,95,2,7.58942341131055,26.8760010300657,29.6424932493222,31.6704644992924,34.8667981915033,37.7920693985,43.8236537746234,46.1721873567738,51.1964039577246,1,1,1,1,1,1,1,1,0.766666666666667,0.75,0.716666666666667,0.683333333333333,0.65,0.583333333333333,0.566666666666667,0.516666666666667,0,0,0,0,0,0,0,0,2284,4.840471,-2.74895241131055
"285",95,95,3,7.68918650246858,26.9757641212237,29.7422563404803,31.7702275904505,34.9665612826613,37.891832489658,43.9234168657814,46.2719504479318,51.2961670488827,1,1,1,1,1,1,1,1,0.766666666666667,0.733333333333333,0.716666666666667,0.683333333333333,0.65,0.583333333333333,0.566666666666667,0.516666666666667,0,0,0,0,0,0,0,0,2285,5.553997,-2.13518950246858
"286",96,96,1,7.94468894343365,27.2317425609803,29.9983030581335,32.0263243590709,35.2227369378009,38.1480803414095,44.1798135789292,46.5284051236258,51.55274572382,1,1,1,1,1,1,1,1,0.766666666666667,0.733333333333333,0.716666666666667,0.683333333333333,0.65,0.583333333333333,0.566666666666667,0.516666666666667,0,0,0,0,0,0,0,0,2286,4.838196,-3.10649294343365
"287",96,96,2,7.68255646763371,26.9696100851803,29.7361705823335,31.764191883271,34.960604462001,37.8859478656096,43.9176811031292,46.2662726478259,51.29061324802,1,1,1,1,1,1,1,1,0.867924528301887,0.830188679245283,0.811320754716981,0.773584905660377,0.735849056603774,0.660377358490566,0.641509433962264,0.584905660377358,0,0,0,0,0,0,0,0,2287,17.17706,9.49450353236629
"288",96,96,3,12.2011544702612,31.4882080878078,34.254768584961,36.2827898858985,39.4792024646285,42.4045458682371,48.4362791057567,50.7848706504534,55.8092112506475,1,1,1,1,1,1,1,1,0.767857142857143,0.75,0.714285714285714,0.678571428571429,0.642857142857143,0.589285714285714,0.553571428571429,0.5,0,0,0,0,0,0,0,0,2288,11.42493,-0.776224470261209
"289",97,97,1,10.1099579885366,29.394941160679,32.1612046704032,34.1890082653361,37.3850777124574,40.310107083455,46.3411928206043,48.6895322464099,53.713333488799,1,1,1,1,1,1,1,1,0.75,0.716666666666667,0.7,0.666666666666667,0.633333333333333,0.566666666666667,0.533333333333333,0.483333333333333,0,0,0,0,0,0,0,0,2289,4.755102,-5.35485598853657
"290",97,97,2,7.66458742876476,26.9495706009072,29.7158341106314,31.7436377055643,34.9397071526856,37.8647365236832,43.8958222608325,46.2441616866381,51.2679629290272,1,1,1,1,1,1,1,1,0.754098360655738,0.721311475409836,0.704918032786885,0.672131147540984,0.639344262295082,0.573770491803279,0.557377049180328,0.508196721311475,0,0,0,0,0,0,0,0,2290,4.617241,-3.04734642876476
"291",97,97,3,7.61404321222114,26.8990263843636,29.6652898940877,31.6930934890206,34.889162936142,37.8141923071396,43.8452780442889,46.1936174700945,51.2174187124835,1,1,1,1,1,1,1,1,0.766666666666667,0.75,0.716666666666667,0.683333333333333,0.65,0.583333333333333,0.566666666666667,0.516666666666667,0,0,0,0,0,0,0,0,2291,4.830075,-2.78396821222114
"292",98,98,1,7.67551219399806,26.9458268647459,29.7099863052164,31.7362475166484,34.9298859764714,37.8526905180758,43.8791889040848,46.2257421411322,51.2457221908932,1,1,1,1,1,1,1,1,0.754098360655738,0.721311475409836,0.704918032786885,0.672131147540984,0.639344262295082,0.573770491803279,0.557377049180328,0.508196721311475,0,0,0,0,0,0,0,0,2292,4.651411,-3.02410119399806
"293",98,98,2,7.60995329722296,26.8802679679708,29.6444274084413,31.6706886198733,34.8643270796963,37.7871316213007,43.8136300073097,46.1601832443571,51.1801632941182,1,1,1,1,1,1,1,1,0.766666666666667,0.75,0.716666666666667,0.683333333333333,0.65,0.583333333333333,0.566666666666667,0.516666666666667,0,0,0,0,0,0,0,0,2293,5.64532,-1.96463329722296
"294",98,98,3,7.97465786856826,27.2449725393161,30.0091319797866,32.0353931912186,35.2290316510416,38.151836192646,44.178334578655,46.5248878157024,51.5448678654634,1,1,1,1,1,1,1,1,0.807017543859649,0.771929824561403,0.754385964912281,0.719298245614035,0.684210526315789,0.614035087719298,0.596491228070175,0.543859649122807,0,0,0,0,0,0,0,0,2294,9.930068,1.95541013143174
"295",99,99,1,9.54698009443081,28.817132236631,31.5812683637915,33.6075124854511,36.8011240096775,39.7239038999368,45.7503514576097,48.0968849034967,53.116822614039,1,1,1,1,1,1,1,1,0.75,0.716666666666667,0.7,0.666666666666667,0.633333333333333,0.566666666666667,0.55,0.5,0,0,0,0,0,0,0,0,2295,5.231897,-4.31508309443081
"296",99,99,2,7.82144123418064,27.0915933763808,29.8557295035413,31.8819736252009,35.0755851494273,37.9983650396866,44.0248125973595,46.3713460432465,51.3912837537888,1,1,1,1,1,1,1,1,0.766666666666667,0.733333333333333,0.716666666666667,0.683333333333333,0.65,0.583333333333333,0.566666666666667,0.516666666666667,0,0,0,0,0,0,0,0,2296,5.137174,-2.68426723418064
"297",99,99,3,7.7866514793038,27.0568036215039,29.8209397486645,31.8471838703241,35.0407953945505,37.9635752848098,43.9900228424827,46.3365562883697,51.356493998912,1,1,1,1,1,1,1,1,0.766666666666667,0.733333333333333,0.716666666666667,0.683333333333333,0.65,0.583333333333333,0.566666666666667,0.516666666666667,0,0,0,0,0,0,0,0,2297,4.939052,-2.8475994793038
"298",100,100,1,7.71370127602435,26.9836659102752,29.7477751410474,31.7739995463665,34.9675799952001,37.8903314453901,43.9167203627982,46.263230975774,51.2831198398817,1,1,1,1,1,1,1,1,0.766666666666667,0.733333333333333,0.716666666666667,0.683333333333333,0.65,0.583333333333333,0.566666666666667,0.516666666666667,0,0,0,0,0,0,0,0,2298,4.747878,-2.96582327602435
"299",100,100,2,7.6435320486653,26.9134966829162,29.6776059136883,31.7038303190075,34.8974107678411,37.820162218031,43.8465511354392,46.1930617484149,51.2129506125227,1,1,1,1,1,1,1,1,0.836363636363636,0.818181818181818,0.781818181818182,0.745454545454545,0.709090909090909,0.636363636363636,0.618181818181818,0.563636363636364,0,0,0,0,0,0,0,0,2299,13.0722,5.4286679513347
"300",100,100,3,10.6989226510901,29.968887285341,32.7329965161131,34.7592209214322,37.9528013702658,40.8755528204558,46.9019417378639,49.2484523508397,54.2683412149474,1,1,1,1,1,1,1,1,0.771929824561403,0.754385964912281,0.719298245614035,0.684210526315789,0.649122807017544,0.578947368421053,0.56140350877193,0.508771929824561,0,0,0,0,0,0,0,0,2300,10.73085,0.031927348909937
"301",101,101,1,9.85432304157882,29.1189885559814,31.8823376739892,33.9080048802596,37.1007071144278,40.0226548262345,46.0473865243518,48.3932518615733,53.4117602876148,1,1,1,1,1,1,1,1,0.75,0.716666666666667,0.7,0.666666666666667,0.633333333333333,0.566666666666667,0.55,0.483333333333333,0,0,0,0,0,0,0,0,2301,4.818212,-5.03611104157882
"302",101,101,2,7.6793473799223,26.9440128943249,29.7073620123327,31.7330292186031,34.9257314527713,37.847679164578,43.8724108626953,46.2182761999168,51.2367846259583,1,1,1,1,1,1,1,1,0.766666666666667,0.733333333333333,0.716666666666667,0.683333333333333,0.65,0.583333333333333,0.566666666666667,0.516666666666667,0,0,0,0,0,0,0,0,2302,4.992175,-2.6871723799223
"303",101,101,3,7.74334001587071,27.0080055302733,29.7713546482811,31.7970218545515,34.9897240887197,37.9116718005264,43.9364034986437,46.2822688358652,51.3007772619067,1,1,1,1,1,1,1,1,0.766666666666667,0.733333333333333,0.716666666666667,0.683333333333333,0.65,0.583333333333333,0.566666666666667,0.516666666666667,0,0,0,0,0,0,0,0,2303,4.965594,-2.77774601587071
"304",102,102,1,7.70132143590537,26.7908875340737,29.5291201600742,31.5363757751837,34.7000590628773,37.5954487564188,43.5654207701533,45.8899641876765,50.8628586426315,1,1,1,1,1,1,1,1,0.766666666666667,0.75,0.716666666666667,0.683333333333333,0.65,0.6,0.566666666666667,0.516666666666667,0,0,0,0,0,0,0,0,2304,4.718575,-2.98274643590537
"305",102,102,2,7.61152079059497,26.7010868887633,29.4393195147638,31.4465751298733,34.6102584175669,37.5056481111084,43.4756201248429,45.8001635423661,50.7730579973211,1,1,1,1,1,1,1,1,0.766666666666667,0.75,0.716666666666667,0.683333333333333,0.65,0.6,0.566666666666667,0.516666666666667,0,0,0,0,0,0,0,0,2305,5.193856,-2.41766479059497
"306",102,102,3,7.78430321018121,26.8738693083495,29.61210193435,31.6193575494595,34.7830408371532,37.6784305306946,43.6484025444291,45.9729459619524,50.9458404169073,1,1,1,1,1,1,1,1,0.807017543859649,0.789473684210526,0.754385964912281,0.719298245614035,0.684210526315789,0.631578947368421,0.596491228070175,0.543859649122807,0,0,0,0,0,0,0,0,2306,10.643804,2.85950078981879
"307",103,103,1,9.76673868884135,28.8563018681156,31.5945340754261,33.6017893836158,36.7654721875658,39.6608614383871,45.6308325392818,47.9553756013702,52.9282692959437,1,1,1,1,1,1,1,1,0.75,0.716666666666667,0.7,0.666666666666667,0.633333333333333,0.566666666666667,0.55,0.5,0,0,0,0,0,0,0,0,2307,5.28738,-4.47935868884135
"308",103,103,2,7.82136098709959,26.9109241663739,29.6491563736843,31.656411681874,34.820094485824,37.7154837366453,43.68545483754,46.0099978996285,50.982891594202,1,1,1,1,1,1,1,1,0.766666666666667,0.75,0.716666666666667,0.683333333333333,0.65,0.6,0.566666666666667,0.516666666666667,0,0,0,0,0,0,0,0,2308,4.941081,-2.88027998709959
"309",103,103,3,7.69559007114232,26.7851532504166,29.5233854577271,31.5306407659167,34.6943235698667,37.5897128206881,43.5596839215828,45.8842269836712,50.8571206782447,1,1,1,1,1,1,1,1,0.766666666666667,0.75,0.716666666666667,0.683333333333333,0.65,0.6,0.566666666666667,0.516666666666667,0,0,0,0,0,0,0,0,2309,4.761982,-2.93360807114232
"310",104,104,1,7.62615160798648,26.7158635778214,29.4541171278468,31.4613880812684,34.6250955440402,37.520507362512,43.4905249953959,45.8150861757651,50.7880186307667,1,1,1,1,1,1,1,1,0.766666666666667,0.75,0.716666666666667,0.683333333333333,0.65,0.6,0.566666666666667,0.516666666666667,0,0,0,0,0,0,0,0,2310,5.343579,-2.28257260798648
"311",104,104,2,7.83750784729894,26.9272198171338,29.6654733671593,31.6727443205808,34.8364517833527,37.7318636018245,43.7018812347084,46.0264424150776,50.9993748700792,1,1,1,1,1,1,1,1,0.851851851851852,0.833333333333333,0.796296296296296,0.759259259259259,0.722222222222222,0.666666666666667,0.62962962962963,0.574074074074074,0,0,0,0,0,0,0,0,2311,14.347544,6.51003615270107
"312",104,104,3,11.1096089435923,30.1993209134273,32.9375744634527,34.9448454168742,38.1085528796461,41.0039646981179,46.9739823310018,49.298543511371,54.2714759663726,0,0,0,0,0,0,0,0,0,0,0,0,0,0,0,0,0,0,0,0,0,0,0,0,2312,89.007773,77.8981640564077
"313",105,105,1,38.4052240299105,57.7078004930516,60.4765876077213,62.5062411259035,65.7052262810312,68.6329240957834,74.6695118676228,77.019993634882,82.0483779871649,1,1,1,1,1,1,1,1,0.482142857142857,0.446428571428571,0.410714285714286,0.375,0.357142857142857,0.285714285714286,0.25,0.196428571428571,1,1,1,1,1,1,1,1,2313,11.018362,-27.3868620299105
"314",105,105,2,9.95176439311579,29.254340856257,32.0231279709266,34.0527814891089,37.2517666442365,40.1794644589887,46.2160522308281,48.5665339980873,53.5949183503702,1,1,1,1,1,1,1,1,0.75,0.716666666666667,0.7,0.666666666666667,0.633333333333333,0.566666666666667,0.533333333333333,0.483333333333333,1,1,1,1,1,1,1,1,2314,4.879506,-5.07225839311579
"315",105,105,3,7.71207968242994,27.0146561455711,29.7834432602407,31.813096778423,35.0120819335506,37.9397797483029,43.9763675201423,46.3268492874015,51.3552336396843,1,1,1,1,1,1,1,1,0.754098360655738,0.721311475409836,0.704918032786885,0.672131147540984,0.639344262295082,0.573770491803279,0.557377049180328,0.508196721311475,0,0,0,0,0,0,0,0,2315,4.276307,-3.43577268242994
"316",106,106,1,7.50321913349774,26.8299090274204,29.6021550045153,31.6343440344576,34.8373254699396,37.7686806637335,43.8128095450031,46.1662276135123,51.2008935934449,1,1,1,1,1,1,1,1,0.766666666666667,0.75,0.716666666666667,0.683333333333333,0.65,0.583333333333333,0.566666666666667,0.516666666666667,0,0,0,0,0,0,0,0,2316,4.851803,-2.65141613349773
"317",106,106,2,7.70905469383166,27.0357445877544,29.8079905648492,31.8401795947915,35.0431610302736,37.9745162240674,44.018645105337,46.3720631738462,51.4067291537788,1,1,1,1,1,1,1,1,0.766666666666667,0.733333333333333,0.716666666666667,0.683333333333333,0.65,0.583333333333333,0.566666666666667,0.516666666666667,0,0,0,0,0,0,0,0,2317,6.198339,-1.51071569383166
"318",106,106,3,8.19066532547774,27.5173552194004,30.2896011964953,32.3217902264376,35.5247716619197,38.4561268557135,44.5002557369831,46.8536738054923,51.8883397854249,1,1,1,1,1,1,1,1,0.807017543859649,0.771929824561403,0.754385964912281,0.719298245614035,0.684210526315789,0.614035087719298,0.596491228070175,0.526315789473684,0,0,0,0,0,0,0,0,2318,9.737366,1.54670067452226
"319",107,107,1,9.45959698690276,28.7856954760694,31.5578566212833,33.5899834653953,36.7928668883121,39.7241323814167,45.7680763098265,48.1214223627632,53.1559342798209,1,1,1,1,1,1,1,1,0.75,0.716666666666667,0.7,0.666666666666667,0.633333333333333,0.566666666666667,0.55,0.483333333333333,0,0,0,0,0,0,0,0,2319,4.716172,-4.74342498690276
"320",107,107,2,7.66433222369825,26.9904307128649,29.7625918580788,31.7947187021908,34.9976021251076,37.9288676182122,43.972811546622,46.3261575995587,51.3606695166164,1,1,1,1,1,1,1,1,0.766666666666667,0.733333333333333,0.716666666666667,0.683333333333333,0.65,0.583333333333333,0.566666666666667,0.516666666666667,0,0,0,0,0,0,0,0,2320,4.896341,-2.76799122369825
"321",107,107,3,7.72874938366495,27.0548478728316,29.8270090180455,31.8591358621575,35.0620192850743,37.9932847781789,44.0372287065887,46.3905747595254,51.4250866765831,1,1,1,1,1,1,1,1,0.754098360655738,0.721311475409836,0.704918032786885,0.672131147540984,0.639344262295082,0.573770491803279,0.557377049180328,0.508196721311475,0,0,0,0,0,0,0,0,2321,4.181952,-3.54679738366495
"322",108,108,1,7.47031327644751,26.7968094344727,29.569027621834,31.6011962805711,34.8041456085124,37.7354714176194,43.779539710928,46.1329341881464,51.1675496992435,1,1,1,1,1,1,1,1,0.766666666666667,0.75,0.716666666666667,0.683333333333333,0.65,0.583333333333333,0.566666666666667,0.516666666666667,0,0,0,0,0,0,0,0,2322,5.382843,-2.08747027644751
"323",108,108,2,7.89968845377202,27.2261846117972,29.9984027991585,32.0305714578956,35.2335207858369,38.1648465949439,44.2089148882525,46.5623093654709,51.596924876568,1,1,1,1,1,1,1,1,0.851851851851852,0.814814814814815,0.796296296296296,0.759259259259259,0.722222222222222,0.648148148148148,0.62962962962963,0.555555555555556,0,0,0,0,0,0,0,0,2323,14.690809,6.79112054622798
"324",108,108,3,11.2277253461965,30.5542215042217,33.326439691583,35.3586083503201,38.5615576782614,41.4928834873684,47.536951780677,49.8903462578955,54.9249617689926,1,1,1,1,1,1,1,1,0.771929824561403,0.736842105263158,0.719298245614035,0.684210526315789,0.649122807017544,0.578947368421053,0.56140350877193,0.491228070175439,0,0,0,0,0,0,0,0,2324,9.871093,-1.35663234619654
"325",109,109,1,9.51098275559329,28.8383523652245,31.6106958416401,33.6429563432526,36.846050426933,39.7775087158861,45.8218501679253,48.1753510056639,53.2101940537635,1,1,1,1,1,1,1,1,0.75,0.716666666666667,0.7,0.666666666666667,0.633333333333333,0.566666666666667,0.55,0.483333333333333,0,0,0,0,0,0,0,0,2325,6.207416,-3.30356675559329
"326",109,109,2,8.20217519324732,27.5295448028785,30.3018882792942,32.3341487809067,35.537242864587,38.4687011535401,44.5130426055793,46.866543443318,51.9013864914175,1,1,1,1,1,1,1,1,0.754098360655738,0.721311475409836,0.704918032786885,0.672131147540984,0.639344262295082,0.573770491803279,0.557377049180328,0.491803278688525,0,0,0,0,0,0,0,0,2326,4.427645,-3.77453019324732
"327",109,109,3,7.56637194311254,26.8937415527437,29.6660850291594,31.6983455307719,34.9014396144522,37.8328979034053,43.8772393554445,46.2307401931832,51.2655832412828,1,1,1,1,1,1,1,1,0.754098360655738,0.737704918032787,0.704918032786885,0.672131147540984,0.639344262295082,0.573770491803279,0.557377049180328,0.508196721311475,0,0,0,0,0,0,0,0,2327,4.614428,-2.95194394311254
"328",110,110,1,7.61552801754056,26.9237032229512,29.6932934286219,31.723535650958,34.9234486766962,37.8519956747447,43.8903343682389,46.2414978963837,51.2713407393542,1,1,1,1,1,1,1,1,0.766666666666667,0.733333333333333,0.716666666666667,0.683333333333333,0.65,0.583333333333333,0.566666666666667,0.516666666666667,0,0,0,0,0,0,0,0,2328,6.020892,-1.59463601754056
"329",110,110,2,8.11949485151018,27.4276700569208,30.1972602625915,32.2275024849277,35.4274155106658,38.3559625087143,44.3943012022085,46.7454647303533,51.7753075733238,1,1,1,1,1,1,1,1,0.766666666666667,0.733333333333333,0.716666666666667,0.683333333333333,0.65,0.583333333333333,0.566666666666667,0.5,0,0,0,0,0,0,0,0,2329,4.901993,-3.21750185151018
"330",110,110,3,7.71856885087186,27.0267440562825,29.7963342619532,31.8265764842893,35.0264895100275,37.955036508076,43.9933752015702,46.344538729715,51.3743815726855,1,1,1,1,1,1,1,1,0.793103448275862,0.758620689655172,0.741379310344828,0.706896551724138,0.672413793103448,0.603448275862069,0.586206896551724,0.53448275862069,0,0,0,0,0,0,0,0,2330,8.886115,1.16754614912814
"331",111,111,1,9.1491537033023,28.4530640740038,31.2220425261393,33.2518363038448,36.4510425253411,39.3789426591079,45.4159475902878,47.7665917879566,52.7953236275252,1,1,1,1,1,1,1,1,0.75,0.733333333333333,0.7,0.666666666666667,0.633333333333333,0.566666666666667,0.55,0.5,0,0,0,0,0,0,0,0,2331,5.710382,-3.4387717033023
"332",111,111,2,8.01033437357575,27.3142447442772,30.0832231964127,32.1130169741183,35.3122231956145,38.2401233293814,44.2771282605613,46.62777245823,51.6565042977986,1,1,1,1,1,1,1,1,0.754098360655738,0.721311475409836,0.704918032786885,0.672131147540984,0.639344262295082,0.573770491803279,0.557377049180328,0.491803278688525,0,0,0,0,0,0,0,0,2332,4.555968,-3.45436637357575
"333",111,111,3,7.59636097666016,26.9002713473616,29.6692497994971,31.6990435772027,34.898249798699,37.8261499324658,43.8631548636457,46.2137990613144,51.2425309008831,1,1,1,1,1,1,1,1,0.754098360655738,0.737704918032787,0.704918032786885,0.672131147540984,0.639344262295082,0.573770491803279,0.557377049180328,0.508196721311475,0,0,0,0,0,0,0,0,2333,4.09089,-3.50547097666016
"334",112,112,1,7.42518747287117,26.7292563321291,29.4982575180729,31.5280679607483,34.7273004482998,37.6552246206503,43.6922791167204,46.0429426135984,51.0717157399547,1,1,1,1,1,1,1,1,0.779661016949153,0.76271186440678,0.728813559322034,0.694915254237288,0.661016949152542,0.610169491525424,0.576271186440678,0.525423728813559,0,0,0,0,0,0,0,0,2334,6.368174,-1.05701347287117
"335",112,112,2,8.24198904956747,27.5460579088254,30.3150590947691,32.3448695374446,35.5441020249961,38.4720261973466,44.5090806934167,46.8597441902947,51.888517316651,1,1,1,1,1,1,1,1,0.851851851851852,0.814814814814815,0.796296296296296,0.759259259259259,0.722222222222222,0.648148148148148,0.62962962962963,0.555555555555556,0,0,0,0,0,0,0,0,2335,15.587912,7.34592295043253
"336",112,112,3,11.5488653702753,30.8529342295332,33.6219354154769,35.6517458581524,38.8509783457039,41.7789025180544,47.8159570141245,50.1666205110025,55.1953936373588,1,1,1,1,1,1,1,1,0.771929824561403,0.736842105263158,0.719298245614035,0.684210526315789,0.649122807017544,0.578947368421053,0.543859649122807,0.491228070175439,0,0,0,0,0,0,0,0,2336,9.402292,-2.14657337027527
"337",113,113,1,9.33571476348204,28.6409747796555,31.4101468267238,33.4400825187839,36.6395124148678,39.5676172546803,45.6050442669937,47.9558528114832,52.9849362381151,1,1,1,1,1,1,1,1,0.75,0.716666666666667,0.7,0.666666666666667,0.633333333333333,0.566666666666667,0.55,0.5,0,0,0,0,0,0,0,0,2337,6.094324,-3.24139076348204
"338",113,113,2,8.15011330530625,27.4553733214798,30.224545368548,32.2544810606081,35.453910956692,38.3820157965045,44.4194428088179,46.7702513533074,51.7993347799393,1,1,1,1,1,1,1,1,0.754098360655738,0.721311475409836,0.704918032786885,0.672131147540984,0.639344262295082,0.573770491803279,0.557377049180328,0.491803278688525,0,0,0,0,0,0,0,0,2338,4.461859,-3.68825430530625
"339",113,113,3,7.56502515317753,26.870285169351,29.6394572164193,31.6693929084794,34.8688228045633,37.7969276443757,43.8343546566892,46.1851632011786,51.2142466278106,1,1,1,1,1,1,1,1,0.754098360655738,0.737704918032787,0.704918032786885,0.672131147540984,0.639344262295082,0.573770491803279,0.557377049180328,0.508196721311475,0,0,0,0,0,0,0,0,2339,4.584137,-2.98088815317753
"340",114,114,1,7.59113269941159,26.8735303179938,29.6394229524934,31.66695467813,34.8625956255911,37.7872328354944,43.8175099800169,46.1655345620236,51.1886622592469,1,1,1,1,1,1,1,1,0.766666666666667,0.75,0.716666666666667,0.683333333333333,0.65,0.583333333333333,0.566666666666667,0.516666666666667,0,0,0,0,0,0,0,0,2340,6.127528,-1.46360469941159
"341",114,114,2,8.14630008961567,27.4286977081979,30.1945903426974,32.222122068334,35.4177630157952,38.3424002256985,44.372677370221,46.7207019522277,51.743829649451,0,0,0,0,0,0,0,0,0,0,0,0,0,0,0,0,0,0,0,0,0,0,0,0,2341,73.3718,65.2254999103843
"342",114,114,3,32.3344850618058,51.616882680388,54.3827753148875,56.4103070405241,59.6059479879852,62.5305851978886,68.5608623424111,70.9088869244178,75.9320146216411,1,1,1,1,1,1,1,1,0.576923076923077,0.557692307692308,0.519230769230769,0.480769230769231,0.442307692307692,0.384615384615385,0.346153846153846,0.288461538461538,1,1,1,1,1,1,1,1,2342,17.299651,-15.0348340618058
"343",115,115,1,12.1402691389277,31.533154880282,34.3148960773421,36.3540455581282,39.5679975256358,42.5093929043884,48.5742235320759,50.9357022930401,55.9876125079092,1,1,1,1,1,1,1,1,0.716666666666667,0.7,0.666666666666667,0.633333333333333,0.6,0.533333333333333,0.516666666666667,0.466666666666667,1,1,1,1,1,1,1,1,2343,5.42353,-6.71673913892765
"344",115,115,2,7.91523917632001,27.3081249176744,30.0898661147345,32.1290155955205,35.3429675630281,38.2843629417808,44.3491935694683,46.7106723304325,51.7625825453016,1,1,1,1,1,1,1,1,0.766666666666667,0.733333333333333,0.716666666666667,0.683333333333333,0.65,0.583333333333333,0.566666666666667,0.5,0,0,0,0,0,0,0,0,2344,5.142515,-2.77272417632001
"345",115,115,3,7.8152657258186,27.208151467173,29.9898926642331,32.0290421450191,35.2429941125267,38.1843894912794,44.2492201189669,46.610698879931,51.6626090948002,1,1,1,1,1,1,1,1,0.754098360655738,0.721311475409836,0.704918032786885,0.672131147540984,0.639344262295082,0.573770491803279,0.557377049180328,0.491803278688525,0,0,0,0,0,0,0,0,2345,4.54958,-3.2656857258186
"346",116,116,1,7.59887627949523,26.9929792648675,29.7748950650206,31.8141725382333,35.0283262376471,37.9699062405953,44.0351175428714,46.396744528083,51.4489718390033,1,1,1,1,1,1,1,1,0.766666666666667,0.733333333333333,0.716666666666667,0.683333333333333,0.65,0.583333333333333,0.566666666666667,0.516666666666667,0,0,0,0,0,0,0,0,2346,5.042234,-2.55664227949523
"347",116,116,2,7.77426825411166,27.168371239484,29.950287039637,31.9895645128498,35.2037182122635,38.1452982152117,44.2105095174878,46.5721365026994,51.6243638136197,1,1,1,1,1,1,1,1,0.867924528301887,0.830188679245283,0.811320754716981,0.773584905660377,0.735849056603774,0.660377358490566,0.641509433962264,0.566037735849057,0,0,0,0,0,0,0,0,2347,17.049217,9.27494874588834
"348",116,116,3,12.0489284772216,31.4430314625939,34.2249472627469,36.2642247359597,39.4783784353734,42.4199584383216,48.4851697405977,50.8467967258093,55.8990240367296,1,1,1,1,1,1,1,1,0.741379310344828,0.724137931034483,0.689655172413793,0.655172413793103,0.620689655172414,0.551724137931034,0.53448275862069,0.482758620689655,0,0,0,0,0,0,0,0,2348,9.363628,-2.68530047722156
"349",117,117,1,9.31971911593532,28.7162297771413,31.4984909375024,33.5380215762828,36.7525742959654,39.6945194805923,45.7604837469364,48.1224039157114,53.1752584340674,1,1,1,1,1,1,1,1,0.75,0.716666666666667,0.7,0.666666666666667,0.633333333333333,0.566666666666667,0.55,0.483333333333333,0,0,0,0,0,0,0,0,2349,4.816842,-4.50287711593532
"350",117,117,2,7.70370712748187,27.1002177886878,29.882478949049,31.9220095878293,35.136562307512,38.0785074921389,44.144471758483,46.5063919272579,51.5592464456139,1,1,1,1,1,1,1,1,0.754098360655738,0.721311475409836,0.704918032786885,0.672131147540984,0.639344262295082,0.573770491803279,0.557377049180328,0.508196721311475,0,0,0,0,0,0,0,0,2350,4.353912,-3.34979512748187
"351",117,117,3,7.5391732281924,26.9356838893984,29.7179450497595,31.7574756885399,34.9720284082225,37.9139735928494,43.9799378591935,46.3418580279684,51.3947125463245,1,1,1,1,1,1,1,1,0.754098360655738,0.721311475409836,0.704918032786885,0.672131147540984,0.639344262295082,0.573770491803279,0.557377049180328,0.508196721311475,0,0,0,0,0,0,0,0,2351,4.444298,-3.0948752281924
"352",118,118,1,7.55974313353034,26.9490188155574,29.7302421809297,31.769012066296,34.9823657444395,37.9232135712721,43.9869152077065,46.3479543704313,51.3989241530288,1,1,1,1,1,1,1,1,0.766666666666667,0.733333333333333,0.716666666666667,0.683333333333333,0.65,0.583333333333333,0.566666666666667,0.516666666666667,0,0,0,0,0,0,0,0,2352,4.912601,-2.64714213353034
"353",118,118,2,7.72651756942335,27.1157932514504,29.8970166168227,31.935786502189,35.1491401803325,38.0899880071651,44.1536896435995,46.5147288063243,51.5656985889218,1,1,1,1,1,1,1,1,0.779661016949153,0.745762711864407,0.728813559322034,0.694915254237288,0.661016949152542,0.593220338983051,0.576271186440678,0.508474576271186,0,0,0,0,0,0,0,0,2353,6.412503,-1.31401456942335
"354",118,118,3,8.26067026531641,27.6499459473435,30.4311693127157,32.469939198082,35.6832928762256,38.6241407030582,44.6878423394925,47.0488815022173,52.0998512848148,1,1,1,1,1,1,1,1,0.807017543859649,0.771929824561403,0.754385964912281,0.719298245614035,0.684210526315789,0.614035087719298,0.578947368421053,0.526315789473684,0,0,0,0,0,0,0,0,2354,9.530413,1.26974273468359
"355",119,119,1,9.37381645096314,28.7625956327012,31.5437477794149,33.5824654580947,36.7957368520386,39.7365093727165,45.8000557362224,48.1610344399262,53.2118748825731,1,1,1,1,1,1,1,1,0.75,0.716666666666667,0.7,0.666666666666667,0.633333333333333,0.566666666666667,0.55,0.483333333333333,0,0,0,0,0,0,0,0,2355,5.643629,-3.73018745096314
"356",119,119,2,7.99053427290648,27.3793134546445,30.1604656013582,32.199183280038,35.412454673982,38.3532271946598,44.4167735581657,46.7777522618695,51.8285927045165,1,1,1,1,1,1,1,1,0.754098360655738,0.721311475409836,0.704918032786885,0.672131147540984,0.639344262295082,0.573770491803279,0.557377049180328,0.491803278688525,0,0,0,0,0,0,0,0,2356,4.148665,-3.84186927290648
"357",119,119,3,7.45848591157838,26.8472650933164,29.6284172400301,31.6671349187099,34.8804063126539,37.8211788333317,43.8847251968376,46.2457039005414,51.2965443431884,1,1,1,1,1,1,1,1,0.766666666666667,0.75,0.716666666666667,0.683333333333333,0.65,0.583333333333333,0.566666666666667,0.516666666666667,0,0,0,0,0,0,0,0,2357,5.290102,-2.16838391157838
"358",120,120,1,7.86337230105076,27.2520959111754,30.0332400866233,32.0719519219836,35.2852141061329,38.2259781980452,44.2895071823726,46.6504791191008,51.7013050851605,1,1,1,1,1,1,1,1,0.766666666666667,0.733333333333333,0.716666666666667,0.683333333333333,0.65,0.583333333333333,0.566666666666667,0.5,0,0,0,0,0,0,0,0,2358,5.56006,-2.30331230105076
"359",120,120,2,7.95949401194897,27.3482176220736,30.1293617975215,32.1680736328819,35.3813358170311,38.3220999089434,44.3856288932708,46.746600829999,51.7974267960588,1,1,1,1,1,1,1,1,0.884615384615385,0.846153846153846,0.826923076923077,0.788461538461538,0.75,0.673076923076923,0.653846153846154,0.576923076923077,0,0,0,0,0,0,0,0,2359,18.239791,10.280296988051
"360",120,120,3,12.474260892164,31.8629845022886,34.6441286777366,36.6828405130969,39.8961026972461,42.8368667891584,48.9003957734858,51.261367710214,56.3121936762738,1,1,1,1,1,1,1,1,0.754385964912281,0.719298245614035,0.701754385964912,0.666666666666667,0.631578947368421,0.56140350877193,0.543859649122807,0.473684210526316,0,0,0,0,0,0,0,0,2360,9.651309,-2.82295189216399
"361",121,121,1,9.42107013193586,28.8128839864324,31.594471430623,33.6335082031943,36.8472825286057,39.7885153300559,45.8530107414001,48.2143589783111,53.2659899631452,1,1,1,1,1,1,1,1,0.75,0.716666666666667,0.7,0.666666666666667,0.633333333333333,0.566666666666667,0.55,0.483333333333333,0,0,0,0,0,0,0,0,2361,5.682311,-3.73875913193586
"362",121,121,2,8.00911606285465,27.4009299173512,30.1825173615418,32.2215541341131,35.4353284595245,38.3765612609747,44.4410566723189,46.8024049092299,51.854035894064,1,1,1,1,1,1,1,1,0.754098360655738,0.721311475409836,0.704918032786885,0.672131147540984,0.639344262295082,0.573770491803279,0.557377049180328,0.491803278688525,0,0,0,0,0,0,0,0,2362,4.360757,-3.64835906285465
"363",121,121,3,7.53897887764807,26.9307927321446,29.7123801763352,31.7514169489065,34.9651912743179,37.9064240757681,43.9709194871123,46.3322677240233,51.3838987088574,1,1,1,1,1,1,1,1,0.766666666666667,0.733333333333333,0.716666666666667,0.683333333333333,0.65,0.583333333333333,0.566666666666667,0.516666666666667,0,0,0,0,0,0,0,0,2363,5.303345,-2.23563387764807
"364",122,122,1,7.85654822040901,27.2264162541938,30.0048557608164,32.0415849444344,35.2517222240448,38.189626416412,44.2472586054706,46.6059344917993,51.6518485185021,1,1,1,1,1,1,1,1,0.766666666666667,0.733333333333333,0.716666666666667,0.683333333333333,0.65,0.583333333333333,0.566666666666667,0.5,0,0,0,0,0,0,0,0,2364,5.346526,-2.51002222040901
"365",122,122,2,7.87194287650387,27.2418109102887,30.0202504169113,32.0569796005293,35.2671168801397,38.2050210725068,44.2626532615654,46.6213291478942,51.667243174597,1,1,1,1,1,1,1,1,0.766666666666667,0.733333333333333,0.716666666666667,0.683333333333333,0.65,0.583333333333333,0.566666666666667,0.5,0,0,0,0,0,0,0,0,2365,5.784883,-2.08705987650387
"366",122,122,3,8.02822353841008,27.3980915721949,30.1765310788175,32.2132602624355,35.4233975420459,38.361301734413,44.4189339234717,46.7776098098004,51.8235238365032,1,1,1,1,1,1,1,1,0.793103448275862,0.758620689655172,0.741379310344828,0.706896551724138,0.672413793103448,0.603448275862069,0.586206896551724,0.517241379310345,0,0,0,0,0,0,0,0,2366,8.921803,0.893579461589923
"367",123,123,1,9.15150402462148,28.5208843208218,31.2992538657197,33.335931764044,36.5459882116838,39.4838184269701,45.5412980835031,47.8999145778485,52.945701547314,1,1,1,1,1,1,1,1,0.75,0.716666666666667,0.7,0.666666666666667,0.633333333333333,0.566666666666667,0.55,0.5,0,0,0,0,0,0,0,0,2367,4.877151,-4.27435302462148
"368",123,123,2,7.70923890330374,27.078619199504,29.856988744402,31.8936666427262,35.103723090366,38.0415533056523,44.0990329621853,46.4576494565307,51.5034364259962,1,1,1,1,1,1,1,1,0.766666666666667,0.733333333333333,0.716666666666667,0.683333333333333,0.65,0.583333333333333,0.566666666666667,0.516666666666667,0,0,0,0,0,0,0,0,2368,4.700983,-3.00825590330374
"369",123,123,3,7.64641991123908,27.0158002074394,29.7941697523373,31.8308476506616,35.0409040983014,37.9787343135877,44.0362139701207,46.3948304644661,51.4406174339316,1,1,1,1,1,1,1,1,0.766666666666667,0.733333333333333,0.716666666666667,0.683333333333333,0.65,0.583333333333333,0.566666666666667,0.516666666666667,0,0,0,0,0,0,0,0,2369,5.198769,-2.44765091123908
"370",124,124,1,7.82362289642528,27.1921654586436,29.9704148378704,32.0070046490045,35.21692226033,38.154625413203,44.2118430811501,46.5703575643234,51.6159263013444,1,1,1,1,1,1,1,1,0.766666666666667,0.733333333333333,0.716666666666667,0.683333333333333,0.65,0.583333333333333,0.566666666666667,0.5,0,0,0,0,0,0,0,0,2370,5.154162,-2.66946089642528
"371",124,124,2,7.8077104416003,27.1762530038186,29.9545023830454,31.9910921941795,35.201009805505,38.138712958378,44.1959306263251,46.5544451094984,51.6000138465194,1,1,1,1,1,1,1,1,0.821428571428571,0.785714285714286,0.767857142857143,0.732142857142857,0.696428571428571,0.625,0.607142857142857,0.535714285714286,0,0,0,0,0,0,0,0,2371,12.338832,4.5311215583997
"372",124,124,3,10.3706655115985,29.7392080738168,32.5174574530436,34.5540472641777,37.7639648755032,40.7016680283762,46.7588856963233,49.1174001794966,54.1629689165176,1,1,1,1,1,1,1,1,0.758620689655172,0.741379310344828,0.706896551724138,0.672413793103448,0.637931034482759,0.586206896551724,0.551724137931034,0.5,0,0,0,0,0,0,0,0,2372,9.327386,-1.04327951159846
"373",125,125,1,9.299334143818,28.6679021288653,31.4461551547764,33.4827476391046,36.6926694637149,39.6303764725685,45.6876020911195,48.0461196700399,53.0916950297911,1,1,1,1,1,1,1,1,0.75,0.716666666666667,0.7,0.666666666666667,0.633333333333333,0.566666666666667,0.55,0.5,0,0,0,0,0,0,0,0,2373,4.697637,-4.601697143818
"374",125,125,2,7.64926048766615,27.0178284727134,29.7960814986245,31.8326739829527,35.0425958075631,37.9803028164167,44.0375284349676,46.396046013888,51.4416213736392,1,1,1,1,1,1,1,1,0.766666666666667,0.733333333333333,0.716666666666667,0.683333333333333,0.65,0.583333333333333,0.566666666666667,0.516666666666667,0,0,0,0,0,0,0,0,2374,6.146681,-1.50257948766615
"375",125,125,3,8.16570950704169,27.534277492089,30.312530518,32.3491230023283,35.5590448269386,38.4967518357922,44.5539774543432,46.9124950332636,51.9580703930148,1,1,1,1,1,1,1,1,0.766666666666667,0.733333333333333,0.716666666666667,0.683333333333333,0.65,0.583333333333333,0.55,0.5,0,0,0,0,0,0,0,0,2375,5.047055,-3.11865450704169
"376",126,126,1,7.75883149765423,27.1083645332869,29.8838871608613,31.9184781324836,35.125245325342,38.0600652284296,44.1113379555055,46.4675376417019,51.5081543348229,1,1,1,1,1,1,1,1,0.766666666666667,0.733333333333333,0.716666666666667,0.683333333333333,0.65,0.583333333333333,0.566666666666667,0.516666666666667,0,0,0,0,0,0,0,0,2376,4.851621,-2.90721049765423
"377",126,126,2,7.6889560543551,27.0384890899878,29.8140117175622,31.8486026891845,35.0553698820429,37.9901897851305,44.0414625122064,46.3976621984027,51.4382788915238,1,1,1,1,1,1,1,1,0.766666666666667,0.733333333333333,0.716666666666667,0.683333333333333,0.65,0.583333333333333,0.566666666666667,0.516666666666667,0,0,0,0,0,0,0,0,2377,5.549876,-2.1390800543551
"378",126,126,3,7.93861004322515,27.2881430788578,30.0636657064323,32.0982566780546,35.3050238709129,38.2398437740005,44.2911165010764,46.6473161872728,51.6879328803939,1,1,1,1,1,1,1,1,0.807017543859649,0.771929824561403,0.754385964912281,0.719298245614035,0.684210526315789,0.614035087719298,0.596491228070175,0.526315789473684,0,0,0,0,0,0,0,0,2378,10.244354,2.30574395677485
"379",127,127,1,9.62127741311923,28.9699291584345,31.7453253725594,33.7798236770709,36.9864448150931,39.9211310494064,45.9721281663137,48.3282205374671,53.3686076515757,1,1,1,1,1,1,1,1,0.75,0.716666666666667,0.7,0.666666666666667,0.633333333333333,0.566666666666667,0.55,0.483333333333333,0,0,0,0,0,0,0,0,2379,6.070324,-3.55095341311923
"380",127,127,2,8.12905789901185,27.4777096443271,30.2531058584521,32.2876041629635,35.4942253009857,38.428911535299,44.4799086522063,46.8360010233597,51.8763881374683,1,1,1,1,1,1,1,1,0.766666666666667,0.733333333333333,0.716666666666667,0.683333333333333,0.65,0.583333333333333,0.566666666666667,0.5,0,0,0,0,0,0,0,0,2380,5.577662,-2.55139589901185
"381",127,127,3,7.95293078678238,27.3015825320977,30.0769787462226,32.111477050734,35.3180981887562,38.2527844230696,44.3037815399769,46.6598739111302,51.7002610252389,1,1,1,1,1,1,1,1,0.766666666666667,0.733333333333333,0.716666666666667,0.683333333333333,0.65,0.583333333333333,0.566666666666667,0.5,0,0,0,0,0,0,0,0,2381,5.390746,-2.56218478678238
"382",128,128,1,7.88164861191821,27.2304376536945,30.0058535618055,32.0403663029516,35.2470101948969,38.1817172535054,44.2327573077966,46.5888663975901,51.6292892778762,1,1,1,1,1,1,1,1,0.779661016949153,0.745762711864407,0.728813559322034,0.694915254237288,0.661016949152542,0.593220338983051,0.576271186440678,0.508474576271186,0,0,0,0,0,0,0,0,2382,6.538669,-1.34297961191821
"383",128,128,2,8.29187632033504,27.6406653621113,30.4160812702223,32.4505940113684,35.6572379033137,38.5919449619222,44.6429850162135,46.9990941060069,52.0395169862931,1,1,1,1,1,1,1,1,0.766666666666667,0.733333333333333,0.716666666666667,0.683333333333333,0.65,0.583333333333333,0.55,0.5,0,0,0,0,0,0,0,0,2383,5.05014,-3.24173632033504
"384",128,128,3,7.75992788774679,27.1087169295231,29.8841328376341,31.9186455787802,35.1252894707255,38.0599965293339,44.1110365836252,46.4671456734187,51.5075685537048,1,1,1,1,1,1,1,1,0.851851851851852,0.814814814814815,0.796296296296296,0.759259259259259,0.722222222222222,0.648148148148148,0.62962962962963,0.574074074074074,0,0,0,0,0,0,0,0,2384,14.958031,7.19810311225321
"385",129,129,1,11.3083545704259,30.6582903690667,33.4338707695,35.468504091394,38.6753380335221,41.6102190252619,47.6616177103545,50.0178664411491,55.0585880553521,1,1,1,1,1,1,1,1,0.733333333333333,0.7,0.683333333333333,0.65,0.616666666666667,0.55,0.516666666666667,0.466666666666667,0,0,0,0,0,0,0,0,2385,6.143751,-5.16460357042594
"386",129,129,2,8.15854986935837,27.5084856679991,30.2840660684325,32.3186993903264,35.5255333324545,38.4604143241943,44.5118130092869,46.8680617400815,51.9087833542845,1,1,1,1,1,1,1,1,0.754098360655738,0.721311475409836,0.704918032786885,0.672131147540984,0.639344262295082,0.573770491803279,0.557377049180328,0.491803278688525,0,0,0,0,0,0,0,0,2386,4.568355,-3.59019486935837
"387",129,129,3,7.59557822257122,26.945514021212,29.7210944216453,31.7557277435393,34.9625616856674,37.8974426774071,43.9488413624998,46.3050900932943,51.3458117074974,1,1,1,1,1,1,1,1,0.766666666666667,0.733333333333333,0.716666666666667,0.683333333333333,0.65,0.583333333333333,0.566666666666667,0.516666666666667,0,0,0,0,0,0,0,0,2387,4.876466,-2.71911222257122
"388",130,130,1,7.69650243242717,27.0349661533585,29.808900983782,31.8423280240726,35.0472607170923,37.9804016936115,44.028212660549,46.383064432262,51.4207975326698,1,1,1,1,1,1,1,1,0.779661016949153,0.745762711864407,0.728813559322034,0.694915254237288,0.661016949152542,0.593220338983051,0.576271186440678,0.525423728813559,0,0,0,0,0,0,0,0,2388,6.264176,-1.43232643242717
"389",130,130,2,8.19285052988323,27.5313142508145,30.305249081238,32.3386761215287,35.5436088145483,38.4767497910676,44.5245607580051,46.879412529718,51.9171456301259,1,1,1,1,1,1,1,1,0.766666666666667,0.733333333333333,0.716666666666667,0.683333333333333,0.65,0.583333333333333,0.55,0.5,0,0,0,0,0,0,0,0,2389,5.424306,-2.76854452988323
"390",130,130,3,7.89245067933058,27.2309144002619,30.0048492306854,32.038276270976,35.2432089639957,38.176349940515,44.2241609074524,46.5790126791654,51.6167457795732,1,1,1,1,1,1,1,1,0.807017543859649,0.771929824561403,0.754385964912281,0.719298245614035,0.684210526315789,0.614035087719298,0.596491228070175,0.526315789473684,0,0,0,0,0,0,0,0,2390,9.385682,1.49323132066942
"391",131,131,1,9.28669906505984,28.3886738209834,31.1286863612751,33.1372467387782,36.3029864934948,39.200258257042,45.1741108901235,47.5001653144217,52.4762922653395,1,1,1,1,1,1,1,1,0.75,0.733333333333333,0.7,0.666666666666667,0.633333333333333,0.583333333333333,0.55,0.5,0,0,0,0,0,0,0,0,2391,5.194091,-4.09260806505984
"392",131,131,2,7.75649796398143,26.858472719905,29.5984852601967,31.6070456376998,34.7727853924164,37.6700571559636,43.6439097890451,45.9699642133433,50.9460911642611,1,1,1,1,1,1,1,1,0.766666666666667,0.75,0.716666666666667,0.683333333333333,0.65,0.6,0.566666666666667,0.516666666666667,0,0,0,0,0,0,0,0,2392,5.878538,-1.87795996398143
"393",131,131,3,8.00636527046,27.1083400263836,29.8483525666753,31.8569129441784,35.0226526988949,37.9199244624421,43.8937770955237,46.2198315198219,51.1959584707397,1,1,1,1,1,1,1,1,0.766666666666667,0.733333333333333,0.716666666666667,0.683333333333333,0.65,0.583333333333333,0.566666666666667,0.516666666666667,0,0,0,0,0,0,0,0,2393,5.154584,-2.85178127046
"394",132,132,1,7.70581045812619,26.6719012472608,29.392422411515,31.3866946771805,34.5299145991997,37.4065763061885,43.3379332914029,45.6474410755668,50.5881698083435,1,1,1,1,1,1,1,1,0.766666666666667,0.75,0.716666666666667,0.683333333333333,0.666666666666667,0.6,0.566666666666667,0.516666666666667,0,0,0,0,0,0,0,0,2394,5.726912,-1.97889845812619
"395",132,132,2,7.91579208603703,26.8818828751716,29.6024040394258,31.5966763050914,34.7398962271106,37.6165579340994,43.5479149193137,45.8574227034776,50.7981514362543,1,1,1,1,1,1,1,1,0.766666666666667,0.75,0.716666666666667,0.683333333333333,0.65,0.6,0.566666666666667,0.516666666666667,0,0,0,0,0,0,0,0,2395,5.197668,-2.71812408603703
"396",132,132,3,7.72161756254343,26.687708351678,29.4082295159322,31.4025017815978,34.545721703617,37.4223834106058,43.3537403958201,45.663248179984,50.6039769127607,1,1,1,1,1,1,1,1,0.851851851851852,0.833333333333333,0.796296296296296,0.759259259259259,0.740740740740741,0.666666666666667,0.62962962962963,0.574074074074074,0,0,0,0,0,0,0,0,2396,15.026083,7.30446543745657
"397",133,133,1,11.3305969654241,30.2981973720476,33.0189350778323,35.0133660788073,38.1568361873208,41.0337268639413,46.965555959109,49.2752475699445,54.2163695630184,1,1,1,1,1,1,1,1,0.733333333333333,0.7,0.683333333333333,0.65,0.616666666666667,0.55,0.533333333333333,0.483333333333333,0,0,0,0,0,0,0,0,2397,4.690224,-6.64037296542408
"398",133,133,2,7.5423832402287,26.5099836468522,29.2307213526369,31.2251523536119,34.3686224621255,37.2455131387459,43.1773422339136,45.4870338447491,50.4281558378231,1,1,1,1,1,1,1,1,0.783333333333333,0.75,0.733333333333333,0.7,0.666666666666667,0.6,0.566666666666667,0.516666666666667,0,0,0,0,0,0,0,0,2398,5.630089,-1.9122942402287
"399",133,133,3,7.88685480208251,26.854455208706,29.5751929144907,31.5696239154657,34.7130940239793,37.5899847005998,43.5218137957674,45.8315054066029,50.7726273996769,1,1,1,1,1,1,1,1,0.766666666666667,0.75,0.716666666666667,0.683333333333333,0.65,0.6,0.566666666666667,0.516666666666667,0,0,0,0,0,0,0,0,2399,5.008151,-2.87870380208251
"400",134,134,1,7.64445819341687,26.5923143300508,29.3102198916169,31.3025747952831,34.4427727174791,37.3166687028877,43.2423230773381,45.5496104212247,50.485588967337,1,1,1,1,1,1,1,1,0.766666666666667,0.75,0.716666666666667,0.683333333333333,0.666666666666667,0.6,0.566666666666667,0.516666666666667,0,0,0,0,0,0,0,0,2400,5.764327,-1.88013119341687
"401",134,134,2,7.92244943977626,26.8703055764102,29.5882111379763,31.5805660416425,34.7207639638385,37.594659949247,43.5203143236975,45.8276016675841,50.7635802136964,1,1,1,1,1,1,1,1,0.766666666666667,0.75,0.716666666666667,0.683333333333333,0.65,0.6,0.566666666666667,0.516666666666667,0,0,0,0,0,0,0,0,2401,5.740399,-2.18205043977626
"402",134,134,3,7.91365284408572,26.8615089807197,29.5794145422857,31.5717694459519,34.711967368148,37.5858633535565,43.511517728007,45.8188050718935,50.7547836180058,1,1,1,1,1,1,1,1,0.807017543859649,0.789473684210526,0.754385964912281,0.719298245614035,0.684210526315789,0.631578947368421,0.596491228070175,0.543859649122807,0,0,0,0,0,0,0,0,2402,9.419162,1.50550915591428
"403",135,135,1,9.27095332253621,28.2181982896117,30.9360161842074,32.9283068237871,36.0684034578287,38.9422067447426,44.8676699851914,47.1748829067382,52.1107022411799,1,1,1,1,1,1,1,1,0.75,0.733333333333333,0.7,0.666666666666667,0.65,0.583333333333333,0.55,0.5,0,0,0,0,0,0,0,0,2403,5.397304,-3.87364932253621
"404",135,135,2,7.79221408046943,26.7394590475449,29.4572769421407,31.4495675817203,34.589664215762,37.4634675026759,43.3889307431246,45.6961436646714,50.6319629991132,1,1,1,1,1,1,1,1,0.766666666666667,0.75,0.716666666666667,0.683333333333333,0.666666666666667,0.6,0.566666666666667,0.516666666666667,0,0,0,0,0,0,0,0,2404,5.73828,-2.05393408046943
"405",135,135,3,7.9175826518618,26.8648276189373,29.582645513533,31.5749361531127,34.7150327871543,37.5888360740682,43.514299314517,45.8215122360638,50.7573315705055,1,1,1,1,1,1,1,1,0.766666666666667,0.75,0.716666666666667,0.683333333333333,0.65,0.6,0.566666666666667,0.516666666666667,0,0,0,0,0,0,0,0,2405,5.92411,-1.9934726518618
"406",136,136,1,7.98239291720935,26.9297186605914,29.6475481418474,31.6398472750038,34.7799572959737,37.6537728345482,43.5792613365606,45.8864840942677,50.8223244712017,1,1,1,1,1,1,1,1,0.766666666666667,0.75,0.716666666666667,0.683333333333333,0.65,0.6,0.566666666666667,0.516666666666667,0,0,0,0,0,0,0,0,2406,5.67806,-2.30433291720935
"407",136,136,2,7.89199487676787,26.8393206201499,29.5571501014059,31.5494492345623,34.6895592555322,37.5633747941067,43.4888632961191,45.7960860538262,50.7319264307602,1,1,1,1,1,1,1,1,0.766666666666667,0.75,0.716666666666667,0.683333333333333,0.65,0.6,0.566666666666667,0.516666666666667,0,0,0,0,0,0,0,0,2407,5.160161,-2.73183387676787
"408",136,136,3,7.70172031978106,26.6490460631631,29.3668755444191,31.3591746775755,34.4992846985454,37.3731002371199,43.2985887391323,45.6058114968394,50.5416518737734,0,0,0,0,0,1,1,1,0,0,0,0,0,0.947368421052632,0.894736842105263,0.815789473684211,0,0,0,0,0,0,0,0,2408,40.091234,32.3895136802189
"409",137,137,1,20.5369342831154,39.5212970790834,42.2444392041806,44.2406327596296,47.3868808721459,50.2663139663938,56.2033852443725,58.5151180174644,63.4606066678314,1,1,1,1,1,1,1,1,0.703703703703704,0.666666666666667,0.648148148148148,0.611111111111111,0.574074074074074,0.518518518518518,0.481481481481481,0.425925925925926,1,1,1,1,1,0,0,0,2409,15.326199,-5.2107352831154
"410",137,137,2,11.4521485636242,30.4365113595922,33.1596534846894,35.1558470401384,38.3020951526547,41.1815282469026,47.1185995248813,49.4303322979732,54.3758209483402,1,1,1,1,1,1,1,1,0.733333333333333,0.7,0.683333333333333,0.65,0.616666666666667,0.55,0.533333333333333,0.483333333333333,1,1,1,1,1,0,0,0,2410,5.081073,-6.37107556362421
"411",137,137,3,7.69383469977593,26.6781974957439,29.4013396208411,31.3975331762901,34.5437812888064,37.4232143830543,43.360285661033,45.6720184341249,50.6175070844919,1,1,1,1,1,1,1,1,0.766666666666667,0.75,0.716666666666667,0.683333333333333,0.666666666666667,0.6,0.566666666666667,0.516666666666667,0,0,0,0,0,0,0,0,2411,5.744876,-1.94895869977593
"412",138,138,1,7.92311529709746,26.8914302257124,29.6122704234773,31.6067765559808,34.7503650810823,37.6273641320681,43.559416683142,45.8691953015806,50.8105034299722,1,1,1,1,1,1,1,1,0.766666666666667,0.75,0.716666666666667,0.683333333333333,0.65,0.6,0.566666666666667,0.516666666666667,0,0,0,0,0,0,0,0,2412,4.809141,-3.11397429709746
"413",138,138,2,7.57959485860213,26.5479097872171,29.2687499849819,31.2632561174854,34.4068446425869,37.2838436935727,43.2158962446467,45.5256748630853,50.4669829914769,1,1,1,1,1,1,1,1,0.796610169491525,0.76271186440678,0.728813559322034,0.694915254237288,0.677966101694915,0.610169491525424,0.576271186440678,0.525423728813559,0,0,0,0,0,0,0,0,2413,7.481096,-0.0984988586021318
"414",138,138,3,8.56050414727871,27.5288190758937,30.2496592736585,32.244165406162,35.3877539312635,38.2647529822493,44.1968055333232,46.5065841517619,51.4478922801535,1,1,1,1,1,1,1,1,0.807017543859649,0.771929824561403,0.754385964912281,0.719298245614035,0.684210526315789,0.614035087719298,0.596491228070175,0.543859649122807,0,0,0,0,0,0,0,0,2414,10.531448,1.97094385272129
"415",139,139,1,9.68374153631935,28.6519097729128,31.37272892898,33.3672196369117,36.5107838509789,39.3877606526079,45.3197673279789,47.6295280836766,52.5707979983165,1,1,1,1,1,1,1,1,0.737704918032787,0.704918032786885,0.688524590163934,0.655737704918033,0.622950819672131,0.557377049180328,0.540983606557377,0.491803278688525,0,0,0,0,0,0,0,0,2415,4.58214,-5.10160153631935
"416",139,139,2,7.50004765591018,26.4682158925037,29.1890350485708,31.1835257565025,34.3270899705697,37.2040667721987,43.1360734475697,45.4458342032674,50.3871041179073,1,1,1,1,1,1,1,1,0.783333333333333,0.75,0.733333333333333,0.7,0.666666666666667,0.6,0.566666666666667,0.516666666666667,0,0,0,0,0,0,0,0,2416,5.024741,-2.47530665591017
"417",139,139,3,7.66250438115671,26.6306726177502,29.3514917738174,31.345982481749,34.4895466958162,37.3665234974452,43.2985301728162,45.608290928514,50.5495608431538,1,1,1,1,1,1,1,1,0.807017543859649,0.789473684210526,0.754385964912281,0.719298245614035,0.701754385964912,0.631578947368421,0.596491228070175,0.543859649122807,0,0,0,0,0,0,0,0,2417,9.698402,2.03589761884329
"418",140,140,1,9.37583455312133,28.3442432741482,31.0650969256207,33.0596129203361,36.2032169895042,39.0802302663546,45.0123121495815,47.3221021891563,52.2634347507783,1,1,1,1,1,1,1,1,0.75,0.733333333333333,0.7,0.666666666666667,0.633333333333333,0.583333333333333,0.55,0.5,0,0,0,0,0,0,0,0,2418,4.742336,-4.63349855312133
"419",140,140,2,7.55858570769198,26.5269944287188,29.2478480801914,31.2423640749068,34.3859681440748,37.2629814209252,43.1950633041522,45.504853343727,50.4461859053489,1,1,1,1,1,1,1,1,0.796610169491525,0.76271186440678,0.745762711864407,0.694915254237288,0.677966101694915,0.610169491525424,0.576271186440678,0.525423728813559,0,0,0,0,0,0,0,0,2419,6.341488,-1.21709770769198
"420",140,140,3,8.14494939325752,27.1133581142844,29.8342117657569,31.8287277604723,34.9723318296404,37.8493451064908,43.7814269897177,46.0912170292925,51.0325495909144,1,1,1,1,1,1,1,1,0.851851851851852,0.814814814814815,0.796296296296296,0.759259259259259,0.722222222222222,0.648148148148148,0.62962962962963,0.574074074074074,0,0,0,0,0,0,0,0,2420,15.325207,7.18025760674248
"421",141,141,1,11.4451994945683,30.4153924583921,33.1365020440129,35.1312056507125,38.2751054195884,41.1523893195728,47.0850291976493,49.3950365051195,54.3368338678304,1,1,1,1,1,1,1,1,0.733333333333333,0.7,0.683333333333333,0.65,0.616666666666667,0.55,0.533333333333333,0.483333333333333,0,0,0,0,0,0,0,0,2421,5.962983,-5.4822164945683
"422",141,141,2,8.01051636674433,26.9807093305681,29.7018189161889,31.6965225228885,34.8404222917644,37.7177061917488,43.6503460698254,45.9603533772955,50.9021507400064,1,1,1,1,1,1,1,1,0.766666666666667,0.733333333333333,0.716666666666667,0.683333333333333,0.65,0.6,0.566666666666667,0.516666666666667,0,0,0,0,0,0,0,0,2422,4.991372,-3.01914436674433
"423",141,141,3,7.65406517432379,26.6242581381476,29.3453677237684,31.3400713304679,34.4839710993438,37.3612549993283,43.2938948774048,45.6039021848749,50.5456995475859,1,1,1,1,1,1,1,1,0.754098360655738,0.737704918032787,0.704918032786885,0.672131147540984,0.655737704918033,0.590163934426229,0.557377049180328,0.508196721311475,0,0,0,0,0,0,0,0,2423,3.922828,-3.73123717432379
"424",142,142,1,7.24982810305195,26.1968755859464,28.9146651531498,30.9069350273946,34.0469989326985,36.9207722664087,42.8461737466776,45.1533626205038,50.0891305096699,0,0,0,0,0,0,0,0,0,0,0,0,0,0,0,0,0,0,0,0,0,0,0,0,2424,82.962056,75.7122278969481
"425",142,142,2,36.2965614776502,55.2436089605446,57.961398527748,59.9536684019929,63.0937323072967,65.9675056410069,71.8929071212758,74.200095995102,79.1358638842681,1,1,1,1,1,1,1,1,0.466666666666667,0.433333333333333,0.416666666666667,0.383333333333333,0.35,0.283333333333333,0.266666666666667,0.216666666666667,1,1,1,1,1,1,1,1,2425,5.997207,-30.2993544776502
"426",142,142,3,8.01215758495005,26.9592050678445,29.6769946350479,31.6692645092927,34.8093284145966,37.6831017483068,43.6085032285757,45.9156921024019,50.851459991568,1,1,1,1,1,1,1,1,0.807017543859649,0.789473684210526,0.754385964912281,0.719298245614035,0.684210526315789,0.631578947368421,0.596491228070175,0.543859649122807,1,1,1,1,1,1,1,1,2426,10.285759,2.27360141504995
"427",143,143,1,9.60198868317793,28.7812489792201,31.5323474596731,33.5490343620837,36.7275825258754,39.6365764917591,45.6345990043027,47.9700645169739,52.9663246040733,1,1,1,1,1,1,1,1,0.75,0.716666666666667,0.7,0.666666666666667,0.633333333333333,0.566666666666667,0.55,0.5,0,0,0,0,0,0,0,0,2427,5.019155,-4.58283368317793
"428",143,143,2,7.70866289662567,26.8879231926678,29.6390216731208,31.6557085755314,34.8342567393232,37.7432507052069,43.7412732177504,46.0767387304216,51.0729988175211,1,1,1,1,1,1,1,1,0.754098360655738,0.737704918032787,0.704918032786885,0.672131147540984,0.639344262295082,0.590163934426229,0.557377049180328,0.508196721311475,0,0,0,0,0,0,0,0,2428,4.260257,-3.44840589662567
"429",143,143,3,7.43584171000087,26.615102006043,29.366200486496,31.3828873889066,34.5614355526984,37.4704295185821,43.4684520311256,45.8039175437968,50.8001776308963,1,1,1,1,1,1,1,1,0.766666666666667,0.75,0.716666666666667,0.683333333333333,0.666666666666667,0.6,0.566666666666667,0.516666666666667,0,0,0,0,0,0,0,0,2429,6.010344,-1.42549771000087
"430",144,144,1,8.0633623508413,27.2427373606316,29.9938522957765,32.010551260264,35.1891184353819,38.0981298003517,44.0961881878786,46.4316676692847,51.4279576396911,1,1,1,1,1,1,1,1,0.766666666666667,0.733333333333333,0.716666666666667,0.683333333333333,0.65,0.583333333333333,0.566666666666667,0.516666666666667,0,0,0,0,0,0,0,0,2430,5.872161,-2.1912013508413
"431",144,144,2,8.01365357857676,27.193028588367,29.9441435235119,31.9608424879995,35.1394096631174,38.0484210280872,44.0464794156141,46.3819588970202,51.3782488674266,1,1,1,1,1,1,1,1,0.766666666666667,0.733333333333333,0.716666666666667,0.683333333333333,0.65,0.583333333333333,0.566666666666667,0.516666666666667,0,0,0,0,0,0,0,0,2431,6.181794,-1.83185957857676
"432",144,144,3,8.12503830956817,27.3044133193584,30.0555282545033,32.0722272189909,35.2507943941088,38.1598057590786,44.1578641466055,46.4933436280116,51.489633598418,1,1,1,1,1,1,1,1,0.867924528301887,0.830188679245283,0.811320754716981,0.773584905660377,0.735849056603774,0.660377358490566,0.641509433962264,0.584905660377358,0,0,0,0,0,0,0,0,2432,15.827788,7.70274969043183
"433",145,145,1,11.5958788663864,30.7769797241104,33.5283422171671,35.5452226534564,38.7240758505948,41.6333489817197,47.6319471019892,49.9676367405268,54.9643762999692,1,1,1,1,1,1,1,1,0.745762711864407,0.711864406779661,0.694915254237288,0.661016949152542,0.627118644067797,0.559322033898305,0.542372881355932,0.474576271186441,0,0,0,0,0,0,0,0,2433,7.556685,-4.03919386638642
"434",145,145,2,8.62297321940029,27.8040740771243,30.5554365701809,32.5723170064703,35.7511702036087,38.6604433347336,44.659041455003,46.9947310935407,51.9914706529831,1,1,1,1,1,1,1,1,0.754098360655738,0.721311475409836,0.704918032786885,0.672131147540984,0.639344262295082,0.573770491803279,0.540983606557377,0.491803278688525,0,0,0,0,0,0,0,0,2434,4.65448,-3.96849321940029
"435",145,145,3,7.57982557231968,26.7609264300437,29.5122889231003,31.5291693593897,34.7080225565281,37.617295687653,43.6158938079224,45.9515834464601,50.9483230059025,1,1,1,1,1,1,1,1,0.793103448275862,0.775862068965517,0.741379310344828,0.706896551724138,0.672413793103448,0.620689655172414,0.586206896551724,0.53448275862069,0,0,0,0,0,0,0,0,2435,9.310259,1.73043342768032
"436",146,146,1,9.24846256294184,28.409079525687,31.1575037817376,33.1722303496256,36.3476887835788,39.2538550416558,45.2460471347203,47.5792424419047,52.5706458796546,1,1,1,1,1,1,1,1,0.75,0.733333333333333,0.7,0.666666666666667,0.633333333333333,0.583333333333333,0.55,0.5,0,0,0,0,0,0,0,0,2436,5.372013,-3.87644956294184
"437",146,146,2,7.83019290168701,26.9908098644322,29.7392341204828,31.7539606883707,34.9294191223239,37.835585380401,43.8277774734654,46.1609727806499,51.1523762183998,1,1,1,1,1,1,1,1,0.766666666666667,0.733333333333333,0.716666666666667,0.683333333333333,0.65,0.583333333333333,0.566666666666667,0.516666666666667,0,0,0,0,0,0,0,0,2437,5.204315,-2.62587790168701
"438",146,146,3,7.76980028384314,26.9304172465883,29.6788415026389,31.6935680705269,34.8690265044801,37.7751927625571,43.7673848556216,46.100580162806,51.0919836005559,1,1,1,1,1,1,1,1,0.793103448275862,0.775862068965517,0.741379310344828,0.706896551724138,0.672413793103448,0.603448275862069,0.586206896551724,0.53448275862069,0,0,0,0,0,0,0,0,2438,8.307223,0.537422716156856
"439",147,147,1,8.86006031018786,27.9506666884701,30.6890485336269,32.6964135335223,35.860269225177,38.7558167021016,44.7261140476501,47.0507841404617,52.0239495917915,1,1,1,1,1,1,1,1,0.766666666666667,0.733333333333333,0.716666666666667,0.683333333333333,0.65,0.583333333333333,0.55,0.5,0,0,0,0,0,0,0,0,2439,4.817715,-4.04234531018786
"440",147,147,2,7.60386911819964,26.6944754964819,29.4328573416387,31.4402223415341,34.6040780331888,37.4996255101134,43.4699228556618,45.7945929484735,50.7677583998033,1,1,1,1,1,1,1,1,0.779661016949153,0.76271186440678,0.728813559322034,0.694915254237288,0.677966101694915,0.610169491525424,0.576271186440678,0.525423728813559,0,0,0,0,0,0,0,0,2440,7.2026,-0.401269118199636
"441",147,147,3,8.46240606120273,27.553012439485,30.2913942846418,32.2987592845372,35.4626149761919,38.3581624531165,44.3284597986649,46.6531298914766,51.6262953428064,1,1,1,1,1,1,1,1,0.754098360655738,0.721311475409836,0.704918032786885,0.672131147540984,0.639344262295082,0.573770491803279,0.557377049180328,0.491803278688525,0,0,0,0,0,0,0,0,2441,4.210197,-4.25220906120273
"442",148,148,1,7.38247438945965,26.4734437225073,29.211877630376,31.2192807947318,34.3831966382999,37.2787991660036,43.2492100201452,45.5739243100909,50.5471843123251,1,1,1,1,1,1,1,1,0.783333333333333,0.75,0.733333333333333,0.683333333333333,0.666666666666667,0.6,0.566666666666667,0.516666666666667,0,0,0,0,0,0,0,0,2442,5.141341,-2.24113338945965
"443",148,148,2,7.71779225648119,26.8087615895288,29.5471954973975,31.5545986617534,34.7185145053214,37.6141170330251,43.5845278871667,45.9092421771124,50.8825021793466,1,1,1,1,1,1,1,1,0.766666666666667,0.75,0.716666666666667,0.683333333333333,0.65,0.6,0.566666666666667,0.516666666666667,0,0,0,0,0,0,0,0,2443,5.054022,-2.66377025648119
"444",148,148,3,7.68634747368663,26.7773168067342,29.515750714603,31.5231538789588,34.6870697225269,37.5826722502306,43.5530831043722,45.8777973943178,50.8510573965521,1,1,1,1,1,1,1,1,0.807017543859649,0.789473684210526,0.754385964912281,0.719298245614035,0.684210526315789,0.631578947368421,0.596491228070175,0.543859649122807,0,0,0,0,0,0,0,0,2444,10.784562,3.09821452631337
"445",149,149,1,9.75268159761237,28.8436989913298,31.5821397930846,33.589548010989,36.7534718195751,39.6490816368299,45.6195075212164,47.9442276635274,52.9175001857234,1,1,1,1,1,1,1,1,0.75,0.716666666666667,0.7,0.666666666666667,0.633333333333333,0.566666666666667,0.55,0.5,0,0,0,0,0,0,0,0,2445,5.361059,-4.39162259761237
"446",149,149,2,7.80014852236495,26.8911659160824,29.6296067178372,31.6370149357416,34.8009387443277,37.6965485615825,43.666974445969,45.9916945882799,50.964967110476,1,1,1,1,1,1,1,1,0.766666666666667,0.75,0.716666666666667,0.683333333333333,0.65,0.6,0.566666666666667,0.516666666666667,0,0,0,0,0,0,0,0,2446,4.779,-3.02114852236495
"447",149,149,3,7.59059955572006,26.6816169494375,29.4200577511923,31.4274659690967,34.5913897776828,37.4869995949376,43.4574254793241,45.7821456216351,50.7554181438311,1,1,1,1,1,1,1,1,0.766666666666667,0.75,0.716666666666667,0.683333333333333,0.666666666666667,0.6,0.566666666666667,0.516666666666667,0,0,0,0,0,0,0,0,2447,5.385076,-2.20552355572006
"448",150,150,1,7.76033912543738,26.6344714492026,29.3418019694779,31.3264048615695,34.4543846540564,37.3170986583318,43.21969702945,45.5180069977882,50.434780249326,1,1,1,1,1,1,1,1,0.766666666666667,0.75,0.716666666666667,0.683333333333333,0.666666666666667,0.6,0.566666666666667,0.516666666666667,0,0,0,0,0,0,0,0,2448,4.905231,-2.85510812543738
"449",150,150,2,7.58516842653334,26.4593007502986,29.1666312705739,31.1512341626654,34.2792139551524,37.1419279594278,43.0445263305459,45.3428362988841,50.259609550422,1,1,1,1,1,1,1,1,0.824561403508772,0.789473684210526,0.771929824561403,0.736842105263158,0.701754385964912,0.631578947368421,0.596491228070175,0.543859649122807,0,0,0,0,0,0,0,0,2449,9.991852,2.40668357346665
"450",150,150,3,9.44207420992161,28.3162065336868,31.0235370539622,33.0081399460537,36.1361197385406,38.9988337428161,44.9014321139342,47.1997420822724,52.1165153338103,1,1,1,1,1,1,1,1,0.833333333333333,0.814814814814815,0.777777777777778,0.740740740740741,0.722222222222222,0.648148148148148,0.611111111111111,0.555555555555556,0,0,0,0,0,0,0,0,2450,15.276548,5.83447379007839
"451",151,151,1,11.3754267462509,30.2505247164941,32.9579937503783,34.9426981795768,38.0708380071116,40.9336984747925,46.8365988371879,49.1350263926495,54.0520511982557,1,1,1,1,1,1,1,1,0.733333333333333,0.7,0.683333333333333,0.65,0.616666666666667,0.566666666666667,0.533333333333333,0.483333333333333,0,0,0,0,0,0,0,0,2451,5.293416,-6.08201074625091
"452",151,151,2,7.73217378737539,26.6072717576186,29.3147407915027,31.2994452207013,34.4275850482361,37.290445515917,43.1933458783124,45.491773433774,50.4087982393802,1,1,1,1,1,1,1,1,0.754098360655738,0.737704918032787,0.704918032786885,0.672131147540984,0.655737704918033,0.590163934426229,0.557377049180328,0.508196721311475,0,0,0,0,0,0,0,0,2452,4.578054,-3.15411978737539
"453",151,151,3,7.4711089508925,26.3462069211357,29.0536759550199,31.0383803842184,34.1665202117532,37.0293806794341,42.9322810418295,45.2307085972911,50.1477334028973,1,1,1,1,1,1,1,1,0.810344827586207,0.775862068965517,0.758620689655172,0.724137931034483,0.689655172413793,0.620689655172414,0.603448275862069,0.53448275862069,0,0,0,0,0,0,0,0,2453,7.869872,0.3987630491075
"454",152,152,1,8.67209512190151,27.5477580929048,30.2553081712458,32.2400720099113,35.3683054741193,38.2312516376913,44.1343286954976,46.4328250513076,51.3499970414613,1,1,1,1,1,1,1,1,0.779661016949153,0.745762711864407,0.728813559322034,0.694915254237288,0.661016949152542,0.593220338983051,0.576271186440678,0.525423728813559,0,0,0,0,0,0,0,0,2454,6.438366,-2.23372912190151
"455",152,152,2,8.14989270473818,27.0255556757415,29.7331057540824,31.717869592748,34.846103056956,37.709049220528,43.6121262783343,45.9106226341443,50.827794624298,1,1,1,1,1,1,1,1,0.779661016949153,0.745762711864407,0.728813559322034,0.694915254237288,0.661016949152542,0.610169491525424,0.576271186440678,0.525423728813559,0,0,0,0,0,0,0,0,2455,7.008778,-1.14111470473818
"456",152,152,3,8.35797463047162,27.2336376014749,29.9411876798159,31.9259515184814,35.0541849826894,37.9171311462615,43.8202082040678,46.1187045598777,51.0358765500314,1,1,1,1,1,1,1,1,0.884615384615385,0.846153846153846,0.826923076923077,0.788461538461538,0.75,0.673076923076923,0.653846153846154,0.596153846153846,0,0,0,0,0,0,0,0,2456,17.550037,9.19206236952838
"457",153,153,1,12.2046278232202,31.0827635002509,33.7906682668171,35.7756921089334,38.9043353707604,41.7676565793968,47.671506938477,49.9703043966007,54.8881205347685,1,1,1,1,1,1,1,1,0.733333333333333,0.7,0.683333333333333,0.65,0.616666666666667,0.55,0.533333333333333,0.466666666666667,0,0,0,0,0,0,0,0,2457,4.978675,-7.22595282322019
"458",153,153,2,7.62473910149752,26.5028747785283,29.2107795450944,31.1958033872107,34.3244466490377,37.1877678576741,43.0916182167544,45.390415674878,50.3082318130458,1,1,1,1,1,1,1,1,0.783333333333333,0.75,0.733333333333333,0.7,0.666666666666667,0.6,0.566666666666667,0.516666666666667,0,0,0,0,0,0,0,0,2458,5.339737,-2.28500210149752
"459",153,153,3,7.756278053414,26.6344137304447,29.3423184970109,31.3273423391272,34.4559856009542,37.3193068095906,43.2231571686708,45.5219546267945,50.4397707649623,1,1,1,1,1,1,1,1,0.766666666666667,0.75,0.716666666666667,0.683333333333333,0.666666666666667,0.6,0.566666666666667,0.516666666666667,0,0,0,0,0,0,0,0,2459,4.832934,-2.923344053414
"460",154,154,1,7.5571026218402,26.4163341458696,29.1215272757098,31.104563358279,34.2300736650346,37.0905276063123,42.9884659785102,45.2849614710367,50.1978530154682,1,1,1,1,1,1,1,1,0.783333333333333,0.75,0.733333333333333,0.7,0.666666666666667,0.6,0.583333333333333,0.516666666666667,0,0,0,0,0,0,0,0,2460,5.877988,-1.6791146218402
"461",154,154,2,7.93905604339923,26.7982875674286,29.5034806972688,31.486516779838,34.6120270865936,37.4724810278713,43.3704194000692,45.6669148925957,50.5798064370272,1,1,1,1,1,1,1,1,0.766666666666667,0.75,0.716666666666667,0.683333333333333,0.666666666666667,0.6,0.566666666666667,0.516666666666667,0,0,0,0,0,0,0,0,2461,5.217022,-2.72203404339923
"462",154,154,3,7.69748170826039,26.5567132322898,29.26190636213,31.2449424446992,34.3704527514548,37.2309066927325,43.1288450649304,45.4253405574569,50.3382321018884,1,1,1,1,1,1,1,1,0.824561403508772,0.789473684210526,0.771929824561403,0.736842105263158,0.701754385964912,0.631578947368421,0.596491228070175,0.543859649122807,0,0,0,0,0,0,0,0,2462,9.877722,2.18024029173961
"463",155,155,1,9.40083535836929,28.2598516416733,30.9650138970989,32.9480273472441,36.0735019824982,38.9339232773672,44.8317943362956,47.1282636188805,52.0410990923985,1,1,1,1,1,1,1,1,0.75,0.733333333333333,0.7,0.666666666666667,0.65,0.583333333333333,0.55,0.5,0,0,0,0,0,0,0,0,2463,5.470853,-3.92998235836929
"464",155,155,2,7.79154905592366,26.6505653392277,29.3557275946533,31.3387410447985,34.4642156800526,37.3246369749215,43.22250803385,45.5189773164349,50.4318127899529,1,1,1,1,1,1,1,1,0.754098360655738,0.737704918032787,0.704918032786885,0.672131147540984,0.655737704918033,0.590163934426229,0.557377049180328,0.508196721311475,0,0,0,0,0,0,0,0,2464,4.618868,-3.17268105592366
"465",155,155,3,7.48042390326105,26.3394401865651,29.0446024419907,31.0276158921359,34.15309052739,37.0135118222589,42.9113828811874,45.2078521637723,50.1206876372903,1,1,1,1,1,1,1,1,0.783333333333333,0.75,0.733333333333333,0.7,0.666666666666667,0.6,0.583333333333333,0.516666666666667,0,0,0,0,0,0,0,0,2465,5.592174,-1.88824990326105
"466",156,156,1,7.8319068208603,26.6913253598312,29.396545315342,31.3796010624123,34.5051423628553,37.3656246694259,43.2636215277078,45.5601397931119,50.4730800555478,1,1,1,1,1,1,1,1,0.766666666666667,0.75,0.716666666666667,0.683333333333333,0.666666666666667,0.6,0.566666666666667,0.516666666666667,0,0,0,0,0,0,0,0,2466,4.728641,-3.1032658208603
"467",156,156,2,7.51664624787211,26.376064786843,29.0812847423539,31.0643404894241,34.1898817898671,37.0503640964377,42.9483609547197,45.2448792201237,50.1578194825596,1,1,1,1,1,1,1,1,0.796610169491525,0.76271186440678,0.745762711864407,0.711864406779661,0.677966101694915,0.610169491525424,0.593220338983051,0.525423728813559,0,0,0,0,0,0,0,0,2467,6.254913,-1.26173324787211
"468",156,156,3,8.07386106798418,26.9332796069551,29.6384995624659,31.6215553095361,34.7470966099791,37.6075789165498,43.5055757748317,45.8020940402357,50.7150343026716,1,1,1,1,1,1,1,1,0.867924528301887,0.849056603773585,0.811320754716981,0.773584905660377,0.735849056603774,0.679245283018868,0.641509433962264,0.584905660377358,0,0,0,0,0,0,0,0,2468,16.140529,8.06666793201583
"469",157,157,1,11.6861532951407,30.5476664326934,33.253186840197,35.2364628329629,38.3623512678821,41.2231512704713,47.1218031826633,49.4185765080996,54.3320624203224,1,1,1,1,1,1,1,1,0.733333333333333,0.7,0.683333333333333,0.65,0.616666666666667,0.55,0.533333333333333,0.483333333333333,0,0,0,0,0,0,0,0,2469,4.849154,-6.83699929514067
"470",157,157,2,7.56357019058922,26.425083328142,29.1306037356456,31.1138797284115,34.2397681633306,37.1005681659199,42.9992200781119,45.2959934035482,50.209479315771,1,1,1,1,1,1,1,1,0.770491803278688,0.737704918032787,0.721311475409836,0.688524590163934,0.655737704918033,0.590163934426229,0.573770491803279,0.508196721311475,0,0,0,0,0,0,0,0,2470,4.463441,-3.10012919058922
"471",157,157,3,7.42274288682809,26.2842560243808,28.9897764318845,30.9730524246503,34.0989408595695,36.9597408621587,42.8583927743507,45.155166099787,50.0686520120098,1,1,1,1,1,1,1,1,0.783333333333333,0.75,0.733333333333333,0.7,0.666666666666667,0.6,0.583333333333333,0.516666666666667,0,0,0,0,0,0,0,0,2471,4.774251,-2.64849188682809
"472",158,158,1,7.52395664963905,26.3681058402157,29.0711355401841,31.0525857250772,34.1755964608086,37.0337628051546,42.926984406518,45.2216433178059,50.1306058650036,1,1,1,1,1,1,1,1,0.770491803278688,0.737704918032787,0.721311475409836,0.688524590163934,0.655737704918033,0.590163934426229,0.573770491803279,0.508196721311475,0,0,0,0,0,0,0,0,2472,4.682394,-2.84156264963905
"473",158,158,2,7.49035587082959,26.3345050614062,29.0375347613746,31.0189849462678,34.1419956819991,37.0001620263451,42.8933836277086,45.1880425389965,50.0970050861941,1,1,1,1,1,1,1,1,0.770491803278688,0.737704918032787,0.721311475409836,0.688524590163934,0.655737704918033,0.590163934426229,0.573770491803279,0.508196721311475,0,0,0,0,0,0,0,0,2473,4.606744,-2.88361187082959
"474",158,158,3,7.46268352232119,26.3068327128978,29.0098624128662,30.9913125977594,34.1143233334907,36.9724896778367,42.8657112792002,45.1603701904881,50.0693327376857,1,1,1,1,1,1,1,1,0.810344827586207,0.775862068965517,0.758620689655172,0.724137931034483,0.689655172413793,0.620689655172414,0.603448275862069,0.53448275862069,0,0,0,0,0,0,0,0,2474,9.013324,1.55064047767881
"475",159,159,1,9.07932546484075,27.9233421587911,30.6263528532681,32.6077891062261,35.7307778835033,38.588924131564,44.4821042966189,46.7767470737443,51.6856751051372,1,1,1,1,1,1,1,1,0.754098360655738,0.721311475409836,0.704918032786885,0.672131147540984,0.639344262295082,0.573770491803279,0.557377049180328,0.491803278688525,0,0,0,0,0,0,0,0,2475,4.273815,-4.80551046484075
"476",159,159,2,7.34549587198383,26.1895125659342,28.8925232604111,30.8739595133692,33.9969482906463,36.8550945387071,42.748274703762,45.0429174808874,49.9518455122802,1,1,1,1,1,1,1,1,0.796610169491525,0.76271186440678,0.745762711864407,0.711864406779661,0.677966101694915,0.610169491525424,0.593220338983051,0.542372881355932,0,0,0,0,0,0,0,0,2476,6.606112,-0.739383871983826
"477",159,159,3,8.1987077886468,27.0427244825972,29.7457351770741,31.7271714300321,34.8501602073093,37.7083064553701,43.601486620425,45.8961293975504,50.8050574289432,1,1,1,1,1,1,1,1,0.766666666666667,0.733333333333333,0.716666666666667,0.683333333333333,0.65,0.6,0.566666666666667,0.516666666666667,0,0,0,0,0,0,0,0,2477,5.176601,-3.0221067886468
"478",160,160,1,7.67397898534272,26.5183071419882,29.2213625130863,31.2028315161467,34.3258719116387,37.1840654004734,43.0773429707581,45.3720236748094,50.2810328432538,1,1,1,1,1,1,1,1,0.783333333333333,0.75,0.733333333333333,0.7,0.666666666666667,0.6,0.566666666666667,0.516666666666667,0,0,0,0,0,0,0,0,2478,4.76733,-2.90664898534272
"479",160,160,2,7.52434596605784,26.3686741227033,29.0717294938015,31.0531984968618,34.1762388923538,37.0344323811885,42.9277099514733,45.2223906555245,50.1313998239689,1,1,1,1,1,1,1,1,0.770491803278688,0.737704918032787,0.721311475409836,0.688524590163934,0.655737704918033,0.590163934426229,0.573770491803279,0.508196721311475,0,0,0,0,0,0,0,0,2479,4.320772,-3.20357396605784
"480",160,160,3,7.36108049690459,26.2054086535501,28.9084640246482,30.8899330277086,34.0129734232006,36.8711669120353,42.76444448232,45.0591251863713,49.9681343548157,1,1,1,1,1,1,1,1,0.839285714285714,0.803571428571429,0.785714285714286,0.75,0.714285714285714,0.642857142857143,0.625,0.571428571428571,0,0,0,0,0,0,0,0,2480,11.302821,3.94174050309541
"481",161,161,1,9.9151973937109,28.7600687193504,31.4632020033279,33.4447281202591,36.5678585342806,39.4261344076964,45.3195818458386,47.6143286917761,52.5234793575214,1,1,1,1,1,1,1,1,0.75,0.716666666666667,0.7,0.666666666666667,0.633333333333333,0.566666666666667,0.55,0.5,0,0,0,0,0,0,0,0,2481,4.991456,-4.9237413937109
"482",161,161,2,7.60698374596619,26.4518550716057,29.1549883555831,31.1365144725144,34.2596448865359,37.1179207599517,43.0113681980939,45.3061150440314,50.2152657097767,1,1,1,1,1,1,1,1,0.783333333333333,0.75,0.733333333333333,0.7,0.666666666666667,0.6,0.583333333333333,0.516666666666667,0,0,0,0,0,0,0,0,2482,5.037035,-2.56994874596619
"483",161,161,3,7.62365305123542,26.4685243768749,29.1716576608524,31.1531837777836,34.2763141918051,37.134590065221,43.0280375033631,45.3227843493007,50.231935015046,1,1,1,1,1,1,1,1,0.770491803278688,0.737704918032787,0.721311475409836,0.688524590163934,0.655737704918033,0.590163934426229,0.557377049180328,0.508196721311475,0,0,0,0,0,0,0,0,2483,4.628939,-2.99471405123542
"484",162,162,1,7.4109406030674,26.0183059323702,28.687371041896,30.6439235558487,33.7276924805899,36.5499448838855,42.3691159270623,44.6349415813097,49.4822211575747,1,1,1,1,1,1,1,1,0.783333333333333,0.75,0.733333333333333,0.7,0.666666666666667,0.6,0.583333333333333,0.533333333333333,0,0,0,0,0,0,0,0,2484,4.792896,-2.6180446030674
"485",162,162,2,7.47215580827351,26.0795211375763,28.7485862471021,30.7051387610548,33.788907685796,36.6111600890916,42.4303311322684,44.6961567865158,49.5434363627808,1,1,1,1,1,1,1,1,0.796610169491525,0.76271186440678,0.745762711864407,0.711864406779661,0.677966101694915,0.610169491525424,0.593220338983051,0.542372881355932,0,0,0,0,0,0,0,0,2485,7.089279,-0.382876808273515
"486",162,162,3,8.32953644207896,26.9369017713818,29.6059668809076,31.5625193948603,34.6462883196015,37.468540722897,43.2877117660739,45.5535374203213,50.4008169965862,1,1,1,1,1,1,1,1,0.793103448275862,0.775862068965517,0.741379310344828,0.706896551724138,0.689655172413793,0.620689655172414,0.586206896551724,0.53448275862069,0,0,0,0,0,0,0,0,2486,9.145071,0.815534557921039
"487",163,163,1,9.1068820155396,27.7135753787065,30.3825441005204,32.3390259576655,35.4226835185327,38.2448340020772,44.0637948980456,46.3295387267319,51.1766432536188,1,1,1,1,1,1,1,1,0.766666666666667,0.733333333333333,0.716666666666667,0.683333333333333,0.65,0.583333333333333,0.566666666666667,0.516666666666667,0,0,0,0,0,0,0,0,2487,5.190379,-3.9165030155396
"488",163,163,2,7.62965090616892,26.2363442693358,28.9053129911497,30.8617948482948,33.945452409162,36.7676028927065,42.5865637886749,44.8523076173612,49.6994121442482,1,1,1,1,1,1,1,1,0.783333333333333,0.75,0.733333333333333,0.7,0.666666666666667,0.6,0.583333333333333,0.533333333333333,0,0,0,0,0,0,0,0,2488,5.280025,-2.34962590616892
"489",163,163,3,7.663137170088,26.2698305332549,28.9387992550688,30.8952811122139,33.9789386730811,36.8010891566256,42.620050052594,44.8857938812803,49.7328984081672,1,1,1,1,1,1,1,1,0.824561403508772,0.789473684210526,0.771929824561403,0.736842105263158,0.701754385964912,0.631578947368421,0.614035087719298,0.56140350877193,0,0,0,0,0,0,0,0,2489,10.224079,2.560941829912
"490",164,164,1,9.50691847712234,28.1129322990337,30.7818035465505,32.738213950369,35.8217588919497,38.6438063067949,44.4625546865512,46.7282157672512,51.5751432714168,1,1,1,1,1,1,1,1,0.766666666666667,0.733333333333333,0.716666666666667,0.683333333333333,0.65,0.583333333333333,0.566666666666667,0.5,0,0,0,0,0,0,0,0,2490,4.906923,-4.59999547712234
"491",164,164,2,7.52144411897932,26.1274579408907,28.7963291884075,30.752739592226,33.8362845338067,36.6583319486519,42.4770803284082,44.7427414091082,49.5896689132737,1,1,1,1,1,1,1,1,0.783333333333333,0.75,0.733333333333333,0.7,0.666666666666667,0.6,0.583333333333333,0.533333333333333,0,0,0,0,0,0,0,0,2491,5.08648,-2.43496411897932
"492",164,164,3,7.58849233410129,26.1945061560126,28.8633774035295,30.8197878073479,33.9033327489286,36.7253801637738,42.5441285435302,44.8097896242302,49.6567171283957,1,1,1,1,1,1,1,1,0.886792452830189,0.849056603773585,0.830188679245283,0.792452830188679,0.754716981132076,0.679245283018868,0.660377358490566,0.60377358490566,0,0,0,0,0,0,0,0,2492,16.124747,8.53625466589871
"493",165,165,1,11.7096930343886,30.3185430986325,32.9878211805032,34.9445298133814,38.0285448008721,40.8510223997652,46.6706577712563,48.9366642222183,53.7843305767954,1,1,1,1,1,1,1,1,0.733333333333333,0.7,0.683333333333333,0.65,0.616666666666667,0.566666666666667,0.533333333333333,0.483333333333333,0,0,0,0,0,0,0,0,2493,4.978762,-6.73093103438864
"494",165,165,2,7.55188481925937,26.1607348835032,28.830012965374,30.7867215982521,33.8707365857428,36.6932141846359,42.512849556127,44.778856007089,49.6265223616661,1,1,1,1,1,1,1,1,0.839285714285714,0.803571428571429,0.785714285714286,0.75,0.714285714285714,0.642857142857143,0.625,0.571428571428571,0,0,0,0,0,0,0,0,2494,11.079765,3.52788018074063
"495",165,165,3,9.82775369885398,28.4366037630978,31.1058818449686,33.0625904778467,36.1466054653374,38.9690830642305,44.7887184357216,47.0547248866836,51.9023912412607,1,1,1,1,1,1,1,1,0.737704918032787,0.721311475409836,0.688524590163934,0.655737704918033,0.639344262295082,0.573770491803279,0.540983606557377,0.491803278688525,0,0,0,0,0,0,0,0,2495,4.599241,-5.22851269885398
"496",166,166,1,7.39373802573364,25.9826031789685,28.6490145987542,30.6036218310749,33.6843247511964,36.5037711599062,42.3171565538542,44.5807294349228,49.4231896547649,1,1,1,1,1,1,1,1,0.783333333333333,0.75,0.733333333333333,0.7,0.666666666666667,0.6,0.583333333333333,0.533333333333333,0,0,0,0,0,0,0,0,2496,5.560196,-1.83354202573364
"497",166,166,2,7.75294175297858,26.3418069062134,29.0082183259992,30.9628255583199,34.0435284784414,36.8629748871512,42.6763602810992,44.9399331621677,49.7823933820098,1,1,1,1,1,1,1,1,0.783333333333333,0.75,0.733333333333333,0.7,0.666666666666667,0.6,0.583333333333333,0.533333333333333,0,0,0,0,0,0,0,0,2497,5.256582,-2.49635975297858
"498",166,166,3,7.63945123527094,26.2283163885058,28.8947278082915,30.8493350406123,33.9300379607338,36.7494843694435,42.5628697633915,44.8264426444601,49.6689028643022,1,1,1,1,1,1,1,1,0.810344827586207,0.775862068965517,0.758620689655172,0.724137931034483,0.689655172413793,0.620689655172414,0.603448275862069,0.551724137931034,0,0,0,0,0,0,0,0,2498,9.373926,1.73447476472906
"499",167,167,1,9.18143005760155,27.7698881321519,30.4362411600324,32.3908055882909,35.4714410439124,38.2908257093945,44.1040837956634,46.3676071066123,51.2099612811246,1,1,1,1,1,1,1,1,0.766666666666667,0.733333333333333,0.716666666666667,0.683333333333333,0.65,0.583333333333333,0.566666666666667,0.516666666666667,0,0,0,0,0,0,0,0,2499,5.673307,-3.50812305760155
"500",167,167,2,7.7984817786943,26.3869398532447,29.0532928811252,31.0078573093836,34.0884927650052,36.9078774304872,42.7211355167562,44.984658827705,49.8270130022173,1,1,1,1,1,1,1,1,0.783333333333333,0.75,0.733333333333333,0.7,0.666666666666667,0.6,0.583333333333333,0.533333333333333,0,0,0,0,0,0,0,0,2500,4.96751,-2.8309717786943
"501",167,167,3,7.53472029813986,26.1231783726902,28.7895314005707,30.7440958288292,33.8247312844507,36.6441159499328,42.4573740362017,44.7208973471506,49.5632515216629,1,1,1,1,1,1,1,1,0.770491803278688,0.737704918032787,0.721311475409836,0.688524590163934,0.655737704918033,0.590163934426229,0.573770491803279,0.524590163934426,0,0,0,0,0,0,0,0,2501,4.266974,-3.26774629813986
"502",168,168,1,7.27056817497831,25.8593001932836,28.5256925160188,30.4802857492872,33.5609666051695,36.38039282078,42.1937365787998,44.4572932479795,49.2997187857367,1,1,1,1,1,1,1,1,0.783333333333333,0.75,0.733333333333333,0.7,0.666666666666667,0.6,0.583333333333333,0.533333333333333,0,0,0,0,0,0,0,0,2502,5.011784,-2.25878417497831
"503",168,168,2,7.54908434703471,26.1378163653399,28.8042086880752,30.7588019213436,33.8394827772259,36.6589089928364,42.4722527508562,44.7358094200359,49.5782349577931,1,1,1,1,1,1,1,1,0.824561403508772,0.789473684210526,0.771929824561403,0.736842105263158,0.701754385964912,0.631578947368421,0.614035087719298,0.56140350877193,0,0,0,0,0,0,0,0,2503,9.930993,2.38190865296529
"504",168,168,3,9.38858604575702,27.9773180640623,30.6437103867975,32.5983036200659,35.6789844759482,38.4984106915588,44.3117544495785,46.5753111187582,51.4177366565154,1,1,1,1,1,1,1,1,0.938775510204082,0.897959183673469,0.877551020408163,0.836734693877551,0.795918367346939,0.714285714285714,0.693877551020408,0.63265306122449,0,0,0,0,0,0,0,0,2504,22.688059,13.299472954243
"505",169,169,1,14.1647829440331,32.7598121000541,35.4271076925575,37.3823630658124,40.4640875362667,43.2844688635622,49.0997819558108,51.364105429744,56.2081713924887,1,1,1,1,1,1,1,1,0.716666666666667,0.683333333333333,0.666666666666667,0.633333333333333,0.6,0.533333333333333,0.516666666666667,0.466666666666667,0,0,0,0,0,0,0,0,2505,6.023269,-8.14151394403307
"506",169,169,2,7.93421252191735,26.5292416779384,29.1965372704418,31.1517926436967,34.233517114151,37.0538984414465,42.8692115336951,45.1335350076282,49.977600970373,1,1,1,1,1,1,1,1,0.783333333333333,0.75,0.733333333333333,0.7,0.666666666666667,0.6,0.583333333333333,0.533333333333333,0,0,0,0,0,0,0,0,2506,5.381079,-2.55313352191735
"507",169,169,3,7.69411288553559,26.2891420415566,28.9564376340601,30.911693007315,33.9934174777692,36.8137988050647,42.6291118973133,44.8934353712465,49.7375013339912,1,1,1,1,1,1,1,1,0.770491803278688,0.737704918032787,0.721311475409836,0.688524590163934,0.655737704918033,0.590163934426229,0.573770491803279,0.524590163934426,0,0,0,0,0,0,0,0,2507,4.381062,-3.31305088553559
"508",170,170,1,7.30778921782423,25.8851091574351,28.5498645164987,30.5032577770216,33.5820473273365,36.3997426280135,42.2095174316593,44.4716844478593,49.3111371017611,1,1,1,1,1,1,1,1,0.783333333333333,0.75,0.733333333333333,0.7,0.666666666666667,0.6,0.583333333333333,0.533333333333333,0,0,0,0,0,0,0,0,2508,5.296948,-2.01084121782423
"509",170,170,2,7.65066436768046,26.2279843072914,28.8927396663549,30.8461329268779,33.9249224771927,36.7426177778697,42.5523925815155,44.8145595977155,49.6540122516173,1,1,1,1,1,1,1,1,0.783333333333333,0.75,0.733333333333333,0.7,0.666666666666667,0.6,0.583333333333333,0.533333333333333,0,0,0,0,0,0,0,0,2509,4.792653,-2.85801136768047
"510",170,170,3,7.46187425221113,26.039194191822,28.7039495508856,30.6573428114085,33.7361323617234,36.5538276624004,42.3636024660462,44.6257694822461,49.465222136148,1,1,1,1,1,1,1,1,0.824561403508772,0.789473684210526,0.771929824561403,0.736842105263158,0.701754385964912,0.631578947368421,0.614035087719298,0.56140350877193,0,0,0,0,0,0,0,0,2510,9.579282,2.11740774778887
"511",171,171,1,9.25778415429711,27.8349118451909,30.4996396278441,32.4530126735379,35.53177036278,38.3494365043368,44.1591511851147,46.4212947911184,51.2606973636001,1,1,1,1,1,1,1,1,0.766666666666667,0.733333333333333,0.716666666666667,0.683333333333333,0.65,0.583333333333333,0.566666666666667,0.516666666666667,0,0,0,0,0,0,0,0,2511,5.777314,-3.48047015429711
"512",171,171,2,7.83441356366996,26.4115412545638,29.0762690372169,31.0296420829108,34.1083997721529,36.9260659137096,42.7357805944875,44.9979242004912,49.8373267729729,1,1,1,1,1,1,1,1,0.796610169491525,0.76271186440678,0.745762711864407,0.711864406779661,0.677966101694915,0.610169491525424,0.593220338983051,0.542372881355932,0,0,0,0,0,0,0,0,2512,7.264409,-0.57000456366996
"513",171,171,3,8.39114820437937,26.9682758952732,29.6330036779263,31.5863767236202,34.6651344128623,37.482800554419,43.2925152351969,45.5546588412006,50.3940614136824,1,1,1,1,1,1,1,1,0.766666666666667,0.75,0.716666666666667,0.683333333333333,0.666666666666667,0.6,0.566666666666667,0.516666666666667,0,0,0,0,0,0,0,0,2513,5.19372,-3.19742820437937
"514",172,172,1,7.61544911548691,26.1925461848787,28.857269575143,30.8106394010056,33.8893920153951,36.707053512468,42.5167586168359,44.7788984940481,49.6182930895284,1,1,1,1,1,1,1,1,0.783333333333333,0.75,0.733333333333333,0.7,0.666666666666667,0.6,0.583333333333333,0.533333333333333,0,0,0,0,0,0,0,0,2514,6.071367,-1.54408211548691
"515",172,172,2,7.94398691151935,26.5210839809111,29.1858073711755,31.139177197038,34.2179298114275,37.0355913085004,42.8452964128684,45.1074362900806,49.9468308855608,1,1,1,1,1,1,1,1,0.783333333333333,0.75,0.733333333333333,0.7,0.666666666666667,0.6,0.583333333333333,0.533333333333333,0,0,0,0,0,0,0,0,2515,5.11677,-2.82721691151935
"516",172,172,3,7.58664370351069,26.1637407729024,28.8284641631668,30.7818339890294,33.8605866034189,36.6782481004917,42.4879532048597,44.7500930820719,49.5894876775521,0,0,0,0,0,0,0,0,NA,NA,NA,NA,NA,NA,NA,NA,0,0,0,0,0,0,0,0,2516,99.042281,91.4556372964893
"517",173,173,1,42.6628044972456,61.5418124291911,64.2498423131566,66.234957872317,69.3637456915573,72.2271991985329,78.1313223420967,80.430226015019,85.3482693784473,1,1,1,1,1,1,1,1,0.4,0.366666666666667,0.35,0.316666666666667,0.283333333333333,0.216666666666667,0.2,0.15,1,1,1,1,1,1,1,1,2517,6.141991,-36.5208134972456
"518",173,173,2,8.02037639541091,26.8993843273564,29.6074142113219,31.5925297704823,34.7213175897226,37.5847710966982,43.4888942402619,45.7877979131843,50.7058412766126,1,1,1,1,1,1,1,1,0.766666666666667,0.75,0.716666666666667,0.683333333333333,0.65,0.6,0.566666666666667,0.516666666666667,1,1,1,1,1,1,1,1,2518,4.885696,-3.13468039541091
"519",173,173,3,7.55190520751479,26.4309131394602,29.1389430234258,31.1240585825861,34.2528464018264,37.116299908802,43.0204230523658,45.3193267252882,50.2373700887164,1,1,1,1,1,1,1,1,0.770491803278688,0.737704918032787,0.721311475409836,0.688524590163934,0.655737704918033,0.590163934426229,0.557377049180328,0.508196721311475,0,0,0,0,0,0,0,0,2519,4.622376,-2.92952920751479
"520",174,174,1,7.42626400079558,26.1221325330681,28.8038926591612,30.7697512280657,33.8681876472226,36.7038636799713,42.5507127563805,44.8273154778925,49.697650428231,1,1,1,1,1,1,1,1,0.796610169491525,0.76271186440678,0.745762711864407,0.711864406779661,0.677966101694915,0.610169491525424,0.593220338983051,0.542372881355932,0,0,0,0,0,0,0,0,2520,7.27249,-0.153774000795579
"521",174,174,2,8.40618931825569,27.1020578505283,29.7838179766213,31.7496765455258,34.8481129646827,37.6837889974314,43.5306380738406,45.8072407953526,50.6775757456911,1,1,1,1,1,1,1,1,0.779661016949153,0.745762711864407,0.728813559322034,0.694915254237288,0.661016949152542,0.610169491525424,0.576271186440678,0.525423728813559,0,0,0,0,0,0,0,0,2521,7.091025,-1.31516431825569
"522",174,174,3,8.33908950755589,27.0349580398285,29.7167181659215,31.682576734826,34.7810131539829,37.6166891867316,43.4635382631408,45.7401409846528,50.6104759349913,1,1,1,1,1,1,1,1,0.807017543859649,0.771929824561403,0.754385964912281,0.719298245614035,0.684210526315789,0.631578947368421,0.596491228070175,0.543859649122807,0,0,0,0,0,0,0,0,2522,10.23354,1.89445049244411
"523",175,175,1,9.50119090190919,28.196554690387,30.8782424153621,32.8440479107807,35.942400679555,38.778000155824,44.6246913812735,46.9012326399498,51.7714361028775,1,1,1,1,1,1,1,1,0.76271186440678,0.745762711864407,0.711864406779661,0.677966101694915,0.661016949152542,0.593220338983051,0.559322033898305,0.508474576271186,0,0,0,0,0,0,0,0,2523,7.794883,-1.70630790190919
"524",175,175,2,8.60007322555354,27.2954370140314,29.9771247390064,31.9429302344251,35.0412830031994,37.8768824794683,43.7235737049178,46.0001149635941,50.8703184265218,1,1,1,1,1,1,1,1,0.766666666666667,0.733333333333333,0.716666666666667,0.683333333333333,0.65,0.6,0.566666666666667,0.516666666666667,0,0,0,0,0,0,0,0,2524,5.199498,-3.40057522555354
"525",175,175,3,7.64104237355249,26.3364061620303,29.0180938870054,30.983899382424,34.0822521511983,36.9178516274673,42.7645428529167,45.041084111593,49.9112875745208,1,1,1,1,1,1,1,1,0.783333333333333,0.75,0.733333333333333,0.7,0.666666666666667,0.6,0.583333333333333,0.533333333333333,0,0,0,0,0,0,0,0,2525,4.712352,-2.92869037355249
"526",176,176,1,7.45889860638309,26.1544061921064,28.8361145435487,30.8019351591554,33.9003117592174,36.7359330457811,42.5826692416362,44.8592280105555,49.7294689331364,1,1,1,1,1,1,1,1,0.810344827586207,0.775862068965517,0.758620689655172,0.724137931034483,0.689655172413793,0.620689655172414,0.603448275862069,0.551724137931034,0,0,0,0,0,0,0,0,2526,8.075464,0.616565393616913
"527",176,176,2,8.70153917180021,27.3970467575236,30.0787551089659,32.0445757245725,35.1429523246346,37.9785736111982,43.8253098070534,46.1018685759726,50.9721094985535,1,1,1,1,1,1,1,1,0.766666666666667,0.733333333333333,0.716666666666667,0.683333333333333,0.65,0.583333333333333,0.566666666666667,0.516666666666667,0,0,0,0,0,0,0,0,2527,5.18343,-3.51810917180021
"528",176,176,3,7.63295782066901,26.3284654063924,29.0101737578347,30.9759943734413,34.0743709735034,36.909992260067,42.7567284559222,45.0332872248414,49.9035281474223,1,1,1,1,1,1,1,1,0.886792452830189,0.849056603773585,0.830188679245283,0.792452830188679,0.754716981132076,0.679245283018868,0.660377358490566,0.60377358490566,0,0,0,0,0,0,0,0,2528,16.569048,8.93609017933099
"529",177,177,1,11.8508458841835,30.5488863484965,33.230958019396,35.1970449655596,38.2958413355432,41.1318467937809,46.9793751089653,49.2562423074331,54.1271430531775,1,1,1,1,1,1,1,1,0.733333333333333,0.7,0.683333333333333,0.65,0.616666666666667,0.55,0.533333333333333,0.483333333333333,0,0,0,0,0,0,0,0,2529,6.089254,-5.76159188418354
"530",177,177,2,7.97672582456626,26.6747662888793,29.3568379597787,31.3229249059423,34.421721275926,37.2577267341636,43.105255049348,45.3821222478158,50.2530229935602,1,1,1,1,1,1,1,1,0.766666666666667,0.75,0.716666666666667,0.683333333333333,0.666666666666667,0.6,0.566666666666667,0.516666666666667,0,0,0,0,0,0,0,0,2530,6.041811,-1.93491482456626
"531",177,177,3,7.95918732352431,26.6572277878373,29.3392994587367,31.3053864049004,34.404182774884,37.2401882331216,43.0877165483061,45.3645837467739,50.2354844925183,1,1,1,1,1,1,1,1,0.766666666666667,0.75,0.716666666666667,0.683333333333333,0.666666666666667,0.6,0.566666666666667,0.516666666666667,0,0,0,0,0,0,0,0,2531,5.080528,-2.87865932352431
"532",178,178,1,7.59041352186712,26.2679507858076,28.9470814505097,30.9110124983222,34.0064109056686,36.8393065627333,42.6804228132439,44.9547933295336,49.8203529244673,1,1,1,1,1,1,1,1,0.796610169491525,0.76271186440678,0.745762711864407,0.711864406779661,0.677966101694915,0.610169491525424,0.593220338983051,0.542372881355932,0,0,0,0,0,0,0,0,2532,6.414093,-1.17632052186712
"533",178,178,2,8.08414357928438,26.7616808432248,29.440811507927,31.4047425557395,34.5001409630858,37.3330366201505,43.1741528706612,45.4485233869509,50.3140829818846,1,1,1,1,1,1,1,1,0.766666666666667,0.75,0.716666666666667,0.683333333333333,0.666666666666667,0.6,0.566666666666667,0.516666666666667,0,0,0,0,0,0,0,0,2533,4.939137,-3.14500657928438
"534",178,178,3,7.53806587735914,26.2156031412996,28.8947338060018,30.8586648538142,33.9540632611606,36.7869589182253,42.6280751687359,44.9024456850257,49.7680052799594,1,1,1,1,1,1,1,1,0.959183673469388,0.918367346938776,0.897959183673469,0.857142857142857,0.816326530612245,0.73469387755102,0.714285714285714,0.653061224489796,0,0,0,0,0,0,0,0,2534,22.575341,15.0372751226409
"535",179,179,1,14.0617926429308,32.702229459765,35.3760383872321,37.3360683468588,40.4253181563862,43.2525866424809,49.0821002913513,51.3519530726823,56.207847879703,1,1,1,1,1,1,1,1,0.716666666666667,0.683333333333333,0.666666666666667,0.633333333333333,0.6,0.533333333333333,0.516666666666667,0.466666666666667,0,0,0,0,0,0,0,0,2535,6.085478,-7.97631464293085
"536",179,179,2,7.95189215143511,26.5923289682692,29.2661378957364,31.2261678553631,34.3154176648905,37.1426861509852,42.9721997998556,45.2420525811866,50.0979473882072,1,1,1,1,1,1,1,1,0.766666666666667,0.75,0.733333333333333,0.7,0.666666666666667,0.6,0.583333333333333,0.516666666666667,0,0,0,0,0,0,0,0,2536,5.127375,-2.82451715143511
"537",179,179,3,7.59689138577662,26.2373282026108,28.9111371300779,30.8711670897046,33.960416899232,36.7876853853267,42.6171990341971,44.8870518155281,49.7429466225488,1,1,1,1,1,1,1,1,0.783333333333333,0.75,0.733333333333333,0.7,0.666666666666667,0.6,0.583333333333333,0.533333333333333,0,0,0,0,0,0,0,0,2537,4.961807,-2.63508438577662
"538",180,180,1,7.53502206675505,26.177292657674,28.8513646241228,30.8115874039168,33.9011411218933,36.7286877437275,42.5587748776059,44.8288509582752,49.6852234694475,1,1,1,1,1,1,1,1,0.783333333333333,0.75,0.733333333333333,0.7,0.666666666666667,0.6,0.583333333333333,0.533333333333333,0,0,0,0,0,0,0,0,2538,6.013097,-1.52192506675505
"539",180,180,2,7.92422655398723,26.5664971449062,29.240569111355,31.200791891149,34.2903456091254,37.1178922309597,42.9479793648381,45.2180554455074,50.0744279566797,1,1,1,1,1,1,1,1,0.766666666666667,0.75,0.733333333333333,0.7,0.666666666666667,0.6,0.583333333333333,0.516666666666667,0,0,0,0,0,0,0,0,2539,5.209054,-2.71517255398723
"540",180,180,3,7.62655688764624,26.2688274785652,28.942899445014,30.903122224808,33.9926759427844,36.8202225646187,42.6503096984971,44.9203857791664,49.7767582903387,1,1,1,1,1,1,1,1,0.903846153846154,0.865384615384615,0.846153846153846,0.807692307692308,0.769230769230769,0.692307692307692,0.673076923076923,0.615384615384615,0,0,0,0,0,0,0,0,2540,17.885544,10.2589871123538
"541",181,181,1,12.3231624990778,30.9687613529175,33.6433107298046,35.6038834743072,38.6939887799795,41.5220402125627,47.3531682101459,49.6236495746034,54.4808891091611,1,1,1,1,1,1,1,1,0.745762711864407,0.711864406779661,0.694915254237288,0.661016949152542,0.627118644067797,0.559322033898305,0.542372881355932,0.491525423728814,0,0,0,0,0,0,0,0,2541,7.563608,-4.75955449907778
"542",181,181,2,8.5029147082017,27.1485135620414,29.8230629389286,31.7836356834311,34.8737409891034,37.7017924216866,43.5329204192698,45.8034017837274,50.660641318285,1,1,1,1,1,1,1,1,0.766666666666667,0.733333333333333,0.716666666666667,0.683333333333333,0.65,0.6,0.566666666666667,0.516666666666667,0,0,0,0,0,0,0,0,2542,5.01596,-3.4869547082017
"543",181,181,3,7.56000567990218,26.2056045337419,28.880153910629,30.8407266551316,33.9308319608039,36.7588833933871,42.5900113909703,44.8604927554278,49.7177322899854,1,1,1,1,1,1,1,1,0.783333333333333,0.75,0.733333333333333,0.7,0.666666666666667,0.6,0.583333333333333,0.533333333333333,0,0,0,0,0,0,0,0,2543,5.308598,-2.25140767990218
"544",182,182,1,7.6534685973356,26.2736409055244,28.9445430650515,30.9024422246088,33.9883336294976,36.8125285177339,42.6357047491448,44.9030899138763,49.7537057500625,1,1,1,1,1,1,1,1,0.783333333333333,0.75,0.733333333333333,0.7,0.666666666666667,0.6,0.583333333333333,0.533333333333333,0,0,0,0,0,0,0,0,2544,5.428467,-2.2250015973356
"545",182,182,2,7.69795246058778,26.3181247687765,28.9890269283037,30.946926087861,34.0328174927497,36.857012380986,42.680188612397,44.9475737771285,49.7981896133146,1,1,1,1,1,1,1,1,0.783333333333333,0.75,0.733333333333333,0.7,0.666666666666667,0.6,0.583333333333333,0.533333333333333,0,0,0,0,0,0,0,0,2545,5.238913,-2.45903946058778
"546",182,182,3,7.62760821633027,26.247780524519,28.9186826840462,30.8765818436035,33.9624732484922,36.7866681367285,42.6098443681394,44.877229532871,49.7278453690571,1,1,1,1,1,1,1,1,0.810344827586207,0.775862068965517,0.758620689655172,0.724137931034483,0.689655172413793,0.620689655172414,0.603448275862069,0.551724137931034,0,0,0,0,0,0,0,0,2546,9.260689,1.63308078366972
"547",183,183,1,9.12205902996185,27.7420917242668,30.4129738573936,32.3708583366408,35.4567266035436,38.2809003159921,44.1040328852802,46.3714010491783,51.2219805154907,1,1,1,1,1,1,1,1,0.766666666666667,0.733333333333333,0.716666666666667,0.683333333333333,0.65,0.583333333333333,0.566666666666667,0.516666666666667,0,0,0,0,0,0,0,0,2547,5.305719,-3.81634002996185
"548",183,183,2,7.65448428371874,26.2745169780237,28.9453991111505,30.9032835903976,33.9891518573005,36.813325569749,42.6364581390371,44.9038263029352,49.7544057692476,1,1,1,1,1,1,1,1,0.783333333333333,0.75,0.733333333333333,0.7,0.666666666666667,0.6,0.583333333333333,0.533333333333333,0,0,0,0,0,0,0,0,2548,4.714064,-2.94042028371874
"549",183,183,3,7.43493826023728,26.0549709545422,28.7258530876691,30.6837375669162,33.769605833819,36.5937795462676,42.4169121155557,44.6842802794537,49.5348597457661,1,1,1,1,1,1,1,1,0.783333333333333,0.75,0.733333333333333,0.7,0.666666666666667,0.6,0.583333333333333,0.533333333333333,0,0,0,0,0,0,0,0,2549,4.811613,-2.62332526023728
"550",184,184,1,7.46654750906882,26.0866938752651,28.7575923136385,30.715488745412,33.8013758509757,36.6255668044879,42.4487349229344,44.7161169287001,49.5667260069123,1,1,1,1,1,1,1,1,0.770491803278688,0.737704918032787,0.721311475409836,0.688524590163934,0.655737704918033,0.590163934426229,0.573770491803279,0.524590163934426,0,0,0,0,0,0,0,0,2550,4.577416,-2.88913150906882
"551",184,184,2,7.37962729794389,25.9997736641402,28.6706721025136,30.6285685342871,33.7144556398508,36.5386465933629,42.3618147118095,44.6291967175752,49.4798057957874,1,1,1,1,1,1,1,1,0.770491803278688,0.737704918032787,0.721311475409836,0.688524590163934,0.655737704918033,0.590163934426229,0.573770491803279,0.524590163934426,0,0,0,0,0,0,0,0,2551,4.578528,-2.8010992979439
"552",184,184,3,7.38004000722186,26.0001863734181,28.6710848117915,30.628981243565,33.7148683491288,36.5390593026409,42.3622274210875,44.6296094268531,49.4802185050653,1,1,1,1,1,1,1,1,0.903846153846154,0.865384615384615,0.846153846153846,0.807692307692308,0.769230769230769,0.692307692307692,0.673076923076923,0.615384615384615,0,0,0,0,0,0,0,0,2552,17.257862,9.87782199277814
"553",185,185,1,12.093703860002,30.7137489103347,33.3846328158265,35.342518594302,38.4283889089496,41.2525644954855,47.0757009289338,49.3430705974298,54.1936532825279,1,1,1,1,1,1,1,1,0.733333333333333,0.7,0.683333333333333,0.65,0.616666666666667,0.55,0.533333333333333,0.483333333333333,0,0,0,0,0,0,0,0,2553,5.500522,-6.59318186000198
"554",185,185,2,7.72768467641819,26.3477297267509,29.0186136322427,30.9764994107182,34.0623697253658,36.8865453119017,42.70968174535,44.977051413846,49.8276340989441,1,1,1,1,1,1,1,1,0.783333333333333,0.75,0.733333333333333,0.7,0.666666666666667,0.6,0.583333333333333,0.533333333333333,0,0,0,0,0,0,0,0,2554,5.149964,-2.57772067641819
"555",185,185,3,7.59750702118675,26.2175520715194,28.8884359770113,30.8463217554868,33.9321920701343,36.7563676566703,42.5795040901185,44.8468737586146,49.6974564437127,1,1,1,1,1,1,1,1,0.783333333333333,0.75,0.733333333333333,0.7,0.666666666666667,0.6,0.583333333333333,0.533333333333333,0,0,0,0,0,0,0,0,2555,4.78998,-2.80752702118675
"556",186,186,1,7.44812486666629,26.0560163261408,28.7251569044747,30.681764740677,33.7656208601309,36.5879530636623,42.4072886460636,44.6731783673736,49.5205950022705,1,1,1,1,1,1,1,1,0.783333333333333,0.75,0.733333333333333,0.7,0.666666666666667,0.6,0.583333333333333,0.533333333333333,0,0,0,0,0,0,0,0,2556,6.027851,-1.42027386666629
"557",186,186,2,7.9084031460636,26.5162946055381,29.185435183872,31.1420430200743,34.2258991395282,37.0482313430596,42.8675669254609,45.1334566467709,49.9808732816678,1,1,1,1,1,1,1,1,0.770491803278688,0.737704918032787,0.721311475409836,0.688524590163934,0.655737704918033,0.590163934426229,0.573770491803279,0.524590163934426,0,0,0,0,0,0,0,0,2557,4.518666,-3.3897371460636
"558",186,186,3,7.34724202742342,25.9551334868979,28.6242740652318,30.5808819014341,33.6647380208881,36.4870702244194,42.3064058068207,44.5722955281308,49.4197121630276,1,1,1,1,1,1,1,1,0.810344827586207,0.775862068965517,0.758620689655172,0.724137931034483,0.689655172413793,0.620689655172414,0.603448275862069,0.551724137931034,0,0,0,0,0,0,0,0,2558,9.317881,1.97063897257657
"559",187,187,1,9.13825600540912,27.7460542742009,30.41518148514,32.3717795224019,35.4556201975129,38.2779382664463,44.0972447048762,46.3631230783229,51.2105154367418,1,1,1,1,1,1,1,1,0.836363636363636,0.8,0.781818181818182,0.745454545454545,0.709090909090909,0.636363636363636,0.618181818181818,0.563636363636364,0,0,0,0,0,0,0,0,2559,13.088738,3.95048199459088
"560",187,187,2,10.5401912062804,29.1479894750722,31.8171166860113,33.7737147232732,36.8575553983842,39.6798734673176,45.4991799057475,47.7650582791942,52.6124506376131,1,1,1,1,1,1,1,1,0.737704918032787,0.704918032786885,0.688524590163934,0.655737704918033,0.622950819672131,0.557377049180328,0.540983606557377,0.491803278688525,0,0,0,0,0,0,0,0,2560,4.618308,-5.92188320628042
"561",187,187,3,7.39104129592415,25.9988395647159,28.667966775655,30.6245648129169,33.7084054880279,36.5307235569613,42.3500299953912,44.6159083688379,49.4633007272569,1,1,1,1,1,1,1,1,0.783333333333333,0.75,0.733333333333333,0.7,0.666666666666667,0.6,0.583333333333333,0.533333333333333,0,0,0,0,0,0,0,0,2561,4.825386,-2.56565529592415
"562",188,188,1,7.46154555227189,26.0705244069149,28.739820962651,30.6965431377569,33.7805794694747,36.6030766025151,42.4227522512484,44.6887743850643,49.5364742899619,1,1,1,1,1,1,1,1,0.783333333333333,0.75,0.733333333333333,0.7,0.666666666666667,0.6,0.583333333333333,0.533333333333333,0,0,0,0,0,0,0,0,2562,5.745763,-1.71578255227189
"563",188,188,2,7.80353077908607,26.4125096337291,29.0818061894652,31.0385283645711,34.1225646962889,36.9450618293292,42.7647374780626,45.0307596118785,49.8784595167761,1,1,1,1,1,1,1,1,0.770491803278688,0.737704918032787,0.721311475409836,0.688524590163934,0.655737704918033,0.590163934426229,0.573770491803279,0.524590163934426,0,0,0,0,0,0,0,0,2563,4.332143,-3.47138777908607
"564",188,188,3,7.27827085154653,25.8872497061896,28.5565462619257,30.5132684370316,33.5973047687493,36.4198019017897,42.2394775505231,44.5054996843389,49.3531995892366,1,1,1,1,1,1,1,1,0.903846153846154,0.865384615384615,0.846153846153846,0.807692307692308,0.769230769230769,0.692307692307692,0.673076923076923,0.615384615384615,0,0,0,0,0,0,0,0,2564,17.938256,10.6599851484535
"565",189,189,1,12.3423557071782,30.9551734788824,33.6250206939625,35.5821465287319,38.6668190780403,41.4898984747548,47.3107746865235,49.5772642866683,54.4259642420264,1,1,1,1,1,1,1,1,0.733333333333333,0.7,0.683333333333333,0.65,0.616666666666667,0.55,0.533333333333333,0.483333333333333,0,0,0,0,0,0,0,0,2565,5.645511,-6.69684470717818
"566",189,189,2,7.77751816493246,26.3903359366367,29.0601831517168,31.0173089864862,34.1019815357946,36.925060932509,42.7459371442778,45.0124267444225,49.8611266997807,1,1,1,1,1,1,1,1,0.783333333333333,0.75,0.733333333333333,0.7,0.666666666666667,0.6,0.583333333333333,0.533333333333333,0,0,0,0,0,0,0,0,2566,5.130448,-2.64707016493246
"567",189,189,3,7.58625259170031,26.1990703634045,28.8689175784846,30.826043413254,33.9107159625624,36.7337953592769,42.5546715710456,44.8211611711904,49.6698611265485,1,1,1,1,1,1,1,1,0.770491803278688,0.737704918032787,0.721311475409836,0.688524590163934,0.655737704918033,0.590163934426229,0.573770491803279,0.524590163934426,0,0,0,0,0,0,0,0,2567,4.506531,-3.07972159170031
"568",190,190,1,7.33944737149546,25.9328557948201,28.5999189072806,30.5550038615334,33.6364597305475,36.45659523493,42.2714014676309,44.5355275843533,49.3791713409254,1,1,1,1,1,1,1,1,0.810344827586207,0.775862068965517,0.758620689655172,0.724137931034483,0.689655172413793,0.620689655172414,0.603448275862069,0.551724137931034,0,0,0,0,0,0,0,0,2568,9.327148,1.98770062850454
"569",190,190,2,9.13490961435549,27.7283180376802,30.3953811501406,32.3504661043934,35.4319219734075,38.2520574777901,44.0668637104909,46.3309898272133,51.1746335837854,1,1,1,1,1,1,1,1,0.779661016949153,0.745762711864407,0.728813559322034,0.694915254237288,0.661016949152542,0.593220338983051,0.576271186440678,0.525423728813559,0,0,0,0,0,0,0,0,2569,6.886645,-2.24826461435549
"570",190,190,3,8.22593240457371,26.8193408278984,29.4864039403588,31.4414888946116,34.5229447636258,37.3430802680083,43.1578865007091,45.4220126174315,50.2656563740036,1,1,1,1,1,1,1,1,0.807017543859649,0.789473684210526,0.754385964912281,0.719298245614035,0.701754385964912,0.631578947368421,0.596491228070175,0.543859649122807,0,0,0,0,0,0,0,0,2570,10.332498,2.10656559542629
"571",191,191,1,9.51283287681339,28.1058164527938,30.7728186245889,32.7278589064163,35.8092443661589,38.6293154322711,44.4439888004143,46.7080631833207,51.551596265769,1,1,1,1,1,1,1,1,0.766666666666667,0.733333333333333,0.716666666666667,0.683333333333333,0.65,0.583333333333333,0.566666666666667,0.516666666666667,0,0,0,0,0,0,0,0,2571,5.345466,-4.16736687681339
"572",191,191,2,7.65661881610098,26.2496023920814,28.9166045638765,30.8716448457039,33.9530303054465,36.7731013715587,42.5877747397018,44.8518491226083,49.6953822050566,1,1,1,1,1,1,1,1,0.770491803278688,0.737704918032787,0.721311475409836,0.688524590163934,0.655737704918033,0.590163934426229,0.573770491803279,0.524590163934426,0,0,0,0,0,0,0,0,2572,4.325833,-3.33078581610098
"573",191,191,3,7.27710308181928,25.8700866577997,28.5370888295948,30.4921291114222,33.5735145711648,36.3935856372769,42.2082590054201,44.4723333883266,49.3158664707749,1,1,1,1,1,1,1,1,0.94,0.9,0.88,0.84,0.8,0.72,0.7,0.64,0,0,0,0,0,0,0,0,2573,21.123647,13.8465439181807
"574",192,192,1,13.5326289657842,32.1326190822774,34.8006262815167,36.7564032965791,39.8389499390857,42.6600837147997,48.4769482721276,50.7418758440246,55.5872341532112,1,1,1,1,1,1,1,1,0.716666666666667,0.683333333333333,0.666666666666667,0.633333333333333,0.6,0.533333333333333,0.516666666666667,0.466666666666667,0,0,0,0,0,0,0,0,2574,5.432992,-8.09963696578415
"575",192,192,2,7.69678341255998,26.2967735290532,28.9647807282926,30.920557743355,34.0031043858615,36.8242381615756,42.6411027189034,44.9060302908004,49.751388599987,1,1,1,1,1,1,1,1,0.783333333333333,0.75,0.733333333333333,0.7,0.666666666666667,0.6,0.583333333333333,0.533333333333333,0,0,0,0,0,0,0,0,2575,6.010048,-1.68673541255998
"576",192,192,3,7.91140859497342,26.5113987114666,29.179405910706,31.1351829257684,34.217729568275,37.038863343989,42.8557279013169,45.1206554732139,49.9660137824005,1,1,1,1,1,1,1,1,0.839285714285714,0.803571428571429,0.785714285714286,0.75,0.714285714285714,0.642857142857143,0.625,0.571428571428571,0,0,0,0,0,0,0,0,2576,12.492661,4.58125240502658
"577",193,193,1,10.3239937240208,28.9263259324354,31.5946690844396,33.5506923689634,36.6336271626218,39.4551161726443,45.2727131836671,47.5379259529505,52.383894384749,1,1,1,1,1,1,1,1,0.75,0.716666666666667,0.7,0.666666666666667,0.633333333333333,0.583333333333333,0.55,0.5,0,0,0,0,0,0,0,0,2577,5.45993,-4.86406372402082
"578",193,193,2,7.70952779621547,26.31186000463,28.9802031566343,30.936226441158,34.0191612348165,36.8406502448389,42.6582472558617,44.9234600251452,49.7694284569437,1,1,1,1,1,1,1,1,0.783333333333333,0.75,0.733333333333333,0.7,0.666666666666667,0.6,0.583333333333333,0.533333333333333,0,0,0,0,0,0,0,0,2578,5.203397,-2.50613079621547
"579",193,193,3,7.61415989605581,26.2164921044704,28.8848352564746,30.8408585409984,33.9237933346568,36.7452823446793,42.5628793557021,44.8280921249855,49.674060556784,1,1,1,1,1,1,1,1,0.783333333333333,0.75,0.733333333333333,0.7,0.666666666666667,0.6,0.583333333333333,0.533333333333333,0,0,0,0,0,0,0,0,2579,4.882078,-2.73208189605581
"580",194,194,1,7.47722245310281,26.0584599078075,28.7237772004209,30.67758238514,33.7570211789718,36.5753106645962,42.3863106116189,44.6489546650589,49.489427844466,1,1,1,1,1,1,1,1,0.783333333333333,0.75,0.733333333333333,0.7,0.666666666666667,0.6,0.583333333333333,0.533333333333333,0,0,0,0,0,0,0,0,2580,5.727331,-1.74989145310281
"581",194,194,2,7.79207197199803,26.3733094267027,29.0386267193162,30.9924319040352,34.0718706978671,36.8901601834914,42.7011601305141,44.9638041839541,49.8042773633612,1,1,1,1,1,1,1,1,0.783333333333333,0.75,0.733333333333333,0.7,0.666666666666667,0.6,0.583333333333333,0.533333333333333,0,0,0,0,0,0,0,0,2581,5.232819,-2.55925297199803
"582",194,194,3,7.60787047814008,26.1891079328448,28.8544252254582,30.8082304101773,33.8876692040091,36.7059586896335,42.5169586366562,44.7796026900962,49.6200758695033,1,1,1,1,1,1,1,1,0.810344827586207,0.775862068965517,0.758620689655172,0.724137931034483,0.689655172413793,0.620689655172414,0.603448275862069,0.551724137931034,0,0,0,0,0,0,0,0,2582,9.340121,1.73225052185992
"583",195,195,1,9.14527667157507,27.7261661819872,30.3914335650108,32.345202163611,35.4245832931912,38.2428200047339,44.053711137461,46.3163128215978,51.1566953603777,1,1,1,1,1,1,1,1,0.766666666666667,0.733333333333333,0.716666666666667,0.683333333333333,0.65,0.583333333333333,0.566666666666667,0.516666666666667,0,0,0,0,0,0,0,0,2583,5.779643,-3.36563367157507
"584",195,195,2,7.81979583447999,26.4006853448921,29.0659527279157,31.0197213265159,34.0991024560961,36.9173391676389,42.7282303003659,44.9908319845027,49.8312145232826,1,1,1,1,1,1,1,1,0.783333333333333,0.75,0.733333333333333,0.7,0.666666666666667,0.6,0.583333333333333,0.533333333333333,0,0,0,0,0,0,0,0,2584,5.20069,-2.61910583447999
"585",195,195,3,7.60426547392764,26.1851549843398,28.8504223673634,30.8041909659636,33.8835720955437,36.7018088070865,42.5126999398136,44.7753016239503,49.6156841627303,1,1,1,1,1,1,1,1,0.770491803278688,0.737704918032787,0.721311475409836,0.688524590163934,0.655737704918033,0.590163934426229,0.573770491803279,0.524590163934426,0,0,0,0,0,0,0,0,2585,4.619298,-2.98496747392764
"586",196,196,1,7.3841390234442,25.9651144147153,28.6303941166029,30.5841717455203,33.663567107998,36.481816845429,42.292734836091,44.5553469779712,49.395751888996,1,1,1,1,1,1,1,1,0.783333333333333,0.75,0.733333333333333,0.7,0.666666666666667,0.6,0.583333333333333,0.533333333333333,0,0,0,0,0,0,0,0,2586,5.099736,-2.2844030234442
"587",196,196,2,7.56297826305654,26.1439536543276,28.8092333562153,30.7630109851326,33.8424063476103,36.6606560850413,42.4715740757033,44.7341862175836,49.5745911286084,1,1,1,1,1,1,1,1,0.783333333333333,0.75,0.733333333333333,0.7,0.666666666666667,0.6,0.583333333333333,0.533333333333333,0,0,0,0,0,0,0,0,2587,5.285212,-2.27776626305654
"588",196,196,3,7.63202023477056,26.2129956260416,28.8782753279293,30.8320529568467,33.9114483193244,36.7296980567553,42.5406160474174,44.8032281892976,49.6436331003224,1,1,1,1,1,1,1,1,0.903846153846154,0.865384615384615,0.846153846153846,0.807692307692308,0.769230769230769,0.692307692307692,0.673076923076923,0.615384615384615,0,0,0,0,0,0,0,0,2588,17.648739,10.0167187652294
"589",197,197,1,12.2385608263014,30.8229215845941,33.4886868880078,35.4428204860933,38.5227769000382,41.3415401094221,47.1535168222295,49.4165412014852,54.2578280117005,1,1,1,1,1,1,1,1,0.733333333333333,0.7,0.683333333333333,0.65,0.616666666666667,0.55,0.533333333333333,0.483333333333333,0,0,0,0,0,0,0,0,2589,5.372008,-6.86655282630139
"590",197,197,2,7.66922316544205,26.2535839237347,28.9193492271485,30.8734828252339,33.9534392391789,36.7722024485627,42.5841791613702,44.8472035406258,49.6884903508412,1,1,1,1,1,1,1,1,0.783333333333333,0.75,0.733333333333333,0.7,0.666666666666667,0.6,0.583333333333333,0.533333333333333,0,0,0,0,0,0,0,0,2590,4.736307,-2.93291616544205
"591",197,197,3,7.43261844384752,26.0169792021402,28.682744505554,30.6368781036394,33.7168345175844,36.5355977269682,42.3475744397757,44.6105988190313,49.4518856292466,1,1,1,1,1,1,1,1,0.783333333333333,0.75,0.733333333333333,0.7,0.666666666666667,0.6,0.583333333333333,0.533333333333333,0,0,0,0,0,0,0,0,2591,4.8828,-2.54981844384752
"592",198,198,1,7.43854322436361,25.8248399161039,28.4621946476752,30.3955019363677,33.4426335090343,36.2313555611698,41.9813907438155,44.2202967895384,49.0099872620884,1,1,1,1,1,1,1,1,0.783333333333333,0.75,0.733333333333333,0.7,0.666666666666667,0.616666666666667,0.583333333333333,0.533333333333333,0,0,0,0,0,0,0,0,2592,5.463449,-1.97509422436361
"593",198,198,2,7.65672525618962,26.0430219479299,28.6803766795012,30.6136839681937,33.6608155408603,36.4495375929958,42.1995727756415,44.4384788213644,49.2281692939144,1,1,1,1,1,1,1,1,0.783333333333333,0.75,0.733333333333333,0.7,0.666666666666667,0.6,0.583333333333333,0.533333333333333,0,0,0,0,0,0,0,0,2593,5.64296,-2.01376525618962
"594",198,198,3,7.72417749448697,26.1104741862272,28.7478289177986,30.681136206491,33.7282677791577,36.5169898312932,42.2670250139389,44.5059310596617,49.2956215322118,1,1,1,1,1,1,1,1,0.824561403508772,0.789473684210526,0.771929824561403,0.736842105263158,0.701754385964912,0.631578947368421,0.614035087719298,0.56140350877193,0,0,0,0,0,0,0,0,2594,9.937187,2.21300950551303
"595",199,199,1,9.34036674764989,27.7264736279717,30.363801132742,32.2970884628857,35.3441885784092,38.1328818410992,43.8828576631052,46.1217405954224,50.9113816214767,1,1,1,1,1,1,1,1,0.766666666666667,0.733333333333333,0.716666666666667,0.683333333333333,0.65,0.583333333333333,0.566666666666667,0.516666666666667,0,0,0,0,0,0,0,0,2595,5.192997,-4.14736974764989
"596",199,199,2,7.55868098455901,25.9447878648808,28.5821153696511,30.5154026997948,33.5625028153184,36.3511960780083,42.1011719000143,44.3400548323315,49.1296958583858,1,1,1,1,1,1,1,1,0.770491803278688,0.737704918032787,0.721311475409836,0.688524590163934,0.655737704918033,0.60655737704918,0.573770491803279,0.524590163934426,0,0,0,0,0,0,0,0,2596,4.379212,-3.17946898455901
"597",199,199,3,7.25306313436395,25.6391700146858,28.2764975194561,30.2097848495997,33.2568849651233,36.0455782278132,41.7955540498192,44.0344369821365,48.8240780081907,1,1,1,1,1,1,1,1,0.770491803278688,0.737704918032787,0.721311475409836,0.688524590163934,0.655737704918033,0.60655737704918,0.573770491803279,0.524590163934426,0,0,0,0,0,0,0,0,2597,4.287202,-2.96586113436395
"598",200,200,1,7.21430134929415,25.6008272040926,28.2382148071163,30.1715461921571,33.2187157436512,36.0074725538505,41.7575794037639,43.9965133547558,48.7862635250327,1,1,1,1,1,1,1,1,0.783333333333333,0.75,0.733333333333333,0.7,0.666666666666667,0.616666666666667,0.583333333333333,0.533333333333333,0,0,0,0,0,0,0,0,2598,4.944847,-2.26945434929415
"599",200,200,2,7.4613953352426,25.847921190041,28.4853087930647,30.4186401781055,33.4658097295996,36.254566539799,42.0046733897124,44.2436073407043,49.0333575109811,0,1,1,1,1,1,1,1,0,0.978260869565217,0.956521739130435,0.91304347826087,0.869565217391304,0.804347826086957,0.760869565217391,0.695652173913043,0,0,0,0,0,0,0,0,2599,27.197834,19.7364386647574
"600",200,200,3,15.8224096470507,34.2089355018491,36.8463231048728,38.7796544899136,41.8268240414077,44.615580851607,50.3656877015205,52.6046216525123,57.3943718227892,0,0,0,0,0,0,0,0,0,0,0,0,0,0,0,0,1,0,0,0,0,0,0,0,2600,98.143371,82.3209613529493
"601",201,201,1,42.9533815706704,61.6008670110314,64.275687002386,66.2364581202496,69.3268760868916,72.1552136654847,77.9869316643636,80.2576427591491,85.1153737556709,1,1,1,1,1,1,1,1,0.648648648648649,0.594594594594595,0.567567567567568,0.513513513513513,0.459459459459459,0.378378378378378,0.324324324324324,0.243243243243243,1,1,1,1,1,1,1,1,2601,41.192861,-1.76052057067042
"602",201,201,2,21.2868561536591,39.93434159402,42.6091615853746,44.5699327032382,47.6603506698803,50.4886882484733,56.3204062473522,58.5911173421377,63.4488483386595,1,1,1,1,1,1,1,1,0.622950819672131,0.590163934426229,0.573770491803279,0.540983606557377,0.508196721311475,0.442622950819672,0.426229508196721,0.377049180327869,1,1,1,1,1,1,1,1,2602,4.290217,-16.9966391536591
"603",201,201,3,7.24743711806269,25.8949225584236,28.5697425497782,30.5305136676418,33.6209316342839,36.449269212877,42.2809872117559,44.5516983065413,49.4094293030631,1,1,1,1,1,1,1,1,0.770491803278688,0.737704918032787,0.721311475409836,0.688524590163934,0.655737704918033,0.590163934426229,0.573770491803279,0.524590163934426,0,0,0,0,0,0,0,0,2603,4.633118,-2.61431911806269
"604",202,202,1,7.35473556657657,25.9941463032451,28.6678080484152,30.6277301163715,33.7168098752725,36.5439227317462,42.373115489621,44.6428433247964,49.4984708345752,1,1,1,1,1,1,1,1,0.783333333333333,0.75,0.733333333333333,0.7,0.666666666666667,0.6,0.583333333333333,0.533333333333333,0,0,0,0,0,0,0,0,2604,6.169886,-1.18484956657657
"605",202,202,2,7.93748202051198,26.5768927571805,29.2505545023506,31.2104765703069,34.2995563292079,37.1266691856816,42.9558619435564,45.2255897787318,50.0812172885106,1,1,1,1,1,1,1,1,0.766666666666667,0.75,0.733333333333333,0.7,0.666666666666667,0.6,0.583333333333333,0.516666666666667,0,0,0,0,0,0,0,0,2605,4.937872,-2.99961002051198
"606",202,202,3,7.47029908222931,26.1097098188978,28.7833715640679,30.7432936320242,33.8323733909253,36.659486247399,42.4886790052737,44.7584068404492,49.614034350228,1,1,1,1,1,1,1,1,0.824561403508772,0.789473684210526,0.771929824561403,0.736842105263158,0.701754385964912,0.631578947368421,0.614035087719298,0.56140350877193,0,0,0,0,0,0,0,0,2606,9.465251,1.99495191777069
"607",203,203,1,9.2027334679085,27.8418621157747,30.5154833977537,32.4753758042536,35.5644088130282,38.391478883982,44.220583422866,46.4902769079853,51.3458309327077,1,1,1,1,1,1,1,1,0.766666666666667,0.733333333333333,0.716666666666667,0.683333333333333,0.65,0.583333333333333,0.566666666666667,0.516666666666667,0,0,0,0,0,0,0,0,2607,6.077989,-3.1247444679085
"608",203,203,2,7.91994058389028,26.5590692317565,29.2326905137355,31.1925829202354,34.28161592901,37.1086859999638,42.9377905388478,45.207484023967,50.0630380486895,1,1,1,1,1,1,1,1,0.783333333333333,0.75,0.733333333333333,0.7,0.666666666666667,0.6,0.583333333333333,0.516666666666667,0,0,0,0,0,0,0,0,2608,5.101746,-2.81819458389027
"609",203,203,3,7.55022676385728,26.1893554117235,28.8629766937025,30.8228691002024,33.911902108977,36.7389721799308,42.5680767188148,44.837770203934,49.6933242286565,1,1,1,1,1,1,1,1,0.770491803278688,0.737704918032787,0.721311475409836,0.688524590163934,0.655737704918033,0.590163934426229,0.573770491803279,0.524590163934426,0,0,0,0,0,0,0,0,2609,4.164482,-3.38574476385728
"610",204,204,1,7.1904878761644,25.8295689382106,28.5031833944166,30.4630707972981,33.5520959197508,36.3791587731758,42.2082484303169,44.4779361208935,49.3334777493541,1,1,1,1,1,1,1,1,0.783333333333333,0.75,0.733333333333333,0.7,0.666666666666667,0.6,0.583333333333333,0.533333333333333,0,0,0,0,0,0,0,0,2610,5.593121,-1.5973668761644
"611",204,204,2,7.73185711394001,26.3709381759862,29.0445526321922,31.0044400350737,34.0934651575264,36.9205280109514,42.7496176680925,45.0193053586691,49.8748469871297,1,1,1,1,1,1,1,1,0.770491803278688,0.737704918032787,0.721311475409836,0.688524590163934,0.655737704918033,0.590163934426229,0.573770491803279,0.524590163934426,0,0,0,0,0,0,0,0,2611,4.400653,-3.33120411394001
"612",204,204,3,7.27998264304022,25.9190637050864,28.5926781612924,30.5525655641739,33.6415906866266,36.4686535400516,42.2977431971927,44.5674308877693,49.4229725162299,1,1,1,1,1,1,1,1,0.92156862745098,0.882352941176471,0.862745098039216,0.823529411764706,0.784313725490196,0.705882352941177,0.686274509803922,0.627450980392157,0,0,0,0,0,0,0,0,2612,19.263036,11.9830533569598
"613",205,205,1,12.9202319757282,31.5643037038949,34.2386340278543,36.1990461960731,39.2888984136477,42.116718221064,47.9473686332749,50.217664039083,55.074505752404,1,1,1,1,1,1,1,1,0.716666666666667,0.7,0.666666666666667,0.633333333333333,0.616666666666667,0.55,0.516666666666667,0.466666666666667,0,0,0,0,0,0,0,0,2613,5.853169,-7.06706297572825
"614",205,205,2,7.83976048609908,26.4838322142657,29.1581625382251,31.118574706444,34.2084269240186,37.0362467314348,42.8668971436458,45.1371925494539,49.9940342627748,1,1,1,1,1,1,1,1,0.783333333333333,0.75,0.733333333333333,0.7,0.666666666666667,0.6,0.583333333333333,0.533333333333333,0,0,0,0,0,0,0,0,2614,4.932286,-2.90747448609908
"615",205,205,3,7.49087411557921,26.1349458437458,28.8092761677053,30.7696883359241,33.8595405534987,36.6873603609149,42.5180107731259,44.788306178934,49.645147892255,1,1,1,1,1,1,1,1,0.770491803278688,0.737704918032787,0.721311475409836,0.688524590163934,0.655737704918033,0.590163934426229,0.573770491803279,0.524590163934426,0,0,0,0,0,0,0,0,2615,4.147235,-3.34363911557921
"616",206,206,1,7.18211512429051,25.8144355718237,28.4870802765363,30.4462568051437,33.5341615017553,36.3601989461437,42.1871743237233,44.456038771808,49.3098192380582,1,1,1,1,1,1,1,1,0.783333333333333,0.75,0.733333333333333,0.7,0.666666666666667,0.616666666666667,0.583333333333333,0.533333333333333,0,0,0,0,0,0,0,0,2616,5.592922,-1.58919312429051
"617",206,206,2,7.73029346064251,26.3626139081757,29.0352586128883,30.9944351414957,34.0823398381073,36.9083772824957,42.7353526600753,45.00421710816,49.8579975744102,1,1,1,1,1,1,1,1,0.770491803278688,0.737704918032787,0.721311475409836,0.688524590163934,0.655737704918033,0.590163934426229,0.573770491803279,0.524590163934426,0,0,0,0,0,0,0,0,2617,4.397869,-3.33242446064251
"618",206,206,3,7.2771509993819,25.909471446915,28.5821161516277,30.5412926802351,33.6291973768467,36.4552348212351,42.2822101988147,44.5510746468994,49.4048551131496,1,1,1,1,1,1,1,1,0.810344827586207,0.775862068965517,0.758620689655172,0.724137931034483,0.689655172413793,0.620689655172414,0.603448275862069,0.551724137931034,0,0,0,0,0,0,0,0,2618,9.130877,1.8537260006181
"619",207,207,1,9.07515964389933,27.7072838268883,30.379900379155,32.3390562706716,35.4269284406739,38.2529361168457,44.0798501156685,46.3486906645481,51.2024200032421,1,1,1,1,1,1,1,1,0.766666666666667,0.733333333333333,0.716666666666667,0.683333333333333,0.65,0.583333333333333,0.566666666666667,0.516666666666667,0,0,0,0,0,0,0,0,2619,5.767347,-3.30781264389933
"620",207,207,2,7.80044581971362,26.4325700027026,29.1051865549693,31.0643424464859,34.1522146164882,36.97822229266,42.8051362914828,45.0739768403624,49.9277061790564,1,1,1,1,1,1,1,1,0.770491803278688,0.737704918032787,0.721311475409836,0.688524590163934,0.655737704918033,0.590163934426229,0.573770491803279,0.524590163934426,0,0,0,0,0,0,0,0,2620,4.190851,-3.60959481971362
"621",207,207,3,7.20298385416746,25.8351080371564,28.5077245894231,30.4668804809397,33.5547526509421,36.3807603271138,42.2076743259366,44.4765148748163,49.3302442135103,1,1,1,1,1,1,1,1,0.770491803278688,0.737704918032787,0.721311475409836,0.688524590163934,0.655737704918033,0.590163934426229,0.573770491803279,0.524590163934426,0,0,0,0,0,0,0,0,2621,4.486348,-2.71663585416746
"622",208,208,1,7.3105987756123,25.94263435334,28.6152381959507,30.574384770681,33.662242256275,36.4882364933377,42.3151227822101,44.5839525415948,49.4376587983283,1,1,1,1,1,1,1,1,0.783333333333333,0.75,0.733333333333333,0.7,0.666666666666667,0.6,0.583333333333333,0.533333333333333,0,0,0,0,0,0,0,0,2622,6.049045,-1.2615537756123
"623",208,208,2,7.90313557271541,26.5351711504431,29.2077749930539,31.1669215677842,34.2547790533781,37.0807732904408,42.9076595793132,45.176489338698,50.0301955954314,1,1,1,1,1,1,1,1,0.770491803278688,0.737704918032787,0.721311475409836,0.688524590163934,0.655737704918033,0.590163934426229,0.573770491803279,0.508196721311475,0,0,0,0,0,0,0,0,2623,4.275428,-3.62770757271541
"624",208,208,3,7.2306230277578,25.8626586054855,28.5352624480962,30.4944090228265,33.5822665084205,36.4082607454832,42.2351470343556,44.5039767937403,49.3576830504738,1,1,1,1,1,1,1,1,0.903846153846154,0.865384615384615,0.846153846153846,0.807692307692308,0.769230769230769,0.692307692307692,0.673076923076923,0.615384615384615,0,0,0,0,0,0,0,0,2624,17.61266,10.3820369722422
"625",209,209,1,12.2874706734647,30.9231596344275,33.5962875231646,35.5558182487957,38.6442812037558,41.4708295638463,47.2988583928664,49.5681330260584,54.4227910010833,1,1,1,1,1,1,1,1,0.733333333333333,0.7,0.683333333333333,0.65,0.616666666666667,0.55,0.533333333333333,0.483333333333333,0,0,0,0,0,0,0,0,2625,5.071016,-7.21645467346471
"626",209,209,2,7.53360533710989,26.1692942980726,28.8424221868098,30.8019529124409,33.890415867401,36.7169642274915,42.5449930565115,44.8142676897036,49.6689256647284,1,1,1,1,1,1,1,1,0.783333333333333,0.75,0.733333333333333,0.7,0.666666666666667,0.6,0.583333333333333,0.533333333333333,0,0,0,0,0,0,0,0,2626,5.493932,-2.03967333710989
"627",209,209,3,7.69391013547523,26.329599096438,29.0027269851752,30.9622577108063,34.0507206657663,36.8772690258568,42.7052978548769,44.9745724880689,49.8292304630938,1,1,1,1,1,1,1,1,0.770491803278688,0.737704918032787,0.721311475409836,0.688524590163934,0.655737704918033,0.590163934426229,0.573770491803279,0.524590163934426,0,0,0,0,0,0,0,0,2627,4.531799,-3.16211113547523
"628",210,210,1,7.32174614017688,25.937109723287,28.6073221129245,30.5647156381282,33.6498101006931,36.4732756306528,42.2949480062928,44.5617476108198,49.4111107583824,1,1,1,1,1,1,1,1,0.783333333333333,0.75,0.733333333333333,0.7,0.666666666666667,0.6,0.583333333333333,0.533333333333333,0,0,0,0,0,0,0,0,2628,4.950259,-2.37148714017688
"629",210,210,2,7.48067214640607,26.0960357295162,28.7662481191537,30.7236416443574,33.8087361069223,36.632201636882,42.453874012522,44.720673617049,49.5700367646116,1,1,1,1,1,1,1,1,0.770491803278688,0.737704918032787,0.721311475409836,0.688524590163934,0.655737704918033,0.590163934426229,0.573770491803279,0.524590163934426,0,0,0,0,0,0,0,0,2629,4.520165,-2.96050714640606
"630",210,210,3,7.31732768881601,25.9326912719261,28.6029036615637,30.5602971867674,33.6453916493323,36.4688571792919,42.2905295549319,44.5573291594589,49.4066923070216,1,1,1,1,1,1,1,1,0.824561403508772,0.789473684210526,0.771929824561403,0.736842105263158,0.701754385964912,0.631578947368421,0.614035087719298,0.56140350877193,0,0,0,0,0,0,0,0,2630,9.586412,2.26908431118399
"631",211,211,1,9.22807381592344,27.8073094994125,30.4723396553134,32.4259343550748,35.5050413985615,38.3230272676596,44.1334011911219,46.3958014881518,51.2357531996047,1,1,1,1,1,1,1,1,0.766666666666667,0.733333333333333,0.716666666666667,0.683333333333333,0.65,0.583333333333333,0.566666666666667,0.516666666666667,0,0,0,0,0,0,0,0,2631,4.843898,-4.38417581592344
"632",211,211,2,7.4247887130021,26.0040243964912,28.6690545523921,30.6226492521534,33.7017562956402,36.5197421647383,42.3301160882006,44.5925163852304,49.4324680966834,1,1,1,1,1,1,1,1,0.770491803278688,0.737704918032787,0.721311475409836,0.688524590163934,0.655737704918033,0.590163934426229,0.573770491803279,0.524590163934426,0,0,0,0,0,0,0,0,2632,4.42181,-3.00297871300211
"633",211,211,3,7.2642947213087,25.8435304047977,28.5085605606987,30.46215526046,33.5412623039468,36.3592481730449,42.1696220965072,44.432022393537,49.27197410499,1,1,1,1,1,1,1,1,0.770491803278688,0.737704918032787,0.721311475409836,0.688524590163934,0.655737704918033,0.60655737704918,0.573770491803279,0.524590163934426,0,0,0,0,0,0,0,0,2633,4.670565,-2.5937297213087
"634",212,212,1,7.35451155325884,25.93363750661,28.5986519226747,30.5522350843826,33.6313239424689,36.4492931683647,42.2596327753921,44.5220197105431,49.361942836936,1,1,1,1,1,1,1,1,0.783333333333333,0.75,0.733333333333333,0.7,0.666666666666667,0.6,0.583333333333333,0.533333333333333,0,0,0,0,0,0,0,0,2634,4.880341,-2.47417055325884
"635",212,212,2,7.43430497439995,26.0134309277511,28.6784453438158,30.6320285055237,33.71111736361,36.5290865895058,42.3394261965332,44.6018131316842,49.4417362580771,1,1,1,1,1,1,1,1,0.770491803278688,0.737704918032787,0.721311475409836,0.688524590163934,0.655737704918033,0.590163934426229,0.573770491803279,0.524590163934426,0,0,0,0,0,0,0,0,2635,4.279176,-3.15512897439995
"636",212,212,3,7.20563719533899,25.7847631486902,28.4497775647549,30.4033607264627,33.482449584549,36.3004188104448,42.1107584174722,44.3731453526233,49.2130684790161,1,1,1,1,1,1,1,1,0.87037037037037,0.833333333333333,0.814814814814815,0.777777777777778,0.740740740740741,0.685185185185185,0.648148148148148,0.592592592592593,0,0,0,0,0,0,0,0,2636,14.466136,7.26049880466101
"637",213,213,1,11.0829778944047,29.6637564672343,32.3290079372242,34.2827648708089,37.3621276148808,40.1803475000834,45.9912039387656,48.2537921139925,53.094145753169,1,1,1,1,1,1,1,1,0.75,0.716666666666667,0.7,0.666666666666667,0.633333333333333,0.566666666666667,0.55,0.5,0,0,0,0,0,0,0,0,2637,5.91426,-5.16871789440471
"638",213,213,2,7.8308812913576,26.4116598641872,29.0769113341771,31.0306682677618,34.1100310118336,36.9282508970362,42.7391073357184,45.0016955109453,49.8420491501219,1,1,1,1,1,1,1,1,0.770491803278688,0.737704918032787,0.721311475409836,0.688524590163934,0.655737704918033,0.590163934426229,0.573770491803279,0.524590163934426,0,0,0,0,0,0,0,0,2638,4.37105,-3.4598312913576
"639",213,213,3,7.24403134185081,25.8248099146804,28.4900613846703,30.443818318255,33.5231810623269,36.3414009475295,42.1522573862117,44.4148455614386,49.2551992006151,1,1,1,1,1,1,1,1,0.783333333333333,0.75,0.733333333333333,0.7,0.666666666666667,0.616666666666667,0.583333333333333,0.533333333333333,0,0,0,0,0,0,0,0,2639,5.413462,-1.83056934185081
"640",214,214,1,7.63027041846533,26.192626947314,28.8552359349338,30.8070558024253,33.8833654905833,36.6987912318016,42.5038864558791,44.7642313720998,49.599786008518,1,1,1,1,1,1,1,1,0.783333333333333,0.75,0.733333333333333,0.7,0.666666666666667,0.6,0.583333333333333,0.533333333333333,0,0,0,0,0,0,0,0,2640,5.278974,-2.35129641846533
"641",214,214,2,7.57903326435276,26.1413897932014,28.8039987808213,30.7558186483127,33.8321283364708,36.647554077689,42.4526493017665,44.7129942179873,49.5485488544054,1,1,1,1,1,1,1,1,0.770491803278688,0.737704918032787,0.721311475409836,0.688524590163934,0.655737704918033,0.590163934426229,0.573770491803279,0.524590163934426,0,0,0,0,0,0,0,0,2641,4.433731,-3.14530226435276
"642",214,214,3,7.25701311494486,25.8193696437935,28.4819786314133,30.4337984989048,33.5101081870629,36.3255339282811,42.1306291523586,44.3909740685794,49.2265287049975,1,1,1,1,1,1,1,1,0.824561403508772,0.789473684210526,0.771929824561403,0.736842105263158,0.701754385964912,0.649122807017544,0.614035087719298,0.56140350877193,0,0,0,0,0,0,0,0,2642,10.796785,3.53977188505514
"643",215,215,1,9.68384172398366,28.2466330659117,30.9093044236951,32.8611700115026,35.9375517605376,38.7530434515686,44.5582746568361,46.8186725204039,51.6543404270525,1,1,1,1,1,1,1,1,0.75,0.733333333333333,0.7,0.666666666666667,0.65,0.583333333333333,0.566666666666667,0.5,0,0,0,0,0,0,0,0,2643,5.002482,-4.68135972398366
"644",215,215,2,7.47621579998402,26.039007141912,28.7016784996955,30.653544087503,33.7299258365379,36.5454175275689,42.3506487328364,44.6110465964042,49.4467145030528,1,1,1,1,1,1,1,1,0.770491803278688,0.737704918032787,0.721311475409836,0.688524590163934,0.655737704918033,0.590163934426229,0.573770491803279,0.524590163934426,0,0,0,0,0,0,0,0,2644,4.546471,-2.92974479998402
"645",215,215,3,7.30247588592896,25.865267227857,28.5279385856404,30.4798041734479,33.5561859224829,36.3716776135139,42.1769088187814,44.4373066823492,49.2729745889978,1,1,1,1,1,1,1,1,0.783333333333333,0.75,0.733333333333333,0.7,0.666666666666667,0.616666666666667,0.583333333333333,0.533333333333333,0,0,0,0,0,0,0,0,2645,5.343468,-1.95900788592896
"646",216,216,1,7.60375006763807,26.1668544982963,28.8295707659416,30.781469274828,33.857902911558,36.6734420899901,42.4787712090052,44.7392071975017,49.5749566647894,1,1,1,1,1,1,1,1,0.783333333333333,0.75,0.733333333333333,0.7,0.666666666666667,0.6,0.583333333333333,0.533333333333333,0,0,0,0,0,0,0,0,2646,5.311792,-2.29195806763807
"647",216,216,2,7.5916820889501,26.1547865196083,28.8175027872536,30.76940129614,33.84583493287,36.6613741113021,42.4667032303172,44.7271392188138,49.5628886861014,1,1,1,1,1,1,1,1,0.783333333333333,0.75,0.733333333333333,0.7,0.666666666666667,0.6,0.583333333333333,0.533333333333333,0,0,0,0,0,0,0,0,2647,5.413438,-2.1782440889501
"648",216,216,3,7.63040736239741,26.1935117930556,28.8562280607009,30.8081265695873,33.8845602063173,36.7000993847494,42.5054285037645,44.7658644922611,49.6016139595487,1,1,1,1,1,1,1,1,0.886792452830189,0.849056603773585,0.830188679245283,0.792452830188679,0.754716981132076,0.679245283018868,0.660377358490566,0.60377358490566,0,0,0,0,0,0,0,0,2648,16.287134,8.6567266376026
"649",217,217,1,11.7758169313992,30.3413920944835,33.004462767258,34.9566210720722,38.0334641793394,40.849378103492,46.6554799065672,48.9162167570513,53.7526098582235,1,1,1,1,1,1,1,1,0.733333333333333,0.7,0.683333333333333,0.65,0.616666666666667,0.566666666666667,0.533333333333333,0.483333333333333,0,0,0,0,0,0,0,0,2649,5.057062,-6.71875493139916
"650",217,217,2,7.50037822870146,26.0659533917858,28.7290240645603,30.6811823693745,33.7580254766417,36.5739394007943,42.3800412038695,44.6407780543536,49.4771711555258,1,1,1,1,1,1,1,1,0.770491803278688,0.737704918032787,0.721311475409836,0.688524590163934,0.655737704918033,0.590163934426229,0.573770491803279,0.524590163934426,0,0,0,0,0,0,0,0,2650,4.42774,-3.07263822870146
"651",217,217,3,7.26078692107145,25.8263620841558,28.4894327569303,30.4415910617445,33.5184341690117,36.3343480931643,42.1404498962395,44.4011867467236,49.2375798478958,1,1,1,1,1,1,1,1,0.783333333333333,0.75,0.733333333333333,0.7,0.666666666666667,0.616666666666667,0.583333333333333,0.533333333333333,0,0,0,0,0,0,0,0,2651,5.044419,-2.21636792107145
"652",218,218,1,7.48673365982573,26.0388614416173,28.7000032042217,30.6507475255294,33.7253620197814,36.5392363266374,42.3411326653472,44.6002320233128,49.4331220376405,1,1,1,1,1,1,1,1,0.796610169491525,0.76271186440678,0.745762711864407,0.711864406779661,0.677966101694915,0.610169491525424,0.593220338983051,0.542372881355932,0,0,0,0,0,0,0,0,2652,6.278327,-1.20840665982573
"653",218,218,2,7.95734717861604,26.5094749604076,29.170616723012,31.1213610443197,34.1959755385717,37.0098498454277,42.8117461841375,45.0708455421031,49.9037355564308,1,1,1,1,1,1,1,1,0.783333333333333,0.75,0.733333333333333,0.7,0.666666666666667,0.6,0.583333333333333,0.533333333333333,0,0,0,0,0,0,0,0,2653,5.868837,-2.08851017861604
"654",218,218,3,7.80116735823279,26.3532951400244,29.0144369026287,30.9651812239365,34.0397957181885,36.8536700250444,42.6555663637543,44.9146657217199,49.7475557360476,1,1,1,1,1,1,1,1,0.810344827586207,0.775862068965517,0.758620689655172,0.724137931034483,0.689655172413793,0.620689655172414,0.603448275862069,0.551724137931034,0,0,0,0,0,0,0,0,2654,9.289368,1.4882006417672
"655",219,219,1,9.10796226969433,27.6596798723608,30.3207627983286,32.2714639895648,35.3460105054858,38.1598225988579,43.961590660273,46.2206400705771,51.0534232319001,1,1,1,1,1,1,1,1,0.766666666666667,0.733333333333333,0.716666666666667,0.683333333333333,0.65,0.583333333333333,0.566666666666667,0.516666666666667,0,0,0,0,0,0,0,0,2655,6.210013,-2.89794926969433
"656",219,219,2,7.93331124270916,26.4850288453756,29.1461117713434,31.0968129625796,34.1713594785006,36.9851715718727,42.7869396332878,45.0459890435919,49.8787722049149,1,1,1,1,1,1,1,1,0.783333333333333,0.75,0.733333333333333,0.7,0.666666666666667,0.6,0.583333333333333,0.533333333333333,0,0,0,0,0,0,0,0,2656,5.631602,-2.30170924270916
"657",219,219,3,7.71267053218065,26.2643881348471,28.9254710608149,30.8761722520511,33.9507187679721,36.7645308613442,42.5662989227593,44.8253483330634,49.6581314943864,1,1,1,1,1,1,1,1,0.783333333333333,0.75,0.733333333333333,0.7,0.666666666666667,0.6,0.583333333333333,0.533333333333333,0,0,0,0,0,0,0,0,2657,5.714713,-1.99795753218065
"658",220,220,1,7.7424666610841,26.2939264638066,28.9549724106093,30.9056464943469,33.9801502854951,36.7939232773341,42.5956107157302,44.8546287336412,49.687344737235,1,1,1,1,1,1,1,1,0.783333333333333,0.75,0.733333333333333,0.7,0.666666666666667,0.6,0.583333333333333,0.533333333333333,0,0,0,0,0,0,0,0,2658,5.890772,-1.8516946610841
"659",220,220,2,7.80964595651833,26.3611057592409,29.0221517060435,30.9728257897811,34.0473295809293,36.8611025727684,42.6627900111644,44.9218080290755,49.7545240326692,1,1,1,1,1,1,1,1,0.783333333333333,0.75,0.733333333333333,0.7,0.666666666666667,0.6,0.583333333333333,0.533333333333333,0,0,0,0,0,0,0,0,2659,5.717491,-2.09215495651833
"660",220,220,3,7.7435266698466,26.2949864725691,28.9560324193718,30.9067065031094,33.9812102942576,36.7949832860966,42.5966707244927,44.8556887424037,49.6884047459975,1,1,1,1,1,1,1,1,0.886792452830189,0.849056603773585,0.830188679245283,0.792452830188679,0.754716981132076,0.679245283018868,0.660377358490566,0.60377358490566,0,0,0,0,0,0,0,0,2660,16.774749,9.0312223301534
"661",221,221,1,11.9665595124756,30.5206800863107,33.1821076976432,35.1330615597544,38.2080063162477,41.0221828777235,46.8247024318939,49.0840444528725,53.9174535960507,1,1,1,1,1,1,1,1,0.733333333333333,0.7,0.683333333333333,0.65,0.616666666666667,0.566666666666667,0.533333333333333,0.483333333333333,0,0,0,0,0,0,0,0,2661,6.214007,-5.75255251247562
"662",221,221,2,7.93821627887611,26.4923368527111,29.1537644640437,31.1047183261549,34.1796630826482,36.9938396441239,42.7963591982944,45.055701219273,49.8891103624511,1,1,1,1,1,1,1,1,0.783333333333333,0.75,0.733333333333333,0.7,0.666666666666667,0.6,0.583333333333333,0.533333333333333,0,0,0,0,0,0,0,0,2662,5.44476,-2.49345627887611
"663",221,221,3,7.6447907840182,26.1989113578532,28.8603389691857,30.811292831297,33.8862375877902,36.700414149266,42.5029337034365,44.7622757244151,49.5956848675932,1,1,1,1,1,1,1,1,0.783333333333333,0.75,0.733333333333333,0.7,0.666666666666667,0.6,0.583333333333333,0.533333333333333,0,0,0,0,0,0,0,0,2663,5.228672,-2.4161187840182
"664",222,222,1,7.54987580865539,26.0820946271229,28.7403806216787,30.6890315282793,33.7603465418506,36.5712011778077,42.3668712904601,44.6235463267095,49.4512499909227,1,1,1,1,1,1,1,1,0.783333333333333,0.75,0.733333333333333,0.7,0.666666666666667,0.6,0.583333333333333,0.533333333333333,0,0,0,0,0,0,0,0,2664,5.746501,-1.80337480865539
"665",222,222,2,7.7478461862057,26.2800650046732,28.938350999229,30.8870019058296,33.9583169194009,36.769171555358,42.5648416680104,44.8215167042598,49.6492203684731,1,1,1,1,1,1,1,1,0.783333333333333,0.75,0.733333333333333,0.7,0.666666666666667,0.6,0.583333333333333,0.533333333333333,0,0,0,0,0,0,0,0,2665,5.87012,-1.8777261862057
"666",222,222,3,7.79510676856472,26.3273255870322,28.985611581588,30.9342624881886,34.00557750176,36.8164321377171,42.6121022503694,44.8687772866188,49.6964809508321,1,1,1,1,1,1,1,1,0.824561403508772,0.789473684210526,0.771929824561403,0.736842105263158,0.701754385964912,0.631578947368421,0.614035087719298,0.56140350877193,0,0,0,0,0,0,0,0,2666,9.833083,2.03797623143528
"667",223,223,1,9.31323733011328,27.8451394177336,30.5033799799975,32.4519975825529,35.523260104827,38.3340667009688,44.1296377608567,46.3862742286754,51.2138953834663,1,1,1,1,1,1,1,1,0.766666666666667,0.733333333333333,0.716666666666667,0.683333333333333,0.65,0.583333333333333,0.566666666666667,0.516666666666667,0,0,0,0,0,0,0,0,2667,5.401086,-3.91215133011328
"668",223,223,2,7.6191164510566,26.1510185386769,28.8092591009408,30.7578767034962,33.8291392257703,36.6399458219121,42.4355168818,44.6921533496187,49.5197745044096,1,1,1,1,1,1,1,1,0.770491803278688,0.737704918032787,0.721311475409836,0.688524590163934,0.655737704918033,0.590163934426229,0.573770491803279,0.524590163934426,0,0,0,0,0,0,0,0,2668,4.604763,-3.0143534510566
"669",223,223,3,7.31472377642864,25.846625864049,28.5048664263129,30.4534840288682,33.5247465511424,36.3355531472841,42.131124207172,44.3877606749908,49.2153818297816,1,1,1,1,1,1,1,1,0.770491803278688,0.737704918032787,0.721311475409836,0.688524590163934,0.655737704918033,0.60655737704918,0.573770491803279,0.524590163934426,0,0,0,0,0,0,0,0,2669,4.598501,-2.71622277642864
"670",224,224,1,7.30988390110911,25.8415055091416,28.4997058390422,30.4482939493491,33.5195099881893,36.330274042887,42.1257573870416,44.3823597007587,49.2099077896989,1,1,1,1,1,1,1,1,0.783333333333333,0.75,0.733333333333333,0.7,0.666666666666667,0.616666666666667,0.583333333333333,0.533333333333333,0,0,0,0,0,0,0,0,2670,4.751614,-2.55826990110911
"671",224,224,2,7.36842469131108,25.9000462993436,28.5582466292442,30.5068347395511,33.5780507783913,36.388814833089,42.1842981772435,44.4409004909607,49.2684485799008,1,1,1,1,1,1,1,1,0.783333333333333,0.75,0.733333333333333,0.7,0.666666666666667,0.616666666666667,0.583333333333333,0.533333333333333,0,0,0,0,0,0,0,0,2671,5.45752,-1.91090469131108
"672",224,224,3,7.63831878944978,26.1699403974823,28.8281407273829,30.7767288376898,33.84794487653,36.6587089312277,42.4541922753823,44.7107945890994,49.5383426780395,1,1,1,1,1,1,1,1,0.886792452830189,0.849056603773585,0.830188679245283,0.792452830188679,0.754716981132076,0.679245283018868,0.660377358490566,0.60377358490566,0,0,0,0,0,0,0,0,2672,16.76793,9.12961121055022
"673",225,225,1,11.9700382795072,30.5043291897611,33.1629124079051,35.1117811936262,38.1834396116584,40.9946085299398,46.7909266578435,49.0478540134645,53.8760974643708,1,1,1,1,1,1,1,1,0.733333333333333,0.7,0.683333333333333,0.65,0.616666666666667,0.566666666666667,0.533333333333333,0.483333333333333,0,0,0,0,0,0,0,0,2673,5.205258,-6.76478027950725
"674",225,225,2,7.5514283540431,26.0857192642969,28.7443024824409,30.693171268162,33.7648296861943,36.5759986044757,42.3723167323794,44.6292440880004,49.4574875389066,1,1,1,1,1,1,1,1,0.783333333333333,0.75,0.733333333333333,0.7,0.666666666666667,0.6,0.583333333333333,0.533333333333333,0,0,0,0,0,0,0,0,2674,5.498935,-2.0524933540431
"675",225,225,3,7.66365536412178,26.1979462743756,28.8565294925196,30.8053982782407,33.877056696273,36.6882256145543,42.4845437424581,44.7414710980791,49.5697145489853,1,1,1,1,1,1,1,1,0.783333333333333,0.75,0.733333333333333,0.7,0.666666666666667,0.6,0.583333333333333,0.533333333333333,0,0,0,0,0,0,0,0,2675,5.077453,-2.58620236412178
"676",226,226,1,7.48713695769397,26.0035034496324,28.6595155654904,30.6064996101375,33.6751874429624,36.4836376941045,42.2743502322764,44.5290949249498,49.3526690062124,1,1,1,1,1,1,1,1,0.783333333333333,0.75,0.733333333333333,0.7,0.666666666666667,0.6,0.583333333333333,0.533333333333333,0,0,0,0,0,0,0,0,2676,4.940731,-2.54640595769397
"677",226,226,2,7.43476332320553,25.9511298151439,28.607141931002,30.554125975649,33.6228138084739,36.4312640596161,42.2219765977879,44.4767212904613,49.3002953717239,1,1,1,1,1,1,1,1,0.783333333333333,0.75,0.733333333333333,0.7,0.666666666666667,0.6,0.583333333333333,0.533333333333333,0,0,0,0,0,0,0,0,2677,5.530397,-1.90436632320553
"678",226,226,3,7.66064468505117,26.1770111769896,28.8330232928476,30.7800073374946,33.8486951703196,36.6571454214617,42.4478579596336,44.702602652307,49.5261767335696,1,1,1,1,1,1,1,1,0.824561403508772,0.789473684210526,0.771929824561403,0.736842105263158,0.701754385964912,0.631578947368421,0.614035087719298,0.56140350877193,0,0,0,0,0,0,0,0,2678,9.75118,2.09053531494883
"679",227,227,1,9.27992719193156,27.7958267434732,30.4517718807827,32.3987068269469,35.467317274486,38.2756967029386,44.0662632125896,46.3209510457608,51.1444034875217,1,1,1,1,1,1,1,1,0.766666666666667,0.733333333333333,0.716666666666667,0.683333333333333,0.65,0.583333333333333,0.566666666666667,0.516666666666667,0,0,0,0,0,0,0,0,2679,4.970353,-4.30957419193156
"680",227,227,2,7.45053450625476,25.9664340577964,28.6223791951059,30.5693141412701,33.6379245888092,36.4463040172618,42.2368705269128,44.491558360084,49.3150108018448,1,1,1,1,1,1,1,1,0.783333333333333,0.75,0.733333333333333,0.7,0.666666666666667,0.6,0.583333333333333,0.533333333333333,0,0,0,0,0,0,0,0,2680,5.370821,-2.07971350625476
"681",227,227,3,7.6037743599553,26.1196739114969,28.7756190488065,30.7225539949707,33.7911644425097,36.5995438709624,42.3901103806134,44.6447982137846,49.4682506555454,1,1,1,1,1,1,1,1,0.796610169491525,0.76271186440678,0.745762711864407,0.711864406779661,0.677966101694915,0.610169491525424,0.593220338983051,0.542372881355932,0,0,0,0,0,0,0,0,2681,6.399055,-1.2047193599553
"682",228,228,1,7.99468315405837,26.5103883881986,29.1663056523629,31.1132201661771,34.1817984098037,36.9901483653706,42.7806541052041,45.0353182762745,49.8587200977162,1,1,1,1,1,1,1,1,0.783333333333333,0.75,0.733333333333333,0.7,0.666666666666667,0.6,0.583333333333333,0.533333333333333,0,0,0,0,0,0,0,0,2682,5.556898,-2.43778515405837
"683",228,228,2,7.67215498199744,26.1878602161376,28.8437774803019,30.7906919941162,33.8592702377428,36.6676201933096,42.4581259331431,44.7127901042136,49.5361919256553,1,1,1,1,1,1,1,1,0.783333333333333,0.75,0.733333333333333,0.7,0.666666666666667,0.6,0.583333333333333,0.533333333333333,0,0,0,0,0,0,0,0,2683,4.942573,-2.72958198199744
"684",228,228,3,7.43688160743506,25.9525868415753,28.6085041057396,30.5554186195538,33.6239968631804,36.4323468187472,42.2228525585807,44.4775167296512,49.3009185510929,1,1,1,1,1,1,1,1,0.903846153846154,0.865384615384615,0.846153846153846,0.807692307692308,0.769230769230769,0.692307692307692,0.673076923076923,0.615384615384615,0,0,0,0,0,0,0,0,2684,18.166432,10.7295503925649
"685",229,229,1,12.5034793299083,31.0230710948316,33.6795458481152,35.6268690281452,38.6960913803085,41.5050308213102,47.2967520146478,49.5518894499874,54.37630372542,1,1,1,1,1,1,1,1,0.733333333333333,0.7,0.683333333333333,0.65,0.616666666666667,0.55,0.533333333333333,0.483333333333333,0,0,0,0,0,0,0,0,2685,4.774995,-7.72848432990833
"686",229,229,2,7.37987653263949,25.8994682975628,28.5559430508464,30.5032662308764,33.5724885830396,36.3814280240414,42.1731492173789,44.4282866527186,49.2527009281511,1,1,1,1,1,1,1,1,0.770491803278688,0.737704918032787,0.721311475409836,0.688524590163934,0.655737704918033,0.60655737704918,0.573770491803279,0.524590163934426,0,0,0,0,0,0,0,0,2686,4.654685,-2.72519153263949
"687",229,229,3,7.33384557625002,25.8534373411733,28.5099120944569,30.4572352744869,33.5264576266502,36.3353970676519,42.1271182609895,44.3822556963291,49.2066699717617,1,1,1,1,1,1,1,1,0.783333333333333,0.75,0.733333333333333,0.7,0.666666666666667,0.616666666666667,0.583333333333333,0.533333333333333,0,0,0,0,0,0,0,0,2687,5.779195,-1.55465057625002
"688",230,230,1,7.75294281142634,26.2580316678989,28.9124261047999,30.8582243133207,33.9250431216395,36.7317828493822,42.5189684782589,44.7723398891536,49.592976109462,1,1,1,1,1,1,1,1,0.783333333333333,0.75,0.733333333333333,0.7,0.666666666666667,0.6,0.583333333333333,0.533333333333333,0,0,0,0,0,0,0,0,2688,4.964049,-2.78889381142634
"689",230,230,2,7.44054808157434,25.9456369380469,28.6000313749479,30.5458295834687,33.6126483917875,36.4193881195302,42.2065737484069,44.4599451593016,49.28058137961,0,0,0,0,0,0,0,0,0,0,0,0,0,0,0,0,0,0,0,0,0,0,0,0,2689,93.028577,85.5880289184257
"690",230,230,3,41.190200823665,59.6952896801375,62.3496841170385,64.2954823255593,67.3623011338781,70.1690408616209,75.9562264904976,78.2095979013922,83.0302341217006,0,0,0,0,0,1,1,1,0,0,0,0,0,0.833333333333333,0.722222222222222,0.555555555555556,1,1,1,1,1,1,1,1,2690,70.35287,29.162669176335
"691",231,231,1,32.9719165661889,51.7724243866833,54.4691941107681,56.4460554336254,59.5618335548243,62.4133806406445,68.2929540659996,70.5822987517553,75.4798925791941,1,1,1,1,1,1,1,1,0.5,0.483333333333333,0.45,0.416666666666667,0.4,0.333333333333333,0.3,0.25,1,1,1,1,1,1,1,1,2691,4.86808,-28.1038365661889
"692",231,231,2,7.43316325308048,26.2336710735749,28.9304407976597,30.907302120517,34.0230802417158,36.8746273275361,42.7542007528911,45.0435454386469,49.9411392660857,1,1,1,1,1,1,1,1,0.770491803278688,0.737704918032787,0.721311475409836,0.688524590163934,0.655737704918033,0.590163934426229,0.573770491803279,0.524590163934426,1,1,1,1,1,0,0,0,2692,4.367377,-3.06578625308048
"693",231,231,3,7.23789148997132,26.0383993104657,28.7351690345505,30.7120303574079,33.8278084786067,36.679355564427,42.558928989782,44.8482736755377,49.7458675029765,1,1,1,1,1,1,1,1,0.770491803278688,0.737704918032787,0.721311475409836,0.688524590163934,0.655737704918033,0.590163934426229,0.573770491803279,0.524590163934426,0,0,0,0,0,0,0,0,2693,4.258836,-2.97905548997132
"694",232,232,1,7.20848835257004,26.0361442637701,28.7368081459159,30.7165240730753,33.8368014039689,36.6924661476566,42.5805297262663,44.8731802449165,49.7778462388486,1,1,1,1,1,1,1,1,0.783333333333333,0.75,0.733333333333333,0.7,0.666666666666667,0.6,0.583333333333333,0.533333333333333,0,0,0,0,0,0,0,0,2694,4.742216,-2.46627235257004
"695",232,232,2,7.39439463168053,26.2220505428806,28.9227144250264,30.9024303521858,34.0227076830794,36.8783724267671,42.7664360053768,45.059086524027,49.9637525179591,1,1,1,1,1,1,1,1,0.770491803278688,0.737704918032787,0.721311475409836,0.688524590163934,0.655737704918033,0.590163934426229,0.573770491803279,0.524590163934426,0,0,0,0,0,0,0,0,2695,4.357175,-3.03721963168053
"696",232,232,3,7.24630919245056,26.0739651036506,28.7746289857965,30.7543449129559,33.8746222438495,36.7302869875371,42.6183505661468,44.911001084797,49.8156670787292,1,1,1,1,1,1,1,1,0.979166666666667,0.9375,0.916666666666667,0.875,0.833333333333333,0.75,0.729166666666667,0.666666666666667,0,0,0,0,0,0,0,0,2696,23.93991,16.6936008075494
"697",233,233,1,14.7806713211462,33.6180512751432,36.3201099868576,38.3008483908719,41.4227372718409,44.2798768994075,50.170981524789,52.4648161436728,57.3720152825835,1,1,1,1,1,1,1,1,0.7,0.666666666666667,0.65,0.616666666666667,0.583333333333333,0.516666666666667,0.5,0.45,0,0,0,0,0,0,0,0,2697,5.571909,-9.20876232114619
"698",233,233,2,7.72004938504774,26.5574293390448,29.2594880507591,31.2402264547734,34.3621153357425,37.219254963309,43.1103595886906,45.4041942075743,50.3113933464851,1,1,1,1,1,1,1,1,0.810344827586207,0.775862068965517,0.758620689655172,0.724137931034483,0.689655172413793,0.620689655172414,0.586206896551724,0.53448275862069,0,0,0,0,0,0,0,0,2698,8.909021,1.18897161495226
"699",233,233,3,9.00282839787648,27.8402083518735,30.5422670635879,32.5230054676022,35.6448943485712,38.5020339761378,44.3931386015193,46.6869732204031,51.5941723593138,1,1,1,1,1,1,1,1,0.754098360655738,0.721311475409836,0.704918032786885,0.672131147540984,0.639344262295082,0.573770491803279,0.557377049180328,0.491803278688525,0,0,0,0,0,0,0,0,2699,4.28939,-4.71343839787648
"700",234,234,1,7.2670370574866,25.9929399232263,28.679008213862,30.6480248736412,33.7514388348941,36.5916702933202,42.4479121515939,44.7281721648329,49.6063311573517,1,1,1,1,1,1,1,1,0.783333333333333,0.75,0.733333333333333,0.7,0.666666666666667,0.6,0.583333333333333,0.533333333333333,0,0,0,0,0,0,0,0,2700,5.302343,-1.9646940574866
"701",234,234,2,7.64497297755237,26.370875843292,29.0569441339277,31.025960793707,34.1293747549599,36.969606213386,42.8258480716597,45.1061080848986,49.9842670774174,1,1,1,1,1,1,1,1,0.770491803278688,0.737704918032787,0.721311475409836,0.688524590163934,0.655737704918033,0.590163934426229,0.573770491803279,0.524590163934426,0,0,0,0,0,0,0,0,2701,4.458758,-3.18621497755237
"702",234,234,3,7.33022878593768,26.0561316516773,28.7421999423131,30.7112166020923,33.8146305633452,36.6548620217713,42.511103880045,44.7913638932839,49.6695228858027,1,1,1,1,1,1,1,1,0.824561403508772,0.789473684210526,0.771929824561403,0.736842105263158,0.701754385964912,0.631578947368421,0.614035087719298,0.56140350877193,0,0,0,0,0,0,0,0,2702,9.914589,2.58436021406232
"703",235,235,1,9.31290677096856,27.7617097841437,30.4080305051883,32.3479102934355,35.4054009388794,38.2036035710309,43.9731866568468,46.2197041200999,51.0256776939874,1,1,1,1,1,1,1,1,0.766666666666667,0.733333333333333,0.716666666666667,0.683333333333333,0.65,0.583333333333333,0.566666666666667,0.516666666666667,0,0,0,0,0,0,0,0,2703,5.79908,-3.51382677096856
"704",235,235,2,7.78670677650818,26.2355097896834,28.8818305107279,30.8217102989751,33.8792009444191,36.6774035765705,42.4469866623865,44.6935041256396,49.499477699527,1,1,1,1,1,1,1,1,0.770491803278688,0.737704918032787,0.721311475409836,0.688524590163934,0.655737704918033,0.590163934426229,0.573770491803279,0.524590163934426,0,0,0,0,0,0,0,0,2704,4.247567,-3.53913977650818
"705",235,235,3,7.21134194751492,25.6601449606901,28.3064656817347,30.2463454699818,33.3038361154258,36.1020387475773,41.8716218333932,44.1181392966463,48.9241128705338,1,1,1,1,1,1,1,1,0.783333333333333,0.75,0.733333333333333,0.7,0.666666666666667,0.616666666666667,0.583333333333333,0.533333333333333,0,0,0,0,0,0,0,0,2705,5.804816,-1.40652594751492
"706",236,236,1,7.78817039053987,26.2365434980282,28.8828025528321,30.8226371367724,33.8800565346338,36.6781939612962,42.4476426006346,44.6941077141156,49.4999692961644,1,1,1,1,1,1,1,1,0.783333333333333,0.75,0.733333333333333,0.7,0.666666666666667,0.6,0.583333333333333,0.533333333333333,0,0,0,0,0,0,0,0,2706,5.818594,-1.96957639053987
"707",236,236,2,7.79328462298975,26.2416577304781,28.887916785282,30.8277513692223,33.8851707670837,36.683308193746,42.4527568330845,44.6992219465655,49.5050835286143,1,1,1,1,1,1,1,1,0.770491803278688,0.737704918032787,0.721311475409836,0.688524590163934,0.655737704918033,0.590163934426229,0.573770491803279,0.524590163934426,0,0,0,0,0,0,0,0,2707,4.308821,-3.48446362298975
"708",236,236,3,7.2328745439836,25.681247651472,28.3275067062758,30.2673412902161,33.3247606880775,36.1228981147399,41.8923467540783,44.1388118675593,48.9446734496081,1,1,1,1,1,1,1,1,0.92156862745098,0.882352941176471,0.862745098039216,0.823529411764706,0.784313725490196,0.725490196078431,0.686274509803922,0.627450980392157,0,0,0,0,0,0,0,0,2708,19.030681,11.7978064560164
"709",237,237,1,12.6980251874254,31.1505563818264,33.7974118781202,35.7376836822289,38.7957921931904,41.5945602932756,47.3653093111754,49.6122807564144,54.4192255337147,1,1,1,1,1,1,1,1,0.733333333333333,0.7,0.683333333333333,0.65,0.616666666666667,0.55,0.533333333333333,0.483333333333333,0,0,0,0,0,0,0,0,2709,5.66243,-7.03559518742545
"710",237,237,2,7.73723514357961,26.1897663379806,28.8366218342744,30.776893638383,33.8350021493446,36.6337702494298,42.4045192673295,44.6514907125685,49.4584354898689,1,1,1,1,1,1,1,1,0.770491803278688,0.737704918032787,0.721311475409836,0.688524590163934,0.655737704918033,0.590163934426229,0.573770491803279,0.524590163934426,0,0,0,0,0,0,0,0,2710,4.206744,-3.53049114357961
"711",237,237,3,7.19704835207144,25.6495795464724,28.2964350427662,30.2367068468749,33.2948153578364,36.0935834579216,41.8643324758213,44.1113039210604,48.9182486983607,1,1,1,1,1,1,1,1,0.770491803278688,0.737704918032787,0.721311475409836,0.688524590163934,0.655737704918033,0.60655737704918,0.573770491803279,0.524590163934426,0,0,0,0,0,0,0,0,2711,4.225387,-2.97166135207144
"712",238,238,1,7.19444397798561,25.6263634772016,28.2702624046586,30.2083669022562,33.2630594699086,36.0587013129852,41.8230043361056,44.0674658877137,48.8690412509495,1,1,1,1,1,1,1,1,0.783333333333333,0.75,0.733333333333333,0.7,0.666666666666667,0.616666666666667,0.583333333333333,0.533333333333333,0,0,0,0,0,0,0,0,2712,5.514047,-1.68039697798561
"713",238,238,2,7.67315647950206,26.105075978718,28.7489749061751,30.6870794037727,33.7417719714251,36.5374138145017,42.301716837622,44.5461783892301,49.347753752466,0,0,0,0,0,0,0,0,0,0,0,0,0,0,0,0,0,0,0,0,0,0,0,0,2713,80.048385,72.3752285204979
"714",238,238,3,35.3612350982628,53.7931545974787,56.4370535249358,58.3751580225334,61.4298505901858,64.2254924332624,69.9897954563827,72.2342570079909,77.0358323712267,1,1,1,1,1,1,1,1,0.5,0.46551724137931,0.448275862068966,0.413793103448276,0.379310344827586,0.327586206896552,0.293103448275862,0.241379310344828,1,1,1,1,1,1,1,1,2714,9.059282,-26.3019530982628
"715",239,239,1,9.01156189503199,27.6585964418305,30.3333517564157,32.2940754631108,35.3844187038832,38.2126878936734,44.0442648824353,46.3149210717474,51.1725346090203,1,1,1,1,1,1,1,1,0.766666666666667,0.733333333333333,0.716666666666667,0.683333333333333,0.65,0.583333333333333,0.566666666666667,0.516666666666667,1,1,1,1,1,1,1,1,2715,6.137772,-2.87378989503199
"716",239,239,2,7.94640941152471,26.5934439583232,29.2681992729084,31.2289229796036,34.319266220376,37.1475354101661,42.979112398928,45.2497685882401,50.107382125513,1,1,1,1,1,1,1,1,0.754098360655738,0.737704918032787,0.721311475409836,0.688524590163934,0.655737704918033,0.590163934426229,0.573770491803279,0.508196721311475,0,0,0,0,0,0,0,0,2716,4.581516,-3.36489341152471
"717",239,239,3,7.37901448788142,26.0260490346799,28.7008043492651,30.6615280559603,33.7518712967327,36.5801404865228,42.4117174752847,44.6823736645969,49.5399872018697,1,1,1,1,1,1,1,1,0.783333333333333,0.75,0.733333333333333,0.7,0.666666666666667,0.6,0.583333333333333,0.533333333333333,0,0,0,0,0,0,0,0,2717,5.215155,-2.16385948788142
"718",240,240,1,7.60856057025105,26.255662680348,28.9304276863022,30.8911584972347,33.9815129351646,36.8097923725464,42.6413904907043,44.9120549072239,49.7696860449572,1,1,1,1,1,1,1,1,0.783333333333333,0.75,0.733333333333333,0.7,0.666666666666667,0.6,0.583333333333333,0.533333333333333,0,0,0,0,0,0,0,0,2718,4.820195,-2.78836557025105
"719",240,240,2,7.46443571282268,26.1115378229196,28.7863028288738,30.7470336398064,33.8373880777363,36.6656675151181,42.4972656332759,44.7679300497955,49.6255611875288,1,1,1,1,1,1,1,1,0.770491803278688,0.737704918032787,0.721311475409836,0.688524590163934,0.655737704918033,0.590163934426229,0.573770491803279,0.524590163934426,0,0,0,0,0,0,0,0,2719,4.608353,-2.85608271282268
"720",240,240,3,7.38713244654928,26.0342345566462,28.7089995626004,30.669730373533,33.7600848114629,36.5883642488447,42.4199623670025,44.6906267835221,49.5482579212554,1,1,1,1,1,1,1,1,0.903846153846154,0.865384615384615,0.846153846153846,0.807692307692308,0.769230769230769,0.692307692307692,0.673076923076923,0.615384615384615,0,0,0,0,0,0,0,0,2720,17.341215,9.95408255345072
"721",241,241,1,12.0265428183975,30.6768330419036,33.3520553550646,35.3131213940746,38.4040041929457,41.2327671840479,47.0653623362783,49.3364149705291,54.1948766222412,1,1,1,1,1,1,1,1,0.733333333333333,0.7,0.683333333333333,0.65,0.616666666666667,0.55,0.533333333333333,0.483333333333333,0,0,0,0,0,0,0,0,2721,4.885648,-7.14089481839745
"722",241,241,2,7.49003336066722,26.1403235841733,28.8155458973344,30.7766119363444,33.8674947352155,36.6962577263177,42.5288528785481,44.7999055127988,49.6583671645109,1,1,1,1,1,1,1,1,0.770491803278688,0.737704918032787,0.721311475409836,0.688524590163934,0.655737704918033,0.590163934426229,0.573770491803279,0.524590163934426,0,0,0,0,0,0,0,0,2722,4.672443,-2.81759036066722
"723",241,241,3,7.41238081390356,26.0626710374097,28.7378933505707,30.6989593895807,33.7898421884519,36.618605179554,42.4512003317844,44.7222529660352,49.5807146177473,1,1,1,1,1,1,1,1,0.783333333333333,0.75,0.733333333333333,0.7,0.666666666666667,0.6,0.583333333333333,0.533333333333333,0,0,0,0,0,0,0,0,2723,6.133055,-1.27932581390356
"724",242,242,1,7.93272740000809,26.5579036789854,29.2295236147051,31.1879489385772,34.2746696435492,37.0996235037482,42.9243646510619,45.1923591511392,50.0442785380954,1,1,1,1,1,1,1,1,0.783333333333333,0.75,0.733333333333333,0.7,0.666666666666667,0.6,0.583333333333333,0.516666666666667,0,0,0,0,0,0,0,0,2724,4.749171,-3.18355640000809
"725",242,242,2,7.42720909788754,26.0523853768648,28.7240053125846,30.6824306364566,33.7691513414286,36.5941052016276,42.4188463489414,44.6868408490186,49.5387602359748,1,1,1,1,1,1,1,1,0.770491803278688,0.737704918032787,0.721311475409836,0.688524590163934,0.655737704918033,0.590163934426229,0.573770491803279,0.524590163934426,0,0,0,0,0,0,0,0,2725,4.514471,-2.91273809788754
"726",242,242,3,7.34147565093122,25.9666519299085,28.6382718656283,30.5966971895003,33.6834178944723,36.5083717546713,42.333112901985,44.6011074020623,49.4530267890185,1,1,1,1,1,1,1,1,0.824561403508772,0.789473684210526,0.771929824561403,0.736842105263158,0.701754385964912,0.631578947368421,0.614035087719298,0.56140350877193,0,0,0,0,0,0,0,0,2726,10.096771,2.75529534906878
"727",243,243,1,9.36292646958469,27.9465882581021,30.6122533003662,32.5663134022287,35.6461539770297,38.4648111709141,44.2765692915348,46.5395085569863,51.3806132832873,1,1,1,1,1,1,1,1,0.754098360655738,0.721311475409836,0.704918032786885,0.672131147540984,0.639344262295082,0.573770491803279,0.557377049180328,0.508196721311475,0,0,0,0,0,0,0,0,2727,4.666683,-4.69624346958469
"728",243,243,2,7.38155280530903,25.9652145938265,28.6308796360906,30.5849397379531,33.664780312754,36.4834375066384,42.2951956272592,44.5581348927107,49.3992396190116,1,1,1,1,1,1,1,1,0.770491803278688,0.737704918032787,0.721311475409836,0.688524590163934,0.655737704918033,0.590163934426229,0.573770491803279,0.524590163934426,0,0,0,0,0,0,0,0,2728,4.606716,-2.77483680530903
"729",243,243,3,7.35967156977,25.9433333582874,28.6089984005515,30.563058502414,33.642899077215,36.4615562710994,42.2733143917202,44.5362536571716,49.3773583834726,1,1,1,1,1,1,1,1,0.783333333333333,0.75,0.733333333333333,0.7,0.666666666666667,0.6,0.583333333333333,0.533333333333333,0,0,0,0,0,0,0,0,2729,5.862394,-1.49727756977
"730",244,244,1,7.81801967987765,26.4015699984587,29.0672190513276,31.0212674321979,34.1010895332644,36.9197298200644,42.7314530801547,44.9943787718714,49.835454459889,1,1,1,1,1,1,1,1,0.783333333333333,0.75,0.733333333333333,0.7,0.666666666666667,0.6,0.583333333333333,0.533333333333333,0,0,0,0,0,0,0,0,2730,4.690206,-3.12781367987765
"731",244,244,2,7.39028440752225,25.9738347261033,28.6394837789722,30.5935321598425,33.673354260909,36.491994547709,42.3037178077993,44.566643499516,49.4077191875336,1,1,1,1,1,1,1,1,0.770491803278688,0.737704918032787,0.721311475409836,0.688524590163934,0.655737704918033,0.590163934426229,0.573770491803279,0.524590163934426,0,0,0,0,0,0,0,0,2731,4.036663,-3.35362140752225
"732",244,244,3,7.15180440849397,25.735354727075,28.4010037799439,30.3550521608142,33.4348742618807,36.2535145486807,42.065237808771,44.3281635004877,49.1692391885053,1,1,1,1,1,1,1,1,0.903846153846154,0.865384615384615,0.846153846153846,0.807692307692308,0.769230769230769,0.711538461538462,0.673076923076923,0.615384615384615,0,0,0,0,0,0,0,0,2732,17.454488,10.302683591506
"733",245,245,1,12.0508268429336,30.6381432893037,33.3043325605271,35.2587769473156,38.3392232027229,41.1584347129614,46.9713357723471,49.2347200668166,54.076776843451,1,1,1,1,1,1,1,1,0.733333333333333,0.7,0.683333333333333,0.65,0.616666666666667,0.55,0.533333333333333,0.483333333333333,0,0,0,0,0,0,0,0,2733,5.038717,-7.01210984293357
"734",245,245,2,7.51572016522969,26.1030366115998,28.7692258828232,30.7236702696117,33.8041165250191,36.6233280352575,42.4362290946433,44.6996133891127,49.5416701657472,1,1,1,1,1,1,1,1,0.770491803278688,0.737704918032787,0.721311475409836,0.688524590163934,0.655737704918033,0.590163934426229,0.573770491803279,0.524590163934426,0,0,0,0,0,0,0,0,2734,4.157062,-3.35865816522969
"735",245,245,3,7.19367818507952,25.7809946314496,28.447183902673,30.4016282894615,33.4820745448689,36.3012860551074,42.1141871144931,44.3775714089626,49.219628185597,1,1,1,1,1,1,1,1,0.783333333333333,0.75,0.733333333333333,0.7,0.666666666666667,0.616666666666667,0.583333333333333,0.533333333333333,0,0,0,0,0,0,0,0,2735,5.316023,-1.87765518507952
"736",246,246,1,7.61371119063032,26.1870874107708,28.851277077494,30.8042556584475,33.8823916224358,36.6994887636445,42.5080302288923,44.7697170169358,49.6081423190065,1,1,1,1,1,1,1,1,0.783333333333333,0.75,0.733333333333333,0.7,0.666666666666667,0.6,0.583333333333333,0.533333333333333,0,0,0,0,0,0,0,0,2736,4.779604,-2.83410719063032
"737",246,246,2,7.41790775663366,25.9912839767741,28.6554736434974,30.6084522244508,33.6865881884392,36.5036853296478,42.3122267948957,44.5739135829392,49.4123388850099,1,1,1,1,1,1,1,1,0.810344827586207,0.775862068965517,0.758620689655172,0.724137931034483,0.689655172413793,0.620689655172414,0.603448275862069,0.551724137931034,0,0,0,0,0,0,0,0,2737,8.131775,0.713867243366343
"738",246,246,3,8.64151578159924,27.2148920017397,29.8790816684629,31.8320602494164,34.9101962134048,37.7272933546134,43.5358348198613,45.7975216079047,50.6359469099754,1,1,1,1,1,1,1,1,0.851851851851852,0.814814814814815,0.796296296296296,0.759259259259259,0.722222222222222,0.666666666666667,0.62962962962963,0.574074074074074,0,0,0,0,0,0,0,0,2738,14.866545,6.22502921840076
"739",247,247,1,11.0983322010132,29.6635304716023,32.3265470824184,34.2786657572288,37.3554464027049,40.171303162088,45.9772870977565,48.2379780539042,53.0742729733476,1,1,1,1,1,1,1,1,0.737704918032787,0.704918032786885,0.688524590163934,0.655737704918033,0.622950819672131,0.557377049180328,0.540983606557377,0.491803278688525,0,0,0,0,0,0,0,0,2739,4.614136,-6.48419620101325
"740",247,247,2,7.3542438835137,25.9194421541027,28.5824587649189,30.5345774397292,33.6113580852053,36.4272148445884,42.233198780257,44.4938897364046,49.3301846558481,1,1,1,1,1,1,1,1,0.770491803278688,0.737704918032787,0.721311475409836,0.688524590163934,0.655737704918033,0.590163934426229,0.573770491803279,0.524590163934426,0,0,0,0,0,0,0,0,2740,4.014102,-3.3401418835137
"741",247,247,3,7.13511681888894,25.700315089478,28.3633317002941,30.3154503751044,33.3922310205806,36.2080877799636,42.0140717156322,44.2747626717799,49.1110575912233,1,1,1,1,1,1,1,1,0.783333333333333,0.75,0.733333333333333,0.7,0.666666666666667,0.616666666666667,0.583333333333333,0.533333333333333,0,0,0,0,0,0,0,0,2741,5.550912,-1.58420481888894
"742",248,248,1,7.69656095802756,26.2625528899343,28.9256833445802,30.8778854723684,33.9547976500666,36.7707747871884,42.5770069283862,44.8377945289616,49.6742961997762,1,1,1,1,1,1,1,1,0.770491803278688,0.737704918032787,0.721311475409836,0.688524590163934,0.655737704918033,0.590163934426229,0.573770491803279,0.524590163934426,0,0,0,0,0,0,0,0,2742,4.495894,-3.20066695802756
"743",248,248,2,7.31174525770513,25.8777371896119,28.5408676442578,30.493069772046,33.5699819497442,36.385959086866,42.1921912280637,44.4529788286391,49.2894804994538,1,1,1,1,1,1,1,1,0.796610169491525,0.76271186440678,0.745762711864407,0.711864406779661,0.677966101694915,0.610169491525424,0.593220338983051,0.542372881355932,0,0,0,0,0,0,0,0,2743,6.725683,-0.586062257705134
"744",248,248,3,8.12505632501037,26.6910482569171,29.3541787115631,31.3063808393512,34.3832930170494,37.1992701541712,43.005502295369,45.2662898959444,50.102791566759,1,1,1,1,1,1,1,1,0.884615384615385,0.865384615384615,0.826923076923077,0.788461538461538,0.769230769230769,0.692307692307692,0.673076923076923,0.596153846153846,0,0,0,0,0,0,0,0,2744,17.928581,9.80352467498963
"745",249,249,1,12.2148758501141,30.7839776425199,33.4475541796718,35.4000833072941,38.4775108772038,41.2939596991188,47.1011644019793,49.3623306914005,54.1996424910548,1,1,1,1,1,1,1,1,0.733333333333333,0.7,0.683333333333333,0.65,0.616666666666667,0.55,0.533333333333333,0.483333333333333,0,0,0,0,0,0,0,0,2745,4.774598,-7.44027785011413
"746",249,249,2,7.41553542666617,25.984637219072,28.6482137562238,30.6007428838462,33.6781704537559,36.4946192756708,42.3018239785314,44.5629902679526,49.4003020676068,1,1,1,1,1,1,1,1,0.783333333333333,0.75,0.733333333333333,0.7,0.666666666666667,0.6,0.583333333333333,0.533333333333333,0,0,0,0,0,0,0,0,2746,5.017666,-2.39786942666617
"747",249,249,3,7.50422081405391,26.0733226064597,28.7368991436115,30.6894282712339,33.7668558411436,36.5833046630586,42.3905093659191,44.6516756553403,49.4889874549945,1,1,1,1,1,1,1,1,0.824561403508772,0.789473684210526,0.771929824561403,0.736842105263158,0.701754385964912,0.631578947368421,0.614035087719298,0.56140350877193,0,0,0,0,0,0,0,0,2747,9.53474,2.03051918594609
"748",250,250,1,9.1389818292385,27.6047834144106,30.2535424331198,32.1952096102953,35.2555174019156,38.0562982744478,43.831197405614,46.0797847911712,50.8901865487057,1,1,1,1,1,1,1,1,0.766666666666667,0.733333333333333,0.716666666666667,0.683333333333333,0.65,0.583333333333333,0.566666666666667,0.516666666666667,0,0,0,0,0,0,0,0,2748,4.751439,-4.3875428292385
"749",250,250,2,7.37811079509119,25.8439123802633,28.4926713989725,30.434338576148,33.4946463677683,36.2954272403005,42.0703263714667,44.3189137570239,49.1293155145584,1,1,1,1,1,1,1,1,0.770491803278688,0.737704918032787,0.721311475409836,0.688524590163934,0.655737704918033,0.60655737704918,0.573770491803279,0.524590163934426,0,0,0,0,0,0,0,0,2749,4.335791,-3.04231979509119
"750",250,250,3,7.22509878025013,25.6909003654222,28.3396593841315,30.2813265613069,33.3416343529272,36.1424152254594,41.9173143566256,44.1659017421828,48.9763034997174,1,1,1,1,1,1,1,1,0.824561403508772,0.789473684210526,0.771929824561403,0.736842105263158,0.701754385964912,0.649122807017544,0.614035087719298,0.56140350877193,0,0,0,0,0,0,0,0,2750,10.216859,2.99176021974986
"751",251,251,1,9.38727921132377,27.8537011054203,30.5025491020627,32.4442815043231,35.5046920987504,38.3055670559809,44.0806601793468,46.3293231001477,51.1398864501875,1,1,1,1,1,1,1,1,0.766666666666667,0.733333333333333,0.716666666666667,0.683333333333333,0.65,0.583333333333333,0.566666666666667,0.516666666666667,0,0,0,0,0,0,0,0,2751,5.087239,-4.30004021132377
"752",251,251,2,7.49832553972053,25.9647474338171,28.6135954304594,30.5553278327199,33.6157384271471,36.4166133843776,42.1917065077435,44.4403694285444,49.2509327785843,1,1,1,1,1,1,1,1,0.770491803278688,0.737704918032787,0.721311475409836,0.688524590163934,0.655737704918033,0.590163934426229,0.573770491803279,0.524590163934426,0,0,0,0,0,0,0,0,2752,4.236494,-3.26183153972053
"753",251,251,3,7.18504348542643,25.651465379523,28.3003133761653,30.2420457784258,33.302456372853,36.1033313300835,41.8784244534494,44.1270873742503,48.9376507242902,1,1,1,1,1,1,1,1,0.770491803278688,0.737704918032787,0.721311475409836,0.688524590163934,0.655737704918033,0.60655737704918,0.573770491803279,0.524590163934426,0,0,0,0,0,0,0,0,2753,4.580471,-2.60457248542643
"754",252,252,1,7.31139613769701,25.77816772877,28.4270658864095,30.3688350590824,33.4293036082308,36.2302316053793,42.0054340911661,44.2541395946952,49.0647940419421,1,1,1,1,1,1,1,1,0.783333333333333,0.75,0.733333333333333,0.7,0.666666666666667,0.616666666666667,0.583333333333333,0.533333333333333,0,0,0,0,0,0,0,0,2754,4.940748,-2.37064813769701
"755",252,252,2,7.44405399193428,25.9108255830072,28.5597237406467,30.5014929133197,33.561961462468,36.3628894596166,42.1380919454034,44.3867974489325,49.1974518961794,1,1,1,1,1,1,1,1,0.770491803278688,0.737704918032787,0.721311475409836,0.688524590163934,0.655737704918033,0.60655737704918,0.573770491803279,0.524590163934426,0,0,0,0,0,0,0,0,2755,4.331261,-3.11279299193427
"756",252,252,3,7.21963434370386,25.6864059347768,28.3353040924163,30.2770732650892,33.3375418142376,36.1384698113862,41.913672297173,44.1623778007021,48.973032247949,1,1,1,1,1,1,1,1,0.903846153846154,0.865384615384615,0.846153846153846,0.807692307692308,0.769230769230769,0.711538461538462,0.673076923076923,0.615384615384615,0,0,0,0,0,0,0,0,2756,17.420132,10.2004976562961
"757",253,253,1,12.0391179510823,30.5094678806203,33.1588793198651,35.1010247525295,38.1620863339941,40.9635570718345,46.7398786286564,48.9890198677639,53.800606483894,1,1,1,1,1,1,1,1,0.733333333333333,0.7,0.683333333333333,0.65,0.616666666666667,0.566666666666667,0.533333333333333,0.483333333333333,0,0,0,0,0,0,0,0,2757,5.025749,-7.01336895108227
"758",253,253,2,7.47831336465661,25.9486632941946,28.5980747334395,30.5402201661038,33.6012817475685,36.4027524854089,42.1790740422307,44.4282152813382,49.2398018974683,1,1,1,1,1,1,1,1,0.770491803278688,0.737704918032787,0.721311475409836,0.688524590163934,0.655737704918033,0.60655737704918,0.573770491803279,0.524590163934426,0,0,0,0,0,0,0,0,2758,4.216662,-3.26165136465661
"759",253,253,3,7.18059078335367,25.6509407128917,28.3003521521365,30.2424975848009,33.3035591662655,36.1050299041059,41.8813514609278,44.1304927000353,48.9420793161654,1,1,1,1,1,1,1,1,0.783333333333333,0.75,0.733333333333333,0.7,0.666666666666667,0.616666666666667,0.583333333333333,0.533333333333333,0,0,0,0,0,0,0,0,2759,5.503366,-1.67722478335367
"760",254,254,1,7.64389078764526,26.0971022718992,28.7440553498698,30.6843986860196,33.7426199403315,36.5414912226587,42.312452990883,44.5595072752652,49.3666292702991,1,1,1,1,1,1,1,1,0.783333333333333,0.75,0.733333333333333,0.7,0.666666666666667,0.6,0.583333333333333,0.533333333333333,0,0,0,0,0,0,0,0,2760,4.908872,-2.73501878764526
"761",254,254,2,7.42475079294976,25.8779622772037,28.5249153551743,30.4652586913241,33.523479945636,36.3223512279632,42.0933129961875,44.3403672805697,49.1474892756036,1,1,1,1,1,1,1,1,0.783333333333333,0.75,0.733333333333333,0.7,0.666666666666667,0.616666666666667,0.583333333333333,0.533333333333333,0,0,0,0,0,0,0,0,2761,5.365644,-2.05910679294976
"762",254,254,3,7.59312425619254,26.0463357404464,28.6932888184171,30.6336321545669,33.6918534088788,36.490724691206,42.2616864594303,44.5087407438125,49.3158627388463,1,1,1,1,1,1,1,1,0.824561403508772,0.789473684210526,0.771929824561403,0.736842105263158,0.701754385964912,0.631578947368421,0.614035087719298,0.56140350877193,0,0,0,0,0,0,0,0,2762,10.205199,2.61207474380746
"763",255,255,1,9.37866610575018,27.830121518001,30.4768227026794,32.4169813889859,35.4749116122906,38.2735165442591,44.0439291276219,46.2907695744767,51.0974341070055,1,1,1,1,1,1,1,1,0.766666666666667,0.733333333333333,0.716666666666667,0.683333333333333,0.65,0.583333333333333,0.566666666666667,0.516666666666667,0,0,0,0,0,0,0,0,2763,5.264941,-4.11372510575018
"764",255,255,2,7.55718793376609,26.0086433460169,28.6553445306953,30.5955032170018,33.6534334403066,36.452038372275,42.2224509556379,44.4692914024926,49.2759559350214,1,1,1,1,1,1,1,1,0.783333333333333,0.75,0.733333333333333,0.7,0.666666666666667,0.6,0.583333333333333,0.533333333333333,0,0,0,0,0,0,0,0,2764,5.37555,-2.18163793376609
"765",255,255,3,7.59796958507357,26.0494249973244,28.6961261820028,30.6362848683093,33.694215091614,36.4928200235825,42.2632326069453,44.5100730538001,49.3167375863289,1,1,1,1,1,1,1,1,0.783333333333333,0.75,0.733333333333333,0.7,0.666666666666667,0.6,0.583333333333333,0.533333333333333,0,0,0,0,0,0,0,0,2765,4.778813,-2.81915658507357
"766",256,256,1,7.37364630080093,25.8217442006943,28.4679637793565,30.407769425395,33.4651432135414,36.2632388983836,42.0326014707244,44.2790330720764,49.0848229616459,1,1,1,1,1,1,1,1,0.783333333333333,0.75,0.733333333333333,0.7,0.666666666666667,0.616666666666667,0.583333333333333,0.533333333333333,0,0,0,0,0,0,0,0,2766,5.072517,-2.30112930080093
"767",256,256,2,7.48199085794996,25.9300887578433,28.5763083365056,30.516113982544,33.5734877706904,36.3715834555327,42.1409460278735,44.3873776292254,49.1931675187949,1,1,1,1,1,1,1,1,0.783333333333333,0.75,0.733333333333333,0.7,0.666666666666667,0.616666666666667,0.583333333333333,0.533333333333333,0,0,0,0,0,0,0,0,2767,4.973774,-2.50821685794996
"768",256,256,3,7.44556552289641,25.8936634227898,28.539883001452,30.4796886474904,33.5370624356369,36.3351581204791,42.1045206928199,44.3509522941718,49.1567421837413,1,1,1,1,1,1,1,1,0.87037037037037,0.833333333333333,0.814814814814815,0.777777777777778,0.740740740740741,0.685185185185185,0.648148148148148,0.592592592592593,0,0,0,0,0,0,0,0,2768,15.186862,7.74129647710359
"769",257,257,1,11.2136537503955,29.6637896423788,32.3103015533236,34.2503214929214,37.3080330342406,40.1064378293718,45.8764377528016,48.1231175211927,52.9294383143726,1,1,1,1,1,1,1,1,0.75,0.716666666666667,0.7,0.666666666666667,0.633333333333333,0.566666666666667,0.55,0.5,0,0,0,0,0,0,0,0,2769,5.429789,-5.78386475039546
"770",257,257,2,7.61490727365493,26.0650431656383,28.7115550765831,30.6515750161809,33.7092865575001,36.5076913526313,42.2776912760611,44.5243710444522,49.3306918376321,1,1,1,1,1,1,1,1,0.783333333333333,0.75,0.733333333333333,0.7,0.666666666666667,0.6,0.583333333333333,0.533333333333333,0,0,0,0,0,0,0,0,2770,6.08464,-1.53026727365492
"771",257,257,3,7.85643900443525,26.3065748964186,28.9530868073634,30.8931067469612,33.9508182882804,36.7492230834116,42.5192230068414,44.7659027752325,49.5722235684124,1,1,1,1,1,1,1,1,0.783333333333333,0.75,0.733333333333333,0.7,0.666666666666667,0.6,0.583333333333333,0.533333333333333,0,0,0,0,0,0,0,0,2771,4.700415,-3.15602400443525
"772",258,258,1,7.33609695300565,25.7681863121857,28.4121096045808,30.3502319628445,33.4049526811174,36.2006202875239,41.9649764317695,44.2094586672873,49.0110782795998,1,1,1,1,1,1,1,1,0.783333333333333,0.75,0.733333333333333,0.7,0.666666666666667,0.616666666666667,0.583333333333333,0.533333333333333,0,0,0,0,0,0,0,0,2772,6.069857,-1.26623995300565
"773",258,258,2,7.84228039481557,26.2743697539956,28.9182930463907,30.8564154046545,33.9111361229273,36.7068037293338,42.4711598735794,44.7156421090972,49.5172617214097,1,1,1,1,1,1,1,1,0.796610169491525,0.76271186440678,0.745762711864407,0.711864406779661,0.677966101694915,0.610169491525424,0.593220338983051,0.542372881355932,0,0,0,0,0,0,0,0,2773,6.381341,-1.46093939481557
"774",258,258,3,7.95741345133693,26.3895028105169,29.0334261029121,30.9715484611758,34.0262691794487,36.8219367858552,42.5862929301008,44.8307751656186,49.6323947779311,1,1,1,1,1,1,1,1,0.810344827586207,0.775862068965517,0.758620689655172,0.724137931034483,0.689655172413793,0.620689655172414,0.603448275862069,0.551724137931034,0,0,0,0,0,0,0,0,2774,9.157551,1.20013754866307
"775",259,259,1,8.98389420210573,27.415413913735,30.0592554951315,31.9973179553212,35.0519442668156,37.847525472534,43.6117034681555,45.8561163374835,50.6575875547444,1,1,1,1,1,1,1,1,0.779661016949153,0.745762711864407,0.728813559322034,0.694915254237288,0.661016949152542,0.610169491525424,0.576271186440678,0.525423728813559,0,0,0,0,0,0,0,0,2775,6.51537,-2.46852420210573
"776",259,259,2,8.00819496958433,26.4397146812136,29.0835562626101,31.0216187227998,34.0762450342942,36.8718262400126,42.6360042356341,44.8804171049621,49.681888322223,1,1,1,1,1,1,1,1,0.770491803278688,0.737704918032787,0.721311475409836,0.688524590163934,0.655737704918033,0.590163934426229,0.573770491803279,0.524590163934426,0,0,0,0,0,0,0,0,2776,4.608394,-3.39980096958433
"777",259,259,3,7.3039907460142,25.7355104576435,28.37935203904,30.3174144992297,33.3720408107241,36.1676220164425,41.9318000120639,44.176212881392,48.9776840986529,1,1,1,1,1,1,1,1,0.783333333333333,0.75,0.733333333333333,0.7,0.666666666666667,0.616666666666667,0.583333333333333,0.533333333333333,0,0,0,0,0,0,0,0,2777,5.767419,-1.5365717460142
"778",260,260,1,7.73249731998601,26.1633062143413,28.8070458351673,30.7450335533771,33.7995420622605,36.5950154555227,42.358971153832,44.6032974666817,49.404583513716,1,1,1,1,1,1,1,1,0.796610169491525,0.76271186440678,0.745762711864407,0.711864406779661,0.677966101694915,0.610169491525424,0.593220338983051,0.542372881355932,0,0,0,0,0,0,0,0,2778,6.296958,-1.43553931998601
"779",260,260,2,7.92806931632474,26.35887821068,29.002617831506,30.9406055497158,33.9951140585992,36.7905874518614,42.5545431501708,44.7988694630204,49.6001555100547,1,1,1,1,1,1,1,1,0.796610169491525,0.76271186440678,0.745762711864407,0.711864406779661,0.677966101694915,0.610169491525424,0.593220338983051,0.542372881355932,0,0,0,0,0,0,0,0,2779,6.53215,-1.39591931632474
"780",260,260,3,8.01493160401819,26.4457404983735,29.0894801191995,31.0274678374093,34.0819763462927,36.8774497395548,42.6414054378642,44.8857317507139,49.6870177977481,1,1,1,1,1,1,1,1,0.903846153846154,0.865384615384615,0.846153846153846,0.807692307692308,0.769230769230769,0.692307692307692,0.673076923076923,0.615384615384615,0,0,0,0,0,0,0,0,2780,17.513863,9.49893139598181
"781",261,261,1,12.0770426728651,30.5099166682342,33.1539525098827,35.0921573721379,38.1470081269126,40.942794742181,46.7073962694838,48.9519740504362,53.7537980630443,1,1,1,1,1,1,1,1,0.745762711864407,0.711864406779661,0.694915254237288,0.661016949152542,0.627118644067797,0.576271186440678,0.542372881355932,0.491525423728814,0,0,0,0,0,0,0,0,2781,6.44643,-5.63061267286506
"782",261,261,2,7.98737996151614,26.4202539568853,29.0642897985338,31.0024946607889,34.0573454155637,36.8531320308321,42.6177335581349,44.8623113390872,49.6641353516954,1,1,1,1,1,1,1,1,0.783333333333333,0.75,0.733333333333333,0.7,0.666666666666667,0.6,0.583333333333333,0.533333333333333,0,0,0,0,0,0,0,0,2782,5.002726,-2.98465396151614
"783",261,261,3,7.45389921534624,25.8867732107154,28.5308090523639,30.469013914619,33.5238646693938,36.3196512846622,42.084252811965,44.3288305929174,49.1306546055255,1,1,1,1,1,1,1,1,0.783333333333333,0.75,0.733333333333333,0.7,0.666666666666667,0.616666666666667,0.583333333333333,0.533333333333333,0,0,0,0,0,0,0,0,2783,5.275708,-2.17819121534624
"784",262,262,1,7.51907832343899,25.7966113950036,28.4183649289492,30.3402357928327,33.3693421445127,36.1415675899014,41.8575886013908,44.0832504614656,48.8446076549411,1,1,1,1,1,1,1,1,0.783333333333333,0.75,0.733333333333333,0.7,0.666666666666667,0.616666666666667,0.583333333333333,0.533333333333333,0,0,0,0,0,0,0,0,2784,6.047484,-1.47159432343899
"785",262,262,2,7.8078785501409,26.0854116217055,28.7071651556511,30.6290360195346,33.6581423712146,36.4303678166033,42.1463888280928,44.3720506881675,49.133407881643,1,1,1,1,1,1,1,1,0.796610169491525,0.76271186440678,0.745762711864407,0.711864406779661,0.677966101694915,0.627118644067797,0.593220338983051,0.542372881355932,0,0,0,0,0,0,0,0,2785,7.38837,-0.419508550140895
"786",262,262,3,8.30964095371578,26.5871740252804,29.208927559226,31.1307984231095,34.1599047747894,36.9321302201781,42.6481512316676,44.8738130917424,49.6351702852178,1,1,1,1,1,1,1,1,0.807017543859649,0.789473684210526,0.771929824561403,0.736842105263158,0.701754385964912,0.631578947368421,0.614035087719298,0.56140350877193,0,0,0,0,0,0,0,0,2786,9.900575,1.59093404628422
"787",263,263,1,9.24842470286486,27.5235116045357,30.1449142566343,32.0665279073245,35.0952288591765,37.8670832843407,43.5823392933293,45.807703282405,50.5684232406161,1,1,1,1,1,1,1,1,0.766666666666667,0.733333333333333,0.716666666666667,0.683333333333333,0.65,0.6,0.566666666666667,0.516666666666667,0,0,0,0,0,0,0,0,2787,5.325023,-3.92340170286486
"788",263,263,2,7.53364534153662,25.8087322432075,28.430134895306,30.3517485459962,33.3804494978483,36.1523039230125,41.8675599320011,44.0929239210768,48.8536438792878,1,1,1,1,1,1,1,1,0.783333333333333,0.75,0.733333333333333,0.7,0.666666666666667,0.616666666666667,0.583333333333333,0.533333333333333,0,0,0,0,0,0,0,0,2788,5.608959,-1.92468634153662
"789",263,263,3,7.64005602001609,25.9151429216869,28.5365455737855,30.4581592244757,33.4868601763277,36.258714601492,41.9739706104805,44.1993345995563,48.9600545577673,1,1,1,1,1,1,1,1,0.824561403508772,0.789473684210526,0.771929824561403,0.736842105263158,0.701754385964912,0.649122807017544,0.614035087719298,0.56140350877193,0,0,0,0,0,0,0,0,2789,10.428452,2.78839597998391
"790",264,264,1,9.44322315133208,27.7123829527327,30.3329354137241,32.2539258336275,35.2816444966222,38.0525999351386,43.7660023334922,45.990644577409,50.7498205065983,1,1,1,1,1,1,1,1,0.766666666666667,0.733333333333333,0.716666666666667,0.683333333333333,0.65,0.583333333333333,0.566666666666667,0.516666666666667,0,0,0,0,0,0,0,0,2790,4.774836,-4.66838715133208
"791",264,264,2,7.3233762112262,25.5925360126268,28.2130884736182,30.1340788935216,33.1617975565163,35.9327529950327,41.6461553933863,43.8707976373031,48.6299735664924,1,1,1,1,1,1,1,1,0.783333333333333,0.75,0.733333333333333,0.7,0.683333333333333,0.616666666666667,0.583333333333333,0.533333333333333,0,0,0,0,0,0,0,0,2791,5.68922,-1.6341562112262
"792",264,264,3,7.66622831233844,25.9353881137391,28.5559405747304,30.4769309946338,33.5046496576285,36.2756050961449,41.9890074944986,44.2136497384153,48.9728256676046,0,0,0,0,0,0,0,1,0,0,0,0,0,0,0,1,0,0,0,0,0,0,0,0,2792,49.136887,41.4706586876616
"793",265,265,1,23.957359009693,42.2898073615691,44.9194380160025,46.8470831863419,49.885290559683,52.6658452219755,58.3990401537574,60.6313890675196,65.4070518712719,1,1,1,1,1,1,1,1,0.6,0.583333333333333,0.566666666666667,0.533333333333333,0.5,0.433333333333333,0.416666666666667,0.366666666666667,1,1,1,1,1,1,1,0,2793,5.832668,-18.124691009693
"794",265,265,2,7.74009167893324,26.0725400308094,28.7021706852428,30.6298158555821,33.6680232289232,36.4485778912158,42.1817728229977,44.4141217367599,49.1897845405122,1,1,1,1,1,1,1,1,0.783333333333333,0.75,0.733333333333333,0.7,0.666666666666667,0.616666666666667,0.583333333333333,0.533333333333333,1,1,1,1,1,1,1,0,2794,5.646981,-2.09311067893324
"795",265,265,3,7.6705525950198,26.0030009468959,28.6326316013293,30.5602767716687,33.5984841450098,36.3790388073024,42.1122337390842,44.3445826528465,49.1202454565988,1,1,1,1,1,1,1,1,0.783333333333333,0.75,0.733333333333333,0.7,0.666666666666667,0.616666666666667,0.583333333333333,0.533333333333333,0,0,0,0,0,0,0,0,2795,5.637301,-2.0332515950198
"796",266,266,1,7.65725349770315,25.9834357162452,28.61216754822,30.5391538386636,33.5763227357395,36.3559269889038,42.0871622826066,44.3187481670302,49.0927786225378,1,1,1,1,1,1,1,1,0.770491803278688,0.737704918032787,0.721311475409836,0.688524590163934,0.655737704918033,0.60655737704918,0.573770491803279,0.524590163934426,0,0,0,0,0,0,0,0,2796,4.611538,-3.04571549770316
"797",266,266,2,7.27501350327213,25.6011957218142,28.229927553789,30.1569138442326,33.1940827413084,35.9736869944727,41.7049222881756,43.9365081725991,48.7105386281068,1,1,1,1,1,1,1,1,0.783333333333333,0.75,0.733333333333333,0.7,0.666666666666667,0.616666666666667,0.583333333333333,0.533333333333333,0,0,0,0,0,0,0,0,2797,5.442924,-1.83208950327213
"798",266,266,3,7.58482091493548,25.9110031334775,28.5397349654523,30.466721255896,33.5038901529718,36.2834944061361,42.0147296998389,44.2463155842625,49.0203460397701,1,1,1,1,1,1,1,1,0.810344827586207,0.775862068965517,0.758620689655172,0.724137931034483,0.689655172413793,0.637931034482759,0.603448275862069,0.551724137931034,0,0,0,0,0,0,0,0,2798,8.518044,0.93322308506452
"799",267,267,1,8.73078215211144,27.0560686113895,29.68467195447,31.6115640564023,34.6485845007266,37.4280528905545,43.1590080491453,45.3904848566371,50.1642819639243,1,1,1,1,1,1,1,1,0.766666666666667,0.75,0.716666666666667,0.683333333333333,0.666666666666667,0.6,0.566666666666667,0.516666666666667,0,0,0,0,0,0,0,0,2799,5.75429,-2.97649215211144
"800",267,267,2,7.70151328685058,26.0267997461287,28.6554030892091,30.5822951911415,33.6193156354658,36.3987840252937,42.1297391838845,44.3612159913762,49.1350130986635,1,1,1,1,1,1,1,1,0.783333333333333,0.75,0.733333333333333,0.7,0.666666666666667,0.616666666666667,0.583333333333333,0.533333333333333,0,0,0,0,0,0,0,0,2800,5.713116,-1.98839728685058
"801",267,267,3,7.68617939090389,26.011465850182,28.6400691932625,30.5669612951948,33.6039817395191,36.383450129347,42.1144052879378,44.3458820954295,49.1196792027168,1,1,1,1,1,1,1,1,0.770491803278688,0.737704918032787,0.721311475409836,0.688524590163934,0.655737704918033,0.60655737704918,0.573770491803279,0.524590163934426,0,0,0,0,0,0,0,0,2801,4.057975,-3.62820439090389
"802",268,268,1,7.06865520847603,25.3936023646172,28.0221570376066,29.949013462032,32.9859776741896,35.765394600574,41.4962436472595,43.7276791376846,48.501387855394,1,1,1,1,1,1,1,1,0.783333333333333,0.766666666666667,0.733333333333333,0.7,0.683333333333333,0.616666666666667,0.6,0.533333333333333,0,0,0,0,0,0,0,0,2802,5.980396,-1.08825920847603
"803",268,268,2,7.78492446311582,26.109871619257,28.7384262922464,30.6652827166718,33.7022469288294,36.4816638552138,42.2125129018992,44.4439483923244,49.2176571100338,1,1,1,1,1,1,1,1,0.783333333333333,0.75,0.733333333333333,0.7,0.666666666666667,0.6,0.583333333333333,0.533333333333333,0,0,0,0,0,0,0,0,2803,5.534737,-2.25018746311582
"804",268,268,3,7.61887767120421,25.9438248273454,28.5723795003348,30.4992359247602,33.5362001369178,36.3156170633022,42.0464661099876,44.2779016004128,49.0516103181222,1,1,1,1,1,1,1,1,0.903846153846154,0.865384615384615,0.846153846153846,0.807692307692308,0.769230769230769,0.711538461538462,0.673076923076923,0.615384615384615,0,0,0,0,0,0,0,0,2804,18.229478,10.6106003287958
"805",269,269,1,12.4200580411915,30.4808077696319,33.0714656139289,34.9705418485101,37.9637210431156,40.7030661048337,46.351291416576,48.5505554899909,53.2554399129799,1,1,1,1,1,1,1,1,0.733333333333333,0.7,0.683333333333333,0.65,0.616666666666667,0.566666666666667,0.533333333333333,0.483333333333333,0,0,0,0,0,0,0,0,2805,6.040753,-6.37930504119154
"806",269,269,2,7.75892479987051,25.8196745283109,28.4103323726078,30.3094086071891,33.3025878017946,36.0419328635127,41.690158175255,43.8894222486699,48.5943066716589,1,1,1,1,1,1,1,1,0.783333333333333,0.75,0.733333333333333,0.7,0.666666666666667,0.616666666666667,0.583333333333333,0.533333333333333,0,0,0,0,0,0,0,0,2806,5.603661,-2.15526379987051
"807",269,269,3,7.5917749092367,25.6525246376771,28.243182481974,30.1422587165553,33.1354379111608,35.8747829728789,41.5230082846212,43.7222723580361,48.4271567810251,1,1,1,1,1,1,1,1,0.783333333333333,0.75,0.733333333333333,0.7,0.683333333333333,0.616666666666667,0.6,0.55,0,0,0,0,0,0,0,0,2807,5.297168,-2.2946069092367
"808",270,270,1,7.46619165721711,25.5086893801921,28.0967291326688,29.9938861805975,32.9840404995008,35.7206172076461,41.3631344817482,43.560176001809,48.2603057176294,1,1,1,1,1,1,1,1,0.783333333333333,0.766666666666667,0.733333333333333,0.7,0.683333333333333,0.616666666666667,0.6,0.55,0,0,0,0,0,0,0,0,2808,5.888611,-1.57758065721711
"809",270,270,2,7.69276409039416,25.7352618133692,28.3233015658458,30.2204586137746,33.2106129326778,35.9471896408231,41.5897069149253,43.786748434986,48.4868781508065,1,1,1,1,1,1,1,1,0.783333333333333,0.75,0.733333333333333,0.7,0.666666666666667,0.616666666666667,0.583333333333333,0.533333333333333,0,0,0,0,0,0,0,0,2809,5.551714,-2.14105009039416
"810",270,270,3,7.56370419278772,25.6062019157628,28.1942416682394,30.0913987161682,33.0815530350714,35.8181297432167,41.4606470173188,43.6576885373796,48.3578182532,1,1,1,1,1,1,1,1,0.824561403508772,0.789473684210526,0.771929824561403,0.736842105263158,0.719298245614035,0.649122807017544,0.631578947368421,0.578947368421053,0,0,0,0,0,0,0,0,2810,9.438986,1.87528180721228
"811",271,271,1,9.05237918633279,27.0942682309683,29.6822206738183,31.5793137196106,34.5693671632252,37.3058515507288,42.9481784699201,45.1451458709977,49.8451170241184,1,1,1,1,1,1,1,1,0.766666666666667,0.75,0.716666666666667,0.683333333333333,0.666666666666667,0.6,0.583333333333333,0.533333333333333,0,0,0,0,0,0,0,0,2811,5.803113,-3.24926618633279
"812",271,271,2,7.66005015332633,25.7019391979618,28.2898916408118,30.1869846866041,33.1770381302187,35.9135225177223,41.5558494369137,43.7528168379913,48.4527879911119,1,1,1,1,1,1,1,1,0.770491803278688,0.737704918032787,0.721311475409836,0.688524590163934,0.672131147540984,0.60655737704918,0.573770491803279,0.524590163934426,0,0,0,0,0,0,0,0,2812,4.55156,-3.10849015332633
"813",271,271,3,7.18077775348004,25.2226667981155,27.8106192409656,29.7077122867578,32.6977657303724,35.434250117876,41.0765770370674,43.273544438145,47.9735155912656,1,1,1,1,1,1,1,1,0.770491803278688,0.754098360655738,0.721311475409836,0.704918032786885,0.672131147540984,0.60655737704918,0.590163934426229,0.540983606557377,0,0,0,0,0,0,0,0,2813,4.665445,-2.51533275348004
"814",272,272,1,7.21959842229163,25.2616586312595,27.8496356261479,29.7467466697598,32.7368284801657,35.4733388288379,41.1157192770759,43.3127075208966,48.012723262886,1,1,1,1,1,1,1,1,0.783333333333333,0.766666666666667,0.733333333333333,0.716666666666667,0.683333333333333,0.616666666666667,0.6,0.55,0,0,0,0,0,0,0,0,2814,5.107007,-2.11259142229163
"815",272,272,2,7.38874778006763,25.4308079890355,28.0187849839239,29.9158960275358,32.9059778379417,35.6424881866139,41.2848686348519,43.4818568786726,48.181872620662,1,1,1,1,1,1,1,1,0.783333333333333,0.766666666666667,0.733333333333333,0.7,0.683333333333333,0.616666666666667,0.6,0.55,0,0,0,0,0,0,0,0,2815,5.552274,-1.83647378006763
"816",272,272,3,7.55931641389219,25.60137662286,28.1893536177484,30.0864646613603,33.0765464717662,35.8130568204385,41.4554372686764,43.6524255124971,48.3524412544866,1,1,1,1,1,1,1,1,0.903846153846154,0.865384615384615,0.846153846153846,0.807692307692308,0.788461538461538,0.711538461538462,0.692307692307692,0.634615384615385,0,0,0,0,0,0,0,0,2816,18.124219,10.5649025861078
"817",273,273,1,12.3833457112911,30.429314915792,33.0178526221732,34.9153746941548,37.9061043361445,40.6432075775687,46.2868105048203,48.484274748451,53.1853087965722,1,1,1,1,1,1,1,1,0.721311475409836,0.688524590163934,0.672131147540984,0.639344262295082,0.60655737704918,0.557377049180328,0.524590163934426,0.475409836065574,0,0,0,0,0,0,0,0,2817,4.64703,-7.73631571129115
"818",273,273,2,7.22158409016696,25.2675532946678,27.856091001049,29.7536130730306,32.7443427150203,35.4814459564445,41.1250488836961,43.3225131273268,48.023547175448,1,1,1,1,1,1,1,1,0.783333333333333,0.766666666666667,0.733333333333333,0.716666666666667,0.683333333333333,0.616666666666667,0.6,0.55,0,0,0,0,0,0,0,0,2818,5.376047,-1.84553709016696
"819",273,273,3,7.50079750564604,25.5467667101469,28.135304416528,30.0328264885097,33.0235561304994,35.7606593719236,41.4042622991752,43.6017265428059,48.3027605909271,1,1,1,1,1,1,1,1,0.770491803278688,0.737704918032787,0.721311475409836,0.688524590163934,0.672131147540984,0.60655737704918,0.590163934426229,0.540983606557377,0,0,0,0,0,0,0,0,2819,4.519751,-2.98104650564604
"820",274,274,1,7.16378030356458,25.2071912633856,27.7953620117641,29.6926150859607,32.6829207541472,35.4196359765226,41.0624388515853,43.2595915768294,47.9599591938376,1,1,1,1,1,1,1,1,0.770491803278688,0.754098360655738,0.721311475409836,0.704918032786885,0.672131147540984,0.60655737704918,0.590163934426229,0.540983606557377,0,0,0,0,0,0,0,0,2820,4.670886,-2.49289430356458
"821",274,274,2,7.22166268247649,25.2650736422975,27.853244390676,29.7504974648726,32.7408031330591,35.4775183554346,41.1203212304972,43.3174739557413,48.0178415727495,1,1,1,1,1,1,1,1,0.783333333333333,0.766666666666667,0.733333333333333,0.716666666666667,0.683333333333333,0.616666666666667,0.6,0.55,0,0,0,0,0,0,0,0,2821,5.910632,-1.31103068247649
"822",274,274,3,7.6964663197976,25.7398772796186,28.3280480279971,30.2253011021937,33.2156067703802,35.9523219927557,41.5951248678183,43.7922775930624,48.4926452100706,1,1,1,1,1,1,1,1,0.796610169491525,0.76271186440678,0.745762711864407,0.711864406779661,0.677966101694915,0.627118644067797,0.593220338983051,0.542372881355932,0,0,0,0,0,0,0,0,2822,6.303789,-1.3926773197976
"823",275,275,1,7.83377063731778,25.8607582152686,28.4465731720154,30.3420993381561,33.3296831855069,36.0639074088541,41.7015741205471,43.8967269645984,48.5928162368702,1,1,1,1,1,1,1,1,0.783333333333333,0.75,0.733333333333333,0.7,0.666666666666667,0.616666666666667,0.583333333333333,0.533333333333333,0,0,0,0,0,0,0,0,2823,5.131729,-2.70204163731778
"824",275,275,2,7.38486149628628,25.4118490742371,27.9976640309839,29.8931901971246,32.8807740444754,35.6149982678226,41.2526649795156,43.4478178235669,48.1439070958387,1,1,1,1,1,1,1,1,0.783333333333333,0.766666666666667,0.733333333333333,0.7,0.683333333333333,0.616666666666667,0.6,0.55,0,0,0,0,0,0,0,0,2824,5.157264,-2.22759749628628
"825",275,275,3,7.39464162265885,25.4216292006097,28.0074441573565,29.9029703234972,32.890554170848,35.6247783941952,41.2624451058882,43.4575979499394,48.1536872222113,1,1,1,1,1,1,1,1,0.770491803278688,0.754098360655738,0.721311475409836,0.688524590163934,0.672131147540984,0.60655737704918,0.590163934426229,0.540983606557377,0,0,0,0,0,0,0,0,2825,4.330344,-3.06429762265885
"826",276,276,1,7.0779706241975,25.1049163512313,27.6907253048272,29.5862470703708,32.5738239818361,35.3080418574898,40.9456954809438,43.1408432287936,47.8369215987646,1,1,1,1,1,1,1,1,0.783333333333333,0.766666666666667,0.75,0.716666666666667,0.683333333333333,0.616666666666667,0.6,0.55,0,0,0,0,0,0,0,0,2826,5.031091,-2.0468796241975
"827",276,276,2,7.34636692386294,25.3733126508967,27.9591216044926,29.8546433700363,32.8422202815015,35.5764381571552,41.2140917806092,43.4092395284591,48.1053178984301,1,1,1,1,1,1,1,1,0.783333333333333,0.766666666666667,0.733333333333333,0.7,0.683333333333333,0.616666666666667,0.6,0.55,0,0,0,0,0,0,0,0,2827,4.830922,-2.51544492386294
"828",276,276,3,7.26969928360514,25.2966450106389,27.8824539642348,29.7779757297785,32.7655526412437,35.4997705168974,41.1374241403514,43.3325718882013,48.0286502581723,1,1,1,1,1,1,1,1,0.92156862745098,0.901960784313726,0.862745098039216,0.843137254901961,0.803921568627451,0.725490196078431,0.705882352941177,0.647058823529412,0,0,0,0,0,0,0,0,2828,18.958221,11.6885217163949
"829",277,277,1,12.6868749491803,30.7188307857285,33.3053583960639,35.2014069714054,38.1898142003151,40.9247919790162,46.5640124381664,48.7597702688768,53.457153788776,1,1,1,1,1,1,1,1,0.733333333333333,0.7,0.683333333333333,0.65,0.616666666666667,0.566666666666667,0.533333333333333,0.483333333333333,0,0,0,0,0,0,0,0,2829,4.975656,-7.71121894918034
"830",277,277,2,7.33289388325069,25.3648497197988,27.9513773301343,29.8474259054757,32.8358331343855,35.5708109130866,41.2100313722367,43.4057892029472,48.1031727228464,1,1,1,1,1,1,1,1,0.770491803278688,0.754098360655738,0.721311475409836,0.688524590163934,0.672131147540984,0.60655737704918,0.590163934426229,0.540983606557377,0,0,0,0,0,0,0,0,2830,4.677776,-2.65511788325069
"831",277,277,3,7.21883441848731,25.2507902550355,27.8373178653709,29.7333664407123,32.7217736696221,35.4567514483232,41.0959719074733,43.2917297381838,47.989113258083,1,1,1,1,1,1,1,1,0.783333333333333,0.766666666666667,0.733333333333333,0.716666666666667,0.683333333333333,0.616666666666667,0.6,0.55,0,0,0,0,0,0,0,0,2831,5.708415,-1.51041941848731
"832",278,278,1,7.60517429200418,25.6189217519568,28.2028375286548,30.0969715048914,33.0823610886418,35.8145771311327,41.4481031969094,43.641643786969,48.3342839651632,1,1,1,1,1,1,1,1,0.783333333333333,0.75,0.733333333333333,0.7,0.683333333333333,0.616666666666667,0.6,0.55,0,0,0,0,0,0,0,0,2832,4.845131,-2.76004329200418
"833",278,278,2,7.27431595519018,25.2880634151428,27.8719791918408,29.7661131680774,32.7515027518278,35.4837187943187,41.1172448600954,43.3107854501551,48.0034256283492,1,1,1,1,1,1,1,1,0.783333333333333,0.766666666666667,0.733333333333333,0.716666666666667,0.683333333333333,0.616666666666667,0.6,0.55,0,0,0,0,0,0,0,0,2833,5.340023,-1.93429295519018
"834",278,278,3,7.46398603366094,25.4777334936136,28.0616492703116,29.9557832465482,32.9411728302985,35.6733888727894,41.3069149385662,43.5004555286258,48.19309570682,1,1,1,1,1,1,1,1,0.810344827586207,0.793103448275862,0.758620689655172,0.724137931034483,0.706896551724138,0.637931034482759,0.620689655172414,0.568965517241379,0,0,0,0,0,0,0,0,2834,9.291273,1.82728696633906
"835",279,279,1,8.97464789397852,26.9885235292641,29.5724576916015,31.466605145392,34.4520159714355,37.1842514547841,42.8178176054504,45.011373803467,49.704047371755,1,1,1,1,1,1,1,1,0.766666666666667,0.75,0.716666666666667,0.683333333333333,0.666666666666667,0.6,0.583333333333333,0.533333333333333,0,0,0,0,0,0,0,0,2835,5.052109,-3.92253889397852
"836",279,279,2,7.34947709231361,25.3633527275992,27.9472868899365,29.8414343437271,32.8268451697706,35.5590806531191,41.1926468037855,43.3862030018021,48.0788765700901,1,1,1,1,1,1,1,1,0.783333333333333,0.766666666666667,0.733333333333333,0.7,0.683333333333333,0.616666666666667,0.6,0.55,0,0,0,0,0,0,0,0,2836,5.444914,-1.90456309231361
"837",279,279,3,7.50006697672195,25.5139426120075,28.0978767743449,29.9920242281354,32.9774350541789,35.7096705375275,41.3432366881938,43.5367928862105,48.2294664544984,1,1,1,1,1,1,1,1,0.783333333333333,0.766666666666667,0.733333333333333,0.7,0.683333333333333,0.616666666666667,0.6,0.55,0,0,0,0,0,0,0,0,2837,5.055718,-2.44434897672195
"838",280,280,1,7.35319653672164,25.3671699136036,27.9511180961249,29.8452758273815,32.8307028519836,35.5629531601852,41.196549878052,43.3901179780985,48.0828170083922,1,1,1,1,1,1,1,1,0.783333333333333,0.766666666666667,0.733333333333333,0.7,0.683333333333333,0.616666666666667,0.6,0.55,0,0,0,0,0,0,0,0,2838,5.022445,-2.33075153672164
"839",280,280,2,7.3404414867322,25.3544148636142,27.9383630461355,29.8325207773921,32.8179478019942,35.5501981101957,41.1837948280626,43.377362928109,48.0700619584028,1,1,1,1,1,1,1,1,0.783333333333333,0.766666666666667,0.733333333333333,0.7,0.683333333333333,0.616666666666667,0.6,0.55,0,0,0,0,0,0,0,0,2839,5.289321,-2.0511204867322
"840",280,280,3,7.44274716163322,25.4567205385152,28.0406687210365,29.9348264522931,32.9202534768952,35.6525037850967,41.2861005029636,43.4796686030101,48.1723676333038,1,1,1,1,1,1,1,1,0.92156862745098,0.901960784313726,0.862745098039216,0.823529411764706,0.803921568627451,0.725490196078431,0.705882352941177,0.647058823529412,0,0,0,0,0,0,0,0,2840,19.521116,12.0783688383668
"841",281,281,1,12.9007103090955,30.9197631977307,33.5044399921406,35.3991318307958,38.3854006747646,41.1184214125246,46.7536066705843,48.9477933046273,53.6418155643596,1,1,1,1,1,1,1,1,0.733333333333333,0.7,0.683333333333333,0.65,0.616666666666667,0.566666666666667,0.533333333333333,0.483333333333333,0,0,0,0,0,0,0,0,2841,5.406811,-7.49389930909547
"842",281,281,2,7.49049919992916,25.5095520885644,28.0942288829743,29.9889207216295,32.9751895655983,35.7082103033583,41.343395561418,43.5375821954609,48.2316044551933,1,1,1,1,1,1,1,1,0.783333333333333,0.766666666666667,0.733333333333333,0.7,0.683333333333333,0.616666666666667,0.6,0.55,0,0,0,0,0,0,0,0,2842,5.482627,-2.00787219992916
"843",281,281,3,7.51956053631466,25.5386134249499,28.1232902193598,30.017982058015,33.0042509019838,35.7372716397438,41.3724568978035,43.5666435318464,48.2606657915788,1,1,1,1,1,1,1,1,0.783333333333333,0.766666666666667,0.733333333333333,0.7,0.683333333333333,0.616666666666667,0.6,0.55,0,0,0,0,0,0,0,0,2843,5.066188,-2.45337253631467
"844",282,282,1,7.35001858354446,25.3515726122525,27.9337393470348,29.8265911918072,32.8099599776803,35.5403265944183,41.170039349672,43.3620951411673,48.0515588906091,1,1,1,1,1,1,1,1,0.783333333333333,0.766666666666667,0.733333333333333,0.716666666666667,0.683333333333333,0.616666666666667,0.6,0.55,0,0,0,0,0,0,0,0,2844,5.024896,-2.32512258354446
"845",282,282,2,7.33417518231123,25.3357292110193,27.9178959458016,29.8107477905739,32.7941165764471,35.524483193185,41.1541959484387,43.3462517399341,48.0357154893759,1,1,1,1,1,1,1,1,0.770491803278688,0.754098360655738,0.721311475409836,0.704918032786885,0.672131147540984,0.60655737704918,0.590163934426229,0.540983606557377,0,0,0,0,0,0,0,0,2845,4.220772,-3.11340318231123
"846",282,282,3,7.02563940847444,25.0271934371825,27.6093601719648,29.5022120167372,32.4855808026103,35.2159474193483,40.845660174602,43.0377159660973,47.7271797155391,1,1,1,1,1,1,1,1,0.810344827586207,0.793103448275862,0.775862068965517,0.741379310344828,0.706896551724138,0.637931034482759,0.620689655172414,0.568965517241379,0,0,0,0,0,0,0,0,2846,8.813493,1.78785359152556
"847",283,283,1,8.78697547141913,26.7887059123678,29.3708979519555,31.2637683463616,34.2471663687535,36.977559742631,42.607327668135,44.7994049414131,49.4889146468211,1,1,1,1,1,1,1,1,0.766666666666667,0.75,0.716666666666667,0.7,0.666666666666667,0.6,0.583333333333333,0.533333333333333,0,0,0,0,0,0,0,0,2847,5.384621,-3.40235447141913
"848",283,283,2,7.4715536089411,25.4732840498898,28.0554760894774,29.9483464838836,32.9317445062755,35.662137880153,41.2919058056569,43.4839830789351,48.173492784343,1,1,1,1,1,1,1,1,0.783333333333333,0.766666666666667,0.733333333333333,0.7,0.683333333333333,0.616666666666667,0.6,0.55,0,0,0,0,0,0,0,0,2848,5.332391,-2.1391626089411
"849",283,283,3,7.45151655772507,25.4532469986738,28.0354390382614,29.9283094326675,32.9117074550594,35.6421008289369,41.2718687544409,43.463946027719,48.153455733127,1,1,1,1,1,1,1,1,0.770491803278688,0.754098360655738,0.721311475409836,0.688524590163934,0.672131147540984,0.60655737704918,0.590163934426229,0.540983606557377,0,0,0,0,0,0,0,0,2849,4.608603,-2.84291355772507
"850",284,284,1,7.1737868511132,25.1753439085875,27.7575110778201,29.6503632410653,32.633732528891,35.3640996050139,40.9938133074682,43.1858694677775,47.8753340062229,1,1,1,1,1,1,1,1,0.783333333333333,0.766666666666667,0.75,0.716666666666667,0.683333333333333,0.616666666666667,0.6,0.55,0,0,0,0,0,0,0,0,2850,4.943651,-2.2301358511132
"851",284,284,2,7.3023192951043,25.3038763525786,27.8860435218112,29.7788956850563,32.7622649728821,35.492632049005,41.1223457514593,43.3144019117686,48.003866450214,1,1,1,1,1,1,1,1,0.783333333333333,0.766666666666667,0.733333333333333,0.716666666666667,0.683333333333333,0.616666666666667,0.6,0.55,0,0,0,0,0,0,0,0,2851,5.254329,-2.0479902951043
"852",284,284,3,7.42150282293991,25.4230598804142,28.0052270496468,29.898079212892,32.8814485007177,35.6118155768406,41.2415292792949,43.4335854396042,48.1230499780496,1,1,1,1,1,1,1,1,0.92156862745098,0.901960784313726,0.862745098039216,0.823529411764706,0.803921568627451,0.725490196078431,0.705882352941177,0.647058823529412,0,0,0,0,0,0,0,0,2852,18.751754,11.3302511770601
"853",285,285,1,12.6013047372075,30.6076066547365,33.1904544329752,35.0838055152077,38.0679611611089,40.7990479088486,46.4302454942572,48.6228794379037,53.3135800279248,1,1,1,1,1,1,1,1,0.733333333333333,0.7,0.683333333333333,0.65,0.616666666666667,0.566666666666667,0.533333333333333,0.483333333333333,0,0,0,0,0,0,0,0,2853,4.923202,-7.67810273720755
"854",285,285,2,7.29678947183633,25.3030913893653,27.8859391676039,29.7792902498365,32.7634458957377,35.4945326434774,41.125730228886,43.3183641725325,48.0090647625536,1,1,1,1,1,1,1,1,0.783333333333333,0.766666666666667,0.733333333333333,0.716666666666667,0.683333333333333,0.616666666666667,0.6,0.55,0,0,0,0,0,0,0,0,2854,5.244572,-2.05221747183633
"855",285,285,3,7.42006427825368,25.4263661957827,28.0092139740213,29.9025650562538,32.886720702155,35.6178074498948,41.2490050353033,43.4416389789499,48.1323395689709,1,1,1,1,1,1,1,1,0.770491803278688,0.754098360655738,0.721311475409836,0.688524590163934,0.672131147540984,0.60655737704918,0.590163934426229,0.540983606557377,0,0,0,0,0,0,0,0,2855,4.600789,-2.81927527825368
"856",286,286,1,7.16643345659802,25.1699085347584,27.7523508274167,29.6454046693051,32.6290918276345,35.3597498175109,40.9900633518189,43.1823530702058,47.8723172593182,1,1,1,1,1,1,1,1,0.783333333333333,0.766666666666667,0.75,0.716666666666667,0.683333333333333,0.616666666666667,0.6,0.55,0,0,0,0,0,0,0,0,2856,4.875634,-2.29079945659802
"857",286,286,2,7.27191748569843,25.2753925638588,27.8578348565171,29.7508886984055,32.7345758567349,35.4652338466113,41.0955473809193,43.2878370993062,47.9778012884186,1,1,1,1,1,1,1,1,0.783333333333333,0.766666666666667,0.733333333333333,0.716666666666667,0.683333333333333,0.616666666666667,0.6,0.55,0,0,0,0,0,0,0,0,2857,5.274454,-1.99746348569843
"858",286,286,3,7.42498245135481,25.4284575295152,28.0108998221734,29.9039536640619,32.8876408223913,35.6182988122677,41.2486123465757,43.4409020649626,48.130866254075,1,1,1,1,1,1,1,1,0.824561403508772,0.807017543859649,0.771929824561403,0.736842105263158,0.719298245614035,0.649122807017544,0.631578947368421,0.578947368421053,0,0,0,0,0,0,0,0,2858,9.575862,2.15087954864519
"859",287,287,1,9.07826553529143,27.0813880137153,29.6637797290007,31.5567964952533,34.5404252177918,37.271029727477,42.90123299157,45.0934797737585,49.7833521094854,1,1,1,1,1,1,1,1,0.766666666666667,0.75,0.716666666666667,0.683333333333333,0.666666666666667,0.6,0.583333333333333,0.533333333333333,0,0,0,0,0,0,0,0,2859,5.425156,-3.65310953529143
"860",287,287,2,7.48535318667715,25.488475665101,28.0708673803864,29.963884146639,32.9475128691775,35.6781173788627,41.3083206429557,43.5005674251442,48.1904397608711,1,1,1,1,1,1,1,1,0.783333333333333,0.766666666666667,0.733333333333333,0.7,0.683333333333333,0.616666666666667,0.6,0.55,0,0,0,0,0,0,0,0,2860,4.850842,-2.63451118667715
"861",287,287,3,7.26494926922743,25.2680717476513,27.8504634629367,29.7434802291893,32.7271089517278,35.457713461413,41.087916725506,43.2801635076945,47.9700358434213,1,1,1,1,1,1,1,1,0.770491803278688,0.754098360655738,0.721311475409836,0.704918032786885,0.672131147540984,0.60655737704918,0.590163934426229,0.540983606557377,0,0,0,0,0,0,0,0,2861,4.496373,-2.76857626922743
"862",288,288,1,7.12323257133978,25.125863762994,27.7081850074549,29.6011501152192,32.5846974175863,35.3152274118718,40.9452770334854,43.137463991505,47.8272083454202,1,1,1,1,1,1,1,1,0.783333333333333,0.766666666666667,0.75,0.716666666666667,0.683333333333333,0.616666666666667,0.6,0.55,0,0,0,0,0,0,0,0,2862,4.866177,-2.25705557133978
"863",288,288,2,7.26527729736124,25.2679084890154,27.8502297334764,29.7431948412407,32.7267421436078,35.4572721378933,41.0873217595068,43.2795087175265,47.9692530714417,1,1,1,1,1,1,1,1,0.770491803278688,0.754098360655738,0.721311475409836,0.704918032786885,0.672131147540984,0.60655737704918,0.590163934426229,0.540983606557377,0,0,0,0,0,0,0,0,2863,4.592151,-2.67312629736124
"864",288,288,3,7.16002168062168,25.1626528722759,27.7449741167368,29.6379392245011,32.6214865268682,35.3520165211537,40.9820661427673,43.1742531007869,47.8639974547021,1,1,1,1,1,1,1,1,0.94,0.92,0.9,0.86,0.82,0.74,0.72,0.66,0,0,0,0,0,0,0,0,2864,20.318687,13.1586653193783
"865",289,289,1,13.2041491590339,31.1929518667098,33.773289535127,35.6648005866823,38.6460561164951,41.3744886901382,47.0002136633068,49.1907167217951,53.8768587103688,1,1,1,1,1,1,1,1,0.733333333333333,0.7,0.683333333333333,0.65,0.616666666666667,0.55,0.533333333333333,0.483333333333333,0,0,0,0,0,0,0,0,2865,5.209134,-7.99501515903393
"866",289,289,2,7.38924395458557,25.3780466622614,27.9583843306787,29.8498953822339,32.8311509120468,35.5595834856899,41.1853084588584,43.3758115173467,48.0619535059204,1,1,1,1,1,1,1,1,0.783333333333333,0.766666666666667,0.733333333333333,0.7,0.683333333333333,0.616666666666667,0.6,0.55,0,0,0,0,0,0,0,0,2866,6.161652,-1.22759195458557
"867",289,289,3,7.75582011177107,25.744622819447,28.3249604878642,30.2164715394194,33.1977270692323,35.9261596428754,41.5518846160439,43.7423876745322,48.4285296631059,1,1,1,1,1,1,1,1,0.783333333333333,0.75,0.733333333333333,0.7,0.683333333333333,0.616666666666667,0.6,0.55,0,0,0,0,0,0,0,0,2867,5.787443,-1.96837711177108
"868",290,290,1,7.60098043653712,25.5683971352136,28.1456671661957,30.0349294926396,33.0126407533521,35.73782962676,41.3568664502579,43.54476532664,48.225336189866,1,1,1,1,1,1,1,1,0.783333333333333,0.75,0.733333333333333,0.7,0.683333333333333,0.616666666666667,0.6,0.55,0,0,0,0,0,0,0,0,2868,5.239311,-2.36166943653712
"869",290,290,2,7.3896443625119,25.3570610611884,27.9343310921705,29.8235934186144,32.8013046793269,35.5264935527348,41.1455303762326,43.3334292526148,48.0140001158408,1,1,1,1,1,1,1,1,0.783333333333333,0.766666666666667,0.733333333333333,0.716666666666667,0.683333333333333,0.616666666666667,0.6,0.55,0,0,0,0,0,0,0,0,2869,5.590712,-1.7989323625119
"870",290,290,3,7.52512944228928,25.4925461409657,28.0698161719479,29.9590784983918,32.9367897591042,35.6619786325121,41.28101545601,43.4689143323922,48.1494851956182,1,1,1,1,1,1,1,1,0.824561403508772,0.807017543859649,0.771929824561403,0.736842105263158,0.719298245614035,0.649122807017544,0.631578947368421,0.578947368421053,0,0,0,0,0,0,0,0,2870,10.211126,2.68599655771072
"871",291,291,1,9.30680946910698,27.2744167397983,29.8517141066824,31.7409964716513,34.7187393155593,37.4439570937754,43.063053515778,45.2509755981839,49.9315961060435,1,1,1,1,1,1,1,1,0.766666666666667,0.733333333333333,0.716666666666667,0.683333333333333,0.666666666666667,0.6,0.583333333333333,0.533333333333333,0,0,0,0,0,0,0,0,2871,5.114844,-4.19196546910698
"872",291,291,2,7.34329956136965,25.3109068320609,27.8882041989451,29.777486563914,32.755229407822,35.4804471860381,41.0995436080407,43.2874656904465,47.9680861983062,1,1,1,1,1,1,1,1,0.783333333333333,0.766666666666667,0.733333333333333,0.716666666666667,0.683333333333333,0.616666666666667,0.6,0.55,0,0,0,0,0,0,0,0,2872,5.354639,-1.98866056136965
"873",291,291,3,7.43568845553325,25.4032957262245,27.9805930931087,29.8698754580776,32.8476183019855,35.5728360802017,41.1919325022043,43.3798545846101,48.0604750924698,1,1,1,1,1,1,1,1,0.770491803278688,0.754098360655738,0.721311475409836,0.688524590163934,0.672131147540984,0.60655737704918,0.590163934426229,0.540983606557377,0,0,0,0,0,0,0,0,2873,4.55274,-2.88294845553325
"874",292,292,1,7.12640191213419,25.094215613424,27.6715425909864,29.5608466620002,32.5386237173214,35.2638728056796,40.8830337857183,43.0709810052533,47.7516552889596,1,1,1,1,1,1,1,1,0.783333333333333,0.766666666666667,0.75,0.716666666666667,0.683333333333333,0.616666666666667,0.6,0.55,0,0,0,0,0,0,0,0,2874,5.003547,-2.12285491213419
"875",292,292,2,7.30014231193268,25.2679560132225,27.8452829907849,29.7345870617987,32.7123641171199,35.4376132054781,41.0567741855168,43.2447214050518,47.9253956887581,1,1,1,1,1,1,1,1,0.783333333333333,0.766666666666667,0.733333333333333,0.716666666666667,0.683333333333333,0.616666666666667,0.6,0.55,0,0,0,0,0,0,0,0,2875,5.079897,-2.22024531193268
"876",292,292,3,7.32956749726612,25.2973811985559,27.8747081761184,29.7640122471321,32.7417893024533,35.4670383908116,41.0861993708502,43.2741465903852,47.9548208740915,1,1,1,1,1,1,1,1,0.854545454545454,0.836363636363636,0.8,0.781818181818182,0.745454545454545,0.672727272727273,0.654545454545455,0.6,0,0,0,0,0,0,0,0,2876,13.781115,6.45154750273388
"877",293,293,1,10.6831286118658,28.6524452358872,31.2299877946754,33.1194498970491,36.0974760293532,38.8229530719229,44.4425840682312,46.6307142992147,51.3117800992121,1,1,1,1,1,1,1,1,0.75,0.733333333333333,0.7,0.666666666666667,0.65,0.583333333333333,0.566666666666667,0.516666666666667,0,0,0,0,0,0,0,0,2877,5.436733,-5.24639561186581
"878",293,293,2,7.46789173291698,25.4372083569384,28.0147509157265,29.9042130181003,32.8822391504044,35.6077161929741,41.2273471892823,43.4154774202659,48.0965432202633,1,1,1,1,1,1,1,1,0.783333333333333,0.766666666666667,0.733333333333333,0.7,0.683333333333333,0.616666666666667,0.6,0.55,0,0,0,0,0,0,0,0,2878,5.006125,-2.46176673291698
"879",293,293,3,7.30197091074341,25.2712875347648,27.8488300935529,29.7382921959267,32.7163183282308,35.4417953708005,41.0614263671088,43.2495565980923,47.9306223980897,1,1,1,1,1,1,1,1,0.770491803278688,0.754098360655738,0.721311475409836,0.704918032786885,0.672131147540984,0.60655737704918,0.590163934426229,0.540983606557377,0,0,0,0,0,0,0,0,2879,4.473166,-2.82880491074341
"880",294,294,1,7.08132555565847,25.0287822497687,27.603189191279,29.4903527360619,32.4647560571102,35.186917517993,40.7997121530597,42.985180492415,47.6605517091159,1,1,1,1,1,1,1,1,0.783333333333333,0.766666666666667,0.75,0.716666666666667,0.683333333333333,0.616666666666667,0.6,0.55,0,0,0,0,0,0,0,0,2880,5.207948,-1.87337755565847
"881",294,294,2,7.36456182589171,25.312018520002,27.8864254615122,29.7735890062952,32.7479923273434,35.4701537882262,41.0829484232929,43.2684167626483,47.9437879793491,1,1,1,1,1,1,1,1,0.783333333333333,0.766666666666667,0.733333333333333,0.716666666666667,0.683333333333333,0.616666666666667,0.6,0.55,0,0,0,0,0,0,0,0,2881,5.300286,-2.06427582589171
"882",294,294,3,7.40015533624008,25.3476120303503,27.9220189718606,29.8091825166435,32.7835858376918,35.5057472985746,41.1185419336413,43.3040102729966,47.9793814896975,1,1,1,1,1,1,1,1,0.824561403508772,0.807017543859649,0.771929824561403,0.754385964912281,0.719298245614035,0.649122807017544,0.631578947368421,0.578947368421053,0,0,0,0,0,0,0,0,2882,9.442956,2.04280066375992
"883",295,295,1,8.99477681054677,26.9421982630261,29.5166001494302,31.4037599885783,34.3781574690874,37.1003135847332,42.7130971985148,44.8985612464839,49.5739232826246,1,1,1,1,1,1,1,1,0.766666666666667,0.75,0.716666666666667,0.683333333333333,0.666666666666667,0.6,0.583333333333333,0.533333333333333,0,0,0,0,0,0,0,0,2883,5.1285,-3.86627681054677
"884",295,295,2,7.33261453837398,25.2800359908533,27.8544378772574,29.7415977164055,32.7159951969146,35.4381513125604,41.050934926342,43.2363989743111,47.9117610104518,1,1,1,1,1,1,1,1,0.783333333333333,0.766666666666667,0.733333333333333,0.716666666666667,0.683333333333333,0.616666666666667,0.6,0.55,0,0,0,0,0,0,0,0,2884,5.395823,-1.93679153837398
"885",295,295,3,7.43560184548386,25.3830232979632,27.9574251843673,29.8445850235154,32.8189825040245,35.5411386196703,41.1539222334519,43.339386281421,48.0147483175617,1,1,1,1,1,1,1,1,0.770491803278688,0.754098360655738,0.721311475409836,0.688524590163934,0.672131147540984,0.60655737704918,0.590163934426229,0.540983606557377,0,0,0,0,0,0,0,0,2885,4.477878,-2.95772384548386
"886",296,296,1,7.08315735613407,25.0308082303776,27.6052430253432,29.4924269880424,32.4668624902539,35.1890534032025,40.8019087651582,42.9874007498991,47.6628225511603,1,1,1,1,1,1,1,1,0.783333333333333,0.766666666666667,0.75,0.716666666666667,0.683333333333333,0.616666666666667,0.6,0.55,0,0,0,0,0,0,0,0,2886,5.232606,-1.85055135613407
"887",296,296,2,7.37407970811079,25.3217305823543,27.8961653773199,29.7833493400191,32.7577848422306,35.4799757551792,41.0928311171349,43.2783231018758,47.953744903137,0,1,1,1,1,1,1,1,0,1,0.956521739130435,0.934782608695652,0.891304347826087,0.804347826086957,0.782608695652174,0.717391304347826,0,0,0,0,0,0,0,0,2887,27.720768,20.3466882918892
"888",296,296,3,16.0425125483837,33.9901634226272,36.5645982175928,38.451782180292,41.4262176825035,44.1484085954521,49.7612639574078,51.9467559421487,56.6221777434099,0,0,0,0,0,0,1,1,0,0,0,0,0,0,0.967741935483871,0.870967741935484,1,0,0,0,0,0,0,0,2888,51.134726,35.0922134516163
"889",297,297,1,25.1831898992182,43.1926516672501,45.7759526986269,47.6696360371105,50.6543153599866,53.3858813747004,59.0180671553866,61.2110858751799,65.9026096166002,1,1,1,1,1,1,1,1,0.631578947368421,0.596491228070175,0.578947368421053,0.543859649122807,0.508771929824561,0.456140350877193,0.421052631578947,0.368421052631579,1,1,1,1,1,1,0,0,2889,10.44478,-14.7384098992182
"890",297,297,2,9.4131393440156,27.4226011120475,30.0059021434243,31.8995854819079,34.884264804784,37.6158308194978,43.248016600184,45.4410353199773,50.1325590613976,1,1,1,1,1,1,1,1,0.754098360655738,0.721311475409836,0.704918032786885,0.672131147540984,0.639344262295082,0.590163934426229,0.557377049180328,0.508196721311475,1,1,1,1,1,1,0,0,2890,4.472548,-4.9405913440156
"891",297,297,3,7.09850367044163,25.1079654384736,27.6912664698504,29.5849498083339,32.56962913121,35.3011951459238,40.93338092661,43.1263996464033,47.8179233878237,1,1,1,1,1,1,1,1,0.770491803278688,0.754098360655738,0.737704918032787,0.704918032786885,0.672131147540984,0.60655737704918,0.590163934426229,0.540983606557377,0,0,0,0,0,0,0,0,2891,4.146705,-2.95179867044163
"892",298,298,1,6.97074928675747,24.9802859433771,27.5635977168721,29.4572889298425,32.4419806638846,35.1735580372455,40.8057672382007,42.9987950772046,47.6903383273472,1,1,1,1,1,1,1,1,0.8,0.766666666666667,0.75,0.716666666666667,0.683333333333333,0.616666666666667,0.6,0.55,0,0,0,0,0,0,0,0,2892,4.761763,-2.20898628675747
"893",298,298,2,7.20803963630683,25.2175762929265,27.8008880664214,29.6945792793919,32.679271013434,35.4108483867949,41.0430575877501,43.236085426754,47.9276286768966,1,1,1,1,1,1,1,1,0.770491803278688,0.754098360655738,0.721311475409836,0.704918032786885,0.672131147540984,0.60655737704918,0.590163934426229,0.540983606557377,0,0,0,0,0,0,0,0,2893,4.229801,-2.97823863630683
"894",298,298,3,7.00280785503258,25.0123445116523,27.5956562851472,29.4893474981176,32.4740392321598,35.2056166055207,40.8378258064758,43.0308536454798,47.7223968956223,1,1,1,1,1,1,1,1,0.783333333333333,0.766666666666667,0.75,0.716666666666667,0.683333333333333,0.616666666666667,0.6,0.55,0,0,0,0,0,0,0,0,2894,5.241344,-1.76146385503258
"895",299,299,1,7.3909878762594,25.4007733467381,27.9841208104222,29.8778381860102,32.8625711555756,35.5941862675147,41.2264732812272,43.4195314183854,48.1111394853527,1,1,1,1,1,1,1,1,0.783333333333333,0.766666666666667,0.733333333333333,0.7,0.683333333333333,0.616666666666667,0.6,0.55,0,0,0,0,0,0,0,0,2895,5.130657,-2.2603308762594
"896",299,299,2,7.34830914511331,25.358094615592,27.9414420792762,29.8351594548641,32.8198924244295,35.5515075363686,41.1837945500811,43.3768526872393,48.0684607542066,1,1,1,1,1,1,1,1,0.886792452830189,0.867924528301887,0.830188679245283,0.792452830188679,0.773584905660377,0.69811320754717,0.679245283018868,0.622641509433962,0,0,0,0,0,0,0,0,2896,15.875545,8.52723585488669
"897",299,299,3,11.4913267185118,29.5011121889905,32.0844596526747,33.9781770282626,36.962909997828,39.6945251097671,45.3268121234796,47.5198702606378,52.2114783276051,1,1,1,1,1,1,1,1,0.737704918032787,0.704918032786885,0.688524590163934,0.655737704918033,0.622950819672131,0.557377049180328,0.540983606557377,0.491803278688525,0,0,0,0,0,0,0,0,2897,4.355966,-7.13536071851182
"898",300,300,1,7.05029208700306,25.0646453510511,27.6486480250903,29.5428457012385,32.5283356839336,35.2606436111182,40.8943591329295,43.0879734919746,47.7807714841186,1,1,1,1,1,1,1,1,0.783333333333333,0.766666666666667,0.75,0.716666666666667,0.683333333333333,0.616666666666667,0.6,0.55,0,0,0,0,0,0,0,0,2898,5.791159,-1.25913308700306
"899",300,300,2,7.60309139135302,25.6174446554011,28.2014473294403,30.0956450055884,33.0811349882836,35.8134429154682,41.4471584372795,43.6407727963245,48.3335707884685,1,1,1,1,1,1,1,1,0.783333333333333,0.75,0.733333333333333,0.7,0.683333333333333,0.616666666666667,0.6,0.55,0,0,0,0,0,0,0,0,2899,5.332663,-2.27042839135302
"900",300,300,3,7.42649056495041,25.4408438289985,28.0248465030377,29.9190441791858,32.9045341618809,35.6368420890656,41.2705576108769,43.4641719699219,48.1569699620659,1,1,1,1,1,1,1,1,0.903846153846154,0.884615384615385,0.846153846153846,0.807692307692308,0.788461538461538,0.711538461538462,0.692307692307692,0.634615384615385,0,0,0,0,0,0,0,0,2900,18.697284,11.2707934350496
"901",301,301,1,12.5823618482178,30.6014098498624,33.1860859432759,35.0807772680671,38.0670453021227,40.8000652986536,46.4352490283811,48.6294350673334,53.3234560539887,1,1,1,1,1,1,1,1,0.758620689655172,0.724137931034483,0.706896551724138,0.672413793103448,0.637931034482759,0.586206896551724,0.551724137931034,0.5,0,0,0,0,0,0,0,0,2901,9.069855,-3.51250684821781
"902",301,301,2,8.87262762752654,26.8916756291711,29.4763517225846,31.3710430473758,34.3573110814315,37.0903310779623,42.7255148076898,44.9197008466422,49.6137218332974,1,1,1,1,1,1,1,1,0.754098360655738,0.737704918032787,0.704918032786885,0.688524590163934,0.655737704918033,0.590163934426229,0.573770491803279,0.524590163934426,0,0,0,0,0,0,0,0,2902,4.443094,-4.42953362752653
"903",301,301,3,7.08979925115941,25.108847252804,27.6935233462175,29.5882146710087,32.5744827050643,35.3075027015952,40.9426864313227,43.136872470275,47.8308934569303,1,1,1,1,1,1,1,1,0.770491803278688,0.754098360655738,0.737704918032787,0.704918032786885,0.672131147540984,0.60655737704918,0.590163934426229,0.540983606557377,0,0,0,0,0,0,0,0,2903,4.329722,-2.76007725115941
"904",302,302,1,7.03258620386898,25.0304164481634,27.6120490383811,29.5045093296139,32.4872609786461,35.2170627943322,40.8456109925383,43.0372133374491,47.7257070288621,1,1,1,1,1,1,1,1,0.783333333333333,0.766666666666667,0.75,0.716666666666667,0.683333333333333,0.616666666666667,0.6,0.55,0,0,0,0,0,0,0,0,2904,6.074208,-0.958378203868977
"905",302,302,2,7.70619317126255,25.704023415557,28.2856560057746,30.1781162970074,33.1608679460397,35.8906697617257,41.5192179599319,43.7108203048427,48.3993139962556,1,1,1,1,1,1,1,1,0.770491803278688,0.737704918032787,0.721311475409836,0.688524590163934,0.672131147540984,0.60655737704918,0.590163934426229,0.540983606557377,0,0,0,0,0,0,0,0,2905,4.311235,-3.39495817126255
"906",302,302,3,7.02544772754632,25.0232779718407,27.6049105620584,29.4973708532912,32.4801225023234,35.2099243180095,40.8384725162157,43.0300748611265,47.7185685525394,1,1,1,1,1,1,1,1,0.783333333333333,0.766666666666667,0.75,0.716666666666667,0.683333333333333,0.616666666666667,0.6,0.55,0,0,0,0,0,0,0,0,2906,5.481946,-1.54350172754632
"907",303,303,1,7.47396373923714,25.4718472632908,28.0534874960277,29.945953389593,32.9287138685946,35.6585237654316,41.2870886260737,43.4786974588802,48.1672050298448,1,1,1,1,1,1,1,1,0.824561403508772,0.807017543859649,0.771929824561403,0.736842105263158,0.719298245614035,0.649122807017544,0.631578947368421,0.578947368421053,0,0,0,0,0,0,0,0,2907,10.332874,2.85891026076286
"908",303,303,2,9.34785193522386,27.3457354592776,29.9273756920144,31.8198415855797,34.8026020645813,37.5324119614183,43.1609768220604,45.3525856548669,50.0410932258315,1,1,1,1,1,1,1,1,0.766666666666667,0.733333333333333,0.716666666666667,0.683333333333333,0.65,0.6,0.566666666666667,0.516666666666667,0,0,0,0,0,0,0,0,2908,4.92778,-4.42007193522386
"909",303,303,3,7.25989230259302,25.2577758266467,27.8394160593836,29.7318819529488,32.7146424319504,35.4444523287875,41.0730171894296,43.2646260222361,47.9531335932007,1,1,1,1,1,1,1,1,0.770491803278688,0.754098360655738,0.721311475409836,0.704918032786885,0.672131147540984,0.60655737704918,0.590163934426229,0.540983606557377,0,0,0,0,0,0,0,0,2909,4.331436,-2.92845630259302
"910",304,304,1,7.03300502437095,25.0313551554255,27.6130623188882,29.5055772758799,32.4884150849142,35.2182957538733,40.8470065387717,43.0386721904827,47.7273013140984,1,1,1,1,1,1,1,1,0.783333333333333,0.766666666666667,0.75,0.716666666666667,0.683333333333333,0.616666666666667,0.6,0.55,0,0,0,0,0,0,0,0,2910,5.633377,-1.39962802437095
"911",304,304,2,7.53557377253088,25.5339239035855,28.1156310670481,30.0081460240398,32.9909838330741,35.7208645020332,41.3495752869316,43.5412409386426,48.2298700622583,1,1,1,1,1,1,1,1,0.770491803278688,0.754098360655738,0.721311475409836,0.688524590163934,0.672131147540984,0.60655737704918,0.590163934426229,0.540983606557377,0,0,0,0,0,0,0,0,2911,4.524779,-3.01079477253088
"912",304,304,3,7.10763832148309,25.1059884525377,27.6876956160003,29.580210572992,32.5630483820264,35.2929290509854,40.9216398358838,43.1133054875948,47.8019346112105,1,1,1,1,1,1,1,1,0.903846153846154,0.884615384615385,0.865384615384615,0.826923076923077,0.788461538461538,0.711538461538462,0.692307692307692,0.634615384615385,0,0,0,0,0,0,0,0,2912,18.636453,11.5288146785169
"913",305,305,1,12.5619695522103,30.5654168379674,33.1478551440465,35.0409060635816,38.0245886159204,40.7552423904135,46.3855472330693,48.5778335671651,53.2677905162655,1,1,1,1,1,1,1,1,0.733333333333333,0.7,0.683333333333333,0.65,0.616666666666667,0.566666666666667,0.533333333333333,0.483333333333333,0,0,0,0,0,0,0,0,2913,5.59858,-6.96338955221026
"914",305,305,2,7.52956467491199,25.5330119606691,28.1154502667482,30.0085011862834,32.9921837386222,35.7228375131152,41.353142355771,43.5454286898668,48.2353856389672,1,1,1,1,1,1,1,1,0.770491803278688,0.754098360655738,0.721311475409836,0.688524590163934,0.672131147540984,0.60655737704918,0.590163934426229,0.540983606557377,0,0,0,0,0,0,0,0,2914,4.058169,-3.47139567491199
"915",305,305,3,6.934991324685,24.9384386104421,27.5208769165213,29.4139278360564,32.3976103883952,35.1282641628883,40.758569005544,42.9508553396398,47.6408122887402,1,1,1,1,1,1,1,1,0.8,0.766666666666667,0.75,0.716666666666667,0.683333333333333,0.616666666666667,0.6,0.55,0,0,0,0,0,0,0,0,2915,5.213465,-1.721526324685
"916",306,306,1,7.3678125158121,25.3544303065462,27.9344545675855,29.8257358765276,32.8066293035468,35.5347304822298,41.1597721557923,43.3500091561487,48.0355819667071,1,1,1,1,1,1,1,1,0.783333333333333,0.766666666666667,0.733333333333333,0.716666666666667,0.683333333333333,0.616666666666667,0.6,0.55,0,0,0,0,0,0,0,0,2916,5.959641,-1.4081715158121
"917",306,306,2,7.65621886524203,25.6428366559761,28.2228609170155,30.1141422259575,33.0950356529767,35.8231368316598,41.4481785052222,43.6384155055786,48.323988316137,1,1,1,1,1,1,1,1,0.783333333333333,0.75,0.733333333333333,0.7,0.683333333333333,0.616666666666667,0.6,0.55,0,0,0,0,0,0,0,0,2917,5.495116,-2.16110286524203
"918",306,306,3,7.47667414728147,25.4632919380155,28.0433161990549,29.9345975079969,32.9154909350161,35.6435921136992,41.2686337872616,43.458870787618,48.1444435981765,1,1,1,1,1,1,1,1,0.783333333333333,0.766666666666667,0.733333333333333,0.7,0.683333333333333,0.616666666666667,0.6,0.55,0,0,0,0,0,0,0,0,2918,5.422667,-2.05400714728147
"919",307,307,1,7.43781578877764,25.401915333457,27.9787095474795,29.8676230773111,32.8447845913918,35.569470338985,41.1874697729254,43.3749647182569,48.0546714520085,1,1,1,1,1,1,1,1,0.824561403508772,0.807017543859649,0.771929824561403,0.736842105263158,0.719298245614035,0.649122807017544,0.631578947368421,0.578947368421053,0,0,0,0,0,0,0,0,2919,9.839696,2.40188021122236
"920",307,307,2,9.1437056710573,27.1078052157366,29.6845994297592,31.5735129595907,34.5506744736714,37.2753602212647,42.893359655205,45.0808546005366,49.7605613342882,1,1,1,1,1,1,1,1,0.766666666666667,0.75,0.716666666666667,0.683333333333333,0.666666666666667,0.6,0.583333333333333,0.533333333333333,0,0,0,0,0,0,0,0,2920,5.234762,-3.9089436710573
"921",307,307,3,7.3652454619064,25.3293450065857,27.9061392206083,29.7950527504398,32.7722142645205,35.4969000121138,41.1148994460541,43.3023943913857,47.9821011251373,1,1,1,1,1,1,1,1,0.783333333333333,0.766666666666667,0.733333333333333,0.716666666666667,0.683333333333333,0.616666666666667,0.6,0.55,0,0,0,0,0,0,0,0,2921,5.413269,-1.9519764619064
"922",308,308,1,7.43530387749682,25.3994709724652,27.9762748759907,29.8651955086917,32.8423682177739,35.5670642109856,41.1850847702534,43.3725879412083,48.0523122720314,1,1,1,1,1,1,1,1,0.796610169491525,0.779661016949153,0.745762711864407,0.711864406779661,0.694915254237288,0.627118644067797,0.610169491525424,0.559322033898305,0,0,0,0,0,0,0,0,2922,6.394459,-1.04084487749682
"923",308,308,2,7.81433454379253,25.7785016387609,28.3553055422864,30.2442261749874,33.2213988840696,35.9460948772813,41.5641154365491,43.751618607504,48.4313429383271,1,1,1,1,1,1,1,1,0.783333333333333,0.75,0.733333333333333,0.7,0.666666666666667,0.616666666666667,0.583333333333333,0.55,0,0,0,0,0,0,0,0,2923,5.435615,-2.37871954379253
"924",308,308,3,7.44393606827439,25.4081031632428,27.9849070667682,29.8738276994693,32.8510004085515,35.5756964017632,41.193716961031,43.3812201319859,48.0609444628089,1,1,1,1,1,1,1,1,0.87037037037037,0.851851851851852,0.814814814814815,0.777777777777778,0.759259259259259,0.685185185185185,0.666666666666667,0.611111111111111,0,0,0,0,0,0,0,0,2924,14.841495,7.39755893172561
"925",309,309,1,11.0790573205245,29.0448629182326,31.6219018507596,33.5109947709714,36.4884390264946,39.2133835378717,44.8319165139985,47.0196192060289,51.699770372179,1,1,1,1,1,1,1,1,0.775862068965517,0.741379310344828,0.724137931034483,0.689655172413793,0.655172413793103,0.603448275862069,0.568965517241379,0.517241379310345,0,0,0,0,0,0,0,0,2925,9.14147,-1.9375873205245
"926",309,309,2,8.87823312135728,26.8440387190654,29.4210776515923,31.3101705718042,34.2876148273274,37.0125593387045,42.6310923148313,44.8187950068617,49.4989461730118,1,1,1,1,1,1,1,1,0.766666666666667,0.75,0.716666666666667,0.7,0.666666666666667,0.6,0.583333333333333,0.533333333333333,0,0,0,0,0,0,0,0,2926,5.278123,-3.60011012135729
"927",309,309,3,7.38656465194179,25.3523702496499,27.9294091821769,29.8185021023887,32.7959463579119,35.520890869289,41.1394238454158,43.3271265374462,48.0072777035963,1,1,1,1,1,1,1,1,0.783333333333333,0.766666666666667,0.733333333333333,0.716666666666667,0.683333333333333,0.616666666666667,0.6,0.55,0,0,0,0,0,0,0,0,2927,5.454745,-1.93181965194179
"928",310,310,1,7.44809003670621,25.4093859052415,27.9857779562473,29.874396681333,32.8510935466461,35.5753540496335,41.1924766764201,43.3796302170864,48.0586065840251,1,1,1,1,1,1,1,1,0.796610169491525,0.779661016949153,0.745762711864407,0.711864406779661,0.694915254237288,0.627118644067797,0.610169491525424,0.559322033898305,0,0,0,0,0,0,0,0,2928,7.103018,-0.345072036706207
"929",310,310,2,8.08480579594935,26.0461016644846,28.6224937154905,30.5111124405761,33.4878093058893,36.2120698088766,41.8291924356633,44.0163459763295,48.6953223432682,1,1,1,1,1,1,1,1,0.783333333333333,0.75,0.733333333333333,0.7,0.666666666666667,0.616666666666667,0.583333333333333,0.533333333333333,0,0,0,0,0,0,0,0,2929,5.359003,-2.72580279594935
"930",310,310,3,7.411105604988,25.3724014735233,27.9487935245291,29.8374122496148,32.8141091149279,35.5383696179153,41.1554922447019,43.3426457853682,48.0216221523069,1,1,1,1,1,1,1,1,0.796610169491525,0.779661016949153,0.745762711864407,0.711864406779661,0.694915254237288,0.627118644067797,0.610169491525424,0.559322033898305,0,0,0,0,0,0,0,0,2930,6.925337,-0.485768604988004
"931",311,311,1,8.01893625643525,25.9796507801222,28.5559594422536,30.4445170393018,33.4211175592621,36.1452898873861,41.7622307073964,43.9493134574887,48.6281383821915,1,1,1,1,1,1,1,1,0.783333333333333,0.75,0.733333333333333,0.7,0.666666666666667,0.616666666666667,0.583333333333333,0.533333333333333,0,0,0,0,0,0,0,0,2931,5.273714,-2.74522225643525
"932",311,311,2,7.38141908597806,25.342133609665,27.9184422717964,29.8069998688446,32.7836003888049,35.5077727169289,41.1247135369392,43.3117962870315,47.9906212117343,1,1,1,1,1,1,1,1,0.770491803278688,0.754098360655738,0.721311475409836,0.704918032786885,0.672131147540984,0.60655737704918,0.590163934426229,0.540983606557377,0,0,0,0,0,0,0,0,2932,4.534406,-2.84701308597806
"933",311,311,3,7.09605036426834,25.0567648879553,27.6330735500867,29.5216311471349,32.4982316670952,35.2224039952192,40.8393448152295,43.0264275653218,47.7052524900246,0,0,0,0,0,0,0,0,0,0,0,0,0,0,0,0,0,0,0,0,0,0,0,0,2933,57.757487,50.6614366357317
"934",312,312,1,27.6385376774289,45.6958533767842,48.2860186394043,50.1847337880328,53.177343866485,55.9161680754833,61.5633194467586,63.7621653572009,68.4661552043725,1,1,1,1,1,1,1,1,0.566666666666667,0.55,0.516666666666667,0.483333333333333,0.466666666666667,0.4,0.383333333333333,0.333333333333333,1,1,1,1,1,1,1,1,2934,4.925654,-22.7128836774289
"935",312,312,2,7.26924313932481,25.3265588386801,27.9167241013002,29.8154392499286,32.8080493283808,35.5468735373792,41.1940249086544,43.3928708190968,48.0968606662684,1,1,1,1,1,1,1,1,0.770491803278688,0.754098360655738,0.721311475409836,0.704918032786885,0.672131147540984,0.60655737704918,0.590163934426229,0.540983606557377,1,1,1,1,1,1,1,1,2935,4.616248,-2.65299513932481
"936",312,312,3,7.14995176539393,25.2072674647492,27.7974327273693,29.6961478759978,32.68875795445,35.4275821634484,41.0747335347236,43.2735794451659,47.9775692923375,1,1,1,1,1,1,1,1,0.92156862745098,0.901960784313726,0.862745098039216,0.843137254901961,0.803921568627451,0.725490196078431,0.705882352941177,0.647058823529412,0,0,0,0,0,0,0,0,2936,19.00923,11.8592782346061
"937",313,313,1,12.654083835682,30.7356552706768,33.3292998081193,35.2305654317722,38.2271953745355,40.9696985465139,46.6244355309034,48.8262350711102,53.5365436168128,1,1,1,1,1,1,1,1,0.758620689655172,0.724137931034483,0.706896551724138,0.672413793103448,0.637931034482759,0.586206896551724,0.551724137931034,0.5,0,0,0,0,0,0,0,0,2937,9.188948,-3.46513583568202
"938",313,313,2,8.90969345847747,26.9912648934723,29.5849094309147,31.4861750545676,34.482804997331,37.2253081693094,42.8800451536989,45.0818446939056,49.7921532396083,1,1,1,1,1,1,1,1,0.754098360655738,0.737704918032787,0.704918032786885,0.672131147540984,0.655737704918033,0.590163934426229,0.573770491803279,0.524590163934426,0,0,0,0,0,0,0,0,2938,4.08567,-4.82402345847747
"939",313,313,3,6.96385676708717,25.045428202082,27.6390727395244,29.5403383631773,32.5369683059407,35.2794714779191,40.9342084623086,43.1360080025153,47.846316548218,1,1,1,1,1,1,1,1,0.783333333333333,0.766666666666667,0.75,0.716666666666667,0.683333333333333,0.616666666666667,0.6,0.55,0,0,0,0,0,0,0,0,2939,5.31856,-1.64529676708718
"940",314,314,1,7.42412088186968,25.4885112223067,28.0796912808068,29.9791503234013,32.972932870816,35.7128301184978,41.3621939763768,43.5619013684407,48.2677341827717,1,1,1,1,1,1,1,1,0.783333333333333,0.766666666666667,0.733333333333333,0.7,0.683333333333333,0.616666666666667,0.6,0.55,0,0,0,0,0,0,0,0,2940,5.058069,-2.36605188186968
"941",314,314,2,7.32466488346201,25.389055223899,27.9802352823991,29.8796943249936,32.8734768724083,35.6133741200901,41.2627379779692,43.4624453700331,48.1682781843641,1,1,1,1,1,1,1,1,0.770491803278688,0.754098360655738,0.721311475409836,0.688524590163934,0.672131147540984,0.60655737704918,0.590163934426229,0.540983606557377,0,0,0,0,0,0,0,0,2941,4.402538,-2.92212688346201
"942",314,314,3,7.07438180231073,25.1387721427477,27.7299522012478,29.6294112438424,32.623193791257,35.3630910389388,41.0124548968179,43.2121622888818,47.9179951032128,1,1,1,1,1,1,1,1,0.796610169491525,0.779661016949153,0.76271186440678,0.728813559322034,0.694915254237288,0.627118644067797,0.610169491525424,0.559322033898305,0,0,0,0,0,0,0,0,2942,7.228608,0.154226197689272
"943",315,315,1,8.15024202691181,26.2137811987347,28.8048391644823,30.7042087072437,33.697850191844,36.4376183394289,42.0867160072448,44.2863197521965,48.9919308343174,1,1,1,1,1,1,1,1,0.824561403508772,0.789473684210526,0.771929824561403,0.736842105263158,0.701754385964912,0.649122807017544,0.614035087719298,0.56140350877193,0,0,0,0,0,0,0,0,2943,9.404123,1.25388097308819
"944",315,315,2,8.98071850541591,27.0442576772388,29.6353156429864,31.5346851857478,34.5283266703481,37.268094817933,42.9171924857489,45.1167962307006,49.8224073128215,1,1,1,1,1,1,1,1,0.766666666666667,0.75,0.716666666666667,0.683333333333333,0.666666666666667,0.6,0.583333333333333,0.533333333333333,0,0,0,0,0,0,0,0,2944,4.715323,-4.26539550541591
"945",315,315,3,7.19082594553468,25.2543651173576,27.8454230831051,29.7447926258666,32.7384341104668,35.4782022580518,41.1272999258676,43.3269036708194,48.0325147529402,1,1,1,1,1,1,1,1,0.783333333333333,0.766666666666667,0.733333333333333,0.716666666666667,0.683333333333333,0.616666666666667,0.6,0.55,0,0,0,0,0,0,0,0,2945,5.320543,-1.87028294553468
"946",316,316,1,7.42232887157933,25.4855647993391,28.0765792673569,29.9759169241999,32.9695081526461,35.7092303060094,41.3582331388478,43.5577999576595,48.2633320437093,1,1,1,1,1,1,1,1,0.783333333333333,0.766666666666667,0.733333333333333,0.7,0.683333333333333,0.616666666666667,0.6,0.55,0,0,0,0,0,0,0,0,2946,4.953212,-2.46911687157933
"947",316,316,2,7.28206091281152,25.3452968405713,27.9363113085891,29.8356489654321,32.8292401938783,35.5689623472416,41.21796518008,43.4175319988917,48.1230640849415,1,1,1,1,1,1,1,1,0.810344827586207,0.793103448275862,0.758620689655172,0.724137931034483,0.706896551724138,0.637931034482759,0.620689655172414,0.568965517241379,0,0,0,0,0,0,0,0,2947,8.144829,0.862768087188482
"948",316,316,3,8.50080259744648,26.5640385252063,29.1550529932241,31.054390650067,34.0479818785132,36.7877040318765,42.436706864715,44.6362736835267,49.3418057695765,1,1,1,1,1,1,1,1,0.901960784313726,0.882352941176471,0.862745098039216,0.823529411764706,0.784313725490196,0.705882352941177,0.686274509803922,0.627450980392157,0,0,0,0,0,0,0,0,2948,19.215586,10.7147834025535
"949",317,317,1,12.7973776246326,30.6509518139264,33.2118921246931,35.0891839843898,38.0480283079225,40.7559502394493,46.33938454629,48.5134207788353,53.1643352957234,1,1,1,1,1,1,1,1,0.733333333333333,0.7,0.683333333333333,0.65,0.616666666666667,0.566666666666667,0.533333333333333,0.483333333333333,0,0,0,0,0,0,0,0,2949,5.237997,-7.55938062463256
"950",317,317,2,7.34822321259467,25.2017974018885,27.7627377126552,29.6400295723519,32.5988738958846,35.3067958274114,40.8902301342521,43.0642663667974,47.7151808836855,1,1,1,1,1,1,1,1,0.783333333333333,0.766666666666667,0.75,0.716666666666667,0.683333333333333,0.616666666666667,0.6,0.55,0,0,0,0,0,0,0,0,2950,4.879178,-2.46904521259467
"951",317,317,3,7.20833784774577,25.0619120370396,27.6228523478063,29.500144207503,32.4589885310357,35.1669104625625,40.7503447694032,42.9243810019485,47.5752955188366,1,1,1,1,1,1,1,1,0.783333333333333,0.766666666666667,0.75,0.716666666666667,0.683333333333333,0.616666666666667,0.6,0.55,0,0,0,0,0,0,0,0,2951,4.945211,-2.26312684774577
"952",318,318,1,7.22104755067284,25.0517693547682,27.6094316891571,29.484320635227,32.4393776694748,35.1438334897115,40.7201210599852,42.8913745492605,47.5363359450011,1,1,1,1,1,1,1,1,0.783333333333333,0.766666666666667,0.75,0.716666666666667,0.683333333333333,0.616666666666667,0.6,0.55,0,0,0,0,0,0,0,0,2952,5.152474,-2.06857355067284
"953",318,318,2,7.30197108947565,25.132692893571,27.6903552279599,29.5652441740298,32.5203012082776,35.2247570285143,40.801044598788,42.9722980880633,47.6172594838039,1,1,1,1,1,1,1,1,0.783333333333333,0.766666666666667,0.75,0.716666666666667,0.683333333333333,0.616666666666667,0.6,0.55,0,0,0,0,0,0,0,0,2953,4.890776,-2.41119508947565
"954",318,318,3,7.19979400886976,25.0305158129652,27.5881781473541,29.4630670934239,32.4181241276718,35.1225799479084,40.6988675181821,42.8701210074574,47.515082403198,1,1,1,1,1,1,1,1,0.796610169491525,0.779661016949153,0.76271186440678,0.728813559322034,0.694915254237288,0.627118644067797,0.610169491525424,0.559322033898305,0,0,0,0,0,0,0,0,2954,6.914034,-0.285760008869764
"955",319,319,1,7.98287060636854,25.8107452878284,28.3679992271783,30.2425888001316,33.1971739852942,35.9011979712245,41.4765951471139,43.6475019412287,48.2917216522031,1,1,1,1,1,1,1,1,0.824561403508772,0.789473684210526,0.771929824561403,0.736842105263158,0.719298245614035,0.649122807017544,0.631578947368421,0.578947368421053,0,0,0,0,0,0,0,0,2955,9.391107,1.40823639363146
"956",319,319,2,8.95085798471416,26.778732666174,29.3359866055239,31.2105761784772,34.1651613636399,36.8691853495701,42.4445825254595,44.6154893195743,49.2597090305488,1,1,1,1,1,1,1,1,0.766666666666667,0.75,0.733333333333333,0.7,0.666666666666667,0.6,0.583333333333333,0.533333333333333,0,0,0,0,0,0,0,0,2956,5.49717,-3.45368798471416
"957",319,319,3,7.42919032773634,25.2570650091962,27.8143189485461,29.6889085214994,32.643493706662,35.3475176925923,40.9229148684817,43.0938216625965,47.738041373571,1,1,1,1,1,1,1,1,0.783333333333333,0.766666666666667,0.733333333333333,0.716666666666667,0.683333333333333,0.616666666666667,0.6,0.55,0,0,0,0,0,0,0,0,2957,4.949558,-2.47963232773634
"958",320,320,1,7.21566683905086,25.0431005534965,27.6002912399543,29.4748344455093,32.4293465499132,35.1333036526392,40.7085629227889,42.8794160201897,47.5235208578136,1,1,1,1,1,1,1,1,0.783333333333333,0.766666666666667,0.75,0.716666666666667,0.683333333333333,0.616666666666667,0.6,0.55,0,0,0,0,0,0,0,0,2958,5.237094,-1.97857283905086
"959",320,320,2,7.3280361017891,25.1554698162348,27.7126605026926,29.5872037082475,32.5417158126515,35.2456729153775,40.8209321855271,42.991785282928,47.6358901205518,1,1,1,1,1,1,1,1,0.770491803278688,0.754098360655738,0.737704918032787,0.704918032786885,0.672131147540984,0.60655737704918,0.590163934426229,0.540983606557377,0,0,0,0,0,0,0,0,2959,4.21688,-3.1111561017891
"960",320,320,3,6.92933578247175,24.7567694969174,27.3139601833752,29.1885033889302,32.1430154933341,34.8469725960601,40.4222318662098,42.5930849636106,47.2371898012345,1,1,1,1,1,1,1,1,0.941176470588235,0.901960784313726,0.882352941176471,0.843137254901961,0.803921568627451,0.745098039215686,0.705882352941177,0.647058823529412,0,0,0,0,0,0,0,0,2960,19.757053,12.8277172175282
"961",321,321,1,13.0076795192654,30.8407048059382,33.3986975549166,35.2738287107001,38.2292674974349,40.9340726959486,46.5110806454311,48.6826146306189,53.3281760911109,1,1,1,1,1,1,1,1,0.771929824561403,0.736842105263158,0.719298245614035,0.684210526315789,0.649122807017544,0.596491228070175,0.56140350877193,0.508771929824561,0,0,0,0,0,0,0,0,2961,10.476458,-2.53122151926542
"962",321,321,2,9.38576737236343,27.2187926590362,29.7767854080146,31.6519165637981,34.6073553505329,37.3121605490466,42.8891684985291,45.0607024837169,49.7062639442089,1,1,1,1,1,1,1,1,0.754098360655738,0.721311475409836,0.704918032786885,0.672131147540984,0.655737704918033,0.590163934426229,0.573770491803279,0.524590163934426,0,0,0,0,0,0,0,0,2962,4.240001,-5.14576637236343
"963",321,321,3,6.95188254472771,24.7849078314005,27.3429005803789,29.2180317361624,32.1734705228972,34.8782757214109,40.4552836708934,42.6268176560812,47.2723791165732,1,1,1,1,1,1,1,1,0.786885245901639,0.754098360655738,0.737704918032787,0.704918032786885,0.672131147540984,0.622950819672131,0.590163934426229,0.540983606557377,0,0,0,0,0,0,0,0,2963,4.553621,-2.39826154472771
"964",322,322,1,7.06139631898213,24.8930263077892,27.4508189133951,29.3258033545041,32.2810109007531,34.9856044689427,40.5621760601986,42.733540139457,47.3787381202878,1,1,1,1,1,1,1,1,0.8,0.766666666666667,0.75,0.716666666666667,0.683333333333333,0.633333333333333,0.6,0.55,0,0,0,0,0,0,0,0,2964,5.084759,-1.97663731898213
"965",322,322,2,7.26890724645183,25.1005372352589,27.6583298408648,29.5333142819738,32.4885218282228,35.1931153964124,40.7696869876683,42.9410510669267,47.5862490477575,1,1,1,1,1,1,1,1,0.783333333333333,0.766666666666667,0.75,0.716666666666667,0.683333333333333,0.616666666666667,0.6,0.55,0,0,0,0,0,0,0,0,2965,5.182812,-2.08609524645183
"966",322,322,3,7.30721568789489,25.1388456767019,27.6966382823079,29.5716227234169,32.5268302696659,35.2314238378555,40.8079954291114,42.9793595083698,47.6245574892006,1,1,1,1,1,1,1,1,0.783333333333333,0.766666666666667,0.75,0.716666666666667,0.683333333333333,0.616666666666667,0.6,0.55,0,0,0,0,0,0,0,0,2966,5.570675,-1.73654068789489
"967",323,323,1,7.45894604592673,25.2846535924713,27.8415966751208,29.7159583752295,32.6701844045853,35.3738796926256,40.9485991299677,43.1192420312745,47.7628971965098,1,1,1,1,1,1,1,1,0.783333333333333,0.766666666666667,0.733333333333333,0.716666666666667,0.683333333333333,0.616666666666667,0.6,0.55,0,0,0,0,0,0,0,0,2967,5.426946,-2.03200004592673
"968",323,323,2,7.4027947811741,25.2285023277187,27.7854454103681,29.6598071104769,32.6140331398327,35.3177284278729,40.8924478652151,43.0630907665218,47.7067459317571,1,1,1,1,1,1,1,1,0.783333333333333,0.766666666666667,0.75,0.716666666666667,0.683333333333333,0.616666666666667,0.6,0.55,0,0,0,0,0,0,0,0,2968,5.151247,-2.2515477811741
"969",323,323,3,7.295086193895,25.1207937404396,27.677736823089,29.5520985231978,32.5063245525536,35.2100198405938,40.784739277936,42.9553821792427,47.599037344478,1,1,1,1,1,1,1,1,0.783333333333333,0.766666666666667,0.75,0.716666666666667,0.683333333333333,0.616666666666667,0.6,0.55,0,0,0,0,0,0,0,0,2969,4.708787,-2.586299193895
"970",324,324,1,7.1204972365754,24.9455165084415,27.5023608640601,29.3766501925285,32.3307621552216,35.0343530499298,40.6088572398144,42.7794163296629,47.4228921970915,1,1,1,1,1,1,1,1,0.8,0.766666666666667,0.75,0.716666666666667,0.683333333333333,0.633333333333333,0.6,0.55,0,0,0,0,0,0,0,0,2970,4.966834,-2.1536632365754
"971",324,324,2,7.22135383162732,25.0463731034934,27.603217459112,29.4775067875804,32.4316187502735,35.1352096449818,40.7097138348664,42.8802729247148,47.5237487921434,1,1,1,1,1,1,1,1,0.783333333333333,0.766666666666667,0.75,0.716666666666667,0.683333333333333,0.616666666666667,0.6,0.55,0,0,0,0,0,0,0,0,2971,5.277541,-1.94381283162732
"972",324,324,3,7.34279236832335,25.1678116401894,27.7246559958081,29.5989453242764,32.5530572869695,35.2566481816778,40.8311523715624,43.0017114614108,47.6451873288394,0,1,1,1,1,1,1,1,0,1,0.978260869565217,0.934782608695652,0.891304347826087,0.804347826086957,0.782608695652174,0.717391304347826,0,0,0,0,0,0,0,0,2972,27.137401,19.7946086316767
"973",325,325,1,15.8890484195328,33.7201586893948,36.2778767458274,38.1528065388231,41.1079279528818,43.8124426932516,49.3888517502968,51.56015254319,56.2052151355343,1,1,1,1,1,1,1,1,0.736842105263158,0.701754385964912,0.684210526315789,0.649122807017544,0.614035087719298,0.56140350877193,0.543859649122807,0.491228070175439,1,0,0,0,0,0,0,0,2973,9.40709,-6.48195841953282
"974",325,325,2,8.95542330258464,26.7865335724466,29.3442516288792,31.2191814218749,34.1743028359336,36.8788175763034,42.4552266333486,44.6265274262418,49.2715900185862,1,1,1,1,1,1,1,1,0.766666666666667,0.75,0.733333333333333,0.7,0.666666666666667,0.6,0.583333333333333,0.533333333333333,1,0,0,0,0,0,0,0,2974,4.930322,-4.02510130258464
"975",325,325,3,7.2047359600135,25.0358462298755,27.5935642863081,29.4684940793038,32.4236154933624,35.1281302337322,40.7045392907775,42.8758400836706,47.520902676015,1,1,1,1,1,1,1,1,0.770491803278688,0.754098360655738,0.737704918032787,0.704918032786885,0.672131147540984,0.60655737704918,0.590163934426229,0.540983606557377,0,0,0,0,0,0,0,0,2975,4.619128,-2.5856079600135
"976",326,326,1,7.08222989273136,24.9113845325791,27.4688220708542,29.3435462306099,32.298343541231,35.0025616634924,40.5783591269376,42.7494217820515,47.3939749263757,1,1,1,1,1,1,1,1,0.8,0.766666666666667,0.75,0.716666666666667,0.683333333333333,0.633333333333333,0.6,0.55,0,0,0,0,0,0,0,0,2976,5.049108,-2.03312189273136
"977",326,326,2,7.25057232004544,25.0797269598932,27.6371644981683,29.511888657924,32.4666859685451,35.1709040908065,40.7467015542516,42.9177642093656,47.5623173536898,1,1,1,1,1,1,1,1,0.783333333333333,0.766666666666667,0.75,0.716666666666667,0.683333333333333,0.616666666666667,0.6,0.55,0,0,0,0,0,0,0,0,2977,5.254879,-1.99569332004544
"978",326,326,3,7.33113418248287,25.1602888223306,27.7177263606057,29.5924505203614,32.5472478309826,35.2514659532439,40.8272634166891,42.998326071803,47.6428792161273,1,1,1,1,1,1,1,1,0.783333333333333,0.766666666666667,0.75,0.716666666666667,0.683333333333333,0.616666666666667,0.6,0.55,0,0,0,0,0,0,0,0,2978,5.447522,-1.88361218248287
"979",327,327,1,7.39451629384547,25.2048308647792,27.7595659586346,29.6323090972439,32.583984073347,35.2853446481356,40.855250166024,43.0240186590834,47.6636639037859,1,1,1,1,1,1,1,1,0.810344827586207,0.793103448275862,0.775862068965517,0.741379310344828,0.706896551724138,0.637931034482759,0.620689655172414,0.568965517241379,0,0,0,0,0,0,0,0,2979,8.633535,1.23901870615453
"980",327,327,2,8.64283234300234,26.4531469139361,29.0078820077915,30.8806251464008,33.8323001225039,36.5336606972925,42.1035662151809,44.2723347082403,48.9119799529428,1,1,1,1,1,1,1,1,0.770491803278688,0.737704918032787,0.721311475409836,0.688524590163934,0.655737704918033,0.60655737704918,0.573770491803279,0.524590163934426,0,0,0,0,0,0,0,0,2980,4.503805,-4.13902734300234
"981",327,327,3,7.02475726368389,24.8350718346177,27.3898069284731,29.2625500670824,32.2142250431855,34.9155856179741,40.4854911358624,42.6542596289219,47.2939048736243,1,1,1,1,1,1,1,1,0.786885245901639,0.754098360655738,0.737704918032787,0.704918032786885,0.672131147540984,0.622950819672131,0.590163934426229,0.540983606557377,0,0,0,0,0,0,0,0,2981,4.503375,-2.52138226368389
"982",328,328,1,7.01907390042302,24.8226265679382,27.3763917254179,29.2484238542255,32.1989781908794,34.899313161138,40.4671039963793,42.6350490899962,47.2729328367242,1,1,1,1,1,1,1,1,0.8,0.766666666666667,0.75,0.716666666666667,0.683333333333333,0.633333333333333,0.6,0.55,0,0,0,0,0,0,0,0,2982,4.995111,-2.02396290042302
"983",328,328,2,7.21190104737412,25.0154537148893,27.569218872369,29.4412510011766,32.3918053378305,35.0921403080891,40.6599311433304,42.8278762369473,47.4657599836753,1,1,1,1,1,1,1,1,0.783333333333333,0.766666666666667,0.75,0.716666666666667,0.683333333333333,0.616666666666667,0.6,0.55,0,0,0,0,0,0,0,0,2983,5.237769,-1.97413204737412
"984",328,328,3,7.30705586586384,25.110608533379,27.6643736908587,29.5364058196664,32.4869601563202,35.1872951265788,40.7550859618201,42.923031055437,47.5609148021651,0,0,0,0,0,0,0,1,0,0,0,0,0,0,0,0.942857142857143,0,0,0,0,0,0,0,0,2984,44.130197,36.8231411341362
"985",329,329,1,22.5656194488588,40.4200708058255,42.9811369386841,44.8585210319983,47.8175107271279,50.5255657021312,56.109274329846,58.2834173754183,62.9345603973565,0,0,0,0,0,0,0,0,0,0,0,0,0,0,0,0,1,1,1,1,1,1,1,0,2985,96.844838,74.2792185511412
"986",329,329,2,43.2187174180791,61.0731687750458,63.6342349079044,65.5116190012185,68.4706086963481,71.1786636713514,76.7623722990663,78.9365153446386,83.5876583665767,1,1,1,1,1,1,1,1,0.39344262295082,0.377049180327869,0.360655737704918,0.327868852459016,0.295081967213115,0.229508196721311,0.213114754098361,0.163934426229508,1,1,1,1,1,1,1,1,2986,4.492319,-38.7263984180791
"987",329,329,3,7.03587359275026,24.890324949717,27.4513910825756,29.3287751758898,32.2877648710193,34.9958198460226,40.5795284737375,42.7536715193098,47.4048145412479,1,1,1,1,1,1,1,1,0.786885245901639,0.754098360655738,0.737704918032787,0.704918032786885,0.672131147540984,0.622950819672131,0.590163934426229,0.540983606557377,1,1,1,1,1,1,1,1,2987,4.082395,-2.95347859275026
"988",330,330,1,6.90980813205007,25.0238160518512,27.6221133216037,29.5267896208019,32.5287952103645,35.2762181517771,40.9410991543974,43.1468484971747,47.8656068533446,1,1,1,1,1,1,1,1,0.770491803278688,0.754098360655738,0.737704918032787,0.704918032786885,0.672131147540984,0.60655737704918,0.590163934426229,0.540983606557377,0,0,0,0,0,0,0,0,2988,4.673903,-2.23590513205007
"989",330,330,2,7.14036174050651,25.2543696603076,27.8526669300602,29.7573432292584,32.7593488188209,35.5067717602336,41.1716527628539,43.3774021056311,48.096160461801,1,1,1,1,1,1,1,1,0.770491803278688,0.754098360655738,0.721311475409836,0.704918032786885,0.672131147540984,0.60655737704918,0.590163934426229,0.540983606557377,0,0,0,0,0,0,0,0,2989,4.333473,-2.80688874050651
"990",330,330,3,7.0076714557989,25.1216793756,27.7199766453525,29.6246529445508,32.6266585341133,35.374081475526,41.0389624781463,43.2447118209235,47.9634701770934,1,1,1,1,1,1,1,1,0.783333333333333,0.766666666666667,0.75,0.716666666666667,0.683333333333333,0.616666666666667,0.6,0.55,0,0,0,0,0,0,0,0,2990,5.557136,-1.4505354557989
"991",331,331,1,7.4664917577976,25.5677292576286,28.1641947214391,30.0675282191791,33.0674173874449,35.8129033889515,41.4737906365837,43.6779849206693,48.3934165406352,1,1,1,1,1,1,1,1,0.839285714285714,0.803571428571429,0.785714285714286,0.75,0.732142857142857,0.660714285714286,0.642857142857143,0.589285714285714,0,0,0,0,0,0,0,0,2991,11.271399,3.8049072422024
"992",331,331,2,9.69158054920658,27.7928180490376,30.389283512848,32.2926170105881,35.2925061788538,38.0379921803605,43.6988794279927,45.9030737120783,50.6185053320442,1,1,1,1,1,1,1,1,0.779661016949153,0.745762711864407,0.728813559322034,0.694915254237288,0.661016949152542,0.610169491525424,0.576271186440678,0.525423728813559,0,0,0,0,0,0,0,0,2992,7.126098,-2.56548254920658
"993",331,331,3,8.07743314435027,26.1786706441813,28.7751361079917,30.6784696057318,33.6783587739975,36.4238447755042,42.0847320231364,44.288926307222,49.0043579271879,1,1,1,1,1,1,1,1,0.770491803278688,0.737704918032787,0.721311475409836,0.688524590163934,0.655737704918033,0.60655737704918,0.573770491803279,0.524590163934426,0,0,0,0,0,0,0,0,2993,4.244862,-3.83257114435027
"994",332,332,1,6.95797234645592,25.0594044184395,27.6558977919371,29.559251748814,32.5591731632117,35.3046886762433,40.9656367733625,43.1698547505701,47.8853370572186,1,1,1,1,1,1,1,1,0.783333333333333,0.766666666666667,0.75,0.716666666666667,0.683333333333333,0.616666666666667,0.6,0.55,0,0,0,0,0,0,0,0,2994,5.055447,-1.90252534645592
"995",332,332,2,7.27377222439269,25.3752042963763,27.9716976698738,29.8750516267507,32.8749730411485,35.62048855418,41.2814366512993,43.4856546285068,48.2011369351554,1,1,1,1,1,1,1,1,0.770491803278688,0.754098360655738,0.721311475409836,0.688524590163934,0.672131147540984,0.60655737704918,0.590163934426229,0.540983606557377,0,0,0,0,0,0,0,0,2995,4.248796,-3.02497622439269
"996",332,332,3,6.95950501325805,25.0609370852416,27.6574304587392,29.5607844156161,32.5607058300138,35.3062213430454,40.9671694401647,43.1713874173722,47.8868697240207,1,1,1,1,1,1,1,1,0.796610169491525,0.779661016949153,0.76271186440678,0.728813559322034,0.694915254237288,0.627118644067797,0.610169491525424,0.559322033898305,0,0,0,0,0,0,0,0,2996,7.67917,0.719664986741949
"997",333,333,1,8.29510068522782,26.3962949466517,28.9927542082878,30.8960831595371,33.8959651619708,36.6414446053379,42.3023183308146,44.5065073497436,49.221927705963,1,1,1,1,1,1,1,1,0.92156862745098,0.882352941176471,0.862745098039216,0.823529411764706,0.784313725490196,0.705882352941177,0.686274509803922,0.627450980392157,0,0,0,0,0,0,0,0,2997,19.000696,10.7055953147722
"998",333,333,2,12.7051832780305,30.8063775394544,33.4028368010905,35.3061657523398,38.3060477547735,41.0515271981406,46.7124009236173,48.9165899425464,53.6320102987657,1,1,1,1,1,1,1,1,0.721311475409836,0.688524590163934,0.672131147540984,0.639344262295082,0.60655737704918,0.557377049180328,0.524590163934426,0.475409836065574,0,0,0,0,0,0,0,0,2998,4.679417,-8.02576627803054
"999",333,333,3,7.12660462842348,25.2277988898474,27.8242581514835,29.7275871027328,32.7274691051664,35.4729485485335,41.1338222740103,43.3380112929393,48.0534316491586,1,1,1,1,1,1,1,1,0.770491803278688,0.754098360655738,0.721311475409836,0.704918032786885,0.672131147540984,0.60655737704918,0.590163934426229,0.540983606557377,0,0,0,0,0,0,0,0,2999,4.235413,-2.89119162842348
