"","train_iter","test_iter","predict_iter","expected","Quantile_0.95","Quantile_0.97","Quantile_0.98","Quantile_0.99","Quantile_0.995","Quantile_0.999","Quantile_0.9995","Quantile_0.9999","score_pred_1_0.95","score_pred_1_0.97","score_pred_1_0.98","score_pred_1_0.99","score_pred_1_0.995","score_pred_1_0.999","score_pred_1_0.9995","score_pred_1_0.9999","score_pred_2_0.95","score_pred_2_0.97","score_pred_2_0.98","score_pred_2_0.99","score_pred_2_0.995","score_pred_2_0.999","score_pred_2_0.9995","score_pred_2_0.9999","adjustment_0.95","adjustment_0.97","adjustment_0.98","adjustment_0.99","adjustment_0.995","adjustment_0.999","adjustment_0.9995","adjustment_0.9999","time","actual","residuals"
"1",1,1,1,15.5351650216913,31.5559835743399,33.8540309909496,35.5386097725249,38.1937144328163,40.6236550967839,45.6339228998645,47.5847838109182,51.7582594852527,0,0,0,1,1,1,1,1,0,0,0,1,0.974358974358974,0.871794871794872,0.846153846153846,0.769230769230769,0,0,0,0,0,0,0,0,2001,38.372985,22.8378199783087
"2",1,1,2,16.5836875768009,32.6045061294495,34.9025535460592,36.5871323276345,39.2422369879259,41.6721776518935,46.682445454974,48.6333063660278,52.8067820403623,1,1,1,1,1,1,1,1,0.781818181818182,0.745454545454545,0.727272727272727,0.690909090909091,0.672727272727273,0.618181818181818,0.581818181818182,0.545454545454545,1,1,1,0,0,0,0,0,2002,12.527341,-4.05634657680087
"3",1,1,3,15.5417612647904,31.562579817439,33.8606272340487,35.545206015624,38.2003106759154,40.630251339883,45.6405191429636,47.5913800540173,51.7648557283518,1,1,1,1,1,1,1,1,0.767857142857143,0.75,0.732142857142857,0.696428571428571,0.660714285714286,0.607142857142857,0.589285714285714,0.535714285714286,1,1,1,0,0,0,0,0,2003,11.710595,-3.83116626479037
"4",2,2,1,15.5145999450943,31.5471171569499,33.8468426447193,35.5326515327969,38.1896949931862,40.6214100388827,45.6353364200422,47.5876218810891,51.7641450944405,1,1,1,1,1,1,1,1,0.781818181818182,0.763636363636364,0.745454545454545,0.709090909090909,0.690909090909091,0.618181818181818,0.6,0.545454545454545,0,0,0,0,0,0,0,0,2004,13.880944,-1.63365594509428
"5",2,2,2,15.6020637559331,31.6345809677887,33.9343064555582,35.6201153436358,38.2771588040251,40.7088738497215,45.7228002308811,47.6750856919279,51.8516089052794,1,1,1,1,1,1,1,1,0.767857142857143,0.75,0.732142857142857,0.696428571428571,0.660714285714286,0.607142857142857,0.589285714285714,0.535714285714286,0,0,0,0,0,0,0,0,2005,11.936758,-3.66530575593313
"6",2,2,3,15.5237141833346,31.5562313951902,33.8559568829597,35.5417657710373,38.1988092314266,40.6305242771231,45.6444506582826,47.5967361193295,51.7732593326809,1,1,1,1,1,1,1,1,0.767857142857143,0.75,0.732142857142857,0.696428571428571,0.660714285714286,0.607142857142857,0.589285714285714,0.535714285714286,0,0,0,0,0,0,0,0,2006,12.263599,-3.26011518333465
"7",3,3,1,15.5181546748689,31.5107752654142,33.8047779290201,35.4863917129902,38.1368231700775,40.562486938047,45.5639362565305,47.5113634914673,51.6774935043727,1,1,1,1,1,1,1,1,0.728813559322034,0.711864406779661,0.694915254237288,0.661016949152542,0.644067796610169,0.576271186440678,0.559322033898305,0.508474576271186,0,0,0,0,0,0,0,0,2007,7.023003,-8.4951516748689
"8",3,3,2,15.31505052384,31.3076711143854,33.6016737779913,35.2832875619613,37.9337190190487,40.3593827870181,45.3608321055016,47.3082593404384,51.4743893533438,1,1,1,1,1,1,1,1,0.767857142857143,0.75,0.732142857142857,0.696428571428571,0.678571428571429,0.607142857142857,0.589285714285714,0.553571428571429,0,0,0,0,0,0,0,0,2008,12.036946,-3.27810452384003
"9",3,3,3,15.5093705279621,31.5019911185075,33.7959937821133,35.4776075660834,38.1280390231708,40.5537027911402,45.5551521096237,47.5025793445605,51.6687093574659,1,1,1,1,1,1,1,1,0.767857142857143,0.75,0.732142857142857,0.696428571428571,0.678571428571429,0.607142857142857,0.589285714285714,0.535714285714286,0,0,0,0,0,0,0,0,2009,11.794912,-3.71445852796211
"10",4,4,1,15.492818280133,31.4885977645398,33.7830535440619,35.4649994836928,38.1159544592124,40.5420973490582,45.5445345636443,47.4923464582373,51.6592993733337,1,1,1,1,1,1,1,1,0.781818181818182,0.763636363636364,0.745454545454545,0.709090909090909,0.690909090909091,0.618181818181818,0.6,0.545454545454545,0,0,0,0,0,0,0,0,2010,13.487472,-2.00534628013304
"11",4,4,2,15.5589651122421,31.5547445966489,33.849200376171,35.5311463158018,38.1821012913215,40.6082441811673,45.6106813957534,47.5584932903463,51.7254462054428,1,1,1,1,1,1,1,1,0.767857142857143,0.75,0.732142857142857,0.696428571428571,0.678571428571429,0.607142857142857,0.589285714285714,0.535714285714286,0,0,0,0,0,0,0,0,2011,11.859711,-3.69925411224214
"12",4,4,3,15.4953506858226,31.4911301702293,33.7855859497514,35.4675318893823,38.1184868649019,40.5446297547478,45.5470669693338,47.4948788639268,51.6618317790232,1,1,1,1,1,1,1,1,0.767857142857143,0.75,0.732142857142857,0.696428571428571,0.678571428571429,0.607142857142857,0.589285714285714,0.535714285714286,0,0,0,0,0,0,0,0,2012,12.215873,-3.27947768582255
"13",5,5,1,15.5119252903087,31.504918255339,33.7989743328339,35.4806272717419,38.1311204418577,40.5568406893322,45.5584064622832,47.5058790413966,51.6721060590743,1,1,1,1,1,1,1,1,0.914893617021277,0.893617021276596,0.872340425531915,0.829787234042553,0.808510638297872,0.723404255319149,0.702127659574468,0.638297872340426,0,0,0,0,0,0,0,0,2013,26.012025,10.5000997096913
"14",5,5,2,16.0496946496922,32.0426876147226,34.3367436922174,36.0183966311255,38.6688898012412,41.0946100487158,46.0961758216667,48.0436484007802,52.2098754184579,1,1,1,1,1,1,1,1,0.781818181818182,0.763636363636364,0.727272727272727,0.709090909090909,0.672727272727273,0.618181818181818,0.6,0.545454545454545,0,0,0,0,0,0,0,0,2014,13.120721,-2.92897364969225
"15",5,5,3,15.5471959606593,31.5401889256897,33.8342450031845,35.5158979420926,38.1663911122083,40.5921113596828,45.5936771326338,47.5411497117473,51.707376729425,1,1,1,1,1,1,1,1,0.767857142857143,0.75,0.732142857142857,0.696428571428571,0.678571428571429,0.607142857142857,0.589285714285714,0.535714285714286,0,0,0,0,0,0,0,0,2015,11.992797,-3.55439896065934
"16",6,6,1,15.5007104424351,31.490704559713,33.7843304785172,35.4656680905101,38.1156642663794,40.5409296668014,45.5415575956409,47.4886650039711,51.6541108119931,1,1,1,1,1,1,1,1,0.741379310344828,0.724137931034483,0.706896551724138,0.672413793103448,0.655172413793103,0.586206896551724,0.568965517241379,0.517241379310345,0,0,0,0,0,0,0,0,2016,8.990893,-6.50981744243515
"17",6,6,2,15.3828698659547,31.3728639832325,33.6664899020368,35.3478275140296,37.997823689899,40.4230890903209,45.4237170191604,47.3708244274906,51.5362702355126,1,1,1,1,1,1,1,1,0.767857142857143,0.75,0.732142857142857,0.696428571428571,0.678571428571429,0.607142857142857,0.589285714285714,0.553571428571429,0,0,0,0,0,0,0,0,2017,11.687538,-3.69533186595468
"18",6,6,3,15.4887274154843,31.4787215327621,33.7723474515664,35.4536850635592,38.1036812394286,40.5289466398505,45.52957456869,47.4766819770203,51.6421277850422,1,1,1,1,1,1,1,1,0.767857142857143,0.75,0.732142857142857,0.696428571428571,0.678571428571429,0.607142857142857,0.589285714285714,0.535714285714286,0,0,0,0,0,0,0,0,2018,12.252874,-3.2358534154843
"19",7,7,1,15.5062864935086,31.4984680469389,33.7924077344799,35.4739753539793,38.1243340501471,40.5499312276277,45.5512432439181,47.4986170171455,51.6646326594453,1,1,1,1,1,1,1,1,0.781818181818182,0.763636363636364,0.745454545454545,0.709090909090909,0.690909090909091,0.618181818181818,0.6,0.545454545454545,0,0,0,0,0,0,0,0,2019,13.503203,-2.00308349350861
"20",7,7,2,15.5556028856055,31.5477844390358,33.8417241265768,35.5232917460762,38.173650442244,40.5992476197246,45.6005596360151,47.5479334092424,51.7139490515423,1,1,1,1,1,1,1,1,0.781818181818182,0.763636363636364,0.745454545454545,0.709090909090909,0.690909090909091,0.618181818181818,0.6,0.545454545454545,0,0,0,0,0,0,0,0,2020,12.520989,-3.03461388560554
"21",7,7,3,15.5168616816927,31.509043235123,33.802982922664,35.4845505421634,38.1349092383312,40.5605064158118,45.5618184321022,47.5091922053296,51.6752078476295,0,0,0,1,1,1,1,1,0,0,0,0.975,0.95,0.85,0.825,0.75,0,0,0,0,0,0,0,0,2021,36.865722,21.3488603183073
"22",8,8,1,16.4794865860475,32.4880219157925,34.7843074106522,36.467594619228,39.120663600614,41.548741219774,46.5551676313532,48.5045328098796,52.6748086644407,0,0,0,1,1,1,1,1,0,0,0,0.974358974358974,0.948717948717949,0.871794871794872,0.82051282051282,0.769230769230769,1,1,1,0,0,0,0,0,2022,37.569835,21.0903484139525
"23",8,8,2,16.506811824665,32.51534715441,34.8116326492697,36.4949198578455,39.1479888392315,41.5760664583915,46.5824928699708,48.5318580484971,52.7021339030582,1,1,1,1,1,1,1,1,0.781818181818182,0.745454545454545,0.727272727272727,0.690909090909091,0.672727272727273,0.618181818181818,0.581818181818182,0.545454545454545,1,1,1,0,0,0,0,0,2023,12.508822,-3.997989824665
"24",8,8,3,15.5342432735632,31.5427786033082,33.8390640981679,35.5223513067437,38.1754202881296,40.6034979072897,45.6099243188689,47.5592894973953,51.7295653519564,1,1,1,1,1,1,1,1,0.767857142857143,0.75,0.732142857142857,0.696428571428571,0.678571428571429,0.607142857142857,0.589285714285714,0.535714285714286,1,1,1,0,0,0,0,0,2024,12.41252,-3.12172327356316
"25",9,9,1,15.5338064445961,31.5615443558221,33.8605842943838,35.5458906420697,38.2021420366021,40.633132186944,45.6455639143824,47.5972673982506,51.7725455881438,1,1,1,1,1,1,1,1,1,0.976744186046512,0.953488372093023,0.906976744186046,0.86046511627907,0.790697674418605,0.767441860465116,0.697674418604651,0,0,0,0,0,0,0,0,2025,31.79813,16.2643235554039
"26",9,9,2,16.3223330694122,32.3500709806381,34.6491109191999,36.3344172668857,38.9906686614182,41.4216588117601,46.4340905391984,48.3857940230666,52.5610722129598,1,1,1,1,1,1,1,1,0.781818181818182,0.745454545454545,0.727272727272727,0.709090909090909,0.672727272727273,0.618181818181818,0.6,0.545454545454545,0,0,0,0,0,0,0,0,2026,13.449932,-2.87240106941218
"27",9,9,3,15.576004084129,31.6037419953549,33.9027819339166,35.5880882816025,38.2443396761349,40.6753298264768,45.6877615539152,47.6394650377834,51.8147432276766,1,1,1,1,1,1,1,1,0.767857142857143,0.75,0.732142857142857,0.696428571428571,0.660714285714286,0.607142857142857,0.589285714285714,0.535714285714286,0,0,0,0,0,0,0,0,2027,12.337033,-3.23897108412896
"28",10,10,1,15.5328522415947,31.5637951439239,33.8632948106514,35.5489381610933,38.2057207136803,40.6371969776489,45.6506310174024,47.6027247742048,51.7788378747714,1,1,1,1,1,1,1,1,0.781818181818182,0.763636363636364,0.745454545454545,0.709090909090909,0.672727272727273,0.618181818181818,0.6,0.545454545454545,0,0,0,0,0,0,0,0,2028,12.827729,-2.70512324159474
"29",10,10,2,15.5527211457047,31.5836640480339,33.8831637147613,35.5688070652033,38.2255896177903,40.6570658817589,45.6704999215124,47.6225936783147,51.7987067788813,1,1,1,1,1,1,1,1,1,0.976744186046512,0.953488372093023,0.906976744186046,0.86046511627907,0.790697674418605,0.767441860465116,0.697674418604651,0,0,0,0,0,0,0,0,2029,32.789082,17.2363608542953
"30",10,10,3,16.3609816749569,32.3919245772861,34.6914242440135,36.3770675944555,39.0338501470425,41.4653264110111,46.4787604507646,48.4308542075669,52.6069673081335,1,1,1,1,1,1,1,1,0.781818181818182,0.745454545454545,0.727272727272727,0.709090909090909,0.672727272727273,0.618181818181818,0.6,0.545454545454545,0,0,0,0,0,0,0,0,2030,13.732629,-2.62835267495688
"31",11,11,1,15.6038081578852,31.6445946647474,33.9455063111369,35.6321847102736,38.2905986277115,40.7235679099585,45.7400803876018,47.6933728037139,51.8720501954826,1,1,1,1,1,1,1,1,0.781818181818182,0.763636363636364,0.745454545454545,0.709090909090909,0.672727272727273,0.618181818181818,0.6,0.545454545454545,0,0,0,0,0,0,0,0,2031,12.898479,-2.70532915788517
"32",11,11,2,15.57046637962,31.6112528864821,33.9121645328717,35.5988429320083,38.2572568494463,40.6902261316933,45.7067386093366,47.6600310254486,51.8387084172174,1,1,1,1,1,1,1,1,0.781818181818182,0.763636363636364,0.745454545454545,0.709090909090909,0.672727272727273,0.618181818181818,0.6,0.545454545454545,0,0,0,0,0,0,0,0,2032,12.652333,-2.91813337961995
"33",11,11,3,15.5606276871152,31.6014141939774,33.9023258403669,35.5890042395036,38.2474181569415,40.6803874391885,45.6968999168318,47.6501923329438,51.8288697247126,1,1,1,1,1,1,1,1,0.781818181818182,0.763636363636364,0.745454545454545,0.709090909090909,0.672727272727273,0.618181818181818,0.6,0.545454545454545,0,0,0,0,0,0,0,0,2033,12.628452,-2.93217568711516
"34",12,12,1,15.5558518473857,31.5970140318542,33.8979795659368,35.5846974673325,38.2431736452198,40.6761999079694,45.6928298730812,47.6461680355923,51.8249432926072,1,1,1,1,1,1,1,1,0.781818181818182,0.763636363636364,0.745454545454545,0.709090909090909,0.672727272727273,0.618181818181818,0.6,0.545454545454545,0,0,0,0,0,0,0,0,2034,13.427857,-2.12799484738568
"35",12,12,2,15.5881169199937,31.6292791044622,33.9302446385449,35.6169625399405,38.2754387178279,40.7084649805775,45.7250949456893,47.6784331082003,51.8572083652152,1,1,1,1,1,1,1,1,0.767857142857143,0.75,0.732142857142857,0.696428571428571,0.660714285714286,0.607142857142857,0.589285714285714,0.535714285714286,0,0,0,0,0,0,0,0,2035,12.398921,-3.18919591999372
"36",12,12,3,15.5465876641734,31.587749848642,33.8887153827246,35.5754332841203,38.2339094620076,40.6669357247572,45.683565689869,47.63690385238,51.8156791093949,1,1,1,1,1,1,1,1,0.781818181818182,0.763636363636364,0.745454545454545,0.709090909090909,0.672727272727273,0.618181818181818,0.6,0.545454545454545,0,0,0,0,0,0,0,0,2036,12.850326,-2.69626166417343
"37",13,13,1,15.5668349372482,31.6083168624592,33.9093282605771,35.5960797825065,38.2546089505162,40.6876837096038,45.7044136687791,47.6577907662368,51.8366493167617,1,1,1,1,1,1,1,1,0.843137254901961,0.823529411764706,0.803921568627451,0.764705882352941,0.725490196078431,0.666666666666667,0.647058823529412,0.588235294117647,0,0,0,0,0,0,0,0,2037,19.632018,4.06518306275181
"38",13,13,2,15.8378627435434,31.8793446687544,34.1803560668723,35.8671075888017,38.5256367568114,40.958711515899,45.9754414750743,47.928818572532,52.1076771230569,1,1,1,1,1,1,1,1,0.781818181818182,0.763636363636364,0.745454545454545,0.709090909090909,0.672727272727273,0.618181818181818,0.6,0.545454545454545,0,0,0,0,0,0,0,0,2038,13.892885,-1.9449777435434
"39",13,13,3,15.6085004211279,31.6499823463389,33.9509937444568,35.6377452663862,38.2962744343959,40.7293491934835,45.7460791526588,47.6994562501165,51.8783148006415,1,1,1,1,1,1,1,1,0.781818181818182,0.763636363636364,0.745454545454545,0.709090909090909,0.672727272727273,0.618181818181818,0.6,0.545454545454545,0,0,0,0,0,0,0,0,2039,13.748727,-1.85977342112793
"40",14,14,1,15.6016453273101,31.6370334928256,33.9371707939877,35.6232815609988,38.2808008199509,40.7129513144991,45.7277755428341,47.680410600954,51.8576817071314,1,1,1,1,1,1,1,1,0.781818181818182,0.763636363636364,0.745454545454545,0.709090909090909,0.672727272727273,0.618181818181818,0.6,0.545454545454545,0,0,0,0,0,0,0,0,2040,13.235229,-2.36641632731008
"41",14,14,2,15.5807226685175,31.616110834033,33.9162481351951,35.6023589022062,38.2598781611583,40.6920286557065,45.7068528840415,47.6594879421614,51.8367590483388,1,1,1,1,1,1,1,1,0.781818181818182,0.763636363636364,0.745454545454545,0.709090909090909,0.672727272727273,0.618181818181818,0.6,0.545454545454545,0,0,0,0,0,0,0,0,2041,12.553506,-3.02721666851748
"42",14,14,3,15.5529456222192,31.5883337877347,33.8884710888969,35.574581855908,38.2321011148601,40.6642516094083,45.6790758377433,47.6317108958631,51.8089820020405,1,1,1,1,1,1,1,1,0.781818181818182,0.763636363636364,0.745454545454545,0.709090909090909,0.672727272727273,0.618181818181818,0.6,0.545454545454545,0,0,0,0,0,0,0,0,2042,12.594645,-2.95830062221922
"43",15,15,1,15.5538959017434,31.5895816942366,33.8897616874063,35.575903749703,38.2334723338986,40.665667970703,45.6805852773573,47.6332565776226,51.8106052166019,1,1,1,1,1,1,1,1,0.781818181818182,0.763636363636364,0.745454545454545,0.709090909090909,0.672727272727273,0.618181818181818,0.6,0.545454545454545,0,0,0,0,0,0,0,0,2043,12.87891,-2.67498590174336
"44",15,15,2,15.5654775866727,31.601163379166,33.9013433723357,35.5874854346324,38.2450540188279,40.6772496556324,45.6921669622866,47.644838262552,51.8221869015313,1,1,1,1,1,1,1,1,0.781818181818182,0.763636363636364,0.745454545454545,0.709090909090909,0.672727272727273,0.618181818181818,0.6,0.545454545454545,0,0,0,0,0,0,0,0,2044,12.838374,-2.72710358667272
"45",15,15,3,15.5638260461021,31.5995118385954,33.8996918317651,35.5858338940618,38.2434024782574,40.6755981150618,45.6905154217161,47.6431867219814,51.8205353609607,1,1,1,1,1,1,1,1,0.781818181818182,0.763636363636364,0.745454545454545,0.709090909090909,0.672727272727273,0.618181818181818,0.6,0.545454545454545,0,0,0,0,0,0,0,0,2045,13.038452,-2.52537404610214
"46",16,16,1,15.5717707073795,31.607582654479,33.9077807434324,35.5939360708049,38.2515255624018,40.6837403335723,45.6986970931646,47.6513837553223,51.8287652579895,1,1,1,1,1,1,1,1,0.781818181818182,0.763636363636364,0.745454545454545,0.709090909090909,0.672727272727273,0.618181818181818,0.6,0.545454545454545,0,0,0,0,0,0,0,0,2046,12.970189,-2.60158170737948
"47",16,16,2,15.5689895529245,31.604801500024,33.9049995889774,35.5911549163499,38.2487444079468,40.6809591791173,45.6959159387097,47.6486026008673,51.8259841035346,1,1,1,1,1,1,1,1,0.781818181818182,0.763636363636364,0.745454545454545,0.709090909090909,0.672727272727273,0.618181818181818,0.6,0.545454545454545,0,0,0,0,0,0,0,0,2047,12.654514,-2.91447555292451
"48",16,16,3,15.5561283992604,31.5919403463599,33.8921384353133,35.5782937626858,38.2358832542827,40.6680980254532,45.6830547850456,47.6357414472032,51.8131229498705,1,1,1,1,1,1,1,1,0.781818181818182,0.763636363636364,0.745454545454545,0.709090909090909,0.672727272727273,0.618181818181818,0.6,0.545454545454545,0,0,0,0,0,0,0,0,2048,12.876982,-2.67914639926042
"49",17,17,1,15.5665803490494,31.5998103364496,33.8996380656865,35.5855219016548,38.2426834891962,40.6745066443675,45.6886559352585,47.6410281912431,51.817737084957,1,1,1,1,1,1,1,1,0.977272727272727,0.954545454545455,0.931818181818182,0.886363636363636,0.840909090909091,0.772727272727273,0.75,0.681818181818182,0,0,0,0,0,0,0,0,2049,31.146489,15.5799086509506
"50",17,17,2,16.307546051706,32.3407760391061,34.6406037683431,36.3264876043114,38.9836491918528,41.4154723470241,46.4296216379151,48.3819938938997,52.5587027876136,1,1,1,1,1,1,1,1,0.781818181818182,0.745454545454545,0.727272727272727,0.709090909090909,0.672727272727273,0.618181818181818,0.6,0.545454545454545,0,0,0,0,0,0,0,0,2050,13.993735,-2.31381105170604
"51",17,17,3,15.6118730693915,31.6451030567916,33.9449307860286,35.6308146219969,38.2879762095383,40.7197993647096,45.7339486556006,47.6863209115852,51.8630298052991,1,1,1,1,1,1,1,1,0.767857142857143,0.75,0.732142857142857,0.696428571428571,0.660714285714286,0.607142857142857,0.589285714285714,0.535714285714286,0,0,0,0,0,0,0,0,2051,11.874462,-3.73741106939154
"52",18,18,1,15.5263367036999,31.5616845625468,33.861816082067,35.5479226108578,38.2054351898501,40.6375795709271,45.6523911939634,47.6050213439255,51.7822819500838,1,1,1,1,1,1,1,1,0.781818181818182,0.763636363636364,0.745454545454545,0.709090909090909,0.672727272727273,0.618181818181818,0.6,0.545454545454545,0,0,0,0,0,0,0,0,2052,13.011032,-2.51530470369985
"53",18,18,2,15.5724283212015,31.6077761800485,33.9079076995687,35.5940142283595,38.2515268073518,40.6836711884288,45.6984828114651,47.6511129614272,51.8283735675855,1,1,1,1,1,1,1,1,0.781818181818182,0.763636363636364,0.745454545454545,0.709090909090909,0.672727272727273,0.618181818181818,0.6,0.545454545454545,0,0,0,0,0,0,0,0,2053,12.907072,-2.66535632120155
"54",18,18,3,15.5682124044032,31.6035602632501,33.9036917827704,35.5897983115612,38.2473108905535,40.6794552716305,45.6942668946668,47.6468970446289,51.8241576507872,1,1,1,1,1,1,1,1,0.781818181818182,0.763636363636364,0.745454545454545,0.709090909090909,0.672727272727273,0.618181818181818,0.6,0.545454545454545,0,0,0,0,0,0,0,0,2054,13.763212,-1.80500040440322
"55",19,19,1,15.6046274284738,31.640030186896,33.940169581284,35.6262818827299,38.2838035601411,40.7159562680529,45.730785060098,47.6834218952014,51.8606968028788,1,1,1,1,1,1,1,1,0.781818181818182,0.763636363636364,0.745454545454545,0.709090909090909,0.672727272727273,0.618181818181818,0.6,0.545454545454545,0,0,0,0,0,0,0,0,2055,13.010852,-2.59377542847381
"56",19,19,2,15.5742985159007,31.6097012743229,33.9098406687109,35.5959529701568,38.253474647568,40.6856273554799,45.7004561475249,47.6530929826283,51.8303678903057,1,1,1,1,1,1,1,1,0.781818181818182,0.763636363636364,0.745454545454545,0.709090909090909,0.672727272727273,0.618181818181818,0.6,0.545454545454545,0,0,0,0,0,0,0,0,2056,12.824054,-2.75024451590073
"57",19,19,3,15.5667683704772,31.6021711288994,33.9023105232874,35.5884228247333,38.2459445021445,40.6780972100564,45.6929260021014,47.6455628372048,51.8228377448822,1,1,1,1,1,1,1,1,0.796296296296296,0.777777777777778,0.759259259259259,0.722222222222222,0.685185185185185,0.62962962962963,0.611111111111111,0.555555555555556,0,0,0,0,0,0,0,0,2057,14.384475,-1.18229337047723
"58",20,20,1,15.6309989916341,31.6636479449522,33.9633923298914,35.6492150704991,38.3062803641905,40.7380153916336,45.7519829729357,47.7042844761884,51.880842008622,1,1,1,1,1,1,1,1,0.796296296296296,0.777777777777778,0.759259259259259,0.722222222222222,0.685185185185185,0.62962962962963,0.611111111111111,0.555555555555556,0,0,0,0,0,0,0,0,2058,14.125161,-1.50583799163412
"59",20,20,2,15.6205703652946,31.6532193186127,33.9529637035519,35.6387864441596,38.295851737851,40.7275867652941,45.7415543465962,47.6938558498489,51.8704133822825,1,1,1,1,1,1,1,1,0.767857142857143,0.75,0.732142857142857,0.696428571428571,0.660714285714286,0.607142857142857,0.589285714285714,0.535714285714286,0,0,0,0,0,0,0,0,2059,12.321774,-3.29879636529461
"60",20,20,3,15.5480449745771,31.5806939278952,33.8804383128344,35.5662610534421,38.2233263471335,40.6550613745766,45.6690289558787,47.6213304591314,51.797887991565,1,1,1,1,1,1,1,1,0.796296296296296,0.777777777777778,0.759259259259259,0.722222222222222,0.685185185185185,0.62962962962963,0.611111111111111,0.555555555555556,0,0,0,0,0,0,0,0,2060,14.201101,-1.34694397457711
"61",21,21,1,15.6237218189284,31.6564195966426,33.9561709850178,35.6419988594795,38.29907224476,40.7308146775916,45.7447975279824,47.6971049765996,51.8736752279483,1,1,1,1,1,1,1,1,0.895833333333333,0.875,0.854166666666667,0.8125,0.770833333333333,0.708333333333333,0.6875,0.625,0,0,0,0,0,0,0,0,2061,23.694608,8.07088618107159
"62",21,21,2,16.005516224977,32.0382140026912,34.3379653910664,36.0237932655281,38.6808666508086,41.1126090836402,46.126591934031,48.0788993826482,52.2554696339969,1,1,1,1,1,1,1,1,0.781818181818182,0.763636363636364,0.727272727272727,0.709090909090909,0.672727272727273,0.618181818181818,0.6,0.545454545454545,0,0,0,0,0,0,0,0,2062,14.022984,-1.98253222497703
"63",21,21,3,15.6165585994541,31.6492563771683,33.9490077655435,35.6348356400051,38.2919090252857,40.7236514581173,45.737634308508,47.6899417571253,51.8665120084739,1,1,1,1,1,1,1,1,0.796296296296296,0.777777777777778,0.759259259259259,0.722222222222222,0.685185185185185,0.62962962962963,0.611111111111111,0.555555555555556,0,0,0,0,0,0,0,0,2063,15.19181,-0.424748599454066
"64",22,22,1,15.6613788824676,31.6874139744983,33.986209658421,35.6713369557621,38.3273061447901,40.7580380218364,45.7699372184206,47.7214333493751,51.8962679492941,1,1,1,1,1,1,1,1,0.781818181818182,0.763636363636364,0.745454545454545,0.709090909090909,0.672727272727273,0.618181818181818,0.6,0.545454545454545,0,0,0,0,0,0,0,0,2064,13.143899,-2.51747988246759
"65",22,22,2,15.578997611838,31.6050327038687,33.9038283877914,35.5889556851325,38.2449248741605,40.6756567512068,45.687555947791,47.6390520787455,51.8138866786645,1,1,1,1,1,1,1,1,0.781818181818182,0.763636363636364,0.745454545454545,0.709090909090909,0.672727272727273,0.618181818181818,0.6,0.545454545454545,0,0,0,0,0,0,0,0,2065,12.502811,-3.07618661183799
"66",22,22,3,15.5532085790014,31.5792436710321,33.8780393549548,35.5631666522959,38.2191358413239,40.6498677183702,45.6617669149544,47.6132630459089,51.7880976458279,1,1,1,1,1,1,1,1,0.796296296296296,0.777777777777778,0.759259259259259,0.722222222222222,0.685185185185185,0.62962962962963,0.611111111111111,0.555555555555556,0,0,0,0,0,0,0,0,2066,14.11169,-1.44151857900141
"67",23,23,1,15.621924290417,31.6452627144084,33.9436715846986,35.6285153291273,38.28403760367,40.7143604664512,45.7254163210421,47.6765840777472,51.8507161868148,1,1,1,1,1,1,1,1,0.781818181818182,0.763636363636364,0.745454545454545,0.709090909090909,0.672727272727273,0.618181818181818,0.6,0.545454545454545,0,0,0,0,0,0,0,0,2067,14.036673,-1.58525129041699
"68",23,23,2,15.6188972906528,31.6422357146442,33.9406445849344,35.6254883293631,38.2810106039058,40.711333466687,45.7223893212779,47.673557077983,51.8476891870506,1,1,1,1,1,1,1,1,0.781818181818182,0.763636363636364,0.745454545454545,0.709090909090909,0.672727272727273,0.618181818181818,0.6,0.545454545454545,0,0,0,0,0,0,0,0,2068,12.885218,-2.7336792906528
"69",23,23,3,15.5724351019025,31.5957735258939,33.8941823961841,35.5790261406128,38.2345484151555,40.6648712779367,45.6759271325276,47.6270948892327,51.8012269983003,1,1,1,1,1,1,1,1,0.781818181818182,0.763636363636364,0.745454545454545,0.709090909090909,0.672727272727273,0.618181818181818,0.6,0.545454545454545,0,0,0,0,0,0,0,0,2069,14.046948,-1.5254871019025
"70",24,24,1,15.6196717070159,31.6429074010381,33.9413015356056,35.626134478044,38.281639727313,40.7119470086351,45.7229707359876,47.6741259832269,51.8482313308013,1,1,1,1,1,1,1,1,0.796296296296296,0.777777777777778,0.759259259259259,0.722222222222222,0.685185185185185,0.62962962962963,0.611111111111111,0.555555555555556,0,0,0,0,0,0,0,0,2070,14.822292,-0.797379707015857
"71",24,24,2,15.6509584698178,31.67419416384,33.9725882984075,35.6574212408459,38.3129264901149,40.743233771437,45.7542574987895,47.7054127460288,51.8795180936032,1,1,1,1,1,1,1,1,0.781818181818182,0.763636363636364,0.745454545454545,0.709090909090909,0.672727272727273,0.618181818181818,0.6,0.545454545454545,0,0,0,0,0,0,0,0,2071,12.714842,-2.93611646981777
"72",24,24,3,15.5659184253125,31.5891541193348,33.8875482539022,35.5723811963406,38.2278864456096,40.6581937269317,45.6692174542842,47.6203727015236,51.794478049098,1,1,1,1,1,1,1,1,0.796296296296296,0.777777777777778,0.759259259259259,0.722222222222222,0.685185185185185,0.62962962962963,0.611111111111111,0.555555555555556,0,0,0,0,0,0,0,0,2072,15.109285,-0.456633425312502
"73",25,25,1,15.6636531370699,31.6866915230374,33.9850573554763,35.6698695510995,38.3253421008199,40.7556194556521,45.7665814779056,47.7177126988712,51.8917666470515,1,1,1,1,1,1,1,1,0.977272727272727,0.954545454545455,0.931818181818182,0.886363636363636,0.840909090909091,0.772727272727273,0.75,0.681818181818182,0,0,0,0,0,0,0,0,2073,30.524386,14.8607328629301
"74",25,25,2,16.2836272701871,32.3066656561546,34.6050314885936,36.2898436842167,38.9453162339371,41.3755935887693,46.3865556110228,48.3376868319884,52.5117407801687,1,1,1,1,1,1,1,1,0.796296296296296,0.759259259259259,0.740740740740741,0.722222222222222,0.685185185185185,0.62962962962963,0.611111111111111,0.555555555555556,0,0,0,0,0,0,0,0,2074,14.333725,-1.9499022701871
"75",25,25,3,15.6324611819422,31.6554995679098,33.9538654003487,35.6386775959718,38.2941501456922,40.7244275005244,45.7353895227779,47.6865207437436,51.8605746919239,1,1,1,1,1,1,1,1,0.796296296296296,0.777777777777778,0.759259259259259,0.722222222222222,0.685185185185185,0.62962962962963,0.611111111111111,0.555555555555556,0,0,0,0,0,0,0,0,2075,14.074936,-1.55752518194223
"76",26,26,1,15.6245850114723,31.6475665683617,33.9459242491624,35.6307304692445,38.2861936007726,40.7164623361146,45.7274065859366,47.6785308868047,51.8525700308241,1,1,1,1,1,1,1,1,0.811320754716981,0.792452830188679,0.773584905660377,0.735849056603774,0.69811320754717,0.641509433962264,0.622641509433962,0.566037735849057,0,0,0,0,0,0,0,0,2076,15.71931,0.0947249885276538
"77",26,26,2,15.6916789606589,31.7146605175483,34.013018198349,35.6978244184311,38.3532875499592,40.7835562853012,45.7945005351232,47.7456248359912,51.9196639800106,1,1,1,1,1,1,1,1,0.767857142857143,0.75,0.732142857142857,0.696428571428571,0.660714285714286,0.607142857142857,0.589285714285714,0.535714285714286,0,0,0,0,0,0,0,0,2077,12.473009,-3.21866996065891
"78",26,26,3,15.5592229899744,31.5822045468638,33.8805622276645,35.5653684477466,38.2208315792747,40.6511003146167,45.6620445644387,47.6131688653068,51.7872080093262,1,1,1,1,1,1,1,1,0.796296296296296,0.777777777777778,0.759259259259259,0.722222222222222,0.685185185185185,0.62962962962963,0.611111111111111,0.555555555555556,0,0,0,0,0,0,0,0,2078,14.310066,-1.24915698997444
"79",27,27,1,15.6358257946998,31.6589207812835,33.9572947325897,35.6421128797313,38.2975948097814,40.727880749452,45.738860472689,47.6899985859323,51.8640672787583,1,1,1,1,1,1,1,1,0.781818181818182,0.763636363636364,0.745454545454545,0.709090909090909,0.672727272727273,0.618181818181818,0.6,0.545454545454545,0,0,0,0,0,0,0,0,2079,13.141497,-2.49432879469985
"80",27,27,2,15.5884130639578,31.6115080505415,33.9098820018477,35.5947001489893,38.2501820790394,40.68046801871,45.691447741947,47.6425858551902,51.8166545480163,1,1,1,1,1,1,1,1,0.781818181818182,0.763636363636364,0.745454545454545,0.709090909090909,0.672727272727273,0.618181818181818,0.6,0.545454545454545,0,0,0,0,0,0,0,0,2080,12.898183,-2.69023006395783
"81",27,27,3,15.5785410057672,31.6016359923509,33.9000099436571,35.5848280907987,38.2403100208488,40.6705959605193,45.6815756837563,47.6327137969996,51.8067824898257,1,1,1,1,1,1,1,1,0.796296296296296,0.777777777777778,0.759259259259259,0.722222222222222,0.685185185185185,0.62962962962963,0.611111111111111,0.555555555555556,0,0,0,0,0,0,0,0,2081,14.658994,-0.919547005767196
"82",28,28,1,15.6500713058169,31.6731732926896,33.9715482481265,35.656367131344,38.3118502215408,40.7421372229728,45.7531191354439,47.7042581011149,51.8783286175392,1,1,1,1,1,1,1,1,0.796296296296296,0.777777777777778,0.759259259259259,0.722222222222222,0.685185185185185,0.62962962962963,0.611111111111111,0.555555555555556,0,0,0,0,0,0,0,0,2082,15.511032,-0.139039305816933
"83",28,28,2,15.6846415129155,31.7077434997882,34.0061184552251,35.6909373384426,38.3464204286394,40.7767074300713,45.7876893425425,47.7388283082135,51.9128988246378,1,1,1,1,1,1,1,1,0.781818181818182,0.763636363636364,0.745454545454545,0.709090909090909,0.672727272727273,0.618181818181818,0.6,0.545454545454545,0,0,0,0,0,0,0,0,2083,12.593815,-3.0908265129155
"84",28,28,3,15.5662796606959,31.5893816475686,33.8877566030055,35.572575486223,38.2280585764198,40.6583455778518,45.6693274903229,47.6204664559939,51.7945369724182,1,1,1,1,1,1,1,1,0.781818181818182,0.763636363636364,0.745454545454545,0.709090909090909,0.672727272727273,0.618181818181818,0.6,0.545454545454545,0,0,0,0,0,0,0,0,2084,12.724257,-2.84202266069593
"85",29,29,1,15.5714662553527,31.5947989848933,33.8932070383639,35.5780501840247,38.2335715148351,40.6638935139166,45.6749475876544,47.6261146509441,51.8002452765886,1,1,1,1,1,1,1,1,0.877551020408163,0.857142857142857,0.836734693877551,0.795918367346939,0.755102040816326,0.693877551020408,0.673469387755102,0.612244897959184,0,0,0,0,0,0,0,0,2085,22.913524,7.34205774464727
"86",29,29,2,15.9848721945485,32.0082049240891,34.3066129775597,35.9914561232205,38.6469774540309,41.0772994531124,46.0883535268502,48.0395205901399,52.2136512157844,1,1,1,1,1,1,1,1,0.781818181818182,0.763636363636364,0.727272727272727,0.709090909090909,0.672727272727273,0.618181818181818,0.6,0.545454545454545,0,0,0,0,0,0,0,0,2086,13.84733,-2.13754219454854
"87",29,29,3,15.6170323444885,31.6403650740291,33.9387731274997,35.6236162731605,38.2791376039709,40.7094596030524,45.7205136767901,47.6716807400799,51.8458113657244,1,1,1,1,1,1,1,1,0.781818181818182,0.763636363636364,0.745454545454545,0.709090909090909,0.672727272727273,0.618181818181818,0.6,0.545454545454545,0,0,0,0,0,0,0,0,2087,12.646699,-2.97033334448853
"88",30,30,1,15.5607718425179,31.5670715689079,33.8630363858635,35.5460885221824,38.1987870005964,40.6265255369884,45.6322527975553,47.5813457458467,51.751039218416,1,1,1,1,1,1,1,1,0.781818181818182,0.763636363636364,0.745454545454545,0.709090909090909,0.672727272727273,0.618181818181818,0.6,0.545454545454545,0,0,0,0,0,0,0,0,2088,13.994679,-1.56609284251788
"89",30,30,2,15.615812663614,31.622112390004,33.9180772069597,35.6011293432785,38.2538278216925,40.6815663580845,45.6872936186514,47.6363865669429,51.8060800395121,1,1,1,1,1,1,1,1,0.781818181818182,0.763636363636364,0.745454545454545,0.709090909090909,0.672727272727273,0.618181818181818,0.6,0.545454545454545,0,0,0,0,0,0,0,0,2089,12.747261,-2.86855166361402
"90",30,30,3,15.5648779976916,31.5711777240816,33.8671425410372,35.5501946773561,38.2028931557701,40.6306316921621,45.636358952729,47.5854519010205,51.7551453735897,1,1,1,1,1,1,1,1,0.781818181818182,0.763636363636364,0.745454545454545,0.709090909090909,0.672727272727273,0.618181818181818,0.6,0.545454545454545,0,0,0,0,0,0,0,0,2090,13.347141,-2.2177369976916
"91",31,31,1,15.5877811814481,31.5941554361892,33.8901309435901,35.5731909165172,38.2259017463958,40.6536515867964,45.6594021549737,47.6085041786097,51.7782170660583,1,1,1,1,1,1,1,1,0.781818181818182,0.763636363636364,0.745454545454545,0.709090909090909,0.672727272727273,0.618181818181818,0.6,0.545454545454545,0,0,0,0,0,0,0,0,2091,13.70188,-1.88590118144808
"92",31,31,2,15.6022785106038,31.6086527653449,33.9046282727459,35.587688245673,38.2403990755516,40.6681489159522,45.6738994841295,47.6230015077655,51.7927143952141,1,1,1,1,1,1,1,1,0.781818181818182,0.763636363636364,0.745454545454545,0.709090909090909,0.672727272727273,0.618181818181818,0.6,0.545454545454545,0,0,0,0,0,0,0,0,2092,12.870032,-2.73224651060385
"93",31,31,3,15.5682828849084,31.5746571396495,33.8706326470505,35.5536926199776,38.2064034498561,40.6341532902567,45.6399038584341,47.58900588207,51.7587187695187,1,1,1,1,1,1,1,1,0.781818181818182,0.763636363636364,0.745454545454545,0.709090909090909,0.672727272727273,0.618181818181818,0.6,0.545454545454545,0,0,0,0,0,0,0,0,2093,12.52206,-3.04622288490842
"94",32,32,1,15.5512458269686,31.5580371075189,33.8540724336539,35.537176256577,38.1899561994766,40.6177692918246,45.6236502784932,47.5728030835139,51.7426246075509,1,1,1,1,1,1,1,1,0.781818181818182,0.763636363636364,0.745454545454545,0.709090909090909,0.690909090909091,0.618181818181818,0.6,0.545454545454545,0,0,0,0,0,0,0,0,2094,13.7193,-1.83194582696864
"95",32,32,2,15.6004439966722,31.6072352772225,33.9032706033575,35.5863744262806,38.2391543691802,40.6669674615281,45.6728484481968,47.6220012532174,51.7918227772544,1,1,1,1,1,1,1,1,0.781818181818182,0.763636363636364,0.745454545454545,0.709090909090909,0.672727272727273,0.618181818181818,0.6,0.545454545454545,0,0,0,0,0,0,0,0,2095,12.724205,-2.87623899667219
"96",32,32,3,15.5595525691546,31.5663438497049,33.8623791758399,35.545482998763,38.1982629416626,40.6260760340106,45.6319570206792,47.5811098256998,51.7509313497369,1,1,1,1,1,1,1,1,0.781818181818182,0.763636363636364,0.745454545454545,0.709090909090909,0.672727272727273,0.618181818181818,0.6,0.545454545454545,0,0,0,0,0,0,0,0,2096,13.034062,-2.52549056915461
"97",33,33,1,15.5717232024078,31.578707820609,33.8747708793526,35.5578950316055,38.2107070160451,40.6385494326762,45.6444908827603,47.5936672305771,51.7635391197051,1,1,1,1,1,1,1,1,0.977272727272727,0.954545454545455,0.931818181818182,0.886363636363636,0.840909090909091,0.772727272727273,0.75,0.681818181818182,0,0,0,0,0,0,0,0,2097,29.728986,14.1572627975922
"98",33,33,2,16.2577325997863,32.2647172179876,34.5607802767311,36.2439044289841,38.8967164134236,41.3245588300548,46.3305002801388,48.2796766279557,52.4495485170836,1,1,1,1,1,1,1,1,0.796296296296296,0.759259259259259,0.740740740740741,0.722222222222222,0.685185185185185,0.62962962962963,0.611111111111111,0.555555555555556,0,0,0,0,0,0,0,0,2098,14.150693,-2.10703959978634
"99",33,33,3,15.6176065714728,31.6245911896741,33.9206542484176,35.6037784006705,38.2565903851101,40.6844328017412,45.6903742518253,47.6395505996421,51.8094224887701,1,1,1,1,1,1,1,1,0.781818181818182,0.763636363636364,0.745454545454545,0.709090909090909,0.672727272727273,0.618181818181818,0.6,0.545454545454545,0,0,0,0,0,0,0,0,2099,13.28336,-2.33424657147279
"100",34,34,1,15.5810685137922,31.5770749329844,33.8715632643326,35.5535330660104,38.2045256510694,40.6307029610082,45.6332111460035,47.5810506745279,51.7480627068788,1,1,1,1,1,1,1,1,0.796296296296296,0.777777777777778,0.759259259259259,0.722222222222222,0.685185185185185,0.62962962962963,0.611111111111111,0.555555555555556,0,0,0,0,0,0,0,0,2100,14.401111,-1.17995751379218
"101",34,34,2,15.627041278113,31.6230476973053,33.9175360286534,35.5995058303312,38.2504984153902,40.676675725329,45.6791839103243,47.6270234388488,51.7940354711997,1,1,1,1,1,1,1,1,0.781818181818182,0.763636363636364,0.745454545454545,0.709090909090909,0.672727272727273,0.618181818181818,0.6,0.545454545454545,0,0,0,0,0,0,0,0,2101,12.505605,-3.12143627811302
"102",34,34,3,15.5490796832616,31.5450861024539,33.839574433802,35.5215442354798,38.1725368205388,40.5987141304776,45.6012223154729,47.5490618439974,51.7160738763483,1,1,1,1,1,1,1,1,0.826923076923077,0.807692307692308,0.788461538461538,0.75,0.730769230769231,0.653846153846154,0.634615384615385,0.576923076923077,0,0,0,0,0,0,0,0,2102,17.508188,1.95910831673837
"103",35,35,1,15.7500756575878,31.7451703052315,34.0395278508619,35.721401780347,38.3722432589641,40.7982822769202,45.8005053192045,47.7482338209754,51.9150083338534,1,1,1,1,1,1,1,1,0.781818181818182,0.763636363636364,0.745454545454545,0.709090909090909,0.672727272727273,0.618181818181818,0.6,0.545454545454545,0,0,0,0,0,0,0,0,2103,13.913267,-1.83680865758777
"104",35,35,2,15.6024952775758,31.5975899252195,33.8919474708499,35.573821400335,38.2246628789521,40.6507018969082,45.6529249391926,47.6006534409634,51.7674279538414,1,1,1,1,1,1,1,1,0.781818181818182,0.763636363636364,0.745454545454545,0.709090909090909,0.672727272727273,0.618181818181818,0.6,0.545454545454545,0,0,0,0,0,0,0,0,2104,13.066457,-2.53603827757578
"105",35,35,3,15.5677316369845,31.5628262846282,33.8571838302587,35.5390577597437,38.1898992383609,40.615938256317,45.6181612986013,47.5658898003722,51.7326643132501,1,1,1,1,1,1,1,1,0.781818181818182,0.763636363636364,0.745454545454545,0.709090909090909,0.690909090909091,0.618181818181818,0.6,0.545454545454545,0,0,0,0,0,0,0,0,2105,12.702993,-2.86473863698453
"106",36,36,1,15.5529072212001,31.5480242836319,33.8423850444693,35.5242613308549,38.1751065242391,40.6011489419344,45.6033789941034,47.5511102253312,51.7178905773349,1,1,1,1,1,1,1,1,0.796296296296296,0.777777777777778,0.759259259259259,0.722222222222222,0.703703703703704,0.62962962962963,0.611111111111111,0.555555555555556,0,0,0,0,0,0,0,0,2106,14.715608,-0.837299221200141
"107",36,36,2,15.6355306297342,31.630647692166,33.9250084530033,35.6068847393889,38.2577299327731,40.6837723504684,45.6860024026375,47.6337336338653,51.8005139858689,1,1,1,1,1,1,1,1,0.781818181818182,0.763636363636364,0.745454545454545,0.709090909090909,0.672727272727273,0.618181818181818,0.6,0.545454545454545,0,0,0,0,0,0,0,0,2107,12.972264,-2.66326662973418
"108",36,36,3,15.563961540004,31.5590786024358,33.8534393632731,35.5353156496587,38.1861608430429,40.6122032607382,45.6144333129073,47.562164544135,51.7289448961387,1,1,1,1,1,1,1,1,0.781818181818182,0.763636363636364,0.745454545454545,0.709090909090909,0.690909090909091,0.618181818181818,0.6,0.545454545454545,0,0,0,0,0,0,0,0,2108,13.550633,-2.01332854000397
"109",37,37,1,15.5912977842111,31.5861852703231,33.8805131004293,35.5623652470123,38.2131723930798,40.6391799900303,45.6413382456903,47.589041521326,51.7557620679469,1,1,1,1,1,1,1,1,0.955555555555556,0.933333333333333,0.911111111111111,0.866666666666667,0.822222222222222,0.755555555555556,0.733333333333333,0.666666666666667,0,0,0,0,0,0,0,0,2109,29.638672,14.0473742157889
"110",37,37,2,16.2530065147726,32.2478940008846,34.5422218309907,36.2240739775738,38.8748811236413,41.3008887205917,46.3030469762518,48.2507502518875,52.4174707985083,1,1,1,1,1,1,1,1,0.796296296296296,0.759259259259259,0.740740740740741,0.722222222222222,0.685185185185185,0.62962962962963,0.611111111111111,0.555555555555556,0,0,0,0,0,0,0,0,2110,14.324599,-1.92840751477256
"111",37,37,3,15.6231313755741,31.6180188616861,33.9123466917923,35.5941988383753,38.2450059844428,40.6710135813933,45.6731718370533,47.620875112689,51.7875956593099,1,1,1,1,1,1,1,1,0.826923076923077,0.807692307692308,0.788461538461538,0.75,0.711538461538462,0.653846153846154,0.634615384615385,0.576923076923077,0,0,0,0,0,0,0,0,2111,17.508856,1.8857246244259
"112",38,38,1,15.7543388159183,31.751195860209,34.045806206347,35.7278654507076,38.3789990085051,40.8053053361036,45.8080795411857,47.7560226506383,51.9232562736117,1,1,1,1,1,1,1,1,0.781818181818182,0.763636363636364,0.745454545454545,0.709090909090909,0.672727272727273,0.618181818181818,0.6,0.545454545454545,0,0,0,0,0,0,0,0,2112,13.17746,-2.57687881591829
"113",38,38,2,15.5758731736174,31.5727302179081,33.8673405640461,35.5493998084067,38.2005333662042,40.6268396938027,45.6296138988848,47.5775570083374,51.7447906313108,1,1,1,1,1,1,1,1,0.781818181818182,0.763636363636364,0.745454545454545,0.709090909090909,0.672727272727273,0.618181818181818,0.6,0.545454545454545,0,0,0,0,0,0,0,0,2113,13.93038,-1.64549317361739
"114",38,38,3,15.606895585653,31.6037526299437,33.8983629760817,35.5804222204423,38.2315557782397,40.6578621058382,45.6606363109204,47.6085794203729,51.7758130433464,1,1,1,1,1,1,1,1,0.781818181818182,0.763636363636364,0.745454545454545,0.709090909090909,0.672727272727273,0.618181818181818,0.6,0.545454545454545,0,0,0,0,0,0,0,0,2114,12.758031,-2.84886458565295
"115",39,39,1,15.5583921776516,31.555251038756,33.8498616455002,35.5319210808976,38.1830549397927,40.6093615429545,45.6121363162176,47.5600796469042,51.7273137431636,1,1,1,1,1,1,1,1,0.781818181818182,0.763636363636364,0.745454545454545,0.709090909090909,0.690909090909091,0.618181818181818,0.6,0.545454545454545,0,0,0,0,0,0,0,0,2115,13.38653,-2.17186217765158
"116",39,39,2,15.5842308326722,31.5810896937767,33.8757003005208,35.5577597359182,38.2088935948133,40.6352001979751,45.6379749712382,47.5859183019248,51.7531523981842,1,1,1,1,1,1,1,1,0.796296296296296,0.777777777777778,0.759259259259259,0.722222222222222,0.685185185185185,0.62962962962963,0.611111111111111,0.555555555555556,0,0,0,0,0,0,0,0,2116,14.811152,-0.773078832672208
"117",39,39,3,15.6427994483626,31.6396583094671,33.9342689162113,35.6163283516086,38.2674622105037,40.6937688136655,45.6965435869286,47.6444869176153,51.8117210138746,1,1,1,1,1,1,1,1,0.955555555555556,0.933333333333333,0.911111111111111,0.866666666666667,0.822222222222222,0.755555555555556,0.733333333333333,0.666666666666667,0,0,0,0,0,0,0,0,2117,28.298132,12.6553325516374
"118",40,40,1,16.2039348962293,32.2069965126687,34.5024968508474,36.1852085019845,38.8373703336104,41.2646177331096,46.2693323239446,48.2180309664078,52.3868809007355,0,0,0,0,1,1,1,1,0,0,0,0,1,0.918918918918919,0.891891891891892,0.810810810810811,0,0,0,0,0,0,0,0,2118,41.520402,25.3164671037707
"119",40,40,2,16.7452386021349,32.7483002185742,35.0438005567529,36.7265122078901,39.3786740395159,41.8059214390151,46.8106360298501,48.7593346723133,52.9281846066411,1,1,1,1,1,1,1,1,0.796296296296296,0.759259259259259,0.740740740740741,0.703703703703704,0.685185185185185,0.62962962962963,0.592592592592593,0.555555555555556,1,1,1,1,0,0,0,0,2119,14.517094,-2.22814460213486
"120",40,40,3,15.6397559057364,31.6428175221757,33.9383178603545,35.6210295114916,38.2731913431175,40.7004387426167,45.7051533334517,47.6538519759149,51.8227019102426,1,1,1,1,1,1,1,1,0.843137254901961,0.823529411764706,0.803921568627451,0.764705882352941,0.725490196078431,0.666666666666667,0.647058823529412,0.588235294117647,1,1,1,1,0,0,0,0,2120,19.001904,3.36214809426357
"121",41,41,1,15.8448853204005,31.8750354723282,34.1744214258889,35.8599814191353,38.5166325904649,40.9479886148571,45.9611747339566,47.9131719572538,52.0890785437459,1,1,1,1,1,1,1,1,0.955555555555556,0.933333333333333,0.911111111111111,0.866666666666667,0.822222222222222,0.755555555555556,0.733333333333333,0.666666666666667,0,0,0,0,0,0,0,0,2121,29.167077,13.3221916795995
"122",41,41,2,16.2738677632051,32.3040179151328,34.6034038686934,36.2889638619398,38.9456150332695,41.3769710576616,46.3901571767612,48.3421544000584,52.5180609865505,1,1,1,1,1,1,1,1,0.811320754716981,0.773584905660377,0.754716981132076,0.735849056603774,0.69811320754717,0.641509433962264,0.622641509433962,0.566037735849057,0,0,0,0,0,0,0,0,2122,15.918543,-0.355324763205093
"123",41,41,3,15.7147638031545,31.7449139550822,34.0442999086428,35.7298599018892,38.3865110732189,40.817867097611,45.8310532167106,47.7830504400078,51.9589570264998,1,1,1,1,1,1,1,1,0.781818181818182,0.763636363636364,0.745454545454545,0.709090909090909,0.672727272727273,0.618181818181818,0.6,0.545454545454545,0,0,0,0,0,0,0,0,2123,12.982427,-2.73233680315447
"124",42,42,1,15.5893587670342,31.617693889042,33.9168194923087,35.6021886363247,38.2585390056458,40.6896197372997,45.7022382333443,47.654014439787,51.8294482050437,1,1,1,1,1,1,1,1,0.781818181818182,0.763636363636364,0.745454545454545,0.709090909090909,0.672727272727273,0.618181818181818,0.6,0.545454545454545,0,0,0,0,0,0,0,0,2124,13.637665,-1.95169376703423
"125",42,42,2,15.6172886642612,31.645623786269,33.9447493895357,35.6301185335517,38.2864689028728,40.7175496345267,45.7301681305713,47.6819443370139,51.8573781022707,1,1,1,1,1,1,1,1,0.796296296296296,0.777777777777778,0.759259259259259,0.722222222222222,0.685185185185185,0.62962962962963,0.611111111111111,0.555555555555556,0,0,0,0,0,0,0,0,2125,14.254639,-1.36264966426121
"126",42,42,3,15.6435875364446,31.6719226584524,33.9710482617191,35.6564174057351,38.3127677750562,40.7438485067101,45.7564670027547,47.7082432091974,51.8836769744541,1,1,1,1,1,1,1,1,0.728813559322034,0.711864406779661,0.694915254237288,0.661016949152542,0.627118644067797,0.576271186440678,0.559322033898305,0.508474576271186,0,0,0,0,0,0,0,0,2126,7.432096,-8.21149153644464
"127",43,43,1,15.3500306974341,31.3807959850191,33.6802701744525,35.3658948488182,38.0226479655974,40.454097290038,45.4674757834764,47.4195479120667,51.595614743411,1,1,1,1,1,1,1,1,0.781818181818182,0.763636363636364,0.745454545454545,0.709090909090909,0.690909090909091,0.618181818181818,0.6,0.545454545454545,0,0,0,0,0,0,0,0,2127,13.602844,-1.74718669743415
"128",43,43,2,15.6138601657095,31.6446254532944,33.9440996427278,35.6297243170935,38.2864774338727,40.7179267583133,45.7313052517518,47.683377380342,51.8594442116863,1,1,1,1,1,1,1,1,0.796296296296296,0.777777777777778,0.759259259259259,0.722222222222222,0.685185185185185,0.62962962962963,0.611111111111111,0.555555555555556,0,0,0,0,0,0,0,0,2128,14.731643,-0.882217165709486
"129",43,43,3,15.6621218091861,31.692887096771,33.9923612862044,35.6779859605701,38.3347390773493,40.7661884017899,45.7795668952284,47.7316390238186,51.9077058551629,1,1,1,1,1,1,1,1,0.781818181818182,0.763636363636364,0.745454545454545,0.709090909090909,0.672727272727273,0.618181818181818,0.6,0.545454545454545,0,0,0,0,0,0,0,0,2129,12.684161,-2.97796080918605
"130",44,44,1,15.5701875456172,31.6004031272745,33.8997984661621,35.5853653393026,38.2420273541968,40.6733933025738,45.686599883828,47.6386050745272,51.814528705678,1,1,1,1,1,1,1,1,0.781818181818182,0.763636363636364,0.745454545454545,0.709090909090909,0.672727272727273,0.618181818181818,0.6,0.545454545454545,0,0,0,0,0,0,0,0,2130,13.934911,-1.6352765456172
"131",44,44,2,15.6235348788109,31.6537504604682,33.9531457993558,35.6387126724963,38.2953746873904,40.7267406357674,45.7399472170217,47.6919524077209,51.8678760388717,1,1,1,1,1,1,1,1,0.796296296296296,0.777777777777778,0.759259259259259,0.722222222222222,0.685185185185185,0.62962962962963,0.611111111111111,0.555555555555556,0,0,0,0,0,0,0,0,2131,14.524784,-1.09875087881086
"132",44,44,3,15.6486943043339,31.6789098859912,33.9783052248789,35.6638720980193,38.3205341129135,40.7519000612905,45.7651066425447,47.7171118332439,51.8930354643947,1,1,1,1,1,1,1,1,0.781818181818182,0.763636363636364,0.745454545454545,0.709090909090909,0.672727272727273,0.618181818181818,0.6,0.545454545454545,0,0,0,0,0,0,0,0,2132,13.086406,-2.56228830433391
"133",45,45,1,15.5869567100989,31.6171940351685,33.91659249296,35.6021616524063,38.2588272708015,40.6901965170875,45.7034098982639,47.6554177366663,51.8313470320472,1,1,1,1,1,1,1,1,0.977272727272727,0.954545454545455,0.931818181818182,0.886363636363636,0.840909090909091,0.772727272727273,0.75,0.681818181818182,0,0,0,0,0,0,0,0,2133,29.98501,14.3980532899011
"134",45,45,2,16.3077002210721,32.3379375461417,34.6373360039332,36.3229051633795,38.9795707817747,41.4109400280607,46.4241534092371,48.3761612476395,52.5520905430204,1,1,1,1,1,1,1,1,0.811320754716981,0.773584905660377,0.754716981132076,0.735849056603774,0.69811320754717,0.641509433962264,0.622641509433962,0.566037735849057,0,0,0,0,0,0,0,0,2134,16.340109,0.0324087789279446
"135",45,45,3,15.7257306185166,31.7559679435863,34.0553664013778,35.7409355608241,38.3976011792192,40.8289704255053,45.8421838066816,47.7941916450841,51.970120940465,1,1,1,1,1,1,1,1,0.728813559322034,0.711864406779661,0.694915254237288,0.661016949152542,0.627118644067797,0.576271186440678,0.559322033898305,0.508474576271186,0,0,0,0,0,0,0,0,2135,7.054963,-8.67076761851662
"136",46,46,1,15.3305527464146,31.3709950494273,33.6718573227612,35.3584995290841,38.016856402168,40.4497734776612,45.4661783107756,47.4194288130596,51.5980165385988,1,1,1,1,1,1,1,1,0.781818181818182,0.763636363636364,0.745454545454545,0.709090909090909,0.690909090909091,0.618181818181818,0.6,0.545454545454545,0,0,0,0,0,0,0,0,2136,13.894512,-1.43604074641465
"137",46,46,2,15.6248392945269,31.6652815975396,33.9661438708735,35.6527860771964,38.3111429502803,40.7440600257735,45.7604648588879,47.7137153611719,51.8923030867111,1,1,1,1,1,1,1,1,0.781818181818182,0.763636363636364,0.745454545454545,0.709090909090909,0.672727272727273,0.618181818181818,0.6,0.545454545454545,0,0,0,0,0,0,0,0,2137,13.917274,-1.70756529452693
"138",46,46,3,15.6258186793384,31.6662609823511,33.967123255685,35.6537654620079,38.3121223350918,40.745039410585,45.7614442436994,47.7146947459834,51.8932824715226,1,1,1,1,1,1,1,1,0.781818181818182,0.763636363636364,0.745454545454545,0.709090909090909,0.672727272727273,0.618181818181818,0.6,0.545454545454545,0,0,0,0,0,0,0,0,2138,13.060303,-2.56551567933844
"139",47,47,1,15.5867698479436,31.6273224442528,33.9282005382031,35.6148543417953,38.273229493611,40.706163297723,45.7226026233917,47.6758665561305,51.8544830134346,1,1,1,1,1,1,1,1,0.781818181818182,0.763636363636364,0.745454545454545,0.709090909090909,0.672727272727273,0.618181818181818,0.6,0.545454545454545,0,0,0,0,0,0,0,0,2139,12.865382,-2.72138784794355
"140",47,47,2,15.5784097857565,31.6189623820658,33.919840476016,35.6064942796083,38.264869431424,40.697803235536,45.7142425612046,47.6675064939435,51.8461229512475,1,1,1,1,1,1,1,1,0.781818181818182,0.763636363636364,0.745454545454545,0.709090909090909,0.672727272727273,0.618181818181818,0.6,0.545454545454545,0,0,0,0,0,0,0,0,2140,13.737322,-1.84108778575649
"141",47,47,3,15.61580684725,31.6563594435593,33.9572375375096,35.6438913411018,38.3022664929175,40.7352002970295,45.7516396226982,47.704903555437,51.8835200127411,1,1,1,1,1,1,1,1,0.781818181818182,0.763636363636364,0.745454545454545,0.709090909090909,0.672727272727273,0.618181818181818,0.6,0.545454545454545,0,0,0,0,0,0,0,0,2141,12.745418,-2.87038884725004
"142",48,48,1,15.5712610708612,31.6121683824551,33.9130973572353,35.5997884589119,38.258222397125,40.6912100023016,45.7077602597909,47.6610673863391,51.8397762481359,1,1,1,1,1,1,1,1,0.781818181818182,0.763636363636364,0.745454545454545,0.709090909090909,0.672727272727273,0.618181818181818,0.6,0.545454545454545,0,0,0,0,0,0,0,0,2142,13.417388,-2.15387307086122
"143",48,48,2,15.5998999435967,31.6408072551907,33.9417362299708,35.6284273316474,38.2868612698605,40.7198488750371,45.7363991325264,47.6897062590747,51.8684151208715,1,1,1,1,1,1,1,1,0.781818181818182,0.763636363636364,0.745454545454545,0.709090909090909,0.672727272727273,0.618181818181818,0.6,0.545454545454545,0,0,0,0,0,0,0,0,2143,12.965589,-2.63431094359674
"144",48,48,3,15.5806445987703,31.6215519103642,33.9224808851444,35.609171986821,38.267605925034,40.7005935302107,45.7171437876999,47.6704509142482,51.849159776045,1,1,1,1,1,1,1,1,0.741379310344828,0.724137931034483,0.706896551724138,0.672413793103448,0.637931034482759,0.586206896551724,0.568965517241379,0.517241379310345,0,0,0,0,0,0,0,0,2144,8.943388,-6.63725659877028
"145",49,49,1,15.4061571140229,31.4489832401638,33.7501874522421,35.437080316036,38.095832256318,40.5291108956561,45.546261233267,47.4998020145616,51.6790107338288,1,1,1,1,1,1,1,1,0.796296296296296,0.777777777777778,0.759259259259259,0.722222222222222,0.703703703703704,0.62962962962963,0.611111111111111,0.555555555555556,0,0,0,0,0,0,0,0,2145,15.503382,0.0972248859770595
"146",49,49,2,15.6876554624557,31.7304815885966,34.0316858006749,35.7185786644688,38.3773306047508,40.8106092440889,45.8277595816998,47.7813003629944,51.9605090822616,1,1,1,1,1,1,1,1,0.86,0.84,0.82,0.78,0.74,0.68,0.66,0.6,0,0,0,0,0,0,0,0,2146,21.866885,6.17922953754425
"147",49,49,3,15.9607221123257,32.0035482384666,34.3047524505449,35.9916453143388,38.6503972546208,41.0836758939589,46.1008262315698,48.0543670128644,52.2335757321316,1,1,1,1,1,1,1,1,0.781818181818182,0.763636363636364,0.727272727272727,0.709090909090909,0.672727272727273,0.618181818181818,0.6,0.545454545454545,0,0,0,0,0,0,0,0,2147,13.088817,-2.87190511232574
"148",50,50,1,15.5790776903246,31.6150260540057,33.9152437107341,35.6014133822225,38.2590254819215,40.6912609439324,45.7062603657398,47.6589636393943,51.8363806790275,1,1,1,1,1,1,1,1,0.781818181818182,0.763636363636364,0.745454545454545,0.709090909090909,0.672727272727273,0.618181818181818,0.6,0.545454545454545,0,0,0,0,0,0,0,0,2148,13.355026,-2.22405169032465
"149",50,50,2,15.5905175484351,31.6264659121161,33.9266835688445,35.612853240333,38.2704653400319,40.7027008020428,45.7177002238502,47.6704034975047,51.8478205371379,1,1,1,1,1,1,1,1,0.781818181818182,0.763636363636364,0.745454545454545,0.709090909090909,0.672727272727273,0.618181818181818,0.6,0.545454545454545,0,0,0,0,0,0,0,0,2149,13.038631,-2.55188654843507
"150",50,50,3,15.5769210362704,31.6128693999514,33.9130870566799,35.5992567281683,38.2568688278673,40.6891042898781,45.7041037116855,47.65680698534,51.8342240249733,1,1,1,1,1,1,1,1,0.781818181818182,0.763636363636364,0.745454545454545,0.709090909090909,0.672727272727273,0.618181818181818,0.6,0.545454545454545,0,0,0,0,0,0,0,0,2150,12.868746,-2.70817503627039
"151",51,51,1,15.5676152688398,31.6039000991549,33.9041660191026,35.5903710698415,38.2480389316181,40.6803254268488,45.6954300734884,47.6481743188075,51.8256790091002,1,1,1,1,1,1,1,1,0.781818181818182,0.763636363636364,0.745454545454545,0.709090909090909,0.672727272727273,0.618181818181818,0.6,0.545454545454545,0,0,0,0,0,0,0,0,2151,13.432574,-2.13504126883983
"152",51,51,2,15.5918027533774,31.6280875836925,33.9283535036402,35.6145585543791,38.2722264161557,40.7045129113864,45.719617558026,47.6723618033451,51.8498664936378,1,1,1,1,1,1,1,1,0.781818181818182,0.763636363636364,0.745454545454545,0.709090909090909,0.672727272727273,0.618181818181818,0.6,0.545454545454545,0,0,0,0,0,0,0,0,2152,13.229714,-2.36208875337743
"153",51,51,3,15.5831003244216,31.6193851547367,33.9196510746844,35.6058561254232,38.2635239871999,40.6958104824306,45.7109151290702,47.6636593743893,51.841164064682,1,1,1,1,1,1,1,1,0.728813559322034,0.711864406779661,0.694915254237288,0.661016949152542,0.627118644067797,0.576271186440678,0.559322033898305,0.508474576271186,0,0,0,0,0,0,0,0,2153,6.659936,-8.92316432442162
"154",52,52,1,15.2974008897254,31.3370433689914,33.6377909145484,35.3243490199181,37.9825733394904,40.4153691025651,45.4315238029442,47.3846769103992,51.5630562792343,1,1,1,1,1,1,1,1,0.781818181818182,0.763636363636364,0.745454545454545,0.709090909090909,0.690909090909091,0.618181818181818,0.6,0.545454545454545,0,0,0,0,0,0,0,0,2154,13.580057,-1.71734388972538
"155",52,52,2,15.5947042933281,31.6343467725941,33.9350943181511,35.6216524235208,38.2798767430931,40.7126725061678,45.7288272065469,47.6819803140019,51.860359682837,1,1,1,1,1,1,1,1,0.796296296296296,0.777777777777778,0.759259259259259,0.722222222222222,0.685185185185185,0.62962962962963,0.611111111111111,0.555555555555556,0,0,0,0,0,0,0,0,2155,14.585061,-1.00964329332808
"156",52,52,3,15.6378814443973,31.6775239236633,33.9782714692204,35.66482957459,38.3230538941624,40.755849657237,45.7720043576161,47.7251574650711,51.9035368339063,1,1,1,1,1,1,1,1,0.781818181818182,0.763636363636364,0.745454545454545,0.709090909090909,0.672727272727273,0.618181818181818,0.6,0.545454545454545,0,0,0,0,0,0,0,0,2156,13.273892,-2.3639894443973
"157",53,53,1,15.5666270986305,31.5861478428628,33.8840091001157,35.5684514179696,38.2233409945458,40.6530848147982,45.6629467479976,47.6136496244477,51.7867872154416,1,1,1,1,1,1,1,1,0.781818181818182,0.763636363636364,0.745454545454545,0.709090909090909,0.672727272727273,0.618181818181818,0.6,0.545454545454545,0,0,0,0,0,0,0,0,2157,13.293212,-2.27341509863049
"158",53,53,2,15.5674779342918,31.5869986785242,33.884859935777,35.5693022536309,38.2241918302071,40.6539356504595,45.6637975836589,47.614500460109,51.7876380511029,1,1,1,1,1,1,1,1,1,0.976744186046512,0.953488372093023,0.906976744186046,0.86046511627907,0.790697674418605,0.767441860465116,0.697674418604651,0,0,0,0,0,0,0,0,2158,32.799474,17.2319960657082
"159",53,53,3,16.4265164088628,32.4460371530952,34.743898410348,36.4283407282019,39.0832303047781,41.5129741250305,46.5228360582299,48.4735389346801,52.646676525674,1,1,1,1,1,1,1,1,0.781818181818182,0.745454545454545,0.727272727272727,0.690909090909091,0.672727272727273,0.618181818181818,0.581818181818182,0.545454545454545,0,0,0,0,0,0,0,0,2159,13.018156,-3.40836040886282
"160",54,54,1,15.558197744838,31.582776284206,33.8813630382871,35.5663371800512,38.2220649769337,40.6525759328996,45.6640196147493,47.6153383807555,51.7897935439381,1,1,1,1,1,1,1,1,0.781818181818182,0.763636363636364,0.745454545454545,0.709090909090909,0.672727272727273,0.618181818181818,0.6,0.545454545454545,0,0,0,0,0,0,0,0,2160,13.435125,-2.12307274483801
"161",54,54,2,15.576320730214,31.600899269582,33.8994860236631,35.5844601654272,38.2401879623097,40.6706989182756,45.6821426001253,47.6334613661315,51.8079165293141,1,1,1,1,1,1,1,1,0.781818181818182,0.763636363636364,0.745454545454545,0.709090909090909,0.672727272727273,0.618181818181818,0.6,0.545454545454545,0,0,0,0,0,0,0,0,2161,13.048941,-2.52737973021401
"162",54,54,3,15.5595357726166,31.5841143119846,33.8827010660657,35.5676752078297,38.2234030047123,40.6539139606781,45.6653576425278,47.6166764085341,51.7911315717166,1,1,1,1,1,1,1,1,0.741379310344828,0.724137931034483,0.706896551724138,0.672413793103448,0.637931034482759,0.586206896551724,0.568965517241379,0.517241379310345,0,0,0,0,0,0,0,0,2162,8.204434,-7.35510177261657
"163",55,55,1,15.3464088612805,31.3731340433265,33.6720287146744,35.3572285745374,38.013312131081,40.4441486767986,45.4562636885593,47.4078438520264,51.5828582226533,1,1,1,1,1,1,1,1,0.781818181818182,0.763636363636364,0.745454545454545,0.709090909090909,0.690909090909091,0.618181818181818,0.6,0.545454545454545,0,0,0,0,0,0,0,0,2163,13.71781,-1.62859886128048
"164",55,55,2,15.5873844384848,31.6141096205309,33.9130042918788,35.5982041517418,38.2542877082854,40.6851242540029,45.6972392657637,47.6488194292308,51.8238337998576,1,1,1,1,1,1,1,1,0.781818181818182,0.763636363636364,0.745454545454545,0.709090909090909,0.672727272727273,0.618181818181818,0.6,0.545454545454545,0,0,0,0,0,0,0,0,2164,12.87729,-2.71009443848485
"165",55,55,3,15.5506474569781,31.5773726390241,33.876267310372,35.561467170235,38.2175507267786,40.6483872724962,45.6605022842569,47.612082447724,51.7870968183509,1,1,1,1,1,1,1,1,0.781818181818182,0.763636363636364,0.745454545454545,0.709090909090909,0.672727272727273,0.618181818181818,0.6,0.545454545454545,0,0,0,0,0,0,0,0,2165,13.041394,-2.50925345697809
"166",56,56,1,15.5582740680496,31.5847691915048,33.8836308629439,35.5688065322939,38.2248519615949,40.6556536134196,45.6676966778484,47.6192488269971,51.794203266608,1,1,1,1,1,1,1,1,0.796296296296296,0.777777777777778,0.759259259259259,0.722222222222222,0.685185185185185,0.62962962962963,0.611111111111111,0.555555555555556,0,0,0,0,0,0,0,0,2166,14.115162,-1.44311206804958
"167",56,56,2,15.605207794331,31.6317029177862,33.9305645892254,35.6157402585753,38.2717856878763,40.702587339701,45.7146304041298,47.6661825532785,51.8411369928894,1,1,1,1,1,1,1,1,0.781818181818182,0.763636363636364,0.745454545454545,0.709090909090909,0.672727272727273,0.618181818181818,0.6,0.545454545454545,0,0,0,0,0,0,0,0,2167,12.925979,-2.679228794331
"168",56,56,3,15.5532293507375,31.5797244741927,33.8785861456319,35.5637618149818,38.2198072442828,40.6506088961075,45.6626519605363,47.614204109685,51.7891585492959,1,1,1,1,1,1,1,1,0.781818181818182,0.763636363636364,0.745454545454545,0.709090909090909,0.672727272727273,0.618181818181818,0.6,0.545454545454545,0,0,0,0,0,0,0,0,2168,12.779308,-2.77392135073749
"169",57,57,1,15.5466335810389,31.5732465806725,33.8721251604266,35.557313224381,38.2133781891127,40.6441977196818,45.656277648096,47.6078441510698,51.782829297811,1,1,1,1,1,1,1,1,0.796296296296296,0.777777777777778,0.759259259259259,0.722222222222222,0.685185185185185,0.62962962962963,0.611111111111111,0.555555555555556,0,0,0,0,0,0,0,0,2169,14.216919,-1.32971458103894
"170",57,57,2,15.6094694017693,31.6360824014028,33.934960981157,35.6201490451114,38.276214009843,40.7070335404121,45.7191134688263,47.6706799718002,51.8456651185414,1,1,1,1,1,1,1,1,0.877551020408163,0.857142857142857,0.836734693877551,0.795918367346939,0.755102040816326,0.693877551020408,0.673469387755102,0.612244897959184,0,0,0,0,0,0,0,0,2170,23.335757,7.72628759823071
"171",57,57,3,16.008040134629,32.0346531342625,34.3335317140167,36.0187197779711,38.6747847427027,41.1056042732718,46.117684201686,48.0692507046599,52.2442358514011,1,1,1,1,1,1,1,1,0.728813559322034,0.711864406779661,0.677966101694915,0.661016949152542,0.627118644067797,0.576271186440678,0.559322033898305,0.508474576271186,0,0,0,0,0,0,0,0,2171,6.750197,-9.25784313462899
"172",58,58,1,15.2788217875381,31.2990851759246,33.5970529590378,35.2815733654476,37.9365860192528,40.3664424792698,45.3765366631549,47.3273299716542,51.5006610238812,1,1,1,1,1,1,1,1,0.796296296296296,0.777777777777778,0.759259259259259,0.722222222222222,0.703703703703704,0.62962962962963,0.611111111111111,0.574074074074074,0,0,0,0,0,0,0,0,2172,14.747355,-0.531466787538061
"173",58,58,2,15.6224545940654,31.642717982452,33.9406857655652,35.6252061719749,38.2802188257802,40.7100752857971,45.7201694696822,47.6709627781816,51.8442938304085,1,1,1,1,1,1,1,1,0.781818181818182,0.763636363636364,0.745454545454545,0.709090909090909,0.672727272727273,0.618181818181818,0.6,0.545454545454545,0,0,0,0,0,0,0,0,2173,13.325844,-2.29661059406544
"174",58,58,3,15.5613731680839,31.5816365564705,33.8796043395837,35.5641247459934,38.2191373997987,40.6489938598156,45.6590880437007,47.6098813522,51.783212404427,1,1,1,1,1,1,1,1,0.781818181818182,0.763636363636364,0.745454545454545,0.709090909090909,0.672727272727273,0.618181818181818,0.6,0.545454545454545,0,0,0,0,0,0,0,0,2174,13.155259,-2.40611416808392
"175",59,59,1,15.5552061407117,31.572575058178,33.8701276545516,35.554343709203,38.2088766669675,40.6382941111772,45.6474830932206,47.5979239409416,51.7705009740193,1,1,1,1,1,1,1,1,0.796296296296296,0.777777777777778,0.759259259259259,0.722222222222222,0.685185185185185,0.62962962962963,0.611111111111111,0.555555555555556,0,0,0,0,0,0,0,0,2175,15.032421,-0.522785140711747
"176",59,59,2,15.6350543618891,31.6524232793553,33.9499758757289,35.6341919303804,38.2887248881448,40.7181423323545,45.7273313143979,47.6777721621189,51.8503491951966,1,1,1,1,1,1,1,1,0.781818181818182,0.763636363636364,0.745454545454545,0.709090909090909,0.672727272727273,0.618181818181818,0.6,0.545454545454545,0,0,0,0,0,0,0,0,2176,13.784489,-1.85056536188907
"177",59,59,3,15.5819714897927,31.5993404072589,33.8968930036325,35.5811090582839,38.2356420160484,40.6650594602581,45.6742484423015,47.6246892900225,51.7972663231002,1,1,1,1,1,1,1,1,0.781818181818182,0.763636363636364,0.745454545454545,0.709090909090909,0.672727272727273,0.618181818181818,0.6,0.545454545454545,0,0,0,0,0,0,0,0,2177,13.466583,-2.11538848979265
"178",60,60,1,15.5697691174113,31.5868522671911,33.8843638726695,35.5685498790323,38.2230354769747,40.6524095776735,45.661509190211,47.6119152398968,51.7844178295567,1,1,1,1,1,1,1,1,0.796296296296296,0.777777777777778,0.759259259259259,0.722222222222222,0.685185185185185,0.62962962962963,0.611111111111111,0.555555555555556,0,0,0,0,0,0,0,0,2178,15.10624,-0.463529117411294
"179",60,60,2,15.6394316742454,31.6565148240252,33.9540264295037,35.6382124358664,38.2926980338088,40.7220721345077,45.7311717470452,47.6815777967309,51.8540803863909,1,1,1,1,1,1,1,1,0.781818181818182,0.763636363636364,0.745454545454545,0.709090909090909,0.672727272727273,0.618181818181818,0.6,0.545454545454545,0,0,0,0,0,0,0,0,2179,12.945325,-2.69410667424542
"180",60,60,3,15.5476229215604,31.5647060713402,33.8622176768187,35.5464036831814,38.2008892811238,40.6302633818227,45.6393629943602,47.5897690440459,51.7622716337059,1,1,1,1,1,1,1,1,0.728813559322034,0.711864406779661,0.694915254237288,0.661016949152542,0.627118644067797,0.576271186440678,0.559322033898305,0.508474576271186,0,0,0,0,0,0,0,0,2180,7.668174,-7.87944892156043
"181",61,61,1,15.3197479932071,31.3391382251797,33.6369807615813,35.3214093561549,37.9762773031428,40.4060013280866,45.415822445558,47.3665094294827,51.5396130216057,1,1,1,1,1,1,1,1,0.796296296296296,0.777777777777778,0.759259259259259,0.722222222222222,0.703703703703704,0.62962962962963,0.611111111111111,0.574074074074074,0,0,0,0,0,0,0,0,2181,14.506005,-0.813742993207057
"182",61,61,2,15.6103071384534,31.629697370426,33.9275399068276,35.6119685014012,38.2668364483891,40.6965604733329,45.7063815908043,47.657068574729,51.8301721668521,1,1,1,1,1,1,1,1,0.977272727272727,0.954545454545455,0.931818181818182,0.886363636363636,0.840909090909091,0.772727272727273,0.75,0.681818181818182,0,0,0,0,0,0,0,0,2182,30.628291,15.0179838615466
"183",61,61,3,16.2953895336715,32.3147797656441,34.6126223020457,36.2970508966193,38.9519188436072,41.3816428685511,46.3914639860224,48.3421509699472,52.5152545620702,1,1,1,1,1,1,1,1,0.781818181818182,0.745454545454545,0.727272727272727,0.709090909090909,0.672727272727273,0.618181818181818,0.6,0.545454545454545,0,0,0,0,0,0,0,0,2183,12.991381,-3.30400853367151
"184",62,62,1,15.5497954660457,31.5676402504,33.8652611057498,35.5495271974989,38.2041390199223,40.6336286407376,45.6429664429265,47.5934652371318,51.7661662350914,1,1,1,1,1,1,1,1,0.796296296296296,0.777777777777778,0.759259259259259,0.722222222222222,0.685185185185185,0.62962962962963,0.611111111111111,0.555555555555556,0,0,0,0,0,0,0,0,2184,15.038669,-0.511126466045745
"185",62,62,2,15.6377260533504,31.6555708377046,33.9531916930544,35.6374577848035,38.292069607227,40.7215592280422,45.7308970302311,47.6813958244364,51.8540968223961,1,1,1,1,1,1,1,1,0.781818181818182,0.763636363636364,0.745454545454545,0.709090909090909,0.672727272727273,0.618181818181818,0.6,0.545454545454545,0,0,0,0,0,0,0,0,2185,12.930262,-2.70746405335039
"186",62,62,3,15.5471704179013,31.5650152022556,33.8626360576054,35.5469021493544,38.2015139717779,40.6310035925932,45.640341394782,47.5908401889874,51.763541186947,1,1,1,1,1,1,1,1,0.781818181818182,0.763636363636364,0.745454545454545,0.709090909090909,0.672727272727273,0.618181818181818,0.6,0.545454545454545,0,0,0,0,0,0,0,0,2186,13.456454,-2.09071641790134
"187",63,63,1,15.5697097759568,31.5876234588281,33.8852541970724,35.5695275334563,38.2241507743209,40.6536508452457,45.6630101943999,47.6135173784027,51.7862363246516,1,1,1,1,1,1,1,1,0.914893617021277,0.893617021276596,0.872340425531915,0.829787234042553,0.787234042553192,0.723404255319149,0.702127659574468,0.638297872340426,0,0,0,0,0,0,0,0,2187,26.347496,10.7777862240432
"188",63,63,2,16.1233726553155,32.1412863381868,34.4389170764311,36.123190412815,38.7778136536797,41.2073137246044,46.2166730737586,48.1671802577615,52.3398992040104,1,1,1,1,1,1,1,1,0.843137254901961,0.803921568627451,0.784313725490196,0.764705882352941,0.725490196078431,0.666666666666667,0.647058823529412,0.588235294117647,0,0,0,0,0,0,0,0,2188,19.977434,3.85406134468449
"189",63,63,3,15.8497821365185,31.8676958193899,34.1653265576342,35.8495998940181,38.5042231348827,40.9337232058074,45.9430825549617,47.8935897389645,52.0663086852134,1,1,1,1,1,1,1,1,0.728813559322034,0.711864406779661,0.694915254237288,0.661016949152542,0.627118644067797,0.576271186440678,0.559322033898305,0.508474576271186,0,0,0,0,0,0,0,0,2189,6.257613,-9.59216913651854
"190",64,64,1,15.2668902614124,31.2938514066062,33.5927799248203,35.2780045960568,37.9341272583958,40.3649995935736,45.3771883992269,47.3287972960124,51.5038731358116,1,1,1,1,1,1,1,1,0.796296296296296,0.777777777777778,0.759259259259259,0.722222222222222,0.703703703703704,0.62962962962963,0.611111111111111,0.574074074074074,0,0,0,0,0,0,0,0,2190,15.044129,-0.222761261412378
"191",64,64,2,15.6409871998214,31.6679483450152,33.9668768632293,35.6521015344657,38.3082241968048,40.7390965319826,45.7512853376359,47.7028942344214,51.8779700742206,1,1,1,1,1,1,1,1,0.781818181818182,0.763636363636364,0.745454545454545,0.709090909090909,0.672727272727273,0.618181818181818,0.6,0.545454545454545,0,0,0,0,0,0,0,0,2191,13.050133,-2.59085419982137
"192",64,64,3,15.5560903193286,31.5830514645224,33.8819799827365,35.567204653973,38.2233273163121,40.6541996514898,45.6663884571431,47.6179973539286,51.7930731937279,1,1,1,1,1,1,1,1,0.781818181818182,0.763636363636364,0.745454545454545,0.709090909090909,0.672727272727273,0.618181818181818,0.6,0.545454545454545,0,0,0,0,0,0,0,0,2192,13.594544,-1.96154631932861
"193",65,65,1,15.5842562326079,31.6084812303201,33.9070172719182,35.5919542390042,38.2476234439931,40.6780807769032,45.6894138939669,47.6406896090769,51.8150526735008,1,1,1,1,1,1,1,1,0.796296296296296,0.777777777777778,0.759259259259259,0.722222222222222,0.685185185185185,0.62962962962963,0.611111111111111,0.555555555555556,0,0,0,0,0,0,0,0,2193,14.826959,-0.757297232607941
"194",65,65,2,15.6368998863695,31.6611248840817,33.9596609256797,35.6445978927658,38.3002670977546,40.7307244306647,45.7420575477284,47.6933332628384,51.8676963272624,1,1,1,1,1,1,1,1,0.977272727272727,0.954545454545455,0.931818181818182,0.886363636363636,0.840909090909091,0.772727272727273,0.75,0.681818181818182,0,0,0,0,0,0,0,0,2194,31.152448,15.5155481136305
"195",65,65,3,16.334257018832,32.3584820165442,34.6570180581423,36.3419550252283,38.9976242302171,41.4280815631273,46.4394146801909,48.3906903953009,52.5650534597249,1,1,1,1,1,1,1,1,0.781818181818182,0.745454545454545,0.727272727272727,0.709090909090909,0.672727272727273,0.618181818181818,0.6,0.545454545454545,0,0,0,0,0,0,0,0,2195,12.897911,-3.436346018832
"196",66,66,1,15.5550058597223,31.5818289998918,33.8807377224825,35.5659478825793,38.2220476735662,40.6528990769782,45.6650447236551,47.6166368155185,51.7916767045572,1,1,1,1,1,1,1,1,0.796296296296296,0.777777777777778,0.759259259259259,0.722222222222222,0.685185185185185,0.62962962962963,0.611111111111111,0.555555555555556,0,0,0,0,0,0,0,0,2196,14.479589,-1.07541685972228
"197",66,66,2,15.622293647413,31.6491167875825,33.9480255101732,35.63323567027,38.2893354612569,40.7201868646689,45.7323325113458,47.6839246032092,51.8589644922479,1,1,1,1,1,1,1,1,0.781818181818182,0.763636363636364,0.745454545454545,0.709090909090909,0.672727272727273,0.618181818181818,0.6,0.545454545454545,0,0,0,0,0,0,0,0,2197,12.928763,-2.69353064741298
"198",66,66,3,15.5563183663297,31.5831415064992,33.8820502290899,35.5672603891867,38.2233601801736,40.6542115835856,45.6663572302625,47.617949322126,51.7929892111646,1,1,1,1,1,1,1,1,0.728813559322034,0.711864406779661,0.694915254237288,0.661016949152542,0.627118644067797,0.576271186440678,0.559322033898305,0.508474576271186,0,0,0,0,0,0,0,0,2198,7.508394,-8.04792436632971
"199",67,67,1,15.3011328709244,31.2667226531186,33.5568479817995,35.2356194936318,37.8815711780416,40.3031350768204,45.2961309203253,47.2402666038826,51.3993550027319,1,1,1,1,1,1,1,1,0.781818181818182,0.763636363636364,0.745454545454545,0.709090909090909,0.690909090909091,0.636363636363636,0.6,0.563636363636364,0,0,0,0,0,0,0,0,2199,13.402594,-1.89853887092437
"200",67,67,2,15.5500785065626,31.5156682887568,33.8057936174378,35.48456512927,38.1305168136798,40.5520807124586,45.5450765559635,47.4892122395208,51.6483006383701,1,1,1,1,1,1,1,1,0.781818181818182,0.763636363636364,0.745454545454545,0.709090909090909,0.690909090909091,0.618181818181818,0.6,0.545454545454545,0,0,0,0,0,0,0,0,2200,13.219261,-2.33081750656259
"201",67,67,3,15.5423353098237,31.5079250920179,33.7980504206989,35.4768219325311,38.1227736169409,40.5443375157197,45.5373333592246,47.4814690427819,51.6405574416312,1,1,1,1,1,1,1,1,0.781818181818182,0.763636363636364,0.745454545454545,0.709090909090909,0.690909090909091,0.618181818181818,0.6,0.545454545454545,0,0,0,0,0,0,0,0,2201,12.950103,-2.59223230982368
"202",68,68,1,15.5328911162739,31.4971423347886,33.7870756581237,35.4657064208448,38.1114362672347,40.532797140787,45.5253743688207,47.4693470549912,51.6280867536205,1,1,1,1,1,1,1,1,0.796296296296296,0.777777777777778,0.759259259259259,0.722222222222222,0.703703703703704,0.62962962962963,0.611111111111111,0.555555555555556,0,0,0,0,0,0,0,0,2202,14.416001,-1.11689011627391
"203",68,68,2,15.5947755963249,31.5590268148395,33.8489601381747,35.5275909008957,38.1733207472857,40.5946816208379,45.5872588488716,47.5312315350422,51.6899712336714,1,1,1,1,1,1,1,1,0.781818181818182,0.763636363636364,0.745454545454545,0.709090909090909,0.690909090909091,0.618181818181818,0.6,0.545454545454545,0,0,0,0,0,0,0,0,2203,13.043941,-2.55083459632486
"204",68,68,3,15.536852589609,31.5011038081237,33.7910371314589,35.4696678941799,38.1153977405699,40.5367586141221,45.5293358421558,47.4733085283263,51.6320482269556,1,1,1,1,1,1,1,1,0.781818181818182,0.763636363636364,0.745454545454545,0.709090909090909,0.690909090909091,0.618181818181818,0.6,0.545454545454545,0,0,0,0,0,0,0,0,2204,13.191923,-2.34492958960904
"205",69,69,1,15.543335490026,31.5075036607441,33.7974250715934,35.476047101892,38.1217631849033,40.5431114622691,45.5356627183651,47.4796252917752,51.6383433561815,1,1,1,1,1,1,1,1,0.843137254901961,0.823529411764706,0.803921568627451,0.764705882352941,0.745098039215686,0.666666666666667,0.647058823529412,0.588235294117647,0,0,0,0,0,0,0,0,2205,20.281103,4.73776750997403
"206",69,69,2,15.8426193540039,31.806787524722,34.0967089355713,35.7753309658699,38.4210470488812,40.842395326247,45.834946582343,47.7789091557531,51.9376272201595,1,1,1,1,1,1,1,1,0.895833333333333,0.875,0.854166666666667,0.8125,0.770833333333333,0.708333333333333,0.6875,0.625,0,0,0,0,0,0,0,0,2206,24.675608,8.83298864599611
"207",69,69,3,16.0281421417833,31.9923103125014,34.2822317233508,35.9608537536493,38.6065698366607,41.0279181140264,46.0204693701225,47.9644319435325,52.1231500079389,1,1,1,1,1,1,1,1,0.728813559322034,0.711864406779661,0.677966101694915,0.661016949152542,0.627118644067797,0.576271186440678,0.559322033898305,0.508474576271186,0,0,0,0,0,0,0,0,2207,7.424472,-8.60367014178335
"208",70,70,1,15.307764159521,31.2789363168344,33.5698623887906,35.2492208837814,37.8960977263001,40.318508325905,45.3132499724868,47.2580654238959,51.4186080497367,1,1,1,1,1,1,1,1,0.843137254901961,0.823529411764706,0.803921568627451,0.764705882352941,0.745098039215686,0.666666666666667,0.647058823529412,0.607843137254902,0,0,0,0,0,0,0,0,2208,20.209973,4.90220884047901
"209",70,70,2,15.8401415306302,31.8113136879436,34.1022397598998,35.7815982548907,38.4284750974093,40.8508856970142,45.845627343596,47.7904427950051,51.9509854208459,1,1,1,1,1,1,1,1,0.781818181818182,0.763636363636364,0.745454545454545,0.709090909090909,0.672727272727273,0.618181818181818,0.6,0.545454545454545,0,0,0,0,0,0,0,0,2209,13.53906,-2.30108153063019
"210",70,70,3,15.562370395511,31.5335425528243,33.8244686247806,35.5038271197714,38.15070396229,40.573114561895,45.5678562084767,47.5126716598858,51.6732142857266,1,1,1,1,1,1,1,1,0.781818181818182,0.763636363636364,0.745454545454545,0.709090909090909,0.690909090909091,0.618181818181818,0.6,0.545454545454545,0,0,0,0,0,0,0,0,2210,13.332596,-2.22977439551095
"211",71,71,1,15.5614294680593,31.5299126067269,33.8204529622898,35.499528708697,38.145959904452,40.5679626500056,45.5618633468257,47.5063513554548,51.6661934831363,1,1,1,1,1,1,1,1,0.843137254901961,0.823529411764706,0.803921568627451,0.764705882352941,0.745098039215686,0.666666666666667,0.647058823529412,0.588235294117647,0,0,0,0,0,0,0,0,2211,20.013695,4.45226553194068
"212",71,71,2,15.8401366568777,31.8086197955454,34.0991601511082,35.7782358975154,38.4246670932704,40.846669838824,45.8405705356441,47.7850585442732,51.9449006719547,1,1,1,1,1,1,1,1,0.781818181818182,0.763636363636364,0.745454545454545,0.709090909090909,0.672727272727273,0.618181818181818,0.6,0.545454545454545,0,0,0,0,0,0,0,0,2212,13.381575,-2.45856165687772
"213",71,71,3,15.5634726647551,31.5319558034228,33.8224961589856,35.5015719053928,38.1480031011478,40.5700058467014,45.5639065435215,47.5083945521506,51.6682366798321,1,1,1,1,1,1,1,1,0.934782608695652,0.91304347826087,0.891304347826087,0.847826086956522,0.826086956521739,0.739130434782609,0.717391304347826,0.652173913043478,0,0,0,0,0,0,0,0,2213,28.021607,12.4581343352449
"214",72,72,1,16.1783223849092,32.1539812086046,34.4455508539247,36.1253811190041,38.7730015295733,41.1960926395436,46.1922374229279,48.1375992173367,52.2993106344563,0,0,0,0,0,1,1,1,0,0,0,0,0,0.971428571428571,0.942857142857143,0.857142857142857,0,0,0,0,0,0,0,0,2214,44.086486,27.9081636150908
"215",72,72,2,16.842545474418,32.8182042981134,35.1097739434336,36.789604208513,39.4372246190822,41.8603157290525,46.8564605124367,48.8018223068455,52.9635337239652,1,1,1,1,1,1,1,1,0.763636363636364,0.745454545454545,0.727272727272727,0.690909090909091,0.672727272727273,0.618181818181818,0.581818181818182,0.545454545454545,1,1,1,1,1,0,0,0,2215,13.030515,-3.81203047441804
"216",72,72,3,15.5584964003281,31.5341552240235,33.8257248693436,35.505555134423,38.1531755449922,40.5762666549625,45.5724114383468,47.5177732327556,51.6794846498752,1,1,1,1,1,1,1,1,0.781818181818182,0.763636363636364,0.745454545454545,0.709090909090909,0.690909090909091,0.618181818181818,0.6,0.545454545454545,1,1,1,1,1,0,0,0,2216,13.318246,-2.24025040032808
"217",73,73,1,15.5815706773669,31.5902799808625,33.8865904307472,35.5698959325511,38.2229937463288,40.6510977527729,45.6575785720017,47.6069649353751,51.7772861106676,1,1,1,1,1,1,1,1,0.843137254901961,0.823529411764706,0.803921568627451,0.764705882352941,0.725490196078431,0.666666666666667,0.647058823529412,0.588235294117647,0,0,0,0,0,0,0,0,2217,20.185456,4.60388532263307
"218",73,73,2,15.8738385543155,31.882547857811,34.1788583076957,35.8621638094997,38.5152616232773,40.9433656297215,45.9498464489502,47.8992328123236,52.0695539876162,1,1,1,1,1,1,1,1,0.977272727272727,0.954545454545455,0.931818181818182,0.886363636363636,0.840909090909091,0.772727272727273,0.75,0.681818181818182,0,0,0,0,0,0,0,0,2218,30.233434,14.3595954456845
"219",73,73,3,16.3014796483967,32.3101889518922,34.606499401777,36.2898049035809,38.9429027173586,41.3710067238027,46.3774875430315,48.3268739064048,52.4971950816974,1,1,1,1,1,1,1,1,0.781818181818182,0.745454545454545,0.727272727272727,0.709090909090909,0.672727272727273,0.618181818181818,0.6,0.545454545454545,0,0,0,0,0,0,0,0,2219,13.101565,-3.19991464839671
"220",74,74,1,15.5773379999536,31.5848751637404,33.881017480354,35.5641997324204,38.217103289357,40.6450295127538,45.651143763082,47.6003873945761,51.7704032236377,1,1,1,1,1,1,1,1,0.843137254901961,0.823529411764706,0.803921568627451,0.764705882352941,0.725490196078431,0.666666666666667,0.647058823529412,0.588235294117647,0,0,0,0,0,0,0,0,2220,20.059959,4.4826210000464
"221",74,74,2,15.8769511872597,31.8844883510465,34.1806306676601,35.8638129197265,38.5167164766631,40.94464270006,45.9507569503882,47.9000005818822,52.0700164109439,1,1,1,1,1,1,1,1,0.781818181818182,0.763636363636364,0.745454545454545,0.709090909090909,0.672727272727273,0.618181818181818,0.6,0.545454545454545,0,0,0,0,0,0,0,0,2221,13.241581,-2.63537018725974
"222",74,74,3,15.5833667818872,31.590903945674,33.8870462622875,35.5702285143539,38.2231320712905,40.6510582946874,45.6571725450156,47.6064161765096,51.7764320055713,1,1,1,1,1,1,1,1,0.781818181818182,0.763636363636364,0.745454545454545,0.709090909090909,0.672727272727273,0.618181818181818,0.6,0.545454545454545,0,0,0,0,0,0,0,0,2222,13.505902,-2.07746478188717
"223",75,75,1,15.5967892857632,31.6050848293046,33.9013359289139,35.5845979241244,38.237627166126,40.6656684159678,45.6720198380519,47.6213558177249,51.7915692071951,1,1,1,1,1,1,1,1,0.843137254901961,0.823529411764706,0.803921568627451,0.764705882352941,0.725490196078431,0.666666666666667,0.647058823529412,0.588235294117647,0,0,0,0,0,0,0,0,2223,20.264343,4.66755371423676
"224",75,75,2,15.8876089775166,31.8959045210579,34.1921556206672,35.8754176158777,38.5284468578793,40.9564881077212,45.9628395298053,47.9121755094783,52.0823888989484,1,1,1,1,1,1,1,1,0.781818181818182,0.763636363636364,0.745454545454545,0.709090909090909,0.672727272727273,0.618181818181818,0.6,0.545454545454545,0,0,0,0,0,0,0,0,2224,13.036147,-2.85146197751659
"225",75,75,3,15.5765754517889,31.5848709953302,33.8811220949395,35.56438409015,38.2174133321516,40.6454545819935,45.6518060040775,47.6011419837505,51.7713553732207,1,1,1,1,1,1,1,1,0.781818181818182,0.763636363636364,0.745454545454545,0.709090909090909,0.672727272727273,0.618181818181818,0.6,0.545454545454545,0,0,0,0,0,0,0,0,2225,13.991994,-1.58458145178887
"226",76,76,1,15.6201723450878,31.6290927700592,33.9254335034879,35.6087612045794,38.261894007182,40.6900300352521,45.6965768795176,47.64598895123,51.8163651243581,1,1,1,1,1,1,1,1,0.843137254901961,0.823529411764706,0.803921568627451,0.764705882352941,0.725490196078431,0.666666666666667,0.647058823529412,0.588235294117647,0,0,0,0,0,0,0,0,2226,20.20082,4.58064765491224
"227",76,76,2,15.8868825299771,31.8958029549486,34.1921436883773,35.8754713894688,38.5286041920713,40.9567402201414,45.963287064407,47.9126991361194,52.0830753092475,1,1,1,1,1,1,1,1,0.781818181818182,0.763636363636364,0.745454545454545,0.709090909090909,0.672727272727273,0.618181818181818,0.6,0.545454545454545,0,0,0,0,0,0,0,0,2227,13.514912,-2.37197052997713
"228",76,76,3,15.5996785144622,31.6085989394337,33.9049396728624,35.5882673739539,38.2414001765564,40.6695362046265,45.6760830488921,47.6254951206044,51.7958712937326,1,1,1,1,1,1,1,1,0.796296296296296,0.777777777777778,0.759259259259259,0.722222222222222,0.685185185185185,0.62962962962963,0.611111111111111,0.555555555555556,0,0,0,0,0,0,0,0,2228,14.746074,-0.853604514462228
"229",77,77,1,15.6602872649015,31.6696752438681,33.9660830438606,35.6494599079545,38.3026701975336,40.73087714136,45.7375702060399,47.6870392119726,51.857537184447,1,1,1,1,1,1,1,1,0.843137254901961,0.823529411764706,0.803921568627451,0.764705882352941,0.725490196078431,0.666666666666667,0.647058823529412,0.588235294117647,0,0,0,0,0,0,0,0,2229,19.760013,4.09972573509847
"230",77,77,2,15.8764241254207,31.8858121043872,34.1822199043798,35.8655967684736,38.5188070580527,40.9470140018792,45.9537070665591,47.9031760724918,52.0736740449661,1,1,1,1,1,1,1,1,0.977272727272727,0.954545454545455,0.931818181818182,0.886363636363636,0.840909090909091,0.772727272727273,0.75,0.681818181818182,0,0,0,0,0,0,0,0,2230,30.75578,14.8793558745793
"231",77,77,3,16.3504208290862,32.3598088080527,34.6562166080453,36.3395934721391,38.9928037617182,41.4210107055447,46.4277037702246,48.3771727761573,52.5476707486316,1,1,1,1,1,1,1,1,0.796296296296296,0.759259259259259,0.740740740740741,0.722222222222222,0.685185185185185,0.62962962962963,0.611111111111111,0.555555555555556,0,0,0,0,0,0,0,0,2231,14.802926,-1.54749482908617
"232",78,78,1,15.6658215281054,31.6800569908877,33.9771601203743,35.6610466942782,38.3150603496046,40.7440025303981,45.7522115720556,47.7022708578583,51.874031615734,1,1,1,1,1,1,1,1,0.843137254901961,0.823529411764706,0.803921568627451,0.764705882352941,0.725490196078431,0.666666666666667,0.647058823529412,0.588235294117647,0,0,0,0,0,0,0,0,2232,20.219244,4.55342247189464
"233",78,78,2,15.8987300553058,31.9129655180881,34.2100686475747,35.8939552214786,38.547968876805,40.9769110575985,45.985120099256,47.9351793850587,52.1069401429344,1,1,1,1,1,1,1,1,0.781818181818182,0.763636363636364,0.745454545454545,0.709090909090909,0.672727272727273,0.618181818181818,0.6,0.545454545454545,0,0,0,0,0,0,0,0,2233,13.479593,-2.41913705530576
"234",78,78,3,15.6089165347084,31.6231519974907,33.9202551269774,35.6041417008812,38.2581553562077,40.6870975370012,45.6953065786587,47.6453658644614,51.8171266223371,1,1,1,1,1,1,1,1,0.796296296296296,0.777777777777778,0.759259259259259,0.722222222222222,0.685185185185185,0.62962962962963,0.611111111111111,0.555555555555556,0,0,0,0,0,0,0,0,2234,15.176473,-0.432443534708421
"235",79,79,1,15.6872461072413,31.701891440084,33.9990533618746,35.6829830333521,38.3370646157887,40.7660689631889,45.7744061854859,47.7245153813152,51.8963829116833,1,1,1,1,1,1,1,1,0.843137254901961,0.823529411764706,0.803921568627451,0.764705882352941,0.725490196078431,0.666666666666667,0.647058823529412,0.588235294117647,0,0,0,0,0,0,0,0,2235,20.197913,4.51066689275875
"236",79,79,2,15.9032977118514,31.9179430446942,34.2151049664847,35.8990346379622,38.5531162203988,40.9821205677991,45.9904577900961,47.9405669859254,52.1124345162935,1,1,1,1,1,1,1,1,0.781818181818182,0.763636363636364,0.745454545454545,0.709090909090909,0.672727272727273,0.618181818181818,0.6,0.545454545454545,0,0,0,0,0,0,0,0,2236,13.846121,-2.0571767118514
"237",79,79,3,15.6300066133319,31.6446519461746,33.9418138679652,35.6257435394427,38.2798251218793,40.7088294692796,45.7171666915766,47.6672758874059,51.8391434177739,1,1,1,1,1,1,1,1,0.796296296296296,0.777777777777778,0.759259259259259,0.722222222222222,0.685185185185185,0.62962962962963,0.611111111111111,0.555555555555556,0,0,0,0,0,0,0,0,2237,14.640452,-0.989554613331871
"238",80,80,1,15.6688604150949,31.6838758724374,33.981090885376,35.6650594752069,38.3192023977855,40.7482628834267,45.7567158565425,47.7068701225669,51.8788340715787,1,1,1,1,1,1,1,1,0.86,0.84,0.82,0.78,0.74,0.68,0.66,0.6,0,0,0,0,0,0,0,0,2238,20.413541,4.74468058490511
"239",80,80,2,15.9162615009302,31.9312769582727,34.2284919712113,35.9124605610422,38.5666034836208,40.995663969262,46.0041169423778,47.9542712084022,52.126235157414,1,1,1,1,1,1,1,1,0.781818181818182,0.763636363636364,0.745454545454545,0.709090909090909,0.672727272727273,0.618181818181818,0.6,0.545454545454545,0,0,0,0,0,0,0,0,2239,13.011793,-2.90446850093018
"240",80,80,3,15.5990655435702,31.6140810009127,33.9112960138514,35.5952646036823,38.2494075262609,40.6784680119021,45.6869209850178,47.6370752510423,51.8090392000541,1,1,1,1,1,1,1,1,0.796296296296296,0.777777777777778,0.759259259259259,0.722222222222222,0.685185185185185,0.62962962962963,0.611111111111111,0.555555555555556,0,0,0,0,0,0,0,0,2240,14.770513,-0.828552543570233
"241",81,81,1,15.6779824962993,31.693805664797,33.9911365368928,35.6751900570329,38.3294668402906,40.7586498346648,45.767355407183,47.7176080284891,51.8897823889007,1,1,1,1,1,1,1,1,0.826923076923077,0.807692307692308,0.788461538461538,0.75,0.711538461538462,0.653846153846154,0.634615384615385,0.576923076923077,0,0,0,0,0,0,0,0,2241,17.655784,1.97780150370069
"242",81,81,2,15.8011666435405,31.8169898120382,34.114320684134,35.7983742042741,38.4526509875319,40.881833981906,45.8905395544243,47.8407921757303,52.012966536142,1,1,1,1,1,1,1,1,0.977272727272727,0.954545454545455,0.931818181818182,0.886363636363636,0.840909090909091,0.772727272727273,0.75,0.681818181818182,0,0,0,0,0,0,0,0,2242,30.672386,14.8712193564595
"243",81,81,3,16.3568991959935,32.3727223644912,34.670053236587,36.3541067567271,39.0083835399848,41.437566534359,46.4462721068772,48.3965247281833,52.5686990885949,1,1,1,1,1,1,1,1,0.796296296296296,0.759259259259259,0.740740740740741,0.722222222222222,0.685185185185185,0.62962962962963,0.611111111111111,0.555555555555556,0,0,0,0,0,0,0,0,2243,14.403682,-1.9532171959935
"244",82,82,1,15.6725869875141,31.697573954968,33.9962192945143,35.6812363822293,38.3370318672459,40.7676047711086,45.7791761826421,47.7305446830851,51.905106243121,1,1,1,1,1,1,1,1,0.781818181818182,0.763636363636364,0.745454545454545,0.709090909090909,0.672727272727273,0.618181818181818,0.6,0.545454545454545,0,0,0,0,0,0,0,0,2244,13.455162,-2.2174249875141
"245",82,82,2,15.6321386414044,31.6571256088583,33.9557709484046,35.6407880361196,38.2965835211362,40.7271564249988,45.7387278365324,47.6900963369754,51.8646578970113,1,1,1,1,1,1,1,1,0.781818181818182,0.763636363636364,0.745454545454545,0.709090909090909,0.672727272727273,0.618181818181818,0.6,0.545454545454545,0,0,0,0,0,0,0,0,2245,13.748241,-1.88389764140436
"246",82,82,3,15.6446365969873,31.6696235644412,33.9682689039875,35.6532859917025,38.3090814767191,40.7396543805817,45.7512257921153,47.7025942925583,51.8771558525942,1,1,1,1,1,1,1,1,0.796296296296296,0.777777777777778,0.759259259259259,0.722222222222222,0.685185185185185,0.62962962962963,0.611111111111111,0.555555555555556,0,0,0,0,0,0,0,0,2246,14.911447,-0.733189596987263
"247",83,83,1,15.6946556558131,31.7195125743081,34.0181392594596,35.70314267261,38.3589166048205,40.7894697836452,45.801000524341,47.7523531886749,51.9268808705313,1,1,1,1,1,1,1,1,0.781818181818182,0.763636363636364,0.745454545454545,0.709090909090909,0.672727272727273,0.618181818181818,0.6,0.545454545454545,0,0,0,0,0,0,0,0,2247,13.816879,-1.87777665581313
"248",83,83,2,15.6479775961927,31.6728345146877,33.9714611998392,35.6564646129896,38.3122385452001,40.7427917240248,45.7543224647206,47.7056751290545,51.8802028109109,1,1,1,1,1,1,1,1,0.781818181818182,0.763636363636364,0.745454545454545,0.709090909090909,0.672727272727273,0.618181818181818,0.6,0.545454545454545,0,0,0,0,0,0,0,0,2248,13.685811,-1.96216659619272
"249",83,83,3,15.6423881765145,31.6672450950095,33.965871780161,35.6508751933114,38.3066491255219,40.7372023043466,45.7487330450424,47.7000857093763,51.8746133912327,1,1,1,1,1,1,1,1,0.796296296296296,0.777777777777778,0.759259259259259,0.722222222222222,0.685185185185185,0.62962962962963,0.611111111111111,0.555555555555556,0,0,0,0,0,0,0,0,2249,14.892315,-0.750073176514519
"250",84,84,1,15.6947118519088,31.7181582385408,34.0165825951351,35.701437691766,38.3569778587846,40.7873170966849,45.7984067149527,47.7495876183079,51.9237478519968,1,1,1,1,1,1,1,1,0.781818181818182,0.763636363636364,0.745454545454545,0.709090909090909,0.672727272727273,0.618181818181818,0.6,0.545454545454545,0,0,0,0,0,0,0,0,2250,13.494092,-2.20061985190883
"251",84,84,2,15.6316122467036,31.6550586333356,33.9534829899298,35.6383380865608,38.2938782535794,40.7242174914797,45.7353071097475,47.6864880131026,51.8606482467916,1,1,1,1,1,1,1,1,0.781818181818182,0.763636363636364,0.745454545454545,0.709090909090909,0.672727272727273,0.618181818181818,0.6,0.545454545454545,0,0,0,0,0,0,0,0,2251,14.030266,-1.60134624670361
"252",84,84,3,15.6558089361597,31.6792553227917,33.9776796793859,35.6625347760169,38.3180749430355,40.7484141809357,45.7595037992035,47.7106847025587,51.8848449362476,1,1,1,1,1,1,1,1,0.796296296296296,0.777777777777778,0.759259259259259,0.722222222222222,0.685185185185185,0.62962962962963,0.611111111111111,0.555555555555556,0,0,0,0,0,0,0,0,2252,14.628748,-1.02706093615966
"253",85,85,1,15.6371451650169,31.3623897601217,33.6180396570718,35.2715390268413,37.8776586874239,40.2627684848359,45.180600019567,47.095468782142,51.1919464730263,1,1,1,1,1,1,1,1,0.781818181818182,0.763636363636364,0.745454545454545,0.709090909090909,0.690909090909091,0.636363636363636,0.6,0.563636363636364,0,0,0,0,0,0,0,0,2253,14.033125,-1.6040201650169
"254",85,85,2,15.6096028422044,31.3348474373093,33.5904973342593,35.2439967040288,37.8501163646114,40.2352261620234,45.1530576967545,47.0679264593296,51.1644041502138,1,1,1,1,1,1,1,1,0.811320754716981,0.792452830188679,0.773584905660377,0.735849056603774,0.716981132075472,0.660377358490566,0.622641509433962,0.584905660377358,0,0,0,0,0,0,0,0,2254,15.640749,0.0311461577955807
"255",85,85,3,15.6839413065839,31.4091859016887,33.6648357986388,35.3183351684083,37.9244548289909,40.3095646264029,45.227396161134,47.142264923709,51.2387426145933,1,1,1,1,1,1,1,1,0.781818181818182,0.763636363636364,0.745454545454545,0.709090909090909,0.690909090909091,0.636363636363636,0.6,0.563636363636364,0,0,0,0,0,0,0,0,2255,13.479231,-2.20471030658389
"256",86,86,1,15.5799001443774,31.3016866984909,33.5568405694645,35.2099763284446,37.8155228934191,40.200108196131,45.1168582810358,47.0313059566997,51.1268828165864,1,1,1,1,1,1,1,1,0.781818181818182,0.763636363636364,0.745454545454545,0.709090909090909,0.690909090909091,0.636363636363636,0.6,0.563636363636364,0,0,0,0,0,0,0,0,2256,13.702653,-1.87724714437738
"257",86,86,2,15.5903183961944,31.3121049503079,33.5672588212814,35.2203945802616,37.8259411452361,40.210526447948,45.1272765328528,47.0417242085167,51.1373010684034,1,1,1,1,1,1,1,1,0.781818181818182,0.763636363636364,0.745454545454545,0.709090909090909,0.690909090909091,0.636363636363636,0.6,0.563636363636364,0,0,0,0,0,0,0,0,2257,14.053602,-1.53671639619438
"258",86,86,3,15.6066832799432,31.3284698340567,33.5836237050302,35.2367594640104,37.8423060289849,40.2268913316968,45.1436414166016,47.0580890922655,51.1536659521522,1,1,1,1,1,1,1,1,0.781818181818182,0.763636363636364,0.745454545454545,0.709090909090909,0.690909090909091,0.636363636363636,0.6,0.563636363636364,0,0,0,0,0,0,0,0,2258,13.289027,-2.31765627994317
"259",87,87,1,15.5713529387499,31.2929621782634,33.5480906149961,35.20120772946,37.8067249083691,40.1912833170771,45.1079779495324,47.0224040335329,51.1179347023859,1,1,1,1,1,1,1,1,0.781818181818182,0.763636363636364,0.745454545454545,0.709090909090909,0.690909090909091,0.636363636363636,0.6,0.563636363636364,0,0,0,0,0,0,0,0,2259,13.582544,-1.98880893874987
"260",87,87,2,15.5850941071366,31.3067033466502,33.5618317833828,35.2149488978467,37.8204660767558,40.2050244854638,45.1217191179192,47.0361452019196,51.1316758707726,1,1,1,1,1,1,1,1,0.796296296296296,0.777777777777778,0.759259259259259,0.722222222222222,0.703703703703704,0.648148148148148,0.611111111111111,0.574074074074074,0,0,0,0,0,0,0,0,2260,14.068831,-1.5162631071366
"261",87,87,3,15.6078599147432,31.3294691542568,33.5845975909895,35.2377147054533,37.8432318843625,40.2277902930704,45.1444849255258,47.0589110095262,51.1544416783793,1,1,1,1,1,1,1,1,0.781818181818182,0.763636363636364,0.745454545454545,0.709090909090909,0.690909090909091,0.636363636363636,0.6,0.563636363636364,0,0,0,0,0,0,0,0,2261,13.459516,-2.14834391474323
"262",88,88,1,15.56496528908,31.2629341999501,33.5146716366543,35.1653029857441,37.7669022907602,40.1478750776917,45.0571765562287,46.9687239487988,51.0580962346577,1,1,1,1,1,1,1,1,0.781818181818182,0.763636363636364,0.745454545454545,0.709090909090909,0.690909090909091,0.636363636363636,0.6,0.563636363636364,0,0,0,0,0,0,0,0,2262,13.678299,-1.88666628907999
"263",88,88,2,15.5753471250187,31.2733160358887,33.525053472593,35.1756848216828,37.7772841266989,40.1582569136303,45.0675583921674,46.9791057847375,51.0684780705964,1,1,1,1,1,1,1,1,0.796296296296296,0.777777777777778,0.759259259259259,0.722222222222222,0.703703703703704,0.648148148148148,0.611111111111111,0.574074074074074,0,0,0,0,0,0,0,0,2263,14.480168,-1.09517912501866
"264",88,88,3,15.6133979443342,31.3113668552042,33.5631042919085,35.2137356409983,37.8153349460144,40.1963077329459,45.1056092114829,47.017156604053,51.1065288899119,1,1,1,1,1,1,1,1,0.781818181818182,0.763636363636364,0.745454545454545,0.709090909090909,0.690909090909091,0.636363636363636,0.6,0.563636363636364,0,0,0,0,0,0,0,0,2264,12.684028,-2.92936994433416
"265",89,89,1,15.5276775466299,31.2258192948657,33.4775815235904,35.1282310464182,37.7298589954947,40.1108579973503,45.0202135281498,46.9317819671888,51.0211992777472,1,1,1,1,1,1,1,1,0.8,0.763636363636364,0.745454545454545,0.709090909090909,0.690909090909091,0.636363636363636,0.6,0.563636363636364,0,0,0,0,0,0,0,0,2265,13.697736,-1.82994154662993
"266",89,89,2,15.575778548795,31.2739202970308,33.5256825257555,35.1763320485833,37.7779599976598,40.1589589995154,45.0683145303149,46.9798829693539,51.0693002799123,1,1,1,1,1,1,1,1,0.977272727272727,0.954545454545455,0.931818181818182,0.886363636363636,0.863636363636364,0.795454545454545,0.75,0.704545454545455,0,0,0,0,0,0,0,0,2266,30.800851,15.225072451205
"267",89,89,3,16.387330762692,32.0854725109277,34.3372347396524,35.9878842624802,38.5895122115568,40.9705112134123,45.8798667442118,47.7914351832509,51.8808524938093,1,1,1,1,1,1,1,1,0.781818181818182,0.763636363636364,0.727272727272727,0.709090909090909,0.672727272727273,0.618181818181818,0.6,0.545454545454545,0,0,0,0,0,0,0,0,2267,13.219673,-3.16765776269196
"268",90,90,1,15.5522534350303,31.2514568268199,33.5033713391011,35.1541324930668,37.7559363866332,40.1370964121489,45.0467839558539,46.9584816716153,51.0481755437946,1,1,1,1,1,1,1,1,0.781818181818182,0.763636363636364,0.745454545454545,0.709090909090909,0.690909090909091,0.636363636363636,0.6,0.563636363636364,0,0,0,0,0,0,0,0,2268,13.727055,-1.82519843503031
"269",90,90,2,15.576264968793,31.2754683605827,33.5273828728638,35.1781440268295,37.7799479203959,40.1611079459117,45.0707954896166,46.982493205378,51.0721870775573,1,1,1,1,1,1,1,1,0.781818181818182,0.763636363636364,0.745454545454545,0.709090909090909,0.690909090909091,0.636363636363636,0.6,0.563636363636364,0,0,0,0,0,0,0,0,2269,13.824376,-1.75188896879303
"270",90,90,3,15.5808706238563,31.2800740156459,33.5319885279271,35.1827496818928,37.7845535754592,40.165713600975,45.0754011446799,46.9870988604413,51.0767927326206,1,1,1,1,1,1,1,1,0.781818181818182,0.763636363636364,0.745454545454545,0.709090909090909,0.690909090909091,0.636363636363636,0.6,0.563636363636364,0,0,0,0,0,0,0,0,2270,13.419713,-2.16115762385632
"271",91,91,1,15.5611411694752,31.260443258131,33.5123719276213,35.163143459499,37.7649637099394,40.1461387051977,45.0558571148493,46.967566848964,51.057286432,1,1,1,1,1,1,1,1,0.781818181818182,0.763636363636364,0.745454545454545,0.709090909090909,0.690909090909091,0.636363636363636,0.6,0.563636363636364,0,0,0,0,0,0,0,0,2271,13.943344,-1.61779716947517
"272",91,91,2,15.5859080466022,31.285210135258,33.5371388047483,35.1879103366261,37.7897305870664,40.1709055823247,45.0806239919764,46.992333726091,51.082053309127,1,1,1,1,1,1,1,1,0.796296296296296,0.777777777777778,0.759259259259259,0.722222222222222,0.703703703703704,0.648148148148148,0.611111111111111,0.574074074074074,0,0,0,0,0,0,0,0,2272,14.663783,-0.922125046602206
"273",91,91,3,15.6199836154484,31.3192857041043,33.5712143735946,35.2219859054723,37.8238061559127,40.2049811511709,45.1146995608226,47.0264092949373,51.1161288779733,1,1,1,1,1,1,1,1,0.781818181818182,0.763636363636364,0.745454545454545,0.709090909090909,0.690909090909091,0.636363636363636,0.6,0.563636363636364,0,0,0,0,0,0,0,0,2273,13.504772,-2.11521161544844
"274",92,92,1,15.5655706537322,31.2648002458861,33.5167185163822,35.1674824252993,37.7692906610102,40.1504546604384,45.0601503979096,46.9718513040988,51.0615520015588,1,1,1,1,1,1,1,1,0.781818181818182,0.763636363636364,0.745454545454545,0.709090909090909,0.690909090909091,0.636363636363636,0.6,0.563636363636364,0,0,0,0,0,0,0,0,2274,13.74199,-1.82358065373216
"275",92,92,2,15.5767966983542,31.276026290508,33.5279445610041,35.1787084699213,37.7805167056322,40.1616807050604,45.0713764425316,46.9830773487208,51.0727780461808,0,0,0,0,0,1,1,1,0,0,0,0,0,1,0.942857142857143,0.885714285714286,0,0,0,0,0,0,0,0,2275,45.3052,29.7284033016458
"276",92,92,3,17.07048606372,32.7697156558739,35.02163392637,36.6723978352871,39.274206070998,41.6553700704263,46.5650658078974,48.4767667140867,52.5664674115466,1,1,1,1,1,1,1,1,0.781818181818182,0.745454545454545,0.727272727272727,0.690909090909091,0.672727272727273,0.618181818181818,0.581818181818182,0.545454545454545,1,1,1,1,1,0,0,0,2276,13.668301,-3.40218506371999
"277",93,93,1,15.5917609695049,31.3290127956212,33.586385025679,35.2411469480778,37.8492565478705,40.2361875293126,45.1577741432703,47.0741050307395,51.1737106446059,1,1,1,1,1,1,1,1,0.796296296296296,0.777777777777778,0.759259259259259,0.722222222222222,0.703703703703704,0.648148148148148,0.611111111111111,0.574074074074074,1,1,1,1,1,0,0,0,2277,14.171627,-1.42013396950488
"278",93,93,2,15.6150346040739,31.3522864301903,33.6096586602481,35.2644205826469,37.8725301824396,40.2594611638817,45.1810477778394,47.0973786653086,51.1969842791749,0,0,0,0,1,1,1,1,0,0,0,0,1,0.921052631578947,0.868421052631579,0.815789473684211,0,0,0,0,0,0,0,0,2278,39.342551,23.7275163959261
"279",93,93,3,16.7789301448207,32.516181970937,34.7735542009948,36.4283161233936,39.0364257231864,41.4233567046284,46.3449433185862,48.2612742060554,52.3608798199217,1,1,1,1,1,1,1,1,0.781818181818182,0.745454545454545,0.727272727272727,0.709090909090909,0.672727272727273,0.618181818181818,0.6,0.545454545454545,1,1,1,1,0,0,0,0,2279,13.93303,-2.84590014482071
"280",94,94,1,15.6132706170627,31.372609098125,33.6331494671997,35.2902337871811,37.9020037730075,40.2922847244157,45.2207786044279,47.1397989919153,51.2451582516919,1,1,1,1,1,1,1,1,0.781818181818182,0.763636363636364,0.745454545454545,0.709090909090909,0.690909090909091,0.636363636363636,0.6,0.563636363636364,1,1,1,1,0,0,0,0,2280,13.848362,-1.76490861706275
"281",94,94,2,15.6093905063218,31.368728987384,33.6292693564587,35.2863536764402,37.8981236622665,40.2884046136747,45.2168984936869,47.1359188811743,51.2412781409509,1,1,1,1,1,1,1,1,0.796296296296296,0.777777777777778,0.759259259259259,0.722222222222222,0.703703703703704,0.648148148148148,0.611111111111111,0.574074074074074,0,0,0,0,0,0,0,0,2281,15.146713,-0.462677506321773
"282",94,94,3,15.6688905023138,31.4282289833761,33.6887693524508,35.3458536724322,37.9576236582585,40.3479046096667,45.2763984896789,47.1954188771664,51.300778136943,1,1,1,1,1,1,1,1,0.781818181818182,0.763636363636364,0.745454545454545,0.709090909090909,0.690909090909091,0.636363636363636,0.6,0.563636363636364,0,0,0,0,0,0,0,0,2282,13.662442,-2.0064485023138
"283",95,95,1,15.6011881719684,31.3605019076027,33.6210387271604,35.278120445176,37.8898863299821,40.2801635281537,45.2086496694089,47.1276670436366,51.2330198571482,1,1,1,1,1,1,1,1,0.781818181818182,0.763636363636364,0.745454545454545,0.709090909090909,0.690909090909091,0.636363636363636,0.6,0.563636363636364,0,0,0,0,0,0,0,0,2283,13.98059,-1.62059817196844
"284",95,95,2,15.6157683999971,31.3750821356313,33.6356189551891,35.2927006732047,37.9044665580107,40.2947437561824,45.2232298974376,47.1422472716653,51.2476000851769,1,1,1,1,1,1,1,1,0.796296296296296,0.777777777777778,0.759259259259259,0.722222222222222,0.703703703703704,0.648148148148148,0.611111111111111,0.574074074074074,0,0,0,0,0,0,0,0,2284,15.382145,-0.233623399997111
"285",95,95,3,15.6799994858274,31.4393132214616,33.6998500410194,35.3569317590349,37.968697643841,40.3589748420126,45.2874609832679,47.2064783574955,51.3118311710071,1,1,1,1,1,1,1,1,0.781818181818182,0.763636363636364,0.745454545454545,0.709090909090909,0.690909090909091,0.636363636363636,0.6,0.563636363636364,0,0,0,0,0,0,0,0,2285,13.662246,-2.01775348582738
"286",96,96,1,15.601227623139,31.3605506375339,33.6210887880494,35.2781714817207,37.889938904281,40.2802175097988,45.2087065528456,47.1277250569513,51.2330802876104,1,1,1,1,1,1,1,1,0.781818181818182,0.763636363636364,0.745454545454545,0.709090909090909,0.690909090909091,0.636363636363636,0.6,0.563636363636364,0,0,0,0,0,0,0,0,2286,13.94686,-1.65436762313904
"287",96,96,2,15.6142321007204,31.3735551151154,33.6340932656308,35.2911759593021,37.9029433818624,40.2932219873802,45.221711030427,47.1407295345327,51.2460847651918,1,1,1,1,1,1,1,1,0.796296296296296,0.777777777777778,0.759259259259259,0.722222222222222,0.703703703703704,0.648148148148148,0.611111111111111,0.574074074074074,0,0,0,0,0,0,0,0,2287,15.60426,-0.00997210072044119
"288",96,96,3,15.6899614082858,31.4492844226807,33.7098225731962,35.3669052668675,37.9786726894278,40.3689512949456,45.2974403379924,47.2164588420981,51.3218140727572,1,1,1,1,1,1,1,1,0.781818181818182,0.763636363636364,0.745454545454545,0.709090909090909,0.690909090909091,0.636363636363636,0.6,0.563636363636364,0,0,0,0,0,0,0,0,2288,13.803303,-1.88665840828583
"289",97,97,1,15.6097506744456,31.3689864910896,33.6295121338443,35.286585658728,37.8983386301443,40.2886040100358,45.2170657833096,47.1360736693134,51.241406184673,1,1,1,1,1,1,1,1,0.781818181818182,0.763636363636364,0.745454545454545,0.709090909090909,0.690909090909091,0.636363636363636,0.6,0.563636363636364,0,0,0,0,0,0,0,0,2289,13.377011,-2.23273967444561
"290",97,97,2,15.5902730847187,31.3495089013627,33.6100345441174,35.2671080690011,37.8788610404174,40.2691264203089,45.1975881935827,47.1165960795865,51.2219285949461,1,1,1,1,1,1,1,1,0.811320754716981,0.792452830188679,0.773584905660377,0.735849056603774,0.716981132075472,0.660377358490566,0.622641509433962,0.584905660377358,0,0,0,0,0,0,0,0,2290,16.130856,0.540582915281277
"291",97,97,3,15.7160982540426,31.4753340706866,33.7358597134413,35.392933238325,38.0046862097414,40.3949515896328,45.3234133629066,47.2424212489104,51.34775376427,1,1,1,1,1,1,1,1,0.796296296296296,0.777777777777778,0.759259259259259,0.722222222222222,0.703703703703704,0.62962962962963,0.611111111111111,0.574074074074074,0,0,0,0,0,0,0,0,2291,14.41692,-1.29917825404262
"292",98,98,1,15.6281602099188,31.3772231133507,33.6362895399705,35.2922933895635,37.9023604203277,40.291082834396,45.2163631834896,47.1341323101459,51.2368147483145,1,1,1,1,1,1,1,1,0.781818181818182,0.763636363636364,0.745454545454545,0.709090909090909,0.690909090909091,0.636363636363636,0.6,0.563636363636364,0,0,0,0,0,0,0,0,2292,13.749975,-1.87818520991879
"293",98,98,2,15.5973264257559,31.3463893291878,33.6054557558075,35.2614596054005,37.8715266361647,40.260249050233,45.1855293993267,47.103298525983,51.2059809641516,1,1,1,1,1,1,1,1,0.796296296296296,0.777777777777778,0.759259259259259,0.722222222222222,0.703703703703704,0.648148148148148,0.611111111111111,0.574074074074074,0,0,0,0,0,0,0,0,2293,15.030499,-0.566827425755852
"294",98,98,3,15.6565268105424,31.4055897139743,33.6646561405941,35.3206599901871,37.9307270209513,40.3194494350196,45.2447297841132,47.1624989107695,51.2651813489381,1,1,1,1,1,1,1,1,0.781818181818182,0.763636363636364,0.745454545454545,0.709090909090909,0.690909090909091,0.636363636363636,0.6,0.563636363636364,0,0,0,0,0,0,0,0,2294,13.641831,-2.0146958105424
"295",99,99,1,15.5749232825613,31.280920757369,33.5338098219102,35.1852853693418,37.788215235431,40.1704057462835,45.0822180363168,46.9947430700421,51.0862068230869,1,1,1,1,1,1,1,1,0.781818181818182,0.763636363636364,0.745454545454545,0.709090909090909,0.690909090909091,0.636363636363636,0.6,0.563636363636364,0,0,0,0,0,0,0,0,2295,13.514461,-2.0604622825613
"296",99,99,2,15.5692045117713,31.275201986579,33.5280910511202,35.1795665985517,37.782496464641,40.1646869754934,45.0764992655268,46.9890242992521,51.0804880522968,1,1,1,1,1,1,1,1,0.811320754716981,0.792452830188679,0.773584905660377,0.735849056603774,0.716981132075472,0.660377358490566,0.622641509433962,0.584905660377358,0,0,0,0,0,0,0,0,2296,15.813628,0.24442348822873
"297",99,99,3,15.6724345430267,31.3784320178344,33.6313210823756,35.2827966298071,37.8857264958964,40.2679170067488,45.1797292967822,47.0922543305075,51.1837180835522,1,1,1,1,1,1,1,1,0.781818181818182,0.763636363636364,0.745454545454545,0.709090909090909,0.690909090909091,0.636363636363636,0.6,0.563636363636364,0,0,0,0,0,0,0,0,2297,13.221444,-2.45099054302666
"298",100,100,1,15.5574455886782,31.263299579229,33.5161680621985,35.1676285223526,37.7705346090252,40.1527033570551,45.0644707745652,46.9769783361603,51.0684047110864,1,1,1,1,1,1,1,1,0.781818181818182,0.763636363636364,0.745454545454545,0.709090909090909,0.690909090909091,0.636363636363636,0.6,0.563636363636364,0,0,0,0,0,0,0,0,2298,13.899446,-1.6579995886782
"299",100,100,2,15.5877708849711,31.2936248755218,33.5464933584913,35.1979538186454,37.800859905318,40.1830286533479,45.0947960708581,47.0073036324531,51.0987300073793,1,1,1,1,1,1,1,1,0.716666666666667,0.7,0.683333333333333,0.65,0.633333333333333,0.583333333333333,0.55,0.516666666666667,0,0,0,0,0,0,0,0,2299,5.674624,-9.91314688497105
"300",100,100,3,15.21989562191,30.9257496124607,33.1786180954302,34.8300785555843,37.432984642257,39.8151533902869,44.726920807797,46.6394283693921,50.7308547443182,1,1,1,1,1,1,1,1,0.8,0.763636363636364,0.745454545454545,0.727272727272727,0.690909090909091,0.636363636363636,0.618181818181818,0.563636363636364,0,0,0,0,0,0,0,0,2300,13.766656,-1.45323962190998
"301",101,101,1,15.5783749196442,31.2880118392061,33.5414229505196,35.1932811832297,37.7968142086829,40.1795567284588,45.0925071995915,47.0054754098303,51.0978872501466,1,1,1,1,1,1,1,1,0.781818181818182,0.763636363636364,0.745454545454545,0.709090909090909,0.690909090909091,0.636363636363636,0.6,0.563636363636364,0,0,0,0,0,0,0,0,2301,13.906243,-1.67213191964416
"302",101,101,2,15.5846398394001,31.294276758962,33.5476878702755,35.1995461029856,37.8030791284388,40.1858216482147,45.0987721193474,47.0117403295862,51.1041521699025,1,1,1,1,1,1,1,1,0.955555555555556,0.933333333333333,0.911111111111111,0.866666666666667,0.844444444444444,0.777777777777778,0.733333333333333,0.688888888888889,0,0,0,0,0,0,0,0,2302,29.069387,13.4847471605999
"303",101,101,3,16.2651894637013,31.9748263832632,34.2282374945768,35.8800957272868,38.48362875274,40.8663712725159,45.7793217436487,47.6922899538874,51.7847017942038,1,1,1,1,1,1,1,1,0.796296296296296,0.777777777777778,0.759259259259259,0.722222222222222,0.685185185185185,0.62962962962963,0.611111111111111,0.555555555555556,0,0,0,0,0,0,0,0,2303,14.361118,-1.90407146370129
"304",102,102,1,15.6125458627115,31.3252339598337,33.5790827360947,35.2312617981656,37.8353004904007,40.2185057942973,45.1324104748945,47.0457502281362,51.1389569101945,1,1,1,1,1,1,1,1,0.781818181818182,0.763636363636364,0.745454545454545,0.709090909090909,0.690909090909091,0.636363636363636,0.6,0.563636363636364,0,0,0,0,0,0,0,0,2304,13.624411,-1.98813486271152
"305",102,102,2,15.5792740618963,31.2919621590185,33.5458109352794,35.1979899973504,37.8020286895854,40.185233993482,45.0991386740792,47.012478427321,51.1056851093792,1,1,1,1,1,1,1,1,0.796296296296296,0.777777777777778,0.759259259259259,0.722222222222222,0.703703703703704,0.648148148148148,0.611111111111111,0.574074074074074,0,0,0,0,0,0,0,0,2305,15.373052,-0.206222061896256
"306",102,102,3,15.6582477041304,31.3709358012526,33.6247845775136,35.2769636395845,37.8810023318196,40.2642076357162,45.1781123163134,47.0914520695551,51.1846587516134,1,1,1,1,1,1,1,1,0.781818181818182,0.763636363636364,0.745454545454545,0.709090909090909,0.690909090909091,0.636363636363636,0.6,0.563636363636364,0,0,0,0,0,0,0,0,2306,13.371895,-2.28635270413042
"307",103,103,1,15.567559241875,31.2803457123686,33.5342085994361,35.1863980054039,37.7904530009005,40.1736732254739,45.0876086708497,47.0009604030527,51.0941927116962,1,1,1,1,1,1,1,1,0.781818181818182,0.763636363636364,0.745454545454545,0.709090909090909,0.690909090909091,0.636363636363636,0.6,0.563636363636364,0,0,0,0,0,0,0,0,2307,13.405946,-2.16161324187504
"308",103,103,2,15.5690970410532,31.2818835115467,33.5357463986143,35.1879358045821,37.7919908000787,40.1752110246521,45.0891464700279,47.0024982022309,51.0957305108744,1,1,1,1,1,1,1,1,0.741379310344828,0.724137931034483,0.706896551724138,0.672413793103448,0.655172413793103,0.603448275862069,0.568965517241379,0.53448275862069,0,0,0,0,0,0,0,0,2308,7.89587,-7.67322704105321
"309",103,103,3,15.3202529441268,31.0330394146204,33.2869023016879,34.9390917076557,37.5431467031523,39.9263669277257,44.8403023731015,46.7536541053045,50.846886413948,1,1,1,1,1,1,1,1,1,0.954545454545455,0.931818181818182,0.886363636363636,0.863636363636364,0.795454545454545,0.772727272727273,0.704545454545455,0,0,0,0,0,0,0,0,2309,30.469307,15.1490540558732
"310",104,104,1,16.3364853941821,32.0615623060838,34.3171881503332,35.9706698883216,38.5767617590349,40.9618461232749,45.8796252176296,47.79447356136,51.8909075702209,0,0,1,1,1,1,1,1,0,0,1,0.975,0.925,0.85,0.825,0.75,0,0,0,0,0,0,0,0,2310,36.543534,20.2070486058179
"311",104,104,2,16.6068817561194,32.3319586680211,34.5875845122705,36.2410662502589,38.8471581209722,41.2322424852122,46.1500215795669,48.0648699232973,52.1613039321582,1,1,1,1,1,1,1,1,0.781818181818182,0.745454545454545,0.727272727272727,0.709090909090909,0.672727272727273,0.618181818181818,0.6,0.545454545454545,1,1,0,0,0,0,0,0,2311,14.033462,-2.57341975611937
"312",104,104,3,15.6048379444958,31.3299148563975,33.5855407006469,35.2390224386353,37.8451143093486,40.2301986735886,45.1479777679434,47.0628261116737,51.1592601205347,1,1,1,1,1,1,1,1,0.914893617021277,0.893617021276596,0.872340425531915,0.829787234042553,0.808510638297872,0.74468085106383,0.702127659574468,0.659574468085106,1,1,0,0,0,0,0,0,2312,25.998319,10.3934810555042
"313",105,105,1,16.1654907743261,31.9096230649659,34.1679822379612,35.8234676367857,38.4327175249701,40.8206920935721,45.7444304683627,47.6615991925032,51.7629971898999,1,1,1,1,1,1,1,1,0.781818181818182,0.763636363636364,0.745454545454545,0.709090909090909,0.672727272727273,0.618181818181818,0.6,0.545454545454545,0,0,0,0,0,0,0,0,2313,13.210905,-2.95458577432615
"314",105,105,2,15.581604901815,31.3257371924547,33.58409636545,35.2395817642745,37.8488316524589,40.2368062210609,45.1605445958515,47.077713319992,51.1791113173888,1,1,1,1,1,1,1,1,1,0.976744186046512,0.953488372093023,0.906976744186046,0.883720930232558,0.813953488372093,0.767441860465116,0.720930232558139,0,0,0,0,0,0,0,0,2314,31.442458,15.860853098185
"315",105,105,3,16.4140755038177,32.1582077944575,34.4165669674528,36.0720523662773,38.6813022544617,41.0692768230637,45.9930151978543,47.9101839219948,52.0115819193915,1,1,1,1,1,1,1,1,0.796296296296296,0.759259259259259,0.740740740740741,0.722222222222222,0.685185185185185,0.62962962962963,0.611111111111111,0.555555555555556,0,0,0,0,0,0,0,0,2315,14.153385,-2.26069050381775
"316",106,106,1,15.6260513371057,31.3725019705788,33.6311936897384,35.2869228608229,37.8965569642608,40.2848831650534,45.2093465663722,47.1267975959641,51.2287995292576,1,1,1,1,1,1,1,1,0.781818181818182,0.763636363636364,0.745454545454545,0.709090909090909,0.690909090909091,0.636363636363636,0.6,0.563636363636364,0,0,0,0,0,0,0,0,2316,13.127238,-2.49881333710567
"317",106,106,2,15.5794485035414,31.3258991370145,33.5845908561741,35.2403200272586,37.8499541306965,40.2382803314891,45.1627437328079,47.0801947623998,51.1821966956932,1,1,1,1,1,1,1,1,0.728813559322034,0.711864406779661,0.694915254237288,0.661016949152542,0.644067796610169,0.593220338983051,0.559322033898305,0.525423728813559,0,0,0,0,0,0,0,0,2317,6.351855,-9.22759350354136
"318",106,106,3,15.2717420576974,31.0181926911705,33.2768844103301,34.9326135814146,37.5422476848525,39.9305738856451,44.8550372869639,46.7724883165558,50.8744902498493,1,1,1,1,1,1,1,1,0.8,0.763636363636364,0.745454545454545,0.709090909090909,0.690909090909091,0.636363636363636,0.618181818181818,0.563636363636364,0,0,0,0,0,0,0,0,2318,13.215849,-2.05589305769739
"319",107,107,1,15.5796744657081,31.3299051034082,33.5891390313769,35.2452656674783,37.8555262249769,40.244425753902,45.1700712941616,47.0879826162451,51.1909692530129,1,1,1,1,1,1,1,1,0.781818181818182,0.763636363636364,0.745454545454545,0.709090909090909,0.690909090909091,0.636363636363636,0.6,0.563636363636364,0,0,0,0,0,0,0,0,2319,12.702244,-2.87743046570811
"320",107,107,2,15.5562969988375,31.3065276365377,33.5657615645064,35.2218882006077,37.8321487581063,40.2210482870314,45.146693827291,47.0646051493745,51.1675917861423,1,1,1,1,1,1,1,1,0.781818181818182,0.763636363636364,0.745454545454545,0.709090909090909,0.690909090909091,0.636363636363636,0.6,0.563636363636364,0,0,0,0,0,0,0,0,2320,13.413376,-2.14292099883754
"321",107,107,3,15.5886651898999,31.3388958276001,33.5981297555688,35.2542563916701,37.8645169491687,40.2534164780938,45.1790620183534,47.0969733404369,51.1999599772047,1,1,1,1,1,1,1,1,0.781818181818182,0.763636363636364,0.745454545454545,0.709090909090909,0.690909090909091,0.636363636363636,0.6,0.563636363636364,0,0,0,0,0,0,0,0,2321,13.03244,-2.55622518989994
"322",108,108,1,15.5727093920901,31.320197738682,33.5790383087847,35.2348765947372,37.8446826767122,40.2331662715416,45.1579542018857,47.075531594182,51.1778038551397,1,1,1,1,1,1,1,1,0.781818181818182,0.763636363636364,0.745454545454545,0.709090909090909,0.690909090909091,0.636363636363636,0.6,0.563636363636364,0,0,0,0,0,0,0,0,2322,14.059053,-1.51365639209014
"323",108,108,2,15.6195843335639,31.3670726801557,33.6259132502585,35.281751536211,37.8915576181859,40.2800412130154,45.2048291433594,47.1224065356557,51.2246787966134,1,1,1,1,1,1,1,1,0.781818181818182,0.763636363636364,0.745454545454545,0.709090909090909,0.690909090909091,0.636363636363636,0.6,0.563636363636364,0,0,0,0,0,0,0,0,2323,12.815112,-2.80447233356386
"324",108,108,3,15.562786239665,31.3102745862569,33.5691151563596,35.2249534423121,37.8347595242871,40.2232431191165,45.1480310494605,47.0656084417569,51.1678807027146,1,1,1,1,1,1,1,1,0.781818181818182,0.763636363636364,0.745454545454545,0.709090909090909,0.690909090909091,0.636363636363636,0.6,0.563636363636364,0,0,0,0,0,0,0,0,2324,12.780398,-2.78238823966503
"325",109,109,1,15.5593622500446,31.3072738297054,33.5661751089197,35.2220578975576,37.8319341212728,40.2204819095292,45.1454021995907,47.0630311291321,51.1654136436896,1,1,1,1,1,1,1,1,0.781818181818182,0.763636363636364,0.745454545454545,0.709090909090909,0.690909090909091,0.636363636363636,0.6,0.563636363636364,0,0,0,0,0,0,0,0,2325,12.545019,-3.01434325004457
"326",109,109,2,15.5486074753289,31.2965190549897,33.555420334204,35.2113031228419,37.8211793465571,40.2097271348134,45.134647424875,47.0522763544163,51.1546588689739,1,1,1,1,1,1,1,1,0.86,0.84,0.82,0.78,0.76,0.7,0.66,0.62,0,0,0,0,0,0,0,0,2326,20.501716,4.95310852467114
"327",109,109,3,15.9121593797731,31.6600709594339,33.9189722386482,35.5748550272861,38.1847312510013,40.5732790392576,45.4981993293192,47.4158282588605,51.5182107734181,1,1,1,1,1,1,1,1,0.796296296296296,0.777777777777778,0.759259259259259,0.722222222222222,0.703703703703704,0.62962962962963,0.611111111111111,0.574074074074074,0,0,0,0,0,0,0,0,2327,14.161552,-1.75060737977305
"328",110,110,1,15.616833712585,31.3575266696396,33.6153925000734,35.2705162551804,37.8791961481052,40.266649059433,45.1893118348546,47.1060617500916,51.2065637898313,1,1,1,1,1,1,1,1,0.781818181818182,0.763636363636364,0.745454545454545,0.709090909090909,0.690909090909091,0.636363636363636,0.6,0.563636363636364,0,0,0,0,0,0,0,0,2328,13.213603,-2.40323071258499
"329",110,110,2,15.5738455218509,31.3145384789055,33.5724043093394,35.2275280644463,37.8362079573711,40.2236608686989,45.1463236441205,47.0630735593576,51.1635755990973,1,1,1,1,1,1,1,1,0.781818181818182,0.763636363636364,0.745454545454545,0.709090909090909,0.690909090909091,0.636363636363636,0.6,0.563636363636364,0,0,0,0,0,0,0,0,2329,13.267428,-2.30641752185092
"330",110,110,3,15.5762864119898,31.3169793690444,33.5748451994782,35.2299689545852,37.83864884751,40.2261017588378,45.1487645342594,47.0655144494964,51.1660164892361,1,1,1,1,1,1,1,1,0.781818181818182,0.763636363636364,0.745454545454545,0.709090909090909,0.690909090909091,0.636363636363636,0.6,0.563636363636364,0,0,0,0,0,0,0,0,2330,13.778622,-1.7976644119898
"331",111,111,1,15.599414114484,31.3362457872401,33.5935577499438,35.2482754934866,37.8563154619342,40.243182717061,45.1646379344333,47.0809176596747,51.1804138222154,1,1,1,1,1,1,1,1,0.781818181818182,0.763636363636364,0.745454545454545,0.709090909090909,0.690909090909091,0.636363636363636,0.6,0.563636363636364,0,0,0,0,0,0,0,0,2331,13.549828,-2.04958611448402
"332",111,111,2,15.5889567534994,31.3257884262555,33.5831003889592,35.237818132502,37.8458581009497,40.2327253560764,45.1541805734487,47.0704602986901,51.1699564612308,1,1,1,1,1,1,1,1,0.781818181818182,0.763636363636364,0.745454545454545,0.709090909090909,0.690909090909091,0.636363636363636,0.6,0.563636363636364,0,0,0,0,0,0,0,0,2332,13.438063,-2.15089375349944
"333",111,111,3,15.5838483723774,31.3206800451334,33.5779920078371,35.2327097513799,37.8407497198276,40.2276169749543,45.1490721923266,47.0653519175681,51.1648480801088,1,1,1,1,1,1,1,1,0.781818181818182,0.763636363636364,0.745454545454545,0.709090909090909,0.690909090909091,0.636363636363636,0.6,0.563636363636364,0,0,0,0,0,0,0,0,2333,12.658833,-2.92501537237737
"334",112,112,1,15.5443434188316,31.2807103001437,33.5379555925475,35.1926244635685,37.8005874028728,40.1873841612502,45.1086940221541,47.0249171495721,51.1242922324202,1,1,1,1,1,1,1,1,0.781818181818182,0.763636363636364,0.745454545454545,0.709090909090909,0.690909090909091,0.636363636363636,0.6,0.563636363636364,0,0,0,0,0,0,0,0,2334,13.396371,-2.14797241883156
"335",112,112,2,15.5781643438977,31.3145312252098,33.5717765176137,35.2264453886347,37.834408327939,40.2212050863163,45.1425149472202,47.0587380746382,51.1581131574864,1,1,1,1,1,1,1,1,0.716666666666667,0.7,0.683333333333333,0.65,0.633333333333333,0.583333333333333,0.55,0.516666666666667,0,0,0,0,0,0,0,0,2335,5.970227,-9.60793734389769
"336",112,112,3,15.2376272329227,30.9739941142348,33.2312394066387,34.8859082776597,37.493871216964,39.8806679753413,44.8019778362452,46.7182009636632,50.8175760465114,1,1,1,1,1,1,1,1,0.8,0.763636363636364,0.745454545454545,0.727272727272727,0.690909090909091,0.636363636363636,0.618181818181818,0.563636363636364,0,0,0,0,0,0,0,0,2336,13.209523,-2.02810423292268
"337",113,113,1,15.5567872908861,31.2955006577647,33.5530825331637,35.207998135635,37.816349954243,40.2035026133302,45.1255463019749,47.0420551617951,51.1420415118141,1,1,1,1,1,1,1,1,0.781818181818182,0.763636363636364,0.745454545454545,0.709090909090909,0.690909090909091,0.636363636363636,0.6,0.563636363636364,0,0,0,0,0,0,0,0,2337,13.027277,-2.52951029088605
"338",113,113,2,15.5483650442507,31.2870784111293,33.5446602865284,35.1995758889997,37.8079277076076,40.1950803666949,45.1171240553395,47.0336329151597,51.1336192651788,1,1,1,1,1,1,1,1,0.977272727272727,0.954545454545455,0.931818181818182,0.886363636363636,0.863636363636364,0.795454545454545,0.75,0.704545454545455,0,0,0,0,0,0,0,0,2338,30.134481,14.5861159557493
"339",113,113,3,16.3389507982808,32.0776641651594,34.3352460405585,35.9901616430298,38.5985134616378,40.985666120725,45.9077098093697,47.8242186691899,51.9242050192089,1,1,1,1,1,1,1,1,0.781818181818182,0.763636363636364,0.727272727272727,0.709090909090909,0.672727272727273,0.618181818181818,0.6,0.545454545454545,0,0,0,0,0,0,0,0,2339,13.880428,-2.45852279828085
"340",114,114,1,15.593740079602,31.3325543873002,33.590150741784,35.2450769581177,37.8534455054864,40.2406134746654,45.1626887310191,47.0792098824397,51.1792225278726,1,1,1,1,1,1,1,1,0.781818181818182,0.763636363636364,0.745454545454545,0.709090909090909,0.690909090909091,0.636363636363636,0.6,0.563636363636364,0,0,0,0,0,0,0,0,2340,13.388833,-2.20490707960197
"341",114,114,2,15.5709688150142,31.3097831227124,33.5673794771962,35.2223056935299,37.8306742408986,40.2178422100776,45.1399174664313,47.0564386178519,51.1564512632848,1,1,1,1,1,1,1,1,0.781818181818182,0.763636363636364,0.745454545454545,0.709090909090909,0.690909090909091,0.636363636363636,0.6,0.563636363636364,0,0,0,0,0,0,0,0,2341,13.48074,-2.09022881501418
"342",114,114,3,15.575226056472,31.3140403641702,33.5716367186541,35.2265629349877,37.8349314823564,40.2220994515354,45.1441747078891,47.0606958593097,51.1607085047427,1,1,1,1,1,1,1,1,0.781818181818182,0.763636363636364,0.745454545454545,0.709090909090909,0.690909090909091,0.636363636363636,0.6,0.563636363636364,0,0,0,0,0,0,0,0,2342,13.061877,-2.51334905647202
"343",115,115,1,15.5493785018637,31.2875089607334,33.5450072230362,35.1998615331047,37.8081167472997,40.1951809944329,45.1170423874464,47.033480266346,51.1333147669207,1,1,1,1,1,1,1,1,0.796296296296296,0.777777777777778,0.759259259259259,0.722222222222222,0.703703703703704,0.648148148148148,0.611111111111111,0.574074074074074,0,0,0,0,0,0,0,0,2343,14.414409,-1.13496950186374
"344",115,115,2,15.6123012884579,31.3504317473276,33.6079300096304,35.2627843196989,37.8710395338939,40.2581037810271,45.1799651740406,47.0964030529402,51.1962375535149,1,1,1,1,1,1,1,1,0.741379310344828,0.724137931034483,0.706896551724138,0.672413793103448,0.655172413793103,0.603448275862069,0.568965517241379,0.53448275862069,0,0,0,0,0,0,0,0,2344,7.930813,-7.68148828845793
"345",115,115,3,15.3106700313262,31.0488004901959,33.3062987524986,34.9611530625672,37.5694082767622,39.9564725238953,44.8783339169089,46.7947717958085,50.8946062963831,1,1,1,1,1,1,1,1,0.8,0.763636363636364,0.745454545454545,0.709090909090909,0.690909090909091,0.636363636363636,0.618181818181818,0.563636363636364,0,0,0,0,0,0,0,0,2345,12.861364,-2.44930603132618
"346",116,116,1,15.5290469230325,31.2678593515125,33.5254554364388,35.1803814551739,37.7887496911028,40.1759173752534,45.0979920439101,47.0145129664976,51.1145251223881,1,1,1,1,1,1,1,1,0.796296296296296,0.777777777777778,0.759259259259259,0.722222222222222,0.703703703703704,0.648148148148148,0.611111111111111,0.574074074074074,0,0,0,0,0,0,0,0,2346,14.955213,-0.573833923032488
"347",116,116,2,15.6269988757262,31.3658113042063,33.6234073891326,35.2783334078676,37.8867016437965,40.2738693279471,45.1959439966039,47.1124649191913,51.2124770750818,1,1,1,1,1,1,1,1,0.781818181818182,0.763636363636364,0.745454545454545,0.709090909090909,0.690909090909091,0.636363636363636,0.6,0.563636363636364,0,0,0,0,0,0,0,0,2347,13.196837,-2.43016187572623
"348",116,116,3,15.5447406217787,31.2835530502587,33.541149135185,35.1960751539201,37.804443389849,40.1916110739996,45.1136857426563,47.0302066652438,51.1302188211343,1,1,1,1,1,1,1,1,0.781818181818182,0.763636363636364,0.745454545454545,0.709090909090909,0.690909090909091,0.636363636363636,0.6,0.563636363636364,0,0,0,0,0,0,0,0,2348,13.02687,-2.51787062177869
"349",117,117,1,15.5382944730731,31.2730871347271,33.5301066189797,35.1846099618147,37.7923120082104,40.1788699984906,45.0996875460933,47.0157189802101,51.1146839736844,1,1,1,1,1,1,1,1,0.796296296296296,0.777777777777778,0.759259259259259,0.722222222222222,0.703703703703704,0.648148148148148,0.611111111111111,0.574074074074074,0,0,0,0,0,0,0,0,2349,14.383554,-1.15474047307313
"350",117,117,2,15.6017911896829,31.3365838513369,33.5936033355895,35.2481066784245,37.8558087248202,40.2423667151003,45.1631842627031,47.0792156968199,51.1781806902942,1,1,1,1,1,1,1,1,0.843137254901961,0.823529411764706,0.803921568627451,0.764705882352941,0.745098039215686,0.686274509803922,0.647058823529412,0.607843137254902,0,0,0,0,0,0,0,0,2350,19.38609,3.78429881031709
"351",117,117,3,15.8359242750014,31.5707169366554,33.827736420908,35.482239763743,38.0899418101387,40.4764998004188,45.3973173480216,47.3133487821384,51.4123137756127,1,1,1,1,1,1,1,1,0.796296296296296,0.777777777777778,0.759259259259259,0.722222222222222,0.703703703703704,0.62962962962963,0.611111111111111,0.574074074074074,0,0,0,0,0,0,0,0,2351,14.261248,-1.5746762750014
"352",118,118,1,15.5876286964851,31.3134561231974,33.5691896222845,35.2227502764232,37.8289665287569,40.2141647265349,45.1321785330037,47.0471182671959,51.1437477876217,1,1,1,1,1,1,1,1,0.796296296296296,0.777777777777778,0.759259259259259,0.722222222222222,0.703703703703704,0.648148148148148,0.611111111111111,0.574074074074074,0,0,0,0,0,0,0,0,2352,14.822643,-0.764985696485127
"353",118,118,2,15.613900638439,31.3397280651512,33.5954615642384,35.2490222183771,37.8552384707107,40.2404366684887,45.1584504749575,47.0733902091497,51.1700197295755,1,1,1,1,1,1,1,1,0.728813559322034,0.711864406779661,0.694915254237288,0.661016949152542,0.644067796610169,0.593220338983051,0.559322033898305,0.525423728813559,0,0,0,0,0,0,0,0,2353,6.716059,-8.89784163843898
"354",118,118,3,15.2345319153616,30.9603593420738,33.216092841161,34.8696534952997,37.4758697476333,39.8610679454113,44.7790817518801,46.6940214860723,50.7906510064981,1,1,1,1,1,1,1,1,0.8,0.763636363636364,0.745454545454545,0.727272727272727,0.690909090909091,0.636363636363636,0.618181818181818,0.563636363636364,0,0,0,0,0,0,0,0,2354,13.127784,-2.10674791536157
"355",119,119,1,15.5220118589618,31.2415122990812,33.4963382468378,35.1492336223997,37.7544013133547,40.1386398721509,45.0546750096078,46.9688443043378,51.0638256240459,1,1,1,1,1,1,1,1,0.814814814814815,0.777777777777778,0.759259259259259,0.722222222222222,0.703703703703704,0.648148148148148,0.611111111111111,0.574074074074074,0,0,0,0,0,0,0,0,2355,14.172687,-1.3493248589618
"356",119,119,2,15.5708949817859,31.2903954219053,33.5452213696618,35.1981167452238,37.8032844361788,40.187522994975,45.1035581324319,47.0177274271619,51.11270874687,1,1,1,1,1,1,1,1,0.781818181818182,0.763636363636364,0.745454545454545,0.709090909090909,0.690909090909091,0.636363636363636,0.6,0.563636363636364,0,0,0,0,0,0,0,0,2356,13.605529,-1.96536598178587
"357",119,119,3,15.5443619407527,31.2638623808721,33.5186883286287,35.1715837041906,37.7767513951456,40.1609899539419,45.0770250913987,46.9911943861287,51.0861757058368,1,1,1,1,1,1,1,1,0.796296296296296,0.777777777777778,0.759259259259259,0.722222222222222,0.703703703703704,0.648148148148148,0.611111111111111,0.574074074074074,0,0,0,0,0,0,0,0,2357,14.101104,-1.44325794075272
"358",120,120,1,15.5626426650409,31.2813184239035,33.5360260782892,35.1888347391466,37.7938657569946,40.1779792331358,45.0937564640484,47.0078253370414,51.1025918245826,1,1,1,1,1,1,1,1,0.796296296296296,0.777777777777778,0.759259259259259,0.722222222222222,0.703703703703704,0.648148148148148,0.611111111111111,0.574074074074074,0,0,0,0,0,0,0,0,2358,14.497734,-1.06490866504094
"359",120,120,2,15.5813341546498,31.3000099135124,33.5547175678981,35.2075262287555,37.8125572466035,40.1966707227447,45.1124479536573,47.0265168266503,51.1212833141915,1,1,1,1,1,1,1,1,0.781818181818182,0.763636363636364,0.745454545454545,0.709090909090909,0.690909090909091,0.636363636363636,0.6,0.563636363636364,0,0,0,0,0,0,0,0,2359,13.331042,-2.25029215464982
"360",120,120,3,15.5263529091697,31.2450286680323,33.499736322418,35.1525449832754,37.7575760011234,40.1416894772646,45.0574667081772,46.9715355811702,51.0663020687114,1,1,1,1,1,1,1,1,0.8,0.763636363636364,0.745454545454545,0.709090909090909,0.690909090909091,0.636363636363636,0.6,0.563636363636364,0,0,0,0,0,0,0,0,2360,13.030924,-2.49542890916972
"361",121,121,1,15.5092223699978,31.2270390764032,33.4816235071674,35.1343418392107,37.7392304876676,40.1232136679383,45.0387222432355,46.9526865090979,51.047229210662,1,1,1,1,1,1,1,1,0.814814814814815,0.777777777777778,0.759259259259259,0.722222222222222,0.703703703703704,0.648148148148148,0.611111111111111,0.574074074074074,0,0,0,0,0,0,0,0,2361,14.356437,-1.15278536999782
"362",121,121,2,15.5719055374687,31.2897222438741,33.5443066746383,35.1970250066816,37.8019136551385,40.1858968354093,45.1014054107064,47.0153696765688,51.109912378133,1,1,1,1,1,1,1,1,0.977272727272727,0.954545454545455,0.931818181818182,0.886363636363636,0.863636363636364,0.795454545454545,0.75,0.704545454545455,0,0,0,0,0,0,0,0,2362,29.751775,14.1798694625313
"363",121,121,3,16.2999470958127,32.0177638022181,34.2723482329823,35.9250665650256,38.5299552134825,40.9139383937532,45.8294469690504,47.7434112349128,51.8379539364769,1,1,1,1,1,1,1,1,0.796296296296296,0.777777777777778,0.759259259259259,0.722222222222222,0.685185185185185,0.62962962962963,0.611111111111111,0.555555555555556,0,0,0,0,0,0,0,0,2363,14.395783,-1.90416409581272
"364",122,122,1,15.5716430502381,31.2894780993494,33.5440651612156,35.1967854219826,37.8016771103468,40.1856630727281,45.1011773844281,47.0151438838884,51.1096913637875,1,1,1,1,1,1,1,1,0.796296296296296,0.777777777777778,0.759259259259259,0.722222222222222,0.703703703703704,0.648148148148148,0.611111111111111,0.574074074074074,0,0,0,0,0,0,0,0,2364,14.375022,-1.19662105023809
"365",122,122,2,15.5706612092457,31.288496258357,33.5430833202232,35.1958035809902,37.8006952693545,40.1846812317357,45.1001955434357,47.014162042896,51.1087095227951,1,1,1,1,1,1,1,1,0.781818181818182,0.763636363636364,0.745454545454545,0.709090909090909,0.690909090909091,0.636363636363636,0.6,0.563636363636364,0,0,0,0,0,0,0,0,2365,13.270479,-2.3001822092457
"366",122,122,3,15.5184245349405,31.2362595840518,33.490846645918,35.143566906685,37.7484585950493,40.1324445574305,45.0479588691305,46.9619253685908,51.0564728484899,1,1,1,1,1,1,1,1,0.8,0.763636363636364,0.745454545454545,0.709090909090909,0.690909090909091,0.636363636363636,0.6,0.563636363636364,0,0,0,0,0,0,0,0,2366,12.914419,-2.60400553494049
"367",123,123,1,15.503118063524,31.2177163375945,33.471839112165,35.1242190281153,37.7285742909238,40.1120693188833,45.0265713783242,46.9401437345088,51.0338480239147,1,1,1,1,1,1,1,1,0.8,0.763636363636364,0.745454545454545,0.709090909090909,0.690909090909091,0.636363636363636,0.6,0.563636363636364,0,0,0,0,0,0,0,0,2367,13.895283,-1.607835063524
"368",123,123,2,15.5493828416482,31.2639811157187,33.5181038902892,35.1704838062395,37.774839069048,40.1583340970075,45.0728361564484,46.9864085126329,51.0801128020389,1,1,1,1,1,1,1,1,0.781818181818182,0.763636363636364,0.745454545454545,0.709090909090909,0.690909090909091,0.636363636363636,0.6,0.563636363636364,0,0,0,0,0,0,0,0,2368,13.593438,-1.95594484164819
"369",123,123,3,15.535145605953,31.2497438800235,33.503866654594,35.1562465705443,37.7606018333528,40.1440968613123,45.0585989207532,46.9721712769378,51.0658755663437,1,1,1,1,1,1,1,1,0.8,0.763636363636364,0.745454545454545,0.709090909090909,0.690909090909091,0.636363636363636,0.6,0.563636363636364,0,0,0,0,0,0,0,0,2369,12.574855,-2.96029060595303
"370",124,124,1,15.486256504628,31.201126192345,33.4552878988482,35.1076963537691,37.7120965975276,40.0956327918641,45.0102197318028,46.9238251381259,51.0176001316752,1,1,1,1,1,1,1,1,0.8,0.763636363636364,0.745454545454545,0.709090909090909,0.690909090909091,0.636363636363636,0.6,0.563636363636364,0,0,0,0,0,0,0,0,2370,13.874885,-1.61137150462802
"371",124,124,2,15.547539889492,31.262409577209,33.5165712837122,35.1689797386331,37.7733799823916,40.1569161767281,45.0715031166668,46.98510852299,51.0788835165392,1,1,1,1,1,1,1,1,0.781818181818182,0.763636363636364,0.745454545454545,0.709090909090909,0.690909090909091,0.636363636363636,0.6,0.563636363636364,0,0,0,0,0,0,0,0,2371,13.556946,-1.99059388949205
"372",124,124,3,15.5325522522065,31.2474219399235,33.5015836464267,35.1539921013476,37.7583923451061,40.1419285394426,45.0565154793813,46.9701208857045,51.0638958792537,1,1,1,1,1,1,1,1,0.8,0.763636363636364,0.745454545454545,0.709090909090909,0.690909090909091,0.636363636363636,0.6,0.563636363636364,0,0,0,0,0,0,0,0,2372,12.954772,-2.57778025220654
"373",125,125,1,15.5043353981677,31.2194145899294,33.47360634797,35.1260368321066,37.7304717966357,40.114039767276,45.0286922264244,46.9423231441313,51.03615271417,1,1,1,1,1,1,1,1,0.8,0.763636363636364,0.745454545454545,0.709090909090909,0.690909090909091,0.636363636363636,0.6,0.563636363636364,0,0,0,0,0,0,0,0,2373,13.554973,-1.94936239816774
"374",125,125,2,15.5326932488171,31.2477724405787,33.5019641986193,35.1543946827559,37.758829647285,40.1423976179253,45.0570500770737,46.9706809947807,51.0645105648193,1,1,1,1,1,1,1,1,0.936170212765957,0.893617021276596,0.872340425531915,0.829787234042553,0.808510638297872,0.74468085106383,0.702127659574468,0.659574468085106,0,0,0,0,0,0,0,0,2374,25.195992,9.66329875118294
"375",125,125,3,16.082699460416,31.7977786521777,34.0519704102183,35.7044008943549,38.308835858884,40.6924038295243,45.6070562886727,47.5206872063796,51.6145167764183,1,1,1,1,1,1,1,1,0.796296296296296,0.777777777777778,0.759259259259259,0.722222222222222,0.685185185185185,0.62962962962963,0.611111111111111,0.555555555555556,0,0,0,0,0,0,0,0,2375,14.256564,-1.82613546041603
"376",126,126,1,15.5587774040344,31.2566005649461,33.5083170950834,35.1589331186587,37.7605082687671,40.1414589492281,45.0507148466782,46.9622444912228,51.0515788087404,1,1,1,1,1,1,1,1,0.781818181818182,0.763636363636364,0.745454545454545,0.709090909090909,0.690909090909091,0.636363636363636,0.6,0.563636363636364,0,0,0,0,0,0,0,0,2376,13.029482,-2.52929540403442
"377",126,126,2,15.5007078148945,31.1985309758062,33.4502475059435,35.1008635295188,37.7024386796272,40.0833893600883,44.9926452575383,46.9041749020829,50.9935092196005,1,1,1,1,1,1,1,1,0.8,0.763636363636364,0.745454545454545,0.709090909090909,0.690909090909091,0.636363636363636,0.6,0.563636363636364,0,0,0,0,0,0,0,0,2377,13.468915,-2.03179281489453
"378",126,126,3,15.5215032415771,31.2193264024888,33.4710429326261,35.1216589562014,37.7232341063098,40.1041847867708,45.0134406842209,46.9249703287655,51.0143046462831,1,1,1,1,1,1,1,1,0.8,0.763636363636364,0.745454545454545,0.709090909090909,0.690909090909091,0.636363636363636,0.6,0.563636363636364,0,0,0,0,0,0,0,0,2378,13.114039,-2.40746424157711
"379",127,127,1,15.5029036657567,31.2011965754901,33.4529804870201,35.1036459043822,37.7052989052123,40.0863208343277,44.9957236385909,46.9073104846206,50.9967671732439,1,1,1,1,1,1,1,1,0.8,0.763636363636364,0.745454545454545,0.709090909090909,0.690909090909091,0.636363636363636,0.6,0.563636363636364,0,0,0,0,0,0,0,0,2379,12.9163,-2.58660366575669
"380",127,127,2,15.4936169533895,31.1919098631229,33.4436937746529,35.0943591920151,37.6960121928451,40.0770341219605,44.9864369262237,46.8980237722534,50.9874804608767,1,1,1,1,1,1,1,1,0.8,0.763636363636364,0.745454545454545,0.709090909090909,0.690909090909091,0.636363636363636,0.6,0.563636363636364,0,0,0,0,0,0,0,0,2380,13.444451,-2.0491659533895
"381",127,127,3,15.5184212986297,31.216714208363,33.468498119893,35.1191635372552,37.7208165380852,40.1018384672007,45.0112412714639,46.9228281174936,51.0122848061169,1,1,1,1,1,1,1,1,0.8,0.763636363636364,0.745454545454545,0.709090909090909,0.690909090909091,0.636363636363636,0.6,0.563636363636364,0,0,0,0,0,0,0,0,2381,12.808169,-2.71025229862965
"382",128,128,1,15.4868601433175,31.1856198338026,33.4374707009814,35.0881852000399,37.6899155596981,40.071008287289,44.9805570701465,46.8922007562383,50.9817790427754,1,1,1,1,1,1,1,1,0.8,0.763636363636364,0.745454545454545,0.709090909090909,0.690909090909091,0.636363636363636,0.6,0.563636363636364,0,0,0,0,0,0,0,0,2382,13.376148,-2.11071214331747
"383",128,128,2,15.5137882594038,31.2125479498889,33.4643988170677,35.1151133161262,37.7168436757844,40.0979364033753,45.0074851862328,46.9191288723246,51.0087071588617,1,1,1,1,1,1,1,1,0.8,0.763636363636364,0.745454545454545,0.709090909090909,0.690909090909091,0.636363636363636,0.6,0.563636363636364,0,0,0,0,0,0,0,0,2383,13.494951,-2.01883725940378
"384",128,128,3,15.5194207580972,31.2181804485824,33.4700313157612,35.1207458148196,37.7224761744778,40.1035689020687,45.0131176849262,46.9247613710181,51.0143396575552,1,1,1,1,1,1,1,1,0.8,0.763636363636364,0.745454545454545,0.709090909090909,0.690909090909091,0.636363636363636,0.6,0.563636363636364,0,0,0,0,0,0,0,0,2384,13.20989,-2.30953075809723
"385",129,129,1,15.5085833069016,31.2045714490928,33.4560247617162,35.1064478342515,37.7077188696394,40.0883912255821,44.9970732487833,46.9083794424298,50.9972357315641,1,1,1,1,1,1,1,1,0.8,0.763636363636364,0.745454545454545,0.709090909090909,0.690909090909091,0.636363636363636,0.6,0.563636363636364,0,0,0,0,0,0,0,0,2385,12.967849,-2.54073430690158
"386",129,129,2,15.4972133849359,31.1932015271271,33.4446548397505,35.0950779122858,37.6963489476737,40.0770213036164,44.9857033268176,46.8970095204641,50.9858658095984,1,1,1,1,1,1,1,1,0.977777777777778,0.933333333333333,0.911111111111111,0.866666666666667,0.844444444444444,0.777777777777778,0.733333333333333,0.688888888888889,0,0,0,0,0,0,0,0,2386,29.665838,14.1686246150641
"387",129,129,3,16.2816045910294,31.9775927332206,34.229046045844,35.8794691183794,38.4807401537673,40.8614125097099,45.7700945329111,47.6814007265576,51.770257015692,1,1,1,1,1,1,1,1,0.796296296296296,0.777777777777778,0.759259259259259,0.722222222222222,0.685185185185185,0.62962962962963,0.611111111111111,0.555555555555556,0,0,0,0,0,0,0,0,2387,14.221351,-2.06025359102945
"388",130,130,1,15.5578615083025,31.248585630405,33.49928386502,35.1491534292238,37.7495520669734,40.1294260082516,45.0364617890789,46.9471269810817,51.0346119757521,1,1,1,1,1,1,1,1,0.8,0.763636363636364,0.745454545454545,0.709090909090909,0.690909090909091,0.636363636363636,0.6,0.563636363636364,0,0,0,0,0,0,0,0,2388,13.541629,-2.0162325083025
"389",130,130,2,15.5271686535889,31.2178927756914,33.4685910103064,35.1184605745102,37.7188592122598,40.098733153538,45.0057689343653,46.9164341263681,51.0039191210385,1,1,1,1,1,1,1,1,0.8,0.763636363636364,0.745454545454545,0.709090909090909,0.690909090909091,0.636363636363636,0.6,0.563636363636364,0,0,0,0,0,0,0,0,2389,13.259591,-2.26757765358889
"390",130,130,3,15.5144332244609,31.2051573465635,33.4558555811785,35.1057251453823,37.7061237831318,40.08599772441,44.9930335052374,46.9036986972402,50.9911836919106,1,1,1,1,1,1,1,1,0.8,0.763636363636364,0.745454545454545,0.709090909090909,0.690909090909091,0.636363636363636,0.6,0.563636363636364,0,0,0,0,0,0,0,0,2390,12.992421,-2.52201222446093
"391",131,131,1,15.4741679995768,31.1032593351244,33.3451168812656,34.9885057975462,37.5786901320584,39.9492159857972,44.8369770482276,46.7401371933607,50.8115666453893,1,1,1,1,1,1,1,1,0.8,0.763636363636364,0.745454545454545,0.709090909090909,0.690909090909091,0.636363636363636,0.618181818181818,0.563636363636364,0,0,0,0,0,0,0,0,2391,13.080852,-2.39331599957678
"392",131,131,2,15.4780738618347,31.1071651973824,33.3490227435235,34.9924116598042,37.5825959943163,39.9531218480551,44.8408829104856,46.7440430556186,50.8154725076472,1,1,1,1,1,1,1,1,0.8,0.763636363636364,0.745454545454545,0.709090909090909,0.690909090909091,0.636363636363636,0.618181818181818,0.563636363636364,0,0,0,0,0,0,0,0,2392,13.396665,-2.08140886183472
"393",131,131,3,15.4920228398771,31.1211141754248,33.3629717215659,35.0063606378466,37.5965449723587,39.9670708260975,44.854831888528,46.757992033661,50.8294214856896,1,1,1,1,1,1,1,1,0.8,0.763636363636364,0.745454545454545,0.709090909090909,0.690909090909091,0.636363636363636,0.618181818181818,0.563636363636364,0,0,0,0,0,0,0,0,2393,12.740099,-2.7519238398771
"394",132,132,1,15.4535144582817,31.080931239363,33.3225485851952,34.9657614231492,37.5556682364252,39.9259401038912,44.8131774748324,46.7161337088581,50.7871269339668,1,1,1,1,1,1,1,1,0.8,0.763636363636364,0.745454545454545,0.709090909090909,0.690909090909091,0.636363636363636,0.618181818181818,0.563636363636364,0,0,0,0,0,0,0,0,2394,13.200863,-2.25265145828166
"395",132,132,2,15.4752592678287,31.10267604891,33.3442933947422,34.9875062326962,37.5774130459722,39.9476849134382,44.8349222843794,46.7378785184051,50.8088717435138,1,1,1,1,1,1,1,1,0.8,0.763636363636364,0.745454545454545,0.709090909090909,0.690909090909091,0.636363636363636,0.618181818181818,0.563636363636364,0,0,0,0,0,0,0,0,2395,13.663622,-1.81163726782868
"396",132,132,3,15.4970982272985,31.1245150083798,33.366132354212,35.009345192166,37.5992520054421,39.969523872908,44.8567612438492,46.7597174778749,50.8307107029837,1,1,1,1,1,1,1,1,0.8,0.763636363636364,0.745454545454545,0.709090909090909,0.690909090909091,0.636363636363636,0.618181818181818,0.563636363636364,0,0,0,0,0,0,0,0,2396,13.404962,-2.09213622729854
"397",133,133,1,15.4398448664469,30.7648844014409,32.9631283549006,34.5745464196278,37.1143407350553,39.4387498543906,44.2314233317657,46.0975589783884,50.089781941112,1,1,1,1,1,1,1,1,0.8,0.763636363636364,0.745454545454545,0.727272727272727,0.690909090909091,0.636363636363636,0.618181818181818,0.563636363636364,0,0,0,0,0,0,0,0,2397,13.155209,-2.28463586644693
"398",133,133,2,15.4276726752004,30.7527122101944,32.9509561636541,34.5623742283813,37.1021685438087,39.4265776631441,44.2192511405191,46.0853867871419,50.0776097498655,1,1,1,1,1,1,1,1,0.916666666666667,0.875,0.854166666666667,0.833333333333333,0.791666666666667,0.729166666666667,0.708333333333333,0.645833333333333,0,0,0,0,0,0,0,0,2398,24.01274,8.58506732479959
"399",133,133,3,15.9568352630253,31.2818747980193,33.480118751479,35.0915368162062,37.6313311316336,39.955740250969,44.748413728344,46.6145493749668,50.6067723376904,1,1,1,1,1,1,1,1,0.796296296296296,0.777777777777778,0.759259259259259,0.722222222222222,0.703703703703704,0.648148148148148,0.62962962962963,0.574074074074074,0,0,0,0,0,0,0,0,2399,15.025577,-0.931258263025287
"400",134,134,1,15.5166946713326,30.8337656234538,33.0308665528399,34.6414467261957,37.1799204211161,39.5031209140949,44.2933023381411,46.1584676475248,50.1486147683262,1,1,1,1,1,1,1,1,0.8,0.763636363636364,0.745454545454545,0.727272727272727,0.690909090909091,0.636363636363636,0.618181818181818,0.563636363636364,0,0,0,0,0,0,0,0,2400,14.028292,-1.48840267133258
"401",134,134,2,15.4674984817945,30.7845694339157,32.9816703633018,34.5922505366576,37.130724231578,39.4539247245567,44.244106148603,46.1092714579867,50.0994185787881,1,1,1,1,1,1,1,1,0.8,0.763636363636364,0.745454545454545,0.727272727272727,0.690909090909091,0.636363636363636,0.618181818181818,0.563636363636364,0,0,0,0,0,0,0,0,2401,13.384141,-2.08335748179447
"402",134,134,3,15.4357224351406,30.7527933872619,32.9498943166479,34.5604744900038,37.0989481849241,39.4221486779029,44.2123301019492,46.0774954113328,50.0676425321343,1,1,1,1,1,1,1,1,0.814814814814815,0.777777777777778,0.759259259259259,0.740740740740741,0.703703703703704,0.648148148148148,0.62962962962963,0.574074074074074,0,0,0,0,0,0,0,0,2402,14.461956,-0.973766435140641
"403",135,135,1,15.4891098319895,30.8041865996801,33.0010014806122,34.6113719667559,37.1495151686769,39.472413195847,44.2619709689847,46.1268934458039,50.1165210750335,1,1,1,1,1,1,1,1,0.8,0.763636363636364,0.745454545454545,0.727272727272727,0.690909090909091,0.636363636363636,0.618181818181818,0.563636363636364,0,0,0,0,0,0,0,0,2403,13.192905,-2.29620483198949
"404",135,135,2,15.4227513490126,30.7378281167032,32.9346429976353,34.545013483779,37.0831566857,39.4060547128701,44.1956124860078,46.0605349628269,50.0501625920566,1,1,1,1,1,1,1,1,0.8,0.763636363636364,0.745454545454545,0.727272727272727,0.690909090909091,0.636363636363636,0.618181818181818,0.563636363636364,0,0,0,0,0,0,0,0,2404,13.51392,-1.90883134901255
"405",135,135,3,15.4395371743362,30.7546139420269,32.9514288229589,34.5617993091027,37.0999425110237,39.4228405381938,44.2123983113315,46.0773207881506,50.0669484173803,1,1,1,1,1,1,1,1,0.956521739130435,0.91304347826087,0.891304347826087,0.869565217391304,0.826086956521739,0.760869565217391,0.739130434782609,0.673913043478261,0,0,0,0,0,0,0,0,2405,26.77733,11.3377928256638
"406",136,136,1,16.1143906266727,31.1232704893223,33.2761640809463,34.8543381591773,37.3417358372744,39.6181917735929,44.3119911128098,46.1396278809639,50.0494902141479,0,0,0,1,1,1,1,1,0,0,0,1,0.95,0.875,0.85,0.775,0,0,0,0,0,0,0,0,2406,36.92413,20.8097393733273
"407",136,136,2,16.6601970815639,31.6690769442134,33.8219705358374,35.4001446140685,37.8875422921656,40.163998228484,44.857797567701,46.6854343358551,50.5952966690391,1,1,1,1,1,1,1,1,0.781818181818182,0.763636363636364,0.745454545454545,0.709090909090909,0.690909090909091,0.636363636363636,0.618181818181818,0.563636363636364,1,1,1,0,0,0,0,0,2407,13.925779,-2.73441808156386
"408",136,136,3,15.4230929277762,30.4319727904258,32.5848663820497,34.1630404602808,36.6504381383779,38.9268940746963,43.6206934139133,45.4483301820674,49.3581925152514,1,1,1,1,1,1,1,1,0.814814814814815,0.796296296296296,0.777777777777778,0.740740740740741,0.722222222222222,0.666666666666667,0.62962962962963,0.592592592592593,1,1,1,0,0,0,0,0,2408,15.31589,-0.107202927776184
"409",137,137,1,15.5113316455105,30.538833274924,32.6943979974183,34.2745301424649,36.7650139762136,39.0442943492576,43.7439173633478,45.573821710824,49.4885350752052,1,1,1,1,1,1,1,1,0.8,0.781818181818182,0.763636363636364,0.727272727272727,0.709090909090909,0.654545454545455,0.618181818181818,0.581818181818182,0,0,0,0,0,0,0,0,2409,13.448624,-2.06270764551048
"410",137,137,2,15.4090950294448,30.4365966588583,32.5921613813526,34.1722935263992,36.6627773601478,38.9420577331919,43.6416807472821,45.4715850947583,49.3862984591395,1,1,1,1,1,1,1,1,0.8,0.781818181818182,0.763636363636364,0.727272727272727,0.709090909090909,0.654545454545455,0.618181818181818,0.581818181818182,0,0,0,0,0,0,0,0,2410,13.928655,-1.48044002944477
"411",137,137,3,15.4353777042467,30.4628793336602,32.6184440561545,34.1985762012011,36.6890600349497,38.9683404079938,43.667963422084,45.4978677695602,49.4125811339414,1,1,1,1,1,1,1,1,1,0.977272727272727,0.954545454545455,0.909090909090909,0.886363636363636,0.818181818181818,0.772727272727273,0.727272727272727,0,0,0,0,0,0,0,0,2411,31.06956,15.6341822957533
"412",138,138,1,16.2932213847934,31.3247280946361,33.4808673111679,35.0614205878494,37.5525681771782,39.8324560165489,44.5333315587455,46.3637236063245,50.2794803072674,1,1,1,1,1,1,1,1,0.781818181818182,0.763636363636364,0.745454545454545,0.709090909090909,0.690909090909091,0.636363636363636,0.618181818181818,0.563636363636364,0,0,0,0,0,0,0,0,2412,13.876373,-2.41684838479338
"413",138,138,2,15.4460922428286,30.4775989526714,32.6337381692032,34.2142914458847,36.7054390352134,38.9853268745842,43.6862024167807,45.5165944643598,49.4323511653027,1,1,1,1,1,1,1,1,0.8,0.781818181818182,0.763636363636364,0.727272727272727,0.709090909090909,0.654545454545455,0.618181818181818,0.581818181818182,0,0,0,0,0,0,0,0,2413,13.946668,-1.49942424282865
"414",138,138,3,15.4495557625958,30.4810624724385,32.6372016889703,34.2177549656518,36.7089025549806,38.9887903943513,43.6896659365479,45.5200579841269,49.4358146850698,1,1,1,1,1,1,1,1,0.814814814814815,0.796296296296296,0.777777777777778,0.740740740740741,0.722222222222222,0.666666666666667,0.62962962962963,0.592592592592593,0,0,0,0,0,0,0,0,2414,14.581455,-0.868100762595779
"415",139,139,1,15.4388141118058,30.1808681526698,32.2954878952751,33.8456054097121,36.2887824707052,38.5247678834719,43.1351214973953,44.9302667880339,48.7706201212348,1,1,1,1,1,1,1,1,0.8,0.781818181818182,0.763636363636364,0.727272727272727,0.709090909090909,0.654545454545455,0.636363636363636,0.581818181818182,0,0,0,0,0,0,0,0,2415,13.4175,-2.02131411180585
"416",139,139,2,15.380026429857,30.122080470721,32.2367002133263,33.7868177277632,36.2299947887564,38.4659802015231,43.0763338154464,44.8714791060851,48.711832439286,1,1,1,1,1,1,1,1,0.8,0.781818181818182,0.763636363636364,0.727272727272727,0.709090909090909,0.654545454545455,0.636363636363636,0.581818181818182,0,0,0,0,0,0,0,0,2416,13.8938,-1.48622642985704
"417",139,139,3,15.4040828348832,30.1461368757472,32.2607566183525,33.8108741327894,36.2540511937826,38.4900366065492,43.1003902204726,44.8955355111113,48.7358888443121,1,1,1,1,1,1,1,1,0.814814814814815,0.796296296296296,0.777777777777778,0.740740740740741,0.722222222222222,0.666666666666667,0.648148148148148,0.592592592592593,0,0,0,0,0,0,0,0,2417,14.795044,-0.609038834883197
"418",140,140,1,15.4392269850331,30.1500003028038,32.2601330970888,33.8069614635823,36.2449544203183,38.4761953625828,43.0767664052065,44.8681026307994,48.7003072332425,1,1,1,1,1,1,1,1,0.88,0.86,0.84,0.8,0.78,0.72,0.7,0.64,0,0,0,0,0,0,0,0,2418,20.932296,5.49306901496691
"419",140,140,2,15.7559503326988,30.4667236504695,32.5768564447545,34.123684811248,36.5616777679839,38.7929187102485,43.3934897528721,45.1848259784651,49.0170305809081,1,1,1,1,1,1,1,1,0.8,0.781818181818182,0.763636363636364,0.727272727272727,0.709090909090909,0.654545454545455,0.636363636363636,0.581818181818182,0,0,0,0,0,0,0,0,2419,13.712758,-2.04319233269876
"420",140,140,3,15.3833737717299,30.0941470895005,32.2042798837856,33.751108250279,36.189101207015,38.4203421492796,43.0209131919032,44.8122494174962,48.6444540199392,1,1,1,1,1,1,1,1,0.814814814814815,0.796296296296296,0.777777777777778,0.740740740740741,0.722222222222222,0.666666666666667,0.648148148148148,0.592592592592593,0,0,0,0,0,0,0,0,2420,15.094709,-0.288664771729856
"421",141,141,1,15.4607919664081,30.1700359790778,32.2799494078152,33.8266169688594,36.2643564763046,38.4953654628398,43.0954582385082,44.886608240062,48.7184144535203,1,1,1,1,1,1,1,1,0.8,0.781818181818182,0.763636363636364,0.727272727272727,0.709090909090909,0.654545454545455,0.636363636363636,0.581818181818182,0,0,0,0,0,0,0,0,2421,14.038763,-1.42202896640813
"422",141,141,2,15.4021706673561,30.1114146800258,32.2213281087631,33.7679956698074,36.2057351772525,38.4367441637877,43.0368369394562,44.8279869410099,48.6597931544682,1,1,1,1,1,1,1,1,0.814814814814815,0.796296296296296,0.777777777777778,0.740740740740741,0.722222222222222,0.666666666666667,0.648148148148148,0.592592592592593,0,0,0,0,0,0,0,0,2422,14.449054,-0.953116667356086
"423",141,141,3,15.4249481497362,30.1341921624059,32.2441055911433,33.7907731521875,36.2285126596327,38.4595216461678,43.0596144218363,44.8507644233901,48.6825706368484,1,1,1,1,1,1,1,1,0.977777777777778,0.955555555555556,0.933333333333333,0.888888888888889,0.866666666666667,0.8,0.777777777777778,0.711111111111111,0,0,0,0,0,0,0,0,2423,29.364073,13.9391248502638
"424",142,142,1,16.2424810152199,30.6289027197882,32.6925100893989,34.2052330920762,36.5894717742127,38.7715170295182,43.2706520288358,45.0224918403377,48.7702017858328,1,1,1,1,1,1,1,1,0.8,0.781818181818182,0.763636363636364,0.727272727272727,0.709090909090909,0.654545454545455,0.636363636363636,0.581818181818182,0,0,0,0,0,0,0,0,2424,14.032098,-2.21038301521991
"425",142,142,2,15.3625778851372,29.7489995897055,31.8126069593162,33.3253299619935,35.7095686441301,37.8916138994356,42.3907488987531,44.142588710255,47.8902986557501,1,1,1,1,1,1,1,1,0.814814814814815,0.796296296296296,0.777777777777778,0.759259259259259,0.722222222222222,0.666666666666667,0.648148148148148,0.611111111111111,0,0,0,0,0,0,0,0,2425,14.314334,-1.04824388513725
"426",142,142,3,15.3787754291472,29.7651971337155,31.8288045033262,33.3415275060035,35.72576618814,37.9078114434455,42.4069464427631,44.158786254265,47.90649619976,1,1,1,1,1,1,1,1,0.814814814814815,0.796296296296296,0.777777777777778,0.759259259259259,0.722222222222222,0.666666666666667,0.648148148148148,0.611111111111111,0,0,0,0,0,0,0,0,2426,14.683652,-0.6951234291472
"427",143,143,1,15.4023499048429,29.7882731552322,31.8518090259157,33.3644796164563,35.7486356905782,37.9306053433747,42.4295844587144,44.1813635732693,47.9289436698191,1,1,1,1,1,1,1,1,0.814814814814815,0.796296296296296,0.777777777777778,0.759259259259259,0.722222222222222,0.666666666666667,0.648148148148148,0.611111111111111,0,0,0,0,0,0,0,0,2427,15.063277,-0.339072904842931
"428",143,143,2,15.4239863888328,29.8099096392221,31.8734455099056,33.3861161004461,35.770272174568,37.9522418273645,42.4512209427042,44.2030000572592,47.950580153809,1,1,1,1,1,1,1,1,0.814814814814815,0.796296296296296,0.777777777777778,0.759259259259259,0.722222222222222,0.666666666666667,0.648148148148148,0.611111111111111,0,0,0,0,0,0,0,0,2428,14.336022,-1.08796438883279
"429",143,143,3,15.3825369554076,29.7684602057968,31.8319960764804,33.3446666670209,35.7288227411428,37.9107923939393,42.409771509279,44.161550623834,47.9091307203838,1,1,1,1,1,1,1,1,0.8,0.781818181818182,0.763636363636364,0.745454545454545,0.709090909090909,0.654545454545455,0.636363636363636,0.6,0,0,0,0,0,0,0,0,2429,13.575787,-1.80674995540758
"430",144,144,1,15.3359333839509,29.7187038807588,31.781787516296,33.2941265968222,35.6777601701306,37.8592516323712,42.3572447718877,44.1086399744906,47.8553987684125,1,1,1,1,1,1,1,1,0.8,0.781818181818182,0.763636363636364,0.745454545454545,0.709090909090909,0.654545454545455,0.636363636363636,0.6,0,0,0,0,0,0,0,0,2430,13.844199,-1.49173438395092
"431",144,144,2,15.3523638108743,29.7351343076821,31.7982179432193,33.3105570237456,35.694190597054,37.8756820592945,42.3736751988111,44.125070401414,47.8718291953359,1,1,1,1,1,1,1,1,0.814814814814815,0.796296296296296,0.777777777777778,0.759259259259259,0.722222222222222,0.666666666666667,0.648148148148148,0.611111111111111,0,0,0,0,0,0,0,0,2431,14.236249,-1.11611481087427
"432",144,144,3,15.3763625474259,29.7591330442338,31.822216679771,33.3345557602972,35.7181893336057,37.8996807958462,42.3976739353627,44.1490691379656,47.8958279318875,1,1,1,1,1,1,1,1,0.814814814814815,0.796296296296296,0.777777777777778,0.759259259259259,0.722222222222222,0.666666666666667,0.648148148148148,0.611111111111111,0,0,0,0,0,0,0,0,2432,14.132439,-1.24392354742592
"433",145,145,1,15.3248926078354,29.3729267893083,31.3879954047532,32.8651371767035,35.193295435321,37.3240161219194,41.7173255601799,43.4279597997301,47.087518687806,1,1,1,1,1,1,1,1,0.818181818181818,0.781818181818182,0.763636363636364,0.745454545454545,0.727272727272727,0.672727272727273,0.654545454545455,0.6,0,0,0,0,0,0,0,0,2433,14.030102,-1.29479060783535
"434",145,145,2,15.3184271687295,29.3664613502024,31.3815299656473,32.8586717375976,35.1868299962151,37.3175506828135,41.710860121074,43.4214943606242,47.0810532487001,1,1,1,1,1,1,1,1,0.833333333333333,0.796296296296296,0.777777777777778,0.759259259259259,0.740740740740741,0.685185185185185,0.666666666666667,0.611111111111111,0,0,0,0,0,0,0,0,2434,14.648146,-0.670281168729463
"435",145,145,3,15.3574739049711,29.405508086444,31.4205767018889,32.8977184738393,35.2258767324567,37.3565974190552,41.7499068573156,43.4605410968659,47.1200999849418,0,1,1,1,1,1,1,1,0,0.977272727272727,0.954545454545455,0.931818181818182,0.909090909090909,0.840909090909091,0.818181818181818,0.75,0,0,0,0,0,0,0,0,2435,30.22773,14.8702560950289
"436",146,146,1,16.3480229333194,30.3952210619186,32.4101697528328,33.8872236143604,36.215243315271,38.3458371944364,42.738885169852,44.4494176029393,48.1087586965049,1,1,1,1,1,1,1,1,0.814814814814815,0.796296296296296,0.777777777777778,0.740740740740741,0.722222222222222,0.666666666666667,0.648148148148148,0.611111111111111,1,0,0,0,0,0,0,0,2436,14.718361,-1.62966193331943
"437",146,146,2,15.3640862492726,29.4112843778718,31.426233068786,32.9032869303136,35.2313066312242,37.3619005103896,41.7549484858052,43.4654809188925,47.1248220124581,1,1,1,1,1,1,1,1,0.818181818181818,0.781818181818182,0.763636363636364,0.745454545454545,0.727272727272727,0.672727272727273,0.654545454545455,0.6,1,0,0,0,0,0,0,0,2437,14.029273,-1.33481324927261
"438",146,146,3,15.3203695151014,29.3675676437006,31.3825163346147,32.8595701961424,35.1875898970529,37.3181837762184,41.711231751634,43.4217641847213,47.0811052782869,1,1,1,1,1,1,1,1,0.818181818181818,0.781818181818182,0.763636363636364,0.745454545454545,0.727272727272727,0.672727272727273,0.654545454545455,0.6,0,0,0,0,0,0,0,0,2438,13.607026,-1.71334351510139
"439",147,147,1,15.2906520651048,29.3347345382496,31.3492363154218,32.8259625677794,35.1534659160898,37.2835872315184,41.6756608329869,43.3858138715745,47.0443433266957,1,1,1,1,1,1,1,1,0.818181818181818,0.781818181818182,0.763636363636364,0.745454545454545,0.727272727272727,0.672727272727273,0.654545454545455,0.6,0,0,0,0,0,0,0,0,2439,13.430371,-1.8602810651048
"440",147,147,2,15.278658799136,29.3227412722808,31.337243049453,32.8139693018107,35.141472650121,37.2715939655496,41.6636675670181,43.3738206056058,47.032350060727,1,1,1,1,1,1,1,1,0.833333333333333,0.796296296296296,0.777777777777778,0.759259259259259,0.740740740740741,0.685185185185185,0.666666666666667,0.611111111111111,0,0,0,0,0,0,0,0,2440,14.356043,-0.922615799136009
"441",147,147,3,15.3415034992343,29.3855859723791,31.4000877495513,32.8768140019089,35.2043173502193,37.3344386656479,41.7265122671164,43.436665305704,47.0951947608252,1,1,1,1,1,1,1,1,0.818181818181818,0.781818181818182,0.763636363636364,0.745454545454545,0.727272727272727,0.672727272727273,0.654545454545455,0.6,0,0,0,0,0,0,0,0,2441,13.384413,-1.9570904992343
"442",148,148,1,15.2289808395079,28.9311446712327,30.8966011859532,32.3373749127598,34.6082126309533,36.6864737990476,40.971617535806,42.6401350168774,46.2095935466973,1,1,1,1,1,1,1,1,0.818181818181818,0.8,0.781818181818182,0.745454545454545,0.727272727272727,0.672727272727273,0.654545454545455,0.618181818181818,0,0,0,0,0,0,0,0,2442,13.982728,-1.24625283950793
"443",148,148,2,15.2706987350319,28.9728625667566,30.9383190814771,32.3790928082838,34.6499305264772,36.7281916945715,41.01333543133,42.6818529124013,46.2513114422212,1,1,1,1,1,1,1,1,0.833333333333333,0.814814814814815,0.796296296296296,0.759259259259259,0.740740740740741,0.685185185185185,0.666666666666667,0.62962962962963,0,0,0,0,0,0,0,0,2443,14.125774,-1.1449247350319
"444",148,148,3,15.2806727087466,28.9828365404713,30.9482930551919,32.3890667819985,34.659904500192,36.7381656682863,41.0233094050447,42.691826886116,46.261285415936,1,1,1,1,1,1,1,1,0.818181818181818,0.8,0.781818181818182,0.745454545454545,0.727272727272727,0.672727272727273,0.654545454545455,0.618181818181818,0,0,0,0,0,0,0,0,2444,13.706161,-1.57451170874661
"445",149,149,1,15.2545921198159,28.9560363736722,30.9213896711909,32.3620877348468,34.6328061985499,36.7109582254341,40.9958769251375,42.6643067829497,46.2335778603795,1,1,1,1,1,1,1,1,0.833333333333333,0.814814814814815,0.796296296296296,0.759259259259259,0.740740740740741,0.685185185185185,0.666666666666667,0.62962962962963,0,0,0,0,0,0,0,0,2445,14.65067,-0.603922119815884
"446",149,149,2,15.3203916480077,29.021835901864,30.9871891993827,32.4278872630386,34.6986057267417,36.7767577536259,41.0616764533293,42.7301063111415,46.2993773885713,1,1,1,1,1,1,1,1,0.833333333333333,0.814814814814815,0.796296296296296,0.759259259259259,0.740740740740741,0.685185185185185,0.666666666666667,0.62962962962963,0,0,0,0,0,0,0,0,2446,14.325856,-0.994535648007711
"447",149,149,3,15.2977633745343,28.9992076283906,30.9645609259093,32.4052589895652,34.6759774532683,36.7541294801525,41.0390481798559,42.7074780376681,46.2767491150979,1,1,1,1,1,1,1,1,0.978260869565217,0.956521739130435,0.934782608695652,0.891304347826087,0.869565217391304,0.804347826086957,0.782608695652174,0.739130434782609,0,0,0,0,0,0,0,0,2447,26.620547,11.3227836254657
"448",150,150,1,16.0972169518931,29.7988237618595,31.7642003766417,33.2049155329682,35.4756609368357,37.5538376192455,41.8388071559047,43.5072568082336,47.0765702320622,1,1,1,1,1,1,1,1,0.8,0.781818181818182,0.763636363636364,0.745454545454545,0.709090909090909,0.672727272727273,0.654545454545455,0.6,0,0,0,0,0,0,0,0,2448,13.91936,-2.17785695189307
"449",150,150,2,15.2808128116844,28.9824196216508,30.9477962364331,32.3885113927596,34.6592567966271,36.7374334790369,41.0224030156961,42.690852668025,46.2601660918536,1,1,1,1,1,1,1,1,0.833333333333333,0.814814814814815,0.796296296296296,0.759259259259259,0.740740740740741,0.685185185185185,0.666666666666667,0.62962962962963,0,0,0,0,0,0,0,0,2449,14.07363,-1.20718281168445
"450",150,150,3,15.2907289452482,28.9923357552146,30.9577123699968,32.3984275263233,34.6691729301908,36.7473496126006,41.0323191492598,42.7007688015888,46.2700822254173,1,1,1,1,1,1,1,1,0.818181818181818,0.8,0.781818181818182,0.745454545454545,0.727272727272727,0.672727272727273,0.654545454545455,0.618181818181818,0,0,0,0,0,0,0,0,2450,13.658825,-1.63190394524818
"451",151,151,1,15.2210606070717,28.5882544131514,30.5056623840633,31.9112142278051,34.1265378988713,36.1539928435601,40.3343797897107,41.9621078487398,45.444305590413,1,1,1,1,1,1,1,1,0.818181818181818,0.8,0.781818181818182,0.763636363636364,0.727272727272727,0.690909090909091,0.672727272727273,0.618181818181818,0,0,0,0,0,0,0,0,2451,13.460483,-1.76057760707166
"452",151,151,2,15.2079481632792,28.5751419693588,30.4925499402708,31.8981017840126,34.1134254550788,36.1408803997676,40.3212673459182,41.9489954049473,45.4311931466205,1,1,1,1,1,1,1,1,0.833333333333333,0.814814814814815,0.796296296296296,0.777777777777778,0.740740740740741,0.703703703703704,0.685185185185185,0.62962962962963,0,0,0,0,0,0,0,0,2452,14.354302,-0.853646163279153
"453",151,151,3,15.267038781495,28.6342325875747,30.5516405584867,31.9571924022285,34.1725160732947,36.1999710179835,40.3803579641341,42.0080860231632,45.4902837648363,1,1,1,1,1,1,1,1,0.818181818181818,0.8,0.781818181818182,0.763636363636364,0.727272727272727,0.690909090909091,0.672727272727273,0.618181818181818,0,0,0,0,0,0,0,0,2453,13.690151,-1.57688778149504
"454",152,152,1,15.2235240421593,28.5898626056945,30.507147899484,31.9126098150215,34.1277917481074,36.1551169747902,40.3352364568177,41.9628603726507,45.4448353208415,1,1,1,1,1,1,1,1,0.76271186440678,0.745762711864407,0.728813559322034,0.711864406779661,0.677966101694915,0.644067796610169,0.627118644067797,0.576271186440678,0,0,0,0,0,0,0,0,2454,7.567892,-7.6556320421593
"455",152,152,2,14.8190665921748,28.1854051557101,30.1026904494996,31.508152365037,33.7233342981229,35.7506595248057,39.9307790068333,41.5584029226662,45.0403778708571,1,1,1,1,1,1,1,1,0.833333333333333,0.814814814814815,0.796296296296296,0.777777777777778,0.759259259259259,0.703703703703704,0.685185185185185,0.648148148148148,0,0,0,0,0,0,0,0,2455,14.669981,-0.149085592174826
"456",152,152,3,15.2882549761525,28.6545935396877,30.5718788334772,31.9773407490147,34.1925226821006,36.2198479087834,40.3999673908109,42.0275913066439,45.5095662548347,1,1,1,1,1,1,1,1,0.818181818181818,0.8,0.781818181818182,0.763636363636364,0.727272727272727,0.690909090909091,0.672727272727273,0.618181818181818,0,0,0,0,0,0,0,0,2456,13.802829,-1.4854259761525
"457",153,153,1,15.2251672193579,28.5900819971984,30.5071630612834,31.9124752666695,34.1274212380272,36.1545305135247,40.3342047281895,41.9616552691198,45.4432593164766,1,1,1,1,1,1,1,1,0.818181818181818,0.8,0.781818181818182,0.763636363636364,0.727272727272727,0.690909090909091,0.672727272727273,0.618181818181818,0,0,0,0,0,0,0,0,2457,13.653463,-1.57170421935793
"458",153,153,2,15.2145226554315,28.5794374332719,30.496518497357,31.901830702743,34.1167766741007,36.1438859495982,40.323560164263,41.9510107051933,45.4326147525501,1,1,1,1,1,1,1,1,0.849056603773585,0.830188679245283,0.811320754716981,0.792452830188679,0.754716981132076,0.716981132075472,0.69811320754717,0.641509433962264,0,0,0,0,0,0,0,0,2458,15.799357,0.584834344568533
"459",153,153,3,15.367449732962,28.7323645108024,30.6494455748875,32.0547577802736,34.2697037516312,36.2968130271287,40.4764872417935,42.1039377827238,45.5855418300806,0,1,1,1,1,1,1,1,0,1,0.977272727272727,0.954545454545455,0.909090909090909,0.863636363636364,0.840909090909091,0.772727272727273,0,0,0,0,0,0,0,0,2459,29.770371,14.402921267038
"460",154,154,1,16.3674848395112,29.3622493227696,31.2262355387091,32.5926266783458,34.7462282328172,36.7171953549266,40.7811106839172,42.3634878886417,45.7486665726371,1,1,1,1,1,1,1,1,0.833333333333333,0.814814814814815,0.796296296296296,0.759259259259259,0.740740740740741,0.685185185185185,0.666666666666667,0.62962962962963,1,0,0,0,0,0,0,0,2460,14.207508,-2.15997683951118
"461",154,154,2,15.2088766530278,28.2036411362863,30.0676273522258,31.4340184918624,33.5876200463338,35.5585871684433,39.6225024974338,41.2048797021584,44.5900583861538,1,1,1,1,1,1,1,1,0.833333333333333,0.814814814814815,0.796296296296296,0.777777777777778,0.759259259259259,0.703703703703704,0.685185185185185,0.648148148148148,1,0,0,0,0,0,0,0,2461,15.553685,0.344808346972153
"462",154,154,3,15.3090954683355,28.303859951594,30.1678461675334,31.5342373071701,33.6878388616415,35.658805983751,39.7227213127415,41.305098517466,44.6902772014615,1,1,1,1,1,1,1,1,0.818181818181818,0.8,0.781818181818182,0.763636363636364,0.745454545454545,0.690909090909091,0.672727272727273,0.636363636363636,0,0,0,0,0,0,0,0,2462,13.632187,-1.67690846833552
"463",155,155,1,15.1687776826015,28.1632621095995,30.0272081538983,31.3935698457991,33.5471249869939,35.5180496318671,39.5818773775135,41.1642204796851,44.549326208108,1,1,1,1,1,1,1,1,0.775862068965517,0.758620689655172,0.741379310344828,0.724137931034483,0.706896551724138,0.655172413793103,0.637931034482759,0.603448275862069,0,0,0,0,0,0,0,0,2463,8.044674,-7.12410368260149
"464",155,155,2,14.7547706667725,27.7492550937705,29.6132011380693,30.97956282997,33.1331179711649,35.1040426160381,39.1678703616845,40.7502134638561,44.135319192279,1,1,1,1,1,1,1,1,0.867924528301887,0.849056603773585,0.830188679245283,0.792452830188679,0.773584905660377,0.716981132075472,0.69811320754717,0.660377358490566,0,0,0,0,0,0,0,0,2464,15.904732,1.14996133322755
"465",155,155,3,15.3371620020272,28.3316464290252,30.195592473324,31.5619541652248,33.7155093064196,35.6864339512928,39.7502616969392,41.3326047991108,44.7177105275337,1,1,1,1,1,1,1,1,0.818181818181818,0.8,0.781818181818182,0.763636363636364,0.745454545454545,0.690909090909091,0.672727272727273,0.636363636363636,0,0,0,0,0,0,0,0,2465,13.555978,-1.78118400202719
"466",156,156,1,15.1560344337984,28.1482391905603,30.0118582359433,31.3779802219828,33.5311575570719,35.5017364353796,39.5648512487655,41.146916754662,44.5314286215263,1,1,1,1,1,1,1,1,0.833333333333333,0.814814814814815,0.796296296296296,0.777777777777778,0.759259259259259,0.703703703703704,0.685185185185185,0.648148148148148,0,0,0,0,0,0,0,0,2466,14.131544,-1.0244904337984
"467",156,156,2,15.2022212344418,28.1944259912037,30.0580450365867,31.4241670226262,33.5773443577153,35.547923236023,39.6110380494088,41.1931035553054,44.5776154221697,1,1,1,1,1,1,1,1,0.833333333333333,0.814814814814815,0.796296296296296,0.777777777777778,0.759259259259259,0.703703703703704,0.685185185185185,0.648148148148148,0,0,0,0,0,0,0,0,2467,15.356186,0.153964765558205
"468",156,156,3,15.3004937104281,28.2926984671899,30.1563175125729,31.5224394986125,33.6756168337016,35.6461957120093,39.7093105253951,41.2913760312917,44.675887898156,1,1,1,1,1,1,1,1,0.818181818181818,0.8,0.781818181818182,0.763636363636364,0.745454545454545,0.690909090909091,0.672727272727273,0.636363636363636,0,0,0,0,0,0,0,0,2468,13.609764,-1.69072971042809
"469",157,157,1,15.1169788240402,27.7355438966369,29.5455675712143,30.8724015844309,32.9636562116735,34.8775636871286,38.8238283612178,40.360395626668,43.6475731327626,1,1,1,1,1,1,1,1,0.851851851851852,0.833333333333333,0.814814814814815,0.777777777777778,0.759259259259259,0.722222222222222,0.703703703703704,0.666666666666667,0,0,0,0,0,0,0,0,2469,14.072187,-1.04479182404016
"470",157,157,2,15.1551488070168,27.7737138796136,29.583737554191,30.9105715674075,33.0018261946501,34.9157336701053,38.8619983441944,40.3985656096446,43.6857431157392,1,1,1,1,1,1,1,1,0.867924528301887,0.849056603773585,0.830188679245283,0.792452830188679,0.773584905660377,0.735849056603774,0.716981132075472,0.679245283018868,0,0,0,0,0,0,0,0,2470,15.920966,0.765817192983228
"471",157,157,3,15.3077533767668,27.9263184493636,29.736342123941,31.0631761371575,33.1544307644002,35.0683382398553,39.0146029139444,40.5511701793946,43.8383476854892,0,1,1,1,1,1,1,1,0,0.977777777777778,0.977777777777778,0.933333333333333,0.911111111111111,0.866666666666667,0.844444444444444,0.777777777777778,0,0,0,0,0,0,0,0,2471,29.574084,14.2663306232332
"472",158,158,1,16.4424625190806,29.0585509535197,30.8682193758419,32.1947929721468,34.2856371501048,36.1991689840938,40.144659127195,41.6809248115146,44.9674571452623,1,1,1,1,1,1,1,1,0.789473684210526,0.771929824561403,0.754385964912281,0.736842105263158,0.701754385964912,0.666666666666667,0.649122807017544,0.614035087719298,1,0,0,0,0,0,0,0,2472,9.844024,-6.59843851908056
"473",158,158,2,14.8039058817694,27.4199943162086,29.2296627385308,30.5562363348357,32.6470805127937,34.5606123467827,38.5061024898839,40.0423681742035,43.3289005079511,1,1,1,1,1,1,1,1,0.867924528301887,0.849056603773585,0.830188679245283,0.811320754716981,0.773584905660377,0.735849056603774,0.716981132075472,0.679245283018868,1,0,0,0,0,0,0,0,2473,15.661913,0.858007118230569
"474",158,158,3,15.2870742368626,27.9031626713017,29.712831093624,31.0394046899288,33.1302488678868,35.0437807018759,38.989270844977,40.5255365292966,43.8120688630443,1,1,1,1,1,1,1,1,0.836363636363636,0.8,0.8,0.763636363636364,0.745454545454545,0.709090909090909,0.690909090909091,0.636363636363636,0,0,0,0,0,0,0,0,2474,13.692477,-1.59459723686259
"475",159,159,1,15.1276801716982,27.7452667547838,29.5551500735307,30.8818811992035,32.9729736629429,34.8867327270391,38.8326913933872,40.3691395078132,43.6560621141872,0,0,0,1,1,1,1,1,0,0,0,1,0.976190476190476,0.928571428571429,0.904761904761905,0.857142857142857,0,0,0,0,0,0,0,0,2475,34.136128,19.0084478283018
"476",159,159,2,16.8073959738736,29.4249825569592,31.2348658757061,32.5615970013789,34.6526894651183,36.5664485292145,40.5124071955626,42.0488553099886,45.3357779163626,1,1,1,1,1,1,1,1,0.849056603773585,0.830188679245283,0.811320754716981,0.773584905660377,0.754716981132076,0.716981132075472,0.69811320754717,0.641509433962264,1,1,1,0,0,0,0,0,2476,16.109767,-0.697628973873638
"477",159,159,3,15.3262924553574,27.9438790384429,29.7537623571898,31.0804934828626,33.1715859466021,35.0853450106982,39.0313036770464,40.5677517914724,43.8546743978464,1,1,1,1,1,1,1,1,0.836363636363636,0.8,0.8,0.763636363636364,0.745454545454545,0.709090909090909,0.690909090909091,0.636363636363636,1,1,1,0,0,0,0,0,2477,13.549259,-1.77703345535737
"478",160,160,1,15.1264802762775,27.7624897906245,29.5750157190141,30.9036840040771,32.9978296707779,34.9143830134358,38.8661031718721,40.4047946533487,43.6965164936206,1,1,1,1,1,1,1,1,0.851851851851852,0.833333333333333,0.814814814814815,0.777777777777778,0.759259259259259,0.722222222222222,0.703703703703704,0.666666666666667,0,0,0,0,0,0,0,0,2478,14.217894,-0.908586276277488
"479",160,160,2,15.1811527276758,27.8171622420228,29.6296881704125,30.9583564554755,33.0525021221762,34.9690554648341,38.9207756232704,40.4594671047471,43.7511889450189,1,1,1,1,1,1,1,1,0.851851851851852,0.833333333333333,0.814814814814815,0.777777777777778,0.759259259259259,0.722222222222222,0.703703703703704,0.648148148148148,0,0,0,0,0,0,0,0,2479,15.530196,0.349043272324192
"480",160,160,3,15.2884560655431,27.9244655798902,29.7369915082798,31.0656597933428,33.1598054600436,35.0763588027014,39.0280789611378,40.5667704426144,43.8584922828863,1,1,1,1,1,1,1,1,0.836363636363636,0.8,0.8,0.763636363636364,0.745454545454545,0.709090909090909,0.690909090909091,0.636363636363636,0,0,0,0,0,0,0,0,2480,13.904381,-1.38407506554313
"481",161,161,1,15.1597948387827,27.7947188327739,29.607089052687,30.9356431959818,33.0296089611284,34.9459976586375,38.897378337061,40.4359376343285,43.7273766929944,1,1,1,1,1,1,1,1,0.779661016949153,0.76271186440678,0.745762711864407,0.711864406779661,0.694915254237288,0.661016949152542,0.644067796610169,0.610169491525424,0,0,0,0,0,0,0,0,2481,6.609593,-8.55020183878268
"482",161,161,2,14.5652109576654,27.2001349516566,29.0125051715697,30.3410593148645,32.4350250800112,34.3514137775202,38.3027944559437,39.8413537532112,43.1327928118771,1,1,1,1,1,1,1,1,0.851851851851852,0.833333333333333,0.814814814814815,0.796296296296296,0.777777777777778,0.722222222222222,0.703703703703704,0.666666666666667,0,0,0,0,0,0,0,0,2482,15.431454,0.866243042334613
"483",161,161,3,15.2842635678382,27.9191875618294,29.7315577817425,31.0601119250373,33.154077690184,35.070466387693,39.0218470661165,40.560406363384,43.8518454220499,1,1,1,1,1,1,1,1,0.851851851851852,0.814814814814815,0.814814814814815,0.777777777777778,0.759259259259259,0.722222222222222,0.703703703703704,0.648148148148148,0,0,0,0,0,0,0,0,2483,15.157867,-0.12639656783819
"484",162,162,1,15.2581658916502,27.8897992972566,29.7016975108168,31.0299056508562,33.1233260720477,35.0392156730531,38.989567269911,40.5277258710322,43.8183077206527,1,1,1,1,1,1,1,1,0.851851851851852,0.814814814814815,0.814814814814815,0.777777777777778,0.759259259259259,0.722222222222222,0.703703703703704,0.648148148148148,0,0,0,0,0,0,0,0,2484,14.221907,-1.03625889165025
"485",162,162,2,15.1812938142712,27.8129272198776,29.6248254334377,30.9530335734771,33.0464539946686,34.962343595674,38.912695192532,40.4508537936532,43.7414356432737,0,0,0,0,0,0,0,0,NA,NA,NA,NA,NA,NA,NA,NA,0,0,0,0,0,0,0,0,2485,99.221171,84.0398771857288
"486",162,162,3,22.1624361701101,34.7940695757164,36.6059677892766,37.934175929316,40.0275963505075,41.9434859515129,45.8938375483709,47.431996149492,50.7225779991126,1,1,1,1,1,1,1,1,0.745454545454545,0.727272727272727,0.709090909090909,0.690909090909091,0.672727272727273,0.618181818181818,0.6,0.563636363636364,1,1,1,1,1,1,1,1,2486,13.695028,-8.46740817011007
"487",163,163,1,15.1683097058674,28.1142814223314,29.971268739225,31.33252935077,33.4780445579627,35.4416110889132,39.4902672207728,41.066702912511,44.4391709210418,1,1,1,1,1,1,1,1,0.836363636363636,0.8,0.781818181818182,0.763636363636364,0.745454545454545,0.690909090909091,0.672727272727273,0.636363636363636,1,1,1,1,1,1,1,1,2487,13.628276,-1.54003370586742
"488",163,163,2,15.1632664059808,28.1092381224447,29.9662254393384,31.3274860508833,33.4730012580761,35.4365677890265,39.4852239208861,41.0616596126243,44.4341276211552,1,1,1,1,1,1,1,1,0.851851851851852,0.814814814814815,0.796296296296296,0.777777777777778,0.759259259259259,0.703703703703704,0.685185185185185,0.648148148148148,0,0,0,0,0,0,0,0,2488,14.655583,-0.507683405980783
"489",163,163,3,15.2408823167647,28.1868540332286,30.0438413501222,31.4051019616672,33.55061716886,35.5141836998104,39.56283983167,41.1392755234082,44.511743531939,1,1,1,1,1,1,1,1,0.818181818181818,0.8,0.781818181818182,0.763636363636364,0.745454545454545,0.690909090909091,0.672727272727273,0.636363636363636,0,0,0,0,0,0,0,0,2489,13.408236,-1.83264631676466
"490",164,164,1,15.1488104925337,28.0936551784215,29.9504808325577,31.3116229375614,33.4569513637776,35.4203469535606,39.4686506237161,41.0449490765305,44.4171234899071,1,1,1,1,1,1,1,1,0.793103448275862,0.758620689655172,0.741379310344828,0.724137931034483,0.706896551724138,0.655172413793103,0.637931034482759,0.603448275862069,0,0,0,0,0,0,0,0,2490,7.934914,-7.21389649253365
"491",164,164,2,14.736451146308,27.6812958321959,29.538121486332,30.8992635913358,33.044592017552,35.007987607335,39.0562912774904,40.6325897303049,44.0047641436815,1,1,1,1,1,1,1,1,0.851851851851852,0.833333333333333,0.814814814814815,0.777777777777778,0.759259259259259,0.722222222222222,0.685185185185185,0.648148148148148,0,0,0,0,0,0,0,0,2491,14.069576,-0.666875146307998
"492",164,164,3,15.1986357595347,28.1434804454226,30.0003060995588,31.3614482045625,33.5067766307787,35.4701722205617,39.5184758907172,41.0947743435316,44.4669487569082,1,1,1,1,1,1,1,1,0.818181818181818,0.8,0.781818181818182,0.763636363636364,0.745454545454545,0.690909090909091,0.672727272727273,0.636363636363636,0,0,0,0,0,0,0,0,2492,14.01099,-1.18764575953473
"493",165,165,1,15.1960121541084,28.1421455156961,29.9991560191802,31.3604336276062,33.505975623987,35.4695666722902,39.5182733562085,41.0947287315323,44.467238849147,1,1,1,1,1,1,1,1,0.818181818181818,0.8,0.781818181818182,0.763636363636364,0.745454545454545,0.690909090909091,0.672727272727273,0.636363636363636,0,0,0,0,0,0,0,0,2493,13.741523,-1.45448915410836
"494",165,165,2,15.1756636176543,28.121796979242,29.9788074827262,31.3400850911521,33.4856270875329,35.4492181358361,39.4979248197544,41.0743801950782,44.4468903126929,1,1,1,1,1,1,1,1,0.851851851851852,0.814814814814815,0.796296296296296,0.777777777777778,0.759259259259259,0.703703703703704,0.685185185185185,0.648148148148148,0,0,0,0,0,0,0,0,2494,14.432348,-0.743315617654263
"495",165,165,3,15.2278305905894,28.1739639521771,30.0309744556612,31.3922520640872,33.537794060468,35.5013851087712,39.5500917926895,41.1265471680133,44.499057285628,0,1,1,1,1,1,1,1,0,1,0.977272727272727,0.954545454545455,0.931818181818182,0.863636363636364,0.840909090909091,0.795454545454545,0,0,0,0,0,0,0,0,2495,30.145942,14.9181114094106
"496",166,166,1,16.4253666620351,29.3699678482566,31.2267585744784,32.5878750756486,34.7331631470542,36.6965218042835,40.7447493236147,42.3210181253861,45.6931291063026,1,1,1,1,1,1,1,1,0.833333333333333,0.814814814814815,0.796296296296296,0.759259259259259,0.740740740740741,0.685185185185185,0.666666666666667,0.62962962962963,1,0,0,0,0,0,0,0,2496,14.366824,-2.05854266203508
"497",166,166,2,15.2242704446211,28.1688716308427,30.0256623570644,31.3867788582347,33.5320669296402,35.4954255868696,39.5436531062008,41.1199219079721,44.4920328888886,1,1,1,1,1,1,1,1,0.833333333333333,0.814814814814815,0.796296296296296,0.777777777777778,0.759259259259259,0.703703703703704,0.685185185185185,0.648148148148148,1,0,0,0,0,0,0,0,2497,14.497252,-0.727018444621125
"498",166,166,3,15.2341985392995,28.178799725521,30.0355904517428,31.396706952913,33.5419950243186,35.5053536815479,39.5535812008791,41.1298500026505,44.501960983567,1,1,1,1,1,1,1,1,0.833333333333333,0.814814814814815,0.796296296296296,0.777777777777778,0.759259259259259,0.703703703703704,0.685185185185185,0.648148148148148,0,0,0,0,0,0,0,0,2498,14.125873,-1.10832553929948
"499",167,167,1,15.2076825264861,28.1517273358279,30.0084382546137,31.3694962531124,33.5146921170667,35.4779663864228,39.5260199073308,41.1022209588869,44.474187001805,1,1,1,1,1,1,1,1,0.76271186440678,0.745762711864407,0.728813559322034,0.711864406779661,0.694915254237288,0.644067796610169,0.627118644067797,0.593220338983051,0,0,0,0,0,0,0,0,2499,7.180149,-8.02753352648607
"500",167,167,2,14.6803900216445,27.6244348309864,29.4811457497722,30.8422037482708,32.9873996122251,34.9506738815813,38.9987274024893,40.5749284540453,43.9468944969635,1,1,1,1,1,1,1,1,0.851851851851852,0.833333333333333,0.814814814814815,0.777777777777778,0.759259259259259,0.722222222222222,0.703703703703704,0.648148148148148,0,0,0,0,0,0,0,0,2500,14.261075,-0.41931502164452
"501",167,167,3,15.2179465394586,28.1619913488005,30.0187022675863,31.3797602660849,33.5249561300392,35.4882303993953,39.5362839203033,41.1124849718594,44.4844510147775,1,1,1,1,1,1,1,1,0.9,0.88,0.86,0.84,0.82,0.76,0.74,0.7,0,0,0,0,0,0,0,0,2501,20.558709,5.34076246054141
"502",168,168,1,15.6992905604611,28.6458536926638,30.5029258430138,31.8642486415438,34.009861863122,35.9735180964274,40.0223591845815,41.5988668932297,44.9714889674964,1,1,1,1,1,1,1,1,0.818181818181818,0.8,0.781818181818182,0.763636363636364,0.727272727272727,0.690909090909091,0.672727272727273,0.636363636363636,0,0,0,0,0,0,0,0,2502,13.757306,-1.94198456046106
"503",168,168,2,15.1845240058365,28.1310871380393,29.9881592883892,31.3494820869193,33.4950953084975,35.4587515418029,39.507592629957,41.0841003386052,44.4567224128718,1,1,1,1,1,1,1,1,0.818181818181818,0.8,0.781818181818182,0.763636363636364,0.745454545454545,0.690909090909091,0.672727272727273,0.636363636363636,0,0,0,0,0,0,0,0,2503,14.048307,-1.13621700583651
"504",168,168,3,15.2065485178618,28.1531116500646,30.0101838004145,31.3715065989446,33.5171198205228,35.4807760538282,39.5296171419823,41.1061248506304,44.4787469248971,1,1,1,1,1,1,1,1,0.818181818181818,0.8,0.781818181818182,0.763636363636364,0.745454545454545,0.690909090909091,0.672727272727273,0.636363636363636,0,0,0,0,0,0,0,0,2504,13.702297,-1.5042515178618
"505",169,169,1,15.178041138536,28.1201523531241,29.9765859145194,31.3374405967715,33.4823160091567,35.4452970025792,39.4927458210803,41.0687114180989,44.4401737532543,1,1,1,1,1,1,1,1,0.851851851851852,0.814814814814815,0.796296296296296,0.777777777777778,0.759259259259259,0.703703703703704,0.685185185185185,0.648148148148148,0,0,0,0,0,0,0,0,2505,14.263086,-0.914955138536037
"506",169,169,2,15.2206281248082,28.1627393393963,30.0191729007915,31.3800275830437,33.5249029954289,35.4878839888514,39.5353328073525,41.111298404371,44.4827607395265,1,1,1,1,1,1,1,1,0.833333333333333,0.814814814814815,0.796296296296296,0.777777777777778,0.759259259259259,0.703703703703704,0.685185185185185,0.648148148148148,0,0,0,0,0,0,0,0,2506,14.262807,-0.957821124808223
"507",169,169,3,15.2206069372151,28.1627181518032,30.0191517131984,31.3800063954505,33.5248818078358,35.4878628012582,39.5353116197594,41.1112772167779,44.4827395519334,1,1,1,1,1,1,1,1,0.9375,0.916666666666667,0.895833333333333,0.875,0.854166666666667,0.791666666666667,0.770833333333333,0.729166666666667,0,0,0,0,0,0,0,0,2507,24.266206,9.04559906278492
"508",170,170,1,15.9851305801315,28.9287757936391,30.7854293938695,32.1464453751229,34.291575014698,36.2547886757798,40.3027172291566,41.8788696217823,45.2507315686776,1,1,1,1,1,1,1,1,0.775862068965517,0.758620689655172,0.741379310344828,0.724137931034483,0.689655172413793,0.655172413793103,0.637931034482759,0.603448275862069,0,0,0,0,0,0,0,0,2508,8.274436,-7.71069458013147
"509",170,170,2,14.7712071886643,27.7148524021719,29.5715060024023,30.9325219836556,33.0776516232308,35.0408652843125,39.0887938376893,40.6649462303151,44.0368081772104,1,1,1,1,1,1,1,1,0.851851851851852,0.833333333333333,0.814814814814815,0.777777777777778,0.759259259259259,0.703703703703704,0.685185185185185,0.648148148148148,0,0,0,0,0,0,0,0,2509,14.216796,-0.554411188664261
"510",170,170,3,15.2222873257922,28.1659325392998,30.0225861395303,31.3836021207836,33.5287317603588,35.4919454214405,39.5398739748173,41.1160263674431,44.4878883143384,1,1,1,1,1,1,1,1,0.818181818181818,0.8,0.781818181818182,0.763636363636364,0.745454545454545,0.690909090909091,0.672727272727273,0.636363636363636,0,0,0,0,0,0,0,0,2510,14.060605,-1.16168232579224
"511",171,171,1,15.2142118155734,28.1583707730841,30.0150980654343,31.3761680665396,33.5213828480875,35.4846744307461,39.5327636497611,41.1089786011812,44.480974380071,1,1,1,1,1,1,1,1,0.833333333333333,0.814814814814815,0.796296296296296,0.777777777777778,0.759259259259259,0.703703703703704,0.685185185185185,0.648148148148148,0,0,0,0,0,0,0,0,2511,15.28068,0.0664681844265811
"512",171,171,2,15.3056042833061,28.2497632408167,30.1064905331669,31.4675605342722,33.6127753158201,35.5760668984787,39.6241561174937,41.2003710689139,44.5723668478036,1,1,1,1,1,1,1,1,0.833333333333333,0.814814814814815,0.796296296296296,0.777777777777778,0.759259259259259,0.703703703703704,0.685185185185185,0.648148148148148,0,0,0,0,0,0,0,0,2512,14.482726,-0.82287828330605
"513",171,171,3,15.2458317404729,28.1899906979836,30.0467179903338,31.4077879914391,33.553002772987,35.5162943556456,39.5643835746606,41.1405985260808,44.5125943049705,1,1,1,1,1,1,1,1,0.818181818181818,0.8,0.781818181818182,0.763636363636364,0.745454545454545,0.690909090909091,0.672727272727273,0.636363636363636,0,0,0,0,0,0,0,0,2513,13.69091,-1.55492174047293
"514",172,172,1,15.1910246719394,28.1324468269154,29.9887815486879,31.3495637767644,33.4943249924012,35.4572014734377,39.5044347990052,41.0803164889838,44.4515993218548,1,1,1,1,1,1,1,1,0.849056603773585,0.830188679245283,0.811320754716981,0.792452830188679,0.773584905660377,0.716981132075472,0.69811320754717,0.660377358490566,0,0,0,0,0,0,0,0,2514,15.99534,0.804315328060618
"515",172,172,2,15.3628827962366,28.3043049512126,30.1606396729851,31.5214219010616,33.6661831166984,35.6290595977349,39.6762929233024,41.252174613281,44.623457446152,1,1,1,1,1,1,1,1,0.833333333333333,0.814814814814815,0.796296296296296,0.777777777777778,0.759259259259259,0.703703703703704,0.685185185185185,0.648148148148148,0,0,0,0,0,0,0,0,2515,14.423562,-0.939320796236592
"516",172,172,3,15.2456638662228,28.1870860211989,30.0434207429714,31.4042029710478,33.5489641866846,35.5118406677211,39.5590739932887,41.1349556832672,44.5062385161383,1,1,1,1,1,1,1,1,0.882352941176471,0.862745098039216,0.843137254901961,0.823529411764706,0.803921568627451,0.745098039215686,0.725490196078431,0.686274509803922,0,0,0,0,0,0,0,0,2516,19.558048,4.31238413377717
"517",173,173,1,15.6325751563265,28.5720597374684,30.4281165310858,31.7886950245179,33.9331351291391,35.8957177307191,39.9423451094827,41.5179908603897,44.8887689489346,1,1,1,1,1,1,1,1,0.75,0.733333333333333,0.716666666666667,0.7,0.683333333333333,0.633333333333333,0.616666666666667,0.583333333333333,0,0,0,0,0,0,0,0,2517,5.752339,-9.88023615632652
"518",173,173,2,14.6024963035765,27.5419808847184,29.3980376783358,30.7586161717679,32.9030562763891,34.8656388779691,38.9122662567327,40.4879120076397,43.8586900961846,1,1,1,1,1,1,1,1,0.851851851851852,0.833333333333333,0.814814814814815,0.777777777777778,0.759259259259259,0.722222222222222,0.703703703703704,0.648148148148148,0,0,0,0,0,0,0,0,2518,14.233046,-0.369450303576516
"519",173,173,3,15.2352632941794,28.1747478753213,30.0308046689386,31.3913831623708,33.5358232669919,35.498405868572,39.5450332473356,41.1206789982426,44.4914570867875,0,0,1,1,1,1,1,1,0,0,1,0.976744186046512,0.953488372093023,0.883720930232558,0.86046511627907,0.813953488372093,0,0,0,0,0,0,0,0,2519,32.765756,17.5304927058206
"520",174,174,1,16.6316451019687,29.5825612951005,31.4402578542713,32.8020383743624,34.9483730217729,36.9126895009783,40.9628919428576,42.5399297253208,45.9136857862085,1,1,1,1,1,1,1,1,0.849056603773585,0.811320754716981,0.811320754716981,0.773584905660377,0.754716981132076,0.69811320754717,0.679245283018868,0.641509433962264,1,1,0,0,0,0,0,0,2520,15.788925,-0.842720101968721
"521",174,174,2,15.3532897059377,28.3042058990695,30.1619024582404,31.5236829783314,33.6700176257419,35.6343341049474,39.6845365468267,41.2615743292899,44.6353303901775,1,1,1,1,1,1,1,1,0.833333333333333,0.814814814814815,0.796296296296296,0.777777777777778,0.759259259259259,0.703703703703704,0.685185185185185,0.648148148148148,1,1,0,0,0,0,0,0,2521,14.357863,-0.995426705937749
"522",174,174,3,15.2455307355059,28.1964469286377,30.0541434878085,31.4159240078996,33.5622586553101,35.5265751345155,39.5767775763949,41.153815358858,44.5275714197457,1,1,1,1,1,1,1,1,0.818181818181818,0.8,0.781818181818182,0.763636363636364,0.745454545454545,0.690909090909091,0.672727272727273,0.636363636363636,0,0,0,0,0,0,0,0,2522,13.943323,-1.30220773550594
"523",175,175,1,15.2241864040954,28.1708208761802,30.0279032596172,31.3892335594901,33.5348586041129,35.4985256578193,39.5473890564386,41.1239054521702,44.4965461107096,1,1,1,1,1,1,1,1,0.833333333333333,0.814814814814815,0.796296296296296,0.777777777777778,0.759259259259259,0.703703703703704,0.685185185185185,0.648148148148148,0,0,0,0,0,0,0,0,2523,15.577658,0.353471595904605
"524",175,175,2,15.3459873837408,28.2926218558256,30.1497042392627,31.5110345391356,33.6566595837584,35.6203266374648,39.669190036084,41.2457064318156,44.6183470903551,1,1,1,1,1,1,1,1,0.833333333333333,0.814814814814815,0.796296296296296,0.777777777777778,0.759259259259259,0.703703703703704,0.685185185185185,0.648148148148148,0,0,0,0,0,0,0,0,2524,14.544692,-0.801295383740845
"525",175,175,3,15.2690042250002,28.215638697085,30.072721080522,31.4340513803949,33.5796764250177,35.5433434787241,39.5922068773433,41.1687232730749,44.5413639316144,1,1,1,1,1,1,1,1,0.818181818181818,0.8,0.781818181818182,0.763636363636364,0.745454545454545,0.690909090909091,0.672727272727273,0.636363636363636,0,0,0,0,0,0,0,0,2525,13.664297,-1.60470722500017
"526",176,176,1,15.2039834343945,28.1481818866797,30.0049148442126,31.3659889981681,33.5112103251218,35.4745078981085,39.5226094685147,41.0988292292279,44.4708352966357,1,1,1,1,1,1,1,1,0.775862068965517,0.758620689655172,0.741379310344828,0.724137931034483,0.706896551724138,0.655172413793103,0.637931034482759,0.603448275862069,0,0,0,0,0,0,0,0,2526,8.290415,-6.9135684343945
"527",176,176,2,14.8028763214506,27.7470747737358,29.6038077312687,30.9648818852242,33.110103212178,35.0734007851646,39.1215023555708,40.697722116284,44.0697281836918,1,1,1,1,1,1,1,1,0.836363636363636,0.818181818181818,0.8,0.763636363636364,0.745454545454545,0.690909090909091,0.672727272727273,0.636363636363636,0,0,0,0,0,0,0,0,2527,13.825138,-0.977738321450625
"528",176,176,3,15.2159886234093,28.1601870756944,30.0169200332274,31.3779941871828,33.5232155141366,35.4865130871232,39.5346146575294,41.1108344182427,44.4828404856504,1,1,1,1,1,1,1,1,0.818181818181818,0.8,0.781818181818182,0.763636363636364,0.745454545454545,0.690909090909091,0.672727272727273,0.636363636363636,0,0,0,0,0,0,0,0,2528,13.997456,-1.21853262340925
"529",177,177,1,15.2310912058264,28.1747254078947,30.0313774286297,31.3923922520373,33.5375200667042,35.5007320576375,39.5486571673538,41.1248082191126,44.4966672974919,1,1,1,1,1,1,1,1,0.849056603773585,0.830188679245283,0.811320754716981,0.792452830188679,0.773584905660377,0.716981132075472,0.69811320754717,0.660377358490566,0,0,0,0,0,0,0,0,2529,15.656225,0.425133794173563
"530",177,177,2,15.3541269007615,28.2977611028298,30.1544131235648,31.5154279469723,33.6605557616392,35.6237677525726,39.6716928622889,41.2478439140477,44.619702992427,1,1,1,1,1,1,1,1,0.833333333333333,0.814814814814815,0.796296296296296,0.777777777777778,0.759259259259259,0.703703703703704,0.685185185185185,0.648148148148148,0,0,0,0,0,0,0,0,2530,14.431183,-0.922943900761519
"531",177,177,3,15.2632619920282,28.2068961940965,30.0635482148315,31.424563038239,33.5696908529059,35.5329028438393,39.5808279535556,41.1569790053144,44.5288380836937,1,1,1,1,1,1,1,1,1,0.977777777777778,0.955555555555556,0.933333333333333,0.911111111111111,0.844444444444444,0.822222222222222,0.777777777777778,0,0,0,0,0,0,0,0,2531,29.050513,13.7872510079718
"532",178,178,1,16.3640237472552,29.3028369147915,31.1587973999527,32.5193052946755,34.6636341269926,36.626114892626,40.6725322969767,42.2480962896044,45.6186994727073,1,1,1,1,1,1,1,1,0.849056603773585,0.830188679245283,0.811320754716981,0.773584905660377,0.754716981132076,0.69811320754717,0.679245283018868,0.641509433962264,0,0,0,0,0,0,0,0,2532,15.677548,-0.686475747255155
"533",178,178,2,15.3591532090766,28.2979663766129,30.1539268617741,31.5144347564969,33.658763588814,35.6212443544474,39.6676617587981,41.2432257514258,44.6138289345287,1,1,1,1,1,1,1,1,0.833333333333333,0.814814814814815,0.796296296296296,0.777777777777778,0.759259259259259,0.703703703703704,0.685185185185185,0.648148148148148,0,0,0,0,0,0,0,0,2533,14.314026,-1.04512720907658
"534",178,178,3,15.2566955203024,28.1955086878387,30.0514691729999,31.4119770677227,33.5563059000398,35.5187866656732,39.5652040700239,41.1407680626516,44.5113712457545,1,1,1,1,1,1,1,1,0.818181818181818,0.8,0.781818181818182,0.763636363636364,0.745454545454545,0.690909090909091,0.672727272727273,0.636363636363636,0,0,0,0,0,0,0,0,2534,13.766734,-1.48996152030238
"535",179,179,1,15.2185907851484,28.1556012714775,30.0113031776604,31.371621521612,33.515651598453,35.477858944326,39.5237125874942,41.0990570669746,44.4691906457223,1,1,1,1,1,1,1,1,0.833333333333333,0.814814814814815,0.796296296296296,0.777777777777778,0.759259259259259,0.703703703703704,0.685185185185185,0.648148148148148,0,0,0,0,0,0,0,0,2535,15.331715,0.113124214851577
"536",179,179,2,15.3361696604922,28.2731801468213,30.1288820530042,31.4892003969558,33.6332304737968,35.5954378196698,39.641291462838,41.2166359423184,44.5867695210661,1,1,1,1,1,1,1,1,0.833333333333333,0.814814814814815,0.796296296296296,0.777777777777778,0.759259259259259,0.703703703703704,0.685185185185185,0.648148148148148,0,0,0,0,0,0,0,0,2536,14.362595,-0.973574660492202
"537",179,179,3,15.2633585275307,28.2003690138598,30.0560709200428,31.4163892639943,33.5604193408353,35.5226266867084,39.5684803298766,41.1438248093569,44.5139583881046,1,1,1,1,1,1,1,1,0.833333333333333,0.814814814814815,0.796296296296296,0.777777777777778,0.759259259259259,0.703703703703704,0.685185185185185,0.648148148148148,0,0,0,0,0,0,0,0,2537,14.28928,-0.974078527530741
"538",180,180,1,15.2624655866209,28.1958257441522,30.0510040423413,31.4109385565642,33.5543636702461,35.5160173563699,39.5607294146193,41.1356293922323,44.5048120483794,1,1,1,1,1,1,1,1,0.849056603773585,0.830188679245283,0.811320754716981,0.792452830188679,0.773584905660377,0.716981132075472,0.69811320754717,0.660377358490566,0,0,0,0,0,0,0,0,2538,15.635855,0.373389413379089
"539",180,180,2,15.3636036201527,28.296963777684,30.1521420758731,31.5120765900959,33.6555017037778,35.6171553899017,39.6618674481511,41.2367674257641,44.6059500819112,1,1,1,1,1,1,1,1,0.833333333333333,0.814814814814815,0.796296296296296,0.777777777777778,0.759259259259259,0.703703703703704,0.685185185185185,0.648148148148148,0,0,0,0,0,0,0,0,2539,14.109005,-1.25459862015269
"540",180,180,3,15.2489255617467,28.1822857192781,30.0374640174671,31.39739853169,33.5408236453719,35.5024773314957,39.5471893897451,41.1220893673581,44.4912720235053,1,1,1,1,1,1,1,1,0.818181818181818,0.8,0.781818181818182,0.763636363636364,0.745454545454545,0.690909090909091,0.672727272727273,0.636363636363636,0,0,0,0,0,0,0,0,2540,13.850184,-1.39874156174674
"541",181,181,1,15.2312165288391,28.1606060255057,30.0152147668452,31.3747317686283,33.5174988310295,35.4785502713776,39.522020565717,41.0964370345102,44.4645853205048,1,1,1,1,1,1,1,1,0.833333333333333,0.814814814814815,0.796296296296296,0.777777777777778,0.759259259259259,0.703703703703704,0.685185185185185,0.648148148148148,0,0,0,0,0,0,0,0,2541,14.414861,-0.816355528839052
"542",181,181,2,15.2736130785317,28.2030025751983,30.0576113165378,31.4171283183209,33.5598953807221,35.5209468210702,39.5644171154097,41.1388335842028,44.5069818701974,1,1,1,1,1,1,1,1,0.833333333333333,0.814814814814815,0.796296296296296,0.777777777777778,0.759259259259259,0.703703703703704,0.685185185185185,0.648148148148148,0,0,0,0,0,0,0,0,2542,14.208669,-1.06494407853165
"543",181,181,3,15.258131963887,28.1875214605537,30.0421302018932,31.4016472036762,33.5444142660775,35.5054657064255,39.548936000765,41.1233524695581,44.4915007555527,0,0,0,0,0,1,1,1,0,0,0,0,0,1,0.973684210526316,0.921052631578947,0,0,0,0,0,0,0,0,2543,39.770863,24.512731036113
"544",182,182,1,17.1831275761018,30.1424077252463,32.0013040213373,33.3639640060314,35.5116847985078,37.4772698718715,41.5300880140273,43.1081442784608,46.4840791772678,1,1,1,1,1,1,1,1,0.814814814814815,0.796296296296296,0.777777777777778,0.759259259259259,0.740740740740741,0.685185185185185,0.666666666666667,0.62962962962963,1,1,1,1,1,0,0,0,2544,14.425103,-2.75802457610179
"545",182,182,2,15.2896563128339,28.2489364619785,30.1078327580694,31.4704927427635,33.6182135352399,35.5837986086036,39.6366167507594,41.214673015193,44.5906079139999,1,1,1,1,1,1,1,1,0.833333333333333,0.814814814814815,0.796296296296296,0.777777777777778,0.759259259259259,0.703703703703704,0.685185185185185,0.648148148148148,1,1,1,1,1,0,0,0,2545,14.21506,-1.07459631283391
"546",182,182,3,15.2739649157501,28.2332450648947,30.0921413609856,31.4548013456797,33.6025221381561,35.5681072115198,39.6209253536756,41.1989816181092,44.5749165169161,1,1,1,1,1,1,1,1,0.833333333333333,0.814814814814815,0.796296296296296,0.777777777777778,0.759259259259259,0.703703703703704,0.685185185185185,0.648148148148148,0,0,0,0,0,0,0,0,2546,14.65357,-0.620394915750117
"547",183,183,1,15.3032513853529,28.2511028310249,30.1083597787639,31.4698180426279,33.6156447743388,35.5794964112234,39.6287403998582,41.2054049869068,44.5783626710493,1,1,1,1,1,1,1,1,0.833333333333333,0.814814814814815,0.796296296296296,0.777777777777778,0.759259259259259,0.703703703703704,0.685185185185185,0.648148148148148,0,0,0,0,0,0,0,0,2547,14.304417,-0.998834385352902
"548",183,183,2,15.2773332772697,28.2251847229417,30.0824416706807,31.4438999345447,33.5897266662556,35.5535783031402,39.602822291775,41.1794868788236,44.5524445629661,1,1,1,1,1,1,1,1,0.849056603773585,0.830188679245283,0.811320754716981,0.792452830188679,0.773584905660377,0.716981132075472,0.69811320754717,0.660377358490566,0,0,0,0,0,0,0,0,2548,15.740556,0.463222722730285
"549",183,183,3,15.3839398532535,28.3317912989255,30.1890482466646,31.5505065105285,33.6963332422395,35.6601848791241,39.7094288677588,41.2860934548074,44.6590511389499,1,1,1,1,1,1,1,1,0.818181818181818,0.8,0.781818181818182,0.763636363636364,0.745454545454545,0.690909090909091,0.672727272727273,0.636363636363636,0,0,0,0,0,0,0,0,2549,13.703755,-1.68018485325355
"550",184,184,1,15.2330058866258,28.173241589233,30.0294061247074,31.3900635980793,33.5346281848607,35.4973247119924,39.5441869925922,41.1199242078336,44.4908979659789,1,1,1,1,1,1,1,1,0.833333333333333,0.814814814814815,0.796296296296296,0.777777777777778,0.759259259259259,0.703703703703704,0.685185185185185,0.648148148148148,0,0,0,0,0,0,0,0,2550,14.154021,-1.07898488662576
"551",184,184,2,15.2667518056814,28.2069875082886,30.063152043763,31.4238095171349,33.5683741039163,35.531070631048,39.5779329116478,41.1536701268892,44.5246438850345,1,1,1,1,1,1,1,1,0.818181818181818,0.8,0.781818181818182,0.763636363636364,0.745454545454545,0.690909090909091,0.672727272727273,0.636363636363636,0,0,0,0,0,0,0,0,2551,14.056845,-1.20990680568138
"552",184,184,3,15.259468792018,28.1997044946252,30.0558690300997,31.4165265034715,33.5610910902529,35.5237876173847,39.5706498979844,41.1463871132258,44.5173608713711,1,1,1,1,1,1,1,1,0.818181818181818,0.8,0.781818181818182,0.763636363636364,0.745454545454545,0.690909090909091,0.672727272727273,0.636363636363636,0,0,0,0,0,0,0,0,2552,13.86072,-1.39874879201802
"553",185,185,1,15.2469612042061,28.1844100330422,30.0401748156545,31.4005392510392,33.5446419736835,35.5069158046914,39.5529065328246,41.1283043894317,44.4985521578373,1,1,1,1,1,1,1,1,0.818181818181818,0.8,0.781818181818182,0.763636363636364,0.745454545454545,0.690909090909091,0.672727272727273,0.636363636363636,0,0,0,0,0,0,0,0,2553,13.928252,-1.31870920420612
"554",185,185,2,15.25200874687,28.1894575757061,30.0452223583184,31.4055867937031,33.5496895163473,35.5119633473553,39.5579540754884,41.1333519320956,44.5035997005012,1,1,1,1,1,1,1,1,0.833333333333333,0.814814814814815,0.796296296296296,0.777777777777778,0.759259259259259,0.703703703703704,0.685185185185185,0.648148148148148,0,0,0,0,0,0,0,0,2554,14.540314,-0.711694746869989
"555",185,185,3,15.2977560823248,28.2352049111609,30.0909696937733,31.4513341291579,33.5954368518022,35.5577106828102,39.6037014109433,41.1790992675504,44.549347035956,0,0,0,0,0,0,1,1,0,0,0,0,0,0,1,0.945945945945946,0,0,0,0,0,0,0,0,2555,41.193617,25.8958609176752
"556",186,186,1,17.3171390810134,30.2854746796018,32.1456699013458,33.5092820607331,35.6585035983768,37.6254621474317,41.6811122439375,43.2602711937485,46.638565066777,1,1,1,1,1,1,1,1,0.814814814814815,0.796296296296296,0.777777777777778,0.759259259259259,0.722222222222222,0.685185185185185,0.666666666666667,0.62962962962963,1,1,1,1,1,1,0,0,2556,15.542167,-1.77497208101339
"557",186,186,2,15.3917567993433,28.3600923979316,30.2202876196756,31.583899779063,33.7331213167067,35.7000798657615,39.7557299622673,41.3348889120783,44.7131827851068,1,1,1,1,1,1,1,1,0.833333333333333,0.814814814814815,0.796296296296296,0.777777777777778,0.759259259259259,0.703703703703704,0.685185185185185,0.648148148148148,1,1,1,1,1,1,0,0,2557,14.431595,-0.960161799343249
"558",186,186,3,15.3083979384867,28.2767335370751,30.1369287588191,31.5005409182064,33.6497624558501,35.616721004905,39.6723711014108,41.2515300512218,44.6298239242503,1,1,1,1,1,1,1,1,0.833333333333333,0.814814814814815,0.796296296296296,0.777777777777778,0.759259259259259,0.703703703703704,0.685185185185185,0.648148148148148,0,0,0,0,0,0,0,0,2558,14.429331,-0.879066938486693
"559",187,187,1,15.2968564065528,28.2472282179968,30.1048466903378,31.466569969044,33.6128143969473,35.5770483076375,39.6270805024078,41.2040519953146,44.5776662429906,1,1,1,1,1,1,1,1,0.818181818181818,0.8,0.781818181818182,0.763636363636364,0.745454545454545,0.690909090909091,0.672727272727273,0.636363636363636,0,0,0,0,0,0,0,0,2559,13.849005,-1.44785140655278
"560",187,187,2,15.2526164593326,28.2029882707766,30.0606067431177,31.4223300218239,33.5685744497271,35.5328083604174,39.5828405551876,41.1598120480944,44.5334262957705,1,1,1,1,1,1,1,1,0.833333333333333,0.814814814814815,0.796296296296296,0.777777777777778,0.759259259259259,0.703703703703704,0.685185185185185,0.648148148148148,0,0,0,0,0,0,0,0,2560,14.655932,-0.596684459332616
"561",187,187,3,15.3141308631169,28.2645026745609,30.122121146902,31.4838444256082,33.6300888535114,35.5943227642016,39.6443549589719,41.2213264518787,44.5949406995548,1,1,1,1,1,1,1,1,0.818181818181818,0.8,0.781818181818182,0.763636363636364,0.745454545454545,0.690909090909091,0.672727272727273,0.636363636363636,0,0,0,0,0,0,0,0,2561,14.003173,-1.3109578631169
"562",188,188,1,15.2703346117338,28.216624680063,30.0736576617695,31.4349517478087,33.5805197149474,35.5441345315794,39.5928902231522,41.169364680713,44.5419156209468,1,1,1,1,1,1,1,1,0.833333333333333,0.814814814814815,0.796296296296296,0.777777777777778,0.759259259259259,0.703703703703704,0.685185185185185,0.648148148148148,0,0,0,0,0,0,0,0,2562,14.174814,-1.0955206117338
"563",188,188,2,15.2833106866182,28.2296007549474,30.0866337366539,31.4479278226931,33.5934957898318,35.5571106064638,39.6058662980366,41.1823407555974,44.5548916958312,1,1,1,1,1,1,1,1,0.833333333333333,0.814814814814815,0.796296296296296,0.777777777777778,0.759259259259259,0.703703703703704,0.685185185185185,0.648148148148148,0,0,0,0,0,0,0,0,2563,14.0681,-1.21521068661816
"564",188,188,3,15.2752430987154,28.2215331670447,30.0785661487512,31.4398602347903,33.5854282019291,35.549043018561,39.5977987101339,41.1742731676947,44.5468241079285,1,1,1,1,1,1,1,1,0.833333333333333,0.814814814814815,0.796296296296296,0.777777777777778,0.759259259259259,0.703703703703704,0.685185185185185,0.648148148148148,0,0,0,0,0,0,0,0,2564,14.456461,-0.818782098715447
"565",189,189,1,15.3109397703526,28.2541628421503,30.1107558898152,31.4717274831388,33.6167871618429,35.5799367950285,39.6277333299937,41.2038343182697,44.5755862958678,1,1,1,1,1,1,1,1,0.818181818181818,0.8,0.781818181818182,0.763636363636364,0.745454545454545,0.690909090909091,0.672727272727273,0.636363636363636,0,0,0,0,0,0,0,0,2565,13.777807,-1.53313277035263
"566",189,189,2,15.2600655719378,28.2032886437355,30.0598816914004,31.420853284724,33.5659129634281,35.5290625966137,39.5768591315789,41.1529601198549,44.5247120974529,1,1,1,1,1,1,1,1,0.833333333333333,0.814814814814815,0.796296296296296,0.777777777777778,0.759259259259259,0.703703703703704,0.685185185185185,0.648148148148148,0,0,0,0,0,0,0,0,2566,14.544915,-0.715150571937794
"567",189,189,3,15.3175705812616,28.2607936530593,30.1173867007242,31.4783582940478,33.6234179727519,35.5865676059374,39.6343641409027,41.2104651291786,44.5822171067767,1,1,1,1,1,1,1,1,0.918367346938776,0.897959183673469,0.877551020408163,0.857142857142857,0.836734693877551,0.775510204081633,0.755102040816326,0.714285714285714,0,0,0,0,0,0,0,0,2567,23.300793,7.98322241873845
"568",190,190,1,15.9776088780541,28.9221856652978,30.7789728916979,32.1400868273312,34.2853708551332,36.2487258116734,40.2969457005947,41.8732115312936,45.2453161561965,1,1,1,1,1,1,1,1,0.833333333333333,0.814814814814815,0.796296296296296,0.777777777777778,0.740740740740741,0.703703703703704,0.685185185185185,0.648148148148148,0,0,0,0,0,0,0,0,2568,15.344916,-0.632692878054092
"569",190,190,2,15.3825050720735,28.3270818593172,30.1838690857173,31.5449830213507,33.6902670491526,35.6536220056929,39.7018418946142,41.2781077253131,44.650212350216,1,1,1,1,1,1,1,1,0.833333333333333,0.814814814814815,0.796296296296296,0.777777777777778,0.759259259259259,0.703703703703704,0.685185185185185,0.648148148148148,0,0,0,0,0,0,0,0,2569,14.457156,-0.925349072073548
"570",190,190,3,15.3161001547027,28.2606769419464,30.1174641683465,31.4785781039799,33.6238621317818,35.5872170883221,39.6354369772434,41.2117028079423,44.5838074328452,1,1,1,1,1,1,1,1,0.833333333333333,0.814814814814815,0.796296296296296,0.777777777777778,0.759259259259259,0.703703703703704,0.685185185185185,0.648148148148148,0,0,0,0,0,0,0,0,2570,15.471898,0.155797845297259
"571",191,191,1,15.388947551424,28.3227397232952,30.1779799901929,31.5379599304462,33.6814566411744,35.6431758526151,39.6880230167912,41.2629756009477,44.6322707982445,1,1,1,1,1,1,1,1,0.833333333333333,0.814814814814815,0.796296296296296,0.777777777777778,0.759259259259259,0.703703703703704,0.685185185185185,0.648148148148148,0,0,0,0,0,0,0,0,2571,14.125245,-1.263702551424
"572",191,191,2,15.2882764670491,28.2220686389203,30.0773089058181,31.4372888460713,33.5807855567995,35.5425047682402,39.5873519324164,41.1623045165729,44.5315997138697,1,1,1,1,1,1,1,1,0.833333333333333,0.814814814814815,0.796296296296296,0.777777777777778,0.759259259259259,0.703703703703704,0.685185185185185,0.648148148148148,0,0,0,0,0,0,0,0,2572,14.571319,-0.716957467049133
"573",191,191,3,15.3216234044498,28.255415576321,30.1106558432187,31.470635783472,33.6141324942002,35.5758517056409,39.620698869817,41.1956514539735,44.5649466512703,1,1,1,1,1,1,1,1,0.849056603773585,0.830188679245283,0.811320754716981,0.792452830188679,0.773584905660377,0.716981132075472,0.69811320754717,0.660377358490566,0,0,0,0,0,0,0,0,2573,15.985467,0.66384359555019
"574",192,192,1,15.4340453572754,28.3646522247387,30.2194355873564,31.5790805948969,33.7220494102151,35.6832854939877,39.7271365025639,41.3017012110423,44.6701666261143,1,1,1,1,1,1,1,1,0.833333333333333,0.814814814814815,0.796296296296296,0.777777777777778,0.759259259259259,0.703703703703704,0.685185185185185,0.648148148148148,0,0,0,0,0,0,0,0,2574,14.401161,-1.03288435727537
"575",192,192,2,15.3166797574675,28.2472866249308,30.1020699875485,31.461714995089,33.6046838104072,35.5659198941798,39.609770902756,41.1843356112345,44.5528010263064,1,1,1,1,1,1,1,1,0.833333333333333,0.814814814814815,0.796296296296296,0.777777777777778,0.759259259259259,0.703703703703704,0.685185185185185,0.648148148148148,0,0,0,0,0,0,0,0,2575,14.268289,-1.04839075746747
"576",192,192,3,15.3068365819839,28.2374434494472,30.0922268120649,31.4518718196055,33.5948406349237,35.5560767186963,39.5999277272724,41.1744924357509,44.5429578508229,1,1,1,1,1,1,1,1,0.849056603773585,0.830188679245283,0.811320754716981,0.792452830188679,0.773584905660377,0.716981132075472,0.69811320754717,0.660377358490566,0,0,0,0,0,0,0,0,2576,15.838013,0.531176418016097
"577",193,193,1,15.4224815225203,28.3493245404625,30.2035680115235,31.5628172527042,33.7051622912552,35.6658274971433,39.7085014189177,41.2826078020689,44.6500927220203,1,1,1,1,1,1,1,1,0.818181818181818,0.8,0.781818181818182,0.763636363636364,0.745454545454545,0.690909090909091,0.672727272727273,0.636363636363636,0,0,0,0,0,0,0,0,2577,13.846435,-1.5760465225203
"578",193,193,2,15.2745778414842,28.2014208594264,30.0556643304874,31.4149135716681,33.5572586102191,35.5179238161071,39.5605977378816,41.1347041210328,44.5021890409842,1,1,1,1,1,1,1,1,0.833333333333333,0.814814814814815,0.796296296296296,0.777777777777778,0.759259259259259,0.703703703703704,0.685185185185185,0.648148148148148,0,0,0,0,0,0,0,0,2578,14.566764,-0.707813841484166
"579",193,193,3,15.3280727639311,28.2549157818733,30.1091592529343,31.468408494115,33.6107535326661,35.5714187385541,39.6140926603285,41.1881990434797,44.5556839634312,0,1,1,1,1,1,1,1,0,1,0.977272727272727,0.954545454545455,0.931818181818182,0.863636363636364,0.840909090909091,0.795454545454545,0,0,0,0,0,0,0,0,2579,29.872193,14.5441202360689
"580",194,194,1,16.487941766527,29.4216150090993,31.276838216621,32.6368056515349,34.7802826523004,36.7419838252658,40.7867937961092,42.3617318982016,45.7309961140268,1,1,1,1,1,1,1,1,0.865384615384615,0.826923076923077,0.826923076923077,0.788461538461538,0.769230769230769,0.711538461538462,0.692307692307692,0.653846153846154,1,0,0,0,0,0,0,0,2580,18.708136,2.22019423347305
"581",194,194,2,15.6511974606887,28.5848707032611,30.4400939107828,31.8000613456967,33.9435383464622,35.9052395194276,39.9500494902709,41.5249875923634,44.8942518081885,1,1,1,1,1,1,1,1,0.833333333333333,0.814814814814815,0.796296296296296,0.777777777777778,0.759259259259259,0.703703703703704,0.685185185185185,0.648148148148148,1,0,0,0,0,0,0,0,2581,14.459235,-1.19196246068869
"582",194,194,3,15.3327430029749,28.2664162455473,30.121639453069,31.4816068879829,33.6250838887484,35.5867850617138,39.6315950325571,41.2065331346496,44.5757973504748,1,1,1,1,1,1,1,1,0.849056603773585,0.830188679245283,0.811320754716981,0.792452830188679,0.773584905660377,0.716981132075472,0.69811320754717,0.660377358490566,0,0,0,0,0,0,0,0,2582,16.5755,1.24275699702506
"583",195,195,1,15.4672341662048,28.3563764855728,30.2052121185338,31.5604971554723,33.6965941174877,35.6515411099009,39.6824247105005,41.2519402658531,44.6096040304193,1,1,1,1,1,1,1,1,0.818181818181818,0.8,0.781818181818182,0.763636363636364,0.745454545454545,0.690909090909091,0.672727272727273,0.636363636363636,0,0,0,0,0,0,0,0,2583,13.946821,-1.52041316620476
"584",195,195,2,15.275416292672,28.16455861204,30.013394245001,31.3686792819395,33.5047762439549,35.4597232363682,39.4906068369677,41.0601223923204,44.4177861568865,1,1,1,1,1,1,1,1,0.833333333333333,0.814814814814815,0.796296296296296,0.777777777777778,0.759259259259259,0.703703703703704,0.685185185185185,0.648148148148148,0,0,0,0,0,0,0,0,2584,14.494285,-0.78113129267199
"585",195,195,3,15.3153654003096,28.2045077196776,30.0533433526386,31.4086283895772,33.5447253515926,35.4996723440058,39.5305559446054,41.100071499958,44.4577352645242,1,1,1,1,1,1,1,1,0.833333333333333,0.814814814814815,0.796296296296296,0.777777777777778,0.759259259259259,0.703703703703704,0.685185185185185,0.648148148148148,0,0,0,0,0,0,0,0,2585,15.281573,-0.033792400309606
"586",196,196,1,15.3741853064391,28.2617964343227,30.1104124311507,31.465536464288,33.6013796643853,35.5560944149539,39.5864991586605,41.1558282602683,44.5130931444407,1,1,1,1,1,1,1,1,0.833333333333333,0.814814814814815,0.796296296296296,0.777777777777778,0.759259259259259,0.703703703703704,0.685185185185185,0.648148148148148,0,0,0,0,0,0,0,0,2586,14.246167,-1.12801830643913
"587",196,196,2,15.2987533285507,28.1863644564343,30.0349804532622,31.3901044863996,33.5259476864968,35.4806624370655,39.5110671807721,41.0803962823799,44.4376611665523,1,1,1,1,1,1,1,1,0.833333333333333,0.814814814814815,0.796296296296296,0.777777777777778,0.759259259259259,0.703703703703704,0.685185185185185,0.648148148148148,0,0,0,0,0,0,0,0,2587,14.534054,-0.764699328550684
"588",196,196,3,15.3197266335329,28.2073377614165,30.0559537582444,31.4110777913817,33.546920991479,35.5016357420476,39.5320404857543,41.1013695873621,44.4586344715344,1,1,1,1,1,1,1,1,0.833333333333333,0.814814814814815,0.796296296296296,0.777777777777778,0.759259259259259,0.703703703703704,0.685185185185185,0.648148148148148,0,0,0,0,0,0,0,0,2588,15.209142,-0.110584633532854
"589",197,197,1,15.3759061707558,28.2599776306267,30.1080858927901,31.4628377321093,33.5980943086825,35.5522721838591,39.5815699501276,41.1504680250721,44.5068108141407,1,1,1,1,1,1,1,1,0.882352941176471,0.862745098039216,0.843137254901961,0.823529411764706,0.803921568627451,0.745098039215686,0.725490196078431,0.686274509803922,0,0,0,0,0,0,0,0,2589,19.194861,3.81895482924419
"590",197,197,2,15.6643447527672,28.5484162126381,30.3965244748015,31.7512763141207,33.8865328906939,35.8407107658705,39.8700085321391,41.4389066070835,44.7952493961521,1,1,1,1,1,1,1,1,0.833333333333333,0.814814814814815,0.796296296296296,0.777777777777778,0.759259259259259,0.703703703703704,0.685185185185185,0.648148148148148,0,0,0,0,0,0,0,0,2590,14.658368,-1.00597675276723
"591",197,197,3,15.336047748331,28.2201192082018,30.0682274703653,31.4229793096844,33.5582358862577,35.5124137614343,39.5417115277028,41.1106096026473,44.4669523917159,1,1,1,1,1,1,1,1,0.918367346938776,0.897959183673469,0.877551020408163,0.857142857142857,0.836734693877551,0.775510204081633,0.755102040816326,0.714285714285714,0,0,0,0,0,0,0,0,2591,22.131579,6.79553125166904
"592",198,198,1,15.8922507839601,28.7754879165183,30.6234765016678,31.9781406120059,34.1132589168467,36.067310246313,40.0963470893798,41.6651435679835,45.0212690120561,1,1,1,1,1,1,1,1,0.849056603773585,0.830188679245283,0.811320754716981,0.792452830188679,0.754716981132076,0.716981132075472,0.69811320754717,0.660377358490566,0,0,0,0,0,0,0,0,2592,16.074835,0.182584216039945
"593",198,198,2,15.4506458909195,28.3338830234778,30.1818716086273,31.5365357189653,33.6716540238062,35.6257053532725,39.6547421963392,41.2235386749429,44.5796641190156,1,1,1,1,1,1,1,1,0.833333333333333,0.814814814814815,0.796296296296296,0.777777777777778,0.759259259259259,0.703703703703704,0.685185185185185,0.648148148148148,0,0,0,0,0,0,0,0,2593,14.738497,-0.712148890919512
"594",198,198,3,15.353211791087,28.2364489236453,30.0844375087948,31.4391016191328,33.5742199239737,35.52827125344,39.5573080965067,41.1261045751104,44.482230019183,1,1,1,1,1,1,1,1,0.833333333333333,0.814814814814815,0.796296296296296,0.777777777777778,0.759259259259259,0.703703703703704,0.685185185185185,0.648148148148148,0,0,0,0,0,0,0,0,2594,15.56387,0.210658208913008
"595",199,199,1,15.4051624144094,28.2757351326949,30.1219071174999,31.4752395728108,33.6082590245097,35.5603894923717,39.5854657321231,41.1527200603875,44.5055463830873,1,1,1,1,1,1,1,1,0.918367346938776,0.897959183673469,0.877551020408163,0.857142857142857,0.836734693877551,0.775510204081633,0.755102040816326,0.714285714285714,0,0,0,0,0,0,0,0,2595,21.960465,6.55530258559063
"596",199,199,2,15.8743789526533,28.7449516709388,30.5911236557438,31.9444561110547,34.0774755627537,36.0296060306157,40.054682270367,41.6219365986315,44.9747629213313,1,1,1,1,1,1,1,1,0.833333333333333,0.814814814814815,0.796296296296296,0.777777777777778,0.740740740740741,0.703703703703704,0.685185185185185,0.648148148148148,0,0,0,0,0,0,0,0,2596,14.449128,-1.4252509526533
"597",199,199,3,15.3233915062504,28.1939642245359,30.0401362093409,31.3934686646518,33.5264881163508,35.4786185842128,39.5036948239641,41.0709491522286,44.4237754749284,1,1,1,1,1,1,1,1,0.849056603773585,0.830188679245283,0.811320754716981,0.792452830188679,0.773584905660377,0.716981132075472,0.69811320754717,0.660377358490566,0,0,0,0,0,0,0,0,2597,16.272199,0.948807493749603
"598",200,200,1,15.4655551157139,28.3348651435497,30.1808560063654,31.5340556905865,33.6668658786148,35.6188048292419,39.6434861817229,41.2105867517114,44.5630841394159,0,0,0,0,0,0,0,0,0,0,0,0,0,0,0,0,0,0,0,0,0,0,0,0,2598,94.57545,79.1098948842861
"599",200,200,2,21.1791244858234,34.0484345136592,35.8944253764749,37.247625060696,39.3804352487242,41.3323741993514,45.3570555518324,46.9241561218209,50.2766535095253,1,1,1,1,1,1,1,1,0.777777777777778,0.759259259259259,0.740740740740741,0.703703703703704,0.685185185185185,0.62962962962963,0.611111111111111,0.574074074074074,1,1,1,1,1,1,1,1,2599,14.715471,-6.46365348582336
"600",200,200,3,15.3519650245644,28.2212750524002,30.0672659152159,31.420465599437,33.5532757874653,35.5052147380924,39.5298960905735,41.0969966605619,44.4494940482664,1,1,1,1,1,1,1,1,0.833333333333333,0.814814814814815,0.796296296296296,0.777777777777778,0.759259259259259,0.703703703703704,0.685185185185185,0.648148148148148,1,1,1,1,1,1,1,1,2600,14.591798,-0.760167024564382
"601",201,201,1,15.3899124705882,28.5822506041396,30.4745770459641,31.8617429280391,34.0480880478857,36.0490219438774,40.1747254327891,41.7811612528799,45.2178085194997,1,1,1,1,1,1,1,1,0.833333333333333,0.814814814814815,0.796296296296296,0.777777777777778,0.740740740740741,0.703703703703704,0.685185185185185,0.648148148148148,0,0,0,0,0,0,0,0,2601,14.163906,-1.2260064705882
"602",201,201,2,15.3604325024534,28.5527706360047,30.4450970778293,31.8322629599042,34.0186080797508,36.0195419757425,40.1452454646543,41.751681284745,45.1883285513648,1,1,1,1,1,1,1,1,0.882352941176471,0.862745098039216,0.843137254901961,0.823529411764706,0.784313725490196,0.745098039215686,0.725490196078431,0.686274509803922,0,0,0,0,0,0,0,0,2602,18.768262,3.40782949754664
"603",201,201,3,15.6776533622998,28.8699914958512,30.7623179376757,32.1494838197507,34.3358289395973,36.336762835589,40.4624663245008,42.0689021445915,45.5055494112113,0,1,1,1,1,1,1,1,0,1,0.977272727272727,0.954545454545455,0.909090909090909,0.863636363636364,0.840909090909091,0.772727272727273,0,0,0,0,0,0,0,0,2603,30.23163,14.5539766377002
"604",202,202,1,16.4973954806726,29.6949541019436,31.5880293774359,32.9757441904418,35.1629544933768,37.164680201307,41.292016318505,42.8990878392871,46.3370950600462,1,1,1,1,1,1,1,1,0.814814814814815,0.796296296296296,0.777777777777778,0.759259259259259,0.740740740740741,0.685185185185185,0.666666666666667,0.62962962962963,1,0,0,0,0,0,0,0,2604,14.613082,-1.88431348067262
"605",202,202,2,15.407901762229,28.6054603835,30.4985356589923,31.8862504719982,34.0734607749332,36.0751864828635,40.2025226000615,41.8095941208435,45.2476013416026,1,1,1,1,1,1,1,1,0.918367346938776,0.897959183673469,0.877551020408163,0.857142857142857,0.816326530612245,0.775510204081633,0.755102040816326,0.714285714285714,1,0,0,0,0,0,0,0,2605,22.084551,6.67664923777097
"606",202,202,3,15.9290845599543,29.1266431812253,31.0197184567176,32.4074332697234,34.5946435726584,36.5963692805887,40.7237053977867,42.3307769185687,45.7687841393279,1,1,1,1,1,1,1,1,0.833333333333333,0.814814814814815,0.796296296296296,0.759259259259259,0.740740740740741,0.685185185185185,0.666666666666667,0.62962962962963,0,0,0,0,0,0,0,0,2606,14.318492,-1.61059255995427
"607",203,203,1,15.3896626809858,28.578772539409,30.4706359131765,31.8574623441951,34.043272447163,36.0437166979482,40.1684105928195,41.7744533046719,45.2102595950537,1,1,1,1,1,1,1,1,0.833333333333333,0.814814814814815,0.796296296296296,0.777777777777778,0.740740740740741,0.703703703703704,0.685185185185185,0.648148148148148,0,0,0,0,0,0,0,0,2607,14.444239,-0.945423680985751
"608",203,203,2,15.3983872453401,28.5874971037634,30.4793604775309,31.8661869085495,34.0519970115173,36.0524412623025,40.1771351571738,41.7831778690263,45.218984159408,1,1,1,1,1,1,1,1,0.9,0.88,0.86,0.84,0.8,0.76,0.74,0.7,0,0,0,0,0,0,0,0,2608,21.499945,6.1015577546599
"609",203,203,3,15.8879254535073,29.0770353119305,30.9688986856981,32.3557251167167,34.5415352196845,36.5419794704697,40.666673365341,42.2727160771935,45.7085223675752,1,1,1,1,1,1,1,1,0.75,0.733333333333333,0.716666666666667,0.683333333333333,0.666666666666667,0.616666666666667,0.6,0.566666666666667,0,0,0,0,0,0,0,0,2609,6.173833,-9.71409245350728
"610",204,204,1,14.835209517222,28.0277942155132,29.9201560249103,31.3073478331093,33.4937338157363,35.4947051091734,39.6204857074646,41.2269515518336,44.6636630493752,1,1,1,1,1,1,1,1,0.851851851851852,0.814814814814815,0.796296296296296,0.777777777777778,0.759259259259259,0.703703703703704,0.685185185185185,0.648148148148148,0,0,0,0,0,0,0,0,2610,14.694305,-0.140904517221998
"611",204,204,2,15.4186534643359,28.6112381626271,30.5035999720242,31.8907917802232,34.0771777628502,36.0781490562873,40.2039296545785,41.8103954989475,45.2471069964891,1,1,1,1,1,1,1,1,0.9,0.88,0.86,0.84,0.8,0.76,0.74,0.7,0,0,0,0,0,0,0,0,2611,21.387061,5.96840753566411
"612",204,204,3,15.8769435658362,29.0695282641273,30.9618900735245,32.3490818817235,34.5354678643505,36.5364391577876,40.6622197560788,42.2686856004477,45.7053970979893,1,1,1,1,1,1,1,1,0.818181818181818,0.8,0.781818181818182,0.745454545454545,0.727272727272727,0.672727272727273,0.654545454545455,0.618181818181818,0,0,0,0,0,0,0,0,2612,13.945504,-1.93143956583616
"613",205,205,1,15.3831084074727,28.5721142652904,30.4639627210734,31.8507782164951,34.0365710836088,36.0369995602124,40.1616609304731,41.7676909781339,45.2034701760175,1,1,1,1,1,1,1,1,0.833333333333333,0.814814814814815,0.796296296296296,0.777777777777778,0.740740740740741,0.703703703703704,0.685185185185185,0.648148148148148,0,0,0,0,0,0,0,0,2613,14.545219,-0.837889407472666
"614",205,205,2,15.4235059256443,28.612511783462,30.5043602392451,31.8911757346668,34.0769686017805,36.0773970783841,40.2020584486447,41.8080884963056,45.2438676941891,1,1,1,1,1,1,1,1,0.9,0.88,0.86,0.84,0.8,0.76,0.74,0.7,0,0,0,0,0,0,0,0,2614,21.355114,5.93160807435566
"615",205,205,3,15.8822285805883,29.071234438406,30.963082894189,32.3498983896108,34.5356912567244,36.5361197333281,40.6607811035887,42.2668111512495,45.7025903491331,1,1,1,1,1,1,1,1,0.865384615384615,0.846153846153846,0.826923076923077,0.788461538461538,0.769230769230769,0.711538461538462,0.692307692307692,0.653846153846154,0,0,0,0,0,0,0,0,2615,17.959685,2.07745641941168
"616",206,206,1,15.6660023737189,28.851364379854,30.742690156729,32.1291225034865,34.3143114808831,36.314187280147,40.4377090911083,42.0432954256224,45.4781253882151,1,1,1,1,1,1,1,1,0.833333333333333,0.814814814814815,0.796296296296296,0.777777777777778,0.740740740740741,0.703703703703704,0.685185185185185,0.62962962962963,0,0,0,0,0,0,0,0,2616,14.613464,-1.05253837371893
"617",206,206,2,15.4386239840912,28.6239859902262,30.5153117671013,31.9017441138588,34.0869330912554,36.0868088905193,40.2103307014806,41.8159170359947,45.2507469985874,1,1,1,1,1,1,1,1,0.9,0.88,0.86,0.84,0.8,0.76,0.74,0.7,0,0,0,0,0,0,0,0,2617,21.339416,5.90079201590878
"618",206,206,3,15.8956577946116,29.0810198007466,30.9723455776217,32.3587779243792,34.5439669017757,36.5438427010397,40.667364512001,42.2729508465151,45.7077808091078,1,1,1,1,1,1,1,1,0.775862068965517,0.758620689655172,0.741379310344828,0.706896551724138,0.689655172413793,0.637931034482759,0.620689655172414,0.586206896551724,0,0,0,0,0,0,0,0,2618,7.982843,-7.9128147946116
"619",207,207,1,14.9858810358921,28.1632515719146,30.0534310417401,31.4390230905477,33.6228876543715,35.621551355881,39.7425739558768,41.3471871661642,44.7799353246339,1,1,1,1,1,1,1,1,0.833333333333333,0.814814814814815,0.796296296296296,0.777777777777778,0.759259259259259,0.703703703703704,0.685185185185185,0.648148148148148,0,0,0,0,0,0,0,0,2619,14.200913,-0.78496803589211
"620",207,207,2,15.4051657798414,28.5825363158638,30.4727157856893,31.858307834497,34.0421723983207,36.0408360998303,40.161858699826,41.7664719101134,45.1992200685831,1,1,1,1,1,1,1,1,0.9,0.88,0.86,0.84,0.8,0.76,0.74,0.7,0,0,0,0,0,0,0,0,2620,21.793241,6.38807522015864
"621",207,207,3,15.9171168034642,29.0944873394867,30.9846668093122,32.3702588581198,34.5541234219436,36.5527871234532,40.6738097234489,42.2784229337363,45.711171092206,1,1,1,1,1,1,1,1,0.818181818181818,0.8,0.781818181818182,0.745454545454545,0.727272727272727,0.672727272727273,0.654545454545455,0.618181818181818,0,0,0,0,0,0,0,0,2621,13.947485,-1.96963180346424
"622",208,208,1,15.399959691181,28.5755933050477,30.4655236284604,31.8509330410189,34.034509747509,36.0329100031926,40.153389407151,41.7577911117948,45.1900867963574,1,1,1,1,1,1,1,1,0.833333333333333,0.814814814814815,0.796296296296296,0.777777777777778,0.740740740740741,0.703703703703704,0.685185185185185,0.648148148148148,0,0,0,0,0,0,0,0,2622,14.355409,-1.044550691181
"623",208,208,2,15.4271206861487,28.6027543000154,30.4926846234281,31.8780940359866,34.0616707424767,36.0600709981603,40.1805504021187,41.7849521067625,45.2172477913251,1,1,1,1,1,1,1,1,0.9,0.88,0.86,0.84,0.8,0.76,0.74,0.7,0,0,0,0,0,0,0,0,2623,21.364335,5.93721431385129
"624",208,208,3,15.8937992924946,29.0694329063613,30.959363229774,32.3447726423324,34.5283493488226,36.5267496045062,40.6472290084645,42.2516307131084,45.683926397671,1,1,1,1,1,1,1,1,0.833333333333333,0.814814814814815,0.796296296296296,0.759259259259259,0.740740740740741,0.685185185185185,0.666666666666667,0.62962962962963,0,0,0,0,0,0,0,0,2624,14.476403,-1.41739629249455
"625",209,209,1,15.4443173919988,28.6176612547685,30.5072631332533,31.8924317799545,34.075629009654,36.0736819697682,40.1934452888298,41.7975681696484,45.2292673665552,1,1,1,1,1,1,1,1,0.833333333333333,0.814814814814815,0.796296296296296,0.777777777777778,0.740740740740741,0.703703703703704,0.685185185185185,0.648148148148148,0,0,0,0,0,0,0,0,2625,14.308038,-1.13627939199879
"626",209,209,2,15.4331840733858,28.6065279361555,30.4961298146404,31.8812984613416,34.064495691041,36.0625486511552,40.1823119702169,41.7864348510355,45.2181340479422,1,1,1,1,1,1,1,1,0.9,0.88,0.86,0.84,0.8,0.76,0.74,0.7,0,0,0,0,0,0,0,0,2626,21.344756,5.91157192661415
"627",209,209,3,15.8984946990113,29.071838561781,30.9614404402658,32.346609086967,34.5298063166664,36.5278592767807,40.6476225958423,42.2517454766609,45.6834446735677,1,1,1,1,1,1,1,1,1,0.977777777777778,0.955555555555556,0.911111111111111,0.888888888888889,0.822222222222222,0.8,0.755555555555556,0,0,0,0,0,0,0,0,2627,28.623839,12.7253443009887
"628",210,210,1,16.4045524550546,29.5853997360806,31.4760779148109,32.8620355411227,35.0464763003407,37.0456673334616,41.1677772326795,42.7728138074725,46.2064676693961,1,1,1,1,1,1,1,1,0.833333333333333,0.796296296296296,0.777777777777778,0.759259259259259,0.740740740740741,0.685185185185185,0.666666666666667,0.62962962962963,0,0,0,0,0,0,0,0,2628,14.369544,-2.03500845505457
"629",210,210,2,15.4520882912065,28.6329355722326,30.5236137509628,31.9095713772747,34.0940121364926,36.0932031696136,40.2153130688315,41.8203496436245,45.2540035055481,1,1,1,1,1,1,1,1,0.918367346938776,0.897959183673469,0.877551020408163,0.857142857142857,0.816326530612245,0.775510204081633,0.755102040816326,0.714285714285714,0,0,0,0,0,0,0,0,2629,23.082965,7.63087670879346
"630",210,210,3,16.0343142972644,29.2151615782905,31.1058397570207,32.4917973833326,34.6762381425505,36.6754291756714,40.7975390748894,42.4025756496823,45.836229511606,1,1,1,1,1,1,1,1,0.818181818181818,0.8,0.781818181818182,0.745454545454545,0.727272727272727,0.672727272727273,0.654545454545455,0.618181818181818,0,0,0,0,0,0,0,0,2630,14.011251,-2.02306329726443
"631",211,211,1,15.4271832315388,28.6050113327165,30.4952564362934,31.8808965977832,34.064836993149,36.0635700953682,40.1847357919203,41.7894047200833,45.2222720757737,1,1,1,1,1,1,1,1,0.833333333333333,0.814814814814815,0.796296296296296,0.777777777777778,0.740740740740741,0.703703703703704,0.685185185185185,0.648148148148148,0,0,0,0,0,0,0,0,2631,14.335674,-1.09150923153882
"632",211,211,2,15.4486272614757,28.6264553626533,30.5167004662302,31.9023406277201,34.0862810230859,36.0850141253051,40.2061798218572,41.8108487500202,45.2437161057106,1,1,1,1,1,1,1,1,0.918367346938776,0.897959183673469,0.877551020408163,0.857142857142857,0.816326530612245,0.775510204081633,0.755102040816326,0.714285714285714,0,0,0,0,0,0,0,0,2632,22.715997,7.26736973852432
"633",211,211,3,16.0025580780102,29.1803861791879,31.0706312827648,32.4562714442546,34.6402118396204,36.6389449418397,40.7601106383917,42.3647795665548,45.7976469222451,1,1,1,1,1,1,1,1,0.818181818181818,0.8,0.781818181818182,0.745454545454545,0.727272727272727,0.672727272727273,0.654545454545455,0.618181818181818,0,0,0,0,0,0,0,0,2633,13.649815,-2.35274307801025
"634",212,212,1,15.4098677852438,28.5888097999163,30.4792146847191,31.8649719734975,34.049096975967,36.0479990298343,40.1695130859224,41.7743176557375,45.2074751895395,1,1,1,1,1,1,1,1,0.833333333333333,0.814814814814815,0.796296296296296,0.777777777777778,0.740740740740741,0.703703703703704,0.685185185185185,0.648148148148148,0,0,0,0,0,0,0,0,2634,14.687855,-0.72201278524382
"635",212,212,2,15.4781303889484,28.6570724036208,30.5474772884237,31.9332345772021,34.1173595796716,36.1162616335388,40.237775689627,41.842580259442,45.275737793244,1,1,1,1,1,1,1,1,0.918367346938776,0.897959183673469,0.877551020408163,0.857142857142857,0.816326530612245,0.775510204081633,0.755102040816326,0.714285714285714,0,0,0,0,0,0,0,0,2635,22.326773,6.84864261105162
"636",212,212,3,15.9804736822373,29.1594156969097,31.0498205817126,32.435577870491,34.6197028729605,36.6186049268277,40.7401189829159,42.3449235527309,45.7780810865329,1,1,1,1,1,1,1,1,0.789473684210526,0.771929824561403,0.754385964912281,0.719298245614035,0.701754385964912,0.649122807017544,0.631578947368421,0.596491228070175,0,0,0,0,0,0,0,0,2636,10.089889,-5.89058468223729
"637",213,213,1,15.1866992915988,28.3675570819237,30.2582367681217,31.6441954994795,33.8286380003868,35.8278306274944,39.949943813336,41.5549816678501,44.9886382674805,1,1,1,1,1,1,1,1,0.833333333333333,0.814814814814815,0.796296296296296,0.777777777777778,0.759259259259259,0.703703703703704,0.685185185185185,0.648148148148148,0,0,0,0,0,0,0,0,2637,14.110225,-1.07647429159883
"638",213,213,2,15.4485279786555,28.6293857689804,30.5200654551784,31.9060241865362,34.0904666874435,36.0896593145512,40.2117725003927,41.8168103549069,45.2504669545373,1,1,1,1,1,1,1,1,0.918367346938776,0.897959183673469,0.877551020408163,0.857142857142857,0.816326530612245,0.775510204081633,0.755102040816326,0.714285714285714,0,0,0,0,0,0,0,0,2638,22.110864,6.66233602134446
"639",213,213,3,15.9695781607758,29.1504359511007,31.0411156372987,32.4270743686565,34.6115168695638,36.6107094966714,40.732822682513,42.3378605370272,45.7715171366575,1,1,1,1,1,1,1,1,0.9375,0.916666666666667,0.895833333333333,0.854166666666667,0.833333333333333,0.770833333333333,0.75,0.708333333333333,0,0,0,0,0,0,0,0,2639,24.897361,8.92778283922416
"640",214,214,1,16.1599392227645,29.3442632749363,31.2354401663211,32.621763372886,34.8067803318307,36.8064987005281,40.9296959071437,42.5351558496256,45.9697154218133,1,1,1,1,1,1,1,1,0.818181818181818,0.8,0.781818181818182,0.745454545454545,0.727272727272727,0.672727272727273,0.654545454545455,0.618181818181818,0,0,0,0,0,0,0,0,2640,13.541075,-2.61886422276445
"641",214,214,2,15.4180614498258,28.6023855019976,30.4935623933825,31.8798855999474,34.064902558892,36.0646209275894,40.187818134205,41.7932780766869,45.2278376488747,1,1,1,1,1,1,1,1,0.849056603773585,0.830188679245283,0.811320754716981,0.792452830188679,0.754716981132076,0.716981132075472,0.69811320754717,0.660377358490566,0,0,0,0,0,0,0,0,2641,16.521968,1.10390655017422
"642",214,214,3,15.6127957370926,28.7971197892644,30.6882966806493,32.0746198872142,34.2596368461589,36.2593552148562,40.3825524214719,41.9880123639538,45.4225719361415,1,1,1,1,1,1,1,1,0.818181818181818,0.8,0.781818181818182,0.763636363636364,0.727272727272727,0.690909090909091,0.672727272727273,0.618181818181818,0,0,0,0,0,0,0,0,2642,13.418869,-2.19392673709262
"643",215,215,1,15.4064707818869,28.57006642547,30.458270006493,31.8424136342075,34.0239953071171,36.0205697164241,40.1372844279151,41.7402202645324,45.1693800184319,1,1,1,1,1,1,1,1,0.833333333333333,0.814814814814815,0.796296296296296,0.777777777777778,0.740740740740741,0.703703703703704,0.685185185185185,0.648148148148148,0,0,0,0,0,0,0,0,2643,15.216654,-0.189816781886881
"644",215,215,2,15.5259652802729,28.6895609238561,30.5777645048791,31.9619081325935,34.1434898055031,36.1400642148102,40.2567789263012,41.8597147629185,45.288874516818,1,1,1,1,1,1,1,1,0.833333333333333,0.814814814814815,0.796296296296296,0.777777777777778,0.740740740740741,0.703703703703704,0.685185185185185,0.648148148148148,0,0,0,0,0,0,0,0,2644,15.524896,-0.00106928027294551
"645",215,215,3,15.5464533937968,28.7100490373799,30.598252618403,31.9823962461174,34.163977919027,36.1605523283341,40.277267039825,41.8802028764423,45.3093626303419,1,1,1,1,1,1,1,1,0.818181818181818,0.8,0.781818181818182,0.763636363636364,0.727272727272727,0.690909090909091,0.672727272727273,0.636363636363636,0,0,0,0,0,0,0,0,2645,12.952174,-2.59427939379682
"646",216,216,1,15.380330028526,28.5421510744929,30.4301001048852,31.8140571348,33.9953447064822,35.9916499555778,40.107809688603,41.7105294318222,45.1392268972339,1,1,1,1,1,1,1,1,0.818181818181818,0.8,0.781818181818182,0.763636363636364,0.727272727272727,0.690909090909091,0.672727272727273,0.636363636363636,0,0,0,0,0,0,0,0,2646,13.760823,-1.61950702852596
"647",216,216,2,15.4336411498352,28.5954621958022,30.4834112261945,31.8673682561093,34.0486558277915,36.044961076887,40.1611208099123,41.7638405531315,45.1925380185431,1,1,1,1,1,1,1,1,0.833333333333333,0.814814814814815,0.796296296296296,0.777777777777778,0.740740740740741,0.703703703703704,0.685185185185185,0.648148148148148,0,0,0,0,0,0,0,0,2647,14.908901,-0.52474014983523
"648",216,216,3,15.5093295208473,28.6711505668142,30.5590995972065,31.9430566271213,34.1243441988035,36.1206494478991,40.2368091809243,41.8395289241435,45.2682263895552,1,1,1,1,1,1,1,1,0.818181818181818,0.8,0.781818181818182,0.763636363636364,0.727272727272727,0.690909090909091,0.672727272727273,0.636363636363636,0,0,0,0,0,0,0,0,2648,13.330524,-2.17880552084726
"649",217,217,1,15.4101775815635,28.5700596515724,30.457730552687,31.8414837005252,34.0224499288199,36.0184610857933,40.1340144335217,41.7364980669322,45.1646904227599,1,1,1,1,1,1,1,1,0.818181818181818,0.8,0.781818181818182,0.763636363636364,0.727272727272727,0.690909090909091,0.672727272727273,0.636363636363636,0,0,0,0,0,0,0,0,2649,13.292684,-2.11749358156354
"650",217,217,2,15.4076870721826,28.5675691421914,30.4552400433061,31.8389931911442,34.019959419439,36.0159705764124,40.1315239241408,41.7340075575512,45.1621999133789,1,1,1,1,1,1,1,1,0.833333333333333,0.814814814814815,0.796296296296296,0.777777777777778,0.740740740740741,0.703703703703704,0.685185185185185,0.648148148148148,0,0,0,0,0,0,0,0,2650,15.368476,-0.0392110721825993
"651",217,217,3,15.5443091506411,28.70419122065,30.5918621217646,31.9756152696028,34.1565814978975,36.1525926548709,40.2681460025993,41.8706296360098,45.2988219918375,1,1,1,1,1,1,1,1,1,0.977777777777778,0.955555555555556,0.933333333333333,0.888888888888889,0.844444444444444,0.822222222222222,0.777777777777778,0,0,0,0,0,0,0,0,2651,29.507566,13.9632568493589
"652",218,218,1,16.4861798899655,29.6529727192045,31.5416349087694,32.9261147185022,35.108226255882,37.1052855949328,41.2230001777037,42.826325336783,46.2563179680113,1,1,1,1,1,1,1,1,0.918367346938776,0.877551020408163,0.857142857142857,0.836734693877551,0.816326530612245,0.755102040816326,0.73469387755102,0.693877551020408,0,0,0,0,0,0,0,0,2652,23.402779,6.91659911003451
"653",218,218,2,16.0848326706169,29.2516254998558,31.1402876894208,32.5247674991536,34.7068790365334,36.7039383755842,40.8216529583551,42.4249781174343,45.8549707486627,1,1,1,1,1,1,1,1,0.833333333333333,0.814814814814815,0.796296296296296,0.759259259259259,0.740740740740741,0.685185185185185,0.666666666666667,0.62962962962963,0,0,0,0,0,0,0,0,2653,15.216582,-0.868250670616872
"654",218,218,3,15.546647242855,28.713440072094,30.6021022616589,31.9865820713917,34.1686936087715,36.1657529478223,40.2834675305932,41.8867926896725,45.3167853209008,1,1,1,1,1,1,1,1,0.833333333333333,0.814814814814815,0.796296296296296,0.777777777777778,0.740740740740741,0.703703703703704,0.685185185185185,0.62962962962963,0,0,0,0,0,0,0,0,2654,15.579856,0.0332087571449868
"655",219,219,1,15.5703700368974,28.735475808284,30.6238960040378,32.0081984207209,34.1900303646985,36.1868338210386,40.3040208020761,41.9071405275061,45.3366936746416,1,1,1,1,1,1,1,1,0.818181818181818,0.8,0.781818181818182,0.763636363636364,0.727272727272727,0.690909090909091,0.672727272727273,0.618181818181818,0,0,0,0,0,0,0,0,2655,12.958891,-2.61147903689744
"656",219,219,2,15.3969182913001,28.5620240626867,30.4504442584405,31.8347466751236,34.0165786191011,36.0133820754413,40.1305690564787,41.7336887819088,45.1632419290442,1,1,1,1,1,1,1,1,0.833333333333333,0.814814814814815,0.796296296296296,0.777777777777778,0.740740740740741,0.703703703703704,0.685185185185185,0.648148148148148,0,0,0,0,0,0,0,0,2656,14.497202,-0.899716291300116
"657",219,219,3,15.4987215310311,28.6638273024177,30.5522474981715,31.9365499148546,34.1183818588321,36.1151853151723,40.2323722962097,41.8354920216398,45.2650451687752,1,1,1,1,1,1,1,1,0.818181818181818,0.8,0.781818181818182,0.763636363636364,0.727272727272727,0.690909090909091,0.672727272727273,0.636363636363636,0,0,0,0,0,0,0,0,2657,13.127486,-2.37123553103112
"658",220,220,1,15.4080801899591,28.5727019642754,30.4610527348488,31.8453042595508,34.0270559914673,36.023786038065,40.1408216563659,41.7438824452964,45.1733095096107,1,1,1,1,1,1,1,1,0.833333333333333,0.814814814814815,0.796296296296296,0.777777777777778,0.740740740740741,0.703703703703704,0.685185185185185,0.648148148148148,0,0,0,0,0,0,0,0,2658,14.201646,-1.20643418995915
"659",220,220,2,15.4791692673455,28.6437910416617,30.5321418122352,31.9163933369372,34.0981450688536,36.0948751154514,40.2119107337523,41.8149715226827,45.2443985869971,1,1,1,1,1,1,1,1,0.833333333333333,0.814814814814815,0.796296296296296,0.777777777777778,0.740740740740741,0.703703703703704,0.685185185185185,0.648148148148148,0,0,0,0,0,0,0,0,2659,14.066441,-1.41272826734552
"660",220,220,3,15.470221253355,28.6348430276712,30.5231937982447,31.9074453229467,34.0891970548631,36.0859271014609,40.2029627197618,41.8060235086922,45.2354505730066,1,1,1,1,1,1,1,1,0.818181818181818,0.8,0.781818181818182,0.763636363636364,0.727272727272727,0.690909090909091,0.672727272727273,0.636363636363636,0,0,0,0,0,0,0,0,2660,13.200482,-2.26973925335503
"661",221,221,1,15.4190167119591,28.5815108270701,30.4695564033912,31.8535842060942,34.0349833244502,36.0313906605944,40.1477608857771,41.7505625888711,45.1794353909979,1,1,1,1,1,1,1,1,0.849056603773585,0.830188679245283,0.811320754716981,0.792452830188679,0.754716981132076,0.716981132075472,0.69811320754717,0.660377358490566,0,0,0,0,0,0,0,0,2661,16.692203,1.27318628804087
"662",221,221,2,15.6489590832363,28.8114531983473,30.6994987746684,32.0835265773714,34.2649256957274,36.2613330318716,40.3777032570543,41.9805049601483,45.4093777622751,1,1,1,1,1,1,1,1,0.818181818181818,0.8,0.781818181818182,0.763636363636364,0.727272727272727,0.690909090909091,0.672727272727273,0.618181818181818,0,0,0,0,0,0,0,0,2662,13.681515,-1.96744408323633
"663",221,221,3,15.4506944630402,28.6131885781511,30.5012341544723,31.8852619571753,34.0666610755312,36.0630684116754,40.1794386368581,41.7822403399521,45.211113142079,1,1,1,1,1,1,1,1,0.9,0.88,0.86,0.84,0.8,0.76,0.74,0.7,0,0,0,0,0,0,0,0,2663,20.676135,5.22544053695979
"664",222,222,1,15.9214907470015,29.0835192763356,30.9714980684167,32.3554769150744,34.5367988726435,36.5331355915587,40.6493602118574,42.2521052204018,45.6808567359098,1,1,1,1,1,1,1,1,0.818181818181818,0.8,0.781818181818182,0.745454545454545,0.727272727272727,0.672727272727273,0.654545454545455,0.618181818181818,0,0,0,0,0,0,0,0,2664,13.704727,-2.2167637470015
"665",222,222,2,15.457975488903,28.6200040182372,30.5079828103183,31.8919616569759,34.073283614545,36.0696203334603,40.185844953759,41.7885899623033,45.2173414778113,1,1,1,1,1,1,1,1,0.818181818181818,0.8,0.781818181818182,0.763636363636364,0.727272727272727,0.690909090909091,0.672727272727273,0.636363636363636,0,0,0,0,0,0,0,0,2665,13.549826,-1.90814948890303
"666",222,222,3,15.447676424927,28.6097049542612,30.4976837463423,31.8816625929999,34.062984550569,36.0593212694843,40.175545889783,41.7782908983273,45.2070424138353,1,1,1,1,1,1,1,1,0.818181818181818,0.8,0.781818181818182,0.763636363636364,0.727272727272727,0.690909090909091,0.672727272727273,0.636363636363636,0,0,0,0,0,0,0,0,2666,13.452987,-1.99468942492704
"667",223,223,1,15.4288314399985,28.5783619494481,30.4645480090159,31.8472126969094,34.0264633776127,36.020904472616,40.1332205269183,41.7344436470287,45.1599393874466,1,1,1,1,1,1,1,1,0.818181818181818,0.8,0.781818181818182,0.763636363636364,0.727272727272727,0.690909090909091,0.672727272727273,0.636363636363636,0,0,0,0,0,0,0,0,2667,13.258812,-2.17001943999846
"668",223,223,2,15.4158833409227,28.5654138503723,30.4515999099401,31.8342645978336,34.0135152785369,36.0079563735402,40.1202724278425,41.7214955479529,45.1469912883709,1,1,1,1,1,1,1,1,0.833333333333333,0.814814814814815,0.796296296296296,0.777777777777778,0.740740740740741,0.703703703703704,0.685185185185185,0.648148148148148,0,0,0,0,0,0,0,0,2668,14.154147,-1.26173634092268
"669",223,223,3,15.4755866306665,28.6251171401161,30.511303199684,31.8939678875775,34.0732185682807,36.0676596632841,40.1799757175864,41.7811988376967,45.2066945781147,1,1,1,1,1,1,1,1,0.818181818181818,0.8,0.781818181818182,0.763636363636364,0.727272727272727,0.690909090909091,0.672727272727273,0.636363636363636,0,0,0,0,0,0,0,0,2669,13.068863,-2.40672363066652
"670",224,224,1,15.4063693725197,28.5546685572542,30.4406779939752,31.8232132088658,34.0022598240914,35.9965141592244,40.1084451354139,41.7095183166651,45.1346932929643,1,1,1,1,1,1,1,1,0.818181818181818,0.8,0.781818181818182,0.763636363636364,0.727272727272727,0.690909090909091,0.672727272727273,0.636363636363636,0,0,0,0,0,0,0,0,2670,13.824266,-1.58210337251965
"671",224,224,2,15.4567391436995,28.605038328434,30.4910477651551,31.8735829800456,34.0526295952713,36.0468839304043,40.1588149065937,41.759888087845,45.1850630641441,1,1,1,1,1,1,1,1,0.818181818181818,0.8,0.781818181818182,0.763636363636364,0.727272727272727,0.690909090909091,0.672727272727273,0.636363636363636,0,0,0,0,0,0,0,0,2671,13.337747,-2.11899214369949
"672",224,224,3,15.4242983793596,28.5725975640941,30.4586070008152,31.8411422157057,34.0201888309314,36.0144431660644,40.1263741422538,41.7274473235051,45.1526222998043,1,1,1,1,1,1,1,1,0.833333333333333,0.814814814814815,0.796296296296296,0.777777777777778,0.740740740740741,0.703703703703704,0.685185185185185,0.648148148148148,0,0,0,0,0,0,0,0,2672,14.80021,-0.624088379359605
"673",225,225,1,15.5211184323065,28.6691026909048,30.5550669542041,31.9375690548137,34.116563477834,36.1107700468793,40.2226025347002,41.8236373672812,45.248730304291,1,1,1,1,1,1,1,1,0.818181818181818,0.8,0.781818181818182,0.763636363636364,0.727272727272727,0.690909090909091,0.672727272727273,0.636363636363636,0,0,0,0,0,0,0,0,2673,13.122538,-2.39858043230646
"674",225,225,2,15.409656114877,28.5576403734754,30.4436046367747,31.8261067373842,34.0051011604046,35.9993077294498,40.1111402172708,41.7121750498518,45.1372679868616,1,1,1,1,1,1,1,1,0.818181818181818,0.8,0.781818181818182,0.763636363636364,0.727272727272727,0.690909090909091,0.672727272727273,0.636363636363636,0,0,0,0,0,0,0,0,2674,13.803709,-1.60594711487703
"675",225,225,3,15.4549122187076,28.602896477306,30.4888607406053,31.8713628412149,34.0503572642352,36.0445638332805,40.1563963211014,41.7574311536824,45.1825240906922,1,1,1,1,1,1,1,1,0.818181818181818,0.8,0.781818181818182,0.763636363636364,0.727272727272727,0.690909090909091,0.672727272727273,0.636363636363636,0,0,0,0,0,0,0,0,2675,12.917366,-2.53754621870764
"676",226,226,1,15.3839447411993,28.4841519506095,30.3632630107407,31.7407413853126,33.9118177943102,35.8987778300872,39.9956687710399,41.5908857749375,45.0035326342439,1,1,1,1,1,1,1,1,1,0.977777777777778,0.955555555555556,0.933333333333333,0.911111111111111,0.844444444444444,0.822222222222222,0.777777777777778,0,0,0,0,0,0,0,0,2676,29.593425,14.2094802588007
"677",226,226,2,16.4849963794249,29.5852035888351,31.4643146489663,32.8417930235382,35.0128694325358,36.9998294683128,41.0967204092655,42.6919374131631,46.1045842724695,1,1,1,1,1,1,1,1,0.818181818181818,0.781818181818182,0.763636363636364,0.745454545454545,0.727272727272727,0.672727272727273,0.654545454545455,0.618181818181818,0,0,0,0,0,0,0,0,2677,13.374265,-3.11073137942486
"678",226,226,3,15.4141119043434,28.5143191137536,30.3934301738848,31.7709085484567,33.9419849574543,35.9289449932313,40.025835934184,41.6210529380816,45.033699797388,1,1,1,1,1,1,1,1,0.818181818181818,0.8,0.781818181818182,0.763636363636364,0.745454545454545,0.690909090909091,0.672727272727273,0.636363636363636,0,0,0,0,0,0,0,0,2678,13.372694,-2.04141790434335
"679",227,227,1,15.4102343616642,28.1081782401868,29.9295881157434,31.2647687594227,33.3691787093381,35.2951258810012,39.2662150716573,40.8124483232205,44.1203042680915,1,1,1,1,1,1,1,1,0.836363636363636,0.8,0.781818181818182,0.763636363636364,0.745454545454545,0.690909090909091,0.672727272727273,0.636363636363636,0,0,0,0,0,0,0,0,2679,13.648446,-1.76178836166415
"680",227,227,2,15.4219680208184,28.1199118993411,29.9413217748977,31.276502418577,33.3809123684924,35.3068595401555,39.2779487308116,40.8241819823747,44.1320379272458,1,1,1,1,1,1,1,1,0.836363636363636,0.8,0.781818181818182,0.763636363636364,0.745454545454545,0.690909090909091,0.672727272727273,0.636363636363636,0,0,0,0,0,0,0,0,2680,13.945346,-1.47662202081845
"681",227,227,3,15.4346015589357,28.1325454374584,29.953955313015,31.2891359566942,33.3935459066097,35.3194930782728,39.2905822689289,40.836815520492,44.144671465363,1,1,1,1,1,1,1,1,0.818181818181818,0.8,0.781818181818182,0.763636363636364,0.745454545454545,0.690909090909091,0.672727272727273,0.636363636363636,0,0,0,0,0,0,0,0,2681,13.176121,-2.25848055893571
"682",228,228,1,15.3978397309805,28.0937564707768,29.9148755708716,31.2498430622157,33.353917057669,35.2795567652155,39.2500119990074,40.7959984051493,44.1033262737467,1,1,1,1,1,1,1,1,0.836363636363636,0.8,0.8,0.763636363636364,0.745454545454545,0.690909090909091,0.672727272727273,0.636363636363636,0,0,0,0,0,0,0,0,2682,13.956473,-1.44136673098047
"683",228,228,2,15.4313781396105,28.1272948794069,29.9484139795017,31.2833814708457,33.3874554662991,35.3130951738456,39.2835504076374,40.8295368137794,44.1368646823767,1,1,1,1,1,1,1,1,0.818181818181818,0.8,0.781818181818182,0.763636363636364,0.745454545454545,0.690909090909091,0.672727272727273,0.636363636363636,0,0,0,0,0,0,0,0,2683,13.607092,-1.82428613961054
"684",228,228,3,15.4163622458272,28.1122789856236,29.9333980857184,31.2683655770624,33.3724395725158,35.2980792800623,39.2685345138542,40.8145209199961,44.1218487885935,1,1,1,1,1,1,1,1,0.836363636363636,0.8,0.781818181818182,0.763636363636364,0.745454545454545,0.690909090909091,0.672727272727273,0.636363636363636,0,0,0,0,0,0,0,0,2684,13.833918,-1.58244424582725
"685",229,229,1,15.4238270725334,28.1173753145944,29.9381546742393,31.2728731195677,33.3765545876758,35.3018350558401,39.2715495779194,40.8172475712294,44.1239584384138,1,1,1,1,1,1,1,1,0.836363636363636,0.8,0.781818181818182,0.763636363636364,0.745454545454545,0.690909090909091,0.672727272727273,0.636363636363636,0,0,0,0,0,0,0,0,2685,13.703734,-1.72009307253341
"686",229,229,2,15.4182035581267,28.1117518001876,29.9325311598326,31.2672496051609,33.370931073269,35.2962115414333,39.2659260635127,40.8116240568227,44.1183349240071,0,0,0,0,0,0,0,0,0,0,0,0,0,0,0,0,0,0,0,0,0,0,0,0,2686,96.678676,81.2604724418733
"687",229,229,3,19.0024441847405,31.6959924268015,33.5167717864464,34.8514902317748,36.9551716998829,38.8804521680472,42.8501666901265,44.3958646834365,47.7025755506209,0,0,0,0,0,0,0,0,0,0,0,0,0,0,0,0,1,1,1,1,1,1,1,1,2687,95.911681,76.9092368152595
"688",230,230,1,23.0041595792167,36.3294198321234,38.2408127986696,39.6419553562267,41.850329446528,43.8714241640096,48.0386970279651,49.6613188229493,53.1325927367587,1,1,1,1,1,1,1,1,0.784313725490196,0.764705882352941,0.745098039215686,0.725490196078431,0.686274509803922,0.647058823529412,0.627450980392157,0.568627450980392,1,1,1,1,1,1,1,1,2688,20.179132,-2.82502757921667
"689",230,230,2,16.0034180901655,29.3286783430722,31.2400713096184,32.6412138671755,34.8495879574768,36.8706826749584,41.0379555389139,42.6605773338981,46.1318512477075,1,1,1,1,1,1,1,1,0.818181818181818,0.8,0.781818181818182,0.745454545454545,0.727272727272727,0.672727272727273,0.654545454545455,0.618181818181818,1,1,1,1,1,1,1,1,2689,13.824682,-2.17873609016547
"690",230,230,3,15.4160106630749,28.7412709159817,30.6526638825278,32.0538064400849,34.2621805303862,36.2832752478678,40.4505481118234,42.0731699068075,45.5444438206169,1,1,1,1,1,1,1,1,0.775862068965517,0.758620689655172,0.741379310344828,0.724137931034483,0.689655172413793,0.655172413793103,0.637931034482759,0.586206896551724,0,0,0,0,0,0,0,0,2690,9.323197,-6.09281366307489
"691",231,231,1,15.0011214018317,28.3165166157689,30.226494528069,31.6265997831142,33.8333389562697,35.8529374044274,40.0171251271985,41.6385456527938,45.1072496916602,1,1,1,1,1,1,1,1,0.833333333333333,0.814814814814815,0.796296296296296,0.777777777777778,0.759259259259259,0.703703703703704,0.685185185185185,0.648148148148148,0,0,0,0,0,0,0,0,2691,15.055001,0.0538795981683045
"692",231,231,2,15.5181696035086,28.8335648174459,30.7435427297459,32.1436479847911,34.3503871579466,36.3699856061044,40.5341733288754,42.1555938544708,45.6242978933371,1,1,1,1,1,1,1,1,0.833333333333333,0.814814814814815,0.796296296296296,0.777777777777778,0.740740740740741,0.703703703703704,0.685185185185185,0.62962962962963,0,0,0,0,0,0,0,0,2692,14.666309,-0.851860603508602
"693",231,231,3,15.4831069077838,28.7985021217211,30.7084800340211,32.1085852890663,34.3153244622218,36.3349229103795,40.4991106331506,42.1205311587459,45.5892351976123,1,1,1,1,1,1,1,1,0.918367346938776,0.897959183673469,0.877551020408163,0.857142857142857,0.816326530612245,0.775510204081633,0.755102040816326,0.693877551020408,0,0,0,0,0,0,0,0,2693,23.178173,7.6950660922162
"694",232,232,1,16.2563848265518,29.5727451323659,31.4828614787221,32.8830682125583,35.0899673288485,37.1097121562932,41.2742016968986,42.8957397420833,46.3646951905426,0,0,0,0,0,1,1,1,0,0,0,0,0,1,0.972972972972973,0.918918918918919,0,0,0,0,0,0,0,0,2694,42.084172,25.8277871734482
"695",232,232,2,17.9634321537417,31.2797924595559,33.1899088059121,34.5901155397483,36.7970146560385,38.8167594834832,42.9812490240885,44.6027870692732,48.0717425177325,1,1,1,1,1,1,1,1,0.781818181818182,0.763636363636364,0.745454545454545,0.727272727272727,0.709090909090909,0.654545454545455,0.636363636363636,0.6,1,1,1,1,1,0,0,0,2695,13.793207,-4.1702251537417
"696",232,232,3,15.409003996474,28.7253643022882,30.6354806486444,32.0356873824806,34.2425864987708,36.2623313262155,40.4268208668208,42.0483589120056,45.5173143604649,1,1,1,1,1,1,1,1,1,0.977777777777778,0.955555555555556,0.933333333333333,0.888888888888889,0.844444444444444,0.822222222222222,0.755555555555556,1,1,1,1,1,0,0,0,2696,29.287242,13.878238003526
"697",233,233,1,16.8371839229343,30.1945446566684,32.1105421586692,33.515060061169,35.728754112867,37.7547176367357,41.9320294387782,43.5585601210059,47.0381963151462,1,1,1,1,1,1,1,1,0.814814814814815,0.796296296296296,0.777777777777778,0.759259259259259,0.722222222222222,0.685185185185185,0.666666666666667,0.611111111111111,0,0,0,0,0,0,0,0,2697,14.942466,-1.89471792293426
"698",233,233,2,15.5290133280846,28.8863740618188,30.8023715638196,32.2068894663194,34.4205835180173,36.446547041886,40.6238588439286,42.2503895261563,45.7300257202966,1,1,1,1,1,1,1,1,0.818181818181818,0.8,0.781818181818182,0.745454545454545,0.727272727272727,0.690909090909091,0.654545454545455,0.618181818181818,0,0,0,0,0,0,0,0,2698,13.719956,-1.80905732808464
"699",233,233,3,15.4175266353744,28.7748873691085,30.6908848711093,32.0954027736091,34.3090968253071,36.3350603491758,40.5123721512183,42.138902833446,45.6185390275863,1,1,1,1,1,1,1,1,0.818181818181818,0.8,0.781818181818182,0.763636363636364,0.727272727272727,0.690909090909091,0.672727272727273,0.618181818181818,0,0,0,0,0,0,0,0,2699,12.872502,-2.54502463537437
"700",234,234,1,15.3368012811414,28.6914220892256,30.6070265726648,32.0112563737423,34.2244963419402,36.2500442904916,40.4264992223797,42.052696262863,45.5316186974027,0,0,0,1,1,1,1,1,0,0,0,1,0.952380952380952,0.904761904761905,0.880952380952381,0.80952380952381,0,0,0,0,0,0,0,0,2700,33.015092,17.6782907188586
"701",234,234,2,17.1853662334792,30.5399870415634,32.4555915250027,33.8598213260801,36.073061294278,38.0986092428294,42.2750641747175,43.9012612152008,47.3801836497406,1,1,1,1,1,1,1,1,0.814814814814815,0.796296296296296,0.777777777777778,0.740740740740741,0.722222222222222,0.666666666666667,0.648148148148148,0.611111111111111,1,1,1,0,0,0,0,0,2701,14.870788,-2.3145782334792
"702",234,234,3,15.5201918711473,28.8748126792315,30.7904171626708,32.1946469637482,34.4078869319461,36.4334348804975,40.6098898123856,42.2360868528689,45.7150092874087,1,1,1,1,1,1,1,1,0.818181818181818,0.8,0.781818181818182,0.745454545454545,0.727272727272727,0.690909090909091,0.654545454545455,0.618181818181818,1,1,1,0,0,0,0,0,2702,13.173192,-2.34699987114729
"703",235,235,1,15.3663063404541,28.7262894083035,30.6426630613803,32.0474567006282,34.261585347569,36.2879466111837,40.4660785084132,42.0929285132214,45.5732478339824,1,1,1,1,1,1,1,1,0.833333333333333,0.814814814814815,0.796296296296296,0.777777777777778,0.740740740740741,0.703703703703704,0.685185185185185,0.62962962962963,0,0,0,0,0,0,0,0,2703,14.736631,-0.629675340454085
"704",235,235,2,15.5079545393882,28.8679376072376,30.7843112603144,32.1891048995623,34.4032335465031,36.4295948101178,40.6077267073473,42.2345767121555,45.7148960329165,1,1,1,1,1,1,1,1,0.818181818181818,0.8,0.781818181818182,0.745454545454545,0.727272727272727,0.690909090909091,0.654545454545455,0.618181818181818,0,0,0,0,0,0,0,0,2704,13.940674,-1.56728053938819
"705",235,235,3,15.4358405167247,28.7958235845741,30.712197237651,32.1169908768988,34.3311195238396,36.3574807874543,40.5356126846838,42.162462689492,45.642782010253,1,1,1,1,1,1,1,1,0.865384615384615,0.846153846153846,0.826923076923077,0.807692307692308,0.769230769230769,0.730769230769231,0.711538461538462,0.653846153846154,0,0,0,0,0,0,0,0,2705,18.190184,2.75434348327531
"706",236,236,1,15.8236801707642,29.1816617778454,31.0977483387408,32.5023315256744,34.7161284737201,36.7421861678953,40.9196921386521,42.5462984248535,46.026096358533,1,1,1,1,1,1,1,1,0.833333333333333,0.814814814814815,0.796296296296296,0.759259259259259,0.740740740740741,0.685185185185185,0.666666666666667,0.62962962962963,0,0,0,0,0,0,0,0,2706,15.229912,-0.593768170764152
"707",236,236,2,15.5542533832818,28.912234990363,30.8283215512584,32.2329047381919,34.4467016862377,36.4727593804129,40.6502653511697,42.2768716373711,45.7566695710506,1,1,1,1,1,1,1,1,0.818181818181818,0.8,0.781818181818182,0.745454545454545,0.727272727272727,0.672727272727273,0.654545454545455,0.618181818181818,0,0,0,0,0,0,0,0,2707,13.668716,-1.88553738328175
"708",236,236,3,15.412162378499,28.7701439855802,30.6862305464756,32.0908137334091,34.3046106814549,36.3306683756301,40.5081743463869,42.1347806325883,45.6145785662678,1,1,1,1,1,1,1,1,0.818181818181818,0.8,0.781818181818182,0.763636363636364,0.727272727272727,0.690909090909091,0.672727272727273,0.618181818181818,0,0,0,0,0,0,0,0,2708,13.293802,-2.11836037849896
"709",237,237,1,15.3342826978584,28.341020088532,30.2067237141571,31.574373797319,33.7299596026057,35.7027427027502,39.7704023767836,41.3542375268055,44.7425351923738,1,1,1,1,1,1,1,1,0.833333333333333,0.814814814814815,0.796296296296296,0.777777777777778,0.759259259259259,0.703703703703704,0.685185185185185,0.648148148148148,0,0,0,0,0,0,0,0,2709,14.715737,-0.618545697858442
"710",237,237,2,15.4639042166071,28.4706416072806,30.3363452329058,31.7039953160676,33.8595811213544,35.8323642214988,39.9000238955323,41.4838590455541,44.8721567111224,1,1,1,1,1,1,1,1,0.833333333333333,0.814814814814815,0.796296296296296,0.777777777777778,0.759259259259259,0.703703703703704,0.685185185185185,0.648148148148148,0,0,0,0,0,0,0,0,2710,14.458273,-1.00563121660706
"711",237,237,3,15.440434174233,28.4471715649066,30.3128751905317,31.6805252736936,33.8361110789803,35.8088941791248,39.8765538531582,41.4603890031801,44.8486866687484,1,1,1,1,1,1,1,1,0.818181818181818,0.8,0.781818181818182,0.763636363636364,0.745454545454545,0.690909090909091,0.672727272727273,0.636363636363636,0,0,0,0,0,0,0,0,2711,13.18302,-2.25741417423305
"712",238,238,1,15.322571349815,28.3276887865334,30.1931600438192,31.5606397898631,33.7159571227692,35.6884945181154,39.7556475761406,41.3392854637792,44.7271611260396,1,1,1,1,1,1,1,1,0.882352941176471,0.862745098039216,0.843137254901961,0.823529411764706,0.803921568627451,0.745098039215686,0.725490196078431,0.686274509803922,0,0,0,0,0,0,0,0,2712,19.39481,4.07223865018501
"713",238,238,2,15.8916874171449,28.8968048538633,30.7622761111491,32.129755857193,34.2850731900991,36.2576105854454,40.3247636434706,41.9084015311092,45.2962771933695,1,1,1,1,1,1,1,1,0.818181818181818,0.8,0.781818181818182,0.763636363636364,0.727272727272727,0.690909090909091,0.672727272727273,0.636363636363636,0,0,0,0,0,0,0,0,2713,13.593323,-2.29836441714494
"714",238,238,3,15.3601627735067,28.365280210225,30.2307514675108,31.5982312135547,33.7535485464608,35.7260859418071,39.7932389998323,41.3768768874709,44.7647525497312,1,1,1,1,1,1,1,1,0.865384615384615,0.846153846153846,0.826923076923077,0.807692307692308,0.788461538461538,0.730769230769231,0.711538461538462,0.673076923076923,0,0,0,0,0,0,0,0,2714,17.367776,2.00761322649334
"715",239,239,1,15.6668377389723,28.327719894089,30.1438135869894,31.4750972142551,33.5733649839686,35.4936908580378,39.4531895573032,40.9949097893067,44.2931110339154,1,1,1,1,1,1,1,1,0.818181818181818,0.8,0.781818181818182,0.763636363636364,0.745454545454545,0.690909090909091,0.672727272727273,0.636363636363636,0,0,0,0,0,0,0,0,2715,13.178792,-2.48804573897225
"716",239,239,2,15.2845026031855,27.9453847583023,29.7614784512026,31.0927620784683,33.1910298481818,35.1113557222511,39.0708544215165,40.61257465352,43.9107758981286,1,1,1,1,1,1,1,1,0.836363636363636,0.8,0.8,0.763636363636364,0.745454545454545,0.690909090909091,0.690909090909091,0.636363636363636,0,0,0,0,0,0,0,0,2716,13.967091,-1.3174116031855
"717",239,239,3,15.3564518885505,28.0173340436673,29.8334277365677,31.1647113638334,33.2629791335468,35.1833050076161,39.1428037068815,40.684523938885,43.9827251834937,1,1,1,1,1,1,1,1,0.836363636363636,0.8,0.8,0.763636363636364,0.745454545454545,0.690909090909091,0.672727272727273,0.636363636363636,0,0,0,0,0,0,0,0,2717,12.921862,-2.43458988855054
"718",240,240,1,15.2619632739746,27.922332581798,29.7383527112039,31.0695824129061,33.1677651892571,35.088013277757,39.0473515918165,40.5890093742183,43.8870770204284,1,1,1,1,1,1,1,1,0.836363636363636,0.8,0.8,0.763636363636364,0.745454545454545,0.709090909090909,0.690909090909091,0.636363636363636,0,0,0,0,0,0,0,0,2718,13.438604,-1.82335927397455
"719",240,240,2,15.3090118645528,27.9693811723763,29.7854013017821,31.1166310034843,33.2148137798353,35.1350618683353,39.0944001823948,40.6360579647966,43.9341256110066,1,1,1,1,1,1,1,1,0.851851851851852,0.814814814814815,0.814814814814815,0.777777777777778,0.759259259259259,0.703703703703704,0.685185185185185,0.648148148148148,0,0,0,0,0,0,0,0,2719,14.587393,-0.7216188645528
"720",240,240,3,15.4136073944726,28.073976702296,29.8899968317019,31.2212265334041,33.3194093097551,35.239657398255,39.1989957123145,40.7406534947163,44.0387211409264,1,1,1,1,1,1,1,1,0.836363636363636,0.8,0.8,0.763636363636364,0.745454545454545,0.690909090909091,0.672727272727273,0.636363636363636,0,0,0,0,0,0,0,0,2720,13.818005,-1.59560239447255
"721",241,241,1,15.3447570598425,28.0041552057087,29.8200360303581,31.1511636150042,33.2491854422357,35.1692862307757,39.1283208286755,40.6698603523319,43.9676750076732,1,1,1,1,1,1,1,1,0.836363636363636,0.8,0.8,0.763636363636364,0.745454545454545,0.690909090909091,0.672727272727273,0.636363636363636,0,0,0,0,0,0,0,0,2721,13.095093,-2.24966405984254
"722",241,241,2,15.2789261529649,27.9383242988311,29.7542051234805,31.0853327081265,33.1833545353581,35.1034553238981,39.0624899217979,40.6040294454543,43.9018441007956,1,1,1,1,1,1,1,1,0.851851851851852,0.814814814814815,0.814814814814815,0.777777777777778,0.759259259259259,0.722222222222222,0.703703703703704,0.648148148148148,0,0,0,0,0,0,0,0,2722,14.139867,-1.13905915296493
"723",241,241,3,15.3740669445165,28.0334650903827,29.8493459150321,31.1804734996781,33.2784953269097,35.1985961154497,39.1576307133495,40.6991702370059,43.9969848923472,1,1,1,1,1,1,1,1,0.836363636363636,0.8,0.8,0.763636363636364,0.745454545454545,0.690909090909091,0.672727272727273,0.636363636363636,0,0,0,0,0,0,0,0,2723,13.52794,-1.84612694451653
"724",242,242,1,15.3184163045224,27.9767306827842,29.792456050374,31.1234696775526,33.2213118937107,35.1412483029486,39.099943968982,40.6413515218625,43.9388838521953,0,1,1,1,1,1,1,1,0,1,1,0.954545454545455,0.931818181818182,0.863636363636364,0.840909090909091,0.795454545454545,0,0,0,0,0,0,0,0,2724,30.49005,15.1716336954776
"725",242,242,2,16.8712467222991,29.5295611005609,31.3452864681508,32.6763000953293,34.7741423114874,36.6940787207254,40.6527743867587,42.1941819396392,45.491714269972,1,1,1,1,1,1,1,1,0.833333333333333,0.796296296296296,0.796296296296296,0.759259259259259,0.740740740740741,0.685185185185185,0.666666666666667,0.62962962962963,1,0,0,0,0,0,0,0,2725,14.085345,-2.78590172229911
"726",242,242,3,15.3694450644479,28.0277594427097,29.8434848102996,31.1744984374781,33.2723406536363,35.1922770628742,39.1509727289075,40.6923802817881,43.9899126121208,1,1,1,1,1,1,1,1,0.836363636363636,0.8,0.8,0.763636363636364,0.745454545454545,0.690909090909091,0.672727272727273,0.636363636363636,1,0,0,0,0,0,0,0,2726,13.860755,-1.50869006444795
"727",243,243,1,15.3521448596876,28.0182356908972,29.83507652319,31.1669078394016,33.2660388346814,35.1871547291733,39.148282362818,40.6906368572066,43.9901949789872,1,1,1,1,1,1,1,1,0.836363636363636,0.8,0.8,0.763636363636364,0.745454545454545,0.690909090909091,0.672727272727273,0.636363636363636,0,0,0,0,0,0,0,0,2727,13.382006,-1.97013885968764
"728",243,243,2,15.3087218197066,27.9748126509162,29.791653483209,31.1234847994206,33.2226157947004,35.1437316891923,39.104859322837,40.6472138172256,43.9467719390062,1,1,1,1,1,1,1,1,0.851851851851852,0.814814814814815,0.814814814814815,0.777777777777778,0.759259259259259,0.703703703703704,0.685185185185185,0.648148148148148,0,0,0,0,0,0,0,0,2728,14.244733,-1.06398881970664
"729",243,243,3,15.3869720698663,28.0530629010759,29.8699037333687,31.2017350495803,33.3008660448601,35.221981939352,39.1831095729966,40.7254640673853,44.0250221891659,1,1,1,1,1,1,1,1,0.836363636363636,0.8,0.8,0.763636363636364,0.745454545454545,0.690909090909091,0.672727272727273,0.636363636363636,0,0,0,0,0,0,0,0,2729,13.056282,-2.3306900698663
"730",244,244,1,15.2790901549481,27.9448760143298,29.7616731010599,31.0934723496797,33.1925528024657,35.113622440679,39.074654699014,40.6169720568721,43.9164507324932,1,1,1,1,1,1,1,1,0.836363636363636,0.8,0.8,0.763636363636364,0.745454545454545,0.690909090909091,0.690909090909091,0.636363636363636,0,0,0,0,0,0,0,0,2730,13.562649,-1.71644115494808
"731",244,244,2,15.3250775400001,27.9908633993818,29.8076604861119,31.1394597347317,33.2385401875177,35.159609825731,39.120642084066,40.6629594419242,43.9624381175453,1,1,1,1,1,1,1,1,0.836363636363636,0.8,0.8,0.763636363636364,0.745454545454545,0.690909090909091,0.672727272727273,0.636363636363636,0,0,0,0,0,0,0,0,2731,13.872808,-1.4522695400001
"732",244,244,3,15.353245650008,28.0190315093896,29.8358285961198,31.1676278447396,33.2667082975256,35.1877779357389,39.1488101940739,40.691127551932,43.9906062275531,1,1,1,1,1,1,1,1,0.836363636363636,0.8,0.8,0.763636363636364,0.745454545454545,0.690909090909091,0.672727272727273,0.636363636363636,0,0,0,0,0,0,0,0,2732,13.412817,-1.94042865000796
"733",245,245,1,15.314385773089,27.9791780934883,29.7958326656719,31.1275274443058,33.2264432394637,35.1473621837055,39.1080837278059,40.6502801020602,43.9494999575243,1,1,1,1,1,1,1,1,0.836363636363636,0.8,0.8,0.763636363636364,0.745454545454545,0.690909090909091,0.672727272727273,0.636363636363636,0,0,0,0,0,0,0,0,2733,13.373046,-1.941339773089
"734",245,245,2,15.3107737511915,27.9755660715908,29.7922206437743,31.1239154224082,33.2228312175662,35.143750161808,39.1044717059084,40.6466680801627,43.9458879356267,1,1,1,1,1,1,1,1,0.836363636363636,0.8,0.8,0.763636363636364,0.745454545454545,0.690909090909091,0.672727272727273,0.636363636363636,0,0,0,0,0,0,0,0,2734,13.716792,-1.59398175119147
"735",245,245,3,15.341992932987,28.0067852533863,29.8234398255698,31.1551346042037,33.2540503993617,35.1749693436035,39.1356908877039,40.6778872619582,43.9771071174222,1,1,1,1,1,1,1,1,0.836363636363636,0.8,0.8,0.763636363636364,0.745454545454545,0.690909090909091,0.672727272727273,0.636363636363636,0,0,0,0,0,0,0,0,2735,13.168767,-2.17322593298697
"736",246,246,1,15.2881658406503,27.949729815437,29.7659213094532,31.0972766296193,33.1956573962172,35.1160866845619,39.0757986125788,40.6176018700119,43.9159807308764,1,1,1,1,1,1,1,1,0.958333333333333,0.916666666666667,0.916666666666667,0.875,0.854166666666667,0.791666666666667,0.791666666666667,0.729166666666667,0,0,0,0,0,0,0,0,2736,23.957068,8.66890215934971
"737",246,246,2,16.3004950844708,28.9620590592575,30.7782505532737,32.1096058734398,34.2079866400377,36.1284159283824,40.0881278563993,41.6299311138324,44.9283099746969,1,1,1,1,1,1,1,1,0.833333333333333,0.814814814814815,0.796296296296296,0.777777777777778,0.740740740740741,0.703703703703704,0.685185185185185,0.648148148148148,0,0,0,0,0,0,0,0,2737,14.244437,-2.05605808447078
"738",246,246,3,15.3891022344069,28.0506662091935,29.8668577032097,31.1982130233758,33.2965937899738,35.2170230783184,39.1767350063354,40.7185382637685,44.016917124633,1,1,1,1,1,1,1,1,0.836363636363636,0.8,0.8,0.763636363636364,0.745454545454545,0.690909090909091,0.672727272727273,0.636363636363636,0,0,0,0,0,0,0,0,2738,13.986259,-1.40284323440686
"739",247,247,1,15.3451476435765,27.8891566452659,29.688485898358,31.0074803886016,33.0863789573402,34.9889782198068,38.9119266144959,40.4394151600332,43.70717056561,1,1,1,1,1,1,1,1,0.836363636363636,0.8,0.8,0.763636363636364,0.745454545454545,0.709090909090909,0.690909090909091,0.654545454545455,0,0,0,0,0,0,0,0,2739,13.256588,-2.0885596435765
"740",247,247,2,15.276775148623,27.8207841503124,29.6201134034045,30.9391078936481,33.0180064623867,34.9206057248534,38.8435541195424,40.3710426650797,43.6387980706566,1,1,1,1,1,1,1,1,0.836363636363636,0.818181818181818,0.8,0.763636363636364,0.745454545454545,0.709090909090909,0.690909090909091,0.654545454545455,0,0,0,0,0,0,0,0,2740,13.669459,-1.60731614862303
"741",247,247,3,15.3154624753277,27.8594714770171,29.6588007301092,30.9777952203528,33.0566937890914,34.9592930515581,38.8822414462471,40.4097299917844,43.6774853973612,1,1,1,1,1,1,1,1,0.836363636363636,0.818181818181818,0.8,0.763636363636364,0.745454545454545,0.709090909090909,0.690909090909091,0.654545454545455,0,0,0,0,0,0,0,0,2741,13.450279,-1.86518347532772
"742",248,248,1,15.2942701459602,27.8378839708224,29.6371565392274,30.9561094768814,33.0349425535959,34.9374818780363,38.8603066871715,40.3877471118826,43.6553995726024,1,1,1,1,1,1,1,1,0.836363636363636,0.818181818181818,0.8,0.763636363636364,0.745454545454545,0.709090909090909,0.690909090909091,0.654545454545455,0,0,0,0,0,0,0,0,2742,13.621959,-1.67231114596022
"743",248,248,2,15.3103453111495,27.8539591360117,29.6532317044167,30.9721846420707,33.0510177187852,34.9535570432256,38.8763818523608,40.4038222770719,43.6714747377917,1,1,1,1,1,1,1,1,0.836363636363636,0.818181818181818,0.8,0.763636363636364,0.745454545454545,0.709090909090909,0.690909090909091,0.654545454545455,0,0,0,0,0,0,0,0,2743,13.684465,-1.62588031114952
"744",248,248,3,15.3161980271055,27.8598118519677,29.6590844203727,30.9780373580267,33.0568704347412,34.9594097591816,38.8822345683168,40.4096749930279,43.6773274537477,1,1,1,1,1,1,1,1,0.851851851851852,0.833333333333333,0.814814814814815,0.777777777777778,0.759259259259259,0.722222222222222,0.703703703703704,0.666666666666667,0,0,0,0,0,0,0,0,2744,14.749519,-0.566679027105501
"745",249,249,1,15.4193057085928,27.9621377269297,29.761298151972,31.080168883172,33.1588723923402,35.0612931371051,38.9838734481175,40.5112186719632,43.7786674695241,1,1,1,1,1,1,1,1,0.836363636363636,0.8,0.8,0.763636363636364,0.745454545454545,0.709090909090909,0.690909090909091,0.636363636363636,0,0,0,0,0,0,0,0,2745,13.336295,-2.08301070859276
"746",249,249,2,15.2871170291221,27.829949047459,29.6291094725013,30.9479802037013,33.0266837128696,34.9291044576344,38.8516847686468,40.3790299924925,43.6464787900534,1,1,1,1,1,1,1,1,0.851851851851852,0.833333333333333,0.814814814814815,0.777777777777778,0.759259259259259,0.722222222222222,0.703703703703704,0.666666666666667,0,0,0,0,0,0,0,0,2746,14.435081,-0.852036029122075
"747",249,249,3,15.389894133361,27.9327261516979,29.7318865767402,31.0507573079402,33.1294608171084,35.0318815618733,38.9544618728857,40.4818070967314,43.7492558942923,1,1,1,1,1,1,1,1,0.851851851851852,0.814814814814815,0.814814814814815,0.777777777777778,0.759259259259259,0.722222222222222,0.703703703703704,0.666666666666667,0,0,0,0,0,0,0,0,2747,14.313854,-1.07604013336095
"748",250,250,1,15.3741993379665,27.9132838447795,29.7119067218091,31.0303834045791,33.1084658446504,35.010318189579,38.9317265232503,40.4586154112527,43.7250879697948,0,0,0,1,1,1,1,1,0,0,0,0.976744186046512,0.953488372093023,0.906976744186046,0.883720930232558,0.837209302325581,0,0,0,0,0,0,0,0,2748,32.263432,16.8892326620335
"749",250,250,2,17.0380896628523,29.5771741696653,31.3757970466949,32.6942737294649,34.7723561695362,36.6742085144648,40.5956168481361,42.1225057361385,45.3889782946806,1,1,1,1,1,1,1,1,0.818181818181818,0.781818181818182,0.781818181818182,0.745454545454545,0.727272727272727,0.690909090909091,0.672727272727273,0.618181818181818,1,1,1,0,0,0,0,0,2749,13.503024,-3.53506566285229
"750",250,250,3,15.2990370031123,27.8381215099254,29.6367443869549,30.955221069725,33.0333035097962,34.9351558547249,38.8565641883961,40.3834530763985,43.6499256349406,1,1,1,1,1,1,1,1,0.851851851851852,0.833333333333333,0.814814814814815,0.777777777777778,0.759259259259259,0.722222222222222,0.703703703703704,0.666666666666667,1,1,1,0,0,0,0,0,2750,14.715484,-0.583553003112318
"751",251,251,1,15.4158629396622,27.9572504260729,29.7562036455439,31.0749224851396,33.1533865943398,35.0555882412566,38.9777167968373,40.5048861195042,43.7719586117699,1,1,1,1,1,1,1,1,0.836363636363636,0.8,0.8,0.763636363636364,0.745454545454545,0.709090909090909,0.690909090909091,0.636363636363636,0,0,0,0,0,0,0,0,2751,13.345299,-2.07056393966217
"752",251,251,2,15.2890844374401,27.8304719238508,29.6294251433217,30.9481439829174,33.0266080921176,34.9288097390345,38.8509382946152,40.3781076172821,43.6451801095478,1,1,1,1,1,1,1,1,0.836363636363636,0.818181818181818,0.8,0.763636363636364,0.745454545454545,0.709090909090909,0.690909090909091,0.654545454545455,0,0,0,0,0,0,0,0,2752,13.472948,-1.81613643744005
"753",251,251,3,15.3008953600747,27.8422828464854,29.6412360659564,30.9599549055521,33.0384190147523,34.9406206616691,38.8627492172499,40.3899185399167,43.6569910321824,1,1,1,1,1,1,1,1,0.851851851851852,0.833333333333333,0.814814814814815,0.777777777777778,0.759259259259259,0.722222222222222,0.703703703703704,0.666666666666667,0,0,0,0,0,0,0,0,2753,14.664943,-0.635952360074699
"754",252,252,1,15.411726846031,27.9529243027547,29.7518502641158,31.070549122212,33.1489817380958,35.0511545624614,38.9732236891422,40.5003698718248,43.767392860735,1,1,1,1,1,1,1,1,0.836363636363636,0.8,0.8,0.763636363636364,0.745454545454545,0.709090909090909,0.690909090909091,0.636363636363636,0,0,0,0,0,0,0,0,2754,13.530353,-1.88137384603101
"755",252,252,2,15.3067411267755,27.8479385834991,29.6468645448603,30.9655634029565,33.0439960188403,34.9461688432058,38.8682379698867,40.3953841525693,43.6624071414795,1,1,1,1,1,1,1,1,0.836363636363636,0.818181818181818,0.8,0.763636363636364,0.745454545454545,0.709090909090909,0.690909090909091,0.654545454545455,0,0,0,0,0,0,0,0,2755,13.990862,-1.31587912677549
"756",252,252,3,15.3493528795572,27.8905503362809,29.6894762976421,31.0081751557382,33.086607771622,34.9887805959876,38.9108497226684,40.4379959053511,43.7050188942612,1,1,1,1,1,1,1,1,0.851851851851852,0.814814814814815,0.814814814814815,0.777777777777778,0.759259259259259,0.722222222222222,0.703703703703704,0.666666666666667,0,0,0,0,0,0,0,0,2756,14.667113,-0.682239879557237
"757",253,253,1,15.4128114900357,27.9535160507287,29.7523713104309,31.071018340826,33.1493692698381,35.051467334721,38.9733823156505,40.5004684782039,43.7673630660847,1,1,1,1,1,1,1,1,0.836363636363636,0.8,0.8,0.763636363636364,0.745454545454545,0.709090909090909,0.690909090909091,0.636363636363636,0,0,0,0,0,0,0,0,2757,13.063227,-2.34958449003569
"758",253,253,2,15.2643853195031,27.8050898801961,29.6039451398983,30.9225921702934,33.0009430993056,34.9030411641884,38.8249561451179,40.3520423076714,43.6189368955522,1,1,1,1,1,1,1,1,0.836363636363636,0.818181818181818,0.8,0.763636363636364,0.745454545454545,0.709090909090909,0.690909090909091,0.654545454545455,0,0,0,0,0,0,0,0,2758,13.812444,-1.45194131950314
"759",253,253,3,15.3337190565692,27.8744236172622,29.6732788769643,30.9919259073594,33.0702768363716,34.9723749012545,38.894289882184,40.4213760447374,43.6882706326182,1,1,1,1,1,1,1,1,0.851851851851852,0.833333333333333,0.814814814814815,0.777777777777778,0.759259259259259,0.722222222222222,0.703703703703704,0.666666666666667,0,0,0,0,0,0,0,0,2759,14.352897,-0.980822056569167
"760",254,254,1,15.3857172015025,27.9259720088301,29.7247627553143,31.0433624944318,33.1216388865374,35.0236687355555,38.9454430629473,40.4724744588696,43.7392518845265,1,1,1,1,1,1,1,1,0.978723404255319,0.936170212765957,0.936170212765957,0.893617021276596,0.872340425531915,0.829787234042553,0.808510638297872,0.765957446808511,0,0,0,0,0,0,0,0,2760,26.034404,10.6486867984975
"761",254,254,2,16.4673340047378,29.0075888120653,30.8063795585496,32.1249792976671,34.2032556897727,36.1052855387908,40.0270598661826,41.5540912621049,44.8208686877618,1,1,1,1,1,1,1,1,0.818181818181818,0.8,0.781818181818182,0.763636363636364,0.727272727272727,0.690909090909091,0.672727272727273,0.636363636363636,0,0,0,0,0,0,0,0,2761,13.539223,-2.92811100473778
"762",254,254,3,15.3103773099324,27.8506321172599,29.6494228637441,30.9680226028617,33.0462989949673,34.9483288439854,38.8701031713772,40.3971345672995,43.6639119929564,1,1,1,1,1,1,1,1,0.851851851851852,0.833333333333333,0.814814814814815,0.777777777777778,0.759259259259259,0.722222222222222,0.703703703703704,0.666666666666667,0,0,0,0,0,0,0,0,2762,14.697053,-0.613324309932368
"763",255,255,1,15.4212596556413,27.9658847710237,29.7653024002794,31.0843616744821,33.1633623507586,35.0660550616163,38.9891961365101,40.5167597064362,43.7846756116468,0,1,1,1,1,1,1,1,0,1,1,0.954545454545455,0.931818181818182,0.886363636363636,0.863636363636364,0.795454545454545,0,0,0,0,0,0,0,0,2763,31.20252,15.7812603443587
"764",255,255,2,16.942870124566,29.4874952399484,31.2869128692041,32.6059721434068,34.6849728196833,36.587665530541,40.5108066054348,42.0383701753609,45.3062860805715,1,1,1,1,1,1,1,1,0.882352941176471,0.843137254901961,0.843137254901961,0.803921568627451,0.784313725490196,0.745098039215686,0.725490196078431,0.686274509803922,1,0,0,0,0,0,0,0,2764,19.143775,2.20090487543396
"765",255,255,3,15.8311952695563,28.3758203849387,30.1752380141943,31.4942972883971,33.5732979646736,35.4759906755312,39.399131750425,40.9266953203511,44.1946112255618,1,1,1,1,1,1,1,1,0.833333333333333,0.814814814814815,0.796296296296296,0.777777777777778,0.759259259259259,0.703703703703704,0.685185185185185,0.648148148148148,1,0,0,0,0,0,0,0,2765,14.105966,-1.72522926955628
"766",256,256,1,15.3790657840992,27.9362871942831,29.7375116527362,31.0578954192474,33.1389836593348,35.0435868998481,38.9706672747267,40.4997647000593,43.7709619812975,1,1,1,1,1,1,1,1,0.836363636363636,0.8,0.8,0.763636363636364,0.745454545454545,0.709090909090909,0.690909090909091,0.636363636363636,0,0,0,0,0,0,0,0,2766,13.795259,-1.58380678409924
"767",256,256,2,15.3504257686665,27.9076471788503,29.7088716373034,31.0292554038147,33.110343643902,35.0149468844153,38.942027259294,40.4711246846265,43.7423219658647,1,1,1,1,1,1,1,1,0.836363636363636,0.8,0.8,0.763636363636364,0.745454545454545,0.709090909090909,0.690909090909091,0.654545454545455,0,0,0,0,0,0,0,0,2767,13.457882,-1.89254376866646
"768",256,256,3,15.3193273946785,27.8765488048624,29.6777732633155,30.9981570298268,33.0792452699141,34.9838485104274,38.910928885306,40.4400263106386,43.7112235918768,1,1,1,1,1,1,1,1,1,0.978260869565217,0.956521739130435,0.91304347826087,0.891304347826087,0.847826086956522,0.826086956521739,0.782608695652174,0,0,0,0,0,0,0,0,2768,27.18336,11.8640326053215
"769",257,257,1,16.5894923695984,29.153622187347,30.9558375969244,32.2769477780542,34.3591809374888,36.2648320033932,40.1940728778667,41.7240115425049,44.9970084865272,1,1,1,1,1,1,1,1,0.818181818181818,0.8,0.781818181818182,0.763636363636364,0.727272727272727,0.690909090909091,0.672727272727273,0.636363636363636,0,0,0,0,0,0,0,0,2769,13.655673,-2.93381936959844
"770",257,257,2,15.3440883725732,27.9082181903218,29.7104335998992,31.031543781029,33.1137769404636,35.019428006368,38.9486688808415,40.4786075454797,43.751604489502,1,1,1,1,1,1,1,1,0.836363636363636,0.8,0.8,0.763636363636364,0.745454545454545,0.709090909090909,0.690909090909091,0.636363636363636,0,0,0,0,0,0,0,0,2770,13.557708,-1.78638037257325
"771",257,257,3,15.3350693878371,27.8991992055857,29.7014146151631,31.0225247962929,33.1047579557275,35.0104090216318,38.9396498961053,40.4695885607436,43.7425855047658,1,1,1,1,1,1,1,1,0.836363636363636,0.8,0.8,0.763636363636364,0.745454545454545,0.709090909090909,0.690909090909091,0.654545454545455,0,0,0,0,0,0,0,0,2771,13.780441,-1.55462838783708
"772",258,258,1,15.357538044397,27.9204404199961,29.7224797636471,31.0434608800232,33.1254906174316,35.0309555123496,38.9598125229237,40.4896017214843,43.7622789128088,0,1,1,1,1,1,1,1,0,1,1,0.954545454545455,0.931818181818182,0.886363636363636,0.863636363636364,0.795454545454545,0,0,0,0,0,0,0,0,2772,30.123609,14.766070955603
"773",258,258,2,16.8614546701278,29.4243570457269,31.2263963893779,32.547377505754,34.6294072431624,36.5348721380804,40.4637291486545,41.9935183472151,45.2661955385396,1,1,1,1,1,1,1,1,0.803571428571429,0.785714285714286,0.767857142857143,0.732142857142857,0.714285714285714,0.678571428571429,0.660714285714286,0.625,1,0,0,0,0,0,0,0,2773,11.446646,-5.41480867012784
"774",258,258,3,15.1427796143578,27.7056819899569,29.5077213336078,30.828702449984,32.9107321873923,34.8161970823104,38.7450540928844,40.274843291445,43.5475204827695,1,1,1,1,1,1,1,1,0.836363636363636,0.818181818181818,0.8,0.763636363636364,0.745454545454545,0.709090909090909,0.690909090909091,0.654545454545455,1,0,0,0,0,0,0,0,2774,13.066795,-2.07598461435781
"775",259,259,1,15.2786961644474,27.7976628123713,29.593399957096,30.9097612599244,32.9845095993867,34.8833105894033,38.7984273681002,40.3228664970973,43.5840982875465,1,1,1,1,1,1,1,1,0.836363636363636,0.818181818181818,0.8,0.763636363636364,0.745454545454545,0.709090909090909,0.690909090909091,0.654545454545455,0,0,0,0,0,0,0,0,2775,12.915882,-2.36281416444736
"776",259,259,2,15.2652443148382,27.7842109627622,29.5799481074869,30.8963094103153,32.9710577497776,34.8698587397942,38.7849755184911,40.3094146474882,43.5706464379373,1,1,1,1,1,1,1,1,0.836363636363636,0.818181818181818,0.8,0.763636363636364,0.745454545454545,0.709090909090909,0.690909090909091,0.654545454545455,0,0,0,0,0,0,0,0,2776,13.86084,-1.40440431483822
"777",259,259,3,15.3494745196778,27.8684411676018,29.6641783123264,30.9805396151549,33.0552879546172,34.9540889446337,38.8692057233306,40.3936448523278,43.6548766427769,1,1,1,1,1,1,1,1,0.836363636363636,0.818181818181818,0.8,0.763636363636364,0.745454545454545,0.709090909090909,0.690909090909091,0.654545454545455,0,0,0,0,0,0,0,0,2777,12.660482,-2.68899251967779
"778",260,260,1,15.2444156563379,27.7628368626688,29.5584957685294,30.8747997185246,32.9494576628232,34.8481759235646,38.7631221236832,40.2874948340588,43.5485845351876,1,1,1,1,1,1,1,1,0.836363636363636,0.818181818181818,0.8,0.763636363636364,0.745454545454545,0.709090909090909,0.690909090909091,0.654545454545455,0,0,0,0,0,0,0,0,2778,14.025449,-1.21896665633786
"779",260,260,2,15.3657233713314,27.8841445776623,29.679803483523,30.9961074335182,33.0707653778168,34.9694836385582,38.8844298386768,40.4088025490524,43.6698922501812,1,1,1,1,1,1,1,1,0.836363636363636,0.818181818181818,0.8,0.763636363636364,0.745454545454545,0.709090909090909,0.690909090909091,0.654545454545455,0,0,0,0,0,0,0,0,2779,13.798082,-1.56764137133143
"780",260,260,3,15.3455167500469,27.8639379563778,29.6595968622384,30.9759008122336,33.0505587565322,34.9492770172736,38.8642232173922,40.3885959277678,43.6496856288966,1,1,1,1,1,1,1,1,0.836363636363636,0.818181818181818,0.8,0.763636363636364,0.745454545454545,0.709090909090909,0.690909090909091,0.654545454545455,0,0,0,0,0,0,0,0,2780,13.037319,-2.30819775004686
"781",261,261,1,15.2804766166839,27.7979688707771,29.5934945264994,30.9097007977634,32.984204788292,34.8827821511878,38.7974378355957,40.321697427119,43.5825451331491,1,1,1,1,1,1,1,1,0.836363636363636,0.818181818181818,0.8,0.763636363636364,0.745454545454545,0.709090909090909,0.690909090909091,0.654545454545455,0,0,0,0,0,0,0,0,2781,12.846195,-2.43428161668394
"782",261,261,2,15.2635191885376,27.7810114426308,29.576537098353,30.892743369617,32.9672473601456,34.8658247230415,38.7804804074494,40.3047399989726,43.5655877050027,1,1,1,1,1,1,1,1,0.821428571428571,0.803571428571429,0.785714285714286,0.75,0.732142857142857,0.696428571428571,0.678571428571429,0.642857142857143,0,0,0,0,0,0,0,0,2782,11.352858,-3.91066118853757
"783",261,261,3,15.1310232441464,27.6485154982396,29.4440411539619,30.7602474252259,32.8347514157545,34.7333287786503,38.6479844630582,40.1722440545815,43.4330917606116,1,1,1,1,1,1,1,1,0.836363636363636,0.818181818181818,0.8,0.763636363636364,0.745454545454545,0.709090909090909,0.690909090909091,0.654545454545455,0,0,0,0,0,0,0,0,2783,12.582931,-2.54809224414643
"784",262,262,1,15.2388341916911,27.7558434249822,29.5512997955613,30.8674552774982,32.9418792177611,34.840383318989,38.7548879459734,40.2790887198777,43.5398105974077,1,1,1,1,1,1,1,1,0.958333333333333,0.9375,0.916666666666667,0.875,0.854166666666667,0.8125,0.791666666666667,0.75,0,0,0,0,0,0,0,0,2784,23.569038,8.33020380830894
"785",262,262,2,16.2180364666827,28.7350456999738,30.5305020705529,31.8466575524898,33.9210814927527,35.8195855939806,39.734090220965,41.2582909948693,44.5190128723994,1,1,1,1,1,1,1,1,0.818181818181818,0.8,0.781818181818182,0.763636363636364,0.745454545454545,0.690909090909091,0.672727272727273,0.636363636363636,0,0,0,0,0,0,0,0,2785,13.811137,-2.40689946668269
"786",262,262,3,15.3483053728254,27.8653146061166,29.6607709766957,30.9769264586326,33.0513503988954,34.9498545001234,38.8643591271078,40.388559901012,43.6492817785421,1,1,1,1,1,1,1,1,0.836363636363636,0.818181818181818,0.8,0.763636363636364,0.745454545454545,0.709090909090909,0.690909090909091,0.654545454545455,0,0,0,0,0,0,0,0,2786,13.065478,-2.28282737282541
"787",263,263,1,15.2795150028621,27.7900564553472,29.5845850788874,30.9000604778264,32.9734125231107,34.8709356305439,38.7834175572634,40.3068307471429,43.5658677466019,1,1,1,1,1,1,1,1,0.836363636363636,0.818181818181818,0.8,0.763636363636364,0.745454545454545,0.709090909090909,0.690909090909091,0.654545454545455,0,0,0,0,0,0,0,0,2787,13.128632,-2.15088300286205
"788",263,263,2,15.2851484722564,27.7956899247415,29.5902185482817,30.9056939472208,32.979045992505,34.8765690999382,38.7890510266578,40.3124642165373,43.5715012159962,1,1,1,1,1,1,1,1,0.836363636363636,0.818181818181818,0.8,0.763636363636364,0.745454545454545,0.709090909090909,0.690909090909091,0.654545454545455,0,0,0,0,0,0,0,0,2788,13.57203,-1.71311847225638
"789",263,263,3,15.324700504788,27.8352419572731,29.6297705808134,30.9452459797524,33.0185980250366,34.9161211324699,38.8286030591894,40.3520162490689,43.6110532485278,1,1,1,1,1,1,1,1,0.901960784313726,0.882352941176471,0.862745098039216,0.823529411764706,0.803921568627451,0.764705882352941,0.745098039215686,0.705882352941177,0,0,0,0,0,0,0,0,2789,20.171277,4.84657649521196
"790",264,264,1,15.9159088771503,28.4274159550534,30.2220830891816,31.5376600230132,33.6111720998551,35.5088416674996,39.4216255789102,40.9451563533486,44.2044449013897,0,0,0,0,0,0,0,0,0,0,0,0,0,0,0,0,0,0,0,0,0,0,0,0,2790,50.105713,34.1898041228497
"791",264,264,2,18.5753602942997,31.0868673722028,32.881534506331,34.1971114401626,36.2706235170044,38.1682930846489,42.0810769960596,43.604607770498,46.8638963185391,1,1,1,1,1,1,1,1,0.785714285714286,0.75,0.75,0.714285714285714,0.696428571428571,0.660714285714286,0.642857142857143,0.607142857142857,1,1,1,1,1,1,1,1,2791,11.221958,-7.35340229429966
"792",264,264,3,15.1208286191801,27.6323356970833,29.4270028312115,30.742579765043,32.8160918418849,34.7137614095294,38.62654532094,40.1500760953784,43.4093646434196,1,1,1,1,1,1,1,1,0.836363636363636,0.818181818181818,0.8,0.763636363636364,0.745454545454545,0.709090909090909,0.690909090909091,0.654545454545455,1,1,1,1,1,1,1,1,2792,13.176183,-1.94464561918012
"793",265,265,1,15.3010994985169,27.8643945420725,29.6664902105349,30.9875126156944,33.0696074293358,34.9751318817497,38.9041116932664,40.4339487071471,43.7067281897596,1,1,1,1,1,1,1,1,0.836363636363636,0.818181818181818,0.8,0.763636363636364,0.745454545454545,0.709090909090909,0.690909090909091,0.654545454545455,0,0,0,0,0,0,0,0,2793,12.906607,-2.39449249851694
"794",265,265,2,15.277103508696,27.8403985522516,29.6424942207139,30.9635166258735,33.0456114395149,34.9511358919288,38.8801157034455,40.4099527173262,43.6827321999387,1,1,1,1,1,1,1,1,0.836363636363636,0.818181818181818,0.8,0.763636363636364,0.745454545454545,0.709090909090909,0.690909090909091,0.654545454545455,0,0,0,0,0,0,0,0,2794,13.468539,-1.80856450869604
"795",265,265,3,15.3271232231812,27.8904182667368,29.6925139351991,31.0135363403586,33.095631154,35.0011556064139,38.9301354179306,40.4599724318113,43.7327519144238,1,1,1,1,1,1,1,1,0.821428571428571,0.785714285714286,0.785714285714286,0.75,0.732142857142857,0.696428571428571,0.678571428571429,0.642857142857143,0,0,0,0,0,0,0,0,2795,12.427599,-2.89952422318116
"796",266,266,1,15.2342166961384,27.7972128110367,29.5992656007768,30.92025657378,33.0023018464527,34.9077809591795,38.8366672852964,40.3664678985256,43.6391695092444,0,0,0,0,0,1,1,1,0,0,0,0,0,1,0.974358974358974,0.923076923076923,0,0,0,0,0,0,0,0,2796,38.14251,22.9082933038616
"797",266,266,2,17.5269717024833,30.0899678173816,31.8920206071217,33.2130115801249,35.2950568527976,37.2005359655244,41.1294222916413,42.6592229048705,45.9319245155893,1,1,1,1,1,1,1,1,0.8,0.781818181818182,0.763636363636364,0.745454545454545,0.727272727272727,0.672727272727273,0.654545454545455,0.618181818181818,1,1,1,1,1,0,0,0,2797,13.691752,-3.8352197024833
"798",266,266,3,15.3469292433269,27.9099253582252,29.7119781479653,31.0329691209685,33.1150143936412,35.020493506368,38.9493798324849,40.4791804457141,43.7518820564329,1,1,1,1,1,1,1,1,0.836363636363636,0.8,0.8,0.763636363636364,0.745454545454545,0.709090909090909,0.690909090909091,0.636363636363636,1,1,1,1,1,0,0,0,2798,13.162231,-2.18469824332689
"799",267,267,1,15.3111061456407,27.901311039498,29.7072666925026,31.0311186511387,33.1176731912734,35.0272791666941,38.9646746253956,40.49778846155,43.7775780482508,1,1,1,1,1,1,1,1,0.836363636363636,0.8,0.8,0.763636363636364,0.745454545454545,0.709090909090909,0.690909090909091,0.636363636363636,0,0,0,0,0,0,0,0,2799,12.697223,-2.61388314564073
"800",267,267,2,15.2702685507151,27.8604734445724,29.6664290975769,30.9902810562131,33.0768355963478,34.9864415717684,38.92383703047,40.4569508666244,43.7367404533252,1,1,1,1,1,1,1,1,0.821428571428571,0.803571428571429,0.785714285714286,0.75,0.732142857142857,0.696428571428571,0.678571428571429,0.642857142857143,0,0,0,0,0,0,0,0,2800,10.942624,-4.32764455071512
"801",267,267,3,15.1161774313819,27.7063823252392,29.5123379782437,30.8361899368799,32.9227444770146,34.8323504524353,38.7697459111368,40.3028597472912,43.582649333992,1,1,1,1,1,1,1,1,0.821428571428571,0.803571428571429,0.785714285714286,0.75,0.732142857142857,0.696428571428571,0.678571428571429,0.642857142857143,0,0,0,0,0,0,0,0,2801,12.422505,-2.69367243138193
"802",268,268,1,15.244214200708,27.8350217936397,29.6410638985971,30.9649792306538,33.0516336551431,34.9613310443068,38.8989149879947,40.4321022150349,43.7120488068174,1,1,1,1,1,1,1,1,0.836363636363636,0.818181818181818,0.8,0.763636363636364,0.745454545454545,0.709090909090909,0.690909090909091,0.654545454545455,0,0,0,0,0,0,0,0,2802,13.344655,-1.89955920070802
"803",268,268,2,15.3251982725167,27.9160058654484,29.7220479704058,31.0459633024626,33.1326177269519,35.0423151161155,38.9798990598035,40.5130862868437,43.7930328786262,1,1,1,1,1,1,1,1,0.851851851851852,0.814814814814815,0.814814814814815,0.777777777777778,0.759259259259259,0.722222222222222,0.703703703703704,0.648148148148148,0,0,0,0,0,0,0,0,2803,14.277896,-1.04730227251675
"804",268,268,3,15.4071563662746,27.9979639592063,29.8040060641637,31.1279213962205,33.2145758207098,35.1242732098734,39.0618571535614,40.5950443806016,43.8749909723841,1,1,1,1,1,1,1,1,0.836363636363636,0.8,0.8,0.763636363636364,0.745454545454545,0.709090909090909,0.690909090909091,0.636363636363636,0,0,0,0,0,0,0,0,2804,13.194045,-2.21311136627465
"805",269,269,1,15.3138365083926,27.904145090868,29.7101156171051,31.0339784785329,33.1205502028166,35.0301719050985,38.9675997908413,40.5007262531965,43.7805428511217,1,1,1,1,1,1,1,1,0.836363636363636,0.8,0.8,0.763636363636364,0.745454545454545,0.709090909090909,0.690909090909091,0.636363636363636,0,0,0,0,0,0,0,0,2805,12.819565,-2.49427150839256
"806",269,269,2,15.2809497603918,27.8712583428672,29.6772288691044,31.0010917305321,33.0876634548159,34.9972851570977,38.9347130428406,40.4678395051957,43.747656103121,1,1,1,1,1,1,1,1,0.851851851851852,0.833333333333333,0.814814814814815,0.777777777777778,0.759259259259259,0.722222222222222,0.703703703703704,0.666666666666667,0,0,0,0,0,0,0,0,2806,14.932161,-0.348788760391818
"807",269,269,3,15.4664774582111,28.0567860406865,29.8627565669237,31.1866194283515,33.2731911526352,35.182812854917,39.1202407406599,40.6533672030151,43.9331838009403,0,0,0,0,1,1,1,1,0,0,0,0,1,0.926829268292683,0.902439024390244,0.853658536585366,0,0,0,0,0,0,0,0,2807,35.811838,20.3453605417889
"808",270,270,1,17.3177911895314,29.9293442652263,31.7383621296878,33.0644588359335,35.1545513761335,37.0673953143947,41.0114670928963,42.5471805049295,45.8325313628786,0,1,1,1,1,1,1,1,0,1,0.976744186046512,0.953488372093023,0.930232558139535,0.86046511627907,0.837209302325581,0.790697674418605,1,1,1,1,0,0,0,0,2808,31.340564,14.0227728104686
"809",270,270,2,16.9237574143513,29.5353104900462,31.3443283545077,32.6704250607534,34.7605176009534,36.6733615392146,40.6174333177162,42.1531467297494,45.4384975876985,1,1,1,1,1,1,1,1,0.76271186440678,0.728813559322034,0.728813559322034,0.694915254237288,0.677966101694915,0.644067796610169,0.627118644067797,0.576271186440678,1,1,1,1,0,0,0,0,2809,6.312892,-10.6108654143513
"810",270,270,3,14.7181784044027,27.3297314800976,29.138749344559,30.4648460508047,32.5549385910047,34.467782529266,38.4118543077675,39.9475677198007,43.2329185777498,1,1,1,1,1,1,1,1,0.836363636363636,0.818181818181818,0.8,0.781818181818182,0.745454545454545,0.709090909090909,0.690909090909091,0.654545454545455,1,0,0,0,0,0,0,0,2810,13.116055,-1.60212340440267
"811",271,271,1,15.3111509179275,27.9244462742539,29.7337140537551,31.0599939596902,33.1503752452754,35.0634834421037,39.0081000924246,40.544025662605,43.8298303903616,1,1,1,1,1,1,1,1,0.836363636363636,0.8,0.8,0.763636363636364,0.745454545454545,0.709090909090909,0.690909090909091,0.636363636363636,0,0,0,0,0,0,0,0,2811,12.793775,-2.51737591792754
"812",271,271,2,15.2823460262136,27.8956413825399,29.7049091620411,31.0311890679762,33.1215703535614,35.0346785503898,38.9792952007107,40.515220770891,43.8010254986477,1,1,1,1,1,1,1,1,0.851851851851852,0.814814814814815,0.814814814814815,0.777777777777778,0.759259259259259,0.722222222222222,0.703703703703704,0.648148148148148,0,0,0,0,0,0,0,0,2812,14.984327,-0.298019026213563
"813",271,271,3,15.4781342015699,28.0914295578963,29.9006973373974,31.2269772433325,33.3173585289178,35.2304667257461,39.175083376067,40.7110089462473,43.996813674004,1,1,1,1,1,1,1,1,0.836363636363636,0.8,0.8,0.763636363636364,0.745454545454545,0.690909090909091,0.672727272727273,0.636363636363636,0,0,0,0,0,0,0,0,2813,12.563052,-2.91508220156988
"814",272,272,1,15.2608650716615,27.8736260587168,29.6828171875825,31.0090409049319,33.0993336303517,35.0123607772875,38.9568103117307,40.4926708115703,43.7783363343826,1,1,1,1,1,1,1,1,0.851851851851852,0.833333333333333,0.814814814814815,0.777777777777778,0.759259259259259,0.722222222222222,0.703703703703704,0.648148148148148,0,0,0,0,0,0,0,0,2814,14.625447,-0.635418071661528
"815",272,272,2,15.4452441814842,28.0580051685395,29.8671962974052,31.1934200147546,33.2837127401744,35.1967398871102,39.1411894215534,40.677049921393,43.9627154442054,1,1,1,1,1,1,1,1,0.836363636363636,0.8,0.8,0.763636363636364,0.745454545454545,0.690909090909091,0.672727272727273,0.636363636363636,0,0,0,0,0,0,0,0,2815,13.393299,-2.05194518148425
"816",272,272,3,15.335089554747,27.9478505418022,29.7570416706679,31.0832653880173,33.1735581134371,35.0865852603729,39.0310347948161,40.5668952946557,43.8525608174681,1,1,1,1,1,1,1,1,0.836363636363636,0.8,0.8,0.763636363636364,0.745454545454545,0.709090909090909,0.690909090909091,0.636363636363636,0,0,0,0,0,0,0,0,2816,12.922385,-2.41270455474696
"817",273,273,1,15.294889472451,27.9071047345127,29.716217583863,31.0423839185798,33.1325862018684,35.0455305765445,38.9898094437802,40.5256034904885,43.8111268501537,1,1,1,1,1,1,1,1,0.793103448275862,0.758620689655172,0.758620689655172,0.724137931034483,0.706896551724138,0.672413793103448,0.655172413793103,0.603448275862069,0,0,0,0,0,0,0,0,2817,7.991956,-7.302933472451
"818",273,273,2,14.85470348218,27.4669187442417,29.276031593592,30.6021979283088,32.6924002115974,34.6053445862735,38.5496234535092,40.0854175002175,43.3709408598827,1,1,1,1,1,1,1,1,0.821428571428571,0.803571428571429,0.785714285714286,0.767857142857143,0.732142857142857,0.696428571428571,0.678571428571429,0.642857142857143,0,0,0,0,0,0,0,0,2818,12.452242,-2.40246148218001
"819",273,273,3,15.2529153639051,27.8651306259667,29.674243475317,31.0004098100339,33.0906120933224,35.0035564679986,38.9478353352343,40.4836293819426,43.7691527416077,0,0,1,1,1,1,1,1,0,0,1,0.954545454545455,0.931818181818182,0.886363636363636,0.863636363636364,0.795454545454545,0,0,0,0,0,0,0,0,2819,30.893539,15.6406236360949
"820",274,274,1,16.9033012930389,29.5306268321434,31.3419071196311,32.6696622902745,34.7623687756338,36.6776049855561,40.6266093625598,42.1642433932079,45.4537030295036,1,1,1,1,1,1,1,1,0.849056603773585,0.811320754716981,0.811320754716981,0.773584905660377,0.754716981132076,0.69811320754717,0.69811320754717,0.641509433962264,1,1,0,0,0,0,0,0,2820,15.777189,-1.12611229303888
"821",274,274,2,15.5553693365475,28.182694875652,29.9939751631397,31.3217303337831,33.4144368191425,35.3296730290647,39.2786774060685,40.8163114367165,44.1057710730122,1,1,1,1,1,1,1,1,0.818181818181818,0.8,0.781818181818182,0.763636363636364,0.745454545454545,0.690909090909091,0.672727272727273,0.636363636363636,1,1,0,0,0,0,0,0,2821,13.058321,-2.4970483365475
"822",274,274,3,15.3129266130936,27.9402521521981,29.7515324396858,31.0792876103293,33.1719940956886,35.0872303056108,39.0362346826146,40.5738687132626,43.8633283495583,1,1,1,1,1,1,1,1,0.836363636363636,0.8,0.8,0.763636363636364,0.745454545454545,0.709090909090909,0.690909090909091,0.636363636363636,0,0,0,0,0,0,0,0,2822,12.871317,-2.44160961309364
"823",275,275,1,15.2891510023096,27.9056591940004,29.7153878268584,31.0420055603687,33.1329193040253,35.0465148042503,38.9921362200599,40.528453018373,43.8150947002587,1,1,1,1,1,1,1,1,0.851851851851852,0.814814814814815,0.814814814814815,0.777777777777778,0.759259259259259,0.722222222222222,0.703703703703704,0.648148148148148,0,0,0,0,0,0,0,0,2823,14.84142,-0.447731002309617
"824",275,275,2,15.4648458911878,28.0813540828786,29.8910827157366,31.2177004492469,33.3086141929035,35.2222096931285,39.1678311089381,40.7041479072512,43.9907895891369,1,1,1,1,1,1,1,1,0.836363636363636,0.8,0.8,0.763636363636364,0.745454545454545,0.690909090909091,0.672727272727273,0.636363636363636,0,0,0,0,0,0,0,0,2824,12.664446,-2.80039989118782
"825",275,275,3,15.2707021306734,27.8872103223642,29.6969389552222,31.0235566887324,33.1144704323891,35.0280659326141,38.9736873484237,40.5100041467368,43.7966458286225,1,1,1,1,1,1,1,1,0.836363636363636,0.8,0.8,0.763636363636364,0.745454545454545,0.709090909090909,0.690909090909091,0.636363636363636,0,0,0,0,0,0,0,0,2825,13.104595,-2.1661071306734
"826",276,276,1,15.3120182789449,27.927721122932,29.7373342356495,31.063867287366,33.1546475620345,35.0681209120006,39.0134904675413,40.5497091983711,43.8361410845438,1,1,1,1,1,1,1,1,0.766666666666667,0.733333333333333,0.733333333333333,0.7,0.683333333333333,0.65,0.633333333333333,0.583333333333333,0,0,0,0,0,0,0,0,2826,5.382301,-9.92971727894487
"827",276,276,2,14.6239869133464,27.2396897573336,29.0493028700511,30.3758359217675,32.466616196436,34.3800895464022,38.3254591019428,39.8616778327726,43.1481097189454,1,1,1,1,1,1,1,1,0.836363636363636,0.818181818181818,0.8,0.781818181818182,0.745454545454545,0.709090909090909,0.690909090909091,0.654545454545455,0,0,0,0,0,0,0,0,2827,12.85642,-1.76756691334643
"828",276,276,3,15.2899066908394,27.9056095348265,29.715222647544,31.0417556992605,33.132535973929,35.0460093238952,38.9913788794358,40.5275976102656,43.8140294964384,1,1,1,1,1,1,1,1,0.836363636363636,0.8,0.8,0.763636363636364,0.745454545454545,0.709090909090909,0.690909090909091,0.636363636363636,0,0,0,0,0,0,0,0,2828,13.158211,-2.1316956908394
"829",277,277,1,15.3142291984923,27.9341587771798,29.7443781783168,31.0713556684724,33.1628364331292,35.0769508685986,39.0236422712541,40.560375693108,43.8479086575057,1,1,1,1,1,1,1,1,0.851851851851852,0.814814814814815,0.814814814814815,0.777777777777778,0.759259259259259,0.722222222222222,0.703703703703704,0.648148148148148,0,0,0,0,0,0,0,0,2829,14.616161,-0.698068198492285
"830",277,277,2,15.4442101313753,28.0641397100628,29.8743591111998,31.2013366013554,33.2928173660122,35.2069318014816,39.1536232041371,40.690356625991,43.9778895903887,1,1,1,1,1,1,1,1,0.867924528301887,0.830188679245283,0.830188679245283,0.792452830188679,0.773584905660377,0.716981132075472,0.69811320754717,0.660377358490566,0,0,0,0,0,0,0,0,2830,15.627413,0.183202868624727
"831",277,277,3,15.5343665004824,28.15429607917,29.9645154803069,31.2914929704625,33.3829737351194,35.2970881705888,39.2437795732443,40.7805129950982,44.0680459594959,0,0,1,1,1,1,1,1,0,0,1,0.976744186046512,0.953488372093023,0.883720930232558,0.86046511627907,0.813953488372093,0,0,0,0,0,0,0,0,2831,32.013649,16.4792824995176
"832",278,278,1,17.0077872206957,29.6408119606477,31.4529097490478,32.7812641870001,34.8749151918095,36.7910158219764,40.7418025375302,42.2801305619414,45.5710748587133,1,1,1,1,1,1,1,1,0.833333333333333,0.796296296296296,0.796296296296296,0.759259259259259,0.740740740740741,0.685185185185185,0.666666666666667,0.62962962962963,1,1,0,0,0,0,0,0,2832,14.758366,-2.24942122069565
"833",278,278,2,15.470246310562,28.103271050514,29.9153688389141,31.2437232768664,33.3373742816759,35.2534749118427,39.2042616273965,40.7425896518078,44.0335339485796,1,1,1,1,1,1,1,1,0.836363636363636,0.8,0.8,0.763636363636364,0.745454545454545,0.690909090909091,0.672727272727273,0.636363636363636,1,1,0,0,0,0,0,0,2833,12.858946,-2.61130031056201
"834",278,278,3,15.300997509744,27.934022249696,29.7461200380961,31.0744744760484,33.1681254808579,35.0842261110247,39.0350128265785,40.5733408509898,43.8642851477616,1,1,1,1,1,1,1,1,0.836363636363636,0.8,0.8,0.763636363636364,0.745454545454545,0.709090909090909,0.690909090909091,0.636363636363636,0,0,0,0,0,0,0,0,2834,12.934221,-2.36677650974396
"835",279,279,1,15.3008128407635,27.9276941527812,29.7389107197476,31.0666191801982,33.1592520445122,35.0744208767621,39.0232863284879,40.5608662654418,43.8502101791273,1,1,1,1,1,1,1,1,0.793103448275862,0.758620689655172,0.758620689655172,0.724137931034483,0.706896551724138,0.672413793103448,0.655172413793103,0.603448275862069,0,0,0,0,0,0,0,0,2835,7.852876,-7.44793684076353
"836",279,279,2,14.8467139030315,27.4735952150492,29.2848117820156,30.6125202424661,32.7051531067801,34.6203219390301,38.5691873907559,40.1067673277097,43.3961112413952,1,1,1,1,1,1,1,1,0.836363636363636,0.818181818181818,0.8,0.781818181818182,0.745454545454545,0.709090909090909,0.690909090909091,0.654545454545455,0,0,0,0,0,0,0,0,2836,12.703335,-2.14337890303149
"837",279,279,3,15.280179507003,27.9070608190207,29.7182773859871,31.0459858464377,33.1386187107517,35.0537875430016,39.0026529947274,40.5402329316813,43.8295768453668,1,1,1,1,1,1,1,1,0.836363636363636,0.8,0.8,0.763636363636364,0.745454545454545,0.709090909090909,0.690909090909091,0.636363636363636,0,0,0,0,0,0,0,0,2837,13.288639,-1.99154050700304
"838",280,280,1,15.3304328803147,27.9594302488267,29.7709503457373,31.0988813081693,33.191864863145,35.1073546460197,39.0568818622919,40.5947194722159,43.8846146255448,1,1,1,1,1,1,1,1,0.836363636363636,0.8,0.8,0.763636363636364,0.745454545454545,0.709090909090909,0.690909090909091,0.636363636363636,0,0,0,0,0,0,0,0,2838,13.049974,-2.28045888031465
"839",280,280,2,15.3090768316557,27.9380742001678,29.7495942970784,31.0775252595103,33.1705088144861,35.0859985973608,39.035525813633,40.573363423557,43.8632585768859,1,1,1,1,1,1,1,1,0.836363636363636,0.8,0.8,0.763636363636364,0.745454545454545,0.709090909090909,0.690909090909091,0.636363636363636,0,0,0,0,0,0,0,0,2839,12.983755,-2.32532183165574
"840",280,280,3,15.3031514710618,27.9321488395739,29.7436689364845,31.0715998989164,33.1645834538922,35.0800732367669,39.0296004530391,40.5674380629631,43.8573332162919,1,1,1,1,1,1,1,1,0.836363636363636,0.8,0.8,0.763636363636364,0.745454545454545,0.709090909090909,0.690909090909091,0.636363636363636,0,0,0,0,0,0,0,0,2840,13.223681,-2.07947047106184
"841",281,281,1,15.3263907862515,27.954638594916,29.76605117397,31.0939033206654,33.1867626522853,35.102138746465,39.0514315492734,40.5891778850217,43.8788777755567,1,1,1,1,1,1,1,1,0.836363636363636,0.8,0.8,0.763636363636364,0.745454545454545,0.709090909090909,0.690909090909091,0.636363636363636,0,0,0,0,0,0,0,0,2841,13.574806,-1.75158478625148
"842",281,281,2,15.3577093812708,27.9859571899354,29.7973697689894,31.1252219156847,33.2180812473046,35.1334573414843,39.0827501442927,40.6204964800411,43.9101963705761,1,1,1,1,1,1,1,1,0.836363636363636,0.8,0.8,0.763636363636364,0.745454545454545,0.690909090909091,0.690909090909091,0.636363636363636,0,0,0,0,0,0,0,0,2842,12.735672,-2.62203738127081
"843",281,281,3,15.282862822601,27.9111106312655,29.7225232103195,31.0503753570149,33.1432346886348,35.0586107828145,39.0079035856229,40.5456499213712,43.8353498119062,1,1,1,1,1,1,1,1,1,0.956521739130435,0.956521739130435,0.91304347826087,0.891304347826087,0.847826086956522,0.826086956521739,0.760869565217391,0,0,0,0,0,0,0,0,2843,27.312706,12.029843177399
"844",282,282,1,16.5872015795888,29.222470893634,31.0348906467127,32.3634811001893,34.4575040946768,36.3739451682388,40.3254338402672,41.8640351872834,45.1555642029538,1,1,1,1,1,1,1,1,0.76271186440678,0.745762711864407,0.728813559322034,0.694915254237288,0.677966101694915,0.644067796610169,0.627118644067797,0.593220338983051,0,0,0,0,0,0,0,0,2844,7.019725,-9.56747657958877
"845",282,282,2,14.784361818863,27.4196311329082,29.2320508859869,30.5606413394635,32.654664333951,34.5711054075131,38.5225940795414,40.0611954265576,43.352724442228,1,1,1,1,1,1,1,1,0.836363636363636,0.818181818181818,0.8,0.781818181818182,0.745454545454545,0.709090909090909,0.690909090909091,0.654545454545455,0,0,0,0,0,0,0,0,2845,13.499182,-1.285179818863
"846",282,282,3,15.3600003959411,27.9952697099863,29.807689463065,31.1362799165416,33.2303029110291,35.1467439845912,39.0982326566195,40.6368340036357,43.9283630193061,1,1,1,1,1,1,1,1,0.836363636363636,0.8,0.8,0.763636363636364,0.745454545454545,0.690909090909091,0.672727272727273,0.636363636363636,0,0,0,0,0,0,0,0,2846,12.969762,-2.39023839594111
"847",283,283,1,15.3026791584165,27.9302084017018,29.7415179087867,31.069294498794,33.1620347437217,35.0773018502595,39.0263699326536,40.5640287684339,43.8535414703355,1,1,1,1,1,1,1,1,0.836363636363636,0.8,0.8,0.763636363636364,0.745454545454545,0.709090909090909,0.690909090909091,0.636363636363636,0,0,0,0,0,0,0,0,2847,13.790637,-1.51204215841649
"848",283,283,2,15.3755443338025,28.0030735770877,29.8143830841727,31.1421596741799,33.2348999191076,35.1501670256455,39.0992351080395,40.6368939438198,43.9264066457214,1,1,1,1,1,1,1,1,0.836363636363636,0.8,0.8,0.763636363636364,0.745454545454545,0.690909090909091,0.672727272727273,0.636363636363636,0,0,0,0,0,0,0,0,2848,13.038765,-2.33677933380245
"849",283,283,3,15.3088042270288,27.9363334703141,29.7476429773991,31.0754195674063,33.168159812334,35.0834269188719,39.0324950012659,40.5701538370462,43.8596665389478,1,1,1,1,1,1,1,1,0.836363636363636,0.8,0.8,0.763636363636364,0.745454545454545,0.709090909090909,0.690909090909091,0.636363636363636,0,0,0,0,0,0,0,0,2849,13.2993,-2.00950422702884
"850",284,284,1,15.3341670522089,27.9609991613432,29.7722086705829,31.0999119573819,33.1925366673807,35.1076980368355,39.0565481011065,40.5941220466073,43.8834531427807,1,1,1,1,1,1,1,1,0.836363636363636,0.8,0.8,0.763636363636364,0.745454545454545,0.709090909090909,0.690909090909091,0.636363636363636,0,0,0,0,0,0,0,0,2850,13.268315,-2.06585205220885
"851",284,284,2,15.331418560919,27.9582506700534,29.7694601792931,31.0971634660921,33.1897881760909,35.1049495455457,39.0537996098166,40.5913735553175,43.8807046514908,1,1,1,1,1,1,1,1,0.851851851851852,0.814814814814815,0.814814814814815,0.777777777777778,0.759259259259259,0.722222222222222,0.703703703703704,0.648148148148148,0,0,0,0,0,0,0,0,2851,14.655541,-0.675877560919009
"852",284,284,3,15.4544709597586,28.081303068893,29.8925125781327,31.2202158649317,33.3128405749305,35.2280019443853,39.1768520086562,40.7144259541571,44.0037570503304,1,1,1,1,1,1,1,1,0.836363636363636,0.8,0.8,0.763636363636364,0.745454545454545,0.690909090909091,0.672727272727273,0.636363636363636,0,0,0,0,0,0,0,0,2852,12.955052,-2.4994189597586
"853",285,285,1,15.3038280243921,27.9302091255565,29.7413539416161,31.0690098052167,33.1615597703852,35.0766527336845,39.0253617520592,40.5628807781552,43.8520943852761,1,1,1,1,1,1,1,1,0.779661016949153,0.745762711864407,0.745762711864407,0.711864406779661,0.694915254237288,0.661016949152542,0.644067796610169,0.593220338983051,0,0,0,0,0,0,0,0,2853,7.274082,-8.0297460243921
"854",285,285,2,14.8011298998446,27.427511001009,29.2386558170685,30.5663116806692,32.6588616458377,34.573954609137,38.5226636275117,40.0601826536077,43.3493962607286,1,1,1,1,1,1,1,1,0.836363636363636,0.818181818181818,0.8,0.781818181818182,0.745454545454545,0.709090909090909,0.690909090909091,0.654545454545455,0,0,0,0,0,0,0,0,2854,12.629219,-2.17191089984458
"855",285,285,3,15.2749956880102,27.9013767891745,29.7125216052341,31.0401774688347,33.1327274340033,35.0478203973025,38.9965294156773,40.5340484417733,43.8232620488942,0,0,0,1,1,1,1,1,0,0,0,0.976744186046512,0.953488372093023,0.906976744186046,0.883720930232558,0.813953488372093,0,0,0,0,0,0,0,0,2855,31.252768,15.9777723119898
"856",286,286,1,16.9272850336334,29.5699198320115,31.3833960999111,32.7127610293349,34.8080046937721,36.7255629193593,40.6793550348032,42.2188532795297,45.5123010279784,1,1,1,1,1,1,1,1,0.833333333333333,0.796296296296296,0.796296296296296,0.759259259259259,0.740740740740741,0.685185185185185,0.666666666666667,0.62962962962963,1,1,1,0,0,0,0,0,2856,14.60953,-2.31775503363337
"857",286,286,2,15.4587349141517,28.1013697125298,29.9148459804294,31.2442109098532,33.3394545742904,35.2570127998776,39.2108049153215,40.750303160048,44.0437509084967,1,1,1,1,1,1,1,1,0.836363636363636,0.8,0.8,0.763636363636364,0.745454545454545,0.690909090909091,0.672727272727273,0.636363636363636,1,1,1,0,0,0,0,0,2857,13.894355,-1.56437991415169
"858",286,286,3,15.3956299863906,28.0382647847687,29.8517410526683,31.1811059820921,33.2763496465294,35.1939078721166,39.1476999875605,40.687198232287,43.9806459807357,1,1,1,1,1,1,1,1,0.836363636363636,0.8,0.8,0.763636363636364,0.745454545454545,0.690909090909091,0.672727272727273,0.636363636363636,0,0,0,0,0,0,0,0,2858,13.411998,-1.98363198639062
"859",287,287,1,15.3517843902874,27.9922430980836,29.80540722467,31.1345433395668,33.2294263639888,35.1466545333448,39.0997661094927,40.6389993708763,43.9318802406054,1,1,1,1,1,1,1,1,0.836363636363636,0.8,0.8,0.763636363636364,0.745454545454545,0.690909090909091,0.672727272727273,0.636363636363636,0,0,0,0,0,0,0,0,2859,13.369608,-1.98217639028736
"860",287,287,2,15.3480437336745,27.9885024414707,29.8016665680572,31.1308026829539,33.225685707376,35.1429138767319,39.0960254528798,40.6352587142635,43.9281395839925,1,1,1,1,1,1,1,1,0.867924528301887,0.830188679245283,0.830188679245283,0.792452830188679,0.773584905660377,0.716981132075472,0.69811320754717,0.660377358490566,0,0,0,0,0,0,0,0,2860,16.93947,1.59142626632548
"861",287,287,3,15.6630620846353,28.3035207924315,30.116684919018,31.4458210339147,33.5407040583368,35.4579322276927,39.4110438038406,40.9502770652243,44.2431579349533,1,1,1,1,1,1,1,1,0.833333333333333,0.814814814814815,0.796296296296296,0.777777777777778,0.759259259259259,0.703703703703704,0.685185185185185,0.648148148148148,0,0,0,0,0,0,0,0,2861,14.723297,-0.939765084635312
"862",288,288,1,15.4693959242309,28.10928572714,29.9223682492565,31.2514445441697,33.3462332848939,35.2633751662043,39.2163088259849,40.7554728116132,44.048205479757,1,1,1,1,1,1,1,1,0.836363636363636,0.8,0.781818181818182,0.763636363636364,0.745454545454545,0.690909090909091,0.672727272727273,0.636363636363636,0,0,0,0,0,0,0,0,2862,13.385656,-2.08373992423092
"863",288,288,2,15.3513640054558,27.9912538083648,29.8043363304813,31.1334126253946,33.2282013661187,35.1453432474292,39.0982769072098,40.6374408928381,43.9301735609818,1,1,1,1,1,1,1,1,0.836363636363636,0.8,0.8,0.763636363636364,0.745454545454545,0.690909090909091,0.672727272727273,0.636363636363636,0,0,0,0,0,0,0,0,2863,13.352986,-1.99837800545577
"864",288,288,3,15.3484812418545,27.9883710447636,29.8014535668801,31.1305298617933,33.2253186025174,35.1424604838279,39.0953941436085,40.6345581292368,43.9272907973805,1,1,1,1,1,1,1,1,0.851851851851852,0.814814814814815,0.814814814814815,0.777777777777778,0.759259259259259,0.703703703703704,0.685185185185185,0.648148148148148,0,0,0,0,0,0,0,0,2864,15.013102,-0.335379241854486
"865",289,289,1,15.4971915432154,28.1361380574246,29.9490852729615,31.2780623816737,33.3726947926689,35.2896936016661,39.2423322622251,40.7813813832448,44.0738683215945,1,1,1,1,1,1,1,1,0.818181818181818,0.8,0.781818181818182,0.763636363636364,0.745454545454545,0.690909090909091,0.672727272727273,0.636363636363636,0,0,0,0,0,0,0,0,2865,13.337142,-2.16004954321545
"866",289,289,2,15.3498921953317,27.9888387095408,29.8017859250777,31.13076303379,33.2253954447851,35.1423942537823,39.0950329143413,40.634082035361,43.9265689737107,1,1,1,1,1,1,1,1,0.821428571428571,0.785714285714286,0.785714285714286,0.75,0.732142857142857,0.678571428571429,0.660714285714286,0.625,0,0,0,0,0,0,0,0,2866,12.362732,-2.98716019533168
"867",289,289,3,15.2642517519014,27.9031982661105,29.7161454816474,31.0451225903597,33.1397550013548,35.056753810352,39.009392470911,40.5484415919307,43.8409285302804,1,1,1,1,1,1,1,1,1,0.956521739130435,0.956521739130435,0.91304347826087,0.891304347826087,0.847826086956522,0.826086956521739,0.760869565217391,0,0,0,0,0,0,0,0,2867,26.683961,11.4197092480986
"868",290,290,1,16.5241371293973,29.1695372609386,30.9834101918869,32.3130658943168,34.4087678530007,36.3267455075628,40.2814024389751,41.8212374193282,45.1154055461177,1,1,1,1,1,1,1,1,0.833333333333333,0.814814814814815,0.796296296296296,0.759259259259259,0.740740740740741,0.703703703703704,0.685185185185185,0.648148148148148,0,0,0,0,0,0,0,0,2868,15.181286,-1.34285112939731
"869",290,290,2,15.5190515646842,28.1644516962254,29.9783246271738,31.3079803296037,33.4036822882876,35.3216599428496,39.276316874262,40.8161518546151,44.1103199814046,1,1,1,1,1,1,1,1,0.818181818181818,0.8,0.781818181818182,0.763636363636364,0.745454545454545,0.690909090909091,0.672727272727273,0.636363636363636,0,0,0,0,0,0,0,0,2869,12.876467,-2.6425845646842
"870",290,290,3,15.3176601225912,27.9630602541325,29.7769331850809,31.1065888875108,33.2022908461946,35.1202685007567,39.0749254321691,40.6147604125222,43.9089285393117,1,1,1,1,1,1,1,1,0.851851851851852,0.814814814814815,0.814814814814815,0.777777777777778,0.759259259259259,0.703703703703704,0.703703703703704,0.648148148148148,0,0,0,0,0,0,0,0,2870,14.309547,-1.00811312259125
"871",291,291,1,15.4268508900297,28.0295519699537,29.8373000924263,31.1624660170018,33.2510915300867,35.1625928512768,39.1038963024762,40.6385318037598,43.9215766878351,1,1,1,1,1,1,1,1,0.836363636363636,0.8,0.8,0.763636363636364,0.745454545454545,0.690909090909091,0.672727272727273,0.636363636363636,0,0,0,0,0,0,0,0,2871,13.562144,-1.86470689002972
"872",291,291,2,15.3613684447688,27.9640695246928,29.7718176471654,31.0969835717408,33.1856090848257,35.0971104060159,39.0384138572152,40.5730493584989,43.8560942425742,1,1,1,1,1,1,1,1,0.836363636363636,0.8,0.8,0.763636363636364,0.745454545454545,0.709090909090909,0.690909090909091,0.636363636363636,0,0,0,0,0,0,0,0,2872,12.681524,-2.67984444476876
"873",291,291,3,15.284214418165,27.8869154980891,29.6946636205616,31.0198295451371,33.108455058222,35.0199563794122,38.9612598306115,40.4958953318952,43.7789402159705,1,1,1,1,1,1,1,1,0.851851851851852,0.814814814814815,0.814814814814815,0.777777777777778,0.759259259259259,0.722222222222222,0.703703703703704,0.648148148148148,0,0,0,0,0,0,0,0,2873,15.498155,0.213940581834958
"874",292,292,1,15.5347714525735,28.136685909262,29.9443211974566,31.2694044091041,33.357899556377,35.2692815673222,39.2103390140457,40.7448787279314,44.027718694079,1,1,1,1,1,1,1,1,0.818181818181818,0.8,0.781818181818182,0.763636363636364,0.745454545454545,0.690909090909091,0.672727272727273,0.636363636363636,0,0,0,0,0,0,0,0,2874,12.900089,-2.6346824525735
"875",292,292,2,15.3074827706717,27.9093972273602,29.7170325155548,31.0421157272023,33.1306108744752,35.0419928854204,38.9830503321439,40.5175900460296,43.8004300121772,1,1,1,1,1,1,1,1,0.836363636363636,0.8,0.8,0.763636363636364,0.745454545454545,0.709090909090909,0.690909090909091,0.636363636363636,0,0,0,0,0,0,0,0,2875,14.00632,-1.30116277067169
"876",292,292,3,15.4042600603437,28.0061745170322,29.8138098052268,31.1388930168743,33.2273881641472,35.1387701750923,39.0798276218158,40.6143673357016,43.8972073018492,1,1,1,1,1,1,1,1,0.836363636363636,0.8,0.8,0.763636363636364,0.745454545454545,0.690909090909091,0.690909090909091,0.636363636363636,0,0,0,0,0,0,0,0,2876,14.01517,-1.38909006034367
"877",293,293,1,15.406780289711,28.0078776055752,29.8153956820084,31.140392971823,33.2287526956528,35.14001076763,39.080812665965,40.615252876315,43.897879974603,1,1,1,1,1,1,1,1,0.836363636363636,0.8,0.8,0.763636363636364,0.745454545454545,0.690909090909091,0.690909090909091,0.636363636363636,0,0,0,0,0,0,0,0,2877,13.562111,-1.84466928971098
"878",293,293,2,15.367401720196,27.9684990360602,29.7760171124934,31.101014402308,33.1893741261378,35.100632198115,39.0414340964501,40.5758743068,43.8585014050881,1,1,1,1,1,1,1,1,0.836363636363636,0.8,0.8,0.763636363636364,0.745454545454545,0.709090909090909,0.690909090909091,0.636363636363636,0,0,0,0,0,0,0,0,2878,12.709125,-2.65827672019598
"879",293,293,3,15.2932626599493,27.8943599758135,29.7018780522467,31.0268753420613,33.1152350658911,35.0264931378683,38.9672950362033,40.5017352465533,43.7843623448413,0,1,1,1,1,1,1,1,0,1,1,0.954545454545455,0.931818181818182,0.886363636363636,0.863636363636364,0.795454545454545,0,0,0,0,0,0,0,0,2879,29.947887,14.6546243400507
"880",294,294,1,16.7995944603763,29.4079339006888,31.2164907970378,32.5422495915869,34.6318095411299,36.5441660546525,40.4872328174719,42.0225549039539,45.3070685993666,1,1,1,1,1,1,1,1,0.833333333333333,0.814814814814815,0.796296296296296,0.759259259259259,0.740740740740741,0.703703703703704,0.685185185185185,0.648148148148148,1,0,0,0,0,0,0,0,2880,14.344244,-2.45535046037632
"881",294,294,2,15.4497388019523,28.0580782422648,29.8666351386138,31.192393933163,33.2819538827059,35.1943103962285,39.1373771590479,40.67269924553,43.9572129409427,1,1,1,1,1,1,1,1,0.836363636363636,0.8,0.8,0.763636363636364,0.745454545454545,0.690909090909091,0.672727272727273,0.636363636363636,1,0,0,0,0,0,0,0,2881,13.01198,-2.43775880195235
"882",294,294,3,15.3344859665142,27.9428254068267,29.7513823031757,31.0771410977248,33.1667010472678,35.0790575607904,39.0221243236097,40.5574464100918,43.8419601055045,1,1,1,1,1,1,1,1,0.851851851851852,0.814814814814815,0.814814814814815,0.777777777777778,0.759259259259259,0.722222222222222,0.703703703703704,0.648148148148148,0,0,0,0,0,0,0,0,2882,15.379396,0.044910033485797
"883",295,295,1,15.5326279192748,28.1307401124762,29.9378299989639,31.2625134050477,33.3503784092682,35.2611837159313,39.2010520624683,40.7351287733442,44.0169782374073,1,1,1,1,1,1,1,1,0.833333333333333,0.814814814814815,0.796296296296296,0.777777777777778,0.759259259259259,0.703703703703704,0.685185185185185,0.648148148148148,0,0,0,0,0,0,0,0,2883,14.660923,-0.871704919274769
"884",295,295,2,15.4702920143816,28.068404207583,29.8754940940708,31.2001775001545,33.2880425043751,35.1988478110381,39.1387161575751,40.672792868451,43.9546423325142,1,1,1,1,1,1,1,1,0.884615384615385,0.846153846153846,0.846153846153846,0.807692307692308,0.788461538461538,0.730769230769231,0.711538461538462,0.673076923076923,0,0,0,0,0,0,0,0,2884,18.646008,3.17571598561837
"885",295,295,3,15.8160445750917,28.4141567682932,30.2212466547809,31.5459300608647,33.6337950650852,35.5446003717482,39.4844687182853,41.0185454291611,44.3003948932243,0,0,0,0,0,0,1,1,0,0,0,0,0,0,1,0.945945945945946,0,0,0,0,0,0,0,0,2885,41.947013,26.1309684249082
"886",296,296,1,17.8699188886639,30.503720242557,32.3159294294887,33.6443655278981,35.7381452396951,37.6543636619579,41.6053932517326,43.1438158447064,46.434962451952,1,1,1,1,1,1,1,1,0.8,0.781818181818182,0.763636363636364,0.745454545454545,0.709090909090909,0.672727272727273,0.654545454545455,0.618181818181818,1,1,1,1,1,1,0,0,2886,13.613136,-4.25678288866387
"887",296,296,2,15.3960855208,28.0298868746932,29.8420960616248,31.1705321600343,33.2643118718313,35.180530294094,39.1315598838687,40.6699824768425,43.9611290840882,1,1,1,1,1,1,1,1,0.836363636363636,0.8,0.8,0.763636363636364,0.745454545454545,0.690909090909091,0.672727272727273,0.636363636363636,1,1,1,1,1,1,0,0,2887,13.310324,-2.08576152080003
"888",296,296,3,15.3696469776458,28.003448331539,29.8156575184706,31.1440936168801,33.2378733286771,35.1540917509399,39.1051213407146,40.6435439336884,43.934690540934,1,1,1,1,1,1,1,1,0.836363636363636,0.8,0.8,0.763636363636364,0.745454545454545,0.690909090909091,0.672727272727273,0.636363636363636,0,0,0,0,0,0,0,0,2888,13.257886,-2.11176097764585
"889",297,297,1,15.3734444514331,28.0036630375055,29.8153583074791,31.1434176801532,33.2366036255639,35.152278635317,39.1021877688429,40.6401740868741,43.9303873713748,1,1,1,1,1,1,1,1,0.836363636363636,0.8,0.8,0.763636363636364,0.745454545454545,0.690909090909091,0.672727272727273,0.636363636363636,0,0,0,0,0,0,0,0,2889,13.602682,-1.77076245143306
"890",297,297,2,15.4030057978694,28.0332243839418,29.8449196539155,31.1729790265896,33.2661649720003,35.1818399817534,39.1317491152793,40.6697354333104,43.9599487178112,1,1,1,1,1,1,1,1,0.836363636363636,0.8,0.8,0.763636363636364,0.745454545454545,0.690909090909091,0.672727272727273,0.636363636363636,0,0,0,0,0,0,0,0,2890,12.665678,-2.73732779786942
"891",297,297,3,15.3226710496233,27.9528896356957,29.7645849056694,31.0926442783435,33.1858302237542,35.1015052335073,39.0514143670332,40.5894006850643,43.8796139695651,0,1,1,1,1,1,1,1,0,1,1,0.954545454545455,0.931818181818182,0.886363636363636,0.863636363636364,0.795454545454545,0,0,0,0,0,0,0,0,2891,29.826509,14.5038379503767
"892",298,298,1,16.7957175431151,29.4362849330871,31.2494646491886,32.5786121919463,34.6735132280918,36.5907578817014,40.54390344655,42.0831499422017,45.3760591239933,1,1,1,1,1,1,1,1,0.833333333333333,0.814814814814815,0.796296296296296,0.759259259259259,0.740740740740741,0.703703703703704,0.685185185185185,0.62962962962963,1,0,0,0,0,0,0,0,2892,14.835352,-1.96036554311513
"893",298,298,2,15.5176071534228,28.1581745433947,29.9713542594963,31.300501802254,33.3954028383994,35.3126474920091,39.2657930568576,40.8050395525094,44.097948734301,1,1,1,1,1,1,1,1,0.818181818181818,0.8,0.781818181818182,0.763636363636364,0.745454545454545,0.690909090909091,0.672727272727273,0.636363636363636,1,0,0,0,0,0,0,0,2893,13.243175,-2.27443215342276
"894",298,298,3,15.3818619293597,28.0224293193317,29.8356090354332,31.1647565781909,33.2596576143364,35.176902267946,39.1300478327946,40.6692943284463,43.9622035102379,1,1,1,1,1,1,1,1,0.836363636363636,0.8,0.8,0.763636363636364,0.745454545454545,0.690909090909091,0.672727272727273,0.636363636363636,0,0,0,0,0,0,0,0,2894,13.352043,-2.02981892935972
"895",299,299,1,15.3841099363208,28.0123237652809,29.8237314702411,31.1515800439924,33.2444337442102,35.1598046845543,39.1090868607259,40.6468290587533,43.936520097464,1,1,1,1,1,1,1,1,0.836363636363636,0.8,0.8,0.763636363636364,0.745454545454545,0.690909090909091,0.672727272727273,0.636363636363636,0,0,0,0,0,0,0,0,2895,13.533659,-1.85045093632078
"896",299,299,2,15.3997046728394,28.0279185017995,29.8393262067597,31.167174780511,33.2600284807288,35.1753994210729,39.1246815972445,40.6624237952719,43.9521148339826,1,1,1,1,1,1,1,1,0.836363636363636,0.8,0.8,0.763636363636364,0.745454545454545,0.690909090909091,0.672727272727273,0.636363636363636,0,0,0,0,0,0,0,0,2896,12.889662,-2.51004267283937
"897",299,299,3,15.3444068822605,27.9726207112207,29.7840284161809,31.1118769899322,33.2047306901499,35.120101630494,39.0693838066657,40.607126004693,43.8968170434038,1,1,1,1,1,1,1,1,0.836363636363636,0.8,0.8,0.763636363636364,0.745454545454545,0.690909090909091,0.690909090909091,0.636363636363636,0,0,0,0,0,0,0,0,2897,13.606228,-1.73817888226054
"898",300,300,1,15.4104492477741,28.0344267423229,29.8452267818684,31.172629907777,33.2647815270617,35.1795099258766,39.1274672527695,40.6646935908124,43.9532810505421,1,1,1,1,1,1,1,1,0.836363636363636,0.8,0.8,0.763636363636364,0.745454545454545,0.690909090909091,0.672727272727273,0.636363636363636,0,0,0,0,0,0,0,0,2898,13.311325,-2.09912424777407
"899",300,300,2,15.3851787336511,28.0091562281999,29.8199562677454,31.1473593936541,33.2395110129387,35.1542394117536,39.1021967386465,40.6394230766894,43.9280105364191,1,1,1,1,1,1,1,1,0.836363636363636,0.8,0.8,0.763636363636364,0.745454545454545,0.690909090909091,0.672727272727273,0.636363636363636,0,0,0,0,0,0,0,0,2899,13.101135,-2.28404373365109
"900",300,300,3,15.3671673557963,27.9911448503451,29.8019448898906,31.1293480157993,33.2214996350839,35.1362280338988,39.0841853607917,40.6214116988346,43.9099991585643,1,1,1,1,1,1,1,1,0.836363636363636,0.8,0.8,0.763636363636364,0.745454545454545,0.690909090909091,0.690909090909091,0.636363636363636,0,0,0,0,0,0,0,0,2900,13.465087,-1.9020803557963
"901",301,301,1,15.4014991299352,28.0246424889112,29.8353228789461,31.1626382960351,33.2546516753641,35.1692535575505,39.1169500212054,40.6540747862557,43.9424449509383,1,1,1,1,1,1,1,1,0.836363636363636,0.8,0.8,0.763636363636364,0.745454545454545,0.690909090909091,0.672727272727273,0.636363636363636,0,0,0,0,0,0,0,0,2901,13.272394,-2.12910512993521
"902",301,301,2,15.3850342266207,28.0081775855967,29.8188579756317,31.1461733927206,33.2381867720496,35.152788654236,39.1004851178909,40.6376098829412,43.9259800476238,1,1,1,1,1,1,1,1,0.836363636363636,0.8,0.8,0.763636363636364,0.745454545454545,0.690909090909091,0.672727272727273,0.636363636363636,0,0,0,0,0,0,0,0,2902,12.543571,-2.84146322662072
"903",301,301,3,15.3227590000771,27.945902359053,29.756582749088,31.0838981661769,33.1759115455059,35.0905134276924,39.0382098913472,40.5753346563976,43.8637048210802,1,1,1,1,1,1,1,1,0.938775510204082,0.897959183673469,0.897959183673469,0.857142857142857,0.836734693877551,0.795918367346939,0.775510204081633,0.714285714285714,0,0,0,0,0,0,0,0,2903,21.907488,6.58472899992293
"904",302,302,1,16.1259882038342,28.7505098655612,30.561387961167,31.888848305905,33.9810901091466,35.8959010439411,39.8440285508585,41.3813211523369,44.6700503693978,1,1,1,1,1,1,1,1,0.833333333333333,0.814814814814815,0.796296296296296,0.777777777777778,0.759259259259259,0.703703703703704,0.685185185185185,0.648148148148148,0,0,0,0,0,0,0,0,2904,14.560413,-1.5655752038342
"905",302,302,2,15.5013481540936,28.1258698158206,29.9367479114264,31.2642082561644,33.356450059406,35.2712609942005,39.2193885011179,40.7566811025963,44.0454103196572,1,1,1,1,1,1,1,1,0.818181818181818,0.8,0.781818181818182,0.763636363636364,0.745454545454545,0.690909090909091,0.672727272727273,0.636363636363636,0,0,0,0,0,0,0,0,2905,13.326368,-2.1749801540936
"906",302,302,3,15.3964310367126,28.0209526984396,29.8318307940454,31.1592911387833,33.251532942025,35.1663438768195,39.1144713837369,40.6517639852153,43.9404932022762,1,1,1,1,1,1,1,1,0.836363636363636,0.8,0.8,0.763636363636364,0.745454545454545,0.690909090909091,0.672727272727273,0.636363636363636,0,0,0,0,0,0,0,0,2906,13.198631,-2.19780003671258
"907",303,303,1,15.3776552846732,27.9860498255625,29.7946146256112,31.1203792139506,33.2099482952241,35.1223131660683,39.0653971607566,40.600725956856,43.8852540061493,1,1,1,1,1,1,1,1,0.836363636363636,0.8,0.8,0.763636363636364,0.745454545454545,0.690909090909091,0.690909090909091,0.636363636363636,0,0,0,0,0,0,0,0,2907,13.711021,-1.66663428467316
"908",303,303,2,15.4219981202317,28.030392661121,29.8389574611697,31.1647220495091,33.2542911307826,35.1666560016268,39.1097399963151,40.6450687924145,43.9295968417078,1,1,1,1,1,1,1,1,0.836363636363636,0.8,0.8,0.763636363636364,0.745454545454545,0.690909090909091,0.672727272727273,0.636363636363636,0,0,0,0,0,0,0,0,2908,12.806013,-2.61598512023168
"909",303,303,3,15.3436776594047,27.952072200294,29.7606370003427,31.0864015886821,33.1759706699556,35.0883355407998,39.0314195354881,40.5667483315875,43.8512763808808,1,1,1,1,1,1,1,1,0.851851851851852,0.814814814814815,0.814814814814815,0.777777777777778,0.759259259259259,0.722222222222222,0.703703703703704,0.648148148148148,0,0,0,0,0,0,0,0,2909,14.269501,-1.07417665940467
"910",304,304,1,15.4712540871554,28.0790158206372,29.8874898499538,31.2131878990007,33.3026521061137,35.2149209965655,39.1578070903432,40.6930588292541,43.9774220301464,1,1,1,1,1,1,1,1,0.836363636363636,0.8,0.8,0.763636363636364,0.745454545454545,0.690909090909091,0.672727272727273,0.636363636363636,0,0,0,0,0,0,0,0,2910,13.461846,-2.00940808715538
"911",304,304,2,15.4014859202231,28.0092476537049,29.8177216830216,31.1434197320685,33.2328839391814,35.1451528296332,39.088038923411,40.6232906623218,43.9076538632141,1,1,1,1,1,1,1,1,0.836363636363636,0.8,0.8,0.763636363636364,0.745454545454545,0.690909090909091,0.690909090909091,0.636363636363636,0,0,0,0,0,0,0,0,2911,13.491473,-1.91001292022312
"912",304,304,3,15.4040452078914,28.0118069413732,29.8202809706898,31.1459790197367,33.2354432268497,35.1477121173015,39.0905982110792,40.6258499499901,43.9102131508824,1,1,1,1,1,1,1,1,0.836363636363636,0.8,0.8,0.763636363636364,0.745454545454545,0.690909090909091,0.672727272727273,0.636363636363636,0,0,0,0,0,0,0,0,2912,13.086557,-2.31748820789137
"913",305,305,1,15.3704089225699,27.9776624701988,29.7860636046642,31.111708218295,33.2010882045786,35.11328001648,39.0560071828467,40.5911970397811,43.8754278565952,1,1,1,1,1,1,1,1,0.836363636363636,0.8,0.8,0.763636363636364,0.745454545454545,0.709090909090909,0.690909090909091,0.636363636363636,0,0,0,0,0,0,0,0,2913,13.42785,-1.94255892256994
"914",305,305,2,15.3997822820477,28.0070358296766,29.815436964142,31.1410815777728,33.2304615640564,35.1426533759578,39.0853805423245,40.6205703992589,43.904801216073,1,1,1,1,1,1,1,1,0.836363636363636,0.8,0.8,0.763636363636364,0.745454545454545,0.690909090909091,0.690909090909091,0.636363636363636,0,0,0,0,0,0,0,0,2914,12.812863,-2.58691928204774
"915",305,305,3,15.3468534665573,27.9541070141862,29.7625081486515,31.0881527622824,33.1775327485659,35.0897245604674,39.032451726834,40.5676415837685,43.8518724005826,0,1,1,1,1,1,1,1,0,1,1,0.954545454545455,0.931818181818182,0.886363636363636,0.863636363636364,0.795454545454545,0,0,0,0,0,0,0,0,2915,30.003739,14.6568855334427
"916",306,306,1,16.8295242961917,29.444253773002,31.2537272646434,32.5801579674264,34.6707769275079,36.5841026430398,40.5291677927718,42.0652679963259,45.3514463171629,1,1,1,1,1,1,1,1,0.833333333333333,0.796296296296296,0.796296296296296,0.759259259259259,0.740740740740741,0.703703703703704,0.685185185185185,0.62962962962963,1,0,0,0,0,0,0,0,2916,14.621147,-2.20837729619173
"917",306,306,2,15.5140168489252,28.1287463257354,29.9382198173768,31.2646505201598,33.3552694802413,35.2685951957732,39.2136603455052,40.7497605490593,44.0359388698963,1,1,1,1,1,1,1,1,0.833333333333333,0.814814814814815,0.796296296296296,0.777777777777778,0.759259259259259,0.703703703703704,0.685185185185185,0.648148148148148,1,0,0,0,0,0,0,0,2917,15.479779,-0.0342378489251516
"918",306,306,3,15.5874463977594,28.2021758745697,30.0116493662111,31.338080068994,33.4286990290756,35.3420247446074,39.2870898943394,40.8231900978935,44.1093684187306,1,1,1,1,1,1,1,1,0.818181818181818,0.8,0.781818181818182,0.763636363636364,0.745454545454545,0.690909090909091,0.672727272727273,0.636363636363636,0,0,0,0,0,0,0,0,2918,13.49047,-2.09697639775941
"919",307,307,1,15.415670138459,28.026561880373,29.8354848822416,31.161512049665,33.2514949880742,35.1642386192356,39.1081035756363,40.6437364568141,43.9289150351485,1,1,1,1,1,1,1,1,0.836363636363636,0.8,0.8,0.763636363636364,0.745454545454545,0.690909090909091,0.672727272727273,0.636363636363636,0,0,0,0,0,0,0,0,2919,13.731621,-1.68404913845901
"920",307,307,2,15.4363131167043,28.0472048586182,29.8561278604869,31.1821550279102,33.2721379663195,35.1848815974808,39.1287465538816,40.6643794350594,43.9495580133938,1,1,1,1,1,1,1,1,0.851851851851852,0.814814814814815,0.814814814814815,0.777777777777778,0.759259259259259,0.703703703703704,0.685185185185185,0.648148148148148,0,0,0,0,0,0,0,0,2920,14.080932,-1.35538111670426
"921",307,307,3,15.466214793968,28.077106535882,29.8860295377506,31.212056705174,33.3020396435832,35.2147832747445,39.1586482311453,40.6942811123231,43.9794596906575,1,1,1,1,1,1,1,1,0.836363636363636,0.8,0.8,0.763636363636364,0.745454545454545,0.690909090909091,0.672727272727273,0.636363636363636,0,0,0,0,0,0,0,0,2921,13.484938,-1.981276793968
"922",308,308,1,15.4152123472928,28.0255408608562,29.8343830725049,31.1603510168289,33.2502406123035,35.1628988164021,39.1065876316861,40.6421519283425,43.927183783848,1,1,1,1,1,1,1,1,0.836363636363636,0.8,0.8,0.763636363636364,0.745454545454545,0.690909090909091,0.672727272727273,0.636363636363636,0,0,0,0,0,0,0,0,2922,13.031823,-2.38338934729283
"923",308,308,2,15.3765839339419,27.9869124475053,29.7957546591539,31.1217226034779,33.2116121989526,35.1242704030512,39.0679592183352,40.6035235149916,43.888555370497,1,1,1,1,1,1,1,1,0.851851851851852,0.814814814814815,0.814814814814815,0.777777777777778,0.759259259259259,0.703703703703704,0.703703703703704,0.648148148148148,0,0,0,0,0,0,0,0,2923,14.577105,-0.799478933941892
"924",308,308,3,15.508320450808,28.1186489643714,29.92749117602,31.253459120344,33.3433487158186,35.2560069199172,39.1996957352013,40.7352600318577,44.0202918873631,1,1,1,1,1,1,1,1,0.836363636363636,0.8,0.781818181818182,0.763636363636364,0.745454545454545,0.690909090909091,0.672727272727273,0.636363636363636,0,0,0,0,0,0,0,0,2924,12.734846,-2.77347445080796
"925",309,309,1,15.3559406377583,27.9626023666479,29.7709186098499,31.0965009941204,33.1857828992299,35.0978849476517,39.0404270316916,40.5755448226425,43.8596214687378,1,1,1,1,1,1,1,1,0.836363636363636,0.8,0.8,0.763636363636364,0.745454545454545,0.709090909090909,0.690909090909091,0.636363636363636,0,0,0,0,0,0,0,0,2925,13.622176,-1.73376463775832
"926",309,309,2,15.4314845008354,28.038146229725,29.846462472927,31.1720448571976,33.261326762307,35.1734288107288,39.1159708947687,40.6510886857196,43.9351653318149,1,1,1,1,1,1,1,1,0.836363636363636,0.8,0.8,0.763636363636364,0.745454545454545,0.690909090909091,0.672727272727273,0.636363636363636,0,0,0,0,0,0,0,0,2926,13.519492,-1.91199250083542
"927",309,309,3,15.4227423800504,28.0294041089399,29.837720352142,31.1633027364125,33.252584641522,35.1646866899438,39.1072287739836,40.6423465649346,43.9264232110299,1,1,1,1,1,1,1,1,0.92,0.88,0.88,0.84,0.82,0.76,0.74,0.7,0,0,0,0,0,0,0,0,2927,20.538069,5.11532661994964
"928",310,310,1,16.0232680078121,28.6305265441581,30.4389283942116,31.7645735324029,33.8539543454586,35.7661469140184,39.7088756405306,41.244066104943,44.5282982213343,1,1,1,1,1,1,1,1,0.833333333333333,0.814814814814815,0.796296296296296,0.777777777777778,0.759259259259259,0.703703703703704,0.685185185185185,0.648148148148148,0,0,0,0,0,0,0,0,2928,15.231262,-0.792006007812061
"929",310,310,2,15.5736413758737,28.1808999122197,29.9893017622732,31.3149469004645,33.4043277135202,35.31652028208,39.2592490085922,40.7944394730046,44.0786715893959,1,1,1,1,1,1,1,1,0.833333333333333,0.814814814814815,0.796296296296296,0.777777777777778,0.759259259259259,0.703703703703704,0.685185185185185,0.648148148148148,0,0,0,0,0,0,0,0,2929,14.776409,-0.797232375873655
"930",310,310,3,15.5351033204258,28.1423618567719,29.9507637068254,31.2764088450166,33.3657896580723,35.2779822266322,39.2207109531444,40.7559014175567,44.040133533948,1,1,1,1,1,1,1,1,0.818181818181818,0.8,0.781818181818182,0.763636363636364,0.745454545454545,0.690909090909091,0.672727272727273,0.636363636363636,0,0,0,0,0,0,0,0,2930,13.141509,-2.3935943204258
"931",311,311,1,15.3852273720858,27.9649401231815,29.769390769342,31.0921394859053,33.1769551799847,35.0849697707789,39.0190839711046,40.5509201752129,43.8279765243802,1,1,1,1,1,1,1,1,0.851851851851852,0.814814814814815,0.814814814814815,0.777777777777778,0.759259259259259,0.722222222222222,0.703703703703704,0.648148148148148,0,0,0,0,0,0,0,0,2931,14.07291,-1.31231737208575
"932",311,311,2,15.4655039452529,28.0452166963487,29.8496673425092,31.1724160590725,33.2572317531519,35.1652463439461,39.0993605442718,40.6311967483801,43.9082530975473,1,1,1,1,1,1,1,1,0.851851851851852,0.814814814814815,0.814814814814815,0.777777777777778,0.759259259259259,0.703703703703704,0.685185185185185,0.648148148148148,0,0,0,0,0,0,0,0,2932,14.325224,-1.14027994525294
"933",311,311,3,15.487250650788,28.0669634018838,29.8714140480443,31.1941627646076,33.278978458687,35.1869930494812,39.1211072498069,40.6529434539152,43.9299998030824,1,1,1,1,1,1,1,1,0.836363636363636,0.8,0.8,0.763636363636364,0.745454545454545,0.690909090909091,0.672727272727273,0.636363636363636,0,0,0,0,0,0,0,0,2933,13.311305,-2.17594565078805
"934",312,312,1,15.4029262793191,27.9786128605813,29.7824859876124,31.1048113550034,33.1889597983894,35.0963637241438,39.0292188009722,40.5605647369133,43.8365722556599,1,1,1,1,1,1,1,1,0.836363636363636,0.8,0.8,0.763636363636364,0.745454545454545,0.709090909090909,0.690909090909091,0.636363636363636,0,0,0,0,0,0,0,0,2934,13.306584,-2.09634227931911
"935",312,312,2,15.4025210872838,27.978207668546,29.7820807955771,31.1044061629681,33.1885546063541,35.0959585321085,39.0288136089369,40.560159544878,43.8361670636246,1,1,1,1,1,1,1,1,0.851851851851852,0.814814814814815,0.814814814814815,0.777777777777778,0.759259259259259,0.722222222222222,0.703703703703704,0.648148148148148,0,0,0,0,0,0,0,0,2935,14.861672,-0.540849087283814
"936",312,312,3,15.5359905369308,28.111677118193,29.9155502452241,31.2378756126151,33.3220240560011,35.2294279817555,39.1622830585839,40.693628994525,43.9696365132716,1,1,1,1,1,1,1,1,0.836363636363636,0.8,0.8,0.763636363636364,0.745454545454545,0.690909090909091,0.672727272727273,0.636363636363636,0,0,0,0,0,0,0,0,2936,13.492901,-2.04308953693083
"937",313,313,1,15.4194704107658,27.9941770814186,29.797909648775,31.1201319791948,33.2041180235612,35.1113733224132,39.0439219470737,40.5751485589429,43.8509008077683,1,1,1,1,1,1,1,1,0.836363636363636,0.8,0.8,0.763636363636364,0.745454545454545,0.709090909090909,0.690909090909091,0.636363636363636,0,0,0,0,0,0,0,0,2937,13.803431,-1.61603941076577
"938",313,313,2,15.4461355478742,28.0208422185271,29.8245747858834,31.1467971163032,33.2307831606697,35.1380384595216,39.0705870841822,40.6018136960514,43.8775659448767,1,1,1,1,1,1,1,1,0.851851851851852,0.814814814814815,0.814814814814815,0.777777777777778,0.759259259259259,0.703703703703704,0.703703703703704,0.648148148148148,0,0,0,0,0,0,0,0,2938,14.271151,-1.17498454787422
"939",313,313,3,15.4862985528282,28.0610052234811,29.8647377908374,31.1869601212572,33.2709461656237,35.1782014644756,39.1107500891362,40.6419767010054,43.9177289498307,1,1,1,1,1,1,1,1,0.836363636363636,0.8,0.8,0.763636363636364,0.745454545454545,0.690909090909091,0.672727272727273,0.636363636363636,0,0,0,0,0,0,0,0,2939,13.696577,-1.78972155282822
"940",314,314,1,15.4388127387285,28.0122374014759,29.8157860759216,31.1378736040335,33.2216471832782,35.1287080349407,39.0608557310899,40.5919262323895,43.867344513959,0,1,1,1,1,1,1,1,0,1,1,0.954545454545455,0.931818181818182,0.886363636363636,0.863636363636364,0.795454545454545,0,0,0,0,0,0,0,0,2940,30.745971,15.3071582612715
"941",314,314,2,16.8987051810052,29.4721298437526,31.2756785181983,32.5977660463102,34.6815396255549,36.5886004772174,40.5207481733666,42.0518186746662,45.3272369562358,1,1,1,1,1,1,1,1,0.833333333333333,0.796296296296296,0.796296296296296,0.759259259259259,0.740740740740741,0.703703703703704,0.685185185185185,0.62962962962963,1,0,0,0,0,0,0,0,2941,14.396198,-2.50250718100519
"942",314,314,3,15.4987193495064,28.0721440122539,29.8756926866995,31.1977802148114,33.2815537940562,35.1886146457186,39.1207623418679,40.6518328431675,43.927251124737,1,1,1,1,1,1,1,1,0.836363636363636,0.8,0.8,0.763636363636364,0.745454545454545,0.690909090909091,0.672727272727273,0.636363636363636,1,0,0,0,0,0,0,0,2942,12.635048,-2.86367134950643
"943",315,315,1,15.3527394330226,27.9331145887726,29.7376602511335,31.0604786191207,33.1454040924651,35.0535191527828,38.9878405101087,40.519757375473,43.796986283221,1,1,1,1,1,1,1,1,0.836363636363636,0.8,0.8,0.763636363636364,0.745454545454545,0.709090909090909,0.690909090909091,0.636363636363636,0,0,0,0,0,0,0,0,2943,13.307195,-2.04554443302262
"944",315,315,2,15.4102635436729,27.9906386994229,29.7951843617837,31.118002729771,33.2029282031154,35.111043263433,39.0453646207589,40.5772814861233,43.8545103938712,1,1,1,1,1,1,1,1,0.851851851851852,0.814814814814815,0.814814814814815,0.777777777777778,0.759259259259259,0.722222222222222,0.703703703703704,0.648148148148148,0,0,0,0,0,0,0,0,2944,14.112278,-1.29798554367285
"945",315,315,3,15.4791646673476,28.0595398230976,29.8640854854585,31.1869038534457,33.2718293267901,35.1799443871078,39.1142657444337,40.646182609798,43.923411517546,1,1,1,1,1,1,1,1,0.793103448275862,0.758620689655172,0.758620689655172,0.724137931034483,0.706896551724138,0.655172413793103,0.637931034482759,0.603448275862069,0,0,0,0,0,0,0,0,2945,8.616611,-6.86255366734761
"946",316,316,1,15.0092761293098,27.5910812660713,29.395832046801,30.7188007763732,32.8039632381857,34.7122951893568,38.6470637515367,40.1791547462097,43.4567561686919,1,1,1,1,1,1,1,1,0.836363636363636,0.818181818181818,0.8,0.781818181818182,0.745454545454545,0.709090909090909,0.690909090909091,0.654545454545455,0,0,0,0,0,0,0,0,2946,12.989549,-2.01972712930981
"947",316,316,2,15.3836097664085,27.96541490317,29.7701656838997,31.0931344134719,33.1782968752844,35.0866288264555,39.0213973886354,40.5534883833084,43.8310898057906,1,1,1,1,1,1,1,1,0.836363636363636,0.8,0.8,0.763636363636364,0.745454545454545,0.709090909090909,0.690909090909091,0.636363636363636,0,0,0,0,0,0,0,0,2947,13.082465,-2.30114476640851
"948",316,316,3,15.3915635915541,27.9733687283156,29.7781195090453,31.1010882386175,33.1862507004301,35.0945826516011,39.029351213781,40.561442208454,43.8390436309362,1,1,1,1,1,1,1,1,0.836363636363636,0.8,0.8,0.763636363636364,0.745454545454545,0.709090909090909,0.690909090909091,0.636363636363636,0,0,0,0,0,0,0,0,2948,12.783677,-2.60788659155413
"949",317,317,1,15.3664859485793,27.947679730589,29.752342817784,31.0752472637967,33.160308406763,35.0685476313505,39.0031250016122,40.5351415513944,43.8125837139626,1,1,1,1,1,1,1,1,0.836363636363636,0.8,0.8,0.763636363636364,0.745454545454545,0.709090909090909,0.690909090909091,0.636363636363636,0,0,0,0,0,0,0,0,2949,13.154834,-2.21165194857931
"950",317,317,2,15.3982604088638,27.9794541908735,29.7841172780685,31.1070217240812,33.1920828670475,35.100322091635,39.0348994618967,40.5669160116789,43.8443581742471,1,1,1,1,1,1,1,1,0.821428571428571,0.785714285714286,0.785714285714286,0.75,0.732142857142857,0.696428571428571,0.678571428571429,0.625,0,0,0,0,0,0,0,0,2950,12.474975,-2.92328540886381
"951",317,317,3,15.3400582119645,27.9212519939742,29.7259150811692,31.0488195271818,33.1338806701482,35.0421198947356,38.9766972649974,40.5087138147796,43.7861559773478,1,1,1,1,1,1,1,1,0.836363636363636,0.8,0.8,0.763636363636364,0.745454545454545,0.709090909090909,0.690909090909091,0.636363636363636,0,0,0,0,0,0,0,0,2951,13.014176,-2.32588221196449
"952",318,318,1,15.3864331924662,27.9670417527073,29.7716208949172,31.0944638052368,33.1794279603345,35.0875784220308,39.0219727730682,40.5539180601824,43.8312077705643,1,1,1,1,1,1,1,1,0.978723404255319,0.936170212765957,0.936170212765957,0.893617021276596,0.872340425531915,0.829787234042553,0.808510638297872,0.74468085106383,0,0,0,0,0,0,0,0,2952,25.74194,10.3555068075338
"953",318,318,2,16.473252563798,29.053861124039,30.858440266249,32.1812831765686,34.2662473316663,36.1743977933626,40.1087921443999,41.6407374315142,44.9180271418961,1,1,1,1,1,1,1,1,0.818181818181818,0.8,0.781818181818182,0.763636363636364,0.727272727272727,0.690909090909091,0.672727272727273,0.636363636363636,0,0,0,0,0,0,0,0,2953,12.894759,-3.57849356379799
"954",318,318,3,15.3762362160872,27.9568447763282,29.7614239185382,31.0842668288577,33.1692309839555,35.0773814456518,39.0117757966891,40.5437210838034,43.8210107941852,1,1,1,1,1,1,1,1,0.779661016949153,0.745762711864407,0.745762711864407,0.711864406779661,0.694915254237288,0.661016949152542,0.644067796610169,0.593220338983051,0,0,0,0,0,0,0,0,2954,7.336515,-8.03972121608716
"955",319,319,1,14.8931443790369,27.4687924449145,29.2726600472478,30.5949813647708,32.6791234250637,34.586521509038,38.5193645407645,40.0507057866732,43.326703272036,1,1,1,1,1,1,1,1,0.836363636363636,0.818181818181818,0.8,0.781818181818182,0.745454545454545,0.709090909090909,0.690909090909091,0.654545454545455,0,0,0,0,0,0,0,0,2955,13.465283,-1.42786137903688
"956",319,319,2,15.4192745442911,27.9949226101687,29.798790212502,31.1211115300251,33.205253590318,35.1126516742923,39.0454947060188,40.5768359519274,43.8528334372903,1,1,1,1,1,1,1,1,0.836363636363636,0.8,0.8,0.763636363636364,0.745454545454545,0.709090909090909,0.690909090909091,0.636363636363636,0,0,0,0,0,0,0,0,2956,12.52463,-2.89464454429111
"957",319,319,3,15.3385232549069,27.9141713207845,29.7180389231178,31.0403602406408,33.1245023009337,35.031900384908,38.9647434166345,40.4960846625432,43.772082147906,1,1,1,1,1,1,1,1,0.836363636363636,0.8,0.8,0.763636363636364,0.745454545454545,0.709090909090909,0.690909090909091,0.636363636363636,0,0,0,0,0,0,0,0,2957,13.201968,-2.13655525490687
"958",320,320,1,15.3978060190757,27.972658594565,29.7764120907042,31.0986497629238,33.1826599878657,35.089937416679,39.0225316708623,40.5537760496166,43.8295663071294,1,1,1,1,1,1,1,1,0.836363636363636,0.8,0.8,0.763636363636364,0.745454545454545,0.709090909090909,0.690909090909091,0.636363636363636,0,0,0,0,0,0,0,0,2958,13.483792,-1.91401401907573
"959",320,320,2,15.4220029699548,27.9968555454441,29.8006090415833,31.1228467138029,33.2068569387448,35.1141343675581,39.0467286217413,40.5779730004956,43.8537632580084,1,1,1,1,1,1,1,1,0.836363636363636,0.8,0.8,0.763636363636364,0.745454545454545,0.709090909090909,0.690909090909091,0.636363636363636,0,0,0,0,0,0,0,0,2959,12.91088,-2.5111229699548
"960",320,320,3,15.372813676204,27.9476662516933,29.7514197478325,31.0736574200521,33.157667644994,35.0649450738073,38.9975393279905,40.5287837067448,43.8045739642576,1,1,1,1,1,1,1,1,0.836363636363636,0.8,0.8,0.763636363636364,0.745454545454545,0.709090909090909,0.690909090909091,0.636363636363636,0,0,0,0,0,0,0,0,2960,13.139429,-2.233384676204
"961",321,321,1,15.3944935596904,27.9691511713847,29.7728767016591,31.0950938735609,33.1790717874646,35.086319645351,39.018852927567,40.550073565509,43.8258130343151,1,1,1,1,1,1,1,1,0.836363636363636,0.8,0.8,0.763636363636364,0.745454545454545,0.709090909090909,0.690909090909091,0.636363636363636,0,0,0,0,0,0,0,0,2961,13.342104,-2.05238955969036
"962",321,321,2,15.411903803246,27.9865614149404,29.7902869452148,31.1125041171166,33.1964820310203,35.1037298889067,39.0362631711227,40.5674838090647,43.8432232778707,1,1,1,1,1,1,1,1,0.821428571428571,0.785714285714286,0.785714285714286,0.75,0.732142857142857,0.696428571428571,0.678571428571429,0.625,0,0,0,0,0,0,0,0,2962,12.41657,-2.99533380324602
"963",321,321,3,15.332398327193,27.9070559388874,29.7107814691618,31.0329986410636,33.1169765549673,35.0242244128537,38.9567576950697,40.4879783330117,43.7637178018177,1,1,1,1,1,1,1,1,0.807017543859649,0.771929824561403,0.771929824561403,0.736842105263158,0.719298245614035,0.684210526315789,0.666666666666667,0.614035087719298,0,0,0,0,0,0,0,0,2963,10.276378,-5.05602032719305
"964",322,322,1,15.1446775426314,27.7203149931732,29.5241810728287,30.846501274156,32.9306415751862,34.8380380490907,38.7708777610321,40.3022177143074,43.5782124343405,0,0,1,1,1,1,1,1,0,0,1,0.954545454545455,0.931818181818182,0.886363636363636,0.863636363636364,0.818181818181818,0,0,0,0,0,0,0,0,2964,29.937271,14.7925934573686
"965",322,322,2,16.8372997376682,29.4129371882099,31.2168032678654,32.5391234691927,34.623263770223,36.5306602441274,40.4634999560688,41.9948399093441,45.2708346293773,1,1,1,1,1,1,1,1,0.818181818181818,0.8,0.781818181818182,0.745454545454545,0.727272727272727,0.690909090909091,0.672727272727273,0.636363636363636,1,1,0,0,0,0,0,0,2965,13.14089,-3.69640973766816
"966",322,322,3,15.3912856997049,27.9669231502467,29.7707892299021,31.0931094312295,33.1772497322597,35.0846462061642,39.0174859181056,40.5488258713809,43.824820591414,1,1,1,1,1,1,1,1,0.836363636363636,0.8,0.8,0.763636363636364,0.745454545454545,0.709090909090909,0.690909090909091,0.636363636363636,1,1,0,0,0,0,0,0,2966,13.117457,-2.27382869970492
"967",323,323,1,15.3821359219382,27.9163223555808,29.7142426465122,31.0322043000342,33.1094749902651,35.0105844251401,38.930460960781,40.4567534086292,43.7219500030774,1,1,1,1,1,1,1,1,0.836363636363636,0.8,0.8,0.763636363636364,0.745454545454545,0.709090909090909,0.690909090909091,0.654545454545455,0,0,0,0,0,0,0,0,2967,13.64955,-1.73258592193818
"968",323,323,2,15.4264038848707,27.9605903185133,29.7585106094447,31.0764722629667,33.1537429531976,35.0548523880726,38.9747289237135,40.5010213715617,43.7662179660099,1,1,1,1,1,1,1,1,0.836363636363636,0.8,0.8,0.763636363636364,0.745454545454545,0.709090909090909,0.690909090909091,0.636363636363636,0,0,0,0,0,0,0,0,2968,12.83074,-2.5956638848707
"969",323,323,3,15.3582822393524,27.892468672995,29.6903889639264,31.0083506174484,33.0856213076793,34.9867307425543,38.9066072781952,40.4328997260434,43.6980963204916,1,1,1,1,1,1,1,1,0.836363636363636,0.8,0.8,0.763636363636364,0.745454545454545,0.709090909090909,0.690909090909091,0.654545454545455,0,0,0,0,0,0,0,0,2969,13.584463,-1.77381923935239
"970",324,324,1,15.4211202766245,27.9547908508188,29.7526371461882,31.0705445574204,33.1477297550892,35.0487609475294,38.9684761559587,40.494705787414,43.7597679987873,1,1,1,1,1,1,1,1,0.836363636363636,0.8,0.8,0.763636363636364,0.745454545454545,0.709090909090909,0.690909090909091,0.636363636363636,0,0,0,0,0,0,0,0,2970,13.48665,-1.93447027662451
"971",324,324,2,15.4129989405184,27.9466695147127,29.7445158100821,31.0624232213143,33.1396084189831,35.0406396114233,38.9603548198526,40.4865844513079,43.7516466626812,1,1,1,1,1,1,1,1,0.836363636363636,0.8,0.8,0.763636363636364,0.745454545454545,0.709090909090909,0.690909090909091,0.636363636363636,0,0,0,0,0,0,0,0,2971,13.321415,-2.09158394051841
"972",324,324,3,15.3992796090237,27.932950183218,29.7307964785874,31.0487038898196,33.1258890874884,35.0269202799286,38.9466354883579,40.4728651198132,43.7379273311865,1,1,1,1,1,1,1,1,0.779661016949153,0.745762711864407,0.745762711864407,0.711864406779661,0.694915254237288,0.661016949152542,0.644067796610169,0.610169491525424,0,0,0,0,0,0,0,0,2972,7.150318,-8.24896160902371
"973",325,325,1,14.8823608730185,27.4188890490253,29.2171452425807,30.5353531288083,32.6130119122595,34.5144765284241,38.4350854084414,39.9616630111103,43.2274696371096,1,1,1,1,1,1,1,1,0.851851851851852,0.833333333333333,0.814814814814815,0.796296296296296,0.759259259259259,0.722222222222222,0.703703703703704,0.666666666666667,0,0,0,0,0,0,0,0,2973,14.353847,-0.52851387301849
"974",325,325,2,15.4836390191405,28.0201671951473,29.8184233887027,31.1366312749303,33.2142900583816,35.1157546745462,39.0363635545634,40.5629411572323,43.8287477832317,1,1,1,1,1,1,1,1,0.836363636363636,0.8,0.8,0.763636363636364,0.745454545454545,0.709090909090909,0.690909090909091,0.636363636363636,0,0,0,0,0,0,0,0,2974,12.83358,-2.65005901914054
"975",325,325,3,15.3567424211855,27.8932705971923,29.6915267907477,31.0097346769753,33.0873934604265,34.9888580765911,38.9094669566084,40.4360445592773,43.7018511852766,1,1,1,1,1,1,1,1,0.836363636363636,0.8,0.8,0.763636363636364,0.745454545454545,0.709090909090909,0.690909090909091,0.654545454545455,0,0,0,0,0,0,0,0,2975,13.528356,-1.82838642118549
"976",326,326,1,15.4158130407182,27.9517164783753,29.749883058635,31.0680252540263,33.1455805005891,35.0469503602271,38.9673638628091,40.4938653908616,43.7595092704759,0,0,0,0,0,0,0,0,0,0,0,0,0,0,0,0,0,0,0,0,0,0,0,0,2976,64.123667,48.7078539592818
"977",326,326,2,19.6244037189126,32.1603071565697,33.9584737368294,35.2766159322207,37.3541711787835,39.2555410384215,43.1759545410035,44.702456069056,47.9680999486703,1,1,1,1,1,1,1,1,0.781818181818182,0.763636363636364,0.745454545454545,0.727272727272727,0.690909090909091,0.654545454545455,0.636363636363636,0.6,1,1,1,1,1,1,1,1,2977,13.216108,-6.40829571891261
"978",326,326,3,15.3898398033547,27.9257432410118,29.7239098212715,31.0420520166628,33.1196072632256,35.0209771228635,38.9413906254456,40.4678921534981,43.7335360331123,1,1,1,1,1,1,1,1,0.836363636363636,0.8,0.8,0.763636363636364,0.745454545454545,0.709090909090909,0.690909090909091,0.654545454545455,1,1,1,1,1,1,1,1,2978,13.550716,-1.8391238033547
"979",327,327,1,15.4440138855584,28.1084226340629,29.9250221861862,31.2566766324817,33.3555288588824,35.2763896252639,39.2369912130768,40.7791408796418,44.0782608133717,1,1,1,1,1,1,1,1,0.851851851851852,0.814814814814815,0.796296296296296,0.777777777777778,0.759259259259259,0.703703703703704,0.685185185185185,0.648148148148148,0,0,0,0,0,0,0,0,2979,15.296327,-0.147686885558411
"980",327,327,2,15.5834884372867,28.2478971857912,30.0644967379145,31.39615118421,33.4950034106107,35.4158641769922,39.3764657648051,40.9186154313701,44.2177353651,1,1,1,1,1,1,1,1,0.865384615384615,0.846153846153846,0.826923076923077,0.807692307692308,0.788461538461538,0.730769230769231,0.711538461538462,0.673076923076923,0,0,0,0,0,0,0,0,2980,18.535399,2.9519105627133
"981",327,327,3,15.8422907221117,28.5066994706162,30.3232990227395,31.654953469035,33.7538056954357,35.6746664618172,39.6352680496301,41.1774177161951,44.4765376499249,0,0,0,0,0,0,0,1,0,0,0,0,0,0,0,0.972222222222222,0,0,0,0,0,0,0,0,2981,42.596053,26.7537622778883
"982",328,328,1,17.8000469588222,30.501942898588,32.3239196630399,33.6595158634207,35.7645807821313,37.6911273784923,41.6634525163091,43.2101670118094,46.5190524815707,1,1,1,1,1,1,1,1,0.814814814814815,0.796296296296296,0.777777777777778,0.759259259259259,0.722222222222222,0.685185185185185,0.666666666666667,0.62962962962963,1,1,1,1,1,1,1,0,2982,14.442361,-3.35768595882217
"983",328,328,2,15.5342724296866,28.2361683694525,30.0581451339043,31.3937413342851,33.4988062529957,35.4253528493567,39.3976779871735,40.9443924826738,44.2532779524351,1,1,1,1,1,1,1,1,0.818181818181818,0.8,0.781818181818182,0.763636363636364,0.745454545454545,0.690909090909091,0.672727272727273,0.636363636363636,1,1,1,1,1,1,1,0,2983,13.057486,-2.4767864296866
"984",328,328,3,15.4228193918031,28.124715331569,29.9466920960208,31.2822882964016,33.3873532151122,35.3138998114732,39.28622494929,40.8329394447903,44.1418249145516,1,1,1,1,1,1,1,1,0.836363636363636,0.8,0.781818181818182,0.763636363636364,0.745454545454545,0.690909090909091,0.672727272727273,0.636363636363636,0,0,0,0,0,0,0,0,2984,13.829195,-1.59362439180309
"985",329,329,1,15.4849963803917,28.186804611168,30.0087687945262,31.3443557723631,33.449406155203,35.375939448396,39.3482371565578,40.8949409717025,44.2038035929848,1,1,1,1,1,1,1,1,0.833333333333333,0.814814814814815,0.796296296296296,0.777777777777778,0.759259259259259,0.703703703703704,0.685185185185185,0.648148148148148,0,0,0,0,0,0,0,0,2985,15.242463,-0.24253338039172
"986",329,329,2,15.5977897540924,28.2995979848686,30.1215621682269,31.4571491460637,33.5621995289036,35.4887328220966,39.4610305302584,41.0077343454031,44.3165969666855,1,1,1,1,1,1,1,1,0.818181818181818,0.8,0.781818181818182,0.763636363636364,0.745454545454545,0.690909090909091,0.672727272727273,0.636363636363636,0,0,0,0,0,0,0,0,2986,12.621057,-2.97673275409235
"987",329,329,3,15.3885744979774,28.0903827287536,29.9123469121119,31.2479338899488,33.3529842727886,35.2795175659817,39.2518152741434,40.7985190892881,44.1073817105705,1,1,1,1,1,1,1,1,0.836363636363636,0.8,0.8,0.763636363636364,0.745454545454545,0.690909090909091,0.672727272727273,0.636363636363636,0,0,0,0,0,0,0,0,2987,13.031373,-2.35720149797739
"988",330,330,1,15.4249042163048,28.1265075484852,29.9484423409177,31.2840077737988,33.3890241991217,35.3155264145375,39.2877600437738,40.8344389083419,44.1432481528693,0,1,1,1,1,1,1,1,0,1,0.977272727272727,0.954545454545455,0.931818181818182,0.863636363636364,0.840909090909091,0.795454545454545,0,0,0,0,0,0,0,0,2988,30.62982,15.2049157836952
"989",330,330,2,16.8221758913727,29.5237792235531,31.3457140159856,32.6812794488667,34.7862958741897,36.7127980896054,40.6850317188418,42.2317105834098,45.5405198279372,1,1,1,1,1,1,1,1,0.818181818181818,0.781818181818182,0.781818181818182,0.745454545454545,0.727272727272727,0.672727272727273,0.654545454545455,0.618181818181818,1,0,0,0,0,0,0,0,2989,13.271104,-3.55107189137271
"990",330,330,3,15.4439382444742,28.1455415766546,29.9674763690871,31.3030418019682,33.4080582272911,35.3345604427069,39.3067940719432,40.8534729365113,44.1622821810387,1,1,1,1,1,1,1,1,0.76271186440678,0.745762711864407,0.728813559322034,0.711864406779661,0.694915254237288,0.644067796610169,0.627118644067797,0.593220338983051,1,0,0,0,0,0,0,0,2990,6.527222,-8.91671624447418
"991",331,331,1,14.9032116858423,27.6100068981494,29.4326864207387,30.7687977764807,32.8746746438013,34.8019643321294,38.7758216430616,40.3231327247639,43.633294471059,1,1,1,1,1,1,1,1,0.851851851851852,0.833333333333333,0.814814814814815,0.777777777777778,0.759259259259259,0.722222222222222,0.703703703703704,0.666666666666667,0,0,0,0,0,0,0,0,2991,15.487323,0.584111314157719
"992",331,331,2,15.6154922920968,28.3222875044039,30.1449670269932,31.4810783827352,33.5869552500559,35.5142449383839,39.4881022493161,41.0354133310184,44.3455750773136,1,1,1,1,1,1,1,1,0.818181818181818,0.8,0.781818181818182,0.763636363636364,0.745454545454545,0.690909090909091,0.672727272727273,0.636363636363636,0,0,0,0,0,0,0,0,2992,12.694379,-2.92111329209682
"993",331,331,3,15.3934680263486,28.1002632386557,29.922942761245,31.259054116987,33.3649309843077,35.2922206726357,39.2660779835679,40.8133890652702,44.1235508115654,1,1,1,1,1,1,1,1,0.836363636363636,0.8,0.781818181818182,0.763636363636364,0.745454545454545,0.690909090909091,0.672727272727273,0.636363636363636,0,0,0,0,0,0,0,0,2993,13.429819,-1.96364902634859
"994",332,332,1,15.4525561055317,28.1589484687602,29.9815702061445,31.3176392025646,33.4234493063511,35.3506778929724,39.3244092189705,40.8716712455938,44.1817280483853,1,1,1,1,1,1,1,1,0.833333333333333,0.814814814814815,0.796296296296296,0.777777777777778,0.759259259259259,0.703703703703704,0.685185185185185,0.648148148148148,0,0,0,0,0,0,0,0,2994,14.777401,-0.675155105531722
"995",332,332,2,15.5594444544511,28.2658368176795,30.0884585550638,31.4245275514839,33.5303376552705,35.4575662418917,39.4312975678899,40.9785595945131,44.2886163973047,1,1,1,1,1,1,1,1,0.818181818181818,0.8,0.781818181818182,0.763636363636364,0.745454545454545,0.690909090909091,0.672727272727273,0.636363636363636,0,0,0,0,0,0,0,0,2995,13.03443,-2.52501445445107
"996",332,332,3,15.4211943944144,28.1275867576429,29.9502084950272,31.2862774914473,33.3920875952338,35.3193161818551,39.2930475078532,40.8403095344765,44.150366337268,1,1,1,1,1,1,1,1,0.818181818181818,0.8,0.781818181818182,0.763636363636364,0.745454545454545,0.690909090909091,0.672727272727273,0.636363636363636,0,0,0,0,0,0,0,0,2996,12.71481,-2.70638439441442
"997",333,333,1,15.3978184647836,28.1038817040672,29.9264562314772,31.2624906207259,33.368246179327,35.2954248464229,39.2690532439035,40.8162751929841,44.1262462579106,1,1,1,1,1,1,1,1,0.851851851851852,0.814814814814815,0.796296296296296,0.777777777777778,0.759259259259259,0.703703703703704,0.685185185185185,0.648148148148148,0,0,0,0,0,0,0,0,2997,14.748379,-0.649439464783628
"998",333,333,2,15.5594517571793,28.2655149964628,30.0880895238729,31.4241239131215,33.5298794717226,35.4570581388185,39.4306865362991,40.9779084853797,44.2878795503062,1,1,1,1,1,1,1,1,0.818181818181818,0.8,0.781818181818182,0.763636363636364,0.745454545454545,0.690909090909091,0.672727272727273,0.636363636363636,0,0,0,0,0,0,0,0,2998,13.192707,-2.36674475717925
"999",333,333,3,15.4358029470097,28.1418661862933,29.9644407137033,31.300475102952,33.406230661553,35.333409328649,39.3070377261295,40.8542596752101,44.1642307401367,1,1,1,1,1,1,1,1,0.76271186440678,0.745762711864407,0.728813559322034,0.711864406779661,0.694915254237288,0.644067796610169,0.627118644067797,0.593220338983051,0,0,0,0,0,0,0,0,2999,7.626592,-7.8092109470097
