"","train_iter","test_iter","predict_iter","mean","sd"
"1",1,1,1,20.1715053254437,14.6861792333794
"2",1,1,2,20.0740745037394,14.6861792333794
"3",1,1,3,20.1997583591272,14.6861792333794
"4",2,2,1,20.1615704231821,14.6862531649405
"5",2,2,2,20.061015478633,14.6862531649405
"6",2,2,3,20.2123978033943,14.6862531649405
"7",3,3,1,20.1390040232209,14.6420549708585
"8",3,3,2,20.0633473827299,14.6420549708585
"9",3,3,3,20.1535479102112,14.6420549708585
"10",4,4,1,20.1465047918468,14.6422559662565
"11",4,4,2,17.2480625856631,14.6422559662565
"12",4,4,3,20.1751695933386,14.6422559662565
"13",5,5,1,20.1645865423842,14.6623813958495
"14",5,5,2,20.0772563459003,14.6623813958495
"15",5,5,3,20.20903425623,14.6623813958495
"16",6,6,1,20.0633359064859,14.6621227522431
"17",6,6,2,20.174788011608,14.6621227522431
"18",6,6,3,20.1936910482879,14.6621227522431
"19",7,7,1,19.6378516082254,14.6324042035097
"20",7,7,2,20.1684211876453,14.6324042035097
"21",7,7,3,20.1557780095799,14.6324042035097
"22",8,8,1,20.0159158895128,14.6329851442582
"23",8,8,2,17.2790247373399,14.6329851442582
"24",8,8,3,20.1437030757454,14.6329851442582
"25",9,9,1,20.0528599745542,14.6523292723273
"26",9,9,2,20.1588416374135,14.6523292723273
"27",9,9,3,20.1868781201781,14.6523292723273
"28",10,10,1,20.0464245872349,14.6528413251103
"29",10,10,2,20.1618027964129,14.6528413251103
"30",10,10,3,20.2077963694662,14.6528413251103
"31",11,11,1,18.940545434483,14.6115596584868
"32",11,11,2,20.1454378474584,14.6115596584868
"33",11,11,3,20.0936571827173,14.6115596584868
"34",12,12,1,20.0404795286008,14.6116706244729
"35",12,12,2,17.9952860808132,14.6116706244729
"36",12,12,3,20.1496563660563,14.6116706244729
"37",13,13,1,20.1648406909359,14.6207031651577
"38",13,13,2,20.1390258217214,14.6207031651577
"39",13,13,3,20.1505244516138,14.6207031651577
"40",14,14,1,20.1992171076175,14.6213392926604
"41",14,14,2,20.1678873042267,14.6213392926604
"42",14,14,3,20.1401562984581,14.6213392926604
"43",15,15,1,16.7983395509576,14.6247549781665
"44",15,15,2,20.1813539312669,14.6247549781665
"45",15,15,3,20.180135747059,14.6247549781665
"46",16,16,1,20.1916229814423,14.624855861081
"47",16,16,2,17.6769794858338,14.624855861081
"48",16,16,3,20.1942928495693,14.624855861081
"49",17,17,1,20.0723791437526,14.6366593950363
"50",17,17,2,20.1359189489608,14.6366593950363
"51",17,17,3,20.1668324574966,14.6366593950363
"52",18,18,1,20.0792064696656,14.63656676743
"53",18,18,2,20.1566059804709,14.63656676743
"54",18,18,3,20.1824333842951,14.63656676743
"55",19,19,1,20.0348590912561,14.6128782491086
"56",19,19,2,18.8629979858611,14.6128782491086
"57",19,19,3,20.149841844592,14.6128782491086
"58",20,20,1,20.0373488636478,14.6085823806654
"59",20,20,2,18.6291964594323,14.6085823806654
"60",20,20,3,20.1669445770367,14.6085823806654
"61",21,21,1,20.0487972015671,14.6107192743187
"62",21,21,2,20.151172106339,14.6107192743187
"63",21,21,3,20.1780243907118,14.6107192743187
"64",22,22,1,20.0827226851213,14.6107456428782
"65",22,22,2,20.1263186451983,14.6107456428782
"66",22,22,3,20.1841899416289,14.6107456428782
"67",23,23,1,19.9731023870878,14.5967960826234
"68",23,23,2,19.608317578815,14.5967960826234
"69",23,23,3,19.8851013337928,14.5967960826234
"70",24,24,1,20.0192921028411,14.5923852202647
"71",24,24,2,14.6424066186683,14.5923852202647
"72",24,24,3,20.1369599107096,14.5923852202647
"73",25,25,1,20.0322316995945,14.6546773728139
"74",25,25,2,20.1126644605432,14.6546773728139
"75",25,25,3,20.1372739911433,14.6546773728139
"76",26,26,1,20.0547666937103,14.6539986013054
"77",26,26,2,20.1450420584988,14.6539986013054
"78",26,26,3,20.6394511705618,14.6539986013054
"79",27,27,1,20.048901769242,14.6490237549768
"80",27,27,2,18.6565848204648,14.6490237549768
"81",27,27,3,20.1483018631724,14.6490237549768
"82",28,28,1,20.1267403573161,14.64952088616
"83",28,28,2,17.4726695243144,14.64952088616
"84",28,28,3,20.1565890571787,14.64952088616
"85",29,29,1,20.1776397377613,14.6616373184722
"86",29,29,2,20.1662878381453,14.6616373184722
"87",29,29,3,17.8165997192609,14.6616373184722
"88",30,30,1,20.1820799435622,14.6706184091049
"89",30,30,2,20.1924567836201,14.6706184091049
"90",30,30,3,20.2157162288255,14.6706184091049
"91",31,31,1,20.1890187132878,14.6444849026613
"92",31,31,2,18.966200340652,14.6444849026613
"93",31,31,3,20.1546187412747,14.6444849026613
"94",32,32,1,20.1945309558103,14.6459178008069
"95",32,32,2,17.8660444727211,14.6459178008069
"96",32,32,3,20.6240040940107,14.6459178008069
"97",33,33,1,20.1999710964304,14.656016637223
"98",33,33,2,20.1823192115367,14.656016637223
"99",33,33,3,20.1995341526728,14.656016637223
"100",34,34,1,20.1916865629488,14.6567170044679
"101",34,34,2,20.2157467235856,14.6567170044679
"102",34,34,3,20.2382630913247,14.6567170044679
"103",35,35,1,20.163637415547,14.6239017573773
"104",35,35,2,18.1802837749216,14.6239017573773
"105",35,35,3,20.5526096310231,14.6239017573773
"106",36,36,1,20.1456542491943,14.6285417066897
"107",36,36,2,14.2837305443782,14.6285417066897
"108",36,36,3,20.1659148771505,14.6285417066897
"109",37,37,1,20.203238792291,14.703551940384
"110",37,37,2,20.2120398933749,14.703551940384
"111",37,37,3,20.2019389426114,14.703551940384
"112",38,38,1,20.2111838520208,14.7041455228656
"113",38,38,2,20.2218430799945,14.7041455228656
"114",38,38,3,20.7311387111521,14.7041455228656
"115",39,39,1,20.1951240587052,14.6818811197898
"116",39,39,2,18.8821817658497,14.6818811197898
"117",39,39,3,20.0669656583708,14.6818811197898
"118",40,40,1,20.2349905819659,14.68334943321
"119",40,40,2,18.0104163715945,14.68334943321
"120",40,40,3,20.1203564499219,14.68334943321
"121",41,41,1,20.2484487352236,14.6893544162094
"122",41,41,2,20.1659297589665,14.6893544162094
"123",41,41,3,20.7372500186688,14.6893544162094
"124",42,42,1,20.2598896537305,14.6923966346703
"125",42,42,2,20.2333629412505,14.6923966346703
"126",42,42,3,20.1200563510492,14.6923966346703
"127",43,43,1,20.1753099506396,14.662308014217
"128",43,43,2,18.7749084379532,14.662308014217
"129",43,43,3,20.0726286278672,14.662308014217
"130",44,44,1,20.2212751424452,14.6641413893137
"131",44,44,2,16.9583110462248,14.6641413893137
"132",44,44,3,20.0780312485681,14.6641413893137
"133",45,45,1,20.2195158151732,14.6818079948878
"134",45,45,2,20.159146292613,14.6818079948878
"135",45,45,3,20.0918065737291,14.6818079948878
"136",46,46,1,20.2183555909089,14.6822232126363
"137",46,46,2,20.1818412733955,14.6822232126363
"138",46,46,3,20.1095905991457,14.6822232126363
"139",47,47,1,20.2010911263775,14.6393666094812
"140",47,47,2,18.7192215523116,14.6393666094812
"141",47,47,3,20.0513125372804,14.6393666094812
"142",48,48,1,20.2101206772544,14.6395545946302
"143",48,48,2,18.3988912376306,14.6395545946302
"144",48,48,3,20.1095948856134,14.6395545946302
"145",49,49,1,20.217654143072,14.6426508930437
"146",49,49,2,19.6191386317852,14.6426508930437
"147",49,49,3,20.1905378236577,14.6426508930437
"148",50,50,1,20.1949143230782,14.6422959179272
"149",50,50,2,20.1560686683923,14.6422959179272
"150",50,50,3,20.2113996646035,14.6422959179272
"151",51,51,1,20.1662238000148,14.6187318682945
"152",51,51,2,19.6155753598409,14.6187318682945
"153",51,51,3,20.1537684660548,14.6187318682945
"154",52,52,1,20.1825437781929,14.6170633520566
"155",52,52,2,17.4451368653594,14.6170633520566
"156",52,52,3,20.1862508385207,14.6170633520566
"157",53,53,1,20.1892272596852,14.6283003089485
"158",53,53,2,19.9447502821477,14.6283003089485
"159",53,53,3,20.2158960908879,14.6283003089485
"160",54,54,1,20.2527411384274,14.6264028902721
"161",54,54,2,20.1713478609997,14.6264028902721
"162",54,54,3,20.2268531087274,14.6264028902721
"163",55,55,1,20.186651063383,14.6069573604192
"164",55,55,2,18.7806327148998,14.6069573604192
"165",55,55,3,20.174774355852,14.6069573604192
"166",56,56,1,20.2095933510173,14.6088696052323
"167",56,56,2,17.9817186034803,14.6088696052323
"168",56,56,3,20.2219753102971,14.6088696052323
"169",57,57,1,20.2035866985896,14.6092234645401
"170",57,57,2,20.130655913543,14.6092234645401
"171",57,57,3,20.195900893182,14.6092234645401
"172",58,58,1,20.2009064741927,14.609992985001
"173",58,58,2,19.9552595449841,14.609992985001
"174",58,58,3,20.2084921409026,14.609992985001
"175",59,59,1,20.1785624409448,14.5943045121441
"176",59,59,2,18.8495923905229,14.5943045121441
"177",59,59,3,20.1533455073188,14.5943045121441
"178",60,60,1,20.1720867190039,14.5934076362374
"179",60,60,2,17.8935640437369,14.5934076362374
"180",60,60,3,18.5819103761503,14.5934076362374
"181",61,61,1,20.1778838480593,14.6021579580046
"182",61,61,2,19.9906391245649,14.6021579580046
"183",61,61,3,17.8856584115383,14.6021579580046
"184",62,62,1,20.1458825144339,14.6080977476652
"185",62,62,2,20.0267953573904,14.6080977476652
"186",62,62,3,20.2024107432163,14.6080977476652
"187",63,63,1,20.1778189545035,14.5779227673416
"188",63,63,2,18.5880474392651,14.5779227673416
"189",63,63,3,20.1266986410076,14.5779227673416
"190",64,64,1,20.1440176990859,14.5781468080554
"191",64,64,2,18.2288631620795,14.5781468080554
"192",64,64,3,20.1403812549093,14.5781468080554
"193",65,65,1,20.1528064776565,14.5820414926929
"194",65,65,2,19.991702965928,14.5820414926929
"195",65,65,3,20.1550516828211,14.5820414926929
"196",66,66,1,20.1839821227852,14.5820821235747
"197",66,66,2,20.6641561413809,14.5820821235747
"198",66,66,3,20.1895267509318,14.5820821235747
"199",67,67,1,20.1386527242469,14.5600433249747
"200",67,67,2,18.7469630218877,14.5600433249747
"201",67,67,3,20.1253633947613,14.5600433249747
"202",68,68,1,20.1614110033915,14.56140648932
"203",68,68,2,15.9951763344469,14.56140648932
"204",68,68,3,19.7744014469074,14.56140648932
"205",69,69,1,20.1865872551206,14.5930782702382
"206",69,69,2,20.3725071167395,14.5930782702381
"207",69,69,3,20.146745917546,14.5930782702381
"208",70,70,1,20.1695094782161,14.5947109724293
"209",70,70,2,19.5060594785262,14.5947109724293
"210",70,70,3,20.1468615031346,14.5947109724293
"211",71,71,1,18.0304166103477,14.5805401021598
"212",71,71,2,18.6853995582986,14.5805401021598
"213",71,71,3,20.1358199060262,14.5805401021598
"214",72,72,1,20.1609506519618,14.5807722268669
"215",72,72,2,16.3352725823015,14.5807722268669
"216",72,72,3,20.1587383260388,14.5807722268669
"217",73,73,1,20.1709991786135,14.6060481142078
"218",73,73,2,19.5371682800847,14.6060481142078
"219",73,73,3,20.1701659536922,14.6060481142078
"220",74,74,1,20.2014708571975,14.6057848316125
"221",74,74,2,19.5631055159419,14.6057848316125
"222",74,74,3,20.1939503916668,14.6057848316125
"223",75,75,1,20.1313323433784,14.5619936474619
"224",75,75,2,19.0223675508906,14.5619936474619
"225",75,75,3,20.123957990223,14.5619936474619
"226",76,76,1,20.1754368662883,14.5601043919224
"227",76,76,2,18.0685879904772,14.5601043919224
"228",76,76,3,20.1656789389959,14.5601043919224
"229",77,77,1,20.1609233481791,14.5648086781606
"230",77,77,2,19.5271611640571,14.5648086781606
"231",77,77,3,20.1939473138193,14.5648086781606
"232",78,78,1,20.1955655320739,14.5646192309123
"233",78,78,2,19.837623303287,14.5646192309123
"234",78,78,3,20.1769513859129,14.5646192309123
"235",79,79,1,20.1470837144972,14.5580945804308
"236",79,79,2,18.4395377083446,14.5580945804308
"237",79,79,3,20.1526324450281,14.5580945804308
"238",80,80,1,20.137931670112,14.5599548685675
"239",80,80,2,16.9140985133853,14.5599548685675
"240",80,80,3,20.2041141116127,14.5599548685675
"241",81,81,1,20.0593294472373,14.5751744453063
"242",81,81,2,17.8588381764382,14.5751744453063
"243",81,81,3,20.1929481816732,14.5751744453063
"244",82,82,1,19.9963350184187,14.5764029497984
"245",82,82,2,20.1707349952936,14.5764029497984
"246",82,82,3,20.203092315381,14.5764029497984
"247",83,83,1,19.9985884211925,14.5555107077172
"248",83,83,2,18.7725621518122,14.5555107077172
"249",83,83,3,20.1728879407132,14.5555107077172
"250",84,84,1,20.032396985215,14.5549388773758
"251",84,84,2,15.334497064314,14.5549388773758
"252",84,84,3,20.198604205865,14.5549388773758
"253",85,85,1,20.0187550962734,14.5922748465297
"254",85,85,2,20.1629889524054,14.5922748465297
"255",85,85,3,20.2122388605507,14.5922748465297
"256",86,86,1,20.0454094840324,14.5929676593987
"257",86,86,2,20.1775676811717,14.5929676593987
"258",86,86,3,20.2109771740011,14.5929676593987
"259",87,87,1,20.0424967909438,14.5689368515766
"260",87,87,2,18.6672280037391,14.5689368515766
"261",87,87,3,20.1672135890957,14.5689368515766
"262",88,88,1,19.9674124791422,14.5686080702435
"263",88,88,2,15.8249024573379,14.5686080702435
"264",88,88,3,20.1904660869153,14.5686080702435
"265",89,89,1,20.0024857939091,14.5791004749853
"266",89,89,2,20.1262103438184,14.5791004749853
"267",89,89,3,20.1495625317117,14.5791004749853
"268",90,90,1,20.0299622519165,14.5791977960538
"269",90,90,2,20.1739768001597,14.5791977960538
"270",90,90,3,20.1776695350478,14.5791977960538
"271",91,91,1,19.967704269574,14.5601294967361
"272",91,91,2,19.4689787210493,14.5601294967361
"273",91,91,3,20.1226966153271,14.5601294967361
"274",92,92,1,20.2015299189282,14.5604620848446
"275",92,92,2,16.0402416682325,14.5604620848446
"276",92,92,3,20.1975231439013,14.5604620848446
"277",93,93,1,20.201682893082,14.5856030567232
"278",93,93,2,20.150947572513,14.5856030567232
"279",93,93,3,17.8967786834113,14.5856030567232
"280",94,94,1,12.6383679227221,14.6988651032692
"281",94,94,2,20.2302426425254,14.6988651032692
"282",94,94,3,20.2882783978235,14.6988651032692
"283",95,95,1,20.2297625298333,14.6861192777883
"284",95,95,2,18.644210443089,14.6861192777883
"285",95,95,3,20.1564192415742,14.6861192777883
"286",96,96,1,20.2479117455327,14.685767003088
"287",96,96,2,16.5250435373648,14.685767003088
"288",96,96,3,20.106550970647,14.685767003088
"289",97,97,1,20.6516661782761,14.7042804438573
"290",97,97,2,20.2319333234539,14.7042804438573
"291",97,97,3,20.254856852765,14.7042804438573
"292",98,98,1,20.2581766972032,14.7057861516657
"293",98,98,2,20.219870861459,14.7057861516657
"294",98,98,3,20.2732003629767,14.7057861516657
"295",99,99,1,20.1789132382549,14.6994657744656
"296",99,99,2,19.6500614981311,14.6994657744656
"297",99,99,3,19.9732249102223,14.6994657744656
"298",100,100,1,20.4945360278741,14.699591764346
"299",100,100,2,14.8723806943736,14.699591764346
"300",100,100,3,20.2118723464626,14.699591764346
"301",101,101,1,20.2485742805529,14.744639904305
"302",101,101,2,20.2192189503826,14.744639904305
"303",101,101,3,20.2241387120158,14.744639904305
"304",102,102,1,20.2583156109607,14.7449971100885
"305",102,102,2,20.2209314413114,14.7449971100885
"306",102,102,3,20.2164174220175,14.7449971100885
"307",103,103,1,20.7390382887772,14.6984568997675
"308",103,103,2,20.2130998232487,14.6984568997675
"309",103,103,3,19.9865078520696,14.6984568997675
"310",104,104,1,20.2276643063018,14.6976463941686
"311",104,104,2,16.6660258944756,14.6976463941686
"312",104,104,3,20.0700468907765,14.6976463941686
"313",105,105,1,20.2137257291674,14.7142484506547
"314",105,105,2,14.971730184429,14.7142484506547
"315",105,105,3,20.0845643237476,14.7142484506547
"316",106,106,1,20.550831335892,14.7577814807725
"317",106,106,2,20.2578405956131,14.7577814807725
"318",106,106,3,20.1605119090194,14.7577814807725
"319",107,107,1,20.2350228394024,14.6987950012541
"320",107,107,2,20.2128840860777,14.6987950012541
"321",107,107,3,19.5146077898662,14.6987950012541
"322",108,108,1,20.2465330446152,14.6975333068747
"323",108,108,2,16.4853223565696,14.6975333068747
"324",108,108,3,20.1115840991524,14.6975333068747
"325",109,109,1,20.5150114587302,14.7173251204104
"326",109,109,2,20.1836340583644,14.7173251204104
"327",109,109,3,20.1095257433391,14.7173251204104
"328",110,110,1,20.229702747721,14.7173727022048
"329",110,110,2,20.2159207606608,14.7173727022048
"330",110,110,3,20.1035291439374,14.7173727022048
"331",111,111,1,20.2718727842819,14.6727142097861
"332",111,111,2,20.2040333766631,14.6727142097861
"333",111,111,3,18.4414342161406,14.6727142097861
"334",112,112,1,20.5577399911703,14.6224023538344
"335",112,112,2,14.6490022819785,14.6224023538344
"336",112,112,3,20.1030846892722,14.6224023538344
"337",113,113,1,20.2775644406905,14.6619537907472
"338",113,113,2,20.1943659350164,14.6619537907472
"339",113,113,3,20.1534104286019,14.6619537907472
"340",114,114,1,20.254301955305,14.6627156762709
"341",114,114,2,20.2237688559061,14.6627156762709
"342",114,114,3,20.254332808328,14.6627156762709
"343",115,115,1,20.2013434445761,14.6216378526398
"344",115,115,2,20.1852361236812,14.6216378526398
"345",115,115,3,20.05133175586,14.6216378526398
"346",116,116,1,20.2146383435875,14.6164433006397
"347",116,116,2,15.2047058505046,14.6164433006397
"348",116,116,3,20.1862980753592,14.6164433006397
"349",117,117,1,20.2216877089036,14.6475749427924
"350",117,117,2,20.1432557666531,14.6475749427924
"351",117,117,3,20.2136127162114,14.6475749427924
"352",118,118,1,20.2132892593619,14.6460254924198
"353",118,118,2,20.1889919354116,14.6460254924198
"354",118,118,3,20.1578508197957,14.6460254924198
"355",119,119,1,20.187905253135,14.627860591188
"356",119,119,2,20.1579655276875,14.627860591188
"357",119,119,3,17.7265709122898,14.627860591188
"358",120,120,1,20.2032603060163,14.6328679097477
"359",120,120,2,17.2424922333457,14.6328679097477
"360",120,120,3,20.1849661168513,14.6328679097477
"361",121,121,1,20.1961275690617,14.63353811415
"362",121,121,2,20.1708550858174,14.63353811415
"363",121,121,3,20.1673726676759,14.63353811415
"364",122,122,1,20.2370630560064,14.6340204712013
"365",122,122,2,20.1831725349727,14.6340204712013
"366",122,122,3,20.2410338497906,14.6340204712013
"367",123,123,1,20.2096852317445,14.6254818705637
"368",123,123,2,20.1969667393433,14.6254818705637
"369",123,123,3,17.7552651667205,14.6254818705637
"370",124,124,1,20.2177296145499,14.6274730669813
"371",124,124,2,16.6706839549201,14.6274730669813
"372",124,124,3,20.2025734308065,14.6274730669813
"373",125,125,1,20.2483980380883,14.6404847588518
"374",125,125,2,19.9964333399348,14.6404847588518
"375",125,125,3,16.7653253536873,14.6404847588518
"376",126,126,1,20.1759743706329,14.6520804667439
"377",126,126,2,20.0797774606635,14.6520804667439
"378",126,126,3,20.2748932646067,14.6520804667439
"379",127,127,1,20.2541612473288,14.5796321949452
"380",127,127,2,20.0706062768365,14.5796321949452
"381",127,127,3,18.8018774129266,14.5796321949452
"382",128,128,1,20.0908491594513,14.5801819441829
"383",128,128,2,15.8556383261516,14.5801819441829
"384",128,128,3,20.2061188736459,14.5801819441829
"385",129,129,1,20.2687485352387,14.6020685194891
"386",129,129,2,20.0235920952218,14.6020685194891
"387",129,129,3,20.2609757780494,14.6020685194891
"388",130,130,1,20.2726340107366,14.60078500885
"389",130,130,2,20.1095714298593,14.60078500885
"390",130,130,3,19.8056016073322,14.60078500885
"391",131,131,1,20.2454978904666,14.555830605991
"392",131,131,2,20.0778475545251,14.555830605991
"393",131,131,3,18.312587067351,14.555830605991
"394",132,132,1,20.1633296281615,14.5565709749086
"395",132,132,2,11.6345645845481,14.5565709749086
"396",132,132,3,20.2724561496429,14.5565709749086
"397",133,133,1,20.3057721066971,14.6584397608817
"398",133,133,2,20.1015161950363,14.6584397608817
"399",133,133,3,20.7528674920465,14.6584397608817
"400",134,134,1,20.33266898087,14.6611135994405
"401",134,134,2,20.1061454701446,14.6611135994405
"402",134,134,3,20.3119982450892,14.6611135994405
"403",135,135,1,20.2484293232307,14.6274567937703
"404",135,135,2,20.0381160130248,14.6274567937703
"405",135,135,3,18.776880180714,14.6274567937704
"406",136,136,1,20.2623604187518,14.6260988844975
"407",136,136,2,16.846059476744,14.6260988844975
"408",136,136,3,20.7888779344596,14.6260988844975
"409",137,137,1,20.2772589051886,14.6389318986097
"410",137,137,2,20.1505043063083,14.6389318986097
"411",137,137,3,20.3202499198479,14.6389318986097
"412",138,138,1,20.3107607520047,14.6399383092075
"413",138,138,2,20.0695005727722,14.6399383092075
"414",138,138,3,20.272006040071,14.6399383092075
"415",139,139,1,20.2269075420217,14.6299833470725
"416",139,139,2,20.1130650160089,14.6299833470725
"417",139,139,3,18.3524256226887,14.6299833470725
"418",140,140,1,20.1332411747179,14.6308264991356
"419",140,140,2,17.686926379351,14.6308264991356
"420",140,140,3,20.2727777085365,14.6308264991356
"421",141,141,1,20.2708983889154,14.635996889041
"422",141,141,2,20.0554310796241,14.635996889041
"423",141,141,3,20.225059570296,14.635996889041
"424",142,142,1,20.2880407539278,14.6363942127497
"425",142,142,2,20.1150665501092,14.6363942127497
"426",142,142,3,20.8076822229524,14.6363942127497
"427",143,143,1,20.2645696257987,14.6029301871937
"428",143,143,2,20.1112359793989,14.6029301871937
"429",143,143,3,19.4406015648528,14.6029301871937
"430",144,144,1,20.2254957719431,14.602327567752
"431",144,144,2,16.4564829551095,14.602327567752
"432",144,144,3,20.2472856439499,14.602327567752
"433",145,145,1,20.2478409066857,14.6175404055108
"434",145,145,2,20.2152452415743,14.6175404055108
"435",145,145,3,20.4813198648768,14.6175404055108
"436",146,146,1,20.2492863928593,14.6195255344969
"437",146,146,2,20.2328295626918,14.6195255344969
"438",146,146,3,20.2492164748302,14.6195255344969
"439",147,147,1,20.1302878193232,14.6006828572106
"440",147,147,2,20.1904539347176,14.6006828572106
"441",147,147,3,18.4657123719256,14.6006828572106
"442",148,148,1,19.9651410561561,14.6010646983986
"443",148,148,2,17.1964298990948,14.6010646983986
"444",148,148,3,20.202428352789,14.6010646983986
"445",149,149,1,20.0808561592541,14.6092738855729
"446",149,149,2,20.150503192328,14.6092738855729
"447",149,149,3,20.2323137402323,14.6092738855729
"448",150,150,1,20.0686813096984,14.6095303724511
"449",150,150,2,20.2034690006708,14.6095303724511
"450",150,150,3,20.2456973534016,14.6095303724511
"451",151,151,1,20.0290578931504,14.5865405213021
"452",151,151,2,20.1976284532855,14.5865405213021
"453",151,151,3,19.5251188785995,14.5865405213021
"454",152,152,1,20.0184348817124,14.5866214608027
"455",152,152,2,15.2104741807927,14.5866214608027
"456",152,152,3,20.1626178946711,14.5866214608027
"457",153,153,1,20.0375980613066,14.610623460713
"458",153,153,2,20.1521297485646,14.610623460713
"459",153,153,3,20.1825885066612,14.610623460713
"460",154,154,1,20.0076279823582,14.6059752978158
"461",154,154,2,20.1961750487487,14.6059752978158
"462",154,154,3,20.1649422083897,14.6059752978158
"463",155,155,1,20.0136264030854,14.5935993253212
"464",155,155,2,20.1154770746388,14.5935993253212
"465",155,155,3,18.3147476773337,14.5935993253212
"466",156,156,1,19.880694363091,14.594142594757
"467",156,156,2,12.5010358349685,14.594142594757
"468",156,156,3,20.1580705957282,14.594142594757
"469",157,157,1,20.0810074356167,14.6788184878549
"470",157,157,2,20.1449387383786,14.6788184878549
"471",157,157,3,18.1914743157005,14.6788184878549
"472",158,158,1,20.0575534772605,14.6803164461255
"473",158,158,2,20.2230627049508,14.6803164461255
"474",158,158,3,20.2385316334676,14.6803164461255
"475",159,159,1,20.2252707199612,14.6575442061305
"476",159,159,2,20.2188153844083,14.6575442061305
"477",159,159,3,19.2893828911265,14.6575442061305
"478",160,160,1,20.0782163650278,14.6564371404088
"479",160,160,2,16.5182359666945,14.6564371404088
"480",160,160,3,20.2187097669014,14.6564371404088
"481",161,161,1,20.2133136583706,14.6686057912594
"482",161,161,2,20.1242524369055,14.6686057912594
"483",161,161,3,20.1875455134002,14.6686057912594
"484",162,162,1,20.2219564266663,14.6694009566003
"485",162,162,2,20.2156895333178,14.6694009566003
"486",162,162,3,20.223478672389,14.6694009566003
"487",163,163,1,20.1943435742225,14.6568462229686
"488",163,163,2,20.1780223384333,14.6568462229686
"489",163,163,3,18.1665757847845,14.6568462229686
"490",164,164,1,20.0806036483112,14.660010535267
"491",164,164,2,16.0694868248952,14.660010535267
"492",164,164,3,19.4972356995701,14.660010535267
"493",165,165,1,20.206500742389,14.678909900706
"494",165,165,2,20.1740813993863,14.678909900706
"495",165,165,3,20.1681437981243,14.678909900706
"496",166,166,1,20.2143027765819,14.6796701763949
"497",166,166,2,20.1608721896551,14.6796701763949
"498",166,166,3,20.1778687724601,14.6796701763949
"499",167,167,1,20.1599451019443,14.6490734667957
"500",167,167,2,20.2117676851498,14.6490734667957
"501",167,167,3,18.2339822575309,14.6490734667957
"502",168,168,1,20.1708015564804,14.6515750200726
"503",168,168,2,16.7806218523295,14.6515750200726
"504",168,168,3,20.1253456565773,14.6515750200726
"505",169,169,1,20.1885355211588,14.6601113925201
"506",169,169,2,20.1201099139196,14.6601113925201
"507",169,169,3,19.9768116471859,14.6601113925201
"508",170,170,1,20.2023471788843,14.6580175830732
"509",170,170,2,20.7353173919713,14.6580175830732
"510",170,170,3,20.0364310509763,14.6580175830732
"511",171,171,1,20.1562579898995,14.6575566441124
"512",171,171,2,20.1829580512231,14.6575566441124
"513",171,171,3,18.3308582238476,14.6575566441124
"514",172,172,1,20.1797174995508,14.6562907250203
"515",172,172,2,16.6847753302536,14.6562907250203
"516",172,172,3,17.3499802103994,14.6562907250203
"517",173,173,1,20.1850713002616,14.6780303470304
"518",173,173,2,20.7330291775837,14.6780303470304
"519",173,173,3,20.0412673934326,14.6780303470304
"520",174,174,1,20.1665818038112,14.6815091654426
"521",174,174,2,20.1632900674491,14.6815091654426
"522",174,174,3,20.0226695354184,14.6815091654426
"523",175,175,1,20.1146562814593,14.6617193958541
"524",175,175,2,20.113523041929,14.6617193958541
"525",175,175,3,18.2191915591884,14.6617193958541
"526",176,176,1,20.0153279897507,14.6645159971176
"527",176,176,2,11.7334096696155,14.6645159971176
"528",176,176,3,20.008416017929,14.6645159971176
"529",177,177,1,20.176718072283,14.7685519521965
"530",177,177,2,20.1127720308988,14.7685519521965
"531",177,177,3,20.0016084555019,14.7685519521965
"532",178,178,1,20.1392056333023,14.7688226442285
"533",178,178,2,20.1555754645752,14.7688226442285
"534",178,178,3,20.0464811229432,14.7688226442285
"535",179,179,1,20.1181507699596,14.766220917227
"536",179,179,2,20.5844755469714,14.766220917227
"537",179,179,3,19.9460475105521,14.766220917227
"538",180,180,1,19.2369254724159,14.7678210666148
"539",180,180,2,16.9074794737392,14.7678210666147
"540",180,180,3,20.1543273151484,14.7678210666147
"541",181,181,1,20.1475653134872,14.7796263208192
"542",181,181,2,20.1317281405823,14.7796263208192
"543",181,181,3,20.1753297203455,14.7796263208192
"544",182,182,1,20.1863951714291,14.7805455162841
"545",182,182,2,20.6229912619022,14.7805455162841
"546",182,182,3,20.1887196067627,14.7805455162841
"547",183,183,1,20.0878069910865,14.7775971302079
"548",183,183,2,20.1453912187304,14.7775971302079
"549",183,183,3,20.1334138354826,14.7775971302079
"550",184,184,1,18.2310188448407,14.7802970592824
"551",184,184,2,17.8436520527592,14.7802970592824
"552",184,184,3,20.1371292355277,14.7802970592824
"553",185,185,1,20.068242925505,14.7255869537561
"554",185,185,2,20.0156695094799,14.7255869537561
"555",185,185,3,20.0670923499582,14.7255869537561
"556",186,186,1,20.0070999464081,14.7258746862709
"557",186,186,2,20.0747681116921,14.7258746862709
"558",186,186,3,20.0495860735967,14.7258746862709
"559",187,187,1,20.0500751847316,14.7092447502663
"560",187,187,2,20.0576700981962,14.7092447502663
"561",187,187,3,20.0333526788294,14.7092447502663
"562",188,188,1,19.4769793153526,14.7083424536267
"563",188,188,2,17.8391816017396,14.7083424536267
"564",188,188,3,20.0073072682418,14.7083424536267
"565",189,189,1,19.9967140171825,14.7120683618001
"566",189,189,2,19.95119201247,14.7120683618001
"567",189,189,3,12.1959056378536,14.7120683618001
"568",190,190,1,19.974628696396,14.8076654954968
"569",190,190,2,19.8484652401981,14.8076654954968
"570",190,190,3,20.1168572007237,14.8076654954968
"571",191,191,1,20.0614452274232,14.7963378261204
"572",191,191,2,19.5429919369128,14.7963378261204
"573",191,191,3,20.0749267241116,14.7963378261204
"574",192,192,1,18.2986713620367,14.7970699596509
"575",192,192,2,16.3425418594054,14.7970699596509
"576",192,192,3,19.9713238778812,14.7970699596509
"577",193,193,1,20.1532461497523,14.8159800467761
"578",193,193,2,19.9485358076948,14.8159800467761
"579",193,193,3,20.1190034173621,14.8159800467761
"580",194,194,1,20.1190344213608,14.8159467569342
"581",194,194,2,19.4304893768698,14.8159467569342
"582",194,194,3,20.1104548411909,14.8159467569342
"583",195,195,1,20.0103840138014,14.7905853040116
"584",195,195,2,19.9253131849611,14.7905853040116
"585",195,195,3,20.0707479410561,14.7905853040116
"586",196,196,1,19.4428117421594,14.7901624130032
"587",196,196,2,17.353578205725,14.7901624130032
"588",196,196,3,20.0744173374228,14.7901624130032
"589",197,197,1,20.067368006607,14.7980109451076
"590",197,197,2,19.9095888245681,14.7980109451076
"591",197,197,3,20.0791616599388,14.7980109451076
"592",198,198,1,20.0045904749236,14.7971701933486
"593",198,198,2,19.916503077213,14.7971701933486
"594",198,198,3,19.8125323804302,14.7971701933486
"595",199,199,1,20.0344226260078,14.7676670964306
"596",199,199,2,19.9374559715934,14.7676670964306
"597",199,199,3,19.3311505951332,14.7676670964306
"598",200,200,1,18.4313084892634,14.7678649952159
"599",200,200,2,17.6538554897538,14.7678649952159
"600",200,200,3,19.380312031033,14.7678649952159
"601",201,201,1,20.0232553276605,14.7736900072217
"602",201,201,2,20.0535090389898,14.7736900072217
"603",201,201,3,19.4174358070315,14.7736900072217
"604",202,202,1,20.0771447321198,14.7734581169521
"605",202,202,2,20.0437958934496,14.7734581169521
"606",202,202,3,19.4268099725718,14.7734581169521
"607",203,203,1,20.0339603809667,14.7613735694086
"608",203,203,2,20.0567134487292,14.7613735694086
"609",203,203,3,19.3668987546481,14.7613735694086
"610",204,204,1,20.0179586313221,14.7584854276512
"611",204,204,2,17.2870625492083,14.7584854276512
"612",204,204,3,19.4134271692673,14.7584854276512
"613",205,205,1,14.911756432373,14.8088979352874
"614",205,205,2,20.0771214104082,14.8088979352874
"615",205,205,3,19.4621754767135,14.8088979352874
"616",206,206,1,20.1439593188148,14.8077238343042
"617",206,206,2,20.094655574665,14.8077238343042
"618",206,206,3,19.4632942324281,14.8077238343042
"619",207,207,1,20.6986975367962,14.8037954884029
"620",207,207,2,20.1120865798689,14.8037954884029
"621",207,207,3,19.4735357385596,14.8037954884029
"622",208,208,1,17.83574185918,14.8046905969483
"623",208,208,2,16.0024121465007,14.8046905969483
"624",208,208,3,19.5146672304921,14.8046905969483
"625",209,209,1,20.1100668985063,14.8308437398224
"626",209,209,2,20.0992553592754,14.8308437398224
"627",209,209,3,19.4902408710396,14.8308437398224
"628",210,210,1,20.6503489988111,14.8321587286352
"629",210,210,2,20.0975003256243,14.8321587286352
"630",210,210,3,19.5246762286784,14.8321587286352
"631",211,211,1,20.0902103943502,14.8255268233736
"632",211,211,2,20.0809834032373,14.8255268233736
"633",211,211,3,20.0316950300328,14.8255268233736
"634",212,212,1,19.1348969387276,14.8255786405112
"635",212,212,2,16.4019951777095,14.8255786405112
"636",212,212,3,20.0938977833034,14.8255786405112
"637",213,213,1,20.6850178222555,14.8475366294171
"638",213,213,2,20.110897105765,14.8475366294171
"639",213,213,3,20.1283662740166,14.8475366294171
"640",214,214,1,19.9860242403744,14.8470603971004
"641",214,214,2,20.1119934945324,14.8470603971004
"642",214,214,3,20.1292357149814,14.8470603971004
"643",215,215,1,19.9651036375678,14.8177672923701
"644",215,215,2,20.0952510405708,14.8177672923701
"645",215,215,3,20.0770330638135,14.8177672923701
"646",216,216,1,18.4963852829736,14.8170842109621
"647",216,216,2,17.439694465048,14.8170842109621
"648",216,216,3,20.0819044029327,14.8170842109621
"649",217,217,1,19.9597198383085,14.8213431951148
"650",217,217,2,20.0616727163826,14.8213431951148
"651",217,217,3,20.0844856054535,14.8213431951148
"652",218,218,1,19.9455715468456,14.8203305053039
"653",218,218,2,20.0555044033978,14.8203305053039
"654",218,218,3,20.0910946745304,14.8203305053039
"655",219,219,1,20.6481006513034,14.803008650529
"656",219,219,2,20.065461347795,14.803008650529
"657",219,219,3,20.0047450734713,14.803008650529
"658",220,220,1,19.3923478191943,14.8027223201936
"659",220,220,2,16.0033991941986,14.8027223201936
"660",220,220,3,20.0753670490694,14.8027223201936
"661",221,221,1,19.9997329099053,14.8286549725589
"662",221,221,2,20.0189736587903,14.8286549725589
"663",221,221,3,17.8591891236575,14.8286549725589
"664",222,222,1,19.9949322091708,14.8341392068163
"665",222,222,2,20.1412838510174,14.8341392068163
"666",222,222,3,20.1035813680603,14.8341392068163
"667",223,223,1,20.0241854664069,14.7853250593499
"668",223,223,2,20.0924523211562,14.7853250593499
"669",223,223,3,20.1095950640675,14.7853250593499
"670",224,224,1,18.5505859350179,14.7863696174539
"671",224,224,2,15.3891653165712,14.7863696174539
"672",224,224,3,20.1086192210373,14.7863696174539
"673",225,225,1,20.0361906093779,14.8239689986626
"674",225,225,2,20.0597921917726,14.8239689986626
"675",225,225,3,20.061684176199,14.8239689986626
"676",226,226,1,20.1262306445881,14.8249819511549
"677",226,226,2,20.1228308432123,14.8249819511549
"678",226,226,3,20.0911216690218,14.8249819511549
"679",227,227,1,20.0941899029966,14.8037586825448
"680",227,227,2,20.0539564065141,14.8037586825448
"681",227,227,3,20.0508625425246,14.8037586825448
"682",228,228,1,19.6147725467406,14.8044612342208
"683",228,228,2,16.0766531631556,14.8044612342208
"684",228,228,3,20.0016504688116,14.8044612342208
"685",229,229,1,20.086903099517,14.830897018061
"686",229,229,2,20.0526029463885,14.830897018061
"687",229,229,3,20.0724114601435,14.830897018061
"688",230,230,1,13.4464690927058,14.9123627910823
"689",230,230,2,20.1391814658081,14.9123627910823
"690",230,230,3,20.1133385627057,14.9123627910823
"691",231,231,1,20.1116282178046,14.8970443091062
"692",231,231,2,20.1124590123197,14.8970443091062
"693",231,231,3,20.060844343311,14.8970443091062
"694",232,232,1,18.5759036448089,14.8980311809564
"695",232,232,2,15.5741596531114,14.8980311809564
"696",232,232,3,20.081153870125,14.8980311809564
"697",233,233,1,20.146732148468,14.9347189962384
"698",233,233,2,20.1134616786699,14.9347189962384
"699",233,233,3,20.1211121461641,14.9347189962384
"700",234,234,1,19.5860832736727,14.9352168009642
"701",234,234,2,20.1261162723546,14.9352168009642
"702",234,234,3,19.3132828344099,14.9352168009642
"703",235,235,1,20.1189024466605,14.9129515975183
"704",235,235,2,20.1262609698278,14.9129515975183
"705",235,235,3,19.97109452389,14.9129515975183
"706",236,236,1,19.3970628796161,14.9128278114262
"707",236,236,2,14.9382783066909,14.9128278114262
"708",236,236,3,19.9844021473566,14.9128278114262
"709",237,237,1,20.0900901198423,14.8788727597708
"710",237,237,2,20.0867202116673,14.8788727597708
"711",237,237,3,20.1272990288994,14.8788727597708
"712",238,238,1,20.1070400184178,14.8789949949346
"713",238,238,2,20.1064927066175,14.8789949949346
"714",238,238,3,20.0066237232468,14.8789949949346
"715",239,239,1,20.0900221513285,14.8624402179639
"716",239,239,2,20.0747734707288,14.8624402179639
"717",239,239,3,19.936978131431,14.8624402179639
"718",240,240,1,18.6672994360007,14.8623838260484
"719",240,240,2,16.6231720769483,14.8623838260484
"720",240,240,3,20.1220823046672,14.8623838260484
"721",241,241,1,20.0867263649607,14.8834557962789
"722",241,241,2,20.0614781815301,14.8834557962789
"723",241,241,3,19.9510993402097,14.8834557962789
"724",242,242,1,20.0739104719958,14.8831063478668
"725",242,242,2,20.038192647069,14.8831063478668
"726",242,242,3,19.9186947534375,14.8831063478668
"727",243,243,1,20.0476598373309,14.8760174932115
"728",243,243,2,20.0573105177553,14.8760174932115
"729",243,243,3,19.9916538488635,14.8760174932115
"730",244,244,1,18.6090402312361,14.8765693067289
"731",244,244,2,18.5409708005894,14.8765693067289
"732",244,244,3,17.6799620395378,14.8765693067289
"733",245,245,1,20.099060734112,14.8881315972359
"734",245,245,2,17.7050493889245,14.8881315972359
"735",245,245,3,20.0841392684219,14.8881315972359
"736",246,246,1,20.1185512689196,14.8956542007285
"737",246,246,2,20.0969968445994,14.8956542007285
"738",246,246,3,20.1715251367754,14.8956542007285
"739",247,247,1,20.0649077513606,14.8753344117669
"740",247,247,2,20.0766456616283,14.8753344117669
"741",247,247,3,20.0791025391056,14.8753344117669
"742",248,248,1,18.8943837545565,14.8763410541764
"743",248,248,2,17.0120667364249,14.8763410541764
"744",248,248,3,20.0772635676119,14.8763410541764
"745",249,249,1,20.0673741697683,14.8871290949665
"746",249,249,2,20.0689146231548,14.8871290949665
"747",249,249,3,20.1545130821638,14.8871290949665
"748",250,250,1,20.0851744415906,14.8880275468226
"749",250,250,2,20.0567163514269,14.8880275468226
"750",250,250,3,20.071101499609,14.8880275468226
"751",251,251,1,20.0384967248806,14.8716256039277
"752",251,251,2,19.9343008247515,14.8716256039277
"753",251,251,3,20.0411790801378,14.8716256039277
"754",252,252,1,18.589228365876,14.8721585289883
"755",252,252,2,16.1278337683241,14.8721585289883
"756",252,252,3,20.0310200382529,14.8721585289883
"757",253,253,1,20.0747461673206,14.9036223683696
"758",253,253,2,20.0017064106869,14.9036223683696
"759",253,253,3,18.04603793665,14.9036223683696
"760",254,254,1,20.0350602636354,14.9085812905254
"761",254,254,2,20.0682200386088,14.9085812905254
"762",254,254,3,20.0866234820037,14.9085812905254
"763",255,255,1,20.0618090185861,14.8837120762206
"764",255,255,2,20.0429233178771,14.8837120762206
"765",255,255,3,20.0692387383573,14.8837120762206
"766",256,256,1,19.0906141745815,14.8829103950488
"767",256,256,2,15.2523931876772,14.8829103950488
"768",256,256,3,20.0211430125272,14.8829103950488
"769",257,257,1,20.0732249036779,14.9320510536013
"770",257,257,2,19.9367600533436,14.9320510536013
"771",257,257,3,19.9911889935865,14.9320510536013
"772",258,258,1,20.089381672111,14.9318158395235
"773",258,258,2,19.9383166428902,14.9318158395235
"774",258,258,3,19.8166788938743,14.9318158395235
"775",259,259,1,20.0329954439224,14.8884023246381
"776",259,259,2,19.8635215154163,14.8884023246381
"777",259,259,3,20.055905116758,14.8884023246381
"778",260,260,1,20.03753050099,14.8889242017751
"779",260,260,2,15.7539482061639,14.8889242017751
"780",260,260,3,20.0313065313388,14.8889242017751
"781",261,261,1,20.0613188163046,14.927255900433
"782",261,261,2,19.9704104665589,14.927255900433
"783",261,261,3,19.5306579707923,14.927255900433
"784",262,262,1,20.0953020723955,14.9262387919273
"785",262,262,2,19.9045800023596,14.9262387919273
"786",262,262,3,20.0685278902138,14.9262387919273
"787",263,263,1,20.0340823457038,14.9153022609032
"788",263,263,2,19.945792340675,14.9153022609032
"789",263,263,3,20.0519695687389,14.9153022609032
"790",264,264,1,20.0498323273775,14.9144184421056
"791",264,264,2,17.2404465501292,14.9144184421056
"792",264,264,3,19.2858941136551,14.9144184421056
"793",265,265,1,20.0763361954538,14.9277793325821
"794",265,265,2,19.942010071651,14.9277793325821
"795",265,265,3,20.0564144955716,14.9277793325821
"796",266,266,1,20.0978908487593,14.9277031767123
"797",266,266,2,20.0862158996242,14.9277031767123
"798",266,266,3,20.0672417039491,14.9277031767123
"799",267,267,1,19.9925439653672,14.8240954108506
"800",267,267,2,20.0040069547918,14.8240954108506
"801",267,267,3,19.5470867732654,14.8240954108506
"802",268,268,1,19.9818545568757,14.821961970513
"803",268,268,2,16.4031822229737,14.821961970513
"804",268,268,3,19.9559080473645,14.821961970513
"805",269,269,1,20.0106628254508,14.8487308978524
"806",269,269,2,20.0071471305582,14.8487308978524
"807",269,269,3,18.7049427420582,14.8487308978524
"808",270,270,1,20.0526902817193,14.8502669802429
"809",270,270,2,20.0652528837507,14.8502669802429
"810",270,270,3,20.0624136216938,14.8502669802429
"811",271,271,1,20.0260643942083,14.8322365085776
"812",271,271,2,20.4824456347904,14.8322365085776
"813",271,271,3,20.0161572020558,14.8322365085776
"814",272,272,1,20.024763793734,14.8354984366141
"815",272,272,2,17.3949513642983,14.8354984366141
"816",272,272,3,20.009894660193,14.8354984366141
"817",273,273,1,20.0124986587349,14.8481559150865
"818",273,273,2,20.0297671666975,14.8481559150865
"819",273,273,3,20.0148521022772,14.8481559150865
"820",274,274,1,20.0117799480157,14.849398460448
"821",274,274,2,20.4670249600907,14.849398460448
"822",274,274,3,20.0143141136079,14.849398460448
"823",275,275,1,19.9326455413321,14.7808338310111
"824",275,275,2,19.9628805051289,14.7808338310111
"825",275,275,3,19.9594635952171,14.7808338310111
"826",276,276,1,19.9515707421942,14.7820353821324
"827",276,276,2,15.5005552352445,14.7820353821324
"828",276,276,3,19.9170345753999,14.7820353821324
"829",277,277,1,19.8300071310554,14.8258278374018
"830",277,277,2,20.2761704328259,14.8258278374018
"831",277,277,3,19.9480878938511,14.8258278374018
"832",278,278,1,19.800751657227,14.8272391648589
"833",278,278,2,19.9087902623225,14.8272391648589
"834",278,278,3,19.9050705866129,14.8272391648589
"835",279,279,1,19.7842566392806,14.7795553482479
"836",279,279,2,19.9118436727588,14.779555348248
"837",279,279,3,19.8875608791139,14.779555348248
"838",280,280,1,19.7729199932765,14.7795893257039
"839",280,280,2,18.866004912201,14.7795893257039
"840",280,280,3,19.9056793893514,14.7795893257039
"841",281,281,1,19.7338491365516,14.7182983568887
"842",281,281,2,19.8806473691372,14.7182983568887
"843",281,281,3,19.8455602782455,14.7182983568887
"844",282,282,1,19.7441216988115,14.7181543124175
"845",282,282,2,19.8606597187836,14.7181543124175
"846",282,282,3,19.8800926948375,14.7181543124175
"847",283,283,1,19.7298511183933,14.7015306658561
"848",283,283,2,20.2149542230139,14.7015306658561
"849",283,283,3,19.8674477950179,14.7015306658561
"850",284,284,1,19.7363364001113,14.7034205989899
"851",284,284,2,15.3793304766898,14.7034205989899
"852",284,284,3,19.8447135473562,14.7034205989899
"853",285,285,1,19.776166356396,14.7489441498468
"854",285,285,2,19.8627562409775,14.7489441498468
"855",285,285,3,18.5429951517265,14.7489441498468
"856",286,286,1,16.3524862960942,14.7803961468833
"857",286,286,2,19.8434914052194,14.7803961468833
"858",286,286,3,19.9347290256098,14.7803961468833
"859",287,287,1,19.8447715355156,14.7113567560036
"860",287,287,2,19.8626349018193,14.7113567560036
"861",287,287,3,19.8486072285872,14.7113567560036
"862",288,288,1,19.8577673899068,14.711611183
"863",288,288,2,16.5391780616346,14.711611183
"864",288,288,3,19.7446165389198,14.711611183
"865",289,289,1,19.8657616154767,14.7336504418628
"866",289,289,2,19.4772067630034,14.7336504418628
"867",289,289,3,19.8415306848554,14.7336504418628
"868",290,290,1,19.8003863998504,14.7331526113369
"869",290,290,2,19.8779290459367,14.7331526113369
"870",290,290,3,19.8830557126128,14.7331526113369
"871",291,291,1,19.8361922348713,14.6877815929739
"872",291,291,2,19.8232099638028,14.6877815929739
"873",291,291,3,19.8513168042577,14.6877815929739
"874",292,292,1,19.8552698183449,14.6881975275756
"875",292,292,2,15.3490989966028,14.6881975275756
"876",292,292,3,19.7425388642963,14.6881975275756
"877",293,293,1,19.8012639798626,14.7367122410082
"878",293,293,2,19.8600383925019,14.7367122410082
"879",293,293,3,19.8355736780092,14.7367122410082
"880",294,294,1,19.8614473515102,14.736970930471
"881",294,294,2,19.8566493801565,14.736970930471
"882",294,294,3,19.8533436849917,14.736970930471
"883",295,295,1,19.8095539195102,14.6985768369939
"884",295,295,2,19.293729641015,14.6985768369939
"885",295,295,3,19.8355649283461,14.6985768369939
"886",296,296,1,19.7972047459475,14.6962699148082
"887",296,296,2,15.4427565260648,14.6962699148082
"888",296,296,3,19.7471843310592,14.6962699148082
"889",297,297,1,19.8739687093044,14.7389793951866
"890",297,297,2,19.8820993019879,14.7389793951866
"891",297,297,3,19.7725490227827,14.7389793951866
"892",298,298,1,19.9114670975495,14.7392126184432
"893",298,298,2,19.4486643354115,14.7392126184432
"894",298,298,3,19.8060068612056,14.7392126184432
"895",299,299,1,19.8447545398037,14.7188918345064
"896",299,299,2,19.8831538112024,14.7188918345064
"897",299,299,3,19.7713171020694,14.7188918345064
"898",300,300,1,19.9038860859213,14.7193007135894
"899",300,300,2,17.8307211498359,14.7193007135894
"900",300,300,3,19.6910278505109,14.7193007135894
"901",301,301,1,19.895495838986,14.7264213205053
"902",301,301,2,19.3422805801118,14.7264213205053
"903",301,301,3,19.7835120417278,14.7264213205053
"904",302,302,1,19.8785480445846,14.723720221611
"905",302,302,2,19.9064985434474,14.723720221611
"906",302,302,3,19.7923672345994,14.723720221611
"907",303,303,1,19.8931143506023,14.710829891923
"908",303,303,2,19.8981863441684,14.710829891923
"909",303,303,3,19.7699819880455,14.710829891923
"910",304,304,1,19.9075555823488,14.7109801114777
"911",304,304,2,15.9700024388287,14.7109801114777
"912",304,304,3,19.6961281399384,14.7109801114777
"913",305,305,1,19.9279105705174,14.7451094224317
"914",305,305,2,19.8930369603793,14.7451094224317
"915",305,305,3,19.7915167838072,14.7451094224317
"916",306,306,1,19.9028213327201,14.7449170497667
"917",306,306,2,19.8703969844262,14.7449170497667
"918",306,306,3,19.8173189749998,14.7449170497667
"919",307,307,1,19.8643946541036,14.7399239102379
"920",307,307,2,19.8742258709558,14.7399239102379
"921",307,307,3,19.8174971332737,14.7399239102379
"922",308,308,1,19.9074502052761,14.7382560802232
"923",308,308,2,17.4206764297002,14.7382560802232
"924",308,308,3,19.7881902231087,14.7382560802232
"925",309,309,1,19.884946269864,14.7491024000005
"926",309,309,2,19.8862983973843,14.7491024000005
"927",309,309,3,19.8728140659589,14.7491024000005
"928",310,310,1,19.9110024803426,14.749191153361
"929",310,310,2,19.9016892026008,14.749191153361
"930",310,310,3,19.9179714140092,14.749191153361
"931",311,311,1,19.9157921068657,14.6943747225807
"932",311,311,2,19.8553335251513,14.6943747225807
"933",311,311,3,19.8722149706426,14.6943747225807
"934",312,312,1,19.8621747839415,14.6951296925191
"935",312,312,2,14.9911940909121,14.6951296925191
"936",312,312,3,19.772290345891,14.6951296925191
"937",313,313,1,19.8991687206102,14.7512471290967
"938",313,313,2,19.9070761762979,14.7512471290967
"939",313,313,3,19.8898045782766,14.7512471290967
"940",314,314,1,19.9197873781974,14.751781258541
"941",314,314,2,19.8835022303804,14.751781258541
"942",314,314,3,19.9026520725336,14.751781258541
"943",315,315,1,19.8295607083901,14.6931247574671
"944",315,315,2,19.817929158358,14.6931247574671
"945",315,315,3,19.8379628379861,14.6931247574671
"946",316,316,1,19.853879256557,14.6934378680612
"947",316,316,2,17.857192045681,14.6934378680612
"948",316,316,3,19.7501540267064,14.6934378680612
"949",317,317,1,19.8690768992217,14.7009263586005
"950",317,317,2,19.8466957421647,14.7009263586005
"951",317,317,3,18.2222364553017,14.7009263586005
"952",318,318,1,19.8767842833856,14.7045950662401
"953",318,318,2,19.7885536000188,14.7045950662401
"954",318,318,3,19.8706851659909,14.7045950662401
"955",319,319,1,19.8399111063263,14.6944588675864
"956",319,319,2,19.7371251150834,14.6944588675864
"957",319,319,3,19.8121808998514,14.6944588675864
"958",320,320,1,19.8445662778211,14.6946937408673
"959",320,320,2,17.6922226639458,14.6946937408673
"960",320,320,3,19.6912079544705,14.6946937408673
"961",321,321,1,19.8167816449733,14.7009893179501
"962",321,321,2,19.7127522721968,14.7009893179501
"963",321,321,3,19.8473850470052,14.7009893179501
"964",322,322,1,19.8645262204824,14.7007333543125
"965",322,322,2,19.7191795812111,14.7007333543125
"966",322,322,3,19.8496387178461,14.7007333543125
"967",323,323,1,19.8176214077277,14.6875398180464
"968",323,323,2,19.7322587446194,14.6875398180464
"969",323,323,3,19.7588742001448,14.6875398180465
"970",324,324,1,19.8426263710487,14.6870087507185
"971",324,324,2,15.908507900406,14.6870087507185
"972",324,324,3,19.7732664881898,14.6870087507185
"973",325,325,1,19.8803011538235,14.725839813596
"974",325,325,2,19.7636124634217,14.725839813596
"975",325,325,3,19.8831392281362,14.725839813596
"976",326,326,1,19.8570998341451,14.7251432750744
"977",326,326,2,19.7828993251961,14.7251432750744
"978",326,326,3,19.861844225956,14.7251432750744
"979",327,327,1,19.840576215073,14.6815049722029
"980",327,327,2,19.7360972848638,14.6815049722029
"981",327,327,3,19.8478498346696,14.6815049722028
"982",328,328,1,19.7750357608125,14.6814693295251
"983",328,328,2,16.2931134695915,14.6814693295251
"984",328,328,3,19.7776391100188,14.6814693295251
"985",329,329,1,19.7615669768074,14.7102475975981
"986",329,329,2,19.8885909291085,14.7102475975981
"987",329,329,3,19.7967404688573,14.7102475975981
"988",330,330,1,19.7528679953362,14.7099784460675
"989",330,330,2,19.8719375523436,14.7099784460675
"990",330,330,3,19.9067317634124,14.7099784460675
"991",331,331,1,19.6314460705832,14.6967596755246
"992",331,331,2,19.8482301354721,14.6967596755246
"993",331,331,3,19.8254222029805,14.6967596755246
"994",332,332,1,19.3879138461987,14.6962256483977
"995",332,332,2,16.1865999938258,14.6962256483977
"996",332,332,3,19.7224392568114,14.6962256483977
"997",333,333,1,19.3845280876083,14.7294961110729
"998",333,333,2,19.8353306768015,14.7294961110729
"999",333,333,3,19.8210216759928,14.7294961110729
