"","train_iter","test_iter","predict_iter","expected","Quantile_0.95","Quantile_0.97","Quantile_0.98","Quantile_0.99","Quantile_0.995","Quantile_0.999","Quantile_0.9995","Quantile_0.9999","score_pred_1_0.95","score_pred_1_0.97","score_pred_1_0.98","score_pred_1_0.99","score_pred_1_0.995","score_pred_1_0.999","score_pred_1_0.9995","score_pred_1_0.9999","score_pred_2_0.95","score_pred_2_0.97","score_pred_2_0.98","score_pred_2_0.99","score_pred_2_0.995","score_pred_2_0.999","score_pred_2_0.9995","score_pred_2_0.9999","adjustment_0.95","adjustment_0.97","adjustment_0.98","adjustment_0.99","adjustment_0.995","adjustment_0.999","adjustment_0.9995","adjustment_0.9999","time","actual","residuals"
"1",1,1,1,9.74728118398755,25.4929222055023,27.751497792851,29.4071418337581,32.0166417614997,34.4048451652571,39.329055372726,41.2464078155748,45.348198842303,1,1,1,1,1,1,1,1,0.783333333333333,0.766666666666667,0.75,0.716666666666667,0.683333333333333,0.633333333333333,0.616666666666667,0.566666666666667,0,0,0,0,0,0,0,0,2001,6.094688,-3.65259318398755
"2",1,1,2,9.76692885611996,25.5125698776347,27.7711454649834,29.4267895058905,32.0362894336321,34.4244928373895,39.3487030448584,41.2660554877072,45.3678465144354,0,0,0,0,0,1,1,1,0,0,0,0,0,0.974358974358974,0.948717948717949,0.871794871794872,0,0,0,0,0,0,0,0,2002,38.217597,28.45066814388
"3",1,1,3,7.17428447888953,22.9199255004042,25.178501087753,26.83414512866,29.4436450564017,31.8318484601591,36.756058667628,38.6734111104768,42.775202137205,1,1,1,1,1,1,1,1,0.816666666666667,0.783333333333333,0.766666666666667,0.75,0.716666666666667,0.666666666666667,0.65,0.6,1,1,1,1,1,0,0,0,2003,6.079594,-1.09469047888953
"4",2,2,1,9.76616838450558,25.5065292058556,27.7643473943044,29.4194362255553,32.0280610741605,34.4154636091576,39.3380225141795,41.2547319851308,45.3551475024322,1,1,1,1,1,1,1,1,0.796610169491525,0.779661016949153,0.76271186440678,0.728813559322034,0.694915254237288,0.644067796610169,0.627118644067797,0.576271186440678,1,1,1,1,1,0,0,0,2004,6.704825,-3.06134338450558
"5",2,2,2,9.71565746740047,25.4560182887505,27.7138364771993,29.3689253084502,31.9775501570554,34.3649526920524,39.2875115970744,41.2042210680257,45.3046365853271,1,1,1,1,1,1,1,1,0.796610169491525,0.779661016949153,0.76271186440678,0.728813559322034,0.711864406779661,0.644067796610169,0.627118644067797,0.593220338983051,0,0,0,0,0,0,0,0,2005,6.495806,-3.21985146740047
"6",2,2,3,9.73254361249307,25.4729044338431,27.7307226222919,29.3858114535428,31.994436302148,34.3818388371451,39.304397742167,41.2211072131183,45.3215227304197,1,1,1,1,1,1,1,1,0.796610169491525,0.779661016949153,0.76271186440678,0.728813559322034,0.694915254237288,0.644067796610169,0.627118644067797,0.576271186440678,0,0,0,0,0,0,0,0,2006,6.555967,-3.17657661249307
"7",3,3,1,9.72881612728225,25.4682928148165,27.7259841819407,29.3809800470887,31.9894583696093,34.3767268045474,39.2990092101398,41.2156110197943,45.3157962173427,1,1,1,1,1,1,1,1,0.783333333333333,0.766666666666667,0.75,0.716666666666667,0.683333333333333,0.633333333333333,0.616666666666667,0.566666666666667,0,0,0,0,0,0,0,0,2007,6.216091,-3.51272512728225
"8",3,3,2,9.75628722113873,25.495763908673,27.7534552757972,29.4084511409452,32.0169294634657,34.4041978984039,39.3264803039963,41.2430821136508,45.3432673111992,1,1,1,1,1,1,1,1,0.783333333333333,0.766666666666667,0.75,0.716666666666667,0.683333333333333,0.633333333333333,0.616666666666667,0.566666666666667,0,0,0,0,0,0,0,0,2008,6.177874,-3.57841322113873
"9",3,3,3,9.7593761794468,25.4988528669811,27.7565442341052,29.4115400992532,32.0200184217738,34.407286856712,39.3295692623043,41.2461710719588,45.3463562695072,1,1,1,1,1,1,1,1,0.783333333333333,0.766666666666667,0.75,0.716666666666667,0.683333333333333,0.633333333333333,0.616666666666667,0.566666666666667,0,0,0,0,0,0,0,0,2009,5.176525,-4.5828511794468
"10",4,4,1,9.84415519325724,25.5833553850029,27.8410070912052,29.4959738829986,32.1044063823139,34.4916328800466,39.4138288157784,41.3303969564399,45.4305101259304,1,1,1,1,1,1,1,1,0.796610169491525,0.779661016949153,0.76271186440678,0.728813559322034,0.694915254237288,0.644067796610169,0.627118644067797,0.576271186440678,0,0,0,0,0,0,0,0,2010,6.62765,-3.21650519325724
"11",4,4,2,9.72671926841488,25.4659194601606,27.7235711663629,29.3785379581563,31.9869704574716,34.3741969552043,39.296392890936,41.2129610315976,45.313074201088,1,1,1,1,1,1,1,1,0.783333333333333,0.766666666666667,0.75,0.716666666666667,0.7,0.633333333333333,0.616666666666667,0.566666666666667,0,0,0,0,0,0,0,0,2011,5.856497,-3.87022226841488
"12",4,4,3,9.78912675622603,25.5283269479717,27.785978654174,29.4409454459674,32.0493779452827,34.4366044430154,39.3588003787471,41.2753685194087,45.3754816888992,1,1,1,1,1,1,1,1,0.783333333333333,0.766666666666667,0.75,0.716666666666667,0.683333333333333,0.633333333333333,0.616666666666667,0.566666666666667,0,0,0,0,0,0,0,0,2012,5.137718,-4.65140875622603
"13",5,5,1,9.84540124899113,25.5844844307893,27.8421193529299,29.4970738412025,32.1054869486462,34.4926956990192,39.4148550416661,41.3314089339837,45.4314916219998,1,1,1,1,1,1,1,1,0.796610169491525,0.779661016949153,0.76271186440678,0.728813559322034,0.694915254237288,0.644067796610169,0.627118644067797,0.576271186440678,0,0,0,0,0,0,0,0,2013,6.514822,-3.33057924899113
"14",5,5,2,9.73389353836057,25.4729767201588,27.7306116422993,29.3855661305719,31.9939792380156,34.3811879883886,39.3033473310355,41.2199012233531,45.3199839113692,0,1,1,1,1,1,1,1,0,1,0.978260869565217,0.934782608695652,0.891304347826087,0.826086956521739,0.804347826086957,0.739130434782609,0,0,0,0,0,0,0,0,2014,26.749859,17.0159654616394
"15",5,5,3,8.09540969807341,23.8344928798716,26.0921278020122,27.7470822902848,30.3554953977285,32.7427041481014,37.6648634907483,39.581417383066,43.6815000710821,1,1,1,1,1,1,1,1,0.8,0.783333333333333,0.766666666666667,0.733333333333333,0.716666666666667,0.65,0.633333333333333,0.6,1,0,0,0,0,0,0,0,2015,5.435389,-2.66002069807341
"16",6,6,1,9.82301235674541,25.5638188739743,27.8217009936299,29.4768366895162,32.0855354025873,34.4730055380341,39.3957038276764,41.3124675711772,45.4129991937141,1,1,1,1,1,1,1,1,0.796610169491525,0.779661016949153,0.76271186440678,0.728813559322034,0.694915254237288,0.644067796610169,0.627118644067797,0.576271186440678,1,0,0,0,0,0,0,0,2016,6.547127,-3.27588535674541
"17",6,6,2,9.73323329808289,25.4740398153118,27.7319219349674,29.3870576308537,31.9957563439247,34.3832264793716,39.3059247690139,41.2226885125147,45.3232201350515,1,1,1,1,1,1,1,1,0.783333333333333,0.766666666666667,0.75,0.716666666666667,0.683333333333333,0.633333333333333,0.616666666666667,0.566666666666667,0,0,0,0,0,0,0,0,2017,5.725689,-4.00754429808289
"18",6,6,3,9.79956900882555,25.5403755260545,27.79825764571,29.4533933415964,32.0620920546674,34.4495621901142,39.3722604797565,41.2890242232573,45.3895558457942,1,1,1,1,1,1,1,1,0.783333333333333,0.766666666666667,0.75,0.716666666666667,0.683333333333333,0.633333333333333,0.616666666666667,0.566666666666667,0,0,0,0,0,0,0,0,2018,5.280052,-4.51951700882555
"19",7,7,1,9.83620916275723,25.5766236700547,27.8344495592869,29.4895440355807,32.0981777814722,34.4855884592284,39.4081641537154,41.3248801620241,45.4253096646906,1,1,1,1,1,1,1,1,0.796610169491525,0.779661016949153,0.76271186440678,0.728813559322034,0.694915254237288,0.644067796610169,0.627118644067797,0.576271186440678,0,0,0,0,0,0,0,0,2019,6.44848,-3.38772916275723
"20",7,7,2,9.74184426133646,25.482258768634,27.7400846578661,29.39517913416,32.0038128800514,34.3912235578076,39.3137992522947,41.2305152606033,45.3309447632699,1,1,1,1,1,1,1,1,0.783333333333333,0.766666666666667,0.75,0.716666666666667,0.683333333333333,0.633333333333333,0.616666666666667,0.566666666666667,0,0,0,0,0,0,0,0,2020,5.598689,-4.14315526133646
"21",7,7,3,9.81047531429245,25.5508898215899,27.8087157108221,29.4638101871159,32.0724439330074,34.4598546107636,39.3824303052506,41.2991463135593,45.3995758162258,1,1,1,1,1,1,1,1,0.783333333333333,0.766666666666667,0.75,0.716666666666667,0.683333333333333,0.633333333333333,0.616666666666667,0.566666666666667,0,0,0,0,0,0,0,0,2021,5.385931,-4.42454431429245
"22",8,8,1,9.8253414581597,25.566237828877,27.8241328372359,29.4792779811589,32.087991585505,34.4754753493844,39.3982017393411,41.314976424334,45.4155314539987,1,1,1,1,1,1,1,1,0.796610169491525,0.779661016949153,0.76271186440678,0.728813559322034,0.694915254237288,0.644067796610169,0.627118644067797,0.576271186440678,0,0,0,0,0,0,0,0,2022,6.428756,-3.3965854581597
"23",8,8,2,9.74117238752534,25.4820687582427,27.7399637666016,29.3951089105245,32.0038225148706,34.39130627875,39.3140326687068,41.2308073536996,45.3313623833643,1,1,1,1,1,1,1,1,0.783333333333333,0.766666666666667,0.75,0.716666666666667,0.683333333333333,0.633333333333333,0.616666666666667,0.566666666666667,0,0,0,0,0,0,0,0,2023,5.786303,-3.95486938752534
"24",8,8,3,9.79302641091014,25.5339227816275,27.7918177899864,29.4469629339093,32.0556765382554,34.4431603021348,39.3658866920916,41.2826613770844,45.3832164067491,1,1,1,1,1,1,1,1,0.783333333333333,0.766666666666667,0.75,0.716666666666667,0.683333333333333,0.633333333333333,0.616666666666667,0.566666666666667,0,0,0,0,0,0,0,0,2024,5.151707,-4.64131941091014
"25",9,9,1,9.84347092464925,25.5847544284568,27.8427049676985,29.4978908184172,32.1066685817117,34.494211063592,39.417058523546,41.3338803498763,45.4345362289782,1,1,1,1,1,1,1,1,0.796610169491525,0.779661016949153,0.76271186440678,0.728813559322034,0.694915254237288,0.644067796610169,0.627118644067797,0.576271186440678,0,0,0,0,0,0,0,0,2025,6.653936,-3.18953492464925
"26",9,9,2,9.72205090968893,25.4633344134964,27.7212849527381,29.3764708034569,31.9852485667514,34.3727910486317,39.2956385085857,41.212460334916,45.3131162140179,0,0,0,0,0,1,1,1,0,0,0,0,0,1,0.973684210526316,0.894736842105263,0,0,0,0,0,0,0,0,2026,39.555258,29.8332070903111
"27",9,9,3,7.06274995793381,22.8040334617413,25.061984000983,26.7171698517017,29.3259476149963,31.7134900968766,36.6363375568306,38.5531593831608,42.6538152622627,1,1,1,1,1,1,1,1,0.816666666666667,0.783333333333333,0.766666666666667,0.75,0.716666666666667,0.666666666666667,0.65,0.6,1,1,1,1,1,0,0,0,2027,5.728168,-1.33458195793381
"28",10,10,1,9.79797553722344,25.537090805205,27.7947303298302,29.4496881919444,32.05810661698,34.4453202339908,39.3674896111045,41.2840474105684,45.3841384571403,1,1,1,1,1,1,1,1,0.796610169491525,0.779661016949153,0.76271186440678,0.728813559322034,0.694915254237288,0.644067796610169,0.627118644067797,0.576271186440678,1,1,1,1,1,0,0,0,2028,6.29406,-3.50391553722344
"29",10,10,2,9.75227787764272,25.4913931456243,27.7490326702495,29.4039905323637,32.0124089573993,34.3996225744101,39.3217919515238,41.2383497509877,45.3384407975596,1,1,1,1,1,1,1,1,0.783333333333333,0.766666666666667,0.75,0.716666666666667,0.683333333333333,0.633333333333333,0.616666666666667,0.566666666666667,0,0,0,0,0,0,0,0,2029,5.571793,-4.18048487764271
"30",10,10,3,9.81060333814117,25.5497186061228,27.807358130748,29.4623159928621,32.0707344178977,34.4579480349085,39.3801174120222,41.2966752114861,45.396766258058,1,1,1,1,1,1,1,1,0.783333333333333,0.766666666666667,0.75,0.716666666666667,0.683333333333333,0.633333333333333,0.616666666666667,0.566666666666667,0,0,0,0,0,0,0,0,2030,5.151547,-4.65905633814117
"31",11,11,1,9.84161504910304,25.581423310853,27.8391622394215,29.4941929693853,32.1027262431709,34.4900449692766,39.4124310696715,41.3290732552391,45.429344828956,1,1,1,1,1,1,1,1,0.783333333333333,0.766666666666667,0.75,0.716666666666667,0.683333333333333,0.633333333333333,0.616666666666667,0.566666666666667,0,0,0,0,0,0,0,0,2031,6.171698,-3.66991704910304
"32",11,11,2,9.75916674361775,25.4989750053677,27.7567139339362,29.4117446639,32.0202779376856,34.4075966637913,39.3299827641862,41.2466249497538,45.3468965234707,1,1,1,1,1,1,1,1,0.783333333333333,0.766666666666667,0.75,0.716666666666667,0.683333333333333,0.633333333333333,0.616666666666667,0.566666666666667,0,0,0,0,0,0,0,0,2032,5.514082,-4.24508474361775
"33",11,11,3,9.8123150764234,25.5521233381734,27.8098622667418,29.4648929967057,32.0734262704912,34.4607449965969,39.3831310969919,41.2997732825594,45.4000448562764,1,1,1,1,1,1,1,1,0.783333333333333,0.766666666666667,0.75,0.716666666666667,0.683333333333333,0.633333333333333,0.616666666666667,0.566666666666667,0,0,0,0,0,0,0,0,2033,5.212206,-4.6001090764234
"34",12,12,1,9.83583704602972,25.5761860092943,27.8340024968036,29.4890900811845,32.0977129645681,34.4851137010026,39.4076688975883,41.3243769245762,45.4247893528076,1,1,1,1,1,1,1,1,0.783333333333333,0.766666666666667,0.75,0.716666666666667,0.683333333333333,0.633333333333333,0.616666666666667,0.566666666666667,0,0,0,0,0,0,0,0,2034,6.165216,-3.67062104602972
"35",12,12,2,9.75882351135932,25.4991724746239,27.7569889621332,29.4120765465141,32.0206994298977,34.4081001663322,39.3306553629179,41.2473633899058,45.3477758181372,1,1,1,1,1,1,1,1,0.783333333333333,0.766666666666667,0.75,0.716666666666667,0.683333333333333,0.633333333333333,0.616666666666667,0.566666666666667,0,0,0,0,0,0,0,0,2035,5.576572,-4.18225151135932
"36",12,12,3,9.80639232501555,25.5467412882801,27.8045577757895,29.4596453601703,32.0682682435539,34.4556689799884,39.3782241765741,41.294932203562,45.3953446317934,1,1,1,1,1,1,1,1,0.783333333333333,0.766666666666667,0.75,0.716666666666667,0.683333333333333,0.633333333333333,0.616666666666667,0.566666666666667,0,0,0,0,0,0,0,0,2036,5.264865,-4.54152732501555
"37",13,13,1,9.83096832054275,25.5718995607167,27.8297995707965,29.4849483812204,32.0936677644259,34.4811568170931,39.4038941119431,41.3206730430024,45.4212371562747,1,1,1,1,1,1,1,1,0.796610169491525,0.779661016949153,0.76271186440678,0.728813559322034,0.694915254237288,0.644067796610169,0.627118644067797,0.576271186440678,0,0,0,0,0,0,0,0,2037,6.295374,-3.53559432054275
"38",13,13,2,9.74772655892276,25.4886577990967,27.7465578091766,29.4017066196004,32.0104260028059,34.3979150554731,39.3206523503231,41.2374312813824,45.3379953946547,1,1,1,1,1,1,1,1,0.979166666666667,0.958333333333333,0.9375,0.895833333333333,0.854166666666667,0.791666666666667,0.770833333333333,0.708333333333333,0,0,0,0,0,0,0,0,2038,23.77342,14.0256934410772
"39",13,13,3,8.33589673626694,24.0768279764409,26.3347279865207,27.9898767969446,30.5985961801501,32.9860852328173,37.9088225276673,39.8256014587266,43.9261655719989,1,1,1,1,1,1,1,1,0.8,0.783333333333333,0.766666666666667,0.733333333333333,0.7,0.65,0.633333333333333,0.583333333333333,0,0,0,0,0,0,0,0,2039,5.102074,-3.23382273626694
"40",14,14,1,9.84048337659532,25.5748834532369,27.8318466245758,29.4863086873488,32.0939456712577,34.4804441166224,39.4011388892221,41.3171225181189,45.4159852419124,1,1,1,1,1,1,1,1,0.796610169491525,0.779661016949153,0.76271186440678,0.728813559322034,0.694915254237288,0.644067796610169,0.627118644067797,0.576271186440678,0,0,0,0,0,0,0,0,2040,6.270154,-3.57032937659532
"41",14,14,2,9.74612351975706,25.4805235963987,27.7374867677375,29.3919488305106,31.9995858144194,34.3860842597842,39.3067790323838,41.2227626612807,45.3216253850742,1,1,1,1,1,1,1,1,0.783333333333333,0.766666666666667,0.75,0.716666666666667,0.683333333333333,0.633333333333333,0.616666666666667,0.566666666666667,0,0,0,0,0,0,0,0,2041,5.719254,-4.02686951975706
"42",14,14,3,9.79062633217761,25.5250264088192,27.7819895801581,29.4364516429311,32.04408862684,34.4305870722047,39.3512818448044,41.2672654737012,45.3661281974947,1,1,1,1,1,1,1,1,0.783333333333333,0.766666666666667,0.75,0.716666666666667,0.683333333333333,0.633333333333333,0.616666666666667,0.566666666666667,0,0,0,0,0,0,0,0,2042,5.166193,-4.62443333217761
"43",15,15,1,9.83527870559588,25.5701046424683,27.8271288997623,29.4816357414651,32.0893433025096,34.4759063397732,39.3967342936954,41.3127697797477,45.4117434415253,1,1,1,1,1,1,1,1,0.783333333333333,0.766666666666667,0.75,0.716666666666667,0.683333333333333,0.633333333333333,0.616666666666667,0.566666666666667,0,0,0,0,0,0,0,0,2043,6.028927,-3.80635170559589
"44",15,15,2,9.76586531722559,25.500691254098,27.757715511392,29.4122223530948,32.0199299141393,34.4064929514029,39.3273209053251,41.2433563913774,45.342330053155,1,1,1,1,1,1,1,1,0.783333333333333,0.766666666666667,0.75,0.716666666666667,0.683333333333333,0.633333333333333,0.616666666666667,0.566666666666667,0,0,0,0,0,0,0,0,2044,6.240879,-3.52498631722559
"45",15,15,3,9.74881219715398,25.4836381340264,27.7406623913204,29.3951692330232,32.0028767940677,34.3894398313313,39.3102677852535,41.2263032713058,45.3252769330834,1,1,1,1,1,1,1,1,0.783333333333333,0.766666666666667,0.75,0.716666666666667,0.683333333333333,0.633333333333333,0.616666666666667,0.566666666666667,0,0,0,0,0,0,0,0,2045,5.568636,-4.18017619715398
"46",16,16,1,9.8030484727444,25.5377599348294,27.7947677717084,29.4492625764609,32.0569511657817,34.4434968402034,39.3642889938736,41.2803105402893,45.37925438101,1,1,1,1,1,1,1,1,0.796610169491525,0.779661016949153,0.76271186440678,0.728813559322034,0.694915254237288,0.644067796610169,0.627118644067797,0.576271186440678,0,0,0,0,0,0,0,0,2046,7.720286,-2.0827624727444
"47",16,16,2,9.6299284816588,25.3646399437438,27.6216477806228,29.2761425853753,31.8838311746961,34.2703768491178,39.191169002788,41.1071905492037,45.2061343899244,1,1,1,1,1,1,1,1,0.783333333333333,0.766666666666667,0.75,0.716666666666667,0.7,0.633333333333333,0.616666666666667,0.583333333333333,0,0,0,0,0,0,0,0,2047,5.82444,-3.8054884816588
"48",16,16,3,9.78246669308709,25.5171781551721,27.7741859920511,29.4286807968035,32.0363693861244,34.4229150605461,39.3437072142163,41.259728760632,45.3586726013527,1,1,1,1,1,1,1,1,0.783333333333333,0.766666666666667,0.75,0.716666666666667,0.683333333333333,0.633333333333333,0.616666666666667,0.566666666666667,0,0,0,0,0,0,0,0,2048,5.745739,-4.03672769308709
"49",17,17,1,9.78883996038921,25.5231199779863,27.7800659278969,29.4345153665386,32.0421324532538,34.4286126887903,39.3492699147463,41.2652389240096,45.364070372029,1,1,1,1,1,1,1,1,0.796610169491525,0.779661016949153,0.76271186440678,0.728813559322034,0.694915254237288,0.644067796610169,0.627118644067797,0.576271186440678,0,0,0,0,0,0,0,0,2049,7.688306,-2.10053396038921
"50",17,17,2,9.63190928173729,25.3661892993344,27.623135249245,29.2775846878866,31.8852017746019,34.2716820101384,39.1923392360944,41.1083082453577,45.2071396933771,0,0,0,0,0,1,1,1,0,0,0,0,0,0.974358974358974,0.948717948717949,0.897435897435897,0,0,0,0,0,0,0,0,2050,38.229791,28.5978817182627
"51",17,17,3,7.16460907119759,22.8988890887947,25.1558350387053,26.8102844773469,29.4179015640622,31.8043817995987,36.7250390255547,38.641008034818,42.7398394828373,1,1,1,1,1,1,1,1,0.816666666666667,0.783333333333333,0.766666666666667,0.75,0.716666666666667,0.666666666666667,0.65,0.6,1,1,1,1,1,0,0,0,2051,6.23996,-0.924649071197585
"52",18,18,1,9.74988700444479,25.4781358924418,27.7342167291404,29.388031998378,31.9946495556213,34.3802150259717,39.2989861076991,41.2142207041139,45.3114810231306,1,1,1,1,1,1,1,1,0.796610169491525,0.779661016949153,0.76271186440678,0.728813559322034,0.694915254237288,0.644067796610169,0.627118644067797,0.593220338983051,1,1,1,1,1,0,0,0,2052,7.499478,-2.25040900444479
"53",18,18,2,9.64847083221939,25.3767197202164,27.632800556915,29.2866158261526,31.8932333833959,34.2787988537463,39.1975699354737,41.1128045318885,45.2100648509052,1,1,1,1,1,1,1,1,0.783333333333333,0.766666666666667,0.75,0.716666666666667,0.7,0.633333333333333,0.616666666666667,0.583333333333333,0,0,0,0,0,0,0,0,2053,5.975123,-3.67334783221939
"54",18,18,3,9.77121163402821,25.4994605220252,27.7555413587238,29.4093566279615,32.0159741852048,34.4015396555551,39.3203107372825,41.2355453336974,45.3328056527141,1,1,1,1,1,1,1,1,0.783333333333333,0.766666666666667,0.75,0.716666666666667,0.683333333333333,0.633333333333333,0.616666666666667,0.566666666666667,0,0,0,0,0,0,0,0,2054,5.905806,-3.86540563402821
"55",19,19,1,9.77621071630563,25.5035649985656,27.7595175118333,29.4132387138522,32.0197080095161,34.4051377914901,39.3236290988534,41.2387547588019,45.3357820300957,1,1,1,1,1,1,1,1,0.796610169491525,0.779661016949153,0.76271186440678,0.728813559322034,0.694915254237288,0.644067796610169,0.627118644067797,0.576271186440678,0,0,0,0,0,0,0,0,2055,7.340421,-2.43578971630563
"56",19,19,2,9.66066023119752,25.3880145134575,27.6439670267252,29.2976882287441,31.904157524408,34.289587306382,39.2080786137453,41.1232042736938,45.2202315449876,1,1,1,1,1,1,1,1,0.783333333333333,0.766666666666667,0.75,0.716666666666667,0.7,0.633333333333333,0.616666666666667,0.583333333333333,0,0,0,0,0,0,0,0,2056,5.678494,-3.98216623119752
"57",19,19,3,9.79451946943514,25.5218737516951,27.7778262649628,29.4315474669817,32.0380167626456,34.4234465446196,39.341937851983,41.2570635119314,45.3540907832252,1,1,1,1,1,1,1,1,0.783333333333333,0.766666666666667,0.75,0.716666666666667,0.683333333333333,0.633333333333333,0.616666666666667,0.566666666666667,0,0,0,0,0,0,0,0,2057,5.844405,-3.95011446943514
"58",20,20,1,9.76512141051461,25.4798690218018,27.7340132175004,29.3864088361631,31.9907888483899,34.3743065269134,39.2888552893019,41.2024458303337,45.2961890225734,1,1,1,1,1,1,1,1,0.796610169491525,0.779661016949153,0.76271186440678,0.728813559322034,0.711864406779661,0.644067796610169,0.627118644067797,0.593220338983051,0,0,0,0,0,0,0,0,2058,7.287386,-2.47773541051462
"59",20,20,2,9.65013308705472,25.3648806983419,27.6190248940405,29.2714205127032,31.87580052493,34.2593182034535,39.173866965842,41.0874575068738,45.1812006991135,1,1,1,1,1,1,1,1,0.783333333333333,0.766666666666667,0.75,0.716666666666667,0.7,0.633333333333333,0.616666666666667,0.583333333333333,0,0,0,0,0,0,0,0,2059,5.880877,-3.76925608705472
"60",20,20,3,9.76221502842557,25.4769626397128,27.7311068354114,29.383502454074,31.9878824663009,34.3714001448244,39.2859489072128,41.1995394482447,45.2932826404844,1,1,1,1,1,1,1,1,0.783333333333333,0.766666666666667,0.75,0.716666666666667,0.7,0.633333333333333,0.616666666666667,0.583333333333333,0,0,0,0,0,0,0,0,2060,5.941464,-3.82075102842557
"61",21,21,1,9.75829327534288,25.4731302410399,27.7272872538533,29.3796922680747,31.9840870888651,34.367618320124,39.2821950267477,41.1957964484985,45.2895629178545,1,1,1,1,1,1,1,1,0.796610169491525,0.779661016949153,0.76271186440678,0.728813559322034,0.711864406779661,0.644067796610169,0.627118644067797,0.593220338983051,0,0,0,0,0,0,0,0,2061,7.585811,-2.17248227534288
"62",21,21,2,9.62706124917606,25.3418982148731,27.5960552276864,29.2484602419079,31.8528550626983,34.2363862939572,39.1509630005809,41.0645644223317,45.1583308916877,0,0,0,1,1,1,1,1,0,0,0,0.977272727272727,0.954545454545455,0.863636363636364,0.840909090909091,0.795454545454545,0,0,0,0,0,0,0,0,2062,30.607894,20.9808327508239
"63",21,21,3,7.78971511805493,23.5045520837519,25.7587090965653,27.4111141107868,30.0155089315772,32.399040162836,37.3136168694597,39.2272182912106,43.3209847605666,1,1,1,1,1,1,1,1,0.888888888888889,0.87037037037037,0.851851851851852,0.814814814814815,0.796296296296296,0.740740740740741,0.703703703703704,0.666666666666667,1,1,1,0,0,0,0,0,2063,14.536756,6.74704088194508
"64",22,22,1,9.06968773620983,24.7222510512259,26.967475449167,28.6133324290141,31.2074067371795,33.5814926785122,38.476594246212,40.3826125828351,44.4601565623467,1,1,1,1,1,1,1,1,0.813559322033898,0.779661016949153,0.76271186440678,0.745762711864407,0.711864406779661,0.661016949152542,0.644067796610169,0.593220338983051,1,1,1,0,0,0,0,0,2064,7.671229,-1.39845873620983
"65",22,22,2,9.60129842925959,25.2538617442757,27.4990861422168,29.1449431220639,31.7390174302292,34.1131033715619,39.0082049392618,40.9142232758849,44.9917672553965,1,1,1,1,1,1,1,1,0.783333333333333,0.766666666666667,0.75,0.716666666666667,0.7,0.65,0.616666666666667,0.583333333333333,0,0,0,0,0,0,0,0,2065,5.870635,-3.73066342925959
"66",22,22,3,9.74072181572959,25.3932851307457,27.6385095286868,29.2843665085339,31.8784408166992,34.2525267580319,39.1476283257318,41.0536466623549,45.1311906418665,1,1,1,1,1,1,1,1,0.796610169491525,0.779661016949153,0.76271186440678,0.728813559322034,0.711864406779661,0.644067796610169,0.627118644067797,0.593220338983051,0,0,0,0,0,0,0,0,2066,7.17986,-2.56086181572959
"67",23,23,1,9.64193422411451,25.2934426253259,27.5385157050346,29.1842617613726,31.7781612403587,34.1520871787588,39.04685883818,40.9527487175648,45.0300178885772,1,1,1,1,1,1,1,1,0.796610169491525,0.779661016949153,0.76271186440678,0.728813559322034,0.711864406779661,0.661016949152542,0.627118644067797,0.593220338983051,0,0,0,0,0,0,0,0,2067,7.280111,-2.36182322411451
"68",23,23,2,9.63416157041749,25.2856699716289,27.5307430513376,29.1764891076756,31.7703885866617,34.1443145250618,39.039086184483,40.9449760638678,45.0222452348802,1,1,1,1,1,1,1,1,0.783333333333333,0.766666666666667,0.75,0.716666666666667,0.7,0.65,0.616666666666667,0.583333333333333,0,0,0,0,0,0,0,0,2068,6.144805,-3.48935657041749
"69",23,23,3,9.72218403780578,25.3736924390171,27.6187655187259,29.2645115750639,31.85841105405,34.2323369924501,39.1271086518713,41.0329985312561,45.1102677022685,1,1,1,1,1,1,1,1,0.783333333333333,0.766666666666667,0.75,0.716666666666667,0.7,0.633333333333333,0.616666666666667,0.583333333333333,0,0,0,0,0,0,0,0,2069,5.720633,-4.00155103780578
"70",24,24,1,9.75695486529173,25.4077835164725,27.6527590919371,29.298433672996,31.8922204980957,34.2660433361307,39.1606024140486,41.0664095200246,45.1435016139289,1,1,1,1,1,1,1,1,0.796610169491525,0.779661016949153,0.76271186440678,0.728813559322034,0.711864406779661,0.644067796610169,0.627118644067797,0.593220338983051,0,0,0,0,0,0,0,0,2070,7.254358,-2.50259686529173
"71",24,24,2,9.63770520454381,25.2885338557246,27.5335094311892,29.1791840122481,31.7729708373477,34.1467936753828,39.0413527533007,40.9471598592766,45.024251953181,1,1,1,1,1,1,1,1,0.783333333333333,0.766666666666667,0.75,0.716666666666667,0.7,0.65,0.616666666666667,0.583333333333333,0,0,0,0,0,0,0,0,2071,5.910427,-3.72727820454381
"72",24,24,3,9.7421980672269,25.3930267184076,27.6380022938723,29.2836768749312,31.8774637000308,34.2512865380659,39.1458456159838,41.0516527219597,45.1287448158641,1,1,1,1,1,1,1,1,0.783333333333333,0.766666666666667,0.75,0.716666666666667,0.7,0.633333333333333,0.616666666666667,0.583333333333333,0,0,0,0,0,0,0,0,2072,5.771863,-3.9703350672269
"73",25,25,1,9.75361713222273,25.4039377357825,27.648840436224,29.2944615964019,31.888164223581,34.261910004032,39.1563101977687,41.0620554386007,45.1390151844368,1,1,1,1,1,1,1,1,0.796610169491525,0.779661016949153,0.76271186440678,0.728813559322034,0.711864406779661,0.644067796610169,0.627118644067797,0.593220338983051,0,0,0,0,0,0,0,0,2073,7.260244,-2.49337313222273
"74",25,25,2,9.6378222440924,25.2881428476522,27.5330455480937,29.1786667082715,31.7723693354507,34.1461151159016,39.0405153096383,40.9462605504704,45.0232202963065,1,1,1,1,1,1,1,1,0.783333333333333,0.766666666666667,0.75,0.716666666666667,0.7,0.65,0.616666666666667,0.583333333333333,0,0,0,0,0,0,0,0,2074,5.945211,-3.6926112440924
"75",25,25,3,9.74013079218775,25.3904513957475,27.635354096189,29.2809752563669,31.874677883546,34.248423663997,39.1428238577337,41.0485690985657,45.1255288444018,0,0,0,0,0,1,1,1,0,0,0,0,0,1,0.973684210526316,0.921052631578947,0,0,0,0,0,0,0,0,2075,40.421031,30.6809002078123
"76",26,26,1,7.05444027768015,22.7088399542797,24.9543277623567,26.6003778344449,29.1947564798813,31.5691209494098,36.4647968113185,38.3710387623605,42.4490611200756,1,1,1,1,1,1,1,1,0.830508474576271,0.813559322033898,0.779661016949153,0.76271186440678,0.728813559322034,0.677966101694915,0.661016949152542,0.610169491525424,1,1,1,1,1,0,0,0,2076,7.746433,0.691992722319849
"77",26,26,2,9.6001982230341,25.2545978996337,27.5000857077106,29.1461357797989,31.7405144252353,34.1148788947637,39.0105547566724,40.9167967077144,44.9948190654295,0,0,0,1,1,1,1,1,0,0,0,1,0.976744186046512,0.906976744186046,0.86046511627907,0.813953488372093,1,1,1,1,1,0,0,0,2077,32.692918,23.0927197769659
"78",26,26,3,7.65655648649604,23.3109561630956,25.5564439711726,27.2024940432608,29.7968726886972,32.1712371582256,37.0669130201344,38.9731549711764,43.0511773288915,1,1,1,1,1,1,1,1,0.830508474576271,0.796610169491525,0.779661016949153,0.745762711864407,0.728813559322034,0.677966101694915,0.661016949152542,0.610169491525424,1,1,1,0,0,0,0,0,2078,7.628018,-0.0285384864960374
"79",27,27,1,9.62842579506643,25.3038270400876,27.5523273409343,29.200585714454,31.7984449162681,34.1759947764148,39.0782385600394,40.9870378797183,45.0705312147522,1,1,1,1,1,1,1,1,0.783333333333333,0.766666666666667,0.75,0.716666666666667,0.7,0.633333333333333,0.616666666666667,0.583333333333333,1,1,1,0,0,0,0,0,2079,5.838576,-3.78984979506643
"80",27,27,2,9.76870282765828,25.4441040726794,27.6926043735262,29.3408627470458,31.93872194886,34.3162718090067,39.2185155926312,41.1273149123101,45.210808247344,1,1,1,1,1,1,1,1,0.783333333333333,0.766666666666667,0.75,0.716666666666667,0.7,0.633333333333333,0.616666666666667,0.583333333333333,0,0,0,0,0,0,0,0,2080,5.218361,-4.55034182765828
"81",27,27,3,9.81732240838175,25.4927236534029,27.7412239542496,29.3894823277693,31.9873415295834,34.3648913897301,39.2671351733547,41.1759344930336,45.2594278280675,1,1,1,1,1,1,1,1,0.796610169491525,0.779661016949153,0.76271186440678,0.728813559322034,0.711864406779661,0.644067796610169,0.627118644067797,0.593220338983051,0,0,0,0,0,0,0,0,2081,6.456398,-3.36092440838175
"82",28,28,1,9.71888511258363,25.3937902598016,27.6422193997229,29.2904256088772,31.8882025931951,34.2656772082336,39.1677658448011,41.0765047544698,45.1598688544021,1,1,1,1,1,1,1,1,0.783333333333333,0.766666666666667,0.75,0.716666666666667,0.7,0.633333333333333,0.616666666666667,0.583333333333333,0,0,0,0,0,0,0,0,2082,5.829225,-3.88966011258363
"83",28,28,2,9.7678825075718,25.4427876547898,27.6912167947111,29.3394230038654,31.9371999881833,34.3146746032218,39.2167632397893,41.125502149458,45.2088662493903,1,1,1,1,1,1,1,1,0.783333333333333,0.766666666666667,0.75,0.716666666666667,0.7,0.633333333333333,0.616666666666667,0.583333333333333,0,0,0,0,0,0,0,0,2083,5.403887,-4.3639955075718
"84",28,28,3,9.80111170268938,25.4760168499074,27.7244459898287,29.372652198983,31.9704291833009,34.3479037983394,39.2499924349069,41.1587313445756,45.2420954445079,1,1,1,1,1,1,1,1,0.796610169491525,0.779661016949153,0.76271186440678,0.728813559322034,0.711864406779661,0.644067796610169,0.627118644067797,0.593220338983051,0,0,0,0,0,0,0,0,2084,6.324183,-3.47692870268938
"85",29,29,1,9.72935747435928,25.4040349435611,27.6524314250465,29.3006136940036,31.8983529456076,34.2757930278245,39.1778104615486,41.0865216467824,45.1698264358462,1,1,1,1,1,1,1,1,0.783333333333333,0.766666666666667,0.75,0.716666666666667,0.7,0.633333333333333,0.616666666666667,0.583333333333333,0,0,0,0,0,0,0,0,2085,5.739183,-3.99017447435928
"86",29,29,2,9.77542630083894,25.4501037700408,27.6985002515261,29.3466825204832,31.9444217720873,34.3218618543042,39.2238792880283,41.132590473262,45.2158952623259,1,1,1,1,1,1,1,1,0.783333333333333,0.766666666666667,0.75,0.716666666666667,0.7,0.633333333333333,0.616666666666667,0.583333333333333,0,0,0,0,0,0,0,0,2086,5.281058,-4.49436830083894
"87",29,29,3,9.81150370448167,25.4861811736835,27.7345776551688,29.3827599241259,31.98049917573,34.3579392579469,39.259956691671,41.1686678769048,45.2519726659686,0,0,0,0,0,1,1,1,0,0,0,0,0,0.926829268292683,0.902439024390244,0.853658536585366,0,0,0,0,0,0,0,0,2087,35.37997,25.5684662955183
"88",30,30,1,7.45483884156757,23.1227714443296,25.370200433246,27.0176734838288,29.6142949194949,31.9907119812474,36.8906200603809,38.7985099207713,42.8800576500494,1,1,1,1,1,1,1,1,0.830508474576271,0.796610169491525,0.779661016949153,0.76271186440678,0.728813559322034,0.677966101694915,0.661016949152542,0.610169491525424,1,1,1,1,1,0,0,0,2088,6.462855,-0.99198384156757
"89",30,30,2,9.71616512819724,25.3840977309592,27.6315267198757,29.2789997704585,31.8756212061245,34.2520382678771,39.1519463470106,41.059836207401,45.1413839366791,1,1,1,1,1,1,1,1,0.783333333333333,0.766666666666667,0.75,0.716666666666667,0.7,0.633333333333333,0.616666666666667,0.583333333333333,1,1,1,1,1,0,0,0,2089,5.93355,-3.78261512819724
"90",30,30,3,9.75755692368391,25.4254895264459,27.6729185153623,29.3203915659451,31.9170130016112,34.2934300633637,39.1933381424972,41.1012280028877,45.1827757321658,1,1,1,1,1,1,1,1,0.796610169491525,0.779661016949153,0.76271186440678,0.728813559322034,0.711864406779661,0.644067796610169,0.627118644067797,0.593220338983051,0,0,0,0,0,0,0,0,2090,6.347875,-3.40968192368391
"91",31,31,1,9.72566216599222,25.393263343439,27.6406447922695,29.2880829936933,31.8846495027714,34.2610162959407,39.160820726838,41.068670229447,45.1501316213457,1,1,1,1,1,1,1,1,0.783333333333333,0.766666666666667,0.75,0.716666666666667,0.7,0.633333333333333,0.616666666666667,0.583333333333333,0,0,0,0,0,0,0,0,2091,6.169842,-3.55582016599222
"92",31,31,2,9.73968597786459,25.4072871553113,27.6546686041419,29.3021068055657,31.8986733146438,34.2750401078131,39.1748445387103,41.0826940413194,45.164155433218,1,1,1,1,1,1,1,1,0.783333333333333,0.766666666666667,0.75,0.716666666666667,0.7,0.633333333333333,0.616666666666667,0.583333333333333,0,0,0,0,0,0,0,0,2092,5.465707,-4.27397897786459
"93",31,31,3,9.79515129481567,25.4627524722624,27.710133921093,29.3575721225167,31.9541386315949,34.3305054247642,39.2303098556614,41.1381593582705,45.2196207501691,1,1,1,1,1,1,1,1,0.796610169491525,0.779661016949153,0.76271186440678,0.728813559322034,0.711864406779661,0.644067796610169,0.627118644067797,0.593220338983051,0,0,0,0,0,0,0,0,2093,6.281665,-3.51348629481567
"94",32,32,1,9.73040329413192,25.3982518103005,27.6456687377247,29.2931329466562,31.8897404467855,34.2661447547931,39.166026537121,41.0739061582563,45.1554319827016,1,1,1,1,1,1,1,1,0.783333333333333,0.766666666666667,0.75,0.716666666666667,0.7,0.633333333333333,0.616666666666667,0.583333333333333,0,0,0,0,0,0,0,0,2094,6.12449,-3.60591329413192
"95",32,32,2,9.74278337376529,25.4106318899339,27.658048817358,29.3055130262895,31.9021205264188,34.2785248344265,39.1784066167543,41.0862862378897,45.1678120623349,1,1,1,1,1,1,1,1,0.796610169491525,0.779661016949153,0.76271186440678,0.728813559322034,0.711864406779661,0.644067796610169,0.627118644067797,0.593220338983051,0,0,0,0,0,0,0,0,2095,6.276875,-3.46590837376529
"96",32,32,3,9.73078058429539,25.398629100464,27.6460460278881,29.2935102368196,31.890117736949,34.2665220449566,39.1664038272844,41.0742834484198,45.155809272865,1,1,1,1,1,1,1,1,0.796610169491525,0.779661016949153,0.76271186440678,0.728813559322034,0.711864406779661,0.644067796610169,0.627118644067797,0.593220338983051,0,0,0,0,0,0,0,0,2096,6.285674,-3.44510658429539
"97",33,33,1,9.7303090428541,25.3980250480392,27.6454229679126,29.2928732433993,31.889458782695,34.2658429922398,39.1656833337691,41.0735468189937,45.155038123894,1,1,1,1,1,1,1,1,0.783333333333333,0.766666666666667,0.75,0.716666666666667,0.7,0.633333333333333,0.616666666666667,0.583333333333333,0,0,0,0,0,0,0,0,2097,5.970368,-3.7599410428541
"98",33,33,2,9.75514520682466,25.4228612120098,27.6702591318831,29.3177094073698,31.9142949466656,34.2906791562103,39.1905194977397,41.0983829829642,45.1798742878646,1,1,1,1,1,1,1,1,0.783333333333333,0.766666666666667,0.75,0.716666666666667,0.7,0.633333333333333,0.616666666666667,0.583333333333333,0,0,0,0,0,0,0,0,2098,5.757429,-3.99771620682466
"99",33,33,3,9.77191808117442,25.4396340863596,27.6870320062329,29.3344822817196,31.9310678210153,34.3074520305601,39.2072923720894,41.115155857314,45.1966471622143,0,0,0,0,0,0,1,1,0,0,0,0,0,0,1,0.945945945945946,0,0,0,0,0,0,0,0,2099,40.882639,31.1107209188256
"100",34,34,1,6.98364945157238,22.4760593292016,24.6983111061221,26.3273280548852,28.8948603897694,31.2446552283284,36.089671239647,37.9761876338605,42.0120111186983,1,1,1,1,1,1,1,1,0.830508474576271,0.813559322033898,0.796610169491525,0.76271186440678,0.745762711864407,0.677966101694915,0.661016949152542,0.627118644067797,1,1,1,1,1,1,0,0,2100,6.288037,-0.695612451572379
"101",34,34,2,9.70855328975127,25.2009631673805,27.423214944301,29.0522318930641,31.6197642279483,33.9695590665073,38.8145750778259,40.7010914720394,44.7369149568772,1,1,1,1,1,1,1,1,0.783333333333333,0.766666666666667,0.75,0.716666666666667,0.7,0.65,0.616666666666667,0.583333333333333,1,1,1,1,1,1,0,0,2101,5.570216,-4.13833728975127
"102",34,34,3,9.76509370602851,25.2575035836577,27.4797553605783,29.1087723093414,31.6763046442255,34.0260994827846,38.8711154941032,40.7576318883166,44.7934553731544,1,1,1,1,1,1,1,1,0.796610169491525,0.779661016949153,0.76271186440678,0.728813559322034,0.711864406779661,0.661016949152542,0.627118644067797,0.593220338983051,0,0,0,0,0,0,0,0,2102,6.381455,-3.38363870602851
"103",35,35,1,9.70478198991442,25.1967462612285,27.4189341197894,29.0479042133346,31.6153626985962,33.9650899502899,38.8099666049979,40.696428737568,44.7321361405021,1,1,1,1,1,1,1,1,0.783333333333333,0.766666666666667,0.75,0.716666666666667,0.7,0.65,0.616666666666667,0.583333333333333,0,0,0,0,0,0,0,0,2103,6.122103,-3.58267898991442
"104",35,35,2,9.72522586889972,25.2171901402138,27.4393779987747,29.0683480923199,31.6358065775815,33.9855338292752,38.8304104839832,40.7168726165533,44.7525800194874,1,1,1,1,1,1,1,1,0.783333333333333,0.766666666666667,0.75,0.716666666666667,0.7,0.65,0.616666666666667,0.583333333333333,0,0,0,0,0,0,0,0,2104,5.247215,-4.47801086889972
"105",35,35,3,9.79419045910025,25.2861547304143,27.5083425889752,29.1373126825205,31.704771167782,34.0544984194758,38.8993750741837,40.7858372067538,44.8215446096879,1,1,1,1,1,1,1,1,0.783333333333333,0.766666666666667,0.75,0.716666666666667,0.7,0.65,0.616666666666667,0.583333333333333,0,0,0,0,0,0,0,0,2105,6.158671,-3.63551945910025
"106",36,36,1,9.71903763413968,25.2112878921546,27.4335167730265,29.0625169378896,31.6300228192701,33.9797934476935,38.8247595404008,40.7112564976756,44.7470384010814,1,1,1,1,1,1,1,1,0.796610169491525,0.779661016949153,0.76271186440678,0.728813559322034,0.711864406779661,0.661016949152542,0.627118644067797,0.593220338983051,0,0,0,0,0,0,0,0,2106,6.377244,-3.34179363413968
"107",36,36,2,9.70176788696494,25.1940181449799,27.4162470258517,29.0452471907149,31.6127530720954,33.9625237005187,38.807489793226,40.6939867505009,44.7297686539067,1,1,1,1,1,1,1,1,0.783333333333333,0.766666666666667,0.75,0.716666666666667,0.7,0.65,0.616666666666667,0.583333333333333,0,0,0,0,0,0,0,0,2107,5.524098,-4.17766988696494
"108",36,36,3,9.76917610171763,25.2614263597326,27.4836552406044,29.1126554054676,31.6801612868481,34.0299319152714,38.8748980079787,40.7613949652536,44.7971768686594,1,1,1,1,1,1,1,1,0.783333333333333,0.766666666666667,0.75,0.716666666666667,0.7,0.65,0.616666666666667,0.583333333333333,0,0,0,0,0,0,0,0,2108,6.013698,-3.75547810171763
"109",37,37,1,9.73040153619912,25.223127522624,27.4454246426086,29.0744748300085,31.6420595530983,33.9919023371237,38.8370172066696,40.7235720935662,44.75947792578,1,1,1,1,1,1,1,1,0.796610169491525,0.779661016949153,0.76271186440678,0.728813559322034,0.711864406779661,0.661016949152542,0.627118644067797,0.593220338983051,0,0,0,0,0,0,0,0,2109,6.414896,-3.31550553619912
"110",37,37,2,9.69886345675319,25.1915894431781,27.4138865631627,29.0429367505626,31.6105214736524,33.9603642576778,38.8054791272237,40.6920340141203,44.7279398463341,1,1,1,1,1,1,1,1,0.783333333333333,0.766666666666667,0.75,0.716666666666667,0.7,0.65,0.616666666666667,0.583333333333333,0,0,0,0,0,0,0,0,2110,5.110406,-4.58845745675319
"111",37,37,3,9.80140910567571,25.2941350921006,27.5164322120852,29.1454823994851,31.7130671225749,34.0629099066003,38.9080247761462,40.7945796630428,44.8304854952566,0,0,0,0,0,0,1,1,0,0,0,0,0,0,0.973684210526316,0.921052631578947,0,0,0,0,0,0,0,0,2111,39.37447,29.5730608943243
"112",38,38,1,7.10575700325183,22.5991251995572,24.821514438977,26.4506321543334,29.0183233098405,31.3682635003685,36.2135792113056,38.1002123003333,42.1362854303232,1,1,1,1,1,1,1,1,0.830508474576271,0.813559322033898,0.796610169491525,0.76271186440678,0.728813559322034,0.677966101694915,0.661016949152542,0.627118644067797,1,1,1,1,1,1,0,0,2112,6.387648,-0.718109003251834
"113",38,38,2,9.70024157984333,25.1936097761487,27.4159990155685,29.0451167309249,31.612807886432,33.96274807696,38.8080637878971,40.6946968769248,44.7307700069147,1,1,1,1,1,1,1,1,0.783333333333333,0.766666666666667,0.75,0.716666666666667,0.7,0.65,0.616666666666667,0.583333333333333,1,1,1,1,1,1,0,0,2113,5.987506,-3.71273557984333
"114",38,38,3,9.73171360971776,25.2250818060232,27.4474710454429,29.0765887607993,31.6442799163065,33.9942201068344,38.8395358177716,40.7261689067993,44.7622420367891,1,1,1,1,1,1,1,1,0.796610169491525,0.779661016949153,0.76271186440678,0.728813559322034,0.711864406779661,0.661016949152542,0.627118644067797,0.593220338983051,0,0,0,0,0,0,0,0,2114,6.772707,-2.95900660971776
"115",39,39,1,9.67256513648132,25.1653519481281,27.387657792963,29.016714376096,31.5843091796526,33.934161189279,38.7792950809897,40.6658573745957,44.701779051979,1,1,1,1,1,1,1,1,0.796610169491525,0.779661016949153,0.76271186440678,0.728813559322034,0.711864406779661,0.661016949152542,0.627118644067797,0.593220338983051,0,0,0,0,0,0,0,0,2115,6.459233,-3.21333213648132
"116",39,39,2,9.69733046881916,25.190117280466,27.4124231253009,29.0414797084338,31.6090745119904,33.9589265216168,38.8040604133275,40.6906227069336,44.7265443843168,1,1,1,1,1,1,1,1,0.783333333333333,0.766666666666667,0.75,0.716666666666667,0.7,0.65,0.616666666666667,0.583333333333333,0,0,0,0,0,0,0,0,2116,5.792278,-3.90505246881916
"117",39,39,3,9.75002179961336,25.2428086112602,27.4651144560951,29.094171039228,31.6617658427846,34.011617852411,38.8567517441217,40.7433140377278,44.779235715111,0,1,1,1,1,1,1,1,0,1,0.978260869565217,0.934782608695652,0.91304347826087,0.847826086956522,0.804347826086957,0.760869565217391,0,0,0,0,0,0,0,0,2117,27.366767,17.6167452003866
"118",40,40,1,8.04576031716546,23.5512067802134,25.7753285422002,27.4057162795474,29.9754091469028,32.32718129573,37.1762743012403,39.064378165209,43.1035977232214,1,1,1,1,1,1,1,1,0.813559322033898,0.796610169491525,0.779661016949153,0.745762711864407,0.728813559322034,0.677966101694915,0.644067796610169,0.610169491525424,1,0,0,0,0,0,0,0,2118,6.274645,-1.77111531716546
"119",40,40,2,9.72372012420683,25.2291665872548,27.4532883492416,29.0836760865888,31.6533689539442,34.0051411027714,38.8542341082817,40.7423379722504,44.7815575302628,1,1,1,1,1,1,1,1,0.783333333333333,0.766666666666667,0.75,0.716666666666667,0.7,0.65,0.616666666666667,0.583333333333333,1,0,0,0,0,0,0,0,2119,5.614792,-4.10892812420683
"120",40,40,3,9.77621398009083,25.2816604431387,27.5057822051256,29.1361699424728,31.7058628098282,34.0576349586554,38.9067279641657,40.7948318281344,44.8340513861468,1,1,1,1,1,1,1,1,0.796610169491525,0.779661016949153,0.76271186440678,0.728813559322034,0.711864406779661,0.661016949152542,0.627118644067797,0.593220338983051,0,0,0,0,0,0,0,0,2120,6.722711,-3.05350298009083
"121",41,41,1,9.69034492752673,25.195328867582,27.4193842846586,29.0497233880102,31.6193396021691,33.9710415983119,38.8199899567775,40.7080374991529,44.7471365684117,1,1,1,1,1,1,1,1,0.796610169491525,0.779661016949153,0.76271186440678,0.728813559322034,0.711864406779661,0.661016949152542,0.627118644067797,0.593220338983051,0,0,0,0,0,0,0,0,2121,6.879524,-2.81082092752672
"122",41,41,2,9.67784856431052,25.1828325043658,27.4068879214424,29.037227024794,31.6068432389529,33.9585452350957,38.8074935935613,40.6955411359367,44.7346402051955,1,1,1,1,1,1,1,1,0.783333333333333,0.766666666666667,0.75,0.716666666666667,0.7,0.65,0.616666666666667,0.583333333333333,0,0,0,0,0,0,0,0,2122,5.794343,-3.88350556431052
"123",41,41,3,9.76432619008981,25.2693101301451,27.4933655472217,29.1237046505733,31.6933208647322,34.045022860875,38.8939712193406,40.782018761716,44.8211178309748,0,0,0,0,0,0,1,1,0,0,0,0,0,0,0.973684210526316,0.921052631578947,0,0,0,0,0,0,0,0,2123,39.513163,29.7488368099102
"124",42,42,1,7.08642983385826,22.6155489505132,24.843066349264,26.4759432509344,29.0495593493474,31.4049220228057,36.2614182913759,38.1524047829976,42.1977911447629,1,1,1,1,1,1,1,1,0.830508474576271,0.813559322033898,0.796610169491525,0.76271186440678,0.728813559322034,0.677966101694915,0.661016949152542,0.610169491525424,1,1,1,1,1,1,0,0,2124,6.412996,-0.673433833858257
"125",42,42,2,9.71948633994943,25.2486054566044,27.4761228553551,29.1089997570256,31.6826158554386,34.0379785288969,38.8944747974671,40.7854612890888,44.8308476508541,1,1,1,1,1,1,1,1,0.783333333333333,0.766666666666667,0.75,0.716666666666667,0.7,0.65,0.616666666666667,0.583333333333333,1,1,1,1,1,1,0,0,2125,5.845263,-3.87422333994943
"126",42,42,3,9.76464844047214,25.2937675571271,27.5212849558778,29.1541618575483,31.7277779559613,34.0831406294196,38.9396368979898,40.8306233896115,44.8760097513768,1,1,1,1,1,1,1,1,0.796610169491525,0.779661016949153,0.76271186440678,0.728813559322034,0.711864406779661,0.661016949152542,0.627118644067797,0.593220338983051,0,0,0,0,0,0,0,0,2126,6.570985,-3.19366344047214
"127",43,43,1,9.71020430568239,25.2385938140451,27.4660065568168,29.0988067406439,31.6723019222404,34.0275539331347,38.8838220277872,40.7747196747413,44.8199159711583,1,1,1,1,1,1,1,1,0.796610169491525,0.779661016949153,0.76271186440678,0.728813559322034,0.711864406779661,0.661016949152542,0.627118644067797,0.593220338983051,0,0,0,0,0,0,0,0,2127,6.285095,-3.42510930568239
"128",43,43,2,9.73305516597396,25.2614446743367,27.4888574171084,29.1216576009355,31.695152782532,34.0504047934263,38.9066728880788,40.7975705350329,44.8427668314499,1,1,1,1,1,1,1,1,0.783333333333333,0.766666666666667,0.75,0.716666666666667,0.7,0.65,0.616666666666667,0.583333333333333,0,0,0,0,0,0,0,0,2128,5.535284,-4.19777116597396
"129",43,43,3,9.7929867005015,25.3213762088642,27.5487889516359,29.181589135463,31.7550843170595,34.1103363279539,38.9666044226063,40.8575020695604,44.9026983659774,1,1,1,1,1,1,1,1,0.796610169491525,0.779661016949153,0.76271186440678,0.728813559322034,0.711864406779661,0.661016949152542,0.627118644067797,0.593220338983051,0,0,0,0,0,0,0,0,2129,6.763006,-3.0299807005015
"130",44,44,1,9.69535197056253,25.2234033179911,27.4507675545109,29.0835321809329,31.6569713196582,34.0121720403514,38.8683343803051,40.7591908492791,44.8042990536658,1,1,1,1,1,1,1,1,0.796610169491525,0.779661016949153,0.76271186440678,0.728813559322034,0.711864406779661,0.661016949152542,0.627118644067797,0.593220338983051,0,0,0,0,0,0,0,0,2130,6.327153,-3.36819897056253
"131",44,44,2,9.7301915314667,25.2582428788953,27.4856071154151,29.1183717418371,31.6918108805623,34.0470116012556,38.9031739412093,40.7940304101833,44.83913861457,1,1,1,1,1,1,1,1,0.783333333333333,0.766666666666667,0.75,0.716666666666667,0.7,0.65,0.616666666666667,0.583333333333333,0,0,0,0,0,0,0,0,2131,6.117357,-3.6128345314667
"132",44,44,3,9.7469614069051,25.2750127543337,27.5023769908535,29.1351416172755,31.7085807560007,34.063781476694,38.9199438166477,40.8108002856217,44.8559084900084,1,1,1,1,1,1,1,1,0.796610169491525,0.779661016949153,0.76271186440678,0.728813559322034,0.711864406779661,0.661016949152542,0.627118644067797,0.593220338983051,0,0,0,0,0,0,0,0,2132,6.831149,-2.9158124069051
"133",45,45,1,9.68878736732589,25.2164558737088,27.4437651950023,29.0764895659343,31.6498652570247,34.0050079107084,38.8610505229366,40.751860373217,44.7968688462582,1,1,1,1,1,1,1,1,0.796610169491525,0.779661016949153,0.76271186440678,0.728813559322034,0.711864406779661,0.661016949152542,0.627118644067797,0.593220338983051,0,0,0,0,0,0,0,0,2133,6.564655,-3.12413236732589
"134",45,45,2,9.71008294692287,25.2377514533058,27.4650607745993,29.0977851455313,31.6711608366217,34.0263034903054,38.8823461025336,40.773155952814,44.8181644258552,1,1,1,1,1,1,1,1,0.783333333333333,0.766666666666667,0.75,0.716666666666667,0.7,0.65,0.616666666666667,0.583333333333333,0,0,0,0,0,0,0,0,2134,5.852465,-3.85761794692286
"135",45,45,3,9.76699416756262,25.2946626739456,27.521971995239,29.154696366171,31.7280720572615,34.0832147109451,38.9392573231734,40.8300671734538,44.8750756464949,0,0,0,0,0,0,1,1,0,0,0,0,0,0,1,0.945945945945946,0,0,0,0,0,0,0,0,2135,41.456161,31.6891668324374
"136",46,46,1,6.93548379699222,22.4708071313863,24.6992144713408,26.3327437425219,28.9073880560275,31.2636917476319,36.1221282911188,38.0138702725945,42.0608728533893,1,1,1,1,1,1,1,1,0.830508474576271,0.813559322033898,0.796610169491525,0.76271186440678,0.728813559322034,0.677966101694915,0.661016949152542,0.627118644067797,1,1,1,1,1,1,0,0,2136,6.785533,-0.149950796992217
"137",46,46,2,9.69454399138058,25.2298673257747,27.4582746657292,29.0918039369102,31.6664482504159,34.0227519420202,38.8811884855071,40.7729304669829,44.8199330477777,1,1,1,1,1,1,1,1,0.783333333333333,0.766666666666667,0.75,0.716666666666667,0.7,0.65,0.616666666666667,0.583333333333333,1,1,1,1,1,1,0,0,2137,6.047632,-3.64691199138058
"138",46,46,3,9.7532655489047,25.2885888832988,27.5169962232533,29.1505254944344,31.72516980794,34.0814734995444,38.9399100430313,40.831652024507,44.8786546053018,1,1,1,1,1,1,1,1,0.796610169491525,0.779661016949153,0.76271186440678,0.728813559322034,0.711864406779661,0.661016949152542,0.627118644067797,0.593220338983051,0,0,0,0,0,0,0,0,2138,6.596285,-3.1569805489047
"139",47,47,1,9.71081164559943,25.2451811675022,27.4734516913305,29.1068806697407,31.6813669094262,34.0375259325325,38.8956641856418,40.787290021023,44.8340441305417,1,1,1,1,1,1,1,1,0.783333333333333,0.766666666666667,0.75,0.716666666666667,0.7,0.65,0.616666666666667,0.583333333333333,0,0,0,0,0,0,0,0,2139,6.155815,-3.55499664559943
"140",47,47,2,9.74600612194145,25.2803756438442,27.5086461676726,29.1420751460828,31.7165613857683,34.0727204088745,38.9308586619838,40.822484497365,44.8692386068837,1,1,1,1,1,1,1,1,0.783333333333333,0.766666666666667,0.75,0.716666666666667,0.7,0.65,0.616666666666667,0.583333333333333,0,0,0,0,0,0,0,0,2140,5.683579,-4.06242712194145
"141",47,47,3,9.78373876827345,25.3181082901762,27.5463788140046,29.1798077924148,31.7542940321003,34.1104530552065,38.9685913083158,40.860217143697,44.9069712532157,1,1,1,1,1,1,1,1,0.783333333333333,0.766666666666667,0.75,0.716666666666667,0.7,0.65,0.616666666666667,0.583333333333333,0,0,0,0,0,0,0,0,2141,5.009514,-4.77422476827345
"142",48,48,1,9.83697472460606,25.3716832858256,27.6000024419022,29.2334670700789,31.8080094982086,34.1642199447436,39.0224642272526,40.9141313475749,44.9609737779454,1,1,1,1,1,1,1,1,0.783333333333333,0.766666666666667,0.75,0.716666666666667,0.7,0.65,0.616666666666667,0.583333333333333,0,0,0,0,0,0,0,0,2142,6.229673,-3.60730172460606
"143",48,48,2,9.73948905145519,25.2741976126747,27.5025167687514,29.135981396928,31.7105238250577,34.0667342715928,38.9249785541017,40.816645674424,44.8634881047945,1,1,1,1,1,1,1,1,0.796610169491525,0.779661016949153,0.76271186440678,0.728813559322034,0.711864406779661,0.661016949152542,0.627118644067797,0.593220338983051,0,0,0,0,0,0,0,0,2143,6.26155,-3.47793905145519
"144",48,48,3,9.73694221059016,25.2716507718097,27.4999699278863,29.133434556063,31.7079769841927,34.0641874307277,38.9224317132367,40.814098833559,44.8609412639295,1,1,1,1,1,1,1,1,0.783333333333333,0.766666666666667,0.75,0.716666666666667,0.7,0.65,0.616666666666667,0.583333333333333,0,0,0,0,0,0,0,0,2144,5.316668,-4.42027421059016
"145",49,49,1,9.81244383833242,25.3471559320508,27.5754755948338,29.2089405944504,31.7834836080156,34.1396945903387,38.997939977583,40.889607528059,44.936450878657,1,1,1,1,1,1,1,1,0.783333333333333,0.766666666666667,0.75,0.716666666666667,0.7,0.65,0.616666666666667,0.583333333333333,0,0,0,0,0,0,0,0,2145,6.230682,-3.58176183833242
"146",49,49,2,9.73941784851104,25.2741299422295,27.5024496050125,29.1359146046291,31.7104576181942,34.0666686005173,38.9249139877616,40.8165815382376,44.8634248888356,1,1,1,1,1,1,1,1,0.796610169491525,0.779661016949153,0.76271186440678,0.728813559322034,0.711864406779661,0.661016949152542,0.627118644067797,0.593220338983051,0,0,0,0,0,0,0,0,2146,6.343841,-3.39557684851104
"147",49,49,3,9.73037690605043,25.2650889997688,27.4934086625518,29.1268736621684,31.7014166757336,34.0576276580567,38.915873045301,40.807540595777,44.854383946375,1,1,1,1,1,1,1,1,0.92156862745098,0.901960784313726,0.882352941176471,0.843137254901961,0.823529411764706,0.764705882352941,0.725490196078431,0.686274509803922,0,0,0,0,0,0,0,0,2147,19.053173,9.32279609394957
"148",50,50,1,8.71660382888232,24.2475997970977,26.4753864139203,28.1084606653269,30.6823878113502,33.0380351542785,37.8951183796833,39.7863334162032,43.8322087039436,1,1,1,1,1,1,1,1,0.813559322033898,0.796610169491525,0.779661016949153,0.745762711864407,0.711864406779661,0.661016949152542,0.644067796610169,0.593220338983051,0,0,0,0,0,0,0,0,2148,6.885961,-1.83064282888232
"149",50,50,2,9.683180659978,25.2141766281934,27.441963245016,29.0750374964226,31.6489646424459,34.0046119853742,38.861695210779,40.7529102472988,44.7987855350392,1,1,1,1,1,1,1,1,0.783333333333333,0.766666666666667,0.75,0.716666666666667,0.7,0.65,0.616666666666667,0.583333333333333,0,0,0,0,0,0,0,0,2149,5.948356,-3.73482465997801
"150",50,50,3,9.757665042244,25.2886610104594,27.516447627282,29.1495218786886,31.7234490247119,34.0790963676402,38.936179593045,40.8273946295648,44.8732699173052,1,1,1,1,1,1,1,1,0.783333333333333,0.766666666666667,0.75,0.716666666666667,0.7,0.65,0.616666666666667,0.583333333333333,0,0,0,0,0,0,0,0,2150,5.455588,-4.30207704224401
"151",51,51,1,9.7992317036652,25.3301358726396,27.5579093216575,29.1909739204329,31.7648858527146,34.1205192720904,38.9775737886761,40.868777646769,44.9146290205066,1,1,1,1,1,1,1,1,0.783333333333333,0.766666666666667,0.75,0.716666666666667,0.7,0.65,0.616666666666667,0.583333333333333,0,0,0,0,0,0,0,0,2151,6.220035,-3.5791967036652
"152",51,51,2,9.7383216791731,25.2692258481475,27.4969992971654,29.1300638959408,31.7039758282225,34.0596092475983,38.916663764184,40.8078676222769,44.8537189960145,1,1,1,1,1,1,1,1,0.783333333333333,0.766666666666667,0.75,0.716666666666667,0.7,0.65,0.616666666666667,0.583333333333333,0,0,0,0,0,0,0,0,2152,6.200411,-3.5379106791731
"153",51,51,3,9.7398852909351,25.2707894599095,27.4985629089275,29.1316275077028,31.7055394399845,34.0611728593603,38.9182273759461,40.8094312340389,44.8552826077765,1,1,1,1,1,1,1,1,0.783333333333333,0.766666666666667,0.75,0.716666666666667,0.7,0.65,0.616666666666667,0.583333333333333,0,0,0,0,0,0,0,0,2153,5.264662,-4.4752232909351
"154",52,52,1,9.815493739405,25.3462815984599,27.5740383638291,29.2070907326911,31.7809833891157,34.1365991673078,38.9936173097318,40.8848070047234,44.9306280793462,1,1,1,1,1,1,1,1,0.796610169491525,0.779661016949153,0.76271186440678,0.728813559322034,0.711864406779661,0.661016949152542,0.627118644067797,0.593220338983051,0,0,0,0,0,0,0,0,2154,6.369058,-3.446435739405
"155",52,52,2,9.72761795985383,25.2584058189087,27.4861625842779,29.11921495314,31.6931076095645,34.0487233877567,38.9057415301806,40.7969312251722,44.8427522997951,1,1,1,1,1,1,1,1,0.783333333333333,0.766666666666667,0.75,0.716666666666667,0.7,0.65,0.616666666666667,0.583333333333333,0,0,0,0,0,0,0,0,2155,6.091599,-3.63601895985383
"156",52,52,3,9.74969511869766,25.2804829777526,27.5082397431217,29.1412921119838,31.7151847684084,34.0708005466005,38.9278186890245,40.819008384016,44.8648294586389,1,1,1,1,1,1,1,1,0.783333333333333,0.766666666666667,0.75,0.716666666666667,0.7,0.65,0.616666666666667,0.583333333333333,0,0,0,0,0,0,0,0,2156,4.909596,-4.84009911869766
"157",53,53,1,9.84008604250371,25.3715094474206,27.5993573763293,29.2324765724306,31.8064745568554,34.1621867307921,39.0194036305368,40.9106707161794,44.9566573525797,1,1,1,1,1,1,1,1,0.796610169491525,0.779661016949153,0.76271186440678,0.728813559322034,0.711864406779661,0.661016949152542,0.627118644067797,0.593220338983051,0,0,0,0,0,0,0,0,2157,6.272646,-3.56744004250371
"158",53,53,2,9.73180569280615,25.263229097723,27.4910770266318,29.124196222733,31.6981942071578,34.0539063810946,38.9111232808392,40.8023903664819,44.8483770028821,1,1,1,1,1,1,1,1,0.783333333333333,0.766666666666667,0.75,0.716666666666667,0.7,0.65,0.616666666666667,0.583333333333333,0,0,0,0,0,0,0,0,2158,5.69491,-4.03689569280615
"159",53,53,3,9.77770089555944,25.3091243004763,27.5369722293851,29.1700914254863,31.7440894099111,34.0998015838479,38.9570184835925,40.8482855692352,44.8942722056354,0,0,0,0,0,0,1,1,0,0,0,0,0,0,1,0.945945945945946,0,0,0,0,0,0,0,0,2159,40.792832,31.0151311044406
"160",54,54,1,6.97980348230648,22.461192393879,24.6818633088422,26.3097214101026,28.8754272578917,31.2235505031118,36.0651198745967,37.9502942417587,41.9832467288636,1,1,1,1,1,1,1,1,0.830508474576271,0.813559322033898,0.796610169491525,0.76271186440678,0.745762711864407,0.677966101694915,0.661016949152542,0.627118644067797,1,1,1,1,1,1,0,0,2160,6.650734,-0.329069482306483
"161",54,54,2,9.6802968025864,25.1616857141589,27.3823566291221,29.0102147303825,31.5759205781716,33.9240438233917,38.7656131948766,40.6507875620387,44.6837400491435,1,1,1,1,1,1,1,1,0.783333333333333,0.766666666666667,0.75,0.716666666666667,0.7,0.65,0.616666666666667,0.583333333333333,1,1,1,1,1,1,0,0,2161,6.064898,-3.6153988025864
"162",54,54,3,9.72663391417162,25.2080228257442,27.4286937407074,29.0565518419677,31.6222576897568,33.9703809349769,38.8119503064618,40.6971246736239,44.7300771607287,1,1,1,1,1,1,1,1,0.783333333333333,0.766666666666667,0.75,0.716666666666667,0.7,0.65,0.616666666666667,0.583333333333333,0,0,0,0,0,0,0,0,2162,5.242283,-4.48435091417162
"163",55,55,1,9.79149220187679,25.2732347191629,27.4939563557977,29.1218516384717,31.6876160887708,34.0357929667625,38.8774729230665,40.7626903489251,44.7957349514758,1,1,1,1,1,1,1,1,0.783333333333333,0.766666666666667,0.75,0.716666666666667,0.7,0.65,0.616666666666667,0.583333333333333,0,0,0,0,0,0,0,0,2163,6.146437,-3.64505520187679
"164",55,55,2,9.71959550387403,25.2013380211602,27.4220596577949,29.049954940469,31.615719390768,33.9638962687597,38.8055762250637,40.6907936509224,44.7238382534731,1,1,1,1,1,1,1,1,0.783333333333333,0.766666666666667,0.75,0.716666666666667,0.7,0.65,0.616666666666667,0.583333333333333,0,0,0,0,0,0,0,0,2164,5.90607,-3.81352550387403
"165",55,55,3,9.73870905489391,25.2204515721801,27.4411732088148,29.0690684914888,31.6348329417879,33.9830098197796,38.8246897760836,40.7099072019422,44.7429518044929,1,1,1,1,1,1,1,1,0.796610169491525,0.779661016949153,0.76271186440678,0.728813559322034,0.711864406779661,0.661016949152542,0.627118644067797,0.593220338983051,0,0,0,0,0,0,0,0,2165,6.545499,-3.19321005489391
"166",56,56,1,9.68953693414332,25.1709982921904,27.3916795989718,29.0195453179324,31.58526317216,33.9333974056223,38.7749894336423,40.660172622638,44.6931439822866,1,1,1,1,1,1,1,1,0.783333333333333,0.766666666666667,0.75,0.716666666666667,0.7,0.65,0.616666666666667,0.583333333333333,0,0,0,0,0,0,0,0,2166,6.075331,-3.61420593414332
"167",56,56,2,9.72686720347341,25.2083285615205,27.4290098683019,29.0568755872625,31.6225934414901,33.9707276749524,38.8123197029724,40.6975028919681,44.7304742516167,1,1,1,1,1,1,1,1,0.824561403508772,0.807017543859649,0.789473684210526,0.754385964912281,0.736842105263158,0.684210526315789,0.649122807017544,0.614035087719298,0,0,0,0,0,0,0,0,2167,10.820988,1.09412079652659
"168",56,56,3,9.35007283644244,24.8315341944895,27.0522155012709,28.6800812202315,31.2457990744591,33.5939333079214,38.4355253359415,40.3207085249371,44.3536798845857,1,1,1,1,1,1,1,1,0.8,0.766666666666667,0.75,0.733333333333333,0.7,0.65,0.633333333333333,0.583333333333333,0,0,0,0,0,0,0,0,2168,6.083116,-3.26695683644244
"169",57,57,1,9.73056315252824,25.2115163066653,27.4321247160053,29.0599369976512,31.6255706280568,33.97362778023,38.8150608751918,40.7001821800123,44.7330211508788,1,1,1,1,1,1,1,1,0.839285714285714,0.821428571428571,0.803571428571429,0.767857142857143,0.75,0.696428571428571,0.660714285714286,0.625,0,0,0,0,0,0,0,0,2169,11.052949,1.32238584747176
"170",57,57,2,9.33601728619869,24.8169704403358,27.0375788496757,28.6653911313216,31.2310247617272,33.5790819139004,38.4205150088623,40.3056363136827,44.3384752845492,0,0,0,0,1,1,1,1,0,0,0,0,1,0.928571428571429,0.904761904761905,0.833333333333333,0,0,0,0,0,0,0,0,2170,33.643841,24.3078237138013
"171",57,57,3,7.54256807869062,23.0235212328277,25.2441296421677,26.8719419238135,29.4375755542192,31.7856327063924,36.6270658013542,38.5121871061746,42.5450260770412,0,1,1,1,1,1,1,1,0,0.979166666666667,0.958333333333333,0.9375,0.895833333333333,0.833333333333333,0.8125,0.75,1,1,1,1,0,0,0,0,2171,23.604237,16.0616689213094
"172",58,58,1,8.39317148500208,23.8932370608967,26.1165869813087,27.7464089218275,30.3152100233527,32.6661660318274,37.5135762465634,39.4010248779434,43.4388426972389,1,1,1,1,1,1,1,1,0.813559322033898,0.796610169491525,0.779661016949153,0.745762711864407,0.728813559322034,0.661016949152542,0.644067796610169,0.610169491525424,1,1,1,1,0,0,0,0,2172,6.597988,-1.79518348500208
"173",58,58,2,9.69582670360608,25.1958922795007,27.4192421999127,29.0490641404315,31.6178652419567,33.9688212504314,38.8162314651674,40.7036800965474,44.7414979158429,0,0,0,0,0,1,1,1,0,0,0,0,0,1,0.948717948717949,0.897435897435897,1,0,0,0,0,0,0,0,2173,38.774703,29.0788762963939
"174",58,58,3,7.23113471231019,22.7312002882048,24.9545502086168,26.5843721491356,29.1531732506609,31.5041292591355,36.3515394738715,38.2389881052515,42.276805924547,1,1,1,1,1,1,1,1,0.830508474576271,0.813559322033898,0.779661016949153,0.76271186440678,0.728813559322034,0.677966101694915,0.661016949152542,0.610169491525424,1,1,1,1,1,0,0,0,2174,7.385871,0.15473628768981
"175",59,59,1,9.65480754219789,25.1900548451802,27.4184512790884,29.0519725556153,31.6266042685566,33.9828964281772,38.8413091939942,40.7330419170973,44.7800246914605,1,1,1,1,1,1,1,1,0.783333333333333,0.766666666666667,0.75,0.716666666666667,0.7,0.65,0.616666666666667,0.583333333333333,1,1,1,1,1,0,0,0,2175,6.050258,-3.60454954219789
"176",59,59,2,9.75833543214586,25.2935827351282,27.5219791690363,29.1555004455633,31.7301321585046,34.0864243181252,38.9448370839422,40.8365698070452,44.8835525814084,1,1,1,1,1,1,1,1,0.796610169491525,0.779661016949153,0.76271186440678,0.728813559322034,0.711864406779661,0.661016949152542,0.627118644067797,0.593220338983051,0,0,0,0,0,0,0,0,2176,6.394308,-3.36402743214586
"177",59,59,3,9.7316669506796,25.2669142536619,27.4953106875701,29.128831964097,31.7034636770383,34.0597558366589,38.9181686024759,40.809901325579,44.8568840999422,1,1,1,1,1,1,1,1,0.783333333333333,0.766666666666667,0.75,0.716666666666667,0.7,0.65,0.616666666666667,0.583333333333333,0,0,0,0,0,0,0,0,2177,6.109651,-3.6220159506796
"178",60,60,1,9.75328015155248,25.2887090090339,27.5171314853597,29.1506718522257,31.725333653904,34.0816533506107,38.9401228948413,40.8318777259018,44.8789077958063,1,1,1,1,1,1,1,1,0.796610169491525,0.779661016949153,0.76271186440678,0.728813559322034,0.711864406779661,0.661016949152542,0.627118644067797,0.593220338983051,0,0,0,0,0,0,0,0,2178,6.626231,-3.12704915155248
"179",60,60,2,9.71324044727721,25.2486693047586,27.4770917810844,29.1106321479504,31.6852939496287,34.0416136463354,38.900083190566,40.7918380216266,44.838868091531,1,1,1,1,1,1,1,1,0.796610169491525,0.779661016949153,0.76271186440678,0.728813559322034,0.711864406779661,0.661016949152542,0.627118644067797,0.593220338983051,0,0,0,0,0,0,0,0,2179,6.874581,-2.83865944727721
"180",60,60,3,9.69399103662104,25.2294198941025,27.4578423704283,29.0913827372942,31.6660445389725,34.0223642356793,38.8808337799099,40.7725886109704,44.8196186808749,1,1,1,1,1,1,1,1,0.796610169491525,0.779661016949153,0.76271186440678,0.728813559322034,0.711864406779661,0.661016949152542,0.627118644067797,0.593220338983051,0,0,0,0,0,0,0,0,2180,6.689992,-3.00399903662104
"181",61,61,1,9.70925924721337,25.2441353619183,27.4724785520886,29.1059607984066,31.6805309949078,34.03676685494,38.895063537258,40.7867510606293,44.8336371392312,1,1,1,1,1,1,1,1,0.796610169491525,0.779661016949153,0.76271186440678,0.728813559322034,0.711864406779661,0.661016949152542,0.627118644067797,0.593220338983051,0,0,0,0,0,0,0,0,2181,6.835435,-2.87382424721337
"182",61,61,2,9.69798469612845,25.2328608108333,27.4612040010037,29.0946862473217,31.6692564438229,34.0254923038551,38.8837889861731,40.7754765095444,44.8223625881463,1,1,1,1,1,1,1,1,0.796610169491525,0.779661016949153,0.76271186440678,0.728813559322034,0.711864406779661,0.661016949152542,0.627118644067797,0.593220338983051,0,0,0,0,0,0,0,0,2182,6.799882,-2.89810269612845
"183",61,61,3,9.70074071817641,25.2356168328813,27.4639600230517,29.0974422693697,31.6720124658708,34.0282483259031,38.8865450082211,40.7782325315923,44.8251186101942,0,0,0,0,0,0,0,1,0,0,0,0,0,0,0,0.972222222222222,0,0,0,0,0,0,0,0,2183,43.355785,33.6550442818236
"184",62,62,1,6.87882781638585,22.4246772496518,24.6545944671597,26.2892305508769,28.8656193379297,31.2235195644176,36.0852479855384,37.9782717339081,42.0280163979144,1,1,1,1,1,1,1,1,0.830508474576271,0.813559322033898,0.796610169491525,0.76271186440678,0.745762711864407,0.677966101694915,0.661016949152542,0.627118644067797,1,1,1,1,1,1,1,0,2184,7.425471,0.546643183614152
"185",62,62,2,9.65274904289079,25.1985984761568,27.4285156936647,29.0631517773818,31.6395405644347,33.9974407909225,38.8591692120433,40.752192960413,44.8019376244193,1,1,1,1,1,1,1,1,0.796610169491525,0.779661016949153,0.76271186440678,0.728813559322034,0.711864406779661,0.661016949152542,0.627118644067797,0.593220338983051,1,1,1,1,1,1,1,0,2185,7.610698,-2.04205104289079
"186",62,62,3,9.63844899789197,25.184298431158,27.4142156486658,29.048851732383,31.6252405194359,33.9831407459237,38.8448691670445,40.7378929154142,44.7876375794205,1,1,1,1,1,1,1,1,0.796610169491525,0.779661016949153,0.76271186440678,0.728813559322034,0.711864406779661,0.661016949152542,0.627118644067797,0.593220338983051,0,0,0,0,0,0,0,0,2186,6.776071,-2.86237799789197
"187",63,63,1,9.70613703523576,25.2511356904682,27.4809308712489,29.1154774962023,31.691725285171,34.0494964708029,38.9109588240086,40.8038789728273,44.853402006371,1,1,1,1,1,1,1,1,0.796610169491525,0.779661016949153,0.76271186440678,0.728813559322034,0.711864406779661,0.661016949152542,0.627118644067797,0.593220338983051,0,0,0,0,0,0,0,0,2187,6.935118,-2.77101903523576
"188",63,63,2,9.69381187655502,25.2388105317874,27.4686057125682,29.1031523375215,31.6794001264903,34.0371713121221,38.8986336653279,40.7915538141465,44.8410768476902,1,1,1,1,1,1,1,1,0.796610169491525,0.779661016949153,0.76271186440678,0.728813559322034,0.711864406779661,0.661016949152542,0.627118644067797,0.593220338983051,0,0,0,0,0,0,0,0,2188,6.952125,-2.74168687655502
"189",63,63,3,9.69249393925545,25.2374925944879,27.4672877752686,29.101834400222,31.6780821891907,34.0358533748226,38.8973157280283,40.790235876847,44.8397589103907,1,1,1,1,1,1,1,1,0.796610169491525,0.779661016949153,0.76271186440678,0.728813559322034,0.711864406779661,0.661016949152542,0.627118644067797,0.593220338983051,0,0,0,0,0,0,0,0,2189,6.863442,-2.82905193925545
"190",64,64,1,9.70218463909879,25.246187291404,27.4758396042066,29.1102815000919,31.6863642230869,34.043984341031,38.9051352094408,40.7979340746202,44.8471976461411,1,1,1,1,1,1,1,1,0.796610169491525,0.779661016949153,0.76271186440678,0.728813559322034,0.711864406779661,0.661016949152542,0.627118644067797,0.593220338983051,0,0,0,0,0,0,0,0,2190,6.677586,-3.02459863909879
"191",64,64,2,9.71659247092914,25.2605951232343,27.490247436037,29.1246893319222,31.7007720549173,34.0583921728614,38.9195430412712,40.8123419064506,44.8616054779715,1,1,1,1,1,1,1,1,0.796610169491525,0.779661016949153,0.76271186440678,0.728813559322034,0.711864406779661,0.661016949152542,0.627118644067797,0.593220338983051,0,0,0,0,0,0,0,0,2191,7.663953,-2.05263947092914
"192",64,64,3,9.64012784315813,25.1841304954633,27.413782808266,29.0482247041512,31.6243074271463,33.9819275450904,38.8430784135002,40.7358772786796,44.7851408502005,1,1,1,1,1,1,1,1,0.796610169491525,0.779661016949153,0.76271186440678,0.728813559322034,0.711864406779661,0.661016949152542,0.627118644067797,0.593220338983051,0,0,0,0,0,0,0,0,2192,7.79363,-1.84649784315813
"193",65,65,1,9.63484831357713,25.177166943445,27.4065776978405,29.040842519848,31.6166461524953,33.9740108481221,38.8346350640784,40.7272288652322,44.7760537433958,1,1,1,1,1,1,1,1,0.796610169491525,0.779661016949153,0.76271186440678,0.728813559322034,0.711864406779661,0.661016949152542,0.627118644067797,0.593220338983051,0,0,0,0,0,0,0,0,2193,7.517966,-2.11688231357713
"194",65,65,2,9.65627737763981,25.1985960075077,27.4280067619032,29.0622715839107,31.6380752165579,33.9954399121848,38.8560641281411,40.7486579292949,44.7974828074585,0,0,0,0,0,1,1,1,0,0,0,0,0,0.975,0.925,0.875,0,0,0,0,0,0,0,0,2194,36.960166,27.3038886223602
"195",65,65,3,7.36755346031212,22.90987209018,25.1392828445755,26.773547666583,29.3493512992302,31.7067159948571,36.5673402108134,38.4599340119672,42.5087588901308,0,0,0,1,1,1,1,1,0,0,0,1,0.955555555555556,0.888888888888889,0.866666666666667,0.8,1,1,1,1,1,0,0,0,2195,28.416016,21.0484625396879
"196",66,66,1,8.11910011492023,23.6817841702682,25.914116168248,27.5505224016652,30.1297011637369,32.490154763676,37.3571479572999,39.2522216637329,43.3063518018968,1,1,1,1,1,1,1,1,0.813559322033898,0.796610169491525,0.779661016949153,0.745762711864407,0.728813559322034,0.677966101694915,0.644067796610169,0.610169491525424,1,1,1,1,1,0,0,0,2196,6.979117,-1.13998311492023
"197",66,66,2,9.70129520193242,25.2639792572804,27.4963112552602,29.1327174886774,31.7118962507491,34.0723498506882,38.9393430443121,40.8344167507451,44.888546888909,1,1,1,1,1,1,1,1,0.783333333333333,0.766666666666667,0.75,0.716666666666667,0.7,0.65,0.616666666666667,0.583333333333333,1,1,1,0,0,0,0,0,2197,5.771284,-3.93001120193242
"198",66,66,3,9.79044183823141,25.3531258935794,27.5854578915591,29.2218641249763,31.8010428870481,34.1614964869872,39.0284896806111,40.9235633870441,44.977693525208,1,1,1,1,1,1,1,1,0.783333333333333,0.766666666666667,0.75,0.716666666666667,0.7,0.65,0.616666666666667,0.583333333333333,0,0,0,0,0,0,0,0,2198,5.62922,-4.16122183823141
"199",67,67,1,9.80208981498303,25.363906705824,27.5961143165793,29.2324293682055,31.8114644164891,34.1717864901712,39.0385084912593,40.9334766027544,44.9873808417257,1,1,1,1,1,1,1,1,0.783333333333333,0.766666666666667,0.75,0.716666666666667,0.7,0.65,0.616666666666667,0.583333333333333,0,0,0,0,0,0,0,0,2199,6.145917,-3.65617281498303
"200",67,67,2,9.76376214330116,25.3255790341422,27.5577866448974,29.1941016965236,31.7731367448072,34.1334588184893,39.0001808195775,40.8951489310725,44.9490531700438,1,1,1,1,1,1,1,1,0.783333333333333,0.766666666666667,0.75,0.716666666666667,0.7,0.65,0.616666666666667,0.583333333333333,0,0,0,0,0,0,0,0,2200,5.110814,-4.65294814330117
"201",67,67,3,9.84054425726915,25.4023611481101,27.6345687588654,29.2708838104916,31.8499188587752,34.2102409324573,39.0769629335454,40.9719310450405,45.0258352840118,1,1,1,1,1,1,1,1,0.783333333333333,0.766666666666667,0.75,0.716666666666667,0.7,0.633333333333333,0.616666666666667,0.583333333333333,0,0,0,0,0,0,0,0,2201,5.744343,-4.09620125726915
"202",68,68,1,9.78536259503511,25.3437107011638,27.575420744849,29.2113710559905,31.7898312281262,34.1496271775657,39.0152643688919,40.909810085209,44.9628106944083,1,1,1,1,1,1,1,1,0.796610169491525,0.779661016949153,0.76271186440678,0.728813559322034,0.711864406779661,0.661016949152542,0.627118644067797,0.593220338983051,0,0,0,0,0,0,0,0,2202,6.553484,-3.23187859503511
"203",68,68,2,9.72575435176682,25.2841024578955,27.5158125015807,29.1517628127222,31.7302229848579,34.0900189342974,38.9556561256236,40.8502018419407,44.90320245114,1,1,1,1,1,1,1,1,0.783333333333333,0.766666666666667,0.75,0.716666666666667,0.7,0.65,0.616666666666667,0.583333333333333,0,0,0,0,0,0,0,0,2203,4.939093,-4.78666135176682
"204",68,68,3,9.84468419397991,25.4030323001086,27.6347423437938,29.2706926549353,31.849152827071,34.2089487765105,39.0745859678367,40.9691316841538,45.0221322933531,1,1,1,1,1,1,1,1,0.783333333333333,0.766666666666667,0.75,0.716666666666667,0.7,0.633333333333333,0.616666666666667,0.583333333333333,0,0,0,0,0,0,0,0,2204,5.635813,-4.20887119397991
"205",69,69,1,9.79319354510391,25.3516776299026,27.5834071785482,29.2193717877595,31.7978544954229,34.157671069283,39.0233507858741,40.9179130603633,44.9709490924512,1,1,1,1,1,1,1,1,0.796610169491525,0.779661016949153,0.76271186440678,0.728813559322034,0.711864406779661,0.661016949152542,0.627118644067797,0.593220338983051,0,0,0,0,0,0,0,0,2205,6.481805,-3.31138854510391
"206",69,69,2,9.73087206324668,25.2893561480453,27.5210856966909,29.1570503059023,31.7355330135657,34.0953495874258,38.9610293040168,40.8555915785061,44.908627610594,1,1,1,1,1,1,1,1,0.783333333333333,0.766666666666667,0.75,0.716666666666667,0.7,0.65,0.616666666666667,0.583333333333333,0,0,0,0,0,0,0,0,2206,5.485825,-4.24504706324668
"207",69,69,3,9.80424267372546,25.3627267585241,27.5944563071697,29.230420916381,31.8089036240445,34.1687201979046,39.0343999144956,40.9289621889849,44.9819982210728,0,0,0,0,0,0,1,1,0,0,0,0,0,0,0.973684210526316,0.921052631578947,0,0,0,0,0,0,0,0,2207,40.121342,30.3170993262745
"208",70,70,1,7.25263589562357,22.8118652574305,25.0437017095965,26.6797446842066,29.2583509054378,31.6182805183977,36.4841933090596,38.3788463362017,42.4320765153898,1,1,1,1,1,1,1,1,0.830508474576271,0.796610169491525,0.779661016949153,0.76271186440678,0.728813559322034,0.677966101694915,0.661016949152542,0.610169491525424,1,1,1,1,1,1,0,0,2208,7.007911,-0.244724895623571
"209",70,70,2,9.68828298690573,25.2475123487126,27.4793488008786,29.1153917754887,31.6939979967199,34.0539276096799,38.9198404003418,40.8144934274838,44.8677236066719,1,1,1,1,1,1,1,1,0.796610169491525,0.779661016949153,0.76271186440678,0.728813559322034,0.711864406779661,0.661016949152542,0.627118644067797,0.593220338983051,1,1,1,1,1,1,0,0,2209,6.506611,-3.18167198690573
"210",70,70,3,9.72515593694403,25.2843852987509,27.5162217509169,29.1522647255271,31.7308709467582,34.0908005597182,38.9567133503801,40.8513663775221,44.9045965567102,1,1,1,1,1,1,1,1,0.783333333333333,0.766666666666667,0.75,0.716666666666667,0.7,0.65,0.616666666666667,0.583333333333333,0,0,0,0,0,0,0,0,2210,5.737692,-3.98746393694403
"211",71,71,1,9.78553259623562,25.3438212175803,27.5755227286894,29.211466785044,31.7899170988616,34.1497040260095,39.0153226143725,40.9098610872058,44.9628462004242,1,1,1,1,1,1,1,1,0.796610169491525,0.779661016949153,0.76271186440678,0.728813559322034,0.711864406779661,0.661016949152542,0.627118644067797,0.593220338983051,0,0,0,0,0,0,0,0,2211,6.75839,-3.02714259623562
"212",71,71,2,9.71043553008294,25.2687241514276,27.5004256625367,29.1363697188914,31.7148200327089,34.0746069598569,38.9402255482199,40.8347640210531,44.8877491342715,1,1,1,1,1,1,1,1,0.783333333333333,0.766666666666667,0.75,0.716666666666667,0.7,0.65,0.616666666666667,0.583333333333333,0,0,0,0,0,0,0,0,2212,5.051422,-4.65901353008294
"213",71,71,3,9.83602438086595,25.3943130022106,27.6260145133197,29.2619585696744,31.8404088834919,34.2001958106399,39.0658143990029,40.9603528718361,45.0133379850545,1,1,1,1,1,1,1,1,0.783333333333333,0.766666666666667,0.75,0.716666666666667,0.7,0.633333333333333,0.616666666666667,0.583333333333333,0,0,0,0,0,0,0,0,2213,5.588237,-4.24778738086595
"214",72,72,1,9.796502453909,25.3554744096878,27.5872739391924,29.223289847724,31.8018534094654,34.161743980639,39.0275762714732,40.9221979541894,44.9753610782646,1,1,1,1,1,1,1,1,0.796610169491525,0.779661016949153,0.76271186440678,0.728813559322034,0.711864406779661,0.661016949152542,0.627118644067797,0.593220338983051,0,0,0,0,0,0,0,0,2214,6.655593,-3.140909453909
"215",72,72,2,9.71793903478602,25.2769109905648,27.5087105200695,29.144726428601,31.7232899903425,34.0831805615161,38.9490128523502,40.8436345350664,44.8967976591416,1,1,1,1,1,1,1,1,0.783333333333333,0.766666666666667,0.75,0.716666666666667,0.7,0.65,0.616666666666667,0.583333333333333,0,0,0,0,0,0,0,0,2215,6.008309,-3.70963003478602
"216",72,72,3,9.76558278643364,25.3245547422124,27.5563542717171,29.1923701802487,31.7709337419901,34.1308243131637,38.9966566039978,40.891278286714,44.9444414107892,1,1,1,1,1,1,1,1,0.783333333333333,0.766666666666667,0.75,0.716666666666667,0.7,0.65,0.616666666666667,0.583333333333333,0,0,0,0,0,0,0,0,2216,6.092104,-3.67347878643364
"217",73,73,1,9.75863522400407,25.3170241253293,27.5487400207314,29.1846946214617,31.7631615545201,34.1229636915278,38.9886136409324,40.8831643248954,44.936175561377,1,1,1,1,1,1,1,1,0.796610169491525,0.779661016949153,0.76271186440678,0.728813559322034,0.711864406779661,0.661016949152542,0.627118644067797,0.593220338983051,0,0,0,0,0,0,0,0,2217,6.841581,-2.91705422400407
"218",73,73,2,9.70349771627997,25.2618866176052,27.4936025130073,29.1295571137376,31.708024046796,34.0678261838037,38.9334761332083,40.8280268171713,44.8810380536529,1,1,1,1,1,1,1,1,0.783333333333333,0.766666666666667,0.75,0.716666666666667,0.7,0.65,0.616666666666667,0.583333333333333,0,0,0,0,0,0,0,0,2218,5.718141,-3.98535671627997
"219",73,73,3,9.78614692589889,25.3445358272241,27.5762517226262,29.2122063233565,31.7906732564149,34.1504753934226,39.0161253428272,40.9106760267903,44.9636872632718,0,0,0,1,1,1,1,1,0,0,0,1,0.976744186046512,0.906976744186046,0.86046511627907,0.813953488372093,0,0,0,0,0,0,0,0,2219,32.292875,22.5067280741011
"220",74,74,1,7.8193300265776,23.3603047975596,25.5895227870579,27.2236463031667,29.7992272202281,32.1563880874836,37.0165920319734,38.9090221909411,42.9574969894661,1,1,1,1,1,1,1,1,0.844827586206897,0.810344827586207,0.793103448275862,0.758620689655172,0.741379310344828,0.689655172413793,0.672413793103448,0.620689655172414,1,1,1,0,0,0,0,0,2220,8.595107,0.7757769734224
"221",74,74,2,9.56968598931154,25.1106607602936,27.3398787497919,28.9740022659006,31.549583182962,33.9067440502175,38.7669479947073,40.659378153675,44.7078529522,1,1,1,1,1,1,1,1,0.796610169491525,0.779661016949153,0.76271186440678,0.728813559322034,0.711864406779661,0.661016949152542,0.627118644067797,0.593220338983051,1,1,1,0,0,0,0,0,2221,6.400771,-3.16891498931154
"222",74,74,3,9.7317632407152,25.2727380116972,27.5019560011956,29.1360795173043,31.7116604343657,34.0688213016212,38.929025246111,40.8214554050787,44.8699302036037,1,1,1,1,1,1,1,1,0.783333333333333,0.766666666666667,0.75,0.716666666666667,0.7,0.65,0.616666666666667,0.583333333333333,0,0,0,0,0,0,0,0,2222,6.213739,-3.5180242407152
"223",75,75,1,9.74567634406668,25.2864045467296,27.5155871681419,29.1496847577503,31.7252248114381,34.0823482807053,38.9424751146963,40.8348752489499,44.8832858156207,1,1,1,1,1,1,1,1,0.810344827586207,0.793103448275862,0.775862068965517,0.741379310344828,0.724137931034483,0.672413793103448,0.637931034482759,0.603448275862069,0,0,0,0,0,0,0,0,2223,7.83602,-1.90965634406668
"224",75,75,2,9.62584858050813,25.1665767831711,27.3957594045834,29.0298569941917,31.6053970478795,33.9625205171467,38.8226473511377,40.7150474853914,44.7634580520622,1,1,1,1,1,1,1,1,0.783333333333333,0.766666666666667,0.75,0.716666666666667,0.7,0.65,0.616666666666667,0.583333333333333,0,0,0,0,0,0,0,0,2224,6.10953,-3.51631858050813
"225",75,75,3,9.75337361193376,25.2941018145967,27.523284436009,29.1573820256173,31.7329220793052,34.0900455485724,38.9501723825634,40.842572516817,44.8909830834878,1,1,1,1,1,1,1,1,0.783333333333333,0.766666666666667,0.75,0.716666666666667,0.7,0.65,0.616666666666667,0.583333333333333,0,0,0,0,0,0,0,0,2225,5.982136,-3.77123761193376
"226",76,76,1,9.76958441459379,25.3094354348075,27.5384922320083,29.1724975864454,31.7478922660875,34.1048826896369,38.9647351981327,40.85702851756,44.9052105753314,1,1,1,1,1,1,1,1,0.810344827586207,0.793103448275862,0.775862068965517,0.741379310344828,0.724137931034483,0.672413793103448,0.637931034482759,0.603448275862069,0,0,0,0,0,0,0,0,2226,7.836393,-1.93319141459379
"227",76,76,2,9.63231670433481,25.1721677245485,27.4012245217493,29.0352298761864,31.6106245558285,33.967614979378,38.8274674878737,40.719760807301,44.7679428650724,1,1,1,1,1,1,1,1,0.783333333333333,0.766666666666667,0.75,0.716666666666667,0.7,0.65,0.616666666666667,0.583333333333333,0,0,0,0,0,0,0,0,2227,6.045963,-3.58635370433481
"228",76,76,3,9.76485940282751,25.3047104230412,27.533767220242,29.1677725746791,31.7431672543212,34.1001576778707,38.9600101863664,40.8523035057937,44.9004855635652,1,1,1,1,1,1,1,1,0.783333333333333,0.766666666666667,0.75,0.716666666666667,0.7,0.65,0.616666666666667,0.583333333333333,0,0,0,0,0,0,0,0,2228,5.959346,-3.80551340282751
"229",77,77,1,9.7723327467684,25.3117320036004,27.5407239992638,29.1746818510716,31.7500016606902,34.1069235635079,38.9666347898639,40.8588730978996,44.9069374698314,1,1,1,1,1,1,1,1,0.810344827586207,0.793103448275862,0.775862068965517,0.741379310344828,0.724137931034483,0.672413793103448,0.637931034482759,0.603448275862069,0,0,0,0,0,0,0,0,2229,7.898836,-1.8734967467684
"230",77,77,2,9.62873695257714,25.1681362094091,27.3971282050726,29.0310860568803,31.606405866499,33.9633277693166,38.8230389956726,40.7152773037084,44.7633416756401,1,1,1,1,1,1,1,1,0.796610169491525,0.779661016949153,0.76271186440678,0.728813559322034,0.711864406779661,0.661016949152542,0.627118644067797,0.593220338983051,0,0,0,0,0,0,0,0,2230,6.411496,-3.21724095257714
"231",77,77,3,9.73885650386765,25.2782557606997,27.5072477563631,29.1412056081708,31.7165254177895,34.0734473206071,38.9331585469631,40.8253968549989,44.8734612269306,0,0,0,0,0,0,1,1,0,0,0,0,0,0,1,0.945945945945946,0,0,0,0,0,0,0,0,2231,40.7628,31.0239434961323
"232",78,78,1,7.1816471775348,22.7630145381428,24.9980264941563,26.6363972651224,29.2186723815223,31.5819597519732,36.4547958657009,38.3521446450211,42.4111418453618,1,1,1,1,1,1,1,1,0.844827586206897,0.827586206896552,0.793103448275862,0.775862068965517,0.741379310344828,0.689655172413793,0.672413793103448,0.620689655172414,1,1,1,1,1,1,0,0,2232,8.271207,1.0895598224652
"233",78,78,2,9.61237366479522,25.1937410254032,27.4287529814167,29.0671237523829,31.6493988687827,34.0126862392336,38.8855223529613,40.7828711322815,44.8418683326222,1,1,1,1,1,1,1,1,0.796610169491525,0.779661016949153,0.76271186440678,0.728813559322034,0.711864406779661,0.661016949152542,0.627118644067797,0.593220338983051,1,1,1,1,1,1,0,0,2233,6.394368,-3.21800566479522
"234",78,78,3,9.75278174726822,25.3341491078763,27.5691610638898,29.2075318348559,31.7898069512557,34.1530943217066,39.0259304354343,40.9232792147545,44.9822764150952,1,1,1,1,1,1,1,1,0.783333333333333,0.766666666666667,0.75,0.716666666666667,0.7,0.65,0.616666666666667,0.583333333333333,0,0,0,0,0,0,0,0,2234,6.181356,-3.57142574726822
"235",79,79,1,9.75716141421261,25.3145846855663,27.5461620697274,29.1820151350863,31.7603220358325,34.1199777119383,38.9853256752278,40.8797587740774,44.9325184607905,1,1,1,1,1,1,1,1,0.796610169491525,0.779661016949153,0.76271186440678,0.728813559322034,0.711864406779661,0.661016949152542,0.627118644067797,0.593220338983051,0,0,0,0,0,0,0,0,2235,7.782487,-1.97467441421261
"236",79,79,2,9.63818648074099,25.1956097520947,27.4271871362558,29.0630402016147,31.6413471023608,34.0010027784667,38.8663507417562,40.7607838406058,44.8135435273189,1,1,1,1,1,1,1,1,0.796610169491525,0.779661016949153,0.76271186440678,0.728813559322034,0.711864406779661,0.661016949152542,0.627118644067797,0.593220338983051,0,0,0,0,0,0,0,0,2236,6.371398,-3.26678848074099
"237",79,79,3,9.74303999984563,25.3004632711993,27.5320406553604,29.1678937207193,31.7462006214655,34.1058562975713,38.9712042608608,40.8656373597105,44.9183970464236,1,1,1,1,1,1,1,1,0.796610169491525,0.779661016949153,0.76271186440678,0.728813559322034,0.711864406779661,0.661016949152542,0.627118644067797,0.593220338983051,0,0,0,0,0,0,0,0,2237,6.25467,-3.48836999984563
"238",80,80,1,9.75244016179206,25.3091090709604,27.5405782484112,29.1763519930708,31.7545338745773,34.1140751335987,38.9791871815661,40.8735284214576,44.9260915943522,1,1,1,1,1,1,1,1,0.796610169491525,0.779661016949153,0.76271186440678,0.728813559322034,0.711864406779661,0.661016949152542,0.627118644067797,0.593220338983051,0,0,0,0,0,0,0,0,2238,7.565091,-2.18734916179206
"239",80,80,2,9.65485898683406,25.2115278960024,27.4429970734532,29.0787708181128,31.6569526996193,34.0164939586407,38.8816060066081,40.7759472464996,44.8285104193942,1,1,1,1,1,1,1,1,0.783333333333333,0.766666666666667,0.75,0.716666666666667,0.7,0.65,0.616666666666667,0.583333333333333,0,0,0,0,0,0,0,0,2239,6.005585,-3.64927398683406
"240",80,80,3,9.77098840465784,25.3276573138262,27.559126491277,29.1949002359366,31.7730821174431,34.1326233764644,38.9977354244318,40.8920766643234,44.9446398372179,1,1,1,1,1,1,1,1,0.783333333333333,0.766666666666667,0.75,0.716666666666667,0.7,0.65,0.616666666666667,0.583333333333333,0,0,0,0,0,0,0,0,2240,6.17275,-3.59823840465784
"241",81,81,1,9.74237928622779,25.2723557661135,27.4999961461808,29.1329631990443,31.7067213868956,34.0622141000127,38.9189784959184,40.810069388973,44.8556790966664,1,1,1,1,1,1,1,1,0.796610169491525,0.779661016949153,0.76271186440678,0.728813559322034,0.711864406779661,0.661016949152542,0.627118644067797,0.593220338983051,0,0,0,0,0,0,0,0,2241,7.186549,-2.55583028622779
"242",81,81,2,9.66770183517541,25.1976783150611,27.4253186951284,29.0582857479919,31.6320439358432,33.9875366489603,38.8443010448661,40.7353919379206,44.781001645614,1,1,1,1,1,1,1,1,0.783333333333333,0.766666666666667,0.75,0.716666666666667,0.7,0.65,0.616666666666667,0.583333333333333,0,0,0,0,0,0,0,0,2242,6.031975,-3.63572683517541
"243",81,81,3,9.75274891390734,25.282725393793,27.5103657738603,29.1433328267238,31.7170910145752,34.0725837276923,38.929348123598,40.8204390166525,44.8660487243459,0,0,0,0,0,1,1,1,0,0,0,0,0,1,0.948717948717949,0.897435897435897,0,0,0,0,0,0,0,0,2243,38.970333,29.2175840860927
"244",82,82,1,7.33743116240007,22.9044297336745,25.137380611529,26.7742405135249,29.3541343134273,31.715242312994,36.5835848059787,38.4791838925877,42.5344379762732,1,1,1,1,1,1,1,1,0.830508474576271,0.796610169491525,0.779661016949153,0.76271186440678,0.728813559322034,0.677966101694915,0.661016949152542,0.610169491525424,1,1,1,1,1,0,0,0,2244,6.671103,-0.666328162400071
"245",82,82,2,9.72150857462303,25.2885071458974,27.5214580237519,29.1583179257478,31.7382117256502,34.099319725217,38.9676622182017,40.8632613048106,44.9185153884962,1,1,1,1,1,1,1,1,0.796610169491525,0.779661016949153,0.76271186440678,0.728813559322034,0.711864406779661,0.661016949152542,0.627118644067797,0.593220338983051,1,1,1,1,1,0,0,0,2245,6.262682,-3.45882657462303
"246",82,82,3,9.75165502953163,25.318653600806,27.5516044786605,29.1884643806564,31.7683581805588,34.1294661801255,38.9978086731103,40.8934077597193,44.9486618434048,1,1,1,1,1,1,1,1,0.783333333333333,0.766666666666667,0.75,0.716666666666667,0.7,0.65,0.616666666666667,0.583333333333333,0,0,0,0,0,0,0,0,2246,6.013021,-3.73863402953163
"247",83,83,1,9.75359509644298,25.2840505645094,27.5117596512753,29.1447770694384,31.7186146392355,34.074180002377,38.9310941945651,40.8222434141849,44.8679778998673,1,1,1,1,1,1,1,1,0.783333333333333,0.766666666666667,0.75,0.716666666666667,0.7,0.65,0.616666666666667,0.583333333333333,0,0,0,0,0,0,0,0,2247,5.890507,-3.86308809644298
"248",83,83,2,9.76259339660662,25.2930488646731,27.5207579514389,29.153775369602,31.7276129393992,34.0831783025406,38.9400924947287,40.8312417143486,44.8769762000309,1,1,1,1,1,1,1,1,0.783333333333333,0.766666666666667,0.75,0.716666666666667,0.7,0.65,0.616666666666667,0.583333333333333,0,0,0,0,0,0,0,0,2248,5.522627,-4.23996639660662
"249",83,83,3,9.78961312222328,25.3200685902897,27.5477776770556,29.1807950952187,31.7546326650158,34.1101980281573,38.9671122203454,40.8582614399652,44.9039959256476,1,1,1,1,1,1,1,1,0.783333333333333,0.766666666666667,0.75,0.716666666666667,0.7,0.65,0.616666666666667,0.583333333333333,0,0,0,0,0,0,0,0,2249,5.767352,-4.02226112222329
"250",84,84,1,9.76913489309534,25.2999664410135,27.527729473171,29.160786435889,31.734686332799,34.0903087374532,38.9473405429059,40.8385355579063,44.884368013621,0,0,0,0,0,1,1,1,0,0,0,0,0,0.951219512195122,0.902439024390244,0.853658536585366,0,0,0,0,0,0,0,0,2250,35.78834,26.0192051069047
"251",84,84,2,7.56953336197044,23.1003649098886,25.3281279420461,26.9611849047641,29.5350848016741,31.8907072063283,36.747739011781,38.6389340267814,42.6847664824961,1,1,1,1,1,1,1,1,0.816666666666667,0.783333333333333,0.766666666666667,0.75,0.716666666666667,0.666666666666667,0.65,0.6,1,1,1,1,1,0,0,0,2251,6.15005,-1.41948336197044
"252",84,84,3,9.74109507286163,25.2719266207797,27.4996896529373,29.1327466156552,31.7066465125653,34.0622689172194,38.9193007226722,40.8104957376725,44.8563281933873,1,1,1,1,1,1,1,1,0.783333333333333,0.766666666666667,0.75,0.716666666666667,0.7,0.65,0.616666666666667,0.583333333333333,1,1,1,1,1,0,0,0,2252,5.850598,-3.89049707286163
"253",85,85,1,9.78163707602974,25.3416221188231,27.57356696687,29.2096894008505,31.7884208598841,34.1484650899563,39.0146142083753,40.9093592550664,44.9627862916251,1,1,1,1,1,1,1,1,0.783333333333333,0.766666666666667,0.75,0.716666666666667,0.7,0.65,0.616666666666667,0.583333333333333,0,0,0,0,0,0,0,0,2253,6.136748,-3.64488907602974
"254",85,85,2,9.76051951749735,25.3205045602907,27.5524494083376,29.1885718423181,31.7673033013517,34.1273475314239,38.993496649843,40.888241696534,44.9416687330927,1,1,1,1,1,1,1,1,0.783333333333333,0.766666666666667,0.75,0.716666666666667,0.7,0.65,0.616666666666667,0.583333333333333,0,0,0,0,0,0,0,0,2254,5.587858,-4.17266151749735
"255",85,85,3,9.80102700204337,25.3610120448368,27.5929568928836,29.2290793268641,31.8078107858977,34.1678550159699,39.034004134389,40.92874918108,44.9821762176387,0,0,0,0,0,0,1,1,0,0,0,0,0,0,0.973684210526316,0.921052631578947,0,0,0,0,0,0,0,0,2255,39.458041,29.6570139979566
"256",86,86,1,7.30824413680641,22.894303534549,25.129988522579,26.7688526582363,29.3519053784535,31.7159044086608,36.5902078857763,38.4881280161676,42.5483475075404,1,1,1,1,1,1,1,1,0.830508474576271,0.796610169491525,0.779661016949153,0.76271186440678,0.728813559322034,0.677966101694915,0.661016949152542,0.610169491525424,1,1,1,1,1,1,0,0,2256,6.436981,-0.871263136806412
"257",86,86,2,9.74241496988653,25.3284743676291,27.5641593556591,29.2030234913165,31.7860762115336,34.150075241741,39.0243787188564,40.9222988492477,44.9825183406205,1,1,1,1,1,1,1,1,0.783333333333333,0.766666666666667,0.75,0.716666666666667,0.7,0.65,0.616666666666667,0.583333333333333,1,1,1,1,1,1,0,0,2257,5.677644,-4.06477096988653
"258",86,86,3,9.79839003482626,25.3844494325689,27.6201344205988,29.2589985562562,31.8420512764733,34.2060503066807,39.0803537837961,40.9782739141874,45.0384934055602,1,1,1,1,1,1,1,1,0.783333333333333,0.766666666666667,0.75,0.716666666666667,0.7,0.633333333333333,0.616666666666667,0.583333333333333,0,0,0,0,0,0,0,0,2258,6.007269,-3.79112103482626
"259",87,87,1,9.77055035742339,25.3574703774684,27.5932788143005,29.2322334438402,31.8154287936164,34.1795583577988,39.0541309814749,40.9521559101575,45.0125995964572,1,1,1,1,1,1,1,1,0.783333333333333,0.766666666666667,0.75,0.716666666666667,0.7,0.65,0.616666666666667,0.583333333333333,0,0,0,0,0,0,0,0,2259,6.088797,-3.68175335742339
"260",87,87,2,9.76454043866684,25.3514604587119,27.5872688955439,29.2262235250837,31.8094188748599,34.1735484390423,39.0481210627184,40.946145991401,45.0065896777007,1,1,1,1,1,1,1,1,0.783333333333333,0.766666666666667,0.75,0.716666666666667,0.7,0.65,0.616666666666667,0.583333333333333,0,0,0,0,0,0,0,0,2260,5.478979,-4.28556143866684
"261",87,87,3,9.80949378765464,25.3964138076997,27.6322222445317,29.2711768740715,31.8543722238477,34.2185017880301,39.0930744117062,40.9910993403888,45.0515430266885,0,1,1,1,1,1,1,1,0,1,0.978260869565217,0.934782608695652,0.91304347826087,0.826086956521739,0.804347826086957,0.760869565217391,0,0,0,0,0,0,0,0,2261,27.61765,17.8081562123454
"262",88,88,1,8.17811043272732,23.7366143326138,25.9683467235618,27.6043134163169,30.1827994079031,32.5426189871957,37.4083049006546,39.3028695880343,43.3559107820175,1,1,1,1,1,1,1,1,0.8,0.783333333333333,0.766666666666667,0.733333333333333,0.716666666666667,0.666666666666667,0.633333333333333,0.6,1,0,0,0,0,0,0,0,2262,6.187724,-1.99038643272732
"263",88,88,2,9.75049590324255,25.308999803129,27.540732194077,29.1766988868321,31.7551848784184,34.1150044577109,38.9806903711698,40.8752550585496,44.9282962525327,1,1,1,1,1,1,1,1,0.783333333333333,0.766666666666667,0.75,0.716666666666667,0.7,0.65,0.616666666666667,0.583333333333333,1,0,0,0,0,0,0,0,2263,6.043554,-3.70694190324255
"264",88,88,3,9.76107413917692,25.3195780390634,27.5513104300114,29.1872771227665,31.7657631143527,34.1255826936452,38.9912686071042,40.8858332944839,44.9388744884671,1,1,1,1,1,1,1,1,0.783333333333333,0.766666666666667,0.75,0.716666666666667,0.7,0.65,0.616666666666667,0.583333333333333,0,0,0,0,0,0,0,0,2264,6.073012,-3.68806213917692
"265",89,89,1,9.76715434835026,25.3246147220897,27.5561974282661,29.192054394917,31.7703674445823,34.1300287481531,38.9953883146505,40.8898259314712,44.9425952834772,1,1,1,1,1,1,1,1,0.783333333333333,0.766666666666667,0.75,0.716666666666667,0.7,0.65,0.616666666666667,0.583333333333333,0,0,0,0,0,0,0,0,2265,6.180476,-3.58667834835026
"266",89,89,2,9.75920442631847,25.3166648000579,27.5482475062343,29.1841044728852,31.7624175225505,34.1220788261213,38.9874383926187,40.8818760094394,44.9346453614454,1,1,1,1,1,1,1,1,0.783333333333333,0.766666666666667,0.75,0.716666666666667,0.7,0.65,0.616666666666667,0.583333333333333,0,0,0,0,0,0,0,0,2266,5.330748,-4.42845642631847
"267",89,89,3,9.82206521084381,25.3795255845832,27.6111082907596,29.2469652574105,31.8252783070758,34.1849396106466,39.0502991771441,40.9447367939647,44.9975061459708,0,0,0,0,0,0,1,1,0,0,0,0,0,0,0.973684210526316,0.921052631578947,0,0,0,0,0,0,0,0,2267,39.56906,29.7469947891562
"268",90,90,1,7.29045616600707,22.8861519558852,25.1232192007568,26.7630965968583,29.3477463409469,31.713206960712,36.5905240731855,38.4896176305574,42.5523474336246,1,1,1,1,1,1,1,1,0.98,0.94,0.92,0.9,0.86,0.8,0.78,0.72,1,1,1,1,1,1,0,0,2268,21.139755,13.8492988339929
"269",90,90,2,8.66114663584165,24.2568424257198,26.4939096705914,28.1337870666929,30.7184368107814,33.0838974305466,37.9612145430201,39.860308100392,43.9230379034592,0,0,0,1,1,1,1,1,0,0,0,1,0.954545454545455,0.886363636363636,0.863636363636364,0.795454545454545,1,1,1,1,1,1,0,0,2269,29.822956,21.1618093641584
"270",90,90,3,8.01532842086512,23.6110242107433,25.8480914556148,27.4879688517164,30.0726185958049,32.4380792155701,37.3153963280436,39.2144898854154,43.2772196884826,1,1,1,1,1,1,1,1,0.923076923076923,0.903846153846154,0.884615384615385,0.846153846153846,0.826923076923077,0.769230769230769,0.730769230769231,0.692307692307692,1,1,1,0,0,0,0,0,2270,17.452702,9.43737357913488
"271",91,91,1,8.9882503855006,24.5742911656863,26.8099734831892,28.4488356612225,31.0318852959816,33.3958815023908,38.270179157148,40.1680970204726,44.2283116619109,1,1,1,1,1,1,1,1,0.8,0.766666666666667,0.75,0.733333333333333,0.7,0.65,0.633333333333333,0.583333333333333,1,1,1,0,0,0,0,0,2271,5.94436,-3.0438903855006
"272",91,91,2,9.78227211243345,25.3683128926191,27.6039952101221,29.2428573881553,31.8259070229145,34.1899032293237,39.0642008840808,40.9621187474054,45.0223333888437,1,1,1,1,1,1,1,1,0.783333333333333,0.766666666666667,0.75,0.716666666666667,0.7,0.633333333333333,0.616666666666667,0.583333333333333,0,0,0,0,0,0,0,0,2272,5.549399,-4.23287311243345
"273",91,91,3,9.80952257260322,25.3955633527889,27.6312456702919,29.2701078483251,31.8531574830843,34.2171536894934,39.0914513442506,40.9893692075752,45.0495838490135,1,1,1,1,1,1,1,1,0.783333333333333,0.766666666666667,0.75,0.716666666666667,0.7,0.633333333333333,0.616666666666667,0.583333333333333,0,0,0,0,0,0,0,0,2273,5.775314,-4.03420857260322
"274",92,92,1,9.79596285772207,25.3817183794319,27.6173597790816,29.2561919623693,31.839194321697,34.2031472618294,39.0773557063285,40.9752388336246,45.0353791642962,1,1,1,1,1,1,1,1,0.783333333333333,0.766666666666667,0.75,0.716666666666667,0.7,0.633333333333333,0.616666666666667,0.583333333333333,0,0,0,0,0,0,0,0,2274,5.791949,-4.00401385772207
"275",92,92,2,9.79480977485456,25.3805652965644,27.6162066962141,29.2550388795018,31.8380412388295,34.2019941789619,39.076202623461,40.9740857507571,45.0342260814287,1,1,1,1,1,1,1,1,0.783333333333333,0.766666666666667,0.75,0.716666666666667,0.7,0.633333333333333,0.616666666666667,0.583333333333333,0,0,0,0,0,0,0,0,2275,6.168606,-3.62620377485456
"276",92,92,3,9.76870116447733,25.3544566861872,27.5900980858368,29.2289302691245,31.8119326284523,34.1758855685847,39.0500940130838,40.9479771403799,45.0081174710515,1,1,1,1,1,1,1,1,0.796610169491525,0.779661016949153,0.76271186440678,0.728813559322034,0.711864406779661,0.661016949152542,0.627118644067797,0.593220338983051,0,0,0,0,0,0,0,0,2276,6.68386,-3.08484116447733
"277",93,93,1,9.73354782557614,25.3189527740295,27.5545438869873,29.1933392077222,31.7762834671044,34.1401832344098,39.0142820424447,40.9121224803077,44.9721714854984,1,1,1,1,1,1,1,1,0.796610169491525,0.779661016949153,0.76271186440678,0.728813559322034,0.711864406779661,0.661016949152542,0.627118644067797,0.593220338983051,0,0,0,0,0,0,0,0,2277,6.612409,-3.12113882557614
"278",93,93,2,9.73848575734812,25.3238907058015,27.5594818187593,29.1982771394942,31.7812213988763,34.1451211661818,39.0192199742167,40.9170604120797,44.9771094172704,1,1,1,1,1,1,1,1,0.783333333333333,0.766666666666667,0.75,0.716666666666667,0.7,0.65,0.616666666666667,0.583333333333333,0,0,0,0,0,0,0,0,2278,6.059064,-3.67942175734812
"279",93,93,3,9.77672706756582,25.3621320160192,27.597723128977,29.2365184497119,31.819462709094,34.1833624763995,39.0574612844344,40.9553017222974,45.0153507274881,0,0,0,0,1,1,1,1,0,0,0,0,1,0.928571428571429,0.880952380952381,0.833333333333333,0,0,0,0,0,0,0,0,2279,34.151367,24.3746399324342
"280",94,94,1,7.83920008418688,23.4496931722383,25.6888829611439,27.3303162836449,29.9174183603162,32.2851233445893,37.1670680874405,39.0679635172011,43.1345480648788,1,1,1,1,1,1,1,1,0.813559322033898,0.796610169491525,0.779661016949153,0.745762711864407,0.728813559322034,0.677966101694915,0.644067796610169,0.610169491525424,1,1,1,1,0,0,0,0,2280,6.737318,-1.10188208418688
"281",94,94,2,9.74293011326932,25.3534232013207,27.5926129902263,29.2340463127273,31.8211483893986,34.1888533736718,39.0707981165229,40.9716935462836,45.0382780939613,1,1,1,1,1,1,1,1,0.796610169491525,0.779661016949153,0.76271186440678,0.728813559322034,0.711864406779661,0.644067796610169,0.627118644067797,0.593220338983051,1,1,1,1,0,0,0,0,2281,6.573039,-3.16989111326932
"282",94,94,3,9.75433823709107,25.3648313251424,27.6040211140481,29.2454544365491,31.8325565132204,34.2002614974935,39.0822062403447,40.9831016701053,45.049686217783,1,1,1,1,1,1,1,1,0.796610169491525,0.779661016949153,0.76271186440678,0.728813559322034,0.711864406779661,0.644067796610169,0.627118644067797,0.593220338983051,0,0,0,0,0,0,0,0,2282,7.14464,-2.60969823709107
"283",95,95,1,9.70584048373196,25.2964498359015,27.5327874754163,29.1721300358595,31.7559368127538,34.1206259524736,38.9963523587669,40.8948265387661,44.9562313081607,1,1,1,1,1,1,1,1,0.796610169491525,0.779661016949153,0.76271186440678,0.728813559322034,0.711864406779661,0.661016949152542,0.627118644067797,0.593220338983051,0,0,0,0,0,0,0,0,2283,6.606643,-3.09919748373196
"284",95,95,2,9.74302365715798,25.3336330093275,27.5699706488423,29.2093132092855,31.7931199861798,34.1578091258996,39.0335355321929,40.9320097121922,44.9934144815867,1,1,1,1,1,1,1,1,0.783333333333333,0.766666666666667,0.75,0.716666666666667,0.7,0.65,0.616666666666667,0.583333333333333,0,0,0,0,0,0,0,0,2284,6.155699,-3.58732465715798
"285",95,95,3,9.77419024165087,25.3647995938204,27.6011372333352,29.2404797937784,31.8242865706727,34.1889757103925,39.0647021166858,40.963176296685,45.0245810660796,1,1,1,1,1,1,1,1,0.796610169491525,0.779661016949153,0.76271186440678,0.728813559322034,0.711864406779661,0.644067796610169,0.627118644067797,0.593220338983051,0,0,0,0,0,0,0,0,2285,7.024341,-2.74984924165086
"286",96,96,1,9.71605965896634,25.3060410056285,27.5422885632022,29.1815650892696,31.7652677878146,34.1298616754651,39.0053916825692,40.9037893901091,44.9650305620133,1,1,1,1,1,1,1,1,0.796610169491525,0.779661016949153,0.76271186440678,0.728813559322034,0.711864406779661,0.661016949152542,0.627118644067797,0.593220338983051,0,0,0,0,0,0,0,0,2286,6.424622,-3.29143765896634
"287",96,96,2,9.75777422505504,25.3477555717172,27.5840031292909,29.2232796553583,31.8069823539033,34.1715762415538,39.0471062486579,40.9455039561978,45.006745128102,1,1,1,1,1,1,1,1,0.783333333333333,0.766666666666667,0.75,0.716666666666667,0.7,0.65,0.616666666666667,0.583333333333333,0,0,0,0,0,0,0,0,2287,6.191997,-3.56577722505504
"288",96,96,3,9.77395488789278,25.363936234555,27.6001837921286,29.239460318196,31.823163016741,34.1877569043916,39.0632869114956,40.9616846190355,45.0229257909397,1,1,1,1,1,1,1,1,0.796610169491525,0.779661016949153,0.76271186440678,0.728813559322034,0.711864406779661,0.644067796610169,0.627118644067797,0.593220338983051,0,0,0,0,0,0,0,0,2288,6.923825,-2.85012988789278
"289",97,97,1,9.72401381877891,25.313338583492,27.5494919600819,29.1886994469791,31.7722933312468,34.1367876325265,39.0121123035931,40.9104300589098,44.9715001890671,1,1,1,1,1,1,1,1,0.796610169491525,0.779661016949153,0.76271186440678,0.728813559322034,0.711864406779661,0.661016949152542,0.627118644067797,0.593220338983051,0,0,0,0,0,0,0,0,2289,6.430554,-3.29345981877891
"290",97,97,2,9.75822679521663,25.3475515599298,27.5837049365197,29.2229124234168,31.8065063076845,34.1710006089642,39.0463252800308,40.9446430353476,45.0057131655048,1,1,1,1,1,1,1,1,0.783333333333333,0.766666666666667,0.75,0.716666666666667,0.7,0.65,0.616666666666667,0.583333333333333,0,0,0,0,0,0,0,0,2290,6.032314,-3.72591279521663
"291",97,97,3,9.78584847931433,25.3751732440275,27.6113266206174,29.2505341075145,31.8341279917822,34.1986222930619,39.0739469641285,40.9722647194453,45.0333348496025,0,0,0,0,0,0,1,1,0,0,0,0,0,0,1,0.945945945945946,0,0,0,0,0,0,0,0,2291,41.040673,31.2548245206857
"292",98,98,1,7.35628342114692,22.9876090759336,25.2297871157834,26.8734109692971,29.4639655939667,31.8348303357065,36.7232901475616,38.6267223665623,42.6987338660663,1,1,1,1,1,1,1,1,0.830508474576271,0.796610169491525,0.779661016949153,0.76271186440678,0.728813559322034,0.677966101694915,0.661016949152542,0.610169491525424,1,1,1,1,1,1,0,0,2292,6.635221,-0.721062421146924
"293",98,98,2,9.76248606351826,25.3938117183049,27.6359897581548,29.2796136116685,31.870168236338,34.2410329780779,39.1294927899329,41.0329250089336,45.1049365084376,1,1,1,1,1,1,1,1,0.783333333333333,0.766666666666667,0.75,0.716666666666667,0.7,0.633333333333333,0.616666666666667,0.583333333333333,1,1,1,1,1,1,0,0,2293,6.109643,-3.65284306351826
"294",98,98,3,9.79924323713052,25.4305688919172,27.672746931767,29.3163707852807,31.9069254099503,34.2777901516901,39.1662499635452,41.0696821825459,45.1416936820499,1,1,1,1,1,1,1,1,0.796610169491525,0.779661016949153,0.76271186440678,0.728813559322034,0.711864406779661,0.644067796610169,0.627118644067797,0.593220338983051,0,0,0,0,0,0,0,0,2294,7.058092,-2.74115123713052
"295",99,99,1,9.71339870180961,25.2934202191918,27.5282391256718,29.1664683820871,31.7485204540396,34.1116036951464,38.9840189168354,40.8812038123358,44.9398504161108,1,1,1,1,1,1,1,1,0.796610169491525,0.779661016949153,0.76271186440678,0.728813559322034,0.711864406779661,0.661016949152542,0.627118644067797,0.593220338983051,0,0,0,0,0,0,0,0,2295,6.655073,-3.05832570180961
"296",99,99,2,9.74136166594741,25.3213831833296,27.5562020898096,29.1944313462249,31.7764834181773,34.1395666592842,39.0119818809732,40.9091667764736,44.9678133802486,1,1,1,1,1,1,1,1,0.783333333333333,0.766666666666667,0.75,0.716666666666667,0.7,0.65,0.616666666666667,0.583333333333333,0,0,0,0,0,0,0,0,2296,5.87455,-3.86681166594741
"297",99,99,3,9.79551726818385,25.3755387855661,27.6103576920461,29.2485869484613,31.8306390204138,34.1937222615206,39.0661374832096,40.96332237871,45.021968982485,1,1,1,1,1,1,1,1,0.796610169491525,0.779661016949153,0.76271186440678,0.728813559322034,0.711864406779661,0.644067796610169,0.627118644067797,0.593220338983051,0,0,0,0,0,0,0,0,2297,6.893955,-2.90156226818385
"298",100,100,1,9.72537800007147,25.3050871605104,27.539861262097,29.1780576743803,31.7600579799156,34.1230938446143,38.9954113814109,40.8925582410926,44.9511234748614,1,1,1,1,1,1,1,1,0.796610169491525,0.779661016949153,0.76271186440678,0.728813559322034,0.711864406779661,0.661016949152542,0.627118644067797,0.593220338983051,0,0,0,0,0,0,0,0,2298,6.350324,-3.37505400007147
"299",100,100,2,9.76298414452053,25.3426933049594,27.577467406546,29.2156638188293,31.7976641243647,34.1606999890634,39.03301752586,40.9301643855416,44.9887296193104,1,1,1,1,1,1,1,1,0.783333333333333,0.766666666666667,0.75,0.716666666666667,0.7,0.65,0.616666666666667,0.583333333333333,0,0,0,0,0,0,0,0,2299,6.009252,-3.75373214452053
"300",100,100,3,9.78657809501182,25.3662872554507,27.6010613570373,29.2392577693206,31.821258074856,34.1842939395547,39.0566114763513,40.9537583360329,45.0123235698017,1,1,1,1,1,1,1,1,0.796610169491525,0.779661016949153,0.76271186440678,0.728813559322034,0.711864406779661,0.661016949152542,0.627118644067797,0.593220338983051,0,0,0,0,0,0,0,0,2300,7.038651,-2.74792709501182
"301",101,101,1,9.71576886162536,25.29526090731,27.5300038656689,29.1681774484752,31.7501417719292,34.1131447059779,38.9853943434309,40.8825147649698,44.9410234396344,1,1,1,1,1,1,1,1,0.796610169491525,0.779661016949153,0.76271186440678,0.728813559322034,0.711864406779661,0.661016949152542,0.627118644067797,0.593220338983051,0,0,0,0,0,0,0,0,2301,6.519396,-3.19637286162536
"302",101,101,2,9.75169057645173,25.3311826221363,27.5659255804953,29.2040991633016,31.7860634867556,34.1490664208042,39.0213160582573,40.9184364797962,44.9769451544608,1,1,1,1,1,1,1,1,0.783333333333333,0.766666666666667,0.75,0.716666666666667,0.7,0.65,0.616666666666667,0.583333333333333,0,0,0,0,0,0,0,0,2302,5.949321,-3.80236957645173
"303",101,101,3,9.79112798500754,25.3706200306922,27.6053629890511,29.2435365718574,31.8255008953114,34.18850382936,39.0607534668131,40.957873888352,45.0163825630166,1,1,1,1,1,1,1,1,0.903846153846154,0.884615384615385,0.865384615384615,0.826923076923077,0.807692307692308,0.75,0.711538461538462,0.673076923076923,0,0,0,0,0,0,0,0,2303,18.463303,8.67217501499246
"304",102,102,1,8.93021212199831,24.5124969548581,26.7476405143057,28.3861077568898,30.9685349245,33.3319614515817,38.2050844908287,40.1025449910793,44.1617811959448,0,1,1,1,1,1,1,1,0,0.978723404255319,0.957446808510638,0.936170212765957,0.893617021276596,0.829787234042553,0.808510638297872,0.74468085106383,0,0,0,0,0,0,0,0,2304,26.177905,17.2476928780017
"305",102,102,2,8.39638424042871,23.9786690732885,26.2138126327361,27.8522798753202,30.4347070429304,32.7981335700121,37.6712566092591,39.5687171095097,43.6279533143752,1,1,1,1,1,1,1,1,0.8,0.783333333333333,0.766666666666667,0.733333333333333,0.716666666666667,0.65,0.633333333333333,0.6,1,0,0,0,0,0,0,0,2305,6.003935,-2.39244924042871
"306",102,102,3,9.79236392518092,25.3746487580407,27.6097923174883,29.2482595600724,31.8306867276827,34.1941132547643,39.0672362940114,40.9646967942619,45.0239329991274,1,1,1,1,1,1,1,1,0.783333333333333,0.766666666666667,0.75,0.716666666666667,0.7,0.633333333333333,0.616666666666667,0.583333333333333,1,0,0,0,0,0,0,0,2306,5.739029,-4.05333492518092
"307",103,103,1,9.80911827506694,25.3932460352439,27.6286539466249,29.2673149718329,31.8500475648427,34.2137536159708,39.0874530027602,40.9851379169415,45.0448542104056,1,1,1,1,1,1,1,1,0.783333333333333,0.766666666666667,0.75,0.716666666666667,0.7,0.633333333333333,0.616666666666667,0.583333333333333,0,0,0,0,0,0,0,0,2307,6.214472,-3.59464627506694
"308",103,103,2,9.77659204527153,25.3607198054485,27.5961277168295,29.2347887420375,31.8175213350473,34.1812273861753,39.0549267729648,40.9526116871461,45.0123279806102,1,1,1,1,1,1,1,1,0.783333333333333,0.766666666666667,0.75,0.716666666666667,0.7,0.65,0.616666666666667,0.583333333333333,0,0,0,0,0,0,0,0,2308,5.784012,-3.99258004527153
"309",103,103,3,9.80604087694585,25.3901686371228,27.6255765485038,29.2642375737118,31.8469701667216,34.2106762178497,39.0843756046391,40.9820605188204,45.0417768122845,1,1,1,1,1,1,1,1,0.783333333333333,0.766666666666667,0.75,0.716666666666667,0.7,0.633333333333333,0.616666666666667,0.583333333333333,0,0,0,0,0,0,0,0,2309,5.4693,-4.33674087694585
"310",104,104,1,9.82704067673788,25.4114780620839,27.646930386509,29.2856239686046,31.8684078752989,34.2321608884962,39.1059571058571,41.003679723208,45.0634766750421,1,1,1,1,1,1,1,1,0.783333333333333,0.766666666666667,0.75,0.716666666666667,0.7,0.633333333333333,0.616666666666667,0.583333333333333,0,0,0,0,0,0,0,0,2310,5.644707,-4.18233367673788
"311",104,104,2,9.81504146497294,25.399478850319,27.634931174744,29.2736247568396,31.856408663534,34.2201616767312,39.0939578940921,40.9916805114431,45.0514774632772,1,1,1,1,1,1,1,1,0.783333333333333,0.766666666666667,0.75,0.716666666666667,0.7,0.633333333333333,0.616666666666667,0.583333333333333,0,0,0,0,0,0,0,0,2311,5.709409,-4.10563246497294
"312",104,104,3,9.81061534173033,25.3950527270764,27.6305050515014,29.269198633597,31.8519825402914,34.2157355534886,39.0895317708495,40.9872543882004,45.0470513400346,1,1,1,1,1,1,1,1,0.783333333333333,0.766666666666667,0.75,0.716666666666667,0.7,0.633333333333333,0.616666666666667,0.583333333333333,0,0,0,0,0,0,0,0,2312,5.679596,-4.13101934173033
"313",105,105,1,9.81360523689402,25.3983918556967,27.6338942746309,29.2726245784002,31.8554663629973,34.2192723458087,39.0931777806318,40.9909429242679,45.0508308525606,1,1,1,1,1,1,1,1,0.783333333333333,0.766666666666667,0.75,0.716666666666667,0.7,0.633333333333333,0.616666666666667,0.583333333333333,0,0,0,0,0,0,0,0,2313,5.870129,-3.94347623689402
"314",105,105,2,9.80053826629694,25.3853248850996,27.6208273040339,29.2595576078031,31.8423993924002,34.2062053752117,39.0801108100347,40.9778759536708,45.0377638819636,1,1,1,1,1,1,1,1,0.783333333333333,0.766666666666667,0.75,0.716666666666667,0.7,0.633333333333333,0.616666666666667,0.583333333333333,0,0,0,0,0,0,0,0,2314,5.723255,-4.07728326629694
"315",105,105,3,9.8106110528456,25.3953976716482,27.6309000905825,29.2696303943518,31.8524721789489,34.2162781617603,39.0901835965833,40.9879487402195,45.0478366685122,1,1,1,1,1,1,1,1,0.783333333333333,0.766666666666667,0.75,0.716666666666667,0.7,0.633333333333333,0.616666666666667,0.583333333333333,0,0,0,0,0,0,0,0,2315,5.645519,-4.1650920528456
"316",106,106,1,9.8127376352612,25.3984194174581,27.6340502398144,29.2728746694397,31.8558648080358,34.2198065638057,39.0939919473915,40.9918660954002,45.0519872166873,0,0,0,0,0,1,1,1,0,0,0,0,0,1,0.973684210526316,0.921052631578947,0,0,0,0,0,0,0,0,2316,39.864331,30.0515933647388
"317",106,106,2,7.47902345317271,23.0647052353696,25.3003360577259,26.9391604873512,29.5221506259473,31.8860923817172,36.760277765303,38.6581519133117,42.7182730345988,1,1,1,1,1,1,1,1,0.816666666666667,0.783333333333333,0.766666666666667,0.75,0.716666666666667,0.666666666666667,0.65,0.6,1,1,1,1,1,0,0,0,2317,5.91847,-1.56055345317271
"318",106,106,3,9.79412244722617,25.3798042294231,27.6154350517794,29.2542594814046,31.8372496200007,34.2011913757707,39.0753767593565,40.9732509073652,45.0333720286523,1,1,1,1,1,1,1,1,0.783333333333333,0.766666666666667,0.75,0.716666666666667,0.7,0.633333333333333,0.616666666666667,0.583333333333333,1,1,1,1,1,0,0,0,2318,5.348074,-4.44604844722617
"319",107,107,1,9.8328055752549,25.4146190978256,27.6496950519015,29.2881127365115,31.8704617946205,34.2338168362139,39.1067924803226,41.0041955889476,45.06330901594,1,1,1,1,1,1,1,1,0.783333333333333,0.766666666666667,0.75,0.716666666666667,0.7,0.633333333333333,0.616666666666667,0.583333333333333,0,0,0,0,0,0,0,0,2319,6.010548,-3.8222575752549
"320",107,107,2,9.78749078870765,25.3693043112784,27.6043802653543,29.2427979499642,31.8251470080733,34.1885020496667,39.0614776937754,40.9588808024003,45.0179942293928,1,1,1,1,1,1,1,1,0.783333333333333,0.766666666666667,0.75,0.716666666666667,0.7,0.65,0.616666666666667,0.583333333333333,0,0,0,0,0,0,0,0,2320,5.69448,-4.09301078870765
"321",107,107,3,9.80911058654789,25.3909241091186,27.6260000631945,29.2644177478045,31.8467668059135,34.2101218475069,39.0830974916156,40.9805006002406,45.039614027233,1,1,1,1,1,1,1,1,0.783333333333333,0.766666666666667,0.75,0.716666666666667,0.7,0.633333333333333,0.616666666666667,0.583333333333333,0,0,0,0,0,0,0,0,2321,5.685069,-4.12404158654789
"322",108,108,1,9.8094087809512,25.3914545477613,27.6265638152583,29.2650059202009,31.8473934677766,34.2107837347688,39.0838320097378,40.9812633988284,45.0404373262054,1,1,1,1,1,1,1,1,0.796610169491525,0.779661016949153,0.76271186440678,0.728813559322034,0.711864406779661,0.644067796610169,0.627118644067797,0.593220338983051,0,0,0,0,0,0,0,0,2322,6.620363,-3.1890457809512
"323",108,108,2,9.74543534078312,25.3274811075933,27.5625903750902,29.2010324800328,31.7834200276086,34.1468102946007,39.0198585695697,40.9172899586603,44.9764638860373,1,1,1,1,1,1,1,1,0.783333333333333,0.766666666666667,0.75,0.716666666666667,0.7,0.65,0.616666666666667,0.583333333333333,0,0,0,0,0,0,0,0,2323,5.959929,-3.78550634078312
"324",108,108,3,9.79060855368084,25.372654320491,27.607763587988,29.2462056929305,31.8285932405063,34.1919835074984,39.0650317824675,40.9624631715581,45.0216370989351,1,1,1,1,1,1,1,1,0.783333333333333,0.766666666666667,0.75,0.716666666666667,0.7,0.633333333333333,0.616666666666667,0.583333333333333,0,0,0,0,0,0,0,0,2324,5.400551,-4.39005755368084
"325",109,109,1,9.83037065485666,25.4123212270104,27.6474168396599,29.2858489349454,31.8682207060629,34.2315965345065,39.1046150387918,41.0020348359944,45.0611839648518,1,1,1,1,1,1,1,1,0.783333333333333,0.766666666666667,0.75,0.716666666666667,0.7,0.633333333333333,0.616666666666667,0.583333333333333,0,0,0,0,0,0,0,0,2325,6.017581,-3.81278965485666
"326",109,109,2,9.78808016167448,25.3700307338282,27.6051263464777,29.2435584417632,31.8259302128807,34.1893060413243,39.0623245456096,40.9597443428122,45.0188934716696,1,1,1,1,1,1,1,1,0.783333333333333,0.766666666666667,0.75,0.716666666666667,0.7,0.65,0.616666666666667,0.583333333333333,0,0,0,0,0,0,0,0,2326,5.673156,-4.11492416167448
"327",109,109,3,9.81168663642331,25.393637208577,27.6287328212265,29.2671649165121,31.8495366876295,34.2129125160731,39.0859310203584,40.9833508175611,45.0424999464184,1,1,1,1,1,1,1,1,0.783333333333333,0.766666666666667,0.75,0.716666666666667,0.7,0.633333333333333,0.616666666666667,0.583333333333333,0,0,0,0,0,0,0,0,2327,5.645535,-4.16615163642331
"328",110,110,1,9.80849906516723,25.3909872275789,27.6261599528865,29.2646485754424,31.8471094405344,34.2105668074102,39.083753434888,40.9812386946521,45.0405278675314,1,1,1,1,1,1,1,1,0.979166666666667,0.958333333333333,0.9375,0.895833333333333,0.875,0.791666666666667,0.770833333333333,0.729166666666667,0,0,0,0,0,0,0,0,2328,24.987637,15.1791379348328
"329",110,110,2,8.49070954496601,24.0731977073777,26.3083704326853,27.9468590552412,30.5293199203332,32.892777287209,37.7659639146868,39.6634491744509,43.7227383473302,1,1,1,1,1,1,1,1,0.8,0.783333333333333,0.766666666666667,0.733333333333333,0.7,0.65,0.633333333333333,0.6,0,0,0,0,0,0,0,0,2329,5.825869,-2.66484054496601
"330",110,110,3,9.79621279683218,25.3787009592439,27.6138736845515,29.2523623071074,31.8348231721993,34.1982805390751,39.0714671665529,40.9689524263171,45.0282415991964,1,1,1,1,1,1,1,1,0.783333333333333,0.766666666666667,0.75,0.716666666666667,0.7,0.633333333333333,0.616666666666667,0.583333333333333,0,0,0,0,0,0,0,0,2330,5.654498,-4.14171479683218
"331",111,111,1,9.8025679296833,25.3705583263853,27.6036514729919,29.2406156647945,31.8206738383403,34.1819322719769,39.050584943308,40.9463048048606,45.0018172623166,1,1,1,1,1,1,1,1,0.783333333333333,0.766666666666667,0.75,0.716666666666667,0.7,0.65,0.616666666666667,0.583333333333333,0,0,0,0,0,0,0,0,2331,6.00492,-3.7976479296833
"332",111,111,2,9.77866508486088,25.3466554815629,27.5797486281694,29.2167128199721,31.7967709935178,34.1580294271545,39.0266820984856,40.9224019600382,44.9779144174942,1,1,1,1,1,1,1,1,0.783333333333333,0.766666666666667,0.75,0.716666666666667,0.7,0.65,0.616666666666667,0.583333333333333,0,0,0,0,0,0,0,0,2332,5.763593,-4.01507208486088
"333",111,111,3,9.79512638532849,25.3631167820305,27.5962099286371,29.2331741204397,31.8132322939854,34.1744907276221,39.0431433989532,40.9388632605058,44.9943757179618,1,1,1,1,1,1,1,1,0.824561403508772,0.807017543859649,0.789473684210526,0.754385964912281,0.736842105263158,0.684210526315789,0.649122807017544,0.614035087719298,0,0,0,0,0,0,0,0,2333,9.972831,0.17770461467151
"334",112,112,1,9.50982275171067,25.077317082371,27.310339072608,28.9472511033849,31.5272270646982,33.8884102580441,38.756907792251,40.652567247661,44.7079504782894,1,1,1,1,1,1,1,1,0.796610169491525,0.779661016949153,0.76271186440678,0.728813559322034,0.711864406779661,0.661016949152542,0.627118644067797,0.593220338983051,0,0,0,0,0,0,0,0,2334,7.383168,-2.12665475171067
"335",112,112,2,9.68650431753017,25.2539986481905,27.4870206384275,29.1239326692044,31.7039086305177,34.0650918238636,38.9335893580705,40.8292488134805,44.8846320441089,1,1,1,1,1,1,1,1,0.783333333333333,0.766666666666667,0.75,0.716666666666667,0.7,0.65,0.616666666666667,0.583333333333333,0,0,0,0,0,0,0,0,2335,5.82961,-3.85689431753017
"336",112,112,3,9.79249689649949,25.3599912271598,27.5930132173968,29.2299252481737,31.8099012094871,34.1710844028329,39.0395819370398,40.9352413924498,44.9906246230782,1,1,1,1,1,1,1,1,0.783333333333333,0.766666666666667,0.75,0.716666666666667,0.7,0.65,0.616666666666667,0.583333333333333,0,0,0,0,0,0,0,0,2336,5.725757,-4.06673989649949
"337",113,113,1,9.8019755245019,25.3693313900779,27.6023335186999,29.2392309899621,31.8191840036782,34.1803461954792,39.0488004268329,40.9444430212992,44.9997901813198,1,1,1,1,1,1,1,1,0.783333333333333,0.766666666666667,0.75,0.716666666666667,0.7,0.65,0.616666666666667,0.583333333333333,0,0,0,0,0,0,0,0,2337,5.836696,-3.9652795245019
"338",113,113,2,9.79436506919124,25.3617209347672,27.5947230633892,29.2316205346514,31.8115735483675,34.1727357401685,39.0411899715223,40.9368325659885,44.9921797260092,1,1,1,1,1,1,1,1,0.783333333333333,0.766666666666667,0.75,0.716666666666667,0.7,0.65,0.616666666666667,0.583333333333333,0,0,0,0,0,0,0,0,2338,5.785172,-4.00919306919124
"339",113,113,3,9.79789963412716,25.3652554997031,27.5982576283251,29.2351550995874,31.8151081133035,34.1762703051045,39.0447245364582,40.9403671309244,44.9957142909451,1,1,1,1,1,1,1,1,0.783333333333333,0.766666666666667,0.75,0.716666666666667,0.7,0.65,0.616666666666667,0.583333333333333,0,0,0,0,0,0,0,0,2339,5.547264,-4.25063563412716
"340",114,114,1,9.80937769228021,25.3773537875886,27.6104448827843,29.2474075708045,31.8274633742032,34.1887196386911,39.0573678374784,40.9530859575451,45.0085946894413,0,0,0,0,0,0,1,1,0,0,0,0,0,0,0.973684210526316,0.921052631578947,0,0,0,0,0,0,0,0,2340,39.445601,29.6362233077198
"341",114,114,2,7.49415047093142,23.0621265662398,25.2952176614355,26.9321803494557,29.5122361528544,31.8734924173423,36.7421406161296,38.6378587361963,42.6933674680925,1,1,1,1,1,1,1,1,0.816666666666667,0.783333333333333,0.766666666666667,0.75,0.716666666666667,0.666666666666667,0.65,0.6,1,1,1,1,1,1,0,0,2341,5.694078,-1.80007247093141
"342",114,114,3,9.79935042252727,25.3673265178356,27.6004176130313,29.2373803010516,31.8174361044502,34.1786923689382,39.0473405677255,40.9430586877922,44.9985674196883,1,1,1,1,1,1,1,1,0.783333333333333,0.766666666666667,0.75,0.716666666666667,0.7,0.65,0.616666666666667,0.583333333333333,1,1,1,1,1,1,0,0,2342,5.515436,-4.28391442252727
"343",115,115,1,9.81289016092938,25.3780901557457,27.6107830434126,29.2474538262491,31.8270495509489,34.1878847533387,39.0556647688389,40.9510448421374,45.0058303907683,1,1,1,1,1,1,1,1,0.796610169491525,0.779661016949153,0.76271186440678,0.728813559322034,0.711864406779661,0.661016949152542,0.627118644067797,0.593220338983051,0,0,0,0,0,0,0,0,2343,6.610388,-3.20250216092938
"344",115,115,2,9.73782199832574,25.303021993142,27.535714880809,29.1723856636455,31.7519813883453,34.1128165907351,38.9805966062353,40.8759766795338,44.9307622281647,1,1,1,1,1,1,1,1,0.796610169491525,0.779661016949153,0.76271186440678,0.728813559322034,0.711864406779661,0.661016949152542,0.627118644067797,0.593220338983051,0,0,0,0,0,0,0,0,2344,6.671071,-3.06675099832574
"345",115,115,3,9.73366166863889,25.2988616634552,27.5315545511222,29.1682253339586,31.7478210586584,34.1086562610482,38.9764362765484,40.871816349847,44.9266018984778,1,1,1,1,1,1,1,1,0.796610169491525,0.779661016949153,0.76271186440678,0.728813559322034,0.711864406779661,0.661016949152542,0.627118644067797,0.593220338983051,0,0,0,0,0,0,0,0,2345,6.511151,-3.22251066863889
"346",116,116,1,9.74289809049871,25.3080593832984,27.5407467194968,29.1774134328411,31.7570027435175,34.11783207582,38.985599987852,40.8809753483918,44.9357508150207,1,1,1,1,1,1,1,1,0.796610169491525,0.779661016949153,0.76271186440678,0.728813559322034,0.711864406779661,0.661016949152542,0.627118644067797,0.593220338983051,0,0,0,0,0,0,0,0,2346,6.674765,-3.06813309049871
"347",116,116,2,9.73167881340224,25.2968401062019,27.5295274424004,29.1661941557446,31.745783466421,34.1066127987235,38.9743807107555,40.8697560712954,44.9245315379242,1,1,1,1,1,1,1,1,0.796610169491525,0.779661016949153,0.76271186440678,0.728813559322034,0.711864406779661,0.661016949152542,0.627118644067797,0.593220338983051,0,0,0,0,0,0,0,0,2347,7.095254,-2.63642481340224
"348",116,116,3,9.70284520132126,25.2680064941209,27.5006938303194,29.1373605436636,31.7169498543401,34.0777791866426,38.9455470986746,40.8409224592144,44.8956979258433,1,1,1,1,1,1,1,1,0.796610169491525,0.779661016949153,0.76271186440678,0.728813559322034,0.711864406779661,0.661016949152542,0.627118644067797,0.593220338983051,0,0,0,0,0,0,0,0,2348,6.513183,-3.18966220132126
"349",117,117,1,9.73263070616374,25.286108714708,27.5171201851502,29.1525584086585,31.7302114673031,34.0892687498562,38.953382892092,40.8473355748522,44.8990675076893,1,1,1,1,1,1,1,1,0.783333333333333,0.766666666666667,0.75,0.716666666666667,0.7,0.65,0.616666666666667,0.583333333333333,0,0,0,0,0,0,0,0,2349,6.185058,-3.54757270616374
"350",117,117,2,9.75500896029417,25.3084869688385,27.5394984392806,29.1749366627889,31.7525897214335,34.1116470039866,38.9757611462224,40.8697138289826,44.9214457618197,1,1,1,1,1,1,1,1,0.796610169491525,0.779661016949153,0.76271186440678,0.728813559322034,0.711864406779661,0.661016949152542,0.627118644067797,0.593220338983051,0,0,0,0,0,0,0,0,2350,6.907096,-2.84791296029417
"351",117,117,3,9.70576568454308,25.2592436930874,27.4902551635295,29.1256933870378,31.7033464456824,34.0624037282355,38.9265178704713,40.8204705532315,44.8722024860686,1,1,1,1,1,1,1,1,0.796610169491525,0.779661016949153,0.76271186440678,0.728813559322034,0.711864406779661,0.661016949152542,0.627118644067797,0.593220338983051,0,0,0,0,0,0,0,0,2351,6.48534,-3.22042568454308
"352",118,118,1,9.71527227194506,25.2456081990739,27.4733001387294,29.1063049872397,31.6801227457083,34.0356699776048,38.8925467851793,40.7836814482556,44.8293847931324,0,0,0,0,1,1,1,1,0,0,0,0,1,0.928571428571429,0.880952380952381,0.833333333333333,0,0,0,0,0,0,0,0,2352,34.153697,24.4384247280549
"353",118,118,2,7.84386475911261,23.3742006862414,25.601892625897,27.2348974744073,29.8087152328758,32.1642624647723,37.0211392723469,38.9122739354232,42.9579772803,1,1,1,1,1,1,1,1,0.830508474576271,0.796610169491525,0.779661016949153,0.745762711864407,0.728813559322034,0.677966101694915,0.661016949152542,0.610169491525424,1,1,1,1,0,0,0,0,2353,7.124422,-0.719442759112614
"354",118,118,3,9.67204661687216,25.202382544001,27.4300744836565,29.0630793321668,31.6368970906354,33.9924443225319,38.8493211301064,40.7404557931827,44.7861591380595,1,1,1,1,1,1,1,1,0.796610169491525,0.779661016949153,0.76271186440678,0.728813559322034,0.711864406779661,0.661016949152542,0.627118644067797,0.593220338983051,1,1,1,1,0,0,0,0,2354,6.82061,-2.85143661687216
"355",119,119,1,9.69443497181184,25.2135311289463,27.4396108211181,29.0714338150321,31.6433888243787,33.997231276081,38.8505930162118,40.7403590084015,44.7831343564034,1,1,1,1,1,1,1,1,0.796610169491525,0.779661016949153,0.76271186440678,0.728813559322034,0.711864406779661,0.661016949152542,0.627118644067797,0.593220338983051,0,0,0,0,0,0,0,0,2355,6.376328,-3.31810697181184
"356",119,119,2,9.72457865365739,25.2436748107918,27.4697545029636,29.1015774968777,31.6735325062242,34.0273749579266,38.8807366980573,40.7705026902471,44.8132780382489,0,0,0,1,1,1,1,1,0,0,0,0.977272727272727,0.954545454545455,0.886363636363636,0.840909090909091,0.795454545454545,0,0,0,0,0,0,0,0,2356,29.982182,20.2576033463426
"357",119,119,3,8.12296672099226,23.6420628781267,25.8681425702985,27.4999655642125,30.0719205735591,32.4257630252614,37.2791247653922,39.168890757582,43.2116661055838,1,1,1,1,1,1,1,1,0.813559322033898,0.796610169491525,0.779661016949153,0.745762711864407,0.728813559322034,0.677966101694915,0.644067796610169,0.610169491525424,1,1,1,0,0,0,0,0,2357,6.356367,-1.76659972099226
"358",120,120,1,9.74356666132449,25.2791457509592,27.5075897767839,29.1411459404643,31.7158326398773,34.0721751228865,38.9306916499425,40.8224647748271,44.8695339806992,1,1,1,1,1,1,1,1,0.796610169491525,0.779661016949153,0.76271186440678,0.728813559322034,0.711864406779661,0.661016949152542,0.627118644067797,0.593220338983051,1,1,1,0,0,0,0,0,2358,6.42817,-3.31539666132449
"359",120,120,2,9.73863330842491,25.2742123980596,27.5026564238843,29.1362125875647,31.7108992869777,34.0672417699869,38.9257582970429,40.8175314219275,44.8646006277997,1,1,1,1,1,1,1,1,0.796610169491525,0.779661016949153,0.76271186440678,0.728813559322034,0.711864406779661,0.661016949152542,0.627118644067797,0.593220338983051,0,0,0,0,0,0,0,0,2359,7.047991,-2.69064230842491
"360",120,120,3,9.69604740355224,25.2316264931869,27.4600705190116,29.093626682692,31.668313382105,34.0246558651143,38.8831723921703,40.7749455170548,44.822014722927,1,1,1,1,1,1,1,1,0.796610169491525,0.779661016949153,0.76271186440678,0.728813559322034,0.711864406779661,0.661016949152542,0.627118644067797,0.593220338983051,0,0,0,0,0,0,0,0,2360,6.788533,-2.90751440355224
"361",121,121,1,9.71453731877186,25.2491050456265,27.4774040002355,29.1108538197691,31.6853729076446,34.0415619932767,38.8997622319759,40.7914122028463,44.8382179454037,1,1,1,1,1,1,1,1,0.796610169491525,0.779661016949153,0.76271186440678,0.728813559322034,0.711864406779661,0.661016949152542,0.627118644067797,0.593220338983051,0,0,0,0,0,0,0,0,2361,6.273697,-3.44084031877185
"362",121,121,2,9.74997213140166,25.2845398582563,27.5128388128653,29.1462886323989,31.7208077202744,34.0769968059065,38.9351970446057,40.8268470154761,44.8736527580335,1,1,1,1,1,1,1,1,0.796610169491525,0.779661016949153,0.76271186440678,0.728813559322034,0.711864406779661,0.661016949152542,0.627118644067797,0.593220338983051,0,0,0,0,0,0,0,0,2362,6.903851,-2.84612113140166
"363",121,121,3,9.7066002830501,25.2411680099047,27.4694669645137,29.1029167840473,31.6774358719228,34.0336249575549,38.8918251962541,40.7834751671245,44.830280909682,1,1,1,1,1,1,1,1,0.796610169491525,0.779661016949153,0.76271186440678,0.728813559322034,0.711864406779661,0.661016949152542,0.627118644067797,0.593220338983051,0,0,0,0,0,0,0,0,2363,6.443758,-3.2628422830501
"364",122,122,1,9.73832738049642,25.2726455881191,27.5009087513592,29.1343323341059,31.7088100695577,34.0649613096249,38.9230835149721,40.8147031017948,44.8614438437755,0,0,0,0,0,0,1,1,0,0,0,0,0,0,0.973684210526316,0.921052631578947,0,0,0,0,0,0,0,0,2364,39.697917,29.9595896195036
"365",122,122,2,7.45229912447948,22.9866173321022,25.2148804953423,26.8483040780889,29.4227818135408,31.778933053608,36.6370552589552,38.5286748457778,42.5754155877586,0,0,0,0,0,0,0,1,0,0,0,0,0,0,0,0.947368421052632,1,1,1,1,1,1,0,0,2365,40.182101,32.7298018755205
"366",122,122,3,7.41901431625109,22.9533325238738,25.1815956871139,26.8150192698605,29.3894970053124,31.7456482453796,36.6037704507268,38.4953900375494,42.5421307795302,1,1,1,1,1,1,1,1,0.830508474576271,0.796610169491525,0.779661016949153,0.76271186440678,0.728813559322034,0.677966101694915,0.661016949152542,0.610169491525424,1,1,1,1,1,1,1,0,2366,6.653642,-0.765372316251094
"367",123,123,1,9.72531134377028,25.3026570127566,27.5370920920012,29.1750399846762,31.7566485925495,34.1193259771886,38.9909043679117,40.8877634243782,44.9457129608871,1,1,1,1,1,1,1,1,0.796610169491525,0.779661016949153,0.76271186440678,0.728813559322034,0.711864406779661,0.661016949152542,0.627118644067797,0.593220338983051,1,1,1,1,1,1,1,0,2367,6.369603,-3.35570834377028
"368",123,123,2,9.74327955663752,25.3206252256238,27.5550603048684,29.1930081975434,31.7746168054168,34.1372941900559,39.008872580779,40.9057316372455,44.9636811737544,1,1,1,1,1,1,1,1,0.796610169491525,0.779661016949153,0.76271186440678,0.728813559322034,0.711864406779661,0.661016949152542,0.627118644067797,0.593220338983051,0,0,0,0,0,0,0,0,2368,6.566682,-3.17659755663752
"369",123,123,3,9.73081240450819,25.3081580734945,27.5425931527391,29.1805410454141,31.7621496532874,34.1248270379266,38.9964054286496,40.8932644851161,44.951214021625,1,1,1,1,1,1,1,1,0.796610169491525,0.779661016949153,0.76271186440678,0.728813559322034,0.711864406779661,0.661016949152542,0.627118644067797,0.593220338983051,0,0,0,0,0,0,0,0,2369,6.565546,-3.16526640450819
"370",124,124,1,9.73197385916331,25.3086260679168,27.5429616763079,29.1808366520847,31.7623303339018,34.1249025386955,38.9962640602576,40.893038673819,44.9508075616673,1,1,1,1,1,1,1,1,0.796610169491525,0.779661016949153,0.76271186440678,0.728813559322034,0.711864406779661,0.661016949152542,0.627118644067797,0.593220338983051,0,0,0,0,0,0,0,0,2370,6.437549,-3.29442485916331
"371",124,124,2,9.74007207234071,25.3167242810943,27.5510598894853,29.1889348652621,31.7704285470792,34.1330007518729,39.004362273435,40.9011368869964,44.9589057748448,1,1,1,1,1,1,1,1,0.796610169491525,0.779661016949153,0.76271186440678,0.728813559322034,0.711864406779661,0.661016949152542,0.627118644067797,0.593220338983051,0,0,0,0,0,0,0,0,2371,7.080781,-2.65929107234071
"372",124,124,3,9.69937557274676,25.2760277815003,27.5103633898913,29.1482383656682,31.7297320474852,34.0923042522789,38.9636657738411,40.8604403874024,44.9182092752508,1,1,1,1,1,1,1,1,0.796610169491525,0.779661016949153,0.76271186440678,0.728813559322034,0.711864406779661,0.661016949152542,0.627118644067797,0.593220338983051,0,0,0,0,0,0,0,0,2372,6.390452,-3.30892357274676
"373",125,125,1,9.74671382736501,25.3224642161774,27.5566704663225,29.1944506163117,31.7757948409508,34.1382302631614,39.0093097542267,40.9059745528453,44.9635085136471,1,1,1,1,1,1,1,1,0.783333333333333,0.766666666666667,0.75,0.716666666666667,0.7,0.65,0.616666666666667,0.583333333333333,0,0,0,0,0,0,0,0,2373,6.201377,-3.54533682736501
"374",125,125,2,9.75873697487044,25.3344873636828,27.5686936138279,29.2064737638172,31.7878179884563,34.1502534106668,39.0213329017322,40.9179977003508,44.9755316611525,1,1,1,1,1,1,1,1,0.796610169491525,0.779661016949153,0.76271186440678,0.728813559322034,0.711864406779661,0.661016949152542,0.627118644067797,0.593220338983051,0,0,0,0,0,0,0,0,2374,6.504345,-3.25439197487044
"375",125,125,3,9.73947145085391,25.3152218396663,27.5494280898114,29.1872082398006,31.7685524644397,34.1309878866503,39.0020673777156,40.8987321763342,44.956266137136,1,1,1,1,1,1,1,1,0.783333333333333,0.766666666666667,0.75,0.716666666666667,0.7,0.65,0.616666666666667,0.583333333333333,0,0,0,0,0,0,0,0,2375,6.127458,-3.61201345085391
"376",126,126,1,9.76223955556823,25.3380676021433,27.5722849916206,29.2100733072738,31.7914304020098,34.1538776028791,39.0249813802309,40.9216556352635,44.9792098261667,1,1,1,1,1,1,1,1,0.810344827586207,0.793103448275862,0.775862068965517,0.741379310344828,0.724137931034483,0.672413793103448,0.637931034482759,0.603448275862069,0,0,0,0,0,0,0,0,2376,8.244824,-1.51741555556823
"377",126,126,2,9.62838218992526,25.2042102365003,27.4384276259777,29.0762159416308,31.6575730363668,34.0200202372361,38.8911240145879,40.7877982696206,44.8453524605237,1,1,1,1,1,1,1,1,0.783333333333333,0.766666666666667,0.75,0.716666666666667,0.7,0.65,0.616666666666667,0.583333333333333,0,0,0,0,0,0,0,0,2377,6.059276,-3.56910618992526
"378",126,126,3,9.76654994069025,25.3423779872653,27.5765953767427,29.2143836923958,31.7957407871318,34.1581879880011,39.0292917653529,40.9259660203856,44.9835202112887,1,1,1,1,1,1,1,1,0.783333333333333,0.766666666666667,0.75,0.716666666666667,0.7,0.65,0.616666666666667,0.583333333333333,0,0,0,0,0,0,0,0,2378,5.408206,-4.35834394069025
"379",127,127,1,9.7879871255449,25.3233673409864,27.5517828400337,29.1853180922204,31.7599718325311,34.116284151508,38.974738483679,40.8664873915806,44.9135047900745,1,1,1,1,1,1,1,1,0.783333333333333,0.766666666666667,0.75,0.716666666666667,0.7,0.65,0.616666666666667,0.583333333333333,0,0,0,0,0,0,0,0,2379,6.242139,-3.5458481255449
"380",127,127,2,9.73557729264523,25.2709575080868,27.499373007134,29.1329082593207,31.7075619996315,34.0638743186084,38.9223286507794,40.814077558681,44.8610949571749,1,1,1,1,1,1,1,1,0.783333333333333,0.766666666666667,0.75,0.716666666666667,0.7,0.65,0.616666666666667,0.583333333333333,0,0,0,0,0,0,0,0,2380,5.719654,-4.01592329264523
"381",127,127,3,9.76841368542808,25.3037939008696,27.5322093999168,29.1657446521035,31.7403983924143,34.0967107113912,38.9551650435622,40.8469139514638,44.8939313499577,1,1,1,1,1,1,1,1,0.783333333333333,0.766666666666667,0.75,0.716666666666667,0.7,0.65,0.616666666666667,0.583333333333333,0,0,0,0,0,0,0,0,2381,5.835354,-3.93305968542808
"382",128,128,1,9.76144404701467,25.2966266851159,27.525013843408,29.1585283204642,31.7331493165981,34.0894316682414,38.9478242110985,40.8395490599354,44.8865149888854,1,1,1,1,1,1,1,1,0.783333333333333,0.766666666666667,0.75,0.716666666666667,0.7,0.65,0.616666666666667,0.583333333333333,0,0,0,0,0,0,0,0,2382,6.146241,-3.61520304701467
"383",128,128,2,9.7419050658802,25.2770877039814,27.5054748622735,29.1389893393297,31.7136103354636,34.0698926871069,38.928285229964,40.8200100788009,44.8669760077509,1,1,1,1,1,1,1,1,0.783333333333333,0.766666666666667,0.75,0.716666666666667,0.7,0.65,0.616666666666667,0.583333333333333,0,0,0,0,0,0,0,0,2383,5.937978,-3.8039270658802
"384",128,128,3,9.75499421669065,25.2901768547919,27.5185640130839,29.1520784901402,31.7266994862741,34.0829818379174,38.9413743807745,40.8330992296114,44.8800651585614,1,1,1,1,1,1,1,1,0.783333333333333,0.766666666666667,0.75,0.716666666666667,0.7,0.65,0.616666666666667,0.583333333333333,0,0,0,0,0,0,0,0,2384,6.013949,-3.74104521669065
"385",129,129,1,9.74885358668085,25.2846131683027,27.5130830841369,29.1466582264338,31.7213748384955,34.0777446974355,38.9363176706206,40.8281127740801,44.8752289987058,1,1,1,1,1,1,1,1,0.783333333333333,0.766666666666667,0.75,0.716666666666667,0.7,0.65,0.616666666666667,0.583333333333333,0,0,0,0,0,0,0,0,2385,5.766673,-3.98218058668085
"386",129,129,2,9.76434518743037,25.3001047690522,27.5285746848865,29.1621498271834,31.736866439245,34.093236298185,38.9518092713701,40.8436043748297,44.8907205994553,1,1,1,1,1,1,1,1,0.783333333333333,0.766666666666667,0.75,0.716666666666667,0.7,0.65,0.616666666666667,0.583333333333333,0,0,0,0,0,0,0,0,2386,5.40514,-4.35920518743037
"387",129,129,3,9.7869948780343,25.3227544596562,27.5512243754904,29.1847995177873,31.759516129849,34.1158859887889,38.974458961974,40.8662540654336,44.9133702900592,1,1,1,1,1,1,1,1,0.783333333333333,0.766666666666667,0.75,0.716666666666667,0.7,0.65,0.616666666666667,0.583333333333333,0,0,0,0,0,0,0,0,2387,5.726254,-4.0607408780343
"388",130,130,1,9.7643206854289,25.3014514990698,27.5301181062397,29.1638374327027,31.738781296856,34.0953591359582,38.9543609411417,40.8463230200237,44.8937964550788,0,0,0,0,0,0,1,1,0,0,0,0,0,0,1,0.945945945945946,0,0,0,0,0,0,0,0,2388,40.929269,31.1649483145711
"389",130,130,2,7.57104117723501,23.1081719908759,25.3368385980458,26.9705579245088,29.5455017886621,31.9020796277643,36.7610814329478,38.6530435118298,42.7005169468849,1,1,1,1,1,1,1,1,0.816666666666667,0.783333333333333,0.766666666666667,0.75,0.716666666666667,0.666666666666667,0.65,0.6,1,1,1,1,1,1,0,0,2389,5.644166,-1.92687517723501
"390",130,130,3,9.76943507487164,25.3065658885126,27.5352324956824,29.1689518221455,31.7438956862987,34.100473525401,38.9594753305844,40.8514374094665,44.8989108445216,1,1,1,1,1,1,1,1,0.783333333333333,0.766666666666667,0.75,0.716666666666667,0.7,0.65,0.616666666666667,0.583333333333333,1,1,1,1,1,1,0,0,2390,5.84452,-3.92491507487165
"391",131,131,1,9.76078812695052,25.3099399827861,27.5403309041581,29.1753142354876,31.7522503277562,34.1106514456851,38.9734126493331,40.8668385349021,44.9174434907977,1,1,1,1,1,1,1,1,0.796610169491525,0.779661016949153,0.76271186440678,0.728813559322034,0.711864406779661,0.661016949152542,0.627118644067797,0.593220338983051,0,0,0,0,0,0,0,0,2391,6.690428,-3.07036012695052
"392",131,131,2,9.70745133266815,25.2566031885038,27.4869941098758,29.1219774412052,31.6989135334738,34.0573146514027,38.9200758550507,40.8135017406197,44.8641066965153,1,1,1,1,1,1,1,1,0.783333333333333,0.766666666666667,0.75,0.716666666666667,0.7,0.65,0.616666666666667,0.583333333333333,0,0,0,0,0,0,0,0,2392,5.352013,-4.35543833266815
"393",131,131,3,9.79184202943357,25.3409938852692,27.5713848066412,29.2063681379706,31.7833042302392,34.1417053481681,39.0044665518161,40.8978924373851,44.9484973932807,1,1,1,1,1,1,1,1,0.783333333333333,0.766666666666667,0.75,0.716666666666667,0.7,0.65,0.616666666666667,0.583333333333333,0,0,0,0,0,0,0,0,2393,5.926332,-3.86551002943357
"394",132,132,1,9.75516730314281,25.3044963468886,27.5349126843289,29.1699146468533,31.7468801041911,34.1053080969084,38.9681247133855,40.8615721751909,44.912223289117,1,1,1,1,1,1,1,1,0.783333333333333,0.766666666666667,0.75,0.716666666666667,0.7,0.65,0.616666666666667,0.583333333333333,0,0,0,0,0,0,0,0,2394,5.641615,-4.11355230314281
"395",132,132,2,9.77310201150067,25.3224310552464,27.5528473926867,29.1878493552111,31.764814812549,34.1232428052662,38.9860594217434,40.8795068835487,44.9301579974749,1,1,1,1,1,1,1,1,0.783333333333333,0.766666666666667,0.75,0.716666666666667,0.7,0.65,0.616666666666667,0.583333333333333,0,0,0,0,0,0,0,0,2395,6.106269,-3.66683301150067
"396",132,132,3,9.74383282849679,25.2931618722425,27.5235782096829,29.1585801722072,31.7355456295451,34.0939736222624,38.9567902387395,40.8502377005448,44.900888814471,1,1,1,1,1,1,1,1,0.783333333333333,0.766666666666667,0.75,0.716666666666667,0.7,0.65,0.616666666666667,0.583333333333333,0,0,0,0,0,0,0,0,2396,5.725184,-4.01864882849679
"397",133,133,1,9.76709863670034,25.3168017172787,27.5472717070574,29.1823129993145,31.759340445179,34.1178251695362,38.9807587603548,40.8742517687615,44.9250003205069,1,1,1,1,1,1,1,1,0.796610169491525,0.779661016949153,0.76271186440678,0.728813559322034,0.711864406779661,0.661016949152542,0.627118644067797,0.593220338983051,0,0,0,0,0,0,0,0,2397,6.30225,-3.46484863670034
"398",133,133,2,9.73075174091331,25.2804548214917,27.5109248112704,29.1459661035275,31.722993549392,34.0814782737491,38.9444118645677,40.8379048729744,44.8886534247199,1,1,1,1,1,1,1,1,0.783333333333333,0.766666666666667,0.75,0.716666666666667,0.7,0.65,0.616666666666667,0.583333333333333,0,0,0,0,0,0,0,0,2398,5.185492,-4.54525974091331
"399",133,133,3,9.80109150559418,25.3507945861726,27.5812645759512,29.2163058682083,31.7933333140728,34.15181803843,39.0147516292486,40.9082446376553,44.9589931894008,1,1,1,1,1,1,1,1,0.783333333333333,0.766666666666667,0.75,0.716666666666667,0.7,0.65,0.616666666666667,0.583333333333333,0,0,0,0,0,0,0,0,2399,5.637078,-4.16401350559418
"400",134,134,1,9.76757776833783,25.3182790076685,27.5488921746596,29.1840384226684,31.761231291788,34.1198674108154,38.9831131606315,40.8767277151931,44.9277362905608,0,0,0,0,0,0,1,1,0,0,0,0,0,0,0.973684210526316,0.921052631578947,0,0,0,0,0,0,0,0,2400,40.171289,30.4037112316622
"401",134,134,2,7.62293000175751,23.1736312410881,25.4042444080793,27.0393906560881,29.6165835252077,31.9752196442351,36.8384653940512,38.7320799486128,42.7830885239805,1,1,1,1,1,1,1,1,0.816666666666667,0.783333333333333,0.766666666666667,0.75,0.716666666666667,0.666666666666667,0.65,0.6,1,1,1,1,1,1,0,0,2401,6.052826,-1.57010400175751
"402",134,134,3,9.74175893553866,25.2924601748693,27.5230733418604,29.1582195898692,31.7354124589889,34.0940485780163,38.9572943278324,40.8509088823939,44.9019174577616,1,1,1,1,1,1,1,1,0.783333333333333,0.766666666666667,0.75,0.716666666666667,0.7,0.65,0.616666666666667,0.583333333333333,1,1,1,1,1,1,0,0,2402,5.939158,-3.80260093553866
"403",135,135,1,9.75348936977146,25.3040878839852,27.5346863159496,29.1698217624783,31.7469976071284,34.1056181454327,38.9688317695278,40.8624338152145,44.913415630353,1,1,1,1,1,1,1,1,0.796610169491525,0.779661016949153,0.76271186440678,0.728813559322034,0.711864406779661,0.661016949152542,0.627118644067797,0.593220338983051,0,0,0,0,0,0,0,0,2403,7.404047,-2.34944236977146
"404",135,135,2,9.66118573800897,25.2117842522227,27.4423826841871,29.0775181307158,31.654693975366,34.0133145136702,38.8765281377654,40.770130183452,44.8211119985905,1,1,1,1,1,1,1,1,0.783333333333333,0.766666666666667,0.75,0.716666666666667,0.7,0.65,0.616666666666667,0.583333333333333,0,0,0,0,0,0,0,0,2404,5.639995,-4.02119073800897
"405",135,135,3,9.77233982969638,25.3229383439101,27.5535367758745,29.1886722224032,31.7658480670534,34.1244686053576,38.9876822294528,40.8812842751394,44.9322660902779,1,1,1,1,1,1,1,1,0.783333333333333,0.766666666666667,0.75,0.716666666666667,0.7,0.65,0.616666666666667,0.583333333333333,0,0,0,0,0,0,0,0,2405,5.77507,-3.99726982969638
"406",136,136,1,9.76332280980883,25.3139175658965,27.5445154587904,29.1796505101546,31.7568257319765,34.115445700271,38.9786581490693,40.8722597371276,44.9232405732619,1,1,1,1,1,1,1,1,0.796610169491525,0.779661016949153,0.76271186440678,0.728813559322034,0.711864406779661,0.661016949152542,0.627118644067797,0.593220338983051,0,0,0,0,0,0,0,0,2406,6.26542,-3.49790280980883
"407",136,136,2,9.73236567688256,25.2829604329703,27.5135583258641,29.1486933772283,31.7258685990502,34.0844885673447,38.947701016143,40.8413026042013,44.8922834403357,1,1,1,1,1,1,1,1,0.783333333333333,0.766666666666667,0.75,0.716666666666667,0.7,0.65,0.616666666666667,0.583333333333333,0,0,0,0,0,0,0,0,2407,6.131016,-3.60134967688256
"408",136,136,3,9.74085096798855,25.2914457240763,27.5220436169701,29.1571786683343,31.7343538901562,34.0929738584507,38.956186307249,40.8497878953073,44.9007687314417,1,1,1,1,1,1,1,1,0.783333333333333,0.766666666666667,0.75,0.716666666666667,0.7,0.65,0.616666666666667,0.583333333333333,0,0,0,0,0,0,0,0,2408,5.727944,-4.01290696798855
"409",137,137,1,9.76623387435312,25.3168500464134,27.5474510112427,29.1825883144827,31.7597670855395,34.1183903020789,38.9816094483975,40.8752136442866,44.9262000593519,1,1,1,1,1,1,1,1,0.796610169491525,0.779661016949153,0.76271186440678,0.728813559322034,0.711864406779661,0.661016949152542,0.627118644067797,0.593220338983051,0,0,0,0,0,0,0,0,2409,6.359157,-3.40707687435312
"410",137,137,2,9.72638396249427,25.2770001345546,27.5076010993839,29.1427384026238,31.7199171736807,34.0785403902201,38.9417595365387,40.8353637324278,44.8863501474931,1,1,1,1,1,1,1,1,0.783333333333333,0.766666666666667,0.75,0.716666666666667,0.7,0.65,0.616666666666667,0.583333333333333,0,0,0,0,0,0,0,0,2410,5.76121,-3.96517396249427
"411",137,137,3,9.76413371613728,25.3147498881976,27.5453508530269,29.1804881562669,31.7576669273237,34.1162901438631,38.9795092901817,40.8731134860708,44.9240999011361,1,1,1,1,1,1,1,1,0.810344827586207,0.793103448275862,0.775862068965517,0.741379310344828,0.724137931034483,0.672413793103448,0.637931034482759,0.603448275862069,0,0,0,0,0,0,0,0,2411,8.892768,-0.87136571613728
"412",138,138,1,9.56625670593415,25.1168746900136,27.3474759147613,28.982613408534,31.5597924798939,33.9184159712693,38.7816356842695,40.6752401008088,44.726226987911,0,0,0,1,1,1,1,1,0,0,0,0.977272727272727,0.954545454545455,0.886363636363636,0.840909090909091,0.795454545454545,0,0,0,0,0,0,0,0,2412,30.090421,20.5241642940659
"413",138,138,2,8.22949348564952,23.780111469729,26.0107126944767,27.6458501882494,30.2230292596092,32.5816527509847,37.4448724639848,39.3384768805241,43.3894637676264,1,1,1,1,1,1,1,1,0.813559322033898,0.796610169491525,0.779661016949153,0.745762711864407,0.728813559322034,0.677966101694915,0.644067796610169,0.610169491525424,1,1,1,0,0,0,0,0,2413,6.392403,-1.83709048564952
"414",138,138,3,9.7239343492698,25.2745523333493,27.505153558097,29.1402910518697,31.7174701232295,34.076093614605,38.9393133276051,40.8329177441444,44.8839046312467,0,0,0,0,0,0,1,1,0,0,0,0,0,0,0.973684210526316,0.921052631578947,1,1,1,0,0,0,0,0,2414,40.579942,30.8560076507302
"415",139,139,1,7.5659714238183,23.1592425204451,25.3959619641077,27.0355844052711,29.6198323088213,31.9849251658089,36.8614839922754,38.7602822938668,42.8223804564052,1,1,1,1,1,1,1,1,0.830508474576271,0.796610169491525,0.779661016949153,0.76271186440678,0.728813559322034,0.677966101694915,0.661016949152542,0.610169491525424,1,1,1,1,1,1,0,0,2415,7.052144,-0.513827423818298
"416",139,139,2,9.7008900872459,25.2941611838727,27.5308806275353,29.1705030686987,31.7547509722489,34.1198438292365,38.996402655703,40.8952009572944,44.9572991198328,1,1,1,1,1,1,1,1,0.796610169491525,0.779661016949153,0.76271186440678,0.728813559322034,0.711864406779661,0.661016949152542,0.627118644067797,0.593220338983051,1,1,1,1,1,1,0,0,2416,6.319721,-3.3811690872459
"417",139,139,3,9.7475279109474,25.3407990075742,27.5775184512368,29.2171408924002,31.8013887959504,34.166481652938,39.0430404794045,40.9418387809959,45.0039369435343,1,1,1,1,1,1,1,1,0.796610169491525,0.779661016949153,0.76271186440678,0.728813559322034,0.711864406779661,0.661016949152542,0.627118644067797,0.593220338983051,0,0,0,0,0,0,0,0,2417,6.313246,-3.4342819109474
"418",140,140,1,9.75414148914413,25.3465742322913,27.5831734214211,29.2227077102545,31.8068166748221,34.1717823754348,39.0480790195768,40.9467752345597,45.0086550032724,1,1,1,1,1,1,1,1,0.796610169491525,0.779661016949153,0.76271186440678,0.728813559322034,0.711864406779661,0.661016949152542,0.627118644067797,0.593220338983051,0,0,0,0,0,0,0,0,2418,6.824779,-2.92936248914413
"419",140,140,2,9.7215411113554,25.3139738545025,27.5505730436324,29.1901073324658,31.7742162970334,34.139181997646,39.0154786417881,40.9141748567709,44.9760546254837,1,1,1,1,1,1,1,1,0.783333333333333,0.766666666666667,0.75,0.716666666666667,0.7,0.65,0.616666666666667,0.583333333333333,0,0,0,0,0,0,0,0,2419,6.130243,-3.5912981113554
"420",140,140,3,9.76580440617288,25.35823714932,27.5948363384499,29.2343706272833,31.8184795918508,34.1834452924635,39.0597419366056,40.9584381515884,45.0203179203011,1,1,1,1,1,1,1,1,0.783333333333333,0.766666666666667,0.75,0.716666666666667,0.7,0.65,0.616666666666667,0.583333333333333,0,0,0,0,0,0,0,0,2420,5.933178,-3.83262640617288
"421",141,141,1,9.77695092223603,25.369175662677,27.6057450156234,29.2452574331059,31.8293319257173,34.1942660777402,39.0704976721934,40.9691685586109,45.0309941419379,1,1,1,1,1,1,1,1,0.796610169491525,0.779661016949153,0.76271186440678,0.728813559322034,0.711864406779661,0.644067796610169,0.627118644067797,0.593220338983051,0,0,0,0,0,0,0,0,2421,7.041624,-2.73532692223603
"422",141,141,2,9.70619884142062,25.2984235818616,27.534992934808,29.1745053522905,31.7585798449019,34.1235139969247,38.999745591378,40.8984164777955,44.9602420611224,1,1,1,1,1,1,1,1,0.783333333333333,0.766666666666667,0.75,0.716666666666667,0.7,0.65,0.616666666666667,0.583333333333333,0,0,0,0,0,0,0,0,2422,6.028761,-3.67743784142062
"423",141,141,3,9.77084986170572,25.3630746021467,27.5996439550931,29.2391563725756,31.823230865187,34.1881650172098,39.0643966116631,40.9630674980806,45.0248930814075,1,1,1,1,1,1,1,1,0.796610169491525,0.779661016949153,0.76271186440678,0.728813559322034,0.711864406779661,0.644067796610169,0.627118644067797,0.593220338983051,0,0,0,0,0,0,0,0,2423,6.294284,-3.47656586170572
"424",142,142,1,9.75113533327287,25.3433447338419,27.5799118864167,29.2194226909215,31.8034946412804,34.1684264666444,39.0446532637856,40.9433222822613,45.0051438695014,0,0,0,0,0,1,1,1,0,0,0,0,0,1,0.948717948717949,0.897435897435897,0,0,0,0,0,0,0,0,2424,38.65019,28.8990546667271
"425",142,142,2,7.69030928732274,23.2825186878917,25.5190858404666,27.1585966449714,29.7426685953303,32.1076004206943,36.9838272178354,38.8824962363112,42.9443178235512,1,1,1,1,1,1,1,1,0.830508474576271,0.796610169491525,0.779661016949153,0.745762711864407,0.728813559322034,0.677966101694915,0.661016949152542,0.610169491525424,1,1,1,1,1,0,0,0,2425,6.345667,-1.34464228732274
"426",142,142,3,9.74786262551067,25.3400720260797,27.5766391786545,29.2161499831593,31.8002219335182,34.1651537588822,39.0413805560234,40.9400495744991,45.0018711617392,1,1,1,1,1,1,1,1,0.796610169491525,0.779661016949153,0.76271186440678,0.728813559322034,0.711864406779661,0.661016949152542,0.627118644067797,0.593220338983051,1,1,1,1,1,0,0,0,2426,6.707368,-3.04049462551068
"427",143,143,1,9.72964687227337,25.3180959625047,27.5541237311879,29.1932391414758,31.7766879016107,34.1410493858921,39.0161002030574,40.9143113271735,44.9751533412619,1,1,1,1,1,1,1,1,0.796610169491525,0.779661016949153,0.76271186440678,0.728813559322034,0.711864406779661,0.661016949152542,0.627118644067797,0.593220338983051,0,0,0,0,0,0,0,0,2427,6.948998,-2.78064887227337
"428",143,143,2,9.71416182856913,25.3026109188004,27.5386386874837,29.1777540977715,31.7612028579065,34.1255643421878,39.0006151593531,40.8988262834692,44.9596682975576,1,1,1,1,1,1,1,1,0.796610169491525,0.779661016949153,0.76271186440678,0.728813559322034,0.711864406779661,0.661016949152542,0.627118644067797,0.593220338983051,0,0,0,0,0,0,0,0,2428,6.397058,-3.31710382856912
"429",143,143,3,9.74953332640516,25.3379824166365,27.5740101853197,29.2131255956075,31.7965743557425,34.1609358400239,39.0359866571891,40.9341977813053,44.9950397953936,1,1,1,1,1,1,1,1,0.783333333333333,0.766666666666667,0.75,0.716666666666667,0.7,0.65,0.616666666666667,0.583333333333333,0,0,0,0,0,0,0,0,2429,5.91626,-3.83327332640516
"430",144,144,1,9.77853660923585,25.3664830909591,27.6024387648127,29.2415013261387,31.8248667897687,34.1891520414376,39.0640456754217,40.9621955967167,45.0229066796435,1,1,1,1,1,1,1,1,0.796610169491525,0.779661016949153,0.76271186440678,0.728813559322034,0.711864406779661,0.644067796610169,0.627118644067797,0.593220338983051,0,0,0,0,0,0,0,0,2430,7.3997,-2.37883660923585
"431",144,144,2,9.68355741845797,25.2715039001812,27.5074595740348,29.1465221353608,31.7298875989908,34.0941728506597,38.9690664846438,40.8672164059388,44.9279274888656,1,1,1,1,1,1,1,1,0.783333333333333,0.766666666666667,0.75,0.716666666666667,0.7,0.65,0.616666666666667,0.583333333333333,0,0,0,0,0,0,0,0,2431,6.087936,-3.59562141845797
"432",144,144,3,9.76754482827,25.3554913099932,27.5914469838469,29.2305095451728,31.8138750088029,34.1781602604717,39.0530538944558,40.9512038157508,45.0119148986776,1,1,1,1,1,1,1,1,0.783333333333333,0.766666666666667,0.75,0.716666666666667,0.7,0.65,0.616666666666667,0.583333333333333,0,0,0,0,0,0,0,0,2432,6.137934,-3.62961082827
"433",145,145,1,9.76858225786438,25.3559183113078,27.5917864245211,29.2307847997055,31.8140490980321,34.178241763639,39.052944495445,40.951020084666,45.0115721490278,1,1,1,1,1,1,1,1,0.796610169491525,0.779661016949153,0.76271186440678,0.728813559322034,0.711864406779661,0.661016949152542,0.627118644067797,0.593220338983051,0,0,0,0,0,0,0,0,2433,7.044728,-2.72385425786438
"434",145,145,2,9.71032119825844,25.2976572517019,27.5335253649152,29.1725237400996,31.7557880384261,34.119980704033,38.994683435839,40.8927590250601,44.9533110894219,1,1,1,1,1,1,1,1,0.796610169491525,0.779661016949153,0.76271186440678,0.728813559322034,0.711864406779661,0.661016949152542,0.627118644067797,0.593220338983051,0,0,0,0,0,0,0,0,2434,6.562162,-3.14815919825844
"435",145,145,3,9.74132582167875,25.3286618751222,27.5645299883355,29.2035283635199,31.7867926618465,34.1509853274534,39.0256880592594,40.9237636484804,44.9843157128422,1,1,1,1,1,1,1,1,0.783333333333333,0.766666666666667,0.75,0.716666666666667,0.7,0.65,0.616666666666667,0.583333333333333,0,0,0,0,0,0,0,0,2435,5.979749,-3.76157682167875
"436",146,146,1,9.77661837032189,25.3639008471827,27.5997612753001,29.2387540169412,31.8220094361063,34.1861939755419,39.060879952085,40.958949017266,45.0194871247527,1,1,1,1,1,1,1,1,1,0.978723404255319,0.957446808510638,0.914893617021277,0.893617021276596,0.829787234042553,0.787234042553192,0.74468085106383,0,0,0,0,0,0,0,0,2436,26.113451,16.3368326296781
"437",146,146,2,8.48970926553521,24.076991742396,26.3128521705134,27.9518449121545,30.5351003313197,32.8992848707552,37.7739708472983,39.6720399124793,43.732578019966,1,1,1,1,1,1,1,1,0.813559322033898,0.796610169491525,0.779661016949153,0.745762711864407,0.711864406779661,0.661016949152542,0.644067796610169,0.610169491525424,0,0,0,0,0,0,0,0,2437,6.28141,-2.20829926553521
"438",146,146,3,9.75733675547237,25.3446192323332,27.5804796604505,29.2194724020917,31.8027278212568,34.1669123606924,39.0415983372354,40.9396674024165,45.0002055099031,1,1,1,1,1,1,1,1,0.796610169491525,0.779661016949153,0.76271186440678,0.728813559322034,0.711864406779661,0.661016949152542,0.627118644067797,0.593220338983051,0,0,0,0,0,0,0,0,2438,6.481864,-3.27547275547237
"439",147,147,1,9.74598652189068,25.3327592254448,27.5685465310044,29.2074856703097,31.7906566055593,34.1547638256691,39.029290378349,40.9272973682488,44.9877026781204,1,1,1,1,1,1,1,1,0.810344827586207,0.793103448275862,0.775862068965517,0.741379310344828,0.724137931034483,0.672413793103448,0.637931034482759,0.603448275862069,0,0,0,0,0,0,0,0,2439,8.011849,-1.73413752189068
"440",147,147,2,9.64757879836751,25.2343515019216,27.4701388074812,29.1090779467866,31.6922488820361,34.056356102146,38.9308826548259,40.8288896447256,44.8892949545972,1,1,1,1,1,1,1,1,0.783333333333333,0.766666666666667,0.75,0.716666666666667,0.7,0.65,0.616666666666667,0.583333333333333,0,0,0,0,0,0,0,0,2440,6.214769,-3.43280979836751
"441",147,147,3,9.76316591313596,25.3499386166901,27.5857259222497,29.224665061555,31.8078359968046,34.1719432169144,39.0464697695943,40.9444767594941,45.0048820693657,1,1,1,1,1,1,1,1,0.783333333333333,0.766666666666667,0.75,0.716666666666667,0.7,0.65,0.616666666666667,0.583333333333333,0,0,0,0,0,0,0,0,2441,6.159495,-3.60367091313596
"442",148,148,1,9.7700933049736,25.3561861846329,27.5918759753532,29.2307436316127,31.8138019007343,34.1778060092759,39.0521199573525,40.950044164849,45.0102723783707,1,1,1,1,1,1,1,1,0.796610169491525,0.779661016949153,0.76271186440678,0.728813559322034,0.711864406779661,0.661016949152542,0.627118644067797,0.593220338983051,0,0,0,0,0,0,0,0,2442,6.886458,-2.8836353049736
"443",148,148,2,9.72333865687041,25.3094315365297,27.5451213272501,29.1839889835095,31.7670472526312,34.1310513611727,39.0053653092493,40.9032895167458,44.9635177302675,1,1,1,1,1,1,1,1,0.796610169491525,0.779661016949153,0.76271186440678,0.728813559322034,0.711864406779661,0.661016949152542,0.627118644067797,0.593220338983051,0,0,0,0,0,0,0,0,2443,6.284454,-3.43888465687041
"444",148,148,3,9.76205656297665,25.3481494426359,27.5838392333563,29.2227068896157,31.8057651587374,34.169769267279,39.0440832153556,40.9420074228521,45.0022356363738,1,1,1,1,1,1,1,1,0.783333333333333,0.766666666666667,0.75,0.716666666666667,0.7,0.65,0.616666666666667,0.583333333333333,0,0,0,0,0,0,0,0,2444,5.949331,-3.81272556297665
"445",149,149,1,9.78049433121819,25.3665456421074,27.6022294701483,29.2410927554783,31.8241441354741,34.1881419391166,39.0624428871914,40.9603620328436,45.0205794175646,1,1,1,1,1,1,1,1,0.796610169491525,0.779661016949153,0.76271186440678,0.728813559322034,0.711864406779661,0.661016949152542,0.627118644067797,0.593220338983051,0,0,0,0,0,0,0,0,2445,7.072103,-2.70839133121819
"446",149,149,2,9.70857040828973,25.2946217191789,27.5303055472199,29.1691688325498,31.7522202125457,34.1162180161881,38.9905189642629,40.8884381099151,44.9486554946361,1,1,1,1,1,1,1,1,0.783333333333333,0.766666666666667,0.75,0.716666666666667,0.7,0.65,0.616666666666667,0.583333333333333,0,0,0,0,0,0,0,0,2446,5.653378,-4.05519240828973
"447",149,149,3,9.79945285597873,25.3855041668679,27.6211879949089,29.2600512802388,31.8431026602347,34.2071004638771,39.0814014119519,40.9793205576041,45.0395379423251,1,1,1,1,1,1,1,1,0.783333333333333,0.766666666666667,0.75,0.716666666666667,0.7,0.633333333333333,0.616666666666667,0.583333333333333,0,0,0,0,0,0,0,0,2447,5.184109,-4.61534385597873
"448",150,150,1,9.81084227757105,25.3745406459737,27.6070181383605,29.243531026144,31.8228778886976,34.1834853334936,39.0507957381279,40.945992957831,45.0003873278658,0,0,0,0,0,0,1,1,0,0,0,0,0,0,0.973684210526316,0.921052631578947,0,0,0,0,0,0,0,0,2448,40.364877,30.554034722429
"449",150,150,2,7.58631984065868,23.1500182090613,25.3824957014481,27.0190085892316,29.5983554517852,31.9589628965812,36.8262733012155,38.7214705209187,42.7758648909535,1,1,1,1,1,1,1,1,0.830508474576271,0.796610169491525,0.779661016949153,0.76271186440678,0.728813559322034,0.677966101694915,0.661016949152542,0.610169491525424,1,1,1,1,1,1,0,0,2449,6.277153,-1.30916684065868
"450",150,150,3,9.74172778574039,25.305426154143,27.5379036465298,29.1744165343133,31.7537633968669,34.1143708416629,38.9816812462972,40.8768784660004,44.9312728360352,1,1,1,1,1,1,1,1,0.783333333333333,0.766666666666667,0.75,0.716666666666667,0.7,0.65,0.616666666666667,0.583333333333333,1,1,1,1,1,1,0,0,2450,6.084732,-3.65699578574039
"451",151,151,1,9.7579856015046,25.3209990080478,27.5533782485989,29.1898191130827,31.7690524580018,34.1295560119342,38.9966522051448,40.8917660167928,44.9459819520211,1,1,1,1,1,1,1,1,0.783333333333333,0.766666666666667,0.75,0.716666666666667,0.7,0.65,0.616666666666667,0.583333333333333,0,0,0,0,0,0,0,0,2451,5.606588,-4.1513976015046
"452",151,151,2,9.78845761917066,25.3514710257138,27.583850266265,29.2202911307488,31.7995244756679,34.1600280296002,39.0271242228109,40.9222380344589,44.9764539696872,1,1,1,1,1,1,1,1,0.783333333333333,0.766666666666667,0.75,0.716666666666667,0.7,0.65,0.616666666666667,0.583333333333333,0,0,0,0,0,0,0,0,2452,6.052474,-3.73598361917066
"453",151,151,3,9.76004139713494,25.3230548036781,27.5554340442292,29.1918749087131,31.7711082536322,34.1316118075645,38.9987080007751,40.8938218124231,44.9480377476514,1,1,1,1,1,1,1,1,0.783333333333333,0.766666666666667,0.75,0.716666666666667,0.7,0.65,0.616666666666667,0.583333333333333,0,0,0,0,0,0,0,0,2453,5.48292,-4.27712139713494
"454",152,152,1,9.79533468789961,25.3589385622973,27.591402500339,29.2279054521386,31.8072366543517,34.1678297668697,39.0351106199384,40.9302963330722,44.9846660871094,1,1,1,1,1,1,1,1,0.783333333333333,0.766666666666667,0.75,0.716666666666667,0.7,0.65,0.616666666666667,0.583333333333333,0,0,0,0,0,0,0,0,2454,5.447957,-4.34737768789961
"455",152,152,2,9.79756258320008,25.3611664575978,27.5936303956395,29.230133347439,31.8094645496522,34.1700576621702,39.0373385152389,40.9325242283726,44.9868939824099,1,1,1,1,1,1,1,1,0.783333333333333,0.766666666666667,0.75,0.716666666666667,0.7,0.65,0.616666666666667,0.583333333333333,0,0,0,0,0,0,0,0,2455,5.930667,-3.86689558320008
"456",152,152,3,9.76680357108755,25.3304074454853,27.562871383527,29.1993743353265,31.7787055375396,34.1392986500577,39.0065795031264,40.9017652162601,44.9561349702973,1,1,1,1,1,1,1,1,0.783333333333333,0.766666666666667,0.75,0.716666666666667,0.7,0.65,0.616666666666667,0.583333333333333,0,0,0,0,0,0,0,0,2456,5.67465,-4.09215357108755
"457",153,153,1,9.78185060134927,25.345807883715,27.5783225150633,29.2148626274837,31.7942523994347,34.1548991147315,39.0222904907774,40.9175192385281,44.9719810564978,1,1,1,1,1,1,1,1,0.783333333333333,0.766666666666667,0.75,0.716666666666667,0.7,0.65,0.616666666666667,0.583333333333333,0,0,0,0,0,0,0,0,2457,5.549698,-4.23215260134927
"458",153,153,2,9.78979110302279,25.3537483853885,27.5862630167368,29.2228031291572,31.8021929011082,34.162839616405,39.0302309924509,40.9254597402016,44.9799215581713,1,1,1,1,1,1,1,1,0.783333333333333,0.766666666666667,0.75,0.716666666666667,0.7,0.65,0.616666666666667,0.583333333333333,0,0,0,0,0,0,0,0,2458,5.687991,-4.10180010302279
"459",153,153,3,9.78100280193168,25.3449600842974,27.5774747156457,29.2140148280661,31.7934046000171,34.1540513153139,39.0214426913598,40.9166714391105,44.9711332570802,1,1,1,1,1,1,1,1,0.783333333333333,0.766666666666667,0.75,0.716666666666667,0.7,0.65,0.616666666666667,0.583333333333333,0,0,0,0,0,0,0,0,2459,5.752665,-4.02833780193168
"460",154,154,1,9.77165013786521,25.3365671563333,27.5692194534983,29.2058604815535,31.7854093090353,34.1462015912876,39.0138931102305,40.909238725396,44.9639505577619,0,1,1,1,1,1,1,1,0,1,0.978260869565217,0.934782608695652,0.91304347826087,0.847826086956522,0.804347826086957,0.760869565217391,0,0,0,0,0,0,0,0,2460,27.003732,17.2320818621348
"461",154,154,2,8.42907040455526,23.9939874230233,26.2266397201884,27.8632807482436,30.4428295757253,32.8036218579776,37.6713133769205,39.5666589920861,43.6213708244519,0,0,0,0,0,1,1,1,0,0,0,0,0,0.975,0.95,0.9,1,0,0,0,0,0,0,0,2461,36.040004,27.6109335954447
"462",154,154,3,7.85818539196383,23.4231024104319,25.655754707597,27.2923957356521,29.8719445631339,32.2327368453862,37.1004283643291,38.9957739794946,43.0504858118605,1,1,1,1,1,1,1,1,0.830508474576271,0.796610169491525,0.779661016949153,0.745762711864407,0.728813559322034,0.677966101694915,0.661016949152542,0.610169491525424,1,1,1,1,1,0,0,0,2462,6.674102,-1.18408339196383
"463",155,155,1,9.72141581550335,25.3030180745699,27.5380637247292,29.1764591951173,31.7587732408634,34.1220962392889,38.9950058139436,40.8923831969348,44.9514415890928,1,1,1,1,1,1,1,1,0.783333333333333,0.766666666666667,0.75,0.716666666666667,0.7,0.65,0.616666666666667,0.583333333333333,1,1,1,1,1,0,0,0,2463,5.369175,-4.35224081550335
"464",155,155,2,9.80080533157257,25.3824075906391,27.6174532407984,29.2558487111865,31.8381627569326,34.2014857553581,39.0743953300129,40.971772713004,45.030831105162,1,1,1,1,1,1,1,1,0.783333333333333,0.766666666666667,0.75,0.716666666666667,0.7,0.633333333333333,0.616666666666667,0.583333333333333,0,0,0,0,0,0,0,0,2464,5.51453,-4.28627533157256
"465",155,155,3,9.79196218317557,25.3735644422421,27.6086100924014,29.2470055627895,31.8293196085356,34.1926426069611,39.0655521816159,40.962929564607,45.021987956765,1,1,1,1,1,1,1,1,0.783333333333333,0.766666666666667,0.75,0.716666666666667,0.7,0.633333333333333,0.616666666666667,0.583333333333333,0,0,0,0,0,0,0,0,2465,5.686675,-4.10528718317557
"466",156,156,1,9.77874401663226,25.3610619338184,27.5962102389256,29.2346809603054,31.8171136109281,34.1805451560399,39.0536785419078,40.9511430708488,45.0103878942896,1,1,1,1,1,1,1,1,0.783333333333333,0.766666666666667,0.75,0.716666666666667,0.7,0.65,0.616666666666667,0.583333333333333,0,0,0,0,0,0,0,0,2466,5.437932,-4.34081201663226
"467",156,156,2,9.79380891617,25.3761268333562,27.6112751384633,29.2497458598431,31.8321785104659,34.1956100555777,39.0687434414455,40.9662079703865,45.0254527938273,1,1,1,1,1,1,1,1,0.783333333333333,0.766666666666667,0.75,0.716666666666667,0.7,0.633333333333333,0.616666666666667,0.583333333333333,0,0,0,0,0,0,0,0,2467,5.814387,-3.97942191617
"468",156,156,3,9.77100925243883,25.353327169625,27.5884754747321,29.2269461961119,31.8093788467347,34.1728103918465,39.0459437777143,40.9434083066554,45.0026531300962,1,1,1,1,1,1,1,1,0.783333333333333,0.766666666666667,0.75,0.716666666666667,0.7,0.65,0.616666666666667,0.583333333333333,0,0,0,0,0,0,0,0,2468,5.74345,-4.02755925243883
"469",157,157,1,9.77483372044798,25.3576273669888,27.5928439113442,29.2313646553601,31.8138761478487,34.1773798487059,39.0506620117077,40.9481844703856,45.0075532228805,1,1,1,1,1,1,1,1,0.783333333333333,0.766666666666667,0.75,0.716666666666667,0.7,0.65,0.616666666666667,0.583333333333333,0,0,0,0,0,0,0,0,2469,5.141051,-4.63378272044798
"470",157,157,2,9.81127540876938,25.3940690553102,27.6292855996656,29.2678063436815,31.8503178361701,34.2138215370273,39.0871037000291,40.984626158707,45.0439949112019,1,1,1,1,1,1,1,1,0.783333333333333,0.766666666666667,0.75,0.716666666666667,0.7,0.633333333333333,0.616666666666667,0.583333333333333,0,0,0,0,0,0,0,0,2470,5.604573,-4.20670240876938
"471",157,157,3,9.78323498331364,25.3660286298545,27.6012451742099,29.2397659182258,31.8222774107144,34.1857811115715,39.0590632745734,40.9565857332512,45.0159544857461,1,1,1,1,1,1,1,1,0.783333333333333,0.766666666666667,0.75,0.716666666666667,0.7,0.65,0.616666666666667,0.583333333333333,0,0,0,0,0,0,0,0,2471,5.61263,-4.17060498331364
"472",158,158,1,9.77897860490128,25.3631084136225,27.5985166188495,29.2371778594605,31.8199107919723,34.1836171538112,39.0573171812518,40.955002344885,45.0147191720016,0,0,0,0,0,1,1,1,0,0,0,0,0,1,0.948717948717949,0.897435897435897,0,0,0,0,0,0,0,0,2472,39.011127,29.2321483950987
"473",158,158,2,7.77518251294485,23.3593123216661,25.5947205268931,27.2333817675041,29.8161147000159,32.1798210618548,37.0535210892953,38.9512062529286,43.0109230800452,1,1,1,1,1,1,1,1,0.816666666666667,0.783333333333333,0.766666666666667,0.733333333333333,0.716666666666667,0.666666666666667,0.65,0.6,1,1,1,1,1,0,0,0,2473,6.177968,-1.59721451294485
"474",158,158,3,9.74506024998146,25.3291900587027,27.5645982639297,29.2032595045407,31.7859924370525,34.1496987988914,39.0233988263319,40.9210839899652,44.9808008170818,1,1,1,1,1,1,1,1,0.783333333333333,0.766666666666667,0.75,0.716666666666667,0.7,0.65,0.616666666666667,0.583333333333333,1,1,1,1,1,0,0,0,2474,5.720034,-4.02502624998146
"475",159,159,1,9.77483869851167,25.3596465384541,27.5951520013768,29.2338845365353,31.816729838078,34.1805390395833,39.0544511109957,40.9522188387377,45.0121122952068,1,1,1,1,1,1,1,1,0.783333333333333,0.766666666666667,0.75,0.716666666666667,0.7,0.65,0.616666666666667,0.583333333333333,0,0,0,0,0,0,0,0,2475,5.173475,-4.60136369851167
"476",159,159,2,9.80789389317198,25.3927017331144,27.6282071960371,29.2669397311956,31.8497850327383,34.2135942342436,39.087506305656,40.985274033398,45.0451674898672,1,1,1,1,1,1,1,1,0.783333333333333,0.766666666666667,0.75,0.716666666666667,0.7,0.633333333333333,0.616666666666667,0.583333333333333,0,0,0,0,0,0,0,0,2476,6.14097,-3.66692389317198
"477",159,159,3,9.74938102345823,25.3341888634007,27.5696943263234,29.2084268614819,31.7912721630246,34.1550813645298,39.0289934359422,40.9267611636843,44.9866546201534,1,1,1,1,1,1,1,1,0.783333333333333,0.766666666666667,0.75,0.716666666666667,0.7,0.65,0.616666666666667,0.583333333333333,0,0,0,0,0,0,0,0,2477,5.877559,-3.87182202345823
"478",160,160,1,9.76459067586688,25.3498618238667,27.5854337443103,29.2242149960135,31.8071370808602,34.1710165541238,39.045073518098,40.942897663031,45.0029118127656,1,1,1,1,1,1,1,1,0.796610169491525,0.779661016949153,0.76271186440678,0.728813559322034,0.711864406779661,0.661016949152542,0.627118644067797,0.593220338983051,0,0,0,0,0,0,0,0,2478,6.928314,-2.83627667586688
"479",160,160,2,9.70104838124111,25.2863195292409,27.5218914496845,29.1606727013877,31.7435947862345,34.107474259498,38.9815312234722,40.8793553684052,44.9393695181398,1,1,1,1,1,1,1,1,0.796610169491525,0.779661016949153,0.76271186440678,0.728813559322034,0.711864406779661,0.661016949152542,0.627118644067797,0.593220338983051,0,0,0,0,0,0,0,0,2479,7.09196,-2.60908838124111
"480",160,160,3,9.6911522186282,25.276423366628,27.5119952870716,29.1507765387748,31.7336986236215,34.0975780968851,38.9716350608593,40.8694592057923,44.9294733555269,1,1,1,1,1,1,1,1,0.796610169491525,0.779661016949153,0.76271186440678,0.728813559322034,0.711864406779661,0.661016949152542,0.627118644067797,0.593220338983051,0,0,0,0,0,0,0,0,2480,7.451427,-2.2397252186282
"481",161,161,1,9.67110488478014,25.2554734869994,27.4909159450817,29.1296022946757,31.7123748020524,34.0761173826418,38.949892089124,40.8476063307285,44.907385364333,1,1,1,1,1,1,1,1,0.796610169491525,0.779661016949153,0.76271186440678,0.728813559322034,0.711864406779661,0.661016949152542,0.627118644067797,0.593220338983051,0,0,0,0,0,0,0,0,2481,6.965936,-2.70516888478014
"482",161,161,2,9.70047032603644,25.2848389282557,27.520281386338,29.158967735932,31.7417402433087,34.1054828238981,38.9792575303803,40.8769717719848,44.9367508055893,1,1,1,1,1,1,1,1,0.796610169491525,0.779661016949153,0.76271186440678,0.728813559322034,0.711864406779661,0.661016949152542,0.627118644067797,0.593220338983051,0,0,0,0,0,0,0,0,2482,6.885488,-2.81498232603644
"483",161,161,3,9.70533630917142,25.2897049113907,27.525147369473,29.163833719067,31.7466062264437,34.1103488070331,38.9841235135153,40.8818377551198,44.9416167887243,1,1,1,1,1,1,1,1,0.796610169491525,0.779661016949153,0.76271186440678,0.728813559322034,0.711864406779661,0.661016949152542,0.627118644067797,0.593220338983051,0,0,0,0,0,0,0,0,2483,6.46133,-3.24400630917142
"484",162,162,1,9.73133708048556,25.3150606590497,27.5504105940853,29.1890291198562,31.7716947284932,34.1353394758038,39.0089124609294,40.9065481577685,44.9661591605994,0,0,1,1,1,1,1,1,0,0,1,0.955555555555556,0.933333333333333,0.866666666666667,0.822222222222222,0.777777777777778,0,0,0,0,0,0,0,0,2484,29.150019,19.4186819195144
"485",162,162,2,8.353880331744,23.9376039103082,26.1729538453438,27.8115723711147,30.3942379797516,32.7578827270622,37.6314557121878,39.5290914090269,43.5887024118578,1,1,1,1,1,1,1,1,0.813559322033898,0.796610169491525,0.779661016949153,0.745762711864407,0.728813559322034,0.661016949152542,0.644067796610169,0.610169491525424,1,1,0,0,0,0,0,0,2485,6.309451,-2.044429331744
"486",162,162,3,9.74055783156298,25.3242814101272,27.5596313451627,29.1982498709337,31.7809154795706,34.1445602268812,39.0181332120068,40.9157689088459,44.9753799116768,1,1,1,1,1,1,1,1,0.796610169491525,0.779661016949153,0.76271186440678,0.728813559322034,0.711864406779661,0.661016949152542,0.627118644067797,0.593220338983051,1,1,0,0,0,0,0,0,2486,6.363983,-3.37657483156298
"487",163,163,1,9.75190646731397,25.3508156724798,27.5883438538932,29.2285591385484,31.8137414368181,34.1796894479392,39.0580115072636,40.9574963633856,45.0210632716538,1,1,1,1,1,1,1,1,0.783333333333333,0.766666666666667,0.75,0.716666666666667,0.7,0.65,0.616666666666667,0.583333333333333,0,0,0,0,0,0,0,0,2487,5.847037,-3.90486946731397
"488",163,163,2,9.78364186659108,25.3825510717569,27.6200792531703,29.2602945378255,31.8454768360952,34.2114248472163,39.0897469065407,40.9892317626627,45.0527986709309,1,1,1,1,1,1,1,1,0.783333333333333,0.766666666666667,0.75,0.716666666666667,0.7,0.633333333333333,0.616666666666667,0.583333333333333,0,0,0,0,0,0,0,0,2488,5.969522,-3.81411986659108
"489",163,163,3,9.77612249245827,25.3750316976241,27.6125598790375,29.2527751636927,31.8379574619624,34.2039054730835,39.0822275324079,40.9817123885299,45.0452792967981,1,1,1,1,1,1,1,1,0.796610169491525,0.779661016949153,0.76271186440678,0.728813559322034,0.711864406779661,0.644067796610169,0.627118644067797,0.593220338983051,0,0,0,0,0,0,0,0,2489,6.840009,-2.93611349245827
"490",164,164,1,9.72156513579775,25.3203343459978,27.557842446348,29.1980430106225,31.7832021077502,34.1491288852834,39.0274071633074,40.9268749721914,44.9904054113128,1,1,1,1,1,1,1,1,0.796610169491525,0.779661016949153,0.76271186440678,0.728813559322034,0.711864406779661,0.661016949152542,0.627118644067797,0.593220338983051,0,0,0,0,0,0,0,0,2490,6.698403,-3.02316213579775
"491",164,164,2,9.7302575814317,25.3290267916318,27.566534891982,29.2067354562565,31.7918945533842,34.1578213309173,39.0360996089413,40.9355674178254,44.9990978569468,1,1,1,1,1,1,1,1,0.796610169491525,0.779661016949153,0.76271186440678,0.728813559322034,0.711864406779661,0.661016949152542,0.627118644067797,0.593220338983051,0,0,0,0,0,0,0,0,2491,6.428048,-3.3022095814317
"492",164,164,3,9.74685324926615,25.3456224594662,27.5831305598164,29.2233311240909,31.8084902212186,34.1744169987518,39.0526952767758,40.9521630856598,45.0156935247812,1,1,1,1,1,1,1,1,0.796610169491525,0.779661016949153,0.76271186440678,0.728813559322034,0.711864406779661,0.661016949152542,0.627118644067797,0.593220338983051,0,0,0,0,0,0,0,0,2492,6.802042,-2.94481124926615
"493",165,165,1,9.7139273462515,25.3007728758629,27.5365706276885,29.175517424607,31.7587004292027,34.1228186951275,38.9973680230513,40.8953838810066,44.9558081623045,1,1,1,1,1,1,1,1,0.783333333333333,0.766666666666667,0.75,0.716666666666667,0.7,0.65,0.616666666666667,0.583333333333333,0,0,0,0,0,0,0,0,2493,6.206429,-3.5074983462515
"494",165,165,2,9.75008420201204,25.3369297316234,27.5727274834491,29.2116742803676,31.7948572849632,34.1589755508881,39.0335248788119,40.9315407367672,44.9919650180651,1,1,1,1,1,1,1,1,0.796610169491525,0.779661016949153,0.76271186440678,0.728813559322034,0.711864406779661,0.661016949152542,0.627118644067797,0.593220338983051,0,0,0,0,0,0,0,0,2494,6.458561,-3.29152320201204
"495",165,165,3,9.734778457583,25.3216239871944,27.55742173902,29.1963685359385,31.7795515405342,34.143669806459,39.0182191343828,40.9162349923381,44.976659273636,1,1,1,1,1,1,1,1,0.796610169491525,0.779661016949153,0.76271186440678,0.728813559322034,0.711864406779661,0.661016949152542,0.627118644067797,0.593220338983051,0,0,0,0,0,0,0,0,2495,6.631419,-3.103359457583
"496",166,166,1,9.72533373675689,25.3115568876922,27.5472653646968,29.1861467188972,31.7692265776693,34.1332504449685,39.0076051334092,40.9055452040864,44.9658073537019,0,0,0,0,0,0,1,1,0,0,0,0,0,0,0.973684210526316,0.921052631578947,0,0,0,0,0,0,0,0,2496,40.109596,30.3842622632431
"497",166,166,2,7.69274991875721,23.2789730696925,25.5146815466971,27.1535629008975,29.7366427596697,32.1006666269689,36.9750213154095,38.8729613860867,42.9332235357023,1,1,1,1,1,1,1,1,0.830508474576271,0.796610169491525,0.779661016949153,0.745762711864407,0.728813559322034,0.677966101694915,0.661016949152542,0.610169491525424,1,1,1,1,1,1,0,0,2497,6.380103,-1.31264691875721
"498",166,166,3,9.74059205965794,25.3268152105932,27.5625236875978,29.2014050417983,31.7844849005704,34.1485087678696,39.0228634563102,40.9208035269875,44.981065676603,1,1,1,1,1,1,1,1,0.796610169491525,0.779661016949153,0.76271186440678,0.728813559322034,0.711864406779661,0.661016949152542,0.627118644067797,0.593220338983051,1,1,1,1,1,1,0,0,2498,7.057717,-2.68287505965794
"499",167,167,1,9.70328461188765,25.2977243297371,27.5346114019745,29.1743567229089,31.7587983001871,34.1240684065594,39.0009927015733,40.8999333065967,44.9623358987889,1,1,1,1,1,1,1,1,0.796610169491525,0.779661016949153,0.76271186440678,0.728813559322034,0.711864406779661,0.661016949152542,0.627118644067797,0.593220338983051,0,0,0,0,0,0,0,0,2499,6.274579,-3.42870561188765
"500",167,167,2,9.751063481323,25.3455031991725,27.5823902714098,29.2221355923443,31.8065771696225,34.1718472759947,39.0487715710087,40.9477121760321,45.0101147682243,1,1,1,1,1,1,1,1,0.979166666666667,0.958333333333333,0.9375,0.895833333333333,0.875,0.8125,0.770833333333333,0.729166666666667,0,0,0,0,0,0,0,0,2500,24.315588,14.564524518677
"501",167,167,3,8.65039027494962,24.2448299927991,26.4817170650365,28.1214623859709,30.7059039632491,33.0711740696214,37.9480983646353,39.8470389696587,43.9094415618509,1,1,1,1,1,1,1,1,0.813559322033898,0.796610169491525,0.779661016949153,0.745762711864407,0.711864406779661,0.661016949152542,0.644067796610169,0.593220338983051,0,0,0,0,0,0,0,0,2501,7.108191,-1.54219927494962
"502",168,168,1,9.71303225833349,25.3151929151597,27.5531874891024,29.1937446618116,31.7794658179697,34.1459069895732,39.0252458910467,40.9251266776218,44.9895405996905,1,1,1,1,1,1,1,1,0.796610169491525,0.779661016949153,0.76271186440678,0.728813559322034,0.711864406779661,0.661016949152542,0.627118644067797,0.593220338983051,0,0,0,0,0,0,0,0,2502,6.34044,-3.37259225833349
"503",168,168,2,9.76038510673822,25.3625457635644,27.6005403375072,29.2410975102163,31.8268186663744,34.1932598379779,39.0725987394514,40.9724795260265,45.0368934480953,1,1,1,1,1,1,1,1,0.783333333333333,0.766666666666667,0.75,0.716666666666667,0.7,0.633333333333333,0.616666666666667,0.583333333333333,0,0,0,0,0,0,0,0,2503,6.23671,-3.52367510673822
"504",168,168,3,9.76678289842462,25.3689435552508,27.6069381291936,29.2474953019027,31.8332164580608,34.1996576296643,39.0789965311378,40.9788773177129,45.0432912397817,1,1,1,1,1,1,1,1,0.796610169491525,0.779661016949153,0.76271186440678,0.728813559322034,0.711864406779661,0.644067796610169,0.627118644067797,0.593220338983051,0,0,0,0,0,0,0,0,2504,6.951084,-2.81569889842462
"505",169,169,1,9.72330089469889,25.3248352475522,27.5627399836242,29.2032313008728,31.7888486606742,34.1551948382869,39.0343378727003,40.9341423940125,44.9983931618462,1,1,1,1,1,1,1,1,0.783333333333333,0.766666666666667,0.75,0.716666666666667,0.7,0.65,0.616666666666667,0.583333333333333,0,0,0,0,0,0,0,0,2505,6.087327,-3.63597389469889
"506",169,169,2,9.77657608579676,25.3781104386501,27.6160151747221,29.2565064919707,31.8421238517721,34.2084700293848,39.0876130637982,40.9874175851104,45.0516683529441,1,1,1,1,1,1,1,1,0.783333333333333,0.766666666666667,0.75,0.716666666666667,0.7,0.633333333333333,0.616666666666667,0.583333333333333,0,0,0,0,0,0,0,0,2506,6.066666,-3.70991008579676
"507",169,169,3,9.77785042420823,25.3793847770616,27.6172895131336,29.2577808303822,31.8433981901836,34.2097443677962,39.0888874022096,40.9886919235218,45.0529426913556,1,1,1,1,1,1,1,1,0.783333333333333,0.766666666666667,0.75,0.716666666666667,0.7,0.633333333333333,0.616666666666667,0.583333333333333,0,0,0,0,0,0,0,0,2507,5.748305,-4.02954542420823
"508",170,170,1,9.7983409210361,25.3998834437493,27.6377893517168,29.2782815280209,31.8639002418001,34.2302476585676,39.1093932479807,41.0091987641397,45.0734516602487,0,0,0,0,0,1,1,1,0,0,0,0,0,0.95,0.925,0.875,0,0,0,0,0,0,0,0,2508,37.307872,27.5095310789639
"509",170,170,2,7.84710562612175,23.4486481488349,25.6865540568024,27.3270462331066,29.9126649468858,32.2790123636533,37.1581579530663,39.0579634692253,43.1222163653343,1,1,1,1,1,1,1,1,0.813559322033898,0.796610169491525,0.779661016949153,0.745762711864407,0.728813559322034,0.677966101694915,0.661016949152542,0.610169491525424,1,1,1,1,1,0,0,0,2509,6.303502,-1.54360362612175
"510",170,170,3,9.7640147218829,25.3655572445961,27.6034631525636,29.2439553288677,31.8295740426469,34.1959214594144,39.0750670488275,40.9748725649865,45.0391254610955,1,1,1,1,1,1,1,1,0.783333333333333,0.766666666666667,0.75,0.716666666666667,0.7,0.633333333333333,0.616666666666667,0.583333333333333,1,1,1,1,1,0,0,0,2510,5.656865,-4.1071497218829
"511",171,171,1,9.80219701742334,25.3997350906941,27.6370665951337,29.2771377061508,31.8620927689223,34.2278328150673,39.1057260737056,41.0050439665973,45.0682536905186,1,1,1,1,1,1,1,1,0.783333333333333,0.766666666666667,0.75,0.716666666666667,0.7,0.633333333333333,0.616666666666667,0.583333333333333,0,0,0,0,0,0,0,0,2511,5.621189,-4.18100801742334
"512",171,171,2,9.80439781496599,25.4019358882367,27.6392673926764,29.2793385036934,31.864293566465,34.23003361261,39.1079268712482,41.0072447641399,45.0704544880613,1,1,1,1,1,1,1,1,0.783333333333333,0.766666666666667,0.75,0.716666666666667,0.7,0.633333333333333,0.616666666666667,0.583333333333333,0,0,0,0,0,0,0,0,2512,5.591845,-4.21255281496599
"513",171,171,3,9.80620800117217,25.4037460744429,27.6410775788825,29.2811486898996,31.8661037526711,34.2318437988161,39.1097370574544,41.0090549503461,45.0722646742674,1,1,1,1,1,1,1,1,0.796610169491525,0.779661016949153,0.76271186440678,0.728813559322034,0.711864406779661,0.644067796610169,0.627118644067797,0.593220338983051,0,0,0,0,0,0,0,0,2513,6.263368,-3.54284000117217
"514",172,172,1,9.76498035706776,25.3626653650343,27.6000179459812,29.2401045070872,31.8250839211111,34.1908462534203,39.0687854636542,40.9681212488373,45.0313692497279,1,1,1,1,1,1,1,1,0.783333333333333,0.766666666666667,0.75,0.716666666666667,0.7,0.633333333333333,0.616666666666667,0.583333333333333,0,0,0,0,0,0,0,0,2514,6.106779,-3.65820135706776
"515",172,172,2,9.77464090775594,25.3723259157225,27.6096784966694,29.2497650577754,31.8347444717993,34.2005068041085,39.0784460143424,40.9777817995255,45.0410298004161,1,1,1,1,1,1,1,1,0.783333333333333,0.766666666666667,0.75,0.716666666666667,0.7,0.633333333333333,0.616666666666667,0.583333333333333,0,0,0,0,0,0,0,0,2515,6.023532,-3.75110890775594
"516",172,172,3,9.77977672101958,25.3774617289862,27.6148143099331,29.254900871039,31.8398802850629,34.2056426173721,39.083581827606,40.9829176127891,45.0461656136797,1,1,1,1,1,1,1,1,0.783333333333333,0.766666666666667,0.75,0.716666666666667,0.7,0.633333333333333,0.616666666666667,0.583333333333333,0,0,0,0,0,0,0,0,2516,5.438025,-4.34175172101958
"517",173,173,1,9.79601994692324,25.369382649423,27.6032464066834,29.2407754929904,31.821724010192,34.1837972826132,39.0541300610299,40.9505041102164,45.0074160709181,1,1,1,1,1,1,1,1,0.94,0.92,0.9,0.86,0.84,0.78,0.74,0.7,0,0,0,0,0,0,0,0,2517,20.454483,10.6584630530768
"518",173,173,2,8.88684006226023,24.46020276476,26.6940665220204,28.3315956083273,30.912544125529,33.2746173979502,38.1449501763668,40.0413242255534,44.0982361862551,1,1,1,1,1,1,1,1,0.8,0.766666666666667,0.75,0.733333333333333,0.7,0.65,0.633333333333333,0.583333333333333,0,0,0,0,0,0,0,0,2518,5.664815,-3.22202506226023
"519",173,173,3,9.78228881898064,25.3556515214804,27.5895152787408,29.2270443650477,31.8079928822494,34.1700661546706,39.0403989330872,40.9367729822738,44.9936849429754,1,1,1,1,1,1,1,1,0.783333333333333,0.766666666666667,0.75,0.716666666666667,0.7,0.65,0.616666666666667,0.583333333333333,0,0,0,0,0,0,0,0,2519,5.407254,-4.37503481898064
"520",174,174,1,9.80894486403668,25.3862007403645,27.6206229396314,29.258561390666,31.8401551173455,34.2028188827784,39.0743691922106,40.9712173145924,45.0291434598198,0,0,0,0,0,1,1,1,0,0,0,0,0,1,0.973684210526316,0.921052631578947,0,0,0,0,0,0,0,0,2520,39.579125,29.7701801359633
"521",174,174,2,7.70933299608747,23.2865888724153,25.5210110716821,27.1589495227167,29.7405432493963,32.1032070148292,36.9747573242614,38.8716054466432,42.9295315918706,1,1,1,1,1,1,1,1,0.830508474576271,0.796610169491525,0.779661016949153,0.745762711864407,0.728813559322034,0.677966101694915,0.661016949152542,0.610169491525424,1,1,1,1,1,0,0,0,2521,6.349482,-1.35985099608747
"522",174,174,3,9.7510518358465,25.3283077121743,27.5627299114412,29.2006683624758,31.7822620891553,34.1449258545882,39.0164761640204,40.9133242864022,44.9712504316297,1,1,1,1,1,1,1,1,0.783333333333333,0.766666666666667,0.75,0.716666666666667,0.7,0.65,0.616666666666667,0.583333333333333,1,1,1,1,1,0,0,0,2522,6.026197,-3.7248548358465
"523",175,175,1,9.77754627541476,25.3733599013615,27.6104440487947,29.2503338352832,31.8350031081551,34.200481600581,39.0778355644961,40.976943470809,45.0397039705578,1,1,1,1,1,1,1,1,0.783333333333333,0.766666666666667,0.75,0.716666666666667,0.7,0.633333333333333,0.616666666666667,0.583333333333333,0,0,0,0,0,0,0,0,2523,6.053508,-3.72403827541476
"524",175,175,2,9.77586097423148,25.3716746001782,27.6087587476114,29.2486485340999,31.8333178069718,34.1987962993977,39.0761502633129,40.9752581696257,45.0380186693745,1,1,1,1,1,1,1,1,0.783333333333333,0.766666666666667,0.75,0.716666666666667,0.7,0.633333333333333,0.616666666666667,0.583333333333333,0,0,0,0,0,0,0,0,2524,5.498743,-4.27711797423148
"525",175,175,3,9.8100942908782,25.405907916825,27.6429920642582,29.2828818507466,31.8675511236185,34.2330296160444,39.1103835799596,41.0094914862725,45.0722519860212,1,1,1,1,1,1,1,1,0.783333333333333,0.766666666666667,0.75,0.716666666666667,0.7,0.633333333333333,0.616666666666667,0.583333333333333,0,0,0,0,0,0,0,0,2525,5.30841,-4.5016842908782
"526",176,176,1,9.81719067085136,25.414234669553,27.6514953032825,29.2915144626759,31.8763876432586,34.2420527511673,39.1197914954842,41.0190492247356,45.0821302406144,1,1,1,1,1,1,1,1,0.783333333333333,0.766666666666667,0.75,0.716666666666667,0.7,0.633333333333333,0.616666666666667,0.583333333333333,0,0,0,0,0,0,0,0,2526,5.972829,-3.84436167085136
"527",176,176,2,9.77640888409531,25.3734528827969,27.6107135165264,29.2507326759199,31.8356058565025,34.2012709644112,39.0790097087281,40.9782674379796,45.0413484538584,1,1,1,1,1,1,1,1,0.783333333333333,0.766666666666667,0.75,0.716666666666667,0.7,0.633333333333333,0.616666666666667,0.583333333333333,0,0,0,0,0,0,0,0,2527,5.81303,-3.96337888409531
"528",176,176,3,9.78621728623587,25.3832612849375,27.620521918667,29.2605410780604,31.8454142586431,34.2110793665518,39.0888181108687,40.9880758401201,45.0511568559989,1,1,1,1,1,1,1,1,0.783333333333333,0.766666666666667,0.75,0.716666666666667,0.7,0.633333333333333,0.616666666666667,0.583333333333333,0,0,0,0,0,0,0,0,2528,5.596583,-4.18963428623587
"529",177,177,1,9.79818768873752,25.3959784367543,27.6333461851939,29.2734438647983,31.8584408029517,34.2242191732709,39.1021914521003,41.0015401132879,45.0648156598076,1,1,1,1,1,1,1,1,0.783333333333333,0.766666666666667,0.75,0.716666666666667,0.7,0.633333333333333,0.616666666666667,0.583333333333333,0,0,0,0,0,0,0,0,2529,5.684628,-4.11355968873752
"530",177,177,2,9.79278442174054,25.3905751697573,27.6279429181969,29.2680405978013,31.8530375359547,34.2188159062739,39.0967881851033,40.9961368462909,45.0594123928107,1,1,1,1,1,1,1,1,0.783333333333333,0.766666666666667,0.75,0.716666666666667,0.7,0.633333333333333,0.616666666666667,0.583333333333333,0,0,0,0,0,0,0,0,2530,5.833796,-3.95898842174054
"531",177,177,3,9.78363007417503,25.3814208221918,27.6187885706314,29.2588862502358,31.8438831883892,34.2096615587084,39.0876338375378,40.9869824987254,45.0502580452452,1,1,1,1,1,1,1,1,0.783333333333333,0.766666666666667,0.75,0.716666666666667,0.7,0.633333333333333,0.616666666666667,0.583333333333333,0,0,0,0,0,0,0,0,2531,5.533769,-4.24986107417503
"532",178,178,1,9.79870487755494,25.39731295425,27.6347979413969,29.2749815625869,31.8601139553163,34.2260162930959,39.1042441790623,41.0036923666607,45.0671808299765,0,0,0,0,0,1,1,1,0,0,0,0,0,1,0.973684210526316,0.921052631578947,0,0,0,0,0,0,0,0,2532,39.530173,29.7314681224451
"533",178,178,2,7.72666073762549,23.3252688143205,25.5627538014675,27.2029374226574,29.7880698153868,32.1539721531665,37.0322000391328,38.9316482267312,42.9951366900471,1,1,1,1,1,1,1,1,0.816666666666667,0.783333333333333,0.766666666666667,0.733333333333333,0.716666666666667,0.666666666666667,0.65,0.6,1,1,1,1,1,0,0,0,2533,6.120719,-1.60594173762549
"534",178,178,3,9.76293090840422,25.3615389850993,27.5990239722462,29.2392075934362,31.8243399861655,34.1902423239452,39.0684702099115,40.96791839751,45.0314068608258,1,1,1,1,1,1,1,1,0.783333333333333,0.766666666666667,0.75,0.716666666666667,0.7,0.633333333333333,0.616666666666667,0.583333333333333,1,1,1,1,1,0,0,0,2534,5.518835,-4.24409590840422
"535",179,179,1,9.79964000995111,25.3991007111947,27.6367079999354,29.276981274049,31.8622549708825,34.2282866295864,39.1067811609373,41.0063331729376,45.0700437477392,1,1,1,1,1,1,1,1,0.783333333333333,0.766666666666667,0.75,0.716666666666667,0.7,0.633333333333333,0.616666666666667,0.583333333333333,0,0,0,0,0,0,0,0,2535,5.763546,-4.03609400995111
"536",179,179,2,9.78462362649545,25.3840843277391,27.6216916164797,29.2619648905934,31.8472385874268,34.2132702461307,39.0917647774816,40.9913167894819,45.0550273642836,1,1,1,1,1,1,1,1,0.783333333333333,0.766666666666667,0.75,0.716666666666667,0.7,0.633333333333333,0.616666666666667,0.583333333333333,0,0,0,0,0,0,0,0,2536,5.593084,-4.19153962649545
"537",179,179,3,9.79508381323253,25.3945445144762,27.6321518032168,29.2724250773305,31.8576987741639,34.2237304328678,39.1022249642187,41.001776976219,45.0654875510207,1,1,1,1,1,1,1,1,0.783333333333333,0.766666666666667,0.75,0.716666666666667,0.7,0.633333333333333,0.616666666666667,0.583333333333333,0,0,0,0,0,0,0,0,2537,5.619449,-4.17563481323253
"538",180,180,1,9.79241023717407,25.3926683804637,27.6303900553468,29.2707471799795,31.856153035609,34.2223056454895,39.101049564735,41.0006986815437,45.0646169926087,1,1,1,1,1,1,1,1,0.783333333333333,0.766666666666667,0.75,0.716666666666667,0.7,0.633333333333333,0.616666666666667,0.583333333333333,0,0,0,0,0,0,0,0,2538,5.845994,-3.94641623717407
"539",180,180,2,9.77856844965195,25.3788265929416,27.6165482678247,29.2569053924573,31.8423112480869,34.2084638579674,39.0872077772129,40.9868568940216,45.0507752050866,1,1,1,1,1,1,1,1,0.783333333333333,0.766666666666667,0.75,0.716666666666667,0.7,0.633333333333333,0.616666666666667,0.583333333333333,0,0,0,0,0,0,0,0,2539,5.707956,-4.07061244965196
"540",180,180,3,9.78700250322179,25.3872606465114,27.6249823213946,29.2653394460272,31.8507453016567,34.2168979115372,39.0956418307827,40.9952909475914,45.0592092586564,1,1,1,1,1,1,1,1,0.810344827586207,0.793103448275862,0.775862068965517,0.741379310344828,0.724137931034483,0.655172413793103,0.637931034482759,0.603448275862069,0,0,0,0,0,0,0,0,2540,8.660341,-1.12666150322178
"541",181,181,1,9.60545046509382,25.2060569258543,27.4438285638565,29.0842223138475,31.6696858955749,34.0358913361384,38.9147441863854,40.8144357179394,44.8784447668457,1,1,1,1,1,1,1,1,0.783333333333333,0.766666666666667,0.75,0.716666666666667,0.7,0.65,0.616666666666667,0.583333333333333,0,0,0,0,0,0,0,0,2541,5.769675,-3.83577546509381
"542",181,181,2,9.78148156639307,25.3820880271536,27.6198596651557,29.2602534151467,31.8457169968742,34.2119224374377,39.0907752876846,40.9904668192387,45.0544758681449,1,1,1,1,1,1,1,1,0.796610169491525,0.779661016949153,0.76271186440678,0.728813559322034,0.711864406779661,0.644067796610169,0.627118644067797,0.593220338983051,0,0,0,0,0,0,0,0,2542,6.709121,-3.07236056639307
"543",181,181,3,9.72427270380183,25.3248791645623,27.5626508025645,29.2030445525555,31.7885081342829,34.1547135748464,39.0335664250934,40.9332579566474,44.9972670055537,1,1,1,1,1,1,1,1,0.783333333333333,0.766666666666667,0.75,0.716666666666667,0.7,0.65,0.616666666666667,0.583333333333333,0,0,0,0,0,0,0,0,2543,6.183458,-3.54081470380183
"544",182,182,1,9.74195148915855,25.3198604857084,27.5543763694043,29.1923834956108,31.7740854628612,34.1368482896111,39.0086028524783,40.9055305055474,44.9636267907306,0,0,0,0,0,1,1,1,0,0,0,0,0,0.951219512195122,0.902439024390244,0.853658536585366,0,0,0,0,0,0,0,0,2544,35.107066,25.3651145108414
"545",182,182,2,7.95958334737976,23.5374923439296,25.7720082276255,27.410015353832,29.9917173210824,32.3544801478323,37.2262347106995,39.1231623637686,43.1812586489518,1,1,1,1,1,1,1,1,0.813559322033898,0.796610169491525,0.779661016949153,0.745762711864407,0.728813559322034,0.677966101694915,0.644067796610169,0.610169491525424,1,1,1,1,1,0,0,0,2545,7.238786,-0.720797347379759
"546",182,182,3,9.67691869635044,25.2548276929003,27.4893435765962,29.1273507028027,31.7090526700531,34.071815496803,38.9435700596701,40.8404977127393,44.8985939979224,1,1,1,1,1,1,1,1,0.796610169491525,0.779661016949153,0.76271186440678,0.728813559322034,0.711864406779661,0.661016949152542,0.627118644067797,0.593220338983051,1,1,1,1,1,0,0,0,2546,6.412245,-3.26467369635044
"547",183,183,1,9.73166395947827,25.3244428166542,27.5610916528385,29.2006623353397,31.7848286608323,34.1498468579232,39.0262517439737,40.9249901053879,44.9869600379381,1,1,1,1,1,1,1,1,0.796610169491525,0.779661016949153,0.76271186440678,0.728813559322034,0.711864406779661,0.661016949152542,0.627118644067797,0.593220338983051,0,0,0,0,0,0,0,0,2547,6.690109,-3.04155495947827
"548",183,183,2,9.71454733048817,25.3073261876641,27.5439750238484,29.1835457063496,31.7677120318422,34.1327302289331,39.0091351149836,40.9078734763978,44.969843408948,1,1,1,1,1,1,1,1,0.796610169491525,0.779661016949153,0.76271186440678,0.728813559322034,0.711864406779661,0.661016949152542,0.627118644067797,0.593220338983051,0,0,0,0,0,0,0,0,2548,7.17164,-2.54290733048817
"549",183,183,3,9.68488466287297,25.2776635200489,27.5143123562332,29.1538830387344,31.738049364227,34.1030675613179,38.9794724473684,40.8782108087826,44.9401807413328,1,1,1,1,1,1,1,1,0.824561403508772,0.807017543859649,0.789473684210526,0.754385964912281,0.736842105263158,0.684210526315789,0.649122807017544,0.614035087719298,0,0,0,0,0,0,0,0,2549,9.393417,-0.291467662872975
"550",184,184,1,9.55048759859289,25.1425139028778,27.3790547918794,29.0185463439275,31.6025879500318,33.9674920044611,38.8436615410189,40.7423082637934,44.8040821538521,1,1,1,1,1,1,1,1,0.796610169491525,0.779661016949153,0.76271186440678,0.728813559322034,0.711864406779661,0.661016949152542,0.627118644067797,0.593220338983051,0,0,0,0,0,0,0,0,2550,6.284153,-3.26633459859289
"551",184,184,2,9.74196288158607,25.333989185871,27.5705300748726,29.2100216269207,31.794063233025,34.1589672874543,39.035136824012,40.9337835467866,44.9955574368453,1,1,1,1,1,1,1,1,0.796610169491525,0.779661016949153,0.76271186440678,0.728813559322034,0.711864406779661,0.661016949152542,0.627118644067797,0.593220338983051,0,0,0,0,0,0,0,0,2551,6.569604,-3.17235888158607
"552",184,184,3,9.7243841841819,25.3164104884669,27.5529513774684,29.1924429295165,31.7764845356208,34.1413885900501,39.0175581266079,40.9162048493824,44.9779787394411,1,1,1,1,1,1,1,1,0.783333333333333,0.766666666666667,0.75,0.716666666666667,0.7,0.65,0.616666666666667,0.583333333333333,0,0,0,0,0,0,0,0,2552,6.139506,-3.5848781841819
"553",185,185,1,9.75057960339068,25.3426657196084,27.5792151881127,29.2187130293471,31.8027645479875,34.1676776743283,39.04386591616,40.9425199222554,45.0043093935183,1,1,1,1,1,1,1,1,0.783333333333333,0.766666666666667,0.75,0.716666666666667,0.7,0.65,0.616666666666667,0.583333333333333,0,0,0,0,0,0,0,0,2553,6.19055,-3.56002960339068
"554",185,185,2,9.747436309212,25.3395224254297,27.576071893934,29.2155697351684,31.7996212538088,34.1645343801496,39.0407226219813,40.9393766280767,45.0011660993397,1,1,1,1,1,1,1,1,0.796610169491525,0.779661016949153,0.76271186440678,0.728813559322034,0.711864406779661,0.661016949152542,0.627118644067797,0.593220338983051,0,0,0,0,0,0,0,0,2554,6.695621,-3.051815309212
"555",185,185,3,9.7163339909352,25.3084201071529,27.5449695756572,29.1844674168916,31.768518935532,34.1334320618728,39.0096203037045,40.9082743097999,44.9700637810629,1,1,1,1,1,1,1,1,0.796610169491525,0.779661016949153,0.76271186440678,0.728813559322034,0.711864406779661,0.661016949152542,0.627118644067797,0.593220338983051,0,0,0,0,0,0,0,0,2555,6.513346,-3.2029879909352
"556",186,186,1,9.7278393682473,25.3197437052292,27.5562670990794,29.1957458263439,31.779767219002,34.14465277417,39.0207841673051,40.9194160380767,44.9811581552538,0,0,0,0,0,0,1,1,0,0,0,0,0,0,0.973684210526316,0.921052631578947,0,0,0,0,0,0,0,0,2556,39.914561,30.1867216317527
"557",186,186,2,7.67091256869972,23.2628169056816,25.4993402995318,27.1388190267963,29.7228404194544,32.0877259746224,36.9638573677576,38.8624892385292,42.9242313557062,0,1,1,1,1,1,1,1,0,0.979166666666667,0.958333333333333,0.916666666666667,0.895833333333333,0.833333333333333,0.8125,0.75,1,1,1,1,1,1,0,0,2557,23.601721,15.9308084313003
"558",186,186,3,8.67549631730682,24.2674006542887,26.5039240481389,28.1434027754034,30.7274241680615,33.0923097232295,37.9684411163647,39.8670729871363,43.9288151043133,1,1,1,1,1,1,1,1,0.888888888888889,0.87037037037037,0.833333333333333,0.814814814814815,0.777777777777778,0.722222222222222,0.703703703703704,0.648148148148148,1,1,1,1,1,1,0,0,2558,14.95167,6.27617368269318
"559",187,187,1,9.24064535659133,24.8426523711922,27.0806249064908,28.7211659238186,31.3068616170962,33.6732794851781,38.552570337378,40.4524324148833,44.5168063126495,1,1,1,1,1,1,1,1,0.8,0.766666666666667,0.75,0.716666666666667,0.7,0.65,0.633333333333333,0.583333333333333,1,0,0,0,0,0,0,0,2559,6.167214,-3.07343135659133
"560",187,187,2,9.75087169942048,25.3528787140213,27.59085124932,29.2313922666478,31.8170879599253,34.1835058280073,39.0627966802071,40.9626587577125,45.0270326554786,1,1,1,1,1,1,1,1,0.796610169491525,0.779661016949153,0.76271186440678,0.728813559322034,0.711864406779661,0.644067796610169,0.627118644067797,0.593220338983051,0,0,0,0,0,0,0,0,2560,6.654101,-3.09677069942048
"561",187,187,3,9.72259190914308,25.3245989237439,27.5625714590426,29.2031124763704,31.7888081696479,34.1552260377299,39.0345168899297,40.9343789674351,44.9987528652012,1,1,1,1,1,1,1,1,0.783333333333333,0.766666666666667,0.75,0.716666666666667,0.7,0.65,0.616666666666667,0.583333333333333,0,0,0,0,0,0,0,0,2561,6.149447,-3.57314490914308
"562",188,188,1,9.75455092277186,25.3560458558782,27.5939449375295,29.2344321098171,31.8200429366468,34.1863831353111,39.065513841797,40.9653135629523,45.0295540618129,1,1,1,1,1,1,1,1,0.783333333333333,0.766666666666667,0.75,0.716666666666667,0.7,0.633333333333333,0.616666666666667,0.583333333333333,0,0,0,0,0,0,0,0,2562,6.073563,-3.68098792277186
"563",188,188,2,9.75896086945193,25.3604558025583,27.5983548842096,29.2388420564971,31.8244528833268,34.1907930819912,39.0699237884771,40.9697235096323,45.033964008493,1,1,1,1,1,1,1,1,0.796610169491525,0.779661016949153,0.76271186440678,0.728813559322034,0.711864406779661,0.644067796610169,0.627118644067797,0.593220338983051,0,0,0,0,0,0,0,0,2563,6.522631,-3.23632986945193
"564",188,188,3,9.73286359023991,25.3343585233462,27.5722576049976,29.2127447772851,31.7983556041148,34.1646958027792,39.0438265092651,40.9436262304203,45.0078667292809,1,1,1,1,1,1,1,1,0.796610169491525,0.779661016949153,0.76271186440678,0.728813559322034,0.711864406779661,0.661016949152542,0.627118644067797,0.593220338983051,0,0,0,0,0,0,0,0,2564,6.418702,-3.31416159023991
"565",189,189,1,9.74007284458718,25.3411536743709,27.5789933564936,29.2194369860827,31.8049791842304,34.1712565742125,39.0502577761704,40.9500070718132,45.0141396954028,1,1,1,1,1,1,1,1,0.796610169491525,0.779661016949153,0.76271186440678,0.728813559322034,0.711864406779661,0.661016949152542,0.627118644067797,0.593220338983051,0,0,0,0,0,0,0,0,2565,6.340261,-3.39981184458718
"566",189,189,2,9.7446808049012,25.3457616346849,27.5836013168076,29.2240449463967,31.8095871445444,34.1758645345265,39.0548657364844,40.9546150321272,45.0187476557168,1,1,1,1,1,1,1,1,0.796610169491525,0.779661016949153,0.76271186440678,0.728813559322034,0.711864406779661,0.661016949152542,0.627118644067797,0.593220338983051,0,0,0,0,0,0,0,0,2566,6.585926,-3.1587548049012
"567",189,189,3,9.73024939058287,25.3313302203666,27.5691699024893,29.2096135320784,31.7951557302261,34.1614331202081,39.0404343221661,40.9401836178089,45.0043162413985,1,1,1,1,1,1,1,1,0.796610169491525,0.779661016949153,0.76271186440678,0.728813559322034,0.711864406779661,0.661016949152542,0.627118644067797,0.593220338983051,0,0,0,0,0,0,0,0,2567,6.440296,-3.28995339058287
"568",190,190,1,9.73829298231999,25.3390511511066,27.5768445503088,29.2172542523013,31.8027429763575,34.168971427075,39.0478717217042,40.9475817267998,45.0116302961435,1,1,1,1,1,1,1,1,0.87037037037037,0.851851851851852,0.833333333333333,0.796296296296296,0.777777777777778,0.722222222222222,0.685185185185185,0.648148148148148,0,0,0,0,0,0,0,0,2568,15.38264,5.64434701768001
"569",190,190,2,9.21486069694491,24.8156188657315,27.0534122649337,28.6938219669262,31.2793106909825,33.6455391416999,38.5244394363291,40.4241494414247,44.4881980107684,1,1,1,1,1,1,1,1,0.857142857142857,0.821428571428571,0.803571428571429,0.767857142857143,0.75,0.696428571428571,0.678571428571429,0.625,0,0,0,0,0,0,0,0,2569,12.242328,3.02746730305509
"570",190,190,3,9.3986761134566,24.9994342822432,27.2372276814454,28.8776373834379,31.4631261074941,33.8293545582116,38.7082548528408,40.6079648579364,44.6720134272801,1,1,1,1,1,1,1,1,0.8,0.766666666666667,0.75,0.716666666666667,0.7,0.65,0.633333333333333,0.583333333333333,0,0,0,0,0,0,0,0,2570,5.965636,-3.4330401134566
"571",191,191,1,9.75828689999057,25.3453525314225,27.5811818549446,29.2201517954281,31.8033712771468,34.1675229267819,39.0421410882089,40.9401837480431,45.0006653665857,1,1,1,1,1,1,1,1,0.783333333333333,0.766666666666667,0.75,0.716666666666667,0.7,0.65,0.616666666666667,0.583333333333333,0,0,0,0,0,0,0,0,2571,6.063928,-3.69435889999057
"572",191,191,2,9.7526080113529,25.3396736427848,27.5755029663069,29.2144729067905,31.7976923885092,34.1618440381443,39.0364621995712,40.9345048594054,44.994986477948,1,1,1,1,1,1,1,1,0.796610169491525,0.779661016949153,0.76271186440678,0.728813559322034,0.711864406779661,0.661016949152542,0.627118644067797,0.593220338983051,0,0,0,0,0,0,0,0,2572,6.728018,-3.02459001135291
"573",191,191,3,9.71423974989331,25.3013053813252,27.5371347048473,29.1761046453309,31.7593241270496,34.1234757766847,38.9980939381116,40.8961365979458,44.9566182164884,1,1,1,1,1,1,1,1,0.783333333333333,0.766666666666667,0.75,0.716666666666667,0.7,0.65,0.616666666666667,0.583333333333333,0,0,0,0,0,0,0,0,2573,5.339549,-4.37469074989331
"574",192,192,1,9.79574416368353,25.3823363761153,27.6180977917894,29.2570179525691,31.8401589753134,34.2042388196237,39.0787089264449,40.976693937875,45.0370522292184,1,1,1,1,1,1,1,1,0.796610169491525,0.779661016949153,0.76271186440678,0.728813559322034,0.711864406779661,0.644067796610169,0.627118644067797,0.593220338983051,0,0,0,0,0,0,0,0,2574,6.711272,-3.08447216368353
"575",192,192,2,9.7160937255554,25.3026859379871,27.5384473536613,29.177367514441,31.7605085371852,34.1245883814955,38.9990584883168,40.8970434997468,44.9574017910902,1,1,1,1,1,1,1,1,0.783333333333333,0.766666666666667,0.75,0.716666666666667,0.7,0.65,0.616666666666667,0.583333333333333,0,0,0,0,0,0,0,0,2575,5.44353,-4.2725637255554
"576",192,192,3,9.78970640518054,25.3762986176123,27.6120600332864,29.2509801940661,31.8341212168104,34.1982010611207,39.0726711679419,40.970656179372,45.0310144707154,1,1,1,1,1,1,1,1,0.92156862745098,0.901960784313726,0.882352941176471,0.843137254901961,0.823529411764706,0.745098039215686,0.725490196078431,0.686274509803922,0,0,0,0,0,0,0,0,2576,18.794914,9.00520759481946
"577",193,193,1,9.01958294807595,24.6087996675767,26.8449375460183,28.4841336720308,31.0677096501381,33.4321875637748,38.3074784453413,40.2057830439532,44.266825027979,1,1,1,1,1,1,1,1,0.813559322033898,0.779661016949153,0.76271186440678,0.745762711864407,0.711864406779661,0.661016949152542,0.644067796610169,0.593220338983051,0,0,0,0,0,0,0,0,2577,6.363144,-2.65643894807595
"578",193,193,2,9.74434228055566,25.3335590000564,27.569696878498,29.2088930045105,31.7924689826178,34.1569468962545,39.032237777821,40.9305423764329,44.9915843604587,1,1,1,1,1,1,1,1,0.783333333333333,0.766666666666667,0.75,0.716666666666667,0.7,0.65,0.616666666666667,0.583333333333333,0,0,0,0,0,0,0,0,2578,5.437716,-4.30662628055566
"579",193,193,3,9.79829377576013,25.3875104952609,27.6236483737025,29.262844499715,31.8464204778223,34.210898391459,39.0861892730255,40.9844938716374,45.0455358556632,1,1,1,1,1,1,1,1,0.796610169491525,0.779661016949153,0.76271186440678,0.728813559322034,0.711864406779661,0.644067796610169,0.627118644067797,0.593220338983051,0,0,0,0,0,0,0,0,2579,6.366137,-3.43215677576013
"580",194,194,1,9.74755734100581,25.3363601922748,27.5724387049095,29.2115913129432,31.7950987013298,34.1595138419413,39.034675292501,40.9329294942275,44.9938636642242,1,1,1,1,1,1,1,1,0.796610169491525,0.779661016949153,0.76271186440678,0.728813559322034,0.711864406779661,0.661016949152542,0.627118644067797,0.593220338983051,0,0,0,0,0,0,0,0,2580,6.749187,-2.99837034100581
"581",194,194,2,9.72508483923273,25.3138876905017,27.5499662031364,29.1891188111702,31.7726261995567,34.1370413401682,39.0122027907279,40.9104569924544,44.9713911624511,0,0,0,0,0,0,1,1,0,0,0,0,0,0,0.973684210526316,0.921052631578947,0,0,0,0,0,0,0,0,2581,40.525134,30.8000491607673
"582",194,194,3,7.74354188440969,23.3323447356787,25.5684232483134,27.2075758563471,29.7910832447336,32.1554983853452,37.0306598359048,38.9289140376314,42.9898482076281,1,1,1,1,1,1,1,1,0.816666666666667,0.783333333333333,0.766666666666667,0.733333333333333,0.716666666666667,0.666666666666667,0.65,0.6,1,1,1,1,1,1,0,0,2582,5.773935,-1.96960688440969
"583",195,195,1,9.78512099010496,25.3797614744211,27.6166773448661,29.2564437762656,31.8409186262495,34.2062191836627,39.0832062653414,40.9821713177706,45.0446262102845,1,1,1,1,1,1,1,1,0.796610169491525,0.779661016949153,0.76271186440678,0.728813559322034,0.711864406779661,0.644067796610169,0.627118644067797,0.593220338983051,1,1,1,1,1,1,0,0,2583,6.380502,-3.40461899010496
"584",195,195,2,9.74944975478542,25.3440902391016,27.5810061095466,29.2207725409461,31.80524739093,34.1705479483432,39.0475350300219,40.9465000824511,45.008954974965,1,1,1,1,1,1,1,1,0.783333333333333,0.766666666666667,0.75,0.716666666666667,0.7,0.65,0.616666666666667,0.583333333333333,0,0,0,0,0,0,0,0,2584,5.446735,-4.30271475478542
"585",195,195,3,9.80436309888528,25.3990035832014,27.6359194536465,29.2756858850459,31.8601607350298,34.225461292443,39.1024483741217,41.0014134265509,45.0638683190648,0,1,1,1,1,1,1,1,0,1,0.978260869565217,0.934782608695652,0.91304347826087,0.826086956521739,0.804347826086957,0.760869565217391,0,0,0,0,0,0,0,0,2585,27.365472,17.5611089011147
"586",196,196,1,8.52027737054006,24.1276388347287,26.3663794193628,28.0074834536259,30.5940665312782,32.961296529823,37.8422619048498,39.7427759956319,43.8085447450426,1,1,1,1,1,1,1,1,0.813559322033898,0.796610169491525,0.779661016949153,0.745762711864407,0.711864406779661,0.661016949152542,0.644067796610169,0.593220338983051,1,0,0,0,0,0,0,0,2586,6.763638,-1.75663937054006
"587",196,196,2,9.73568315322668,25.3430446174153,27.5817852020494,29.2228892363125,31.8094723139648,34.1767023125096,39.0576676875364,40.9581817783186,45.0239505277292,1,1,1,1,1,1,1,1,0.783333333333333,0.766666666666667,0.75,0.716666666666667,0.7,0.65,0.616666666666667,0.583333333333333,1,0,0,0,0,0,0,0,2587,5.27938,-4.45630315322668
"588",196,196,3,9.82324699614469,25.4306084603333,27.6693490449674,29.3104530792305,31.8970361568828,34.2642661554276,39.1452315304544,41.0457456212366,45.1115143706472,1,1,1,1,1,1,1,1,0.796610169491525,0.779661016949153,0.76271186440678,0.728813559322034,0.711864406779661,0.644067796610169,0.627118644067797,0.593220338983051,0,0,0,0,0,0,0,0,2588,7.543634,-2.27961299614469
"589",197,197,1,9.69290168837991,25.299654782443,27.5383081016611,29.1793481661963,31.7658304196397,34.1329681442909,39.0137432607962,40.9141832701265,44.979793537128,1,1,1,1,1,1,1,1,0.796610169491525,0.779661016949153,0.76271186440678,0.728813559322034,0.711864406779661,0.661016949152542,0.627118644067797,0.593220338983051,0,0,0,0,0,0,0,0,2589,6.593724,-3.09917768837991
"590",197,197,2,9.74925054887598,25.3560036429391,27.5946569621572,29.2356970266923,31.8221792801358,34.189317004787,39.0700921212922,40.9705321306226,45.0361423976241,1,1,1,1,1,1,1,1,0.783333333333333,0.766666666666667,0.75,0.716666666666667,0.7,0.633333333333333,0.616666666666667,0.583333333333333,0,0,0,0,0,0,0,0,2590,5.237342,-4.51190854887598
"591",197,197,3,9.829711413692,25.4364645077551,27.6751178269732,29.3161578915084,31.9026401449518,34.269777869603,39.1505529861082,41.0509929954386,45.1166032624401,1,1,1,1,1,1,1,1,0.796610169491525,0.779661016949153,0.76271186440678,0.728813559322034,0.711864406779661,0.644067796610169,0.627118644067797,0.593220338983051,0,0,0,0,0,0,0,0,2591,6.301275,-3.528436413692
"592",198,198,1,9.76634291548951,25.3732542000008,27.6119302102662,29.2529869084253,31.839495378519,34.2066570965387,39.0874816847052,40.987940956944,45.0535924330751,1,1,1,1,1,1,1,1,0.796610169491525,0.779661016949153,0.76271186440678,0.728813559322034,0.711864406779661,0.644067796610169,0.627118644067797,0.593220338983051,0,0,0,0,0,0,0,0,2592,6.718899,-3.04744391548951
"593",198,198,2,9.74157022741001,25.3484815119213,27.5871575221867,29.2282142203458,31.8147226904395,34.1818844084592,39.0627089966257,40.9631682688645,45.0288197449956,1,1,1,1,1,1,1,1,1,0.978723404255319,0.957446808510638,0.914893617021277,0.893617021276596,0.808510638297872,0.787234042553192,0.74468085106383,0,0,0,0,0,0,0,0,2593,25.506414,15.76484377259
"594",198,198,3,8.62712936940399,24.2340406539153,26.4727166641807,28.1137733623398,30.7002818324335,33.0674435504532,37.9482681386197,39.8487274108585,43.9143788869896,1,1,1,1,1,1,1,1,0.979591836734694,0.959183673469388,0.938775510204082,0.897959183673469,0.857142857142857,0.795918367346939,0.775510204081633,0.714285714285714,0,0,0,0,0,0,0,0,2594,22.037871,13.410741630596
"595",199,199,1,8.86102845150969,24.4663735753894,26.7048249335009,28.3457169508755,30.9319658636702,33.298890035937,38.1792248311406,40.0794933914288,44.1447368775888,1,1,1,1,1,1,1,1,0.813559322033898,0.779661016949153,0.76271186440678,0.745762711864407,0.711864406779661,0.661016949152542,0.644067796610169,0.593220338983051,0,0,0,0,0,0,0,0,2595,6.460807,-2.40022145150969
"596",199,199,2,9.75485031589351,25.3601954397732,27.5986467978847,29.2395388152593,31.825787728054,34.1927119003208,39.0730466955244,40.9733152558126,45.0385587419726,1,1,1,1,1,1,1,1,0.783333333333333,0.766666666666667,0.75,0.716666666666667,0.7,0.633333333333333,0.616666666666667,0.583333333333333,0,0,0,0,0,0,0,0,2596,5.321685,-4.43316531589351
"597",199,199,3,9.82021386256704,25.4255589864467,27.6640103445583,29.3049023619329,31.8911512747275,34.2580754469943,39.1384102421979,41.0386788024861,45.1039222886461,1,1,1,1,1,1,1,1,0.783333333333333,0.766666666666667,0.75,0.716666666666667,0.7,0.633333333333333,0.616666666666667,0.583333333333333,0,0,0,0,0,0,0,0,2597,6.194121,-3.62609286256704
"598",200,200,1,9.77148210831349,25.3771420066052,27.6156385163751,29.2565636320769,31.8428647119319,34.2098366272738,39.0902698633965,40.9905767538795,45.0559022398042,1,1,1,1,1,1,1,1,0.796610169491525,0.779661016949153,0.76271186440678,0.728813559322034,0.711864406779661,0.644067796610169,0.627118644067797,0.593220338983051,0,0,0,0,0,0,0,0,2598,6.61498,-3.15650210831349
"599",200,200,2,9.74716437638955,25.3528242746813,27.5913207844511,29.232245900153,31.818546980008,34.1855188953499,39.0659521314725,40.9662590219556,45.0315845078803,1,1,1,1,1,1,1,1,0.783333333333333,0.766666666666667,0.75,0.716666666666667,0.7,0.633333333333333,0.616666666666667,0.583333333333333,0,0,0,0,0,0,0,0,2599,5.505119,-4.24204537638955
"600",200,200,3,9.81129346064542,25.4169533589372,27.655449868707,29.2963749844089,31.8826760642639,34.2496479796058,39.1300812157284,41.0303881062115,45.0957135921362,1,1,1,1,1,1,1,1,0.783333333333333,0.766666666666667,0.75,0.716666666666667,0.7,0.633333333333333,0.616666666666667,0.583333333333333,0,0,0,0,0,0,0,0,2600,5.911526,-3.89976746064542
"601",201,201,1,9.78733221391571,25.3932839931397,27.6318223706967,29.2727781774911,31.8591276303067,34.2261438163794,39.1066683338328,41.0070107667633,45.0724122886263,1,1,1,1,1,1,1,1,0.796610169491525,0.779661016949153,0.76271186440678,0.728813559322034,0.711864406779661,0.644067796610169,0.627118644067797,0.593220338983051,0,0,0,0,0,0,0,0,2601,6.399978,-3.38735421391571
"602",201,201,2,9.7591106492114,25.3650624284354,27.6036008059924,29.2445566127868,31.8309060656024,34.1979222516752,39.0784467691285,40.978789202059,45.044190723922,1,1,1,1,1,1,1,1,0.783333333333333,0.766666666666667,0.75,0.716666666666667,0.7,0.633333333333333,0.616666666666667,0.583333333333333,0,0,0,0,0,0,0,0,2602,5.521731,-4.2373796492114
"603",201,201,3,9.80985361788972,25.4158053971137,27.6543437746707,29.2952995814652,31.8816490342807,34.2486652203535,39.1291897378068,41.0295321707373,45.0949336926003,0,0,0,0,0,1,1,1,0,0,0,0,0,0.926829268292683,0.902439024390244,0.853658536585366,0,0,0,0,0,0,0,0,2603,35.213349,25.4034953821103
"604",202,202,1,8.09235036676236,23.7261265370223,25.9686560820549,27.6125376056968,30.2034983503803,32.5747347714558,37.4639609448258,39.3676915639883,43.4403414307945,1,1,1,1,1,1,1,1,0.813559322033898,0.796610169491525,0.779661016949153,0.745762711864407,0.728813559322034,0.677966101694915,0.644067796610169,0.610169491525424,1,1,1,1,1,0,0,0,2604,7.149786,-0.942564366762357
"605",202,202,2,9.7216841806388,25.3554603508988,27.5979898959314,29.2418714195733,31.8328321642567,34.2040685853323,39.0932947587023,40.9970253778648,45.069675244671,0,0,0,0,0,0,0,1,0,0,0,0,0,0,0,0.972222222222222,1,1,1,1,1,0,0,0,2605,42.967,33.2453158193612
"606",202,202,3,7.64218351676912,23.2759596870291,25.5184892320617,27.1623707557036,29.753331500387,32.1245679214626,37.0137940948326,38.9175247139951,42.9901745808013,1,1,1,1,1,1,1,1,0.816666666666667,0.783333333333333,0.766666666666667,0.733333333333333,0.716666666666667,0.666666666666667,0.65,0.6,1,1,1,1,1,1,1,0,2606,5.636976,-2.00520751676912
"607",203,203,1,9.82503786738345,25.4690227825721,27.7130166834885,29.3579716501032,31.9506242737719,34.3234090954081,39.2158278987838,41.120801640535,45.1961109188117,1,1,1,1,1,1,1,1,0.796610169491525,0.779661016949153,0.76271186440678,0.728813559322034,0.711864406779661,0.644067796610169,0.627118644067797,0.593220338983051,1,1,1,1,1,1,1,0,2607,6.509247,-3.31579086738344
"608",203,203,2,9.7738725125231,25.4178574277118,27.6618513286281,29.3068062952428,31.8994589189115,34.2722437405478,39.1646625439235,41.0696362856747,45.1449455639513,1,1,1,1,1,1,1,1,0.783333333333333,0.766666666666667,0.75,0.716666666666667,0.7,0.633333333333333,0.616666666666667,0.583333333333333,0,0,0,0,0,0,0,0,2608,5.716006,-4.0578665125231
"609",203,203,3,9.82040215440593,25.4643870695946,27.708380970511,29.3533359371256,31.9459885607944,34.3187733824306,39.2111921858063,41.1161659275575,45.1914752058342,1,1,1,1,1,1,1,1,0.796610169491525,0.779661016949153,0.76271186440678,0.728813559322034,0.711864406779661,0.644067796610169,0.627118644067797,0.593220338983051,0,0,0,0,0,0,0,0,2609,6.61864,-3.20176215440593
"610",204,204,1,9.76590186414704,25.4097872138425,27.6537668329528,29.2987113303198,31.8913474531584,34.2641171733041,39.1565048390832,41.061466456708,45.1367497978478,1,1,1,1,1,1,1,1,0.796610169491525,0.779661016949153,0.76271186440678,0.728813559322034,0.711864406779661,0.644067796610169,0.627118644067797,0.593220338983051,0,0,0,0,0,0,0,0,2610,6.819268,-2.94663386414704
"611",204,204,2,9.75412969069686,25.3980150403924,27.6419946595026,29.2869391568696,31.8795752797082,34.2523449998539,39.144732665633,41.0496942832578,45.1249776243976,1,1,1,1,1,1,1,1,0.796610169491525,0.779661016949153,0.76271186440678,0.728813559322034,0.711864406779661,0.644067796610169,0.627118644067797,0.593220338983051,0,0,0,0,0,0,0,0,2611,6.35218,-3.40194969069686
"612",204,204,3,9.78153683701989,25.4254221867154,27.6694018058256,29.3143463031926,31.9069824260313,34.2797521461769,39.172139811956,41.0771014295809,45.1523847707206,1,1,1,1,1,1,1,1,0.94,0.92,0.9,0.86,0.84,0.76,0.74,0.7,0,0,0,0,0,0,0,0,2612,20.605284,10.8237471629801
"613",205,205,1,8.94740304619922,24.5958634491425,26.8404993199457,28.4859248812234,31.0793192203267,33.4527828568219,38.346601301054,40.2521200245794,44.3285951820658,1,1,1,1,1,1,1,1,0.813559322033898,0.779661016949153,0.76271186440678,0.745762711864407,0.711864406779661,0.661016949152542,0.644067796610169,0.593220338983051,0,0,0,0,0,0,0,0,2613,6.994349,-1.95305404619922
"614",205,205,2,9.75274821672081,25.4012086196641,27.6458444904673,29.291270051745,31.8846643908483,34.2581280273435,39.1519464715756,41.057465195101,45.1339403525874,1,1,1,1,1,1,1,1,0.783333333333333,0.766666666666667,0.75,0.716666666666667,0.7,0.633333333333333,0.616666666666667,0.583333333333333,0,0,0,0,0,0,0,0,2614,6.212203,-3.54054521672081
"615",205,205,3,9.79902699946004,25.4474874024034,27.6921232732065,29.3375488344842,31.9309431735875,34.3044068100827,39.1982252543148,41.1037439778402,45.1802191353267,1,1,1,1,1,1,1,1,0.796610169491525,0.779661016949153,0.76271186440678,0.728813559322034,0.711864406779661,0.644067796610169,0.627118644067797,0.593220338983051,0,0,0,0,0,0,0,0,2615,6.531403,-3.26762399946004
"616",206,206,1,9.78039037521236,25.4287197937649,27.6733368759936,29.3187486643468,31.9121212956162,34.2855650651929,39.1793425460451,41.0848453195535,45.1612863551774,1,1,1,1,1,1,1,1,0.796610169491525,0.779661016949153,0.76271186440678,0.728813559322034,0.711864406779661,0.644067796610169,0.627118644067797,0.593220338983051,0,0,0,0,0,0,0,0,2616,6.625504,-3.15488637521236
"617",206,206,2,9.77483715369895,25.4231665722514,27.6677836544802,29.3131954428334,31.9065680741028,34.2800118436795,39.1737893245317,41.0792920980401,45.155733133664,0,1,1,1,1,1,1,1,0,1,0.978260869565217,0.934782608695652,0.91304347826087,0.826086956521739,0.804347826086957,0.760869565217391,0,0,0,0,0,0,0,0,2617,27.236052,17.4612148463011
"618",206,206,3,8.55853829867281,24.2068677172253,26.4514847994541,28.0968965878072,30.6902692190767,33.0637129886533,37.9574904695056,39.862993243014,43.9394342786379,1,1,1,1,1,1,1,1,0.813559322033898,0.796610169491525,0.779661016949153,0.745762711864407,0.711864406779661,0.661016949152542,0.644067796610169,0.593220338983051,1,0,0,0,0,0,0,0,2618,6.431488,-2.12705029867281
"619",207,207,1,9.7790140098953,25.4068786886684,27.6485602815383,29.291820215647,31.8818012582919,34.2521410601652,39.1395185043104,41.0425292790011,45.1136391829247,1,1,1,1,1,1,1,1,0.796610169491525,0.779661016949153,0.76271186440678,0.728813559322034,0.711864406779661,0.644067796610169,0.627118644067797,0.593220338983051,1,0,0,0,0,0,0,0,2619,6.645938,-3.1330760098953
"620",207,207,2,9.7664416091509,25.394306287924,27.6359878807939,29.2792478149026,31.8692288575475,34.2395686594208,39.126946103566,41.0299568782567,45.1010667821803,1,1,1,1,1,1,1,1,0.783333333333333,0.766666666666667,0.75,0.716666666666667,0.7,0.633333333333333,0.616666666666667,0.583333333333333,0,0,0,0,0,0,0,0,2620,5.936976,-3.8294656091509
"621",207,207,3,9.80800539733719,25.4358700761103,27.6775516689802,29.3208116030889,31.9107926457337,34.2811324476071,39.1685098917522,41.071520666443,45.1426305703666,1,1,1,1,1,1,1,1,0.796610169491525,0.779661016949153,0.76271186440678,0.728813559322034,0.711864406779661,0.644067796610169,0.627118644067797,0.593220338983051,0,0,0,0,0,0,0,0,2621,6.406142,-3.40186339733719
"622",208,208,1,9.78014144077961,25.4082027469849,27.649912544354,29.2931931537108,31.8832067831059,34.2535764082365,39.1410153446262,41.044050062711,45.1152111887243,1,1,1,1,1,1,1,1,0.796610169491525,0.779661016949153,0.76271186440678,0.728813559322034,0.711864406779661,0.644067796610169,0.627118644067797,0.593220338983051,0,0,0,0,0,0,0,0,2622,6.61661,-3.16353144077961
"623",208,208,2,9.76780305960185,25.3958643658072,27.6375741631762,29.2808547725331,31.8708684019281,34.2412380270587,39.1286769634484,41.0317116815333,45.1028728075466,1,1,1,1,1,1,1,1,0.783333333333333,0.766666666666667,0.75,0.716666666666667,0.7,0.633333333333333,0.616666666666667,0.583333333333333,0,0,0,0,0,0,0,0,2623,5.660842,-4.10696105960185
"624",208,208,3,9.82383357208593,25.4518948782913,27.6936046756603,29.3368852850171,31.9268989144122,34.2972685395428,39.1847074759325,41.0877421940174,45.1589033200307,1,1,1,1,1,1,1,1,0.796610169491525,0.779661016949153,0.76271186440678,0.728813559322034,0.711864406779661,0.644067796610169,0.627118644067797,0.593220338983051,0,0,0,0,0,0,0,0,2624,6.573955,-3.24987857208593
"625",209,209,1,9.77083623814547,25.3985856023061,27.6402506542954,29.2834984631466,31.873460394885,34.2437827065368,39.1311240877873,41.0341208205757,45.1052006846653,1,1,1,1,1,1,1,1,0.796610169491525,0.779661016949153,0.76271186440678,0.728813559322034,0.711864406779661,0.644067796610169,0.627118644067797,0.593220338983051,0,0,0,0,0,0,0,0,2625,6.703861,-3.06697523814547
"626",209,209,2,9.76322016134322,25.3909695255038,27.6326345774931,29.2758823863443,31.8658443180827,34.2361666297345,39.1235080109851,41.0265047437735,45.0975846078631,1,1,1,1,1,1,1,1,0.783333333333333,0.766666666666667,0.75,0.716666666666667,0.7,0.633333333333333,0.616666666666667,0.583333333333333,0,0,0,0,0,0,0,0,2626,5.763379,-3.99984116134322
"627",209,209,3,9.81835836237421,25.4461077265348,27.6877727785241,29.3310205873753,31.9209825191137,34.2913048307655,39.1786462120161,41.0816429448045,45.1527228088941,1,1,1,1,1,1,1,1,0.796610169491525,0.779661016949153,0.76271186440678,0.728813559322034,0.711864406779661,0.644067796610169,0.627118644067797,0.593220338983051,0,0,0,0,0,0,0,0,2627,6.637982,-3.18037636237421
"628",210,210,1,9.76813687494312,25.3956530213773,27.6372846203073,29.2805079064643,31.8704311874016,34.240718126002,39.127986571949,41.0309549057299,45.1019740158383,1,1,1,1,1,1,1,1,0.796610169491525,0.779661016949153,0.76271186440678,0.728813559322034,0.711864406779661,0.644067796610169,0.627118644067797,0.593220338983051,0,0,0,0,0,0,0,0,2628,6.731809,-3.03632787494312
"629",210,210,2,9.76262398992862,25.3901401363628,27.6317717352928,29.2749950214498,31.8649183023871,34.2352052409875,39.1224736869345,41.0254420207154,45.0964611308238,0,0,0,0,0,1,1,1,0,0,0,0,0,1,0.973684210526316,0.921052631578947,0,0,0,0,0,0,0,0,2629,39.596114,29.8334900100714
"630",210,210,3,7.83165385823631,23.4591700046705,25.7008016036005,27.3440248897575,29.9339481706948,32.3042351092952,37.1915035552422,39.0944718890231,43.1654909991315,1,1,1,1,1,1,1,1,0.842105263157895,0.824561403508772,0.807017543859649,0.771929824561403,0.754385964912281,0.701754385964912,0.666666666666667,0.631578947368421,1,1,1,1,1,0,0,0,2630,10.06302,2.23136614176369
"631",211,211,1,9.56911896523784,25.1991252050694,27.4411139862919,29.0845991041704,31.6749350643077,34.0455996851835,38.9336468700403,40.8369184234013,44.9085862109906,1,1,1,1,1,1,1,1,0.796610169491525,0.779661016949153,0.76271186440678,0.728813559322034,0.711864406779661,0.661016949152542,0.627118644067797,0.593220338983051,1,1,1,1,1,0,0,0,2631,7.715498,-1.85362096523784
"632",211,211,2,9.70569135964176,25.3356975994733,27.5776863806958,29.2211714985744,31.8115074587116,34.1821720795874,39.0702192644442,40.9734908178052,45.0451586053946,1,1,1,1,1,1,1,1,0.783333333333333,0.766666666666667,0.75,0.716666666666667,0.7,0.633333333333333,0.616666666666667,0.583333333333333,0,0,0,0,0,0,0,0,2632,5.784699,-3.92099235964176
"633",211,211,3,9.81801995232063,25.4480261921522,27.6900149733747,29.3335000912532,31.9238360513905,34.2945006722663,39.1825478571231,41.0858194104841,45.1574871980734,1,1,1,1,1,1,1,1,0.796610169491525,0.779661016949153,0.76271186440678,0.728813559322034,0.711864406779661,0.644067796610169,0.627118644067797,0.593220338983051,0,0,0,0,0,0,0,0,2633,6.502131,-3.31588895232063
"634",212,212,1,9.77726567280683,25.4068538521902,27.6487826662687,29.2922238253596,31.8824905010067,34.2530917130074,39.1410081558053,41.0442288017932,45.1157876832673,1,1,1,1,1,1,1,1,0.783333333333333,0.766666666666667,0.75,0.716666666666667,0.7,0.633333333333333,0.616666666666667,0.583333333333333,0,0,0,0,0,0,0,0,2634,6.011454,-3.76581167280683
"635",212,212,2,9.80567628961495,25.4352644689983,27.6771932830768,29.3206344421677,31.9109011178149,34.2815023298155,39.1694187726134,41.0726394186013,45.1441983000755,1,1,1,1,1,1,1,1,0.783333333333333,0.766666666666667,0.75,0.716666666666667,0.7,0.633333333333333,0.616666666666667,0.583333333333333,0,0,0,0,0,0,0,0,2635,5.448438,-4.35723828961495
"636",212,212,3,9.83827539622245,25.4678635756058,27.7097923896843,29.3532335487752,31.9435002244224,34.314101436423,39.2020178792209,41.1052385252088,45.176797406683,1,1,1,1,1,1,1,1,0.796610169491525,0.779661016949153,0.76271186440678,0.728813559322034,0.711864406779661,0.644067796610169,0.627118644067797,0.593220338983051,0,0,0,0,0,0,0,0,2636,6.633658,-3.20461739622245
"637",213,213,1,9.75546820434339,25.3760510062312,27.6166880770432,29.259182326474,31.8479565552979,34.217191886217,39.1022920339067,41.0044160917965,45.0736290429556,1,1,1,1,1,1,1,1,0.783333333333333,0.766666666666667,0.75,0.716666666666667,0.7,0.633333333333333,0.616666666666667,0.583333333333333,0,0,0,0,0,0,0,0,2637,5.987412,-3.76805620434339
"638",213,213,2,9.79246427024095,25.4130470721287,27.6536841429407,29.2961783923716,31.8849526211954,34.2541879521146,39.1392880998042,41.0414121576941,45.1106251088531,1,1,1,1,1,1,1,1,0.783333333333333,0.766666666666667,0.75,0.716666666666667,0.7,0.633333333333333,0.616666666666667,0.583333333333333,0,0,0,0,0,0,0,0,2638,5.670824,-4.12164027024095
"639",213,213,3,9.8105881897861,25.4311709916739,27.6718080624859,29.3143023119168,31.9030765407406,34.2723118716598,39.1574120193494,41.0595360772393,45.1287490283983,1,1,1,1,1,1,1,1,0.783333333333333,0.766666666666667,0.75,0.716666666666667,0.7,0.633333333333333,0.616666666666667,0.583333333333333,0,0,0,0,0,0,0,0,2639,6.167874,-3.6427141897861
"640",214,214,1,9.76674175694694,25.3648177866684,27.6022264562934,29.2423541330857,31.8273983505203,34.1932199906395,39.0712814869914,40.9706648870361,45.0340147503738,1,1,1,1,1,1,1,1,0.783333333333333,0.766666666666667,0.75,0.716666666666667,0.7,0.633333333333333,0.616666666666667,0.583333333333333,0,0,0,0,0,0,0,0,2640,6.029547,-3.73719475694694
"641",214,214,2,9.77458957893218,25.3726656086537,27.6100742782786,29.250201955071,31.8352461725055,34.2010678126247,39.0791293089767,40.9785127090213,45.041862572359,0,0,0,0,0,1,1,1,0,0,0,0,0,0.926829268292683,0.902439024390244,0.853658536585366,0,0,0,0,0,0,0,0,2641,35.224359,25.4497694210678
"642",214,214,3,8.11825576508062,23.7163317948021,25.953740464427,27.5938681412194,30.178912358654,32.5447339987731,37.4227954951251,39.3221788951698,43.3855287585074,1,1,1,1,1,1,1,1,0.813559322033898,0.796610169491525,0.779661016949153,0.745762711864407,0.728813559322034,0.677966101694915,0.644067796610169,0.610169491525424,1,1,1,1,1,0,0,0,2642,6.374614,-1.74364176508062
"643",215,215,1,9.75604706221864,25.3474492527071,27.5839006179997,29.2233265448829,31.807264717605,34.1720741102361,39.0480484646782,40.9466191888884,45.0082304952602,1,1,1,1,1,1,1,1,0.783333333333333,0.766666666666667,0.75,0.716666666666667,0.7,0.65,0.616666666666667,0.583333333333333,1,1,1,1,1,0,0,0,2643,6.1004,-3.65564706221864
"644",215,215,2,9.77157520567416,25.3629773961627,27.5994287614552,29.2388546883385,31.8227928610605,34.1876022536916,39.0635766081337,40.9621473323439,45.0237586387157,1,1,1,1,1,1,1,1,0.796610169491525,0.779661016949153,0.76271186440678,0.728813559322034,0.711864406779661,0.644067796610169,0.627118644067797,0.593220338983051,0,0,0,0,0,0,0,0,2644,7.30284,-2.46873520567416
"645",215,215,3,9.70348363917259,25.2948858296611,27.5313371949537,29.1707631218369,31.754701294559,34.1195106871901,38.9954850416321,40.8940557658423,44.9556670722141,1,1,1,1,1,1,1,1,0.796610169491525,0.779661016949153,0.76271186440678,0.728813559322034,0.711864406779661,0.661016949152542,0.627118644067797,0.593220338983051,0,0,0,0,0,0,0,0,2645,6.449084,-3.25439963917259
"646",216,216,1,9.7536478596107,25.343983265594,27.5802816099053,29.2195953650829,31.8033567413135,34.1680043305361,39.0436450643182,40.9420858857905,45.0034192913068,1,1,1,1,1,1,1,1,0.783333333333333,0.766666666666667,0.75,0.716666666666667,0.7,0.65,0.616666666666667,0.583333333333333,0,0,0,0,0,0,0,0,2646,5.949894,-3.8037538596107
"647",216,216,2,9.78210665932887,25.3724420653122,27.6087404096234,29.2480541648011,31.8318155410317,34.1964631302543,39.0721038640363,40.9705446855087,45.031878091025,1,1,1,1,1,1,1,1,0.783333333333333,0.766666666666667,0.75,0.716666666666667,0.7,0.633333333333333,0.616666666666667,0.583333333333333,0,0,0,0,0,0,0,0,2647,6.179988,-3.60211865932887
"648",216,216,3,9.76898901061324,25.3593244165966,27.5956227609078,29.2349365160855,31.818697892316,34.1833454815386,39.0589862153207,40.9574270367931,45.0187604423094,1,1,1,1,1,1,1,1,0.783333333333333,0.766666666666667,0.75,0.716666666666667,0.7,0.65,0.616666666666667,0.583333333333333,0,0,0,0,0,0,0,0,2648,4.974133,-4.79485601061324
"649",217,217,1,9.83761167055298,25.4280294059713,27.6643395597257,29.3036619717906,31.8874369923469,34.2520970687992,39.1277635498623,41.02621439662,45.0875692492236,1,1,1,1,1,1,1,1,0.783333333333333,0.766666666666667,0.75,0.716666666666667,0.7,0.633333333333333,0.616666666666667,0.583333333333333,0,0,0,0,0,0,0,0,2649,5.977069,-3.86054267055298
"650",217,217,2,9.78043537072642,25.3708531061448,27.6071632598991,29.246485671964,31.8302606925203,34.1949207689726,39.0705872500357,40.9690380967934,45.030392949397,1,1,1,1,1,1,1,1,0.783333333333333,0.766666666666667,0.75,0.716666666666667,0.7,0.633333333333333,0.616666666666667,0.583333333333333,0,0,0,0,0,0,0,0,2650,5.321732,-4.45870337072642
"651",217,217,3,9.81779542640239,25.4082131618207,27.6445233155751,29.28384572764,31.8676207481963,34.2322808246486,39.1079473057117,41.0063981524694,45.067753005073,1,1,1,1,1,1,1,1,0.796610169491525,0.779661016949153,0.76271186440678,0.728813559322034,0.711864406779661,0.644067796610169,0.627118644067797,0.593220338983051,0,0,0,0,0,0,0,0,2651,6.27947,-3.53832542640239
"652",218,218,1,9.76319617259322,25.3536514032495,27.5899669353705,29.2292932900355,31.8130745246177,34.1777402881205,39.05341849525,40.9518739078165,45.0132385280523,1,1,1,1,1,1,1,1,0.796610169491525,0.779661016949153,0.76271186440678,0.728813559322034,0.711864406779661,0.661016949152542,0.627118644067797,0.593220338983051,0,0,0,0,0,0,0,0,2652,6.265418,-3.49777817259321
"653",218,218,2,9.76399726124802,25.3544524919043,27.5907680240253,29.2300943786903,31.8138756132725,34.1785413767753,39.0542195839049,40.9526749964713,45.0140396167072,0,0,0,0,0,0,0,0,0,0,0,0,0,0,0,0,0,0,0,0,0,0,0,0,2653,95.560036,85.796038738752
"654",218,218,3,4.67341190579698,20.2638671364533,22.5001826685742,24.1395090232393,26.7232902578214,29.0879560213242,33.9636342284538,35.8620896410203,39.9234542612561,1,1,1,1,1,1,1,1,0.864406779661017,0.830508474576271,0.813559322033898,0.779661016949153,0.76271186440678,0.711864406779661,0.694915254237288,0.644067796610169,1,1,1,1,1,1,1,1,2654,7.705525,3.03211309420302
"655",219,219,1,9.71323751767774,25.5901164988731,27.8675170328508,29.5369606609318,32.1682104460362,34.5763192281509,39.5415721152912,41.4749054522963,45.610884397106,1,1,1,1,1,1,1,1,0.783333333333333,0.766666666666667,0.75,0.716666666666667,0.683333333333333,0.633333333333333,0.616666666666667,0.566666666666667,1,1,1,1,1,1,1,1,2655,5.590291,-4.12294651767774
"656",219,219,2,9.83177397396757,25.7086529551629,27.9860534891406,29.6554971172216,32.286746902326,34.6948556844407,39.6601085715811,41.5934419085861,45.7294208533958,1,1,1,1,1,1,1,1,0.783333333333333,0.766666666666667,0.75,0.716666666666667,0.683333333333333,0.633333333333333,0.616666666666667,0.566666666666667,0,0,0,0,0,0,0,0,2656,5.800983,-4.03079097396757
"657",219,219,3,9.81996691950049,25.6968459006958,27.9742464346735,29.6436900627545,32.274939847859,34.6830486299737,39.648301517114,41.5816348541191,45.7176137989288,1,1,1,1,1,1,1,1,0.783333333333333,0.766666666666667,0.75,0.716666666666667,0.683333333333333,0.633333333333333,0.616666666666667,0.566666666666667,0,0,0,0,0,0,0,0,2657,5.422033,-4.39793391950049
"658",220,220,1,9.8399948059777,25.7175247204128,27.9950186251159,29.6645306984091,32.2958883616392,34.7040958733628,39.6695523299925,41.6029649313753,45.7391134464247,1,1,1,1,1,1,1,1,0.783333333333333,0.766666666666667,0.75,0.716666666666667,0.683333333333333,0.633333333333333,0.616666666666667,0.566666666666667,0,0,0,0,0,0,0,0,2658,5.844234,-3.9957608059777
"659",220,220,2,9.81626530421996,25.6937952186551,27.9712891233582,29.6408011966513,32.2721588598815,34.680366371605,39.6458228282348,41.5792354296176,45.715383944667,1,1,1,1,1,1,1,1,0.824561403508772,0.807017543859649,0.789473684210526,0.754385964912281,0.719298245614035,0.666666666666667,0.649122807017544,0.596491228070175,0,0,0,0,0,0,0,0,2659,10.660464,0.844198695780035
"660",220,220,3,9.54557258143942,25.4231024958746,27.7005964005777,29.3701084738708,32.0014661371009,34.4096736488245,39.3751301054542,41.308542706837,45.4446912218864,1,1,1,1,1,1,1,1,0.796610169491525,0.779661016949153,0.76271186440678,0.728813559322034,0.694915254237288,0.644067796610169,0.627118644067797,0.576271186440678,0,0,0,0,0,0,0,0,2660,6.31881,-3.22676258143942
"661",221,221,1,9.79040941624953,25.6681933148226,27.9457236513465,29.6152624309086,32.2466621865242,34.6549082210225,39.6204441073358,41.5538876364596,45.6901023152083,1,1,1,1,1,1,1,1,0.783333333333333,0.766666666666667,0.75,0.716666666666667,0.683333333333333,0.633333333333333,0.616666666666667,0.566666666666667,0,0,0,0,0,0,0,0,2661,5.651463,-4.13894641624954
"662",221,221,2,9.82791946232427,25.7057033608973,27.9832336974213,29.6527724769834,32.2841722325989,34.6924182670972,39.6579541534106,41.5913976825344,45.727612361283,1,1,1,1,1,1,1,1,0.796610169491525,0.779661016949153,0.76271186440678,0.728813559322034,0.694915254237288,0.644067796610169,0.627118644067797,0.576271186440678,0,0,0,0,0,0,0,0,2662,6.642964,-3.18495546232427
"663",221,221,3,9.77218946249937,25.6499733610724,27.9275036975964,29.5970424771585,32.228442232774,34.6366882672723,39.6022241535857,41.5356676827095,45.6718823614581,1,1,1,1,1,1,1,1,0.783333333333333,0.766666666666667,0.75,0.716666666666667,0.683333333333333,0.633333333333333,0.616666666666667,0.566666666666667,0,0,0,0,0,0,0,0,2663,6.079267,-3.69292246249937
"664",222,222,1,9.80241878034649,25.6809463071524,27.9585833106943,29.6282002822875,32.2597232782219,34.6680821017438,39.6338505464985,41.5673846275031,45.7037930238406,1,1,1,1,1,1,1,1,0.783333333333333,0.766666666666667,0.75,0.716666666666667,0.683333333333333,0.633333333333333,0.616666666666667,0.566666666666667,0,0,0,0,0,0,0,0,2664,6.128192,-3.67422678034649
"665",222,222,2,9.79967166087469,25.6781991876806,27.9558361912225,29.6254531628157,32.2569761587501,34.665334982272,39.6311034270267,41.5646375080313,45.7010459043688,0,0,0,0,0,1,1,1,0,0,0,0,0,0.974358974358974,0.948717948717949,0.871794871794872,0,0,0,0,0,0,0,0,2665,38.026603,28.2269313391253
"666",222,222,3,8.00858845233591,23.8871159791418,26.1647529826837,27.8343699542769,30.4658929502113,32.8742517737332,37.840020218488,39.7735542994925,43.90996269583,1,1,1,1,1,1,1,1,0.813559322033898,0.796610169491525,0.779661016949153,0.745762711864407,0.711864406779661,0.661016949152542,0.644067796610169,0.593220338983051,1,1,1,1,1,0,0,0,2666,6.858494,-1.15009445233591
"667",223,223,1,9.75769420195677,25.6373884654212,27.9151928272136,29.5849324804171,32.2166488377537,34.625184624821,39.5913179487544,41.5249941037069,45.661706438763,1,1,1,1,1,1,1,1,0.783333333333333,0.766666666666667,0.75,0.716666666666667,0.683333333333333,0.633333333333333,0.616666666666667,0.566666666666667,1,1,1,1,1,0,0,0,2667,6.047817,-3.70987720195677
"668",223,223,2,9.80346753988153,25.683161803346,27.9609661651384,29.6307058183419,32.2624221756784,34.6709579627457,39.6370912866791,41.5707674416316,45.7074797766878,1,1,1,1,1,1,1,1,0.810344827586207,0.793103448275862,0.775862068965517,0.741379310344828,0.706896551724138,0.655172413793103,0.637931034482759,0.586206896551724,0,0,0,0,0,0,0,0,2668,8.283121,-1.52034653988153
"669",223,223,3,9.67725534272216,25.5569496061866,27.834753967979,29.5044936211825,32.1362099785191,34.5447457655863,39.5108790895198,41.4445552444723,45.5812675795284,1,1,1,1,1,1,1,1,0.796610169491525,0.779661016949153,0.76271186440678,0.728813559322034,0.694915254237288,0.644067796610169,0.627118644067797,0.576271186440678,0,0,0,0,0,0,0,0,2669,6.449948,-3.22730734272216
"670",224,224,1,9.78077418776398,25.6605433193836,27.9383584203632,29.6081059459051,32.2398347110214,34.6483818536367,39.6145385914491,41.5482238631242,45.6849557015798,1,1,1,1,1,1,1,1,0.796610169491525,0.779661016949153,0.76271186440678,0.728813559322034,0.694915254237288,0.644067796610169,0.627118644067797,0.576271186440678,0,0,0,0,0,0,0,0,2670,6.251245,-3.52952918776398
"671",224,224,2,9.79199353089872,25.6717626625183,27.9495777634979,29.6193252890399,32.2510540541561,34.6596011967715,39.6257579345839,41.5594432062589,45.6961750447145,1,1,1,1,1,1,1,1,0.783333333333333,0.766666666666667,0.75,0.716666666666667,0.683333333333333,0.633333333333333,0.616666666666667,0.566666666666667,0,0,0,0,0,0,0,0,2671,5.83005,-3.96194353089872
"672",224,224,3,9.81577541255948,25.6955445441791,27.9733596451587,29.6431071707006,32.2748359358169,34.6833830784322,39.6495398162446,41.5832250879197,45.7199569263753,1,1,1,1,1,1,1,1,0.783333333333333,0.766666666666667,0.75,0.716666666666667,0.683333333333333,0.633333333333333,0.616666666666667,0.566666666666667,0,0,0,0,0,0,0,0,2672,6.201681,-3.61409441255948
"673",225,225,1,9.79316924508324,25.6738741794665,27.9518235132331,29.6216694378346,32.2535532920477,34.6622423715548,39.6286917674759,41.5624909921943,45.6994666103331,1,1,1,1,1,1,1,1,0.783333333333333,0.766666666666667,0.75,0.716666666666667,0.683333333333333,0.633333333333333,0.616666666666667,0.566666666666667,0,0,0,0,0,0,0,0,2673,5.613393,-4.17977624508324
"674",225,225,2,9.82616725524468,25.706872189628,27.9848215233945,29.6546674479961,32.2865513022091,34.6952403817162,39.6616897776373,41.5954890023558,45.7324646204945,1,1,1,1,1,1,1,1,0.783333333333333,0.766666666666667,0.75,0.716666666666667,0.683333333333333,0.633333333333333,0.616666666666667,0.566666666666667,0,0,0,0,0,0,0,0,2674,6.226195,-3.59997225524468
"675",225,225,3,9.79179421581,25.6724991501933,27.9504484839599,29.6202944085614,32.2521782627745,34.6608673422815,39.6273167382026,41.5611159629211,45.6980915810598,1,1,1,1,1,1,1,1,0.839285714285714,0.821428571428571,0.803571428571429,0.767857142857143,0.732142857142857,0.678571428571429,0.660714285714286,0.607142857142857,0,0,0,0,0,0,0,0,2675,12.363082,2.57128778419
"676",226,226,1,9.44906858197978,25.3304545762551,27.6085016021539,29.2784191397657,31.9104158649465,34.3192082434904,39.2858706305541,41.2197527881837,45.3569058246537,1,1,1,1,1,1,1,1,0.796610169491525,0.779661016949153,0.76271186440678,0.728813559322034,0.711864406779661,0.644067796610169,0.627118644067797,0.576271186440678,0,0,0,0,0,0,0,0,2676,6.430485,-3.01858358197978
"677",226,226,2,9.78187292466496,25.6632589189403,27.9413059448391,29.6112234824509,32.2432202076317,34.6520125861756,39.6186749732393,41.5525571308689,45.6897101673388,0,0,0,0,0,1,1,1,0,0,0,0,0,0.974358974358974,0.948717948717949,0.871794871794872,0,0,0,0,0,0,0,0,2677,39.017031,29.235158075335
"678",226,226,3,7.95384651027842,23.8352325045537,26.1132795304526,27.7831970680644,30.4151937932451,32.8239861717891,37.7906485588528,39.7245307164823,43.8616837529523,1,1,1,1,1,1,1,1,0.8,0.783333333333333,0.766666666666667,0.733333333333333,0.7,0.65,0.633333333333333,0.583333333333333,1,1,1,1,1,0,0,0,2678,5.724637,-2.22920951027842
"679",227,227,1,9.83023272095571,25.7411740014797,28.0234604767543,29.6964857337335,32.3333806092801,34.7466557545225,39.7225611087053,41.6600422243075,45.8048945095893,1,1,1,1,1,1,1,1,0.783333333333333,0.766666666666667,0.733333333333333,0.716666666666667,0.683333333333333,0.633333333333333,0.616666666666667,0.566666666666667,1,1,1,1,1,0,0,0,2679,5.810076,-4.02015672095571
"680",227,227,2,9.82535152726403,25.736292807788,28.0185792830626,29.6916045400418,32.3284994155884,34.7417745608309,39.7176799150136,41.6551610306158,45.8000133158977,1,1,1,1,1,1,1,1,0.796610169491525,0.779661016949153,0.745762711864407,0.728813559322034,0.694915254237288,0.644067796610169,0.627118644067797,0.576271186440678,0,0,0,0,0,0,0,0,2680,6.803026,-3.02232552726403
"681",227,227,3,9.76862355436927,25.6795648348933,27.9618513101678,29.634876567147,32.2717714426936,34.6850465879361,39.6609519421189,41.5984330577211,45.7432853430029,1,1,1,1,1,1,1,1,0.783333333333333,0.766666666666667,0.75,0.716666666666667,0.683333333333333,0.633333333333333,0.616666666666667,0.566666666666667,0,0,0,0,0,0,0,0,2681,5.92956,-3.83906355436927
"682",228,228,1,9.81473021895562,25.7264739836621,28.0088755683298,29.6819852060054,32.3190130759734,34.7324099371532,39.7085662560822,41.6461450904756,45.7912064255137,1,1,1,1,1,1,1,1,0.796610169491525,0.779661016949153,0.76271186440678,0.728813559322034,0.694915254237288,0.644067796610169,0.627118644067797,0.576271186440678,0,0,0,0,0,0,0,0,2682,6.269924,-3.54480621895562
"683",228,228,2,9.79551231933189,25.7072560840384,27.9896576687061,29.6627673063817,32.2997951763497,34.7131920375295,39.6893483564585,41.6269271908519,45.77198852589,1,1,1,1,1,1,1,1,0.796610169491525,0.779661016949153,0.76271186440678,0.728813559322034,0.694915254237288,0.644067796610169,0.627118644067797,0.576271186440678,0,0,0,0,0,0,0,0,2683,6.564386,-3.23112631933189
"684",228,228,3,9.77888617450166,25.6906299392081,27.9730315238759,29.6461411615515,32.2831690315194,34.6965658926992,39.6727222116282,41.6103010460216,45.7553623810598,1,1,1,1,1,1,1,1,0.783333333333333,0.766666666666667,0.75,0.716666666666667,0.683333333333333,0.633333333333333,0.616666666666667,0.566666666666667,0,0,0,0,0,0,0,0,2684,5.68845,-4.09043617450166
"685",229,229,1,9.82728143488705,25.740247525398,28.0228244420969,29.6960626065458,32.3332930506162,34.7468753067662,39.7234138895354,41.6611415669872,45.8065213218985,1,1,1,1,1,1,1,1,0.783333333333333,0.766666666666667,0.733333333333333,0.716666666666667,0.683333333333333,0.633333333333333,0.616666666666667,0.566666666666667,0,0,0,0,0,0,0,0,2685,5.783908,-4.04337343488705
"686",229,229,2,9.82188801464772,25.7348541051587,28.0174310218576,29.6906691863065,32.3278996303769,34.7414818865269,39.718020469296,41.6557481467479,45.8011279016592,1,1,1,1,1,1,1,1,0.783333333333333,0.766666666666667,0.733333333333333,0.716666666666667,0.683333333333333,0.633333333333333,0.616666666666667,0.566666666666667,0,0,0,0,0,0,0,0,2686,5.603837,-4.21805101464772
"687",229,229,3,9.83206210771394,25.7450281982249,28.0276051149238,29.7008432793727,32.3380737234431,34.7516559795931,39.7281945623622,41.6659222398141,45.8113019947254,1,1,1,1,1,1,1,1,0.783333333333333,0.766666666666667,0.733333333333333,0.716666666666667,0.683333333333333,0.633333333333333,0.616666666666667,0.566666666666667,0,0,0,0,0,0,0,0,2687,5.618578,-4.21348410771394
"688",230,230,1,9.82970079609801,25.743916570807,28.0266727438613,29.700042311801,32.3374798640368,34.7512516647122,39.7281810672439,41.6660609191958,45.8117662209313,1,1,1,1,1,1,1,1,0.796610169491525,0.779661016949153,0.745762711864407,0.728813559322034,0.694915254237288,0.644067796610169,0.627118644067797,0.576271186440678,0,0,0,0,0,0,0,0,2688,6.40296,-3.42674079609801
"689",230,230,2,9.78538263129929,25.6995984060083,27.9823545790625,29.6557241470023,32.2931616992381,34.7069334999135,39.6838629024452,41.6217427543971,45.7674480561326,0,0,0,0,0,1,1,1,0,0,0,0,0,1,0.973684210526316,0.894736842105263,0,0,0,0,0,0,0,0,2689,39.812911,30.0275283687007
"690",230,230,3,7.89769561867653,23.8119113933856,26.0946675664398,27.7680371343795,30.4054746866153,32.8192464872907,37.7961758898224,39.7340557417743,43.8797610435098,1,1,1,1,1,1,1,1,0.8,0.783333333333333,0.766666666666667,0.733333333333333,0.7,0.65,0.633333333333333,0.583333333333333,1,1,1,1,1,0,0,0,2690,5.620934,-2.27676161867653
"691",231,231,1,9.83183799998437,25.7553130523194,28.0393973884109,29.7137405634463,32.3527126409684,34.7678888327583,39.7477139338097,41.686721291371,45.8348386652368,1,1,1,1,1,1,1,1,0.783333333333333,0.766666666666667,0.733333333333333,0.716666666666667,0.683333333333333,0.633333333333333,0.616666666666667,0.566666666666667,1,1,1,1,1,0,0,0,2691,5.863249,-3.96858899998437
"692",231,231,2,9.81801517313694,25.741490225472,28.0255745615634,29.6999177365988,32.3388898141209,34.7540660059108,39.7338911069623,41.6728984645236,45.8210158383893,1,1,1,1,1,1,1,1,0.796610169491525,0.779661016949153,0.745762711864407,0.728813559322034,0.694915254237288,0.644067796610169,0.627118644067797,0.576271186440678,0,0,0,0,0,0,0,0,2692,6.278487,-3.53952817313694
"693",231,231,3,9.7943279768244,25.7178030291594,28.0018873652509,29.6762305402863,32.3152026178084,34.7303788095983,39.7102039106498,41.6492112682111,45.7973286420768,1,1,1,1,1,1,1,1,0.783333333333333,0.766666666666667,0.75,0.716666666666667,0.683333333333333,0.633333333333333,0.616666666666667,0.566666666666667,0,0,0,0,0,0,0,0,2693,5.783708,-4.0106199768244
"694",232,232,1,9.81986178999533,25.7437854959883,28.0279341875542,29.7023245382336,32.3413709704096,34.7566152112672,39.7365806219396,41.6756426122202,45.8238768618324,1,1,1,1,1,1,1,1,0.783333333333333,0.766666666666667,0.733333333333333,0.716666666666667,0.683333333333333,0.633333333333333,0.616666666666667,0.566666666666667,0,0,0,0,0,0,0,0,2694,6.232323,-3.58753878999533
"695",232,232,2,9.79438459343197,25.7183082994249,28.0024569909909,29.6768473416702,32.3158937738462,34.7311380147039,39.7111034253762,41.6501654156569,45.7983996652691,1,1,1,1,1,1,1,1,0.783333333333333,0.766666666666667,0.75,0.716666666666667,0.683333333333333,0.633333333333333,0.616666666666667,0.566666666666667,0,0,0,0,0,0,0,0,2695,5.905331,-3.88905359343197
"696",232,232,3,9.81295472474422,25.7368784307372,28.0210271223031,29.6954174729825,32.3344639051585,34.7497081460161,39.7296735566885,41.6687355469691,45.8169697965813,1,1,1,1,1,1,1,1,0.783333333333333,0.766666666666667,0.733333333333333,0.716666666666667,0.683333333333333,0.633333333333333,0.616666666666667,0.566666666666667,0,0,0,0,0,0,0,0,2696,5.557679,-4.25527572474422
"697",233,233,1,9.83418090887264,25.7585274464746,28.0427367895662,29.7171716007177,32.3562881081006,34.7715964814942,39.7516941263336,41.6908076049733,45.8391520036037,1,1,1,1,1,1,1,1,0.783333333333333,0.766666666666667,0.733333333333333,0.716666666666667,0.683333333333333,0.633333333333333,0.616666666666667,0.566666666666667,0,0,0,0,0,0,0,0,2697,5.794099,-4.04008190887264
"698",233,233,2,9.82074308586335,25.7450896234653,28.0292989665569,29.7037337777084,32.3428502850914,34.7581586584849,39.7382563033243,41.677369781964,45.8257141805945,1,1,1,1,1,1,1,1,0.796610169491525,0.779661016949153,0.745762711864407,0.728813559322034,0.694915254237288,0.644067796610169,0.627118644067797,0.576271186440678,0,0,0,0,0,0,0,0,2698,6.260049,-3.56069408586335
"699",233,233,3,9.7942590589994,25.7186055966014,28.0028149396929,29.6772497508445,32.3163662582274,34.731674631621,39.7117722764604,41.6508857551001,45.7992301537305,1,1,1,1,1,1,1,1,0.796610169491525,0.779661016949153,0.76271186440678,0.728813559322034,0.694915254237288,0.644067796610169,0.627118644067797,0.576271186440678,0,0,0,0,0,0,0,0,2699,7.003466,-2.7907930589994
"700",234,234,1,9.75205626987463,25.6764082105546,27.9606183286708,29.6350537079525,32.2741711107789,34.6894803036786,39.6695796382486,41.608693774823,45.757039580973,1,1,1,1,1,1,1,1,0.783333333333333,0.766666666666667,0.75,0.716666666666667,0.683333333333333,0.633333333333333,0.616666666666667,0.566666666666667,0,0,0,0,0,0,0,0,2700,5.905971,-3.84608526987463
"701",234,234,2,9.8144369293736,25.7387888700535,28.0229989881697,29.6974343674515,32.3365517702779,34.7518609631775,39.7319602977475,41.671074434322,45.8194202404719,0,0,0,1,1,1,1,1,0,0,0,1,0.953488372093023,0.883720930232558,0.86046511627907,0.790697674418605,0,0,0,0,0,0,0,0,2701,32.230158,22.4157210706264
"702",234,234,3,8.31819307784431,24.2425450185243,26.5267551366405,28.2011905159222,30.8403079187486,33.2556171116482,38.2357164462182,40.1748305827927,44.3231763889427,1,1,1,1,1,1,1,1,0.8,0.783333333333333,0.75,0.733333333333333,0.7,0.65,0.633333333333333,0.583333333333333,1,1,1,0,0,0,0,0,2702,5.265583,-3.05261007784431
"703",235,235,1,9.84805606821784,25.7738106860749,28.0582220060618,29.7328048759478,32.3721547422216,34.7876766846946,39.7682146852588,41.7074996263441,45.8562108344901,1,1,1,1,1,1,1,1,0.796610169491525,0.779661016949153,0.745762711864407,0.728813559322034,0.694915254237288,0.644067796610169,0.627118644067797,0.576271186440678,1,1,1,0,0,0,0,0,2703,6.515432,-3.33262406821784
"704",235,235,2,9.77700119907342,25.7027558169305,27.9871671369174,29.6617500068034,32.3010998730772,34.7166218155501,39.6971598161144,41.6364447571997,45.7851559653457,1,1,1,1,1,1,1,1,0.824561403508772,0.807017543859649,0.789473684210526,0.754385964912281,0.719298245614035,0.666666666666667,0.649122807017544,0.596491228070175,0,0,0,0,0,0,0,0,2704,10.449272,0.672270800926585
"705",235,235,3,9.55335939399528,25.4791140118523,27.7635253318393,29.4381082017253,32.077458067999,34.492980010472,39.4735180110362,41.4128029521215,45.5615141602675,1,1,1,1,1,1,1,1,0.796610169491525,0.779661016949153,0.76271186440678,0.728813559322034,0.694915254237288,0.644067796610169,0.627118644067797,0.576271186440678,0,0,0,0,0,0,0,0,2705,7.61066,-1.94269939399528
"706",236,236,1,9.71378729370765,25.6378996646181,27.9220754185295,29.5964856072038,32.2355633065151,34.6508361629241,39.6308605756854,41.5699455397618,45.7182289372026,1,1,1,1,1,1,1,1,0.796610169491525,0.779661016949153,0.76271186440678,0.728813559322034,0.694915254237288,0.644067796610169,0.627118644067797,0.576271186440678,0,0,0,0,0,0,0,0,2706,6.894268,-2.81951929370765
"707",236,236,2,9.7546341634089,25.6787465343194,27.9629222882308,29.6373324769051,32.2764101762164,34.6916830326253,39.6717074453866,41.610792409463,45.7590758069038,0,0,0,0,1,1,1,1,0,0,0,0,0.976190476190476,0.904761904761905,0.880952380952381,0.80952380952381,0,0,0,0,0,0,0,0,2707,33.479988,23.7253538365911
"708",236,236,3,8.23878328741629,24.1628956583268,26.4470714122382,28.1214816009125,30.7605593002238,33.1758321566327,38.155856569394,40.0949415334704,44.2432249309112,1,1,1,1,1,1,1,1,0.813559322033898,0.796610169491525,0.779661016949153,0.745762711864407,0.711864406779661,0.661016949152542,0.644067796610169,0.593220338983051,1,1,1,1,0,0,0,0,2708,6.459979,-1.77880428741629
"709",237,237,1,9.79635429643357,25.7434745754525,28.0309506141537,29.707780069589,32.3506708327485,34.7694333892201,39.7566531759776,41.6985398214055,45.8528168542209,1,1,1,1,1,1,1,1,0.796610169491525,0.779661016949153,0.745762711864407,0.728813559322034,0.694915254237288,0.644067796610169,0.627118644067797,0.576271186440678,1,1,1,1,0,0,0,0,2709,6.406891,-3.38946329643357
"710",237,237,2,9.79941640704427,25.7465366860632,28.0340127247645,29.7108421801997,32.3537329433593,34.7724954998308,39.7597152865883,41.7016019320162,45.8558789648316,1,1,1,1,1,1,1,1,0.796610169491525,0.779661016949153,0.745762711864407,0.728813559322034,0.694915254237288,0.644067796610169,0.627118644067797,0.576271186440678,0,0,0,0,0,0,0,0,2710,7.154366,-2.64505040704427
"711",237,237,3,9.75630212267229,25.7034224016912,27.9908984403925,29.6677278958277,32.3106186589873,34.7293812154588,39.7166010022163,41.6584876476442,45.8127646804596,1,1,1,1,1,1,1,1,0.783333333333333,0.766666666666667,0.75,0.716666666666667,0.683333333333333,0.633333333333333,0.616666666666667,0.566666666666667,0,0,0,0,0,0,0,0,2711,5.948143,-3.80815912267229
"712",238,238,1,9.82447208636429,25.7722680159833,28.0598409709008,29.7367414705628,32.3797442082167,34.7986092432764,39.7860403295026,41.7280092491502,45.8824622911585,1,1,1,1,1,1,1,1,0.796610169491525,0.779661016949153,0.745762711864407,0.728813559322034,0.694915254237288,0.644067796610169,0.627118644067797,0.576271186440678,0,0,0,0,0,0,0,0,2712,7.033985,-2.79048708636429
"713",238,238,2,9.76169507609266,25.7094910057116,27.9970639606292,29.6739644602911,32.316967197945,34.7358322330048,39.723263319231,41.6652322388785,45.8196852808869,0,0,0,0,0,1,1,1,0,0,0,0,0,0.974358974358974,0.948717948717949,0.871794871794872,0,0,0,0,0,0,0,0,2713,38.586151,28.8244559239073
"714",238,238,3,7.93753405720214,23.8853299868211,26.1729029417387,27.8498034414006,30.4928061790545,32.9116712141143,37.8991023003405,39.841071219988,43.9955242619964,1,1,1,1,1,1,1,1,0.813559322033898,0.796610169491525,0.779661016949153,0.745762711864407,0.711864406779661,0.661016949152542,0.644067796610169,0.593220338983051,1,1,1,1,1,0,0,0,2714,6.350101,-1.58743305720214
"715",239,239,1,9.78374725006587,25.6333825949123,27.9068752656353,29.5734542428513,32.2001889836341,34.6041656160973,39.5608984695334,41.4909143390163,45.6197962273798,1,1,1,1,1,1,1,1,0.796610169491525,0.779661016949153,0.76271186440678,0.728813559322034,0.694915254237288,0.644067796610169,0.627118644067797,0.576271186440678,1,1,1,1,1,0,0,0,2715,6.668759,-3.11498825006587
"716",239,239,2,9.76542233644491,25.6150576812913,27.8885503520144,29.5551293292303,32.1818640700131,34.5858407024764,39.5425735559125,41.4725894253953,45.6014713137588,1,1,1,1,1,1,1,1,0.796610169491525,0.779661016949153,0.76271186440678,0.728813559322034,0.694915254237288,0.644067796610169,0.627118644067797,0.576271186440678,0,0,0,0,0,0,0,0,2716,7.377852,-2.38757033644491
"717",239,239,3,9.72464486349829,25.5742802083447,27.8477728790678,29.5143518562837,32.1410865970665,34.5450632295298,39.5017960829658,41.4318119524487,45.5606938408122,1,1,1,1,1,1,1,1,0.796610169491525,0.779661016949153,0.76271186440678,0.728813559322034,0.694915254237288,0.644067796610169,0.627118644067797,0.576271186440678,0,0,0,0,0,0,0,0,2717,6.519204,-3.20544086349829
"718",240,240,1,9.77462693903104,25.6239462841523,27.8973936274566,29.5639393775043,32.1906217481576,34.5945504516976,39.5511844810166,41.4811618710978,45.6099614404985,1,1,1,1,1,1,1,1,0.810344827586207,0.793103448275862,0.775862068965517,0.741379310344828,0.706896551724138,0.655172413793103,0.637931034482759,0.586206896551724,0,0,0,0,0,0,0,0,2718,8.031146,-1.74348093903104
"719",240,240,2,9.6876738080687,25.53699315319,27.8104404964942,29.476986246542,32.1036686171953,34.5075973207353,39.4642313500543,41.3942087401355,45.5230083095362,1,1,1,1,1,1,1,1,0.796610169491525,0.779661016949153,0.76271186440678,0.728813559322034,0.694915254237288,0.644067796610169,0.627118644067797,0.576271186440678,0,0,0,0,0,0,0,0,2719,6.943946,-2.7437278080687
"720",240,240,3,9.75019964833391,25.5995189934552,27.8729663367594,29.5395120868072,32.1661944574605,34.5701231610005,39.5267571903195,41.4567345804007,45.5855341498014,1,1,1,1,1,1,1,1,0.810344827586207,0.793103448275862,0.775862068965517,0.741379310344828,0.706896551724138,0.655172413793103,0.637931034482759,0.586206896551724,0,0,0,0,0,0,0,0,2720,8.094836,-1.65536364833391
"721",241,241,1,9.68435228334582,25.5333071602525,27.8067022237537,29.4732096502028,32.0998316181212,34.5037050413314,39.4602250887489,41.3901580974029,45.5188627216407,1,1,1,1,1,1,1,1,0.796610169491525,0.779661016949153,0.76271186440678,0.728813559322034,0.694915254237288,0.644067796610169,0.627118644067797,0.576271186440678,0,0,0,0,0,0,0,0,2721,6.661944,-3.02240828334582
"722",241,241,2,9.76676386402338,25.6157187409301,27.8891138044313,29.5556212308803,32.1822431987988,34.5861166220089,39.5426366694265,41.4725696780804,45.6012743023182,1,1,1,1,1,1,1,1,0.796610169491525,0.779661016949153,0.76271186440678,0.728813559322034,0.694915254237288,0.644067796610169,0.627118644067797,0.576271186440678,0,0,0,0,0,0,0,0,2722,7.793487,-1.97327686402338
"723",241,241,3,9.70168411814258,25.5506389950493,27.8240340585505,29.4905414849995,32.117163452918,34.5210368761281,39.4775569235457,41.4074899321996,45.5361945564374,1,1,1,1,1,1,1,1,0.810344827586207,0.793103448275862,0.775862068965517,0.741379310344828,0.706896551724138,0.655172413793103,0.637931034482759,0.586206896551724,0,0,0,0,0,0,0,0,2723,8.134361,-1.56732311814258
"724",242,242,1,9.68293574457082,25.5315342677885,27.8048782154449,29.4713481715325,32.0979110815234,34.5017304551657,39.4581390583765,41.3880286737119,45.5166404666473,1,1,1,1,1,1,1,1,0.796610169491525,0.779661016949153,0.76271186440678,0.728813559322034,0.694915254237288,0.644067796610169,0.627118644067797,0.576271186440678,0,0,0,0,0,0,0,0,2724,7.070235,-2.61270074457082
"725",242,242,2,9.74414441443643,25.5927429376541,27.8660868853105,29.5325568413981,32.159119751389,34.5629391250313,39.5193477282421,41.4492373435776,45.5778491365129,1,1,1,1,1,1,1,1,1,0.978723404255319,0.957446808510638,0.914893617021277,0.872340425531915,0.808510638297872,0.787234042553192,0.723404255319149,0,0,0,0,0,0,0,0,2725,25.232381,15.4882365855636
"726",242,242,3,8.69945534700926,24.5480538702269,26.8213978178834,28.4878677739709,31.1144306839619,33.5182500576041,38.474658660815,40.4045482761504,44.5331600690857,1,1,1,1,1,1,1,1,0.813559322033898,0.779661016949153,0.76271186440678,0.745762711864407,0.711864406779661,0.661016949152542,0.644067796610169,0.593220338983051,0,0,0,0,0,0,0,0,2726,6.421648,-2.27780734700926
"727",243,243,1,9.77384748739977,25.5988655657907,27.8688271032327,29.532817590691,32.1554725512383,34.5557153859184,39.5047495629656,41.4317677789448,45.5542367888163,1,1,1,1,1,1,1,1,0.810344827586207,0.793103448275862,0.775862068965517,0.741379310344828,0.706896551724138,0.655172413793103,0.637931034482759,0.586206896551724,0,0,0,0,0,0,0,0,2727,8.486912,-1.28693548739977
"728",243,243,2,9.65496756160918,25.4799856400002,27.7499471774421,29.4139376649005,32.0365926254477,34.4368354601278,39.385869637175,41.3128878531542,45.4353568630257,1,1,1,1,1,1,1,1,0.796610169491525,0.779661016949153,0.76271186440678,0.728813559322034,0.694915254237288,0.644067796610169,0.627118644067797,0.576271186440678,0,0,0,0,0,0,0,0,2728,7.175105,-2.47986256160918
"729",243,243,3,9.73047728763529,25.5554953660263,27.8254569034682,29.4894473909266,32.1121023514738,34.5123451861539,39.4613793632011,41.3883975791803,45.5108665890518,1,1,1,1,1,1,1,1,0.810344827586207,0.793103448275862,0.775862068965517,0.741379310344828,0.706896551724138,0.655172413793103,0.637931034482759,0.586206896551724,0,0,0,0,0,0,0,0,2729,8.444135,-1.28634228763529
"730",244,244,1,9.65989372943071,25.4845069822209,27.7544104509429,29.4183583712493,32.0409462406966,34.441127673883,39.3900352478689,41.3170041680873,45.4393677195646,1,1,1,1,1,1,1,1,0.796610169491525,0.779661016949153,0.76271186440678,0.728813559322034,0.694915254237288,0.644067796610169,0.627118644067797,0.576271186440678,0,0,0,0,0,0,0,0,2730,6.948436,-2.71145772943071
"731",244,244,2,9.74590613803543,25.5705193908256,27.8404228595476,29.504370779854,32.1269586493013,34.5271400824877,39.4760476564736,41.403016576692,45.5253801281693,1,1,1,1,1,1,1,1,0.810344827586207,0.793103448275862,0.775862068965517,0.741379310344828,0.706896551724138,0.655172413793103,0.637931034482759,0.586206896551724,0,0,0,0,0,0,0,0,2731,8.146894,-1.59901213803543
"732",244,244,3,9.676987017817,25.5016002706072,27.7715037393292,29.4354516596356,32.0580395290828,34.4582209622693,39.4071285362552,41.3340974564735,45.4564610079509,1,1,1,1,1,1,1,1,0.796610169491525,0.779661016949153,0.76271186440678,0.728813559322034,0.694915254237288,0.644067796610169,0.627118644067797,0.576271186440678,0,0,0,0,0,0,0,0,2732,6.319307,-3.357680017817
"733",245,245,1,9.78118926322388,25.6063399361367,27.8763204931124,29.5403249227995,32.163001858025,34.5632648038386,39.5123404478097,41.4393748098722,45.5618783610506,1,1,1,1,1,1,1,1,0.796610169491525,0.779661016949153,0.76271186440678,0.728813559322034,0.694915254237288,0.644067796610169,0.627118644067797,0.576271186440678,0,0,0,0,0,0,0,0,2733,6.516875,-3.26431426322388
"734",245,245,2,9.76982906993176,25.5949797428446,27.8649602998203,29.5289647295074,32.1516416647329,34.5519046105465,39.5009802545176,41.4280146165801,45.5505181677585,1,1,1,1,1,1,1,1,0.783333333333333,0.766666666666667,0.75,0.716666666666667,0.683333333333333,0.633333333333333,0.616666666666667,0.566666666666667,0,0,0,0,0,0,0,0,2734,6.178247,-3.59158206993176
"735",245,245,3,9.78930023699386,25.6144509099067,27.8844314668823,29.5484358965695,32.171112831795,34.5713757776086,39.5204514215797,41.4474857836422,45.5699893348206,1,1,1,1,1,1,1,1,0.783333333333333,0.766666666666667,0.75,0.716666666666667,0.683333333333333,0.633333333333333,0.616666666666667,0.566666666666667,0,0,0,0,0,0,0,0,2735,5.93941,-3.84989023699386
"736",246,246,1,9.78113662733093,25.5715555955874,27.8365541908801,29.4969066041288,32.1138275094367,34.5088225607793,39.4470363913535,41.3698414610882,45.4832972895155,1,1,1,1,1,1,1,1,0.796610169491525,0.779661016949153,0.76271186440678,0.728813559322034,0.694915254237288,0.644067796610169,0.627118644067797,0.576271186440678,0,0,0,0,0,0,0,0,2736,7.06556,-2.71557662733093
"737",246,246,2,9.7168397298557,25.5072586981122,27.7722572934048,29.4326097066535,32.0495306119614,34.4445256633041,39.3827394938782,41.305544563613,45.4190003920403,0,0,0,0,0,1,1,1,0,0,0,0,0,0.974358974358974,0.948717948717949,0.871794871794872,0,0,0,0,0,0,0,0,2737,38.48516,28.7683202701443
"738",246,246,3,7.92295543388035,23.7133744021369,25.9783729974295,27.6387254106782,30.2556463159861,32.6506413673288,37.5888551979029,39.5116602676377,43.6251160960649,1,1,1,1,1,1,1,1,0.8,0.783333333333333,0.766666666666667,0.733333333333333,0.716666666666667,0.65,0.633333333333333,0.6,1,1,1,1,1,0,0,0,2738,6.103679,-1.81927643388035
"739",247,247,1,9.77833581685946,25.5908003210467,27.8589611571903,29.5216316443835,32.1422061211364,34.5405449057621,39.4856531430429,41.4111427057185,45.530341468418,1,1,1,1,1,1,1,1,0.796610169491525,0.779661016949153,0.76271186440678,0.728813559322034,0.694915254237288,0.644067796610169,0.627118644067797,0.576271186440678,1,1,1,1,1,0,0,0,2739,6.844264,-2.93407181685946
"740",247,247,2,9.73542594544874,25.547890449636,27.8160512857796,29.4787217729728,32.0992962497257,34.4976350343514,39.4427432716322,41.3682328343078,45.4874315970072,1,1,1,1,1,1,1,1,0.783333333333333,0.766666666666667,0.75,0.716666666666667,0.683333333333333,0.633333333333333,0.616666666666667,0.566666666666667,0,0,0,0,0,0,0,0,2740,6.030349,-3.70507694544874
"741",247,247,3,9.78258459434016,25.5950490985274,27.863209934671,29.5258804218643,32.1464548986171,34.5447936832428,39.4899019205236,41.4153914831992,45.5345902458987,1,1,1,1,1,1,1,1,0.796610169491525,0.779661016949153,0.76271186440678,0.728813559322034,0.694915254237288,0.644067796610169,0.627118644067797,0.576271186440678,0,0,0,0,0,0,0,0,2741,7.537146,-2.24543859434016
"742",248,248,1,9.69309852284571,25.5057906674435,27.7739841566289,29.4366785800651,32.0572907832995,34.4556640950431,39.4008435234066,41.3263608059379,45.4456188697095,1,1,1,1,1,1,1,1,0.796610169491525,0.779661016949153,0.76271186440678,0.728813559322034,0.694915254237288,0.644067796610169,0.627118644067797,0.576271186440678,0,0,0,0,0,0,0,0,2742,7.381737,-2.31136152284571
"743",248,248,2,9.70210520992604,25.5147973545238,27.7829908437092,29.4456852671454,32.0662974703798,34.4646707821234,39.409850210487,41.3353674930183,45.4546255567898,1,1,1,1,1,1,1,1,0.810344827586207,0.793103448275862,0.775862068965517,0.741379310344828,0.706896551724138,0.655172413793103,0.637931034482759,0.586206896551724,0,0,0,0,0,0,0,0,2743,8.315312,-1.38679320992604
"744",248,248,3,9.64800012018849,25.4606922647863,27.7288857539717,29.3915801774079,32.0121923806422,34.4105656923859,39.3557451207494,41.2812624032807,45.4005204670523,1,1,1,1,1,1,1,1,0.783333333333333,0.766666666666667,0.75,0.716666666666667,0.683333333333333,0.633333333333333,0.616666666666667,0.566666666666667,0,0,0,0,0,0,0,0,2744,6.060314,-3.58768612018849
"745",249,249,1,9.77860391752231,25.591378835078,27.859584197326,29.5222873242856,32.14291324535,34.5412991115943,39.4865044259439,41.4120317877684,45.5313114141665,1,1,1,1,1,1,1,1,0.796610169491525,0.779661016949153,0.76271186440678,0.728813559322034,0.694915254237288,0.644067796610169,0.627118644067797,0.576271186440678,0,0,0,0,0,0,0,0,2745,7.097167,-2.68143691752231
"746",249,249,2,9.71851424404432,25.5312891616,27.799494523848,29.4621976508076,32.082823571872,34.4812094381163,39.4264147524659,41.3519421142904,45.4712217406885,1,1,1,1,1,1,1,1,0.796610169491525,0.779661016949153,0.76271186440678,0.728813559322034,0.694915254237288,0.644067796610169,0.627118644067797,0.576271186440678,0,0,0,0,0,0,0,0,2746,6.341776,-3.37673824404432
"747",249,249,3,9.76229209735449,25.5750670149102,27.8432723771582,29.5059755041178,32.1266014251822,34.5249872914264,39.4701926057761,41.3957199676006,45.5149995939986,1,1,1,1,1,1,1,1,0.796610169491525,0.779661016949153,0.76271186440678,0.728813559322034,0.694915254237288,0.644067796610169,0.627118644067797,0.576271186440678,0,0,0,0,0,0,0,0,2747,6.841544,-2.92074809735449
"748",250,250,1,9.732202808641,25.5451646041047,27.8133967723672,29.4761195494188,32.0967764414603,34.4951906522131,39.4404544097916,41.366004527807,45.4853328365118,1,1,1,1,1,1,1,1,0.796610169491525,0.779661016949153,0.76271186440678,0.728813559322034,0.694915254237288,0.644067796610169,0.627118644067797,0.576271186440678,0,0,0,0,0,0,0,0,2748,7.135172,-2.597030808641
"749",250,250,2,9.71522316772812,25.5281849631919,27.7964171314543,29.4591399085059,32.0797968005474,34.4782110113002,39.4234747688787,41.3490248868942,45.468353195599,0,0,0,0,0,0,0,1,0,0,0,0,0,0,0,0.944444444444444,0,0,0,0,0,0,0,0,2749,42.839236,33.1240128322719
"750",250,250,3,7.65056248873829,23.463524284202,25.7317564524645,27.3944792295161,30.0151361215576,32.4135503323104,37.3588140898889,39.2843642079043,43.4036925166091,1,1,1,1,1,1,1,1,0.813559322033898,0.796610169491525,0.779661016949153,0.745762711864407,0.728813559322034,0.677966101694915,0.644067796610169,0.610169491525424,1,1,1,1,1,1,1,0,2750,7.239144,-0.411418488738287
"751",251,251,1,9.71453985497175,25.5455292421873,27.81634731207,29.4809656788162,32.1046102548338,34.5057587814474,39.4566603946838,41.3844057391138,45.5084302944801,1,1,1,1,1,1,1,1,0.796610169491525,0.779661016949153,0.76271186440678,0.728813559322034,0.694915254237288,0.644067796610169,0.627118644067797,0.576271186440678,1,1,1,1,1,1,1,0,2751,7.229913,-2.48462685497175
"752",251,251,2,9.71507502919836,25.5460644164139,27.8168824862966,29.4815008530428,32.1051454290605,34.506293955674,39.4571955689104,41.3849409133404,45.5089654687067,1,1,1,1,1,1,1,1,0.783333333333333,0.766666666666667,0.75,0.716666666666667,0.683333333333333,0.633333333333333,0.616666666666667,0.566666666666667,0,0,0,0,0,0,0,0,2752,6.047916,-3.66715902919836
"753",251,251,3,9.78360220180422,25.6145915890197,27.8854096589025,29.5500280256487,32.1736726016663,34.5748211282799,39.5257227415163,41.4534680859462,45.5774926413126,1,1,1,1,1,1,1,1,0.783333333333333,0.766666666666667,0.75,0.716666666666667,0.683333333333333,0.633333333333333,0.616666666666667,0.566666666666667,0,0,0,0,0,0,0,0,2753,5.956853,-3.82674920180422
"754",252,252,1,9.78792893833585,25.6185141504445,27.8892742449149,29.5538501129083,32.1774277056312,34.578514929414,39.5292901430212,41.4569862709012,45.5809055373292,1,1,1,1,1,1,1,1,0.796610169491525,0.779661016949153,0.76271186440678,0.728813559322034,0.694915254237288,0.644067796610169,0.627118644067797,0.576271186440678,0,0,0,0,0,0,0,0,2754,6.941418,-2.84651093833585
"755",252,252,2,9.7308663601646,25.5614515722732,27.8322116667437,29.496787534737,32.1203651274599,34.5214523512428,39.4722275648499,41.3999236927299,45.5238429591579,1,1,1,1,1,1,1,1,0.783333333333333,0.766666666666667,0.75,0.716666666666667,0.683333333333333,0.633333333333333,0.616666666666667,0.566666666666667,0,0,0,0,0,0,0,0,2755,5.816118,-3.9147483601646
"756",252,252,3,9.79608553738105,25.6266707494897,27.8974308439601,29.5620067119534,32.1855843046764,34.5866715284592,39.5374467420664,41.4651428699464,45.5890621363744,1,1,1,1,1,1,1,1,0.783333333333333,0.766666666666667,0.75,0.716666666666667,0.683333333333333,0.633333333333333,0.616666666666667,0.566666666666667,0,0,0,0,0,0,0,0,2756,5.883205,-3.91288053738105
"757",253,253,1,9.79441874187188,25.6246814122795,27.8953952409415,29.5599371938821,32.1834613322843,34.5844996348967,39.5351739784832,41.4628308303427,45.5866660736018,1,1,1,1,1,1,1,1,0.810344827586207,0.793103448275862,0.775862068965517,0.741379310344828,0.706896551724138,0.655172413793103,0.637931034482759,0.586206896551724,0,0,0,0,0,0,0,0,2757,8.023587,-1.77083174187188
"758",253,253,2,9.6703084511849,25.5005711215925,27.7712849502545,29.4358269031951,32.0593510415974,34.4603893442097,39.4110636877962,41.3387205396557,45.4625557829148,1,1,1,1,1,1,1,1,0.796610169491525,0.779661016949153,0.76271186440678,0.728813559322034,0.694915254237288,0.644067796610169,0.627118644067797,0.576271186440678,0,0,0,0,0,0,0,0,2758,6.784751,-2.8855574511849
"759",253,253,3,9.74214249579633,25.572405166204,27.843118994866,29.5076609478066,32.1311850862088,34.5322233888212,39.4828977324076,41.4105545842672,45.5343898275263,1,1,1,1,1,1,1,1,0.796610169491525,0.779661016949153,0.76271186440678,0.728813559322034,0.694915254237288,0.644067796610169,0.627118644067797,0.576271186440678,0,0,0,0,0,0,0,0,2759,7.129033,-2.61310949579633
"760",254,254,1,9.72371750777431,25.553215815889,27.8238200034121,29.4882815841485,32.1116790460092,34.5126014147814,39.4630367156639,41.3906004908486,45.5142366152284,1,1,1,1,1,1,1,1,0.810344827586207,0.793103448275862,0.775862068965517,0.741379310344828,0.706896551724138,0.655172413793103,0.637931034482759,0.586206896551724,0,0,0,0,0,0,0,0,2760,8.784344,-0.939373507774308
"761",254,254,2,9.62706279629192,25.4565611044066,27.7271652919297,29.3916268726661,32.0150243345268,34.415946703299,39.3663820041815,41.2939457793662,45.417581903746,1,1,1,1,1,1,1,1,0.796610169491525,0.779661016949153,0.76271186440678,0.728813559322034,0.694915254237288,0.644067796610169,0.627118644067797,0.576271186440678,0,0,0,0,0,0,0,0,2761,7.057612,-2.56945079629192
"762",254,254,3,9.72788782752014,25.5573861356348,27.8279903231579,29.4924519038943,32.115849365755,34.5167717345272,39.4672070354097,41.3947708105944,45.5184069349742,1,1,1,1,1,1,1,1,0.796610169491525,0.779661016949153,0.76271186440678,0.728813559322034,0.694915254237288,0.644067796610169,0.627118644067797,0.576271186440678,0,0,0,0,0,0,0,0,2762,6.799821,-2.92806682752013
"763",255,255,1,9.73488572447177,25.5537993443771,27.8228852502147,29.4862338577838,32.10787713618,34.5071940835931,39.4543191839158,41.3805940577616,45.5014728362157,1,1,1,1,1,1,1,1,0.810344827586207,0.793103448275862,0.775862068965517,0.741379310344828,0.706896551724138,0.655172413793103,0.637931034482759,0.586206896551724,0,0,0,0,0,0,0,0,2763,7.923374,-1.81151172447177
"764",255,255,2,9.66966476331524,25.4885783832206,27.7576642890581,29.4210128966273,32.0426561750235,34.4419731224366,39.3890982227593,41.3153730966051,45.4362518750592,1,1,1,1,1,1,1,1,0.796610169491525,0.779661016949153,0.76271186440678,0.728813559322034,0.694915254237288,0.644067796610169,0.627118644067797,0.576271186440678,0,0,0,0,0,0,0,0,2764,6.801223,-2.86844176331525
"765",255,255,3,9.73480433998208,25.5537179598874,27.822803865725,29.4861524732941,32.1077957516904,34.5071126991034,39.4542377994261,41.3805126732719,45.501391451726,1,1,1,1,1,1,1,1,0.810344827586207,0.793103448275862,0.775862068965517,0.741379310344828,0.706896551724138,0.655172413793103,0.637931034482759,0.586206896551724,0,0,0,0,0,0,0,0,2765,7.816862,-1.91794233998208
"766",256,256,1,9.67730225379852,25.4951804590049,27.7641178435877,29.4273575779662,32.0488292587388,34.4479891607255,39.3947904508189,41.3209392418396,45.4415482913754,1,1,1,1,1,1,1,1,0.810344827586207,0.793103448275862,0.775862068965517,0.741379310344828,0.706896551724138,0.655172413793103,0.637931034482759,0.586206896551724,0,0,0,0,0,0,0,0,2766,8.501947,-1.17535525379852
"767",256,256,2,9.63762602404285,25.4555042292493,27.724441613832,29.3876813482106,32.0091530289832,34.4083129309698,39.3551142210633,41.281263012084,45.4018720616197,1,1,1,1,1,1,1,1,0.796610169491525,0.779661016949153,0.76271186440678,0.728813559322034,0.694915254237288,0.644067796610169,0.627118644067797,0.576271186440678,0,0,0,0,0,0,0,0,2767,7.47029,-2.16733602404285
"768",256,256,3,9.69737373441607,25.5152519396225,27.7841893242053,29.4474290585838,32.0689007393564,34.468060641343,39.4148619314365,41.3410107224572,45.461619771993,1,1,1,1,1,1,1,1,0.796610169491525,0.779661016949153,0.76271186440678,0.728813559322034,0.694915254237288,0.644067796610169,0.627118644067797,0.576271186440678,0,0,0,0,0,0,0,0,2768,7.090982,-2.60639173441607
"769",257,257,1,9.71968027065928,25.5365382478151,27.8053292895361,29.4684617475903,32.0897643475982,34.4887695075773,39.4352517368352,41.3612762943145,45.4816195711036,1,1,1,1,1,1,1,1,0.810344827586207,0.793103448275862,0.775862068965517,0.741379310344828,0.706896551724138,0.655172413793103,0.637931034482759,0.586206896551724,0,0,0,0,0,0,0,0,2769,8.045088,-1.67459227065928
"770",257,257,2,9.66451028961289,25.4813682667687,27.7501593084897,29.4132917665439,32.0345943665518,34.4335995265309,39.3800817557888,41.3061063132681,45.4264495900572,1,1,1,1,1,1,1,1,0.796610169491525,0.779661016949153,0.76271186440678,0.728813559322034,0.694915254237288,0.644067796610169,0.627118644067797,0.576271186440678,0,0,0,0,0,0,0,0,2770,7.252532,-2.41197828961289
"771",257,257,3,9.71033884482395,25.5271968219798,27.7959878637007,29.459120321755,32.0804229217629,34.4794280817419,39.4259103109998,41.3519348684792,45.4722781452682,1,1,1,1,1,1,1,1,0.796610169491525,0.779661016949153,0.76271186440678,0.728813559322034,0.694915254237288,0.644067796610169,0.627118644067797,0.576271186440678,0,0,0,0,0,0,0,0,2771,7.558754,-2.15158484482395
"772",258,258,1,9.69440084541093,25.5106411167232,27.7793435539004,29.4424110605819,32.0636112891874,34.4625227592877,39.4088118104199,41.3347611496337,45.4549435120285,1,1,1,1,1,1,1,1,0.810344827586207,0.793103448275862,0.775862068965517,0.741379310344828,0.706896551724138,0.655172413793103,0.637931034482759,0.586206896551724,0,0,0,0,0,0,0,0,2772,8.898243,-0.796157845410933
"773",258,258,2,9.61676905905916,25.4330093303714,27.7017117675487,29.3647792742302,31.9859795028356,34.3848909729359,39.3311800240681,41.2571293632819,45.3773117256768,1,1,1,1,1,1,1,1,1,0.978723404255319,0.957446808510638,0.914893617021277,0.872340425531915,0.808510638297872,0.787234042553192,0.723404255319149,0,0,0,0,0,0,0,0,2773,25.285925,15.6691559409408
"774",258,258,3,8.66700013387595,24.4832404051882,26.7519428423655,28.415010349047,31.0362105776524,33.4351220477527,38.3814110988849,40.3073604380987,44.4275428004935,1,1,1,1,1,1,1,1,0.813559322033898,0.779661016949153,0.76271186440678,0.745762711864407,0.711864406779661,0.661016949152542,0.644067796610169,0.593220338983051,0,0,0,0,0,0,0,0,2774,7.148671,-1.51832913387595
"775",259,259,1,9.71594087278571,25.5099049423783,27.7754120516985,29.4361372300759,32.0536456593638,34.449178410192,39.3885009173937,41.3117376754095,45.4261170143391,1,1,1,1,1,1,1,1,0.810344827586207,0.793103448275862,0.775862068965517,0.741379310344828,0.706896551724138,0.655172413793103,0.637931034482759,0.586206896551724,0,0,0,0,0,0,0,0,2775,8.627032,-1.08890887278571
"776",259,259,2,9.63116240246221,25.4251264720548,27.690633581375,29.3513587597524,31.9688671890403,34.3643999398685,39.3037224470702,41.226959205086,45.3413385440156,1,1,1,1,1,1,1,1,0.796610169491525,0.779661016949153,0.76271186440678,0.728813559322034,0.711864406779661,0.644067796610169,0.627118644067797,0.576271186440678,0,0,0,0,0,0,0,0,2776,6.877078,-2.75408440246221
"777",259,259,3,9.73151571485106,25.5254797844437,27.7909868937639,29.4517120721412,32.0692205014291,34.4647532522574,39.404075759459,41.3273125174749,45.4416918564045,1,1,1,1,1,1,1,1,0.796610169491525,0.779661016949153,0.76271186440678,0.728813559322034,0.694915254237288,0.644067796610169,0.627118644067797,0.576271186440678,0,0,0,0,0,0,0,0,2777,7.076996,-2.65451971485106
"778",260,260,1,9.71637532654734,25.5096842157241,27.7750973450983,29.4357536316757,32.0531534789602,34.4485868559937,39.387704465466,41.3108614419239,45.4250701042106,1,1,1,1,1,1,1,1,0.810344827586207,0.793103448275862,0.775862068965517,0.741379310344828,0.706896551724138,0.655172413793103,0.637931034482759,0.586206896551724,0,0,0,0,0,0,0,0,2778,8.134654,-1.58172132654734
"779",260,260,2,9.65561502264251,25.4489239118193,27.7143370411935,29.3749933277709,31.9923931750553,34.3878265520888,39.3269441615612,41.2501011380191,45.3643098003058,1,1,1,1,1,1,1,1,0.796610169491525,0.779661016949153,0.76271186440678,0.728813559322034,0.694915254237288,0.644067796610169,0.627118644067797,0.576271186440678,0,0,0,0,0,0,0,0,2779,6.266747,-3.38886802264251
"780",260,260,3,9.76292248591131,25.5562313750881,27.8216445044623,29.4823007910397,32.0997006383241,34.4951340153576,39.43425162483,41.3574086012879,45.4716172635746,1,1,1,1,1,1,1,1,0.796610169491525,0.779661016949153,0.76271186440678,0.728813559322034,0.694915254237288,0.644067796610169,0.627118644067797,0.576271186440678,0,0,0,0,0,0,0,0,2780,6.617126,-3.14579648591131
"781",261,261,1,9.71894194428098,25.4766244229316,27.7369272528286,29.39383744522,32.0053329844127,34.3953627634112,39.3233387538076,41.2421574892782,45.3470853550059,1,1,1,1,1,1,1,1,0.796610169491525,0.779661016949153,0.76271186440678,0.728813559322034,0.694915254237288,0.644067796610169,0.627118644067797,0.576271186440678,0,0,0,0,0,0,0,0,2781,7.27044,-2.44850194428098
"782",261,261,2,9.68214196003555,25.4398244386861,27.7001272685832,29.3570374609746,31.9685330001672,34.3585627791658,39.2865387695622,41.2053575050328,45.3102853707605,1,1,1,1,1,1,1,1,0.783333333333333,0.766666666666667,0.75,0.716666666666667,0.7,0.633333333333333,0.616666666666667,0.583333333333333,0,0,0,0,0,0,0,0,2782,5.720683,-3.96145896003555
"783",261,261,3,9.76943694098536,25.5271194196359,27.787422249533,29.4443324419244,32.055827981117,34.4458577601156,39.373833750512,41.2926524859826,45.3975803517103,1,1,1,1,1,1,1,1,0.796610169491525,0.779661016949153,0.76271186440678,0.728813559322034,0.694915254237288,0.644067796610169,0.627118644067797,0.576271186440678,0,0,0,0,0,0,0,0,2783,6.469095,-3.30034194098536
"784",262,262,1,9.72662733712864,25.4847281989684,27.7450910423039,29.4020452274189,32.013610104589,34.4037033414141,39.3318101748018,41.2506798569457,45.3557167128637,1,1,1,1,1,1,1,1,0.796610169491525,0.779661016949153,0.76271186440678,0.728813559322034,0.694915254237288,0.644067796610169,0.627118644067797,0.576271186440678,0,0,0,0,0,0,0,0,2784,6.893977,-2.83265033712864
"785",262,262,2,9.70271704083063,25.4608179026704,27.7211807460059,29.3781349311209,31.989699808291,34.3797930451161,39.3078998785038,41.2267695606477,45.3318064165657,0,0,0,0,0,1,1,1,0,0,0,0,0,0.974358974358974,0.948717948717949,0.871794871794872,0,0,0,0,0,0,0,0,2785,38.823748,29.1210309591694
"786",262,262,3,7.90586453745887,23.6639653992986,25.9243282426341,27.5812824277491,30.1928473049192,32.5829405417443,37.511047375132,39.4299170572759,43.5349539131939,1,1,1,1,1,1,1,1,0.813559322033898,0.796610169491525,0.779661016949153,0.745762711864407,0.728813559322034,0.661016949152542,0.644067796610169,0.610169491525424,1,1,1,1,1,0,0,0,2786,6.56714,-1.33872453745887
"787",263,263,1,9.72222265702103,25.48572342574,27.7468608388649,29.4043828207202,32.0168426158293,34.4077548778037,39.3375504500962,41.2570776808678,45.3635212302035,1,1,1,1,1,1,1,1,0.783333333333333,0.766666666666667,0.75,0.716666666666667,0.683333333333333,0.633333333333333,0.616666666666667,0.566666666666667,1,1,1,1,1,0,0,0,2787,6.016602,-3.70562065702103
"788",263,263,2,9.75317639418485,25.5166771629038,27.7778145760287,29.4353365578841,32.0477963529931,34.4387086149676,39.36850418726,41.2880314180316,45.3944749673673,1,1,1,1,1,1,1,1,0.903846153846154,0.884615384615385,0.865384615384615,0.826923076923077,0.788461538461538,0.730769230769231,0.711538461538462,0.653846153846154,0,0,0,0,0,0,0,0,2788,18.337015,8.58383860581515
"789",263,263,3,9.06046703397403,24.823967802693,27.0851052158179,28.7426271976732,31.3550869927823,33.7459992547567,38.6757948270492,40.5953220578208,44.7017656071565,1,1,1,1,1,1,1,1,0.888888888888889,0.851851851851852,0.833333333333333,0.796296296296296,0.777777777777778,0.722222222222222,0.703703703703704,0.648148148148148,0,0,0,0,0,0,0,0,2789,15.45863,6.39816296602597
"790",264,264,1,9.23280904667391,25.000778355364,27.2625567417765,28.9205485877398,31.5337489468384,33.9253389698741,38.8565320102092,40.7766033767208,44.884210995346,1,1,1,1,1,1,1,1,0.796610169491525,0.779661016949153,0.76271186440678,0.728813559322034,0.711864406779661,0.661016949152542,0.627118644067797,0.593220338983051,0,0,0,0,0,0,0,0,2790,6.758206,-2.47460304667391
"791",264,264,2,9.72155256960441,25.4895218782945,27.751300264707,29.4092921106703,32.0224924697689,34.4140824928046,39.3452755331397,41.2653468996513,45.3729545182765,1,1,1,1,1,1,1,1,0.783333333333333,0.766666666666667,0.75,0.716666666666667,0.683333333333333,0.633333333333333,0.616666666666667,0.566666666666667,0,0,0,0,0,0,0,0,2791,5.564639,-4.15691356960441
"792",264,264,3,9.78860081236058,25.5565701210506,27.8183485074631,29.4763403534265,32.0895407125251,34.4811307355608,39.4123237758958,41.3323951424075,45.4400027610326,1,1,1,1,1,1,1,1,0.796610169491525,0.779661016949153,0.76271186440678,0.728813559322034,0.694915254237288,0.644067796610169,0.627118644067797,0.576271186440678,0,0,0,0,0,0,0,0,2792,6.568148,-3.22045281236058
"793",265,265,1,9.73155938327218,25.4997965589233,27.7616133685272,29.4196333805295,32.0328781327915,34.4245087842644,39.3557855959253,41.2758895806943,45.3835669795396,1,1,1,1,1,1,1,1,0.783333333333333,0.766666666666667,0.75,0.716666666666667,0.683333333333333,0.633333333333333,0.616666666666667,0.566666666666667,0,0,0,0,0,0,0,0,2793,6.07588,-3.65567938327218
"794",265,265,2,9.75925405150538,25.5274912271565,27.7893080367604,29.4473280487627,32.0605728010247,34.4522034524976,39.3834802641585,41.3035842489275,45.4112616477728,1,1,1,1,1,1,1,1,0.824561403508772,0.807017543859649,0.789473684210526,0.754385964912281,0.719298245614035,0.666666666666667,0.649122807017544,0.596491228070175,0,0,0,0,0,0,0,0,2794,10.130045,0.370790948494617
"795",265,265,3,9.53116944182596,25.299406617477,27.5612234270809,29.2192434390833,31.8324881913452,34.2241188428182,39.1553956544791,41.0754996392481,45.1831770380934,1,1,1,1,1,1,1,1,0.783333333333333,0.766666666666667,0.75,0.716666666666667,0.7,0.633333333333333,0.616666666666667,0.583333333333333,0,0,0,0,0,0,0,0,2795,5.989558,-3.54161144182596
"796",266,266,1,9.76513128495165,25.5333552183796,27.7951701285015,29.4531887480926,32.0664313057421,34.4580599487148,39.3893326190715,41.3094349913302,45.417108940533,1,1,1,1,1,1,1,1,0.796610169491525,0.779661016949153,0.76271186440678,0.728813559322034,0.694915254237288,0.644067796610169,0.627118644067797,0.576271186440678,0,0,0,0,0,0,0,0,2796,6.791166,-2.97396528495165
"797",266,266,2,9.72002908942922,25.4882530228572,27.7500679329791,29.4080865525701,32.0213291102196,34.4129577531924,39.344230423549,41.2643327958077,45.3720067450106,0,0,0,0,0,0,0,0,0,0,0,0,0,0,0,0,0,0,0,0,0,0,0,0,2797,77.986614,68.2665849105708
"798",266,266,3,5.71424195157197,21.4824658849999,23.7442807951218,25.4022994147129,28.0155419723624,30.4071706153352,35.3384432856918,37.2585456579505,41.3662196071533,1,1,1,1,1,1,1,1,0.847457627118644,0.813559322033898,0.796610169491525,0.779661016949153,0.745762711864407,0.694915254237288,0.677966101694915,0.627118644067797,1,1,1,1,1,1,1,1,2798,6.771379,1.05713704842803
"799",267,267,1,9.74341302708332,25.6802234238771,27.9662205994269,29.6419659773677,32.2831481002194,34.700346916238,39.6843424438358,41.6249736511495,45.7765649258976,1,1,1,1,1,1,1,1,0.796610169491525,0.779661016949153,0.76271186440678,0.728813559322034,0.694915254237288,0.644067796610169,0.627118644067797,0.576271186440678,1,1,1,1,1,1,1,1,2799,6.471385,-3.27202802708332
"800",267,267,2,9.76059096850805,25.6974013653019,27.9833985408517,29.6591439187924,32.3003260416442,34.7175248576628,39.7015203852605,41.6421515925742,45.7937428673224,1,1,1,1,1,1,1,1,0.783333333333333,0.766666666666667,0.75,0.716666666666667,0.683333333333333,0.633333333333333,0.616666666666667,0.566666666666667,0,0,0,0,0,0,0,0,2800,5.899864,-3.86072696850805
"801",267,267,3,9.79331680389479,25.7301272006886,28.0161243762384,29.6918697541792,32.3330518770309,34.7502506930495,39.7342462206472,41.6748774279609,45.8264687027091,1,1,1,1,1,1,1,1,0.796610169491525,0.779661016949153,0.745762711864407,0.728813559322034,0.694915254237288,0.644067796610169,0.627118644067797,0.576271186440678,0,0,0,0,0,0,0,0,2801,6.729286,-3.06403080389479
"802",268,268,1,9.74533124394753,25.6823980616889,27.9684320185988,29.6442043590375,32.2854289781232,34.7026666865171,39.6867424058737,41.6274048376596,45.7790629109039,1,1,1,1,1,1,1,1,0.796610169491525,0.779661016949153,0.76271186440678,0.728813559322034,0.694915254237288,0.644067796610169,0.627118644067797,0.576271186440678,0,0,0,0,0,0,0,0,2802,7.009672,-2.73565924394753
"803",268,268,2,9.72927705687125,25.6663438746126,27.9523778315226,29.6281501719613,32.2693747910469,34.6866124994408,39.6706882187974,41.6113506505833,45.7630087238277,1,1,1,1,1,1,1,1,0.783333333333333,0.766666666666667,0.75,0.716666666666667,0.683333333333333,0.633333333333333,0.616666666666667,0.566666666666667,0,0,0,0,0,0,0,0,2803,5.769592,-3.95968505687125
"804",268,268,3,9.80028087414296,25.7373476918843,28.0233816487943,29.699153989233,32.3403786083186,34.7576163167125,39.7416920360691,41.682354467855,45.8340125410994,1,1,1,1,1,1,1,1,0.783333333333333,0.766666666666667,0.733333333333333,0.716666666666667,0.683333333333333,0.633333333333333,0.616666666666667,0.566666666666667,0,0,0,0,0,0,0,0,2804,6.035057,-3.76522387414296
"805",269,269,1,9.78119814987801,25.7187151749714,28.0048137102198,29.6806333896724,32.3219326209031,34.7392386140197,39.7234551288914,41.6641723825905,45.8159477363238,1,1,1,1,1,1,1,1,0.783333333333333,0.766666666666667,0.75,0.716666666666667,0.683333333333333,0.633333333333333,0.616666666666667,0.566666666666667,0,0,0,0,0,0,0,0,2805,5.917735,-3.86346314987801
"806",269,269,2,9.78788088563014,25.7253979107235,28.0114964459719,29.6873161254245,32.3286153566553,34.7459213497718,39.7301378646435,41.6708551183427,45.8226304720759,1,1,1,1,1,1,1,1,0.810344827586207,0.793103448275862,0.775862068965517,0.741379310344828,0.706896551724138,0.655172413793103,0.637931034482759,0.586206896551724,0,0,0,0,0,0,0,0,2806,7.855115,-1.93276588563014
"807",269,269,3,9.67752648840329,25.6150435134967,27.901142048745,29.5769617281977,32.2182609594284,34.635566952545,39.6197834674167,41.5605007211158,45.7122760748491,1,1,1,1,1,1,1,1,0.783333333333333,0.766666666666667,0.75,0.716666666666667,0.683333333333333,0.633333333333333,0.616666666666667,0.566666666666667,0,0,0,0,0,0,0,0,2807,5.921622,-3.75590448840329
"808",270,270,1,9.78663056590974,25.7246412604722,28.0108106083226,29.6866821968028,32.3280632430859,34.7454441129956,39.7298150154998,41.67059238351,45.8224963397559,1,1,1,1,1,1,1,1,0.796610169491525,0.779661016949153,0.76271186440678,0.728813559322034,0.694915254237288,0.644067796610169,0.627118644067797,0.576271186440678,0,0,0,0,0,0,0,0,2808,6.477597,-3.30903356590974
"809",270,270,2,9.75496594198241,25.6929766365449,27.9791459843952,29.6550175728755,32.2963986191585,34.7137794890683,39.6981503915724,41.6389277595827,45.7908317158285,0,0,0,0,0,1,1,1,0,0,0,0,0,1,0.973684210526316,0.894736842105263,0,0,0,0,0,0,0,0,2809,39.750543,29.9955770580176
"810",270,270,3,7.85996109096508,23.7979717855276,26.0841411333779,27.7600127218581,30.4013937681412,32.818774638051,37.8031455405551,39.7439229085653,43.8958268648112,1,1,1,1,1,1,1,1,0.813559322033898,0.796610169491525,0.779661016949153,0.745762711864407,0.711864406779661,0.661016949152542,0.644067796610169,0.593220338983051,1,1,1,1,1,0,0,0,2810,7.084629,-0.775332090965083
"811",271,271,1,9.72310861362772,25.6644409417645,27.9510867491309,29.6273076052482,32.2692391405561,34.6871238157157,39.6725335086971,41.6137153532377,45.7664846059025,1,1,1,1,1,1,1,1,0.783333333333333,0.766666666666667,0.75,0.716666666666667,0.683333333333333,0.633333333333333,0.616666666666667,0.566666666666667,1,1,1,1,1,0,0,0,2811,6.203704,-3.51940461362772
"812",271,271,2,9.77377686916324,25.7151091973,28.0017550046664,29.6779758607837,32.3199073960917,34.7377920712512,39.7232017642327,41.6643836087732,45.817152861438,1,1,1,1,1,1,1,1,0.796610169491525,0.779661016949153,0.76271186440678,0.728813559322034,0.694915254237288,0.644067796610169,0.627118644067797,0.576271186440678,0,0,0,0,0,0,0,0,2812,7.266051,-2.50772586916325
"813",271,271,3,9.71267374544284,25.6540060735796,27.940651880946,29.6168727370633,32.2588042723713,34.6766889475308,39.6620986405123,41.6032804850528,45.7560497377176,1,1,1,1,1,1,1,1,0.796610169491525,0.779661016949153,0.76271186440678,0.728813559322034,0.694915254237288,0.644067796610169,0.627118644067797,0.576271186440678,0,0,0,0,0,0,0,0,2813,7.074103,-2.63857074544284
"814",272,272,1,9.720690735335,25.6624951457723,27.9492086692487,29.6254791645167,32.26748893727,34.6854452150119,39.6710025445665,41.6122418747407,45.7651341063901,1,1,1,1,1,1,1,1,0.796610169491525,0.779661016949153,0.76271186440678,0.728813559322034,0.694915254237288,0.644067796610169,0.627118644067797,0.576271186440678,0,0,0,0,0,0,0,0,2814,6.987043,-2.733647735335
"815",272,272,2,9.72566748475958,25.6674718951969,27.9541854186733,29.6304559139413,32.2724656866946,34.6904219644364,39.675979293991,41.6172186241653,45.7701108558146,1,1,1,1,1,1,1,1,0.796610169491525,0.779661016949153,0.76271186440678,0.728813559322034,0.694915254237288,0.644067796610169,0.627118644067797,0.576271186440678,0,0,0,0,0,0,0,0,2815,6.585543,-3.14012448475958
"816",272,272,3,9.74861906865538,25.6904234790927,27.9771370025691,29.6534074978371,32.2954172705904,34.7133735483322,39.6989308778869,41.6401702080611,45.7930624397104,1,1,1,1,1,1,1,1,0.796610169491525,0.779661016949153,0.76271186440678,0.728813559322034,0.694915254237288,0.644067796610169,0.627118644067797,0.576271186440678,0,0,0,0,0,0,0,0,2816,7.529737,-2.21888206865538
"817",273,273,1,9.68152051688028,25.5995909512526,27.8829000417905,29.5566749247182,32.194751303541,34.609107755633,39.5872426444598,41.5255918797231,45.6723013329184,1,1,1,1,1,1,1,1,0.810344827586207,0.793103448275862,0.775862068965517,0.741379310344828,0.706896551724138,0.655172413793103,0.637931034482759,0.586206896551724,0,0,0,0,0,0,0,0,2817,7.931721,-1.74979951688028
"818",273,273,2,9.65874043363903,25.5768108680114,27.8601199585493,29.533894841477,32.1719712202998,34.5863276723917,39.5644625612186,41.5028117964818,45.6495212496772,1,1,1,1,1,1,1,1,0.796610169491525,0.779661016949153,0.76271186440678,0.728813559322034,0.694915254237288,0.644067796610169,0.627118644067797,0.576271186440678,0,0,0,0,0,0,0,0,2818,6.702387,-2.95635343363903
"819",273,273,3,9.72840572094224,25.6464761553146,27.9297852458525,29.6035601287802,32.241636507603,34.6559929596949,39.6341278485218,41.572477083785,45.7191865369804,1,1,1,1,1,1,1,1,0.796610169491525,0.779661016949153,0.76271186440678,0.728813559322034,0.694915254237288,0.644067796610169,0.627118644067797,0.576271186440678,0,0,0,0,0,0,0,0,2819,7.075119,-2.65328672094224
"820",274,274,1,9.70854582990387,25.6260309678661,27.9092561027123,29.5829694420984,32.2209488206823,34.635216498562,39.6131683448215,41.5514463083277,45.6980032898924,1,1,1,1,1,1,1,1,0.796610169491525,0.779661016949153,0.76271186440678,0.728813559322034,0.694915254237288,0.644067796610169,0.627118644067797,0.576271186440678,0,0,0,0,0,0,0,0,2820,7.317624,-2.39092182990387
"821",274,274,2,9.69473348021235,25.6122186181746,27.8954437530208,29.5691570924069,32.2071364709908,34.6214041488705,39.59935599513,41.5376339586362,45.6841909402008,0,0,0,1,1,1,1,1,0,0,0,1,0.953488372093023,0.883720930232558,0.86046511627907,0.790697674418605,0,0,0,0,0,0,0,0,2821,32.144331,22.4495975197877
"822",274,274,3,8.28067950700382,24.1981646449661,26.4813897798123,28.1551031191984,30.7930824977823,33.207350175662,38.1853020219215,40.1235799854276,44.2701369669923,1,1,1,1,1,1,1,1,0.872727272727273,0.854545454545454,0.818181818181818,0.8,0.763636363636364,0.709090909090909,0.690909090909091,0.636363636363636,1,1,1,0,0,0,0,0,2822,12.996722,4.71604249299618
"823",275,275,1,9.3832190362471,25.3120439969838,27.596895731017,29.2718014454849,31.9116601547782,34.3276477882514,39.3091459919428,41.248804809799,45.3983158523154,1,1,1,1,1,1,1,1,0.796610169491525,0.779661016949153,0.76271186440678,0.728813559322034,0.711864406779661,0.644067796610169,0.627118644067797,0.576271186440678,1,1,1,0,0,0,0,0,2823,7.163789,-2.2194300362471
"824",275,275,2,9.70969353319689,25.6385184939336,27.9233702279668,29.5982759424347,32.238134651728,34.6541222852012,39.6356204888926,41.5752793067488,45.7247903492652,1,1,1,1,1,1,1,1,0.796610169491525,0.779661016949153,0.76271186440678,0.728813559322034,0.694915254237288,0.644067796610169,0.627118644067797,0.576271186440678,0,0,0,0,0,0,0,0,2824,6.944502,-2.76519153319689
"825",275,275,3,9.72196722346775,25.6507921842045,27.9356439182376,29.6105496327056,32.2504083419989,34.6663959754721,39.6478941791635,41.5875529970197,45.737064039536,1,1,1,1,1,1,1,1,0.796610169491525,0.779661016949153,0.76271186440678,0.728813559322034,0.694915254237288,0.644067796610169,0.627118644067797,0.576271186440678,0,0,0,0,0,0,0,0,2825,7.063357,-2.65861022346774
"826",276,276,1,9.71921155189947,25.6473596372252,27.9321142793535,29.6069488208067,32.2466953526197,34.6625803217327,39.6438668429144,41.5834432374052,45.7327779516614,1,1,1,1,1,1,1,1,0.796610169491525,0.779661016949153,0.76271186440678,0.728813559322034,0.694915254237288,0.644067796610169,0.627118644067797,0.576271186440678,0,0,0,0,0,0,0,0,2826,7.159558,-2.55965355189947
"827",276,276,2,9.71377892279306,25.6419270081188,27.9266816502471,29.6015161917003,32.2412627235133,34.6571476926263,39.638434213808,41.5780106082988,45.727345322555,1,1,1,1,1,1,1,1,0.796610169491525,0.779661016949153,0.76271186440678,0.728813559322034,0.694915254237288,0.644067796610169,0.627118644067797,0.576271186440678,0,0,0,0,0,0,0,0,2827,6.86005,-2.85372892279306
"828",276,276,3,9.73069263344474,25.6588407187704,27.9435953608988,29.618429902352,32.2581764341649,34.674061403278,39.6553479244597,41.5949243189505,45.7442590332067,1,1,1,1,1,1,1,1,0.796610169491525,0.779661016949153,0.76271186440678,0.728813559322034,0.694915254237288,0.644067796610169,0.627118644067797,0.576271186440678,0,0,0,0,0,0,0,0,2828,7.7064,-2.02429263344474
"829",277,277,1,9.67950813334225,25.6073558422699,27.8920673980102,29.566870355078,32.2065671059905,34.6224065158319,39.6035990988549,41.5431389164023,45.6923953816235,1,1,1,1,1,1,1,1,0.796610169491525,0.779661016949153,0.76271186440678,0.728813559322034,0.694915254237288,0.644067796610169,0.627118644067797,0.576271186440678,0,0,0,0,0,0,0,0,2829,7.073417,-2.60609113334225
"830",277,277,2,9.71507063023628,25.6429183391639,27.9276298949042,29.602432851972,32.2421296028845,34.6579690127259,39.6391615957489,41.5787014132963,45.7279578785176,1,1,1,1,1,1,1,1,0.796610169491525,0.779661016949153,0.76271186440678,0.728813559322034,0.694915254237288,0.644067796610169,0.627118644067797,0.576271186440678,0,0,0,0,0,0,0,0,2830,6.713822,-3.00124863023628
"831",277,277,3,9.73527353627105,25.6631212451987,27.947832800939,29.6226357580068,32.2623325089193,34.6781719187607,39.6593645017837,41.5989043193311,45.7481607845524,1,1,1,1,1,1,1,1,0.796610169491525,0.779661016949153,0.76271186440678,0.728813559322034,0.694915254237288,0.644067796610169,0.627118644067797,0.576271186440678,0,0,0,0,0,0,0,0,2831,7.480729,-2.25454453627105
"832",278,278,1,9.67526214171594,25.5502616050487,27.8273925384966,29.4966385364815,32.1275768320937,34.5354005403298,39.5000656367901,41.4331701042204,45.5686594284746,1,1,1,1,1,1,1,1,0.796610169491525,0.779661016949153,0.76271186440678,0.728813559322034,0.694915254237288,0.644067796610169,0.627118644067797,0.576271186440678,0,0,0,0,0,0,0,0,2832,7.178747,-2.49651514171594
"833",278,278,2,9.6926969035973,25.5676963669301,27.844827300378,29.5140732983629,32.1450115939751,34.5528353022112,39.5175003986714,41.4506048661017,45.586094190356,1,1,1,1,1,1,1,1,0.796610169491525,0.779661016949153,0.76271186440678,0.728813559322034,0.694915254237288,0.644067796610169,0.627118644067797,0.576271186440678,0,0,0,0,0,0,0,0,2833,6.869951,-2.8227459035973
"834",278,278,3,9.71052506795782,25.5855245312906,27.8626554647385,29.5319014627234,32.1628397583356,34.5706634665717,39.5353285630319,41.4684330304623,45.6039223547165,0,0,0,0,0,0,1,1,0,0,0,0,0,0,1,0.918918918918919,0,0,0,0,0,0,0,0,2834,41.108484,31.3979589320422
"835",279,279,1,7.76041365273589,23.6447430418804,25.9232122722348,27.5934393059267,30.2259238352361,32.6351626500754,37.6027455392031,39.5369861150981,43.6749059155662,1,1,1,1,1,1,1,1,0.813559322033898,0.796610169491525,0.779661016949153,0.745762711864407,0.728813559322034,0.661016949152542,0.644067796610169,0.610169491525424,1,1,1,1,1,1,0,0,2835,6.844676,-0.915737652735888
"836",279,279,2,9.7117129466767,25.5960423358212,27.8745115661756,29.5447385998676,32.177223129177,34.5864619440162,39.5540448331439,41.4882854090389,45.626205209507,1,1,1,1,1,1,1,1,0.796610169491525,0.779661016949153,0.76271186440678,0.728813559322034,0.694915254237288,0.644067796610169,0.627118644067797,0.576271186440678,1,1,1,1,1,1,0,0,2836,7.102072,-2.6096409466767
"837",279,279,3,9.6970544290635,25.581383818208,27.8598530485625,29.5300800822544,32.1625646115638,34.571803426403,39.5393863155307,41.4736268914257,45.6115466918938,1,1,1,1,1,1,1,1,0.796610169491525,0.779661016949153,0.76271186440678,0.728813559322034,0.694915254237288,0.644067796610169,0.627118644067797,0.576271186440678,0,0,0,0,0,0,0,0,2837,7.365097,-2.3319574290635
"838",280,280,1,9.68637544769709,25.5696464361864,27.8479638481501,29.5180795916929,32.1503887139529,34.5594669969952,39.5267188873847,41.4608305814464,45.5984746650793,1,1,1,1,1,1,1,1,0.796610169491525,0.779661016949153,0.76271186440678,0.728813559322034,0.694915254237288,0.644067796610169,0.627118644067797,0.576271186440678,0,0,0,0,0,0,0,0,2838,7.127504,-2.55887144769709
"839",280,280,2,9.69994562477771,25.5832166132671,27.8615340252308,29.5316497687735,32.1639588910335,34.5730371740758,39.5402890644654,41.4744007585271,45.61204484216,1,1,1,1,1,1,1,1,0.796610169491525,0.779661016949153,0.76271186440678,0.728813559322034,0.694915254237288,0.644067796610169,0.627118644067797,0.576271186440678,0,0,0,0,0,0,0,0,2839,6.794005,-2.90594062477771
"840",280,280,3,9.71899349439597,25.6022644828853,27.880581894849,29.5506976383918,32.1830067606517,34.5920850436941,39.5593369340836,41.4934486281453,45.6310927117782,1,1,1,1,1,1,1,1,0.796610169491525,0.779661016949153,0.76271186440678,0.728813559322034,0.694915254237288,0.644067796610169,0.627118644067797,0.576271186440678,0,0,0,0,0,0,0,0,2840,6.917259,-2.80173449439597
"841",281,281,1,9.71336325844954,25.5959543580733,27.8741742458783,29.5442184995435,32.1764149449081,34.5853901065277,39.5524293719954,41.4864582757423,45.6239252461002,1,1,1,1,1,1,1,1,0.796610169491525,0.779661016949153,0.76271186440678,0.728813559322034,0.694915254237288,0.644067796610169,0.627118644067797,0.576271186440678,0,0,0,0,0,0,0,0,2841,6.883917,-2.82944625844954
"842",281,281,2,9.7152883741605,25.5978794737842,27.8760993615892,29.5461436152544,32.178340060619,34.5873152222387,39.5543544877064,41.4883833914532,45.6258503618111,1,1,1,1,1,1,1,1,0.796610169491525,0.779661016949153,0.76271186440678,0.728813559322034,0.694915254237288,0.644067796610169,0.627118644067797,0.576271186440678,0,0,0,0,0,0,0,0,2842,6.598921,-3.1163673741605
"843",281,281,3,9.73174360411557,25.6143347037393,27.8925545915443,29.5625988452095,32.1947952905741,34.6037704521937,39.5708097176614,41.5048386214083,45.6423055917662,1,1,1,1,1,1,1,1,0.783333333333333,0.766666666666667,0.75,0.716666666666667,0.683333333333333,0.633333333333333,0.616666666666667,0.566666666666667,0,0,0,0,0,0,0,0,2843,5.820327,-3.91141660411557
"844",282,282,1,9.77372382392048,25.6561167639254,27.9343082274524,29.6043316447609,32.2364952494485,34.6454403554182,39.6124176494731,41.546422423251,45.6838377723796,1,1,1,1,1,1,1,1,0.796610169491525,0.779661016949153,0.76271186440678,0.728813559322034,0.694915254237288,0.644067796610169,0.627118644067797,0.576271186440678,0,0,0,0,0,0,0,0,2844,7.711125,-2.06259882392048
"845",282,282,2,9.6653562811556,25.5477492211605,27.8259406846875,29.495964101996,32.1281277066836,34.5370728126533,39.5040501067083,41.4380548804861,45.5754702296147,0,0,0,0,0,0,0,0,0,0,0,0,0,0,0,0,0,0,0,0,0,0,0,0,2845,47.389176,37.7238197188444
"846",282,282,3,7.39128317098211,23.273676110987,25.551867574514,27.2218909918226,29.8540545965102,32.2629997024798,37.2299769965348,39.1639817703127,43.3013971194412,0,0,0,0,0,0,1,1,0,0,0,0,0,0,0.974358974358974,0.923076923076923,1,1,1,1,1,1,1,1,2846,37.569452,30.1781688290179
"847",283,283,1,8.15709098611216,24.1195971032708,26.4092801069579,28.0877273733921,30.7331680069227,33.1542641940774,38.1462956681531,40.0900558526958,44.2483409467095,1,1,1,1,1,1,1,1,0.813559322033898,0.796610169491525,0.779661016949153,0.745762711864407,0.711864406779661,0.661016949152542,0.644067796610169,0.593220338983051,1,1,1,1,1,1,1,1,2847,6.306356,-1.85073498611216
"848",283,283,2,9.75019746855175,25.7127035857104,28.0023865893974,29.6808338558317,32.3262744893623,34.747370676517,39.7394021505927,41.6831623351353,45.8414474291491,1,1,1,1,1,1,1,1,0.796610169491525,0.779661016949153,0.76271186440678,0.728813559322034,0.694915254237288,0.644067796610169,0.627118644067797,0.576271186440678,1,1,1,1,1,1,0,0,2848,6.629403,-3.12079446855175
"849",283,283,3,9.7337356226158,25.6962417397745,27.9859247434615,29.6643720098958,32.3098126434263,34.7309088305811,39.7229403046567,41.6667004891994,45.8249855832131,1,1,1,1,1,1,1,1,0.796610169491525,0.779661016949153,0.76271186440678,0.728813559322034,0.694915254237288,0.644067796610169,0.627118644067797,0.576271186440678,0,0,0,0,0,0,0,0,2849,6.5437,-3.1900356226158
"850",284,284,1,9.74087416134096,25.7033013680709,27.9929730527416,29.671412021795,32.3168395776263,34.7379237961254,39.7299305921623,41.6736811677534,45.8319457053421,1,1,1,1,1,1,1,1,0.796610169491525,0.779661016949153,0.76271186440678,0.728813559322034,0.694915254237288,0.644067796610169,0.627118644067797,0.576271186440678,0,0,0,0,0,0,0,0,2850,6.424464,-3.31641016134096
"851",284,284,2,9.74701052772773,25.7094377344577,27.9991094191284,29.6775483881817,32.322975944013,34.7440601625122,39.7360669585491,41.6798175341402,45.8380820717289,1,1,1,1,1,1,1,1,0.796610169491525,0.779661016949153,0.76271186440678,0.728813559322034,0.694915254237288,0.644067796610169,0.627118644067797,0.576271186440678,0,0,0,0,0,0,0,0,2851,6.265847,-3.48116352772773
"852",284,284,3,9.75517359951116,25.7176008062411,28.0072724909118,29.6857114599652,32.3311390157965,34.7522232342956,39.7442300303325,41.6879806059236,45.8462451435123,1,1,1,1,1,1,1,1,0.783333333333333,0.766666666666667,0.75,0.716666666666667,0.683333333333333,0.633333333333333,0.616666666666667,0.566666666666667,0,0,0,0,0,0,0,0,2852,5.856603,-3.89857059951116
"853",285,285,1,9.77586871975615,25.7386370951277,28.0283577174798,29.7068325601967,32.3523166573619,34.7734526222529,39.7655661136035,41.7093582334243,45.8677116465609,1,1,1,1,1,1,1,1,0.796610169491525,0.779661016949153,0.745762711864407,0.728813559322034,0.694915254237288,0.644067796610169,0.627118644067797,0.576271186440678,0,0,0,0,0,0,0,0,2853,6.270125,-3.50574371975615
"854",285,285,2,9.75461113876293,25.7173795141344,28.0071001364866,29.6855749792035,32.3310590763687,34.7521950412597,39.7443085326103,41.6881006524311,45.8464540655677,1,1,1,1,1,1,1,1,0.783333333333333,0.766666666666667,0.75,0.716666666666667,0.683333333333333,0.633333333333333,0.616666666666667,0.566666666666667,0,0,0,0,0,0,0,0,2854,5.835363,-3.91924813876293
"855",285,285,3,9.77696058674339,25.7397289621149,28.0294495844671,29.707924427184,32.3534085243491,34.7745444892402,39.7666579805907,41.7104501004115,45.8688035135482,1,1,1,1,1,1,1,1,0.783333333333333,0.766666666666667,0.733333333333333,0.716666666666667,0.683333333333333,0.633333333333333,0.616666666666667,0.566666666666667,0,0,0,0,0,0,0,0,2855,5.707065,-4.06989558674339
"856",286,286,1,9.78343316106758,25.7470297907395,28.0368692189847,29.7154311521094,32.3610525145363,34.7823141040201,39.77468661933,41.7185795959787,45.8771487720717,1,1,1,1,1,1,1,1,0.796610169491525,0.779661016949153,0.745762711864407,0.728813559322034,0.694915254237288,0.644067796610169,0.627118644067797,0.576271186440678,0,0,0,0,0,0,0,0,2856,6.629602,-3.15383116106758
"857",286,286,2,9.73590837105659,25.6995050007285,27.9893444289738,29.6679063620984,32.3135277245254,34.7347893140091,39.727161829319,41.6710548059677,45.8296239820607,1,1,1,1,1,1,1,1,0.783333333333333,0.766666666666667,0.75,0.716666666666667,0.683333333333333,0.633333333333333,0.616666666666667,0.566666666666667,0,0,0,0,0,0,0,0,2857,5.997889,-3.73801937105659
"858",286,286,3,9.76845126925169,25.7320478989236,28.0218873271689,29.7004492602935,32.3460706227205,34.7673322122042,39.7597047275141,41.7035977041628,45.8621668802558,0,0,0,0,0,1,1,1,0,0,0,0,0,1,0.973684210526316,0.894736842105263,0,0,0,0,0,0,0,0,2858,39.97253,30.2040787307483
"859",287,287,1,8.02103279602287,23.9936532407496,26.2847870569692,27.9642978384514,30.6114147033289,33.0340449703914,38.0292395468764,39.9742313567714,44.1351512662241,1,1,1,1,1,1,1,1,0.813559322033898,0.796610169491525,0.779661016949153,0.745762711864407,0.711864406779661,0.661016949152542,0.644067796610169,0.593220338983051,1,1,1,1,1,0,0,0,2859,6.291089,-1.72994379602286
"860",287,287,2,9.75132181055543,25.7239422552821,28.0150760715018,29.694586852984,32.3417037178615,34.7643339849239,39.7595285614089,41.7045203713039,45.8654402807566,1,1,1,1,1,1,1,1,0.783333333333333,0.766666666666667,0.733333333333333,0.716666666666667,0.683333333333333,0.633333333333333,0.616666666666667,0.566666666666667,1,1,1,1,1,0,0,0,2860,5.955581,-3.79574081055543
"861",287,287,3,9.76855758757245,25.7411780322992,28.0323118485188,29.711822630001,32.3589394948785,34.7815697619409,39.7767643384259,41.7217561483209,45.8826760577736,1,1,1,1,1,1,1,1,0.783333333333333,0.766666666666667,0.733333333333333,0.716666666666667,0.683333333333333,0.633333333333333,0.616666666666667,0.566666666666667,0,0,0,0,0,0,0,0,2861,5.814921,-3.95363658757245
"862",288,288,1,9.77675563772914,25.7497557851609,28.0409440664391,29.7204947734169,32.367674565817,34.7903624238846,39.7856757466266,41.7307137930583,45.8917326163086,1,1,1,1,1,1,1,1,0.796610169491525,0.779661016949153,0.745762711864407,0.728813559322034,0.694915254237288,0.644067796610169,0.627118644067797,0.576271186440678,0,0,0,0,0,0,0,0,2862,6.763926,-3.01282963772914
"863",288,288,2,9.72770399399894,25.7007041414307,27.9918924227089,29.6714431296867,32.3186229220868,34.7413107801544,39.7366241028964,41.6816621493281,45.8426809725784,1,1,1,1,1,1,1,1,0.783333333333333,0.766666666666667,0.75,0.716666666666667,0.683333333333333,0.633333333333333,0.616666666666667,0.566666666666667,0,0,0,0,0,0,0,0,2863,6.122612,-3.60509199399894
"864",288,288,3,9.76085187609354,25.7338520235253,28.0250403048035,29.7045910117813,32.3517708041814,34.774458662249,39.769771984991,41.7148100314227,45.875828854673,1,1,1,1,1,1,1,1,0.783333333333333,0.766666666666667,0.733333333333333,0.716666666666667,0.683333333333333,0.633333333333333,0.616666666666667,0.566666666666667,0,0,0,0,0,0,0,0,2864,5.672409,-4.08844287609354
"865",289,289,1,9.78356701398729,25.7568525016117,28.0480817124648,29.7276624227805,32.3748895041549,34.7976206408935,39.7930231994493,41.7380959918602,45.8991891471646,1,1,1,1,1,1,1,1,0.796610169491525,0.779661016949153,0.745762711864407,0.728813559322034,0.694915254237288,0.644067796610169,0.627118644067797,0.576271186440678,0,0,0,0,0,0,0,0,2865,6.877455,-2.90611201398729
"866",289,289,2,9.72128564400018,25.6945711316246,27.9858003424776,29.6653810527934,32.3126081341677,34.7353392709064,39.7307418294622,41.6758146218731,45.8369077771775,1,1,1,1,1,1,1,1,0.783333333333333,0.766666666666667,0.75,0.716666666666667,0.683333333333333,0.633333333333333,0.616666666666667,0.566666666666667,0,0,0,0,0,0,0,0,2866,5.802701,-3.91858464400018
"867",289,289,3,9.77683302685455,25.750118514479,28.041347725332,29.7209284356478,32.3681555170221,34.7908866537608,39.7862892123165,41.7313620047275,45.8924551600319,1,1,1,1,1,1,1,1,0.796610169491525,0.779661016949153,0.745762711864407,0.728813559322034,0.694915254237288,0.644067796610169,0.627118644067797,0.576271186440678,0,0,0,0,0,0,0,0,2867,6.560277,-3.21655602685455
"868",290,290,1,9.73830845717239,25.7112442558851,28.0024233068979,29.6819672476491,32.3291363756389,34.7518144736827,39.7471076723397,41.6921378830044,45.8531399432027,1,1,1,1,1,1,1,1,0.796610169491525,0.779661016949153,0.76271186440678,0.728813559322034,0.694915254237288,0.644067796610169,0.627118644067797,0.576271186440678,0,0,0,0,0,0,0,0,2868,6.651466,-3.08684245717239
"869",290,290,2,9.73359507719752,25.7065308759102,27.997709926923,29.6772538676743,32.324422995664,34.7471010937078,39.7423942923648,41.6874245030296,45.8484265632279,1,1,1,1,1,1,1,1,0.796610169491525,0.779661016949153,0.76271186440678,0.728813559322034,0.694915254237288,0.644067796610169,0.627118644067797,0.576271186440678,0,0,0,0,0,0,0,0,2869,7.150937,-2.58265807719752
"870",290,290,3,9.7077784040305,25.6807142027432,27.971893253756,29.6514371945072,32.298606322497,34.7212844205408,39.7165776191978,41.6616078298626,45.8226098900609,0,0,0,0,0,1,1,1,0,0,0,0,0,1,0.973684210526316,0.894736842105263,0,0,0,0,0,0,0,0,2870,39.426565,29.7187865959695
"871",291,291,1,8.06161354237369,24.0416717333966,26.3338724297887,28.0141652855171,30.6625147962041,33.0862731755483,38.083793794281,40.0296913012518,44.1925487679608,1,1,1,1,1,1,1,1,0.813559322033898,0.796610169491525,0.779661016949153,0.745762711864407,0.711864406779661,0.661016949152542,0.644067796610169,0.593220338983051,1,1,1,1,1,0,0,0,2871,6.669528,-1.39208554237369
"872",291,291,2,9.73318030726904,25.7132384982919,28.0054391946841,29.6857320504125,32.3340815610995,34.7578399404437,39.7553605591763,41.7012580661472,45.8641155328562,1,1,1,1,1,1,1,1,0.796610169491525,0.779661016949153,0.76271186440678,0.728813559322034,0.694915254237288,0.644067796610169,0.627118644067797,0.576271186440678,1,1,1,1,1,0,0,0,2872,7.005937,-2.72724330726904
"873",291,291,3,9.71601361103178,25.6960718020547,27.9882724984468,29.6685653541752,32.3169148648622,34.7406732442064,39.7381938629391,41.6840913699099,45.8469488366189,1,1,1,1,1,1,1,1,0.783333333333333,0.766666666666667,0.75,0.716666666666667,0.683333333333333,0.633333333333333,0.616666666666667,0.566666666666667,0,0,0,0,0,0,0,0,2873,5.946421,-3.76959261103178
"874",292,292,1,9.77253432843407,25.7516278665362,28.0436901918367,29.72388161493,32.3720712552298,34.7956833218653,39.7929022600406,41.7386823008738,45.9012884723394,1,1,1,1,1,1,1,1,0.796610169491525,0.779661016949153,0.745762711864407,0.728813559322034,0.694915254237288,0.644067796610169,0.627118644067797,0.576271186440678,0,0,0,0,0,0,0,0,2874,6.759334,-3.01320032843407
"875",292,292,2,9.73078213356612,25.7098756716683,28.0019379969687,29.6821294200621,32.3303190603618,34.7539311269973,39.7511500651726,41.6969301060059,45.8595362774714,1,1,1,1,1,1,1,1,0.783333333333333,0.766666666666667,0.75,0.716666666666667,0.683333333333333,0.633333333333333,0.616666666666667,0.566666666666667,0,0,0,0,0,0,0,0,2875,5.978595,-3.75218713356612
"876",292,292,3,9.77088183288082,25.749975370983,28.0420376962835,29.7222291193768,32.3704187596765,34.794030826312,39.7912497644873,41.7370298053206,45.8996359767861,1,1,1,1,1,1,1,1,0.796610169491525,0.779661016949153,0.745762711864407,0.728813559322034,0.694915254237288,0.644067796610169,0.627118644067797,0.576271186440678,0,0,0,0,0,0,0,0,2876,6.426522,-3.34435983288082
"877",293,293,1,9.7477733440726,25.7269460863128,28.0190197727597,29.6992195241172,32.3474222907923,34.7710463706314,39.7682900786985,41.7140797642485,45.8767065686513,1,1,1,1,1,1,1,1,0.796610169491525,0.779661016949153,0.745762711864407,0.728813559322034,0.694915254237288,0.644067796610169,0.627118644067797,0.576271186440678,0,0,0,0,0,0,0,0,2877,6.400433,-3.3473403440726
"878",293,293,2,9.74911328865124,25.7282860308914,28.0203597173383,29.7005594686959,32.3487622353709,34.77238631521,39.7696300232771,41.7154197088272,45.8780465132299,1,1,1,1,1,1,1,1,0.796610169491525,0.779661016949153,0.745762711864407,0.728813559322034,0.694915254237288,0.644067796610169,0.627118644067797,0.576271186440678,0,0,0,0,0,0,0,0,2878,7.119949,-2.62916428865124
"879",293,293,3,9.71215857350526,25.6913313157455,27.9834050021923,29.6636047535499,32.3118075202249,34.735431600064,39.7326753081312,41.6784649936812,45.8410917980839,1,1,1,1,1,1,1,1,0.796610169491525,0.779661016949153,0.76271186440678,0.728813559322034,0.694915254237288,0.644067796610169,0.627118644067797,0.576271186440678,0,0,0,0,0,0,0,0,2879,7.224209,-2.48794957350526
"880",294,294,1,9.70731230613178,25.68619966871,27.9782324199205,29.6584021637899,32.3065576349495,34.7301384301311,39.7272928900411,41.6730478248057,45.8356002868724,1,1,1,1,1,1,1,1,0.796610169491525,0.779661016949153,0.76271186440678,0.728813559322034,0.694915254237288,0.644067796610169,0.627118644067797,0.576271186440678,0,0,0,0,0,0,0,0,2880,6.763301,-2.94401130613178
"881",294,294,2,9.73098633727174,25.70987369985,28.0019064510605,29.6820761949299,32.3302316660895,34.753812461271,39.750966921181,41.6967218559457,45.8592743180123,1,1,1,1,1,1,1,1,0.796610169491525,0.779661016949153,0.76271186440678,0.728813559322034,0.694915254237288,0.644067796610169,0.627118644067797,0.576271186440678,0,0,0,0,0,0,0,0,2881,7.022351,-2.70863533727174
"882",294,294,3,9.71768051969685,25.6965678822751,27.9886006334856,29.668770377355,32.3169258485146,34.7405066436962,39.7376611036061,41.6834160383708,45.8459685004375,0,0,0,0,0,1,1,1,0,0,0,0,0,0.974358974358974,0.948717948717949,0.871794871794872,0,0,0,0,0,0,0,0,2882,38.248726,28.5310454803031
"883",295,295,1,8.12755939575664,24.1145908757026,26.407791829887,28.0888179224671,30.7383231051852,33.1631391507317,38.1628405597191,40.1095872066223,44.2742612379216,1,1,1,1,1,1,1,1,0.813559322033898,0.796610169491525,0.779661016949153,0.745762711864407,0.711864406779661,0.661016949152542,0.644067796610169,0.593220338983051,1,1,1,1,1,0,0,0,2883,6.729584,-1.39797539575664
"884",295,295,2,9.73178931492415,25.7188207948701,28.0120217490545,29.6930478416346,32.3425530243527,34.7673690698992,39.7670704788866,41.7138171257898,45.8784911570891,1,1,1,1,1,1,1,1,0.783333333333333,0.766666666666667,0.733333333333333,0.716666666666667,0.683333333333333,0.633333333333333,0.616666666666667,0.566666666666667,1,1,1,1,1,0,0,0,2884,5.947485,-3.78430431492415
"885",295,295,3,9.77159581141923,25.7586272913652,28.0518282455496,29.7328543381297,32.3823595208478,34.8071755663943,39.8068769753817,41.7536236222849,45.9182976535842,1,1,1,1,1,1,1,1,0.796610169491525,0.779661016949153,0.745762711864407,0.728813559322034,0.694915254237288,0.644067796610169,0.627118644067797,0.576271186440678,0,0,0,0,0,0,0,0,2885,6.389786,-3.38180981141923
"886",296,296,1,9.75231200288041,25.7392849882329,28.0324775518753,29.7134974937865,32.3629929822891,34.7878001557302,39.7874832714214,41.7342227954166,45.8988815886829,1,1,1,1,1,1,1,1,0.796610169491525,0.779661016949153,0.745762711864407,0.728813559322034,0.694915254237288,0.644067796610169,0.627118644067797,0.576271186440678,0,0,0,0,0,0,0,0,2886,6.63312,-3.11919200288041
"887",296,296,2,9.73981700418292,25.7267899895354,28.0199825531779,29.701002495089,32.3504979835917,34.7753051570327,39.7749882727239,41.7217277967191,45.8863865899854,1,1,1,1,1,1,1,1,0.796610169491525,0.779661016949153,0.745762711864407,0.728813559322034,0.694915254237288,0.644067796610169,0.627118644067797,0.576271186440678,0,0,0,0,0,0,0,0,2887,6.848923,-2.89089400418293
"888",296,296,3,9.72873569945809,25.7157086848106,28.008901248453,29.6899211903642,32.3394166788668,34.7642238523079,39.7639069679991,41.7106464919943,45.8753052852606,1,1,1,1,1,1,1,1,0.796610169491525,0.779661016949153,0.745762711864407,0.728813559322034,0.694915254237288,0.644067796610169,0.627118644067797,0.576271186440678,0,0,0,0,0,0,0,0,2888,6.528003,-3.20073269945809
"889",297,297,1,9.74586567355916,25.7322738800233,28.0253854310346,29.7063459868084,32.3557478754082,34.7804693866104,39.7799758762777,41.726646626942,45.8911582934591,1,1,1,1,1,1,1,1,0.796610169491525,0.779661016949153,0.745762711864407,0.728813559322034,0.694915254237288,0.644067796610169,0.627118644067797,0.576271186440678,0,0,0,0,0,0,0,0,2889,6.52154,-3.22432567355916
"890",297,297,2,9.74619793163119,25.7326061380954,28.0257176891066,29.7066782448804,32.3560801334803,34.7808016446824,39.7803081343498,41.726978885014,45.8914905515311,1,1,1,1,1,1,1,1,0.796610169491525,0.779661016949153,0.745762711864407,0.728813559322034,0.694915254237288,0.644067796610169,0.627118644067797,0.576271186440678,0,0,0,0,0,0,0,0,2890,7.011825,-2.73437293163119
"891",297,297,3,9.72099274072198,25.7074009471862,28.0005124981974,29.6814730539712,32.3308749425711,34.7555964537732,39.7551029434406,41.7017736941048,45.8662853606219,1,1,1,1,1,1,1,1,0.783333333333333,0.766666666666667,0.75,0.716666666666667,0.683333333333333,0.633333333333333,0.616666666666667,0.566666666666667,0,0,0,0,0,0,0,0,2891,6.13233,-3.58866274072198
"892",298,298,1,9.76771629693711,25.7538075738806,28.0468736641019,29.7278008949401,32.3771502593169,34.8018237005701,39.8012310753409,41.747863233382,45.9122923387216,1,1,1,1,1,1,1,1,0.796610169491525,0.779661016949153,0.745762711864407,0.728813559322034,0.694915254237288,0.644067796610169,0.627118644067797,0.576271186440678,0,0,0,0,0,0,0,0,2892,6.378872,-3.38884429693711
"893",298,298,2,9.75498743954201,25.7410787164855,28.0341448067068,29.715072037545,32.3644214019218,34.789094843175,39.7885022179458,41.7351343759869,45.8995634813265,1,1,1,1,1,1,1,1,0.810344827586207,0.793103448275862,0.758620689655172,0.741379310344828,0.706896551724138,0.655172413793103,0.637931034482759,0.586206896551724,0,0,0,0,0,0,0,0,2893,8.116842,-1.63814543954201
"894",298,298,3,9.66525679613455,25.651348073078,27.9444141632993,29.6253413941376,32.2746907585144,34.6993641997675,39.6987715745384,41.6454037325794,45.809832837919,0,0,0,0,0,1,1,1,0,0,0,0,0,1,0.973684210526316,0.894736842105263,0,0,0,0,0,0,0,0,2894,39.978278,30.3130212038654
"895",299,299,1,8.05344784192662,24.0470259349046,26.3411659439267,28.0228804086626,30.6734705510982,33.0992795472337,38.101028310068,40.0485721404248,44.2149515858481,1,1,1,1,1,1,1,1,0.8,0.783333333333333,0.766666666666667,0.733333333333333,0.7,0.65,0.633333333333333,0.583333333333333,1,1,1,1,1,0,0,0,2895,6.218296,-1.83515184192662
"896",299,299,2,9.75984326792854,25.7534213609066,28.0475613699286,29.7292758346646,32.3798659771001,34.8056749732356,39.8074237360699,41.7549675664267,45.9213470118501,1,1,1,1,1,1,1,1,0.796610169491525,0.779661016949153,0.745762711864407,0.728813559322034,0.694915254237288,0.644067796610169,0.627118644067797,0.576271186440678,1,1,1,1,1,0,0,0,2896,6.980344,-2.77949926792854
"897",299,299,3,9.72132561642049,25.7149037093985,28.0090437184206,29.6907581831565,32.3413483255921,34.7671573217276,39.7689060845618,41.7164499149186,45.882829360342,1,1,1,1,1,1,1,1,0.796610169491525,0.779661016949153,0.745762711864407,0.728813559322034,0.694915254237288,0.644067796610169,0.627118644067797,0.576271186440678,0,0,0,0,0,0,0,0,2897,6.506129,-3.21519661642049
"898",300,300,1,9.74836080977772,25.7405883032715,28.034534580516,29.7161070305836,32.3664733403247,34.7920774857157,39.7934038690636,41.7407832364292,45.906810846266,1,1,1,1,1,1,1,1,0.796610169491525,0.779661016949153,0.745762711864407,0.728813559322034,0.694915254237288,0.644067796610169,0.627118644067797,0.576271186440678,0,0,0,0,0,0,0,0,2898,6.999867,-2.74849380977771
"899",300,300,2,9.72301513334001,25.7152426268338,28.0091889040783,29.6907613541459,32.341127663887,34.766731809278,39.7680581926259,41.7154375599915,45.8814651698283,1,1,1,1,1,1,1,1,0.783333333333333,0.766666666666667,0.733333333333333,0.716666666666667,0.683333333333333,0.633333333333333,0.616666666666667,0.566666666666667,0,0,0,0,0,0,0,0,2899,5.693358,-4.02965713334001
"900",300,300,3,9.79008381020294,25.7823113036967,28.0762575809412,29.7578300310088,32.4081963407499,34.8338004861409,39.8351268694888,41.7825062368544,45.9485338466912,0,0,1,1,1,1,1,1,0,0,1,0.977272727272727,0.931818181818182,0.863636363636364,0.840909090909091,0.772727272727273,0,0,0,0,0,0,0,0,2900,30.337967,20.5478831897971
"901",301,301,1,8.53165527367676,24.5405471878061,26.8368838316019,28.5202085347967,31.1733366123429,33.6014683160613,38.6080062439937,40.5574148439305,44.7277835898909,1,1,1,1,1,1,1,1,0.8,0.766666666666667,0.75,0.733333333333333,0.7,0.65,0.633333333333333,0.583333333333333,1,1,0,0,0,0,0,0,2901,6.241719,-2.28993627367676
"902",301,301,2,9.77841189607021,25.7873038101996,28.0836404539953,29.7669651571902,32.4200932347364,34.8482249384547,39.8547628663872,41.804171466324,45.9745402122844,1,1,1,1,1,1,1,1,0.783333333333333,0.766666666666667,0.733333333333333,0.716666666666667,0.683333333333333,0.633333333333333,0.616666666666667,0.566666666666667,1,1,0,0,0,0,0,0,2902,5.693492,-4.08491989607021
"903",301,301,3,9.80677754215855,25.8156694562879,28.1120061000837,29.7953308032785,32.4484588808247,34.8765905845431,39.8831285124755,41.8325371124123,46.0029058583727,1,1,1,1,1,1,1,1,0.783333333333333,0.766666666666667,0.733333333333333,0.716666666666667,0.683333333333333,0.633333333333333,0.616666666666667,0.566666666666667,0,0,0,0,0,0,0,0,2903,5.677451,-4.12932654215855
"904",302,302,1,9.80695031609912,25.8165598086702,28.1129993828674,29.7963995389745,32.4496465396493,34.8778870813168,39.8846494210139,41.8341454007389,46.0047010782323,1,1,1,1,1,1,1,1,0.796610169491525,0.779661016949153,0.745762711864407,0.728813559322034,0.694915254237288,0.644067796610169,0.627118644067797,0.576271186440678,0,0,0,0,0,0,0,0,2904,7.204059,-2.60289131609912
"905",302,302,2,9.72743673339169,25.7370462259628,28.0334858001599,29.716885956267,32.3701329569419,34.7983734986094,39.8051358383065,41.7546318180315,45.9251874955249,1,1,1,1,1,1,1,1,0.783333333333333,0.766666666666667,0.733333333333333,0.716666666666667,0.683333333333333,0.633333333333333,0.616666666666667,0.566666666666667,0,0,0,0,0,0,0,0,2905,5.981843,-3.74559373339169
"906",302,302,3,9.79109601789848,25.8007055104696,28.0971450846667,29.7805452407738,32.4337922414486,34.8620327831162,39.8687951228133,41.8182911025383,45.9888467800317,0,1,1,1,1,1,1,1,0,1,0.956521739130435,0.934782608695652,0.891304347826087,0.826086956521739,0.804347826086957,0.739130434782609,0,0,0,0,0,0,0,0,2906,27.274393,17.4832969821015
"907",303,303,1,8.67221082530607,24.3981033650377,26.6538462040225,28.3074137047534,30.9136407481637,33.2988488218899,38.2168829914671,40.1318306544953,44.2284771370758,1,1,1,1,1,1,1,1,0.8,0.766666666666667,0.75,0.733333333333333,0.7,0.65,0.633333333333333,0.583333333333333,1,0,0,0,0,0,0,0,2907,6.195054,-2.47715682530607
"908",303,303,2,9.73803286641833,25.46392540615,27.7196682451348,29.3732357458657,31.979462789276,34.3646708630021,39.2827050325793,41.1976526956076,45.2942991781881,1,1,1,1,1,1,1,1,0.783333333333333,0.766666666666667,0.75,0.716666666666667,0.7,0.633333333333333,0.616666666666667,0.583333333333333,1,0,0,0,0,0,0,0,2908,5.739007,-3.99902586641833
"909",303,303,3,9.76109169878414,25.4869842385158,27.7427270775006,29.3962945782315,32.0025216216418,34.3877296953679,39.3057638649451,41.2207115279734,45.3173580105539,1,1,1,1,1,1,1,1,0.783333333333333,0.766666666666667,0.75,0.716666666666667,0.683333333333333,0.633333333333333,0.616666666666667,0.566666666666667,0,0,0,0,0,0,0,0,2909,5.688928,-4.07216369878414
"910",304,304,1,9.76742300282313,25.4926635379404,27.7483128525204,29.4018117953849,32.0079307831122,34.3930399647299,39.3108702297616,41.2257384979504,45.3222151311947,1,1,1,1,1,1,1,1,0.796610169491525,0.779661016949153,0.76271186440678,0.728813559322034,0.694915254237288,0.644067796610169,0.627118644067797,0.576271186440678,0,0,0,0,0,0,0,0,2910,6.605286,-3.16213700282313
"911",304,304,2,9.72094374467326,25.4461842797905,27.7018335943706,29.355332537235,31.9614515249624,34.3465607065801,39.2643909716117,41.1792592398006,45.2757358730448,1,1,1,1,1,1,1,1,0.783333333333333,0.766666666666667,0.75,0.716666666666667,0.7,0.633333333333333,0.616666666666667,0.583333333333333,0,0,0,0,0,0,0,0,2911,6.042598,-3.67834574467326
"912",304,304,3,9.74948425046884,25.4747247855861,27.7303741001662,29.3838730430306,31.9899920307579,34.3751012123757,39.2929314774073,41.2077997455961,45.3042763788404,1,1,1,1,1,1,1,1,0.796610169491525,0.779661016949153,0.76271186440678,0.728813559322034,0.694915254237288,0.644067796610169,0.627118644067797,0.593220338983051,0,0,0,0,0,0,0,0,2912,6.324465,-3.42501925046884
"913",305,305,1,9.73434307313778,25.4597161043122,27.715384424302,29.3688972990417,31.9750382451289,34.3601675229456,39.2780392241077,41.1929236263897,45.2894347752905,1,1,1,1,1,1,1,1,0.796610169491525,0.779661016949153,0.76271186440678,0.728813559322034,0.711864406779661,0.644067796610169,0.627118644067797,0.593220338983051,0,0,0,0,0,0,0,0,2913,6.966323,-2.76802007313778
"914",305,305,2,9.70178988329147,25.4271629144659,27.6828312344557,29.3363441091954,31.9424850552826,34.3276143330993,39.2454860342614,41.1603704365434,45.2568815854442,1,1,1,1,1,1,1,1,0.783333333333333,0.766666666666667,0.75,0.716666666666667,0.7,0.633333333333333,0.616666666666667,0.583333333333333,0,0,0,0,0,0,0,0,2914,5.967151,-3.73463888329147
"915",305,305,3,9.75246501050827,25.4778380416827,27.7335063616725,29.3870192364122,31.9931601824994,34.3782894603161,39.2961611614782,41.2110455637602,45.307556712661,1,1,1,1,1,1,1,1,0.796610169491525,0.779661016949153,0.76271186440678,0.728813559322034,0.694915254237288,0.644067796610169,0.627118644067797,0.593220338983051,0,0,0,0,0,0,0,0,2915,6.321137,-3.43132801050827
"916",306,306,1,9.73501651896978,25.4600427525049,27.7156613273824,29.3691377365731,31.9752212084416,34.3602978860941,39.2780611315591,41.1929033041662,45.2893241111468,1,1,1,1,1,1,1,1,0.796610169491525,0.779661016949153,0.76271186440678,0.728813559322034,0.711864406779661,0.644067796610169,0.627118644067797,0.593220338983051,0,0,0,0,0,0,0,0,2916,6.967327,-2.76768951896978
"917",306,306,2,9.70224131347832,25.4272675470135,27.6828861218909,29.3363625310816,31.9424460029502,34.3275226806027,39.2452859260676,41.1601280986748,45.2565489056554,1,1,1,1,1,1,1,1,0.783333333333333,0.766666666666667,0.75,0.716666666666667,0.7,0.633333333333333,0.616666666666667,0.583333333333333,0,0,0,0,0,0,0,0,2917,5.83696,-3.86528131347832
"918",306,306,3,9.75957431260515,25.4846005461403,27.7402191210177,29.3936955302084,31.999779002077,34.3848556797295,39.3026189251944,41.2174610978016,45.3138819047822,0,0,0,0,0,1,1,1,0,0,0,0,0,0.974358974358974,0.948717948717949,0.871794871794872,0,0,0,0,0,0,0,0,2918,38.230941,28.4713666873948
"919",307,307,1,8.11830879962876,23.8434877467554,26.0991282270726,27.7526206939993,30.3587294748474,32.743829315172,37.6616403194945,39.5765010880913,43.6729616774624,1,1,1,1,1,1,1,1,0.813559322033898,0.796610169491525,0.779661016949153,0.745762711864407,0.728813559322034,0.661016949152542,0.644067796610169,0.610169491525424,1,1,1,1,1,0,0,0,2919,6.332557,-1.78575179962876
"920",307,307,2,9.73127640872965,25.4564553558563,27.7120958361735,29.3655883031002,31.9716970839483,34.3567969242729,39.2746079285954,41.1894686971922,45.2859292865632,1,1,1,1,1,1,1,1,0.783333333333333,0.766666666666667,0.75,0.716666666666667,0.7,0.633333333333333,0.616666666666667,0.583333333333333,1,1,1,1,1,0,0,0,2920,6.164171,-3.56710540872965
"921",307,307,3,9.73979098313023,25.4649699302569,27.7206104105741,29.3741028775008,31.9802116583489,34.3653114986734,39.2831225029959,41.1979832715928,45.2944438609638,1,1,1,1,1,1,1,1,0.783333333333333,0.766666666666667,0.75,0.716666666666667,0.7,0.633333333333333,0.616666666666667,0.583333333333333,0,0,0,0,0,0,0,0,2921,5.71982,-4.01997098313023
"922",308,308,1,9.76459114848446,25.4901975066532,27.745899295376,29.3994367042993,32.0056163192965,34.3907809867375,39.3087256573752,41.2236384719704,45.320210403317,1,1,1,1,1,1,1,1,0.796610169491525,0.779661016949153,0.76271186440678,0.728813559322034,0.694915254237288,0.644067796610169,0.627118644067797,0.576271186440678,0,0,0,0,0,0,0,0,2922,7.209555,-2.55503614848446
"923",308,308,2,9.68923582305995,25.4148421812287,27.6705439699514,29.3240813788748,31.9302609938719,34.315425661313,39.2333703319507,41.1482831465459,45.2448550778925,1,1,1,1,1,1,1,1,0.783333333333333,0.766666666666667,0.75,0.716666666666667,0.7,0.633333333333333,0.616666666666667,0.583333333333333,0,0,0,0,0,0,0,0,2923,5.683824,-4.00541182305995
"924",308,308,3,9.76641193560028,25.4920182937691,27.7477200824918,29.4012574914151,32.0074371064123,34.3926017738534,39.3105464444911,41.2254592590862,45.3220311904328,1,1,1,1,1,1,1,1,0.783333333333333,0.766666666666667,0.75,0.716666666666667,0.683333333333333,0.633333333333333,0.616666666666667,0.566666666666667,0,0,0,0,0,0,0,0,2924,5.577071,-4.18934093560028
"925",309,309,1,9.75693974247601,25.4718355771429,27.7260010341992,29.3784122384551,31.9828168155058,34.3663569756532,39.2809520926536,41.1945606829004,45.2883424878157,1,1,1,1,1,1,1,1,0.796610169491525,0.779661016949153,0.76271186440678,0.728813559322034,0.711864406779661,0.644067796610169,0.627118644067797,0.593220338983051,0,0,0,0,0,0,0,0,2925,6.413819,-3.34312074247601
"926",309,309,2,9.71495121688579,25.4298470515527,27.684012508609,29.3364237128649,31.9408282899156,34.324368450063,39.2389635670634,41.1525721573102,45.2463539622255,1,1,1,1,1,1,1,1,0.783333333333333,0.766666666666667,0.75,0.716666666666667,0.7,0.633333333333333,0.616666666666667,0.583333333333333,0,0,0,0,0,0,0,0,2926,5.560974,-4.15397721688579
"927",309,309,3,9.75774749976546,25.4726433344324,27.7268087914887,29.3792199957445,31.9836245727953,34.3671647329427,39.2817598499431,41.1953684401899,45.2891502451052,1,1,1,1,1,1,1,1,0.783333333333333,0.766666666666667,0.75,0.716666666666667,0.7,0.633333333333333,0.616666666666667,0.583333333333333,0,0,0,0,0,0,0,0,2927,5.601604,-4.15614349976546
"928",310,310,1,9.73169403147527,25.3912609046239,27.6374899022127,29.2840833016994,31.8793182983636,34.2544664969489,39.1517583211393,41.0586294835873,45.1379979129173,1,1,1,1,1,1,1,1,0.796610169491525,0.779661016949153,0.76271186440678,0.728813559322034,0.711864406779661,0.644067796610169,0.627118644067797,0.593220338983051,0,0,0,0,0,0,0,0,2928,6.720682,-3.01101203147527
"929",310,310,2,9.67634974105481,25.3359166142035,27.5821456117922,29.228739011279,31.8239740079432,34.1991222065284,39.0964140307188,41.0032851931668,45.0826536224969,1,1,1,1,1,1,1,1,0.783333333333333,0.766666666666667,0.75,0.716666666666667,0.7,0.633333333333333,0.616666666666667,0.583333333333333,0,0,0,0,0,0,0,0,2929,5.58364,-4.09270974105481
"930",310,310,3,9.73258244571728,25.3921493188659,27.6383783164547,29.2849717159414,31.8802067126056,34.2553549111909,39.1526467353813,41.0595178978293,45.1388863271594,1,1,1,1,1,1,1,1,0.959183673469388,0.938775510204082,0.918367346938776,0.877551020408163,0.857142857142857,0.775510204081633,0.755102040816326,0.714285714285714,0,0,0,0,0,0,0,0,2930,22.120524,12.3879415542827
"931",311,311,1,8.91222850583971,24.5578308462324,26.8020567527607,28.4471817905968,31.0401024675602,33.413132610449,38.3060572390044,40.2112279352119,44.2869585580486,1,1,1,1,1,1,1,1,0.813559322033898,0.779661016949153,0.76271186440678,0.745762711864407,0.711864406779661,0.661016949152542,0.644067796610169,0.593220338983051,0,0,0,0,0,0,0,0,2931,7.424432,-1.48779650583971
"932",311,311,2,9.62631912476467,25.2719214651574,27.5161473716857,29.1612724095218,31.7541930864852,34.127223229374,39.0201478579294,40.9253185541369,45.0010491769736,1,1,1,1,1,1,1,1,0.796610169491525,0.779661016949153,0.76271186440678,0.728813559322034,0.711864406779661,0.661016949152542,0.627118644067797,0.593220338983051,0,0,0,0,0,0,0,0,2932,6.607974,-3.01834512476467
"933",311,311,3,9.66599123613592,25.3115935765287,27.5558194830569,29.200944520893,31.7938651978565,34.1668953407453,39.0598199693006,40.9649906655081,45.0407212883448,1,1,1,1,1,1,1,1,1,0.978723404255319,0.957446808510638,0.914893617021277,0.893617021276596,0.829787234042553,0.787234042553192,0.74468085106383,0,0,0,0,0,0,0,0,2933,25.480551,15.8145597638641
"934",312,312,1,8.7469646328912,24.4024800118708,26.6481278577738,28.2942952452508,30.8888587942599,33.2633924867636,38.1594172676552,40.0657950781824,44.1441080800195,1,1,1,1,1,1,1,1,0.827586206896552,0.793103448275862,0.775862068965517,0.758620689655172,0.724137931034483,0.672413793103448,0.655172413793103,0.603448275862069,0,0,0,0,0,0,0,0,2934,8.342326,-0.404638632891201
"935",312,312,2,9.59463725361735,25.250152632597,27.4958004785,29.1419678659769,31.7365314149861,34.1110651074898,39.0070898883813,40.9134676989085,44.9917807007457,1,1,1,1,1,1,1,1,0.796610169491525,0.779661016949153,0.76271186440678,0.728813559322034,0.711864406779661,0.661016949152542,0.627118644067797,0.593220338983051,0,0,0,0,0,0,0,0,2935,6.919007,-2.67563025361735
"936",312,312,3,9.66503594116284,25.3205513201425,27.5661991660455,29.2123665535224,31.8069301025315,34.1814637950353,39.0774885759268,40.983866386454,45.0621793882912,1,1,1,1,1,1,1,1,0.796610169491525,0.779661016949153,0.76271186440678,0.728813559322034,0.711864406779661,0.644067796610169,0.627118644067797,0.593220338983051,0,0,0,0,0,0,0,0,2936,6.960997,-2.70403894116284
"937",313,313,1,9.66357204040997,25.3184804858197,27.5640412723682,29.21014484117,31.8046078040484,34.1790494405466,39.0748844121775,40.9811883161829,45.0593432098384,1,1,1,1,1,1,1,1,0.796610169491525,0.779661016949153,0.76271186440678,0.728813559322034,0.711864406779661,0.644067796610169,0.627118644067797,0.593220338983051,0,0,0,0,0,0,0,0,2937,7.585517,-2.07805504040997
"938",313,313,2,9.63288085902694,25.2877893044367,27.5333500909852,29.179453659787,31.7739166226654,34.1483582591636,39.0441932307945,40.9504971347998,45.0286520284554,1,1,1,1,1,1,1,1,0.796610169491525,0.779661016949153,0.76271186440678,0.728813559322034,0.711864406779661,0.661016949152542,0.627118644067797,0.593220338983051,0,0,0,0,0,0,0,0,2938,6.548146,-3.08473485902694
"939",313,313,3,9.68386103824056,25.3387694836503,27.5843302701988,29.2304338390006,31.824896801879,34.1993384383772,39.0951734100081,41.0014773140135,45.079632207669,1,1,1,1,1,1,1,1,0.796610169491525,0.779661016949153,0.76271186440678,0.728813559322034,0.711864406779661,0.644067796610169,0.627118644067797,0.593220338983051,0,0,0,0,0,0,0,0,2939,6.870916,-2.81294503824056
"940",314,314,1,9.65142466451528,25.2758636540946,27.5170538615726,29.1599535866627,31.7493668953111,34.1191871094089,39.0054932212613,40.9080868485311,44.9783043492063,1,1,1,1,1,1,1,1,0.810344827586207,0.793103448275862,0.775862068965517,0.741379310344828,0.724137931034483,0.672413793103448,0.637931034482759,0.603448275862069,0,0,0,0,0,0,0,0,2940,8.333671,-1.31775366451528
"941",314,314,2,9.58031730829457,25.2047562978739,27.4459465053519,29.088846230442,31.6782595390904,34.0480797531882,38.9343858650406,40.8369794923104,44.9071969929856,0,0,0,0,0,0,0,0,0,0,0,0,0,0,0,0,0,0,0,0,0,0,0,0,2941,55.248822,45.6685046917054
"942",314,314,3,7.29968086931103,22.9241198588903,25.1653100663684,26.8082097914584,29.3976231001069,31.7674433142047,36.6537494260571,38.5563430533269,42.6265605540021,0,0,0,0,0,0,0,1,0,0,0,0,0,0,0,0.972972972972973,1,1,1,1,1,1,1,1,2942,40.923425,33.623744130689
"943",315,315,1,8.31406469924051,24.0352264601814,26.2902907099953,27.9433607723747,30.5488037913749,32.9332943292449,37.8498490195695,39.7642206139411,43.8596347131612,1,1,1,1,1,1,1,1,0.842105263157895,0.824561403508772,0.807017543859649,0.771929824561403,0.736842105263158,0.684210526315789,0.666666666666667,0.614035087719298,1,1,1,1,1,1,1,1,2943,9.869221,1.55515630075949
"944",315,315,2,9.53592339103058,25.2570851519715,27.5121494017854,29.1652194641647,31.770662483165,34.155153021035,39.0717077113596,40.9860793057312,45.0814934049513,1,1,1,1,1,1,1,1,0.783333333333333,0.766666666666667,0.75,0.716666666666667,0.7,0.633333333333333,0.616666666666667,0.583333333333333,1,1,1,1,1,1,1,0,2944,6.183805,-3.35211839103058
"945",315,315,3,9.68092976673618,25.402091527677,27.657155777491,29.3102258398703,31.9156688588706,34.3001593967406,39.2167140870652,41.1310856814368,45.2264997806569,1,1,1,1,1,1,1,1,0.810344827586207,0.793103448275862,0.775862068965517,0.741379310344828,0.724137931034483,0.655172413793103,0.637931034482759,0.603448275862069,0,0,0,0,0,0,0,0,2945,7.830307,-1.85062276673618
"946",316,316,1,9.61811511954252,25.3384994514939,27.5934521858647,29.246440502085,31.8517546790211,34.2361273011736,39.1524388623832,41.0667157889436,45.1619273653672,1,1,1,1,1,1,1,1,0.796610169491525,0.779661016949153,0.76271186440678,0.728813559322034,0.711864406779661,0.644067796610169,0.627118644067797,0.593220338983051,0,0,0,0,0,0,0,0,2946,7.475011,-2.14310411954252
"947",316,316,2,9.63201353144454,25.3523978633959,27.6073505977667,29.2603389139871,31.8656530909231,34.2500257130756,39.1663372742852,41.0806142008456,45.1758257772692,1,1,1,1,1,1,1,1,0.796610169491525,0.779661016949153,0.76271186440678,0.728813559322034,0.711864406779661,0.644067796610169,0.627118644067797,0.593220338983051,0,0,0,0,0,0,0,0,2947,6.986452,-2.64556153144454
"948",316,316,3,9.65112490399148,25.3715092359429,27.6264619703136,29.279450286534,31.88476446347,34.2691370856225,39.1854486468322,41.0997255733925,45.1949371498161,1,1,1,1,1,1,1,1,0.796610169491525,0.779661016949153,0.76271186440678,0.728813559322034,0.711864406779661,0.644067796610169,0.627118644067797,0.593220338983051,0,0,0,0,0,0,0,0,2948,6.874745,-2.77637990399148
"949",317,317,1,9.65383742995415,25.3727041081573,27.6274391482659,29.2802678841693,31.8853305427746,34.2694729764043,39.1853099144425,41.0994020357531,45.1942182584075,1,1,1,1,1,1,1,1,0.796610169491525,0.779661016949153,0.76271186440678,0.728813559322034,0.711864406779661,0.644067796610169,0.627118644067797,0.593220338983051,0,0,0,0,0,0,0,0,2949,7.614476,-2.03936142995415
"950",317,317,2,9.62490277753873,25.3437694557419,27.5985044958504,29.2513332317539,31.8563958903592,34.2405383239889,39.1563752620271,41.0704673833377,45.1652836059921,1,1,1,1,1,1,1,1,0.796610169491525,0.779661016949153,0.76271186440678,0.728813559322034,0.711864406779661,0.644067796610169,0.627118644067797,0.593220338983051,0,0,0,0,0,0,0,0,2950,6.277972,-3.34693077753873
"951",317,317,3,9.67718026583085,25.396046944034,27.6507819841426,29.303610720046,31.9086733786513,34.292815812281,39.2086527503192,41.1227448716298,45.2175610942842,1,1,1,1,1,1,1,1,0.796610169491525,0.779661016949153,0.76271186440678,0.728813559322034,0.711864406779661,0.644067796610169,0.627118644067797,0.593220338983051,0,0,0,0,0,0,0,0,2951,7.482778,-2.19440226583085
"952",318,318,1,9.63270488438826,25.3501577887183,27.6046900352314,29.25737011372,31.8621984698403,34.2461264708171,39.1615212725378,41.0754412380889,45.1698891680216,1,1,1,1,1,1,1,1,0.810344827586207,0.793103448275862,0.775862068965517,0.741379310344828,0.724137931034483,0.655172413793103,0.637931034482759,0.603448275862069,0,0,0,0,0,0,0,0,2952,8.323278,-1.30942688438826
"953",318,318,2,9.59966628954021,25.3171191938703,27.5716514403833,29.224331518872,31.8291598749922,34.2130878759691,39.1284826776898,41.0424026432409,45.1368505731736,1,1,1,1,1,1,1,1,0.796610169491525,0.779661016949153,0.76271186440678,0.728813559322034,0.711864406779661,0.644067796610169,0.627118644067797,0.593220338983051,0,0,0,0,0,0,0,0,2953,7.015332,-2.58433428954021
"954",318,318,3,9.6510793745814,25.3685322789115,27.6230645254245,29.2757446039132,31.8805729600334,34.2645009610102,39.179895762731,41.0938157282821,45.1882636582148,0,0,0,1,1,1,1,1,0,0,0,0.977272727272727,0.954545454545455,0.863636363636364,0.840909090909091,0.795454545454545,0,0,0,0,0,0,0,0,2954,30.020076,20.3689966254186
"955",319,319,1,8.7232104122774,24.4286386310428,26.6814460407439,28.3328617312682,30.9356972554632,33.3178014250091,38.2294356888566,40.1418914040663,44.2332068640487,1,1,1,1,1,1,1,1,0.813559322033898,0.779661016949153,0.76271186440678,0.745762711864407,0.711864406779661,0.661016949152542,0.644067796610169,0.593220338983051,1,1,1,0,0,0,0,0,2955,7.774007,-0.949203412277402
"956",319,319,2,9.62174300606715,25.3271712248326,27.5799786345336,29.2313943250579,31.8342298492529,34.2163340187988,39.1279682826463,41.040423997856,45.1317394578384,1,1,1,1,1,1,1,1,0.796610169491525,0.779661016949153,0.76271186440678,0.728813559322034,0.711864406779661,0.644067796610169,0.627118644067797,0.593220338983051,1,1,1,0,0,0,0,0,2956,6.873743,-2.74800000606715
"957",319,319,3,9.65810523019832,25.3635334489637,27.6163408586648,29.2677565491891,31.8705920733841,34.25269624293,39.1643305067775,41.0767862219872,45.1681016819696,1,1,1,1,1,1,1,1,0.796610169491525,0.779661016949153,0.76271186440678,0.728813559322034,0.711864406779661,0.644067796610169,0.627118644067797,0.593220338983051,0,0,0,0,0,0,0,0,2957,6.68746,-2.97064523019832
"958",320,320,1,9.66489107764492,25.3678081557445,27.620255364105,29.2714070098011,31.8738263666658,34.2555496616143,39.1663986043382,41.0785485370343,45.1692098366534,1,1,1,1,1,1,1,1,0.796610169491525,0.779661016949153,0.76271186440678,0.728813559322034,0.711864406779661,0.644067796610169,0.627118644067797,0.593220338983051,0,0,0,0,0,0,0,0,2958,7.463277,-2.20161407764492
"959",320,320,2,9.6335952516103,25.3365123297099,27.5889595380704,29.2401111837664,31.8425305406312,34.2242538355797,39.1351027783036,41.0472527109996,45.1379140106188,1,1,1,1,1,1,1,1,0.796610169491525,0.779661016949153,0.76271186440678,0.728813559322034,0.711864406779661,0.644067796610169,0.627118644067797,0.593220338983051,0,0,0,0,0,0,0,0,2959,6.480784,-3.1528112516103
"960",320,320,3,9.6732282191893,25.3761452972889,27.6285925056494,29.2797441513454,31.8821635082102,34.2638868031587,39.1747357458826,41.0868856785786,45.1775469781978,1,1,1,1,1,1,1,1,0.783333333333333,0.766666666666667,0.75,0.716666666666667,0.7,0.633333333333333,0.616666666666667,0.583333333333333,0,0,0,0,0,0,0,0,2960,5.786722,-3.8865062191893
"961",321,321,1,9.70280661953274,25.404383907869,27.6566389350126,29.3076497026755,31.9098470183236,34.2913671020805,39.2017970458942,41.1137838319028,45.204096111903,1,1,1,1,1,1,1,1,0.796610169491525,0.779661016949153,0.76271186440678,0.728813559322034,0.711864406779661,0.644067796610169,0.627118644067797,0.593220338983051,0,0,0,0,0,0,0,0,2961,6.365221,-3.33758561953274
"962",321,321,2,9.67956434759582,25.3811416359321,27.6333966630757,29.2844074307386,31.8866047463866,34.2681248301436,39.1785547739573,41.0905415599659,45.1808538399661,1,1,1,1,1,1,1,1,0.783333333333333,0.766666666666667,0.75,0.716666666666667,0.7,0.633333333333333,0.616666666666667,0.583333333333333,0,0,0,0,0,0,0,0,2962,5.623558,-4.05600634759582
"963",321,321,3,9.70936203632398,25.4109393246602,27.6631943518039,29.3142051194668,31.9164024351148,34.2979225188718,39.2083524626855,41.120339248694,45.2106515286942,1,1,1,1,1,1,1,1,0.783333333333333,0.766666666666667,0.75,0.716666666666667,0.7,0.633333333333333,0.616666666666667,0.583333333333333,0,0,0,0,0,0,0,0,2963,5.924914,-3.78444803632398
"964",322,322,1,9.68543829656146,25.3745295697548,27.6249935863612,29.2746914575509,31.8748194858597,34.2544457665112,39.1609708986292,41.0714372580255,45.1584968902102,1,1,1,1,1,1,1,1,0.796610169491525,0.779661016949153,0.76271186440678,0.728813559322034,0.711864406779661,0.644067796610169,0.627118644067797,0.593220338983051,0,0,0,0,0,0,0,0,2964,6.815262,-2.87017629656146
"965",322,322,2,9.64989575692179,25.3389870301151,27.5894510467215,29.2391489179112,31.83927694622,34.2189032268716,39.1254283589896,41.0358947183859,45.1229543505706,1,1,1,1,1,1,1,1,0.783333333333333,0.766666666666667,0.75,0.716666666666667,0.7,0.633333333333333,0.616666666666667,0.583333333333333,0,0,0,0,0,0,0,0,2965,5.531501,-4.11839475692179
"966",322,322,3,9.70114327612817,25.3902345493215,27.6406985659279,29.2903964371176,31.8905244654264,34.2701507460779,39.1766758781959,41.0871422375923,45.1742018697769,0,0,0,0,0,1,1,1,0,0,0,0,0,0.974358974358974,0.948717948717949,0.897435897435897,0,0,0,0,0,0,0,0,2966,38.674816,28.9736727238718
"967",323,323,1,8.40269487970096,24.0987078396958,26.3501647122178,28.0005903943293,30.6018655427321,32.9825416628888,37.8912314474814,39.8025406632008,43.8914034174543,1,1,1,1,1,1,1,1,0.813559322033898,0.796610169491525,0.779661016949153,0.745762711864407,0.711864406779661,0.661016949152542,0.644067796610169,0.593220338983051,1,1,1,1,1,0,0,0,2967,6.962977,-1.43971787970096
"968",323,323,2,9.64606932209336,25.3420822820882,27.5935391546102,29.2439648367216,31.8452399851245,34.2259161052812,39.1346058898737,41.0459151055932,45.1347778598467,1,1,1,1,1,1,1,1,0.783333333333333,0.766666666666667,0.75,0.716666666666667,0.7,0.633333333333333,0.616666666666667,0.583333333333333,1,1,1,1,1,0,0,0,2968,5.417291,-4.22877832209336
"969",323,323,3,9.70667339076196,25.4026863507568,27.6541432232788,29.3045689053903,31.9058440537931,34.2865201739498,39.1952099585423,41.1065191742618,45.1953819285153,1,1,1,1,1,1,1,1,0.796610169491525,0.779661016949153,0.76271186440678,0.728813559322034,0.711864406779661,0.644067796610169,0.627118644067797,0.593220338983051,0,0,0,0,0,0,0,0,2969,6.304348,-3.40232539076196
"970",324,324,1,9.67336328388886,25.3692362017661,27.6206729864614,29.2710839432341,31.8723358826806,34.2529907620976,39.1616367506438,41.0729289133836,45.161755186207,1,1,1,1,1,1,1,1,0.796610169491525,0.779661016949153,0.76271186440678,0.728813559322034,0.711864406779661,0.644067796610169,0.627118644067797,0.593220338983051,0,0,0,0,0,0,0,0,2970,6.878822,-2.79454128388886
"971",324,324,2,9.65063602487993,25.3465089427572,27.5979457274525,29.2483566842252,31.8496086236716,34.2302635030887,39.1389094916348,41.0502016543747,45.139027927198,1,1,1,1,1,1,1,1,0.783333333333333,0.766666666666667,0.75,0.716666666666667,0.7,0.633333333333333,0.616666666666667,0.583333333333333,0,0,0,0,0,0,0,0,2971,5.886279,-3.76435702487993
"972",324,324,3,9.68990287044386,25.3857757883211,27.6372125730164,29.2876235297891,31.8888754692356,34.2695303486526,39.1781763371988,41.0894684999386,45.178294772762,1,1,1,1,1,1,1,1,0.783333333333333,0.766666666666667,0.75,0.716666666666667,0.7,0.633333333333333,0.616666666666667,0.583333333333333,0,0,0,0,0,0,0,0,2972,6.185827,-3.50407587044386
"973",325,325,1,9.67766582925879,25.3736579229926,27.6251118024305,29.275535290468,31.8768069807387,34.2574799360274,39.1661631950136,41.0774698698409,45.166327188365,1,1,1,1,1,1,1,1,0.783333333333333,0.766666666666667,0.75,0.716666666666667,0.7,0.633333333333333,0.616666666666667,0.583333333333333,0,0,0,0,0,0,0,0,2973,5.850864,-3.82680182925879
"974",325,325,2,9.69091698290571,25.3869090766395,27.6383629560774,29.2887864441149,31.8900581343856,34.2707310896743,39.1794143486605,41.0907210234878,45.1795783420119,1,1,1,1,1,1,1,1,0.783333333333333,0.766666666666667,0.75,0.716666666666667,0.7,0.633333333333333,0.616666666666667,0.583333333333333,0,0,0,0,0,0,0,0,2974,5.600339,-4.09057798290571
"975",325,325,3,9.70082776489476,25.3968198586285,27.6482737380665,29.298697226104,31.8999689163747,34.2806418716634,39.1893251306496,41.1006318054769,45.189489124001,1,1,1,1,1,1,1,1,0.783333333333333,0.766666666666667,0.75,0.716666666666667,0.7,0.633333333333333,0.616666666666667,0.583333333333333,0,0,0,0,0,0,0,0,2975,6.062734,-3.63809376489476
"976",326,326,1,9.68304929556192,25.3784791044729,27.6298523290317,29.2802166931812,31.8813951968866,34.2619828682211,39.1704902811646,41.0817284863642,45.1704393278514,1,1,1,1,1,1,1,1,0.796610169491525,0.779661016949153,0.76271186440678,0.728813559322034,0.711864406779661,0.644067796610169,0.627118644067797,0.593220338983051,0,0,0,0,0,0,0,0,2976,6.640353,-3.04269629556192
"977",326,326,2,9.66001123975859,25.3554410486696,27.6068142732283,29.2571786373778,31.8583571410833,34.2389448124178,39.1474522253613,41.0586904305608,45.1474012720481,1,1,1,1,1,1,1,1,0.783333333333333,0.766666666666667,0.75,0.716666666666667,0.7,0.633333333333333,0.616666666666667,0.583333333333333,0,0,0,0,0,0,0,0,2977,5.879887,-3.78012423975859
"978",326,326,3,9.6903420601515,25.3857718690625,27.6371450936212,29.2875094577707,31.8886879614762,34.2692756328107,39.1777830457542,41.0890212509537,45.177732092441,0,0,0,0,0,1,1,1,0,0,0,0,0,0.95,0.925,0.875,0,0,0,0,0,0,0,0,2978,36.624855,26.9345129398485
"979",327,327,1,8.48825535548444,24.1829914693533,26.4342651893771,28.0845566119385,30.685620150673,33.0661026065477,37.9743930768971,39.8855468105988,43.9740769422568,1,1,1,1,1,1,1,1,0.813559322033898,0.796610169491525,0.779661016949153,0.745762711864407,0.711864406779661,0.661016949152542,0.644067796610169,0.593220338983051,1,1,1,1,1,0,0,0,2979,7.031756,-1.45649935548444
"980",327,327,2,9.64121515039077,25.3359512642596,27.5872249842835,29.2375164068448,31.8385799455794,34.219062401454,39.1273528718035,41.0385066055051,45.1270367371632,1,1,1,1,1,1,1,1,0.783333333333333,0.766666666666667,0.75,0.716666666666667,0.7,0.633333333333333,0.616666666666667,0.583333333333333,1,1,1,1,1,0,0,0,2980,5.813393,-3.82782215039077
"981",327,327,3,9.6886830940016,25.3834192078705,27.6346929278943,29.2849843504556,31.8860478891902,34.2665303450648,39.1748208154143,41.0859745491159,45.174504680774,1,1,1,1,1,1,1,1,0.783333333333333,0.766666666666667,0.75,0.716666666666667,0.7,0.633333333333333,0.616666666666667,0.583333333333333,0,0,0,0,0,0,0,0,2981,5.879767,-3.80891609400159
"982",328,328,1,9.69181138910332,25.385434679353,27.6365487744841,29.2867231843566,31.8876022966108,34.2679159661432,39.1758584177986,41.0868766425628,45.1751168800254,1,1,1,1,1,1,1,1,0.796610169491525,0.779661016949153,0.76271186440678,0.728813559322034,0.711864406779661,0.644067796610169,0.627118644067797,0.593220338983051,0,0,0,0,0,0,0,0,2982,6.766365,-2.92544638910332
"983",328,328,2,9.6566351561347,25.3502584463844,27.6013725415155,29.251546951388,31.8524260636422,34.2327397331746,39.14068218483,41.0517004095942,45.1399406470568,1,1,1,1,1,1,1,1,0.783333333333333,0.766666666666667,0.75,0.716666666666667,0.7,0.633333333333333,0.616666666666667,0.583333333333333,0,0,0,0,0,0,0,0,2983,6.15047,-3.5061651561347
"984",328,328,3,9.68107110794624,25.3746943981959,27.625808493327,29.2759829031995,31.8768620154538,34.2571756849861,39.1651181366416,41.0761363614057,45.1643765988684,1,1,1,1,1,1,1,1,0.783333333333333,0.766666666666667,0.75,0.716666666666667,0.7,0.633333333333333,0.616666666666667,0.583333333333333,0,0,0,0,0,0,0,0,2984,6.135684,-3.54538710794624
"985",329,329,1,9.68183183929445,25.3749698909426,27.6260143828064,29.2761377701516,31.8769364645877,34.2571765360698,39.1649672367186,41.0759263738015,45.1640402050201,1,1,1,1,1,1,1,1,0.783333333333333,0.766666666666667,0.75,0.716666666666667,0.7,0.633333333333333,0.616666666666667,0.583333333333333,0,0,0,0,0,0,0,0,2985,6.082479,-3.59935283929445
"986",329,329,2,9.68391897245431,25.3770570241024,27.6281015159663,29.2782249033115,31.8790235977476,34.2592636692296,39.1670543698785,41.0780135069613,45.1661273381799,1,1,1,1,1,1,1,1,0.783333333333333,0.766666666666667,0.75,0.716666666666667,0.7,0.633333333333333,0.616666666666667,0.583333333333333,0,0,0,0,0,0,0,0,2986,5.443791,-4.24012797245431
"987",329,329,3,9.70897351438836,25.4021115660365,27.6531560579003,29.3032794452455,31.9040781396816,34.2843182111637,39.1921089118125,41.1030680488954,45.191181880114,1,1,1,1,1,1,1,1,0.810344827586207,0.793103448275862,0.775862068965517,0.741379310344828,0.724137931034483,0.655172413793103,0.637931034482759,0.603448275862069,0,0,0,0,0,0,0,0,2987,8.428445,-1.28052851438836
"988",330,330,1,9.59145517949288,25.2841722939207,27.5351564059926,29.1852355320594,31.7859644652425,34.1661406915181,39.0737997504412,40.9847076298454,45.0727118055403,1,1,1,1,1,1,1,1,0.796610169491525,0.779661016949153,0.76271186440678,0.728813559322034,0.711864406779661,0.644067796610169,0.627118644067797,0.593220338983051,0,0,0,0,0,0,0,0,2988,6.475656,-3.11579917949288
"989",330,330,2,9.66943867906645,25.3621557934943,27.6131399055661,29.2632190316329,31.8639479648161,34.2441241910917,39.1517832500148,41.062691129419,45.1506953051138,1,1,1,1,1,1,1,1,0.796610169491525,0.779661016949153,0.76271186440678,0.728813559322034,0.711864406779661,0.644067796610169,0.627118644067797,0.593220338983051,0,0,0,0,0,0,0,0,2989,6.900155,-2.76928367906645
"990",330,330,3,9.65248655695521,25.345203671383,27.5961877834549,29.2462669095217,31.8469958427049,34.2271720689805,39.1348311279035,41.0457390073078,45.1337431830026,0,0,0,0,0,0,0,0,0,0,0,0,0,0,0,0,0,0,0,0,0,0,0,0,2990,63.164773,53.5122864430448
"991",331,331,1,7.4324566292551,23.2350938593951,25.5018450583431,27.1634822139818,29.782428032309,32.1792762755655,37.121311182068,39.0456040740031,43.1622427996454,1,1,1,1,1,1,1,1,0.830508474576271,0.796610169491525,0.779661016949153,0.745762711864407,0.728813559322034,0.677966101694915,0.661016949152542,0.610169491525424,1,1,1,1,1,1,1,1,2991,6.757217,-0.675239629255098
"992",331,331,2,9.67792802989329,25.4805652600333,27.7473164589813,29.40895361462,32.0278994329472,34.4247476762037,39.3667825827062,41.2910754746413,45.4077142002836,1,1,1,1,1,1,1,1,0.796610169491525,0.779661016949153,0.76271186440678,0.728813559322034,0.694915254237288,0.644067796610169,0.627118644067797,0.576271186440678,1,1,1,1,1,1,1,1,2992,6.628518,-3.04941002989329
"993",331,331,3,9.68305127834232,25.4856885084824,27.7524397074303,29.414076863069,32.0330226813963,34.4298709246527,39.3719058311552,41.2961987230903,45.4128374487326,1,1,1,1,1,1,1,1,0.796610169491525,0.779661016949153,0.76271186440678,0.728813559322034,0.694915254237288,0.644067796610169,0.627118644067797,0.576271186440678,0,0,0,0,0,0,0,0,2993,6.771933,-2.91111827834232
"994",332,332,1,9.67923880904902,25.481267504509,27.7479314144371,29.409504583045,32.028349549892,34.4251054942962,39.3669500908152,41.2911688812606,45.4076490816268,1,1,1,1,1,1,1,1,0.796610169491525,0.779661016949153,0.76271186440678,0.728813559322034,0.694915254237288,0.644067796610169,0.627118644067797,0.576271186440678,0,0,0,0,0,0,0,0,2994,7.156727,-2.52251180904902
"995",332,332,2,9.66376002434694,25.4657887198069,27.732452629735,29.3940257983429,32.0128707651899,34.4096267095941,39.3514713061131,41.2756900965585,45.3921702969248,1,1,1,1,1,1,1,1,0.796610169491525,0.779661016949153,0.76271186440678,0.728813559322034,0.694915254237288,0.644067796610169,0.627118644067797,0.576271186440678,0,0,0,0,0,0,0,0,2995,6.937057,-2.72670302434693
"996",332,332,3,9.67259650473776,25.4746252001977,27.7412891101258,29.4028622787337,32.0217072455808,34.4184631899849,39.360307786504,41.2845265769494,45.4010067773156,1,1,1,1,1,1,1,1,0.796610169491525,0.779661016949153,0.76271186440678,0.728813559322034,0.694915254237288,0.644067796610169,0.627118644067797,0.576271186440678,0,0,0,0,0,0,0,0,2996,7.643439,-2.02915750473776
"997",333,333,1,9.64460408969855,25.4457792843358,27.7123207669763,29.3738041905208,31.9925077080403,34.3891341986123,39.3307118757053,41.2548267350446,45.3710845956527,1,1,1,1,1,1,1,1,0.796610169491525,0.779661016949153,0.76271186440678,0.728813559322034,0.694915254237288,0.644067796610169,0.627118644067797,0.576271186440678,0,0,0,0,0,0,0,0,2997,6.863853,-2.78075108969855
"998",333,333,2,9.67611126826309,25.4772864629004,27.7438279455408,29.4053113690854,32.0240148866048,34.4206413771768,39.3622190542699,41.2863339136092,45.4025917742173,1,1,1,1,1,1,1,1,0.796610169491525,0.779661016949153,0.76271186440678,0.728813559322034,0.694915254237288,0.644067796610169,0.627118644067797,0.576271186440678,0,0,0,0,0,0,0,0,2998,6.279677,-3.39643426826309
"999",333,333,3,9.69972089894543,25.5008960935827,27.7674375762232,29.4289209997677,32.0476245172871,34.4442510078592,39.3858286849522,41.3099435442915,45.4262014048996,1,1,1,1,1,1,1,1,0.796610169491525,0.779661016949153,0.76271186440678,0.728813559322034,0.694915254237288,0.644067796610169,0.627118644067797,0.576271186440678,0,0,0,0,0,0,0,0,2999,6.811939,-2.88778189894543
