"","train_iter","test_iter","predict_iter","expected","Quantile_0.95","Quantile_0.97","Quantile_0.98","Quantile_0.99","Quantile_0.995","Quantile_0.999","Quantile_0.9995","Quantile_0.9999","score_pred_1_0.95","score_pred_1_0.97","score_pred_1_0.98","score_pred_1_0.99","score_pred_1_0.995","score_pred_1_0.999","score_pred_1_0.9995","score_pred_1_0.9999","score_pred_2_0.95","score_pred_2_0.97","score_pred_2_0.98","score_pred_2_0.99","score_pred_2_0.995","score_pred_2_0.999","score_pred_2_0.9995","score_pred_2_0.9999","adjustment_0.95","adjustment_0.97","adjustment_0.98","adjustment_0.99","adjustment_0.995","adjustment_0.999","adjustment_0.9995","adjustment_0.9999","time","actual","residuals"
"1",1,1,1,12.2796019124151,26.5103374933152,28.5516130392977,30.0479657460593,32.4064028156793,34.5648345432818,39.015281070769,40.74816292628,44.455316126948,1,1,1,1,1,1,1,1,0.824561403508772,0.789473684210526,0.771929824561403,0.754385964912281,0.719298245614035,0.684210526315789,0.649122807017544,0.614035087719298,0,0,0,0,0,0,0,0,2001,9.96064,-2.31896191241512
"2",1,1,2,12.2814873997527,26.5122229806528,28.5534985266352,30.0498512333969,32.4082883030169,34.5667200306194,39.0171665581065,40.7500484136176,44.4572016142856,1,1,1,1,1,1,1,1,0.839285714285714,0.803571428571429,0.785714285714286,0.767857142857143,0.732142857142857,0.696428571428571,0.660714285714286,0.625,0,0,0,0,0,0,0,0,2002,11.480626,-0.800861399752693
"3",1,1,3,12.3001578515851,26.5308934324852,28.5721689784677,30.0685216852293,32.4269587548493,34.5853904824518,39.035837009939,40.7687188654501,44.4758720661181,1,1,1,1,1,1,1,1,0.839285714285714,0.803571428571429,0.785714285714286,0.767857142857143,0.732142857142857,0.696428571428571,0.660714285714286,0.625,0,0,0,0,0,0,0,0,2003,11.724605,-0.575552851585135
"4",2,2,1,12.3059480365126,26.5360585780127,28.5772444675164,30.0735314517866,32.4318649346256,34.59020186004,39.040452915943,40.7732586601787,44.480249036037,1,1,1,1,1,1,1,1,0.824561403508772,0.789473684210526,0.771929824561403,0.754385964912281,0.719298245614035,0.684210526315789,0.649122807017544,0.614035087719298,0,0,0,0,0,0,0,0,2004,10.826604,-1.47934403651257
"5",2,2,2,12.2946257258816,26.5247362673818,28.5659221568855,30.0622091411557,32.4205426239946,34.578879549409,39.029130605312,40.7619363495477,44.4689267254061,1,1,1,1,1,1,1,1,0.783333333333333,0.75,0.733333333333333,0.716666666666667,0.683333333333333,0.65,0.616666666666667,0.583333333333333,0,0,0,0,0,0,0,0,2005,5.177268,-7.11735772588162
"6",2,2,3,12.2233969220711,26.4535074635713,28.494693353075,29.9909803373452,32.3493138201841,34.5076507455985,38.9579018015016,40.6907075457372,44.3976979215956,1,1,1,1,1,1,1,1,0.824561403508772,0.789473684210526,0.771929824561403,0.754385964912281,0.719298245614035,0.684210526315789,0.649122807017544,0.614035087719298,0,0,0,0,0,0,0,0,2006,10.220824,-2.00257292207113
"7",3,3,1,12.2753157252763,26.4996843699798,28.5400466342076,30.0357298617173,32.3931117491747,34.5505777784817,38.9990331433247,40.7311396946958,44.4366342876436,1,1,1,1,1,1,1,1,0.824561403508772,0.789473684210526,0.771929824561403,0.754385964912281,0.719298245614035,0.684210526315789,0.649122807017544,0.614035087719298,0,0,0,0,0,0,0,0,2007,9.803919,-2.47139672527634
"8",3,3,2,12.2700455644473,26.4944142091507,28.5347764733786,30.0304597008883,32.3878415883456,34.5453076176526,38.9937629824957,40.7258695338668,44.4313641268145,1,1,1,1,1,1,1,1,0.839285714285714,0.803571428571429,0.785714285714286,0.767857142857143,0.732142857142857,0.696428571428571,0.660714285714286,0.625,0,0,0,0,0,0,0,0,2008,11.405403,-0.864642564447291
"9",3,3,3,12.29029017232,26.5146588170234,28.5550210812512,30.0507043087609,32.4080861962183,34.5655522255253,39.0140075903683,40.7461141417394,44.4516087346872,1,1,1,1,1,1,1,1,0.824561403508772,0.789473684210526,0.771929824561403,0.754385964912281,0.719298245614035,0.684210526315789,0.649122807017544,0.614035087719298,0,0,0,0,0,0,0,0,2009,10.104366,-2.18592417231996
"10",4,4,1,12.2759150814637,26.4993449859224,28.5395725960071,30.035157115583,32.3923834271195,34.5497070739955,38.9978688620772,40.7298611027068,44.435111150748,1,1,1,1,1,1,1,1,0.824561403508772,0.789473684210526,0.771929824561403,0.754385964912281,0.719298245614035,0.684210526315789,0.649122807017544,0.614035087719298,0,0,0,0,0,0,0,0,2010,9.714061,-2.56185408146366
"11",4,4,2,12.2708574954655,26.4942873999242,28.5345150100089,30.0300995295848,32.3873258411214,34.5446494879973,38.992811276079,40.7248035167086,44.4300535647498,1,1,1,1,1,1,1,1,0.839285714285714,0.803571428571429,0.785714285714286,0.767857142857143,0.732142857142857,0.696428571428571,0.660714285714286,0.625,0,0,0,0,0,0,0,0,2011,11.479981,-0.790876495465469
"12",4,4,3,12.2937403493001,26.5171702537588,28.5573978638436,30.0529823834194,32.410208694956,34.5675323418319,39.0156941299137,40.7476863705432,44.4529364185844,1,1,1,1,1,1,1,1,0.824561403508772,0.789473684210526,0.771929824561403,0.754385964912281,0.719298245614035,0.684210526315789,0.649122807017544,0.614035087719298,0,0,0,0,0,0,0,0,2012,9.961119,-2.33262134930009
"13",5,5,1,12.2773761236473,26.5001982561451,28.5403386866153,30.0358592993599,32.3929848858204,34.5502163495287,38.9981880661558,40.7301062981723,44.4351980196282,1,1,1,1,1,1,1,1,0.824561403508772,0.789473684210526,0.771929824561403,0.754385964912281,0.719298245614035,0.684210526315789,0.649122807017544,0.614035087719298,0,0,0,0,0,0,0,0,2013,9.963422,-2.31395412364726
"14",5,5,2,12.2774051094467,26.5002272419445,28.5403676724148,30.0358882851593,32.3930138716199,34.5502453353282,38.9982170519553,40.7301352839718,44.4352270054277,1,1,1,1,1,1,1,1,0.824561403508772,0.789473684210526,0.771929824561403,0.754385964912281,0.719298245614035,0.684210526315789,0.649122807017544,0.614035087719298,0,0,0,0,0,0,0,0,2014,9.861766,-2.4156391094467
"15",5,5,3,12.2761256563729,26.4989477888708,28.539088219341,30.0346088320856,32.3917344185461,34.5489658822544,38.9969375988815,40.728855830898,44.4339475523539,0,1,1,1,1,1,1,1,0,0.978260869565217,0.956521739130435,0.934782608695652,0.891304347826087,0.847826086956522,0.804347826086957,0.760869565217391,0,0,0,0,0,0,0,0,2015,27.002938,14.7268123436271
"16",6,6,1,12.5073410993543,26.7400447357597,28.7816025822286,30.2781622287627,32.636925461077,34.7956556914111,39.2467176983821,40.979839204729,44.6875050902982,1,1,1,1,1,1,1,1,0.821428571428571,0.803571428571429,0.785714285714286,0.767857142857143,0.732142857142857,0.678571428571429,0.660714285714286,0.625,1,0,0,0,0,0,0,0,2016,11.32829,-1.17905109935433
"17",6,6,2,12.3058309485271,26.5385345849325,28.5800924314013,30.0766520779354,32.4354153102497,34.5941455405839,39.0452075475548,40.7783290539017,44.4859949394709,1,1,1,1,1,1,1,1,0.824561403508772,0.789473684210526,0.771929824561403,0.754385964912281,0.719298245614035,0.684210526315789,0.649122807017544,0.614035087719298,1,0,0,0,0,0,0,0,2017,10.260079,-2.04575194852706
"18",6,6,3,12.2920982407989,26.5248018772043,28.5663597236732,30.0629193702073,32.4216826025216,34.5804128328557,39.0314748398267,40.7645963461736,44.4722622317428,0,1,1,1,1,1,1,1,0,1,0.977777777777778,0.955555555555556,0.911111111111111,0.866666666666667,0.822222222222222,0.777777777777778,0,0,0,0,0,0,0,0,2018,28.617283,16.3251847592011
"19",7,7,1,12.5186864844533,26.7634398608957,28.8067261380231,30.3045528069833,32.6653130234605,34.8258708853361,39.2807012655861,41.0152900731666,44.7260949554582,1,1,1,1,1,1,1,1,0.807017543859649,0.789473684210526,0.771929824561403,0.754385964912281,0.719298245614035,0.666666666666667,0.649122807017544,0.614035087719298,1,0,0,0,0,0,0,0,2019,10.564688,-1.9539984844533
"20",7,7,2,12.2980071547695,26.5427605312119,28.5860468083394,30.0838734772995,32.4446336937767,34.6051915556523,39.0600219359023,40.7946107434829,44.5054156257744,1,1,1,1,1,1,1,1,0.824561403508772,0.789473684210526,0.771929824561403,0.754385964912281,0.719298245614035,0.684210526315789,0.649122807017544,0.614035087719298,1,0,0,0,0,0,0,0,2020,10.0616,-2.23640715476953
"21",7,7,3,12.2918572842046,26.5366106606469,28.5798969377744,30.0777236067345,32.4384838232118,34.5990416850874,39.0538720653374,40.7884608729179,44.4992657552095,1,1,1,1,1,1,1,1,0.824561403508772,0.789473684210526,0.771929824561403,0.754385964912281,0.719298245614035,0.684210526315789,0.649122807017544,0.614035087719298,0,0,0,0,0,0,0,0,2021,9.73496,-2.55689728420455
"22",8,8,1,12.2908943300044,26.535421873919,28.5786757573298,30.0764786801447,32.437201469758,34.5977250787244,39.0524848332796,40.7870461411509,44.4977921933298,1,1,1,1,1,1,1,1,0.824561403508772,0.789473684210526,0.771929824561403,0.754385964912281,0.719298245614035,0.684210526315789,0.649122807017544,0.614035087719298,0,0,0,0,0,0,0,0,2022,10.824412,-1.46648233000442
"23",8,8,2,12.3037961004785,26.5483236443931,28.5915775278039,30.0893804506188,32.4501032402321,34.6106268491985,39.0653866037537,40.799947911625,44.5106939638039,1,1,1,1,1,1,1,1,0.783333333333333,0.75,0.733333333333333,0.716666666666667,0.683333333333333,0.633333333333333,0.616666666666667,0.583333333333333,0,0,0,0,0,0,0,0,2023,6.236308,-6.06748810047852
"24",8,8,3,12.2494617519076,26.4939892958222,28.537243179233,30.0350461020479,32.3957688916612,34.5562925006276,39.0110522551828,40.7456135630541,44.456359615233,1,1,1,1,1,1,1,1,0.824561403508772,0.789473684210526,0.771929824561403,0.754385964912281,0.719298245614035,0.684210526315789,0.649122807017544,0.614035087719298,0,0,0,0,0,0,0,0,2024,9.726163,-2.5232987519076
"25",9,9,1,12.2731789203949,26.4900039014516,28.5292840925819,30.0241741087041,32.3803057968387,34.5366276489621,38.9827238475139,40.7139118042148,44.4174412480897,1,1,1,1,1,1,1,1,0.824561403508772,0.789473684210526,0.771929824561403,0.754385964912281,0.719298245614035,0.684210526315789,0.649122807017544,0.614035087719298,0,0,0,0,0,0,0,0,2025,10.673445,-1.59973392039486
"26",9,9,2,12.285105332736,26.5019303137927,28.5412105049231,30.0361005210452,32.3922322091798,34.5485540613032,38.9946502598551,40.725838216556,44.4293676604309,1,1,1,1,1,1,1,1,0.824561403508772,0.789473684210526,0.771929824561403,0.754385964912281,0.719298245614035,0.684210526315789,0.649122807017544,0.614035087719298,0,0,0,0,0,0,0,0,2026,10.075861,-2.20924433273603
"27",9,9,3,12.2775816669296,26.4944066479863,28.5336868391166,30.0285768552388,32.3847085433734,34.5410303954968,38.9871265940486,40.7183145507495,44.4218439946244,1,1,1,1,1,1,1,1,1,0.957446808510638,0.936170212765957,0.914893617021277,0.872340425531915,0.829787234042553,0.787234042553192,0.74468085106383,0,0,0,0,0,0,0,0,2027,25.742859,13.4652773330704
"28",10,10,1,12.4787494618075,26.7037043313681,28.7441506844653,30.2398955531423,32.5973745947085,34.7549295390491,39.2035682368172,40.9357461730027,44.6413934794446,1,1,1,1,1,1,1,1,0.807017543859649,0.789473684210526,0.771929824561403,0.754385964912281,0.719298245614035,0.666666666666667,0.649122807017544,0.614035087719298,0,0,0,0,0,0,0,0,2028,10.653287,-1.82546246180746
"29",10,10,2,12.2924421857435,26.5173970553042,28.5578434084014,30.0535882770784,32.4110673186446,34.5686222629851,39.0172609607532,40.7494388969388,44.4550862033807,1,1,1,1,1,1,1,1,0.824561403508772,0.789473684210526,0.771929824561403,0.754385964912281,0.719298245614035,0.684210526315789,0.649122807017544,0.614035087719298,0,0,0,0,0,0,0,0,2029,10.349692,-1.94275018574353
"30",10,10,3,12.2886937721055,26.5136486416662,28.5540949947634,30.0498398634403,32.4073189050066,34.5648738493471,39.0135125471152,40.7456904833007,44.4513377897427,1,1,1,1,1,1,1,1,0.824561403508772,0.789473684210526,0.771929824561403,0.754385964912281,0.719298245614035,0.684210526315789,0.649122807017544,0.614035087719298,0,0,0,0,0,0,0,0,2030,9.740372,-2.54832177210552
"31",11,11,1,12.2722243484566,26.4905418665919,28.5300361492162,30.0250831046536,32.3814621485734,34.5380103796754,38.9845733465416,40.7159430500263,44.4198613046957,1,1,1,1,1,1,1,1,0.824561403508772,0.789473684210526,0.771929824561403,0.754385964912281,0.719298245614035,0.684210526315789,0.649122807017544,0.614035087719298,0,0,0,0,0,0,0,0,2031,10.748784,-1.52344034845658
"32",11,11,2,12.2846716153083,26.5029891334437,28.542483416068,30.0375303715054,32.3939094154252,34.5504576465272,38.9970206133934,40.7283903168781,44.4323085715475,1,1,1,1,1,1,1,1,0.824561403508772,0.789473684210526,0.771929824561403,0.754385964912281,0.719298245614035,0.684210526315789,0.649122807017544,0.614035087719298,0,0,0,0,0,0,0,0,2032,10.078137,-2.20653461530835
"33",11,11,3,12.2763935284031,26.4947110465384,28.5342053291627,30.0292522846001,32.3856313285199,34.5421795596219,38.9887425264881,40.7201122299728,44.4240304846422,1,1,1,1,1,1,1,1,0.824561403508772,0.789473684210526,0.771929824561403,0.754385964912281,0.719298245614035,0.684210526315789,0.649122807017544,0.614035087719298,0,0,0,0,0,0,0,0,2033,9.764958,-2.51143552840306
"34",12,12,1,12.2733753492129,26.4915613789596,28.5310368007154,30.0260699302331,32.3824271827924,34.5389554705325,38.9854773164011,40.7168310084968,44.4207150100106,1,1,1,1,1,1,1,1,0.824561403508772,0.789473684210526,0.771929824561403,0.754385964912281,0.719298245614035,0.684210526315789,0.649122807017544,0.614035087719298,0,0,0,0,0,0,0,0,2034,10.554805,-1.71857034921292
"35",12,12,2,12.2833359194315,26.5015219491782,28.540997370934,30.0360305004517,32.392387753011,34.5489160407511,38.9954378866197,40.7267915787154,44.4306755802292,1,1,1,1,1,1,1,1,0.824561403508772,0.789473684210526,0.771929824561403,0.754385964912281,0.719298245614035,0.684210526315789,0.649122807017544,0.614035087719298,0,0,0,0,0,0,0,0,2035,10.183694,-2.09964191943151
"36",12,12,3,12.2786559280226,26.4968419577692,28.536317379525,30.0313505090428,32.387707761602,34.5442360493421,38.9907578952108,40.7221115873065,44.4259955888202,1,1,1,1,1,1,1,1,0.824561403508772,0.789473684210526,0.771929824561403,0.754385964912281,0.719298245614035,0.684210526315789,0.649122807017544,0.614035087719298,0,0,0,0,0,0,0,0,2036,9.660017,-2.61863892802255
"37",13,13,1,12.2726272933232,26.490527346771,28.529961747708,30.0249648070016,32.3812746651658,34.5377595777541,38.9841919888764,40.7155108575341,44.4193203612859,1,1,1,1,1,1,1,1,0.824561403508772,0.789473684210526,0.771929824561403,0.754385964912281,0.719298245614035,0.684210526315789,0.649122807017544,0.614035087719298,0,0,0,0,0,0,0,0,2037,10.739539,-1.53308829332316
"38",13,13,2,12.2862418117661,26.5041418652139,28.5435762661509,30.0385793254445,32.3948891836087,34.551374096197,38.9978065073193,40.729125375977,44.4329348797288,1,1,1,1,1,1,1,1,0.824561403508772,0.789473684210526,0.771929824561403,0.754385964912281,0.719298245614035,0.684210526315789,0.649122807017544,0.614035087719298,0,0,0,0,0,0,0,0,2038,10.375542,-1.91069981176605
"39",13,13,3,12.281651220866,26.4995512743138,28.5389856752508,30.0339887345444,32.3902985927086,34.5467835052969,38.9932159164192,40.7245347850769,44.4283442888287,0,0,0,0,1,1,1,1,0,0,0,0,0.976190476190476,0.928571428571429,0.880952380952381,0.833333333333333,0,0,0,0,0,0,0,0,2039,34.364327,22.082675779134
"40",14,14,1,12.5828732767677,26.8233453203388,28.8660174774129,30.3633939669713,32.7234446449926,34.8833531402453,39.3368445986313,41.0709120667486,44.780601647813,1,1,1,1,1,1,1,1,0.821428571428571,0.803571428571429,0.785714285714286,0.767857142857143,0.732142857142857,0.678571428571429,0.660714285714286,0.625,1,1,1,1,0,0,0,0,2040,11.66648,-0.916393276767664
"41",14,14,2,12.3125694159273,26.5530414594985,28.5957136165726,30.093090106131,32.4531407841523,34.613049279405,39.066540737791,40.8006082059082,44.5102977869727,1,1,1,1,1,1,1,1,0.824561403508772,0.789473684210526,0.771929824561403,0.754385964912281,0.719298245614035,0.666666666666667,0.649122807017544,0.614035087719298,1,1,1,1,0,0,0,0,2041,10.33801,-1.97455941592734
"42",14,14,3,12.2967489475803,26.5372209911514,28.5798931482255,30.0772696377839,32.4373203158052,34.5972288110579,39.0507202694439,40.7847877375612,44.4944773186256,1,1,1,1,1,1,1,1,0.824561403508772,0.789473684210526,0.771929824561403,0.754385964912281,0.719298245614035,0.684210526315789,0.649122807017544,0.614035087719298,0,0,0,0,0,0,0,0,2042,9.736992,-2.55975694758026
"43",15,15,1,12.2782204855904,26.5120953839555,28.55382123779,30.0505040417669,32.4094613854543,34.5683692657041,39.0197975670729,40.7530616984153,44.4610327015589,1,1,1,1,1,1,1,1,0.824561403508772,0.789473684210526,0.771929824561403,0.754385964912281,0.719298245614035,0.684210526315789,0.649122807017544,0.614035087719298,0,0,0,0,0,0,0,0,2043,10.454085,-1.82413548559037
"44",15,15,2,12.2869861330393,26.5208610314044,28.5625868852389,30.0592696892159,32.4182270329032,34.577134913153,39.0285632145219,40.7618273458642,44.4697983490079,1,1,1,1,1,1,1,1,0.824561403508772,0.789473684210526,0.771929824561403,0.754385964912281,0.719298245614035,0.684210526315789,0.649122807017544,0.614035087719298,0,0,0,0,0,0,0,0,2044,9.887388,-2.39959813303932
"45",15,15,3,12.2800589058702,26.5139338042353,28.5556596580698,30.0523424620467,32.4112998057341,34.5702076859839,39.0216359873528,40.7549001186951,44.4628711218388,1,1,1,1,1,1,1,1,0.824561403508772,0.789473684210526,0.771929824561403,0.754385964912281,0.719298245614035,0.684210526315789,0.649122807017544,0.614035087719298,0,0,0,0,0,0,0,0,2045,9.943834,-2.33622490587021
"46",16,16,1,12.2810438463307,26.5147423503255,28.556442901918,30.0531071581402,32.4120352682704,34.5709163940912,39.0222895307984,40.755532182534,44.4634572343668,1,1,1,1,1,1,1,1,0.824561403508772,0.789473684210526,0.771929824561403,0.754385964912281,0.719298245614035,0.684210526315789,0.649122807017544,0.614035087719298,0,0,0,0,0,0,0,0,2046,10.201181,-2.0798628463307
"47",16,16,2,12.2841897372123,26.5178882412071,28.5595887927997,30.0562530490218,32.4151811591521,34.5740622849728,39.02543542168,40.7586780734157,44.4666031252484,1,1,1,1,1,1,1,1,0.903846153846154,0.865384615384615,0.846153846153846,0.826923076923077,0.788461538461538,0.75,0.711538461538462,0.673076923076923,0,0,0,0,0,0,0,0,2047,17.437212,5.15302226278765
"48",16,16,3,12.3726452620183,26.606343766013,28.6480443176056,30.1447085738278,32.503636683958,34.6625178097787,39.113890946486,40.8471335982216,44.5550586500544,1,1,1,1,1,1,1,1,0.807017543859649,0.789473684210526,0.771929824561403,0.754385964912281,0.719298245614035,0.666666666666667,0.649122807017544,0.614035087719298,0,0,0,0,0,0,0,0,2048,9.62718,-2.74546526201826
"49",17,17,1,12.2835156664292,26.5181240991711,28.5599551721475,30.056715106793,32.4157940179606,34.5748131562591,39.0264708593691,40.7598243134597,44.4679864047096,0,0,0,1,1,1,1,1,0,0,0,1,0.953488372093023,0.906976744186046,0.86046511627907,0.813953488372093,0,0,0,0,0,0,0,0,2049,31.600654,19.3171383335708
"50",17,17,2,12.5437861838785,26.7783946166204,28.8202256895968,30.3169856242423,32.6760645354099,34.8350836737084,39.2867413768184,41.020094830909,44.7282569221589,1,1,1,1,1,1,1,1,0.807017543859649,0.789473684210526,0.771929824561403,0.754385964912281,0.719298245614035,0.666666666666667,0.649122807017544,0.614035087719298,1,1,1,0,0,0,0,0,2050,9.838394,-2.70539218387853
"51",17,17,3,12.2860174454867,26.5206258782286,28.5624569512049,30.0592168858505,32.418295797018,34.5773149353165,39.0289726384265,40.7623260925171,44.4704881837671,1,1,1,1,1,1,1,1,1,0.957446808510638,0.936170212765957,0.914893617021277,0.872340425531915,0.829787234042553,0.787234042553192,0.74468085106383,1,1,1,0,0,0,0,0,2051,25.45357,13.1675525545133
"52",18,18,1,12.4860123270539,26.7461018314522,28.7915879430709,30.2910271960361,32.654329044495,34.8172129973144,39.2768395187771,41.0132958122453,44.7280958060696,1,1,1,1,1,1,1,1,0.821428571428571,0.803571428571429,0.785714285714286,0.767857142857143,0.732142857142857,0.678571428571429,0.660714285714286,0.625,0,0,0,0,0,0,0,0,2052,11.822186,-0.66382632705392
"53",18,18,2,12.3284832608421,26.5885727652404,28.6340588768591,30.1334981298243,32.4967999782832,34.6596839311026,39.1193104525653,40.8557667460335,44.5705667398578,1,1,1,1,1,1,1,1,0.807017543859649,0.789473684210526,0.771929824561403,0.754385964912281,0.719298245614035,0.666666666666667,0.649122807017544,0.614035087719298,0,0,0,0,0,0,0,0,2053,10.437168,-1.89131526084212
"54",18,18,3,12.3124775058706,26.5725670102689,28.6180531218876,30.1174923748528,32.4807942233117,34.6436781761311,39.1033046975938,40.839760991062,44.5545609848863,1,1,1,1,1,1,1,1,0.807017543859649,0.789473684210526,0.771929824561403,0.754385964912281,0.719298245614035,0.666666666666667,0.649122807017544,0.614035087719298,0,0,0,0,0,0,0,0,2054,9.582575,-2.72990250587061
"55",19,19,1,12.2848987089713,26.4096626201259,28.4357374495475,29.9209473032948,32.2618218574119,34.4041804443882,38.8214859408338,40.5414635875177,44.2210108213371,1,1,1,1,1,1,1,1,0.839285714285714,0.803571428571429,0.785714285714286,0.767857142857143,0.732142857142857,0.696428571428571,0.678571428571429,0.625,0,0,0,0,0,0,0,0,2055,11.262723,-1.02217570897132
"56",19,19,2,12.2916570100949,26.4164209212494,28.442495750671,29.9277056044183,32.2685801585354,34.4109387455118,38.8282442419573,40.5482218886412,44.2277691224607,1,1,1,1,1,1,1,1,0.824561403508772,0.789473684210526,0.771929824561403,0.754385964912281,0.719298245614035,0.684210526315789,0.666666666666667,0.614035087719298,0,0,0,0,0,0,0,0,2056,10.08862,-2.20303701009486
"57",19,19,3,12.2869342466097,26.4116981577643,28.4377729871858,29.9229828409332,32.2638573950503,34.4062159820266,38.8235214784722,40.5434991251561,44.2230463589755,1,1,1,1,1,1,1,1,0.824561403508772,0.789473684210526,0.771929824561403,0.754385964912281,0.719298245614035,0.684210526315789,0.666666666666667,0.614035087719298,0,0,0,0,0,0,0,0,2057,9.807514,-2.47942024660971
"58",20,20,1,12.286283805797,26.4107961197833,28.4368348597741,29.9220182582408,32.2628511155612,34.4051715418038,38.8223983550543,40.5423453646594,44.2218270565929,1,1,1,1,1,1,1,1,0.839285714285714,0.803571428571429,0.785714285714286,0.767857142857143,0.732142857142857,0.696428571428571,0.678571428571429,0.625,0,0,0,0,0,0,0,0,2058,12.198384,-0.0878998057970364
"59",20,20,2,12.2959014956874,26.4204138096737,28.4464525496645,29.9316359481312,32.2724688054515,34.4147892316942,38.8320160449447,40.5519630545498,44.2314447464833,1,1,1,1,1,1,1,1,0.824561403508772,0.789473684210526,0.771929824561403,0.754385964912281,0.719298245614035,0.684210526315789,0.666666666666667,0.614035087719298,0,0,0,0,0,0,0,0,2059,10.248363,-2.04753849568741
"60",20,20,3,12.2880571974789,26.4125695114652,28.438608251456,29.9237916499227,32.2646245072431,34.4069449334857,38.8241717467362,40.5441187563413,44.2236004482748,1,1,1,1,1,1,1,1,0.824561403508772,0.789473684210526,0.771929824561403,0.754385964912281,0.719298245614035,0.684210526315789,0.666666666666667,0.614035087719298,0,0,0,0,0,0,0,0,2060,9.422995,-2.86506219747893
"61",21,21,1,12.2851360732224,26.4095441806091,28.4355679730673,29.920740414277,32.2615560016041,34.4038606224213,38.8210548466397,40.5409891669691,44.2204437127424,1,1,1,1,1,1,1,1,0.839285714285714,0.803571428571429,0.785714285714286,0.767857142857143,0.732142857142857,0.696428571428571,0.678571428571429,0.625,0,0,0,0,0,0,0,0,2061,11.702656,-0.582480073222433
"62",21,21,2,12.2943067733231,26.4187148807098,28.444738673168,29.9299111143777,32.2707267017048,34.413031322522,38.8302255467403,40.5501598670698,44.229614412843,1,1,1,1,1,1,1,1,0.824561403508772,0.789473684210526,0.771929824561403,0.754385964912281,0.719298245614035,0.684210526315789,0.666666666666667,0.614035087719298,0,0,0,0,0,0,0,0,2062,10.160788,-2.1335187733231
"63",21,21,3,12.2881040927391,26.4125122001258,28.438535992584,29.9237084337937,32.2645240211208,34.406828641938,38.8240228661563,40.5439571864858,44.223411732259,1,1,1,1,1,1,1,1,0.824561403508772,0.789473684210526,0.771929824561403,0.754385964912281,0.719298245614035,0.684210526315789,0.666666666666667,0.614035087719298,0,0,0,0,0,0,0,0,2063,9.699912,-2.5881920927391
"64",22,22,1,12.2859189673509,26.410078561535,28.4360667069306,29.9212130171366,32.2619874187677,34.4042543466085,38.8213708520952,40.5412749108815,44.220664718152,1,1,1,1,1,1,1,1,0.839285714285714,0.803571428571429,0.785714285714286,0.767857142857143,0.732142857142857,0.696428571428571,0.678571428571429,0.625,0,0,0,0,0,0,0,0,2064,12.337582,0.0516630326491434
"65",22,22,2,12.2958540185506,26.4200136127348,28.4460017581304,29.9311480683364,32.2719224699675,34.4141893978083,38.831305903295,40.5512099620813,44.2305997693518,1,1,1,1,1,1,1,1,0.824561403508772,0.789473684210526,0.771929824561403,0.754385964912281,0.719298245614035,0.684210526315789,0.666666666666667,0.614035087719298,0,0,0,0,0,0,0,0,2065,10.109459,-2.18639501855065
"66",22,22,3,12.2874615676055,26.4116211617897,28.4376093071852,29.9227556173913,32.2635300190224,34.4057969468632,38.8229134523499,40.5428175111362,44.2222073184067,1,1,1,1,1,1,1,1,0.824561403508772,0.789473684210526,0.771929824561403,0.754385964912281,0.719298245614035,0.684210526315789,0.666666666666667,0.614035087719298,0,0,0,0,0,0,0,0,2066,9.457006,-2.83045556760552
"67",23,23,1,12.2774352148111,26.3933874721607,28.4181983462983,29.9024816603073,32.2418958731187,34.3829179618489,38.7974677473296,40.5163723957199,44.1936241648797,1,1,1,1,1,1,1,1,0.839285714285714,0.803571428571429,0.785714285714286,0.767857142857143,0.732142857142857,0.696428571428571,0.678571428571429,0.625,0,0,0,0,0,0,0,0,2067,12.276601,-0.00083421481112822
"68",23,23,2,12.2895820568151,26.4055343141647,28.4303451883023,29.9146285023113,32.2540427151227,34.3950648038529,38.8096145893336,40.5285192377239,44.2057710068837,1,1,1,1,1,1,1,1,0.824561403508772,0.789473684210526,0.771929824561403,0.754385964912281,0.719298245614035,0.684210526315789,0.666666666666667,0.614035087719298,0,0,0,0,0,0,0,0,2068,9.961271,-2.32831105681511
"69",23,23,3,12.2796075932141,26.3955598505637,28.4203707247013,29.9046540387103,32.2440682515217,34.3850903402519,38.7996401257326,40.5185447741229,44.1957965432827,1,1,1,1,1,1,1,1,0.824561403508772,0.789473684210526,0.771929824561403,0.754385964912281,0.719298245614035,0.684210526315789,0.666666666666667,0.614035087719298,0,0,0,0,0,0,0,0,2069,9.816591,-2.4630165932141
"70",24,24,1,12.2779771927832,26.3937470676212,28.41853178057,29.902795917175,32.2421799040243,34.3831743300804,38.7976670781993,40.5165495178047,44.1937537757233,1,1,1,1,1,1,1,1,0.839285714285714,0.803571428571429,0.785714285714286,0.767857142857143,0.732142857142857,0.696428571428571,0.678571428571429,0.625,0,0,0,0,0,0,0,0,2070,11.632334,-0.645643192783151
"71",24,24,2,12.2858117438404,26.4015816186785,28.4263663316272,29.9106304682323,32.2500144550815,34.3910088811377,38.8055016292565,40.5243840688619,44.2015883267805,1,1,1,1,1,1,1,1,0.824561403508772,0.789473684210526,0.771929824561403,0.754385964912281,0.719298245614035,0.684210526315789,0.666666666666667,0.614035087719298,0,0,0,0,0,0,0,0,2071,10.248918,-2.03689374384038
"72",24,24,3,12.2798425933134,26.3956124681514,28.4203971811002,29.9046613177052,32.2440453045545,34.3850397306106,38.7995324787295,40.5184149183349,44.1956191762535,1,1,1,1,1,1,1,1,0.824561403508772,0.789473684210526,0.771929824561403,0.754385964912281,0.719298245614035,0.684210526315789,0.666666666666667,0.614035087719298,0,0,0,0,0,0,0,0,2072,9.399869,-2.87997359331336
"73",25,25,1,12.2759835784902,26.3917380403207,28.4165205424073,29.9007830583445,32.2401644908206,34.3811565791252,38.7956445070599,40.5145250698178,44.1917253125974,1,1,1,1,1,1,1,1,0.839285714285714,0.803571428571429,0.785714285714286,0.767857142857143,0.732142857142857,0.696428571428571,0.678571428571429,0.625,0,0,0,0,0,0,0,0,2073,11.428972,-0.847011578490216
"74",25,25,2,12.2847386030614,26.4004930648919,28.4252755669785,29.9095380829157,32.2489195153917,34.3899116036964,38.8043995316311,40.5232800943889,44.2004803371686,1,1,1,1,1,1,1,1,0.824561403508772,0.789473684210526,0.771929824561403,0.754385964912281,0.719298245614035,0.684210526315789,0.666666666666667,0.614035087719298,0,0,0,0,0,0,0,0,2074,10.163339,-2.12139960306137
"75",25,25,3,12.2792777427635,26.395032204594,28.4198147066806,29.9040772226177,32.2434586550938,34.3844507433985,38.7989386713332,40.517819234091,44.1950194768707,1,1,1,1,1,1,1,1,0.886792452830189,0.849056603773585,0.830188679245283,0.811320754716981,0.773584905660377,0.735849056603774,0.716981132075472,0.660377358490566,0,0,0,0,0,0,0,0,2075,16.307406,4.02812825723653
"76",26,26,1,12.3083836189905,26.4243948727805,28.4492142094456,29.9335037268924,32.2729277170897,34.4139587540424,38.8285269897643,40.5474388221726,44.2247059600983,1,1,1,1,1,1,1,1,0.839285714285714,0.803571428571429,0.785714285714286,0.767857142857143,0.732142857142857,0.696428571428571,0.678571428571429,0.625,0,0,0,0,0,0,0,0,2076,12.308055,-0.000328618990490526
"77",26,26,2,12.2927493805766,26.4087606343667,28.4335799710318,29.9178694884786,32.2572934786758,34.3983245156285,38.8128927513505,40.5318045837588,44.2090717216844,1,1,1,1,1,1,1,1,0.824561403508772,0.789473684210526,0.771929824561403,0.754385964912281,0.719298245614035,0.684210526315789,0.666666666666667,0.614035087719298,0,0,0,0,0,0,0,0,2077,10.441278,-1.85147138057664
"78",26,26,3,12.2854517873713,26.4014630411613,28.4262823778264,29.9105718952732,32.2499958854704,34.3910269224232,38.8055951581451,40.5245069905534,44.201774128479,1,1,1,1,1,1,1,1,0.824561403508772,0.789473684210526,0.771929824561403,0.754385964912281,0.719298245614035,0.684210526315789,0.666666666666667,0.614035087719298,0,0,0,0,0,0,0,0,2078,9.662844,-2.62260778737127
"79",27,27,1,12.2745671276328,26.3819154383732,28.4054921510219,29.8888707655707,32.2268590600582,34.3665761543109,38.7784351860993,40.4962921287768,44.1713025416814,1,1,1,1,1,1,1,1,0.824561403508772,0.789473684210526,0.771929824561403,0.754385964912281,0.736842105263158,0.684210526315789,0.666666666666667,0.614035087719298,0,0,0,0,0,0,0,0,2079,10.462279,-1.81228812763276
"80",27,27,2,12.2781074092924,26.3854557200328,28.4090324326815,29.8924110472304,32.2303993417178,34.3701164359705,38.7819754677589,40.4998324104364,44.174842823341,1,1,1,1,1,1,1,1,0.824561403508772,0.789473684210526,0.771929824561403,0.754385964912281,0.736842105263158,0.684210526315789,0.666666666666667,0.614035087719298,0,0,0,0,0,0,0,0,2080,9.809908,-2.46819940929239
"81",27,27,3,12.2752183975696,26.38256670831,28.4061434209588,29.8895220355076,32.2275103299951,34.3672274242478,38.7790864560362,40.4969433987137,44.1719538116182,1,1,1,1,1,1,1,1,0.824561403508772,0.789473684210526,0.771929824561403,0.754385964912281,0.736842105263158,0.684210526315789,0.666666666666667,0.614035087719298,0,0,0,0,0,0,0,0,2081,9.870539,-2.40467939756965
"82",28,28,1,12.2751719979186,26.3825251064057,28.4061025072495,29.8894816262783,32.2274707158887,34.3671885378345,38.7790490700454,40.4969065969462,44.1719182596795,1,1,1,1,1,1,1,1,0.839285714285714,0.803571428571429,0.785714285714286,0.767857142857143,0.75,0.696428571428571,0.678571428571429,0.625,0,0,0,0,0,0,0,0,2082,11.01768,-1.25749199791862
"83",28,28,2,12.2802519552536,26.3876050637406,28.4111824645845,29.8945615836133,32.2325506732237,34.3722684951695,38.7841290273803,40.5019865542811,44.1769982170144,1,1,1,1,1,1,1,1,0.824561403508772,0.789473684210526,0.771929824561403,0.754385964912281,0.736842105263158,0.684210526315789,0.666666666666667,0.614035087719298,0,0,0,0,0,0,0,0,2083,10.29055,-1.98970195525357
"84",28,28,3,12.2770319593011,26.3843850677881,28.407962468632,29.8913415876608,32.2293306772711,34.369048499217,38.7809090314278,40.4987665583286,44.1737782210619,1,1,1,1,1,1,1,1,0.824561403508772,0.789473684210526,0.771929824561403,0.754385964912281,0.736842105263158,0.684210526315789,0.666666666666667,0.614035087719298,0,0,0,0,0,0,0,0,2084,9.738374,-2.53865795930105
"85",29,29,1,12.2745207662737,26.3817773415146,28.4053408955019,29.8887098641219,32.2266829554316,34.3663861357997,38.7782164787032,40.4960622507155,44.1710487662222,1,1,1,1,1,1,1,1,0.824561403508772,0.789473684210526,0.771929824561403,0.754385964912281,0.736842105263158,0.684210526315789,0.666666666666667,0.614035087719298,0,0,0,0,0,0,0,0,2085,10.919591,-1.35492976627365
"86",29,29,2,12.2797516319568,26.3870082071978,28.4105717611851,29.8939407298051,32.2319138211148,34.3716170014829,38.7834473443864,40.5012931163987,44.1762796319054,1,1,1,1,1,1,1,1,0.824561403508772,0.789473684210526,0.771929824561403,0.754385964912281,0.736842105263158,0.684210526315789,0.666666666666667,0.614035087719298,0,0,0,0,0,0,0,0,2086,9.974166,-2.30558563195685
"87",29,29,3,12.2755649404442,26.3828215156851,28.4063850696724,29.8897540382924,32.2277271296021,34.3674303099703,38.7792606528737,40.4971064248861,44.1720929403928,1,1,1,1,1,1,1,1,1,0.957446808510638,0.936170212765957,0.914893617021277,0.893617021276596,0.829787234042553,0.808510638297872,0.74468085106383,0,0,0,0,0,0,0,0,2087,25.275558,12.9999930595558
"88",30,30,1,12.3469883520618,26.4623050997085,28.4870248154933,29.9712413060652,32.310550196869,34.4514758953389,38.8658269348073,40.5846541969495,44.2617404137515,1,1,1,1,1,1,1,1,0.839285714285714,0.803571428571429,0.785714285714286,0.767857142857143,0.732142857142857,0.696428571428571,0.678571428571429,0.625,0,0,0,0,0,0,0,0,2088,11.643941,-0.703047352061835
"89",30,30,2,12.2904536089346,26.4057703565813,28.430490072366,29.9147065629379,32.2540154537417,34.3949411522117,38.80929219168,40.5281194538222,44.2052056706242,1,1,1,1,1,1,1,1,0.824561403508772,0.789473684210526,0.771929824561403,0.754385964912281,0.719298245614035,0.684210526315789,0.666666666666667,0.614035087719298,0,0,0,0,0,0,0,0,2089,10.361251,-1.92920260893457
"90",30,30,3,12.2851338768982,26.400450624545,28.4251703403297,29.9093868309016,32.2486957217054,34.3896214201753,38.8039724596437,40.5227997217859,44.1998859385879,1,1,1,1,1,1,1,1,0.810344827586207,0.775862068965517,0.758620689655172,0.741379310344828,0.706896551724138,0.672413793103448,0.655172413793103,0.603448275862069,0,0,0,0,0,0,0,0,2090,9.311174,-2.97395987689824
"91",31,31,1,12.2744675283514,26.3874221618511,28.4118030528563,29.8957711686427,32.2346885900432,34.3752560173549,38.7888683414811,40.5074079681232,44.183878846458,1,1,1,1,1,1,1,1,0.824561403508772,0.789473684210526,0.771929824561403,0.754385964912281,0.719298245614035,0.684210526315789,0.666666666666667,0.614035087719298,0,0,0,0,0,0,0,0,2091,10.505941,-1.76852652835137
"92",31,31,2,12.2797570563194,26.3927116898191,28.4170925808244,29.9010606966107,32.2399781180112,34.3805455453229,38.7941578694492,40.5126974960913,44.189168374426,1,1,1,1,1,1,1,1,0.824561403508772,0.789473684210526,0.771929824561403,0.754385964912281,0.719298245614035,0.684210526315789,0.666666666666667,0.614035087719298,0,0,0,0,0,0,0,0,2092,10.122987,-2.15677005631942
"93",31,31,3,12.2780616245796,26.3910162580793,28.4153971490846,29.8993652648709,32.2382826862714,34.3788501135831,38.7924624377094,40.5110020643515,44.1874729426862,1,1,1,1,1,1,1,1,0.824561403508772,0.789473684210526,0.771929824561403,0.754385964912281,0.719298245614035,0.684210526315789,0.666666666666667,0.614035087719298,0,0,0,0,0,0,0,0,2093,9.878459,-2.39960262457961
"94",32,32,1,12.2768631019616,26.3898362057285,28.4142197461333,29.8981898040564,32.2371102865047,34.3776805152746,38.7912986156965,40.5098404914698,44.1863161813695,1,1,1,1,1,1,1,1,0.839285714285714,0.803571428571429,0.785714285714286,0.767857142857143,0.732142857142857,0.696428571428571,0.678571428571429,0.625,0,0,0,0,0,0,0,0,2094,11.016045,-1.26081810196159
"95",32,32,2,12.2818994207535,26.3948725245203,28.4192560649251,29.9032261228482,32.2421466052966,34.3827168340665,38.7963349344884,40.5148768102616,44.1913525001614,1,1,1,1,1,1,1,1,0.824561403508772,0.789473684210526,0.771929824561403,0.754385964912281,0.719298245614035,0.684210526315789,0.666666666666667,0.614035087719298,0,0,0,0,0,0,0,0,2095,9.717659,-2.56424042075346
"96",32,32,3,12.2761512084768,26.3891243122437,28.4135078526485,29.8974779105716,32.2363983930199,34.3769686217899,38.7905867222118,40.509128597985,44.1856042878848,1,1,1,1,1,1,1,1,0.810344827586207,0.775862068965517,0.758620689655172,0.741379310344828,0.706896551724138,0.672413793103448,0.655172413793103,0.603448275862069,0,0,0,0,0,0,0,0,2096,9.159108,-3.11704320847685
"97",33,33,1,12.2718037453998,26.3851035686199,28.4095339740956,29.8935383863593,32.2325130155006,34.3731327990971,38.7868530760683,40.5054347365884,44.1819955379752,1,1,1,1,1,1,1,1,0.824561403508772,0.789473684210526,0.771929824561403,0.754385964912281,0.736842105263158,0.684210526315789,0.666666666666667,0.614035087719298,0,0,0,0,0,0,0,0,2097,10.831616,-1.44018774539984
"98",33,33,2,12.2789059528487,26.3922057760688,28.4166361815445,29.9006405938082,32.2396152229495,34.380235006546,38.7939552835172,40.5125369440373,44.1890977454241,1,1,1,1,1,1,1,1,0.824561403508772,0.789473684210526,0.771929824561403,0.754385964912281,0.719298245614035,0.684210526315789,0.666666666666667,0.614035087719298,0,0,0,0,0,0,0,0,2098,10.004289,-2.27461695284874
"99",33,33,3,12.2753927571079,26.388692580328,28.4131229858036,29.8971273980674,32.2361020272087,34.3767218108052,38.7904420877764,40.5090237482965,44.1855845496833,1,1,1,1,1,1,1,1,1,0.957446808510638,0.936170212765957,0.914893617021277,0.872340425531915,0.829787234042553,0.808510638297872,0.74468085106383,0,0,0,0,0,0,0,0,2099,26.53618,14.2607872428921
"100",34,34,1,12.3544550407283,26.4771985787844,28.5029836032148,29.9879810160284,32.3285207369401,34.4705728859693,38.887246541398,40.6069781665138,44.2859990865277,1,1,1,1,1,1,1,1,0.839285714285714,0.803571428571429,0.785714285714286,0.767857142857143,0.732142857142857,0.696428571428571,0.678571428571429,0.625,0,0,0,0,0,0,0,0,2100,11.225231,-1.12922404072826
"101",34,34,2,12.2909772425093,26.4137207805654,28.4395058049958,29.9245032178094,32.2650429387211,34.4070950877503,38.8237687431791,40.5435003682948,44.2225212883088,1,1,1,1,1,1,1,1,0.824561403508772,0.789473684210526,0.771929824561403,0.754385964912281,0.719298245614035,0.684210526315789,0.666666666666667,0.614035087719298,0,0,0,0,0,0,0,0,2101,10.099448,-2.19152924250928
"102",34,34,3,12.286309848861,26.4090533869171,28.4348384113475,29.9198358241611,32.2603755450728,34.402427694102,38.8191013495307,40.5388329746465,44.2178538946604,1,1,1,1,1,1,1,1,0.824561403508772,0.789473684210526,0.771929824561403,0.754385964912281,0.719298245614035,0.684210526315789,0.666666666666667,0.614035087719298,0,0,0,0,0,0,0,0,2102,9.504003,-2.78230684886096
"103",35,35,1,12.2739736826482,26.3879718540002,28.4125024314561,29.8965802745774,32.2356706398387,34.3763963446475,38.790335019396,40.5090017180225,44.1857444413835,1,1,1,1,1,1,1,1,0.839285714285714,0.803571428571429,0.785714285714286,0.767857142857143,0.732142857142857,0.696428571428571,0.678571428571429,0.625,0,0,0,0,0,0,0,0,2103,11.328279,-0.945694682648224
"104",35,35,2,12.2819699762931,26.3959681476451,28.420498725101,29.9045765682223,32.2436669334836,34.3843926382924,38.7983313130408,40.5169980116673,44.1937407350284,1,1,1,1,1,1,1,1,0.824561403508772,0.789473684210526,0.771929824561403,0.754385964912281,0.719298245614035,0.684210526315789,0.666666666666667,0.614035087719298,0,0,0,0,0,0,0,0,2104,9.967422,-2.3145479762931
"105",35,35,3,12.2760049730915,26.3900031444434,28.4145337218993,29.8986115650206,32.237701930282,34.3784276350908,38.7923663098392,40.5110330084657,44.1877757318268,1,1,1,1,1,1,1,1,0.824561403508772,0.789473684210526,0.771929824561403,0.754385964912281,0.719298245614035,0.684210526315789,0.666666666666667,0.614035087719298,0,0,0,0,0,0,0,0,2105,10.001783,-2.27422197309146
"106",36,36,1,12.2762886083415,26.3902785401706,28.4148079357385,29.8988849124793,32.2379739122176,34.3786983673056,38.7926344652683,40.5113001605651,44.1880407375035,1,1,1,1,1,1,1,1,0.839285714285714,0.803571428571429,0.785714285714286,0.767857142857143,0.732142857142857,0.696428571428571,0.678571428571429,0.625,0,0,0,0,0,0,0,0,2106,11.123496,-1.15279260834152
"107",36,36,2,12.2812054353889,26.395195367218,28.4197247627858,29.9038017395266,32.242890739265,34.3836151943529,38.7975512923156,40.5162169876124,44.1929575645508,1,1,1,1,1,1,1,1,0.824561403508772,0.789473684210526,0.771929824561403,0.754385964912281,0.719298245614035,0.684210526315789,0.666666666666667,0.614035087719298,0,0,0,0,0,0,0,0,2107,9.592248,-2.68895743538888
"108",36,36,3,12.274493485378,26.3884834172071,28.4130128127749,29.8970897895157,32.2361787892541,34.376903244342,38.7908393423047,40.5095050376015,44.1862456145399,1,1,1,1,1,1,1,1,0.824561403508772,0.789473684210526,0.771929824561403,0.754385964912281,0.719298245614035,0.684210526315789,0.666666666666667,0.614035087719298,0,0,0,0,0,0,0,0,2108,10.607823,-1.66667048537795
"109",37,37,1,12.278569646932,26.3923241707685,28.4168197991024,29.9008720228439,32.2399220087918,34.3806107586221,38.7944732363087,40.5131102658885,44.1897895182743,1,1,1,1,1,1,1,1,0.824561403508772,0.789473684210526,0.771929824561403,0.754385964912281,0.719298245614035,0.684210526315789,0.666666666666667,0.614035087719298,0,0,0,0,0,0,0,0,2109,10.670292,-1.60827764693196
"110",37,37,2,12.2788527280122,26.3926072518488,28.4171028801826,29.9011551039241,32.240205089872,34.3808938397023,38.7947563173889,40.5133933469687,44.1900725993545,1,1,1,1,1,1,1,1,0.824561403508772,0.789473684210526,0.771929824561403,0.754385964912281,0.719298245614035,0.684210526315789,0.666666666666667,0.614035087719298,0,0,0,0,0,0,0,0,2110,9.590452,-2.68840072801217
"111",37,37,3,12.2739593845353,26.3877139083719,28.4122095367057,29.8962617604472,32.2353117463951,34.3760004962254,38.789862973912,40.5085000034918,44.1851792558776,1,1,1,1,1,1,1,1,0.903846153846154,0.865384615384615,0.846153846153846,0.826923076923077,0.788461538461538,0.75,0.730769230769231,0.673076923076923,0,0,0,0,0,0,0,0,2111,17.526375,5.25241561546472
"112",38,38,1,12.3153021355463,26.4301430856636,28.454794552421,29.9389610131882,32.2781910508277,34.419044583212,38.8332468242257,40.5520161483295,44.2289784183176,1,1,1,1,1,1,1,1,0.839285714285714,0.803571428571429,0.785714285714286,0.767857142857143,0.732142857142857,0.696428571428571,0.678571428571429,0.625,0,0,0,0,0,0,0,0,2112,11.625374,-0.689928135546253
"113",38,38,2,12.2891709225775,26.4040118726948,28.4286633394522,29.9128298002194,32.2520598378589,34.3929133702432,38.8071156112569,40.5258849353607,44.2028472053488,1,1,1,1,1,1,1,1,0.824561403508772,0.789473684210526,0.771929824561403,0.754385964912281,0.719298245614035,0.684210526315789,0.666666666666667,0.614035087719298,0,0,0,0,0,0,0,0,2113,9.823508,-2.46566292257748
"114",38,38,3,12.2811917773126,26.3960327274299,28.4206841941873,29.9048506549546,32.2440806925941,34.3849342249783,38.7991364659921,40.5179057900958,44.194868060084,1,1,1,1,1,1,1,1,0.824561403508772,0.789473684210526,0.771929824561403,0.754385964912281,0.719298245614035,0.684210526315789,0.666666666666667,0.614035087719298,0,0,0,0,0,0,0,0,2114,10.566688,-1.7145037773126
"115",39,39,1,12.2750262851685,26.3799205555845,28.4031452574411,29.8862658312259,32.2238474215316,34.3631923018205,38.7742838697503,40.4918419830435,44.1662131104107,1,1,1,1,1,1,1,1,0.824561403508772,0.789473684210526,0.771929824561403,0.754385964912281,0.736842105263158,0.684210526315789,0.666666666666667,0.614035087719298,0,0,0,0,0,0,0,0,2115,10.604216,-1.67081028516854
"116",39,39,2,12.275216322568,26.3801105929839,28.4033352948406,29.8864558686254,32.224037458931,34.36338233922,38.7744739071497,40.4920320204429,44.1664031478101,1,1,1,1,1,1,1,1,0.824561403508772,0.789473684210526,0.771929824561403,0.754385964912281,0.736842105263158,0.684210526315789,0.666666666666667,0.614035087719298,0,0,0,0,0,0,0,0,2116,10.009906,-2.26531032256797
"117",39,39,3,12.2722068062907,26.3771010767066,28.4003257785633,29.8834463523481,32.2210279426537,34.3603728229427,38.7714643908724,40.4890225041656,44.1633936315328,1,1,1,1,1,1,1,1,0.824561403508772,0.789473684210526,0.771929824561403,0.754385964912281,0.736842105263158,0.684210526315789,0.666666666666667,0.614035087719298,0,0,0,0,0,0,0,0,2117,10.182459,-2.08974780629068
"118",40,40,1,12.2761236098063,26.3806557244705,28.4038284782268,29.8869109715669,32.2244325423785,34.3637224930779,38.7747008022938,40.4922148157492,44.1664916003576,1,1,1,1,1,1,1,1,0.839285714285714,0.803571428571429,0.785714285714286,0.767857142857143,0.75,0.696428571428571,0.678571428571429,0.625,0,0,0,0,0,0,0,0,2118,11.023772,-1.25235160980631
"119",40,40,2,12.2803847101146,26.3849168247788,28.4080895785351,29.8911720718752,32.2286936426868,34.3679835933862,38.7789619026021,40.4964759160576,44.170752700666,1,1,1,1,1,1,1,1,0.824561403508772,0.789473684210526,0.771929824561403,0.754385964912281,0.736842105263158,0.684210526315789,0.666666666666667,0.614035087719298,0,0,0,0,0,0,0,0,2119,10.085845,-2.19453971011463
"120",40,40,3,12.2756342771261,26.3801663917903,28.4033391455466,29.8864216388867,32.2239432096982,34.3632331603976,38.7742114696136,40.491725483069,44.1660022676774,1,1,1,1,1,1,1,1,0.824561403508772,0.789473684210526,0.771929824561403,0.754385964912281,0.736842105263158,0.684210526315789,0.666666666666667,0.614035087719298,0,0,0,0,0,0,0,0,2120,10.62599,-1.6496442771261
"121",41,41,1,12.2709421271291,26.3684956991417,28.3906674415041,29.8730161455663,32.2093811736547,34.3476126612982,38.7564085372356,40.4730727710103,44.1455316224149,1,1,1,1,1,1,1,1,0.824561403508772,0.789473684210526,0.771929824561403,0.754385964912281,0.736842105263158,0.684210526315789,0.666666666666667,0.614035087719298,0,0,0,0,0,0,0,0,2121,10.438761,-1.83218112712906
"122",41,41,2,12.2699672357634,26.3675208077761,28.3896925501385,29.8720412542007,32.2084062822891,34.3466377699325,38.7554336458699,40.4720978796446,44.1445567310492,1,1,1,1,1,1,1,1,0.824561403508772,0.789473684210526,0.771929824561403,0.754385964912281,0.736842105263158,0.684210526315789,0.666666666666667,0.614035087719298,0,0,0,0,0,0,0,0,2122,9.825255,-2.4447122357634
"123",41,41,3,12.2667727429114,26.3643263149241,28.3864980572865,29.8688467613487,32.2052117894371,34.3434432770806,38.752239153018,40.4689033867926,44.1413622381973,1,1,1,1,1,1,1,1,1,0.957446808510638,0.936170212765957,0.914893617021277,0.893617021276596,0.829787234042553,0.808510638297872,0.74468085106383,0,0,0,0,0,0,0,0,2123,25.966895,13.7001222570886
"124",42,42,1,12.3596268561186,26.4643774377503,28.4875815286976,29.970686993699,32.308244770692,34.447567857137,38.8586144885807,40.5761551048383,44.2504888008069,1,1,1,1,1,1,1,1,0.839285714285714,0.803571428571429,0.785714285714286,0.767857142857143,0.732142857142857,0.696428571428571,0.678571428571429,0.625,0,0,0,0,0,0,0,0,2124,11.116617,-1.24300985611857
"125",42,42,2,12.2843922263255,26.3891428079571,28.4123468989045,29.8954523639059,32.2330101408989,34.3723332273439,38.7833798587876,40.5009204750452,44.1752541710138,1,1,1,1,1,1,1,1,0.824561403508772,0.789473684210526,0.771929824561403,0.754385964912281,0.736842105263158,0.684210526315789,0.666666666666667,0.614035087719298,0,0,0,0,0,0,0,0,2125,9.900033,-2.38435922632545
"126",42,42,3,12.2782287560623,26.382979337694,28.4061834286413,29.8892888936428,32.2268466706358,34.3661697570808,38.7772163885245,40.4947570047821,44.1690907007507,1,1,1,1,1,1,1,1,0.824561403508772,0.789473684210526,0.771929824561403,0.754385964912281,0.736842105263158,0.684210526315789,0.666666666666667,0.614035087719298,0,0,0,0,0,0,0,0,2126,10.605882,-1.67234675606232
"127",43,43,1,12.2787630809758,26.3825926269122,28.4056646032804,29.88867322197,32.2260783571888,34.3652617465215,38.776020338033,40.4934487994385,44.1675425625936,1,1,1,1,1,1,1,1,0.824561403508772,0.789473684210526,0.771929824561403,0.754385964912281,0.736842105263158,0.684210526315789,0.666666666666667,0.614035087719298,0,0,0,0,0,0,0,0,2127,10.455928,-1.82283508097581
"128",43,43,2,12.2780508918283,26.3818804377647,28.4049524141329,29.8879610328225,32.2253661680413,34.364549557374,38.7753081488855,40.492736610291,44.1668303734461,1,1,1,1,1,1,1,1,0.824561403508772,0.789473684210526,0.771929824561403,0.754385964912281,0.736842105263158,0.684210526315789,0.666666666666667,0.614035087719298,0,0,0,0,0,0,0,0,2128,9.674931,-2.60311989182829
"129",43,43,3,12.2743416370725,26.3781711830089,28.4012431593771,29.8842517780667,32.2216569132856,34.3608403026183,38.7715988941297,40.4890273555353,44.1631211186903,1,1,1,1,1,1,1,1,0.824561403508772,0.789473684210526,0.771929824561403,0.754385964912281,0.736842105263158,0.684210526315789,0.666666666666667,0.614035087719298,0,0,0,0,0,0,0,0,2129,10.664993,-1.60934863707253
"130",44,44,1,12.2802368329021,26.3836977485608,28.4067168481141,29.8896867055667,32.2270307482787,34.3661582260049,38.776801533993,40.4941851071553,44.1681828409164,1,1,1,1,1,1,1,1,0.839285714285714,0.803571428571429,0.785714285714286,0.767857142857143,0.75,0.696428571428571,0.678571428571429,0.625,0,0,0,0,0,0,0,0,2130,10.979304,-1.30093283290212
"131",44,44,2,12.2818291007564,26.3852900164151,28.4083091159684,29.891278973421,32.2286230161329,34.3677504938592,38.7783938018472,40.4957773750095,44.1697751087706,1,1,1,1,1,1,1,1,0.824561403508772,0.789473684210526,0.771929824561403,0.754385964912281,0.736842105263158,0.684210526315789,0.666666666666667,0.614035087719298,0,0,0,0,0,0,0,0,2131,9.769536,-2.51229310075637
"132",44,44,3,12.2757005379714,26.3791614536301,28.4021805531834,29.885150410636,32.222494453348,34.3616219310742,38.7722652390622,40.4896488122246,44.1636465459857,1,1,1,1,1,1,1,1,0.824561403508772,0.789473684210526,0.771929824561403,0.754385964912281,0.736842105263158,0.684210526315789,0.666666666666667,0.614035087719298,0,0,0,0,0,0,0,0,2132,10.515545,-1.76015553797142
"133",45,45,1,12.282887427214,26.3842555726638,28.4069744824886,29.8897242864978,32.226721497747,34.3655315567711,38.775520382645,40.4926491184167,44.1661016786881,1,1,1,1,1,1,1,1,0.824561403508772,0.789473684210526,0.771929824561403,0.754385964912281,0.736842105263158,0.684210526315789,0.666666666666667,0.614035087719298,0,0,0,0,0,0,0,0,2133,10.535567,-1.74732042721395
"134",45,45,2,12.2829817026764,26.3843498481263,28.4070687579511,29.8898185619603,32.2268157732094,34.3656258322336,38.7756146581075,40.4927433938792,44.1661959541505,1,1,1,1,1,1,1,1,0.824561403508772,0.789473684210526,0.771929824561403,0.754385964912281,0.736842105263158,0.684210526315789,0.666666666666667,0.614035087719298,0,0,0,0,0,0,0,0,2134,9.81973,-2.46325170267644
"135",45,45,3,12.2796111171086,26.3809792625585,28.4036981723833,29.8864479763925,32.2234451876416,34.3622552466658,38.7722440725397,40.4893728083114,44.1628253685827,0,0,0,0,0,0,1,1,0,0,0,0,0,0,1,0.921052631578947,0,0,0,0,0,0,0,0,2135,39.855257,27.5756458828914
"136",46,46,1,12.4189150740572,26.5562686010824,28.5841493016667,30.0706829454373,32.4136439564766,34.5579120600889,38.9791547677851,40.7006654565796,44.3834923265432,1,1,1,1,1,1,1,1,0.839285714285714,0.803571428571429,0.785714285714286,0.767857142857143,0.732142857142857,0.696428571428571,0.660714285714286,0.625,1,1,1,1,1,1,0,0,2136,11.523567,-0.895348074057219
"137",46,46,2,12.3031384599896,26.4404919870148,28.4683726875991,29.9549063313697,32.297867342409,34.4421354460213,38.8633781537175,40.584888842512,44.2677157124756,1,1,1,1,1,1,1,1,0.824561403508772,0.789473684210526,0.771929824561403,0.754385964912281,0.719298245614035,0.684210526315789,0.666666666666667,0.614035087719298,1,1,1,1,1,1,0,0,2137,9.977734,-2.32540445998962
"138",46,46,3,12.2968214591099,26.4341749861351,28.4620556867194,29.94858933049,32.2915503415293,34.4358184451416,38.8570611528378,40.5785718416323,44.2613987115959,1,1,1,1,1,1,1,1,0.810344827586207,0.775862068965517,0.758620689655172,0.741379310344828,0.706896551724138,0.672413793103448,0.655172413793103,0.603448275862069,0,0,0,0,0,0,0,0,2138,9.349878,-2.9469434591099
"139",47,47,1,12.2881344963994,26.4170832882912,28.4437584025443,29.9294082938135,32.2709764015284,34.4139697258526,38.8325839802214,40.553071221357,44.233708630307,1,1,1,1,1,1,1,1,0.824561403508772,0.789473684210526,0.771929824561403,0.754385964912281,0.719298245614035,0.684210526315789,0.666666666666667,0.614035087719298,0,0,0,0,0,0,0,0,2139,10.898813,-1.38932149639944
"140",47,47,2,12.2945560056242,26.423504797516,28.4501799117691,29.9358298030383,32.2773979107532,34.4203912350773,38.8390054894461,40.5594927305818,44.2401301395318,1,1,1,1,1,1,1,1,0.824561403508772,0.789473684210526,0.771929824561403,0.754385964912281,0.719298245614035,0.684210526315789,0.666666666666667,0.614035087719298,0,0,0,0,0,0,0,0,2140,9.702055,-2.5925010056242
"141",47,47,3,12.2895945369139,26.4185433288056,28.4452184430588,29.930868334328,32.2724364420429,34.415429766367,38.8340440207358,40.5545312618715,44.2351686708214,1,1,1,1,1,1,1,1,0.824561403508772,0.789473684210526,0.771929824561403,0.754385964912281,0.719298245614035,0.684210526315789,0.666666666666667,0.614035087719298,0,0,0,0,0,0,0,0,2141,9.638502,-2.65109253691389
"142",48,48,1,12.2874736675469,26.4139756871452,28.4402998331423,29.9256924478762,32.2668550559285,34.4094772686598,38.8273263321363,40.5475156289185,44.2275156456769,1,1,1,1,1,1,1,1,0.839285714285714,0.803571428571429,0.785714285714286,0.767857142857143,0.732142857142857,0.696428571428571,0.678571428571429,0.625,0,0,0,0,0,0,0,0,2142,11.115729,-1.17174466754689
"143",48,48,2,12.2936011875532,26.4201032071515,28.4464273531486,29.9318199678825,32.2729825759348,34.4156047886661,38.8334538521426,40.5536431489248,44.2336431656833,1,1,1,1,1,1,1,1,0.824561403508772,0.789473684210526,0.771929824561403,0.754385964912281,0.719298245614035,0.684210526315789,0.666666666666667,0.614035087719298,0,0,0,0,0,0,0,0,2143,10.511644,-1.78195718755323
"144",48,48,3,12.2910954501662,26.4175974697645,28.4439216157616,29.9293142304955,32.2704768385478,34.4130990512791,38.8309481147556,40.5511374115378,44.2311374282962,1,1,1,1,1,1,1,1,0.824561403508772,0.789473684210526,0.771929824561403,0.754385964912281,0.719298245614035,0.684210526315789,0.666666666666667,0.614035087719298,0,0,0,0,0,0,0,0,2144,9.673404,-2.6176914501662
"145",49,49,1,12.2857306179782,26.4115270709949,28.4377500095877,29.9230684344487,32.2641141100787,34.406629306747,38.8242577149858,40.5443610946683,44.2241773090227,1,1,1,1,1,1,1,1,0.824561403508772,0.789473684210526,0.771929824561403,0.754385964912281,0.719298245614035,0.684210526315789,0.666666666666667,0.614035087719298,0,0,0,0,0,0,0,0,2145,10.416543,-1.8691876179782
"146",49,49,2,12.2890342562341,26.4148307092507,28.4410536478436,29.9263720727046,32.2674177483346,34.4099329450029,38.8275613532416,40.5476647329242,44.2274809472786,1,1,1,1,1,1,1,1,0.824561403508772,0.789473684210526,0.771929824561403,0.754385964912281,0.719298245614035,0.684210526315789,0.666666666666667,0.614035087719298,0,0,0,0,0,0,0,0,2146,10.068889,-2.22014525623409
"147",49,49,3,12.2874887539065,26.4132852069232,28.439508145516,29.924826570377,32.265872246007,34.4083874426753,38.8260158509141,40.5461192305966,44.225935444951,1,1,1,1,1,1,1,1,0.854545454545454,0.818181818181818,0.8,0.781818181818182,0.745454545454545,0.709090909090909,0.690909090909091,0.636363636363636,0,0,0,0,0,0,0,0,2147,13.894771,1.60728224609348
"148",50,50,1,12.3033992987899,26.4285995349997,28.4547369514647,29.9399926845114,32.2809395500826,34.423364316199,38.8408062666821,40.5608370448269,44.2404979427515,1,1,1,1,1,1,1,1,0.886792452830189,0.849056603773585,0.830188679245283,0.811320754716981,0.773584905660377,0.735849056603774,0.716981132075472,0.660377358490566,0,0,0,0,0,0,0,0,2148,15.95709,3.65369070121006
"149",50,50,2,12.3124393463787,26.4376395825885,28.4637769990535,29.9490327321002,32.2899795976714,34.4324043637878,38.8498463142709,40.5698770924157,44.2495379903403,1,1,1,1,1,1,1,1,0.824561403508772,0.789473684210526,0.771929824561403,0.754385964912281,0.719298245614035,0.684210526315789,0.666666666666667,0.614035087719298,0,0,0,0,0,0,0,0,2149,10.215641,-2.09679834637874
"150",50,50,3,12.2872720603339,26.4124722965437,28.4386097130087,29.9238654460553,32.2648123116266,34.407237077743,38.8246790282261,40.5447098063709,44.2243707042955,1,1,1,1,1,1,1,1,0.824561403508772,0.789473684210526,0.771929824561403,0.754385964912281,0.719298245614035,0.684210526315789,0.666666666666667,0.614035087719298,0,0,0,0,0,0,0,0,2150,9.669816,-2.61745606033392
"151",51,51,1,12.2755925739429,26.3924558995304,28.4173974585019,29.901776570751,32.2413417734458,34.3825020474848,38.7973367557267,40.5163523452282,44.1938414506462,1,1,1,1,1,1,1,1,0.824561403508772,0.789473684210526,0.771929824561403,0.754385964912281,0.719298245614035,0.684210526315789,0.666666666666667,0.614035087719298,0,0,0,0,0,0,0,0,2151,10.24732,-2.02827257394289
"152",51,51,2,12.2780838326459,26.3949471582334,28.4198887172049,29.904267829454,32.2438330321487,34.3849933061878,38.7998280144297,40.5188436039312,44.1963327093492,1,1,1,1,1,1,1,1,0.824561403508772,0.789473684210526,0.771929824561403,0.754385964912281,0.719298245614035,0.684210526315789,0.666666666666667,0.614035087719298,0,0,0,0,0,0,0,0,2152,10.066592,-2.21149183264587
"153",51,51,3,12.277304201331,26.3941675269185,28.41910908589,29.9034881981391,32.2430534008339,34.3842136748729,38.7990483831148,40.5180639726163,44.1955530780343,1,1,1,1,1,1,1,1,0.824561403508772,0.789473684210526,0.771929824561403,0.754385964912281,0.719298245614035,0.684210526315789,0.666666666666667,0.614035087719298,0,0,0,0,0,0,0,0,2153,9.795155,-2.48214920133098
"154",52,52,1,12.2749460526432,26.3914822080024,28.4163768372433,29.900721547753,32.2402325290485,34.3813431798901,38.7960755706097,40.5150513204732,44.1924551969758,1,1,1,1,1,1,1,1,0.824561403508772,0.789473684210526,0.771929824561403,0.754385964912281,0.719298245614035,0.684210526315789,0.666666666666667,0.614035087719298,0,0,0,0,0,0,0,0,2154,10.84793,-1.42701605264324
"155",52,52,2,12.279605128561,26.3961412839201,28.421035913161,29.9053806236707,32.2448916049663,34.3860022558078,38.8007346465274,40.519710396391,44.1971142728936,1,1,1,1,1,1,1,1,0.824561403508772,0.789473684210526,0.771929824561403,0.754385964912281,0.719298245614035,0.684210526315789,0.666666666666667,0.614035087719298,0,0,0,0,0,0,0,0,2155,10.301779,-1.97782612856095
"156",52,52,3,12.2771881268545,26.3937242822136,28.4186189114545,29.9029636219642,32.2424746032598,34.3835852541014,38.7983176448209,40.5172933946845,44.1946972711871,1,1,1,1,1,1,1,1,0.824561403508772,0.789473684210526,0.771929824561403,0.754385964912281,0.719298245614035,0.684210526315789,0.666666666666667,0.614035087719298,0,0,0,0,0,0,0,0,2156,9.484795,-2.79239312685448
"157",53,53,1,12.2696357496986,26.3857339493754,28.4105657576736,29.8948644174246,32.2343028170247,34.3753470414027,38.7899424681308,40.5088648879714,44.1861546755852,1,1,1,1,1,1,1,1,0.824561403508772,0.789473684210526,0.771929824561403,0.754385964912281,0.719298245614035,0.684210526315789,0.666666666666667,0.614035087719298,0,0,0,0,0,0,0,0,2157,10.690854,-1.57878174969859
"158",53,53,2,12.2749196044624,26.3910178041393,28.4158496124375,29.9001482721884,32.2395866717886,34.3806308961665,38.7952263228946,40.5141487427352,44.191438530349,1,1,1,1,1,1,1,1,0.824561403508772,0.789473684210526,0.771929824561403,0.754385964912281,0.719298245614035,0.684210526315789,0.666666666666667,0.614035087719298,0,0,0,0,0,0,0,0,2158,9.99807,-2.2768496044624
"159",53,53,3,12.2718844544086,26.3879826540855,28.4128144623837,29.8971131221346,32.2365515217348,34.3775957461127,38.7921911728409,40.5111135926815,44.1884033802953,1,1,1,1,1,1,1,1,0.824561403508772,0.789473684210526,0.771929824561403,0.754385964912281,0.719298245614035,0.684210526315789,0.666666666666667,0.614035087719298,0,0,0,0,0,0,0,0,2159,9.604613,-2.66727145440863
"160",54,54,1,12.2677979284424,26.3821338956773,28.4067129270217,29.8908262891632,32.2299726367965,34.3707495764376,38.7847938917206,40.5035017238748,44.1803324441691,1,1,1,1,1,1,1,1,0.979166666666667,0.9375,0.916666666666667,0.895833333333333,0.875,0.8125,0.791666666666667,0.729166666666667,0,0,0,0,0,0,0,0,2160,24.593068,12.3252700715576
"161",54,54,2,12.3412887076755,26.4556246749104,28.4802037062548,29.9643170683963,32.3034634160295,34.4442403556707,38.8582846709537,40.5769925031079,44.2538232234022,1,1,1,1,1,1,1,1,0.824561403508772,0.789473684210526,0.771929824561403,0.754385964912281,0.719298245614035,0.684210526315789,0.666666666666667,0.614035087719298,0,0,0,0,0,0,0,0,2161,9.874118,-2.4671707076755
"162",54,54,3,12.2691193543304,26.3834553215653,28.4080343529097,29.8921477150511,32.2312940626844,34.3720710023255,38.7861153176085,40.5048231497627,44.181653870057,1,1,1,1,1,1,1,1,0.824561403508772,0.789473684210526,0.771929824561403,0.754385964912281,0.736842105263158,0.684210526315789,0.666666666666667,0.614035087719298,0,0,0,0,0,0,0,0,2162,9.533098,-2.73602135433036
"163",55,55,1,12.269813069325,26.390596713066,28.4161006076619,29.900891938847,32.2411068496054,34.3828617337429,38.7989224619761,40.5184154300472,44.1969257911767,1,1,1,1,1,1,1,1,0.824561403508772,0.789473684210526,0.771929824561403,0.754385964912281,0.719298245614035,0.684210526315789,0.666666666666667,0.614035087719298,0,0,0,0,0,0,0,0,2163,9.656052,-2.61376106932501
"164",55,55,2,12.270334756564,26.391118400305,28.4166222949009,29.901413626086,32.2416285368444,34.3833834209819,38.7994441492151,40.5189371172862,44.1974474784157,1,1,1,1,1,1,1,1,0.824561403508772,0.789473684210526,0.771929824561403,0.754385964912281,0.719298245614035,0.684210526315789,0.666666666666667,0.614035087719298,0,0,0,0,0,0,0,0,2164,9.625666,-2.64466875656399
"165",55,55,3,12.2702058303929,26.3909894741339,28.4164933687298,29.9012846999149,32.2414996106733,34.3832544948107,38.799315223044,40.5188081911151,44.1973185522445,1,1,1,1,1,1,1,1,0.824561403508772,0.789473684210526,0.771929824561403,0.754385964912281,0.719298245614035,0.684210526315789,0.666666666666667,0.614035087719298,0,0,0,0,0,0,0,0,2165,10.752117,-1.51808883039287
"166",56,56,1,12.2724033276498,26.3927702852685,28.4182144098555,29.9029619267625,32.2431077807956,34.3847994645073,38.8007298804812,40.5201721085313,44.198573921562,1,1,1,1,1,1,1,1,0.824561403508772,0.789473684210526,0.771929824561403,0.754385964912281,0.719298245614035,0.684210526315789,0.666666666666667,0.614035087719298,0,0,0,0,0,0,0,0,2166,10.349303,-1.92310032764984
"167",56,56,2,12.2705155391842,26.3908824968029,28.4163266213899,29.9010741382969,32.24121999233,34.3829116760417,38.7988420920156,40.5182843200657,44.1966861330964,1,1,1,1,1,1,1,1,0.810344827586207,0.775862068965517,0.758620689655172,0.741379310344828,0.706896551724138,0.672413793103448,0.655172413793103,0.603448275862069,0,0,0,0,0,0,0,0,2167,9.323668,-2.94684753918423
"168",56,56,3,12.26570889909,26.3860758567086,28.4115199812957,29.8962674982026,32.2364133522357,34.3781050359475,38.7940354519213,40.5134776799715,44.1918794930021,1,1,1,1,1,1,1,1,0.824561403508772,0.789473684210526,0.771929824561403,0.754385964912281,0.719298245614035,0.684210526315789,0.666666666666667,0.614035087719298,0,0,0,0,0,0,0,0,2168,10.610046,-1.65566289908998
"169",57,57,1,12.2707899874948,26.3885048224575,28.4135685230607,29.8980371709737,32.2377434929566,34.3790329187771,38.79413392365,40.5132532017583,44.1909641281558,1,1,1,1,1,1,1,1,0.839285714285714,0.803571428571429,0.785714285714286,0.767857142857143,0.732142857142857,0.696428571428571,0.678571428571429,0.625,0,0,0,0,0,0,0,0,2169,11.204119,-1.06667098749483
"170",57,57,2,12.2737016623228,26.3914164972855,28.4164801978887,29.9009488458016,32.2406551677846,34.3819445936051,38.797045598478,40.5161648765863,44.1938758029838,1,1,1,1,1,1,1,1,0.824561403508772,0.789473684210526,0.771929824561403,0.754385964912281,0.719298245614035,0.684210526315789,0.666666666666667,0.614035087719298,0,0,0,0,0,0,0,0,2170,9.902783,-2.37091866232279
"171",57,57,3,12.2673235450309,26.3850383799936,28.4101020805968,29.8945707285098,32.2342770504927,34.3755664763132,38.7906674811862,40.5097867592944,44.1874976856919,1,1,1,1,1,1,1,1,0.979166666666667,0.9375,0.916666666666667,0.895833333333333,0.854166666666667,0.8125,0.791666666666667,0.729166666666667,0,0,0,0,0,0,0,0,2171,24.815396,12.5480724549691
"172",58,58,1,12.3430211797293,26.4674475513781,28.4934739636863,29.9786483253714,32.3194669396055,34.4617743306353,38.8789742667244,40.5989108110997,44.278370114773,1,1,1,1,1,1,1,1,0.839285714285714,0.803571428571429,0.785714285714286,0.767857142857143,0.732142857142857,0.696428571428571,0.678571428571429,0.625,0,0,0,0,0,0,0,0,2172,11.722002,-0.621019179729256
"173",58,58,2,12.2832297781205,26.4076561497693,28.4336825620775,29.9188569237626,32.2596755379967,34.4019829290265,38.8191828651156,40.5391194094909,44.2185787131642,1,1,1,1,1,1,1,1,0.810344827586207,0.775862068965517,0.758620689655172,0.741379310344828,0.706896551724138,0.672413793103448,0.655172413793103,0.603448275862069,0,0,0,0,0,0,0,0,2173,8.999012,-3.28421777812046
"174",58,58,3,12.2707951573746,26.3952215290234,28.4212479413316,29.9064223030167,32.2472409172508,34.3895483082806,38.8067482443697,40.526684788745,44.2061440924183,1,1,1,1,1,1,1,1,0.824561403508772,0.789473684210526,0.771929824561403,0.754385964912281,0.719298245614035,0.684210526315789,0.666666666666667,0.614035087719298,0,0,0,0,0,0,0,0,2174,10.585902,-1.68489315737455
"175",59,59,1,12.2671443418311,26.3822724384162,28.406965093843,29.8911617478769,32.2304393738417,34.3713364588619,38.7856285005745,40.5044327906082,44.1814698631912,1,1,1,1,1,1,1,1,0.824561403508772,0.789473684210526,0.771929824561403,0.754385964912281,0.736842105263158,0.684210526315789,0.666666666666667,0.614035087719298,0,0,0,0,0,0,0,0,2175,10.919588,-1.34755634183112
"176",59,59,2,12.2687081686231,26.3838362652081,28.4085289206349,29.8927255746688,32.2320032006336,34.3729002856539,38.7871923273665,40.5059966174002,44.1830336899831,1,1,1,1,1,1,1,1,0.824561403508772,0.789473684210526,0.771929824561403,0.754385964912281,0.736842105263158,0.684210526315789,0.666666666666667,0.614035087719298,0,0,0,0,0,0,0,0,2176,9.622554,-2.64615416862307
"177",59,59,3,12.2626295902013,26.3777576867863,28.4024503422131,29.886646996247,32.2259246222118,34.3668217072321,38.7811137489446,40.4999180389784,44.1769551115613,1,1,1,1,1,1,1,1,0.824561403508772,0.789473684210526,0.771929824561403,0.754385964912281,0.736842105263158,0.684210526315789,0.666666666666667,0.614035087719298,0,0,0,0,0,0,0,0,2177,10.59625,-1.66637959020126
"178",60,60,1,12.2673535369466,26.3802651175582,28.4046398330002,29.888603421803,32.2275137081171,34.3680746054277,38.7816734654167,40.500207849493,44.1766675124094,1,1,1,1,1,1,1,1,0.839285714285714,0.803571428571429,0.785714285714286,0.767857142857143,0.75,0.696428571428571,0.678571428571429,0.625,0,0,0,0,0,0,0,0,2178,11.297459,-0.969894536946567
"179",60,60,2,12.2707337592396,26.3836453398512,28.4080200552932,29.891983644096,32.2308939304101,34.3714548277207,38.7850536877097,40.5035880717859,44.1800477347024,1,1,1,1,1,1,1,1,0.810344827586207,0.775862068965517,0.758620689655172,0.741379310344828,0.724137931034483,0.672413793103448,0.655172413793103,0.603448275862069,0,0,0,0,0,0,0,0,2179,9.335421,-2.93531275923955
"180",60,60,3,12.2612756310819,26.3741872116935,28.3985619271355,29.8825255159383,32.2214358022525,34.361996699563,38.7755955595521,40.4941299436283,44.1705896065448,1,1,1,1,1,1,1,1,0.824561403508772,0.789473684210526,0.771929824561403,0.754385964912281,0.736842105263158,0.684210526315789,0.666666666666667,0.614035087719298,0,0,0,0,0,0,0,0,2180,10.458823,-1.80245263108192
"181",61,61,1,12.2626706771712,26.372809321033,28.3967862827577,29.8804582990421,32.2189090309794,34.3590493460491,38.7717810121634,40.4899777347215,44.1657150385379,1,1,1,1,1,1,1,1,0.839285714285714,0.803571428571429,0.785714285714286,0.767857142857143,0.75,0.696428571428571,0.678571428571429,0.625,0,0,0,0,0,0,0,0,2181,11.006425,-1.25624567717124
"182",61,61,2,12.2654397098431,26.3755783537049,28.3995553154295,29.883227331714,32.2216780636512,34.361818378721,38.7745500448352,40.4927467673933,44.1684840712097,1,1,1,1,1,1,1,1,0.824561403508772,0.789473684210526,0.771929824561403,0.754385964912281,0.736842105263158,0.684210526315789,0.666666666666667,0.614035087719298,0,0,0,0,0,0,0,0,2182,9.566635,-2.69880470984309
"183",61,61,3,12.2581591930616,26.3682978369233,28.392274798648,29.8759468149325,32.2143975468697,34.3545378619394,38.7672695280537,40.4854662506118,44.1612035544282,1,1,1,1,1,1,1,1,0.886792452830189,0.849056603773585,0.830188679245283,0.811320754716981,0.792452830188679,0.735849056603774,0.716981132075472,0.660377358490566,0,0,0,0,0,0,0,0,2183,16.865256,4.60709680693844
"184",62,62,1,12.2975797143263,26.4080906570815,28.4321210218522,29.9158321851262,32.2543446175641,34.3945414006737,38.8073894976153,40.5256315551453,44.2014658440421,1,1,1,1,1,1,1,1,0.839285714285714,0.803571428571429,0.785714285714286,0.767857142857143,0.732142857142857,0.696428571428571,0.678571428571429,0.625,0,0,0,0,0,0,0,0,2184,11.262377,-1.03520271432633
"185",62,62,2,12.2712478127969,26.3817587555521,28.4057891203228,29.8895002835968,32.2280127160347,34.3682094991443,38.7810575960859,40.4992996536159,44.1751339425127,1,1,1,1,1,1,1,1,0.810344827586207,0.775862068965517,0.758620689655172,0.741379310344828,0.724137931034483,0.672413793103448,0.655172413793103,0.603448275862069,0,0,0,0,0,0,0,0,2185,9.360417,-2.91083081279691
"186",62,62,3,12.2623091540408,26.372820096796,28.3968504615666,29.8805616248406,32.2190740572786,34.3592708403882,38.7721189373298,40.4903609948598,44.1661952837565,1,1,1,1,1,1,1,1,0.824561403508772,0.789473684210526,0.771929824561403,0.754385964912281,0.736842105263158,0.684210526315789,0.666666666666667,0.614035087719298,0,0,0,0,0,0,0,0,2186,10.935448,-1.32686115404078
"187",63,63,1,12.2616340953944,26.3621808786493,28.3847819711937,29.8674454094957,32.2043064977006,34.3429919774849,38.7527239348007,40.4697526529987,44.1429912457297,1,1,1,1,1,1,1,1,0.824561403508772,0.789473684210526,0.771929824561403,0.754385964912281,0.736842105263158,0.684210526315789,0.666666666666667,0.614035087719298,0,0,0,0,0,0,0,0,2187,10.849113,-1.41252109539445
"188",63,63,2,12.2611850512396,26.3617318344944,28.3843329270388,29.8669963653408,32.2038574535457,34.34254293333,38.7522748906459,40.4693036088438,44.1425422015748,1,1,1,1,1,1,1,1,0.824561403508772,0.789473684210526,0.771929824561403,0.754385964912281,0.736842105263158,0.684210526315789,0.666666666666667,0.614035087719298,0,0,0,0,0,0,0,0,2188,9.454847,-2.80633805123956
"189",63,63,3,12.2539332182905,26.3544800015453,28.3770810940897,29.8597445323917,32.1966056205966,34.3352911003809,38.7450230576967,40.4620517758947,44.1352903686257,1,1,1,1,1,1,1,1,0.824561403508772,0.789473684210526,0.771929824561403,0.754385964912281,0.736842105263158,0.684210526315789,0.666666666666667,0.614035087719298,0,0,0,0,0,0,0,0,2189,10.842894,-1.41103921829045
"190",64,64,1,12.2582694085145,26.3582246217665,28.3807408587268,29.8633420938229,32.2001051420765,34.338700896108,38.7482478488856,40.4652045313889,44.1382890181977,1,1,1,1,1,1,1,1,0.839285714285714,0.803571428571429,0.785714285714286,0.767857142857143,0.75,0.696428571428571,0.678571428571429,0.625,0,0,0,0,0,0,0,0,2190,11.345765,-0.912504408514499
"191",64,64,2,12.2619952217378,26.3619504349899,28.3844666719502,29.8670679070462,32.2038309552998,34.3424267093313,38.7519736621089,40.4689303446122,44.142014831421,1,1,1,1,1,1,1,1,0.824561403508772,0.789473684210526,0.771929824561403,0.754385964912281,0.736842105263158,0.684210526315789,0.666666666666667,0.614035087719298,0,0,0,0,0,0,0,0,2191,9.447207,-2.81478822173782
"192",64,64,3,12.2479286470066,26.3478838602587,28.370400097219,29.8530013323151,32.1897643805687,34.3283601346002,38.7379070873778,40.454863769881,44.1279482566899,1,1,1,1,1,1,1,1,0.824561403508772,0.789473684210526,0.771929824561403,0.754385964912281,0.736842105263158,0.684210526315789,0.666666666666667,0.614035087719298,0,0,0,0,0,0,0,0,2192,10.783816,-1.46411264700665
"193",65,65,1,12.2216934173219,26.0225445575565,28.0021569104214,29.4533075443368,31.7405005524847,33.8337300134398,38.1497367078414,39.8302713784188,43.4254382751413,1,1,1,1,1,1,1,1,0.824561403508772,0.807017543859649,0.789473684210526,0.754385964912281,0.736842105263158,0.684210526315789,0.666666666666667,0.631578947368421,0,0,0,0,0,0,0,0,2193,10.892894,-1.32879941732186
"194",65,65,2,12.2224842023212,26.0233353425558,28.0029476954208,29.4540983293362,31.7412913374841,33.8345207984392,38.1505274928408,39.8310621634182,43.4262290601407,1,1,1,1,1,1,1,1,0.824561403508772,0.807017543859649,0.789473684210526,0.754385964912281,0.736842105263158,0.684210526315789,0.666666666666667,0.631578947368421,0,0,0,0,0,0,0,0,2194,9.756572,-2.46591220232125
"195",65,65,3,12.2142461855619,26.0150973257965,27.9947096786615,29.4458603125769,31.7330533207248,33.8262827816799,38.1422894760815,39.8228241466589,43.4179910433814,0,1,1,1,1,1,1,1,0,1,0.978260869565217,0.934782608695652,0.91304347826087,0.847826086956522,0.826086956521739,0.782608695652174,0,0,0,0,0,0,0,0,2195,26.810453,14.5962068144381
"196",66,66,1,12.340375799951,26.1500004701224,28.1308713097332,29.5829444746867,31.8715915059325,33.9661516827365,38.2849021654419,39.9665051919556,43.5639576219453,1,1,1,1,1,1,1,1,0.839285714285714,0.803571428571429,0.803571428571429,0.767857142857143,0.75,0.696428571428571,0.678571428571429,0.642857142857143,1,0,0,0,0,0,0,0,2196,11.013836,-1.326539799951
"197",66,66,2,12.2309749279823,26.0405995981538,28.0214704377646,29.4735436027181,31.7621906339639,33.8567508107678,38.1755012934732,39.857104319987,43.4545567499767,1,1,1,1,1,1,1,1,0.810344827586207,0.793103448275862,0.775862068965517,0.741379310344828,0.724137931034483,0.672413793103448,0.655172413793103,0.620689655172414,1,0,0,0,0,0,0,0,2197,9.226524,-3.00445092798232
"198",66,66,3,12.2185967402172,26.0282214103886,28.0090922499994,29.4611654149529,31.7498124461987,33.8443726230027,38.1631231057081,39.8447261322218,43.4421785622115,1,1,1,1,1,1,1,1,0.886792452830189,0.867924528301887,0.849056603773585,0.811320754716981,0.792452830188679,0.735849056603774,0.716981132075472,0.679245283018868,0,0,0,0,0,0,0,0,2198,16.457996,4.23939925978282
"199",67,67,1,12.2665922689898,26.0733138334805,28.0537682477703,29.505536153026,31.7937020572059,33.8878219085345,38.205664489008,39.8869140032855,43.4836101647426,1,1,1,1,1,1,1,1,0.824561403508772,0.807017543859649,0.789473684210526,0.754385964912281,0.736842105263158,0.684210526315789,0.666666666666667,0.631578947368421,0,0,0,0,0,0,0,0,2199,10.440649,-1.82594326898978
"200",67,67,2,12.2246243651933,26.0313459296841,28.0118003439738,29.4635682492295,31.7517341534095,33.845854004738,38.1636965852115,39.844946099489,43.4416422609461,1,1,1,1,1,1,1,1,0.824561403508772,0.807017543859649,0.789473684210526,0.754385964912281,0.736842105263158,0.684210526315789,0.666666666666667,0.631578947368421,0,0,0,0,0,0,0,0,2200,9.455926,-2.76869836519329
"201",67,67,3,12.2177564281888,26.0244779926796,28.0049324069693,29.456700312225,31.744866216405,33.8389860677335,38.1568286482071,39.8380781624845,43.4347743239416,1,1,1,1,1,1,1,1,0.783333333333333,0.766666666666667,0.75,0.716666666666667,0.7,0.65,0.633333333333333,0.6,0,0,0,0,0,0,0,0,2201,5.656953,-6.5608034281888
"202",68,68,1,12.1901489092935,25.9983906818896,27.979063156842,29.4309909110036,31.7194087568438,33.8137591841246,38.132077186606,39.8135118171783,43.4106039978229,1,1,1,1,1,1,1,1,0.824561403508772,0.807017543859649,0.789473684210526,0.754385964912281,0.736842105263158,0.684210526315789,0.666666666666667,0.631578947368421,0,0,0,0,0,0,0,0,2202,9.928656,-2.26149290929351
"203",68,68,2,12.2191766446682,26.0274184172643,28.0080908922167,29.4600186463783,31.7484364922185,33.8427869194993,38.1611049219807,39.8425395525529,43.4396317331976,1,1,1,1,1,1,1,1,0.810344827586207,0.793103448275862,0.775862068965517,0.741379310344828,0.724137931034483,0.672413793103448,0.655172413793103,0.620689655172414,0,0,0,0,0,0,0,0,2203,8.744714,-3.47446264466817
"204",68,68,3,12.2111313393005,26.0193731118966,28.000045586849,29.4519733410106,31.7403911868509,33.8347416141316,38.153059616613,39.8344942471853,43.4315864278299,1,1,1,1,1,1,1,1,0.886792452830189,0.867924528301887,0.849056603773585,0.811320754716981,0.792452830188679,0.735849056603774,0.716981132075472,0.679245283018868,0,0,0,0,0,0,0,0,2204,16.575734,4.36460266069949
"205",69,69,1,12.2693933255546,26.0773035948485,28.0579285185284,29.5098214153307,31.7981843216584,33.8924844685274,38.2106987983833,39.8920930616776,43.489098884627,0,1,1,1,1,1,1,1,0,1,0.978260869565217,0.934782608695652,0.91304347826087,0.847826086956522,0.826086956521739,0.782608695652174,0,0,0,0,0,0,0,0,2205,27.779036,15.5096426744454
"206",69,69,2,12.3420912132916,26.1500014825855,28.1306264062654,29.5825193030677,31.8708822093954,33.9651823562644,38.2833966861203,39.9647909494147,43.561796772364,1,1,1,1,1,1,1,1,0.886792452830189,0.849056603773585,0.849056603773585,0.811320754716981,0.792452830188679,0.735849056603774,0.716981132075472,0.679245283018868,1,0,0,0,0,0,0,0,2206,15.992466,3.65037478670843
"207",69,69,3,12.2656085171486,26.0735187864425,28.0541437101224,29.5060366069247,31.7943995132524,33.8886996601214,38.2069139899773,39.8883082532716,43.485314076221,0,1,1,1,1,1,1,1,0,1,0.978260869565217,0.934782608695652,0.91304347826087,0.847826086956522,0.826086956521739,0.782608695652174,1,0,0,0,0,0,0,0,2207,26.784515,14.5189064828514
"208",70,70,1,12.3740960719096,26.2037833562715,28.1875320038145,29.6417147397651,31.9336867160042,34.0312898685392,38.3563146292781,40.04036068763,43.6430394942878,1,1,1,1,1,1,1,1,0.824561403508772,0.789473684210526,0.789473684210526,0.754385964912281,0.736842105263158,0.684210526315789,0.666666666666667,0.631578947368421,1,0,0,0,0,0,0,0,2208,9.991722,-2.38237407190963
"209",70,70,2,12.2403067586127,26.0699940429746,28.0537426905176,29.5079254264682,31.7998974027072,33.8975005552422,38.2225253159812,39.9065713743331,43.5092501809909,1,1,1,1,1,1,1,1,0.810344827586207,0.793103448275862,0.775862068965517,0.741379310344828,0.724137931034483,0.672413793103448,0.655172413793103,0.620689655172414,1,0,0,0,0,0,0,0,2209,8.986148,-3.25415875861271
"210",70,70,3,12.2322952828011,26.061982567163,28.045731214706,29.4999139506565,31.7918859268956,33.8894890794306,38.2145138401696,39.8985598985214,43.5012387051793,1,1,1,1,1,1,1,1,0.783333333333333,0.766666666666667,0.75,0.716666666666667,0.7,0.65,0.633333333333333,0.6,0,0,0,0,0,0,0,0,2210,6.044678,-6.18761728280107
"211",71,71,1,12.1927739415675,26.0089940402454,27.9908109368502,29.4435776068753,31.7333176879491,33.8288782193773,38.1496913222282,39.8320974764737,43.4312680371783,1,1,1,1,1,1,1,1,0.810344827586207,0.793103448275862,0.775862068965517,0.741379310344828,0.724137931034483,0.672413793103448,0.655172413793103,0.620689655172414,0,0,0,0,0,0,0,0,2211,9.357305,-2.83546894156751
"212",71,71,2,12.2204778948635,26.0366979935413,28.0185148901461,29.4712815601712,31.761021641245,33.8565821726733,38.1773952755242,39.8598014297696,43.4589719904743,1,1,1,1,1,1,1,1,0.810344827586207,0.793103448275862,0.775862068965517,0.741379310344828,0.724137931034483,0.672413793103448,0.655172413793103,0.620689655172414,0,0,0,0,0,0,0,0,2212,9.303191,-2.91728689486347
"213",71,71,3,12.2200253320701,26.0362454307479,28.0180623273527,29.4708289973778,31.7605690784516,33.8561296098799,38.1769427127308,39.8593488669762,43.4585194276808,1,1,1,1,1,1,1,1,0.886792452830189,0.867924528301887,0.849056603773585,0.811320754716981,0.792452830188679,0.735849056603774,0.716981132075472,0.679245283018868,0,0,0,0,0,0,0,0,2213,16.023642,3.80361666792995
"214",72,72,1,12.2795860959551,26.0948618036943,28.0765432356129,29.5292106035374,31.8187941722099,33.9142114641441,38.2347292230649,39.9170203784818,43.5159449222556,1,1,1,1,1,1,1,1,0.824561403508772,0.807017543859649,0.789473684210526,0.754385964912281,0.736842105263158,0.684210526315789,0.666666666666667,0.631578947368421,0,0,0,0,0,0,0,0,2214,9.827101,-2.45248509595505
"215",72,72,2,12.2288987217009,26.0441744294401,28.0258558613588,29.4785232292832,31.7681067979557,33.8635240898899,38.1840418488107,39.8663330042276,43.4652575480014,1,1,1,1,1,1,1,1,0.810344827586207,0.793103448275862,0.775862068965517,0.741379310344828,0.724137931034483,0.672413793103448,0.655172413793103,0.620689655172414,0,0,0,0,0,0,0,0,2215,9.240216,-2.98868272170088
"216",72,72,3,12.2240980337624,26.0393737415016,28.0210551734203,29.4737225413447,31.7633061100172,33.8587234019514,38.1792411608722,39.8615323162891,43.4604568600629,1,1,1,1,1,1,1,1,0.886792452830189,0.867924528301887,0.849056603773585,0.811320754716981,0.792452830188679,0.735849056603774,0.716981132075472,0.679245283018868,0,0,0,0,0,0,0,0,2216,15.766424,3.54232596623762
"217",73,73,1,12.2699683028181,26.0527787234551,28.0298032916242,29.4790569554604,31.7632601039753,33.8537532579175,38.1641179911267,39.842455836707,43.4329230669212,1,1,1,1,1,1,1,1,0.824561403508772,0.807017543859649,0.789473684210526,0.754385964912281,0.736842105263158,0.684210526315789,0.666666666666667,0.631578947368421,0,0,0,0,0,0,0,0,2217,9.593979,-2.67598930281812
"218",73,73,2,12.2157048305552,25.9985152511922,27.9755398193613,29.4247934831975,31.7089966317124,33.7994897856546,38.1098545188638,39.7881923644441,43.3786595946583,1,1,1,1,1,1,1,1,0.810344827586207,0.793103448275862,0.775862068965517,0.741379310344828,0.724137931034483,0.672413793103448,0.655172413793103,0.620689655172414,0,0,0,0,0,0,0,0,2218,9.234492,-2.9812128305552
"219",73,73,3,12.2125444924957,25.9953549131327,27.9723794813019,29.421633145138,31.7058362936529,33.7963294475951,38.1066941808044,39.7850320263847,43.3754992565988,1,1,1,1,1,1,1,1,0.94,0.92,0.9,0.86,0.84,0.78,0.76,0.72,0,0,0,0,0,0,0,0,2219,21.701386,9.48884150750426
"220",74,74,1,12.3214152724957,26.1084775915294,28.086112057632,29.5358128058538,31.8207206146962,33.9118586708187,38.2235531207068,39.9024087215037,43.4939835851681,1,1,1,1,1,1,1,1,0.824561403508772,0.807017543859649,0.789473684210526,0.754385964912281,0.736842105263158,0.684210526315789,0.666666666666667,0.631578947368421,0,0,0,0,0,0,0,0,2220,9.595414,-2.72600127249565
"221",74,74,2,12.2207512209182,26.007813539952,27.9854480060545,29.4351487542764,31.7200565631188,33.8111946192412,38.1228890691294,39.8017446699263,43.3933195335907,1,1,1,1,1,1,1,1,0.824561403508772,0.807017543859649,0.789473684210526,0.754385964912281,0.736842105263158,0.684210526315789,0.666666666666667,0.631578947368421,0,0,0,0,0,0,0,0,2221,9.509687,-2.71106422091819
"222",74,74,3,12.2200383804169,26.0071006994506,27.9847351655532,29.434435913775,31.7193437226174,33.8104817787399,38.122176228628,39.8010318294249,43.3926066930893,1,1,1,1,1,1,1,1,0.886792452830189,0.867924528301887,0.849056603773585,0.811320754716981,0.792452830188679,0.735849056603774,0.716981132075472,0.679245283018868,0,0,0,0,0,0,0,0,2222,16.358959,4.13892061958314
"223",75,75,1,12.2746439451675,26.0448685770637,28.0200878230387,29.4680180992719,31.7501354251286,33.8387196429108,38.1451483617461,39.8219536312469,43.4091422222967,1,1,1,1,1,1,1,1,0.810344827586207,0.793103448275862,0.775862068965517,0.741379310344828,0.724137931034483,0.672413793103448,0.655172413793103,0.620689655172414,0,0,0,0,0,0,0,0,2223,9.36354,-2.91110394516748
"224",75,75,2,12.2121959395168,25.9824205714131,27.957639817388,29.4055700936213,31.687687419478,33.7762716372601,38.0827003560955,39.7595056255962,43.346694216646,1,1,1,1,1,1,1,1,0.824561403508772,0.807017543859649,0.789473684210526,0.754385964912281,0.736842105263158,0.684210526315789,0.666666666666667,0.631578947368421,0,0,0,0,0,0,0,0,2224,9.532578,-2.67961793951683
"225",75,75,3,12.2137049393322,25.9839295712284,27.9591488172034,29.4070790934366,31.6891964192933,33.7777806370755,38.0842093559108,39.7610146254115,43.3482032164614,1,1,1,1,1,1,1,1,0.886792452830189,0.867924528301887,0.849056603773585,0.811320754716981,0.792452830188679,0.735849056603774,0.716981132075472,0.679245283018868,0,0,0,0,0,0,0,0,2225,16.21302,3.99931506066784
"226",76,76,1,12.2737368548473,26.0446649635519,28.0199851171714,29.4679893635392,31.7502232754833,33.8389141923644,38.1455629128927,39.8224538450206,43.4098256940817,1,1,1,1,1,1,1,1,0.824561403508772,0.807017543859649,0.789473684210526,0.754385964912281,0.736842105263158,0.684210526315789,0.666666666666667,0.631578947368421,0,0,0,0,0,0,0,0,2226,9.747856,-2.52588085484725
"227",76,76,2,12.2166075394319,25.9875356481365,27.962855801756,29.4108600481238,31.6930939600679,33.781784876949,38.0884335974773,39.7653245296052,43.3526963786663,1,1,1,1,1,1,1,1,0.810344827586207,0.793103448275862,0.775862068965517,0.741379310344828,0.724137931034483,0.672413793103448,0.655172413793103,0.620689655172414,0,0,0,0,0,0,0,0,2227,9.053256,-3.16335153943186
"228",76,76,3,12.2104697179493,25.981397826654,27.9567179802734,29.4047222266412,31.6869561385854,33.7756470554664,38.0822957759947,39.7591867081226,43.3465585571838,1,1,1,1,1,1,1,1,0.783333333333333,0.766666666666667,0.75,0.716666666666667,0.7,0.65,0.633333333333333,0.6,0,0,0,0,0,0,0,0,2228,5.631958,-6.57851171794929
"229",77,77,1,12.1771868054446,25.9500876004884,27.9256907188471,29.3739023919165,31.6564632340157,33.7454533560052,38.0527190042403,39.7298501511023,43.317735891412,1,1,1,1,1,1,1,1,0.810344827586207,0.793103448275862,0.775862068965517,0.741379310344828,0.724137931034483,0.672413793103448,0.655172413793103,0.620689655172414,0,0,0,0,0,0,0,0,2229,9.35182,-2.82536680544457
"230",77,77,2,12.2110599540303,25.9839607490741,27.9595638674328,29.4077755405023,31.6903363826014,33.7793265045909,38.086592152826,39.763723299688,43.3516090399977,0,0,0,0,0,0,0,0,0,0,0,0,0,0,0,0,0,0,0,0,0,0,0,0,2230,79.370766,67.1597060459697
"231",77,77,3,12.8486540802835,26.6215548753273,28.597157993686,30.0453696667555,32.3279305088546,34.4169206308441,38.7241862790792,40.4013174259412,43.9892031662509,1,1,1,1,1,1,1,1,0.978723404255319,0.957446808510638,0.936170212765957,0.914893617021277,0.872340425531915,0.829787234042553,0.808510638297872,0.74468085106383,1,1,1,1,1,1,1,1,2231,25.695004,12.8463499197165
"232",78,78,1,12.4639835665685,26.4622851691977,28.4702200777125,29.9421325009378,32.2620486587274,34.3852262091709,38.7629825383485,40.4675608236569,44.114164212153,1,1,1,1,1,1,1,1,0.824561403508772,0.789473684210526,0.771929824561403,0.754385964912281,0.719298245614035,0.684210526315789,0.666666666666667,0.614035087719298,1,1,1,1,1,1,1,1,2232,10.24598,-2.21800356656853
"233",78,78,2,12.2537136385201,26.2520152411493,28.2599501496641,29.7318625728894,32.051778730679,34.1749562811224,38.5527126103,40.2572908956084,43.9038942841046,1,1,1,1,1,1,1,1,0.810344827586207,0.775862068965517,0.758620689655172,0.741379310344828,0.724137931034483,0.672413793103448,0.655172413793103,0.603448275862069,0,0,0,0,0,0,0,0,2233,9.071319,-3.18239463852011
"234",78,78,3,12.2377258399413,26.2360274425704,28.2439623510853,29.7158747743106,32.0357909321001,34.1589684825436,38.5367248117212,40.2413030970296,43.8879064855257,1,1,1,1,1,1,1,1,0.903846153846154,0.865384615384615,0.846153846153846,0.826923076923077,0.807692307692308,0.75,0.730769230769231,0.673076923076923,0,0,0,0,0,0,0,0,2234,17.465973,5.22824716005871
"235",79,79,1,12.3487903061383,26.3416086687524,28.3487570540624,29.8200929181217,32.1391003473048,34.2614462331339,38.6374877622335,40.3413983514078,43.9865733379316,1,1,1,1,1,1,1,1,0.824561403508772,0.789473684210526,0.771929824561403,0.754385964912281,0.736842105263158,0.684210526315789,0.666666666666667,0.614035087719298,0,0,0,0,0,0,0,0,2235,9.536934,-2.81185630613834
"236",79,79,2,12.2423095440769,26.2351279066909,28.2422762920009,29.7136121560602,32.0326195852433,34.1549654710724,38.531007000172,40.2349175893464,43.8800925758701,1,1,1,1,1,1,1,1,0.810344827586207,0.775862068965517,0.758620689655172,0.741379310344828,0.724137931034483,0.672413793103448,0.655172413793103,0.603448275862069,0,0,0,0,0,0,0,0,2236,9.284569,-2.95774054407686
"237",79,79,3,12.2389204804693,26.2317388430833,28.2388872283934,29.7102230924526,32.0292305216358,34.1515764074649,38.5276179365645,40.2315285257388,43.8767035122626,0,0,0,0,0,1,1,1,0,0,0,0,0,0.951219512195122,0.926829268292683,0.853658536585366,0,0,0,0,0,0,0,0,2237,34.955988,22.7170675195307
"238",80,80,1,12.5817636889075,26.5993734273178,28.6100779203833,30.0840205816855,32.4071366459671,34.5332427374289,38.9170373929707,40.6239668370065,44.2756000580755,1,1,1,1,1,1,1,1,0.807017543859649,0.789473684210526,0.771929824561403,0.754385964912281,0.719298245614035,0.684210526315789,0.666666666666667,0.614035087719298,1,1,1,1,1,0,0,0,2238,9.661819,-2.91994468890754
"239",80,80,2,12.2555667862893,26.2731765246996,28.2838810177651,29.7578236790672,32.0809397433488,34.2070458348107,38.5908404903525,40.2977699343883,43.9494031554573,1,1,1,1,1,1,1,1,0.810344827586207,0.775862068965517,0.758620689655172,0.741379310344828,0.724137931034483,0.672413793103448,0.655172413793103,0.603448275862069,1,1,1,1,1,0,0,0,2239,9.077356,-3.17821078628929
"240",80,80,3,12.248029475208,26.2656392136183,28.2763437066838,29.750286367986,32.0734024322676,34.1995085237294,38.5833031792712,40.290232623307,43.941865844376,1,1,1,1,1,1,1,1,0.839285714285714,0.803571428571429,0.785714285714286,0.767857142857143,0.75,0.696428571428571,0.678571428571429,0.625,0,0,0,0,0,0,0,0,2240,11.513763,-0.734266475208031
"241",81,81,1,12.2858450327207,26.30202752857,28.3125272960736,29.7863198837371,32.1091994133896,34.2350890293496,38.6184373364463,40.3251929846355,43.9764544043455,1,1,1,1,1,1,1,1,0.824561403508772,0.789473684210526,0.771929824561403,0.754385964912281,0.736842105263158,0.684210526315789,0.666666666666667,0.614035087719298,0,0,0,0,0,0,0,0,2241,9.396792,-2.88905303272066
"242",81,81,2,12.2602832836742,26.2764657795236,28.2869655470272,29.7607581346907,32.0836376643431,34.2095272803032,38.5928755873998,40.2996312355891,43.9508926552991,1,1,1,1,1,1,1,1,0.824561403508772,0.789473684210526,0.771929824561403,0.754385964912281,0.736842105263158,0.684210526315789,0.666666666666667,0.614035087719298,0,0,0,0,0,0,0,0,2242,9.635841,-2.62444228367423
"243",81,81,3,12.2631697240401,26.2793522198895,28.2898519873931,29.7636445750566,32.086524104709,34.212413720669,38.5957620277657,40.302517675955,43.953779095665,1,1,1,1,1,1,1,1,1,0.957446808510638,0.936170212765957,0.914893617021277,0.893617021276596,0.829787234042553,0.808510638297872,0.74468085106383,0,0,0,0,0,0,0,0,2243,25.871899,13.6087292759599
"244",82,82,1,12.4627272893292,26.4874399092678,28.4991632490603,29.9738527737934,32.2981459872815,34.4253294007666,38.8113453746832,40.5191397391901,44.1726232841472,1,1,1,1,1,1,1,1,0.824561403508772,0.789473684210526,0.771929824561403,0.754385964912281,0.719298245614035,0.684210526315789,0.666666666666667,0.614035087719298,0,0,0,0,0,0,0,0,2244,9.65226,-2.81046728932924
"245",82,82,2,12.2669116888031,26.2916243087417,28.3033476485342,29.7780371732673,32.1023303867554,34.2295138002405,38.6155297741571,40.323324138664,43.9768076836211,1,1,1,1,1,1,1,1,0.810344827586207,0.775862068965517,0.758620689655172,0.741379310344828,0.724137931034483,0.672413793103448,0.655172413793103,0.603448275862069,0,0,0,0,0,0,0,0,2245,9.192271,-3.07464068880312
"246",82,82,3,12.2613583579139,26.2860709778525,28.297794317645,29.7724838423781,32.0967770558662,34.2239604693513,38.6099764432679,40.3177708077748,43.9712543527319,1,1,1,1,1,1,1,1,0.839285714285714,0.803571428571429,0.785714285714286,0.767857142857143,0.75,0.696428571428571,0.678571428571429,0.625,0,0,0,0,0,0,0,0,2246,12.159829,-0.101529357913916
"247",83,83,1,12.2898477496297,26.3045473232117,28.3148343783826,29.7884710377221,32.1111048050366,34.2367695003343,38.6196540460029,40.3262291182075,43.9771042318128,1,1,1,1,1,1,1,1,0.810344827586207,0.775862068965517,0.758620689655172,0.741379310344828,0.724137931034483,0.672413793103448,0.655172413793103,0.603448275862069,0,0,0,0,0,0,0,0,2247,9.170049,-3.11979874962971
"248",83,83,2,12.2534145927486,26.2681141663305,28.2784012215014,29.7520378808409,32.0746716481554,34.2003363434532,38.5832208891218,40.2897959613264,43.9406710749316,1,1,1,1,1,1,1,1,0.810344827586207,0.775862068965517,0.758620689655172,0.741379310344828,0.724137931034483,0.672413793103448,0.655172413793103,0.603448275862069,0,0,0,0,0,0,0,0,2248,9.353359,-2.90005559274859
"249",83,83,3,12.2556483898801,26.270347963462,28.280635018633,29.7542716779724,32.076905445287,34.2025701405847,38.5854546862533,40.2920297584579,43.9429048720632,1,1,1,1,1,1,1,1,0.839285714285714,0.803571428571429,0.785714285714286,0.767857142857143,0.75,0.696428571428571,0.678571428571429,0.625,0,0,0,0,0,0,0,0,2249,11.320013,-0.935635389880106
"250",84,84,1,12.2807775421277,26.2946775807682,28.304849949589,29.7784025383428,32.100903800009,34.2264472266925,38.6090817299452,40.3155594424888,43.9662262746246,1,1,1,1,1,1,1,1,0.824561403508772,0.789473684210526,0.771929824561403,0.754385964912281,0.736842105263158,0.684210526315789,0.666666666666667,0.614035087719298,0,0,0,0,0,0,0,0,2250,9.706371,-2.57440654212768
"251",84,84,2,12.2611108300481,26.2750108686887,28.2851832375094,29.7587358262633,32.0812370879295,34.2067805146129,38.5894150178657,40.2958927304092,43.9465595625451,1,1,1,1,1,1,1,1,0.810344827586207,0.775862068965517,0.758620689655172,0.741379310344828,0.724137931034483,0.672413793103448,0.655172413793103,0.603448275862069,0,0,0,0,0,0,0,0,2251,9.12782,-3.13329083004814
"252",84,84,3,12.2540595783205,26.267959616961,28.2781319857818,29.7516845745357,32.0741858362018,34.1997292628853,38.5823637661381,40.2888414786816,43.9395083108174,1,1,1,1,1,1,1,1,0.839285714285714,0.803571428571429,0.785714285714286,0.767857142857143,0.75,0.696428571428571,0.678571428571429,0.625,0,0,0,0,0,0,0,0,2252,11.644895,-0.609164578320485
"253",85,85,1,12.285451703414,26.29914704235,28.3092900487742,29.7828211134856,32.1052884505969,34.2308008296697,38.6133713161973,40.3198241023832,43.970437609576,1,1,1,1,1,1,1,1,0.824561403508772,0.789473684210526,0.771929824561403,0.754385964912281,0.736842105263158,0.684210526315789,0.666666666666667,0.614035087719298,0,0,0,0,0,0,0,0,2253,9.476632,-2.80881970341401
"254",85,85,2,12.259023435462,26.272718774398,28.2828617808222,29.7563928455337,32.0788601826449,34.2043725617177,38.5869430482453,40.2933958344312,43.944009341624,1,1,1,1,1,1,1,1,0.810344827586207,0.775862068965517,0.758620689655172,0.741379310344828,0.724137931034483,0.672413793103448,0.655172413793103,0.603448275862069,0,0,0,0,0,0,0,0,2254,9.344186,-2.91483743546203
"255",85,85,3,12.257409093301,26.271104432237,28.2812474386612,29.7547785033726,32.0772458404838,34.2027582195567,38.5853287060842,40.2917814922702,43.942394999463,1,1,1,1,1,1,1,1,1,0.957446808510638,0.936170212765957,0.914893617021277,0.893617021276596,0.829787234042553,0.808510638297872,0.74468085106383,0,0,0,0,0,0,0,0,2255,25.617282,13.359872906699
"256",86,86,1,12.4585354112063,26.4806043725268,28.4919485024283,29.9663600481555,32.290215132325,34.4169975716928,38.8021867815078,40.5096592267418,44.1624540899753,1,1,1,1,1,1,1,1,0.824561403508772,0.789473684210526,0.771929824561403,0.754385964912281,0.719298245614035,0.684210526315789,0.666666666666667,0.614035087719298,0,0,0,0,0,0,0,0,2256,9.546801,-2.91173441120629
"257",86,86,2,12.2689693074153,26.2910382687358,28.3023823986373,29.7767939443645,32.100649028534,34.2274314679018,38.6126206777168,40.3200931229508,43.9728879861844,1,1,1,1,1,1,1,1,0.810344827586207,0.775862068965517,0.758620689655172,0.741379310344828,0.724137931034483,0.672413793103448,0.655172413793103,0.603448275862069,0,0,0,0,0,0,0,0,2257,8.982415,-3.28655430741531
"258",86,86,3,12.2623118554664,26.2843808167869,28.2957249466883,29.7701364924156,32.093991576585,34.2207740159528,38.6059632257679,40.3134356710018,43.9662305342354,1,1,1,1,1,1,1,1,0.839285714285714,0.803571428571429,0.785714285714286,0.767857142857143,0.75,0.696428571428571,0.678571428571429,0.625,0,0,0,0,0,0,0,0,2258,11.68237,-0.579941855466354
"259",87,87,1,12.2885938054814,26.2999574187299,28.3097659593355,29.7830518445884,32.1051327485271,34.2302914655791,38.6121327402939,40.3183015913935,43.9683076764122,1,1,1,1,1,1,1,1,0.824561403508772,0.789473684210526,0.771929824561403,0.754385964912281,0.736842105263158,0.684210526315789,0.666666666666667,0.614035087719298,0,0,0,0,0,0,0,0,2259,9.432073,-2.85652080548139
"260",87,87,2,12.2615576222015,26.27292123545,28.2827297760556,29.7560156613085,32.0780965652472,34.2032552822992,38.5850965570141,40.2912654081136,43.9412714931323,1,1,1,1,1,1,1,1,0.810344827586207,0.775862068965517,0.758620689655172,0.741379310344828,0.724137931034483,0.672413793103448,0.655172413793103,0.603448275862069,0,0,0,0,0,0,0,0,2260,8.947743,-3.31381462220152
"261",87,87,3,12.2557386415745,26.267102254823,28.2769107954286,29.7501966806815,32.0722775846203,34.1974363016722,38.5792775763871,40.2854464274867,43.9354525125054,1,1,1,1,1,1,1,1,0.839285714285714,0.803571428571429,0.785714285714286,0.767857142857143,0.75,0.696428571428571,0.678571428571429,0.625,0,0,0,0,0,0,0,0,2261,11.364519,-0.891219641574544
"262",88,88,1,12.2850385247696,26.296367227063,28.306170759995,29.7794529743834,32.1015280925853,34.2266815145552,38.6085118713988,40.3146764713787,43.9646734619793,1,1,1,1,1,1,1,1,0.824561403508772,0.789473684210526,0.771929824561403,0.754385964912281,0.736842105263158,0.684210526315789,0.666666666666667,0.614035087719298,0,0,0,0,0,0,0,0,2262,9.653592,-2.63144652476961
"263",88,88,2,12.2644820944053,26.2758107966987,28.2856143296307,29.7588965440191,32.080971662221,34.2061250841909,38.5879554410345,40.2941200410144,43.944117031615,1,1,1,1,1,1,1,1,0.810344827586207,0.775862068965517,0.758620689655172,0.741379310344828,0.724137931034483,0.672413793103448,0.655172413793103,0.603448275862069,0,0,0,0,0,0,0,0,2263,9.2389,-3.02558209440526
"264",88,88,3,12.2594996566854,26.2708283589789,28.2806318919108,29.7539141062992,32.0759892245012,34.201142646471,38.5829730033147,40.2891376032945,43.9391345938952,1,1,1,1,1,1,1,1,0.839285714285714,0.803571428571429,0.785714285714286,0.767857142857143,0.75,0.696428571428571,0.678571428571429,0.625,0,0,0,0,0,0,0,0,2264,12.245229,-0.0142706566854471
"265",89,89,1,12.2947573461565,26.3058172958458,28.3155822785486,29.7888362337732,32.1108668120355,34.2359794712392,38.6177257797856,40.3238576536629,43.9737846333305,1,1,1,1,1,1,1,1,0.824561403508772,0.789473684210526,0.771929824561403,0.754385964912281,0.736842105263158,0.684210526315789,0.666666666666667,0.614035087719298,0,0,0,0,0,0,0,0,2265,9.457239,-2.83751834615654
"266",89,89,2,12.2607634718043,26.2718234214936,28.2815884041963,29.754842359421,32.0768729376833,34.2019855968869,38.5837319054333,40.2898637793107,43.9397907589782,0,0,0,0,1,1,1,1,0,0,0,0,1,0.928571428571429,0.904761904761905,0.833333333333333,0,0,0,0,0,0,0,0,2266,32.956374,20.6956105281957
"267",89,89,3,12.5472876855125,26.5583476352017,28.5681126179045,30.0413665731292,32.3633971513914,34.4885098105951,38.8702561191415,40.5763879930188,44.2263149726864,1,1,1,1,1,1,1,1,0.979166666666667,0.9375,0.916666666666667,0.895833333333333,0.854166666666667,0.8125,0.791666666666667,0.729166666666667,1,1,1,1,0,0,0,0,2267,24.9973,12.4500123144875
"268",90,90,1,12.4789499008745,26.5160582443822,28.5295596431691,30.0055525702745,32.3319001072235,34.4609636289354,38.8508561772286,40.5601599735099,44.216872645032,1,1,1,1,1,1,1,1,0.824561403508772,0.789473684210526,0.771929824561403,0.754385964912281,0.719298245614035,0.684210526315789,0.666666666666667,0.614035087719298,1,1,1,1,0,0,0,0,2268,9.845877,-2.63307290087452
"269",90,90,2,12.2846321917932,26.321740535301,28.3352419340879,29.8112348611932,32.1375823981423,34.2666459198541,38.6565384681473,40.3658422644286,44.0225549359508,1,1,1,1,1,1,1,1,0.810344827586207,0.775862068965517,0.758620689655172,0.741379310344828,0.724137931034483,0.672413793103448,0.655172413793103,0.603448275862069,0,0,0,0,0,0,0,0,2269,8.962908,-3.32172419179324
"270",90,90,3,12.2733080730441,26.3104164165519,28.3239178153388,29.7999107424441,32.1262582793932,34.255321801105,38.6452143493982,40.3545181456795,44.0112308172017,1,1,1,1,1,1,1,1,0.854545454545454,0.818181818181818,0.8,0.781818181818182,0.763636363636364,0.709090909090909,0.690909090909091,0.636363636363636,0,0,0,0,0,0,0,0,2270,12.917197,0.643888926955855
"271",91,91,1,12.3196015215576,26.3521306630622,28.3649752150532,29.8404866420088,32.1660752751267,34.2944442512309,38.6829047236108,40.3916509087961,44.0471706832072,1,1,1,1,1,1,1,1,0.824561403508772,0.789473684210526,0.771929824561403,0.754385964912281,0.736842105263158,0.684210526315789,0.666666666666667,0.614035087719298,0,0,0,0,0,0,0,0,2271,9.548935,-2.77066652155762
"272",91,91,2,12.2753467667785,26.307875908283,28.320720460274,29.7962318872297,32.1218205203475,34.2501894964518,38.6386499688317,40.347396154017,44.0029159284281,1,1,1,1,1,1,1,1,0.810344827586207,0.775862068965517,0.758620689655172,0.741379310344828,0.724137931034483,0.672413793103448,0.655172413793103,0.603448275862069,0,0,0,0,0,0,0,0,2272,8.999763,-3.27558376677851
"273",91,91,3,12.2681313327679,26.3006604742724,28.3135050262634,29.7890164532191,32.1146050863369,34.2429740624411,38.6314345348211,40.3401807200064,43.9957004944174,1,1,1,1,1,1,1,1,0.854545454545454,0.818181818181818,0.8,0.781818181818182,0.763636363636364,0.709090909090909,0.690909090909091,0.636363636363636,0,0,0,0,0,0,0,0,2273,13.098242,0.830110667232134
"274",92,92,1,12.3227186335856,26.3553694366624,28.3682314399503,29.8437556595422,32.169364455438,34.2977518844321,38.686250404622,40.3950114045812,44.0505628722301,1,1,1,1,1,1,1,1,0.824561403508772,0.789473684210526,0.771929824561403,0.754385964912281,0.736842105263158,0.684210526315789,0.666666666666667,0.614035087719298,0,0,0,0,0,0,0,0,2274,9.527374,-2.79534463358564
"275",92,92,2,12.2757994057866,26.3084502088633,28.3213122121512,29.7968364317431,32.1224452276389,34.2508326566331,38.6393311768229,40.3480921767821,44.003643644431,1,1,1,1,1,1,1,1,0.810344827586207,0.775862068965517,0.758620689655172,0.741379310344828,0.724137931034483,0.672413793103448,0.655172413793103,0.603448275862069,0,0,0,0,0,0,0,0,2275,8.94355,-3.33224940578656
"276",92,92,3,12.2681282817768,26.3007790848535,28.3136410881415,29.7891653077333,32.1147741036291,34.2431615326233,38.6316600528131,40.3404210527723,43.9959725204212,1,1,1,1,1,1,1,1,0.854545454545454,0.818181818181818,0.8,0.781818181818182,0.763636363636364,0.709090909090909,0.690909090909091,0.636363636363636,0,0,0,0,0,0,0,0,2276,12.670941,0.402812718223224
"277",93,93,1,12.318917563013,26.3500665225741,28.3627130994405,29.8380794011512,32.1634392989209,34.2915989373925,38.6796277788211,40.3882058987484,44.0433661312454,1,1,1,1,1,1,1,1,0.824561403508772,0.789473684210526,0.771929824561403,0.754385964912281,0.736842105263158,0.684210526315789,0.666666666666667,0.614035087719298,0,0,0,0,0,0,0,0,2277,9.489798,-2.82911956301302
"278",93,93,2,12.2773373464618,26.308486306023,28.3211328828894,29.7964991846001,32.1218590823697,34.2500187208414,38.6380475622699,40.3466256821972,44.0017859146943,1,1,1,1,1,1,1,1,0.824561403508772,0.789473684210526,0.771929824561403,0.754385964912281,0.736842105263158,0.684210526315789,0.666666666666667,0.614035087719298,0,0,0,0,0,0,0,0,2278,9.518064,-2.75927334646184
"279",93,93,3,12.2777068068731,26.3088557664342,28.3215023433006,29.7968686450113,32.122228542781,34.2503881812526,38.6384170226812,40.3469951426085,44.0021553751055,1,1,1,1,1,1,1,1,1,0.957446808510638,0.936170212765957,0.914893617021277,0.893617021276596,0.829787234042553,0.808510638297872,0.74468085106383,0,0,0,0,0,0,0,0,2279,25.866123,13.5884161931269
"280",94,94,1,12.488099110751,26.5280463721215,28.5419549890439,30.0182464265392,32.3450644528096,34.4745585643776,38.8653389411371,40.5749884334806,44.2324406523987,1,1,1,1,1,1,1,1,0.824561403508772,0.789473684210526,0.771929824561403,0.754385964912281,0.719298245614035,0.684210526315789,0.666666666666667,0.614035087719298,0,0,0,0,0,0,0,0,2280,9.654891,-2.83320811075097
"281",94,94,2,12.2902068510056,26.3301541123761,28.3440627292985,29.8203541667938,32.1471721930642,34.2766663046322,38.6674466813917,40.3770961737353,44.0345483926533,1,1,1,1,1,1,1,1,0.810344827586207,0.775862068965517,0.758620689655172,0.741379310344828,0.724137931034483,0.672413793103448,0.655172413793103,0.603448275862069,0,0,0,0,0,0,0,0,2281,9.210436,-3.07977085100562
"282",94,94,3,12.284781340822,26.3247286021925,28.3386372191149,29.8149286566102,32.1417466828806,34.2712407944486,38.6620211712081,40.3716706635516,44.0291228824697,1,1,1,1,1,1,1,1,0.839285714285714,0.803571428571429,0.785714285714286,0.767857142857143,0.75,0.696428571428571,0.678571428571429,0.625,0,0,0,0,0,0,0,0,2282,11.866262,-0.418519340821994
"283",95,95,1,12.3105045480287,26.3419884670365,28.3546830909293,29.8300846134107,32.1555000234742,34.2837104665647,38.6718440614755,40.3804629695366,44.0357104600659,1,1,1,1,1,1,1,1,0.824561403508772,0.789473684210526,0.771929824561403,0.754385964912281,0.736842105263158,0.684210526315789,0.666666666666667,0.614035087719298,0,0,0,0,0,0,0,0,2283,9.595886,-2.71461854802875
"284",95,95,2,12.2815178136086,26.3130017326163,28.3256963565091,29.8010978789905,32.126513289054,34.2547237321445,38.6428573270553,40.3514762351164,44.0067237256457,1,1,1,1,1,1,1,1,0.824561403508772,0.789473684210526,0.771929824561403,0.754385964912281,0.736842105263158,0.684210526315789,0.666666666666667,0.614035087719298,0,0,0,0,0,0,0,0,2284,9.44076,-2.84075781360855
"285",95,95,3,12.2795372622974,26.3110211813052,28.3237158051979,29.7991173276793,32.1245327377428,34.2527431808333,38.6408767757441,40.3494956838052,44.0047431743346,1,1,1,1,1,1,1,1,0.824561403508772,0.789473684210526,0.771929824561403,0.754385964912281,0.736842105263158,0.684210526315789,0.666666666666667,0.614035087719298,0,0,0,0,0,0,0,0,2285,10.074814,-2.20472326229737
"286",96,96,1,12.2842871172182,26.3158358067804,28.3285397214472,29.8039480545108,32.1293741988948,34.2575944659905,38.6457483169089,40.354375112104,44.0096394755748,1,1,1,1,1,1,1,1,0.824561403508772,0.789473684210526,0.771929824561403,0.754385964912281,0.736842105263158,0.684210526315789,0.666666666666667,0.614035087719298,0,0,0,0,0,0,0,0,2286,10.105746,-2.17854111721818
"287",96,96,2,12.2847082627859,26.3162569523481,28.3289608670149,29.8043692000785,32.1297953444626,34.2580156115582,38.6461694624767,40.3547962576718,44.0100606211426,1,1,1,1,1,1,1,1,0.810344827586207,0.775862068965517,0.758620689655172,0.741379310344828,0.724137931034483,0.672413793103448,0.655172413793103,0.603448275862069,0,0,0,0,0,0,0,0,2287,9.213861,-3.07084726278593
"288",96,96,3,12.2725650643282,26.3041137538904,28.3168176685571,29.7922260016208,32.1176521460048,34.2458724131004,38.6340262640189,40.342653059214,43.9979174226848,1,1,1,1,1,1,1,1,0.824561403508772,0.789473684210526,0.771929824561403,0.754385964912281,0.736842105263158,0.684210526315789,0.666666666666667,0.614035087719298,0,0,0,0,0,0,0,0,2288,10.374077,-1.89848806432815
"289",97,97,1,12.2701379578251,26.2491836928265,28.2543565142039,29.724244195315,32.0409691089301,34.1612260460719,38.5329603949569,40.2351938862499,43.8767810581983,1,1,1,1,1,1,1,1,0.824561403508772,0.789473684210526,0.771929824561403,0.754385964912281,0.736842105263158,0.684210526315789,0.666666666666667,0.614035087719298,0,0,0,0,0,0,0,0,2289,9.654282,-2.61585595782507
"290",97,97,2,12.2599376445782,26.2389833795796,28.244156200957,29.7140438820681,32.0307687956832,34.151025732825,38.52276008171,40.2249935730031,43.8665807449514,1,1,1,1,1,1,1,1,0.824561403508772,0.789473684210526,0.771929824561403,0.754385964912281,0.736842105263158,0.684210526315789,0.666666666666667,0.614035087719298,0,0,0,0,0,0,0,0,2290,9.619978,-2.6399596445782
"291",97,97,3,12.2594515179093,26.2384972529108,28.2436700742881,29.7135577553992,32.0302826690144,34.1505396061561,38.5222739550412,40.2245074463342,43.8660946182826,1,1,1,1,1,1,1,1,1,0.957446808510638,0.936170212765957,0.914893617021277,0.893617021276596,0.829787234042553,0.808510638297872,0.74468085106383,0,0,0,0,0,0,0,0,2291,25.886607,13.6271554820907
"292",98,98,1,12.4908476067704,26.4788038186342,28.4852547706056,29.9560793826361,32.2742810153443,34.3958894396146,38.7704104048755,40.4737289281818,44.1176373085197,1,1,1,1,1,1,1,1,0.824561403508772,0.789473684210526,0.771929824561403,0.754385964912281,0.719298245614035,0.684210526315789,0.666666666666667,0.614035087719298,0,0,0,0,0,0,0,0,2292,9.924002,-2.56684560677044
"293",98,98,2,12.2716694200315,26.2596256318953,28.2660765838667,29.7369011958972,32.0551028286054,34.1767112528757,38.5512322181366,40.2545507414429,43.8984591217808,1,1,1,1,1,1,1,1,0.824561403508772,0.789473684210526,0.771929824561403,0.754385964912281,0.736842105263158,0.684210526315789,0.666666666666667,0.614035087719298,0,0,0,0,0,0,0,0,2293,9.38464,-2.88702942003154
"294",98,98,3,12.2642635871392,26.252219799003,28.2586707509744,29.7294953630049,32.047696995713,34.1693054199834,38.5438263852443,40.2471449085506,43.8910532888885,1,1,1,1,1,1,1,1,0.824561403508772,0.789473684210526,0.771929824561403,0.754385964912281,0.736842105263158,0.684210526315789,0.666666666666667,0.614035087719298,0,0,0,0,0,0,0,0,2294,10.828225,-1.43603858713923
"295",99,99,1,12.2867248835224,26.2669693732094,28.2723141455454,29.7423278749418,32.0592514562556,34.1796902132431,38.5517994544587,40.2541789185464,43.8960783700143,1,1,1,1,1,1,1,1,0.92156862745098,0.882352941176471,0.862745098039216,0.843137254901961,0.823529411764706,0.764705882352941,0.745098039215686,0.686274509803922,0,0,0,0,0,0,0,0,2295,19.624964,7.33823911647762
"296",99,99,2,12.3602425168308,26.3404870065178,28.3458317788538,29.8158455082502,32.132769089564,34.2532078465514,38.625317087767,40.3276965518548,43.9695960033227,1,1,1,1,1,1,1,1,0.824561403508772,0.789473684210526,0.771929824561403,0.754385964912281,0.736842105263158,0.684210526315789,0.666666666666667,0.614035087719298,0,0,0,0,0,0,0,0,2296,10.683925,-1.67631751683076
"297",99,99,3,12.2855189145279,26.2657634042149,28.271108176551,29.7411219059474,32.0580454872611,34.1784842442486,38.5505934854642,40.2529729495519,43.8948724010198,1,1,1,1,1,1,1,1,0.839285714285714,0.803571428571429,0.785714285714286,0.767857142857143,0.75,0.696428571428571,0.678571428571429,0.625,0,0,0,0,0,0,0,0,2297,11.3571,-0.928418914527915
"298",100,100,1,12.2626001512228,26.0576364414804,28.0364147045688,29.4869539107436,31.773183233096,33.8655307328474,38.1797189211893,39.8595455153668,43.4531976246365,1,1,1,1,1,1,1,1,0.824561403508772,0.807017543859649,0.789473684210526,0.754385964912281,0.736842105263158,0.684210526315789,0.666666666666667,0.631578947368421,0,0,0,0,0,0,0,0,2298,9.840722,-2.42187815122284
"299",100,100,2,12.2483690119083,26.0434053021659,28.0221835652542,29.4727227714291,31.7589520937814,33.8512995935328,38.1654877818747,39.8453143760523,43.4389664853219,1,1,1,1,1,1,1,1,0.824561403508772,0.807017543859649,0.789473684210526,0.754385964912281,0.736842105263158,0.684210526315789,0.666666666666667,0.631578947368421,0,0,0,0,0,0,0,0,2299,10.844511,-1.40385801190825
"300",100,100,3,12.257789526517,26.0528258167747,28.031604079863,29.4821432860379,31.7683726083902,33.8607201081416,38.1749082964835,39.854734890661,43.4483869999307,1,1,1,1,1,1,1,1,0.839285714285714,0.821428571428571,0.803571428571429,0.767857142857143,0.75,0.696428571428571,0.678571428571429,0.642857142857143,0,0,0,0,0,0,0,0,2300,11.686116,-0.571673526517044
"301",101,101,1,12.2661634915771,26.0607609351251,28.0394762494607,29.4899693111859,31.7761259041742,33.8684068423164,38.1824577880117,39.8622309436655,43.4557687319308,1,1,1,1,1,1,1,1,0.824561403508772,0.807017543859649,0.789473684210526,0.754385964912281,0.736842105263158,0.684210526315789,0.666666666666667,0.631578947368421,0,0,0,0,0,0,0,0,2301,9.861488,-2.40467549157708
"302",101,101,2,12.2486748574711,26.0432723010191,28.0219876153547,29.4724806770798,31.7586372700682,33.8509182082104,38.1649691539057,39.8447423095595,43.4382800978248,1,1,1,1,1,1,1,1,0.824561403508772,0.807017543859649,0.789473684210526,0.754385964912281,0.736842105263158,0.684210526315789,0.666666666666667,0.631578947368421,0,0,0,0,0,0,0,0,2302,10.451711,-1.79696385747107
"303",101,101,3,12.2543320073602,26.0489294509083,28.0276447652438,29.478137826969,31.7642944199573,33.8565753580995,38.1706263037948,39.8503994594486,43.4439372477139,1,1,1,1,1,1,1,1,1,0.978723404255319,0.957446808510638,0.914893617021277,0.893617021276596,0.829787234042553,0.808510638297872,0.765957446808511,0,0,0,0,0,0,0,0,2303,25.738284,13.4839519926398
"304",102,102,1,12.4263808812715,26.2294553840241,28.2093866589513,29.6607710780075,31.948332560473,34.0418992475801,38.3586012648582,40.0394066750993,43.6351527650355,1,1,1,1,1,1,1,1,0.824561403508772,0.789473684210526,0.789473684210526,0.754385964912281,0.736842105263158,0.684210526315789,0.666666666666667,0.631578947368421,0,0,0,0,0,0,0,0,2304,9.480436,-2.94594488127147
"305",102,102,2,12.2488114907508,26.0518859935034,28.0318172684306,29.4832016874868,31.7707631699523,33.8643298570594,38.1810318743374,39.8618372845786,43.4575833745148,1,1,1,1,1,1,1,1,0.824561403508772,0.807017543859649,0.789473684210526,0.754385964912281,0.736842105263158,0.684210526315789,0.666666666666667,0.631578947368421,0,0,0,0,0,0,0,0,2305,10.578358,-1.67045349075077
"306",102,102,3,12.260803074162,26.0638775769146,28.0438088518418,29.495193270898,31.7827547533635,33.8763214404706,38.1930234577487,39.8738288679898,43.4695749579261,1,1,1,1,1,1,1,1,0.839285714285714,0.821428571428571,0.803571428571429,0.767857142857143,0.75,0.696428571428571,0.678571428571429,0.642857142857143,0,0,0,0,0,0,0,0,2306,11.007917,-1.25288607416201
"307",103,103,1,12.2127329264455,25.6416269081252,27.5678852338849,28.9799248114646,31.2054739540471,33.2422872074372,37.4419699468856,39.077211258773,42.5754820981548,1,1,1,1,1,1,1,1,0.824561403508772,0.807017543859649,0.789473684210526,0.771929824561403,0.736842105263158,0.701754385964912,0.666666666666667,0.631578947368421,0,0,0,0,0,0,0,0,2307,9.712594,-2.50013892644547
"308",103,103,2,12.1958421830688,25.6247361647485,27.5509944905082,28.9630340680879,31.1885832106704,33.2253964640605,37.4250792035089,39.0603205153963,42.5585913547781,1,1,1,1,1,1,1,1,0.824561403508772,0.807017543859649,0.789473684210526,0.771929824561403,0.736842105263158,0.701754385964912,0.684210526315789,0.631578947368421,0,0,0,0,0,0,0,0,2308,10.48063,-1.71521218306878
"309",103,103,3,12.2058572132814,25.6347511949611,27.5610095207208,28.9730490983005,31.198598240883,33.2354114942731,37.4350942337215,39.0703355456089,42.5686063849907,1,1,1,1,1,1,1,1,0.839285714285714,0.821428571428571,0.803571428571429,0.785714285714286,0.75,0.714285714285714,0.678571428571429,0.642857142857143,0,0,0,0,0,0,0,0,2309,11.046221,-1.15963621328137
"310",104,104,1,12.2132957187399,25.6420678212176,27.5683086644632,28.9803354265231,31.2058643702601,33.2426591377516,37.4423037613296,39.0775302319423,42.575769321393,1,1,1,1,1,1,1,1,0.824561403508772,0.807017543859649,0.789473684210526,0.771929824561403,0.736842105263158,0.701754385964912,0.666666666666667,0.631578947368421,0,0,0,0,0,0,0,0,2310,9.711203,-2.5020927187399
"311",104,104,2,12.1958871120859,25.6246592145636,27.5509000578092,28.9629268198691,31.1884557636061,33.2252505310976,37.4248951546756,39.0601216252883,42.5583607147389,1,1,1,1,1,1,1,1,0.824561403508772,0.807017543859649,0.789473684210526,0.771929824561403,0.736842105263158,0.701754385964912,0.684210526315789,0.631578947368421,0,0,0,0,0,0,0,0,2311,10.278017,-1.91787011208589
"312",104,104,3,12.2032783547298,25.6320504572075,27.5582913004531,28.970318062513,31.19584700625,33.2326417737415,37.4322863973195,39.0675128679322,42.5657519573829,1,1,1,1,1,1,1,1,0.839285714285714,0.821428571428571,0.803571428571429,0.785714285714286,0.75,0.714285714285714,0.678571428571429,0.642857142857143,0,0,0,0,0,0,0,0,2312,11.076508,-1.1267703547298
"313",105,105,1,12.2045999688853,25.6254287768738,27.5505302234451,28.9617217531909,31.1859342674242,33.2215242441479,37.4186847229552,39.0529439357044,42.5491137709397,1,1,1,1,1,1,1,1,0.886792452830189,0.867924528301887,0.849056603773585,0.830188679245283,0.792452830188679,0.754716981132076,0.735849056603774,0.679245283018868,0,0,0,0,0,0,0,0,2313,16.334673,4.13007303111469
"314",105,105,2,12.2860728362398,25.7069016442283,27.6320030907996,29.0431946205454,31.2674071347787,33.3029971115024,37.5001575903097,39.1344168030589,42.6305866382942,1,1,1,1,1,1,1,1,0.824561403508772,0.807017543859649,0.789473684210526,0.754385964912281,0.736842105263158,0.684210526315789,0.666666666666667,0.631578947368421,0,0,0,0,0,0,0,0,2314,10.705956,-1.58011683623982
"315",105,105,3,12.1988584347296,25.6196872427181,27.5447886892893,28.9559802190352,31.1801927332685,33.2157827099921,37.4129431887995,39.0472024015487,42.5433722367839,0,0,0,0,1,1,1,1,0,0,0,0,0.976744186046512,0.930232558139535,0.906976744186046,0.837209302325581,0,0,0,0,0,0,0,0,2315,31.562567,19.3637085652704
"316",106,106,1,12.5242580796207,25.5974827662922,27.4727234176507,28.8473645972858,31.0139692359033,32.9968367261588,37.0852892927251,38.6772206249998,42.0828384488103,1,1,1,1,1,1,1,1,0.839285714285714,0.821428571428571,0.803571428571429,0.785714285714286,0.75,0.714285714285714,0.696428571428571,0.660714285714286,1,1,1,1,0,0,0,0,2316,11.725149,-0.799109079620669
"317",106,106,2,12.1843873583528,25.2576120450244,27.1328526963828,28.507493876018,30.6740985146355,32.6569660048909,36.7454185714572,38.337349903732,41.7429677275424,1,1,1,1,1,1,1,1,0.824561403508772,0.807017543859649,0.789473684210526,0.771929824561403,0.754385964912281,0.701754385964912,0.684210526315789,0.649122807017544,1,1,1,1,0,0,0,0,2317,10.735075,-1.44931235835279
"318",106,106,3,12.1674246082364,25.240649294908,27.1158899462664,28.4905311259016,30.6571357645191,32.6400032547745,36.7284558213408,38.3203871536156,41.726004977426,1,1,1,1,1,1,1,1,0.839285714285714,0.821428571428571,0.803571428571429,0.785714285714286,0.767857142857143,0.714285714285714,0.696428571428571,0.660714285714286,0,0,0,0,0,0,0,0,2318,11.533607,-0.633817608236393
"319",107,107,1,12.1821346567653,25.2547031917638,27.1298497238579,28.5044219095661,30.6709178052152,32.6536857743615,36.7419331394525,38.3337845718991,41.7392314660509,1,1,1,1,1,1,1,1,0.824561403508772,0.807017543859649,0.789473684210526,0.771929824561403,0.754385964912281,0.701754385964912,0.684210526315789,0.649122807017544,0,0,0,0,0,0,0,0,2319,9.858582,-2.32355265676526
"320",107,107,2,12.1538902857646,25.2264588207632,27.1016053528573,28.4761775385654,30.6426734342146,32.6254414033609,36.7136887684519,38.3055402008985,41.7109870950503,1,1,1,1,1,1,1,1,0.824561403508772,0.807017543859649,0.789473684210526,0.771929824561403,0.754385964912281,0.701754385964912,0.684210526315789,0.649122807017544,0,0,0,0,0,0,0,0,2320,10.813849,-1.34004128576463
"321",107,107,3,12.1699980546353,25.2425665896339,27.117713121728,28.4922853074361,30.6587812030853,32.6415491722316,36.7297965373226,38.3216479697692,41.727094863921,1,1,1,1,1,1,1,1,0.839285714285714,0.821428571428571,0.803571428571429,0.785714285714286,0.767857142857143,0.714285714285714,0.696428571428571,0.660714285714286,0,0,0,0,0,0,0,0,2321,11.377444,-0.792554054635341
"322",108,108,1,12.1826228767151,25.2546320649652,27.1296983636214,28.5042117343782,30.6706149303845,32.6532980612059,36.7413704990923,38.3331538196816,41.7384550021745,1,1,1,1,1,1,1,1,0.824561403508772,0.807017543859649,0.789473684210526,0.771929824561403,0.754385964912281,0.701754385964912,0.684210526315789,0.649122807017544,0,0,0,0,0,0,0,0,2322,10.087985,-2.09463787671514
"323",108,108,2,12.1599070148477,25.2319162030978,27.106982501754,28.4814958725108,30.647899068517,32.6305821993385,36.7186546372249,38.3104379578142,41.7157391403071,1,1,1,1,1,1,1,1,0.824561403508772,0.807017543859649,0.789473684210526,0.771929824561403,0.754385964912281,0.701754385964912,0.684210526315789,0.649122807017544,0,0,0,0,0,0,0,0,2323,10.79977,-1.36013701484772
"324",108,108,3,12.172446234582,25.2444554228321,27.1195217214882,28.494035092245,30.6604382882513,32.6431214190727,36.7311938569592,38.3229771775484,41.7282783600413,1,1,1,1,1,1,1,1,0.839285714285714,0.821428571428571,0.803571428571429,0.785714285714286,0.767857142857143,0.714285714285714,0.696428571428571,0.660714285714286,0,0,0,0,0,0,0,0,2324,11.544676,-0.627770234581966
"325",109,109,1,12.1677123670234,25.1753283594148,27.0411580128331,28.4089004804014,30.5646318949469,32.5375482560752,36.6054826994585,38.1894248371316,41.5779513813233,1,1,1,1,1,1,1,1,0.824561403508772,0.807017543859649,0.789473684210526,0.771929824561403,0.754385964912281,0.701754385964912,0.684210526315789,0.649122807017544,0,0,0,0,0,0,0,0,2325,9.803375,-2.3643373670234
"326",109,109,2,12.1358531027437,25.1434690951351,27.0092987485535,28.3770412161217,30.5327726306673,32.5056889917955,36.5736234351789,38.1575655728519,41.5460921170437,0,0,0,0,0,0,0,0,0,0,0,0,0,0,0,0,0,0,0,0,0,0,0,0,2326,46.924028,34.7881748972563
"327",109,109,3,12.8150215487281,25.8226375411195,27.6884671945378,29.0562096621061,31.2119410766516,33.1848574377799,37.2527918811632,38.8367340188363,42.225260563028,1,1,1,1,1,1,1,1,0.810344827586207,0.793103448275862,0.775862068965517,0.758620689655172,0.724137931034483,0.689655172413793,0.672413793103448,0.620689655172414,1,1,1,1,1,1,1,1,2327,8.796107,-4.01891454872809
"328",110,110,1,12.1416164519901,25.2120953799565,27.0869421760523,28.4612946409231,30.6274442293376,32.6098952595533,36.6974891317657,38.2890861120028,41.6939886566828,1,1,1,1,1,1,1,1,0.824561403508772,0.807017543859649,0.789473684210526,0.771929824561403,0.754385964912281,0.701754385964912,0.684210526315789,0.649122807017544,1,1,1,1,1,1,1,1,2328,10.398442,-1.7431744519901
"329",110,110,2,12.167806333524,25.2382852614905,27.1131320575863,28.487484522457,30.6536341108715,32.6360851410873,36.7236790132997,38.3152759935367,41.7201785382167,1,1,1,1,1,1,1,1,0.810344827586207,0.793103448275862,0.775862068965517,0.758620689655172,0.741379310344828,0.689655172413793,0.672413793103448,0.637931034482759,0,0,0,0,0,0,0,0,2329,8.438119,-3.72968733352404
"330",110,110,3,12.1357652015895,25.206244129556,27.0810909256518,28.4554433905225,30.6215929789371,32.6040440091528,36.6916378813652,38.2832348616023,41.6881374062822,1,1,1,1,1,1,1,1,0.854545454545454,0.836363636363636,0.818181818181818,0.8,0.781818181818182,0.727272727272727,0.709090909090909,0.672727272727273,0,0,0,0,0,0,0,0,2330,12.532101,0.396335798410453
"331",111,111,1,12.1937426569955,25.2554912692777,27.1290857773372,28.5025202551208,30.6672229822665,32.6483498511092,36.7332134496193,38.3237473361354,41.7263756050024,1,1,1,1,1,1,1,1,0.824561403508772,0.807017543859649,0.789473684210526,0.771929824561403,0.754385964912281,0.701754385964912,0.684210526315789,0.649122807017544,0,0,0,0,0,0,0,0,2331,10.740372,-1.45337065699554
"332",111,111,2,12.1709287883614,25.2326774006436,27.1062719087031,28.4797063864867,30.6444091136323,32.6255359824751,36.7103995809852,38.3009334675012,41.7035617363683,1,1,1,1,1,1,1,1,0.810344827586207,0.793103448275862,0.775862068965517,0.758620689655172,0.741379310344828,0.689655172413793,0.672413793103448,0.637931034482759,0,0,0,0,0,0,0,0,2332,8.185147,-3.98578178836141
"333",111,111,3,12.1383934175098,25.2001420297919,27.0737365378515,28.447171015635,30.6118737427807,32.5930006116235,36.6778642101336,38.2683980966496,41.6710263655166,1,1,1,1,1,1,1,1,0.839285714285714,0.821428571428571,0.803571428571429,0.785714285714286,0.767857142857143,0.714285714285714,0.696428571428571,0.660714285714286,0,0,0,0,0,0,0,0,2333,12.197083,0.0586895824902367
"334",112,112,1,12.1713687757439,25.1506393704521,27.0124031225119,28.3771650897183,30.5281988667968,32.4968159697916,36.5558858203384,38.1363763286102,41.5175188039217,1,1,1,1,1,1,1,1,0.810344827586207,0.793103448275862,0.775862068965517,0.758620689655172,0.741379310344828,0.689655172413793,0.672413793103448,0.637931034482759,0,0,0,0,0,0,0,0,2334,7.913168,-4.25820077574388
"335",112,112,2,12.1140693570475,25.0933399517557,26.9551037038155,28.3198656710219,30.4708994481004,32.4395165510952,36.498586401642,38.0790769099138,41.4602193852253,1,1,1,1,1,1,1,1,0.796610169491525,0.779661016949153,0.76271186440678,0.745762711864407,0.728813559322034,0.677966101694915,0.661016949152542,0.627118644067797,0,0,0,0,0,0,0,0,2335,7.317291,-4.7967783570475
"336",112,112,3,12.10609921625,25.0853698109582,26.947133563018,28.3118955302244,30.4629293073029,32.4315464102977,36.4906162608445,38.0711067691163,41.4522492444278,1,1,1,1,1,1,1,1,0.839285714285714,0.821428571428571,0.803571428571429,0.785714285714286,0.767857142857143,0.714285714285714,0.696428571428571,0.660714285714286,0,0,0,0,0,0,0,0,2336,12.106019,-8.02162499962122e-05
"337",113,113,1,12.1693133497971,25.1493748804953,27.0112520854603,28.3760972190781,30.5272620767144,32.4959991440867,36.5553163478578,38.1359031686932,41.5172516854191,1,1,1,1,1,1,1,1,0.796610169491525,0.779661016949153,0.76271186440678,0.745762711864407,0.728813559322034,0.677966101694915,0.661016949152542,0.627118644067797,0,0,0,0,0,0,0,0,2337,7.667145,-4.5021683497971
"338",113,113,2,12.1099490664546,25.0900105971528,26.9518878021178,28.3167329357356,30.4678977933719,32.4366348607442,36.4959520645153,38.0765388853507,41.4578874020767,1,1,1,1,1,1,1,1,0.796610169491525,0.779661016949153,0.76271186440678,0.745762711864407,0.728813559322034,0.677966101694915,0.661016949152542,0.627118644067797,0,0,0,0,0,0,0,0,2338,7.677171,-4.43277806645463
"339",113,113,3,12.1100831514286,25.0901446821268,26.9520218870918,28.3168670207096,30.4680318783459,32.4367689457182,36.4960861494893,38.0766729703247,41.4580214870507,1,1,1,1,1,1,1,1,0.92156862745098,0.901960784313726,0.882352941176471,0.862745098039216,0.843137254901961,0.784313725490196,0.764705882352941,0.725490196078431,0,0,0,0,0,0,0,0,2339,19.196666,7.08658284857139
"340",114,114,1,12.2655121806681,25.2485074857429,27.1108055151873,28.4759591332967,30.6276102006727,32.5967922451624,36.6570269423345,38.2379710099444,41.6200837844986,1,1,1,1,1,1,1,1,0.810344827586207,0.793103448275862,0.775862068965517,0.758620689655172,0.741379310344828,0.689655172413793,0.672413793103448,0.637931034482759,0,0,0,0,0,0,0,0,2340,9.149729,-3.11578318066815
"341",114,114,2,12.1330156438873,25.1160109489621,26.9783089784065,28.3434625965158,30.4951136638919,32.4642957083815,36.5245304055536,38.1054744731636,41.4875872477178,1,1,1,1,1,1,1,1,0.810344827586207,0.793103448275862,0.775862068965517,0.758620689655172,0.741379310344828,0.689655172413793,0.672413793103448,0.637931034482759,0,0,0,0,0,0,0,0,2341,7.895742,-4.23727364388731
"342",114,114,3,12.1164783714163,25.0994736764911,26.9617717059355,28.3269253240448,30.4785763914209,32.4477584359105,36.5079931330826,38.0889372006925,41.4710499752468,1,1,1,1,1,1,1,1,0.854545454545454,0.836363636363636,0.818181818181818,0.8,0.781818181818182,0.727272727272727,0.709090909090909,0.672727272727273,0,0,0,0,0,0,0,0,2342,12.616565,0.500086628583707
"343",115,115,1,12.1728247844652,25.147599320917,27.00871815243,28.3730073619983,30.5232960145259,32.4912311826527,36.5488949592309,38.128837980851,41.5088092182697,1,1,1,1,1,1,1,1,0.810344827586207,0.793103448275862,0.775862068965517,0.758620689655172,0.741379310344828,0.689655172413793,0.672413793103448,0.637931034482759,0,0,0,0,0,0,0,0,2343,9.367299,-2.80552578446519
"344",115,115,2,12.1282620335789,25.1030365700307,26.9641554015437,28.328444611112,30.4787332636396,32.4466684317664,36.5043322083446,38.0842752299647,41.4642464673834,1,1,1,1,1,1,1,1,0.810344827586207,0.793103448275862,0.775862068965517,0.758620689655172,0.741379310344828,0.689655172413793,0.672413793103448,0.637931034482759,0,0,0,0,0,0,0,0,2344,8.244717,-3.88354503357888
"345",115,115,3,12.1128661435485,25.0876406800003,26.9487595115133,28.3130487210816,30.4633373736092,32.431272541736,36.4889363183142,38.0688793399343,41.448850577353,1,1,1,1,1,1,1,1,0.839285714285714,0.821428571428571,0.803571428571429,0.785714285714286,0.767857142857143,0.714285714285714,0.696428571428571,0.660714285714286,0,0,0,0,0,0,0,0,2345,11.579223,-0.533643143548494
"346",116,116,1,12.1594838390337,25.1330926126571,26.9940442256071,28.3582108559627,30.5083063084794,32.4760646607655,36.5333638627156,38.1131649289715,41.4928324813574,1,1,1,1,1,1,1,1,0.824561403508772,0.807017543859649,0.789473684210526,0.771929824561403,0.754385964912281,0.701754385964912,0.684210526315789,0.649122807017544,0,0,0,0,0,0,0,0,2346,9.536368,-2.62311583903365
"347",116,116,2,12.132156004838,25.1057647784614,26.9667163914114,28.3308830217671,30.4809784742837,32.4487368265698,36.50603602852,38.0858370947758,41.4655046471618,1,1,1,1,1,1,1,1,0.783333333333333,0.766666666666667,0.75,0.733333333333333,0.716666666666667,0.666666666666667,0.65,0.616666666666667,0,0,0,0,0,0,0,0,2347,5.495403,-6.63675300483802
"348",116,116,3,12.0780989026402,25.0517076762636,26.9126592892136,28.2768259195692,30.4269213720859,32.394679724372,36.4519789263221,38.031779992578,41.411447544964,1,1,1,1,1,1,1,1,0.839285714285714,0.821428571428571,0.803571428571429,0.785714285714286,0.767857142857143,0.714285714285714,0.696428571428571,0.660714285714286,0,0,0,0,0,0,0,0,2348,11.978246,-0.0998529026402011
"349",117,117,1,12.1649382921465,25.1391247219035,27.0001591946138,28.3643865651409,30.5145777516856,32.4824237193532,36.5399035744902,38.1197749821439,41.4995930158435,1,1,1,1,1,1,1,1,0.824561403508772,0.807017543859649,0.789473684210526,0.771929824561403,0.754385964912281,0.701754385964912,0.684210526315789,0.649122807017544,0,0,0,0,0,0,0,0,2349,9.872129,-2.29280929214645
"350",117,117,2,12.1367651498006,25.1109515795577,26.971986052268,28.3362134227951,30.4864046093398,32.4542505770074,36.5117304321443,38.091601839798,41.4714198734977,1,1,1,1,1,1,1,1,0.810344827586207,0.793103448275862,0.775862068965517,0.758620689655172,0.741379310344828,0.689655172413793,0.672413793103448,0.637931034482759,0,0,0,0,0,0,0,0,2350,8.772209,-3.3645561498006
"351",117,117,3,12.1220517209032,25.0962381506603,26.9572726233706,28.3214999938977,30.4716911804424,32.43953714811,36.497017003247,38.0768884109007,41.4567064446003,0,1,1,1,1,1,1,1,0,1,0.978260869565217,0.956521739130435,0.934782608695652,0.869565217391304,0.847826086956522,0.804347826086957,0,0,0,0,0,0,0,0,2351,26.691081,14.5690292790968
"352",118,118,1,12.3649706431114,25.3492391079894,27.2117197611609,28.5770072512059,30.7288693173218,32.6982444669744,36.7588773255481,38.3399764262911,41.7224208631415,1,1,1,1,1,1,1,1,0.824561403508772,0.807017543859649,0.789473684210526,0.771929824561403,0.754385964912281,0.701754385964912,0.684210526315789,0.649122807017544,1,0,0,0,0,0,0,0,2352,10.694712,-1.6702586431114
"353",118,118,2,12.156030679598,25.140299144476,27.0027797976475,28.3680672876925,30.5199293538085,32.4893045034611,36.5499373620348,38.1310364627777,41.5134808996281,1,1,1,1,1,1,1,1,0.810344827586207,0.793103448275862,0.775862068965517,0.758620689655172,0.741379310344828,0.689655172413793,0.672413793103448,0.637931034482759,1,0,0,0,0,0,0,0,2353,8.75608,-3.39995067959803
"354",118,118,3,12.130708826911,25.1149772917889,26.9774579449605,28.3427454350054,30.4946075011214,32.463982650774,36.5246155093477,38.1057146100907,41.4881590469411,1,1,1,1,1,1,1,1,0.839285714285714,0.821428571428571,0.803571428571429,0.785714285714286,0.767857142857143,0.714285714285714,0.696428571428571,0.660714285714286,0,0,0,0,0,0,0,0,2354,12.218128,0.0874191730890246
"355",119,119,1,12.1522135675458,25.0079227057237,26.8519626389262,28.2037321983348,30.3342883326518,32.2841643827638,36.3045922634686,37.870036648169,41.2189909595974,1,1,1,1,1,1,1,1,0.824561403508772,0.807017543859649,0.789473684210526,0.771929824561403,0.754385964912281,0.701754385964912,0.684210526315789,0.649122807017544,0,0,0,0,0,0,0,0,2355,9.603587,-2.54862656754579
"356",119,119,2,12.1122449189026,24.9679540570805,26.811993990283,28.1637635496916,30.2943196840086,32.2441957341206,36.2646236148254,37.8300679995258,41.1790223109542,1,1,1,1,1,1,1,1,0.8,0.766666666666667,0.75,0.733333333333333,0.716666666666667,0.666666666666667,0.65,0.616666666666667,0,0,0,0,0,0,0,0,2356,5.143023,-6.9692219189026
"357",119,119,3,12.0440560034232,24.8997651416011,26.7438050748036,28.0955746342122,30.2261307685292,32.1760068186412,36.196434699346,37.7618790840464,41.1108333954748,1,1,1,1,1,1,1,1,0.857142857142857,0.821428571428571,0.821428571428571,0.785714285714286,0.767857142857143,0.714285714285714,0.696428571428571,0.660714285714286,0,0,0,0,0,0,0,0,2357,10.953001,-1.0910550034232
"358",120,120,1,12.1316910232505,24.9891511465892,26.8334422434206,28.1853959177943,30.3162422400843,32.2663838690136,36.2873593437472,37.8530169465485,41.2024273953428,1,1,1,1,1,1,1,1,0.827586206896552,0.793103448275862,0.775862068965517,0.758620689655172,0.741379310344828,0.689655172413793,0.672413793103448,0.637931034482759,0,0,0,0,0,0,0,0,2358,8.88878,-3.24291102325051
"359",120,120,2,12.1002691260877,24.9577292494264,26.8020203462578,28.1539740206315,30.2848203429215,32.2349619718508,36.2559374465844,37.8215950493856,41.17100549818,1,1,1,1,1,1,1,1,0.827586206896552,0.793103448275862,0.775862068965517,0.758620689655172,0.741379310344828,0.689655172413793,0.672413793103448,0.637931034482759,0,0,0,0,0,0,0,0,2359,8.834758,-3.26551112608769
"360",120,120,3,12.0994467946956,24.9569069180343,26.8011980148657,28.1531516892394,30.2839980115294,32.2341396404587,36.2551151151923,37.8207727179935,41.1701831667879,1,1,1,1,1,1,1,1,0.842105263157895,0.807017543859649,0.789473684210526,0.771929824561403,0.754385964912281,0.701754385964912,0.684210526315789,0.649122807017544,0,0,0,0,0,0,0,0,2360,10.635739,-1.4637077946956
"361",121,121,1,12.1264495837125,24.9839402069882,26.828235678771,28.1801925601934,30.3110439371893,32.2611901921642,36.28217520529,37.8478365220797,41.1972549162075,1,1,1,1,1,1,1,1,0.827586206896552,0.793103448275862,0.775862068965517,0.758620689655172,0.741379310344828,0.689655172413793,0.672413793103448,0.637931034482759,0,0,0,0,0,0,0,0,2361,8.804511,-3.3219385837125
"362",121,121,2,12.0984630655248,24.9559536888005,26.8002491605832,28.1522060420057,30.2830574190015,32.2332036739764,36.2541886871023,37.819850003892,41.1692683980198,1,1,1,1,1,1,1,1,0.827586206896552,0.793103448275862,0.775862068965517,0.758620689655172,0.741379310344828,0.689655172413793,0.672413793103448,0.637931034482759,0,0,0,0,0,0,0,0,2362,8.721829,-3.37663406552477
"363",121,121,3,12.09719944281,24.9546900660857,26.7989855378684,28.1509424192909,30.2817937962867,32.2319400512616,36.2529250643875,37.8185863811772,41.168004775305,1,1,1,1,1,1,1,1,0.842105263157895,0.807017543859649,0.789473684210526,0.771929824561403,0.754385964912281,0.701754385964912,0.684210526315789,0.649122807017544,0,0,0,0,0,0,0,0,2363,10.899288,-1.19791144280996
"364",122,122,1,12.1310568846768,24.9883518879766,26.8326192997711,28.1845556118788,30.3153745690885,32.2654911536111,36.286414989559,37.852052485633,41.2014199201167,1,1,1,1,1,1,1,1,0.842105263157895,0.807017543859649,0.789473684210526,0.771929824561403,0.754385964912281,0.701754385964912,0.684210526315789,0.649122807017544,0,0,0,0,0,0,0,0,2364,9.831322,-2.29973488467683
"365",122,122,2,12.1147342002031,24.9720292035029,26.8162966152973,28.168232927405,30.2990518846148,32.2491684691373,36.2700923050852,37.8357298011592,41.1850972356429,1,1,1,1,1,1,1,1,0.8,0.766666666666667,0.75,0.733333333333333,0.716666666666667,0.666666666666667,0.65,0.616666666666667,0,0,0,0,0,0,0,0,2365,5.273027,-6.84170720020307
"366",122,122,3,12.045065679835,24.9023606831348,26.7466280949293,28.098564407037,30.2293833642468,32.1794999487693,36.2004237847172,37.7660612807912,41.1154287152749,1,1,1,1,1,1,1,1,0.857142857142857,0.821428571428571,0.821428571428571,0.785714285714286,0.767857142857143,0.714285714285714,0.696428571428571,0.660714285714286,0,0,0,0,0,0,0,0,2366,10.951756,-1.09330967983505
"367",123,123,1,12.1239930493866,24.9746165961752,26.8179270454181,28.1691618581582,30.2988751655402,32.2479798639715,36.2668173031696,37.831642413554,41.1792719117787,1,1,1,1,1,1,1,1,0.827586206896552,0.793103448275862,0.775862068965517,0.758620689655172,0.741379310344828,0.689655172413793,0.672413793103448,0.637931034482759,0,0,0,0,0,0,0,0,2367,8.580519,-3.54347404938656
"368",123,123,2,12.0868730950445,24.9374966418331,26.780807091076,28.1320419038162,30.2617552111982,32.2108599096294,36.2296973488275,37.7945224592119,41.1421519574366,1,1,1,1,1,1,1,1,0.827586206896552,0.793103448275862,0.775862068965517,0.758620689655172,0.741379310344828,0.689655172413793,0.672413793103448,0.637931034482759,0,0,0,0,0,0,0,0,2368,8.329233,-3.75764009504451
"369",123,123,3,12.0829393993208,24.9335629461094,26.7768733953523,28.1281082080925,30.2578215154745,32.2069262139057,36.2257636531038,37.7905887634882,41.1382182617129,1,1,1,1,1,1,1,1,0.842105263157895,0.807017543859649,0.789473684210526,0.771929824561403,0.754385964912281,0.701754385964912,0.684210526315789,0.649122807017544,0,0,0,0,0,0,0,0,2369,10.120655,-1.96228439932081
"370",124,124,1,12.1071381801779,24.9582328408404,26.8016108672809,28.1528952173424,30.282686601674,32.2318627558024,36.250847528713,37.8157300068055,41.1634822317364,1,1,1,1,1,1,1,1,0.827586206896552,0.793103448275862,0.775862068965517,0.758620689655172,0.741379310344828,0.689655172413793,0.672413793103448,0.637931034482759,0,0,0,0,0,0,0,0,2370,8.500291,-3.60684718017789
"371",124,124,2,12.0814418977509,24.9325365584135,26.775914584854,28.1271989349154,30.256990319247,32.2061664733754,36.225151246286,37.7900337243785,41.1377859493094,1,1,1,1,1,1,1,1,0.827586206896552,0.793103448275862,0.775862068965517,0.758620689655172,0.741379310344828,0.689655172413793,0.672413793103448,0.637931034482759,0,0,0,0,0,0,0,0,2371,8.363019,-3.7184228977509
"372",124,124,3,12.0792649917709,24.9303596524335,26.773737678874,28.1250220289354,30.254813413267,32.2039895673955,36.222974340306,37.7878568183985,41.1356090433295,1,1,1,1,1,1,1,1,0.872727272727273,0.836363636363636,0.818181818181818,0.8,0.781818181818182,0.727272727272727,0.709090909090909,0.672727272727273,0,0,0,0,0,0,0,0,2372,13.210155,1.13089000822907
"373",125,125,1,12.1570666742316,25.0084004731129,26.8518128018559,28.2031222971475,30.332953313474,32.2821657386381,36.3012252983965,37.8661368964369,41.2139514176567,1,1,1,1,1,1,1,1,0.810344827586207,0.793103448275862,0.775862068965517,0.758620689655172,0.741379310344828,0.689655172413793,0.672413793103448,0.637931034482759,0,0,0,0,0,0,0,0,2373,8.296896,-3.86017067423156
"374",125,125,2,12.0791458952601,24.9304796941413,26.7738920228844,28.125201518176,30.2550325345025,32.2042449596666,36.223304519425,37.7882161174654,41.1360306386852,1,1,1,1,1,1,1,1,0.8,0.766666666666667,0.75,0.733333333333333,0.716666666666667,0.666666666666667,0.65,0.616666666666667,0,0,0,0,0,0,0,0,2374,5.698665,-6.38048089526006
"375",125,125,3,12.037939807108,24.8892736059893,26.7326859347324,28.083995430024,30.2138264463504,32.1630388715146,36.1820984312729,37.7470100293134,41.0948245505331,1,1,1,1,1,1,1,1,0.905660377358491,0.867924528301887,0.867924528301887,0.830188679245283,0.811320754716981,0.754716981132076,0.735849056603774,0.69811320754717,0,0,0,0,0,0,0,0,2375,15.680431,3.642491192892
"376",126,126,1,12.1954530788136,25.0494723181326,26.8932698500062,28.2448617176351,30.3751377877144,32.3247575242091,36.3446569146987,37.9098955197995,41.2584096070436,1,1,1,1,1,1,1,1,0.810344827586207,0.793103448275862,0.775862068965517,0.758620689655172,0.741379310344828,0.689655172413793,0.672413793103448,0.637931034482759,0,0,0,0,0,0,0,0,2376,9.211306,-2.98414707881364
"377",126,126,2,12.0947801930787,24.9487994323976,26.7925969642712,28.1441888319001,30.2744649019795,32.2240846384741,36.2439840289638,37.8092226340645,41.1577367213086,1,1,1,1,1,1,1,1,0.827586206896552,0.793103448275862,0.775862068965517,0.758620689655172,0.741379310344828,0.689655172413793,0.672413793103448,0.637931034482759,0,0,0,0,0,0,0,0,2377,8.327117,-3.76766319307869
"378",126,126,3,12.0810203943169,24.9350396336358,26.7788371655094,28.1304290331383,30.2607051032176,32.2103248397123,36.2302242302019,37.7954628353027,41.1439769225468,1,1,1,1,1,1,1,1,0.857142857142857,0.821428571428571,0.803571428571429,0.785714285714286,0.767857142857143,0.714285714285714,0.696428571428571,0.660714285714286,0,0,0,0,0,0,0,0,2378,11.834419,-0.246601394316858
"379",127,127,1,12.1280036691488,24.9739476942623,26.8165869067228,28.1673296707643,30.2962674484961,32.2446623854399,36.2620363752702,37.8262916585956,41.1727021261064,1,1,1,1,1,1,1,1,0.827586206896552,0.793103448275862,0.775862068965517,0.758620689655172,0.741379310344828,0.689655172413793,0.672413793103448,0.637931034482759,0,0,0,0,0,0,0,0,2379,8.235931,-3.89207266914876
"380",127,127,2,12.0703241693233,24.9162681944368,26.7589074068973,28.1096501709388,30.2385879486706,32.1869828856144,36.2043568754447,37.7686121587701,41.1150226262809,1,1,1,1,1,1,1,1,0.827586206896552,0.793103448275862,0.793103448275862,0.758620689655172,0.741379310344828,0.689655172413793,0.672413793103448,0.637931034482759,0,0,0,0,0,0,0,0,2380,8.458602,-3.61172216932326
"381",127,127,3,12.0738933216744,24.9198373467879,26.7624765592484,28.1132193232899,30.2421571010217,32.1905520379655,36.2079260277958,37.7721813111212,41.118591778632,1,1,1,1,1,1,1,1,0.857142857142857,0.821428571428571,0.821428571428571,0.785714285714286,0.767857142857143,0.714285714285714,0.696428571428571,0.660714285714286,0,0,0,0,0,0,0,0,2381,11.571763,-0.502130321674372
"382",128,128,1,12.1232940943409,24.9696706271069,26.8123718790375,28.1631601209808,30.2921695775149,32.2406301145981,36.2581393646312,37.822447314571,41.168970451741,1,1,1,1,1,1,1,1,0.827586206896552,0.793103448275862,0.775862068965517,0.758620689655172,0.741379310344828,0.689655172413793,0.672413793103448,0.637931034482759,0,0,0,0,0,0,0,0,2382,8.689004,-3.43429009434088
"383",128,128,2,12.0759902766579,24.9223668094239,26.7650680613545,28.1158563032979,30.2448657598319,32.1933262969152,36.2108355469482,37.775143496888,41.121666634058,1,1,1,1,1,1,1,1,0.8,0.766666666666667,0.766666666666667,0.733333333333333,0.716666666666667,0.666666666666667,0.65,0.616666666666667,0,0,0,0,0,0,0,0,2383,5.594911,-6.4810792766579
"384",128,128,3,12.0252186335319,24.8715951662979,26.7142964182286,28.0650846601719,30.1940941167059,32.1425546537892,36.1600639038223,37.7243718537621,41.070894990932,1,1,1,1,1,1,1,1,0.857142857142857,0.821428571428571,0.821428571428571,0.785714285714286,0.767857142857143,0.714285714285714,0.696428571428571,0.660714285714286,0,0,0,0,0,0,0,0,2384,11.219235,-0.805983633531923
"385",129,129,1,12.1149275743634,24.9629849031212,26.8059272506534,28.1568922272157,30.2861802393838,32.2348957094167,36.2529306028814,37.8174432239614,41.164404213989,1,1,1,1,1,1,1,1,0.827586206896552,0.793103448275862,0.775862068965517,0.758620689655172,0.741379310344828,0.689655172413793,0.672413793103448,0.637931034482759,0,0,0,0,0,0,0,0,2385,8.394179,-3.72074857436338
"386",129,129,2,12.0685303598682,24.916587688626,26.7595300361582,28.1104950127205,30.2397830248887,32.1884984949215,36.2065333883862,37.7710460094662,41.1180069994938,1,1,1,1,1,1,1,1,0.827586206896552,0.793103448275862,0.793103448275862,0.758620689655172,0.741379310344828,0.689655172413793,0.672413793103448,0.637931034482759,0,0,0,0,0,0,0,0,2386,8.771277,-3.29725335986821
"387",129,129,3,12.0747236164945,24.9227809452523,26.7657232927845,28.1166882693469,30.245976281515,32.1946917515478,36.2127266450125,37.7772392660925,41.1242002561201,0,1,1,1,1,1,1,1,0,0.978723404255319,0.978723404255319,0.936170212765957,0.914893617021277,0.851063829787234,0.829787234042553,0.787234042553192,0,0,0,0,0,0,0,0,2387,26.216492,14.1417683835055
"388",130,130,1,12.3617787554253,25.2204001433695,27.0648578135328,28.416933594134,30.5479723709515,32.4982901334584,36.519628776069,38.0854277864843,41.4351407485096,1,1,1,1,1,1,1,1,0.810344827586207,0.793103448275862,0.775862068965517,0.758620689655172,0.741379310344828,0.689655172413793,0.672413793103448,0.637931034482759,1,0,0,0,0,0,0,0,2388,9.371368,-2.99041075542529
"389",130,130,2,12.0942955668102,24.9529169547544,26.7973746249177,28.1494504055188,30.2804891823364,32.2308069448433,36.2521455874539,37.8179445978692,41.1676575598945,1,1,1,1,1,1,1,1,0.827586206896552,0.793103448275862,0.775862068965517,0.758620689655172,0.741379310344828,0.689655172413793,0.672413793103448,0.637931034482759,1,0,0,0,0,0,0,0,2389,8.219033,-3.87526256681018
"390",130,130,3,12.0759976759693,24.9346190639135,26.7790767340768,28.131152514678,30.2621912914956,32.2125090540024,36.2338476966131,37.7996467070284,41.1493596690536,1,1,1,1,1,1,1,1,0.842105263157895,0.807017543859649,0.789473684210526,0.771929824561403,0.754385964912281,0.701754385964912,0.684210526315789,0.649122807017544,0,0,0,0,0,0,0,0,2390,10.712155,-1.36384267596931
"391",131,131,1,12.1109812191849,24.96711157797,26.8112119316139,28.1630257820988,30.2936517246341,32.2435916629349,36.2641512739904,37.8296469508776,41.178710991653,1,1,1,1,1,1,1,1,0.827586206896552,0.793103448275862,0.775862068965517,0.758620689655172,0.741379310344828,0.689655172413793,0.672413793103448,0.637931034482759,0,0,0,0,0,0,0,0,2391,8.367682,-3.74329921918491
"392",131,131,2,12.0737605536502,24.9298909124353,26.7739912660792,28.1258051165641,30.2564310590994,32.2063709974002,36.2269306084557,37.7924262853429,41.1414903261183,1,1,1,1,1,1,1,1,0.8,0.766666666666667,0.75,0.733333333333333,0.716666666666667,0.666666666666667,0.65,0.616666666666667,0,0,0,0,0,0,0,0,2392,5.55057,-6.52319055365022
"393",131,131,3,12.0290363092141,24.8851666679992,26.7292670216431,28.0810808721281,30.2117068146633,32.1616467529642,36.1822063640196,37.7477020409068,41.0967660816822,1,1,1,1,1,1,1,1,0.842105263157895,0.807017543859649,0.807017543859649,0.771929824561403,0.754385964912281,0.701754385964912,0.684210526315789,0.649122807017544,0,0,0,0,0,0,0,0,2393,10.286568,-1.74246830921415
"394",132,132,1,12.1017826521826,24.9598065405759,26.8041785046129,28.15619145852,30.2871312126917,32.2373583500878,36.2585101337841,37.8242363864615,41.1737936978979,1,1,1,1,1,1,1,1,0.827586206896552,0.793103448275862,0.775862068965517,0.758620689655172,0.741379310344828,0.689655172413793,0.672413793103448,0.637931034482759,0,0,0,0,0,0,0,0,2394,8.246734,-3.85504865218258
"395",132,132,2,12.0692917771406,24.9273156655339,26.7716876295709,28.123700583478,30.2546403376497,32.2048674750458,36.2260192587421,37.7917455114194,41.1413028228559,1,1,1,1,1,1,1,1,0.827586206896552,0.793103448275862,0.793103448275862,0.758620689655172,0.741379310344828,0.689655172413793,0.672413793103448,0.637931034482759,0,0,0,0,0,0,0,0,2395,8.615327,-3.45396477714056
"396",132,132,3,12.0751627985592,24.9331866869525,26.7775586509895,28.1295716048966,30.2605113590683,32.2107384964644,36.2318902801607,37.797616532838,41.1471738442745,1,1,1,1,1,1,1,1,0.842105263157895,0.807017543859649,0.789473684210526,0.771929824561403,0.754385964912281,0.701754385964912,0.684210526315789,0.649122807017544,0,0,0,0,0,0,0,0,2396,10.478638,-1.59652479855915
"397",133,133,1,12.0852019088239,24.9036097864868,26.7422991775132,28.0901465333351,30.2145207893478,32.158739210329,36.1675016880484,37.7284038846682,41.0676410956333,1,1,1,1,1,1,1,1,0.827586206896552,0.793103448275862,0.793103448275862,0.758620689655172,0.741379310344828,0.689655172413793,0.672413793103448,0.637931034482759,0,0,0,0,0,0,0,0,2397,8.242935,-3.84226690882388
"398",133,133,2,12.0451522526656,24.8635601303286,26.702249521355,28.0500968771768,30.1744711331896,32.1186895541707,36.1274520318902,37.6883542285099,41.027591439475,1,1,1,1,1,1,1,1,0.827586206896552,0.793103448275862,0.793103448275862,0.758620689655172,0.741379310344828,0.689655172413793,0.672413793103448,0.637931034482759,0,0,0,0,0,0,0,0,2398,8.344876,-3.70027625266563
"399",133,133,3,12.0469783905732,24.8653862682362,26.7040756592625,28.0519230150844,30.1762972710972,32.1205156920783,36.1292781697978,37.6901803664175,41.0294175773826,0,1,1,1,1,1,1,1,0,1,1,0.956521739130435,0.934782608695652,0.869565217391304,0.847826086956522,0.804347826086957,0,0,0,0,0,0,0,0,2399,27.795371,15.7483926094268
"400",134,134,1,12.3964709481659,25.2275047129668,27.0680051779544,28.4171801377,30.5436468618141,32.4897803008372,36.5024913330955,38.0649309885913,41.4074572844845,1,1,1,1,1,1,1,1,0.824561403508772,0.807017543859649,0.789473684210526,0.771929824561403,0.754385964912281,0.701754385964912,0.684210526315789,0.649122807017544,1,0,0,0,0,0,0,0,2400,9.560097,-2.83637394816593
"401",134,134,2,12.0788464342662,24.909880199067,26.7503806640547,28.0995556238002,30.2260223479144,32.1721557869375,36.1848668191958,37.7473064746916,41.0898327705847,1,1,1,1,1,1,1,1,0.8,0.766666666666667,0.766666666666667,0.733333333333333,0.716666666666667,0.666666666666667,0.65,0.616666666666667,1,0,0,0,0,0,0,0,2401,5.737587,-6.34125943426619
"402",134,134,3,12.0122654286489,24.8432991934497,26.6837996584374,28.0329746181829,30.1594413422971,32.1055747813202,36.1182858135785,37.6807254690743,41.0232517649674,1,1,1,1,1,1,1,1,0.842105263157895,0.807017543859649,0.807017543859649,0.771929824561403,0.754385964912281,0.701754385964912,0.684210526315789,0.649122807017544,0,0,0,0,0,0,0,0,2402,10.522839,-1.4894264286489
"403",135,135,1,12.0858044182769,24.9094251509511,26.7488622807994,28.0972577649778,30.2224959391224,32.1675050143592,36.1778977333512,37.7394347012246,41.0800298779834,1,1,1,1,1,1,1,1,0.827586206896552,0.793103448275862,0.793103448275862,0.758620689655172,0.741379310344828,0.689655172413793,0.672413793103448,0.637931034482759,0,0,0,0,0,0,0,0,2403,8.158474,-3.92733041827686
"404",135,135,2,12.0434431728294,24.8670639055036,26.7065010353519,28.0548965195303,30.1801346936749,32.1251437689116,36.1355364879037,37.697073455777,41.0376686325359,1,1,1,1,1,1,1,1,0.827586206896552,0.793103448275862,0.793103448275862,0.758620689655172,0.741379310344828,0.689655172413793,0.672413793103448,0.637931034482759,0,0,0,0,0,0,0,0,2404,8.620719,-3.42272417282935
"405",135,135,3,12.0517250049077,24.8753457375819,26.7147828674303,28.0631783516086,30.1884165257532,32.13342560099,36.143818319982,37.7053552878554,41.0459504646143,1,1,1,1,1,1,1,1,0.842105263157895,0.807017543859649,0.807017543859649,0.771929824561403,0.754385964912281,0.701754385964912,0.684210526315789,0.649122807017544,0,0,0,0,0,0,0,0,2405,10.227437,-1.82428800490768
"406",136,136,1,12.0783769356089,24.9016951828222,26.7410889237556,28.0894526017821,30.2146406454945,32.1596038415698,36.1699019628256,37.7314020969343,41.0719184752404,1,1,1,1,1,1,1,1,0.827586206896552,0.793103448275862,0.793103448275862,0.758620689655172,0.741379310344828,0.689655172413793,0.672413793103448,0.637931034482759,0,0,0,0,0,0,0,0,2406,8.624105,-3.4542719356089
"407",136,136,2,12.0458275178892,24.8691457651025,26.708539506036,28.0569031840624,30.1820912277748,32.1270544238501,36.137352545106,37.6988526792146,41.0393690575208,1,1,1,1,1,1,1,1,0.827586206896552,0.793103448275862,0.793103448275862,0.758620689655172,0.741379310344828,0.689655172413793,0.672413793103448,0.637931034482759,0,0,0,0,0,0,0,0,2407,8.411338,-3.63448951788924
"408",136,136,3,12.0415081118274,24.8648263590406,26.7042200999741,28.0525837780006,30.177771821713,32.1227350177883,36.1330331390441,37.6945332731528,41.0350496514589,1,1,1,1,1,1,1,1,0.842105263157895,0.807017543859649,0.807017543859649,0.771929824561403,0.754385964912281,0.701754385964912,0.684210526315789,0.649122807017544,0,0,0,0,0,0,0,0,2408,10.356633,-1.68487511182739
"409",137,137,1,12.0534499071727,24.6408211274625,26.4463703145802,27.7699243142607,29.8560092342027,31.7651854151902,35.7016946854992,37.2344634641911,40.513514869652,1,1,1,1,1,1,1,1,0.827586206896552,0.810344827586207,0.793103448275862,0.758620689655172,0.741379310344828,0.706896551724138,0.689655172413793,0.655172413793103,0,0,0,0,0,0,0,0,2409,8.409779,-3.64367090717272
"410",137,137,2,12.03292643007,24.6202976503598,26.4258468374775,27.7494008371579,29.8354857571,31.7446619380874,35.6811712083965,37.2139399870883,40.4929913925493,1,1,1,1,1,1,1,1,0.842105263157895,0.824561403508772,0.807017543859649,0.771929824561403,0.754385964912281,0.719298245614035,0.701754385964912,0.666666666666667,0,0,0,0,0,0,0,0,2410,9.601119,-2.43180743006997
"411",137,137,3,12.0454853786155,24.6328565989053,26.438405786023,27.7619597857034,29.8480447056455,31.7572208866329,35.693730156942,37.2264989356338,40.5055503410948,1,1,1,1,1,1,1,1,0.941176470588235,0.92156862745098,0.901960784313726,0.862745098039216,0.843137254901961,0.803921568627451,0.784313725490196,0.745098039215686,0,0,0,0,0,0,0,0,2411,19.489654,7.44416862138454
"412",138,138,1,12.1500145940363,24.7400244695782,26.5459521488975,27.869783601483,29.9563058215439,31.8658822177684,35.8032166874523,37.3363067761553,40.6160455599467,1,1,1,1,1,1,1,1,0.842105263157895,0.824561403508772,0.807017543859649,0.771929824561403,0.754385964912281,0.719298245614035,0.701754385964912,0.666666666666667,0,0,0,0,0,0,0,0,2412,9.998986,-2.15102859403626
"413",138,138,2,12.052156349147,24.642166224689,26.4480939040083,27.7719253565938,29.8584475766547,31.7680239728792,35.7053584425631,37.2384485312661,40.5181873150574,1,1,1,1,1,1,1,1,0.827586206896552,0.810344827586207,0.793103448275862,0.758620689655172,0.741379310344828,0.706896551724138,0.689655172413793,0.655172413793103,0,0,0,0,0,0,0,0,2413,8.548321,-3.50383534914704
"414",138,138,3,12.0371985473546,24.6272084228965,26.4331361022158,27.7569675548013,29.8434897748622,31.7530661710867,35.6904006407706,37.2234907294736,40.503229513265,1,1,1,1,1,1,1,1,0.842105263157895,0.824561403508772,0.807017543859649,0.771929824561403,0.754385964912281,0.719298245614035,0.701754385964912,0.666666666666667,0,0,0,0,0,0,0,0,2414,10.219008,-1.81819054735456
"415",139,139,1,12.0474468753977,24.6296055397088,26.4344070308981,27.7574129336651,29.8426339850336,31.7510195571208,35.6858986796752,37.2180327235267,40.4957262410928,1,1,1,1,1,1,1,1,0.827586206896552,0.810344827586207,0.793103448275862,0.758620689655172,0.741379310344828,0.706896551724138,0.689655172413793,0.655172413793103,0,0,0,0,0,0,0,0,2415,8.551169,-3.49627787539771
"416",139,139,2,12.0299377146617,24.6120963789728,26.4168978701622,27.7399037729291,29.8251248242976,31.7335103963848,35.6683895189392,37.2005235627907,40.4782170803568,1,1,1,1,1,1,1,1,0.827586206896552,0.810344827586207,0.793103448275862,0.758620689655172,0.741379310344828,0.706896551724138,0.689655172413793,0.655172413793103,0,0,0,0,0,0,0,0,2416,8.526947,-3.50299071466175
"417",139,139,3,12.0296834293912,24.6118420937023,26.4166435848916,27.7396494876586,29.8248705390271,31.7332561111143,35.6681352336687,37.2002692775202,40.4779627950863,1,1,1,1,1,1,1,1,0.842105263157895,0.824561403508772,0.807017543859649,0.771929824561403,0.754385964912281,0.719298245614035,0.701754385964912,0.666666666666667,0,0,0,0,0,0,0,0,2417,10.102692,-1.9269914293912
"418",140,140,1,12.0382441672729,24.6200582575988,26.4248103226397,27.7477799936734,29.8329439393459,31.7412772485394,35.6760486108106,37.2081406957624,40.4857444506775,1,1,1,1,1,1,1,1,0.827586206896552,0.810344827586207,0.793103448275862,0.758620689655172,0.741379310344828,0.706896551724138,0.689655172413793,0.655172413793103,0,0,0,0,0,0,0,0,2418,8.474262,-3.56398216727291
"419",140,140,2,12.0201322164771,24.601946306803,26.4066983718439,27.7296680428776,29.8148319885501,31.7231652977435,35.6579366600148,37.1900287449666,40.4676324998817,1,1,1,1,1,1,1,1,0.8,0.783333333333333,0.766666666666667,0.733333333333333,0.716666666666667,0.683333333333333,0.666666666666667,0.633333333333333,0,0,0,0,0,0,0,0,2419,5.846745,-6.17338721647707
"420",140,140,3,11.9909080811939,24.5727221715198,26.3774742365607,27.7004439075944,29.7856078532669,31.6939411624603,35.6287125247316,37.1608046096834,40.4384083645985,1,1,1,1,1,1,1,1,0.827586206896552,0.810344827586207,0.793103448275862,0.758620689655172,0.741379310344828,0.706896551724138,0.689655172413793,0.655172413793103,0,0,0,0,0,0,0,0,2420,8.42792,-3.56298808119388
"421",141,141,1,12.015446609964,24.5994986156896,26.4045716902772,27.727776676678,29.8133115084938,31.7219842511322,35.6574554874727,37.1898200841979,40.4680068234,1,1,1,1,1,1,1,1,0.827586206896552,0.810344827586207,0.793103448275862,0.758620689655172,0.741379310344828,0.706896551724138,0.689655172413793,0.655172413793103,0,0,0,0,0,0,0,0,2421,9.1081,-2.90734660996401
"422",141,141,2,12.0232383382018,24.6072903439274,26.412363418515,27.7355684049158,29.8211032367316,31.72977597937,35.6652472157105,37.1976118124357,40.4757985516378,0,0,0,0,0,0,0,1,0,0,0,0,0,0,0,1,0,0,0,0,0,0,0,0,2422,39.421939,27.3987006617982
"423",141,141,3,12.3704952339243,24.9545472396499,26.7596203142375,28.0828253006382,30.1683601324541,32.0770328750925,36.012504111433,37.5448687081582,40.8230554473603,0,1,1,1,1,1,1,1,0,0.978723404255319,0.978723404255319,0.936170212765957,0.914893617021277,0.851063829787234,0.829787234042553,0.787234042553192,1,1,1,1,1,1,1,0,2423,25.483035,13.1125397660757
"424",142,142,1,12.261218270395,24.8944754493408,26.7066065790978,28.034985457861,30.1286749844135,32.0448108695182,35.9956702768389,37.5340266054311,40.8250314533217,1,1,1,1,1,1,1,1,0.842105263157895,0.807017543859649,0.807017543859649,0.771929824561403,0.754385964912281,0.701754385964912,0.684210526315789,0.649122807017544,1,1,1,1,1,1,1,0,2424,9.972815,-2.28840327039502
"425",142,142,2,12.0488873663814,24.6821445453272,26.4942756750842,27.8226545538474,29.9163440803999,31.8324799655046,35.7833393728252,37.3216957014174,40.612700549308,1,1,1,1,1,1,1,1,0.827586206896552,0.810344827586207,0.793103448275862,0.758620689655172,0.741379310344828,0.706896551724138,0.689655172413793,0.655172413793103,1,0,0,0,0,0,0,0,2425,8.702769,-3.34611836638138
"426",142,142,3,12.0315007648168,24.6647579437626,26.4768890735196,27.8052679522828,29.8989574788353,31.81509336394,35.7659527712606,37.3043090998529,40.5953139477434,1,1,1,1,1,1,1,1,0.827586206896552,0.810344827586207,0.793103448275862,0.758620689655172,0.741379310344828,0.706896551724138,0.689655172413793,0.655172413793103,0,0,0,0,0,0,0,0,2426,8.482096,-3.5494047648168
"427",143,143,1,12.0247016941135,24.6581646144692,26.4703252560463,27.7987257683866,29.8924493921342,31.8086164828491,35.7595402326724,37.2979216144711,40.5889800586724,1,1,1,1,1,1,1,1,0.842105263157895,0.824561403508772,0.807017543859649,0.771929824561403,0.754385964912281,0.719298245614035,0.701754385964912,0.666666666666667,0,0,0,0,0,0,0,0,2427,9.92524,-2.09946169411351
"428",143,143,2,12.044099435223,24.6775623555786,26.4897229971557,27.8181235094961,29.9118471332437,31.8280142239585,35.7789379737819,37.3173193555805,40.6083777997818,1,1,1,1,1,1,1,1,0.827586206896552,0.810344827586207,0.793103448275862,0.758620689655172,0.741379310344828,0.706896551724138,0.689655172413793,0.655172413793103,0,0,0,0,0,0,0,0,2428,8.943547,-3.10055243522298
"429",143,143,3,12.0309041985294,24.664367118885,26.4765277604621,27.8049282728025,29.8986518965501,31.8148189872649,35.7657427370883,37.3041241188869,40.5951825630882,1,1,1,1,1,1,1,1,0.827586206896552,0.810344827586207,0.793103448275862,0.758620689655172,0.741379310344828,0.706896551724138,0.689655172413793,0.655172413793103,0,0,0,0,0,0,0,0,2429,8.706515,-3.32438919852936
"430",144,144,1,12.0245449189401,24.6586390072482,26.4708901843918,27.799357063637,29.8931852898408,31.8094481122855,35.7605692503048,37.2990274896549,40.5902503551738,1,1,1,1,1,1,1,1,0.842105263157895,0.824561403508772,0.807017543859649,0.771929824561403,0.754385964912281,0.719298245614035,0.701754385964912,0.666666666666667,0,0,0,0,0,0,0,0,2430,10.055545,-1.9689999189401
"431",144,144,2,12.043325623648,24.6774197119562,26.4896708890997,27.8181377683449,29.9119659945488,31.8282288169935,35.7793499550127,37.3178081943628,40.6090310598818,1,1,1,1,1,1,1,1,0.827586206896552,0.810344827586207,0.793103448275862,0.758620689655172,0.741379310344828,0.706896551724138,0.689655172413793,0.655172413793103,0,0,0,0,0,0,0,0,2431,8.424633,-3.61869262364804
"432",144,144,3,12.0206206603213,24.6547147486294,26.466965925773,27.7954328050182,29.8892610312221,31.8055238536668,35.756644991686,37.2951032310361,40.5863260965551,1,1,1,1,1,1,1,1,0.827586206896552,0.810344827586207,0.793103448275862,0.758620689655172,0.741379310344828,0.706896551724138,0.689655172413793,0.655172413793103,0,0,0,0,0,0,0,0,2432,8.538469,-3.48215166032132
"433",145,145,1,12.0198370432741,24.6540524195643,26.4663209944165,27.7948006270151,29.8886489540825,31.8049301727532,35.7560892417477,37.2945622503795,40.5858167118148,1,1,1,1,1,1,1,1,0.842105263157895,0.824561403508772,0.807017543859649,0.771929824561403,0.754385964912281,0.719298245614035,0.701754385964912,0.666666666666667,0,0,0,0,0,0,0,0,2433,9.934223,-2.08561404327412
"434",145,145,2,12.0391742638104,24.6733896401006,26.4856582149528,27.8141378475514,29.9079861746187,31.8242673932895,35.7754264622839,37.3138994709158,40.6051539323511,1,1,1,1,1,1,1,1,0.827586206896552,0.810344827586207,0.793103448275862,0.758620689655172,0.741379310344828,0.706896551724138,0.689655172413793,0.655172413793103,0,0,0,0,0,0,0,0,2434,8.9675,-3.07167426381039
"435",145,145,3,12.0257809754168,24.659996351707,26.4722649265592,27.8007445591578,29.8945928862252,31.8108741048959,35.7620331738904,37.3005061825222,40.5917606439575,0,1,1,1,1,1,1,1,0,1,0.978723404255319,0.936170212765957,0.914893617021277,0.872340425531915,0.851063829787234,0.808510638297872,0,0,0,0,0,0,0,0,2435,25.887484,13.8617030245832
"436",146,146,1,12.2607558879184,24.9051386058072,26.7188655975947,28.0484143196325,30.1439476639774,32.0617710034027,36.0161097541398,37.5558208436618,40.8497239308646,1,1,1,1,1,1,1,1,0.842105263157895,0.807017543859649,0.807017543859649,0.771929824561403,0.754385964912281,0.701754385964912,0.684210526315789,0.649122807017544,1,0,0,0,0,0,0,0,2436,9.920706,-2.34004988791835
"437",146,146,2,12.0468445535504,24.6912272714392,26.5049542632268,27.8345029852646,29.9300363296094,31.8478596690347,35.8021984197719,37.3419095092939,40.6358125964966,1,1,1,1,1,1,1,1,0.8,0.783333333333333,0.766666666666667,0.733333333333333,0.716666666666667,0.683333333333333,0.666666666666667,0.616666666666667,1,0,0,0,0,0,0,0,2437,5.755957,-6.29088755355039
"438",146,146,3,11.9910482610299,24.6354309789187,26.4491579707063,27.7787066927441,29.8742400370889,31.7920633765142,35.7464021272514,37.2861132167734,40.5800163039761,1,1,1,1,1,1,1,1,0.827586206896552,0.810344827586207,0.793103448275862,0.758620689655172,0.741379310344828,0.706896551724138,0.689655172413793,0.655172413793103,0,0,0,0,0,0,0,0,2438,8.524048,-3.46700026102991
"439",147,147,1,12.0269876355129,24.6733788923604,26.4873939916344,27.8171539102537,29.9130201265509,31.8311481089927,35.7861149997991,37.3260706698418,40.6204969880178,1,1,1,1,1,1,1,1,0.842105263157895,0.824561403508772,0.807017543859649,0.771929824561403,0.754385964912281,0.719298245614035,0.701754385964912,0.666666666666667,0,0,0,0,0,0,0,0,2439,9.963098,-2.06388963551293
"440",147,147,2,12.0463985998711,24.6927898567185,26.5068049559925,27.8365648746118,29.932431090909,31.8505590733508,35.8055259641572,37.3454816341999,40.639907952376,1,1,1,1,1,1,1,1,0.827586206896552,0.810344827586207,0.793103448275862,0.758620689655172,0.741379310344828,0.706896551724138,0.689655172413793,0.637931034482759,0,0,0,0,0,0,0,0,2440,8.57122,-3.47517859987105
"441",147,147,3,12.0276239261288,24.6740151829762,26.4880302822502,27.8177902008695,29.9136564171667,31.8317843996085,35.7867512904149,37.3267069604576,40.6211332786337,1,1,1,1,1,1,1,1,0.827586206896552,0.810344827586207,0.793103448275862,0.758620689655172,0.741379310344828,0.706896551724138,0.689655172413793,0.655172413793103,0,0,0,0,0,0,0,0,2441,8.661661,-3.36596292612875
"442",148,148,1,12.0188146871834,24.6570252965362,26.4698669529065,27.7987666816957,29.8932771323549,31.8101643237635,35.7625728412498,37.301532350867,40.5938275835928,1,1,1,1,1,1,1,1,0.842105263157895,0.824561403508772,0.807017543859649,0.771929824561403,0.754385964912281,0.719298245614035,0.701754385964912,0.666666666666667,0,0,0,0,0,0,0,0,2442,10.34633,-1.67248468718343
"443",148,148,2,12.0423390679009,24.6805496772536,26.493391333624,27.8222910624132,29.9168015130724,31.833688704481,35.7860972219673,37.3250567315845,40.6173519643103,1,1,1,1,1,1,1,1,0.827586206896552,0.810344827586207,0.793103448275862,0.758620689655172,0.741379310344828,0.706896551724138,0.689655172413793,0.655172413793103,0,0,0,0,0,0,0,0,2443,8.35136,-3.69097906790092
"444",148,148,3,12.0144817061284,24.6526923154811,26.4655339718515,27.7944337006407,29.8889441512998,31.8058313427084,35.7582398601947,37.297199369812,40.5894946025377,1,1,1,1,1,1,1,1,0.827586206896552,0.810344827586207,0.793103448275862,0.758620689655172,0.741379310344828,0.706896551724138,0.689655172413793,0.655172413793103,0,0,0,0,0,0,0,0,2444,8.299296,-3.71518570612838
"445",149,149,1,12.009976829764,24.6487982426203,26.4617275134537,27.790691467839,29.8853031459868,31.802282980369,35.754882517379,37.2939164047614,40.5863707537992,1,1,1,1,1,1,1,1,0.842105263157895,0.824561403508772,0.807017543859649,0.771929824561403,0.754385964912281,0.719298245614035,0.701754385964912,0.666666666666667,0,0,0,0,0,0,0,0,2445,9.891631,-2.11834582976403
"446",149,149,2,12.0322510724246,24.6710724852809,26.4840017561142,27.8129657104996,29.9075773886474,31.8245572230296,35.7771567600395,37.3161906474219,40.6086449964597,0,0,0,0,0,0,0,0,0,0,0,0,0,0,0,0,0,0,0,0,0,0,0,0,2446,59.907711,47.8754599275754
"447",149,149,3,12.731896751789,25.3707181646453,27.1836474354786,28.512611389864,30.6072230680118,32.524202902394,36.476802439404,38.0158363267863,41.3082906758241,1,1,1,1,1,1,1,1,0.959183673469388,0.938775510204082,0.918367346938776,0.897959183673469,0.877551020408163,0.816326530612245,0.795918367346939,0.755102040816326,1,1,1,1,1,1,1,1,2447,23.157045,10.425148248211
"448",150,150,1,12.2840747740982,25.0499852587693,26.8811443542651,28.2234716429298,30.3391455898836,32.275401524456,36.2677462394383,37.8222558093902,41.1478172776398,1,1,1,1,1,1,1,1,0.824561403508772,0.807017543859649,0.789473684210526,0.771929824561403,0.754385964912281,0.701754385964912,0.684210526315789,0.649122807017544,1,1,1,1,1,1,1,1,2448,10.478071,-1.80600377409817
"449",150,150,2,12.0682991820755,24.8342096667466,26.6653687622424,28.0076960509072,30.123369997861,32.0596259324333,36.0519706474156,37.6064802173676,40.9320416856172,1,1,1,1,1,1,1,1,0.842105263157895,0.807017543859649,0.807017543859649,0.771929824561403,0.754385964912281,0.701754385964912,0.684210526315789,0.649122807017544,0,0,0,0,0,0,0,0,2449,9.687257,-2.38104218207551
"450",150,150,3,12.0548408092585,24.8207512939296,26.6519103894253,27.9942376780901,30.1099116250439,32.0461675596163,36.0385122745985,37.5930218445505,40.9185833128001,1,1,1,1,1,1,1,1,0.827586206896552,0.793103448275862,0.793103448275862,0.758620689655172,0.741379310344828,0.689655172413793,0.672413793103448,0.637931034482759,0,0,0,0,0,0,0,0,2450,8.528032,-3.52680880925845
"451",151,151,1,12.0356354636909,24.8006177786187,26.6316437362181,27.9738734284305,30.0893935512957,32.0255087067066,36.0175631506914,37.5719596970757,40.8972793740689,1,1,1,1,1,1,1,1,0.842105263157895,0.807017543859649,0.807017543859649,0.771929824561403,0.754385964912281,0.701754385964912,0.684210526315789,0.649122807017544,0,0,0,0,0,0,0,0,2451,9.70116,-2.33447546369092
"452",151,151,2,12.0556025549966,24.8205848699244,26.6516108275237,27.9938405197361,30.1093606426014,32.0454757980122,36.0375302419971,37.5919267883813,40.9172464653746,1,1,1,1,1,1,1,1,0.842105263157895,0.807017543859649,0.807017543859649,0.771929824561403,0.754385964912281,0.701754385964912,0.684210526315789,0.649122807017544,0,0,0,0,0,0,0,0,2452,9.766729,-2.28887355499655
"453",151,151,3,12.0567185646816,24.8217008796094,26.6527268372088,27.9949565294212,30.1104766522864,32.0465918076973,36.0386462516821,37.5930427980664,40.9183624750596,1,1,1,1,1,1,1,1,0.827586206896552,0.793103448275862,0.793103448275862,0.758620689655172,0.741379310344828,0.689655172413793,0.672413793103448,0.637931034482759,0,0,0,0,0,0,0,0,2453,8.39239,-3.66432856468162
"454",152,152,1,12.0219184979462,24.7793219582742,26.6092607949392,27.9506935754578,30.06495766686,31.9999233075367,35.989607579794,37.5430812462929,40.8664266068548,1,1,1,1,1,1,1,1,0.842105263157895,0.807017543859649,0.807017543859649,0.771929824561403,0.754385964912281,0.701754385964912,0.684210526315789,0.649122807017544,0,0,0,0,0,0,0,0,2454,10.108503,-1.9134154979462
"455",152,152,2,12.0517900286476,24.8091934889756,26.6391323256406,27.9805651061592,30.0948291975613,32.0297948382381,36.0194791104954,37.5729527769943,40.8962981375562,1,1,1,1,1,1,1,1,0.827586206896552,0.793103448275862,0.793103448275862,0.758620689655172,0.741379310344828,0.689655172413793,0.672413793103448,0.637931034482759,0,0,0,0,0,0,0,0,2455,8.695023,-3.35676702864757
"456",152,152,3,12.0271862809831,24.7845897413111,26.6145285779761,27.9559613584947,30.0702254498968,32.0051910905736,35.9948753628309,37.5483490293297,40.8716943898917,1,1,1,1,1,1,1,1,0.827586206896552,0.793103448275862,0.793103448275862,0.758620689655172,0.741379310344828,0.689655172413793,0.672413793103448,0.637931034482759,0,0,0,0,0,0,0,0,2456,8.304594,-3.72259228098307
"457",153,153,1,12.0176336401633,24.7758091842285,26.6058587696066,27.9473727342344,30.0617647818407,31.9968475274995,35.9867732572252,37.540340940642,40.8638874315448,1,1,1,1,1,1,1,1,0.842105263157895,0.807017543859649,0.807017543859649,0.771929824561403,0.754385964912281,0.701754385964912,0.684210526315789,0.649122807017544,0,0,0,0,0,0,0,0,2457,10.096082,-1.92155164016328
"458",153,153,2,12.0488456448614,24.8070211889266,26.6370707743047,27.9785847389325,30.0929767865388,32.0280595321976,36.0179852619233,37.5715529453401,40.8950994362429,1,1,1,1,1,1,1,1,0.842105263157895,0.807017543859649,0.807017543859649,0.771929824561403,0.754385964912281,0.701754385964912,0.684210526315789,0.649122807017544,0,0,0,0,0,0,0,0,2458,10.016215,-2.03263064486139
"459",153,153,3,12.0474541707465,24.8056297148117,26.6356793001898,27.9771932648176,30.0915853124238,32.0266680580827,36.0165937878084,37.5701614712252,40.8937079621279,0,1,1,1,1,1,1,1,0,0.978723404255319,0.978723404255319,0.936170212765957,0.914893617021277,0.851063829787234,0.829787234042553,0.787234042553192,0,0,0,0,0,0,0,0,2459,25.738925,13.6914708292535
"460",154,154,1,12.3273627894623,25.0948458961913,26.9262305706764,28.2687232195405,30.3846577946352,32.3211522549904,36.3139887836486,37.8686898523614,41.1946609938047,1,1,1,1,1,1,1,1,0.824561403508772,0.807017543859649,0.789473684210526,0.771929824561403,0.754385964912281,0.701754385964912,0.684210526315789,0.649122807017544,1,0,0,0,0,0,0,0,2460,10.16526,-2.16210278946228
"461",154,154,2,12.0597202210281,24.8272033277571,26.6585880022421,28.0010806511063,30.117015226201,32.0535096865562,36.0463462152143,37.6010472839271,40.9270184253705,1,1,1,1,1,1,1,1,0.842105263157895,0.807017543859649,0.807017543859649,0.771929824561403,0.754385964912281,0.701754385964912,0.684210526315789,0.649122807017544,1,0,0,0,0,0,0,0,2461,9.630676,-2.42904422102805
"462",154,154,3,12.0505330814046,24.8180161881336,26.6494008626187,27.9918935114828,30.1078280865775,32.0443225469328,36.0371590755909,37.5918601443037,40.9178312857471,1,1,1,1,1,1,1,1,0.827586206896552,0.793103448275862,0.793103448275862,0.758620689655172,0.741379310344828,0.689655172413793,0.672413793103448,0.637931034482759,0,0,0,0,0,0,0,0,2462,8.73244,-3.31809308140461
"463",155,155,1,12.0354298964269,24.803001325762,26.6343986693586,27.976900605288,30.0928498179471,32.0293576745399,36.0222218247523,37.5769336485411,40.9029277983124,1,1,1,1,1,1,1,1,0.842105263157895,0.807017543859649,0.807017543859649,0.771929824561403,0.754385964912281,0.701754385964912,0.684210526315789,0.649122807017544,0,0,0,0,0,0,0,0,2463,9.687183,-2.34824689642694
"464",155,155,2,12.0519631264003,24.8195345557354,26.650931899332,27.9934338352614,30.1093830479205,32.0458909045133,36.0387550547257,37.5934668785145,40.9194610282858,1,1,1,1,1,1,1,1,0.842105263157895,0.807017543859649,0.807017543859649,0.771929824561403,0.754385964912281,0.701754385964912,0.684210526315789,0.649122807017544,0,0,0,0,0,0,0,0,2464,10.405385,-1.64657812640034
"465",155,155,3,12.0644001893936,24.8319716187286,26.6633689623252,28.0058708982547,30.1218201109137,32.0583279675066,36.051192117719,37.6059039415077,40.9318980912791,1,1,1,1,1,1,1,1,0.827586206896552,0.793103448275862,0.793103448275862,0.758620689655172,0.741379310344828,0.689655172413793,0.672413793103448,0.637931034482759,0,0,0,0,0,0,0,0,2465,8.561078,-3.50332218939359
"466",156,156,1,12.0256395516243,24.7926687287733,26.6239882909987,27.966433209459,30.0822925555297,32.0187181665973,36.01141273567,37.5660585292125,40.8919114205144,1,1,1,1,1,1,1,1,0.827586206896552,0.793103448275862,0.793103448275862,0.758620689655172,0.741379310344828,0.689655172413793,0.672413793103448,0.637931034482759,0,0,0,0,0,0,0,0,2466,8.628511,-3.39712855162435
"467",156,156,2,12.0268125125793,24.7938416897283,26.6251612519537,27.967606170414,30.0834655164847,32.0198911275523,36.012585696625,37.5672314901675,40.8930843814694,1,1,1,1,1,1,1,1,0.842105263157895,0.807017543859649,0.807017543859649,0.771929824561403,0.754385964912281,0.701754385964912,0.684210526315789,0.649122807017544,0,0,0,0,0,0,0,0,2467,9.912119,-2.11469351257933
"468",156,156,3,12.049140186945,24.816169364094,26.6474889263194,27.9899338447797,30.1057931908504,32.042218801918,36.0349133709907,37.5895591645332,40.9154120558351,1,1,1,1,1,1,1,1,0.827586206896552,0.793103448275862,0.793103448275862,0.758620689655172,0.741379310344828,0.689655172413793,0.672413793103448,0.637931034482759,0,0,0,0,0,0,0,0,2468,8.576345,-3.47279518694504
"469",157,157,1,12.0234295914541,24.7910513099962,26.6224558671432,27.9649630909505,30.0809206379594,32.0174361221144,36.0103159995129,37.5650339470367,40.8910411973111,1,1,1,1,1,1,1,1,0.857142857142857,0.821428571428571,0.821428571428571,0.785714285714286,0.767857142857143,0.714285714285714,0.696428571428571,0.660714285714286,0,0,0,0,0,0,0,0,2469,11.387639,-0.635790591454136
"470",157,157,2,12.0727709696924,24.8403926882344,26.6717972453814,28.0143044691887,30.1302620161977,32.0667775003527,36.0596573777512,37.6143753252749,40.9403825755493,1,1,1,1,1,1,1,1,0.842105263157895,0.807017543859649,0.807017543859649,0.771929824561403,0.754385964912281,0.701754385964912,0.684210526315789,0.649122807017544,0,0,0,0,0,0,0,0,2470,9.659815,-2.4129559696924
"471",157,157,3,12.0424457111057,24.8100674296478,26.6414719867948,27.9839792106021,30.099936757611,32.036452241766,36.0293321191645,37.5840500666883,40.9100573169627,0,1,1,1,1,1,1,1,0,0.978723404255319,0.978723404255319,0.936170212765957,0.914893617021277,0.851063829787234,0.829787234042553,0.787234042553192,0,0,0,0,0,0,0,0,2471,25.953238,13.9107922888943
"472",158,158,1,12.3304916410888,25.1076677478145,26.9404427990478,28.2839546606363,30.4014956411328,32.3394602769831,36.3353281442485,37.8912095331018,41.2197057327727,1,1,1,1,1,1,1,1,0.839285714285714,0.821428571428571,0.803571428571429,0.785714285714286,0.767857142857143,0.714285714285714,0.696428571428571,0.660714285714286,1,0,0,0,0,0,0,0,2472,11.196029,-1.13446264108881
"473",158,158,2,12.0795890553803,24.8567651621061,26.6895402133393,28.0330520749278,30.1505930554243,32.0885576912746,36.08442555854,37.6403069473933,40.9688031470642,1,1,1,1,1,1,1,1,0.842105263157895,0.807017543859649,0.807017543859649,0.771929824561403,0.754385964912281,0.701754385964912,0.684210526315789,0.649122807017544,1,0,0,0,0,0,0,0,2473,9.691745,-2.38784405538032
"474",158,158,3,12.0540131659801,24.8311892727058,26.6639643239391,28.0074761855276,30.1250171660241,32.0629818018744,36.0588496691398,37.6147310579931,40.943227257664,1,1,1,1,1,1,1,1,0.827586206896552,0.793103448275862,0.793103448275862,0.758620689655172,0.741379310344828,0.689655172413793,0.672413793103448,0.637931034482759,0,0,0,0,0,0,0,0,2474,8.379706,-3.6743071659801
"475",159,159,1,12.0285802734784,24.8060569131557,26.6388750732333,27.9824185356687,30.100009323011,32.0380195418781,36.0339813962619,37.5898993811222,40.9184738706107,1,1,1,1,1,1,1,1,0.857142857142857,0.821428571428571,0.821428571428571,0.785714285714286,0.767857142857143,0.714285714285714,0.696428571428571,0.660714285714286,0,0,0,0,0,0,0,0,2475,11.08709,-0.941490273478401
"476",159,159,2,12.0758178522565,24.8532944919338,26.6861126520114,28.0296561144468,30.1472469017891,32.0852571206562,36.08121897504,37.6371369599003,40.9657114493888,1,1,1,1,1,1,1,1,0.842105263157895,0.807017543859649,0.807017543859649,0.771929824561403,0.754385964912281,0.701754385964912,0.684210526315789,0.649122807017544,0,0,0,0,0,0,0,0,2476,9.696886,-2.37893185225648
"477",159,159,3,12.0515620130524,24.8290386527298,26.6618568128073,28.0054002752427,30.122991062585,32.0610012814521,36.056963135836,37.6128811206963,40.9414556101848,1,1,1,1,1,1,1,1,0.827586206896552,0.793103448275862,0.793103448275862,0.758620689655172,0.741379310344828,0.689655172413793,0.672413793103448,0.637931034482759,0,0,0,0,0,0,0,0,2477,8.658391,-3.39317101305244
"478",160,160,1,12.0242791983421,24.7902228732771,26.6213867296282,27.9637175082279,30.0793969557511,32.0156579244215,36.008013019155,37.5625266306975,40.8880967451195,1,1,1,1,1,1,1,1,0.872727272727273,0.836363636363636,0.836363636363636,0.8,0.781818181818182,0.727272727272727,0.709090909090909,0.672727272727273,0,0,0,0,0,0,0,0,2478,13.054027,1.02974780165793
"479",160,160,2,12.10355958484,24.869503259775,26.7006671161262,28.0429978947259,30.1586773422491,32.0949383109195,36.087293405653,37.6418070171954,40.9673771316174,1,1,1,1,1,1,1,1,0.827586206896552,0.793103448275862,0.793103448275862,0.758620689655172,0.741379310344828,0.689655172413793,0.672413793103448,0.637931034482759,0,0,0,0,0,0,0,0,2479,9.287101,-2.81645858484004
"480",160,160,3,12.0356187113944,24.8015623863294,26.6327262426805,27.9750570212802,30.0907364688034,32.0269974374738,36.0193525322073,37.5738661437498,40.8994362581717,1,1,1,1,1,1,1,1,0.827586206896552,0.793103448275862,0.793103448275862,0.758620689655172,0.741379310344828,0.689655172413793,0.672413793103448,0.637931034482759,0,0,0,0,0,0,0,0,2480,8.46877,-3.56684871139437
"481",161,161,1,12.0106570767833,24.7628758992621,26.5920710446122,27.9329586637909,30.0463635134464,31.9805427796757,35.9686056351495,37.5214479664089,40.8434427118401,1,1,1,1,1,1,1,1,0.857142857142857,0.821428571428571,0.821428571428571,0.785714285714286,0.767857142857143,0.714285714285714,0.696428571428571,0.660714285714286,0,0,0,0,0,0,0,0,2481,11.307671,-0.702986076783283
"482",161,161,2,12.0605666574068,24.8127854798857,26.6419806252358,27.9828682444144,30.0962730940699,32.0304523602992,36.018515215773,37.5713575470324,40.8933522924636,1,1,1,1,1,1,1,1,0.813559322033898,0.779661016949153,0.779661016949153,0.745762711864407,0.728813559322034,0.677966101694915,0.661016949152542,0.627118644067797,0,0,0,0,0,0,0,0,2482,6.364738,-5.69582865740683
"483",161,161,3,11.9736669335065,24.7258857559854,26.5550809013355,27.8959685205141,30.0093733701696,31.9435526363989,35.9316154918727,37.4844578231321,40.8064525685633,0,1,1,1,1,1,1,1,0,1,0.978723404255319,0.936170212765957,0.914893617021277,0.872340425531915,0.851063829787234,0.787234042553192,0,0,0,0,0,0,0,0,2483,25.389855,13.4161880664935
"484",162,162,1,12.3070671541841,25.0697011319499,26.9003902409587,28.2423730070267,30.3575039437264,32.2932629175886,36.2845829547742,37.8386935432868,41.1634014707625,1,1,1,1,1,1,1,1,0.839285714285714,0.821428571428571,0.803571428571429,0.785714285714286,0.767857142857143,0.714285714285714,0.696428571428571,0.660714285714286,1,0,0,0,0,0,0,0,2484,11.356477,-0.950590154184146
"485",162,162,2,12.0700958004235,24.8327297781893,26.6634188871981,28.0054016532661,30.1205325899658,32.056291563828,36.0476116010136,37.6017221895262,40.9264301170019,1,1,1,1,1,1,1,1,0.827586206896552,0.793103448275862,0.793103448275862,0.758620689655172,0.741379310344828,0.689655172413793,0.672413793103448,0.637931034482759,1,0,0,0,0,0,0,0,2485,8.159542,-3.91055380042353
"486",162,162,3,12.0161115056347,24.7787454834005,26.6094345924093,27.9514173584773,30.066548295177,32.0023072690392,35.9936273062248,37.5477378947374,40.8724458222131,1,1,1,1,1,1,1,1,0.827586206896552,0.793103448275862,0.793103448275862,0.758620689655172,0.741379310344828,0.689655172413793,0.672413793103448,0.637931034482759,0,0,0,0,0,0,0,0,2486,9.167751,-2.84836050563473
"487",163,163,1,12.0278865893135,24.7909737118166,26.6217278205063,27.9637582344524,30.0789642701053,32.014791974215,36.0062537255384,37.5604194936507,40.8852454668138,1,1,1,1,1,1,1,1,0.857142857142857,0.821428571428571,0.821428571428571,0.785714285714286,0.767857142857143,0.714285714285714,0.696428571428571,0.660714285714286,0,0,0,0,0,0,0,0,2487,11.22955,-0.798336589313536
"488",163,163,2,12.0637364493715,24.8268235718746,26.6575776805643,27.9996080945104,30.1148141301633,32.050641834273,36.0421035855964,37.5962693537087,40.9210953268717,1,1,1,1,1,1,1,1,0.827586206896552,0.793103448275862,0.793103448275862,0.758620689655172,0.741379310344828,0.689655172413793,0.672413793103448,0.637931034482759,0,0,0,0,0,0,0,0,2488,8.333953,-3.7297834493715
"489",163,163,3,12.0133887931576,24.7764759156606,26.6072300243503,27.9492604382964,30.0644664739493,32.000294178059,35.9917559293824,37.5459216974947,40.8707476706578,1,1,1,1,1,1,1,1,0.827586206896552,0.793103448275862,0.793103448275862,0.758620689655172,0.741379310344828,0.689655172413793,0.672413793103448,0.637931034482759,0,0,0,0,0,0,0,0,2489,8.46142,-3.55196879315755
"490",164,164,1,12.0049775682209,24.7572072075181,26.5864039044469,27.927292661007,30.0406993033166,31.9748802101753,35.9629464484449,37.5157900968721,40.8377876601199,1,1,1,1,1,1,1,1,0.857142857142857,0.821428571428571,0.821428571428571,0.785714285714286,0.767857142857143,0.714285714285714,0.696428571428571,0.660714285714286,0,0,0,0,0,0,0,0,2490,11.273024,-0.731953568220939
"491",164,164,2,12.0543155476021,24.8065451868993,26.6357418838281,27.9766306403882,30.0900372826978,32.0242181895565,36.012284427826,37.5651280762533,40.8871256395011,1,1,1,1,1,1,1,1,0.813559322033898,0.779661016949153,0.779661016949153,0.745762711864407,0.728813559322034,0.677966101694915,0.661016949152542,0.627118644067797,0,0,0,0,0,0,0,0,2491,6.939263,-5.11505254760212
"492",164,164,3,11.9782667829607,24.7304964222578,26.5596931191866,27.9005818757468,30.0139885180563,31.948169424915,35.9362356631846,37.4890793116118,40.8110768748596,1,1,1,1,1,1,1,1,0.827586206896552,0.810344827586207,0.793103448275862,0.758620689655172,0.741379310344828,0.706896551724138,0.689655172413793,0.637931034482759,0,0,0,0,0,0,0,0,2492,8.623331,-3.35493578296067
"493",165,165,1,12.0069622983048,24.7606381241953,26.5900422640431,27.9310830861947,30.0447294026976,31.9791296583742,35.9676481695474,37.5206679206429,40.8430422202321,1,1,1,1,1,1,1,1,1,0.958333333333333,0.958333333333333,0.916666666666667,0.895833333333333,0.833333333333333,0.8125,0.770833333333333,0,0,0,0,0,0,0,0,2493,23.468246,11.4612837016952
"494",165,165,2,12.2677732277665,25.021449053657,26.8508531935048,28.1918940156564,30.3055403321593,32.2399405878359,36.2284590990091,37.7814788501047,41.1038531496939,1,1,1,1,1,1,1,1,0.886792452830189,0.867924528301887,0.849056603773585,0.830188679245283,0.811320754716981,0.754716981132076,0.735849056603774,0.69811320754717,0,0,0,0,0,0,0,0,2494,15.728906,3.46113277223349
"495",165,165,3,12.1318004412049,24.8854762670954,26.7148804069432,28.0559212290948,30.1695675455977,32.1039678012743,36.0924863124475,37.645506063543,40.9678803631323,1,1,1,1,1,1,1,1,0.827586206896552,0.793103448275862,0.793103448275862,0.758620689655172,0.741379310344828,0.689655172413793,0.672413793103448,0.637931034482759,0,0,0,0,0,0,0,0,2495,8.730625,-3.40117544120489
"496",166,166,1,12.0172738022518,24.7781000507275,26.6085298566545,27.9503225411486,30.0651538857615,32.0006386742007,35.9913933714926,37.545283832151,40.8695208402293,1,1,1,1,1,1,1,1,0.979591836734694,0.938775510204082,0.938775510204082,0.897959183673469,0.877551020408163,0.816326530612245,0.795918367346939,0.755102040816326,0,0,0,0,0,0,0,0,2496,23.254257,11.2369831977482
"497",166,166,2,12.2706357968432,25.0314620453189,26.8618918512459,28.20368453574,30.3185158803528,32.2540006687921,36.2447553660839,37.7986458267424,41.1228828348207,1,1,1,1,1,1,1,1,0.810344827586207,0.793103448275862,0.775862068965517,0.758620689655172,0.741379310344828,0.689655172413793,0.672413793103448,0.637931034482759,0,0,0,0,0,0,0,0,2497,8.999841,-3.2707947968432
"498",166,166,3,12.0219702241066,24.7827964725824,26.6132262785093,27.9550189630034,30.0698503076163,32.0053350960555,35.9960897933474,37.5499802540058,40.8742172620841,1,1,1,1,1,1,1,1,0.827586206896552,0.793103448275862,0.793103448275862,0.758620689655172,0.741379310344828,0.689655172413793,0.672413793103448,0.637931034482759,0,0,0,0,0,0,0,0,2498,8.962354,-3.05961622410663
"499",167,167,1,12.0318790978375,24.7994436088883,26.630839960117,27.9733411685933,30.0892892346961,32.0257960419655,36.0186580285896,37.5733690099363,40.8993613574719,1,1,1,1,1,1,1,1,0.857142857142857,0.821428571428571,0.821428571428571,0.785714285714286,0.767857142857143,0.714285714285714,0.696428571428571,0.660714285714286,0,0,0,0,0,0,0,0,2499,11.892968,-0.138911097837545
"500",167,167,2,12.0813563053084,24.8489208163591,26.6803171675879,28.0228183760642,30.138766442167,32.0752732494364,36.0681352360604,37.6228462174072,40.9488385649428,1,1,1,1,1,1,1,1,0.813559322033898,0.779661016949153,0.779661016949153,0.745762711864407,0.728813559322034,0.677966101694915,0.661016949152542,0.627118644067797,0,0,0,0,0,0,0,0,2500,7.154227,-4.92712930530842
"501",167,167,3,12.0013527048316,24.7689172158823,26.6003135671111,27.9428147755874,30.0587628416902,31.9952696489596,35.9881316355836,37.5428426169303,40.868834964466,1,1,1,1,1,1,1,1,0.827586206896552,0.793103448275862,0.793103448275862,0.758620689655172,0.741379310344828,0.689655172413793,0.672413793103448,0.637931034482759,0,0,0,0,0,0,0,0,2501,9.1504,-2.85095270483161
"502",168,168,1,12.0258189486333,24.7924484609893,26.6237106947678,27.9661135887318,30.081906698995,32.0182716913289,36.0108412713046,37.5654383975197,40.8911871748348,1,1,1,1,1,1,1,1,0.857142857142857,0.821428571428571,0.821428571428571,0.785714285714286,0.767857142857143,0.714285714285714,0.696428571428571,0.660714285714286,0,0,0,0,0,0,0,0,2502,11.373146,-0.652672948633317
"503",168,168,2,12.0638273870008,24.8304568993568,26.6617191331353,28.0041220270993,30.1199151373624,32.0562801296964,36.0488497096721,37.6034468358872,40.9291956132023,1,1,1,1,1,1,1,1,0.827586206896552,0.793103448275862,0.793103448275862,0.758620689655172,0.741379310344828,0.689655172413793,0.672413793103448,0.637931034482759,0,0,0,0,0,0,0,0,2503,8.82244,-3.2413873870008
"504",168,168,3,12.0202109090971,24.7868404214531,26.6181026552316,27.9605055491956,30.0762986594587,32.0126636517927,36.0052332317684,37.5598303579835,40.8855791352986,1,1,1,1,1,1,1,1,0.827586206896552,0.793103448275862,0.793103448275862,0.758620689655172,0.741379310344828,0.689655172413793,0.672413793103448,0.637931034482759,0,0,0,0,0,0,0,0,2504,9.195648,-2.82456290909709
"505",169,169,1,12.0108667190397,24.7447747152534,26.5713433314498,27.9103055790066,30.0206758046826,31.9520777957567,35.9344142182781,37.4850268335531,40.802251548805,1,1,1,1,1,1,1,1,0.857142857142857,0.821428571428571,0.821428571428571,0.785714285714286,0.767857142857143,0.732142857142857,0.714285714285714,0.660714285714286,0,0,0,0,0,0,0,0,2505,11.156801,-0.85406571903969
"506",169,169,2,12.0467947191133,24.780702715327,26.6072713315234,27.9462335790802,30.0566038047563,31.9880057958304,35.9703422183518,37.5209548336268,40.8381795488786,1,1,1,1,1,1,1,1,0.827586206896552,0.793103448275862,0.793103448275862,0.758620689655172,0.741379310344828,0.689655172413793,0.672413793103448,0.637931034482759,0,0,0,0,0,0,0,0,2506,8.966353,-3.08044171911334
"507",169,169,3,12.0066660723911,24.7405740686048,26.5671426848011,27.906104932358,30.016475158034,31.9478771491081,35.9302135716295,37.4808261869045,40.7980509021563,1,1,1,1,1,1,1,1,0.827586206896552,0.793103448275862,0.793103448275862,0.758620689655172,0.741379310344828,0.706896551724138,0.689655172413793,0.637931034482759,0,0,0,0,0,0,0,0,2507,8.821789,-3.18487707239107
"508",170,170,1,12.0036106399342,24.7376685278277,26.5642586446851,27.9032366532557,30.0136317202404,31.9450564459761,35.9274397448449,37.4780706124844,40.7953343750094,0,1,1,1,1,1,1,1,0,0.978723404255319,0.978723404255319,0.936170212765957,0.914893617021277,0.872340425531915,0.851063829787234,0.787234042553192,0,0,0,0,0,0,0,0,2508,25.994715,13.9911043600658
"509",170,170,2,12.3170813074127,25.0511391953062,26.8777293121636,28.2167073207342,30.3271023877189,32.2585271134545,36.2409104123234,37.7915412799628,41.1088050424879,1,1,1,1,1,1,1,1,0.810344827586207,0.793103448275862,0.775862068965517,0.758620689655172,0.741379310344828,0.689655172413793,0.672413793103448,0.637931034482759,1,0,0,0,0,0,0,0,2509,8.88606,-3.43102130741273
"510",170,170,3,12.0047838280834,24.7388417159769,26.5654318328342,27.9044098414049,30.0148049083896,31.9462296341252,35.9286129329941,37.4792438006335,40.7965075631586,1,1,1,1,1,1,1,1,0.842105263157895,0.807017543859649,0.807017543859649,0.771929824561403,0.754385964912281,0.719298245614035,0.701754385964912,0.649122807017544,1,0,0,0,0,0,0,0,2510,9.444969,-2.5598148280834
"511",171,171,1,12.0257451421705,24.7701273768287,26.5981984316502,27.9382620386524,30.0503681431299,31.9833588032122,35.9689708848061,37.5208589519119,40.8408122405641,1,1,1,1,1,1,1,1,0.827586206896552,0.793103448275862,0.793103448275862,0.758620689655172,0.741379310344828,0.689655172413793,0.672413793103448,0.637931034482759,0,0,0,0,0,0,0,0,2511,9.291826,-2.73391914217049
"512",171,171,2,12.0230516092542,24.7674338439124,26.5955048987339,27.9355685057361,30.0476746102136,31.9806652702959,35.9662773518898,37.5181654189956,40.8381187076478,1,1,1,1,1,1,1,1,0.827586206896552,0.793103448275862,0.793103448275862,0.758620689655172,0.741379310344828,0.689655172413793,0.672413793103448,0.637931034482759,0,0,0,0,0,0,0,0,2512,9.319938,-2.7031136092542
"513",171,171,3,12.023546052992,24.7679282876502,26.5959993424717,27.9360629494739,30.0481690539514,31.9811597140337,35.9667717956276,37.5186598627334,40.8386131513856,1,1,1,1,1,1,1,1,0.96,0.92,0.92,0.88,0.86,0.8,0.78,0.74,0,0,0,0,0,0,0,0,2513,21.764842,9.74129594700797
"514",172,172,1,12.2401557924479,24.9805616477185,26.8080623254179,28.1477078186813,30.2591549241564,32.191542471112,36.1759110004147,37.727314862354,41.0462322911598,1,1,1,1,1,1,1,1,0.842105263157895,0.807017543859649,0.789473684210526,0.771929824561403,0.754385964912281,0.701754385964912,0.684210526315789,0.649122807017544,0,0,0,0,0,0,0,0,2514,10.836242,-1.4039137924479
"515",172,172,2,12.0489293017217,24.7893351569923,26.6168358346917,27.9564813279551,30.0679284334302,32.0003159803858,35.9846845096885,37.5360883716278,40.8550058004336,1,1,1,1,1,1,1,1,0.827586206896552,0.793103448275862,0.793103448275862,0.758620689655172,0.741379310344828,0.689655172413793,0.672413793103448,0.637931034482759,0,0,0,0,0,0,0,0,2515,8.512179,-3.53675030172169
"516",172,172,3,12.0082633050051,24.7486691602757,26.5761698379751,27.9158153312386,30.0272624367137,31.9596499836693,35.9440185129719,37.4954223749112,40.814339803717,1,1,1,1,1,1,1,1,0.827586206896552,0.793103448275862,0.793103448275862,0.758620689655172,0.741379310344828,0.689655172413793,0.689655172413793,0.637931034482759,0,0,0,0,0,0,0,0,2516,9.166503,-2.84176030500513
"517",173,173,1,12.017175172545,24.7577549256201,26.5852805474508,27.9249443259567,30.0364202512371,31.9688341739578,35.953257087159,37.5046821246973,40.8236448544504,1,1,1,1,1,1,1,1,0.842105263157895,0.807017543859649,0.807017543859649,0.771929824561403,0.754385964912281,0.701754385964912,0.684210526315789,0.649122807017544,0,0,0,0,0,0,0,0,2517,10.836245,-1.18093017254499
"518",173,173,2,12.0467515484795,24.7873313015546,26.6148569233853,27.9545207018912,30.0659966271716,31.9984105498923,35.9828334630935,37.5342585006318,40.8532212303849,1,1,1,1,1,1,1,1,0.827586206896552,0.793103448275862,0.793103448275862,0.758620689655172,0.741379310344828,0.689655172413793,0.672413793103448,0.637931034482759,0,0,0,0,0,0,0,0,2518,9.274488,-2.77226354847949
"519",173,173,3,12.0190879261053,24.7596676791805,26.5871933010111,27.926857079517,30.0383330047974,31.9707469275181,35.9551698407193,37.5065948782576,40.8255576080107,1,1,1,1,1,1,1,1,0.827586206896552,0.793103448275862,0.793103448275862,0.758620689655172,0.741379310344828,0.689655172413793,0.672413793103448,0.637931034482759,0,0,0,0,0,0,0,0,2519,8.887665,-3.13142292610529
"520",174,174,1,12.0123646893651,24.7529886014034,26.5805205574541,27.9201889792466,30.0316722229214,31.964092843406,35.9485295666525,37.4999599814439,40.8189342147514,0,1,1,1,1,1,1,1,0,0.978723404255319,0.978723404255319,0.936170212765957,0.914893617021277,0.851063829787234,0.851063829787234,0.787234042553192,0,0,0,0,0,0,0,0,2520,26.296718,14.2843533106349
"521",174,174,2,12.3181355213134,25.0587594333516,26.8862913894024,28.2259598111949,30.3374430548697,32.2698636753542,36.2543003986008,37.8057308133922,41.1247050466997,1,1,1,1,1,1,1,1,0.810344827586207,0.793103448275862,0.775862068965517,0.758620689655172,0.741379310344828,0.689655172413793,0.672413793103448,0.637931034482759,1,0,0,0,0,0,0,0,2521,8.736002,-3.58213352131342
"522",174,174,3,12.009700895896,24.7503248079342,26.5778567639849,27.9175251857774,30.0290084294522,31.9614290499368,35.9458657731834,37.4972961879747,40.8162704212822,1,1,1,1,1,1,1,1,0.872727272727273,0.836363636363636,0.836363636363636,0.8,0.781818181818182,0.727272727272727,0.727272727272727,0.672727272727273,1,0,0,0,0,0,0,0,2522,14.011537,2.00183610410402
"523",175,175,1,12.1114389503589,24.8628673160388,26.6919490772195,28.0327535803734,30.1460274288866,32.0800868034192,36.0679024555285,37.6206485325755,40.9424373614231,1,1,1,1,1,1,1,1,0.888888888888889,0.851851851851852,0.851851851851852,0.814814814814815,0.796296296296296,0.740740740740741,0.722222222222222,0.685185185185185,0,0,0,0,0,0,0,0,2523,14.181026,2.06958704964105
"524",175,175,2,12.1143365895211,24.865764955201,26.6948467163817,28.0356512195356,30.1489250680488,32.0829844425814,36.0708000946907,37.6235461717377,40.9453350005853,1,1,1,1,1,1,1,1,0.827586206896552,0.793103448275862,0.793103448275862,0.758620689655172,0.741379310344828,0.689655172413793,0.672413793103448,0.637931034482759,0,0,0,0,0,0,0,0,2524,9.032647,-3.08168958952114
"525",175,175,3,12.0263182248354,24.7777465905153,26.606828351696,27.9476328548499,30.0609067033631,31.9949660778957,35.9827817300049,37.5355278070519,40.8573166358996,1,1,1,1,1,1,1,1,0.888888888888889,0.851851851851852,0.851851851851852,0.814814814814815,0.796296296296296,0.740740740740741,0.722222222222222,0.685185185185185,0,0,0,0,0,0,0,0,2525,15.082197,3.05587877516457
"526",176,176,1,12.1254363528932,24.8661802833605,26.6937294550136,28.0334104966668,30.1449136308041,32.0773524549567,36.061826712145,37.6132717416242,40.9322772401253,1,1,1,1,1,1,1,1,0.857142857142857,0.821428571428571,0.821428571428571,0.785714285714286,0.767857142857143,0.714285714285714,0.696428571428571,0.660714285714286,0,0,0,0,0,0,0,0,2526,10.997833,-1.12760335289322
"527",176,176,2,12.0573042251181,24.7980481555854,26.6255973272385,27.9652783688917,30.076781503029,32.0092203271816,35.9936945843699,37.5451396138491,40.8641451123503,1,1,1,1,1,1,1,1,0.888888888888889,0.851851851851852,0.851851851851852,0.814814814814815,0.796296296296296,0.740740740740741,0.722222222222222,0.685185185185185,0,0,0,0,0,0,0,0,2527,15.148348,3.09104377488187
"528",176,176,3,12.1265398315216,24.8672837619889,26.6948329336419,28.0345139752952,30.1460171094325,32.078455933585,36.0629301907734,37.6143752202526,40.9333807187537,1,1,1,1,1,1,1,1,0.827586206896552,0.793103448275862,0.793103448275862,0.758620689655172,0.741379310344828,0.689655172413793,0.672413793103448,0.637931034482759,0,0,0,0,0,0,0,0,2528,9.298703,-2.82783683152159
"529",177,177,1,12.0299446679323,24.7707723034594,26.598333481877,27.9380233250635,30.0495403315066,31.9819918515353,35.9664922862105,37.5179475084852,40.8369748124284,1,1,1,1,1,1,1,1,0.857142857142857,0.821428571428571,0.821428571428571,0.785714285714286,0.767857142857143,0.714285714285714,0.696428571428571,0.660714285714286,0,0,0,0,0,0,0,0,2529,11.141152,-0.888792667932305
"530",177,177,2,12.060698794231,24.8015264297581,26.6290876081757,27.9687774513622,30.0802944578053,32.012745977834,35.9972464125092,37.5487016347839,40.8677289387272,1,1,1,1,1,1,1,1,0.827586206896552,0.793103448275862,0.793103448275862,0.758620689655172,0.741379310344828,0.689655172413793,0.672413793103448,0.637931034482759,0,0,0,0,0,0,0,0,2530,9.243336,-2.81736279423102
"531",177,177,3,12.0290204829422,24.7698481184693,26.5974092968869,27.9370991400734,30.0486161465165,31.9810676665452,35.9655681012204,37.5170233234952,40.8360506274384,1,1,1,1,1,1,1,1,0.872727272727273,0.836363636363636,0.836363636363636,0.8,0.781818181818182,0.727272727272727,0.709090909090909,0.672727272727273,0,0,0,0,0,0,0,0,2531,12.529134,0.50011351705777
"532",178,178,1,12.0879047641689,24.8282069360379,26.6556927412529,27.9953273322733,30.106757254464,32.0391290753496,36.0234651792423,37.574856415616,40.8937468345563,1,1,1,1,1,1,1,1,0.941176470588235,0.901960784313726,0.901960784313726,0.862745098039216,0.843137254901961,0.784313725490196,0.764705882352941,0.725490196078431,0,0,0,0,0,0,0,0,2532,19.382041,7.29413623583111
"533",178,178,2,12.2017846941751,24.9420868660441,26.7695726712591,28.1092072622795,30.2206371844702,32.1530090053558,36.1373451092485,37.6887363456222,41.0076267645625,1,1,1,1,1,1,1,1,0.827586206896552,0.793103448275862,0.793103448275862,0.758620689655172,0.741379310344828,0.689655172413793,0.672413793103448,0.637931034482759,0,0,0,0,0,0,0,0,2533,8.981665,-3.22011969417509
"534",178,178,3,12.0289537932278,24.7692559650968,26.5967417703118,27.9363763613322,30.0478062835229,31.9801781044085,35.9645142083012,37.5159054446749,40.8347958636152,1,1,1,1,1,1,1,1,0.905660377358491,0.867924528301887,0.867924528301887,0.830188679245283,0.811320754716981,0.754716981132076,0.735849056603774,0.69811320754717,0,0,0,0,0,0,0,0,2534,16.289507,4.26055320677222
"535",179,179,1,12.1559876410844,24.8995665490123,26.7275223735844,28.0675015112969,30.1794744817189,32.1123432980713,36.097704151425,37.6494943971422,40.9692384165516,1,1,1,1,1,1,1,1,0.857142857142857,0.821428571428571,0.821428571428571,0.785714285714286,0.767857142857143,0.714285714285714,0.696428571428571,0.660714285714286,0,0,0,0,0,0,0,0,2535,11.156143,-0.99984464108444
"536",179,179,2,12.0733488564138,24.8169277643417,26.6448835889137,27.9848627266262,30.0968356970483,32.0297045134007,36.0150653667543,37.5668556124715,40.886599631881,1,1,1,1,1,1,1,1,0.888888888888889,0.851851851851852,0.851851851851852,0.814814814814815,0.796296296296296,0.740740740740741,0.722222222222222,0.685185185185185,0,0,0,0,0,0,0,0,2536,14.14672,2.07337114358623
"537",179,179,3,12.1214922666111,24.865071174539,26.693026999111,28.0330061368235,30.1449791072456,32.077847923598,36.0632087769516,37.6149990226688,40.9347430420783,1,1,1,1,1,1,1,1,0.842105263157895,0.807017543859649,0.807017543859649,0.771929824561403,0.754385964912281,0.701754385964912,0.684210526315789,0.649122807017544,0,0,0,0,0,0,0,0,2537,9.43819,-2.68330226661107
"538",180,180,1,12.0446977134341,24.7864525562136,26.6141467344666,27.9539340729002,30.0656047439198,31.9981968971252,35.9829873017933,37.534555430433,40.8538242749005,1,1,1,1,1,1,1,1,0.857142857142857,0.821428571428571,0.821428571428571,0.785714285714286,0.767857142857143,0.714285714285714,0.696428571428571,0.660714285714286,0,0,0,0,0,0,0,0,2538,11.641558,-0.403139713434099
"539",180,180,2,12.0799849682947,24.8217398110742,26.6494339893272,27.9892213277608,30.1008919987803,32.0334841519857,36.0182745566539,37.5698426852936,40.8891115297611,1,1,1,1,1,1,1,1,0.842105263157895,0.807017543859649,0.807017543859649,0.771929824561403,0.754385964912281,0.701754385964912,0.684210526315789,0.649122807017544,0,0,0,0,0,0,0,0,2539,9.4262,-2.65378496829468
"540",180,180,3,12.0445056918627,24.7862605346421,26.6139547128952,27.9537420513288,30.0654127223483,31.9980048755537,35.9827952802219,37.5343634088616,40.8536322533291,1,1,1,1,1,1,1,1,0.857142857142857,0.821428571428571,0.821428571428571,0.785714285714286,0.767857142857143,0.714285714285714,0.696428571428571,0.660714285714286,0,0,0,0,0,0,0,0,2540,11.747664,-0.296841691862678
"541",181,181,1,12.08345855998,24.8247166825822,26.6523396106356,27.9920747192616,30.1036630696399,32.0361798833391,36.0208149463122,37.5723225891549,40.8914620363903,1,1,1,1,1,1,1,1,0.857142857142857,0.821428571428571,0.821428571428571,0.785714285714286,0.767857142857143,0.714285714285714,0.696428571428571,0.660714285714286,0,0,0,0,0,0,0,0,2541,11.843567,-0.239891559979982
"542",181,181,2,12.0849947522994,24.8262528749017,26.6538758029551,27.9936109115811,30.1051992619593,32.0377160756586,36.0223511386316,37.5738587814743,40.8929982287098,1,1,1,1,1,1,1,1,0.827586206896552,0.793103448275862,0.793103448275862,0.758620689655172,0.741379310344828,0.689655172413793,0.672413793103448,0.637931034482759,0,0,0,0,0,0,0,0,2542,9.236828,-2.84816675229943
"543",181,181,3,12.0432395159606,24.7844976385628,26.6121205666162,27.9518556752422,30.0634440256204,31.9959608393197,35.9805959022927,37.5321035451355,40.8512429923709,1,1,1,1,1,1,1,1,0.842105263157895,0.807017543859649,0.807017543859649,0.771929824561403,0.754385964912281,0.701754385964912,0.684210526315789,0.649122807017544,0,0,0,0,0,0,0,0,2543,10.505784,-1.53745551596055
"544",182,182,1,12.0630079142804,24.8035833714918,26.6311083771181,27.9707717039167,30.0822469172505,32.0146601884006,35.9990817581356,37.550506272565,40.8694678832316,0,1,1,1,1,1,1,1,0,1,1,0.956521739130435,0.934782608695652,0.869565217391304,0.847826086956522,0.804347826086957,0,0,0,0,0,0,0,0,2544,26.749451,14.6864430857196
"545",182,182,2,12.3232033802325,25.0637788374439,26.8913038430702,28.2309671698688,30.3424423832025,32.2748556543526,36.2592772240877,37.8107017385171,41.1296633491837,1,1,1,1,1,1,1,1,0.810344827586207,0.793103448275862,0.775862068965517,0.758620689655172,0.741379310344828,0.689655172413793,0.672413793103448,0.637931034482759,1,0,0,0,0,0,0,0,2545,9.134998,-3.1882053802325
"546",182,182,3,12.0410502921505,24.7816257493619,26.6091507549881,27.9488140817867,30.0602892951205,31.9927025662706,35.9771241360057,37.5285486504351,40.8475102611016,1,1,1,1,1,1,1,1,0.827586206896552,0.793103448275862,0.793103448275862,0.758620689655172,0.741379310344828,0.689655172413793,0.672413793103448,0.637931034482759,1,0,0,0,0,0,0,0,2546,9.259802,-2.78124829215046
"547",183,183,1,12.0485486815194,24.8001516438784,26.6292584494378,27.9700813113204,30.0833840954623,32.017469951761,36.0053402063312,37.5581075440794,40.8799418559335,1,1,1,1,1,1,1,1,0.842105263157895,0.807017543859649,0.807017543859649,0.771929824561403,0.754385964912281,0.701754385964912,0.684210526315789,0.649122807017544,0,0,0,0,0,0,0,0,2547,10.83521,-1.21333868151944
"548",183,183,2,12.0737737830765,24.8253767454355,26.6544835509949,27.9953064128774,30.1086091970193,32.0426950533181,36.0305653078883,37.5833326456365,40.9051669574906,1,1,1,1,1,1,1,1,0.827586206896552,0.793103448275862,0.793103448275862,0.758620689655172,0.741379310344828,0.689655172413793,0.672413793103448,0.637931034482759,0,0,0,0,0,0,0,0,2548,9.228802,-2.8449717830765
"549",183,183,3,12.0480523160393,24.7996552783983,26.6287620839577,27.9695849458403,30.0828877299822,32.0169735862809,36.0048438408511,37.5576111785993,40.8794454904534,1,1,1,1,1,1,1,1,0.827586206896552,0.793103448275862,0.793103448275862,0.758620689655172,0.741379310344828,0.689655172413793,0.672413793103448,0.637931034482759,0,0,0,0,0,0,0,0,2549,9.095676,-2.95237631603934
"550",184,184,1,12.0353003948044,24.7681906098321,26.5946132341482,27.9334684626669,30.0436700130933,31.9749176332853,35.956935760191,37.5074244398802,40.8243840198015,1,1,1,1,1,1,1,1,0.842105263157895,0.807017543859649,0.807017543859649,0.771929824561403,0.754385964912281,0.701754385964912,0.684210526315789,0.649122807017544,0,0,0,0,0,0,0,0,2550,10.340111,-1.69518939480442
"551",184,184,2,12.0548634105695,24.7877536255972,26.6141762499133,27.953031478432,30.0632330288584,31.9944806490504,35.976498775956,37.5269874556452,40.8439470355666,1,1,1,1,1,1,1,1,0.827586206896552,0.793103448275862,0.793103448275862,0.758620689655172,0.741379310344828,0.689655172413793,0.672413793103448,0.637931034482759,0,0,0,0,0,0,0,0,2551,8.872697,-3.1821664105695
"552",184,184,3,12.0317950757703,24.764685290798,26.591107915114,27.9299631436328,30.0401646940591,31.9714123142512,35.9534304411568,37.503919120846,40.8208787007674,1,1,1,1,1,1,1,1,0.842105263157895,0.807017543859649,0.807017543859649,0.771929824561403,0.754385964912281,0.701754385964912,0.684210526315789,0.649122807017544,0,0,0,0,0,0,0,0,2552,9.768537,-2.26325807577025
"553",185,185,1,12.04088345449,24.7737513930332,26.6001708219808,27.9390237081415,30.0492215667217,31.9804658081516,35.9624769684248,37.5129629354984,40.8299167123226,1,1,1,1,1,1,1,1,0.842105263157895,0.807017543859649,0.807017543859649,0.771929824561403,0.754385964912281,0.701754385964912,0.684210526315789,0.649122807017544,0,0,0,0,0,0,0,0,2553,10.881465,-1.15941845448997
"554",185,185,2,12.0587059691029,24.7915739076461,26.6179933365937,27.9568462227544,30.0670440813346,31.9982883227645,35.9802994830378,37.5307854501113,40.8477392269356,1,1,1,1,1,1,1,1,0.827586206896552,0.793103448275862,0.793103448275862,0.758620689655172,0.741379310344828,0.689655172413793,0.672413793103448,0.637931034482759,0,0,0,0,0,0,0,0,2554,8.827854,-3.23085196910289
"555",185,185,3,12.0258192845584,24.7586872231016,26.5851066520492,27.9239595382099,30.0341573967901,31.96540163822,35.9474127984933,37.4978987655668,40.8148525423911,1,1,1,1,1,1,1,1,0.827586206896552,0.793103448275862,0.793103448275862,0.758620689655172,0.741379310344828,0.689655172413793,0.689655172413793,0.637931034482759,0,0,0,0,0,0,0,0,2555,9.259094,-2.76672528455838
"556",186,186,1,12.0282759318013,24.7610340615292,26.5874377393551,27.9262790791894,30.03645873933,31.9676863256243,35.9496631448575,37.5001357404716,40.8170609117401,0,1,1,1,1,1,1,1,0,0.978723404255319,0.978723404255319,0.936170212765957,0.914893617021277,0.851063829787234,0.829787234042553,0.787234042553192,0,0,0,0,0,0,0,0,2556,26.513794,14.4855180681987
"557",186,186,2,12.3125764746048,25.0453346043327,26.8717382821585,28.2105796219928,30.3207592821335,32.2519868684278,36.233963687661,37.7844362832751,41.1013614545435,1,1,1,1,1,1,1,1,0.810344827586207,0.793103448275862,0.775862068965517,0.758620689655172,0.741379310344828,0.689655172413793,0.672413793103448,0.637931034482759,1,0,0,0,0,0,0,0,2557,8.954075,-3.35850147460476
"558",186,186,3,12.0232502247612,24.7560083544891,26.5824120323149,27.9212533721492,30.0314330322899,31.9626606185842,35.9446374378174,37.4951100334315,40.8120352046999,1,1,1,1,1,1,1,1,0.827586206896552,0.793103448275862,0.793103448275862,0.758620689655172,0.741379310344828,0.689655172413793,0.689655172413793,0.637931034482759,1,0,0,0,0,0,0,0,2558,9.233353,-2.78989722476118
"559",187,187,1,12.0288816633399,24.7726275920067,26.6006073742546,27.9406040740905,30.0526047245928,31.9854988736386,35.970911960193,37.5227225440864,40.842510072945,1,1,1,1,1,1,1,1,0.842105263157895,0.807017543859649,0.807017543859649,0.771929824561403,0.754385964912281,0.701754385964912,0.684210526315789,0.649122807017544,0,0,0,0,0,0,0,0,2559,10.657823,-1.37105866333988
"560",187,187,2,12.0521292378263,24.7958751664931,26.623854948741,27.963851648577,30.0758522990792,32.008746448125,35.9941595346794,37.5459701185728,40.8657576474315,1,1,1,1,1,1,1,1,0.827586206896552,0.793103448275862,0.793103448275862,0.758620689655172,0.741379310344828,0.689655172413793,0.672413793103448,0.637931034482759,0,0,0,0,0,0,0,0,2560,9.104501,-2.94762823782632
"561",187,187,3,12.0267787784299,24.7705247070967,26.5985044893446,27.9385011891805,30.0505018396828,31.9833959887286,35.968809075283,37.5206196591764,40.8404071880351,1,1,1,1,1,1,1,1,0.827586206896552,0.793103448275862,0.793103448275862,0.758620689655172,0.741379310344828,0.689655172413793,0.672413793103448,0.637931034482759,0,0,0,0,0,0,0,0,2561,8.906612,-3.1201667784299
"562",188,188,1,12.0152816728151,24.7397000695353,26.564907485021,27.9028719072857,30.0116694368004,31.9416321029349,35.9210007972688,37.4704578605567,40.7852105040779,1,1,1,1,1,1,1,1,0.842105263157895,0.807017543859649,0.807017543859649,0.771929824561403,0.754385964912281,0.719298245614035,0.701754385964912,0.649122807017544,0,0,0,0,0,0,0,0,2562,10.228098,-1.78718367281511
"563",188,188,2,12.036318559154,24.7607369558742,26.5859443713599,27.9239087936245,30.0327063231393,31.9626689892738,35.9420376836077,37.4914947468956,40.8062473904168,1,1,1,1,1,1,1,1,0.827586206896552,0.793103448275862,0.793103448275862,0.758620689655172,0.741379310344828,0.689655172413793,0.689655172413793,0.637931034482759,0,0,0,0,0,0,0,0,2563,8.857059,-3.17925955915402
"564",188,188,3,12.014492832957,24.7389112296772,26.5641186451628,27.9020830674275,30.0108805969422,31.9408432630768,35.9202119574107,37.4696690206986,40.7844216642198,1,1,1,1,1,1,1,1,0.827586206896552,0.793103448275862,0.793103448275862,0.758620689655172,0.741379310344828,0.706896551724138,0.689655172413793,0.637931034482759,0,0,0,0,0,0,0,0,2564,9.03911,-2.97538283295699
"565",189,189,1,12.0144960296649,24.7390670638485,26.5642963738539,27.9022768458499,30.0110996717275,31.9410854889875,35.920501918371,37.4699775683784,40.7847699744585,1,1,1,1,1,1,1,1,0.842105263157895,0.807017543859649,0.807017543859649,0.771929824561403,0.754385964912281,0.719298245614035,0.701754385964912,0.649122807017544,0,0,0,0,0,0,0,0,2565,9.666696,-2.34780002966488
"566",189,189,2,12.0245403189393,24.7491113531229,26.5743406631283,27.9123211351243,30.0211439610019,31.9511297782619,35.9305462076454,37.4800218576528,40.7948142637329,1,1,1,1,1,1,1,1,0.827586206896552,0.793103448275862,0.793103448275862,0.758620689655172,0.741379310344828,0.706896551724138,0.689655172413793,0.637931034482759,0,0,0,0,0,0,0,0,2566,9.123493,-2.90104731893926
"567",189,189,3,12.0158465493735,24.7404175835571,26.5656468935626,27.9036273655585,30.0124501914361,31.9424360086961,35.9218524380796,37.471328088087,40.7861204941671,1,1,1,1,1,1,1,1,0.827586206896552,0.793103448275862,0.793103448275862,0.758620689655172,0.741379310344828,0.706896551724138,0.689655172413793,0.637931034482759,0,0,0,0,0,0,0,0,2567,9.063575,-2.95227154937348
"568",190,190,1,12.0090187262392,24.7335466564757,26.5587697835939,27.8967457232375,30.0055614055669,31.9355406850814,35.9149436343598,37.4644140355838,40.7791952129446,1,1,1,1,1,1,1,1,0.923076923076923,0.903846153846154,0.884615384615385,0.846153846153846,0.826923076923077,0.788461538461538,0.769230769230769,0.711538461538462,0,0,0,0,0,0,0,0,2568,18.105479,6.09646027376082
"569",190,190,2,12.1580758079964,24.8826037382329,26.7078268653511,28.0458028049947,30.1546184873241,32.0845977668386,36.064000716117,37.613471117341,40.9282522947018,1,1,1,1,1,1,1,1,0.827586206896552,0.793103448275862,0.793103448275862,0.758620689655172,0.741379310344828,0.689655172413793,0.672413793103448,0.637931034482759,0,0,0,0,0,0,0,0,2569,8.928388,-3.22968780799638
"570",190,190,3,12.0067901491926,24.7313180794292,26.5565412065474,27.894517146191,30.0033328285203,31.9333121080348,35.9127150573132,37.4621854585373,40.776966635898,1,1,1,1,1,1,1,1,0.827586206896552,0.810344827586207,0.793103448275862,0.758620689655172,0.741379310344828,0.706896551724138,0.689655172413793,0.637931034482759,0,0,0,0,0,0,0,0,2570,9.150062,-2.85672814919263
"571",191,191,1,12.0105174856286,24.736943664885,26.5624390793549,27.9006146186638,30.0097448947701,31.9400120891916,35.9200086870351,37.4697102387338,40.7849859161779,1,1,1,1,1,1,1,1,0.842105263157895,0.824561403508772,0.807017543859649,0.771929824561403,0.754385964912281,0.719298245614035,0.701754385964912,0.649122807017544,0,0,0,0,0,0,0,0,2571,10.439871,-1.57064648562856
"572",191,191,2,12.0317818405311,24.7582080197875,26.5837034342574,27.9218789735663,30.0310092496726,31.9612764440941,35.9412730419377,37.4909745936363,40.8062502710804,1,1,1,1,1,1,1,1,0.827586206896552,0.793103448275862,0.793103448275862,0.758620689655172,0.741379310344828,0.689655172413793,0.689655172413793,0.637931034482759,0,0,0,0,0,0,0,0,2572,9.012395,-3.01938684053108
"573",191,191,3,12.0082478472973,24.7346740265537,26.5601694410236,27.8983449803325,30.0074752564389,31.9377424508604,35.9177390487039,37.4674406004026,40.7827162778466,1,1,1,1,1,1,1,1,0.842105263157895,0.824561403508772,0.807017543859649,0.771929824561403,0.754385964912281,0.719298245614035,0.701754385964912,0.649122807017544,0,0,0,0,0,0,0,0,2573,9.504393,-2.50385484729733
"574",192,192,1,12.0085218093709,24.7292105375841,26.5538829644829,27.8914552144994,29.9996346320118,31.9290316046309,35.9072339017563,37.4562368019515,40.7700178546182,1,1,1,1,1,1,1,1,0.842105263157895,0.824561403508772,0.807017543859649,0.771929824561403,0.754385964912281,0.719298245614035,0.701754385964912,0.649122807017544,0,0,0,0,0,0,0,0,2574,9.911541,-2.09698080937092
"575",192,192,2,12.0151421695194,24.7358308977326,26.5605033246314,27.8980755746479,30.0062549921603,31.9356519647794,35.9138542619048,37.4628571621,40.7766382147667,1,1,1,1,1,1,1,1,0.827586206896552,0.810344827586207,0.793103448275862,0.758620689655172,0.741379310344828,0.706896551724138,0.689655172413793,0.637931034482759,0,0,0,0,0,0,0,0,2575,8.855421,-3.1597211695194
"576",192,192,3,11.9979693115906,24.7186580398037,26.5433304667026,27.8809027167191,29.9890821342315,31.9184791068505,35.896681403976,37.4456843041711,40.7594653568379,1,1,1,1,1,1,1,1,0.842105263157895,0.824561403508772,0.807017543859649,0.771929824561403,0.754385964912281,0.719298245614035,0.701754385964912,0.649122807017544,0,0,0,0,0,0,0,0,2576,10.489117,-1.50885231159056
"577",193,193,1,12.0236563009516,24.7440855776682,26.5687207885009,27.9062657573592,30.0144021763896,31.9437597969781,35.9218809545865,37.4708522612784,40.784565725981,1,1,1,1,1,1,1,1,0.842105263157895,0.807017543859649,0.807017543859649,0.771929824561403,0.754385964912281,0.719298245614035,0.701754385964912,0.649122807017544,0,0,0,0,0,0,0,0,2577,10.616225,-1.40743130095159
"578",193,193,2,12.0257437270767,24.7461730037933,26.570808214626,27.9083531834843,30.0164896025147,31.9458472231032,35.9239683807116,37.4729396874035,40.7866531521061,1,1,1,1,1,1,1,1,0.827586206896552,0.793103448275862,0.793103448275862,0.758620689655172,0.741379310344828,0.706896551724138,0.689655172413793,0.637931034482759,0,0,0,0,0,0,0,0,2578,8.971966,-3.05377772707668
"579",193,193,3,11.9987409483923,24.7191702251089,26.5438054359417,27.8813504047999,29.9894868238304,31.9188444444188,35.8969656020272,37.4459369087191,40.7596503734217,1,1,1,1,1,1,1,1,0.842105263157895,0.824561403508772,0.807017543859649,0.771929824561403,0.754385964912281,0.719298245614035,0.701754385964912,0.649122807017544,0,0,0,0,0,0,0,0,2579,10.526624,-1.47211694839231
"580",194,194,1,12.0198269449888,24.7397843461583,26.5643518705381,27.9018472219856,30.0099054378356,31.9391914872009,35.9171650728951,37.4660789191298,40.7796694587078,0,1,1,1,1,1,1,1,0,0.978723404255319,0.978723404255319,0.936170212765957,0.914893617021277,0.872340425531915,0.851063829787234,0.787234042553192,0,0,0,0,0,0,0,0,2580,25.941791,13.9219640550112
"581",194,194,2,12.276748463478,24.9967058646476,26.8212733890273,28.1587687404749,30.2668269563249,32.1961130056902,36.1740865913844,37.7230004376191,41.036590977197,1,1,1,1,1,1,1,1,0.827586206896552,0.793103448275862,0.775862068965517,0.758620689655172,0.741379310344828,0.689655172413793,0.672413793103448,0.637931034482759,1,0,0,0,0,0,0,0,2581,8.945908,-3.33084046347803
"582",194,194,3,11.9934814662132,24.7134388673827,26.5380063917625,27.8755017432101,29.9835599590601,31.9128460084254,35.8908195941196,37.4397334403542,40.7533239799322,1,1,1,1,1,1,1,1,0.842105263157895,0.824561403508772,0.807017543859649,0.771929824561403,0.754385964912281,0.719298245614035,0.701754385964912,0.649122807017544,1,0,0,0,0,0,0,0,2582,10.365117,-1.6283644662132
"583",195,195,1,12.0224171182707,24.7522105970182,26.5781890213837,27.9167186300715,30.0264069633421,31.957184889343,35.938234558986,37.4883461479704,40.8044990179541,1,1,1,1,1,1,1,1,0.842105263157895,0.807017543859649,0.807017543859649,0.771929824561403,0.754385964912281,0.701754385964912,0.701754385964912,0.649122807017544,0,0,0,0,0,0,0,0,2583,9.78707,-2.23534711827073
"584",195,195,2,12.0128330402512,24.7426265189987,26.5686049433642,27.907134552052,30.0168228853227,31.9476008113235,35.9286504809666,37.4787620699509,40.7949149399346,1,1,1,1,1,1,1,1,0.827586206896552,0.793103448275862,0.793103448275862,0.758620689655172,0.741379310344828,0.706896551724138,0.689655172413793,0.637931034482759,0,0,0,0,0,0,0,0,2584,9.056462,-2.95637104025125
"585",195,195,3,12.0007194853437,24.7305129640912,26.5564913884567,27.8950209971444,30.0047093304151,31.9354872564159,35.916536926059,37.4666485150433,40.782801385027,1,1,1,1,1,1,1,1,0.842105263157895,0.824561403508772,0.807017543859649,0.771929824561403,0.754385964912281,0.719298245614035,0.701754385964912,0.649122807017544,0,0,0,0,0,0,0,0,2585,10.40256,-1.59815948534367
"586",196,196,1,12.0145034068377,24.7323347255214,26.5565972818156,27.8938690770552,30.001574940652,31.9305385187109,35.9078472043821,37.456502156778,40.7695388449091,1,1,1,1,1,1,1,1,0.842105263157895,0.824561403508772,0.807017543859649,0.771929824561403,0.754385964912281,0.719298245614035,0.701754385964912,0.649122807017544,0,0,0,0,0,0,0,0,2586,10.307842,-1.70666140683766
"587",196,196,2,12.0129486027713,24.730779921455,26.5550424777492,27.8923142729888,30.0000201365856,31.9289837146445,35.9062924003157,37.4549473527116,40.7679840408427,1,1,1,1,1,1,1,1,0.827586206896552,0.810344827586207,0.793103448275862,0.758620689655172,0.741379310344828,0.706896551724138,0.689655172413793,0.637931034482759,0,0,0,0,0,0,0,0,2587,8.787623,-3.22532560277126
"588",196,196,3,11.9879940779393,24.7058253966231,26.5300879529173,27.8673597481569,29.9750656117536,31.9040291898126,35.8813378754838,37.4299928278797,40.7430295160108,1,1,1,1,1,1,1,1,0.842105263157895,0.824561403508772,0.807017543859649,0.771929824561403,0.754385964912281,0.719298245614035,0.701754385964912,0.649122807017544,0,0,0,0,0,0,0,0,2588,10.55237,-1.43562407793934
"589",197,197,1,12.0156866198354,24.7334856862653,26.5577436162534,27.8950120201893,30.0027125386715,31.9316712249041,35.9089698241724,37.4576208491996,40.7706491355129,1,1,1,1,1,1,1,1,0.842105263157895,0.824561403508772,0.807017543859649,0.771929824561403,0.754385964912281,0.719298245614035,0.701754385964912,0.649122807017544,0,0,0,0,0,0,0,0,2589,10.52543,-1.49025661983542
"590",197,197,2,12.0152382355072,24.733037301937,26.5572952319252,27.8945636358611,30.0022641543433,31.9312228405758,35.9085214398442,37.4571724648714,40.7702007511847,1,1,1,1,1,1,1,1,0.827586206896552,0.810344827586207,0.793103448275862,0.758620689655172,0.741379310344828,0.706896551724138,0.689655172413793,0.637931034482759,0,0,0,0,0,0,0,0,2590,8.911343,-3.10389523550721
"591",197,197,3,11.9883736729543,24.7061727393842,26.5304306693723,27.8676990733082,29.9753995917904,31.9043582780229,35.8816568772913,37.4303079023185,40.7433361886318,1,1,1,1,1,1,1,1,0.842105263157895,0.824561403508772,0.807017543859649,0.771929824561403,0.754385964912281,0.719298245614035,0.701754385964912,0.649122807017544,0,0,0,0,0,0,0,0,2591,10.238425,-1.74994867295432
"592",198,198,1,12.0107402630636,24.7284169520121,26.5526573280124,27.8899128640347,29.9975931010925,31.9265332258503,35.9037935534191,37.4524296764958,40.7654260830747,0,1,1,1,1,1,1,1,0,1,0.978723404255319,0.936170212765957,0.914893617021277,0.872340425531915,0.851063829787234,0.787234042553192,0,0,0,0,0,0,0,0,2592,25.793668,13.7829277369364
"593",198,198,2,12.2696475184627,24.9873242074112,26.8115645834115,28.1488201194338,30.2565003564916,32.1854404812495,36.1627008088182,37.7113369318949,41.0243333384738,1,1,1,1,1,1,1,1,0.827586206896552,0.793103448275862,0.775862068965517,0.758620689655172,0.741379310344828,0.689655172413793,0.672413793103448,0.637931034482759,1,0,0,0,0,0,0,0,2593,8.841945,-3.42770251846272
"594",198,198,3,11.9874967300619,24.7051734190104,26.5294137950107,27.866669331033,29.9743495680908,31.9032896928486,35.8805500204174,37.4291861434941,40.742182550073,1,1,1,1,1,1,1,1,0.842105263157895,0.824561403508772,0.807017543859649,0.771929824561403,0.754385964912281,0.719298245614035,0.701754385964912,0.649122807017544,1,0,0,0,0,0,0,0,2594,10.602862,-1.38463473006191
"595",199,199,1,12.0203820532842,24.7479708183502,26.5736329956673,27.9119307801274,30.0212537297224,31.9516972581136,35.9320574370208,37.481900557217,40.79747909207,1,1,1,1,1,1,1,1,0.842105263157895,0.807017543859649,0.807017543859649,0.771929824561403,0.754385964912281,0.719298245614035,0.701754385964912,0.649122807017544,0,0,0,0,0,0,0,0,2595,10.319061,-1.70132105328423
"596",199,199,2,12.0157565525259,24.7433453175919,26.569007494909,27.9073052793691,30.0166282289641,31.9470717573553,35.9274319362625,37.4772750564587,40.7928535913117,1,1,1,1,1,1,1,1,0.827586206896552,0.793103448275862,0.793103448275862,0.758620689655172,0.741379310344828,0.706896551724138,0.689655172413793,0.637931034482759,0,0,0,0,0,0,0,0,2596,8.978689,-3.03706755252593
"597",199,199,3,11.9939106404171,24.721499405483,26.5471615828002,27.8854593672602,29.9947823168552,31.9252258452465,35.9055860241537,37.4554291443499,40.7710076792028,1,1,1,1,1,1,1,1,0.842105263157895,0.824561403508772,0.807017543859649,0.771929824561403,0.754385964912281,0.719298245614035,0.701754385964912,0.649122807017544,0,0,0,0,0,0,0,0,2597,10.135514,-1.85839664041707
"598",200,200,1,12.0080484633337,24.7237795486884,26.5477408447342,27.8847918017882,29.9921495970711,31.9207946244672,35.8974464940467,37.4458457002651,40.7583352707392,1,1,1,1,1,1,1,1,0.842105263157895,0.824561403508772,0.807017543859649,0.771929824561403,0.754385964912281,0.719298245614035,0.701754385964912,0.649122807017544,0,0,0,0,0,0,0,0,2598,10.450219,-1.55782946333367
"599",200,200,2,12.0132494017541,24.7289804871089,26.5529417831547,27.8899927402087,29.9973505354916,31.9259955628877,35.9026474324671,37.4510466386855,40.7635362091596,1,1,1,1,1,1,1,1,0.827586206896552,0.810344827586207,0.793103448275862,0.758620689655172,0.741379310344828,0.706896551724138,0.689655172413793,0.637931034482759,0,0,0,0,0,0,0,0,2599,8.886388,-3.12686140175413
"600",200,200,3,11.9874049165028,24.7031360018576,26.5270972979034,27.8641482549574,29.9715060502403,31.9001510776364,35.8768029472158,37.4252021534342,40.7376917239083,1,1,1,1,1,1,1,1,0.842105263157895,0.824561403508772,0.807017543859649,0.771929824561403,0.754385964912281,0.719298245614035,0.701754385964912,0.649122807017544,0,0,0,0,0,0,0,0,2600,10.238056,-1.74934891650284
"601",201,201,1,11.9858705856074,24.62204120569,26.4345902432996,27.7632754685272,29.8574478350241,31.7740256132236,35.7257961550331,37.2645072544139,40.5562710632572,1,1,1,1,1,1,1,1,0.842105263157895,0.824561403508772,0.807017543859649,0.771929824561403,0.754385964912281,0.719298245614035,0.701754385964912,0.666666666666667,0,0,0,0,0,0,0,0,2601,9.705946,-2.27992458560737
"602",201,201,2,11.9762130732489,24.6123836933315,26.4249327309411,27.7536179561687,29.8477903226656,31.7643681008651,35.7161386426746,37.2548497420554,40.5466135508987,1,1,1,1,1,1,1,1,0.827586206896552,0.810344827586207,0.793103448275862,0.758620689655172,0.741379310344828,0.706896551724138,0.689655172413793,0.655172413793103,0,0,0,0,0,0,0,0,2602,9.014304,-2.96190907324887
"603",201,201,3,11.9636601402789,24.5998307603615,26.4123797979711,27.7410650231987,29.8352373896956,31.7518151678951,35.7035857097046,37.2422968090854,40.5340606179287,1,1,1,1,1,1,1,1,0.842105263157895,0.824561403508772,0.807017543859649,0.771929824561403,0.754385964912281,0.719298245614035,0.701754385964912,0.666666666666667,0,0,0,0,0,0,0,0,2603,10.437698,-1.52596214027889
"604",202,202,1,11.9896963175156,24.6257170030136,26.4382445338079,27.7669139935103,29.8610615115881,31.7776165486184,35.7293402006627,37.2680330424544,40.5597577928477,1,1,1,1,1,1,1,1,0.979591836734694,0.959183673469388,0.938775510204082,0.897959183673469,0.877551020408163,0.836734693877551,0.816326530612245,0.775510204081633,0,0,0,0,0,0,0,0,2604,22.54893,10.5592336824844
"605",202,202,2,12.2081610084938,24.8441816939919,26.6567092247862,27.9853786844885,30.0795262025663,31.9960812395967,35.9478048916409,37.4864977334327,40.778222483826,1,1,1,1,1,1,1,1,0.827586206896552,0.793103448275862,0.793103448275862,0.758620689655172,0.741379310344828,0.689655172413793,0.689655172413793,0.637931034482759,0,0,0,0,0,0,0,0,2605,8.975145,-3.2330160084938
"606",202,202,3,11.963314510183,24.599335195681,26.4118627264754,27.7405321861777,29.8346797042555,31.7512347412858,35.7029583933301,37.2416512351219,40.5333759855151,1,1,1,1,1,1,1,1,0.842105263157895,0.824561403508772,0.807017543859649,0.771929824561403,0.754385964912281,0.719298245614035,0.701754385964912,0.666666666666667,0,0,0,0,0,0,0,0,2606,9.61015,-2.35316451018298
"607",203,203,1,11.9828039991142,24.6244481229564,26.4377822871894,27.767043047822,29.8621225293513,31.7795304954289,35.7330127924504,37.2723904023777,40.565580076867,1,1,1,1,1,1,1,1,0.888888888888889,0.87037037037037,0.851851851851852,0.814814814814815,0.796296296296296,0.759259259259259,0.740740740740741,0.703703703703704,0,0,0,0,0,0,0,0,2607,15.577779,3.59497500088579
"608",203,203,2,12.0961633045094,24.7378074283516,26.5511415925845,27.8804023532172,29.9754818347465,31.8928898008241,35.8463720978455,37.3857497077729,40.6789393822622,1,1,1,1,1,1,1,1,0.827586206896552,0.810344827586207,0.793103448275862,0.758620689655172,0.741379310344828,0.706896551724138,0.689655172413793,0.637931034482759,0,0,0,0,0,0,0,0,2608,8.974912,-3.12125130450936
"609",203,203,3,11.9707372070196,24.6123813308618,26.4257154950948,27.7549762557274,29.8500557372568,31.7674637033343,35.7209460003558,37.2603236102831,40.5535132847724,1,1,1,1,1,1,1,1,0.842105263157895,0.824561403508772,0.807017543859649,0.771929824561403,0.754385964912281,0.719298245614035,0.701754385964912,0.666666666666667,0,0,0,0,0,0,0,0,2609,9.533221,-2.43751620701962
"610",204,204,1,11.9530883226995,24.4431485582731,26.2347393289528,27.5480611410875,29.6180188670183,31.5124355075968,35.4185122446363,36.9394314292718,40.1931330046835,1,1,1,1,1,1,1,1,0.905660377358491,0.886792452830189,0.867924528301887,0.849056603773585,0.811320754716981,0.773584905660377,0.754716981132076,0.716981132075472,0,0,0,0,0,0,0,0,2610,16.645879,4.69279067730054
"611",204,204,2,12.0911662675269,24.5812265031006,26.3728172737803,27.686139085915,29.7560968118458,31.6505134524243,35.5565901894637,37.0775093740992,40.331210949511,1,1,1,1,1,1,1,1,0.827586206896552,0.810344827586207,0.793103448275862,0.758620689655172,0.741379310344828,0.706896551724138,0.689655172413793,0.655172413793103,0,0,0,0,0,0,0,0,2611,9.18017,-2.91099626752695
"612",204,204,3,11.946234547852,24.4362947834256,26.2278855541053,27.54120736624,29.6111650921708,31.5055817327493,35.4116584697888,36.9325776544243,40.186279229836,1,1,1,1,1,1,1,1,0.842105263157895,0.824561403508772,0.807017543859649,0.789473684210526,0.754385964912281,0.719298245614035,0.701754385964912,0.666666666666667,0,0,0,0,0,0,0,0,2612,9.57086,-2.37537454785196
"613",205,205,1,11.9593991047522,24.4506123410588,26.2423684996896,27.5558115491109,29.6259603600109,31.5205518807528,35.4269892012687,36.9480487872234,40.2020507231003,1,1,1,1,1,1,1,1,0.888888888888889,0.87037037037037,0.851851851851852,0.833333333333333,0.796296296296296,0.759259259259259,0.740740740740741,0.703703703703704,0,0,0,0,0,0,0,0,2613,15.506877,3.54747789524782
"614",205,205,2,12.0725381654642,24.5637514017708,26.3555075604016,27.6689506098229,29.7390994207229,31.6336909414648,35.5401282619807,37.0611878479354,40.3151897838123,0,0,0,0,0,0,0,0,0,0,0,0,0,0,0,0,0,0,0,0,0,0,0,0,2614,84.317054,72.2445158345358
"615",205,205,3,13.3840436401294,25.875256876436,27.6670130350669,28.9804560844881,31.0506048953881,32.94519641613,36.8516337366459,38.3726933226007,41.6266952584775,1,1,1,1,1,1,1,1,0.824561403508772,0.807017543859649,0.789473684210526,0.771929824561403,0.736842105263158,0.701754385964912,0.684210526315789,0.649122807017544,1,1,1,1,1,1,1,1,2615,9.775613,-3.60843064012941
"616",206,206,1,12.0008162582741,24.7722817485973,26.6042376614558,27.9471490553973,30.0637436245618,32.0008421087254,35.9949240673993,37.550110072413,40.8771186378183,0,1,1,1,1,1,1,1,0,0.978723404255319,0.978723404255319,0.936170212765957,0.914893617021277,0.851063829787234,0.829787234042553,0.787234042553192,1,1,1,1,1,1,1,1,2616,25.216233,13.2154167417259
"617",206,206,2,12.2933835085968,25.06484899892,26.8968049117785,28.2397163057199,30.3563108748845,32.2934093590481,36.2874913177219,37.8426773227357,41.169685888141,1,1,1,1,1,1,1,1,0.810344827586207,0.793103448275862,0.775862068965517,0.758620689655172,0.741379310344828,0.689655172413793,0.672413793103448,0.637931034482759,1,0,0,0,0,0,0,0,2617,9.069431,-3.22395250859679
"618",206,206,3,11.9874355957122,24.7589010860354,26.5908569988939,27.9337683928353,30.0503629619999,31.9874614461635,35.9815434048373,37.536729409851,40.8637379752564,1,1,1,1,1,1,1,1,0.842105263157895,0.807017543859649,0.807017543859649,0.771929824561403,0.754385964912281,0.701754385964912,0.684210526315789,0.649122807017544,1,0,0,0,0,0,0,0,2618,9.575733,-2.41170259571219
"619",207,207,1,12.0066746337225,24.7853735603579,26.6183670468944,27.9620390320185,30.0798323870253,32.0180279949706,36.014372101046,37.5704389242344,40.8993318234765,1,1,1,1,1,1,1,1,0.905660377358491,0.867924528301887,0.867924528301887,0.830188679245283,0.811320754716981,0.754716981132076,0.735849056603774,0.69811320754717,0,0,0,0,0,0,0,0,2619,16.274971,4.26829636627753
"620",207,207,2,12.1330808586266,24.911779785262,26.7447732717985,28.0884452569226,30.2062386119295,32.1444342198747,36.1407783259501,37.6968451491385,41.0257380483806,1,1,1,1,1,1,1,1,0.827586206896552,0.793103448275862,0.793103448275862,0.758620689655172,0.741379310344828,0.689655172413793,0.672413793103448,0.637931034482759,0,0,0,0,0,0,0,0,2620,9.083885,-3.0491958586266
"621",207,207,3,11.9973940783956,24.7760930050311,26.6090864915676,27.9527584766916,30.0705518316985,32.0087474396437,36.0050915457192,37.5611583689076,40.8900512681496,1,1,1,1,1,1,1,1,0.842105263157895,0.807017543859649,0.807017543859649,0.771929824561403,0.754385964912281,0.701754385964912,0.684210526315789,0.649122807017544,0,0,0,0,0,0,0,0,2621,9.559402,-2.43799207839563
"622",208,208,1,11.9986084171124,24.7659793881014,26.5973479776875,27.9398288355506,30.0557448265683,31.9922222788541,35.9850237387618,37.5397111526647,40.8656530823807,1,1,1,1,1,1,1,1,0.905660377358491,0.867924528301887,0.867924528301887,0.830188679245283,0.811320754716981,0.754716981132076,0.735849056603774,0.69811320754717,0,0,0,0,0,0,0,0,2622,15.832207,3.83359858288761
"623",208,208,2,12.1181855463248,24.8855565173138,26.7169251068999,28.0594059647631,30.1753219557807,32.1117994080665,36.1046008679742,37.6592882818771,40.9852302115931,1,1,1,1,1,1,1,1,0.827586206896552,0.793103448275862,0.793103448275862,0.758620689655172,0.741379310344828,0.689655172413793,0.672413793103448,0.637931034482759,0,0,0,0,0,0,0,0,2623,8.892212,-3.22597354632481
"624",208,208,3,11.9858899179977,24.7532608889867,26.5846294785728,27.9271103364359,30.0430263274536,31.9795037797394,35.9723052396471,37.52699265355,40.852934583266,1,1,1,1,1,1,1,1,0.842105263157895,0.807017543859649,0.807017543859649,0.771929824561403,0.754385964912281,0.701754385964912,0.684210526315789,0.649122807017544,0,0,0,0,0,0,0,0,2624,9.898825,-2.08706491799768
"625",209,209,1,12.0072884202592,24.7756213178623,26.607127887475,27.9497098913038,30.0657853008823,32.0024086523671,35.9955109402211,37.5503154882782,40.8765080030259,1,1,1,1,1,1,1,1,0.888888888888889,0.851851851851852,0.851851851851852,0.814814814814815,0.796296296296296,0.740740740740741,0.722222222222222,0.685185185185185,0,0,0,0,0,0,0,0,2625,15.428631,3.42134257974076
"626",209,209,2,12.1121292670882,24.8804621646913,26.7119687343041,28.0545507381329,30.1706261477113,32.1072494991961,36.1003517870501,37.6551563351072,40.9813488498549,1,1,1,1,1,1,1,1,0.827586206896552,0.793103448275862,0.793103448275862,0.758620689655172,0.741379310344828,0.689655172413793,0.672413793103448,0.637931034482759,0,0,0,0,0,0,0,0,2626,9.323265,-2.78886426708825
"627",209,209,3,11.9963762476078,24.7647091452109,26.5962157148236,27.9387977186524,30.0548731282308,31.9914964797157,35.9845987675697,37.5394033156268,40.8655958303745,1,1,1,1,1,1,1,1,0.842105263157895,0.807017543859649,0.807017543859649,0.771929824561403,0.754385964912281,0.701754385964912,0.684210526315789,0.649122807017544,0,0,0,0,0,0,0,0,2627,10.032425,-1.96395124760781
"628",210,210,1,12.01465020263,24.7821879575554,26.6135804708502,27.9560788659371,30.07202249779,32.0085252468525,36.0013788659045,37.5560865891481,40.8820719666255,1,1,1,1,1,1,1,1,0.923076923076923,0.884615384615385,0.884615384615385,0.846153846153846,0.826923076923077,0.769230769230769,0.75,0.711538461538462,0,0,0,0,0,0,0,0,2628,17.618804,5.60415379736997
"629",210,210,2,12.155462056257,24.9229998111824,26.7543923244771,28.096890719564,30.212834351417,32.1493371004794,36.1421907195314,37.696898442775,41.0228838202525,1,1,1,1,1,1,1,1,0.827586206896552,0.793103448275862,0.793103448275862,0.758620689655172,0.741379310344828,0.689655172413793,0.672413793103448,0.637931034482759,0,0,0,0,0,0,0,0,2629,8.857613,-3.297849056257
"630",210,210,3,11.9928443509341,24.7603821058595,26.5917746191542,27.9342730142411,30.0502166460941,31.9867193951565,35.9795730142085,37.5342807374521,40.8602661149295,1,1,1,1,1,1,1,1,0.842105263157895,0.807017543859649,0.807017543859649,0.771929824561403,0.754385964912281,0.701754385964912,0.684210526315789,0.649122807017544,0,0,0,0,0,0,0,0,2630,9.549412,-2.44343235093409
"631",211,211,1,12.0118018180342,24.7807033731059,26.6122915116986,27.954933309495,30.0711029617671,32.0078125637704,36.0010926906154,37.5559664842996,40.8823071361793,1,1,1,1,1,1,1,1,0.888888888888889,0.851851851851852,0.851851851851852,0.814814814814815,0.796296296296296,0.740740740740741,0.722222222222222,0.685185185185185,0,0,0,0,0,0,0,0,2631,15.319643,3.30784118196585
"632",211,211,2,12.1175416383961,24.8864431934679,26.7180313320605,28.0606731298569,30.176842782129,32.1135523841324,36.1068325109774,37.6617063046616,40.9880469565413,1,1,1,1,1,1,1,1,0.827586206896552,0.793103448275862,0.793103448275862,0.758620689655172,0.741379310344828,0.689655172413793,0.672413793103448,0.637931034482759,0,0,0,0,0,0,0,0,2632,9.276617,-2.84092463839612
"633",211,211,3,12.0068028337135,24.7757043887852,26.6072925273779,27.9499343251743,30.0661039774464,32.0028135794498,35.9960937062947,37.5509674999789,40.8773081518586,1,1,1,1,1,1,1,1,0.842105263157895,0.807017543859649,0.807017543859649,0.771929824561403,0.754385964912281,0.701754385964912,0.684210526315789,0.649122807017544,0,0,0,0,0,0,0,0,2633,9.605949,-2.40085383371348
"634",212,212,1,12.0054306429948,24.7632560256041,26.5932553833595,27.9347325287351,30.0490665446427,31.984096179934,35.9739124019799,37.5274374461086,40.8508927188059,1,1,1,1,1,1,1,1,0.905660377358491,0.867924528301887,0.867924528301887,0.830188679245283,0.811320754716981,0.754716981132076,0.735849056603774,0.69811320754717,0,0,0,0,0,0,0,0,2634,15.784523,3.77909235700515
"635",212,212,2,12.1193010455838,24.877126428193,26.7071257859485,28.048602931324,30.1629369472317,32.097966582523,36.0877828045689,37.6413078486976,40.9647631213949,1,1,1,1,1,1,1,1,0.827586206896552,0.793103448275862,0.793103448275862,0.758620689655172,0.741379310344828,0.689655172413793,0.672413793103448,0.637931034482759,0,0,0,0,0,0,0,0,2635,9.316649,-2.8026520455838
"636",212,212,3,12.000098877531,24.7579242601402,26.5879236178957,27.9294007632712,30.0437347791789,31.9787644144702,35.9685806365161,37.5221056806448,40.8455609533421,1,1,1,1,1,1,1,1,0.842105263157895,0.807017543859649,0.807017543859649,0.771929824561403,0.754385964912281,0.701754385964912,0.684210526315789,0.649122807017544,0,0,0,0,0,0,0,0,2636,9.694527,-2.30557187753101
"637",213,213,1,12.0098070942305,24.76678981466,26.5966682998371,27.9380568398257,30.0522512026767,31.9871530280755,35.9767057203165,37.5301281531646,40.8533639096058,1,1,1,1,1,1,1,1,0.905660377358491,0.867924528301887,0.867924528301887,0.830188679245283,0.811320754716981,0.754716981132076,0.735849056603774,0.69811320754717,0,0,0,0,0,0,0,0,2637,16.546463,4.53665590576947
"638",213,213,2,12.1334220704782,24.8904047909077,26.7202832760848,28.0616718160733,30.1758661789243,32.1107680043232,36.1003206965641,37.6537431294123,40.9769788858534,1,1,1,1,1,1,1,1,0.842105263157895,0.807017543859649,0.807017543859649,0.771929824561403,0.754385964912281,0.701754385964912,0.684210526315789,0.649122807017544,0,0,0,0,0,0,0,0,2638,9.763262,-2.37016007047821
"639",213,213,3,12.011047134329,24.7680298547585,26.5979083399356,27.9392968799242,30.0534912427752,31.988393068174,35.977945760415,37.5313681932631,40.8546039497043,1,1,1,1,1,1,1,1,0.827586206896552,0.793103448275862,0.793103448275862,0.758620689655172,0.741379310344828,0.689655172413793,0.672413793103448,0.637931034482759,0,0,0,0,0,0,0,0,2639,9.233362,-2.77768513432904
"640",214,214,1,12.004698425768,24.7626816533431,26.5927036525893,27.9341973952617,30.0485575705633,31.9836111468224,35.9734767324852,37.5270209974529,40.8505173892805,0,1,1,1,1,1,1,1,0,0.978723404255319,0.978723404255319,0.936170212765957,0.914893617021277,0.851063829787234,0.829787234042553,0.787234042553192,0,0,0,0,0,0,0,0,2640,26.147503,14.142804574232
"641",214,214,2,12.3078156720975,25.0657988996726,26.8958208989188,28.2373146415911,30.3516748168928,32.2867283931519,36.2765939788147,37.8301382437824,41.15363463561,1,1,1,1,1,1,1,1,0.824561403508772,0.807017543859649,0.789473684210526,0.771929824561403,0.754385964912281,0.701754385964912,0.684210526315789,0.649122807017544,1,0,0,0,0,0,0,0,2641,9.649329,-2.65848667209753
"642",214,214,3,12.0121529439492,24.7701361715243,26.6001581707705,27.9416519134429,30.0560120887445,31.9910656650036,35.9809312506664,37.5344755156341,40.8579719074617,1,1,1,1,1,1,1,1,0.842105263157895,0.807017543859649,0.807017543859649,0.771929824561403,0.754385964912281,0.701754385964912,0.684210526315789,0.649122807017544,1,0,0,0,0,0,0,0,2642,9.399234,-2.61291894394924
"643",215,215,1,12.016029994174,24.7844400335104,26.6159576684355,27.9585477836681,30.0746359778227,32.0112710296982,36.0043974424582,37.5592113840923,40.8854239945141,1,1,1,1,1,1,1,1,0.888888888888889,0.851851851851852,0.851851851851852,0.814814814814815,0.796296296296296,0.740740740740741,0.722222222222222,0.685185185185185,0,0,0,0,0,0,0,0,2643,14.977789,2.96175900582603
"644",215,215,2,12.1191903598399,24.8876003991764,26.7191180341015,28.061708149334,30.1777963434886,32.1144313953641,36.1075578081242,37.6623717497583,40.98858436018,1,1,1,1,1,1,1,1,0.842105263157895,0.807017543859649,0.807017543859649,0.771929824561403,0.754385964912281,0.701754385964912,0.684210526315789,0.649122807017544,0,0,0,0,0,0,0,0,2644,10.149459,-1.96973135983991
"645",215,215,3,12.0299033870744,24.7983134264109,26.629831061336,27.9724211765685,30.0885093707231,32.0251444225986,36.0182708353587,37.5730847769928,40.8992973874145,1,1,1,1,1,1,1,1,0.827586206896552,0.793103448275862,0.793103448275862,0.758620689655172,0.741379310344828,0.689655172413793,0.672413793103448,0.637931034482759,0,0,0,0,0,0,0,0,2645,9.151156,-2.87874738707442
"646",216,216,1,11.9733312054806,24.5212814089354,26.3211759932249,27.640584898303,29.7201366361128,31.6233336761776,35.5475146218905,37.0754830890025,40.3442651905401,1,1,1,1,1,1,1,1,0.872727272727273,0.854545454545454,0.836363636363636,0.8,0.781818181818182,0.745454545454545,0.727272727272727,0.690909090909091,0,0,0,0,0,0,0,0,2646,13.080843,1.1075117945194
"647",216,216,2,12.0498501269112,24.597800330366,26.3976949146555,27.7171038197336,29.7966555575434,31.6998525976082,35.6240335433211,37.1520020104331,40.4207841119707,1,1,1,1,1,1,1,1,0.842105263157895,0.824561403508772,0.807017543859649,0.771929824561403,0.754385964912281,0.719298245614035,0.701754385964912,0.666666666666667,0,0,0,0,0,0,0,0,2647,9.689191,-2.3606591269112
"648",216,216,3,11.9838078306907,24.5317580341455,26.331652618435,27.651061523513,29.7306132613229,31.6338103013877,35.5579912471006,37.0859597142125,40.3547418157501,1,1,1,1,1,1,1,1,0.842105263157895,0.824561403508772,0.807017543859649,0.771929824561403,0.754385964912281,0.719298245614035,0.701754385964912,0.666666666666667,0,0,0,0,0,0,0,0,2648,9.470091,-2.51371683069067
"649",217,217,1,11.9802706782653,24.5280053681505,26.3278690388883,27.6472552828529,29.7267713039432,31.6299356562159,35.5540492033314,37.0819914272775,40.3507173868247,1,1,1,1,1,1,1,1,0.857142857142857,0.839285714285714,0.821428571428571,0.785714285714286,0.767857142857143,0.732142857142857,0.714285714285714,0.678571428571429,0,0,0,0,0,0,0,0,2649,11.565451,-0.414819678265347
"650",217,217,2,12.0208583148225,24.5685930047077,26.3684566754455,27.6878429194101,29.7673589405004,31.670523292773,35.5946368398886,37.1225790638347,40.3913050233819,1,1,1,1,1,1,1,1,0.842105263157895,0.824561403508772,0.807017543859649,0.771929824561403,0.754385964912281,0.719298245614035,0.701754385964912,0.666666666666667,0,0,0,0,0,0,0,0,2650,10.094028,-1.92683031482251
"651",217,217,3,11.9923564908181,24.5400911807033,26.3399548514411,27.6593410954057,29.738857116496,31.6420214687686,35.5661350158842,37.0940772398303,40.3628031993775,1,1,1,1,1,1,1,1,0.827586206896552,0.810344827586207,0.793103448275862,0.758620689655172,0.741379310344828,0.706896551724138,0.689655172413793,0.655172413793103,0,0,0,0,0,0,0,0,2651,9.163532,-2.82882449081811
"652",218,218,1,11.9725303940226,24.5199216715152,26.3197360827249,27.639086217097,29.7185453250001,31.6216575905623,35.5456637406652,37.0735641471591,40.3422006466539,0,0,0,1,1,1,1,1,0,0,0,0.977777777777778,0.955555555555556,0.911111111111111,0.888888888888889,0.844444444444444,0,0,0,0,0,0,0,0,2652,28.340976,16.3684456059774
"653",218,218,2,12.3470312445945,24.894422522087,26.6942369332967,28.0135870676688,30.093046175572,31.9961584411342,35.920164591237,37.4480649977309,40.7167014972258,1,1,1,1,1,1,1,1,0.842105263157895,0.807017543859649,0.807017543859649,0.771929824561403,0.754385964912281,0.719298245614035,0.701754385964912,0.649122807017544,1,1,1,0,0,0,0,0,2653,9.727892,-2.61913924459446
"654",218,218,3,11.9835513256978,24.5309426031903,26.3307570144001,27.6501071487721,29.7295662566753,31.6326785222375,35.5566846723403,37.0845850788343,40.3532215783291,1,1,1,1,1,1,1,1,0.827586206896552,0.810344827586207,0.793103448275862,0.758620689655172,0.741379310344828,0.706896551724138,0.689655172413793,0.655172413793103,1,1,1,0,0,0,0,0,2654,9.306235,-2.67731632569782
"655",219,219,1,11.9883775595164,24.5497692501828,26.3515918991877,27.6724141680133,29.7541935420216,31.6594293054046,35.5878138721985,37.1174191141045,40.3897027670591,1,1,1,1,1,1,1,1,0.857142857142857,0.839285714285714,0.821428571428571,0.785714285714286,0.767857142857143,0.732142857142857,0.714285714285714,0.678571428571429,0,0,0,0,0,0,0,0,2655,11.30246,-0.685917559516406
"656",219,219,2,12.0248229901919,24.5862146808583,26.3880373298632,27.7088595986888,29.7906389726971,31.6958747360801,35.624259302874,37.15386454478,40.4261481977346,1,1,1,1,1,1,1,1,0.842105263157895,0.824561403508772,0.807017543859649,0.771929824561403,0.754385964912281,0.719298245614035,0.701754385964912,0.666666666666667,0,0,0,0,0,0,0,0,2656,10.089541,-1.93528199019188
"657",219,219,3,12.0026785148299,24.5640702054963,26.3658928545012,27.6867151233268,29.7684944973351,31.6737302607181,35.602114827512,37.131720069418,40.4040037223726,1,1,1,1,1,1,1,1,0.827586206896552,0.810344827586207,0.793103448275862,0.758620689655172,0.741379310344828,0.706896551724138,0.689655172413793,0.655172413793103,0,0,0,0,0,0,0,0,2657,9.263097,-2.7395815148299
"658",220,220,1,11.9784337280051,24.5292594889997,26.3295665470685,27.649277815175,29.7293061145413,31.6329393017464,35.5580195344283,37.0863381592294,40.3558693529187,1,1,1,1,1,1,1,1,0.857142857142857,0.839285714285714,0.821428571428571,0.785714285714286,0.767857142857143,0.732142857142857,0.714285714285714,0.678571428571429,0,0,0,0,0,0,0,0,2658,11.740885,-0.237548728005121
"659",220,220,2,12.0234447700307,24.5742705310253,26.3745775890941,27.6942888572006,29.7743171565669,31.677950343772,35.6030305764539,37.131349201255,40.4008803949443,1,1,1,1,1,1,1,1,0.842105263157895,0.824561403508772,0.807017543859649,0.771929824561403,0.754385964912281,0.719298245614035,0.701754385964912,0.666666666666667,0,0,0,0,0,0,0,0,2659,9.770539,-2.25290577003073
"660",220,220,3,11.9876518262393,24.5384775872339,26.3387846453027,27.6584959134092,29.7385242127755,31.6421573999806,35.5672376326626,37.0955562574636,40.3650874511529,1,1,1,1,1,1,1,1,0.827586206896552,0.810344827586207,0.793103448275862,0.758620689655172,0.741379310344828,0.706896551724138,0.689655172413793,0.655172413793103,0,0,0,0,0,0,0,0,2660,9.269549,-2.71810282623933
"661",221,221,1,11.9787867988906,24.5294266369465,26.3297070259828,27.6493987444118,29.7293962310665,31.6330012186071,35.5580233067123,37.0863192916093,40.3558020517646,1,1,1,1,1,1,1,1,0.857142857142857,0.839285714285714,0.821428571428571,0.785714285714286,0.767857142857143,0.732142857142857,0.714285714285714,0.678571428571429,0,0,0,0,0,0,0,0,2661,11.360316,-0.618470798890566
"662",221,221,2,12.0167686244335,24.5674084624894,26.3676888515258,27.6873805699547,29.7673780566094,31.67098304415,35.5960051322552,37.1243011171523,40.3937838773075,1,1,1,1,1,1,1,1,0.842105263157895,0.824561403508772,0.807017543859649,0.771929824561403,0.754385964912281,0.719298245614035,0.701754385964912,0.666666666666667,0,0,0,0,0,0,0,0,2662,10.020639,-1.99612962443349
"663",221,221,3,11.9924314419077,24.5430712799636,26.343351669,27.6630433874289,29.7430408740837,31.6466458616242,35.5716679497294,37.0999639346265,40.3694466947817,1,1,1,1,1,1,1,1,0.827586206896552,0.810344827586207,0.793103448275862,0.758620689655172,0.741379310344828,0.706896551724138,0.689655172413793,0.655172413793103,0,0,0,0,0,0,0,0,2663,9.227125,-2.76530644190772
"664",222,222,1,11.9745797381517,24.5250335467651,26.3252872514921,27.6449594090446,29.7249260653371,31.6285028370592,35.5534667472803,37.0817400793044,40.3511743781809,1,1,1,1,1,1,1,1,0.872727272727273,0.854545454545454,0.836363636363636,0.8,0.781818181818182,0.745454545454545,0.727272727272727,0.690909090909091,0,0,0,0,0,0,0,0,2664,12.753928,0.779348261848259
"665",222,222,2,12.0397008941058,24.5901547027192,26.3904084074461,27.7100805649986,29.7900472212911,31.6936239930132,35.6185879032343,37.1468612352584,40.4162955341349,1,1,1,1,1,1,1,1,0.842105263157895,0.824561403508772,0.807017543859649,0.771929824561403,0.754385964912281,0.719298245614035,0.701754385964912,0.666666666666667,0,0,0,0,0,0,0,0,2665,9.61222,-2.42748089410576
"666",222,222,3,11.9816903795888,24.5321441882022,26.3323978929291,27.6520700504817,29.7320367067741,31.6356134784963,35.5605773887173,37.0888507207414,40.3582850196179,1,1,1,1,1,1,1,1,0.827586206896552,0.810344827586207,0.793103448275862,0.758620689655172,0.741379310344828,0.706896551724138,0.689655172413793,0.655172413793103,0,0,0,0,0,0,0,0,2666,9.265931,-2.71575937958879
"667",223,223,1,11.9782363731388,24.5284705774751,26.3286927818739,27.6483418481778,29.7282721098043,31.6318155732806,35.5567108055977,37.0849573963289,40.3543344875725,1,1,1,1,1,1,1,1,0.857142857142857,0.839285714285714,0.821428571428571,0.785714285714286,0.767857142857143,0.732142857142857,0.714285714285714,0.678571428571429,0,0,0,0,0,0,0,0,2667,11.5959,-0.382336373138759
"668",223,223,2,12.0215754186213,24.5718096229576,26.3720318273564,27.6916808936603,29.7716111552868,31.6751546187631,35.6000498510802,37.1282964418114,40.397673533055,1,1,1,1,1,1,1,1,0.827586206896552,0.810344827586207,0.793103448275862,0.758620689655172,0.741379310344828,0.706896551724138,0.689655172413793,0.655172413793103,0,0,0,0,0,0,0,0,2668,8.585936,-3.43563941862125
"669",223,223,3,11.9655879927385,24.5158221970749,26.3160444014737,27.6356934677775,29.715623729404,31.6191671928803,35.5440624251974,37.0723090159287,40.3416861071722,1,1,1,1,1,1,1,1,0.827586206896552,0.810344827586207,0.793103448275862,0.758620689655172,0.741379310344828,0.706896551724138,0.689655172413793,0.655172413793103,0,0,0,0,0,0,0,0,2669,9.090207,-2.87538099273847
"670",224,224,1,11.9636985821559,24.5034789408486,26.3022016317926,27.620751482941,29.6989492454324,31.6009071329569,35.5225330837404,37.0495067058796,40.3161605361141,1,1,1,1,1,1,1,1,0.857142857142857,0.839285714285714,0.821428571428571,0.785714285714286,0.767857142857143,0.732142857142857,0.714285714285714,0.678571428571429,0,0,0,0,0,0,0,0,2670,12.377622,0.413923417844142
"671",224,224,2,12.0256530776293,24.565433436322,26.3641561272661,27.6827059784144,29.7609037409058,31.6628616284304,35.5844875792138,37.1114612013531,40.3781150315875,1,1,1,1,1,1,1,1,0.827586206896552,0.810344827586207,0.793103448275862,0.758620689655172,0.741379310344828,0.706896551724138,0.689655172413793,0.655172413793103,0,0,0,0,0,0,0,0,2671,8.539839,-3.4858140776293
"672",224,224,3,11.953326368193,24.4931067268857,26.2918294178298,27.6103792689781,29.6885770314695,31.5905349189941,35.5121608697775,37.0391344919168,40.3057883221512,1,1,1,1,1,1,1,1,0.827586206896552,0.810344827586207,0.793103448275862,0.758620689655172,0.741379310344828,0.706896551724138,0.689655172413793,0.655172413793103,0,0,0,0,0,0,0,0,2672,9.227289,-2.72603736819299
"673",225,225,1,11.9702989905747,24.5086295700212,26.3071443027115,27.6255417105032,29.7034992033966,31.6052371971915,35.5264097515237,37.053206833516,40.3194829915113,1,1,1,1,1,1,1,1,0.857142857142857,0.839285714285714,0.821428571428571,0.785714285714286,0.767857142857143,0.732142857142857,0.714285714285714,0.678571428571429,0,0,0,0,0,0,0,0,2673,11.309652,-0.660646990574699
"674",225,225,2,12.0092578696795,24.547588449126,26.3461031818163,27.664500589608,29.7424580825014,31.6441960762963,35.5653686306285,37.0921657126208,40.3584418706161,1,1,1,1,1,1,1,1,0.827586206896552,0.810344827586207,0.793103448275862,0.758620689655172,0.741379310344828,0.706896551724138,0.689655172413793,0.655172413793103,0,0,0,0,0,0,0,0,2674,9.027323,-2.9819348696795
"675",225,225,3,11.9665578315073,24.5048884109538,26.3034031436441,27.6218005514358,29.6997580443292,31.6014960381241,35.5226685924563,37.0494656744486,40.3157418324439,1,1,1,1,1,1,1,1,0.827586206896552,0.810344827586207,0.793103448275862,0.758620689655172,0.741379310344828,0.706896551724138,0.689655172413793,0.655172413793103,0,0,0,0,0,0,0,0,2675,9.323235,-2.6433228315073
"676",226,226,1,11.9722687827391,24.5103891441043,26.3088737228348,27.6272490263302,29.7051716801169,31.6068777893073,35.5279846011257,37.0547560847857,40.3209774802826,0,0,0,1,1,1,1,1,0,0,0,1,0.977272727272727,0.931818181818182,0.909090909090909,0.863636363636364,0,0,0,0,0,0,0,0,2676,30.401299,18.4290302172609
"677",226,226,2,12.364048915624,24.9021692769892,26.7006538557197,28.0190291592151,30.0969518130018,31.9986579221922,35.9197647340106,37.4465362176706,40.7127576131675,1,1,1,1,1,1,1,1,0.827586206896552,0.793103448275862,0.793103448275862,0.758620689655172,0.741379310344828,0.706896551724138,0.689655172413793,0.637931034482759,1,1,1,0,0,0,0,0,2677,8.377332,-3.98671691562396
"678",226,226,3,11.9546871868659,24.4928075482312,26.2912921269616,27.6096674304571,29.6875900842438,31.5892961934341,35.5104030052525,37.0371744889125,40.3033958844095,1,1,1,1,1,1,1,1,0.842105263157895,0.824561403508772,0.807017543859649,0.771929824561403,0.754385964912281,0.719298245614035,0.701754385964912,0.666666666666667,1,1,1,0,0,0,0,0,2678,9.702032,-2.25265518686591
"679",227,227,1,11.9896201470865,24.5460782395519,26.3471932067012,27.6674967108446,29.7484584475061,31.652945912614,35.5797875714635,37.1087920473194,40.3797904817934,1,1,1,1,1,1,1,1,0.857142857142857,0.839285714285714,0.821428571428571,0.785714285714286,0.767857142857143,0.732142857142857,0.714285714285714,0.678571428571429,0,0,0,0,0,0,0,0,2679,12.044548,0.0549278529134973
"680",227,227,2,12.031238242284,24.5876963347494,26.3888113018987,27.7091148060421,29.7900765427036,31.6945640078114,35.621405666661,37.1504101425169,40.4214085769909,1,1,1,1,1,1,1,1,0.827586206896552,0.810344827586207,0.793103448275862,0.758620689655172,0.741379310344828,0.706896551724138,0.689655172413793,0.655172413793103,0,0,0,0,0,0,0,0,2680,8.46706,-3.56417824228397
"681",227,227,3,11.9676791305632,24.5241372230286,26.3252521901779,27.6455556943213,29.7265174309827,31.6310048960906,35.5578465549401,37.0868510307961,40.35784946527,1,1,1,1,1,1,1,1,0.842105263157895,0.824561403508772,0.807017543859649,0.771929824561403,0.754385964912281,0.719298245614035,0.701754385964912,0.666666666666667,0,0,0,0,0,0,0,0,2681,9.395595,-2.57208413056315
"682",228,228,1,11.9798515548629,24.5313883177941,26.3317973629217,27.6515833924252,29.7317295250064,31.6354705526762,35.5607731404207,37.0891783441866,40.3588947562077,1,1,1,1,1,1,1,1,0.857142857142857,0.839285714285714,0.821428571428571,0.785714285714286,0.767857142857143,0.732142857142857,0.714285714285714,0.678571428571429,0,0,0,0,0,0,0,0,2682,11.513151,-0.466700554862879
"683",228,228,2,12.0177936507421,24.5693304136733,26.3697394588009,27.6895254883044,29.7696716208856,31.6734126485554,35.5987152362999,37.1271204400658,40.3968368520869,1,1,1,1,1,1,1,1,0.827586206896552,0.810344827586207,0.793103448275862,0.758620689655172,0.741379310344828,0.706896551724138,0.689655172413793,0.655172413793103,0,0,0,0,0,0,0,0,2683,8.738356,-3.2794376507421
"684",228,228,3,11.9680752310473,24.5196119939785,26.3200210391061,27.6398070686097,29.7199532011908,31.6236942288607,35.5489968166051,37.077402020371,40.3471184323922,1,1,1,1,1,1,1,1,0.842105263157895,0.824561403508772,0.807017543859649,0.771929824561403,0.754385964912281,0.719298245614035,0.701754385964912,0.666666666666667,0,0,0,0,0,0,0,0,2684,9.716839,-2.25123623104733
"685",229,229,1,11.986810069463,24.5380753715874,26.3384454780176,27.6582029635916,29.738304107407,31.6420039615469,35.5672216540449,37.0955938019294,40.3652394975218,0,0,0,0,0,0,0,0,0,0,0,0,0,0,0,0,0,0,0,0,0,0,0,0,2685,92.300098,80.313287930537
"686",229,229,2,13.4456817873866,25.996947089511,27.7973171959412,29.1170746815152,31.1971758253307,33.1008756794705,37.0260933719685,38.554465519853,41.8241112154454,1,1,1,1,1,1,1,1,0.810344827586207,0.793103448275862,0.775862068965517,0.758620689655172,0.724137931034483,0.689655172413793,0.672413793103448,0.637931034482759,1,1,1,1,1,1,1,1,2686,9.022605,-4.42307678738658
"687",229,229,3,11.9745461026435,24.5258114047679,26.3261815111981,27.6459389967721,29.7260401405875,31.6297399947274,35.5549576872254,37.0833298351099,40.3529755307023,1,1,1,1,1,1,1,1,0.842105263157895,0.824561403508772,0.807017543859649,0.771929824561403,0.754385964912281,0.719298245614035,0.701754385964912,0.666666666666667,1,1,1,1,1,1,1,1,2687,9.611195,-2.36335110264347
"688",230,230,1,12.0367365802744,24.9310892957634,26.7806723148399,28.1365052215843,30.2734656942235,32.2292029679428,36.2617160408344,37.8318660680206,41.1908871578317,0,0,0,0,0,0,0,0,0,0,0,0,0,0,0,0,0,0,0,0,0,0,0,0,2688,76.562531,64.5257944197256
"689",230,230,2,12.9158302181468,25.8101829336359,27.6597659527124,29.0155988594568,31.152559332096,33.1082966058153,37.1408096787068,38.7109597058931,42.0699807957041,1,1,1,1,1,1,1,1,0.824561403508772,0.807017543859649,0.789473684210526,0.771929824561403,0.736842105263158,0.701754385964912,0.684210526315789,0.649122807017544,1,1,1,1,1,1,1,1,2689,9.946555,-2.96927521814685
"690",230,230,3,12.0411399702589,24.935492685748,26.7850757048245,28.1409086115689,30.2778690842081,32.2336063579274,36.2661194308189,37.8362694580052,41.1952905478162,1,1,1,1,1,1,1,1,0.842105263157895,0.807017543859649,0.789473684210526,0.771929824561403,0.754385964912281,0.701754385964912,0.684210526315789,0.649122807017544,1,1,1,1,1,1,1,1,2690,9.502325,-2.53881497025894
"691",231,231,1,12.077034084467,25.1863850787767,27.0668077355156,28.4452475731971,30.617839367056,32.6061862767107,36.7059367975862,38.3022672435018,41.7172960887052,1,1,1,1,1,1,1,1,0.810344827586207,0.793103448275862,0.775862068965517,0.758620689655172,0.741379310344828,0.689655172413793,0.672413793103448,0.637931034482759,0,0,0,0,0,0,0,0,2691,9.167731,-2.90930308446695
"692",231,231,2,12.0733398569748,25.1826908512845,27.0631135080234,28.4415533457049,30.6141451395638,32.6024920492185,36.702242570094,38.2985730160096,41.713601861213,1,1,1,1,1,1,1,1,0.810344827586207,0.793103448275862,0.775862068965517,0.758620689655172,0.741379310344828,0.689655172413793,0.672413793103448,0.637931034482759,0,0,0,0,0,0,0,0,2692,8.689921,-3.38341885697477
"693",231,231,3,12.0680643922682,25.1774153865779,27.0578380433168,28.4362778809983,30.6088696748572,32.5972165845119,36.6969671053874,38.293297551303,41.7083263965064,1,1,1,1,1,1,1,1,0.824561403508772,0.807017543859649,0.789473684210526,0.771929824561403,0.754385964912281,0.701754385964912,0.684210526315789,0.649122807017544,0,0,0,0,0,0,0,0,2693,9.583822,-2.48424239226816
"694",232,232,1,12.0677038217712,25.1668837087895,27.0458474084371,28.4232177607192,30.5941239132184,32.5809281309611,36.6774977924306,38.2725896989063,41.6849689373669,1,1,1,1,1,1,1,1,0.824561403508772,0.807017543859649,0.789473684210526,0.771929824561403,0.754385964912281,0.701754385964912,0.684210526315789,0.649122807017544,0,0,0,0,0,0,0,0,2694,10.329915,-1.73778882177116
"695",232,232,2,12.0760416771281,25.1752215641464,27.054185263794,28.4315556160762,30.6024617685753,32.589265986318,36.6858356477875,38.2809275542632,41.6933067927238,1,1,1,1,1,1,1,1,0.810344827586207,0.793103448275862,0.775862068965517,0.758620689655172,0.741379310344828,0.689655172413793,0.672413793103448,0.637931034482759,0,0,0,0,0,0,0,0,2695,8.596756,-3.47928567712807
"696",232,232,3,12.0566730072002,25.1558528942185,27.0348165938661,28.4121869461482,30.5830930986474,32.5698973163901,36.6664669778596,38.2615588843353,41.6739381227959,1,1,1,1,1,1,1,1,0.824561403508772,0.807017543859649,0.789473684210526,0.771929824561403,0.754385964912281,0.701754385964912,0.684210526315789,0.649122807017544,0,0,0,0,0,0,0,0,2696,9.409349,-2.64732400720016
"697",233,233,1,12.0433392190241,25.0901510783688,26.9616030388184,28.3334669266235,30.4956942095712,32.4745555622525,36.5547479180244,38.1434629506942,41.5422001465282,1,1,1,1,1,1,1,1,0.824561403508772,0.807017543859649,0.789473684210526,0.771929824561403,0.754385964912281,0.701754385964912,0.684210526315789,0.649122807017544,0,0,0,0,0,0,0,0,2697,10.142139,-1.90120021902409
"698",233,233,2,12.0523685850982,25.099180444443,26.9706324048925,28.3424962926977,30.5047235756453,32.4835849283267,36.5637772840985,38.1524923167683,41.5512295126023,1,1,1,1,1,1,1,1,0.810344827586207,0.793103448275862,0.775862068965517,0.758620689655172,0.741379310344828,0.689655172413793,0.672413793103448,0.637931034482759,0,0,0,0,0,0,0,0,2698,8.848756,-3.20361258509825
"699",233,233,3,12.0364316473929,25.0832435067376,26.9546954671872,28.3265593549923,30.48878663794,32.4676479906214,36.5478403463932,38.136555379063,41.535292574897,1,1,1,1,1,1,1,1,0.810344827586207,0.793103448275862,0.775862068965517,0.758620689655172,0.741379310344828,0.689655172413793,0.672413793103448,0.637931034482759,0,0,0,0,0,0,0,0,2699,9.355052,-2.68137964739292
"700",234,234,1,12.0439995818332,25.0895930664919,26.960870261664,28.3326060381534,30.4946314018111,32.473307958804,36.5531192863879,38.1416859571284,41.5401057623685,0,1,1,1,1,1,1,1,0,1,0.978260869565217,0.956521739130435,0.934782608695652,0.869565217391304,0.847826086956522,0.804347826086957,0,0,0,0,0,0,0,0,2700,27.261774,15.2177744181668
"701",234,234,2,12.2701171675814,25.3157106522401,27.1869878474122,28.5587236239016,30.7207489875593,32.6994255445522,36.7792368721362,38.3678035428766,41.7662233481168,1,1,1,1,1,1,1,1,0.824561403508772,0.807017543859649,0.789473684210526,0.771929824561403,0.754385964912281,0.701754385964912,0.684210526315789,0.649122807017544,1,0,0,0,0,0,0,0,2701,9.596869,-2.67324816758144
"702",234,234,3,12.0470531321275,25.0926466167862,26.9639238119583,28.3356595884477,30.4976849521054,32.4763615090983,36.5561728366822,38.1447395074227,41.5431593126628,1,1,1,1,1,1,1,1,0.810344827586207,0.793103448275862,0.775862068965517,0.758620689655172,0.741379310344828,0.689655172413793,0.672413793103448,0.637931034482759,1,0,0,0,0,0,0,0,2702,9.358975,-2.68807813212752
"703",235,235,1,12.0544373642359,25.1119041922702,26.9848845155304,28.3578687664502,30.521861880334,32.5023393140918,36.5858638495767,38.1758763416651,41.5773891917199,1,1,1,1,1,1,1,1,0.824561403508772,0.807017543859649,0.789473684210526,0.771929824561403,0.754385964912281,0.701754385964912,0.684210526315789,0.649122807017544,0,0,0,0,0,0,0,0,2703,10.228082,-1.82635536423592
"704",235,235,2,12.0648089688917,25.122275796926,26.9952561201862,28.368240371106,30.5322334849898,32.5127109187476,36.5962354542325,38.1862479463209,41.5877607963758,1,1,1,1,1,1,1,1,0.810344827586207,0.793103448275862,0.775862068965517,0.758620689655172,0.741379310344828,0.689655172413793,0.672413793103448,0.637931034482759,0,0,0,0,0,0,0,0,2704,8.763305,-3.30150396889173
"705",235,235,3,12.0473288566007,25.104795684635,26.9777760078951,28.3507602588149,30.5147533726988,32.4952308064566,36.5787553419415,38.1687678340299,41.5702806840847,1,1,1,1,1,1,1,1,0.810344827586207,0.793103448275862,0.775862068965517,0.758620689655172,0.741379310344828,0.689655172413793,0.672413793103448,0.637931034482759,0,0,0,0,0,0,0,0,2705,9.221767,-2.8255618566007
"706",236,236,1,12.042865968618,25.0908501447679,26.9624702638916,28.3344574200559,30.4968789891945,32.4759181517841,36.5564771318407,38.145334917955,41.5443775061541,1,1,1,1,1,1,1,1,0.824561403508772,0.807017543859649,0.789473684210526,0.771929824561403,0.754385964912281,0.701754385964912,0.684210526315789,0.649122807017544,0,0,0,0,0,0,0,0,2706,10.330181,-1.71268496861796
"707",236,236,2,12.0564568067164,25.1044409828664,26.97606110199,28.3480482581544,30.510469827293,32.4895089898825,36.5700679699392,38.1589257560534,41.5579683442526,1,1,1,1,1,1,1,1,0.810344827586207,0.793103448275862,0.775862068965517,0.758620689655172,0.741379310344828,0.689655172413793,0.672413793103448,0.637931034482759,0,0,0,0,0,0,0,0,2707,8.705876,-3.35058080671643
"708",236,236,3,12.0365403618885,25.0845245380384,26.9561446571621,28.3281318133264,30.490553382465,32.4695925450546,36.5501515251112,38.1390093112255,41.5380518994246,1,1,1,1,1,1,1,1,0.824561403508772,0.807017543859649,0.789473684210526,0.771929824561403,0.754385964912281,0.701754385964912,0.684210526315789,0.649122807017544,0,0,0,0,0,0,0,0,2708,9.476057,-2.56048336188847
"709",237,237,1,12.0699683115404,24.7556398337088,26.5752893462275,27.9091795595179,30.0115556314238,31.9356414064517,35.9028926039548,37.4476314462142,40.7522904020835,1,1,1,1,1,1,1,1,0.842105263157895,0.807017543859649,0.807017543859649,0.771929824561403,0.754385964912281,0.719298245614035,0.701754385964912,0.649122807017544,0,0,0,0,0,0,0,0,2709,10.366774,-1.70319431154039
"710",237,237,2,12.0578879257723,24.7435594479407,26.5632089604594,27.8970991737498,29.9994752456557,31.9235610206836,35.8908122181867,37.4355510604461,40.7402100163154,0,0,0,0,0,1,1,1,0,0,0,0,0,1,0.975609756097561,0.902439024390244,0,0,0,0,0,0,0,0,2710,35.905769,23.8478810742277
"711",237,237,3,11.7115142608148,24.3971857829831,26.2168352955019,27.5507255087923,29.6531015806982,31.577187355726,35.5444385532292,37.0891773954886,40.3938363513579,1,1,1,1,1,1,1,1,0.827586206896552,0.810344827586207,0.793103448275862,0.775862068965517,0.741379310344828,0.706896551724138,0.689655172413793,0.655172413793103,1,1,1,1,1,0,0,0,2711,9.362855,-2.34865926081476
"712",238,238,1,12.0650278125124,24.6967285850256,26.508636461784,27.8368516854104,29.9302832712117,31.8461830900213,35.7965557548567,37.3347225592707,40.625321958191,0,0,1,1,1,1,1,1,0,0,1,0.956521739130435,0.934782608695652,0.891304347826087,0.869565217391304,0.804347826086957,1,1,1,1,1,0,0,0,2712,27.181016,15.1159881874876
"713",238,238,2,11.8200213047382,24.4517220772514,26.2636299540098,27.5918451776363,29.6852767634376,31.6011765822472,35.5515492470826,37.0897160514965,40.3803154504168,1,1,1,1,1,1,1,1,0.842105263157895,0.824561403508772,0.807017543859649,0.789473684210526,0.754385964912281,0.719298245614035,0.701754385964912,0.666666666666667,1,1,0,0,0,0,0,0,2713,9.532565,-2.28745630473821
"714",238,238,3,12.0626942353023,24.6943950078156,26.506302884574,27.8345181082004,29.9279496940017,31.8438495128113,35.7942221776467,37.3323889820607,40.6229883809809,1,1,1,1,1,1,1,1,0.842105263157895,0.824561403508772,0.807017543859649,0.771929824561403,0.754385964912281,0.719298245614035,0.701754385964912,0.666666666666667,1,1,0,0,0,0,0,0,2714,9.641741,-2.42095323530234
"715",239,239,1,12.0701798645221,24.71381108726,26.5274302835885,27.8568999863938,29.952308786648,31.8700181438433,35.8241218758798,37.3637414555635,40.6574487758195,1,1,1,1,1,1,1,1,0.872727272727273,0.854545454545454,0.836363636363636,0.8,0.781818181818182,0.745454545454545,0.727272727272727,0.672727272727273,0,0,0,0,0,0,0,0,2715,13.288116,1.21793613547786
"716",239,239,2,12.0171258021037,24.6607570248415,26.47437622117,27.8038459239753,29.8992547242296,31.8169640814248,35.7710678134613,37.310687393145,40.604394713401,1,1,1,1,1,1,1,1,0.827586206896552,0.810344827586207,0.793103448275862,0.758620689655172,0.741379310344828,0.706896551724138,0.689655172413793,0.655172413793103,0,0,0,0,0,0,0,0,2716,8.736719,-3.28040680210367
"717",239,239,3,12.0833477624147,24.7269789851526,26.540598181481,27.8700678842864,29.9654766845406,31.8831860417358,35.8372897737723,37.3769093534561,40.6706166737121,1,1,1,1,1,1,1,1,0.842105263157895,0.824561403508772,0.807017543859649,0.771929824561403,0.754385964912281,0.719298245614035,0.701754385964912,0.649122807017544,0,0,0,0,0,0,0,0,2717,9.508422,-2.57492576241473
"718",240,240,1,12.0670377378056,24.7076568526845,26.5208439882752,27.8499969698736,29.9449065783052,31.8621590772353,35.8153208182633,37.3545736124758,40.647496268775,1,1,1,1,1,1,1,1,0.842105263157895,0.824561403508772,0.807017543859649,0.771929824561403,0.754385964912281,0.719298245614035,0.701754385964912,0.649122807017544,0,0,0,0,0,0,0,0,2718,10.506899,-1.56013873780558
"719",240,240,2,12.0528649866352,24.6934841015141,26.5066712371048,27.8358242187032,29.9307338271348,31.8479863260649,35.8011480670929,37.3404008613054,40.6333235176046,1,1,1,1,1,1,1,1,0.827586206896552,0.810344827586207,0.793103448275862,0.758620689655172,0.741379310344828,0.706896551724138,0.689655172413793,0.637931034482759,0,0,0,0,0,0,0,0,2719,8.533748,-3.5191169866352
"720",240,240,3,12.080872620406,24.7214917352849,26.5346788708756,27.863831852474,29.9587414609057,31.8759939598357,35.8291557008637,37.3684084950763,40.6613311513754,1,1,1,1,1,1,1,1,0.827586206896552,0.810344827586207,0.793103448275862,0.758620689655172,0.741379310344828,0.706896551724138,0.689655172413793,0.637931034482759,0,0,0,0,0,0,0,0,2720,9.343857,-2.73701562040603
"721",241,241,1,12.0692023719689,24.709950935463,26.5231566393344,27.8523232323716,29.9472542941154,31.8645264270269,35.8177286511443,37.3569972083618,40.649953586449,1,1,1,1,1,1,1,1,0.842105263157895,0.824561403508772,0.807017543859649,0.771929824561403,0.754385964912281,0.719298245614035,0.701754385964912,0.649122807017544,0,0,0,0,0,0,0,0,2721,10.081664,-1.98753837196888
"722",241,241,2,12.0587299202597,24.6994784837539,26.5126841876252,27.8418507806624,29.9367818424062,31.8540539753177,35.8072561994351,37.3465247566527,40.6394811347398,1,1,1,1,1,1,1,1,0.827586206896552,0.810344827586207,0.793103448275862,0.758620689655172,0.741379310344828,0.706896551724138,0.689655172413793,0.637931034482759,0,0,0,0,0,0,0,0,2722,8.92199,-3.13673992025971
"723",241,241,3,12.0751903631172,24.7159389266114,26.5291446304828,27.85831122352,29.9532422852638,31.8705144181753,35.8237166422926,37.3629851995102,40.6559415775974,1,1,1,1,1,1,1,1,0.842105263157895,0.824561403508772,0.807017543859649,0.771929824561403,0.754385964912281,0.719298245614035,0.701754385964912,0.649122807017544,0,0,0,0,0,0,0,0,2723,9.748182,-2.32700836311724
"724",242,242,1,12.0642765207619,24.7044128437097,26.5175307269868,27.8466329433238,29.94146253942,31.858641811396,35.8116525665764,37.3508465710396,40.6436434584604,1,1,1,1,1,1,1,1,0.96,0.94,0.92,0.88,0.86,0.82,0.8,0.74,0,0,0,0,0,0,0,0,2724,21.511025,9.44674847923805
"725",242,242,2,11.8931431344145,24.5332794573623,26.3463973406394,27.6754995569763,29.7703291530726,31.6875084250485,35.640519180229,37.1797131846922,40.4725100721129,1,1,1,1,1,1,1,1,0.842105263157895,0.824561403508772,0.807017543859649,0.771929824561403,0.754385964912281,0.719298245614035,0.701754385964912,0.666666666666667,0,0,0,0,0,0,0,0,2725,10.110159,-1.78298413441452
"726",242,242,3,12.0590102471417,24.6991465700895,26.5122644533666,27.8413666697035,29.9361962657998,31.8533755377757,35.8063862929561,37.3455802974194,40.6383771848401,1,1,1,1,1,1,1,1,0.842105263157895,0.824561403508772,0.807017543859649,0.771929824561403,0.754385964912281,0.719298245614035,0.701754385964912,0.649122807017544,0,0,0,0,0,0,0,0,2726,9.541794,-2.51721624714171
"727",243,243,1,12.0740167330792,24.7171318029964,26.5306769616812,27.8600923913489,29.9554156504209,31.8730467206844,35.8269890337616,37.3665457613283,40.6601186220851,1,1,1,1,1,1,1,1,0.842105263157895,0.824561403508772,0.807017543859649,0.771929824561403,0.754385964912281,0.719298245614035,0.701754385964912,0.649122807017544,0,0,0,0,0,0,0,0,2727,10.335872,-1.73814473307918
"728",243,243,2,12.0629600545718,24.706075124489,26.5196202831738,27.8490357128415,29.9443589719135,31.8619900421771,35.8159323552542,37.355489082821,40.6490619435777,1,1,1,1,1,1,1,1,0.842105263157895,0.824561403508772,0.807017543859649,0.771929824561403,0.754385964912281,0.719298245614035,0.701754385964912,0.649122807017544,0,0,0,0,0,0,0,0,2728,10.330045,-1.73291505457181
"729",243,243,3,12.0630411892534,24.7061562591706,26.5197014178553,27.8491168475231,29.9444401065951,31.8620711768586,35.8160134899358,37.3555702175025,40.6491430782592,1,1,1,1,1,1,1,1,0.827586206896552,0.810344827586207,0.793103448275862,0.758620689655172,0.741379310344828,0.706896551724138,0.689655172413793,0.637931034482759,0,0,0,0,0,0,0,0,2729,9.319846,-2.74319518925336
"730",244,244,1,12.0688359178211,24.6998499443089,26.5116593133086,27.8398023260315,29.9331200985113,31.8489157558458,35.7990736512866,37.3371568303869,40.6275773297196,1,1,1,1,1,1,1,1,0.842105263157895,0.824561403508772,0.807017543859649,0.771929824561403,0.754385964912281,0.719298245614035,0.701754385964912,0.649122807017544,0,0,0,0,0,0,0,0,2730,10.655373,-1.41346291782112
"731",244,244,2,12.0502716723944,24.6812856988823,26.4930950678819,27.8212380806048,29.9145558530846,31.8303515104191,35.78050940586,37.3185925849603,40.609013084293,1,1,1,1,1,1,1,1,1,0.979166666666667,0.958333333333333,0.916666666666667,0.895833333333333,0.854166666666667,0.833333333333333,0.791666666666667,0,0,0,0,0,0,0,0,2731,24.221396,12.1711243276056
"732",244,244,3,11.8616996851295,24.4927137116173,26.3045230806169,27.6326660933398,29.7259838658196,31.6417795231541,35.591937418595,37.1300205976953,40.420441097028,1,1,1,1,1,1,1,1,0.842105263157895,0.824561403508772,0.807017543859649,0.771929824561403,0.754385964912281,0.719298245614035,0.701754385964912,0.666666666666667,0,0,0,0,0,0,0,0,2732,9.44463,-2.41706968512948
"733",245,245,1,12.0763480089554,24.7143795495289,26.5271955200366,27.8560764198587,29.9505571937352,31.8674172250766,35.8197697415205,37.3587074458672,40.6509560305899,1,1,1,1,1,1,1,1,0.872727272727273,0.854545454545454,0.836363636363636,0.8,0.781818181818182,0.745454545454545,0.727272727272727,0.672727272727273,0,0,0,0,0,0,0,0,2733,13.704598,1.62824999104457
"734",245,245,2,12.014322220598,24.6523537611715,26.4651697316792,27.7940506315012,29.8885314053777,31.8053914367191,35.757743953163,37.2966816575098,40.5889302422324,1,1,1,1,1,1,1,1,0.827586206896552,0.810344827586207,0.793103448275862,0.758620689655172,0.741379310344828,0.706896551724138,0.689655172413793,0.655172413793103,0,0,0,0,0,0,0,0,2734,8.792228,-3.22209422059799
"735",245,245,3,12.0858470822762,24.7238786228497,26.5366945933573,27.8655754931794,29.9600562670559,31.8769162983973,35.8292688148412,37.368206519188,40.6604551039106,1,1,1,1,1,1,1,1,0.842105263157895,0.824561403508772,0.807017543859649,0.771929824561403,0.754385964912281,0.719298245614035,0.701754385964912,0.649122807017544,0,0,0,0,0,0,0,0,2735,9.381497,-2.70435008227617
"736",246,246,1,12.079888687002,24.7167541663953,26.529402875544,27.8581611647819,29.9524486892021,31.8691318594506,35.8211197079614,37.3599154206135,40.6518602425818,0,0,1,1,1,1,1,1,0,0,1,0.956521739130435,0.934782608695652,0.891304347826087,0.869565217391304,0.804347826086957,0,0,0,0,0,0,0,0,2736,28.101579,16.021690312998
"737",246,246,2,11.80850333076,24.4453688101533,26.258017519302,27.5867758085399,29.6810633329601,31.5977465032086,35.5497343517194,37.0885300643715,40.3804748863398,1,1,1,1,1,1,1,1,0.842105263157895,0.824561403508772,0.807017543859649,0.789473684210526,0.754385964912281,0.719298245614035,0.701754385964912,0.666666666666667,1,1,0,0,0,0,0,0,2737,10.110703,-1.69780033076002
"738",246,246,3,12.0693173748633,24.7061828542566,26.5188315634053,27.8475898526432,29.9418773770634,31.8585605473119,35.8105483958227,37.3493441084748,40.6412889304431,1,1,1,1,1,1,1,1,0.842105263157895,0.824561403508772,0.807017543859649,0.771929824561403,0.754385964912281,0.719298245614035,0.701754385964912,0.649122807017544,1,1,0,0,0,0,0,0,2738,9.605469,-2.46384837486335
"739",247,247,1,12.0856053714768,24.7360446744169,26.55064043078,27.8808259988462,29.9773630913542,31.8961050568942,35.8523379126659,37.3927865147559,40.6882673621896,1,1,1,1,1,1,1,1,0.842105263157895,0.824561403508772,0.807017543859649,0.771929824561403,0.754385964912281,0.719298245614035,0.701754385964912,0.649122807017544,0,0,0,0,0,0,0,0,2739,10.385362,-1.70024337147684
"740",247,247,2,12.0741378304675,24.7245771334076,26.5391728897707,27.8693584578369,29.9658955503449,31.8846375158849,35.8408703716566,37.3813189737466,40.6767998211803,1,1,1,1,1,1,1,1,0.827586206896552,0.810344827586207,0.793103448275862,0.758620689655172,0.741379310344828,0.706896551724138,0.689655172413793,0.637931034482759,0,0,0,0,0,0,0,0,2740,8.897359,-3.17677883046753
"741",247,247,3,12.0960174157754,24.7464567187154,26.5610524750786,27.8912380431447,29.9877751356528,31.9065171011927,35.8627499569645,37.4031985590544,40.6986794064882,1,1,1,1,1,1,1,1,0.842105263157895,0.824561403508772,0.807017543859649,0.771929824561403,0.754385964912281,0.719298245614035,0.701754385964912,0.649122807017544,0,0,0,0,0,0,0,0,2741,9.392379,-2.70363841577536
"742",248,248,1,12.0797430649461,24.7206113599769,26.5338342382984,27.8630134210298,29.9579643256898,31.8752546187552,35.8284942870931,37.3677774240635,40.6607649926079,1,1,1,1,1,1,1,1,0.842105263157895,0.824561403508772,0.807017543859649,0.771929824561403,0.754385964912281,0.719298245614035,0.701754385964912,0.649122807017544,0,0,0,0,0,0,0,0,2742,10.568982,-1.5107610649461
"743",248,248,2,12.0623491268534,24.7032174218842,26.5164403002057,27.845619482937,29.9405703875971,31.8578606806624,35.8111003490004,37.3503834859708,40.6433710545151,1,1,1,1,1,1,1,1,0.827586206896552,0.810344827586207,0.793103448275862,0.758620689655172,0.741379310344828,0.706896551724138,0.689655172413793,0.637931034482759,0,0,0,0,0,0,0,0,2743,8.712247,-3.35010212685338
"744",248,248,3,12.0897975811277,24.7306658761586,26.54388875448,27.8730679372114,29.9680188418714,31.8853091349368,35.8385488032747,37.3778319402451,40.6708195087895,1,1,1,1,1,1,1,1,0.842105263157895,0.824561403508772,0.807017543859649,0.771929824561403,0.754385964912281,0.719298245614035,0.701754385964912,0.649122807017544,0,0,0,0,0,0,0,0,2744,9.552349,-2.53744858112774
"745",249,249,1,12.0798888665602,24.7195803069032,26.5326343756307,27.8616898128475,29.9564456792605,31.8735574741391,35.8264290990383,37.3655689299847,40.6582499240306,1,1,1,1,1,1,1,1,0.842105263157895,0.824561403508772,0.807017543859649,0.771929824561403,0.754385964912281,0.719298245614035,0.701754385964912,0.649122807017544,0,0,0,0,0,0,0,0,2745,10.657042,-1.42284686656019
"746",249,249,2,12.0638174201869,24.7035088605299,26.5165629292574,27.8456183664742,29.9403742328872,31.8574860277658,35.810357652665,37.3494974836114,40.6421784776574,1,1,1,1,1,1,1,1,0.827586206896552,0.810344827586207,0.793103448275862,0.758620689655172,0.741379310344828,0.706896551724138,0.689655172413793,0.637931034482759,0,0,0,0,0,0,0,0,2746,8.785173,-3.27864442018694
"747",249,249,3,12.0910500017741,24.7307414421171,26.5437955108446,27.8728509480613,29.9676068144744,31.884718609353,35.8375902342522,37.3767300651986,40.6694110592445,1,1,1,1,1,1,1,1,0.842105263157895,0.824561403508772,0.807017543859649,0.771929824561403,0.754385964912281,0.719298245614035,0.701754385964912,0.649122807017544,0,0,0,0,0,0,0,0,2747,9.556031,-2.53501900177409
"748",250,250,1,12.0785496368598,24.7184258177787,26.5315063859389,27.8605812485086,29.9553677316821,31.8725075468916,35.8254369466015,37.3645992734751,40.6573283930458,0,1,1,1,1,1,1,1,0,1,0.978723404255319,0.936170212765957,0.914893617021277,0.872340425531915,0.851063829787234,0.787234042553192,0,0,0,0,0,0,0,0,2748,26.099406,14.0208563631402
"749",250,250,2,11.8387536763221,24.4786298572409,26.2917104254011,27.6207852879708,29.7155717711443,31.6327115863539,35.5856409860638,37.1248033129374,40.4175324325081,1,1,1,1,1,1,1,1,0.842105263157895,0.824561403508772,0.807017543859649,0.771929824561403,0.754385964912281,0.719298245614035,0.701754385964912,0.666666666666667,1,0,0,0,0,0,0,0,2749,9.835954,-2.00279967632205
"750",250,250,3,12.0744921573756,24.7143683382945,26.5274489064547,27.8565237690244,29.9513102521979,31.8684500674074,35.8213794671173,37.3605417939909,40.6532709135616,1,1,1,1,1,1,1,1,0.842105263157895,0.824561403508772,0.807017543859649,0.771929824561403,0.754385964912281,0.719298245614035,0.701754385964912,0.649122807017544,1,0,0,0,0,0,0,0,2750,9.545871,-2.52862115737561
"751",251,251,1,12.087980715795,24.7377242698411,26.552220227062,27.8823326375788,29.9787544247343,31.8973908632986,35.8534061341654,37.393770014659,40.6890696172285,1,1,1,1,1,1,1,1,0.842105263157895,0.824561403508772,0.807017543859649,0.771929824561403,0.754385964912281,0.719298245614035,0.701754385964912,0.649122807017544,0,0,0,0,0,0,0,0,2751,10.81078,-1.27720071579503
"752",251,251,2,12.0688454516177,24.7185890056638,26.5330849628847,27.8631973734015,29.959619160557,31.8782555991213,35.8342708699881,37.3746347504817,40.6699343530512,1,1,1,1,1,1,1,1,0.827586206896552,0.810344827586207,0.793103448275862,0.758620689655172,0.741379310344828,0.706896551724138,0.689655172413793,0.637931034482759,0,0,0,0,0,0,0,0,2752,9.059573,-3.00927245161773
"753",251,251,3,12.0953373246095,24.7450808786555,26.5595768358765,27.8896892463933,29.9861110335488,31.9047474721131,35.8607627429798,37.4011266234735,40.696426226043,1,1,1,1,1,1,1,1,0.842105263157895,0.824561403508772,0.807017543859649,0.771929824561403,0.754385964912281,0.719298245614035,0.701754385964912,0.649122807017544,0,0,0,0,0,0,0,0,2753,9.571402,-2.5239353246095
"754",252,252,1,12.0852045216338,24.7330058553534,26.5472232179202,27.877131405217,29.9732313113011,31.8915731656572,35.8469810366001,37.3871084122171,40.681902060034,1,1,1,1,1,1,1,1,0.842105263157895,0.824561403508772,0.807017543859649,0.771929824561403,0.754385964912281,0.719298245614035,0.701754385964912,0.649122807017544,0,0,0,0,0,0,0,0,2754,10.692474,-1.3927305216338
"755",252,252,2,12.0682458863304,24.71604722005,26.5302645826168,27.8601727699136,29.9562726759978,31.8746145303538,35.8300224012967,37.3701497769137,40.6649434247306,1,1,1,1,1,1,1,1,0.827586206896552,0.810344827586207,0.793103448275862,0.758620689655172,0.741379310344828,0.706896551724138,0.689655172413793,0.637931034482759,0,0,0,0,0,0,0,0,2755,9.044892,-3.02335388633043
"756",252,252,3,12.0931691225458,24.7409704562653,26.5551878188321,27.885096006129,29.9811959122131,31.8995377665691,35.854945637512,37.395073013129,40.6898666609459,1,1,1,1,1,1,1,1,0.842105263157895,0.824561403508772,0.807017543859649,0.771929824561403,0.754385964912281,0.719298245614035,0.701754385964912,0.649122807017544,0,0,0,0,0,0,0,0,2756,9.933246,-2.15992312254576
"757",253,253,1,12.079836750537,24.7275861884866,26.5417961070555,27.8716988375454,29.9677901430265,31.8861241261467,35.8415157674753,37.3816368237255,40.6764169525245,1,1,1,1,1,1,1,1,0.842105263157895,0.824561403508772,0.807017543859649,0.771929824561403,0.754385964912281,0.719298245614035,0.701754385964912,0.649122807017544,0,0,0,0,0,0,0,0,2757,10.582957,-1.49687975053697
"758",253,253,2,12.0700083453713,24.7177577833209,26.5319677018898,27.8618704323798,29.9579617378609,31.876295720981,35.8316873623097,37.3718084185599,40.6665885473588,1,1,1,1,1,1,1,1,0.827586206896552,0.810344827586207,0.793103448275862,0.758620689655172,0.741379310344828,0.706896551724138,0.689655172413793,0.637931034482759,0,0,0,0,0,0,0,0,2758,9.181486,-2.88852234537131
"759",253,253,3,12.0912088865595,24.7389583245091,26.553168243078,27.8830709735679,29.9791622790491,31.8974962621692,35.8528879034979,37.3930089597481,40.687789088547,1,1,1,1,1,1,1,1,0.842105263157895,0.824561403508772,0.807017543859649,0.771929824561403,0.754385964912281,0.719298245614035,0.701754385964912,0.649122807017544,0,0,0,0,0,0,0,0,2759,9.906433,-2.1847758865595
"760",254,254,1,12.0805487791291,24.7281680086529,26.5423592499528,27.8722482891104,29.9683180153571,31.8866322492524,35.8419831698724,37.3820883705952,40.676834579673,1,1,1,1,1,1,1,1,0.96,0.94,0.92,0.88,0.86,0.82,0.8,0.74,0,0,0,0,0,0,0,0,2760,20.521889,8.44134022087093
"761",254,254,2,11.9199594455975,24.5675786751212,26.3817699164212,27.7116589555788,29.8077286818255,31.7260429157208,35.6813938363408,37.2214990370636,40.5162452461414,1,1,1,1,1,1,1,1,0.842105263157895,0.824561403508772,0.807017543859649,0.771929824561403,0.754385964912281,0.719298245614035,0.701754385964912,0.666666666666667,0,0,0,0,0,0,0,0,2761,10.005534,-1.91442544559745
"762",254,254,3,12.0790495911957,24.7266688207195,26.5408600620194,27.870749101177,29.9668188274238,31.885133061319,35.8404839819391,37.3805891826618,40.6753353917397,1,1,1,1,1,1,1,1,0.842105263157895,0.824561403508772,0.807017543859649,0.771929824561403,0.754385964912281,0.719298245614035,0.701754385964912,0.649122807017544,0,0,0,0,0,0,0,0,2762,10.228985,-1.85006459119571
"763",255,255,1,12.0837376651324,24.734411614295,26.5490410286229,27.8792512695886,29.9758272496402,31.8946048048971,35.850911042713,37.3913882177589,40.6869301913017,1,1,1,1,1,1,1,1,0.842105263157895,0.824561403508772,0.807017543859649,0.771929824561403,0.754385964912281,0.719298245614035,0.701754385964912,0.649122807017544,0,0,0,0,0,0,0,0,2763,10.413022,-1.67071566513241
"764",255,255,2,12.0808922386182,24.7315661877808,26.5461956021086,27.8764058430744,29.972981823126,31.8917593783829,35.8480656161988,37.3885427912447,40.6840847647875,1,1,1,1,1,1,1,1,0.842105263157895,0.824561403508772,0.807017543859649,0.771929824561403,0.754385964912281,0.719298245614035,0.701754385964912,0.649122807017544,0,0,0,0,0,0,0,0,2764,9.41119,-2.6697022386182
"765",255,255,3,12.0963817289684,24.747055678131,26.5616850924589,27.8918953334246,29.9884713134762,31.9072488687332,35.863555106549,37.4040322815949,40.6995742551378,1,1,1,1,1,1,1,1,0.857142857142857,0.839285714285714,0.821428571428571,0.785714285714286,0.767857142857143,0.732142857142857,0.714285714285714,0.660714285714286,0,0,0,0,0,0,0,0,2765,11.416052,-0.680329728968434
"766",256,256,1,12.0578396799493,24.699033730689,26.5123033358405,27.8415167715754,29.9365216632086,31.8538613649256,35.8072029084165,37.3465257127782,40.6395981417511,1,1,1,1,1,1,1,1,0.857142857142857,0.839285714285714,0.821428571428571,0.785714285714286,0.767857142857143,0.732142857142857,0.714285714285714,0.660714285714286,0,0,0,0,0,0,0,0,2766,11.052953,-1.00488667994928
"767",256,256,2,12.0631295399201,24.7043235906598,26.5175931958112,27.8468066315462,29.9418115231794,31.8591512248964,35.8124927683872,37.351815572749,40.6448880017218,1,1,1,1,1,1,1,1,0.827586206896552,0.810344827586207,0.793103448275862,0.758620689655172,0.741379310344828,0.706896551724138,0.689655172413793,0.637931034482759,0,0,0,0,0,0,0,0,2767,9.020408,-3.04272153992005
"768",256,256,3,12.0927409638961,24.7339350146358,26.5472046197873,27.8764180555223,29.9714229471554,31.8887626488725,35.8421041923633,37.381426996725,40.6744994256979,1,1,1,1,1,1,1,1,0.857142857142857,0.839285714285714,0.821428571428571,0.785714285714286,0.767857142857143,0.732142857142857,0.714285714285714,0.660714285714286,0,0,0,0,0,0,0,0,2768,11.256086,-0.83665496389612
"769",257,257,1,12.0518616903387,24.6815167269663,26.4931311606617,27.8211312764736,29.9142238257353,31.8298133597239,35.7795462517158,37.3174639461257,40.6075304241514,1,1,1,1,1,1,1,1,0.842105263157895,0.824561403508772,0.807017543859649,0.771929824561403,0.754385964912281,0.719298245614035,0.701754385964912,0.666666666666667,0,0,0,0,0,0,0,0,2769,10.492871,-1.55899069033872
"770",257,257,2,12.0629832845537,24.6926383211813,26.5042527548767,27.8322528706886,29.9253454199503,31.8409349539389,35.7906678459308,37.3285855403407,40.6186520183664,1,1,1,1,1,1,1,1,0.827586206896552,0.810344827586207,0.793103448275862,0.758620689655172,0.741379310344828,0.706896551724138,0.689655172413793,0.655172413793103,0,0,0,0,0,0,0,0,2770,9.200189,-2.86279428455371
"771",257,257,3,12.081820289399,24.7114753260266,26.523089759722,27.8510898755339,29.9441824247956,31.8597719587842,35.8095048507761,37.347422545186,40.6374890232117,1,1,1,1,1,1,1,1,0.857142857142857,0.839285714285714,0.821428571428571,0.785714285714286,0.767857142857143,0.732142857142857,0.714285714285714,0.660714285714286,0,0,0,0,0,0,0,0,2771,11.166314,-0.915506289399026
"772",258,258,1,12.0538461092524,24.6832395492618,26.4948164591921,27.8227890682876,29.9158382635598,31.8313881201588,35.7810392017794,37.3189250414738,40.6089233727242,0,0,0,0,1,1,1,1,0,0,0,0,1,0.953488372093023,0.930232558139535,0.883720930232558,0,0,0,0,0,0,0,0,2772,32.298289,20.2444428907476
"773",258,258,2,11.7544251729868,24.3838186129962,26.1953955229265,27.523368132022,29.6164173272941,31.5319671838931,35.4816182655137,37.0195041052082,40.3095024364586,1,1,1,1,1,1,1,1,0.842105263157895,0.824561403508772,0.807017543859649,0.789473684210526,0.754385964912281,0.719298245614035,0.701754385964912,0.666666666666667,1,1,1,1,0,0,0,0,2773,9.919888,-1.83453717298679
"774",258,258,3,12.0715068361795,24.7009002761889,26.5124771861192,27.8404497952148,29.9334989904869,31.8490488470859,35.7986999287065,37.336585768401,40.6265840996513,1,1,1,1,1,1,1,1,0.857142857142857,0.839285714285714,0.821428571428571,0.785714285714286,0.767857142857143,0.732142857142857,0.714285714285714,0.660714285714286,1,1,1,1,0,0,0,0,2774,11.141052,-0.930454836179539
"775",259,259,1,12.0660995675458,24.7167832305985,26.5314140382996,27.8616253006747,29.9582028905938,31.8769819191947,35.8332911948822,37.3737695527921,40.6693140568351,1,1,1,1,1,1,1,1,0.842105263157895,0.824561403508772,0.807017543859649,0.771929824561403,0.754385964912281,0.719298245614035,0.701754385964912,0.649122807017544,0,0,0,0,0,0,0,0,2775,10.443144,-1.62295556754579
"776",259,259,2,12.0766585240088,24.7273421870616,26.5419729947627,27.8721842571377,29.9687618470568,31.8875408756578,35.8438501513453,37.3843285092551,40.6798730132982,1,1,1,1,1,1,1,1,0.827586206896552,0.810344827586207,0.793103448275862,0.758620689655172,0.741379310344828,0.706896551724138,0.689655172413793,0.637931034482759,0,0,0,0,0,0,0,0,2776,9.106843,-2.96981552400884
"777",259,259,3,12.0968760083772,24.7475596714299,26.562190479131,27.8924017415061,29.9889793314252,31.9077583600261,35.8640676357136,37.4045459936235,40.7000904976665,1,1,1,1,1,1,1,1,0.842105263157895,0.824561403508772,0.807017543859649,0.771929824561403,0.754385964912281,0.719298245614035,0.701754385964912,0.649122807017544,0,0,0,0,0,0,0,0,2777,10.898479,-1.19839700837716
"778",260,260,1,12.0616113963847,24.7026789365794,26.5159303948909,27.8451305281233,29.940114453366,31.8574349667303,35.8107369459686,37.3500443450952,40.643083817657,1,1,1,1,1,1,1,1,0.842105263157895,0.824561403508772,0.807017543859649,0.771929824561403,0.754385964912281,0.719298245614035,0.701754385964912,0.649122807017544,0,0,0,0,0,0,0,0,2778,10.77536,-1.28625139638472
"779",260,260,2,12.0634320742709,24.7044996144656,26.5177510727771,27.8469512060095,29.9419351312522,31.8592556446165,35.8125576238548,37.3518650229814,40.6449044955432,1,1,1,1,1,1,1,1,0.827586206896552,0.810344827586207,0.793103448275862,0.758620689655172,0.741379310344828,0.706896551724138,0.689655172413793,0.637931034482759,0,0,0,0,0,0,0,0,2779,8.999506,-3.06392607427091
"780",260,260,3,12.0896933183266,24.7307608585213,26.5440123168327,27.8732124500652,29.9681963753078,31.8855168886721,35.8388188679105,37.3781262670371,40.6711657395988,1,1,1,1,1,1,1,1,0.842105263157895,0.824561403508772,0.807017543859649,0.771929824561403,0.754385964912281,0.719298245614035,0.701754385964912,0.649122807017544,0,0,0,0,0,0,0,0,2780,10.929982,-1.15971131832656
"781",261,261,1,12.0614435738482,24.7024685185771,26.5157138669386,27.8449095212851,29.9398863872493,31.8572004399915,35.8104890981446,37.3497913104057,40.6428196867093,0,0,0,1,1,1,1,1,0,0,0,1,0.977272727272727,0.931818181818182,0.909090909090909,0.840909090909091,0,0,0,0,0,0,0,0,2781,30.355871,18.2944274261518
"782",261,261,2,11.7741666237648,24.4151915684937,26.2284369168552,27.5576325712017,29.6526094371659,31.5699234899081,35.5232121480611,37.0625143603223,40.3555427366258,1,1,1,1,1,1,1,1,0.905660377358491,0.886792452830189,0.867924528301887,0.849056603773585,0.811320754716981,0.773584905660377,0.754716981132076,0.716981132075472,1,1,1,0,0,0,0,0,2782,15.625389,3.85122237623524
"783",261,261,3,11.9920062264835,24.6330311712124,26.4462765195739,27.7754721739205,29.8704490398847,31.7877630926269,35.7410517507799,37.2803539630411,40.5733823393446,1,1,1,1,1,1,1,1,0.857142857142857,0.839285714285714,0.821428571428571,0.785714285714286,0.767857142857143,0.732142857142857,0.714285714285714,0.678571428571429,1,1,1,0,0,0,0,0,2783,11.042579,-0.949427226483515
"784",262,262,1,12.0752130909495,24.7341357443592,26.5499483637413,27.8810259506609,29.9789689752874,31.8989976440133,35.8578835388655,37.3993651616323,40.6970559496322,0,1,1,1,1,1,1,1,0,1,0.978723404255319,0.936170212765957,0.914893617021277,0.872340425531915,0.851063829787234,0.787234042553192,0,0,0,0,0,0,0,0,2784,26.505552,14.4303389090505
"785",262,262,2,11.8555054993893,24.5144281527989,26.3302407721811,27.6613183591007,29.7592613837272,31.6792900524531,35.6381759473052,37.1796575700721,40.477348358072,1,1,1,1,1,1,1,1,0.842105263157895,0.824561403508772,0.807017543859649,0.771929824561403,0.754385964912281,0.719298245614035,0.701754385964912,0.666666666666667,1,0,0,0,0,0,0,0,2785,9.81818,-2.03732549938925
"786",262,262,3,12.0926101177307,24.7515327711404,26.5673453905225,27.8984229774422,29.9963660020687,31.9163946707946,35.8752805656467,37.4167621884136,40.7144529764134,1,1,1,1,1,1,1,1,0.857142857142857,0.821428571428571,0.821428571428571,0.785714285714286,0.767857142857143,0.732142857142857,0.714285714285714,0.660714285714286,1,0,0,0,0,0,0,0,2786,11.009087,-1.08352311773072
"787",263,263,1,12.0840274417759,24.7531536019523,26.5704298258493,27.9025803049524,30.0022143404519,31.9237906152459,35.885867501948,37.4285916094507,40.7289404443627,1,1,1,1,1,1,1,1,0.842105263157895,0.807017543859649,0.807017543859649,0.771929824561403,0.754385964912281,0.719298245614035,0.701754385964912,0.649122807017544,0,0,0,0,0,0,0,0,2787,9.984724,-2.0993034417759
"788",263,263,2,12.0991718755614,24.7682980357378,26.5855742596348,27.9177247387379,30.0173587742374,31.9389350490314,35.9010119357335,37.4437360432362,40.7440848781482,1,1,1,1,1,1,1,1,0.827586206896552,0.793103448275862,0.793103448275862,0.758620689655172,0.741379310344828,0.706896551724138,0.689655172413793,0.637931034482759,0,0,0,0,0,0,0,0,2788,9.173185,-2.9259868755614
"789",263,263,3,12.1111698671424,24.7802960273188,26.5975722512158,27.9297227303189,30.0293567658184,31.9509330406124,35.9130099273145,37.4557340348172,40.7560828697292,1,1,1,1,1,1,1,1,0.842105263157895,0.807017543859649,0.807017543859649,0.771929824561403,0.754385964912281,0.719298245614035,0.701754385964912,0.649122807017544,0,0,0,0,0,0,0,0,2789,10.899232,-1.21193786714236
"790",264,264,1,12.073134571827,24.7337696029705,26.5498278480811,27.8810854904197,29.979312304672,31.8996006964747,35.8590221114688,37.400712251096,40.6988491191008,1,1,1,1,1,1,1,1,0.842105263157895,0.824561403508772,0.807017543859649,0.771929824561403,0.754385964912281,0.719298245614035,0.701754385964912,0.649122807017544,0,0,0,0,0,0,0,0,2790,9.948634,-2.12450057182702
"791",264,264,2,12.0875092571349,24.7481442882784,26.564202533389,27.8954601757276,29.9936869899798,31.9139753817825,35.8733967967767,37.4150869364039,40.7132238044086,1,1,1,1,1,1,1,1,0.827586206896552,0.793103448275862,0.793103448275862,0.758620689655172,0.741379310344828,0.706896551724138,0.689655172413793,0.637931034482759,0,0,0,0,0,0,0,0,2791,9.136106,-2.95140325713489
"792",264,264,3,12.099796085325,24.7604311164685,26.576489361579,27.9077470039177,30.0059738181699,31.9262622099726,35.8856836249667,37.427373764594,40.7255106325987,1,1,1,1,1,1,1,1,0.842105263157895,0.807017543859649,0.807017543859649,0.771929824561403,0.754385964912281,0.719298245614035,0.701754385964912,0.649122807017544,0,0,0,0,0,0,0,0,2792,10.592382,-1.50741408532496
"793",265,265,1,12.0626143680847,24.6847057077456,26.4952351947377,27.8224399926713,29.9142790225201,31.8287213407926,35.7760888013766,37.3130854616517,40.6011815718592,1,1,1,1,1,1,1,1,0.842105263157895,0.824561403508772,0.807017543859649,0.771929824561403,0.754385964912281,0.719298245614035,0.701754385964912,0.666666666666667,0,0,0,0,0,0,0,0,2793,9.943487,-2.11912736808468
"794",265,265,2,12.0716669353761,24.6937582750371,26.5042877620291,27.8314925599627,29.9233315898116,31.8377739080841,35.7851413686681,37.3221380289432,40.6102341391506,1,1,1,1,1,1,1,1,0.827586206896552,0.810344827586207,0.793103448275862,0.758620689655172,0.741379310344828,0.706896551724138,0.689655172413793,0.655172413793103,0,0,0,0,0,0,0,0,2794,9.340981,-2.73068593537613
"795",265,265,3,12.0800723416568,24.7021636813178,26.5126931683098,27.8398979662434,29.9317369960923,31.8461793143648,35.7935467749487,37.3305434352239,40.6186395454313,1,1,1,1,1,1,1,1,0.842105263157895,0.824561403508772,0.807017543859649,0.771929824561403,0.754385964912281,0.719298245614035,0.701754385964912,0.666666666666667,0,0,0,0,0,0,0,0,2795,10.199574,-1.88049834165682
"796",266,266,1,12.0650012209022,24.6872428523627,26.4977938974095,27.8250144984292,29.9168784358979,31.8313435495197,35.7787580115826,37.3157729729449,40.603908234658,0,0,1,1,1,1,1,1,0,0,1,0.956521739130435,0.934782608695652,0.891304347826087,0.869565217391304,0.826086956521739,0,0,0,0,0,0,0,0,2796,26.970827,14.9058257790978
"797",266,266,2,11.834000967157,24.4562425986175,26.2667936436642,27.594014244684,29.6858781821527,31.6003432957745,35.5477577578373,37.0847727191996,40.3729079809128,1,1,1,1,1,1,1,1,0.842105263157895,0.824561403508772,0.807017543859649,0.789473684210526,0.754385964912281,0.719298245614035,0.701754385964912,0.666666666666667,1,1,0,0,0,0,0,0,2797,10.072341,-1.76165996715697
"798",266,266,3,12.0667536752528,24.6889953067133,26.49954635176,27.8267669527798,29.9186308902485,31.8330960038703,35.7805104659331,37.3175254272955,40.6056606890086,1,1,1,1,1,1,1,1,0.842105263157895,0.824561403508772,0.807017543859649,0.771929824561403,0.754385964912281,0.719298245614035,0.701754385964912,0.666666666666667,1,1,0,0,0,0,0,0,2798,10.90778,-1.15897367525281
"799",267,267,1,12.0599048081643,24.6936749976552,26.5058797143237,27.8343125358163,29.9280870827868,31.8443007782219,35.7953206218029,37.333739419876,40.6248779086929,1,1,1,1,1,1,1,1,0.842105263157895,0.824561403508772,0.807017543859649,0.771929824561403,0.754385964912281,0.719298245614035,0.701754385964912,0.666666666666667,0,0,0,0,0,0,0,0,2799,9.975443,-2.08446180816426
"800",267,267,2,12.0731597168325,24.7069299063234,26.519134622992,27.8475674444846,29.941341991455,31.8575556868901,35.8085755304711,37.3469943285443,40.6381328173611,1,1,1,1,1,1,1,1,0.827586206896552,0.810344827586207,0.793103448275862,0.758620689655172,0.741379310344828,0.706896551724138,0.689655172413793,0.637931034482759,0,0,0,0,0,0,0,0,2800,9.063692,-3.00946771683249
"801",267,267,3,12.086121957131,24.7198921466219,26.5320968632905,27.860529684783,29.9543042317535,31.8705179271886,35.8215377707696,37.3599565688428,40.6510950576596,1,1,1,1,1,1,1,1,0.842105263157895,0.824561403508772,0.807017543859649,0.771929824561403,0.754385964912281,0.719298245614035,0.701754385964912,0.649122807017544,0,0,0,0,0,0,0,0,2801,9.752636,-2.33348595713098
"802",268,268,1,12.0664300125115,24.6912159502424,26.5021319539479,27.829620087138,29.9219056884195,31.8367567069966,35.7849668622225,37.3222916446861,40.6110897065111,1,1,1,1,1,1,1,1,0.842105263157895,0.824561403508772,0.807017543859649,0.771929824561403,0.754385964912281,0.719298245614035,0.701754385964912,0.666666666666667,0,0,0,0,0,0,0,0,2802,10.060242,-2.00618801251148
"803",268,268,2,12.0621972276738,24.6869831654047,26.4978991691102,27.8253873023003,29.9176729035818,31.8325239221589,35.7807340773848,37.3180588598484,40.6068569216734,0,0,0,1,1,1,1,1,0,0,0,1,0.977272727272727,0.931818181818182,0.909090909090909,0.863636363636364,0,0,0,0,0,0,0,0,2803,30.430169,18.3679717723262
"804",268,268,3,11.7818986699386,24.4066846076695,26.2176006113751,27.5450887445651,29.6373743458466,31.5522253644238,35.5004355196496,37.0377603021133,40.3265583639382,1,1,1,1,1,1,1,1,0.842105263157895,0.824561403508772,0.807017543859649,0.789473684210526,0.754385964912281,0.719298245614035,0.701754385964912,0.666666666666667,1,1,1,0,0,0,0,0,2804,9.760154,-2.02174466993862
"805",269,269,1,12.034758981996,24.2924568766523,26.0507172856213,27.3396063468412,29.3710550332858,31.2302283622249,35.0636373044497,36.5562616421891,39.7494320671941,1,1,1,1,1,1,1,1,0.842105263157895,0.824561403508772,0.807017543859649,0.789473684210526,0.771929824561403,0.719298245614035,0.701754385964912,0.666666666666667,1,1,1,0,0,0,0,0,2805,9.802181,-2.23257798199599
"806",269,269,2,12.0341044289885,24.2918023236448,26.0500627326137,27.3389517938337,29.3704004802783,31.2295738092173,35.0629827514422,36.5556070891816,39.7487775141866,0,0,0,0,0,0,0,0,0,0,0,0,0,0,0,0,0,0,0,0,0,0,0,0,2806,40.764904,28.7307995710115
"807",269,269,3,11.551872923988,23.8095708186443,25.5678312276133,26.8567202888333,28.8881689752779,30.7473423042169,34.5807512464417,36.0733755841812,39.2665460091862,1,1,1,1,1,1,1,1,0.842105263157895,0.824561403508772,0.807017543859649,0.789473684210526,0.771929824561403,0.719298245614035,0.701754385964912,0.666666666666667,1,1,1,1,1,1,1,1,2807,10.007581,-1.54429192398803
"808",270,270,1,12.0475136365526,24.3501202374607,26.1148224106907,27.4084335935309,29.4473249281064,31.3133097374407,35.1607631958226,36.6588560830812,39.8637253730656,0,0,0,0,1,1,1,1,0,0,0,0,0.977272727272727,0.931818181818182,0.909090909090909,0.863636363636364,1,1,1,1,1,1,1,1,2808,30.286941,18.2394273634474
"809",270,270,2,11.7125574231602,24.0151640240683,25.7798661972983,27.0734773801385,29.112368714714,30.9783535240483,34.8258069824302,36.3238998696888,39.5287691596733,1,1,1,1,1,1,1,1,0.842105263157895,0.824561403508772,0.807017543859649,0.789473684210526,0.771929824561403,0.719298245614035,0.701754385964912,0.666666666666667,1,1,1,1,0,0,0,0,2809,9.949604,-1.76295342316018
"810",270,270,3,12.0484712484488,24.351077849357,26.115780022587,27.4093912054271,29.4482825400026,31.3142673493369,35.1617208077188,36.6598136949774,39.8646829849619,1,1,1,1,1,1,1,1,0.842105263157895,0.824561403508772,0.807017543859649,0.789473684210526,0.754385964912281,0.719298245614035,0.701754385964912,0.666666666666667,1,1,1,1,0,0,0,0,2810,9.627259,-2.4212122484488
"811",271,271,1,12.0671037199639,24.3877135112772,26.1549980859661,27.4505022927149,29.4923772672704,31.3610926914171,35.2141763743061,36.7144615166184,39.9240206966337,1,1,1,1,1,1,1,1,0.842105263157895,0.824561403508772,0.807017543859649,0.789473684210526,0.754385964912281,0.719298245614035,0.701754385964912,0.666666666666667,0,0,0,0,0,0,0,0,2811,10.06832,-1.99878371996385
"812",271,271,2,12.0594304626426,24.380040253956,26.1473248286448,27.4428290353936,29.4847040099491,31.3534194340958,35.2065031169848,36.7067882592971,39.9163474393125,1,1,1,1,1,1,1,1,0.842105263157895,0.824561403508772,0.807017543859649,0.789473684210526,0.754385964912281,0.719298245614035,0.701754385964912,0.666666666666667,0,0,0,0,0,0,0,0,2812,10.085377,-1.97405346264258
"813",271,271,3,12.0591337174075,24.3797435087209,26.1470280834097,27.4425322901585,29.484407264714,31.3531226888607,35.2062063717498,36.706491514062,39.9160506940774,1,1,1,1,1,1,1,1,0.842105263157895,0.824561403508772,0.807017543859649,0.789473684210526,0.754385964912281,0.719298245614035,0.701754385964912,0.666666666666667,0,0,0,0,0,0,0,0,2813,9.818443,-2.2406907174075
"814",272,272,1,12.0559271400533,24.3661694892691,26.1319669443422,27.4263810212129,29.4665378161549,31.3336807695161,35.183522192269,36.6825448873805,39.8894033147934,1,1,1,1,1,1,1,1,0.842105263157895,0.824561403508772,0.807017543859649,0.789473684210526,0.754385964912281,0.719298245614035,0.701754385964912,0.666666666666667,0,0,0,0,0,0,0,0,2814,9.859551,-2.19637614005326
"815",272,272,2,12.0552351647457,24.3654775139615,26.1312749690347,27.4256890459053,29.4658458408473,31.3329887942085,35.1828302169614,36.6818529120729,39.8887113394859,1,1,1,1,1,1,1,1,0.827586206896552,0.810344827586207,0.793103448275862,0.775862068965517,0.741379310344828,0.706896551724138,0.689655172413793,0.655172413793103,0,0,0,0,0,0,0,0,2815,8.858333,-3.1969021647457
"816",272,272,3,12.0720887731303,24.3823311223461,26.1481285774192,27.4425426542899,29.4826994492319,31.3498424025931,35.199683825346,36.6987065204575,39.9055649478704,1,1,1,1,1,1,1,1,0.842105263157895,0.824561403508772,0.807017543859649,0.789473684210526,0.754385964912281,0.719298245614035,0.701754385964912,0.666666666666667,0,0,0,0,0,0,0,0,2816,9.680502,-2.39158677313028
"817",273,273,1,12.0528216537071,24.3633503904,26.1291889252719,27.4236331156018,29.4638373730828,31.3310237639609,35.1809547500498,36.6800123186687,39.8869453509568,1,1,1,1,1,1,1,1,0.842105263157895,0.824561403508772,0.807017543859649,0.789473684210526,0.754385964912281,0.719298245614035,0.701754385964912,0.666666666666667,0,0,0,0,0,0,0,0,2817,9.977822,-2.07499965370715
"818",273,273,2,12.0479139769529,24.3584427136458,26.1242812485176,27.4187254388476,29.4589296963285,31.3261160872066,35.1760470732955,36.6751046419144,39.8820376742026,1,1,1,1,1,1,1,1,0.827586206896552,0.810344827586207,0.793103448275862,0.775862068965517,0.741379310344828,0.706896551724138,0.689655172413793,0.655172413793103,0,0,0,0,0,0,0,0,2818,9.183041,-2.86487297695288
"819",273,273,3,12.0610329337618,24.3715616704547,26.1374002053265,27.4318443956565,29.4720486531375,31.3392350440155,35.1891660301045,36.6882235987234,39.8951566310115,1,1,1,1,1,1,1,1,0.842105263157895,0.824561403508772,0.807017543859649,0.789473684210526,0.754385964912281,0.719298245614035,0.701754385964912,0.666666666666667,0,0,0,0,0,0,0,0,2819,9.588091,-2.47294193376181
"820",274,274,1,12.0541206549654,24.3647488887085,26.1306016955689,27.4250563479498,29.4652770949179,31.3324785769055,35.1824406791865,36.6815103635974,39.8884693151928,0,0,0,0,1,1,1,1,0,0,0,0,1,0.953488372093023,0.930232558139535,0.883720930232558,0,0,0,0,0,0,0,0,2820,31.475985,19.4218643450346
"821",274,274,2,11.6928402185472,24.0034684522903,25.7693212591507,27.0637759115316,29.1039966584997,30.9711981404873,34.8211602427683,36.3202299271793,39.5271888787747,1,1,1,1,1,1,1,1,0.96,0.94,0.92,0.9,0.88,0.82,0.8,0.76,1,1,1,1,0,0,0,0,2821,20.799896,9.10705578145279
"822",274,274,3,11.8690591865831,24.1796874203262,25.9455402271866,27.2399948795675,29.2802156265356,31.1474171085232,34.9973792108042,36.4964488952152,39.7034078468106,1,1,1,1,1,1,1,1,0.842105263157895,0.824561403508772,0.807017543859649,0.789473684210526,0.771929824561403,0.719298245614035,0.701754385964912,0.666666666666667,1,1,1,1,0,0,0,0,2822,9.875122,-1.99393718658312
"823",275,275,1,12.0645040637761,24.3997686116688,26.1691552840368,27.466200429028,29.5105041129757,31.3814422817852,35.2391090173323,36.7411786746915,39.9545554667656,1,1,1,1,1,1,1,1,0.842105263157895,0.824561403508772,0.807017543859649,0.789473684210526,0.754385964912281,0.719298245614035,0.701754385964912,0.666666666666667,0,0,0,0,0,0,0,0,2823,10.066621,-1.99788306377608
"824",275,275,2,12.0614574903489,24.3967220382416,26.1661087106096,27.4631538556009,29.5074575395485,31.3783957083581,35.2360624439051,36.7381321012644,39.9515088933384,1,1,1,1,1,1,1,1,0.842105263157895,0.824561403508772,0.807017543859649,0.789473684210526,0.754385964912281,0.719298245614035,0.701754385964912,0.666666666666667,0,0,0,0,0,0,0,0,2824,9.670439,-2.39101849034892
"825",275,275,3,12.0677603825495,24.4030249304422,26.1724116028102,27.4694567478014,29.5137604317491,31.3846986005587,35.2423653361057,36.7444349934649,39.957811785539,1,1,1,1,1,1,1,1,0.842105263157895,0.824561403508772,0.807017543859649,0.789473684210526,0.754385964912281,0.719298245614035,0.701754385964912,0.666666666666667,0,0,0,0,0,0,0,0,2825,9.758195,-2.30956538254951
"826",276,276,1,12.0598828036172,24.3910052999216,26.1597978309278,27.4564074418547,29.5000246702109,31.3703345977385,35.2267059695285,36.728271247757,39.940569021834,1,1,1,1,1,1,1,1,0.842105263157895,0.824561403508772,0.807017543859649,0.789473684210526,0.754385964912281,0.719298245614035,0.701754385964912,0.666666666666667,0,0,0,0,0,0,0,0,2826,9.69248,-2.36740280361719
"827",276,276,2,12.0608767939259,24.3919992902303,26.1607918212365,27.4574014321634,29.5010186605196,31.3713285880472,35.2276999598372,36.7292652380657,39.9415630121427,1,1,1,1,1,1,1,1,0.842105263157895,0.824561403508772,0.807017543859649,0.789473684210526,0.754385964912281,0.719298245614035,0.701754385964912,0.666666666666667,0,0,0,0,0,0,0,0,2827,9.827988,-2.23288879392589
"828",276,276,3,12.0588271303978,24.3899496267021,26.1587421577084,27.4553517686353,29.4989689969915,31.369278924519,35.225650296309,36.7272155745375,39.9395133486145,1,1,1,1,1,1,1,1,0.842105263157895,0.824561403508772,0.807017543859649,0.789473684210526,0.754385964912281,0.719298245614035,0.701754385964912,0.666666666666667,0,0,0,0,0,0,0,0,2828,10.070384,-1.98844313039775
"829",277,277,1,12.0550141386364,24.38618370835,26.1549829916284,27.451597552294,29.4952225820511,31.3655396493881,35.2219257426722,36.7234967530469,39.9358067899011,1,1,1,1,1,1,1,1,0.842105263157895,0.824561403508772,0.807017543859649,0.789473684210526,0.754385964912281,0.719298245614035,0.701754385964912,0.666666666666667,0,0,0,0,0,0,0,0,2829,10.553718,-1.50129613863645
"830",277,277,2,12.04770345082,24.3788730205336,26.1476723038119,27.4442868644776,29.4879118942347,31.3582289615717,35.2146150548558,36.7161860652305,39.9284961020847,1,1,1,1,1,1,1,1,0.842105263157895,0.824561403508772,0.807017543859649,0.789473684210526,0.754385964912281,0.719298245614035,0.701754385964912,0.666666666666667,0,0,0,0,0,0,0,0,2830,10.765002,-1.28270145082002
"831",277,277,3,12.0445076661978,24.3756772359114,26.1444765191897,27.4410910798554,29.4847161096125,31.3550331769494,35.2114192702336,36.7129902806082,39.9253003174624,1,1,1,1,1,1,1,1,0.842105263157895,0.824561403508772,0.807017543859649,0.789473684210526,0.754385964912281,0.719298245614035,0.701754385964912,0.666666666666667,0,0,0,0,0,0,0,0,2831,9.870309,-2.17419866619778
"832",278,278,1,12.0589330989025,24.3896626431687,26.1583988086145,27.454967100887,29.4985192059298,31.3687695328737,35.2250180148788,36.7265354431945,39.9387308519793,0,1,1,1,1,1,1,1,0,1,0.978723404255319,0.957446808510638,0.914893617021277,0.872340425531915,0.851063829787234,0.808510638297872,0,0,0,0,0,0,0,0,2832,26.45162,14.3926869010975
"833",278,278,2,11.8081048128459,24.1388343571122,25.9075705225579,27.2041388148304,29.2476909198732,31.1179412468171,34.9741897288223,36.4757071571379,39.6879025659227,1,1,1,1,1,1,1,1,0.857142857142857,0.839285714285714,0.821428571428571,0.803571428571429,0.785714285714286,0.732142857142857,0.714285714285714,0.678571428571429,1,0,0,0,0,0,0,0,2833,11.45011,-0.357994812845913
"834",278,278,3,12.035035182921,24.3657647271873,26.134500892633,27.4310691849055,29.4746212899483,31.3448716168922,35.2011200988974,36.702637527213,39.9148329359979,1,1,1,1,1,1,1,1,0.842105263157895,0.824561403508772,0.807017543859649,0.789473684210526,0.754385964912281,0.719298245614035,0.701754385964912,0.666666666666667,1,0,0,0,0,0,0,0,2834,10.32735,-1.70768518292102
"835",279,279,1,12.0619881403279,24.4033895417081,26.1736564924624,27.4713469236566,29.5166676585271,31.3885366280813,35.2481225713979,36.7509395156418,39.9659149781373,1,1,1,1,1,1,1,1,0.842105263157895,0.824561403508772,0.807017543859649,0.789473684210526,0.754385964912281,0.719298245614035,0.701754385964912,0.666666666666667,0,0,0,0,0,0,0,0,2835,10.811004,-1.25098414032786
"836",279,279,2,12.0544282701084,24.3958296714887,26.166096622243,27.4637870534371,29.5091077883077,31.3809767578618,35.2405627011785,36.7433796454223,39.9583551079178,1,1,1,1,1,1,1,1,0.857142857142857,0.839285714285714,0.821428571428571,0.803571428571429,0.767857142857143,0.732142857142857,0.714285714285714,0.678571428571429,0,0,0,0,0,0,0,0,2836,10.951213,-1.10321527010843
"837",279,279,3,12.0522366995981,24.3936381009784,26.1639050517327,27.4615954829268,29.5069162177973,31.3787851873515,35.2383711306682,36.741188074912,39.9561635374075,1,1,1,1,1,1,1,1,0.842105263157895,0.824561403508772,0.807017543859649,0.789473684210526,0.754385964912281,0.719298245614035,0.701754385964912,0.666666666666667,0,0,0,0,0,0,0,0,2837,10.05739,-1.99484669959811
"838",280,280,1,12.058632459065,24.389735811399,26.1585255963687,27.4551331943194,29.498747249976,31.3690542738621,35.225419658666,36.7269826057262,39.9392753927363,1,1,1,1,1,1,1,1,0.842105263157895,0.824561403508772,0.807017543859649,0.789473684210526,0.754385964912281,0.719298245614035,0.701754385964912,0.666666666666667,0,0,0,0,0,0,0,0,2838,10.360312,-1.69832045906503
"839",280,280,2,12.0540492942432,24.3851526465771,26.1539424315469,27.4505500294976,29.4941640851542,31.3644711090403,35.2208364938441,36.7223994409044,39.9346922279144,1,1,1,1,1,1,1,1,0.842105263157895,0.824561403508772,0.807017543859649,0.789473684210526,0.754385964912281,0.719298245614035,0.701754385964912,0.666666666666667,0,0,0,0,0,0,0,0,2839,10.642658,-1.4113912942432
"840",280,280,3,12.0497774412421,24.3808807935761,26.1496705785458,27.4462781764966,29.4898922321531,31.3601992560392,35.2165646408431,36.7181275879033,39.9304203749134,1,1,1,1,1,1,1,1,0.842105263157895,0.824561403508772,0.807017543859649,0.789473684210526,0.754385964912281,0.719298245614035,0.701754385964912,0.666666666666667,0,0,0,0,0,0,0,0,2840,10.350945,-1.69883244124214
"841",281,281,1,12.0550253888826,24.3857238061642,26.1544555067142,27.4510205260042,29.4945674724216,31.3648130782131,35.2210518257263,36.7225654636977,39.9347527638012,1,1,1,1,1,1,1,1,0.842105263157895,0.824561403508772,0.807017543859649,0.789473684210526,0.754385964912281,0.719298245614035,0.701754385964912,0.666666666666667,0,0,0,0,0,0,0,0,2841,10.501457,-1.55356838888259
"842",281,281,2,12.0527479365396,24.3834463538212,26.1521780543711,27.4487430736612,29.4922900200785,31.36253562587,35.2187743733833,36.7202880113547,39.9324753114581,1,1,1,1,1,1,1,1,0.842105263157895,0.824561403508772,0.807017543859649,0.789473684210526,0.754385964912281,0.719298245614035,0.701754385964912,0.666666666666667,0,0,0,0,0,0,0,0,2842,10.451866,-1.60088193653956
"843",281,281,3,12.0534983161714,24.384196733453,26.1529284340029,27.449493453293,29.4930403997104,31.3632860055019,35.2195247530151,36.7210383909865,39.93322569109,1,1,1,1,1,1,1,1,0.842105263157895,0.824561403508772,0.807017543859649,0.789473684210526,0.754385964912281,0.719298245614035,0.701754385964912,0.666666666666667,0,0,0,0,0,0,0,0,2843,10.271944,-1.78155431617137
"844",282,282,1,12.0571786194294,24.3870118648334,26.1556194639841,27.4520935110069,29.4954970738714,31.3656114556358,35.2215796337778,36.7229879194545,39.9349498394519,1,1,1,1,1,1,1,1,1,0.979166666666667,0.958333333333333,0.9375,0.895833333333333,0.854166666666667,0.833333333333333,0.791666666666667,0,0,0,0,0,0,0,0,2844,24.606371,12.5491923805706
"845",282,282,2,11.8350784531356,24.1649116985396,25.9335192976903,27.2299933447131,29.2733969075775,31.143511289342,34.999479467484,36.5008877531607,39.7128496731581,1,1,1,1,1,1,1,1,0.857142857142857,0.839285714285714,0.821428571428571,0.803571428571429,0.785714285714286,0.732142857142857,0.714285714285714,0.678571428571429,0,0,0,0,0,0,0,0,2845,11.76081,-0.0742684531355575
"846",282,282,3,12.0341098643135,24.3639431097175,26.1325507088683,27.429024755891,29.4724283187555,31.34254270052,35.198510878662,36.6999191643387,39.911881084336,1,1,1,1,1,1,1,1,0.842105263157895,0.824561403508772,0.807017543859649,0.789473684210526,0.754385964912281,0.719298245614035,0.701754385964912,0.666666666666667,0,0,0,0,0,0,0,0,2846,9.936445,-2.09766486431351
"847",283,283,1,12.0717277229377,24.409751975878,26.1795345039904,27.476869830195,29.5216308756507,31.3929876197967,35.2515174112045,36.7539231188527,39.968018823125,1,1,1,1,1,1,1,1,0.842105263157895,0.824561403508772,0.807017543859649,0.789473684210526,0.754385964912281,0.719298245614035,0.701754385964912,0.666666666666667,0,0,0,0,0,0,0,0,2847,10.717737,-1.35399072293769
"848",283,283,2,12.0595085945115,24.3975328474518,26.1673153755643,27.4646507017689,29.5094117472245,31.3807684913705,35.2392982827784,36.7417039904265,39.9557996946989,1,1,1,1,1,1,1,1,0.842105263157895,0.824561403508772,0.807017543859649,0.789473684210526,0.754385964912281,0.719298245614035,0.701754385964912,0.666666666666667,0,0,0,0,0,0,0,0,2848,10.785571,-1.27393759451152
"849",283,283,3,12.0584476949277,24.396471947868,26.1662544759804,27.463589802185,29.5083508476407,31.3797075917867,35.2382373831945,36.7406430908427,39.954738795115,1,1,1,1,1,1,1,1,0.842105263157895,0.824561403508772,0.807017543859649,0.789473684210526,0.754385964912281,0.719298245614035,0.701754385964912,0.666666666666667,0,0,0,0,0,0,0,0,2849,10.068425,-1.99002269492768
"850",284,284,1,12.06137629431,24.3890215181066,26.1573152645421,27.4535592424981,29.4966001880377,31.3663827039452,35.2216666115441,36.7228084610327,39.9342003942392,1,1,1,1,1,1,1,1,0.842105263157895,0.824561403508772,0.807017543859649,0.789473684210526,0.754385964912281,0.719298245614035,0.701754385964912,0.666666666666667,0,0,0,0,0,0,0,0,2850,10.102547,-1.95882929430996
"851",284,284,2,12.0608597667503,24.3885049905469,26.1567987369825,27.4530427149385,29.496083660478,31.3658661763856,35.2211500839845,36.722291933473,39.9336838666795,1,1,1,1,1,1,1,1,0.842105263157895,0.824561403508772,0.807017543859649,0.789473684210526,0.754385964912281,0.719298245614035,0.701754385964912,0.666666666666667,0,0,0,0,0,0,0,0,2851,10.673816,-1.38704376675029
"852",284,284,3,12.0522120854161,24.3798573092128,26.1481510556483,27.4443950336043,29.4874359791439,31.3572184950514,35.2125024026503,36.7136442521389,39.9250361853454,1,1,1,1,1,1,1,1,0.842105263157895,0.824561403508772,0.807017543859649,0.789473684210526,0.754385964912281,0.719298245614035,0.701754385964912,0.666666666666667,0,0,0,0,0,0,0,0,2852,10.672048,-1.38016408541614
"853",285,285,1,12.0517710218786,24.3790895770559,26.1473364657123,27.4435460946728,29.486532901944,31.3562658707351,35.2114476176822,36.712549688614,39.9238565235758,1,1,1,1,1,1,1,1,0.842105263157895,0.824561403508772,0.807017543859649,0.789473684210526,0.754385964912281,0.719298245614035,0.701754385964912,0.666666666666667,0,0,0,0,0,0,0,0,2853,10.561489,-1.49028202187863
"854",285,285,2,12.0534786642372,24.3807972194144,26.1490441080709,27.4452537370313,29.4882405443026,31.3579735130937,35.2131552600408,36.7142573309725,39.9255641659344,1,1,1,1,1,1,1,1,0.842105263157895,0.824561403508772,0.807017543859649,0.789473684210526,0.754385964912281,0.719298245614035,0.701754385964912,0.666666666666667,0,0,0,0,0,0,0,0,2854,10.746169,-1.3073096642372
"855",285,285,3,12.0506261837446,24.3779447389218,26.1461916275783,27.4424012565387,29.48538806381,31.3551210326011,35.2103027795482,36.7114048504799,39.9227116854418,1,1,1,1,1,1,1,1,0.842105263157895,0.824561403508772,0.807017543859649,0.789473684210526,0.754385964912281,0.719298245614035,0.701754385964912,0.666666666666667,0,0,0,0,0,0,0,0,2855,9.951724,-2.09890218374461
"856",286,286,1,12.0649096652337,24.3920841514577,26.1603103746729,27.4565048548754,29.4994677858292,31.3691789031147,35.2243155946836,36.7254001222865,39.9366694268145,0,0,0,0,1,1,1,1,0,0,0,0,1,0.953488372093023,0.930232558139535,0.883720930232558,0,0,0,0,0,0,0,0,2856,32.025137,19.9602273347663
"857",286,286,2,11.7227908427909,24.049965329015,25.8181915522301,27.1143860324327,29.1573489633865,31.0270600806719,34.8821967722409,36.3832812998438,39.5945506043718,1,1,1,1,1,1,1,1,0.857142857142857,0.839285714285714,0.821428571428571,0.803571428571429,0.785714285714286,0.732142857142857,0.714285714285714,0.678571428571429,1,1,1,1,0,0,0,0,2857,11.488284,-0.234506842790948
"858",286,286,3,12.0410943133525,24.3682687995766,26.1364950227917,27.4326895029943,29.4756524339481,31.3453635512335,35.2005002428025,36.7015847704054,39.9128540749333,1,1,1,1,1,1,1,1,0.842105263157895,0.824561403508772,0.807017543859649,0.789473684210526,0.754385964912281,0.719298245614035,0.701754385964912,0.666666666666667,1,1,1,1,0,0,0,0,2858,10.149334,-1.89176031335255
"859",287,287,1,12.0736742196922,24.4222198810212,26.1935116138779,27.4919532594173,29.5384580010739,31.4114105686793,35.2732307708436,36.7769176742239,39.9937542398215,1,1,1,1,1,1,1,1,0.857142857142857,0.839285714285714,0.821428571428571,0.803571428571429,0.767857142857143,0.732142857142857,0.714285714285714,0.678571428571429,0,0,0,0,0,0,0,0,2859,11.732646,-0.341028219692189
"860",287,287,2,12.048721146805,24.397266808134,26.1685585409908,27.4670001865301,29.5135049281867,31.3864574957922,35.2482776979565,36.7519646013367,39.9688011669344,1,1,1,1,1,1,1,1,0.842105263157895,0.824561403508772,0.807017543859649,0.789473684210526,0.754385964912281,0.719298245614035,0.701754385964912,0.666666666666667,0,0,0,0,0,0,0,0,2860,9.442715,-2.60600614680502
"861",287,287,3,12.0848105689464,24.4333562302754,26.2046479631322,27.5030896086716,29.5495943503281,31.4225469179336,35.2843671200979,36.7880540234781,40.0048905890758,1,1,1,1,1,1,1,1,0.842105263157895,0.824561403508772,0.807017543859649,0.789473684210526,0.754385964912281,0.719298245614035,0.701754385964912,0.666666666666667,0,0,0,0,0,0,0,0,2861,10.578661,-1.50614956894645
"862",288,288,1,12.0613991197955,24.4054564679103,26.1761043911794,27.4740740934669,29.519834994146,31.3921068016045,35.2525233519446,36.7556637117898,39.9713310571034,1,1,1,1,1,1,1,1,0.857142857142857,0.839285714285714,0.821428571428571,0.803571428571429,0.767857142857143,0.732142857142857,0.714285714285714,0.678571428571429,0,0,0,0,0,0,0,0,2862,11.436222,-0.625177119795481
"863",288,288,2,12.0480934388377,24.3921507869526,26.1627987102216,27.4607684125091,29.5065293131883,31.3788011206468,35.2392176709868,36.7423580308321,39.9580253761457,1,1,1,1,1,1,1,1,0.827586206896552,0.810344827586207,0.793103448275862,0.775862068965517,0.741379310344828,0.706896551724138,0.689655172413793,0.655172413793103,0,0,0,0,0,0,0,0,2863,9.251917,-2.79617643883774
"864",288,288,3,12.0819845153261,24.4260418634409,26.1966897867099,27.4946594889974,29.5404203896766,31.4126921971351,35.2731087474752,36.7762491073204,39.991916452634,1,1,1,1,1,1,1,1,0.857142857142857,0.839285714285714,0.821428571428571,0.803571428571429,0.767857142857143,0.732142857142857,0.714285714285714,0.678571428571429,0,0,0,0,0,0,0,0,2864,10.965246,-1.11673851532606
"865",289,289,1,12.0467688635162,24.380579232631,26.1497573156706,27.4466495546973,29.4907122399196,31.3614298477052,35.2186418109142,36.7205343923939,39.9335323661364,1,1,1,1,1,1,1,1,0.857142857142857,0.839285714285714,0.821428571428571,0.803571428571429,0.767857142857143,0.732142857142857,0.714285714285714,0.678571428571429,0,0,0,0,0,0,0,0,2865,11.717299,-0.329469863516167
"866",289,289,2,12.0355047560071,24.369315125122,26.1384932081615,27.4353854471882,29.4794481324105,31.3501657401961,35.2073777034052,36.7092702848849,39.9222682586273,1,1,1,1,1,1,1,1,0.842105263157895,0.824561403508772,0.807017543859649,0.789473684210526,0.754385964912281,0.719298245614035,0.701754385964912,0.666666666666667,0,0,0,0,0,0,0,0,2866,9.635802,-2.39970275600711
"867",289,289,3,12.0666810241528,24.4004913932677,26.1696694763072,27.4665617153339,29.5106244005562,31.3813420083418,35.2385539715509,36.7404465530306,39.953444526773,1,1,1,1,1,1,1,1,0.842105263157895,0.824561403508772,0.807017543859649,0.789473684210526,0.754385964912281,0.719298245614035,0.701754385964912,0.666666666666667,0,0,0,0,0,0,0,0,2867,9.916956,-2.14972502415281
"868",290,290,1,12.0621290260881,24.395975914126,26.1651592354882,27.4620553144562,29.5061240519013,31.3768471986558,35.2340705826036,36.7359676110059,39.9489750980473,0,0,0,0,0,1,1,1,0,0,0,0,0,0.976190476190476,0.952380952380952,0.904761904761905,0,0,0,0,0,0,0,0,2868,33.105699,21.0435699739119
"869",290,290,2,11.7129744999049,24.0468213879428,25.8160047093049,27.1129007882729,29.156969525718,31.0276926724726,34.8849160564204,36.3868130848227,39.5998205718641,1,1,1,1,1,1,1,1,0.842105263157895,0.824561403508772,0.807017543859649,0.789473684210526,0.771929824561403,0.719298245614035,0.701754385964912,0.666666666666667,1,1,1,1,1,0,0,0,2869,10.377866,-1.33510849990485
"870",290,290,3,12.0551890719619,24.3890359599998,26.158219281362,27.45511536033,29.4991840977751,31.3699072445296,35.2271306284775,36.7290276568798,39.9420351439212,1,1,1,1,1,1,1,1,0.857142857142857,0.839285714285714,0.821428571428571,0.803571428571429,0.767857142857143,0.732142857142857,0.714285714285714,0.678571428571429,1,1,1,1,1,0,0,0,2870,11.336839,-0.718350071961909
"871",291,291,1,12.0535874167856,24.4114356069065,26.184061706805,27.4834815072724,29.5315279421619,31.4058914609565,35.2706208877862,36.7754405634861,39.9947004682843,1,1,1,1,1,1,1,1,0.842105263157895,0.824561403508772,0.807017543859649,0.789473684210526,0.754385964912281,0.719298245614035,0.701754385964912,0.666666666666667,0,0,0,0,0,0,0,0,2871,10.114058,-1.93952941678557
"872",291,291,2,12.0728418568616,24.4306900469825,26.203316146881,27.5027359473484,29.5507823822379,31.4251459010326,35.2898753278623,36.7946950035622,40.0139549083603,1,1,1,1,1,1,1,1,0.842105263157895,0.824561403508772,0.807017543859649,0.789473684210526,0.754385964912281,0.719298245614035,0.701754385964912,0.666666666666667,0,0,0,0,0,0,0,0,2872,9.775786,-2.29705585686161
"873",291,291,3,12.0781684345181,24.436016624639,26.2086427245375,27.5080625250049,29.5561089598944,31.4304724786891,35.2952019055188,36.8000215812187,40.0192814860168,1,1,1,1,1,1,1,1,0.842105263157895,0.824561403508772,0.807017543859649,0.789473684210526,0.754385964912281,0.719298245614035,0.701754385964912,0.666666666666667,0,0,0,0,0,0,0,0,2873,10.147118,-1.93105043451811
"874",292,292,1,12.0702451742805,24.4284282803783,26.2011024210678,27.500557437735,29.5486593777142,31.4230736945345,35.2879078612519,36.7927683197923,40.0121154712987,1,1,1,1,1,1,1,1,0.842105263157895,0.824561403508772,0.807017543859649,0.789473684210526,0.754385964912281,0.719298245614035,0.701754385964912,0.666666666666667,0,0,0,0,0,0,0,0,2874,10.132411,-1.93783417428054
"875",292,292,2,12.0704748461607,24.4286579522584,26.2013320929479,27.5007871096151,29.5488890495943,31.4233033664146,35.288137533132,36.7929979916724,40.0123451431788,1,1,1,1,1,1,1,1,0.842105263157895,0.824561403508772,0.807017543859649,0.789473684210526,0.754385964912281,0.719298245614035,0.701754385964912,0.666666666666667,0,0,0,0,0,0,0,0,2875,10.645566,-1.42490884616065
"876",292,292,3,12.0624611605933,24.4206442666911,26.1933184073805,27.4927734240478,29.540875364027,31.4152896808473,35.2801238475646,36.784984306105,40.0043314576114,1,1,1,1,1,1,1,1,0.842105263157895,0.824561403508772,0.807017543859649,0.789473684210526,0.754385964912281,0.719298245614035,0.701754385964912,0.666666666666667,0,0,0,0,0,0,0,0,2876,10.367709,-1.6947521605933
"877",293,293,1,12.0665972229228,24.4247859289806,26.1974608729357,27.4969164784352,29.5450193464868,31.4194345126751,35.2842704306949,36.7891315711445,40.0084801814588,1,1,1,1,1,1,1,1,0.842105263157895,0.824561403508772,0.807017543859649,0.789473684210526,0.754385964912281,0.719298245614035,0.701754385964912,0.666666666666667,0,0,0,0,0,0,0,0,2877,10.050349,-2.01624822292279
"878",293,293,2,12.071553193951,24.4297419000088,26.2024168439639,27.5018724494634,29.549975317515,31.4243904837033,35.2892264017231,36.7940875421727,40.013436152487,1,1,1,1,1,1,1,1,0.842105263157895,0.824561403508772,0.807017543859649,0.789473684210526,0.754385964912281,0.719298245614035,0.701754385964912,0.666666666666667,0,0,0,0,0,0,0,0,2878,10.778214,-1.29333919395099
"879",293,293,3,12.0601866768964,24.4183753829542,26.1910503269093,27.4905059324088,29.5386088004604,31.4130239666487,35.2778598846686,36.7827210251181,40.0020696354324,1,1,1,1,1,1,1,1,0.842105263157895,0.824561403508772,0.807017543859649,0.789473684210526,0.754385964912281,0.719298245614035,0.701754385964912,0.666666666666667,0,0,0,0,0,0,0,0,2879,10.754149,-1.30603767689643
"880",294,294,1,12.0595862494758,24.4179410469322,26.1906398152574,27.4901128851608,29.5382432792745,31.4126836371995,35.277571497783,36.7824528632427,40.00184474091,0,0,0,0,0,1,1,1,0,0,0,0,0,0.976190476190476,0.952380952380952,0.904761904761905,0,0,0,0,0,0,0,0,2880,33.171362,21.1117757505242
"881",294,294,2,11.7033504873085,24.0617052847649,25.8344040530901,27.1338771229934,29.1820075171072,31.0564478750322,34.9213357356157,36.4262171010753,39.6456089787427,0,0,0,0,0,0,0,0,0,0,0,0,0,0,0,0,1,1,1,1,1,0,0,0,2881,46.564944,34.8615935126915
"882",294,294,3,11.4905107872119,23.8488655846684,25.6215643529935,26.9210374228969,28.9691678170106,30.8436081749356,34.7084960355191,36.2133774009788,39.4327692786461,1,1,1,1,1,1,1,1,0.842105263157895,0.824561403508772,0.807017543859649,0.789473684210526,0.771929824561403,0.719298245614035,0.701754385964912,0.666666666666667,1,1,1,1,1,1,1,1,2882,10.400386,-1.09012478721193
"883",295,295,1,12.0845962695561,24.5329754059091,26.318587384552,27.627526455873,29.690576439829,31.5786711438858,35.4717127498715,36.9875564118718,40.2303999245007,1,1,1,1,1,1,1,1,0.842105263157895,0.824561403508772,0.807017543859649,0.771929824561403,0.754385964912281,0.719298245614035,0.701754385964912,0.666666666666667,1,1,1,1,1,1,1,1,2883,9.776365,-2.30823126955606
"884",295,295,2,12.0907307364089,24.5391098727619,26.3247218514049,27.6336609227258,29.6967109066819,31.5848056107387,35.4778472167244,36.9936908787246,40.2365343913536,1,1,1,1,1,1,1,1,0.842105263157895,0.824561403508772,0.807017543859649,0.771929824561403,0.754385964912281,0.719298245614035,0.701754385964912,0.666666666666667,0,0,0,0,0,0,0,0,2884,10.691349,-1.39938173640893
"885",295,295,3,12.0817359445367,24.5301150808897,26.3157270595326,27.6246661308536,29.6877161148097,31.5758108188664,35.4688524248522,36.9846960868524,40.2275395994814,1,1,1,1,1,1,1,1,0.842105263157895,0.824561403508772,0.807017543859649,0.771929824561403,0.754385964912281,0.719298245614035,0.701754385964912,0.666666666666667,0,0,0,0,0,0,0,0,2885,10.084216,-1.99751994453669
"886",296,296,1,12.0805761928193,24.5195084799318,26.3037653900169,27.6117111312074,29.6731955039332,31.5598573671498,35.4499446144406,36.9646379301677,40.2050205076469,1,1,1,1,1,1,1,1,0.842105263157895,0.824561403508772,0.807017543859649,0.789473684210526,0.754385964912281,0.719298245614035,0.701754385964912,0.666666666666667,0,0,0,0,0,0,0,0,2886,10.491877,-1.58869919281925
"887",296,296,2,12.0767851439059,24.5157174310185,26.2999743411035,27.607920082294,29.6694044550199,31.5560663182364,35.4461535655273,36.9608468812543,40.2012294587335,1,1,1,1,1,1,1,1,0.842105263157895,0.824561403508772,0.807017543859649,0.789473684210526,0.754385964912281,0.719298245614035,0.701754385964912,0.666666666666667,0,0,0,0,0,0,0,0,2887,10.802684,-1.27410114390591
"888",296,296,3,12.0738947900589,24.5128270771715,26.2970839872566,27.6050297284471,29.6665141011729,31.5531759643894,35.4432632116803,36.9579565274073,40.1983391048865,1,1,1,1,1,1,1,1,0.857142857142857,0.839285714285714,0.821428571428571,0.803571428571429,0.767857142857143,0.732142857142857,0.714285714285714,0.678571428571429,0,0,0,0,0,0,0,0,2888,11.034391,-1.03950379005893
"889",297,297,1,12.0571431776812,24.4635821251249,26.2431781475632,27.5477072349561,29.6038065384172,31.4855400087985,35.3654654573634,36.8762020472826,40.1081200034168,1,1,1,1,1,1,1,1,0.842105263157895,0.824561403508772,0.807017543859649,0.789473684210526,0.754385964912281,0.719298245614035,0.701754385964912,0.666666666666667,0,0,0,0,0,0,0,0,2889,10.495742,-1.56140117768121
"890",297,297,2,12.0618874090229,24.4683263564666,26.2479223789049,27.5524514662978,29.6085507697589,31.4902842401402,35.3702096887051,36.8809462786243,40.1128642347584,1,1,1,1,1,1,1,1,0.857142857142857,0.839285714285714,0.821428571428571,0.803571428571429,0.767857142857143,0.732142857142857,0.714285714285714,0.678571428571429,0,0,0,0,0,0,0,0,2890,12.132023,0.070135590977106
"891",297,297,3,12.0474756202625,24.4539145677062,26.2335105901445,27.5380396775373,29.5941389809985,31.4758724513798,35.3557978999447,36.8665344898639,40.098452445998,1,1,1,1,1,1,1,1,0.842105263157895,0.824561403508772,0.807017543859649,0.789473684210526,0.754385964912281,0.719298245614035,0.701754385964912,0.666666666666667,0,0,0,0,0,0,0,0,2891,10.447559,-1.59991662026248
"892",298,298,1,12.0645191370124,24.4708743467804,26.2504583577757,27.5549786402058,29.6110640659557,31.4927848355139,35.3726840963918,36.8834104895438,40.1153066317393,1,1,1,1,1,1,1,1,0.857142857142857,0.839285714285714,0.821428571428571,0.803571428571429,0.767857142857143,0.732142857142857,0.714285714285714,0.678571428571429,0,0,0,0,0,0,0,0,2892,11.11675,-0.947769137012445
"893",298,298,2,12.0586151204926,24.4649703302605,26.2445543412558,27.5490746236859,29.6051600494358,31.486880818994,35.3667800798719,36.8775064730239,40.1094026152194,0,0,0,0,0,1,1,1,0,0,0,0,0,0.976190476190476,0.952380952380952,0.904761904761905,0,0,0,0,0,0,0,0,2893,33.521995,21.4633798795074
"894",298,298,3,11.8609422040722,24.2672974138402,26.0468814248355,27.3514017072656,29.4074871330155,31.2892079025737,35.1691071634516,36.6798335566036,39.9117296987991,1,1,1,1,1,1,1,1,0.842105263157895,0.824561403508772,0.807017543859649,0.789473684210526,0.754385964912281,0.719298245614035,0.701754385964912,0.666666666666667,1,1,1,1,1,0,0,0,2894,10.553097,-1.30784520407223
"895",299,299,1,12.0763474598059,24.5072096162848,26.2903089361511,27.5974061082884,29.657553031159,31.54299086587,35.4305543023114,36.9442649152915,40.1825451973245,1,1,1,1,1,1,1,1,0.857142857142857,0.839285714285714,0.821428571428571,0.803571428571429,0.767857142857143,0.732142857142857,0.714285714285714,0.678571428571429,1,1,1,1,1,0,0,0,2895,11.581855,-0.494492459805882
"896",299,299,2,12.0667742024577,24.4976363589366,26.2807356788029,27.5878328509402,29.6479797738108,31.5334176085218,35.4209810449632,36.9346916579433,40.1729719399763,1,1,1,1,1,1,1,1,0.857142857142857,0.839285714285714,0.821428571428571,0.803571428571429,0.767857142857143,0.732142857142857,0.714285714285714,0.678571428571429,0,0,0,0,0,0,0,0,2896,11.934749,-0.13202520245771
"897",299,299,3,12.0634902959621,24.494352452441,26.2774517723073,27.5845489444446,29.6446958673152,31.5301337020262,35.4176971384676,36.9314077514477,40.1696880334807,1,1,1,1,1,1,1,1,0.842105263157895,0.824561403508772,0.807017543859649,0.789473684210526,0.754385964912281,0.719298245614035,0.701754385964912,0.666666666666667,0,0,0,0,0,0,0,0,2897,10.667306,-1.39618429596208
"898",300,300,1,12.0694644730276,24.4936770823425,26.2758225823629,27.5822205588866,29.6412654629305,31.5256947346272,35.4111786261346,36.9240795213342,40.1606275745648,1,1,1,1,1,1,1,1,0.857142857142857,0.839285714285714,0.821428571428571,0.803571428571429,0.767857142857143,0.732142857142857,0.714285714285714,0.678571428571429,0,0,0,0,0,0,0,0,2898,11.177783,-0.891681473027646
"899",300,300,2,12.0647744353396,24.4889870446545,26.2711325446749,27.5775305211985,29.6365754252424,31.5210046969392,35.4064885884465,36.9193894836462,40.1559375368768,1,1,1,1,1,1,1,1,0.857142857142857,0.839285714285714,0.821428571428571,0.803571428571429,0.767857142857143,0.732142857142857,0.714285714285714,0.678571428571429,0,0,0,0,0,0,0,0,2899,11.976669,-0.0881054353395818
"900",300,300,3,12.0574346228731,24.481647232188,26.2637927322084,27.570190708732,29.6292356127759,31.5136648844727,35.39914877598,36.9120496711797,40.1485977244103,1,1,1,1,1,1,1,1,0.842105263157895,0.824561403508772,0.807017543859649,0.789473684210526,0.754385964912281,0.719298245614035,0.701754385964912,0.666666666666667,0,0,0,0,0,0,0,0,2900,10.285119,-1.77231562287308
"901",301,301,1,12.0738982181816,24.4977035747983,26.2797906579526,27.5861458121166,29.6451232228215,31.5294907248972,35.4148472543053,36.9276985581956,40.1641405207652,1,1,1,1,1,1,1,1,0.857142857142857,0.839285714285714,0.821428571428571,0.803571428571429,0.767857142857143,0.732142857142857,0.714285714285714,0.678571428571429,0,0,0,0,0,0,0,0,2901,11.091847,-0.982051218181555
"902",301,301,2,12.0664664636588,24.4902718202755,26.2723589034299,27.5787140575939,29.6376914682988,31.5220589703744,35.4074154997826,36.9202668036729,40.1567087662425,0,0,0,0,0,1,1,1,0,0,0,0,0,0.976190476190476,0.952380952380952,0.904761904761905,0,0,0,0,0,0,0,0,2902,33.663489,21.5970225363412
"903",301,301,3,11.8585315679823,24.282336924599,26.0644240077534,27.3707791619174,29.4297565726223,31.314124074698,35.1994806041061,36.7123319079964,39.948773870566,1,1,1,1,1,1,1,1,0.842105263157895,0.824561403508772,0.807017543859649,0.789473684210526,0.754385964912281,0.719298245614035,0.701754385964912,0.666666666666667,1,1,1,1,1,0,0,0,2903,9.928303,-1.93022856798233
"904",302,302,1,12.0904919048344,24.5391495700643,26.324801501258,27.6337698597115,29.6968660038133,31.5850029534421,35.4781316651059,36.994009243669,40.2369253139821,1,1,1,1,1,1,1,1,0.857142857142857,0.839285714285714,0.821428571428571,0.785714285714286,0.767857142857143,0.732142857142857,0.714285714285714,0.678571428571429,1,1,1,1,1,0,0,0,2904,11.893617,-0.196874904834418
"905",302,302,2,12.0713396742569,24.5199973394869,26.3056492706805,27.614617629134,29.6777137732358,31.5658507228646,35.4589794345285,36.9748570130915,40.2177730834046,0,0,0,0,0,1,1,1,0,0,0,0,0,0.976190476190476,0.952380952380952,0.904761904761905,0,0,0,0,0,0,0,0,2905,33.866302,21.7949623257431
"906",302,302,3,11.8572131125339,24.3058707777638,26.0915227089575,27.400491067411,29.4635872115128,31.3517241611416,35.2448528728054,36.7607304513685,40.0036465216816,1,1,1,1,1,1,1,1,0.842105263157895,0.824561403508772,0.807017543859649,0.789473684210526,0.754385964912281,0.719298245614035,0.701754385964912,0.666666666666667,1,1,1,1,1,0,0,0,2906,10.833419,-1.02379411253393
"907",303,303,1,12.096806806628,24.5704726522018,26.3597117898822,27.6713097424375,29.7385504523091,31.6304804911705,35.5314301316077,37.0503529654009,40.2997837485536,1,1,1,1,1,1,1,1,0.857142857142857,0.839285714285714,0.821428571428571,0.785714285714286,0.767857142857143,0.732142857142857,0.714285714285714,0.678571428571429,1,1,1,1,1,0,0,0,2907,11.375631,-0.721175806627956
"908",303,303,2,12.0913921032778,24.5650579488517,26.354297086532,27.6658950390874,29.7331357489589,31.6250657878203,35.5260154282575,37.0449382620508,40.2943690452034,1,1,1,1,1,1,1,1,0.857142857142857,0.839285714285714,0.821428571428571,0.785714285714286,0.767857142857143,0.732142857142857,0.714285714285714,0.678571428571429,0,0,0,0,0,0,0,0,2908,12.213918,0.122525896722196
"909",303,303,3,12.0830206997912,24.5566865453651,26.3459256830454,27.6575236356008,29.7247643454723,31.6166943843337,35.5176440247709,37.0365668585642,40.2859976417168,1,1,1,1,1,1,1,1,0.842105263157895,0.824561403508772,0.807017543859649,0.771929824561403,0.754385964912281,0.719298245614035,0.701754385964912,0.666666666666667,0,0,0,0,0,0,0,0,2909,10.303556,-1.77946469979118
"910",304,304,1,12.0734164701839,24.3840547076264,26.1499089494307,27.4443646536941,29.4845870585594,31.3517900578475,35.2017552886336,36.7008261911987,39.9077877487905,1,1,1,1,1,1,1,1,0.857142857142857,0.839285714285714,0.821428571428571,0.803571428571429,0.767857142857143,0.732142857142857,0.714285714285714,0.678571428571429,0,0,0,0,0,0,0,0,2910,11.327938,-0.745478470183945
"911",304,304,2,12.0640043290016,24.374642566444,26.1404968082483,27.4349525125118,29.475174917377,31.3423779166651,35.1923431474512,36.6914140500163,39.8983756076081,1,1,1,1,1,1,1,1,0.857142857142857,0.839285714285714,0.821428571428571,0.803571428571429,0.767857142857143,0.732142857142857,0.714285714285714,0.678571428571429,0,0,0,0,0,0,0,0,2911,12.397627,0.333622670998427
"912",304,304,3,12.0541759018238,24.3648141392662,26.1306683810705,27.425124085334,29.4653464901992,31.3325494894873,35.1825147202734,36.6815856228385,39.8885471804303,1,1,1,1,1,1,1,1,0.842105263157895,0.824561403508772,0.807017543859649,0.789473684210526,0.754385964912281,0.719298245614035,0.701754385964912,0.666666666666667,0,0,0,0,0,0,0,0,2912,10.08432,-1.96985590182379
"913",305,305,1,12.0774310824065,24.3877104447579,26.1535132090441,27.4479311778222,29.4880941068921,31.3552426741813,35.2050956722305,36.704122874445,39.9109909439009,1,1,1,1,1,1,1,1,0.857142857142857,0.839285714285714,0.821428571428571,0.803571428571429,0.767857142857143,0.732142857142857,0.714285714285714,0.678571428571429,0,0,0,0,0,0,0,0,2913,11.16691,-0.9105210824065
"914",305,305,2,12.0673596108824,24.3776389732338,26.14344173752,27.4378597062981,29.478022635368,31.3451712026572,35.1950242007064,36.6940514029209,39.9009194723768,1,1,1,1,1,1,1,1,0.842105263157895,0.824561403508772,0.807017543859649,0.789473684210526,0.754385964912281,0.719298245614035,0.701754385964912,0.666666666666667,0,0,0,0,0,0,0,0,2914,10.588816,-1.4785436108824
"915",305,305,3,12.0727376923899,24.3830170547413,26.1488198190276,27.4432377878057,29.4834007168755,31.3505492841648,35.2004022822139,36.6994294844284,39.9062975538843,1,1,1,1,1,1,1,1,0.857142857142857,0.839285714285714,0.821428571428571,0.803571428571429,0.767857142857143,0.732142857142857,0.714285714285714,0.678571428571429,0,0,0,0,0,0,0,0,2915,11.253728,-0.819009692389946
"916",306,306,1,12.0663520111955,24.3761741204395,26.1419112957349,27.4362811846424,29.4763683338853,31.3434475477944,35.1931575468754,36.6921290692125,39.8988780227372,1,1,1,1,1,1,1,1,0.857142857142857,0.839285714285714,0.821428571428571,0.803571428571429,0.767857142857143,0.732142857142857,0.714285714285714,0.678571428571429,0,0,0,0,0,0,0,0,2916,11.405615,-0.660737011195549
"917",306,306,2,12.064939688927,24.3747617981709,26.1404989734663,27.4348688623738,29.4749560116168,31.3420352255259,35.1917452246069,36.6907167469439,39.8974657004686,1,1,1,1,1,1,1,1,0.857142857142857,0.839285714285714,0.821428571428571,0.803571428571429,0.767857142857143,0.732142857142857,0.714285714285714,0.678571428571429,0,0,0,0,0,0,0,0,2917,12.159627,0.0946873110730042
"918",306,306,3,12.0579285033854,24.3677506126294,26.1334877879247,27.4278576768323,29.4679448260752,31.3350240399843,35.1847340390653,36.6837055614024,39.890454514927,1,1,1,1,1,1,1,1,0.842105263157895,0.824561403508772,0.807017543859649,0.789473684210526,0.754385964912281,0.719298245614035,0.701754385964912,0.666666666666667,0,0,0,0,0,0,0,0,2918,10.691358,-1.36657050338541
"919",307,307,1,12.0749094667863,24.3826435165883,26.1480811778738,27.4422315086721,29.48197260716,31.3487351168677,35.1977921070554,36.6965093656336,39.9027143728387,1,1,1,1,1,1,1,1,0.857142857142857,0.839285714285714,0.821428571428571,0.803571428571429,0.767857142857143,0.732142857142857,0.714285714285714,0.678571428571429,0,0,0,0,0,0,0,0,2919,11.616005,-0.458904466786279
"920",307,307,2,12.0663403430397,24.3740743928417,26.1395120541272,27.4336623849254,29.4734034834134,31.340165993121,35.1892229833088,36.687940241887,39.8941452490921,1,1,1,1,1,1,1,1,0.857142857142857,0.839285714285714,0.821428571428571,0.803571428571429,0.767857142857143,0.732142857142857,0.714285714285714,0.678571428571429,0,0,0,0,0,0,0,0,2920,11.498064,-0.568276343039665
"921",307,307,3,12.0674333558584,24.3751674056604,26.1406050669459,27.4347553977442,29.4744964962321,31.3412590059398,35.1903159961275,36.6890332547057,39.8952382619108,1,1,1,1,1,1,1,1,0.842105263157895,0.824561403508772,0.807017543859649,0.789473684210526,0.754385964912281,0.719298245614035,0.701754385964912,0.666666666666667,0,0,0,0,0,0,0,0,2921,10.494508,-1.57292535585839
"922",308,308,1,12.0682364300485,24.3567813181439,26.1194664606775,27.4115990634464,29.4481599728257,31.3120119867815,35.1550678579408,36.651448445308,39.8526546130762,1,1,1,1,1,1,1,1,0.842105263157895,0.824561403508772,0.807017543859649,0.789473684210526,0.754385964912281,0.719298245614035,0.701754385964912,0.666666666666667,0,0,0,0,0,0,0,0,2922,10.428822,-1.63941443004846
"923",308,308,2,12.0688282772745,24.3573731653699,26.1200583079035,27.4121909106724,29.4487518200517,31.3126038340075,35.1556597051668,36.652040292534,39.8532464603022,1,1,1,1,1,1,1,1,0.857142857142857,0.839285714285714,0.821428571428571,0.803571428571429,0.767857142857143,0.732142857142857,0.714285714285714,0.678571428571429,0,0,0,0,0,0,0,0,2923,11.838804,-0.230024277274463
"924",308,308,3,12.0561239881502,24.3446688762457,26.1073540187793,27.3994866215482,29.4360475309274,31.2998995448832,35.1429554160426,36.6393360034097,39.8405421711779,1,1,1,1,1,1,1,1,0.857142857142857,0.839285714285714,0.821428571428571,0.803571428571429,0.767857142857143,0.732142857142857,0.714285714285714,0.678571428571429,0,0,0,0,0,0,0,0,2924,11.31616,-0.739963988150228
"925",309,309,1,12.0619930186964,24.3502226271678,26.1128625455749,27.4049619968938,29.4414706554847,31.3052748497379,35.1482321219808,36.6445743176333,39.8456983540274,1,1,1,1,1,1,1,1,0.842105263157895,0.824561403508772,0.807017543859649,0.789473684210526,0.754385964912281,0.719298245614035,0.701754385964912,0.666666666666667,0,0,0,0,0,0,0,0,2925,10.449614,-1.61237901869641
"926",309,309,2,12.0698374989876,24.358067107459,26.1207070258661,27.412806477185,29.4493151357759,31.313119330029,35.156076602272,36.6524187979245,39.8535428343186,1,1,1,1,1,1,1,1,0.842105263157895,0.824561403508772,0.807017543859649,0.789473684210526,0.754385964912281,0.719298245614035,0.701754385964912,0.666666666666667,0,0,0,0,0,0,0,0,2926,10.078465,-1.99137249898759
"927",309,309,3,12.0731973564165,24.3614269648879,26.124066883295,27.4161663346139,29.4526749932048,31.316479187458,35.1594364597009,36.6557786553534,39.8569026917475,1,1,1,1,1,1,1,1,0.842105263157895,0.824561403508772,0.807017543859649,0.789473684210526,0.754385964912281,0.719298245614035,0.701754385964912,0.666666666666667,0,0,0,0,0,0,0,0,2927,10.643875,-1.42932235641651
"928",310,310,1,12.0693358059647,24.3552428188056,26.1175495810215,27.4094048129016,29.4455285514297,31.3089804684537,35.1512113841707,36.6472707565072,39.847789749137,1,1,1,1,1,1,1,1,0.842105263157895,0.824561403508772,0.807017543859649,0.789473684210526,0.754385964912281,0.719298245614035,0.701754385964912,0.666666666666667,0,0,0,0,0,0,0,0,2928,10.260298,-1.80903780596471
"929",310,310,2,12.0728994659603,24.3588064788013,26.1211132410172,27.4129684728972,29.4490922114253,31.3125441284494,35.1547750441663,36.6508344165029,39.8513534091326,0,0,0,0,0,1,1,1,0,0,0,0,0,0.976190476190476,0.952380952380952,0.904761904761905,0,0,0,0,0,0,0,0,2929,33.383683,21.3107835340397
"930",310,310,3,11.8580693742506,24.1439763870915,25.9062831493074,27.1981383811874,29.2342621197156,31.0977140367396,34.9399449524566,36.4360043247931,39.6365233174229,1,1,1,1,1,1,1,1,0.842105263157895,0.824561403508772,0.807017543859649,0.789473684210526,0.771929824561403,0.719298245614035,0.701754385964912,0.666666666666667,1,1,1,1,1,0,0,0,2930,10.509015,-1.34905437425059
"931",311,311,1,12.0821992090127,24.3929270229172,26.1587941136878,27.4532592368587,29.4934964870878,31.3607130727908,35.2107063172556,36.7097881275791,39.9167730201325,1,1,1,1,1,1,1,1,0.842105263157895,0.824561403508772,0.807017543859649,0.789473684210526,0.754385964912281,0.719298245614035,0.701754385964912,0.666666666666667,1,1,1,1,1,0,0,0,2931,10.764837,-1.31736220901274
"932",311,311,2,12.0796788414491,24.3904066553536,26.1562737461241,27.450738869295,29.4909761195242,31.3581927052272,35.208185949692,36.7072677600155,39.9142526525689,1,1,1,1,1,1,1,1,0.857142857142857,0.839285714285714,0.821428571428571,0.803571428571429,0.767857142857143,0.732142857142857,0.714285714285714,0.678571428571429,0,0,0,0,0,0,0,0,2932,11.700518,-0.379160841449115
"933",311,311,3,12.0704604785159,24.3811882924204,26.1470553831909,27.4415205063618,29.481757756591,31.348974342294,35.1989675867588,36.6980493970823,39.9050342896357,0,0,0,0,1,1,1,1,0,0,0,0,1,0.953488372093023,0.930232558139535,0.883720930232558,0,0,0,0,0,0,0,0,2933,31.883574,19.8131135214841
"934",312,312,1,11.8795161259936,24.2018841345171,25.9694209102095,27.2651099923688,29.3072763534532,31.1762584533306,35.029891991962,36.5303912330244,39.7404084343782,1,1,1,1,1,1,1,1,0.842105263157895,0.824561403508772,0.807017543859649,0.789473684210526,0.771929824561403,0.719298245614035,0.701754385964912,0.666666666666667,1,1,1,1,0,0,0,0,2934,10.35288,-1.52663612599359
"935",312,312,2,12.0878655063848,24.4102335149083,26.1777702906007,27.47345937276,29.5156257338443,31.3846078337218,35.2382413723532,36.7387406134156,39.9487578147694,1,1,1,1,1,1,1,1,0.842105263157895,0.824561403508772,0.807017543859649,0.789473684210526,0.754385964912281,0.719298245614035,0.701754385964912,0.666666666666667,1,1,1,1,0,0,0,0,2935,9.982769,-2.10509650638478
"936",312,312,3,12.0914470164618,24.4138150249853,26.1813518006777,27.477040882837,29.5192072439214,31.3881893437988,35.2418228824302,36.7423221234926,39.9523393248464,1,1,1,1,1,1,1,1,0.842105263157895,0.824561403508772,0.807017543859649,0.789473684210526,0.754385964912281,0.719298245614035,0.701754385964912,0.666666666666667,0,0,0,0,0,0,0,0,2936,10.818697,-1.27275001646179
"937",313,313,1,12.0841306462263,24.4048460428092,26.1721457656576,27.4676610767327,29.5095535530808,31.3782849947948,35.2314017041288,36.7316997060332,39.941286396567,1,1,1,1,1,1,1,1,0.842105263157895,0.824561403508772,0.807017543859649,0.789473684210526,0.754385964912281,0.719298245614035,0.701754385964912,0.666666666666667,0,0,0,0,0,0,0,0,2937,10.09219,-1.99194064622625
"938",313,313,2,12.0913486797061,24.412064076289,26.1793637991375,27.4748791102126,29.5167715865606,31.3855030282746,35.2386197376086,36.738917739513,39.9485044300468,1,1,1,1,1,1,1,1,0.857142857142857,0.839285714285714,0.821428571428571,0.803571428571429,0.767857142857143,0.732142857142857,0.714285714285714,0.678571428571429,0,0,0,0,0,0,0,0,2938,12.090571,-0.000777679706061463
"939",313,313,3,12.0714942516504,24.3922096482334,26.1595093710818,27.4550246821569,29.496917158505,31.365648600219,35.218765309553,36.7190633114574,39.9286500019911,1,1,1,1,1,1,1,1,0.842105263157895,0.824561403508772,0.807017543859649,0.789473684210526,0.754385964912281,0.719298245614035,0.701754385964912,0.666666666666667,0,0,0,0,0,0,0,0,2939,10.511061,-1.56043325165043
"940",314,314,1,12.0878714966533,24.4083822787291,26.1756526514018,27.4711464473929,29.5130050133056,31.3817054203312,35.2347581395841,36.7350312255055,39.9445646132903,1,1,1,1,1,1,1,1,0.842105263157895,0.824561403508772,0.807017543859649,0.789473684210526,0.754385964912281,0.719298245614035,0.701754385964912,0.666666666666667,0,0,0,0,0,0,0,0,2940,10.238465,-1.84940649665332
"941",314,314,2,12.0905800034977,24.4110907855734,26.1783611582461,27.4738549542372,29.5157135201499,31.3844139271755,35.2374666464285,36.7377397323498,39.9472731201347,0,0,0,0,1,1,1,1,0,0,0,0,1,0.953488372093023,0.930232558139535,0.883720930232558,0,0,0,0,0,0,0,0,2941,32.118722,20.0281419965023
"942",314,314,3,11.8731783327453,24.193689114821,25.9609594874937,27.2564532834848,29.2983118493975,31.1670122564231,35.0200649756761,36.5203380615974,39.7298714493823,0,0,0,0,0,0,0,0,0,0,0,0,0,0,0,0,1,1,1,1,0,0,0,0,2942,64.754235,52.8810566672547
"943",315,315,1,12.0587712226925,24.552938575386,26.3451184763812,27.6588721492433,29.7295105411319,31.624550124344,35.5319112999158,37.0533306096991,40.3081021025646,1,1,1,1,1,1,1,1,0.842105263157895,0.824561403508772,0.807017543859649,0.771929824561403,0.754385964912281,0.719298245614035,0.701754385964912,0.666666666666667,1,1,1,1,1,1,1,1,2943,10.739766,-1.31900522269249
"944",315,315,2,12.1122685754995,24.606435928193,26.3986158291882,27.7123695020502,29.7830078939389,31.678047477151,35.5854086527228,37.1068279625061,40.3615994553716,1,1,1,1,1,1,1,1,0.842105263157895,0.824561403508772,0.807017543859649,0.771929824561403,0.754385964912281,0.719298245614035,0.701754385964912,0.666666666666667,1,1,1,1,1,1,1,1,2944,10.157194,-1.95507457549948
"945",315,315,3,12.1128455701529,24.6070129228464,26.3991928238416,27.7129464967037,29.7835848885923,31.6786244718044,35.5859856473762,37.1074049571595,40.362176450025,1,1,1,1,1,1,1,1,0.842105263157895,0.824561403508772,0.807017543859649,0.771929824561403,0.754385964912281,0.719298245614035,0.701754385964912,0.666666666666667,0,0,0,0,0,0,0,0,2945,10.603039,-1.50980657015288
"946",316,316,1,12.1039131318987,24.5852342416158,26.3755714605165,27.68797435918,29.7564837637462,31.6495749066782,35.5529186147678,37.0727736328643,40.3241986373845,1,1,1,1,1,1,1,1,0.842105263157895,0.824561403508772,0.807017543859649,0.771929824561403,0.754385964912281,0.719298245614035,0.701754385964912,0.666666666666667,0,0,0,0,0,0,0,0,2946,10.459879,-1.64403413189867
"947",316,316,2,12.1040914467747,24.5854125564919,26.3757497753926,27.6881526740561,29.7566620786223,31.6497532215543,35.5530969296438,37.0729519477404,40.3243769522605,1,1,1,1,1,1,1,1,0.857142857142857,0.839285714285714,0.821428571428571,0.785714285714286,0.767857142857143,0.732142857142857,0.714285714285714,0.678571428571429,0,0,0,0,0,0,0,0,2947,11.785843,-0.318248446774749
"948",316,316,3,12.1024398743638,24.583760984081,26.3740982029817,27.6865011016452,29.7550105062114,31.6481016491434,35.5514453572329,37.0713003753295,40.3227253798496,1,1,1,1,1,1,1,1,0.857142857142857,0.839285714285714,0.821428571428571,0.785714285714286,0.767857142857143,0.732142857142857,0.714285714285714,0.678571428571429,0,0,0,0,0,0,0,0,2948,10.975193,-1.12724687436384
"949",317,317,1,12.1046737094156,24.5855872176441,26.3758659696479,27.6882260092766,29.7566678626994,31.6496971831078,35.5529134200193,37.0727188043341,40.3240376273323,1,1,1,1,1,1,1,1,0.842105263157895,0.824561403508772,0.807017543859649,0.771929824561403,0.754385964912281,0.719298245614035,0.701754385964912,0.666666666666667,0,0,0,0,0,0,0,0,2949,10.388367,-1.7163067094156
"950",317,317,2,12.1054047361399,24.5863182443684,26.3765969963721,27.6889570360009,29.7573988894237,31.6504282098321,35.5536444467436,37.0734498310584,40.3247686540565,1,1,1,1,1,1,1,1,0.842105263157895,0.824561403508772,0.807017543859649,0.771929824561403,0.754385964912281,0.719298245614035,0.701754385964912,0.666666666666667,0,0,0,0,0,0,0,0,2950,10.089725,-2.01567973613988
"951",317,317,3,12.1057767634239,24.5866902716525,26.3769690236562,27.6893290632849,29.7577709167077,31.6508002371162,35.5540164740276,37.0738218583425,40.3251406813406,0,0,0,0,0,0,0,0,NA,NA,NA,NA,NA,NA,NA,NA,0,0,0,0,0,0,0,0,2951,99.003791,86.8980142365761
"952",318,318,1,11.9122772593763,24.795866377954,26.643905452444,27.998606573886,30.1337832128074,32.0878879293799,36.117034850731,37.6858741908005,41.0420913283834,1,1,1,1,1,1,1,1,0.842105263157895,0.807017543859649,0.807017543859649,0.771929824561403,0.754385964912281,0.701754385964912,0.684210526315789,0.649122807017544,1,1,1,1,1,1,1,1,2952,10.787172,-1.12510525937631
"953",318,318,2,12.1506649482304,25.0342540668081,26.8822931412981,28.23699426274,30.3721709016615,32.326275618234,36.3554225395851,37.9242618796546,41.2804790172375,0,0,0,0,0,0,0,0,0,0,0,0,0,0,0,0,1,1,1,1,1,1,1,1,2953,97.492646,85.3419810517696
"954",318,318,3,11.9163608251279,24.7999499437057,26.6479890181957,28.0026901396376,30.137866778559,32.0919714951315,36.1211184164827,37.6899577565522,41.046174894135,1,1,1,1,1,1,1,1,0.857142857142857,0.821428571428571,0.821428571428571,0.785714285714286,0.767857142857143,0.714285714285714,0.696428571428571,0.660714285714286,1,1,1,1,1,1,1,1,2954,11.965915,0.0495541748720516
"955",319,319,1,12.1948092377176,25.4535289182249,27.3553772170002,28.7495230761046,30.9468695036622,32.9578717503911,37.104335060428,38.7188541856723,42.1727940625626,1,1,1,1,1,1,1,1,0.824561403508772,0.807017543859649,0.789473684210526,0.771929824561403,0.736842105263158,0.701754385964912,0.684210526315789,0.649122807017544,1,1,1,1,1,1,1,1,2955,10.324525,-1.87028423771765
"956",319,319,2,12.202566454121,25.4612861346283,27.3631344334035,28.7572802925079,30.9546267200656,32.9656289667945,37.1120922768314,38.7266114020757,42.180551278966,1,1,1,1,1,1,1,1,0.839285714285714,0.821428571428571,0.803571428571429,0.785714285714286,0.75,0.714285714285714,0.696428571428571,0.660714285714286,0,0,0,0,0,0,0,0,2956,12.103137,-0.0994294541210277
"957",319,319,3,12.1941607259384,25.4528804064457,27.3547287052209,28.7488745643253,30.946220991883,32.9572232386119,37.1036865486488,38.7182056738931,42.1721455507834,1,1,1,1,1,1,1,1,0.839285714285714,0.821428571428571,0.803571428571429,0.785714285714286,0.75,0.714285714285714,0.696428571428571,0.660714285714286,0,0,0,0,0,0,0,0,2957,11.729346,-0.464814725938421
"958",320,320,1,12.1875126762565,25.4360421529322,27.3364287553833,28.7295031210994,30.9251607424582,32.9346174008276,37.0778938793055,38.6911721397174,42.1424574351537,1,1,1,1,1,1,1,1,0.824561403508772,0.807017543859649,0.789473684210526,0.771929824561403,0.736842105263158,0.701754385964912,0.684210526315789,0.649122807017544,0,0,0,0,0,0,0,0,2958,10.638644,-1.54886867625647
"959",320,320,2,12.1920115987923,25.440541075468,27.3409276779191,28.7340020436352,30.929659664994,32.9391163233634,37.0823928018414,38.6956710622532,42.1469563576895,1,1,1,1,1,1,1,1,0.839285714285714,0.821428571428571,0.803571428571429,0.785714285714286,0.75,0.714285714285714,0.696428571428571,0.660714285714286,0,0,0,0,0,0,0,0,2959,12.314657,0.122645401207722
"960",320,320,3,12.1850983881665,25.4336278648422,27.3340144672933,28.7270888330094,30.9227464543681,32.9322031127376,37.0754795912155,38.6887578516273,42.1400431470637,0,0,0,0,0,0,0,0,0,0,0,0,0,0,0,0,0,0,0,0,0,0,0,0,2960,98.241728,86.0566296118335
"961",321,321,1,11.8484350651953,25.469456093943,27.4232733776126,28.8555149907995,31.1129050419074,33.1788589614118,37.4386265183032,39.0972632106982,42.6455837747357,1,1,1,1,1,1,1,1,0.824561403508772,0.807017543859649,0.789473684210526,0.771929824561403,0.736842105263158,0.701754385964912,0.666666666666667,0.631578947368421,1,1,1,1,1,1,1,1,2961,10.580466,-1.26796906519534
"962",321,321,2,12.238114656952,25.8591356856996,27.8129529693693,29.2451945825562,31.5025846336641,33.5685385531685,37.8283061100599,39.4869428024549,43.0352633664924,1,1,1,1,1,1,1,1,0.854545454545454,0.836363636363636,0.818181818181818,0.781818181818182,0.763636363636364,0.709090909090909,0.690909090909091,0.654545454545455,1,1,1,1,1,1,1,1,2962,13.334393,1.09627834304798
"963",321,321,3,12.2258726571838,25.8468936859314,27.8007109696011,29.232952582788,31.4903426338959,33.5562965534002,37.8160641102917,39.4747008026866,43.0230213667242,1,1,1,1,1,1,1,1,0.839285714285714,0.821428571428571,0.803571428571429,0.767857142857143,0.75,0.696428571428571,0.678571428571429,0.642857142857143,0,0,0,0,0,0,0,0,2963,11.707401,-0.518471657183774
"964",322,322,1,12.2368620330289,25.8557459097328,27.8092566374848,29.2412735305068,31.4983093948213,33.5639391640559,37.823038359088,39.4814148097001,43.0291786386346,1,1,1,1,1,1,1,1,0.824561403508772,0.807017543859649,0.789473684210526,0.754385964912281,0.736842105263158,0.684210526315789,0.666666666666667,0.631578947368421,0,0,0,0,0,0,0,0,2964,10.907845,-1.32901703302894
"965",322,322,2,12.241174912029,25.8600587887328,27.8135695164848,29.2455864095069,31.5026222738214,33.5682520430559,37.8273512380881,39.4857276887002,43.0334915176347,0,0,0,0,1,1,1,1,0,0,0,0,1,0.928571428571429,0.904761904761905,0.857142857142857,0,0,0,0,0,0,0,0,2965,33.736967,21.495792087971
"966",322,322,3,12.1180325169204,25.7369163936242,27.6904271213762,29.1224440143983,31.3794798787128,33.4451096479473,37.7042088429795,39.3625852935916,42.9103491225261,1,1,1,1,1,1,1,1,0.839285714285714,0.821428571428571,0.803571428571429,0.767857142857143,0.75,0.696428571428571,0.678571428571429,0.642857142857143,1,1,1,1,0,0,0,0,2966,12.399838,0.2818054830796
"967",323,323,1,12.2490219301515,25.8902163091102,27.8469272848334,29.2812901128388,31.5420234610437,33.6110371520476,37.877113617982,39.5382068265807,43.0917826143821,1,1,1,1,1,1,1,1,0.824561403508772,0.807017543859649,0.789473684210526,0.754385964912281,0.736842105263158,0.684210526315789,0.666666666666667,0.631578947368421,1,1,1,1,0,0,0,0,2967,10.365262,-1.88375993015154
"968",323,323,2,12.2597633137029,25.9009576926616,27.8576686683848,29.2920314963902,31.5527648445951,33.6217785355989,37.8878550015334,39.5489482101321,43.1025239979335,1,1,1,1,1,1,1,1,0.839285714285714,0.821428571428571,0.803571428571429,0.767857142857143,0.75,0.696428571428571,0.678571428571429,0.642857142857143,0,0,0,0,0,0,0,0,2968,12.317398,0.0576346862970762
"969",323,323,3,12.2494571656306,25.8906515445892,27.8473625203124,29.2817253483178,31.5424586965228,33.6114723875266,37.877548853461,39.5386420620597,43.0922178498612,1,1,1,1,1,1,1,1,0.783333333333333,0.766666666666667,0.75,0.716666666666667,0.7,0.65,0.633333333333333,0.6,0,0,0,0,0,0,0,0,2969,5.972729,-6.27672816563057
"970",324,324,1,12.271028815445,25.9072975520163,27.8633019870764,29.2971468869482,31.5570639163106,33.625330515729,37.8898665617791,39.55035997311,43.1026526149463,1,1,1,1,1,1,1,1,0.824561403508772,0.807017543859649,0.789473684210526,0.754385964912281,0.736842105263158,0.684210526315789,0.666666666666667,0.631578947368421,0,0,0,0,0,0,0,0,2970,10.422651,-1.84837781544497
"971",324,324,2,12.2466767566538,25.8829454932251,27.8389499282852,29.272794828157,31.5327118575195,33.6009784569378,37.8655145029879,39.5260079143188,43.0783005561551,1,1,1,1,1,1,1,1,0.824561403508772,0.807017543859649,0.789473684210526,0.754385964912281,0.736842105263158,0.684210526315789,0.666666666666667,0.631578947368421,0,0,0,0,0,0,0,0,2971,10.006995,-2.23968175665377
"972",324,324,3,12.2489514210971,25.8852201576684,27.8412245927285,29.2750694926004,31.5349865219628,33.6032531213811,37.8677891674312,39.5282825787621,43.0805752205984,1,1,1,1,1,1,1,1,0.839285714285714,0.821428571428571,0.803571428571429,0.767857142857143,0.75,0.696428571428571,0.678571428571429,0.642857142857143,0,0,0,0,0,0,0,0,2972,11.650434,-0.598517421097087
"973",325,325,1,12.2405353657283,25.8740766606398,27.8296898678585,29.2632479789915,31.5227129938056,33.5905659114027,37.8542489914767,39.5144102812432,43.0659924155994,1,1,1,1,1,1,1,1,0.824561403508772,0.807017543859649,0.789473684210526,0.754385964912281,0.736842105263158,0.684210526315789,0.666666666666667,0.631578947368421,0,0,0,0,0,0,0,0,2973,10.10525,-2.13528536572828
"974",325,325,2,12.2486933878421,25.8822346827537,27.8378478899723,29.2714060011053,31.5308710159194,33.5987239335165,37.8624070135906,39.5225683033571,43.0741504377132,1,1,1,1,1,1,1,1,0.839285714285714,0.821428571428571,0.803571428571429,0.767857142857143,0.75,0.696428571428571,0.678571428571429,0.642857142857143,0,0,0,0,0,0,0,0,2974,12.256972,0.00827861215790548
"975",325,325,3,12.2373330607492,25.8708743556607,27.8264875628794,29.2600456740124,31.5195106888265,33.5873636064235,37.8510466864976,39.5112079762641,43.0627901106202,1,1,1,1,1,1,1,1,0.839285714285714,0.821428571428571,0.803571428571429,0.767857142857143,0.75,0.696428571428571,0.678571428571429,0.642857142857143,0,0,0,0,0,0,0,0,2975,11.173254,-1.06407906074915
"976",326,326,1,12.2432083355478,25.8752997143823,27.8307049437199,29.2641105971086,31.523335319648,33.5909683227616,37.8541979635926,39.5141826965503,43.0653871230223,1,1,1,1,1,1,1,1,0.824561403508772,0.807017543859649,0.789473684210526,0.754385964912281,0.736842105263158,0.684210526315789,0.666666666666667,0.631578947368421,0,0,0,0,0,0,0,0,2976,10.067299,-2.1759093355478
"977",326,326,2,12.2492127039564,25.8813040827909,27.8367093121286,29.2701149655172,31.5293396880566,33.5969726911703,37.8602023320013,39.5201870649589,43.0713914914309,0,0,0,1,1,1,1,1,0,0,0,0.977272727272727,0.954545454545455,0.886363636363636,0.863636363636364,0.818181818181818,0,0,0,0,0,0,0,0,2977,31.134108,18.8848952960436
"978",326,326,3,12.1348383556054,25.7669297344399,27.7223349637775,29.1557406171662,31.4149653397055,33.4825983428192,37.7458279836502,39.4058127166078,42.9570171430798,1,1,1,1,1,1,1,1,0.854545454545454,0.836363636363636,0.818181818181818,0.781818181818182,0.763636363636364,0.709090909090909,0.690909090909091,0.654545454545455,1,1,1,0,0,0,0,0,2978,13.776978,1.64213964439463
"979",327,327,1,12.2376451256328,25.8861748975195,27.8439380717126,29.2790722115733,31.5410212427275,33.6111475216746,37.8795180203945,39.5415044624621,43.0969911441324,1,1,1,1,1,1,1,1,0.810344827586207,0.793103448275862,0.775862068965517,0.741379310344828,0.724137931034483,0.672413793103448,0.655172413793103,0.620689655172414,1,1,1,0,0,0,0,0,2979,9.239217,-2.99842812563284
"980",327,327,2,12.2597536182553,25.908283390142,27.8660465643351,29.3011807041958,31.56312973535,33.6332560142971,37.901626513017,39.5636129550846,43.1190996367549,1,1,1,1,1,1,1,1,0.903846153846154,0.884615384615385,0.865384615384615,0.826923076923077,0.807692307692308,0.75,0.730769230769231,0.692307692307692,0,0,0,0,0,0,0,0,2980,17.561111,5.30135738174466
"981",327,327,3,12.2192083951587,25.8677381670453,27.8255013412385,29.2606354810991,31.5225845122534,33.5927107912004,37.8610812899203,39.523067731988,43.0785544136583,1,1,1,1,1,1,1,1,0.824561403508772,0.807017543859649,0.789473684210526,0.754385964912281,0.736842105263158,0.684210526315789,0.666666666666667,0.631578947368421,0,0,0,0,0,0,0,0,2981,9.480595,-2.73861339515871
"982",328,328,1,12.2526374692516,25.8928821410524,27.8494568895239,29.2837198564316,31.5442958111867,33.6131654563646,37.8789449158021,39.5399224782143,43.0932508641924,1,1,1,1,1,1,1,1,0.886792452830189,0.867924528301887,0.849056603773585,0.811320754716981,0.792452830188679,0.735849056603774,0.716981132075472,0.679245283018868,0,0,0,0,0,0,0,0,2982,15.768358,3.51572053074841
"983",328,328,2,12.2182356544565,25.8584803262573,27.8150550747288,29.2493180416365,31.5098939963917,33.5787636415695,37.844543101007,39.5055206634192,43.0588490493973,1,1,1,1,1,1,1,1,0.839285714285714,0.821428571428571,0.803571428571429,0.767857142857143,0.75,0.696428571428571,0.678571428571429,0.642857142857143,0,0,0,0,0,0,0,0,2983,11.341467,-0.876768654456511
"984",328,328,3,12.2424562054378,25.8827008772386,27.8392756257101,29.2735385926178,31.534114547373,33.6029841925508,37.8687636519884,39.5297412144005,43.0830696003786,1,1,1,1,1,1,1,1,0.810344827586207,0.793103448275862,0.775862068965517,0.741379310344828,0.724137931034483,0.672413793103448,0.655172413793103,0.620689655172414,0,0,0,0,0,0,0,0,2984,8.717382,-3.52507420543784
"985",329,329,1,12.2470696752833,25.8594754437563,27.81205694309,29.2433926671921,31.4993549249803,33.564002134019,37.8210753990409,39.478663008054,43.0247392685894,1,1,1,1,1,1,1,1,0.810344827586207,0.793103448275862,0.775862068965517,0.741379310344828,0.724137931034483,0.672413793103448,0.655172413793103,0.620689655172414,0,0,0,0,0,0,0,0,2985,8.259501,-3.98756867528334
"986",329,329,2,12.2497838506413,25.8621896191143,27.8147711184479,29.24610684255,31.5020691003383,33.5667163093769,37.8237895743988,39.4813771834119,43.0274534439473,1,1,1,1,1,1,1,1,0.839285714285714,0.821428571428571,0.803571428571429,0.767857142857143,0.75,0.696428571428571,0.678571428571429,0.642857142857143,0,0,0,0,0,0,0,0,2986,11.008846,-1.24093785064126
"987",329,329,3,12.2334865933857,25.8458923618587,27.7984738611924,29.2298095852945,31.4857718430827,33.5504190521213,37.8074923171433,39.4650799261564,43.0111561866918,1,1,1,1,1,1,1,1,0.796610169491525,0.779661016949153,0.76271186440678,0.728813559322034,0.711864406779661,0.661016949152542,0.644067796610169,0.610169491525424,0,0,0,0,0,0,0,0,2987,6.648913,-5.58457359338573
"988",330,330,1,12.252107194937,25.8645399018833,27.8171252653072,29.2484638219724,31.5044305442308,33.5690818391338,37.8261635287544,39.4837544180751,43.029837696171,1,1,1,1,1,1,1,1,0.796610169491525,0.779661016949153,0.76271186440678,0.728813559322034,0.711864406779661,0.661016949152542,0.644067796610169,0.610169491525424,0,0,0,0,0,0,0,0,2988,7.748974,-4.503133194937
"989",330,330,2,12.2456748217467,25.858107528693,27.8106928921169,29.2420314487821,31.4979981710405,33.5626494659435,37.8197311555641,39.4773220448848,43.0234053229807,0,0,0,0,0,0,0,0,0,0,0,0,0,0,0,0,0,0,0,0,0,0,0,0,2989,67.25133,55.0056551782533
"990",330,330,3,11.8977474254537,25.5101801323999,27.4627654958238,28.8941040524891,31.1500707747475,33.2147220696505,37.471803759271,39.1293946485918,42.6754779266877,1,1,1,1,1,1,1,1,0.810344827586207,0.793103448275862,0.775862068965517,0.758620689655172,0.724137931034483,0.689655172413793,0.655172413793103,0.620689655172414,1,1,1,1,1,1,1,1,2990,8.117479,-3.78026842545367
"991",331,331,1,12.2776545861825,26.0379143778729,28.0117042539804,29.4585867336658,31.7390526024773,33.8261254136889,38.1294377800182,39.8050296272972,43.3896223448552,1,1,1,1,1,1,1,1,0.886792452830189,0.867924528301887,0.849056603773585,0.811320754716981,0.792452830188679,0.735849056603774,0.716981132075472,0.679245283018868,1,1,1,1,1,1,1,1,2991,16.329318,4.05166341381751
"992",331,331,2,12.2085642958354,25.9688240875259,27.9426139636334,29.3894964433188,31.6699623121303,33.7570351233419,38.0603474896712,39.7359393369501,43.3205320545082,1,1,1,1,1,1,1,1,0.839285714285714,0.821428571428571,0.803571428571429,0.767857142857143,0.75,0.696428571428571,0.678571428571429,0.642857142857143,0,0,0,0,0,0,0,0,2992,11.902774,-0.305790295835443
"993",331,331,3,12.2458070145729,26.0060668062633,27.9798566823708,29.4267391620562,31.7072050308677,33.7942778420793,38.0975902084086,39.7731820556876,43.3577747732456,1,1,1,1,1,1,1,1,0.796610169491525,0.779661016949153,0.76271186440678,0.728813559322034,0.711864406779661,0.661016949152542,0.644067796610169,0.610169491525424,0,0,0,0,0,0,0,0,2993,7.495019,-4.75078801457286
"994",332,332,1,12.2763330145553,26.0278746861316,28.0004140235516,29.4463797985061,31.7254008272011,33.8111513267899,38.1117372333963,39.7862674720132,43.3685890907443,1,1,1,1,1,1,1,1,0.796610169491525,0.779661016949153,0.76271186440678,0.728813559322034,0.711864406779661,0.661016949152542,0.644067796610169,0.610169491525424,0,0,0,0,0,0,0,0,2994,7.10648,-5.16985301455531
"995",332,332,2,12.279807353143,26.0313490247193,28.0038883621393,29.4498541370938,31.7288751657888,33.8146256653776,38.115211571984,39.7897418106009,43.372063429332,1,1,1,1,1,1,1,1,0.87037037037037,0.851851851851852,0.833333333333333,0.796296296296296,0.777777777777778,0.722222222222222,0.703703703703704,0.666666666666667,0,0,0,0,0,0,0,0,2995,14.704968,2.42516064685698
"996",332,332,3,12.2118612265852,25.9634028981615,27.9359422355814,29.381908010536,31.660929039231,33.7466795388198,38.0472654454262,39.7217956840431,43.3041173027741,1,1,1,1,1,1,1,1,0.796610169491525,0.779661016949153,0.76271186440678,0.728813559322034,0.711864406779661,0.661016949152542,0.644067796610169,0.610169491525424,0,0,0,0,0,0,0,0,2996,7.379778,-4.83208322658519
"997",333,333,1,12.2740231281335,26.0261172071987,27.99873578268,29.4447596429272,31.7238722212327,33.8097065066415,38.1104651703045,39.7850626757825,43.3675281984726,1,1,1,1,1,1,1,1,0.796610169491525,0.779661016949153,0.76271186440678,0.728813559322034,0.711864406779661,0.661016949152542,0.644067796610169,0.610169491525424,0,0,0,0,0,0,0,0,2997,7.65902,-4.61500312813351
"998",333,333,2,12.2715697165736,26.0236637956388,27.9962823711201,29.4423062313673,31.7214188096728,33.8072530950816,38.1080117587445,39.7826092642226,43.3650747869127,0,0,0,0,1,1,1,1,0,0,0,0,1,0.928571428571429,0.904761904761905,0.857142857142857,0,0,0,0,0,0,0,0,2998,33.827944,21.5563742834264
"999",333,333,3,12.0416503611323,25.7937444401975,27.7663630156788,29.212386875926,31.4914994542315,33.5773337396404,37.8780924033033,39.5526899087814,43.1351554314715,1,1,1,1,1,1,1,1,0.810344827586207,0.793103448275862,0.775862068965517,0.741379310344828,0.724137931034483,0.672413793103448,0.655172413793103,0.620689655172414,1,1,1,1,0,0,0,0,2999,7.832571,-4.20907936113234
