"","train_iter","test_iter","predict_iter","expected","Quantile_0.95","Quantile_0.97","Quantile_0.98","Quantile_0.99","Quantile_0.995","Quantile_0.999","Quantile_0.9995","Quantile_0.9999","score_pred_1_0.95","score_pred_1_0.97","score_pred_1_0.98","score_pred_1_0.99","score_pred_1_0.995","score_pred_1_0.999","score_pred_1_0.9995","score_pred_1_0.9999","score_pred_2_0.95","score_pred_2_0.97","score_pred_2_0.98","score_pred_2_0.99","score_pred_2_0.995","score_pred_2_0.999","score_pred_2_0.9995","score_pred_2_0.9999","adjustment_0.95","adjustment_0.97","adjustment_0.98","adjustment_0.99","adjustment_0.995","adjustment_0.999","adjustment_0.9995","adjustment_0.9999","time","actual","residuals"
"1",1,1,1,4.47626238482763,12.2912683339951,13.4122631304379,14.2340059868712,15.5291744358272,16.7145071753888,19.1585316526228,20.1101677738223,22.1460024046463,1,1,1,1,1,1,1,1,0.903225806451613,0.887096774193548,0.870967741935484,0.870967741935484,0.854838709677419,0.82258064516129,0.82258064516129,0.790322580645161,0,0,0,0,0,0,0,0,2001,2.97955,-1.49671238482763
"2",1,1,2,4.47771437175551,12.292720320923,13.4137151173658,14.2354579737991,15.5306264227551,16.7159591623167,19.1599836395506,20.1116197607501,22.1474543915741,1,1,1,1,1,1,1,1,0.903225806451613,0.887096774193548,0.870967741935484,0.870967741935484,0.854838709677419,0.82258064516129,0.82258064516129,0.790322580645161,0,0,0,0,0,0,0,0,2002,2.864106,-1.61360837175551
"3",1,1,3,4.46568284872211,12.2806887978896,13.4016835943324,14.2234264507657,15.5185948997217,16.7039276392833,19.1479521165172,20.0995882377167,22.1354228685407,1,1,1,1,1,1,1,1,0.903225806451613,0.887096774193548,0.870967741935484,0.870967741935484,0.854838709677419,0.82258064516129,0.82258064516129,0.790322580645161,0,0,0,0,0,0,0,0,2003,2.368619,-2.09706384872211
"4",2,2,1,4.39975110325195,12.1919078560021,13.3096251334701,14.1289654115748,15.4203470997175,16.602214211644,19.0390929495538,19.9879467157823,22.0178290561467,1,1,1,1,1,1,1,1,0.918032786885246,0.901639344262295,0.885245901639344,0.885245901639344,0.868852459016393,0.836065573770492,0.836065573770492,0.80327868852459,0,0,0,0,0,0,0,0,2004,4.294762,-0.104989103251945
"5",2,2,2,4.6028889727842,12.3950457255343,13.5127630030023,14.332103281107,15.6234849692497,16.8053520811763,19.2422308190861,20.1910845853146,22.220966925679,1,1,1,1,1,1,1,1,0.918032786885246,0.901639344262295,0.885245901639344,0.885245901639344,0.868852459016393,0.836065573770492,0.836065573770492,0.80327868852459,0,0,0,0,0,0,0,0,2005,3.375693,-1.2271959727842
"6",2,2,3,4.50596069767008,12.2981174504202,13.4158347278882,14.2351750059929,15.5265566941356,16.7084238060621,19.145302543972,20.0941563102004,22.1240386505648,1,1,1,1,1,1,1,1,0.933333333333333,0.916666666666667,0.9,0.9,0.883333333333333,0.85,0.85,0.816666666666667,0,0,0,0,0,0,0,0,2006,4.72643,0.220469302329922
"7",3,3,1,4.65372078569427,12.4451256752502,13.5627351044666,14.3819963246393,15.6732534076962,16.85500648157,19.2916500856793,20.2404122972528,22.270098774794,1,1,1,1,1,1,1,1,0.903225806451613,0.887096774193548,0.870967741935484,0.854838709677419,0.854838709677419,0.82258064516129,0.82258064516129,0.790322580645161,0,0,0,0,0,0,0,0,2007,2.777523,-1.87619778569427
"8",3,3,2,4.44734600421037,12.2387508937663,13.3563603229827,14.1756215431554,15.4668786262123,16.6486317000861,19.0852753041954,20.0340375157689,22.0637239933101,1,1,1,1,1,1,1,1,0.903225806451613,0.887096774193548,0.870967741935484,0.870967741935484,0.854838709677419,0.82258064516129,0.82258064516129,0.790322580645161,0,0,0,0,0,0,0,0,2008,2.534561,-1.91278500421037
"9",3,3,3,4.4216181323012,12.2130230218571,13.3306324510735,14.1498936712462,15.4411507543031,16.622903828177,19.0595474322862,20.0083096438597,22.0379961214009,1,1,1,1,1,1,1,1,0.949152542372881,0.932203389830508,0.915254237288136,0.915254237288136,0.898305084745763,0.864406779661017,0.864406779661017,0.830508474576271,0,0,0,0,0,0,0,0,2009,7.035682,2.6140638676988
"10",4,4,1,4.89912570962485,12.6910524250033,13.8087367056063,14.6280527954291,15.9193963598457,17.1012285810978,19.5380353783117,20.4868611328056,22.5166835476817,1,1,1,1,1,1,1,1,0.887096774193548,0.887096774193548,0.870967741935484,0.854838709677419,0.854838709677419,0.82258064516129,0.806451612903226,0.790322580645161,0,0,0,0,0,0,0,0,2010,2.558505,-2.34062070962485
"11",4,4,2,4.42717645277862,12.2191031681571,13.33678744876,14.1561035385828,15.4474471029995,16.6292793242516,19.0660861214655,20.0149118759594,22.0447342908355,1,1,1,1,1,1,1,1,0.903225806451613,0.887096774193548,0.870967741935484,0.870967741935484,0.854838709677419,0.82258064516129,0.82258064516129,0.790322580645161,0,0,0,0,0,0,0,0,2011,2.432136,-1.99504045277862
"12",4,4,3,4.41385561341078,12.2057823287892,13.3234666093922,14.142782699215,15.4341262636317,16.6159584848838,19.0527652820976,20.0015910365915,22.0314134514676,1,1,1,1,1,1,1,1,0.903225806451613,0.887096774193548,0.870967741935484,0.870967741935484,0.854838709677419,0.82258064516129,0.82258064516129,0.790322580645161,0,0,0,0,0,0,0,0,2012,2.587897,-1.82595861341078
"13",5,5,1,4.42925743511993,12.221469954634,13.3391952313604,14.1585413733045,15.449932303584,16.6318078738752,19.0687040519939,20.0175646089616,22.0474614767505,1,1,1,1,1,1,1,1,0.933333333333333,0.916666666666667,0.9,0.9,0.883333333333333,0.85,0.85,0.816666666666667,0,0,0,0,0,0,0,0,2013,5.794697,1.36543956488007
"14",5,5,2,4.76723230611657,12.5594448256306,13.6771701023571,14.4965162443012,15.7879071745806,16.9697827448719,19.4066789229906,20.3555394799582,22.3854363477472,1,1,1,1,1,1,1,1,0.887096774193548,0.887096774193548,0.870967741935484,0.854838709677419,0.854838709677419,0.82258064516129,0.806451612903226,0.790322580645161,0,0,0,0,0,0,0,0,2014,2.334114,-2.43311830611657
"15",5,5,3,4.40251043602858,12.1947229555426,13.3124482322691,14.1317943742132,15.4231853044926,16.6050608747839,19.0419570529026,19.9908176098702,22.0207144776592,1,1,1,1,1,1,1,1,0.903225806451613,0.887096774193548,0.870967741935484,0.870967741935484,0.854838709677419,0.82258064516129,0.82258064516129,0.790322580645161,0,0,0,0,0,0,0,0,2015,2.681477,-1.72103343602858
"16",6,6,1,4.43317748261938,12.2141439080521,13.3302560301594,14.1484196525336,15.4379467856102,16.6181166165081,19.0514957494209,19.9989868654156,22.0259540888842,1,1,1,1,1,1,1,1,0.903225806451613,0.887096774193548,0.870967741935484,0.870967741935484,0.854838709677419,0.82258064516129,0.82258064516129,0.790322580645161,0,0,0,0,0,0,0,0,2016,2.896499,-1.53667848261938
"17",6,6,2,4.45611189821656,12.2370783236493,13.3531904457566,14.1713540681308,15.4608812012073,16.6410510321053,19.074430165018,20.0219212810128,22.0488885044814,1,1,1,1,1,1,1,1,0.903225806451613,0.887096774193548,0.870967741935484,0.870967741935484,0.854838709677419,0.82258064516129,0.82258064516129,0.790322580645161,0,0,0,0,0,0,0,0,2017,2.342733,-2.11337889821656
"18",6,6,3,4.39704678121651,12.1780132066492,13.2941253287566,14.1122889511307,15.4018160842073,16.5819859151052,19.015365048018,19.9628561640127,21.9898233874814,1,1,1,1,1,1,1,1,0.903225806451613,0.887096774193548,0.870967741935484,0.870967741935484,0.854838709677419,0.82258064516129,0.82258064516129,0.790322580645161,0,0,0,0,0,0,0,0,2018,2.560214,-1.83683278121651
"19",7,7,1,4.4188987143341,12.2002465669267,13.3164134014507,14.1346171306457,15.424207477036,16.604435160494,19.0379335789608,19.9854711414798,22.0125377279721,1,1,1,1,1,1,1,1,0.903225806451613,0.887096774193548,0.870967741935484,0.870967741935484,0.854838709677419,0.82258064516129,0.82258064516129,0.790322580645161,0,0,0,0,0,0,0,0,2019,2.79533,-1.6235687143341
"20",7,7,2,4.44403942232253,12.2253872749151,13.3415541094391,14.1597578386341,15.4493481850245,16.6295758684824,19.0630742869492,20.0106118494682,22.0376784359605,1,1,1,1,1,1,1,1,0.903225806451613,0.887096774193548,0.870967741935484,0.870967741935484,0.854838709677419,0.82258064516129,0.82258064516129,0.790322580645161,0,0,0,0,0,0,0,0,2020,2.384986,-2.05905342232253
"21",7,7,3,4.40016176755296,12.1815096201456,13.2976764546695,14.1158801838646,15.4054705302549,16.5856982137128,19.0191966321797,19.9667341946986,21.9938007811909,1,1,1,1,1,1,1,1,0.949152542372881,0.932203389830508,0.915254237288136,0.915254237288136,0.898305084745763,0.864406779661017,0.864406779661017,0.830508474576271,0,0,0,0,0,0,0,0,2021,6.384704,1.98454223244704
"22",8,8,1,4.82897525892878,12.6101256719476,13.7262641854778,14.5444471540285,15.8340047790737,17.0142025160936,19.447639188331,20.3951527085611,22.4221678613982,1,1,1,1,1,1,1,1,0.887096774193548,0.887096774193548,0.870967741935484,0.854838709677419,0.854838709677419,0.82258064516129,0.806451612903226,0.790322580645161,0,0,0,0,0,0,0,0,2022,2.649675,-2.17930025892878
"23",8,8,2,4.43143294731735,12.2125833603362,13.3287218738664,14.146904842417,15.4364624674623,16.6166602044822,19.0500968767195,19.9976103969497,22.0246255497867,1,1,1,1,1,1,1,1,0.903225806451613,0.887096774193548,0.870967741935484,0.870967741935484,0.854838709677419,0.82258064516129,0.82258064516129,0.790322580645161,0,0,0,0,0,0,0,0,2023,2.472225,-1.95920794731735
"24",8,8,3,4.412545842774,12.1936962557928,13.309834769323,14.1280177378737,15.4175753629189,16.5977730999389,19.0312097721762,19.9787232924063,22.0057384452434,1,1,1,1,1,1,1,1,0.903225806451613,0.887096774193548,0.870967741935484,0.870967741935484,0.854838709677419,0.82258064516129,0.82258064516129,0.790322580645161,0,0,0,0,0,0,0,0,2024,2.758623,-1.653922842774
"25",9,9,1,4.44319076583835,12.2241257874446,13.3402334049455,14.1583937252274,15.447915653798,16.6280807215539,19.0614500333966,20.008937325336,22.035896368005,1,1,1,1,1,1,1,1,0.918032786885246,0.901639344262295,0.885245901639344,0.885245901639344,0.868852459016393,0.836065573770492,0.836065573770492,0.80327868852459,0,0,0,0,0,0,0,0,2025,3.134128,-1.30906276583835
"26",9,9,2,4.48306309287191,12.2639981144782,13.380105731979,14.198266052261,15.4877879808316,16.6679530485874,19.1013223604302,20.0488096523695,22.0757686950386,1,1,1,1,1,1,1,1,0.903225806451613,0.887096774193548,0.870967741935484,0.870967741935484,0.854838709677419,0.82258064516129,0.82258064516129,0.790322580645161,0,0,0,0,0,0,0,0,2026,2.493226,-1.98983709287191
"27",9,9,3,4.41501005991505,12.1959450815213,13.3120526990222,14.1302130193041,15.4197349478747,16.5999000156306,19.0332693274733,19.9807566194127,22.0077156620817,1,1,1,1,1,1,1,1,0.903225806451613,0.887096774193548,0.870967741935484,0.870967741935484,0.854838709677419,0.82258064516129,0.82258064516129,0.790322580645161,0,0,0,0,0,0,0,0,2027,2.266712,-2.14829805991505
"28",10,10,1,4.38251348578268,12.1546109441037,13.2694508898304,14.0866819460088,15.374739239337,16.5535638790538,18.984169377135,19.9305805157739,21.9552373442789,1,1,1,1,1,1,1,1,0.903225806451613,0.887096774193548,0.870967741935484,0.870967741935484,0.854838709677419,0.82258064516129,0.82258064516129,0.790322580645161,0,0,0,0,0,0,0,0,2028,2.364553,-2.01796048578268
"29",10,10,2,4.39301001298354,12.1651074713045,13.2799474170313,14.0971784732097,15.3852357665379,16.5640604062546,18.9946659043359,19.9410770429747,21.9657338714797,1,1,1,1,1,1,1,1,0.903225806451613,0.887096774193548,0.870967741935484,0.870967741935484,0.854838709677419,0.82258064516129,0.82258064516129,0.790322580645161,0,0,0,0,0,0,0,0,2029,2.360823,-2.03218701298354
"30",10,10,3,4.39260985306634,12.1647073113873,13.2795472571141,14.0967783132925,15.3848356066207,16.5636602463374,18.9942657444187,19.9406768830575,21.9653337115625,1,1,1,1,1,1,1,1,0.903225806451613,0.887096774193548,0.870967741935484,0.870967741935484,0.854838709677419,0.82258064516129,0.82258064516129,0.790322580645161,0,0,0,0,0,0,0,0,2030,2.646879,-1.74573085306634
"31",11,11,1,4.42387966993926,12.1959277243386,13.3107605835015,14.1279864448893,15.4160355505845,16.5948526970138,19.0254427447686,19.9718478674739,21.9964918260956,1,1,1,1,1,1,1,1,0.918032786885246,0.901639344262295,0.885245901639344,0.885245901639344,0.868852459016393,0.836065573770492,0.836065573770492,0.80327868852459,0,0,0,0,0,0,0,0,2031,3.199111,-1.22476866993926
"32",11,11,2,4.48319535749141,12.2552434118908,13.3700762710537,14.1873021324414,15.4753512381366,16.654168384566,19.0847584323207,20.031163555026,22.0558075136477,1,1,1,1,1,1,1,1,0.903225806451613,0.887096774193548,0.870967741935484,0.870967741935484,0.854838709677419,0.82258064516129,0.82258064516129,0.790322580645161,0,0,0,0,0,0,0,0,2032,2.905367,-1.57782835749141
"33",11,11,3,4.45164407592077,12.2236921303201,13.338524989483,14.1557508508708,15.443799956566,16.6226171029953,19.0532071507501,19.9996122734554,22.0242562320771,1,1,1,1,1,1,1,1,0.933333333333333,0.916666666666667,0.9,0.9,0.883333333333333,0.85,0.85,0.816666666666667,0,0,0,0,0,0,0,0,2033,5.977277,1.52563292407923
"34",12,12,1,4.78242320302709,12.5543471840701,13.6691622459866,14.4863750611406,15.7744036043567,16.9532019320913,19.3837531777873,20.3301431920348,22.354754829141,1,1,1,1,1,1,1,1,0.887096774193548,0.887096774193548,0.870967741935484,0.854838709677419,0.854838709677419,0.82258064516129,0.806451612903226,0.790322580645161,0,0,0,0,0,0,0,0,2034,3.015801,-1.76662220302709
"35",12,12,2,4.46479097125887,12.2367149523019,13.3515300142183,14.1687428293724,15.4567713725885,16.6355697003231,19.066120946019,20.0125109602666,22.0371225973728,1,1,1,1,1,1,1,1,0.903225806451613,0.887096774193548,0.870967741935484,0.870967741935484,0.854838709677419,0.82258064516129,0.82258064516129,0.790322580645161,0,0,0,0,0,0,0,0,2035,2.308928,-2.15586297125887
"36",12,12,3,4.38897551688183,12.1608994979248,13.2757145598413,14.0929273749953,15.3809559182114,16.559754245946,18.990305491642,19.9366955058895,21.9613071429958,1,1,1,1,1,1,1,1,0.903225806451613,0.887096774193548,0.870967741935484,0.870967741935484,0.854838709677419,0.82258064516129,0.82258064516129,0.790322580645161,0,0,0,0,0,0,0,0,2036,2.432215,-1.95676051688183
"37",13,13,1,4.40303332050532,12.1751035891074,13.2899396347049,14.1071678319018,15.3952206191214,16.5740411348663,19.0046381297758,19.9510459575126,21.9756957030069,1,1,1,1,1,1,1,1,0.903225806451613,0.887096774193548,0.870967741935484,0.870967741935484,0.854838709677419,0.82258064516129,0.82258064516129,0.790322580645161,0,0,0,0,0,0,0,0,2037,2.82788,-1.57515332050532
"38",13,13,2,4.44535297700397,12.2174232456061,13.3322592912036,14.1494874884005,15.43754027562,16.616360791365,19.0469577862744,19.9933656140113,22.0180153595055,1,1,1,1,1,1,1,1,0.903225806451613,0.887096774193548,0.870967741935484,0.870967741935484,0.854838709677419,0.82258064516129,0.82258064516129,0.790322580645161,0,0,0,0,0,0,0,0,2038,2.297733,-2.14761997700397
"39",13,13,3,4.38864935415688,12.160719622759,13.2755556683565,14.0927838655534,15.3808366527729,16.5596571685179,18.9902541634273,19.9366619911642,21.9613117366584,1,1,1,1,1,1,1,1,0.903225806451613,0.887096774193548,0.870967741935484,0.870967741935484,0.854838709677419,0.82258064516129,0.82258064516129,0.790322580645161,0,0,0,0,0,0,0,0,2039,2.194699,-2.19395035415688
"40",14,14,1,4.36554374346083,12.1248245459431,13.2378260535936,14.053709446642,15.3396426560767,16.5165233431112,18.9431206266383,19.8879710764269,21.9092891241328,1,1,1,1,1,1,1,1,0.918032786885246,0.901639344262295,0.901639344262295,0.885245901639344,0.868852459016393,0.836065573770492,0.836065573770492,0.80327868852459,0,0,0,0,0,0,0,0,2040,3.340484,-1.02505974346083
"41",14,14,2,4.49005537571331,12.2493361781956,13.3623376858461,14.1782210788944,15.4641542883292,16.6410349753636,19.0676322588908,20.0124827086794,22.0338007563853,1,1,1,1,1,1,1,1,0.903225806451613,0.887096774193548,0.870967741935484,0.870967741935484,0.854838709677419,0.82258064516129,0.82258064516129,0.790322580645161,0,0,0,0,0,0,0,0,2041,2.24156,-2.24849537571331
"42",14,14,3,4.37063609464276,12.129916897125,13.2429184047756,14.0588017978239,15.3447350072587,16.5216156942931,18.9482129778202,19.8930634276089,21.9143814753148,1,1,1,1,1,1,1,1,0.903225806451613,0.887096774193548,0.887096774193548,0.870967741935484,0.854838709677419,0.82258064516129,0.82258064516129,0.790322580645161,0,0,0,0,0,0,0,0,2042,2.245134,-2.12550209464276
"43",15,15,1,4.37212213459102,12.1311458094365,13.2441104343586,14.059966790601,15.3458573866834,16.5226990741562,18.9492159449182,19.8940350841809,21.9152861492957,1,1,1,1,1,1,1,1,0.903225806451613,0.887096774193548,0.887096774193548,0.870967741935484,0.854838709677419,0.82258064516129,0.82258064516129,0.790322580645161,0,0,0,0,0,0,0,0,2043,2.418348,-1.95377413459102
"44",15,15,2,4.39095676090117,12.1499804357467,13.2629450606687,14.0788014169112,15.3646920129936,16.5415337004664,18.9680505712283,19.912869710491,21.9341207756059,1,1,1,1,1,1,1,1,0.903225806451613,0.887096774193548,0.870967741935484,0.870967741935484,0.854838709677419,0.82258064516129,0.82258064516129,0.790322580645161,0,0,0,0,0,0,0,0,2044,2.686404,-1.70455276090117
"45",15,15,3,4.42010414269591,12.1791278175414,13.2920924424635,14.1079487987059,15.3938393947883,16.5706810822611,18.9971979530231,19.9420170922858,21.9632681574006,1,1,1,1,1,1,1,1,0.918032786885246,0.901639344262295,0.885245901639344,0.885245901639344,0.868852459016393,0.836065573770492,0.836065573770492,0.80327868852459,0,0,0,0,0,0,0,0,2045,4.531205,0.111100857304088
"46",16,16,1,4.62143277558462,12.3801899111088,13.4931163032778,14.3089446330818,15.5947910560283,16.7715923164322,19.1980258310676,20.14281251374,22.1639941444892,1,1,1,1,1,1,1,1,0.903225806451613,0.887096774193548,0.870967741935484,0.870967741935484,0.854838709677419,0.82258064516129,0.82258064516129,0.790322580645161,0,0,0,0,0,0,0,0,2046,2.773371,-1.84806177558462
"47",16,16,2,4.43025180937727,12.1890089449014,13.3019353370704,14.1177636668744,15.403610089821,16.5804113502249,19.0068448648602,19.9516315475326,21.9728131782818,1,1,1,1,1,1,1,1,0.918032786885246,0.901639344262295,0.885245901639344,0.885245901639344,0.868852459016393,0.836065573770492,0.836065573770492,0.80327868852459,0,0,0,0,0,0,0,0,2047,4.209363,-0.220888809377271
"48",16,16,3,4.58642943367286,12.345186569197,13.458112961366,14.27394129117,15.5597877141166,16.7365889745205,19.1630224891558,20.1078091718282,22.1289908025774,1,1,1,1,1,1,1,1,0.903225806451613,0.887096774193548,0.870967741935484,0.870967741935484,0.854838709677419,0.82258064516129,0.82258064516129,0.790322580645161,0,0,0,0,0,0,0,0,2048,2.631337,-1.95509243367286
"49",17,17,1,4.41591140853402,12.1745580374879,13.2874685784482,14.1032852885573,15.3891133974266,16.5658978968636,18.9922968522466,19.9370700784937,21.9582229219196,1,1,1,1,1,1,1,1,0.903225806451613,0.887096774193548,0.870967741935484,0.870967741935484,0.854838709677419,0.82258064516129,0.82258064516129,0.790322580645161,0,0,0,0,0,0,0,0,2049,2.703066,-1.71284540853402
"50",17,17,2,4.42370025386589,12.1823468828198,13.2952574237801,14.1110741338892,15.3969022427584,16.5736867421955,19.0000856975785,19.9448589238256,21.9660117672515,1,1,1,1,1,1,1,1,0.903225806451613,0.887096774193548,0.870967741935484,0.870967741935484,0.854838709677419,0.82258064516129,0.82258064516129,0.790322580645161,0,0,0,0,0,0,0,0,2050,2.256746,-2.16695425386589
"51",17,17,3,4.3752356517033,12.1338822806572,13.2467928216175,14.0626095317266,15.3484376405958,16.5252221400329,18.9516210954159,19.896394321663,21.9175471650889,1,1,1,1,1,1,1,1,0.903225806451613,0.887096774193548,0.870967741935484,0.870967741935484,0.854838709677419,0.82258064516129,0.82258064516129,0.790322580645161,0,0,0,0,0,0,0,0,2051,2.215967,-2.1592686517033
"52",18,18,1,4.36396537945897,12.1186993651464,13.2310486713782,14.0464539695607,15.3316336423131,16.507824695732,18.9330000313281,19.8772968135794,21.897430400627,1,1,1,1,1,1,1,1,0.903225806451613,0.887096774193548,0.887096774193548,0.870967741935484,0.854838709677419,0.82258064516129,0.82258064516129,0.790322580645161,0,0,0,0,0,0,0,0,2052,2.387604,-1.97636137945897
"53",18,18,2,4.3827442103671,12.1374781960545,13.2498275022863,14.0652328004688,15.3504124732212,16.5266035266401,18.9517788622362,19.8960756444875,21.9162092315351,1,1,1,1,1,1,1,1,0.903225806451613,0.887096774193548,0.870967741935484,0.870967741935484,0.854838709677419,0.82258064516129,0.82258064516129,0.790322580645161,0,0,0,0,0,0,0,0,2053,2.097535,-2.2852092103671
"54",18,18,3,4.35100771588929,12.1057417015767,13.2180910078085,14.033496305991,15.3186759787434,16.4948670321623,18.9200423677584,19.8643391500097,21.8844727370573,1,1,1,1,1,1,1,1,0.903225806451613,0.887096774193548,0.887096774193548,0.870967741935484,0.854838709677419,0.82258064516129,0.82258064516129,0.790322580645161,0,0,0,0,0,0,0,0,2054,2.109573,-2.24143471588929
"55",19,19,1,4.35225958922124,12.1070561768318,13.2194144627664,14.0348263435009,15.32001639117,16.4962169396692,18.9214118530665,19.8657162583768,21.8858661534303,1,1,1,1,1,1,1,1,0.903225806451613,0.887096774193548,0.887096774193548,0.870967741935484,0.854838709677419,0.82258064516129,0.82258064516129,0.790322580645161,0,0,0,0,0,0,0,0,2055,2.513193,-1.83906658922124
"56",19,19,2,4.39641856130592,12.1512151489165,13.263573434851,14.0789853155856,15.3641753632547,16.5403759117539,18.9655708251512,19.9098752304615,21.930025125515,1,1,1,1,1,1,1,1,0.903225806451613,0.887096774193548,0.870967741935484,0.870967741935484,0.854838709677419,0.82258064516129,0.82258064516129,0.790322580645161,0,0,0,0,0,0,0,0,2056,2.247842,-2.14857656130592
"57",19,19,3,4.36738722638287,12.1221838139935,13.234542099928,14.0499539806625,15.3351440283316,16.5113445768309,18.9365394902281,19.8808438955384,21.9009937905919,1,1,1,1,1,1,1,1,0.949152542372881,0.932203389830508,0.932203389830508,0.915254237288136,0.898305084745763,0.864406779661017,0.864406779661017,0.830508474576271,0,0,0,0,0,0,0,0,2057,6.686497,2.31910977361713
"58",20,20,1,4.85568952286491,12.6105245256801,13.7228883219425,14.5383042420111,15.8235006561706,16.9997070312553,19.4249139584247,20.3692230415684,22.3893829439085,1,1,1,1,1,1,1,1,0.901639344262295,0.901639344262295,0.885245901639344,0.868852459016393,0.868852459016393,0.836065573770492,0.819672131147541,0.80327868852459,0,0,0,0,0,0,0,0,2058,4.398952,-0.456737522864906
"59",20,20,2,4.60560574678652,12.3604407496017,13.4728045458641,14.2882204659327,15.5734168800923,16.7496232551769,19.1748301823463,20.11913926549,22.1392991678301,1,1,1,1,1,1,1,1,0.903225806451613,0.887096774193548,0.870967741935484,0.870967741935484,0.854838709677419,0.82258064516129,0.82258064516129,0.790322580645161,0,0,0,0,0,0,0,0,2059,2.420553,-2.18505274678652
"60",20,20,3,4.38931907591897,12.1441540787342,13.2565178749965,14.0719337950651,15.3571302092247,16.5333365843094,18.9585435114788,19.9028525946225,21.9230124969626,1,1,1,1,1,1,1,1,0.903225806451613,0.887096774193548,0.870967741935484,0.870967741935484,0.854838709677419,0.82258064516129,0.82258064516129,0.790322580645161,0,0,0,0,0,0,0,0,2060,2.260069,-2.12925007591897
"61",21,21,1,4.37353276277085,12.1284783578169,13.2408580175752,14.0562855663459,15.3415003087792,16.5177234578232,18.942964971034,19.887287521034,21.9074762330122,1,1,1,1,1,1,1,1,0.903225806451613,0.887096774193548,0.887096774193548,0.870967741935484,0.854838709677419,0.82258064516129,0.82258064516129,0.790322580645161,0,0,0,0,0,0,0,0,2061,2.612712,-1.76082076277085
"62",21,21,2,4.41202763425537,12.1669732293015,13.2793528890598,14.0947804378304,15.3799951802637,16.5562183293077,18.9814598425185,19.9257823925185,21.9459711044967,1,1,1,1,1,1,1,1,0.903225806451613,0.887096774193548,0.870967741935484,0.870967741935484,0.854838709677419,0.82258064516129,0.82258064516129,0.790322580645161,0,0,0,0,0,0,0,0,2062,2.257181,-2.15484663425537
"63",21,21,3,4.37321750572946,12.1281631007756,13.2405427605339,14.0559703093045,15.3411850517378,16.5174082007818,18.9426497139926,19.8869722639926,21.9071609759708,1,1,1,1,1,1,1,1,0.903225806451613,0.887096774193548,0.887096774193548,0.870967741935484,0.854838709677419,0.82258064516129,0.82258064516129,0.790322580645161,0,0,0,0,0,0,0,0,2063,2.896455,-1.47676250572946
"64",22,22,1,4.43296802506232,12.1770561761383,13.2878784297638,14.1021643252741,15.3855796808665,16.5601560386106,18.9820020510379,19.9250024861306,21.9423627984147,1,1,1,1,1,1,1,1,0.903225806451613,0.887096774193548,0.870967741935484,0.870967741935484,0.854838709677419,0.82258064516129,0.82258064516129,0.790322580645161,0,0,0,0,0,0,0,0,2064,2.367056,-2.06591202506232
"65",22,22,2,4.37440246658881,12.1184906176648,13.2293128712903,14.0435987668006,15.327014122393,16.5015904801371,18.9234364925644,19.8664369276571,21.8837972399412,1,1,1,1,1,1,1,1,0.903225806451613,0.887096774193548,0.887096774193548,0.870967741935484,0.854838709677419,0.82258064516129,0.82258064516129,0.790322580645161,0,0,0,0,0,0,0,0,2065,2.245968,-2.12843446658881
"66",22,22,3,4.36100692495681,12.1050950760328,13.2159173296583,14.0302032251686,15.313618580761,16.4881949385051,18.9100409509324,19.8530413860251,21.8704016983092,1,1,1,1,1,1,1,1,0.903225806451613,0.887096774193548,0.887096774193548,0.870967741935484,0.854838709677419,0.82258064516129,0.82258064516129,0.806451612903226,0,0,0,0,0,0,0,0,2066,2.134374,-2.22663292495681
"67",23,23,1,4.3441522536558,12.0873380865575,13.1980309104699,14.0122219278037,15.2954877436468,16.4699272432388,18.8914910693544,19.8343816288344,21.8515068842805,1,1,1,1,1,1,1,1,0.918032786885246,0.901639344262295,0.901639344262295,0.885245901639344,0.868852459016393,0.836065573770492,0.836065573770492,0.819672131147541,0,0,0,0,0,0,0,0,2067,3.954432,-0.389720253655795
"68",23,23,2,4.54950829428401,12.2926941271857,13.4033869510981,14.2175779684319,15.500843784275,16.675283283867,19.0968471099827,20.0397376694626,22.0568629249087,1,1,1,1,1,1,1,1,0.903225806451613,0.887096774193548,0.870967741935484,0.870967741935484,0.854838709677419,0.82258064516129,0.82258064516129,0.790322580645161,0,0,0,0,0,0,0,0,2068,2.260758,-2.28875029428401
"69",23,23,3,4.35841208374844,12.1015979166502,13.2122907405625,14.0264817578963,15.3097475737395,16.4841870733314,18.9057508994471,19.848641458927,21.8657667143731,1,1,1,1,1,1,1,1,0.903225806451613,0.887096774193548,0.887096774193548,0.870967741935484,0.854838709677419,0.82258064516129,0.82258064516129,0.806451612903226,0,0,0,0,0,0,0,0,2069,2.334825,-2.02358708374844
"70",24,24,1,4.35371337185154,12.0560808351344,13.1609186180859,13.9708176100695,15.2473186627362,16.4155670794039,18.8243655800524,19.7622856717949,21.7687776083435,1,1,1,1,1,1,1,1,0.903225806451613,0.887096774193548,0.887096774193548,0.870967741935484,0.854838709677419,0.82258064516129,0.82258064516129,0.806451612903226,0,0,0,0,0,0,0,0,2070,2.843934,-1.50977937185154
"71",24,24,2,4.4117339198149,12.1141013830978,13.2189391660492,14.0288381580328,15.3053392106996,16.4735876273673,18.8823861280158,19.8203062197583,21.8267981563068,1,1,1,1,1,1,1,1,0.903225806451613,0.887096774193548,0.887096774193548,0.870967741935484,0.854838709677419,0.82258064516129,0.82258064516129,0.806451612903226,0,0,0,0,0,0,0,0,2071,2.642686,-1.7690479198149
"72",24,24,3,4.38879871490489,12.0911661781877,13.1960039611392,14.0059029531228,15.2824040057896,16.4506524224573,18.8594509231057,19.7973710148483,21.8038629513968,1,1,1,1,1,1,1,1,0.918032786885246,0.901639344262295,0.901639344262295,0.885245901639344,0.868852459016393,0.836065573770492,0.836065573770492,0.819672131147541,0,0,0,0,0,0,0,0,2072,3.410839,-0.977959714904891
"73",25,25,1,4.47386397262221,12.1764265171788,13.2812922828464,14.0912117875007,15.3677451706752,16.5360231760882,18.9448826854437,19.882826532304,21.8893692881629,1,1,1,1,1,1,1,1,0.903225806451613,0.887096774193548,0.870967741935484,0.870967741935484,0.854838709677419,0.82258064516129,0.82258064516129,0.790322580645161,0,0,0,0,0,0,0,0,2073,2.660068,-1.81379597262221
"74",25,25,2,4.38801925549879,12.0905818000554,13.195447565723,14.0053670703772,15.2819004535518,16.4501784589648,18.8590379683203,19.7969818151806,21.8035245710395,1,1,1,1,1,1,1,1,0.903225806451613,0.887096774193548,0.887096774193548,0.870967741935484,0.854838709677419,0.82258064516129,0.82258064516129,0.806451612903226,0,0,0,0,0,0,0,0,2074,2.496896,-1.89112325549879
"75",25,25,3,4.36936182975584,12.0719243743125,13.17679013998,13.9867096446343,15.2632430278088,16.4315210332218,18.8403805425773,19.7783243894376,21.7848671452965,1,1,1,1,1,1,1,1,0.903225806451613,0.887096774193548,0.887096774193548,0.870967741935484,0.854838709677419,0.82258064516129,0.82258064516129,0.806451612903226,0,0,0,0,0,0,0,0,2075,2.537609,-1.83175282975584
"76",26,26,1,4.36539234006427,12.0539868730021,13.1568490485965,13.9652998257999,15.2395183127273,16.405677734791,18.8101689605499,19.7464119175473,21.7493159606576,1,1,1,1,1,1,1,1,0.903225806451613,0.887096774193548,0.887096774193548,0.870967741935484,0.854838709677419,0.82258064516129,0.82258064516129,0.806451612903226,0,0,0,0,0,0,0,0,2076,2.622552,-1.74284034006427
"77",26,26,2,4.375212743114,12.0638072760518,13.1666694516462,13.9751202288496,15.249338715777,16.4154981378407,18.8199893635997,19.756232320597,21.7591363637074,1,1,1,1,1,1,1,1,0.903225806451613,0.887096774193548,0.887096774193548,0.870967741935484,0.854838709677419,0.82258064516129,0.82258064516129,0.806451612903226,0,0,0,0,0,0,0,0,2077,2.339626,-2.035586743114
"78",26,26,3,4.34250319255363,12.0310977254914,13.1339599010859,13.9424106782893,15.2166291652166,16.3827885872804,18.7872798130393,19.7235227700367,21.726426813147,1,1,1,1,1,1,1,1,0.903225806451613,0.887096774193548,0.887096774193548,0.870967741935484,0.854838709677419,0.82258064516129,0.82258064516129,0.806451612903226,0,0,0,0,0,0,0,0,2078,2.419825,-1.92267819255363
"79",27,27,1,4.34996282030842,12.0393169177706,13.1422880463057,13.950818691231,15.2251630595733,16.3914376877808,18.7961664558144,19.7325019052605,21.7356038174158,1,1,1,1,1,1,1,1,0.903225806451613,0.887096774193548,0.887096774193548,0.870967741935484,0.854838709677419,0.82258064516129,0.82258064516129,0.806451612903226,0,0,0,0,0,0,0,0,2079,2.50002,-1.84994282030842
"80",27,27,2,4.35923112669667,12.0485852241588,13.1515563526939,13.9600869976192,15.2344313659616,16.400705994169,18.8054347622026,19.7417702116488,21.744872123804,1,1,1,1,1,1,1,1,0.903225806451613,0.887096774193548,0.887096774193548,0.870967741935484,0.854838709677419,0.82258064516129,0.82258064516129,0.806451612903226,0,0,0,0,0,0,0,0,2080,2.548415,-1.81081612669667
"81",27,27,3,4.36482423957976,12.0541783370419,13.157149465577,13.9656801105023,15.2400244788446,16.4062991070521,18.8110278750857,19.7473633245319,21.7504652366871,0,0,0,0,1,1,1,1,0,0,0,0,1,0.962264150943396,0.962264150943396,0.943396226415094,0,0,0,0,0,0,0,0,2081,16.595398,12.2305737604202
"82",28,28,1,5.98621729724675,13.6884850051053,14.7933084790067,15.6031969817716,16.8796815021312,18.0479147885007,20.4566820921546,21.3945900366428,23.4010559865767,1,1,1,1,1,1,1,1,0.887096774193548,0.870967741935484,0.870967741935484,0.854838709677419,0.838709677419355,0.806451612903226,0.806451612903226,0.790322580645161,1,1,1,1,0,0,0,0,2082,2.757356,-3.22886129724675
"83",28,28,2,4.39526105740496,12.0975287652635,13.2023522391649,14.0122407419298,15.2887252622894,16.4569585486589,18.8657258523128,19.803633796801,21.8100997467349,1,1,1,1,1,1,1,1,0.903225806451613,0.887096774193548,0.887096774193548,0.870967741935484,0.854838709677419,0.82258064516129,0.82258064516129,0.806451612903226,1,1,1,1,0,0,0,0,2083,2.723124,-1.67213705740495
"84",28,28,3,4.3913254128967,12.0935931207553,13.1984165946567,14.0083050974215,15.2847896177812,16.4530229041507,18.8617902078045,19.7996981522927,21.8061641022267,1,1,1,1,1,1,1,1,0.903225806451613,0.887096774193548,0.887096774193548,0.870967741935484,0.854838709677419,0.82258064516129,0.82258064516129,0.806451612903226,0,0,0,0,0,0,0,0,2084,2.352301,-2.0390244128967
"85",29,29,1,4.35048516686094,12.0536961638441,13.1586549443859,13.9686426333964,15.2452834835554,16.4136598423025,18.8227221453108,19.7607449544593,21.7674566342979,1,1,1,1,1,1,1,1,0.903225806451613,0.887096774193548,0.887096774193548,0.870967741935484,0.854838709677419,0.82258064516129,0.82258064516129,0.806451612903226,0,0,0,0,0,0,0,0,2085,2.378168,-1.97231716686094
"86",29,29,2,4.35343610032808,12.0566470973112,13.1616058778531,13.9715935668635,15.2482344170226,16.4166107757697,18.8256730787779,19.7636958879264,21.770407567765,1,1,1,1,1,1,1,1,0.903225806451613,0.887096774193548,0.887096774193548,0.870967741935484,0.854838709677419,0.82258064516129,0.82258064516129,0.806451612903226,0,0,0,0,0,0,0,0,2086,2.3189,-2.03453610032808
"87",29,29,3,4.34667474706985,12.049885744053,13.1548445245948,13.9648322136053,15.2414730637643,16.4098494225115,18.8189117255197,19.7569345346682,21.7636462145068,1,1,1,1,1,1,1,1,0.903225806451613,0.887096774193548,0.887096774193548,0.870967741935484,0.854838709677419,0.82258064516129,0.82258064516129,0.806451612903226,0,0,0,0,0,0,0,0,2087,2.238225,-2.10844974706985
"88",30,30,1,4.32652660754644,12.0118897336082,13.1142883919235,13.9223993887693,15.1960823397983,16.361751641651,18.7652322939628,19.7010817613678,21.7031440124094,1,1,1,1,1,1,1,1,0.903225806451613,0.887096774193548,0.887096774193548,0.870967741935484,0.854838709677419,0.82258064516129,0.82258064516129,0.806451612903226,0,0,0,0,0,0,0,0,2088,2.321513,-2.00501360754644
"89",30,30,2,4.33615439834895,12.0215175244107,13.123916182726,13.9320271795718,15.2057101306008,16.3713794324535,18.7748600847653,19.7107095521703,21.712771803212,1,1,1,1,1,1,1,1,0.903225806451613,0.887096774193548,0.887096774193548,0.870967741935484,0.854838709677419,0.82258064516129,0.82258064516129,0.806451612903226,0,0,0,0,0,0,0,0,2089,2.230196,-2.10595839834895
"90",30,30,3,4.32559848425913,12.0109616103209,13.1133602686362,13.9214712654819,15.195154216511,16.3608235183637,18.7643041706755,19.7001536380805,21.7022158891221,1,1,1,1,1,1,1,1,0.903225806451613,0.887096774193548,0.887096774193548,0.870967741935484,0.854838709677419,0.82258064516129,0.82258064516129,0.806451612903226,0,0,0,0,0,0,0,0,2090,2.272084,-2.05351448425913
"91",31,31,1,4.32823744777377,12.0141957340979,13.116679762989,13.924853340554,15.1986349265424,16.3643944986967,18.7680612783459,19.7039832186328,21.706200510871,1,1,1,1,1,1,1,1,0.903225806451613,0.887096774193548,0.887096774193548,0.870967741935484,0.854838709677419,0.82258064516129,0.82258064516129,0.806451612903226,0,0,0,0,0,0,0,0,2091,2.306216,-2.02202144777377
"92",31,31,2,4.33219681151435,12.0181550978384,13.1206391267295,13.9288127042946,15.2025942902829,16.3683538624373,18.7720206420865,19.7079425823734,21.7101598746116,1,1,1,1,1,1,1,1,0.903225806451613,0.887096774193548,0.887096774193548,0.870967741935484,0.854838709677419,0.82258064516129,0.82258064516129,0.806451612903226,0,0,0,0,0,0,0,0,2092,2.226104,-2.10609281151434
"93",31,31,3,4.32290369807286,12.008861984397,13.111346013288,13.9195195908531,15.1933011768414,16.3590607489958,18.762727528645,19.6986494689319,21.7008667611701,1,1,1,1,1,1,1,1,0.949152542372881,0.932203389830508,0.932203389830508,0.915254237288136,0.898305084745763,0.864406779661017,0.864406779661017,0.847457627118644,0,0,0,0,0,0,0,0,2093,7.091657,2.76875330192714
"94",32,32,1,4.88799684606224,12.5743926259607,13.6769394095091,14.4851589892426,15.759013080342,16.9248390088702,19.3286426079936,20.2646178220324,22.2669490827788,1,1,1,1,1,1,1,1,0.887096774193548,0.887096774193548,0.870967741935484,0.854838709677419,0.854838709677419,0.82258064516129,0.82258064516129,0.790322580645161,0,0,0,0,0,0,0,0,2094,2.846167,-2.04182984606224
"95",32,32,2,4.39417743674875,12.0805732166472,13.1831200001957,13.9913395799291,15.2651936710285,16.4310195995567,18.8348231986801,19.770798412719,21.7731296734653,0,0,0,0,0,0,0,0,0,0,0,0,0,0,0,0,0,0,0,0,0,0,0,0,2095,32.813592,28.4194145632512
"96",32,32,3,7.87987546268833,15.5662712425868,16.6688180261352,17.4770376058687,18.750891696968,19.9167176254963,22.3205212246197,23.2564964386585,25.2588276994049,1,1,1,1,1,1,1,1,0.870967741935484,0.854838709677419,0.838709677419355,0.82258064516129,0.82258064516129,0.790322580645161,0.790322580645161,0.758064516129032,1,1,1,1,1,1,1,1,2096,2.915652,-4.96422346268833
"97",33,33,1,4.42135321682738,12.1804691892774,13.29344705349,14.1093131147663,15.3952190071832,16.5720746937973,18.998620429234,19.9434508076096,21.9647259165525,1,1,1,1,1,1,1,1,0.903225806451613,0.887096774193548,0.870967741935484,0.870967741935484,0.854838709677419,0.82258064516129,0.82258064516129,0.790322580645161,1,1,1,1,1,1,1,1,2097,2.536056,-1.88529721682738
"98",33,33,2,4.3789188082656,12.1380347807156,13.2510126449282,14.0668787062045,15.3527845986214,16.5296402852355,18.9561860206722,19.9010163990478,21.9222915079907,1,1,1,1,1,1,1,1,0.933333333333333,0.916666666666667,0.9,0.9,0.883333333333333,0.85,0.85,0.816666666666667,0,0,0,0,0,0,0,0,2098,5.202086,0.823167191734396
"99",33,33,3,4.67694988935697,12.436065861807,13.5490437260196,14.3649097872959,15.6508156797128,16.8276713663269,19.2542171017636,20.1990474801391,22.2203225890821,1,1,1,1,1,1,1,1,0.903225806451613,0.887096774193548,0.870967741935484,0.854838709677419,0.854838709677419,0.82258064516129,0.82258064516129,0.790322580645161,0,0,0,0,0,0,0,0,2099,2.377873,-2.29907688935697
"100",34,34,1,4.35672428029542,12.1106911358548,13.2229304039258,14.038255038868,15.32330757637,16.4993822761404,18.9243177034341,19.8685210719703,21.8884548191085,1,1,1,1,1,1,1,1,0.903225806451613,0.887096774193548,0.887096774193548,0.870967741935484,0.854838709677419,0.82258064516129,0.82258064516129,0.790322580645161,0,0,0,0,0,0,0,0,2100,2.577883,-1.77884128029542
"101",34,34,2,4.37920846387853,12.1331753194379,13.2454145875089,14.0607392224511,15.3457917599532,16.5218664597235,18.9468018870173,19.8910052555534,21.9109390026916,1,1,1,1,1,1,1,1,0.903225806451613,0.887096774193548,0.887096774193548,0.870967741935484,0.854838709677419,0.82258064516129,0.82258064516129,0.790322580645161,0,0,0,0,0,0,0,0,2101,2.381283,-1.99792546387853
"102",34,34,3,4.35710761645871,12.1110744720181,13.2233137400891,14.0386383750313,15.3236909125333,16.4997656123036,18.9247010395974,19.8689044081336,21.8888381552718,1,1,1,1,1,1,1,1,0.903225806451613,0.887096774193548,0.887096774193548,0.870967741935484,0.854838709677419,0.82258064516129,0.82258064516129,0.790322580645161,0,0,0,0,0,0,0,0,2102,2.295074,-2.06203361645871
"103",35,35,1,4.34584217591736,12.10033316484,13.2126476152943,14.0280273625231,15.3131667638099,16.4893209609523,18.914420302999,19.8586874954457,21.8787577810407,1,1,1,1,1,1,1,1,0.903225806451613,0.887096774193548,0.887096774193548,0.870967741935484,0.854838709677419,0.82258064516129,0.82258064516129,0.790322580645161,0,0,0,0,0,0,0,0,2103,2.741896,-1.60394617591736
"104",35,35,2,4.3961619467418,12.1506529356645,13.2629673861188,14.0783471333475,15.3634865346344,16.5396407317767,18.9647400738234,19.9090072662701,21.9290775518652,1,1,1,1,1,1,1,1,0.903225806451613,0.887096774193548,0.870967741935484,0.870967741935484,0.854838709677419,0.82258064516129,0.82258064516129,0.790322580645161,0,0,0,0,0,0,0,0,2104,2.429506,-1.9666559467418
"105",35,35,3,4.36098150977172,12.1154724986944,13.2277869491487,14.0431666963775,15.3283060976643,16.5044602948066,18.9295596368533,19.8738268293001,21.8938971148951,1,1,1,1,1,1,1,1,0.949152542372881,0.932203389830508,0.932203389830508,0.915254237288136,0.898305084745763,0.864406779661017,0.864406779661017,0.830508474576271,0,0,0,0,0,0,0,0,2105,7.373901,3.01291949022828
"106",36,36,1,4.91866684019548,12.6741326074709,13.7865868814222,14.6020691259687,15.8873700757145,17.0636721213297,19.4890763105089,20.4334622020707,22.4537864206174,1,1,1,1,1,1,1,1,0.887096774193548,0.887096774193548,0.870967741935484,0.854838709677419,0.854838709677419,0.82258064516129,0.806451612903226,0.790322580645161,0,0,0,0,0,0,0,0,2106,2.794093,-2.12457384019548
"107",36,36,2,4.40317298909938,12.1586387563748,13.2710930303261,14.0865752748726,15.3718762246184,16.5481782702336,18.9735824594128,19.9179683509746,21.9382925695213,1,1,1,1,1,1,1,1,0.949152542372881,0.932203389830508,0.915254237288136,0.915254237288136,0.898305084745763,0.864406779661017,0.864406779661017,0.830508474576271,0,0,0,0,0,0,0,0,2107,7.082444,2.67927101090063
"108",36,36,3,4.88586103450255,12.641326801778,13.7537810757293,14.5692633202758,15.8545642700215,17.0308663156368,19.456270504816,20.4006563963778,22.4209806149245,1,1,1,1,1,1,1,1,0.901639344262295,0.901639344262295,0.885245901639344,0.868852459016393,0.868852459016393,0.836065573770492,0.819672131147541,0.80327868852459,0,0,0,0,0,0,0,0,2108,3.24204,-1.64382103450255
"109",37,37,1,4.45427378630497,12.2104688470401,13.3230277318105,14.1385866610959,15.4240084754815,16.6004211359088,19.0260534005467,19.9705280984388,21.9910423003189,1,1,1,1,1,1,1,1,0.949152542372881,0.932203389830508,0.915254237288136,0.915254237288136,0.898305084745763,0.864406779661017,0.864406779661017,0.830508474576271,0,0,0,0,0,0,0,0,2109,6.835181,2.38090721369503
"110",37,37,2,4.85725545792454,12.6134505186597,13.7260094034301,14.5415683327155,15.826990147101,17.0034028075284,19.4290350721663,20.3735097700583,22.3940239719385,1,1,1,1,1,1,1,1,0.887096774193548,0.887096774193548,0.870967741935484,0.854838709677419,0.854838709677419,0.82258064516129,0.806451612903226,0.790322580645161,0,0,0,0,0,0,0,0,2110,2.959757,-1.89749845792454
"111",37,37,3,4.42261489086786,12.178809951603,13.2913688363734,14.1069277656588,15.3923495800443,16.5687622404717,18.9943945051096,19.9388692030017,21.9593834048818,1,1,1,1,1,1,1,1,0.949152542372881,0.932203389830508,0.915254237288136,0.915254237288136,0.898305084745763,0.864406779661017,0.864406779661017,0.830508474576271,0,0,0,0,0,0,0,0,2111,6.653091,2.23047610913214
"112",38,38,1,4.83685420628614,12.5810504574946,13.6918882171462,14.506185479316,15.7896187501706,16.9642115038877,19.3860913229905,20.3291049214757,22.3464933941981,1,1,1,1,1,1,1,1,0.887096774193548,0.887096774193548,0.870967741935484,0.854838709677419,0.854838709677419,0.82258064516129,0.806451612903226,0.790322580645161,0,0,0,0,0,0,0,0,2112,2.608624,-2.22823020628614
"113",38,38,2,4.37904961057959,12.1232458617881,13.2340836214397,14.0483808836095,15.3318141544641,16.5064069081812,18.928286727284,19.8713003257692,21.8886887984916,1,1,1,1,1,1,1,1,0.96551724137931,0.948275862068966,0.948275862068966,0.931034482758621,0.913793103448276,0.879310344827586,0.879310344827586,0.844827586206897,0,0,0,0,0,0,0,0,2113,9.007258,4.62820838942041
"114",38,38,3,5.10332899064232,12.8475252418508,13.9583630015024,14.7726602636722,16.0560935345268,17.2306862882439,19.6525661073467,20.5955797058319,22.6129681785543,1,1,1,1,1,1,1,1,0.916666666666667,0.916666666666667,0.9,0.883333333333333,0.866666666666667,0.85,0.833333333333333,0.816666666666667,0,0,0,0,0,0,0,0,2114,4.974164,-0.129164990642316
"115",39,39,1,4.64948977311534,12.3954517587523,13.5065427976872,14.3210257256981,15.6047516288983,16.7796121985122,19.2020442242533,20.145272836863,22.1631212891839,1,1,1,1,1,1,1,1,0.903225806451613,0.887096774193548,0.870967741935484,0.870967741935484,0.854838709677419,0.82258064516129,0.82258064516129,0.790322580645161,0,0,0,0,0,0,0,0,2115,2.50484,-2.14464977311534
"116",39,39,2,4.37095982834735,12.1169218139843,13.2280128529192,14.0424957809301,15.3262216841303,16.5010822537442,18.9235142794853,19.8667428920951,21.8845913444159,1,1,1,1,1,1,1,1,0.918032786885246,0.901639344262295,0.901639344262295,0.885245901639344,0.868852459016393,0.836065573770492,0.836065573770492,0.80327868852459,0,0,0,0,0,0,0,0,2116,3.592912,-0.778047828347353
"117",39,39,3,4.49369003064709,12.239652016284,13.3507430552189,14.1652259832299,15.44895188643,16.623812456044,19.046244481785,19.9894730943948,22.0073215467156,1,1,1,1,1,1,1,1,0.96551724137931,0.948275862068966,0.931034482758621,0.931034482758621,0.913793103448276,0.879310344827586,0.879310344827586,0.844827586206897,0,0,0,0,0,0,0,0,2117,8.054235,3.56054496935291
"118",40,40,1,4.99823711506007,12.7450833648378,13.8563012437914,14.6708771516089,15.9547496024922,17.1297442919319,19.5524528578597,20.495789147636,22.5138679536601,1,1,1,1,1,1,1,1,0.948275862068966,0.948275862068966,0.931034482758621,0.913793103448276,0.913793103448276,0.879310344827586,0.862068965517241,0.844827586206897,0,0,0,0,0,0,0,0,2118,8.490158,3.49192088493993
"119",40,40,2,5.04722566365272,12.7940719134305,13.9052897923841,14.7198657002015,16.0037381510848,17.1787328405246,19.6014414064524,20.5447776962287,22.5628565022527,1,1,1,1,1,1,1,1,0.887096774193548,0.887096774193548,0.870967741935484,0.854838709677419,0.854838709677419,0.82258064516129,0.806451612903226,0.790322580645161,0,0,0,0,0,0,0,0,2119,2.279042,-2.76818366365272
"120",40,40,3,4.3492272603095,12.0960735100873,13.2072913890409,14.0218672968583,15.3057397477416,16.4807344371813,18.9034430031092,19.8467792928855,21.8648580989095,1,1,1,1,1,1,1,1,0.918032786885246,0.901639344262295,0.901639344262295,0.885245901639344,0.868852459016393,0.836065573770492,0.836065573770492,0.819672131147541,0,0,0,0,0,0,0,0,2120,3.599415,-0.749812260309497
"121",41,41,1,4.49914140489203,12.2475529632563,13.3589953721452,14.1737358711552,15.4578677381295,16.6330998440891,19.0562979365156,19.9998248344887,22.0183114085233,1,1,1,1,1,1,1,1,0.903225806451613,0.887096774193548,0.870967741935484,0.870967741935484,0.854838709677419,0.82258064516129,0.82258064516129,0.790322580645161,0,0,0,0,0,0,0,0,2121,2.587951,-1.91119040489203
"122",41,41,2,4.38557024227599,12.1339818006403,13.2454242095292,14.0601647085392,15.3442965755134,16.519528681473,18.9427267738996,19.8862536718727,21.9047402459072,1,1,1,1,1,1,1,1,0.933333333333333,0.916666666666667,0.916666666666667,0.9,0.883333333333333,0.85,0.85,0.816666666666667,0,0,0,0,0,0,0,0,2122,5.210056,0.824485757724005
"123",41,41,3,4.67999052154576,12.42840207991,13.539844488799,14.354584987809,15.6387168547832,16.8139489607428,19.2371470531694,20.1806739511424,22.199160525177,1,1,1,1,1,1,1,1,0.903225806451613,0.887096774193548,0.870967741935484,0.854838709677419,0.854838709677419,0.82258064516129,0.82258064516129,0.790322580645161,0,0,0,0,0,0,0,0,2123,2.353881,-2.32610952154576
"124",42,42,1,4.35093413398717,12.0884106561733,13.1982845290004,14.0118752159792,15.2941948368799,16.4677683828238,18.8875467086817,19.829742043316,21.8453800046323,1,1,1,1,1,1,1,1,0.903225806451613,0.887096774193548,0.887096774193548,0.870967741935484,0.854838709677419,0.82258064516129,0.82258064516129,0.806451612903226,0,0,0,0,0,0,0,0,2124,2.884082,-1.46685213398717
"125",42,42,2,4.41092928007869,12.1484058022648,13.2582796750919,14.0718703620708,15.3541899829715,16.5277635289153,18.9475418547732,19.8897371894076,21.9053751507238,1,1,1,1,1,1,1,1,0.903225806451613,0.887096774193548,0.870967741935484,0.870967741935484,0.854838709677419,0.82258064516129,0.82258064516129,0.790322580645161,0,0,0,0,0,0,0,0,2125,3.076713,-1.33421628007869
"126",42,42,3,4.4327265324165,12.1702030546026,13.2800769274298,14.0936676144086,15.3759872353093,16.5495607812531,18.969339107111,19.9115344417454,21.9271724030616,1,1,1,1,1,1,1,1,0.918032786885246,0.901639344262295,0.885245901639344,0.885245901639344,0.868852459016393,0.836065573770492,0.836065573770492,0.80327868852459,0,0,0,0,0,0,0,0,2126,3.242678,-1.1900485324165
"127",43,43,1,4.44867102685917,12.1840870026497,13.2936653079747,14.1070393298234,15.3890174596623,16.5622784744168,18.981412395669,19.9233568168182,21.9384579990535,1,1,1,1,1,1,1,1,0.903225806451613,0.887096774193548,0.870967741935484,0.870967741935484,0.854838709677419,0.82258064516129,0.82258064516129,0.790322580645161,0,0,0,0,0,0,0,0,2127,3.002979,-1.44569202685917
"128",43,43,2,4.42148810533091,12.1569040811215,13.2664823864465,14.0798564082951,15.3618345381341,16.5350955528886,18.9542294741408,19.8961738952899,21.9112750775253,1,1,1,1,1,1,1,1,0.903225806451613,0.887096774193548,0.870967741935484,0.870967741935484,0.854838709677419,0.82258064516129,0.82258064516129,0.790322580645161,0,0,0,0,0,0,0,0,2128,2.76933,-1.65215810533091
"129",43,43,3,4.39499128042903,12.1304072562196,13.2399855615446,14.0533595833932,15.3353377132322,16.5085987279867,18.9277326492389,19.869677070388,21.8847782526234,1,1,1,1,1,1,1,1,0.949152542372881,0.932203389830508,0.932203389830508,0.915254237288136,0.898305084745763,0.864406779661017,0.864406779661017,0.830508474576271,0,0,0,0,0,0,0,0,2129,6.741014,2.34602271957097
"130",44,44,1,4.84556955951266,12.5816242034976,13.6912941202337,14.5047352976328,15.7868192729312,16.9601771570068,19.3795108120416,20.3215330040495,22.33680056144,1,1,1,1,1,1,1,1,0.887096774193548,0.887096774193548,0.870967741935484,0.854838709677419,0.854838709677419,0.82258064516129,0.806451612903226,0.790322580645161,0,0,0,0,0,0,0,0,2130,2.505619,-2.33995055951267
"131",44,44,2,4.36618831370828,12.1022429576932,13.2119128744293,14.0253540518285,15.3074380271268,16.4807959112024,18.9001295662372,19.8421517582451,21.8574193156357,1,1,1,1,1,1,1,1,0.903225806451613,0.887096774193548,0.887096774193548,0.870967741935484,0.854838709677419,0.82258064516129,0.82258064516129,0.806451612903226,0,0,0,0,0,0,0,0,2131,2.180506,-2.18568231370828
"132",44,44,3,4.32939054751004,12.065445191495,13.1751151082311,13.9885562856302,15.2706402609286,16.4439981450041,18.863331800039,19.8053539920469,21.8206215494374,1,1,1,1,1,1,1,1,0.918032786885246,0.901639344262295,0.901639344262295,0.885245901639344,0.868852459016393,0.836065573770492,0.836065573770492,0.819672131147541,0,0,0,0,0,0,0,0,2132,4.135897,-0.193493547510036
"133",45,45,1,4.54820031811769,12.2838795173708,13.3934955798177,14.2068972794444,15.4889190328872,16.6622199717813,19.0814362121756,20.0234126861417,22.0385824389506,1,1,1,1,1,1,1,1,0.903225806451613,0.887096774193548,0.870967741935484,0.870967741935484,0.854838709677419,0.82258064516129,0.82258064516129,0.790322580645161,0,0,0,0,0,0,0,0,2133,2.557836,-1.99036431811769
"134",45,45,2,4.36880100078492,12.1044802000381,13.2140962624849,14.0274979621116,15.3095197155544,16.4828206544485,18.9020368948428,19.8440133688089,21.8591831216179,1,1,1,1,1,1,1,1,0.903225806451613,0.887096774193548,0.887096774193548,0.870967741935484,0.854838709677419,0.82258064516129,0.82258064516129,0.806451612903226,0,0,0,0,0,0,0,0,2134,2.392991,-1.97581000078492
"135",45,45,3,4.35006086306799,12.0857400623211,13.195356124768,14.0087578243947,15.2907795778375,16.4640805167316,18.8832967571259,19.825273231092,21.8404429839009,1,1,1,1,1,1,1,1,0.903225806451613,0.887096774193548,0.887096774193548,0.870967741935484,0.854838709677419,0.82258064516129,0.82258064516129,0.806451612903226,0,0,0,0,0,0,0,0,2135,2.512668,-1.83739286306799
"136",46,46,1,4.35862917878891,12.0925349947689,13.201896680772,14.0151119102865,15.296839763753,16.4698717266198,18.8885333683157,19.8302938967547,21.8450016774161,1,1,1,1,1,1,1,1,0.903225806451613,0.887096774193548,0.887096774193548,0.870967741935484,0.854838709677419,0.82258064516129,0.82258064516129,0.806451612903226,0,0,0,0,0,0,0,0,2136,2.465505,-1.89312417878892
"137",46,46,2,4.35326028735876,12.0871661033388,13.1965277893418,14.0097430188563,15.2914708723229,16.4645028351896,18.8831644768856,19.8249250053245,21.8396327859859,1,1,1,1,1,1,1,1,0.903225806451613,0.887096774193548,0.887096774193548,0.870967741935484,0.854838709677419,0.82258064516129,0.82258064516129,0.806451612903226,0,0,0,0,0,0,0,0,2137,2.802742,-1.55051828735876
"138",46,46,3,4.39165031427036,12.1255561302504,13.2349178162535,14.0481330457679,15.3298608992345,16.5028928621012,18.9215545037972,19.8633150322361,21.8780228128976,1,1,1,1,1,1,1,1,0.903225806451613,0.887096774193548,0.887096774193548,0.870967741935484,0.854838709677419,0.82258064516129,0.82258064516129,0.790322580645161,0,0,0,0,0,0,0,0,2138,2.535166,-1.85648431427036
"139",47,47,1,4.35613210035592,12.0871423052424,13.1960886409579,14.0089993988256,15.2902473672923,16.4628401414172,18.8805962246996,19.8220041535209,21.8359576180142,1,1,1,1,1,1,1,1,0.903225806451613,0.887096774193548,0.887096774193548,0.870967741935484,0.854838709677419,0.82258064516129,0.82258064516129,0.806451612903226,0,0,0,0,0,0,0,0,2139,2.605137,-1.75099510035592
"140",47,47,2,4.36414422402357,12.09515442891,13.2041007646256,14.0170115224932,15.2982594909599,16.4708522650848,18.8886083483672,19.8300162771885,21.8439697416818,1,1,1,1,1,1,1,1,0.918032786885246,0.901639344262295,0.901639344262295,0.885245901639344,0.868852459016393,0.836065573770492,0.836065573770492,0.819672131147541,0,0,0,0,0,0,0,0,2140,3.555906,-0.808238224023569
"141",47,47,3,4.47301330989298,12.2040235147795,13.312969850495,14.1258806083626,15.4071285768293,16.5797213509542,18.9974774342367,19.9388853630579,21.9528388275513,1,1,1,1,1,1,1,1,0.933333333333333,0.916666666666667,0.9,0.9,0.883333333333333,0.85,0.85,0.816666666666667,0,0,0,0,0,0,0,0,2141,5.992794,1.51978069010702
"142",48,48,1,4.75516270159706,12.48607019331,13.595001795712,14.4079017533554,15.6891326993319,16.8617098945452,19.2794338558418,20.2208292772425,22.2347559846179,1,1,1,1,1,1,1,1,0.918032786885246,0.901639344262295,0.885245901639344,0.868852459016393,0.868852459016393,0.836065573770492,0.836065573770492,0.80327868852459,0,0,0,0,0,0,0,0,2142,3.149848,-1.60531470159706
"143",48,48,2,4.42935577638576,12.1602632680987,13.2691948705007,14.0820948281441,15.3633257741206,16.5359029693339,18.9536269306305,19.8950223520312,21.9089490594066,1,1,1,1,1,1,1,1,0.903225806451613,0.887096774193548,0.870967741935484,0.870967741935484,0.854838709677419,0.82258064516129,0.82258064516129,0.790322580645161,0,0,0,0,0,0,0,0,2143,2.567216,-1.86213977638576
"144",48,48,3,4.36258506021679,12.0934925519297,13.2024241543317,14.0153241119751,15.2965550579517,16.4691322531649,18.8868562144615,19.8282516358623,21.8421783432376,1,1,1,1,1,1,1,1,0.903225806451613,0.887096774193548,0.887096774193548,0.870967741935484,0.854838709677419,0.82258064516129,0.82258064516129,0.806451612903226,0,0,0,0,0,0,0,0,2144,2.650324,-1.71226106021679
"145",49,49,1,4.37235590336677,12.103234319374,13.2121617511182,14.0250586514699,15.3062847787762,16.4788575639626,18.8965724322736,19.8379643131151,21.8518834461739,1,1,1,1,1,1,1,1,0.933333333333333,0.916666666666667,0.916666666666667,0.9,0.883333333333333,0.85,0.85,0.833333333333333,0,0,0,0,0,0,0,0,2145,4.914053,0.541697096633235
"146",49,49,2,4.63076115132486,12.3616395673321,13.4705669990763,14.283463899428,15.5646900267343,16.7372628119207,19.1549776802317,20.0963695610732,22.110288694132,1,1,1,1,1,1,1,1,0.903225806451613,0.887096774193548,0.870967741935484,0.870967741935484,0.854838709677419,0.82258064516129,0.82258064516129,0.790322580645161,0,0,0,0,0,0,0,0,2146,2.841725,-1.78903615132486
"147",49,49,3,4.39420437677698,12.1250827927842,13.2340102245284,14.0469071248801,15.3281332521864,16.5007060373728,18.9184209056838,19.8598127865253,21.8737319195841,1,1,1,1,1,1,1,1,0.903225806451613,0.887096774193548,0.887096774193548,0.870967741935484,0.854838709677419,0.82258064516129,0.82258064516129,0.806451612903226,0,0,0,0,0,0,0,0,2147,3.029679,-1.36452537677698
"148",50,50,1,4.40854318812537,12.1259808569471,13.2329803301263,14.0444639445437,15.3234625582948,16.4939967324058,18.9075082110678,19.8472634072284,21.8576811816495,1,1,1,1,1,1,1,1,0.903225806451613,0.887096774193548,0.887096774193548,0.870967741935484,0.854838709677419,0.82258064516129,0.82258064516129,0.806451612903226,0,0,0,0,0,0,0,0,2148,2.93801,-1.47053318812537
"149",50,50,2,4.39792695066997,12.1153646194917,13.2223640926709,14.0338477070883,15.3128463208394,16.4833804949504,18.8968919736124,19.836647169773,21.8470649441941,1,1,1,1,1,1,1,1,0.918032786885246,0.901639344262295,0.901639344262295,0.885245901639344,0.868852459016393,0.836065573770492,0.836065573770492,0.819672131147541,0,0,0,0,0,0,0,0,2149,3.489686,-0.908240950669974
"150",50,50,3,4.46181685253915,12.1792545213609,13.2862539945401,14.0977376089574,15.3767362227086,16.5472703968195,18.9607818754815,19.9005370716422,21.9109548460633,1,1,1,1,1,1,1,1,0.933333333333333,0.916666666666667,0.9,0.9,0.883333333333333,0.85,0.85,0.816666666666667,0,0,0,0,0,0,0,0,2150,5.5228,1.06098314746085
"151",51,51,1,4.69860127543838,12.4154153223704,13.5223253424004,14.3337433833765,15.6126386452683,16.7830782321905,19.1963946825732,20.1360739400691,22.1463292589466,1,1,1,1,1,1,1,1,0.903225806451613,0.887096774193548,0.870967741935484,0.870967741935484,0.854838709677419,0.82258064516129,0.82258064516129,0.790322580645161,0,0,0,0,0,0,0,0,2151,2.592297,-2.10630427543838
"152",51,51,2,4.36044239849073,12.0772564454227,13.1841664654527,13.9955845064289,15.2744797683207,16.4449193552428,18.8582358056255,19.7979150631215,21.808170381999,1,1,1,1,1,1,1,1,0.903225806451613,0.887096774193548,0.887096774193548,0.870967741935484,0.854838709677419,0.82258064516129,0.82258064516129,0.806451612903226,0,0,0,0,0,0,0,0,2152,2.515483,-1.84495939849073
"153",51,51,3,4.35157861777668,12.0683926647087,13.1753026847387,13.9867207257148,15.2656159876066,16.4360555745288,18.8493720249115,19.7890512824074,21.7993066012849,1,1,1,1,1,1,1,1,0.933333333333333,0.916666666666667,0.916666666666667,0.9,0.883333333333333,0.85,0.85,0.833333333333333,0,0,0,0,0,0,0,0,2153,5.462702,1.11112338222332
"154",52,52,1,4.69250811290958,12.4095071901721,13.5164437511977,14.3278812479942,15.6068071746671,16.7772748258684,19.1906491416782,20.1303509303849,22.1406544502692,1,1,1,1,1,1,1,1,0.903225806451613,0.887096774193548,0.870967741935484,0.870967741935484,0.854838709677419,0.82258064516129,0.82258064516129,0.790322580645161,0,0,0,0,0,0,0,0,2154,2.74701,-1.94549811290958
"155",52,52,2,4.37966190924087,12.0966609865034,13.203597547529,14.0150350443255,15.2939609709984,16.4644286221997,18.8778029380095,19.8175047267162,21.8278082466005,1,1,1,1,1,1,1,1,0.903225806451613,0.887096774193548,0.887096774193548,0.870967741935484,0.854838709677419,0.82258064516129,0.82258064516129,0.806451612903226,0,0,0,0,0,0,0,0,2155,2.715939,-1.66372290924087
"156",52,52,3,4.37608254737134,12.0930816246339,13.2000181856594,14.011455682456,15.2903816091288,16.4608492603302,18.8742235761399,19.8139253648466,21.8242288847309,1,1,1,1,1,1,1,1,0.903225806451613,0.887096774193548,0.887096774193548,0.870967741935484,0.854838709677419,0.82258064516129,0.82258064516129,0.806451612903226,0,0,0,0,0,0,0,0,2156,2.947138,-1.42894454737134
"157",53,53,1,4.39943754245861,12.1169995388811,13.2240168457759,14.0355135331606,15.3145327515264,16.4850857828943,18.8986361431261,19.838406478704,21.848856640872,1,1,1,1,1,1,1,1,0.903225806451613,0.887096774193548,0.887096774193548,0.870967741935484,0.854838709677419,0.82258064516129,0.82258064516129,0.806451612903226,0,0,0,0,0,0,0,0,2157,3.048922,-1.35051554245861
"158",53,53,2,4.41119810173681,12.1287600981593,13.2357774050541,14.0472740924388,15.3262933108046,16.4968463421725,18.9103967024043,19.8501670379822,21.8606172001502,1,1,1,1,1,1,1,1,0.903225806451613,0.887096774193548,0.887096774193548,0.870967741935484,0.854838709677419,0.82258064516129,0.82258064516129,0.806451612903226,0,0,0,0,0,0,0,0,2158,2.49681,-1.91438810173681
"159",53,53,3,4.3474047166841,12.0649667131066,13.1719840200014,13.9834807073861,15.2624999257519,16.4330529571198,18.8466033173516,19.7863736529295,21.7968238150975,1,1,1,1,1,1,1,1,0.918032786885246,0.901639344262295,0.901639344262295,0.885245901639344,0.868852459016393,0.836065573770492,0.836065573770492,0.819672131147541,0,0,0,0,0,0,0,0,2159,3.39403,-0.953374716684105
"160",54,54,1,4.44464494510921,12.1494465682986,13.2546335103686,14.0647884527031,15.3416929148018,16.5103105300919,18.9198702773001,19.8580867775812,21.8652128207531,1,1,1,1,1,1,1,1,0.903225806451613,0.887096774193548,0.870967741935484,0.870967741935484,0.854838709677419,0.82258064516129,0.82258064516129,0.806451612903226,0,0,0,0,0,0,0,0,2160,2.518397,-1.92624794510921
"161",54,54,2,4.34232207242388,12.0471236956133,13.1523106376833,13.9624655800178,15.2393700421165,16.4079876574066,18.8175474046148,19.7557639048958,21.7628899480678,1,1,1,1,1,1,1,1,0.903225806451613,0.887096774193548,0.887096774193548,0.870967741935484,0.854838709677419,0.82258064516129,0.82258064516129,0.806451612903226,0,0,0,0,0,0,0,0,2161,2.234943,-2.10737907242388
"162",54,54,3,4.30919880325273,12.0140004264421,13.1191873685122,13.9293423108466,15.2062467729453,16.3748643882354,18.7844241354436,19.7226406357247,21.7297666788967,1,1,1,1,1,1,1,1,0.903225806451613,0.887096774193548,0.887096774193548,0.870967741935484,0.854838709677419,0.82258064516129,0.82258064516129,0.806451612903226,0,0,0,0,0,0,0,0,2162,2.915991,-1.39320780325273
"163",55,55,1,4.38599782973109,12.0904775899109,13.1956183635249,14.0057394621707,15.2825905824271,16.4511593794865,18.8606184689245,19.7987957758296,21.805837972634,1,1,1,1,1,1,1,1,0.903225806451613,0.887096774193548,0.887096774193548,0.870967741935484,0.854838709677419,0.82258064516129,0.82258064516129,0.806451612903226,0,0,0,0,0,0,0,0,2163,2.75605,-1.62994782973109
"164",55,55,2,4.36704473482426,12.0715244950041,13.1766652686181,13.9867863672638,15.2636374875202,16.4322062845797,18.8416653740176,19.7798426809228,21.7868848777272,1,1,1,1,1,1,1,1,0.903225806451613,0.887096774193548,0.887096774193548,0.870967741935484,0.854838709677419,0.82258064516129,0.82258064516129,0.806451612903226,0,0,0,0,0,0,0,0,2164,2.652994,-1.71405073482426
"165",55,55,3,4.35483254314909,12.0593123033289,13.1644530769429,13.9745741755887,15.2514252958451,16.4199940929045,18.8294531823425,19.7676304892476,21.774672686052,1,1,1,1,1,1,1,1,0.949152542372881,0.932203389830508,0.932203389830508,0.915254237288136,0.898305084745763,0.864406779661017,0.864406779661017,0.847457627118644,0,0,0,0,0,0,0,0,2165,6.89514,2.54030745685091
"166",56,56,1,4.84086635258967,12.5023300295615,13.6013005192687,14.4068985043918,15.6766206379103,16.8386650161675,19.234671478575,20.1676107013584,22.1634470676815,1,1,1,1,1,1,1,1,0.887096774193548,0.887096774193548,0.870967741935484,0.854838709677419,0.854838709677419,0.82258064516129,0.82258064516129,0.790322580645161,0,0,0,0,0,0,0,0,2166,2.741956,-2.09891035258967
"167",56,56,2,4.35489389398402,12.0163575709559,13.1153280606631,13.9209260457862,15.1906481793046,16.3526925575619,18.7486990199693,19.6816382427528,21.6774746090758,1,1,1,1,1,1,1,1,0.903225806451613,0.887096774193548,0.887096774193548,0.870967741935484,0.854838709677419,0.838709677419355,0.82258064516129,0.806451612903226,0,0,0,0,0,0,0,0,2167,2.725536,-1.62935789398402
"168",56,56,3,4.35297255657872,12.0144362335506,13.1134067232578,13.9190047083809,15.1887268418993,16.3507712201566,18.746777682564,19.6797169053475,21.6755532716705,1,1,1,1,1,1,1,1,0.918032786885246,0.901639344262295,0.901639344262295,0.885245901639344,0.868852459016393,0.852459016393443,0.836065573770492,0.819672131147541,0,0,0,0,0,0,0,0,2168,4.66305,0.310077443421283
"169",57,57,1,4.58018132054525,12.2415621519187,13.3405207581436,14.1461100321053,15.4158184357551,16.577850248494,18.9738308021982,19.9067599368429,21.9025747216164,1,1,1,1,1,1,1,1,0.903225806451613,0.887096774193548,0.870967741935484,0.870967741935484,0.854838709677419,0.82258064516129,0.82258064516129,0.790322580645161,0,0,0,0,0,0,0,0,2169,3.062941,-1.51724032054525
"170",57,57,2,4.39311371695298,12.0544945483264,13.1534531545513,13.959042428513,15.2287508321628,16.3907826449018,18.7867631986059,19.7196923332507,21.7155071180242,1,1,1,1,1,1,1,1,0.918032786885246,0.901639344262295,0.901639344262295,0.885245901639344,0.868852459016393,0.836065573770492,0.836065573770492,0.819672131147541,0,0,0,0,0,0,0,0,2170,3.637739,-0.755374716952979
"171",57,57,3,4.46031294176181,12.1216937731352,13.2206523793602,14.0262416533218,15.2959500569716,16.4579818697106,18.8539624234147,19.7868915580595,21.782706342833,1,1,1,1,1,1,1,1,0.903225806451613,0.887096774193548,0.887096774193548,0.870967741935484,0.854838709677419,0.82258064516129,0.82258064516129,0.806451612903226,0,0,0,0,0,0,0,0,2171,2.912451,-1.54786194176181
"172",58,58,1,4.37110537647881,12.0274424286519,13.1256775485129,13.930736472331,15.199608978513,16.3608757813906,18.7552789697155,19.6875939215297,21.6820947853116,1,1,1,1,1,1,1,1,0.903225806451613,0.887096774193548,0.887096774193548,0.870967741935484,0.854838709677419,0.82258064516129,0.82258064516129,0.806451612903226,0,0,0,0,0,0,0,0,2172,2.720457,-1.65064837647881
"173",58,58,2,4.34850062626748,12.0048376784406,13.1030727983016,13.9081317221197,15.1770042283016,16.3382710311793,18.7326742195041,19.6649891713184,21.6594900351002,1,1,1,1,1,1,1,1,0.903225806451613,0.887096774193548,0.887096774193548,0.870967741935484,0.854838709677419,0.838709677419355,0.82258064516129,0.806451612903226,0,0,0,0,0,0,0,0,2173,2.572772,-1.77572862626748
"174",58,58,3,4.33111267385771,11.9874497260308,13.0856848458918,13.8907437697099,15.1596162758919,16.3208830787695,18.7152862670944,19.6476012189086,21.6421020826905,1,1,1,1,1,1,1,1,0.933333333333333,0.916666666666667,0.916666666666667,0.9,0.883333333333333,0.866666666666667,0.85,0.833333333333333,0,0,0,0,0,0,0,0,2174,5.237067,0.905954326142291
"175",59,59,1,4.6446922766045,12.3010573318122,13.3992964684656,14.2043583367848,15.473235483865,16.6345065340732,19.0289184799221,19.961236841676,21.9557450003401,1,1,1,1,1,1,1,1,0.903225806451613,0.887096774193548,0.870967741935484,0.870967741935484,0.854838709677419,0.82258064516129,0.82258064516129,0.790322580645161,0,0,0,0,0,0,0,0,2175,2.770056,-1.8746362766045
"176",59,59,2,4.35469655588631,12.0110616110941,13.1093007477474,13.9143626160666,15.1832397631468,16.344510813355,18.7389227592039,19.6712411209578,21.6657492796219,1,1,1,1,1,1,1,1,0.933333333333333,0.916666666666667,0.916666666666667,0.9,0.883333333333333,0.866666666666667,0.85,0.833333333333333,0,0,0,0,0,0,0,0,2176,5.31046,0.955763444113687
"177",59,59,3,4.65331958144046,12.3096846366482,13.4079237733016,14.2129856416208,15.4818627887009,16.6431338389092,19.037545784758,19.969864146512,21.964372305176,1,1,1,1,1,1,1,1,0.982456140350877,0.964912280701754,0.947368421052632,0.947368421052632,0.929824561403509,0.894736842105263,0.894736842105263,0.859649122807018,0,0,0,0,0,0,0,0,2177,10.009116,5.35579641855954
"178",60,60,1,5.20969006153778,12.8682256238913,13.9667761009623,14.7720661967139,16.0413030584753,17.202903318053,19.597994057063,20.5305767222627,22.5256503051431,1,1,1,1,1,1,1,1,0.887096774193548,0.887096774193548,0.870967741935484,0.854838709677419,0.838709677419355,0.82258064516129,0.806451612903226,0.790322580645161,0,0,0,0,0,0,0,0,2178,2.324938,-2.88475206153778
"179",60,60,2,4.30652086253164,11.9650564248852,13.0636069019562,13.8688969977078,15.1381338594691,16.2997341190469,18.6948248580568,19.6274075232566,21.6224811061369,1,1,1,1,1,1,1,1,0.903225806451613,0.887096774193548,0.887096774193548,0.870967741935484,0.854838709677419,0.838709677419355,0.82258064516129,0.806451612903226,0,0,0,0,0,0,0,0,2179,2.451194,-1.85532686253164
"180",60,60,3,4.32136051491732,11.9798960772709,13.0784465543419,13.8837366500935,15.1529735118548,16.3145737714326,18.7096645104425,19.6422471756423,21.6373207585226,1,1,1,1,1,1,1,1,0.903225806451613,0.887096774193548,0.887096774193548,0.870967741935484,0.854838709677419,0.838709677419355,0.82258064516129,0.806451612903226,0,0,0,0,0,0,0,0,2180,2.839381,-1.48197951491732
"181",61,61,1,4.36746845100698,12.0265381648738,13.1251652613449,13.930511522785,15.1998369086232,16.3615181850653,18.7567759718525,19.6894236808766,21.6846364119746,1,1,1,1,1,1,1,1,0.903225806451613,0.887096774193548,0.887096774193548,0.870967741935484,0.854838709677419,0.82258064516129,0.82258064516129,0.806451612903226,0,0,0,0,0,0,0,0,2181,2.837505,-1.52996345100698
"182",61,61,2,4.36724879925798,12.0263185131248,13.1249456095959,13.930291871036,15.1996172568742,16.3612985333163,18.7565563201035,19.6892040291276,21.6844167602256,1,1,1,1,1,1,1,1,0.903225806451613,0.887096774193548,0.887096774193548,0.870967741935484,0.854838709677419,0.82258064516129,0.82258064516129,0.806451612903226,0,0,0,0,0,0,0,0,2182,2.79754,-1.56970879925798
"183",61,61,3,4.36256949107641,12.0216392049433,13.1202663014143,13.9256125628545,15.1949379486926,16.3566192251347,18.7518770119219,19.684524720946,21.679737452044,1,1,1,1,1,1,1,1,0.918032786885246,0.901639344262295,0.901639344262295,0.885245901639344,0.868852459016393,0.836065573770492,0.836065573770492,0.819672131147541,0,0,0,0,0,0,0,0,2183,3.309509,-1.05306049107641
"184",62,62,1,4.41639907149618,12.0682735341796,13.165868534298,13.9704582196973,15.2385911480536,16.399181092403,18.7921886736079,19.7239602142744,21.7172985588867,1,1,1,1,1,1,1,1,0.903225806451613,0.887096774193548,0.887096774193548,0.870967741935484,0.854838709677419,0.82258064516129,0.82258064516129,0.806451612903226,0,0,0,0,0,0,0,0,2184,2.813157,-1.60324207149618
"185",62,62,2,4.35772601081297,12.0096004734964,13.1071954736148,13.9117851590141,15.1799180873704,16.3405080317198,18.7335156129247,19.6652871535912,21.6586254982035,1,1,1,1,1,1,1,1,0.903225806451613,0.887096774193548,0.887096774193548,0.870967741935484,0.854838709677419,0.838709677419355,0.82258064516129,0.806451612903226,0,0,0,0,0,0,0,0,2185,2.586839,-1.77088701081297
"186",62,62,3,4.33097328341849,11.9828477461019,13.0804427462203,13.8850324316196,15.1531653599759,16.3137553043253,18.7067628855302,19.6385344261967,21.631872770809,1,1,1,1,1,1,1,1,0.903225806451613,0.887096774193548,0.887096774193548,0.870967741935484,0.854838709677419,0.838709677419355,0.82258064516129,0.806451612903226,0,0,0,0,0,0,0,0,2186,3.058745,-1.27222828341849
"187",63,63,1,4.38728305039097,12.0394115969427,13.1370430431875,13.9416594453423,15.2098344826121,16.3704629648628,18.7635500069405,19.6953524874922,21.6887570217839,1,1,1,1,1,1,1,1,0.903225806451613,0.887096774193548,0.887096774193548,0.870967741935484,0.854838709677419,0.82258064516129,0.82258064516129,0.806451612903226,0,0,0,0,0,0,0,0,2187,3.066923,-1.32036005039097
"188",63,63,2,4.38825117740826,12.04037972396,13.1380111702048,13.9426275723596,15.2108026096294,16.3714310918801,18.7645181339578,19.6963206145095,21.6897251488012,1,1,1,1,1,1,1,1,0.918032786885246,0.901639344262295,0.901639344262295,0.885245901639344,0.868852459016393,0.836065573770492,0.836065573770492,0.819672131147541,0,0,0,0,0,0,0,0,2188,3.516088,-0.872163177408258
"189",63,63,3,4.44142417468411,12.0935527212358,13.1911841674806,13.9958005696355,15.2639756069053,16.4246040891559,18.8176911312337,19.7494936117853,21.742898146077,1,1,1,1,1,1,1,1,0.96551724137931,0.948275862068966,0.948275862068966,0.931034482758621,0.913793103448276,0.879310344827586,0.879310344827586,0.862068965517241,0,0,0,0,0,0,0,0,2189,8.285191,3.84376682531589
"190",64,64,1,5.00779493279222,12.6607808634693,13.7585352940278,14.5632418495728,15.8315589797437,16.9923175048223,19.38567268077,20.3175795652989,22.3112074509618,1,1,1,1,1,1,1,1,0.901639344262295,0.901639344262295,0.885245901639344,0.868852459016393,0.868852459016393,0.836065573770492,0.819672131147541,0.80327868852459,0,0,0,0,0,0,0,0,2190,3.582951,-1.42484393279222
"191",64,64,2,4.45183899392432,12.1048249246014,13.2025793551599,14.0072859107049,15.2756030408758,16.4363615659544,18.8297167419021,19.761623626431,21.7552515120939,0,0,0,0,0,0,0,0,0,0,0,0,0,0,0,0,0,0,0,0,0,0,0,0,2191,32.321004,27.8691650060757
"192",64,64,3,7.84960074935374,15.5025866800308,16.6003411105893,17.4050476661343,18.6733647963052,19.8341233213838,22.2274784973315,23.1593853818605,25.1530132675233,1,1,1,1,1,1,1,1,0.885245901639344,0.868852459016393,0.852459016393443,0.852459016393443,0.836065573770492,0.80327868852459,0.80327868852459,0.770491803278688,1,1,1,1,1,1,1,1,2192,3.384999,-4.46460174935374
"193",65,65,1,4.44668522467134,12.1692500054394,13.2769849183419,14.0890076452876,15.3688559671094,16.5401677904875,18.9552826955801,19.8956622220301,21.907415625896,1,1,1,1,1,1,1,1,0.903225806451613,0.887096774193548,0.870967741935484,0.870967741935484,0.854838709677419,0.82258064516129,0.82258064516129,0.790322580645161,1,1,1,1,1,1,1,1,2193,3.009195,-1.43749022467134
"194",65,65,2,4.40373876531715,12.1263035460852,13.2340384589878,14.0460611859334,15.3259095077552,16.4972213311333,18.9123362362259,19.8527157626759,21.8644691665418,1,1,1,1,1,1,1,1,0.903225806451613,0.887096774193548,0.887096774193548,0.870967741935484,0.854838709677419,0.82258064516129,0.82258064516129,0.806451612903226,0,0,0,0,0,0,0,0,2194,2.748908,-1.65483076531715
"195",65,65,3,4.37399345907792,12.096558239846,13.2042931527485,14.0163158796942,15.296164201516,16.4674760248941,18.8825909299867,19.8229704564367,21.8347238603025,1,1,1,1,1,1,1,1,0.903225806451613,0.887096774193548,0.887096774193548,0.870967741935484,0.854838709677419,0.82258064516129,0.82258064516129,0.806451612903226,0,0,0,0,0,0,0,0,2195,2.857245,-1.51674845907792
"196",66,66,1,4.37786028306121,12.0866589906592,13.192419279807,14.0029945129999,15.280561405511,16.4497852743399,18.8605950490204,19.7992982757259,21.8074655724701,1,1,1,1,1,1,1,1,0.903225806451613,0.887096774193548,0.887096774193548,0.870967741935484,0.854838709677419,0.82258064516129,0.82258064516129,0.806451612903226,0,0,0,0,0,0,0,0,2196,2.672825,-1.70503528306121
"197",66,66,2,4.35645256193512,12.0652512695332,13.1710115586809,13.9815867918738,15.2591536843849,16.4283775532138,18.8391873278943,19.7778905545998,21.786057851344,1,1,1,1,1,1,1,1,0.903225806451613,0.887096774193548,0.887096774193548,0.870967741935484,0.854838709677419,0.82258064516129,0.82258064516129,0.806451612903226,0,0,0,0,0,0,0,0,2197,3.053643,-1.30280956193512
"198",66,66,3,4.400658426504,12.109457134102,13.2152174232498,14.0257926564427,15.3033595489538,16.4725834177827,18.8833931924632,19.8220964191687,21.8302637159129,1,1,1,1,1,1,1,1,0.918032786885246,0.901639344262295,0.901639344262295,0.885245901639344,0.868852459016393,0.836065573770492,0.836065573770492,0.819672131147541,0,0,0,0,0,0,0,0,2198,3.154252,-1.246406426504
"199",67,67,1,4.41259253889714,12.1211700366015,13.2268985951093,14.037450568224,15.3149807999729,16.4841711170258,18.89491171167,19.8335880015662,21.841697672409,1,1,1,1,1,1,1,1,0.903225806451613,0.887096774193548,0.887096774193548,0.870967741935484,0.854838709677419,0.82258064516129,0.82258064516129,0.806451612903226,0,0,0,0,0,0,0,0,2199,2.559739,-1.85285353889714
"200",67,67,2,4.34372535938128,12.0523028570857,13.1580314155935,13.9685833887082,15.2461136204571,16.4153039375099,18.8260445321542,19.7647208220503,21.7728304928931,1,1,1,1,1,1,1,1,0.903225806451613,0.887096774193548,0.887096774193548,0.870967741935484,0.854838709677419,0.82258064516129,0.82258064516129,0.806451612903226,0,0,0,0,0,0,0,0,2200,2.558943,-1.78478235938128
"201",67,67,3,4.34363315235654,12.0522106500609,13.1579392085687,13.9684911816834,15.2460214134323,16.4152117304852,18.8259523251294,19.7646286150256,21.7727382858684,1,1,1,1,1,1,1,1,0.903225806451613,0.887096774193548,0.887096774193548,0.870967741935484,0.854838709677419,0.82258064516129,0.82258064516129,0.806451612903226,0,0,0,0,0,0,0,0,2201,2.762245,-1.58138815235654
"202",68,68,1,4.36702552920189,12.0755475233041,13.1812681203017,13.9918142572483,15.2693352904739,16.4385171890767,18.8492404258119,19.7879099570143,21.796005168987,1,1,1,1,1,1,1,1,0.918032786885246,0.901639344262295,0.901639344262295,0.885245901639344,0.868852459016393,0.836065573770492,0.836065573770492,0.819672131147541,0,0,0,0,0,0,0,0,2202,3.158093,-1.20893252920189
"203",68,68,2,4.41297831168715,12.1215003057893,13.227220902787,14.0377670397336,15.3152880729591,16.484469971562,18.8951932082972,19.8338627394995,21.8419579514723,1,1,1,1,1,1,1,1,0.903225806451613,0.887096774193548,0.887096774193548,0.870967741935484,0.854838709677419,0.82258064516129,0.82258064516129,0.806451612903226,0,0,0,0,0,0,0,0,2203,2.321078,-2.09190031168715
"204",68,68,3,4.31581180274458,12.0243337968468,13.1300543938444,13.940600530791,15.2181215640166,16.3873034626194,18.7980266993546,19.7366962305569,21.7447914425297,1,1,1,1,1,1,1,1,0.903225806451613,0.887096774193548,0.887096774193548,0.870967741935484,0.854838709677419,0.82258064516129,0.82258064516129,0.806451612903226,0,0,0,0,0,0,0,0,2204,3.015482,-1.30032980274458
"205",69,69,1,4.39750645791893,12.1058510481446,13.2115461980954,14.0220736811383,15.2995653135029,16.4687203045609,18.8793880609268,19.8180359895944,21.8260849872767,1,1,1,1,1,1,1,1,0.903225806451613,0.887096774193548,0.887096774193548,0.870967741935484,0.854838709677419,0.82258064516129,0.82258064516129,0.806451612903226,0,0,0,0,0,0,0,0,2205,2.889487,-1.50801945791893
"206",69,69,2,4.38290855831086,12.0912531485365,13.1969482984874,14.0074757815303,15.2849674138948,16.4541224049529,18.8647901613187,19.8034380899864,21.8114870876686,1,1,1,1,1,1,1,1,0.903225806451613,0.887096774193548,0.887096774193548,0.870967741935484,0.854838709677419,0.82258064516129,0.82258064516129,0.806451612903226,0,0,0,0,0,0,0,0,2206,2.381345,-2.00156355831086
"207",69,69,3,4.3240347466307,12.0323793368564,13.1380744868072,13.9486019698501,15.2260936022147,16.3952485932727,18.8059163496386,19.7445642783062,21.7526132759884,1,1,1,1,1,1,1,1,0.903225806451613,0.887096774193548,0.887096774193548,0.870967741935484,0.854838709677419,0.82258064516129,0.82258064516129,0.806451612903226,0,0,0,0,0,0,0,0,2207,2.557424,-1.7666107466307
"208",70,70,1,4.33544883351862,12.0308455058237,13.1346833892915,13.9438494070807,15.2191952016968,16.3863863310354,18.7930048226236,19.7300760786096,21.7347521012907,1,1,1,1,1,1,1,1,0.918032786885246,0.901639344262295,0.901639344262295,0.885245901639344,0.868852459016393,0.836065573770492,0.836065573770492,0.819672131147541,0,0,0,0,0,0,0,0,2208,3.157262,-1.17818683351862
"209",70,70,2,4.4059170229544,12.1013136952594,13.2051515787273,14.0143175965165,15.2896633911326,16.4568545204712,18.8634730120594,19.8005442680453,21.8052202907265,1,1,1,1,1,1,1,1,0.918032786885246,0.901639344262295,0.901639344262295,0.885245901639344,0.868852459016393,0.836065573770492,0.836065573770492,0.819672131147541,0,0,0,0,0,0,0,0,2209,3.317771,-1.0881460229544
"210",70,70,3,4.42477341187632,12.1201700841814,13.2240079676492,14.0331739854384,15.3085197800545,16.4757109093931,18.8823294009813,19.8194006569673,21.8240766796484,1,1,1,1,1,1,1,1,0.903225806451613,0.887096774193548,0.887096774193548,0.870967741935484,0.854838709677419,0.82258064516129,0.82258064516129,0.806451612903226,0,0,0,0,0,0,0,0,2210,2.773223,-1.65155041187632
"211",71,71,1,4.36015100552375,12.0553107783114,13.1591146805989,13.968255788556,15.2435623221936,16.4107175200492,18.8172619249095,19.7543043335549,21.7589186431362,1,1,1,1,1,1,1,1,0.903225806451613,0.887096774193548,0.887096774193548,0.870967741935484,0.854838709677419,0.82258064516129,0.82258064516129,0.806451612903226,0,0,0,0,0,0,0,0,2211,3.097772,-1.26237900552375
"212",71,71,2,4.39822925108204,12.0933890238697,13.1971929261572,14.0063340341143,15.2816405677519,16.4487957656074,18.8553401704677,19.7923825791131,21.7969968886945,1,1,1,1,1,1,1,1,0.903225806451613,0.887096774193548,0.887096774193548,0.870967741935484,0.854838709677419,0.82258064516129,0.82258064516129,0.806451612903226,0,0,0,0,0,0,0,0,2212,2.713153,-1.68507625108204
"213",71,71,3,4.3531031939123,12.0482629666999,13.1520668689874,13.9612079769446,15.2365145105822,16.4036697084377,18.810214113298,19.7472565219434,21.7518708315248,1,1,1,1,1,1,1,1,0.949152542372881,0.932203389830508,0.932203389830508,0.915254237288136,0.898305084745763,0.864406779661017,0.864406779661017,0.847457627118644,0,0,0,0,0,0,0,0,2213,6.846541,2.4934378060877
"214",72,72,1,4.84074010265996,12.5360436187825,13.6398681398042,14.4490243622807,15.7243547182715,16.891531718245,19.2981210766512,20.2351809889749,22.2398327441655,1,1,1,1,1,1,1,1,0.887096774193548,0.887096774193548,0.870967741935484,0.854838709677419,0.854838709677419,0.82258064516129,0.82258064516129,0.790322580645161,0,0,0,0,0,0,0,0,2214,3.068025,-1.77271510265996
"215",72,72,2,4.39811347028523,12.0934169864078,13.1972415074295,14.006397729906,15.2817280858968,16.4489050858702,18.8554944442765,19.7925543566001,21.7972061117908,1,1,1,1,1,1,1,1,0.918032786885246,0.901639344262295,0.901639344262295,0.885245901639344,0.868852459016393,0.836065573770492,0.836065573770492,0.819672131147541,0,0,0,0,0,0,0,0,2215,3.911915,-0.48619847028523
"216",72,72,3,4.49696926149922,12.1922727776218,13.2960972986435,14.10525352112,15.3805838771108,16.5477608770842,18.9543502354905,19.8914101478141,21.8960619030048,1,1,1,1,1,1,1,1,0.918032786885246,0.901639344262295,0.885245901639344,0.885245901639344,0.868852459016393,0.836065573770492,0.836065573770492,0.80327868852459,0,0,0,0,0,0,0,0,2216,3.341981,-1.15498826149922
"217",73,73,1,4.43129264160871,12.1261665319477,13.2299294268784,14.0390404744797,15.3142996292759,16.4814114662142,18.8878664656784,19.8248740623139,21.8294138985817,1,1,1,1,1,1,1,1,0.903225806451613,0.887096774193548,0.887096774193548,0.870967741935484,0.854838709677419,0.82258064516129,0.82258064516129,0.806451612903226,0,0,0,0,0,0,0,0,2217,2.842735,-1.58855764160871
"218",73,73,2,4.37285587328675,12.0677297636258,13.1714926585565,13.9806037061577,15.2558628609539,16.4229746978922,18.8294296973565,19.766437293992,21.7709771302597,1,1,1,1,1,1,1,1,0.903225806451613,0.887096774193548,0.887096774193548,0.870967741935484,0.854838709677419,0.82258064516129,0.82258064516129,0.806451612903226,0,0,0,0,0,0,0,0,2218,2.82409,-1.54876587328675
"219",73,73,3,4.37067347513962,12.0655473654786,13.1693102604093,13.9784213080106,15.2536804628068,16.4207922997451,18.8272472992093,19.7642548958448,21.7687947321126,1,1,1,1,1,1,1,1,0.903225806451613,0.887096774193548,0.887096774193548,0.870967741935484,0.854838709677419,0.82258064516129,0.82258064516129,0.806451612903226,0,0,0,0,0,0,0,0,2219,2.994365,-1.37630847513962
"220",74,74,1,4.3835023291239,12.0655632600839,13.1674882471635,13.9752520203151,15.2483877038262,16.4135561487388,18.8160040896606,19.7514514475652,21.7526534659737,1,1,1,1,1,1,1,1,0.903225806451613,0.887096774193548,0.887096774193548,0.870967741935484,0.854838709677419,0.82258064516129,0.82258064516129,0.806451612903226,0,0,0,0,0,0,0,0,2220,2.944911,-1.4385913291239
"221",74,74,2,4.37763259515622,12.0596935261163,13.1616185131958,13.9693822863474,15.2425179698585,16.4076864147711,18.8101343556929,19.7455817135975,21.746783732006,1,1,1,1,1,1,1,1,0.918032786885246,0.901639344262295,0.901639344262295,0.885245901639344,0.868852459016393,0.836065573770492,0.836065573770492,0.819672131147541,0,0,0,0,0,0,0,0,2221,3.332537,-1.04509559515622
"222",74,74,3,4.42364022849136,12.1057011594514,13.207626146531,14.0153899196825,15.2885256031937,16.4536940481063,18.8561419890281,19.7915893469326,21.7927913653411,1,1,1,1,1,1,1,1,0.903225806451613,0.887096774193548,0.887096774193548,0.870967741935484,0.854838709677419,0.82258064516129,0.82258064516129,0.806451612903226,0,0,0,0,0,0,0,0,2222,2.91245,-1.51119022849136
"223",75,75,1,4.37439657374486,12.0559326701671,13.1577823742859,13.9654909614229,15.2385396649447,16.4036285061353,18.8059123130225,19.7412957616342,21.7423610589276,1,1,1,1,1,1,1,1,0.918032786885246,0.901639344262295,0.901639344262295,0.885245901639344,0.868852459016393,0.836065573770492,0.836065573770492,0.819672131147541,0,0,0,0,0,0,0,0,2223,3.944461,-0.429935573744859
"224",75,75,2,4.49636673086317,12.1779028272854,13.2797525314042,14.0874611185412,15.360509822063,16.5255986632536,18.9278824701408,19.8632659187525,21.8643312160459,1,1,1,1,1,1,1,1,0.949152542372881,0.932203389830508,0.915254237288136,0.915254237288136,0.898305084745763,0.864406779661017,0.864406779661017,0.847457627118644,0,0,0,0,0,0,0,0,2224,7.507159,3.01079226913683
"225",75,75,3,4.9174308811727,12.5989669775949,13.7008166817137,14.5085252688507,15.7815739723725,16.9466628135632,19.3489466204503,20.284330069062,22.2853953663555,0,0,1,1,1,1,1,1,0,0,1,0.981481481481482,0.981481481481482,0.944444444444444,0.944444444444444,0.907407407407407,0,0,0,0,0,0,0,0,2225,14.816294,9.8988631188273
"226",76,76,1,5.79398406519377,13.4839977862118,14.5870635320227,15.3956635359412,16.6701172226415,17.8364918985523,20.2414269538397,21.1778427258866,23.1811164721373,1,1,1,1,1,1,1,1,0.916666666666667,0.9,0.9,0.883333333333333,0.866666666666667,0.85,0.833333333333333,0.816666666666667,1,1,0,0,0,0,0,0,2226,5.918333,0.124348934806228
"227",76,76,2,4.73996293077185,12.4299766517898,13.5330423976008,14.3416424015193,15.6160960882196,16.7824707641304,19.1874058194178,20.1238215914647,22.1270953377153,1,1,1,1,1,1,1,1,0.903225806451613,0.887096774193548,0.870967741935484,0.870967741935484,0.854838709677419,0.82258064516129,0.82258064516129,0.790322580645161,1,1,0,0,0,0,0,0,2227,2.874059,-1.86590393077185
"228",76,76,3,4.37934895022382,12.0693626712418,13.1724284170527,13.9810284209713,15.2554821076716,16.4218567835823,18.8267918388698,19.7632076109166,21.7664813571673,1,1,1,1,1,1,1,1,0.903225806451613,0.887096774193548,0.887096774193548,0.870967741935484,0.854838709677419,0.82258064516129,0.82258064516129,0.806451612903226,0,0,0,0,0,0,0,0,2228,2.679792,-1.69955695022382
"229",77,77,1,4.35726120180661,12.0469444326381,13.1499627724993,13.958528025587,15.2329269406767,16.3992514898389,18.8040831893375,19.7404587174739,21.7436463699492,1,1,1,1,1,1,1,1,0.918032786885246,0.901639344262295,0.901639344262295,0.885245901639344,0.868852459016393,0.836065573770492,0.836065573770492,0.819672131147541,0,0,0,0,0,0,0,0,2229,3.230465,-1.12679620180661
"230",77,77,2,4.42248218386447,12.112165414696,13.2151837545571,14.0237490076449,15.2981479227346,16.4644724718968,18.8693041713953,19.8056796995318,21.8088673520071,1,1,1,1,1,1,1,1,0.918032786885246,0.901639344262295,0.901639344262295,0.885245901639344,0.868852459016393,0.836065573770492,0.836065573770492,0.819672131147541,0,0,0,0,0,0,0,0,2230,4.234537,-0.18794518386447
"231",77,77,3,4.54140314402922,12.2310863748607,13.3341047147219,14.1426699678096,15.4170688828993,16.5833934320615,18.9882251315601,19.9246006596965,21.9277883121718,1,1,1,1,1,1,1,1,0.918032786885246,0.901639344262295,0.885245901639344,0.885245901639344,0.868852459016393,0.836065573770492,0.836065573770492,0.80327868852459,0,0,0,0,0,0,0,0,2231,3.213745,-1.32765814402922
"232",78,78,1,4.41016906915039,12.0759446219566,13.1755336128402,13.9815849889381,15.2520217227489,16.4147201002006,18.8120750363201,19.7455393177946,21.7424989418867,1,1,1,1,1,1,1,1,0.918032786885246,0.901639344262295,0.901639344262295,0.885245901639344,0.868852459016393,0.836065573770492,0.836065573770492,0.819672131147541,0,0,0,0,0,0,0,0,2232,3.586331,-0.823838069150391
"233",78,78,2,4.45510146044902,12.1208770132552,13.2204660041388,14.0265173802367,15.2969541140476,16.4596524914993,18.8570074276188,19.7904717090932,21.7874313331853,1,1,1,1,1,1,1,1,0.918032786885246,0.901639344262295,0.901639344262295,0.885245901639344,0.868852459016393,0.836065573770492,0.836065573770492,0.819672131147541,0,0,0,0,0,0,0,0,2233,4.343774,-0.111327460449016
"234",78,78,3,4.54644607689302,12.2122216296992,13.3118106205828,14.1178619966807,15.3882987304916,16.5509971079433,18.9483520440628,19.8818163255372,21.8787759496293,1,1,1,1,1,1,1,1,0.918032786885246,0.901639344262295,0.885245901639344,0.885245901639344,0.868852459016393,0.836065573770492,0.836065573770492,0.80327868852459,0,0,0,0,0,0,0,0,2234,3.407077,-1.13936907689302
"235",79,79,1,4.43748874864395,12.102449618512,13.2019217501967,14.0078874629069,15.2781891806161,16.4407639918971,18.8378641482947,19.7712292255311,21.7679766220511,1,1,1,1,1,1,1,1,0.918032786885246,0.901639344262295,0.901639344262295,0.885245901639344,0.868852459016393,0.836065573770492,0.836065573770492,0.819672131147541,0,0,0,0,0,0,0,0,2235,4.38712,-0.0503687486439466
"236",79,79,2,4.55554687880513,12.2205077486732,13.3199798803579,14.125945593068,15.3962473107773,16.5588221220583,18.9559222784559,19.8892873556923,21.8860347522122,1,1,1,1,1,1,1,1,0.903225806451613,0.887096774193548,0.870967741935484,0.870967741935484,0.854838709677419,0.82258064516129,0.82258064516129,0.790322580645161,0,0,0,0,0,0,0,0,2236,2.665413,-1.89013387880513
"237",79,79,3,4.34814627586687,12.0131071457349,13.1125792774196,13.9185449901298,15.188846707839,16.35142151912,18.7485216755177,19.681886752754,21.678634149274,1,1,1,1,1,1,1,1,0.933333333333333,0.916666666666667,0.916666666666667,0.9,0.883333333333333,0.866666666666667,0.85,0.833333333333333,0,0,0,0,0,0,0,0,2237,5.749854,1.40170772413313
"238",80,80,1,4.72042798724328,12.3850293888287,13.4844499579072,14.2903778727583,15.5606200163634,16.7231403056738,19.1201280438229,20.0534493484755,22.0501031023312,1,1,1,1,1,1,1,1,0.918032786885246,0.901639344262295,0.885245901639344,0.885245901639344,0.868852459016393,0.836065573770492,0.836065573770492,0.80327868852459,0,0,0,0,0,0,0,0,2238,3.326672,-1.39375598724328
"239",80,80,2,4.42940740420146,12.0940088057869,13.1934293748654,13.9993572897164,15.2695994333216,16.432119722632,18.8291074607811,19.7624287654337,21.7590825192894,1,1,1,1,1,1,1,1,0.918032786885246,0.901639344262295,0.901639344262295,0.885245901639344,0.868852459016393,0.836065573770492,0.836065573770492,0.819672131147541,0,0,0,0,0,0,0,0,2239,3.841775,-0.587632404201462
"240",80,80,3,4.49127051451946,12.1558719161049,13.2552924851834,14.0612204000344,15.3314625436396,16.49398283295,18.8909705710991,19.8242918757517,21.8209456296074,1,1,1,1,1,1,1,1,0.903225806451613,0.887096774193548,0.887096774193548,0.870967741935484,0.854838709677419,0.82258064516129,0.82258064516129,0.806451612903226,0,0,0,0,0,0,0,0,2240,2.915343,-1.57592751451946
"241",81,81,1,4.37911584027294,12.0439356521982,13.1433875503449,13.9493384309029,15.2196167713047,16.3821701877718,18.7792262304391,19.7125741309984,21.7092847814625,1,1,1,1,1,1,1,1,0.903225806451613,0.887096774193548,0.887096774193548,0.870967741935484,0.854838709677419,0.82258064516129,0.82258064516129,0.806451612903226,0,0,0,0,0,0,0,0,2241,2.723571,-1.65554484027294
"242",81,81,2,4.35607761084423,12.0208974227695,13.1203493209162,13.9263002014742,15.196578541876,16.3591319583431,18.7561880010104,19.6895359015697,21.6862465520338,1,1,1,1,1,1,1,1,0.918032786885246,0.901639344262295,0.901639344262295,0.885245901639344,0.868852459016393,0.836065573770492,0.836065573770492,0.819672131147541,0,0,0,0,0,0,0,0,2242,4.572874,0.216796389155768
"243",81,81,3,4.57824073579048,12.2430605477157,13.3425124458624,14.1484633264205,15.4187416668222,16.5812950832894,18.9783511259567,19.9116990265159,21.9084096769801,1,1,1,1,1,1,1,1,0.918032786885246,0.901639344262295,0.885245901639344,0.885245901639344,0.868852459016393,0.836065573770492,0.836065573770492,0.80327868852459,0,0,0,0,0,0,0,0,2243,3.220346,-1.35789473579048
"244",82,82,1,4.410937643598,12.0689457692819,13.1674205901389,13.9726552262634,15.2418046767883,16.4033249379685,18.7982507291666,19.730769168211,21.7257053521124,1,1,1,1,1,1,1,1,0.918032786885246,0.901639344262295,0.901639344262295,0.885245901639344,0.868852459016393,0.836065573770492,0.836065573770492,0.819672131147541,0,0,0,0,0,0,0,0,2244,3.691625,-0.719312643597998
"245",82,82,2,4.46791529388232,12.1259234195662,13.2243982404232,14.0296328765477,15.2987823270726,16.4603025882528,18.8552283794509,19.7877468184953,21.7826830023967,1,1,1,1,1,1,1,1,0.903225806451613,0.887096774193548,0.887096774193548,0.870967741935484,0.854838709677419,0.82258064516129,0.82258064516129,0.806451612903226,0,0,0,0,0,0,0,0,2245,2.784652,-1.68326329388232
"246",82,82,3,4.35826222126223,12.0162703469461,13.1147451678032,13.9199798039277,15.1891292544525,16.3506495156327,18.7455753068308,19.6780937458752,21.6730299297766,1,1,1,1,1,1,1,1,0.918032786885246,0.901639344262295,0.901639344262295,0.885245901639344,0.868852459016393,0.852459016393443,0.836065573770492,0.819672131147541,0,0,0,0,0,0,0,0,2246,3.180169,-1.17809322126223
"247",83,83,1,4.40582657410309,12.0639541704814,13.162446128373,13.9676933267642,15.2368625769764,16.3984009587475,18.7933641125917,19.725897099626,21.7208644060344,1,1,1,1,1,1,1,1,0.903225806451613,0.887096774193548,0.887096774193548,0.870967741935484,0.854838709677419,0.82258064516129,0.82258064516129,0.806451612903226,0,0,0,0,0,0,0,0,2247,3.025425,-1.38040157410309
"248",83,83,2,4.3871195616796,12.0452471580579,13.1437391159495,13.9489863143408,15.2181555645529,16.379693946324,18.7746571001682,19.7071900872025,21.7021573936109,1,1,1,1,1,1,1,1,0.933333333333333,0.916666666666667,0.916666666666667,0.9,0.883333333333333,0.85,0.85,0.833333333333333,0,0,0,0,0,0,0,0,2248,5.174217,0.7870974383204
"249",83,83,3,4.64688716907953,12.3050147654578,13.4035067233494,14.2087539217407,15.4779231719528,16.639461553724,19.0344247075681,19.9669576946025,21.9619250010108,1,1,1,1,1,1,1,1,0.933333333333333,0.916666666666667,0.9,0.9,0.883333333333333,0.85,0.85,0.816666666666667,0,0,0,0,0,0,0,0,2249,6.157716,1.51082883092047
"250",84,84,1,4.76964877565013,12.427622270739,13.5260921241377,14.3313231188773,15.600466830129,16.7619818387505,19.1568967997557,20.0894110218199,22.0843381843379,1,1,1,1,1,1,1,1,0.918032786885246,0.901639344262295,0.885245901639344,0.885245901639344,0.868852459016393,0.836065573770492,0.836065573770492,0.80327868852459,0,0,0,0,0,0,0,0,2250,3.403785,-1.36586377565013
"251",84,84,2,4.43692395323288,12.0948974483217,13.1933673017204,13.9985982964601,15.2677420077118,16.4292570163332,18.8241719773384,19.7566861994026,21.7516133619206,1,1,1,1,1,1,1,1,0.903225806451613,0.887096774193548,0.887096774193548,0.870967741935484,0.854838709677419,0.82258064516129,0.82258064516129,0.806451612903226,0,0,0,0,0,0,0,0,2251,2.87302,-1.56390395323288
"252",84,84,3,4.37279791290351,12.0307714079924,13.129241261391,13.9344722561307,15.2036159673824,16.3651309760039,18.7600459370091,19.6925601590732,21.6874873215913,1,1,1,1,1,1,1,1,0.918032786885246,0.901639344262295,0.901639344262295,0.885245901639344,0.868852459016393,0.836065573770492,0.836065573770492,0.819672131147541,0,0,0,0,0,0,0,0,2252,3.846111,-0.526686912903508
"253",85,85,1,4.49010138725992,12.1481828778239,13.2466682222365,14.051910572631,15.3210721818002,16.4826035705208,18.8775523054715,19.810079678184,21.8050349738768,1,1,1,1,1,1,1,1,0.903225806451613,0.887096774193548,0.887096774193548,0.870967741935484,0.854838709677419,0.82258064516129,0.82258064516129,0.806451612903226,0,0,0,0,0,0,0,0,2253,3.11696,-1.37314138725992
"254",85,85,2,4.40201316252365,12.0600946530876,13.1585799975002,13.9638223478947,15.2329839570639,16.3945153457845,18.7894640807352,19.7219914534477,21.7169467491405,1,1,1,1,1,1,1,1,0.918032786885246,0.901639344262295,0.901639344262295,0.885245901639344,0.868852459016393,0.836065573770492,0.836065573770492,0.819672131147541,0,0,0,0,0,0,0,0,2254,3.501273,-0.900740162523647
"255",85,85,3,4.44844174852719,12.1065232390912,13.2050085835037,14.0102509338982,15.2794125430675,16.4409439317881,18.8358926667387,19.7684200394513,21.7633753351441,1,1,1,1,1,1,1,1,0.903225806451613,0.887096774193548,0.887096774193548,0.870967741935484,0.854838709677419,0.82258064516129,0.82258064516129,0.806451612903226,0,0,0,0,0,0,0,0,2255,2.648113,-1.80032874852719
"256",86,86,1,4.33851156324914,11.9911153281558,13.0888149403503,13.89348131141,15.1617351058584,16.3224356663491,18.7156713257534,19.6475316738172,21.6410600040459,1,1,1,1,1,1,1,1,0.918032786885246,0.901639344262295,0.901639344262295,0.885245901639344,0.868852459016393,0.852459016393443,0.836065573770492,0.819672131147541,0,0,0,0,0,0,0,0,2256,3.35813,-0.980381563249135
"257",86,86,2,4.42498902393017,12.0775927888368,13.1752924010313,13.979958772091,15.2482125665394,16.4089131270301,18.8021487864344,19.7340091344983,21.727537464727,1,1,1,1,1,1,1,1,0.933333333333333,0.916666666666667,0.916666666666667,0.9,0.883333333333333,0.85,0.85,0.833333333333333,0,0,0,0,0,0,0,0,2257,5.004299,0.579309976069834
"258",86,86,3,4.62548635705294,12.2780901219595,13.3757897341541,14.1804561052138,15.4487098996622,16.6094104601529,19.0026461195572,19.934506467621,21.9280347978497,1,1,1,1,1,1,1,1,0.918032786885246,0.901639344262295,0.885245901639344,0.885245901639344,0.868852459016393,0.836065573770492,0.836065573770492,0.80327868852459,0,0,0,0,0,0,0,0,2258,3.210679,-1.41480735705293
"259",87,87,1,4.39999243036771,12.0392689905822,13.1350569308973,13.9383219549429,15.2043670530522,16.3630462239047,18.7521140023512,19.682351491845,21.6724080416271,1,1,1,1,1,1,1,1,0.918032786885246,0.901639344262295,0.901639344262295,0.885245901639344,0.868852459016393,0.836065573770492,0.836065573770492,0.819672131147541,0,0,0,0,0,0,0,0,2259,4.154309,-0.245683430367715
"260",87,87,2,4.51787857205165,12.1571551322662,13.2529430725813,14.0562080966268,15.3222531947362,16.4809323655886,18.8700001440351,19.8002376335289,21.790294183311,1,1,1,1,1,1,1,1,0.903225806451613,0.887096774193548,0.887096774193548,0.870967741935484,0.854838709677419,0.82258064516129,0.82258064516129,0.806451612903226,0,0,0,0,0,0,0,0,2260,2.688132,-1.82974657205165
"261",87,87,3,4.33471149432444,11.973988054539,13.069775994854,13.8730410188996,15.139086117009,16.2977652878614,18.6868330663079,19.6170705558017,21.6071271055838,1,1,1,1,1,1,1,1,0.949152542372881,0.932203389830508,0.932203389830508,0.915254237288136,0.898305084745763,0.88135593220339,0.864406779661017,0.847457627118644,0,0,0,0,0,0,0,0,2261,6.747936,2.41322450567556
"262",88,88,1,4.83370321097887,12.4283545030568,13.5177413358492,14.3163140416105,15.5749634653348,16.7268741459675,19.1019860492249,20.0267895035621,22.0052210249215,1,1,1,1,1,1,1,1,0.918032786885246,0.901639344262295,0.885245901639344,0.885245901639344,0.868852459016393,0.836065573770492,0.836065573770492,0.80327868852459,0,0,0,0,0,0,0,0,2262,3.150178,-1.68352521097887
"263",88,88,2,4.38125095044847,11.9759022425264,13.0652890753188,13.8638617810801,15.1225112048044,16.2744218854371,18.6495337886945,19.5743372430317,21.5527687643912,1,1,1,1,1,1,1,1,0.903225806451613,0.887096774193548,0.887096774193548,0.870967741935484,0.854838709677419,0.838709677419355,0.82258064516129,0.806451612903226,0,0,0,0,0,0,0,0,2263,2.944182,-1.43706895044847
"264",88,88,3,4.35534499572327,11.9499962878012,13.0393831205936,13.8379558263549,15.0966052500792,16.2485159307119,18.6236278339693,19.5484312883065,21.526862809666,1,1,1,1,1,1,1,1,0.903225806451613,0.887096774193548,0.887096774193548,0.870967741935484,0.854838709677419,0.838709677419355,0.82258064516129,0.806451612903226,0,0,0,0,0,0,0,0,2264,2.984854,-1.37049099572327
"265",89,89,1,4.36111899479663,11.9558055209334,13.0451974077458,13.8437738183457,15.1024290813543,16.2543451060755,18.6294680282499,19.5542757730513,21.5327164729984,1,1,1,1,1,1,1,1,0.918032786885246,0.901639344262295,0.901639344262295,0.885245901639344,0.868852459016393,0.852459016393443,0.836065573770492,0.819672131147541,0,0,0,0,0,0,0,0,2265,3.240112,-1.12100699479663
"266",89,89,2,4.39314903793488,11.9878355640716,13.077227450884,13.8758038614839,15.1344591244925,16.2863751492137,18.6614980713881,19.5863058161895,21.5647465161366,1,1,1,1,1,1,1,1,0.903225806451613,0.887096774193548,0.887096774193548,0.870967741935484,0.854838709677419,0.838709677419355,0.82258064516129,0.806451612903226,0,0,0,0,0,0,0,0,2266,2.736994,-1.65615503793488
"267",89,89,3,4.33001726050331,11.92470378664,13.0140956734525,13.8126720840523,15.071327347061,16.2232433717822,18.5983662939566,19.5231740387579,21.501614738705,1,1,1,1,1,1,1,1,0.903225806451613,0.887096774193548,0.887096774193548,0.870967741935484,0.854838709677419,0.838709677419355,0.82258064516129,0.806451612903226,0,0,0,0,0,0,0,0,2267,3.124853,-1.20516426050331
"268",90,90,1,4.38014991975596,11.9743839456386,13.0637109252157,13.8622397557045,15.120820026569,16.2726674187941,18.647648828383,19.5724014720636,21.5507242942133,1,1,1,1,1,1,1,1,0.903225806451613,0.887096774193548,0.887096774193548,0.870967741935484,0.854838709677419,0.838709677419355,0.82258064516129,0.806451612903226,0,0,0,0,0,0,0,0,2268,2.421789,-1.95836091975596
"269",90,90,2,4.29193598790374,11.8861700137864,12.9754969933635,13.7740258238522,15.0326060947168,16.1844534869418,18.5594348965308,19.4841875402114,21.4625103623611,1,1,1,1,1,1,1,1,0.903225806451613,0.887096774193548,0.887096774193548,0.870967741935484,0.854838709677419,0.838709677419355,0.82258064516129,0.806451612903226,0,0,0,0,0,0,0,0,2269,2.565421,-1.72651498790374
"270",90,90,3,4.30995759541002,11.9041916212927,12.9935186008698,13.7920474313585,15.0506277022231,16.2024750944481,18.5774565040371,19.5022091477177,21.4805319698674,1,1,1,1,1,1,1,1,0.918032786885246,0.901639344262295,0.901639344262295,0.885245901639344,0.868852459016393,0.852459016393443,0.836065573770492,0.819672131147541,0,0,0,0,0,0,0,0,2270,3.586248,-0.723709595410023
"271",91,91,1,4.43805217724046,12.03234173591,13.1216766811835,13.9202113509092,15.1788008251338,16.3306566402353,18.7056554168604,19.6304148227887,21.6087521114112,1,1,1,1,1,1,1,1,0.918032786885246,0.901639344262295,0.901639344262295,0.885245901639344,0.868852459016393,0.852459016393443,0.836065573770492,0.819672131147541,0,0,0,0,0,0,0,0,2271,3.711785,-0.726267177240461
"272",91,91,2,4.45380330655962,12.0480928652291,13.1374278105027,13.9359624802283,15.1945519544529,16.3464077695545,18.7214065461796,19.6461659521079,21.6245032407303,1,1,1,1,1,1,1,1,0.918032786885246,0.901639344262295,0.901639344262295,0.885245901639344,0.868852459016393,0.852459016393443,0.836065573770492,0.819672131147541,0,0,0,0,0,0,0,0,2272,3.733543,-0.720260306559619
"273",91,91,3,4.45653328315398,12.0508228418235,13.140157787097,13.9386924568227,15.1972819310473,16.3491377461489,18.7241365227739,19.6488959287022,21.6272332173247,1,1,1,1,1,1,1,1,0.949152542372881,0.932203389830508,0.932203389830508,0.915254237288136,0.898305084745763,0.88135593220339,0.864406779661017,0.847457627118644,0,0,0,0,0,0,0,0,2273,6.659479,2.20294571684602
"274",92,92,1,4.82569354443834,12.4201062510044,13.5094588607752,14.3080064794231,15.5666163627518,16.71849085618,19.0935281454403,20.0183025471327,21.9966719161854,1,1,1,1,1,1,1,1,0.903225806451613,0.887096774193548,0.870967741935484,0.870967741935484,0.854838709677419,0.82258064516129,0.82258064516129,0.790322580645161,0,0,0,0,0,0,0,0,2274,3.027726,-1.79796754443834
"275",92,92,2,4.37022821845362,11.9646409250196,13.0539935347904,13.8525411534383,15.111151036767,16.2630255301952,18.6380628194555,19.562837221148,21.5412065902006,1,1,1,1,1,1,1,1,0.903225806451613,0.887096774193548,0.887096774193548,0.870967741935484,0.854838709677419,0.838709677419355,0.82258064516129,0.806451612903226,0,0,0,0,0,0,0,0,2275,2.882532,-1.48769621845362
"276",92,92,3,4.35201915177397,11.94643185834,13.0357844681108,13.8343320867587,15.0929419700874,16.2448164635156,18.6198537527759,19.5446281544684,21.522997523521,1,1,1,1,1,1,1,1,0.918032786885246,0.901639344262295,0.901639344262295,0.885245901639344,0.868852459016393,0.852459016393443,0.836065573770492,0.819672131147541,0,0,0,0,0,0,0,0,2276,3.444347,-0.907672151773966
"277",93,93,1,4.42363940302416,12.0177692612933,13.1070812989301,13.9055991762612,15.1641621835936,16.3159937763063,18.6909426090555,19.6156825682078,21.5939782543533,1,1,1,1,1,1,1,1,0.96551724137931,0.948275862068966,0.948275862068966,0.931034482758621,0.913793103448276,0.896551724137931,0.879310344827586,0.862068965517241,0,0,0,0,0,0,0,0,2277,8.766809,4.34316959697584
"278",93,93,2,5.08924760810464,12.6833774663738,13.7726895040106,14.5712073813417,15.8297703886741,16.9816019813868,19.356550814136,20.2812907732883,22.2595864594337,1,1,1,1,1,1,1,1,0.901639344262295,0.901639344262295,0.885245901639344,0.868852459016393,0.868852459016393,0.836065573770492,0.836065573770492,0.80327868852459,0,0,0,0,0,0,0,0,2278,3.318819,-1.77042860810464
"279",93,93,3,4.40794131691902,12.0020711751882,13.0913832128249,13.8899010901561,15.1484640974885,16.3002956902012,18.6752445229503,19.5999844821027,21.5782801682481,1,1,1,1,1,1,1,1,0.918032786885246,0.901639344262295,0.901639344262295,0.885245901639344,0.868852459016393,0.852459016393443,0.836065573770492,0.819672131147541,0,0,0,0,0,0,0,0,2279,3.325926,-1.08201531691902
"280",94,94,1,4.40209951795389,11.9782594701042,13.0649938806242,13.8616222338679,15.117207117372,16.2663131436312,18.6356421610284,19.5581939181668,21.5318083849469,1,1,1,1,1,1,1,1,0.903225806451613,0.887096774193548,0.887096774193548,0.870967741935484,0.854838709677419,0.838709677419355,0.82258064516129,0.806451612903226,0,0,0,0,0,0,0,0,2280,2.784543,-1.61755651795389
"281",94,94,2,4.3335460560794,11.9097060082297,12.9964404187497,13.7930687719935,15.0486536554975,16.1977596817567,18.5670886991539,19.4896404562923,21.4632549230724,1,1,1,1,1,1,1,1,0.903225806451613,0.887096774193548,0.887096774193548,0.870967741935484,0.854838709677419,0.838709677419355,0.82258064516129,0.806451612903226,0,0,0,0,0,0,0,0,2281,3.045151,-1.2883950560794
"282",94,94,3,4.36654594819309,11.9427059003434,13.0294403108634,13.8260686641071,15.0816535476112,16.2307595738704,18.6000885912676,19.522640348406,21.4962548151861,1,1,1,1,1,1,1,1,0.918032786885246,0.901639344262295,0.901639344262295,0.885245901639344,0.868852459016393,0.852459016393443,0.836065573770492,0.819672131147541,0,0,0,0,0,0,0,0,2282,3.479824,-0.88672194819309
"283",95,95,1,4.42254502038877,11.9980902118816,13.0847364403193,13.8813001518748,15.1367831520773,16.2857959351657,18.6549326954996,19.5774095930087,21.5508639126253,1,1,1,1,1,1,1,1,0.903225806451613,0.887096774193548,0.887096774193548,0.870967741935484,0.854838709677419,0.838709677419355,0.82258064516129,0.806451612903226,0,0,0,0,0,0,0,0,2283,2.885989,-1.53655602038877
"284",95,95,2,4.34748815727825,11.9230333487711,13.0096795772088,13.8062432887642,15.0617262889668,16.2107390720552,18.579875832389,19.5023527298982,21.4758070495147,1,1,1,1,1,1,1,1,0.918032786885246,0.901639344262295,0.901639344262295,0.885245901639344,0.868852459016393,0.852459016393443,0.836065573770492,0.819672131147541,0,0,0,0,0,0,0,0,2284,3.533747,-0.813741157278251
"285",95,95,3,4.42936053518583,12.0049057266787,13.0915519551164,13.8881156666718,15.1435986668744,16.2926114499628,18.6617482102966,19.5842251078058,21.5576794274223,1,1,1,1,1,1,1,1,0.949152542372881,0.932203389830508,0.932203389830508,0.915254237288136,0.898305084745763,0.88135593220339,0.864406779661017,0.847457627118644,0,0,0,0,0,0,0,0,2285,6.94683,2.51746946481417
"286",96,96,1,4.86386037724424,12.4395542154929,13.526221766018,14.3228011076844,15.5783087428763,16.7273440718037,19.096527319154,20.0190223174328,21.9925153600158,0,0,1,1,1,1,1,1,0,0,1,1,0.981481481481482,0.944444444444444,0.944444444444444,0.907407407407407,0,0,0,0,0,0,0,0,2286,14.78762,9.92375962275576
"287",96,96,2,5.8531148585872,13.4288086968359,14.515476247361,15.3120555890274,16.5675632242193,17.7165985531467,20.085781800497,21.0082767987757,22.9817698413587,0,0,0,0,0,0,0,0,0,0,0,0,0,0,0,0,1,1,0,0,0,0,0,0,2287,34.765053,28.9119381414128
"288",96,96,3,8.3736217362078,15.9493155744565,17.0359831249816,17.8325624666479,19.0880701018399,20.2371054307673,22.6062886781176,23.5287836763963,25.5022767189793,1,1,1,1,1,1,1,1,0.868852459016393,0.868852459016393,0.852459016393443,0.836065573770492,0.836065573770492,0.80327868852459,0.786885245901639,0.770491803278688,1,1,1,1,1,1,1,1,2288,3.177588,-5.1960337362078
"289",97,97,1,4.40077666326241,12.0610659289707,13.159867959572,13.965342456105,15.2348699563213,16.3967362069956,18.7923753901082,19.7251716044043,21.7207020327489,1,1,1,1,1,1,1,1,0.918032786885246,0.901639344262295,0.901639344262295,0.885245901639344,0.868852459016393,0.836065573770492,0.836065573770492,0.819672131147541,1,1,1,1,1,1,1,1,2289,3.470709,-0.930067663262407
"290",97,97,2,4.43876140024995,12.0990506659583,13.1978526965595,14.0033271930926,15.2728546933088,16.4347209439831,18.8303601270957,19.7631563413918,21.7586867697365,1,1,1,1,1,1,1,1,0.918032786885246,0.901639344262295,0.901639344262295,0.885245901639344,0.868852459016393,0.836065573770492,0.836065573770492,0.819672131147541,0,0,0,0,0,0,0,0,2290,3.742662,-0.696099400249949
"291",97,97,3,4.47400303485809,12.1342923005664,13.2330943311677,14.0385688277007,15.308096327917,16.4699625785913,18.8656017617039,19.7983979759999,21.7939284043446,1,1,1,1,1,1,1,1,0.918032786885246,0.901639344262295,0.901639344262295,0.885245901639344,0.868852459016393,0.836065573770492,0.836065573770492,0.819672131147541,0,0,0,0,0,0,0,0,2291,3.460071,-1.01393203485809
"292",98,98,1,4.43324613173679,12.0895132165522,13.1877383002028,13.9927898669982,15.2616507776018,16.4229069682547,18.8172882753505,19.7495947072141,21.7440773442703,1,1,1,1,1,1,1,1,0.903225806451613,0.887096774193548,0.887096774193548,0.870967741935484,0.854838709677419,0.82258064516129,0.82258064516129,0.806451612903226,0,0,0,0,0,0,0,0,2292,3.107312,-1.32593413173679
"293",98,98,2,4.3872489175205,12.0435160023359,13.1417410859866,13.9467926527819,15.2156535633855,16.3769097540384,18.7712910611342,19.7035974929978,21.698080130054,1,1,1,1,1,1,1,1,0.918032786885246,0.901639344262295,0.901639344262295,0.885245901639344,0.868852459016393,0.836065573770492,0.836065573770492,0.819672131147541,0,0,0,0,0,0,0,0,2293,3.309706,-1.0775429175205
"294",98,98,3,4.41363962668481,12.0699067115002,13.1681317951509,13.9731833619462,15.2420442725498,16.4033004632027,18.7976817702985,19.7299882021621,21.7244708392183,1,1,1,1,1,1,1,1,0.918032786885246,0.901639344262295,0.901639344262295,0.885245901639344,0.868852459016393,0.836065573770492,0.836065573770492,0.819672131147541,0,0,0,0,0,0,0,0,2294,3.938669,-0.474970626684806
"295",99,99,1,4.49524122611232,12.1509639450503,13.2491109441391,14.054105271212,15.3228759649286,16.4840495894643,18.8782606543956,19.810500798628,21.8048416265912,1,1,1,1,1,1,1,1,1,0.982142857142857,0.982142857142857,0.964285714285714,0.946428571428571,0.910714285714286,0.910714285714286,0.892857142857143,0,0,0,0,0,0,0,0,2295,11.098005,6.60276377388768
"296",99,99,2,5.42873491097935,13.0844576299174,14.1826046290061,14.987598956079,16.2563696497956,17.4175432743313,19.8117543392626,20.743994483495,22.7383353114582,1,1,1,1,1,1,1,1,0.901639344262295,0.885245901639344,0.885245901639344,0.868852459016393,0.852459016393443,0.836065573770492,0.819672131147541,0.80327868852459,0,0,0,0,0,0,0,0,2296,3.801257,-1.62747791097935
"297",99,99,3,4.47732430836675,12.1330470273048,13.2311940263935,14.0361883534664,15.304959047183,16.4661326717187,18.86034373665,19.7925838808824,21.7869247088456,1,1,1,1,1,1,1,1,0.96551724137931,0.948275862068966,0.948275862068966,0.931034482758621,0.913793103448276,0.879310344827586,0.879310344827586,0.862068965517241,0,0,0,0,0,0,0,0,2297,8.221558,3.74423369163325
"298",100,100,1,5.05543255984979,12.7158970630598,13.8147242299602,14.620217152604,15.8897736946514,17.051666524288,19.4473605102691,20.3801780632996,22.375754141587,1,1,1,1,1,1,1,1,0.901639344262295,0.901639344262295,0.885245901639344,0.868852459016393,0.868852459016393,0.836065573770492,0.819672131147541,0.80327868852459,0,0,0,0,0,0,0,0,2298,3.368944,-1.68648855984979
"299",100,100,2,4.42552587853438,12.0859903817444,13.1848175486448,13.9903104712886,15.259867013336,16.4217598429725,18.8174538289536,19.7502713819841,21.7458474602716,1,1,1,1,1,1,1,1,0.903225806451613,0.887096774193548,0.887096774193548,0.870967741935484,0.854838709677419,0.82258064516129,0.82258064516129,0.806451612903226,0,0,0,0,0,0,0,0,2299,2.918713,-1.50681287853438
"300",100,100,3,4.36708242619398,12.027546929404,13.1263740963044,13.9318670189482,15.2014235609956,16.3633163906321,18.7590103766133,19.6918279296438,21.6874040079312,1,1,1,1,1,1,1,1,0.918032786885246,0.901639344262295,0.901639344262295,0.885245901639344,0.868852459016393,0.836065573770492,0.836065573770492,0.819672131147541,0,0,0,0,0,0,0,0,2300,3.566614,-0.800468426193984
"301",101,101,1,4.45542309721081,12.1157184192607,13.2145213185916,14.0199964519451,15.2895249558692,16.4513921251327,18.8470332022742,19.7798301540532,21.7753621600947,1,1,1,1,1,1,1,1,0.918032786885246,0.901639344262295,0.901639344262295,0.885245901639344,0.868852459016393,0.836065573770492,0.836065573770492,0.819672131147541,0,0,0,0,0,0,0,0,2301,3.546643,-0.908780097210807
"302",101,101,2,4.45283616181981,12.1131314838698,13.2119343832006,14.0174095165541,15.2869380204782,16.4488051897417,18.8444462668832,19.7772432186622,21.7727752247037,1,1,1,1,1,1,1,1,0.918032786885246,0.901639344262295,0.901639344262295,0.885245901639344,0.868852459016393,0.836065573770492,0.836065573770492,0.819672131147541,0,0,0,0,0,0,0,0,2302,3.296271,-1.15656516181981
"303",101,101,3,4.42040432627256,12.0806996483225,13.1795025476534,13.9849776810069,15.2545061849309,16.4163733541944,18.8120144313359,19.7448113831149,21.7403433891564,1,1,1,1,1,1,1,1,0.903225806451613,0.887096774193548,0.887096774193548,0.870967741935484,0.854838709677419,0.82258064516129,0.82258064516129,0.806451612903226,0,0,0,0,0,0,0,0,2303,3.004343,-1.41606132627256
"304",102,102,1,4.37246241940121,12.0131985276991,13.1091958275229,13.9126143221121,15.1789013087932,16.3378018550533,18.7273260850066,19.6577413042022,21.6481780710376,1,1,1,1,1,1,1,1,0.918032786885246,0.901639344262295,0.901639344262295,0.885245901639344,0.868852459016393,0.852459016393443,0.836065573770492,0.819672131147541,0,0,0,0,0,0,0,0,2304,3.336695,-1.03576741940121
"305",102,102,2,4.41479322732075,12.0555293356186,13.1515266354424,13.9549451300316,15.2212321167127,16.3801326629728,18.7696568929261,19.7000721121217,21.6905088789571,1,1,1,1,1,1,1,1,0.918032786885246,0.901639344262295,0.901639344262295,0.885245901639344,0.868852459016393,0.836065573770492,0.836065573770492,0.819672131147541,0,0,0,0,0,0,0,0,2305,4.392501,-0.0222922273207473
"306",102,102,3,4.54926848543953,12.1900045937374,13.2860018935612,14.0894203881504,15.3557073748315,16.5146079210916,18.9041321510449,19.8345473702405,21.8249841370759,1,1,1,1,1,1,1,1,0.918032786885246,0.901639344262295,0.885245901639344,0.885245901639344,0.868852459016393,0.836065573770492,0.836065573770492,0.819672131147541,0,0,0,0,0,0,0,0,2306,3.725659,-0.823609485439527
"307",103,103,1,4.46517851046557,12.1059085228174,13.2019049482307,14.005322801835,15.2716087782447,16.4305083999087,18.8200307234475,19.7504452003375,21.740880379159,1,1,1,1,1,1,1,1,0.933333333333333,0.916666666666667,0.916666666666667,0.9,0.883333333333333,0.85,0.85,0.833333333333333,0,0,0,0,0,0,0,0,2307,4.825596,0.360417489534433
"308",103,103,2,4.60506547305182,12.2457954854037,13.3417919108169,14.1452097644213,15.411495740831,16.570395362495,18.9599176860337,19.8903321629237,21.8807673417452,1,1,1,1,1,1,1,1,0.918032786885246,0.901639344262295,0.885245901639344,0.885245901639344,0.868852459016393,0.836065573770492,0.836065573770492,0.80327868852459,0,0,0,0,0,0,0,0,2308,3.148285,-1.45678047305182
"309",103,103,3,4.39174967305372,12.0324796854055,13.1284761108188,13.9318939644232,15.1981799408329,16.3570795624968,18.7466018860356,19.6770163629256,21.6674515417471,1,1,1,1,1,1,1,1,0.949152542372881,0.932203389830508,0.932203389830508,0.915254237288136,0.898305084745763,0.88135593220339,0.864406779661017,0.847457627118644,0,0,0,0,0,0,0,0,2309,7.101553,2.70980332694628
"310",104,104,1,4.89924880752984,12.5401248202343,13.6361421881313,14.439575393579,15.7058855663939,16.8648073325065,19.2543753154392,20.1848075708453,22.1752807832366,1,1,1,1,1,1,1,1,0.901639344262295,0.901639344262295,0.885245901639344,0.868852459016393,0.868852459016393,0.836065573770492,0.836065573770492,0.80327868852459,0,0,0,0,0,0,0,0,2310,3.612265,-1.28698380752984
"311",104,104,2,4.45323696284621,12.0941129755506,13.1901303434477,13.9935635488954,15.2598737217102,16.4187954878228,18.8083634707556,19.7387957261617,21.7292689385529,1,1,1,1,1,1,1,1,0.918032786885246,0.901639344262295,0.901639344262295,0.885245901639344,0.868852459016393,0.836065573770492,0.836065573770492,0.819672131147541,0,0,0,0,0,0,0,0,2311,3.478066,-0.975170962846212
"312",104,104,3,4.43608322158304,12.0769592342875,13.1729766021845,13.9764098076322,15.2427199804471,16.4016417465597,18.7912097294924,19.7216419848985,21.7121151972898,1,1,1,1,1,1,1,1,0.918032786885246,0.901639344262295,0.901639344262295,0.885245901639344,0.868852459016393,0.836065573770492,0.836065573770492,0.819672131147541,0,0,0,0,0,0,0,0,2312,3.331039,-1.10504422158304
"313",105,105,1,4.4088307143719,12.0318355692632,13.1252894746312,13.9268435393124,15.1901919536979,16.3464031309015,18.7303821805159,19.6586382585252,21.644455975808,1,1,1,1,1,1,1,1,0.918032786885246,0.901639344262295,0.901639344262295,0.885245901639344,0.868852459016393,0.852459016393443,0.836065573770492,0.819672131147541,0,0,0,0,0,0,0,0,2313,3.943852,-0.464978714371901
"314",105,105,2,4.48601541848348,12.1090202733748,13.2024741787428,14.004028243424,15.2673766578095,16.4235878350131,18.8075668846275,19.7358229626368,21.7216406799196,1,1,1,1,1,1,1,1,0.918032786885246,0.901639344262295,0.901639344262295,0.885245901639344,0.868852459016393,0.836065573770492,0.836065573770492,0.819672131147541,0,0,0,0,0,0,0,0,2314,3.600451,-0.885564418483483
"315",105,105,3,4.44276355441301,12.0657684093043,13.1592223146723,13.9607763793536,15.224124793739,16.3803359709426,18.764315020557,19.6925710985663,21.6783888158491,1,1,1,1,1,1,1,1,0.903225806451613,0.887096774193548,0.887096774193548,0.870967741935484,0.854838709677419,0.82258064516129,0.82258064516129,0.806451612903226,0,0,0,0,0,0,0,0,2315,2.713176,-1.72958755441301
"316",106,106,1,4.32044485320545,11.9230337276397,13.0135591377506,13.8129664751987,15.0729313817641,16.2260459867829,18.6036402484281,19.5294102650603,21.5099095526058,1,1,1,1,1,1,1,1,0.918032786885246,0.901639344262295,0.901639344262295,0.885245901639344,0.868852459016393,0.852459016393443,0.836065573770492,0.819672131147541,0,0,0,0,0,0,0,0,2316,4.621121,0.300676146794545
"317",106,106,2,4.56464847653288,12.1672373509671,13.257762761078,14.0571700985261,15.3171350050916,16.4702496101104,18.8478438717556,19.7736138883877,21.7541131759332,1,1,1,1,1,1,1,1,0.903225806451613,0.887096774193548,0.887096774193548,0.870967741935484,0.854838709677419,0.82258064516129,0.82258064516129,0.806451612903226,0,0,0,0,0,0,0,0,2317,3.002917,-1.56173147653288
"318",106,106,3,4.35752967589506,11.9601185503293,13.0506439604402,13.8500512978883,15.1100162044537,16.2631308094725,18.6407250711177,19.5664950877499,21.5469943752954,1,1,1,1,1,1,1,1,0.903225806451613,0.887096774193548,0.887096774193548,0.870967741935484,0.854838709677419,0.838709677419355,0.82258064516129,0.806451612903226,0,0,0,0,0,0,0,0,2318,2.671629,-1.68590067589506
"319",107,107,1,4.31701204050276,11.9193383615338,13.009826110637,13.8092058407634,15.0691272347728,16.2222020172827,18.5997141693366,19.5254522147452,21.5058831062698,1,1,1,1,1,1,1,1,0.903225806451613,0.887096774193548,0.887096774193548,0.870967741935484,0.854838709677419,0.838709677419355,0.82258064516129,0.806451612903226,0,0,0,0,0,0,0,0,2319,2.667081,-1.64993104050276
"320",107,107,2,4.31643085357711,11.9187571746081,13.0092449237114,13.8086246538378,15.0685460478472,16.221620830357,18.599132982411,19.5248710278195,21.5053019193441,1,1,1,1,1,1,1,1,0.903225806451613,0.887096774193548,0.887096774193548,0.870967741935484,0.854838709677419,0.838709677419355,0.82258064516129,0.806451612903226,0,0,0,0,0,0,0,0,2320,3.038544,-1.27788685357711
"321",107,107,3,4.36389994745664,11.9662262684876,13.0567140175909,13.8560937477173,15.1160151417267,16.2690899242365,18.6466020762905,19.5723401216991,21.5527710132237,1,1,1,1,1,1,1,1,0.949152542372881,0.932203389830508,0.932203389830508,0.915254237288136,0.898305084745763,0.88135593220339,0.864406779661017,0.847457627118644,0,0,0,0,0,0,0,0,2321,6.26089,1.89699005254336
"322",108,108,1,4.77667133418058,12.3789986807287,13.4694865769335,14.2688664148924,15.5287879788591,16.6818629169131,19.059375389682,19.9851135599682,21.9655447186433,1,1,1,1,1,1,1,1,0.918032786885246,0.901639344262295,0.885245901639344,0.885245901639344,0.868852459016393,0.836065573770492,0.836065573770492,0.80327868852459,0,0,0,0,0,0,0,0,2322,3.767694,-1.00897733418058
"323",108,108,2,4.45891942393891,12.061246770487,13.1517346666918,13.9511145046507,15.2110360686174,16.3641110066715,18.7416234794403,19.6673616497265,21.6477928084017,1,1,1,1,1,1,1,1,0.903225806451613,0.887096774193548,0.887096774193548,0.870967741935484,0.854838709677419,0.838709677419355,0.82258064516129,0.806451612903226,0,0,0,0,0,0,0,0,2323,2.922415,-1.53650442393891
"324",108,108,3,4.35119062245793,11.953517969006,13.0440058652108,13.8433857031697,15.1033072671364,16.2563822051905,18.6338946779593,19.5596328482455,21.5400640069207,1,1,1,1,1,1,1,1,0.903225806451613,0.887096774193548,0.887096774193548,0.870967741935484,0.854838709677419,0.838709677419355,0.82258064516129,0.806451612903226,0,0,0,0,0,0,0,0,2324,2.423345,-1.92784562245793
"325",109,109,1,4.28760332073189,11.8897915131282,12.9802594488772,13.7796246548664,15.0395231570379,16.1925769890336,18.5700459434538,19.4957671688882,21.4761620774513,1,1,1,1,1,1,1,1,0.903225806451613,0.887096774193548,0.887096774193548,0.870967741935484,0.854838709677419,0.838709677419355,0.82258064516129,0.806451612903226,0,0,0,0,0,0,0,0,2325,2.606859,-1.68074432073189
"326",109,109,2,4.31099451664337,11.9131827090396,13.0036506447887,13.8030158507779,15.0629143529494,16.215968184945,18.5934371393653,19.5191583647997,21.4995532733628,1,1,1,1,1,1,1,1,0.903225806451613,0.887096774193548,0.887096774193548,0.870967741935484,0.854838709677419,0.838709677419355,0.82258064516129,0.806451612903226,0,0,0,0,0,0,0,0,2326,2.662567,-1.64842751664337
"327",109,109,3,4.3180952105514,11.9202834029477,13.0107513386967,13.8101165446859,15.0700150468574,16.2230688788531,18.6005378332733,19.5262590587077,21.5066539672709,1,1,1,1,1,1,1,1,0.903225806451613,0.887096774193548,0.887096774193548,0.870967741935484,0.854838709677419,0.838709677419355,0.82258064516129,0.806451612903226,0,0,0,0,0,0,0,0,2327,2.605292,-1.7128032105514
"328",110,110,1,4.30312760115744,11.8949193876237,12.9838960491466,13.7821680797293,15.0403436021576,16.1918205703091,18.5660382065943,19.4904934578916,21.4681800686791,1,1,1,1,1,1,1,1,0.903225806451613,0.887096774193548,0.887096774193548,0.870967741935484,0.854838709677419,0.838709677419355,0.82258064516129,0.806451612903226,0,0,0,0,0,0,0,0,2328,2.952878,-1.35024960115744
"329",110,110,2,4.34789308912758,11.9396848755938,13.0286615371168,13.8269335676994,15.0851090901277,16.2365860582793,18.6108036945645,19.5352589458617,21.5129455566492,1,1,1,1,1,1,1,1,0.918032786885246,0.901639344262295,0.901639344262295,0.885245901639344,0.868852459016393,0.852459016393443,0.836065573770492,0.819672131147541,0,0,0,0,0,0,0,0,2329,3.952983,-0.394910089127578
"330",110,110,3,4.47669628703077,12.068488073497,13.15746473502,13.9557367656026,15.2139122880309,16.3653892561825,18.7396068924677,19.6640621437649,21.6417487545524,1,1,1,1,1,1,1,1,0.903225806451613,0.887096774193548,0.887096774193548,0.870967741935484,0.854838709677419,0.838709677419355,0.82258064516129,0.806451612903226,0,0,0,0,0,0,0,0,2330,3.050831,-1.42586528703077
"331",111,111,1,4.36062241552774,11.9521311230837,13.0410671793931,13.8393094444101,15.097438052623,16.248872085081,18.6230011927342,19.5474219734094,21.5250348412142,1,1,1,1,1,1,1,1,0.903225806451613,0.887096774193548,0.887096774193548,0.870967741935484,0.854838709677419,0.838709677419355,0.82258064516129,0.806451612903226,0,0,0,0,0,0,0,0,2331,2.785416,-1.57520641552774
"332",111,111,2,4.3264729966639,11.9179817042199,13.0069177605293,13.8051600255463,15.0632886337591,16.2147226662172,18.5888517738704,19.5132725545456,21.4908854223503,1,1,1,1,1,1,1,1,0.918032786885246,0.901639344262295,0.901639344262295,0.885245901639344,0.868852459016393,0.852459016393443,0.836065573770492,0.819672131147541,0,0,0,0,0,0,0,0,2332,3.22433,-1.1021429966639
"333",111,111,3,4.38294553224479,11.9744542398008,13.0633902961101,13.8616325611272,15.11976116934,16.2711952017981,18.6453243094512,19.5697450901264,21.5473579579312,1,1,1,1,1,1,1,1,0.96551724137931,0.948275862068966,0.948275862068966,0.931034482758621,0.913793103448276,0.896551724137931,0.879310344827586,0.862068965517241,0,0,0,0,0,0,0,0,2333,8.141213,3.75826746775521
"334",112,112,1,5.0192421029539,12.6118031887222,13.7008901995552,14.4992431214653,15.7575461386378,16.9091397894451,19.2835980124089,20.2081469415624,22.1860339573362,1,1,1,1,1,1,1,1,0.901639344262295,0.901639344262295,0.885245901639344,0.868852459016393,0.868852459016393,0.836065573770492,0.836065573770492,0.80327868852459,0,0,0,0,0,0,0,0,2334,3.876458,-1.1427841029539
"335",112,112,2,4.47169113949254,12.0642522252608,13.1533392360938,13.951692158004,15.2099951751764,16.3615888259838,18.7360470489476,19.660595978101,21.6384829938749,1,1,1,1,1,1,1,1,0.903225806451613,0.887096774193548,0.887096774193548,0.870967741935484,0.854838709677419,0.838709677419355,0.82258064516129,0.806451612903226,0,0,0,0,0,0,0,0,2335,2.564556,-1.90713513949254
"336",112,112,3,4.30325632809848,11.8958174138668,12.9849044246997,13.7832573466099,15.0415603637824,16.1931540145897,18.5676122375535,19.492161166707,21.4700481824808,1,1,1,1,1,1,1,1,0.903225806451613,0.887096774193548,0.887096774193548,0.870967741935484,0.854838709677419,0.838709677419355,0.82258064516129,0.806451612903226,0,0,0,0,0,0,0,0,2336,2.742742,-1.56051432809848
"337",113,113,1,4.32561591267884,11.9180787952054,13.0071517196354,13.8054943155378,15.0637810576439,16.2153598135787,18.5897873249694,19.5143242958783,21.4921857293863,1,1,1,1,1,1,1,1,0.918032786885246,0.901639344262295,0.901639344262295,0.885245901639344,0.868852459016393,0.852459016393443,0.836065573770492,0.819672131147541,0,0,0,0,0,0,0,0,2337,3.503549,-0.822066912678838
"338",113,113,2,4.42323427068898,12.0156971532155,13.1047700776456,13.9031126735479,15.1613994156541,16.3129781715888,18.6874056829795,19.6119426538885,21.5898040873964,1,1,1,1,1,1,1,1,0.918032786885246,0.901639344262295,0.901639344262295,0.885245901639344,0.868852459016393,0.852459016393443,0.836065573770492,0.819672131147541,0,0,0,0,0,0,0,0,2338,3.612668,-0.810566270688977
"339",113,113,3,4.43723521653688,12.0296980990635,13.1187710234935,13.9171136193958,15.175400361502,16.3269791174368,18.7014066288274,19.6259435997364,21.6038050332443,1,1,1,1,1,1,1,1,0.918032786885246,0.901639344262295,0.901639344262295,0.885245901639344,0.868852459016393,0.852459016393443,0.836065573770492,0.819672131147541,0,0,0,0,0,0,0,0,2339,3.213245,-1.22399021653688
"340",114,114,1,4.37972010729325,11.9655379292143,13.0536576773564,13.8513015494039,15.1084870162335,16.259057889648,18.6314072592076,19.5551350586661,21.5312654321348,1,1,1,1,1,1,1,1,0.918032786885246,0.901639344262295,0.901639344262295,0.885245901639344,0.868852459016393,0.852459016393443,0.836065573770492,0.819672131147541,0,0,0,0,0,0,0,0,2340,3.452919,-0.92680110729325
"341",114,114,2,4.41074140494756,11.9965592268686,13.0846789750107,13.8823228470582,15.1395083138878,16.2900791873023,18.662428556862,19.5861563563204,21.5622867297891,1,1,1,1,1,1,1,1,0.903225806451613,0.887096774193548,0.887096774193548,0.870967741935484,0.854838709677419,0.838709677419355,0.82258064516129,0.806451612903226,0,0,0,0,0,0,0,0,2341,2.503804,-1.90693740494756
"342",114,114,3,4.28789629482644,11.8737141167475,12.9618338648896,13.7594777369371,15.0166632037667,16.1672340771812,18.5395834467408,19.4633112461993,21.439441619668,1,1,1,1,1,1,1,1,0.903225806451613,0.887096774193548,0.887096774193548,0.870967741935484,0.854838709677419,0.838709677419355,0.82258064516129,0.806451612903226,0,0,0,0,0,0,0,0,2342,2.854542,-1.43335429482644
"343",115,115,1,4.33531092295096,11.9210571858781,13.0091666695034,13.8068030171686,15.0639766246405,16.2145366444205,18.5868636349911,19.5105827206848,21.4866944528014,1,1,1,1,1,1,1,1,0.918032786885246,0.901639344262295,0.901639344262295,0.885245901639344,0.868852459016393,0.852459016393443,0.836065573770492,0.819672131147541,0,0,0,0,0,0,0,0,2343,3.377454,-0.957856922950956
"344",115,115,2,4.40294945695182,11.988695719879,13.0768052035043,13.8744415511695,15.1316151586413,16.2821751784213,18.654502168992,19.5782212546856,21.5543329868022,1,1,1,1,1,1,1,1,0.918032786885246,0.901639344262295,0.901639344262295,0.885245901639344,0.868852459016393,0.852459016393443,0.836065573770492,0.819672131147541,0,0,0,0,0,0,0,0,2344,3.751515,-0.651434456951816
"345",115,115,3,4.45133415201885,12.037080414946,13.1251898985713,13.9228262462365,15.1799998537084,16.3305598734884,18.702886864059,19.6266059497527,21.6027176818693,1,1,1,1,1,1,1,1,0.96551724137931,0.948275862068966,0.948275862068966,0.931034482758621,0.913793103448276,0.896551724137931,0.879310344827586,0.862068965517241,0,0,0,0,0,0,0,0,2345,8.982017,4.53068284798115
"346",116,116,1,5.13072741843132,12.7177374806926,13.806028245367,14.6037974807205,15.8611805356367,17.0119322408405,19.3846544654681,20.308527444467,22.284968400447,1,1,1,1,1,1,1,1,0.901639344262295,0.901639344262295,0.885245901639344,0.868852459016393,0.868852459016393,0.836065573770492,0.836065573770492,0.80327868852459,0,0,0,0,0,0,0,0,2346,4.513066,-0.617661418431321
"347",116,116,2,4.55321006036908,12.1402201226304,13.2285108873048,14.0262801226583,15.2836631775745,16.4344148827782,18.8071371074058,19.7310100864048,21.7074510423848,1,1,1,1,1,1,1,1,0.918032786885246,0.901639344262295,0.901639344262295,0.885245901639344,0.868852459016393,0.836065573770492,0.836065573770492,0.819672131147541,0,0,0,0,0,0,0,0,2347,3.164871,-1.38833906036908
"348",116,116,3,4.37898438312341,11.9659944453847,13.0542852100591,13.8520544454126,15.1094375003288,16.2601892055325,18.6329114301602,19.5567844091591,21.5332253651391,1,1,1,1,1,1,1,1,0.903225806451613,0.887096774193548,0.887096774193548,0.870967741935484,0.854838709677419,0.838709677419355,0.82258064516129,0.806451612903226,0,0,0,0,0,0,0,0,2348,2.626452,-1.75253238312341
"349",117,117,1,4.31065810370456,11.8975991423345,12.9858800061679,13.7836419837309,15.041013599471,16.1917548355886,18.5644554741233,19.4883200480896,21.4647430231876,1,1,1,1,1,1,1,1,0.903225806451613,0.887096774193548,0.887096774193548,0.870967741935484,0.854838709677419,0.838709677419355,0.82258064516129,0.806451612903226,0,0,0,0,0,0,0,0,2349,2.779406,-1.53125210370456
"350",117,117,2,4.33039794387516,11.9173389825051,13.0056198463385,13.8033818239015,15.0607534396416,16.2114946757592,18.5841953142939,19.5080598882602,21.4844828633582,1,1,1,1,1,1,1,1,0.903225806451613,0.887096774193548,0.887096774193548,0.870967741935484,0.854838709677419,0.838709677419355,0.82258064516129,0.806451612903226,0,0,0,0,0,0,0,0,2350,2.529038,-1.80135994387516
"351",117,117,3,4.29808610957312,11.8850271482031,12.9733080120364,13.7710699895995,15.0284416053395,16.1791828414572,18.5518834799919,19.4757480539581,21.4521710290562,1,1,1,1,1,1,1,1,0.903225806451613,0.887096774193548,0.887096774193548,0.870967741935484,0.854838709677419,0.838709677419355,0.82258064516129,0.806451612903226,0,0,0,0,0,0,0,0,2351,2.863458,-1.43462810957312
"352",118,118,1,4.3306400479407,11.9045948814495,12.9910129868331,13.7874094732679,15.0426289059829,16.1914004732107,18.5600398732269,19.4823231122651,21.455363138421,1,1,1,1,1,1,1,1,0.903225806451613,0.887096774193548,0.887096774193548,0.870967741935484,0.854838709677419,0.838709677419355,0.82258064516129,0.806451612903226,0,0,0,0,0,0,0,0,2352,3.025909,-1.3047310479407
"353",118,118,2,4.35184290497028,11.9257977384791,13.0122158438627,13.8086123302975,15.0638317630125,16.2126033302402,18.5812427302565,19.5035259692947,21.4765659954506,1,1,1,1,1,1,1,1,0.918032786885246,0.901639344262295,0.901639344262295,0.885245901639344,0.868852459016393,0.852459016393443,0.836065573770492,0.819672131147541,0,0,0,0,0,0,0,0,2353,3.820184,-0.531658904970279
"354",118,118,3,4.45551046791029,12.0294653014191,13.1158834068027,13.9122798932375,15.1674993259525,16.3162708931803,18.6849102931965,19.6071935322347,21.5802335583906,1,1,1,1,1,1,1,1,0.918032786885246,0.901639344262295,0.901639344262295,0.885245901639344,0.868852459016393,0.852459016393443,0.836065573770492,0.819672131147541,0,0,0,0,0,0,0,0,2354,3.395678,-1.0598324679103
"355",119,119,1,4.39976056097564,11.9708813085042,13.056892888844,13.8529913729581,15.107741117132,16.2560828273742,18.6238359100222,19.5457740413782,21.5180757788593,1,1,1,1,1,1,1,1,0.918032786885246,0.901639344262295,0.901639344262295,0.885245901639344,0.868852459016393,0.852459016393443,0.836065573770492,0.819672131147541,0,0,0,0,0,0,0,0,2355,3.693258,-0.706502560975642
"356",119,119,2,4.43954994492209,12.0106706924507,13.0966822727904,13.8927807569046,15.1475305010785,16.2958722113207,18.6636252939686,19.5855634253246,21.5578651628058,1,1,1,1,1,1,1,1,0.96551724137931,0.948275862068966,0.948275862068966,0.931034482758621,0.913793103448276,0.896551724137931,0.879310344827586,0.862068965517241,0,0,0,0,0,0,0,0,2356,7.890063,3.45051305507791
"357",119,119,3,5.00070420761903,12.5718249551476,13.6578365354874,14.4539350196015,15.7086847637754,16.8570264740176,19.2247795566656,20.1467176880215,22.1190194255027,1,1,1,1,1,1,1,1,0.948275862068966,0.948275862068966,0.931034482758621,0.913793103448276,0.913793103448276,0.879310344827586,0.879310344827586,0.844827586206897,0,0,0,0,0,0,0,0,2357,7.84759,2.84688579238097
"358",120,120,1,4.99112668478387,12.501040682126,13.5782726852124,14.367935318854,15.612541366117,16.7515996074342,19.1002112080922,20.0146961711822,21.9710533498901,1,1,1,1,1,1,1,1,0.901639344262295,0.901639344262295,0.885245901639344,0.885245901639344,0.868852459016393,0.836065573770492,0.836065573770492,0.80327868852459,0,0,0,0,0,0,0,0,2358,3.479593,-1.51153368478387
"359",120,120,2,4.40158219682932,11.9114961941715,12.9887281972579,13.7783908308994,15.0229968781625,16.1620551194797,18.5106667201377,19.4251516832276,21.3815088619356,1,1,1,1,1,1,1,1,0.918032786885246,0.901639344262295,0.901639344262295,0.885245901639344,0.868852459016393,0.852459016393443,0.836065573770492,0.819672131147541,0,0,0,0,0,0,0,0,2359,4.073454,-0.328128196829316
"360",120,120,3,4.48173506304263,11.9916490603848,13.0688810634712,13.8585436971128,15.1031497443758,16.242207985693,18.590819586351,19.505304549441,21.4616617281489,1,1,1,1,1,1,1,1,0.918032786885246,0.901639344262295,0.901639344262295,0.885245901639344,0.868852459016393,0.852459016393443,0.836065573770492,0.819672131147541,0,0,0,0,0,0,0,0,2360,3.514336,-0.967399063042635
"361",121,121,1,4.40621322895603,11.9158590866224,12.9930526273988,13.7826870663257,15.0272486752287,16.1662662467449,18.5147939907897,19.4292463024137,21.3855336298584,1,1,1,1,1,1,1,1,0.918032786885246,0.901639344262295,0.901639344262295,0.885245901639344,0.868852459016393,0.852459016393443,0.836065573770492,0.819672131147541,0,0,0,0,0,0,0,0,2361,3.243511,-1.16270222895603
"362",121,121,2,4.36968409952835,11.8793299571947,12.9565234979711,13.746157936898,14.990719545801,16.1297371173172,18.478264861362,19.392717172986,21.3490045004307,1,1,1,1,1,1,1,1,0.918032786885246,0.901639344262295,0.901639344262295,0.885245901639344,0.868852459016393,0.852459016393443,0.836065573770492,0.819672131147541,0,0,0,0,0,0,0,0,2362,3.324047,-1.04563709952835
"363",121,121,3,4.38054687057086,11.8901927282372,12.9673862690136,13.7570207079405,15.0015823168435,16.1405998883597,18.4891276324045,19.4035799440285,21.3598672714732,1,1,1,1,1,1,1,1,0.918032786885246,0.901639344262295,0.901639344262295,0.885245901639344,0.868852459016393,0.852459016393443,0.836065573770492,0.819672131147541,0,0,0,0,0,0,0,0,2363,3.647735,-0.732811870570857
"364",122,122,1,4.41851646567844,11.9144426125561,12.989668179859,13.7778600000078,15.0201478631635,16.1570845120955,18.5013216248591,19.4141032823027,21.3668165801778,1,1,1,1,1,1,1,1,0.918032786885246,0.901639344262295,0.901639344262295,0.885245901639344,0.868852459016393,0.852459016393443,0.836065573770492,0.819672131147541,0,0,0,0,0,0,0,0,2364,3.978371,-0.440145465678437
"365",122,122,2,4.46352046476976,11.9594466116474,13.0346721789504,13.8228639990992,15.0651518622548,16.2020885111868,18.5463256239505,19.459107281394,21.4118205792692,1,1,1,1,1,1,1,1,0.933333333333333,0.916666666666667,0.916666666666667,0.9,0.883333333333333,0.866666666666667,0.85,0.833333333333333,0,0,0,0,0,0,0,0,2365,4.79789,0.334369535230237
"366",122,122,3,4.57506800445487,12.0709941513325,13.1462197186355,13.9344115387843,15.1766994019399,16.3136360508719,18.6578731636356,19.5706548210791,21.5233681189543,1,1,1,1,1,1,1,1,0.918032786885246,0.901639344262295,0.901639344262295,0.885245901639344,0.868852459016393,0.852459016393443,0.836065573770492,0.819672131147541,0,0,0,0,0,0,0,0,2366,3.324338,-1.25073000445487
"367",123,123,1,4.37485951830084,11.8697719152883,12.9448520689654,13.7329372939643,14.9750571499705,16.111840039463,18.4557601173374,19.3684183300876,21.320867542798,1,1,1,1,1,1,1,1,0.918032786885246,0.901639344262295,0.901639344262295,0.885245901639344,0.868852459016393,0.852459016393443,0.836065573770492,0.819672131147541,0,0,0,0,0,0,0,0,2367,4.017465,-0.357394518300836
"368",123,123,2,4.46960910351009,11.9645215004976,13.0396016541746,13.8276868791736,15.0698067351797,16.2065896246722,18.5505097025466,19.4631679152968,21.4156171280072,1,1,1,1,1,1,1,1,0.918032786885246,0.901639344262295,0.901639344262295,0.885245901639344,0.868852459016393,0.852459016393443,0.836065573770492,0.819672131147541,0,0,0,0,0,0,0,0,2368,3.32432,-1.14528910351009
"369",123,123,3,4.37485705772358,11.8697694547111,12.9448496083881,13.7329348333871,14.9750546893932,16.1118375788857,18.4557576567601,19.3684158695103,21.3208650822207,0,0,0,1,1,1,1,1,0,0,0,1,0.981481481481482,0.962962962962963,0.944444444444444,0.925925925925926,0,0,0,0,0,0,0,0,2369,14.759469,10.3846119422764
"370",124,124,1,5.94112049373419,13.4393142001037,14.5148650291413,15.3032952817144,16.5459589438815,17.6832395224947,20.0281857800674,20.9412435590563,22.8945475636016,1,1,1,1,1,1,1,1,0.901639344262295,0.885245901639344,0.885245901639344,0.868852459016393,0.852459016393443,0.836065573770492,0.819672131147541,0.80327868852459,1,1,1,0,0,0,0,0,2370,3.273864,-2.66725649373419
"371",124,124,2,4.37050463275126,11.8686983391208,12.9442491681584,13.7326794207315,14.9753430828986,16.1126236615118,18.4575699190845,19.3706276980734,21.3239317026186,1,1,1,1,1,1,1,1,0.918032786885246,0.901639344262295,0.901639344262295,0.885245901639344,0.868852459016393,0.852459016393443,0.836065573770492,0.819672131147541,1,1,1,0,0,0,0,0,2371,4.010343,-0.360161632751264
"372",124,124,3,4.4712155311916,11.9694092375612,13.0449600665987,13.8333903191718,15.0760539813389,16.2133345599521,18.5582808175248,19.4713385965137,21.424642601059,1,1,1,1,1,1,1,1,0.918032786885246,0.901639344262295,0.901639344262295,0.885245901639344,0.868852459016393,0.852459016393443,0.836065573770492,0.819672131147541,0,0,0,0,0,0,0,0,2372,3.454503,-1.0167125311916
"373",125,125,1,4.39587388358398,11.8941063176727,12.9696627018656,13.7580970266335,15.0007671070836,16.1380535596826,18.4830119287616,19.396074423639,21.3493885168818,1,1,1,1,1,1,1,1,0.918032786885246,0.901639344262295,0.901639344262295,0.885245901639344,0.868852459016393,0.852459016393443,0.836065573770492,0.819672131147541,0,0,0,0,0,0,0,0,2373,3.189655,-1.20621888358398
"374",125,125,2,4.35990496930674,11.8581374033955,12.9336937875884,13.7221281123563,14.9647981928064,16.1020846454054,18.4470430144843,19.3601055093617,21.3134196026046,1,1,1,1,1,1,1,1,0.918032786885246,0.901639344262295,0.901639344262295,0.885245901639344,0.868852459016393,0.852459016393443,0.836065573770492,0.819672131147541,0,0,0,0,0,0,0,0,2374,3.768268,-0.591636969306743
"375",125,125,3,4.43848619852763,11.9367186326164,13.0122750168093,13.8007093415771,15.0433794220273,16.1806658746262,18.5256242437052,19.4386867385826,21.3920008318255,1,1,1,1,1,1,1,1,0.918032786885246,0.901639344262295,0.901639344262295,0.885245901639344,0.868852459016393,0.852459016393443,0.836065573770492,0.819672131147541,0,0,0,0,0,0,0,0,2375,3.347621,-1.09086519852763
"376",126,126,1,4.37814182704026,11.87273837856,12.9477732269451,13.735825240996,14.9778927524374,16.1146277364036,18.4584490384025,19.371068790535,21.3234357244672,1,1,1,1,1,1,1,1,0.933333333333333,0.916666666666667,0.916666666666667,0.9,0.883333333333333,0.866666666666667,0.85,0.833333333333333,0,0,0,0,0,0,0,0,2376,5.171519,0.793377172959738
"377",126,126,2,4.62674438606358,12.1213409375833,13.1963757859684,13.9844278000193,15.2264953114607,16.3632302954269,18.7070515974258,19.6196713495583,21.5720382834905,1,1,1,1,1,1,1,1,0.949152542372881,0.932203389830508,0.932203389830508,0.915254237288136,0.898305084745763,0.88135593220339,0.864406779661017,0.847457627118644,0,0,0,0,0,0,0,0,2377,6.289029,1.66228461393642
"378",126,126,3,4.77906422288239,12.2736607744021,13.3486956227872,14.1367476368381,15.3788151482796,16.5155501322457,18.8593714342446,19.7719911863772,21.7243581203094,1,1,1,1,1,1,1,1,0.949152542372881,0.932203389830508,0.915254237288136,0.915254237288136,0.898305084745763,0.864406779661017,0.864406779661017,0.847457627118644,0,0,0,0,0,0,0,0,2378,6.611137,1.83207277711761
"379",127,127,1,4.8276390119497,12.3225365012155,13.3976145165093,14.1856981739708,15.4278155593441,16.5645961877238,18.9085116034345,19.821168000866,21.7736133300661,1,1,1,1,1,1,1,1,0.949152542372881,0.932203389830508,0.915254237288136,0.915254237288136,0.898305084745763,0.864406779661017,0.864406779661017,0.847457627118644,0,0,0,0,0,0,0,0,2379,6.883852,2.0562129880503
"380",127,127,2,4.86480640209263,12.3597038913585,13.4347819066522,14.2228655641138,15.464982949487,16.6017635778667,18.9456789935774,19.8583353910089,21.810780720209,1,1,1,1,1,1,1,1,0.949152542372881,0.932203389830508,0.915254237288136,0.915254237288136,0.898305084745763,0.864406779661017,0.864406779661017,0.847457627118644,0,0,0,0,0,0,0,0,2380,6.290758,1.42595159790737
"381",127,127,3,4.78397565904795,12.2788731483138,13.3539511636075,14.1420348210691,15.3841522064424,16.520932834822,18.8648482505328,19.7775046479642,21.7299499771644,1,1,1,1,1,1,1,1,0.96551724137931,0.948275862068966,0.931034482758621,0.931034482758621,0.913793103448276,0.879310344827586,0.879310344827586,0.862068965517241,0,0,0,0,0,0,0,0,2381,8.406289,3.62231334095205
"382",128,128,1,5.07838755316633,12.5745274162596,13.6497836392994,14.437997931571,15.6803212135736,16.8172902776859,19.1615942269517,20.0744019086967,22.0271708803456,0,0,0,0,0,1,1,1,0,0,0,0,0,1,1,0.96078431372549,0,0,0,0,0,0,0,0,2382,18.785572,13.7071844468337
"383",128,128,2,6.49463151406858,13.9907713771618,15.0660276002016,15.8542418924732,17.0965651744758,18.2335342385882,20.577838187854,21.490645869599,23.4434148412479,0,0,0,0,0,1,1,1,0,0,0,0,0,1,1,0.96,1,1,1,1,1,0,0,0,2383,21.633891,15.1392594859314
"384",128,128,3,6.88328211570196,14.3794219787952,15.454678201835,16.2428924941066,17.4852157761092,18.6221848402216,20.9664887894874,21.8792964712324,23.8320654428812,1,1,1,1,1,1,1,1,0.885245901639344,0.885245901639344,0.868852459016393,0.852459016393443,0.852459016393443,0.819672131147541,0.80327868852459,0.786885245901639,1,1,1,1,1,0,0,0,2384,3.768024,-3.11525811570196
"385",129,129,1,4.45563741131474,11.9893773436525,13.0700269703881,13.8621948857924,15.1107495671927,16.253421581933,18.6094843820784,19.5268706379518,21.4894345507162,1,1,1,1,1,1,1,1,0.918032786885246,0.901639344262295,0.901639344262295,0.885245901639344,0.868852459016393,0.852459016393443,0.836065573770492,0.819672131147541,1,1,1,1,1,0,0,0,2385,3.860866,-0.594771411314742
"386",129,129,2,4.46877241048621,12.002512342824,13.0831619695596,13.8753298849639,15.1238845663641,16.2665565811045,18.6226193812498,19.5400056371233,21.5025695498877,1,1,1,1,1,1,1,1,0.918032786885246,0.901639344262295,0.901639344262295,0.885245901639344,0.868852459016393,0.852459016393443,0.836065573770492,0.819672131147541,0,0,0,0,0,0,0,0,2386,3.214427,-1.25434541048621
"387",129,129,3,4.37731621900603,11.9110561513438,12.9917057780794,13.7838736934837,15.032428374884,16.1751003896243,18.5311631897697,19.4485494456431,21.4111133584075,1,1,1,1,1,1,1,1,0.918032786885246,0.901639344262295,0.901639344262295,0.885245901639344,0.868852459016393,0.852459016393443,0.836065573770492,0.819672131147541,0,0,0,0,0,0,0,0,2387,3.787927,-0.589389219006027
"388",130,130,1,4.45271110679547,11.9730629817072,13.0517922077666,13.842552377531,15.0888882775657,16.2295296728939,18.5814055613127,19.4971615485565,21.4562378285379,1,1,1,1,1,1,1,1,0.918032786885246,0.901639344262295,0.901639344262295,0.885245901639344,0.868852459016393,0.852459016393443,0.836065573770492,0.819672131147541,0,0,0,0,0,0,0,0,2388,4.612721,0.160009893204531
"389",130,130,2,4.57033170611059,12.0906835810223,13.1694128070817,13.9601729768461,15.2065088768808,16.347150272209,18.6990261606278,19.6147821478717,21.5738584278531,1,1,1,1,1,1,1,1,0.918032786885246,0.901639344262295,0.901639344262295,0.885245901639344,0.868852459016393,0.852459016393443,0.836065573770492,0.819672131147541,0,0,0,0,0,0,0,0,2389,3.655358,-0.91497370611059
"390",130,130,3,4.4338059677782,11.9541578426899,13.0328870687493,13.8236472385137,15.0699831385484,16.2106245338767,18.5625004222954,19.4782564095393,21.4373326895207,1,1,1,1,1,1,1,1,0.918032786885246,0.901639344262295,0.901639344262295,0.885245901639344,0.868852459016393,0.852459016393443,0.836065573770492,0.819672131147541,0,0,0,0,0,0,0,0,2390,3.917106,-0.516699967778203
"391",131,131,1,4.47222751251806,11.992355312897,13.0710523974089,13.8617890058801,15.1080877704005,16.2486951794616,18.6005009919718,19.5162296935781,21.4752476014103,1,1,1,1,1,1,1,1,0.918032786885246,0.901639344262295,0.901639344262295,0.885245901639344,0.868852459016393,0.852459016393443,0.836065573770492,0.819672131147541,0,0,0,0,0,0,0,0,2391,3.558766,-0.913461512518061
"392",131,131,2,4.42111415406842,11.9412419544474,13.0199390389593,13.8106756474304,15.0569744119509,16.197581821012,18.5493876335221,19.4651163351285,21.4241342429606,1,1,1,1,1,1,1,1,0.918032786885246,0.901639344262295,0.901639344262295,0.885245901639344,0.868852459016393,0.852459016393443,0.836065573770492,0.819672131147541,0,0,0,0,0,0,0,0,2392,4.424586,0.0034718459315819
"393",131,131,3,4.54461409271013,12.0647418930891,13.143438977601,13.9341755860721,15.1804743505926,16.3210817596537,18.6728875721639,19.5886162737702,21.5476341816024,1,1,1,1,1,1,1,1,0.96551724137931,0.948275862068966,0.948275862068966,0.931034482758621,0.913793103448276,0.896551724137931,0.879310344827586,0.862068965517241,0,0,0,0,0,0,0,0,2393,8.28069,3.73607590728987
"394",132,132,1,5.0965638876314,12.6171957870754,13.6959651802244,14.4867547943885,15.7331371024415,16.8738209701937,19.2257844320341,20.1415745179673,22.1007237452559,1,1,1,1,1,1,1,1,0.901639344262295,0.901639344262295,0.885245901639344,0.868852459016393,0.868852459016393,0.836065573770492,0.836065573770492,0.80327868852459,0,0,0,0,0,0,0,0,2394,3.645999,-1.4505648876314
"395",132,132,2,4.43785431499174,11.9584862144357,13.0372556075847,13.8280452217488,15.0744275298019,16.215111397554,18.5670748593945,19.4828649453276,21.4420141726163,1,1,1,1,1,1,1,1,0.918032786885246,0.901639344262295,0.901639344262295,0.885245901639344,0.868852459016393,0.852459016393443,0.836065573770492,0.819672131147541,0,0,0,0,0,0,0,0,2395,3.402801,-1.03505331499174
"396",132,132,3,4.40328958335228,11.9239214827963,13.0026908759452,13.7934804901093,15.0398627981624,16.1805466659146,18.532510127755,19.4483002136881,21.4074494409768,1,1,1,1,1,1,1,1,0.933333333333333,0.916666666666667,0.916666666666667,0.9,0.883333333333333,0.866666666666667,0.85,0.833333333333333,0,0,0,0,0,0,0,0,2396,5.141304,0.738014416647722
"397",133,133,1,4.65151161277148,12.1716571353731,13.2503567619841,14.0410952339356,15.2873969355317,16.4280070325921,18.7798183874584,19.6955492471063,21.6545717716354,1,1,1,1,1,1,1,1,0.918032786885246,0.901639344262295,0.901639344262295,0.885245901639344,0.868852459016393,0.836065573770492,0.836065573770492,0.819672131147541,0,0,0,0,0,0,0,0,2397,3.541709,-1.10980261277148
"398",133,133,2,4.42472518425531,11.9448707068569,13.0235703334679,13.8143088054194,15.0606105070155,16.2012206040759,18.5530319589422,19.4687628185901,21.4277853431193,1,1,1,1,1,1,1,1,0.918032786885246,0.901639344262295,0.901639344262295,0.885245901639344,0.868852459016393,0.852459016393443,0.836065573770492,0.819672131147541,0,0,0,0,0,0,0,0,2398,3.315791,-1.10893418425531
"399",133,133,3,4.39269511642094,11.9128406390226,12.9915402656335,13.782278737585,15.0285804391812,16.1691905362416,18.5210018911079,19.4367327507557,21.3957552752849,1,1,1,1,1,1,1,1,0.918032786885246,0.901639344262295,0.901639344262295,0.885245901639344,0.868852459016393,0.852459016393443,0.836065573770492,0.819672131147541,0,0,0,0,0,0,0,0,2399,3.784463,-0.608232116420941
"400",134,134,1,4.4536807587123,11.957973724022,13.0343994388342,13.8234710245677,15.0671455071734,16.2053511844181,18.5522048926363,19.4660053806082,21.4208982620722,1,1,1,1,1,1,1,1,0.918032786885246,0.901639344262295,0.901639344262295,0.885245901639344,0.868852459016393,0.852459016393443,0.836065573770492,0.819672131147541,0,0,0,0,0,0,0,0,2400,3.575168,-0.878512758712296
"401",134,134,2,4.42362062104884,11.9279135863585,13.0043393011708,13.7934108869042,15.0370853695099,16.1752910467546,18.5221447549729,19.4359452429447,21.3908381244087,1,1,1,1,1,1,1,1,0.933333333333333,0.916666666666667,0.916666666666667,0.9,0.883333333333333,0.866666666666667,0.85,0.833333333333333,0,0,0,0,0,0,0,0,2401,5.326495,0.902874378951158
"402",134,134,3,4.67515616042496,12.1794491257346,13.2558748405469,14.0449464262803,15.288620908886,16.4268265861308,18.773680294349,19.6874807823208,21.6423736637848,1,1,1,1,1,1,1,1,0.918032786885246,0.901639344262295,0.901639344262295,0.885245901639344,0.868852459016393,0.836065573770492,0.836065573770492,0.819672131147541,0,0,0,0,0,0,0,0,2402,3.265391,-1.40976516042496
"403",135,135,1,4.38094523922399,11.8847131131704,12.9610635081825,13.7500798808963,14.9936673409494,16.1317933755185,18.4784828693838,19.3922194167891,21.3469755102341,1,1,1,1,1,1,1,1,0.918032786885246,0.901639344262295,0.901639344262295,0.885245901639344,0.868852459016393,0.852459016393443,0.836065573770492,0.819672131147541,0,0,0,0,0,0,0,0,2403,3.356728,-1.02421723922399
"404",135,135,2,4.39402601862434,11.8977938925707,12.9741442875829,13.7631606602967,15.0067481203498,16.1448741549188,18.4915636487842,19.4053001961894,21.3600562896345,1,1,1,1,1,1,1,1,0.918032786885246,0.901639344262295,0.901639344262295,0.885245901639344,0.868852459016393,0.852459016393443,0.836065573770492,0.819672131147541,0,0,0,0,0,0,0,0,2404,3.160643,-1.23338301862434
"405",135,135,3,4.36594381066132,11.8697116846077,12.9460620796199,13.7350784523337,14.9786659123867,16.1167919469558,18.4634814408211,19.3772179882264,21.3319740816715,1,1,1,1,1,1,1,1,0.949152542372881,0.932203389830508,0.932203389830508,0.915254237288136,0.898305084745763,0.88135593220339,0.864406779661017,0.847457627118644,0,0,0,0,0,0,0,0,2405,6.872549,2.50660518933868
"406",136,136,1,4.90035678438177,12.4042488652789,13.4806170767005,14.2696465096954,15.513254554368,16.6513994278946,18.9981277655983,19.9118794377292,21.8666678874915,1,1,1,1,1,1,1,1,0.918032786885246,0.901639344262295,0.885245901639344,0.885245901639344,0.868852459016393,0.836065573770492,0.836065573770492,0.819672131147541,0,0,0,0,0,0,0,0,2406,3.839872,-1.06048478438177
"407",136,136,2,4.46661652209261,11.9705086029898,13.0468768144113,13.8359062474062,15.0795142920788,16.2176591656054,18.5643875033091,19.47813917544,21.4329276252023,1,1,1,1,1,1,1,1,0.918032786885246,0.901639344262295,0.901639344262295,0.885245901639344,0.868852459016393,0.852459016393443,0.836065573770492,0.819672131147541,0,0,0,0,0,0,0,0,2407,3.764641,-0.70197552209261
"408",136,136,3,4.45585681584223,11.9597488967394,13.036117108161,13.8251465411559,15.0687545858284,16.206899459355,18.5536277970588,19.4673794691896,21.422167918952,1,1,1,1,1,1,1,1,0.949152542372881,0.932203389830508,0.932203389830508,0.915254237288136,0.898305084745763,0.88135593220339,0.864406779661017,0.847457627118644,0,0,0,0,0,0,0,0,2408,6.945448,2.48959118415777
"409",137,137,1,4.91286368881343,12.4168715513797,13.4932563706771,14.2822979780402,15.5259252110238,16.6640876456122,19.0108521922754,19.9246179631823,21.8794365744484,1,1,1,1,1,1,1,1,0.918032786885246,0.901639344262295,0.885245901639344,0.885245901639344,0.868852459016393,0.836065573770492,0.836065573770492,0.80327868852459,0,0,0,0,0,0,0,0,2409,4.07486,-0.838003688813427
"410",137,137,2,4.50247601896449,12.0064838815308,13.0828687008282,13.8719103081912,15.1155375411748,16.2536999757633,18.6004645224265,19.5142302933334,21.4690489045995,1,1,1,1,1,1,1,1,0.918032786885246,0.901639344262295,0.901639344262295,0.885245901639344,0.868852459016393,0.852459016393443,0.836065573770492,0.819672131147541,0,0,0,0,0,0,0,0,2410,4.261396,-0.241080018964492
"411",137,137,3,4.5291437519805,12.0331516145468,13.1095364338442,13.8985780412072,15.1422052741908,16.2803677087793,18.6271322554425,19.5408980263494,21.4957166376155,1,1,1,1,1,1,1,1,0.918032786885246,0.901639344262295,0.901639344262295,0.885245901639344,0.868852459016393,0.852459016393443,0.836065573770492,0.819672131147541,0,0,0,0,0,0,0,0,2411,3.603105,-0.926038751980495
"412",138,138,1,4.43245446335168,11.9309418385969,13.0065347918866,13.7949959235534,15.037708254994,16.1750333755225,18.5200714735781,19.433165012733,21.3865455189816,1,1,1,1,1,1,1,1,0.918032786885246,0.901639344262295,0.901639344262295,0.885245901639344,0.868852459016393,0.852459016393443,0.836065573770492,0.819672131147541,0,0,0,0,0,0,0,0,2412,4.219826,-0.212628463351675
"413",138,138,2,4.52098671177501,12.0194740870202,13.09506704031,13.8835281719767,15.1262405034173,16.2635656239458,18.6086037220014,19.5216972611563,21.4750777674049,1,1,1,1,1,1,1,1,0.918032786885246,0.901639344262295,0.901639344262295,0.885245901639344,0.868852459016393,0.852459016393443,0.836065573770492,0.819672131147541,0,0,0,0,0,0,0,0,2413,4.335011,-0.185975711775006
"414",138,138,3,4.53752188251614,12.0360092577613,13.1116022110511,13.9000633427178,15.1427756741585,16.280100794687,18.6251388927426,19.5382324318974,21.491612938146,1,1,1,1,1,1,1,1,0.949152542372881,0.932203389830508,0.932203389830508,0.915254237288136,0.898305084745763,0.88135593220339,0.864406779661017,0.847457627118644,0,0,0,0,0,0,0,0,2414,7.131838,2.59431611748386
"415",139,139,1,4.94103458264962,12.4397710251859,13.5153997050175,14.30388702595,15.5466406349148,16.6840035324605,19.0291195225305,19.9422433907001,21.8956887797934,1,1,1,1,1,1,1,1,0.933333333333333,0.916666666666667,0.9,0.9,0.883333333333333,0.85,0.85,0.816666666666667,0,0,0,0,0,0,0,0,2415,5.821124,0.880089417350384
"416",139,139,2,4.75327793398209,12.2520143765184,13.32764305635,14.1161303772824,15.3588839862473,16.496246883793,18.841362873863,19.7544867420326,21.7079321311258,1,1,1,1,1,1,1,1,0.918032786885246,0.901639344262295,0.885245901639344,0.885245901639344,0.868852459016393,0.836065573770492,0.836065573770492,0.819672131147541,0,0,0,0,0,0,0,0,2416,3.979703,-0.773574933982095
"417",139,139,3,4.48949877564092,11.9882352181772,13.0638638980088,13.8523512189413,15.0951048279061,16.2324677254518,18.5775837155218,19.4907075836914,21.4441529727847,1,1,1,1,1,1,1,1,0.949152542372881,0.932203389830508,0.932203389830508,0.915254237288136,0.898305084745763,0.88135593220339,0.864406779661017,0.847457627118644,0,0,0,0,0,0,0,0,2417,7.012817,2.52331822435908
"418",140,140,1,4.92768936956724,12.4262466232697,13.5018496000179,14.2903180793595,15.5330419916453,16.6703777109146,19.015437662397,19.9285397106771,21.8819384204925,1,1,1,1,1,1,1,1,0.918032786885246,0.901639344262295,0.885245901639344,0.885245901639344,0.868852459016393,0.836065573770492,0.836065573770492,0.80327868852459,0,0,0,0,0,0,0,0,2418,4.094702,-0.832987369567244
"419",140,140,2,4.50949040116382,12.0080476548663,13.0836506316145,13.8721191109561,15.1148430232418,16.2521787425112,18.5972386939936,19.5103407422736,21.4637394520891,1,1,1,1,1,1,1,1,0.933333333333333,0.916666666666667,0.916666666666667,0.9,0.883333333333333,0.866666666666667,0.85,0.833333333333333,0,0,0,0,0,0,0,0,2419,4.929334,0.419843598836184
"420",140,140,3,4.62910263076974,12.1276598844722,13.2032628612204,13.991731340562,15.2344552528477,16.3717909721171,18.7168509235995,19.6299529718796,21.583351681695,1,1,1,1,1,1,1,1,0.918032786885246,0.901639344262295,0.901639344262295,0.885245901639344,0.868852459016393,0.852459016393443,0.836065573770492,0.819672131147541,0,0,0,0,0,0,0,0,2420,3.227759,-1.40134363076974
"421",141,141,1,4.3849360809946,11.8828617125891,12.9583740886261,13.7467761533087,14.9893953878717,16.1266353065277,18.4714977277839,19.3845228632098,21.3377570333986,1,1,1,1,1,1,1,1,0.903225806451613,0.887096774193548,0.887096774193548,0.870967741935484,0.854838709677419,0.838709677419355,0.82258064516129,0.806451612903226,0,0,0,0,0,0,0,0,2421,3.016056,-1.3688800809946
"422",141,141,2,4.35462883199581,11.8525544635903,12.9280668396273,13.7164689043099,14.9590881388729,16.0963280575289,18.4411904787851,19.354215614211,21.3074497843998,1,1,1,1,1,1,1,1,0.903225806451613,0.887096774193548,0.887096774193548,0.870967741935484,0.854838709677419,0.838709677419355,0.82258064516129,0.806451612903226,0,0,0,0,0,0,0,0,2422,3.052715,-1.30191383199581
"423",141,141,3,4.3598769080318,11.8578025396262,12.9333149156633,13.7217169803459,14.9643362149089,16.1015761335649,18.4464385548211,19.359463690247,21.3126978604358,1,1,1,1,1,1,1,1,0.918032786885246,0.901639344262295,0.901639344262295,0.885245901639344,0.868852459016393,0.852459016393443,0.836065573770492,0.819672131147541,0,0,0,0,0,0,0,0,2423,3.263508,-1.0963689080318
"424",142,142,1,4.38146871488027,11.8670120251968,12.9407482646819,13.7278483362345,14.9684154684769,16.1037773116844,18.4447673499271,19.3562846855805,21.3062932205451,1,1,1,1,1,1,1,1,0.918032786885246,0.901639344262295,0.901639344262295,0.885245901639344,0.868852459016393,0.852459016393443,0.836065573770492,0.819672131147541,0,0,0,0,0,0,0,0,2424,4.369392,-0.0120767148802745
"425",142,142,2,4.54158796729793,12.0271312776145,13.1008675170995,13.8879675886522,15.1285347208945,16.2638965641021,18.6048866023448,19.5164039379982,21.4664124729627,1,1,1,1,1,1,1,1,0.918032786885246,0.901639344262295,0.901639344262295,0.885245901639344,0.868852459016393,0.852459016393443,0.836065573770492,0.819672131147541,0,0,0,0,0,0,0,0,2425,4.118347,-0.423240967297931
"426",142,142,3,4.50523954583312,11.9907828561497,13.0645190956347,13.8516191671874,15.0921862994297,16.2275481426373,18.56853818088,19.4800555165334,21.4300640514979,1,1,1,1,1,1,1,1,0.918032786885246,0.901639344262295,0.901639344262295,0.885245901639344,0.868852459016393,0.852459016393443,0.836065573770492,0.819672131147541,0,0,0,0,0,0,0,0,2426,3.75567,-0.749569545833122
"427",143,143,1,4.45470638140355,11.939640857747,13.0132897652812,13.8003258183326,15.0407920494934,16.1760615484538,18.5168611831136,19.4283043808323,21.378154312554,1,1,1,1,1,1,1,1,0.918032786885246,0.901639344262295,0.901639344262295,0.885245901639344,0.868852459016393,0.852459016393443,0.836065573770492,0.819672131147541,0,0,0,0,0,0,0,0,2427,3.595253,-0.859453381403549
"428",143,143,2,4.43150254548258,11.916437021826,12.9900859293602,13.7771219824116,15.0175882135724,16.1528577125328,18.4936573471926,19.4051005449113,21.354950476633,1,1,1,1,1,1,1,1,0.918032786885246,0.901639344262295,0.901639344262295,0.885245901639344,0.868852459016393,0.852459016393443,0.836065573770492,0.819672131147541,0,0,0,0,0,0,0,0,2428,3.754658,-0.676844545482576
"429",143,143,3,4.4545599986514,11.9394944749949,13.013143382529,13.8001794355805,15.0406456667413,16.1759151657016,18.5167148003614,19.4281579980801,21.3780079298018,1,1,1,1,1,1,1,1,0.949152542372881,0.932203389830508,0.932203389830508,0.915254237288136,0.898305084745763,0.88135593220339,0.864406779661017,0.847457627118644,0,0,0,0,0,0,0,0,2429,6.726139,2.2715790013486
"430",144,144,1,4.88672315850362,12.3712386658997,13.4448274759735,14.2318194747092,15.4722162708158,16.6074222231054,18.9480908315869,19.8594830113043,21.8092238002437,1,1,1,1,1,1,1,1,0.918032786885246,0.901639344262295,0.885245901639344,0.885245901639344,0.868852459016393,0.836065573770492,0.836065573770492,0.819672131147541,0,0,0,0,0,0,0,0,2430,4.323441,-0.563282158503619
"431",144,144,2,4.53981231580697,12.024327823203,13.0979166332769,13.8849086320126,15.1253054281191,16.2605113804087,18.6011799888903,19.5125721686076,21.4623129575471,1,1,1,1,1,1,1,1,0.918032786885246,0.901639344262295,0.901639344262295,0.885245901639344,0.868852459016393,0.852459016393443,0.836065573770492,0.819672131147541,0,0,0,0,0,0,0,0,2431,3.495136,-1.04467631580697
"432",144,144,3,4.42021843194813,11.9047339393442,12.978322749418,13.7653147481537,15.0057115442603,16.1409174965499,18.4815861050314,19.3929782847488,21.3427190736882,1,1,1,1,1,1,1,1,0.918032786885246,0.901639344262295,0.901639344262295,0.885245901639344,0.868852459016393,0.852459016393443,0.836065573770492,0.819672131147541,0,0,0,0,0,0,0,0,2432,3.422361,-0.997857431948132
"433",145,145,1,4.40884893593907,11.8929786165247,12.9665120830902,13.7534635123846,14.9937963660303,16.1289437984476,18.4694917454511,19.3808369428972,21.3304772226896,1,1,1,1,1,1,1,1,0.918032786885246,0.901639344262295,0.901639344262295,0.885245901639344,0.868852459016393,0.852459016393443,0.836065573770492,0.819672131147541,0,0,0,0,0,0,0,0,2433,3.51797,-0.89087893593907
"434",145,145,2,4.42264442822944,11.906774108815,12.9803075753805,13.7672590046749,15.0075918583207,16.1427392907379,18.4832872377415,19.3946324351876,21.3442727149799,1,1,1,1,1,1,1,1,0.918032786885246,0.901639344262295,0.901639344262295,0.885245901639344,0.868852459016393,0.852459016393443,0.836065573770492,0.819672131147541,0,0,0,0,0,0,0,0,2434,3.32293,-1.09971442822944
"435",145,145,3,4.39450196448321,11.8786316450688,12.9521651116343,13.7391165409287,14.9794493945745,16.1145968269917,18.4551447739952,19.3664899714413,21.3161302512337,1,1,1,1,1,1,1,1,0.96551724137931,0.948275862068966,0.948275862068966,0.931034482758621,0.913793103448276,0.896551724137931,0.879310344827586,0.862068965517241,0,0,0,0,0,0,0,0,2435,8.461001,4.06649903551679
"436",146,146,1,5.13934060990141,12.6060254236105,13.6770565753831,14.4621736881293,15.6996154318614,16.8321169325954,19.1672092622999,20.0764301919518,22.0215260268201,1,1,1,1,1,1,1,1,0.901639344262295,0.901639344262295,0.885245901639344,0.868852459016393,0.868852459016393,0.836065573770492,0.836065573770492,0.80327868852459,0,0,0,0,0,0,0,0,2436,3.639166,-1.50017460990141
"437",146,146,2,4.43563233525466,11.9023171489638,12.9733483007364,13.7584654134825,14.9959071572147,16.1284086579487,18.4635009876532,19.3727219173051,21.3178177521734,1,1,1,1,1,1,1,1,0.918032786885246,0.901639344262295,0.901639344262295,0.885245901639344,0.868852459016393,0.852459016393443,0.836065573770492,0.819672131147541,0,0,0,0,0,0,0,0,2437,4.124227,-0.311405335254656
"438",146,146,3,4.50642311084288,11.973107924552,13.0441390763246,13.8292561890708,15.0666979328029,16.1991994335369,18.5342917632414,19.4435126928933,21.3886085277616,1,1,1,1,1,1,1,1,0.918032786885246,0.901639344262295,0.901639344262295,0.885245901639344,0.868852459016393,0.852459016393443,0.836065573770492,0.819672131147541,0,0,0,0,0,0,0,0,2438,4.122789,-0.383634110842876
"439",147,147,1,4.50765683016049,11.9739147084355,13.0448846200244,13.8299568407838,15.0673278291886,16.1997645749434,18.5347233870718,19.4438923286404,21.3888769454306,1,1,1,1,1,1,1,1,0.933333333333333,0.916666666666667,0.916666666666667,0.9,0.883333333333333,0.866666666666667,0.85,0.833333333333333,0,0,0,0,0,0,0,0,2439,5.001173,0.493516169839511
"440",147,147,2,4.63555630568509,12.1018141839601,13.172784095549,13.9578563163084,15.1952273047132,16.327664050468,18.6626228625964,19.571791804165,21.5167764209552,1,1,1,1,1,1,1,1,0.918032786885246,0.901639344262295,0.901639344262295,0.885245901639344,0.868852459016393,0.852459016393443,0.836065573770492,0.819672131147541,0,0,0,0,0,0,0,0,2440,3.959227,-0.676329305685089
"441",147,147,3,4.48384094324115,11.9500988215161,13.021068733105,13.8061409538645,15.0435119422693,16.175948688024,18.5109075001525,19.4200764417211,21.3650610585113,1,1,1,1,1,1,1,1,0.933333333333333,0.916666666666667,0.916666666666667,0.9,0.883333333333333,0.866666666666667,0.85,0.833333333333333,0,0,0,0,0,0,0,0,2441,6.237438,1.75359705675885
"442",148,148,1,4.81973671240613,12.2853904783268,13.35627373524,14.1412824339734,15.378553303803,16.510898421457,18.8456683066172,19.7547636852044,21.6995909287488,1,1,1,1,1,1,1,1,0.918032786885246,0.901639344262295,0.885245901639344,0.885245901639344,0.868852459016393,0.836065573770492,0.836065573770492,0.819672131147541,0,0,0,0,0,0,0,0,2442,4.058087,-0.761649712406131
"443",148,148,2,4.50308754302364,11.9687413089443,13.0396245658575,13.8246332645909,15.0619041344205,16.1942492520746,18.5290191372347,19.4381145158219,21.3829417593663,1,1,1,1,1,1,1,1,0.918032786885246,0.901639344262295,0.901639344262295,0.885245901639344,0.868852459016393,0.852459016393443,0.836065573770492,0.819672131147541,0,0,0,0,0,0,0,0,2443,3.28153,-1.22155754302364
"444",148,148,3,4.39025756335163,11.8559113292723,12.9267945861855,13.7118032849189,14.9490741547485,16.0814192724025,18.4161891575627,19.3252845361499,21.2701117796943,1,1,1,1,1,1,1,1,0.933333333333333,0.916666666666667,0.916666666666667,0.9,0.883333333333333,0.866666666666667,0.85,0.833333333333333,0,0,0,0,0,0,0,0,2444,5.744627,1.35436943664837
"445",149,149,1,4.74922230881034,12.2141649384283,13.2849461890091,14.069880112217,15.3070331265634,16.4392703833729,18.7738178714496,19.6828266547101,21.62746864492,1,1,1,1,1,1,1,1,0.933333333333333,0.916666666666667,0.9,0.9,0.883333333333333,0.85,0.85,0.833333333333333,0,0,0,0,0,0,0,0,2445,5.187108,0.437885691189664
"446",149,149,2,4.66842428947527,12.1333669190932,13.2041481696741,13.9890820928819,15.2262351072283,16.3584723640379,18.6930198521146,19.6020286353751,21.5466706255849,1,1,1,1,1,1,1,1,0.918032786885246,0.901639344262295,0.901639344262295,0.885245901639344,0.868852459016393,0.852459016393443,0.836065573770492,0.819672131147541,0,0,0,0,0,0,0,0,2446,3.999055,-0.669369289475275
"447",149,149,3,4.49624660716296,11.9611892367809,13.0319704873617,13.8169044105696,15.054057424916,16.1862946817255,18.5208421698022,19.4298509530628,21.3744929432726,1,1,1,1,1,1,1,1,0.918032786885246,0.901639344262295,0.901639344262295,0.885245901639344,0.868852459016393,0.852459016393443,0.836065573770492,0.819672131147541,0,0,0,0,0,0,0,0,2447,3.881505,-0.614741607162962
"448",150,150,1,4.47296928547311,11.92657674828,12.9957320675315,13.7794741052291,15.0147485604915,16.1452665678959,18.4762691546225,19.3838976504914,21.3255867926432,1,1,1,1,1,1,1,1,1,0.982142857142857,0.982142857142857,0.964285714285714,0.946428571428571,0.928571428571429,0.910714285714286,0.892857142857143,0,0,0,0,0,0,0,0,2448,11.319455,6.84648571452689
"449",150,150,2,5.54997151822942,13.0035789810363,14.0727343002878,14.8564763379854,16.0917507932478,17.2222688006522,19.5532713873788,20.4608998832477,22.4025890253996,1,1,1,1,1,1,1,1,0.901639344262295,0.885245901639344,0.885245901639344,0.868852459016393,0.852459016393443,0.836065573770492,0.819672131147541,0.80327868852459,0,0,0,0,0,0,0,0,2449,3.321689,-2.22828251822942
"450",150,150,3,4.39190890163984,11.8455163644468,12.9146716836982,13.6984137213958,14.9336881766582,16.0642061840626,18.3952087707892,19.3028372666581,21.24452640881,1,1,1,1,1,1,1,1,0.918032786885246,0.901639344262295,0.901639344262295,0.885245901639344,0.868852459016393,0.852459016393443,0.836065573770492,0.819672131147541,0,0,0,0,0,0,0,0,2450,3.520855,-0.871053901639836
"451",151,151,1,4.42342266673718,11.8771303944845,12.9463000958716,13.7300526763633,14.9653437483741,16.095876963357,18.4269109064217,19.3345516115889,21.2762668730859,1,1,1,1,1,1,1,1,0.918032786885246,0.901639344262295,0.901639344262295,0.885245901639344,0.868852459016393,0.852459016393443,0.836065573770492,0.819672131147541,0,0,0,0,0,0,0,0,2451,3.746112,-0.677310666737175
"452",151,151,2,4.45713574325522,11.9108434710025,12.9800131723897,13.7637657528814,14.9990568248921,16.129590039875,18.4606239829397,19.3682646881069,21.3099799496039,1,1,1,1,1,1,1,1,0.918032786885246,0.901639344262295,0.901639344262295,0.885245901639344,0.868852459016393,0.852459016393443,0.836065573770492,0.819672131147541,0,0,0,0,0,0,0,0,2452,3.231269,-1.22586674325522
"453",151,151,3,4.3800817939716,11.8337895217189,12.9029592231061,13.6867118035977,14.9220028756085,16.0525360905914,18.3835700336561,19.2912107388233,21.2329260003203,1,1,1,1,1,1,1,1,0.96551724137931,0.948275862068966,0.948275862068966,0.931034482758621,0.913793103448276,0.896551724137931,0.879310344827586,0.862068965517241,0,0,0,0,0,0,0,0,2453,8.508861,4.1287792060284
"454",152,152,1,5.14388711104596,12.5002459558949,13.5554518046787,14.3289682126551,15.5481258098495,16.6638937362568,18.9644832939707,19.8602697902061,21.7766253490534,1,1,1,1,1,1,1,1,0.901639344262295,0.901639344262295,0.885245901639344,0.885245901639344,0.868852459016393,0.836065573770492,0.836065573770492,0.819672131147541,0,0,0,0,0,0,0,0,2454,3.398364,-1.74552311104596
"455",152,152,2,4.39206600908961,11.7484248539385,12.8036307027224,13.5771471106988,14.7963047078931,15.9120726343004,18.2126621920144,19.1084486882498,21.0248042470971,1,1,1,1,1,1,1,1,0.918032786885246,0.901639344262295,0.901639344262295,0.885245901639344,0.868852459016393,0.852459016393443,0.836065573770492,0.819672131147541,0,0,0,0,0,0,0,0,2455,3.523217,-0.86884900908961
"456",152,152,3,4.41043352208151,11.7667923669304,12.8219982157143,13.5955146236907,14.814672220885,15.9304401472923,18.2310297050063,19.1268162012417,21.043171760089,1,1,1,1,1,1,1,1,0.918032786885246,0.901639344262295,0.901639344262295,0.885245901639344,0.868852459016393,0.852459016393443,0.836065573770492,0.819672131147541,0,0,0,0,0,0,0,0,2456,4.289957,-0.120476522081508
"457",153,153,1,4.5243794214261,11.8802028046621,12.9353318461235,13.7087919506553,14.9278608066521,16.0435475174871,18.34396961771,19.2396909105898,21.1559069799342,1,1,1,1,1,1,1,1,0.96551724137931,0.948275862068966,0.948275862068966,0.931034482758621,0.913793103448276,0.896551724137931,0.879310344827586,0.862068965517241,0,0,0,0,0,0,0,0,2457,8.374281,3.8499015785739
"458",153,153,2,5.12370204674829,12.4795254299843,13.5346544714457,14.3081145759774,15.5271834319743,16.6428701428093,18.9432922430322,19.839013535912,21.7552296052564,1,1,1,1,1,1,1,1,0.903225806451613,0.887096774193548,0.870967741935484,0.870967741935484,0.854838709677419,0.82258064516129,0.82258064516129,0.806451612903226,0,0,0,0,0,0,0,0,2458,3.013123,-2.11057904674829
"459",153,153,3,4.33702026358734,11.6928436468234,12.7479726882848,13.5214327928165,14.7405016488133,15.8561883596483,18.1566104598713,19.052331752751,20.9685478220955,1,1,1,1,1,1,1,1,0.903225806451613,0.887096774193548,0.887096774193548,0.870967741935484,0.854838709677419,0.838709677419355,0.82258064516129,0.806451612903226,0,0,0,0,0,0,0,0,2459,2.80907,-1.52795026358734
"460",154,154,1,4.30252477096953,11.6462117818208,12.6995999659649,13.4717839387348,14.6888414531281,15.8026873925522,18.0993140265444,18.993557468938,20.9066119735498,1,1,1,1,1,1,1,1,0.918032786885246,0.901639344262295,0.901639344262295,0.885245901639344,0.868852459016393,0.852459016393443,0.836065573770492,0.819672131147541,0,0,0,0,0,0,0,0,2460,3.765977,-0.536547770969531
"461",154,154,2,4.44422556412096,11.7879125749722,12.8413007591163,13.6134847318863,14.8305422462795,15.9443881857037,18.2410148196959,19.1352582620894,21.0483127667013,1,1,1,1,1,1,1,1,0.918032786885246,0.901639344262295,0.901639344262295,0.885245901639344,0.868852459016393,0.852459016393443,0.836065573770492,0.819672131147541,0,0,0,0,0,0,0,0,2461,3.317499,-1.12672656412096
"462",154,154,3,4.37781400237988,11.7215010132311,12.7748891973753,13.5470731701452,14.7641306845385,15.8779766239626,18.1746032579548,19.0688467003483,20.9819012049602,1,1,1,1,1,1,1,1,0.903225806451613,0.887096774193548,0.887096774193548,0.870967741935484,0.854838709677419,0.838709677419355,0.82258064516129,0.806451612903226,0,0,0,0,0,0,0,0,2462,3.068352,-1.30946200237988
"463",155,155,1,4.34233756739642,11.6852982129617,12.7385822063079,13.5106898022345,14.7276269372695,15.8413627060092,18.1377621802846,19.0319171729127,20.9447824569899,1,1,1,1,1,1,1,1,0.918032786885246,0.901639344262295,0.901639344262295,0.885245901639344,0.868852459016393,0.852459016393443,0.836065573770492,0.819672131147541,0,0,0,0,0,0,0,0,2463,4.178943,-0.16339456739642
"464",155,155,2,4.50657182354839,11.8495324691137,12.9028164624598,13.6749240583865,14.8918611934215,16.0055969621612,18.3019964364365,19.1961514290646,21.1090167131419,1,1,1,1,1,1,1,1,0.918032786885246,0.901639344262295,0.901639344262295,0.885245901639344,0.868852459016393,0.852459016393443,0.836065573770492,0.819672131147541,0,0,0,0,0,0,0,0,2464,4.394208,-0.112363823548387
"465",155,155,3,4.53840522319826,11.8813658687635,12.9346498621097,13.7067574580363,14.9236945930714,16.0374303618111,18.3338298360864,19.2279848287145,21.1408501127917,1,1,1,1,1,1,1,1,0.949152542372881,0.932203389830508,0.932203389830508,0.915254237288136,0.898305084745763,0.88135593220339,0.864406779661017,0.847457627118644,0,0,0,0,0,0,0,0,2465,6.622067,2.08366177680174
"466",156,156,1,4.87134284862831,12.2137920525793,13.2670026840634,14.0390565022328,15.2559088768662,16.3695670732415,18.6658066019157,19.5598993161121,21.4726313679747,1,1,1,1,1,1,1,1,0.918032786885246,0.901639344262295,0.901639344262295,0.885245901639344,0.868852459016393,0.852459016393443,0.836065573770492,0.819672131147541,0,0,0,0,0,0,0,0,2466,3.252606,-1.61873684862831
"467",156,156,2,4.37354830594329,11.7159975098943,12.7692081413784,13.5412619595477,14.7581143341812,15.8717725305564,18.1680120592307,19.0621047734271,20.9748368252897,1,1,1,1,1,1,1,1,0.918032786885246,0.901639344262295,0.901639344262295,0.885245901639344,0.868852459016393,0.852459016393443,0.836065573770492,0.819672131147541,0,0,0,0,0,0,0,0,2467,3.219143,-1.15440530594329
"468",156,156,3,4.3686045779162,11.7110537818672,12.7642644133513,13.5363182315206,14.7531706061541,15.8668288025293,18.1630683312036,19.0571610454,20.9698930972626,1,1,1,1,1,1,1,1,0.903225806451613,0.887096774193548,0.887096774193548,0.870967741935484,0.854838709677419,0.838709677419355,0.82258064516129,0.806451612903226,0,0,0,0,0,0,0,0,2468,2.727697,-1.6409075779162
"469",157,157,1,4.29758787458741,11.6395868542512,12.6927329049677,13.4647393823424,14.6815171420241,15.795107051108,18.091205778971,18.9852436691919,20.897858436154,1,1,1,1,1,1,1,1,0.918032786885246,0.901639344262295,0.901639344262295,0.885245901639344,0.868852459016393,0.852459016393443,0.836065573770492,0.819672131147541,0,0,0,0,0,0,0,0,2469,4.06279,-0.234797874587414
"470",157,157,2,4.49414534464839,11.8361443243122,12.8892903750287,13.6612968524034,14.8780746120851,15.991664521169,18.287763249032,19.1818011392529,21.094415906215,1,1,1,1,1,1,1,1,0.918032786885246,0.901639344262295,0.901639344262295,0.885245901639344,0.868852459016393,0.852459016393443,0.836065573770492,0.819672131147541,0,0,0,0,0,0,0,0,2470,3.324652,-1.16949334464839
"471",157,157,3,4.38547386046274,11.7274728401265,12.780618890843,13.5526253682177,14.7694031278995,15.8829930369834,18.1790917648463,19.0731296550673,20.9857444220293,1,1,1,1,1,1,1,1,0.918032786885246,0.901639344262295,0.901639344262295,0.885245901639344,0.868852459016393,0.852459016393443,0.836065573770492,0.819672131147541,0,0,0,0,0,0,0,0,2471,3.360136,-1.02533786046274
"472",158,158,1,4.38569179946553,11.7176534795205,12.7693597666968,13.540310828464,14.7554251225195,15.8674926348297,18.1604523496082,19.0532679941996,20.9632680117581,1,1,1,1,1,1,1,1,0.918032786885246,0.901639344262295,0.901639344262295,0.885245901639344,0.868852459016393,0.852459016393443,0.836065573770492,0.819672131147541,0,0,0,0,0,0,0,0,2472,3.335695,-1.04999679946553
"473",158,158,2,4.38205918058343,11.7140208606384,12.7657271478147,13.5366782095819,14.7517925036374,15.8638600159476,18.1568197307262,19.0496353753175,20.9596353928761,1,1,1,1,1,1,1,1,0.918032786885246,0.901639344262295,0.901639344262295,0.885245901639344,0.868852459016393,0.852459016393443,0.836065573770492,0.819672131147541,0,0,0,0,0,0,0,0,2473,3.440553,-0.941506180583433
"474",158,158,3,4.39764402370517,11.7296057037601,12.7813119909365,13.5522630527037,14.7673773467591,15.8794448590694,18.1724045738479,19.0652202184392,20.9752202359978,1,1,1,1,1,1,1,1,0.903225806451613,0.887096774193548,0.887096774193548,0.870967741935484,0.854838709677419,0.838709677419355,0.82258064516129,0.806451612903226,0,0,0,0,0,0,0,0,2474,3.097865,-1.29977902370517
"475",159,159,1,4.34707440550572,11.6783013008967,12.7299021895884,13.5007759892201,14.7157685085872,15.8277245732128,18.1204544952418,19.0131806648369,20.9229892685854,1,1,1,1,1,1,1,1,0.933333333333333,0.916666666666667,0.916666666666667,0.9,0.883333333333333,0.866666666666667,0.85,0.833333333333333,0,0,0,0,0,0,0,0,2475,6.062583,1.71550859449428
"476",159,159,2,4.78778985957002,12.119016754961,13.1706176436527,13.9414914432843,15.1564839626515,16.268440027277,18.5611699493061,19.4538961189012,21.3637047226497,1,1,1,1,1,1,1,1,0.918032786885246,0.901639344262295,0.901639344262295,0.885245901639344,0.868852459016393,0.852459016393443,0.836065573770492,0.819672131147541,0,0,0,0,0,0,0,0,2476,3.411443,-1.37634685957002
"477",159,159,3,4.3936888459532,11.7249157413442,12.7765166300358,13.5473904296675,14.7623829490346,15.8743390136602,18.1670689356893,19.0597951052844,20.9696037090328,1,1,1,1,1,1,1,1,0.949152542372881,0.932203389830508,0.932203389830508,0.915254237288136,0.898305084745763,0.88135593220339,0.864406779661017,0.847457627118644,0,0,0,0,0,0,0,0,2477,7.340224,2.9465351540468
"478",160,160,1,4.98131964629951,12.3126926905886,13.3643145430716,14.1352037101661,15.3502204505566,16.4621986821613,18.7549743100397,19.6477182762394,21.5575649522542,1,1,1,1,1,1,1,1,0.933333333333333,0.916666666666667,0.9,0.9,0.883333333333333,0.85,0.85,0.833333333333333,0,0,0,0,0,0,0,0,2478,5.102005,0.120685353700492
"479",160,160,2,4.650350548703,11.9817235929921,13.0333454454751,13.8042346125696,15.0192513529601,16.1312295845648,18.4240052124432,19.3167491786428,21.2265958546576,0,0,0,0,0,0,0,0,0,0,0,0,0,0,0,0,0,0,0,0,0,0,0,0,2479,32.429877,27.779526451297
"480",160,160,3,8.6913675962184,16.0227406405075,17.0743624929905,17.845251660085,19.0602684004755,20.1722466320802,22.4650222599586,23.3577662261582,25.267612902173,1,1,1,1,1,1,1,1,0.913793103448276,0.913793103448276,0.896551724137931,0.879310344827586,0.879310344827586,0.844827586206897,0.844827586206897,0.810344827586207,1,1,1,1,1,1,1,1,2480,8.402516,-0.288851596218397
"481",161,161,1,5.15475222376205,12.555733418121,13.6173399557758,14.3955483751449,15.6221011630249,16.7446371369723,19.0591816571192,19.960401833109,21.8883816600672,1,1,1,1,1,1,1,1,0.916666666666667,0.916666666666667,0.9,0.9,0.883333333333333,0.85,0.85,0.816666666666667,1,1,1,1,1,1,1,1,2481,5.544965,0.390212776237953
"482",161,161,2,4.73188337276938,12.1328645671283,13.1944711047831,13.9726795241522,15.1992323120322,16.3217682859796,18.6363128061266,19.5375329821164,21.4655128090745,1,1,1,1,1,1,1,1,0.933333333333333,0.916666666666667,0.916666666666667,0.9,0.883333333333333,0.866666666666667,0.85,0.833333333333333,0,0,0,0,0,0,0,0,2482,4.913965,0.182081627230623
"483",161,161,3,4.63850612596735,12.0394873203263,13.1010938579811,13.8793022773502,15.1058550652302,16.2283910391776,18.5429355593245,19.4441557353143,21.3721355622725,1,1,1,1,1,1,1,1,0.918032786885246,0.901639344262295,0.901639344262295,0.885245901639344,0.868852459016393,0.852459016393443,0.836065573770492,0.819672131147541,0,0,0,0,0,0,0,0,2483,3.866115,-0.772391125967351
"484",162,162,1,4.47842267245439,11.8677415103,12.9276751841016,13.7046573141733,14.9292773183428,16.0500444167339,18.3609417119183,19.2607417585072,21.185683503419,1,1,1,1,1,1,1,1,0.918032786885246,0.901639344262295,0.901639344262295,0.885245901639344,0.868852459016393,0.852459016393443,0.836065573770492,0.819672131147541,0,0,0,0,0,0,0,0,2484,3.931973,-0.546449672454386
"485",162,162,2,4.48826867213424,11.8775875099799,12.9375211837814,13.7145033138532,14.9391233180226,16.0598904164138,18.3707877115981,19.2705877581871,21.1955295030989,1,1,1,1,1,1,1,1,0.918032786885246,0.901639344262295,0.901639344262295,0.885245901639344,0.868852459016393,0.852459016393443,0.836065573770492,0.819672131147541,0,0,0,0,0,0,0,0,2485,3.967979,-0.520289672134244
"486",162,162,3,4.49365169415849,11.8829705320041,12.9429042058057,13.7198863358774,14.9445063400469,16.065273438438,18.3761707336224,19.2759707802113,21.2009125251231,1,1,1,1,1,1,1,1,0.918032786885246,0.901639344262295,0.901639344262295,0.885245901639344,0.868852459016393,0.852459016393443,0.836065573770492,0.819672131147541,0,0,0,0,0,0,0,0,2486,3.888011,-0.605640694158492
"487",163,163,1,4.48429459326914,11.8730019493236,12.9328479113677,13.7097657445218,14.934284408791,16.05495876133,18.3656648248665,19.265390411095,21.1901728629986,1,1,1,1,1,1,1,1,0.918032786885246,0.901639344262295,0.901639344262295,0.885245901639344,0.868852459016393,0.852459016393443,0.836065573770492,0.819672131147541,0,0,0,0,0,0,0,0,2487,4.501743,0.0174484067308605
"488",163,163,2,4.57583960015525,11.9645469562097,13.0243929182538,13.8013107514079,15.0258294156771,16.1465037682161,18.4572098317526,19.3569354179811,21.2817178698847,1,1,1,1,1,1,1,1,0.918032786885246,0.901639344262295,0.901639344262295,0.885245901639344,0.868852459016393,0.852459016393443,0.836065573770492,0.819672131147541,0,0,0,0,0,0,0,0,2488,4.004101,-0.571738600155245
"489",163,163,3,4.50161071797733,11.8903180740317,12.9501640360759,13.72708186923,14.9516005334992,16.0722748860382,18.3829809495747,19.2827065358032,21.2074889877068,1,1,1,1,1,1,1,1,0.96551724137931,0.948275862068966,0.948275862068966,0.931034482758621,0.913793103448276,0.896551724137931,0.879310344827586,0.862068965517241,0,0,0,0,0,0,0,0,2489,9.059861,4.55825028202267
"490",164,164,1,5.25779544870167,12.648035082949,13.7081008370051,14.4851797882271,15.7099523945129,16.8308591537218,19.1420444140029,20.0419565863051,21.9671382016936,1,1,1,1,1,1,1,1,0.901639344262295,0.901639344262295,0.885245901639344,0.868852459016393,0.868852459016393,0.836065573770492,0.836065573770492,0.80327868852459,0,0,0,0,0,0,0,0,2490,4.204543,-1.05325244870167
"491",164,164,2,4.5343161754891,11.9245558097364,12.9846215637925,13.7617005150145,14.9864731213004,16.1073798805092,18.4185651407903,19.3184773130925,21.243658928481,1,1,1,1,1,1,1,1,0.903225806451613,0.887096774193548,0.887096774193548,0.870967741935484,0.854838709677419,0.838709677419355,0.82258064516129,0.806451612903226,0,0,0,0,0,0,0,0,2491,2.779685,-1.7546311754891
"492",164,164,3,4.32200150726941,11.7122411415167,12.7723068955728,13.5493858467948,14.7741584530807,15.8950652122895,18.2062504725706,19.1061626448728,21.0313442602613,1,1,1,1,1,1,1,1,0.903225806451613,0.887096774193548,0.887096774193548,0.870967741935484,0.854838709677419,0.838709677419355,0.82258064516129,0.806451612903226,0,0,0,0,0,0,0,0,2492,2.723076,-1.59892550726941
"493",165,165,1,4.31327691921613,11.703674130367,12.7637624874627,13.5408580077949,14.7656567290492,15.8865873885678,18.1978219286334,19.0977532891326,21.0229759538202,1,1,1,1,1,1,1,1,0.918032786885246,0.901639344262295,0.901639344262295,0.885245901639344,0.868852459016393,0.852459016393443,0.836065573770492,0.819672131147541,0,0,0,0,0,0,0,0,2493,4.241293,-0.0719839192161329
"494",165,165,2,4.53928409584788,11.9296813069988,12.9897696640944,13.7668651844266,14.9916639056809,16.1125945651995,18.4238291052652,19.3237604657643,21.248983130452,1,1,1,1,1,1,1,1,0.933333333333333,0.916666666666667,0.916666666666667,0.9,0.883333333333333,0.866666666666667,0.85,0.833333333333333,0,0,0,0,0,0,0,0,2494,4.735017,0.195732904152122
"495",165,165,3,4.6127816046199,12.0031788157708,13.0632671728664,13.8403626931987,15.0651614144529,16.1860920739716,18.4973266140372,19.3972579745363,21.322480639224,1,1,1,1,1,1,1,1,0.903225806451613,0.887096774193548,0.887096774193548,0.870967741935484,0.854838709677419,0.838709677419355,0.82258064516129,0.806451612903226,0,0,0,0,0,0,0,0,2495,2.795112,-1.8176696046199
"496",166,166,1,4.32141606975723,11.7075404181374,12.7670158701422,13.5436621016983,14.7677526882329,15.8880352658221,18.1979335329191,19.0973445853622,21.0214541553116,1,1,1,1,1,1,1,1,0.918032786885246,0.901639344262295,0.901639344262295,0.885245901639344,0.868852459016393,0.852459016393443,0.836065573770492,0.819672131147541,0,0,0,0,0,0,0,0,2496,3.405488,-0.915928069757235
"497",166,166,2,4.41254670884838,11.7986710572286,12.8581465092333,13.6347927407894,14.858883327324,15.9791659049132,18.2890641720102,19.1884752244533,21.1125847944027,1,1,1,1,1,1,1,1,0.918032786885246,0.901639344262295,0.901639344262295,0.885245901639344,0.868852459016393,0.852459016393443,0.836065573770492,0.819672131147541,0,0,0,0,0,0,0,0,2497,4.08995,-0.322596708848383
"498",166,166,3,4.51473857008409,11.9008629184643,12.960338370469,13.7369846020251,14.9610751885597,16.0813577661489,18.3912560332459,19.290667085689,21.2147766556384,1,1,1,1,1,1,1,1,0.903225806451613,0.887096774193548,0.887096774193548,0.870967741935484,0.854838709677419,0.838709677419355,0.82258064516129,0.806451612903226,0,0,0,0,0,0,0,0,2498,3.044421,-1.47031757008409
"499",167,167,1,4.35987163501378,11.7459497948881,12.8054186215525,13.5820599964168,14.8061429282041,15.9264185002007,18.2363023225437,19.1357077505956,21.059805288288,1,1,1,1,1,1,1,1,0.918032786885246,0.901639344262295,0.901639344262295,0.885245901639344,0.868852459016393,0.852459016393443,0.836065573770492,0.819672131147541,0,0,0,0,0,0,0,0,2499,3.233184,-1.12668763501378
"500",167,167,2,4.38804827536039,11.7741264352348,12.8335952618991,13.6102366367634,14.8343195685508,15.9545951405473,18.2644789628903,19.1638843909422,21.0879819286346,1,1,1,1,1,1,1,1,0.903225806451613,0.887096774193548,0.887096774193548,0.870967741935484,0.854838709677419,0.838709677419355,0.82258064516129,0.806451612903226,0,0,0,0,0,0,0,0,2500,2.656361,-1.73168727536039
"501",167,167,3,4.30194594484723,11.6880241047216,12.7474929313859,13.5241343062503,14.7482172380376,15.8684928100342,18.1783766323771,19.077782060429,21.0018795981215,1,1,1,1,1,1,1,1,0.96551724137931,0.948275862068966,0.948275862068966,0.931034482758621,0.913793103448276,0.896551724137931,0.879310344827586,0.862068965517241,0,0,0,0,0,0,0,0,2501,7.967692,3.66574605515277
"502",168,168,1,5.09655143711524,12.4838181457512,13.5434574594229,14.3202238094262,15.5445037175007,16.6649595613702,18.975215084296,19.8747652423635,21.7991724008989,1,1,1,1,1,1,1,1,0.903225806451613,0.887096774193548,0.870967741935484,0.870967741935484,0.854838709677419,0.82258064516129,0.82258064516129,0.806451612903226,0,0,0,0,0,0,0,0,2502,3.024649,-2.07190243711524
"503",168,168,2,4.35850213398544,11.7457688426214,12.8054081562931,13.5821745062964,14.8064544143709,15.9269102582404,18.2371657811662,19.1367159392337,21.0611230977691,1,1,1,1,1,1,1,1,0.903225806451613,0.887096774193548,0.887096774193548,0.870967741935484,0.854838709677419,0.838709677419355,0.82258064516129,0.806451612903226,0,0,0,0,0,0,0,0,2503,2.923716,-1.43478613398544
"504",168,168,3,4.3434317552101,11.730698463846,12.7903377775178,13.5671041275211,14.7913840355956,15.9118398794651,18.2220954023908,19.1216455604584,21.0460527189937,1,1,1,1,1,1,1,1,0.903225806451613,0.887096774193548,0.887096774193548,0.870967741935484,0.854838709677419,0.838709677419355,0.82258064516129,0.806451612903226,0,0,0,0,0,0,0,0,2504,2.550488,-1.7929437552101
"505",169,169,1,4.28560450395868,11.6730860669575,12.7327561996234,13.509545141425,14.7338606569697,15.8543490886469,18.1646718040131,19.0642481249747,20.9887112537749,1,1,1,1,1,1,1,1,0.903225806451613,0.887096774193548,0.887096774193548,0.870967741935484,0.854838709677419,0.838709677419355,0.82258064516129,0.806451612903226,0,0,0,0,0,0,0,0,2505,2.682917,-1.60268750395868
"506",169,169,2,4.30537219276168,11.6928537557605,12.7525238884264,13.529312830228,14.7536283457728,15.8741167774499,18.1844394928161,19.0840158137777,21.0084789425779,1,1,1,1,1,1,1,1,0.903225806451613,0.887096774193548,0.887096774193548,0.870967741935484,0.854838709677419,0.838709677419355,0.82258064516129,0.806451612903226,0,0,0,0,0,0,0,0,2506,2.772738,-1.53263419276168
"507",169,169,3,4.31877978155246,11.7062613445513,12.7659314772172,13.5427204190188,14.7670359345635,15.8875243662407,18.1978470816069,19.0974234025685,21.0218865313687,1,1,1,1,1,1,1,1,0.903225806451613,0.887096774193548,0.887096774193548,0.870967741935484,0.854838709677419,0.838709677419355,0.82258064516129,0.806451612903226,0,0,0,0,0,0,0,0,2507,2.786971,-1.53180878155246
"508",170,170,1,4.31425872225475,11.6939266519876,12.7524759867566,13.5284433300385,14.7514639046269,15.8707672117648,18.1786463319396,19.0772711839321,20.9996988356899,1,1,1,1,1,1,1,1,0.903225806451613,0.887096774193548,0.887096774193548,0.870967741935484,0.854838709677419,0.838709677419355,0.82258064516129,0.806451612903226,0,0,0,0,0,0,0,0,2508,2.83011,-1.48414872225475
"509",170,170,2,4.32073808717912,11.700406016912,12.758955351681,13.5349226949629,14.7579432695512,15.8772465766891,18.1851256968639,19.0837505488565,21.0061782006143,1,1,1,1,1,1,1,1,0.918032786885246,0.901639344262295,0.901639344262295,0.885245901639344,0.868852459016393,0.852459016393443,0.836065573770492,0.819672131147541,0,0,0,0,0,0,0,0,2509,3.191432,-1.12930608717912
"510",170,170,3,4.37500770615967,11.7546756358926,12.8132249706615,13.5891923139434,14.8122128885318,15.9315161956697,18.2393953158445,19.138020167837,21.0604478195948,1,1,1,1,1,1,1,1,0.903225806451613,0.887096774193548,0.887096774193548,0.870967741935484,0.854838709677419,0.838709677419355,0.82258064516129,0.806451612903226,0,0,0,0,0,0,0,0,2510,2.871703,-1.50330470615967
"511",171,171,1,4.32707428288907,11.7066826939785,12.7652234913144,13.5411845762492,14.7641952869079,15.8834895666186,18.1913500732412,19.0899676776268,21.0123798245832,1,1,1,1,1,1,1,1,0.933333333333333,0.916666666666667,0.916666666666667,0.9,0.883333333333333,0.866666666666667,0.85,0.833333333333333,0,0,0,0,0,0,0,0,2511,5.852988,1.52591371711093
"512",171,171,2,4.77487068572246,12.1544790968119,13.2130198941478,13.9889809790826,15.2119916897413,16.331285969452,18.6391464760746,19.5377640804602,21.4601762274166,1,1,1,1,1,1,1,1,0.903225806451613,0.887096774193548,0.887096774193548,0.870967741935484,0.854838709677419,0.838709677419355,0.82258064516129,0.806451612903226,0,0,0,0,0,0,0,0,2512,2.905628,-1.86924268572246
"513",171,171,3,4.33216990204863,11.711778313138,12.770319110474,13.5462801954087,14.7692909060674,15.8885851857782,18.1964456924007,19.0950632967864,21.0174754437427,1,1,1,1,1,1,1,1,0.982456140350877,0.964912280701754,0.964912280701754,0.947368421052632,0.929824561403509,0.912280701754386,0.894736842105263,0.87719298245614,0,0,0,0,0,0,0,0,2513,10.669769,6.33759909795137
"514",172,172,1,5.50179134670632,12.8850395518077,13.944102446014,14.7204462529515,15.9440601808561,17.0639065224636,19.3729053194106,20.271966142839,22.1953264680497,1,1,1,1,1,1,1,1,0.901639344262295,0.901639344262295,0.885245901639344,0.868852459016393,0.868852459016393,0.836065573770492,0.836065573770492,0.80327868852459,0,0,0,0,0,0,0,0,2514,3.579535,-1.92225634670632
"515",172,172,2,4.43913083008675,11.8223790351882,12.8814419293944,13.6577857363319,14.8813996642365,16.001246005844,18.310244802791,19.2093056262194,21.1326659514301,1,1,1,1,1,1,1,1,0.918032786885246,0.901639344262295,0.901639344262295,0.885245901639344,0.868852459016393,0.852459016393443,0.836065573770492,0.819672131147541,0,0,0,0,0,0,0,0,2515,3.309161,-1.12996983008675
"516",172,172,3,4.39860808083468,11.7818562859361,12.8409191801424,13.6172629870799,14.8408769149844,15.960723256592,18.269722053539,19.1687828769673,21.0921432021781,1,1,1,1,1,1,1,1,0.903225806451613,0.887096774193548,0.887096774193548,0.870967741935484,0.854838709677419,0.838709677419355,0.82258064516129,0.806451612903226,0,0,0,0,0,0,0,0,2516,3.078079,-1.32052908083468
"517",173,173,1,4.36529792049129,11.7485176719396,12.8075764847162,13.5839172997704,14.8075265120965,15.9273685380264,18.2363584365253,19.1354157951419,21.0587687080829,1,1,1,1,1,1,1,1,0.933333333333333,0.916666666666667,0.916666666666667,0.9,0.883333333333333,0.866666666666667,0.85,0.833333333333333,0,0,0,0,0,0,0,0,2517,4.815794,0.450496079508706
"518",173,173,2,4.6248178410113,12.0080375924596,13.0670964052363,13.8434372202904,15.0670464326165,16.1868884585464,18.4958783570453,19.394935715662,21.3182886286029,1,1,1,1,1,1,1,1,0.918032786885246,0.901639344262295,0.901639344262295,0.885245901639344,0.868852459016393,0.852459016393443,0.836065573770492,0.819672131147541,0,0,0,0,0,0,0,0,2518,3.58527,-1.0395478410113
"519",173,173,3,4.44104461543751,11.8242643668858,12.8833231796625,13.6596639947166,14.8832732070427,16.0031152329726,18.3121051314715,19.2111624900882,21.1345154030291,1,1,1,1,1,1,1,1,0.918032786885246,0.901639344262295,0.901639344262295,0.885245901639344,0.868852459016393,0.852459016393443,0.836065573770492,0.819672131147541,0,0,0,0,0,0,0,0,2519,3.916595,-0.524449615437511
"520",174,174,1,4.48342612244113,11.8460909585575,12.9022013470747,13.6763808259829,14.8965835050341,16.0133078859795,18.3158695467361,19.2124239258252,21.1304222160393,1,1,1,1,1,1,1,1,0.918032786885246,0.901639344262295,0.901639344262295,0.885245901639344,0.868852459016393,0.852459016393443,0.836065573770492,0.819672131147541,0,0,0,0,0,0,0,0,2520,3.186633,-1.29679312244113
"521",174,174,2,4.3733912063393,11.7360560424557,12.7921664309728,13.5663459098811,14.7865485889323,15.9032729698776,18.2058346306343,19.1023890097234,21.0203872999374,1,1,1,1,1,1,1,1,0.903225806451613,0.887096774193548,0.887096774193548,0.870967741935484,0.854838709677419,0.838709677419355,0.82258064516129,0.806451612903226,0,0,0,0,0,0,0,0,2521,2.695127,-1.6782642063393
"522",174,174,3,4.29930129279099,11.6619661289074,12.7180765174245,13.4922559963327,14.712458675384,15.8291830563293,18.131744717086,19.0282990961751,20.9462973863891,1,1,1,1,1,1,1,1,0.918032786885246,0.901639344262295,0.901639344262295,0.885245901639344,0.868852459016393,0.852459016393443,0.836065573770492,0.819672131147541,0,0,0,0,0,0,0,0,2522,4.141919,-0.157382292790992
"523",175,175,1,4.51666438830375,11.8794048988361,12.9355261421916,13.7097135782161,14.9299287986674,16.0466646574495,18.3492499842309,19.2458135782213,21.1638315818684,1,1,1,1,1,1,1,1,0.918032786885246,0.901639344262295,0.901639344262295,0.885245901639344,0.868852459016393,0.852459016393443,0.836065573770492,0.819672131147541,0,0,0,0,0,0,0,0,2523,3.578972,-0.937692388303746
"524",175,175,2,4.43184342301089,11.7945839335432,12.8507051768988,13.6248926129232,14.8451078333745,15.9618436921566,18.2644290189381,19.1609926129284,21.0790106165755,1,1,1,1,1,1,1,1,0.918032786885246,0.901639344262295,0.901639344262295,0.885245901639344,0.868852459016393,0.852459016393443,0.836065573770492,0.819672131147541,0,0,0,0,0,0,0,0,2524,3.326798,-1.10504542301089
"525",175,175,3,4.3938475866324,11.7565880971647,12.8127093405203,13.5868967765447,14.807111996996,15.9238478557781,18.2264331825596,19.1229967765499,21.041014780197,1,1,1,1,1,1,1,1,0.96551724137931,0.948275862068966,0.948275862068966,0.931034482758621,0.913793103448276,0.896551724137931,0.879310344827586,0.862068965517241,0,0,0,0,0,0,0,0,2525,7.980074,3.5862264133676
"526",176,176,1,5.09575572453176,12.4597336583214,13.5160323993067,14.2903499495919,15.5107702462225,16.6276937898648,18.9306661019857,19.8273803774568,21.7457207339129,1,1,1,1,1,1,1,1,0.918032786885246,0.901639344262295,0.885245901639344,0.885245901639344,0.868852459016393,0.836065573770492,0.836065573770492,0.819672131147541,0,0,0,0,0,0,0,0,2526,3.462341,-1.63341472453176
"527",176,176,2,4.41603178934908,11.7800097231387,12.836308464124,13.6106260144092,14.8310463110398,15.9479698546821,18.250942166803,19.1476564422741,21.0659967987303,1,1,1,1,1,1,1,1,0.918032786885246,0.901639344262295,0.901639344262295,0.885245901639344,0.868852459016393,0.852459016393443,0.836065573770492,0.819672131147541,0,0,0,0,0,0,0,0,2527,4.506865,0.0908332106509251
"528",176,176,3,4.5731875937476,11.9371655275372,12.9934642685225,13.7677818188078,14.9882021154383,16.1051256590807,18.4080979712015,19.3048122466726,21.2231526031288,1,1,1,1,1,1,1,1,0.918032786885246,0.901639344262295,0.901639344262295,0.885245901639344,0.868852459016393,0.852459016393443,0.836065573770492,0.819672131147541,0,0,0,0,0,0,0,0,2528,4.622738,0.0495504062524006
"529",177,177,1,4.59150639905745,11.9554085477267,13.011696417994,13.7860059995225,15.0064137364061,16.1233257854207,18.4262743968956,19.322979443985,21.2413000581692,1,1,1,1,1,1,1,1,0.918032786885246,0.901639344262295,0.901639344262295,0.885245901639344,0.868852459016393,0.852459016393443,0.836065573770492,0.819672131147541,0,0,0,0,0,0,0,0,2529,4.362387,-0.229119399057451
"530",177,177,2,4.55242489017092,11.9163270388402,12.9726149091075,13.746924490636,14.9673322275196,16.0842442765342,18.3871928880091,19.2838979350985,21.2022185492827,1,1,1,1,1,1,1,1,0.933333333333333,0.916666666666667,0.916666666666667,0.9,0.883333333333333,0.866666666666667,0.85,0.833333333333333,0,0,0,0,0,0,0,0,2530,4.696248,0.143823109829084
"531",177,177,3,4.60254104735244,11.9664431960217,13.022731066289,13.7970406478175,15.0174483847011,16.1343604337157,18.4373090451906,19.33401409228,21.2523347064642,1,1,1,1,1,1,1,1,0.933333333333333,0.916666666666667,0.916666666666667,0.9,0.883333333333333,0.866666666666667,0.85,0.833333333333333,0,0,0,0,0,0,0,0,2531,4.922391,0.319849952647559
"532",178,178,1,4.63430977896394,11.9890623041887,13.0440377403597,13.8173852448593,15.036276629269,16.1518009188508,18.4518881244866,19.3474790185962,21.2634161259234,1,1,1,1,1,1,1,1,0.933333333333333,0.916666666666667,0.916666666666667,0.9,0.883333333333333,0.866666666666667,0.85,0.833333333333333,0,0,0,0,0,0,0,0,2532,5.087301,0.452991221036063
"533",178,178,2,4.65921069131308,12.0139632165379,13.0689386527089,13.8422861572085,15.0611775416181,16.1767018311999,18.4767890368357,19.3723799309453,21.2883170382726,1,1,1,1,1,1,1,1,0.918032786885246,0.901639344262295,0.901639344262295,0.885245901639344,0.868852459016393,0.852459016393443,0.836065573770492,0.819672131147541,0,0,0,0,0,0,0,0,2533,3.309879,-1.34933169131308
"534",178,178,3,4.39082533306043,11.7455778582852,12.8005532944562,13.5739007989558,14.7927921833655,15.9083164729473,18.208403678583,19.1039945726927,21.0199316800199,1,1,1,1,1,1,1,1,0.918032786885246,0.901639344262295,0.901639344262295,0.885245901639344,0.868852459016393,0.852459016393443,0.836065573770492,0.819672131147541,0,0,0,0,0,0,0,0,2534,4.377663,-0.0131623330604347
"535",179,179,1,4.55385275313874,11.9082661746858,12.9631929693764,13.7365048173421,14.955340002641,16.0708128590321,18.3707940151403,19.2663436164716,21.1821923861808,1,1,1,1,1,1,1,1,0.903225806451613,0.887096774193548,0.887096774193548,0.870967741935484,0.854838709677419,0.838709677419355,0.82258064516129,0.806451612903226,0,0,0,0,0,0,0,0,2535,2.89367,-1.66018275313874
"536",179,179,2,4.32955864860297,11.68397207015,12.7388988648406,13.5122107128063,14.7310458981053,15.8465187544964,18.1464999106046,19.0420495119358,20.957898281645,1,1,1,1,1,1,1,1,0.918032786885246,0.901639344262295,0.901639344262295,0.885245901639344,0.868852459016393,0.852459016393443,0.836065573770492,0.819672131147541,0,0,0,0,0,0,0,0,2536,3.478456,-0.851102648602971
"537",179,179,3,4.41794454544686,11.7723579669939,12.8272847616845,13.6005966096502,14.8194317949492,15.9349046513402,18.2348858074485,19.1304354087797,21.0462841784889,1,1,1,1,1,1,1,1,0.96551724137931,0.948275862068966,0.948275862068966,0.931034482758621,0.913793103448276,0.896551724137931,0.879310344827586,0.862068965517241,0,0,0,0,0,0,0,0,2537,8.519341,4.10139645455314
"538",180,180,1,5.18028022463819,12.5362000063159,13.5913428752974,14.3648131160633,15.5838979480198,16.6995992799863,19.0000515273585,19.8957845587116,21.8120257401656,1,1,1,1,1,1,1,1,0.932203389830508,0.932203389830508,0.915254237288136,0.915254237288136,0.898305084745763,0.864406779661017,0.864406779661017,0.847457627118644,0,0,0,0,0,0,0,0,2538,7.043991,1.86371077536181
"539",180,180,2,4.95793730632779,12.3138570880055,13.368999956987,14.1424701977529,15.3615550297094,16.4772563616759,18.7777086090481,19.6734416404012,21.5896828218552,1,1,1,1,1,1,1,1,0.903225806451613,0.887096774193548,0.870967741935484,0.870967741935484,0.854838709677419,0.82258064516129,0.82258064516129,0.806451612903226,0,0,0,0,0,0,0,0,2539,3.042987,-1.91495030632779
"540",180,180,3,4.35496519426515,11.7108849759429,12.7660278449243,13.5394980856903,14.7585829176468,15.8742842496132,18.1747364969855,19.0704695283386,20.9867107097926,1,1,1,1,1,1,1,1,0.918032786885246,0.901639344262295,0.901639344262295,0.885245901639344,0.868852459016393,0.852459016393443,0.836065573770492,0.819672131147541,0,0,0,0,0,0,0,0,2540,3.408859,-0.946106194265149
"541",181,181,1,4.41141547680331,11.7676702569226,12.8228611785239,13.5963666441608,14.8155069948738,15.9312591373736,18.2318161504231,19.1275899746585,21.0439184243031,1,1,1,1,1,1,1,1,0.918032786885246,0.901639344262295,0.901639344262295,0.885245901639344,0.868852459016393,0.852459016393443,0.836065573770492,0.819672131147541,0,0,0,0,0,0,0,0,2541,3.787349,-0.624066476803311
"542",181,181,2,4.46843596204307,11.8246907421624,12.8798816637637,13.6533871294006,14.8725274801136,15.9882796226134,18.2888366356629,19.1846104598983,21.1009389095429,1,1,1,1,1,1,1,1,0.918032786885246,0.901639344262295,0.901639344262295,0.885245901639344,0.868852459016393,0.852459016393443,0.836065573770492,0.819672131147541,0,0,0,0,0,0,0,0,2542,3.620777,-0.847658962043073
"543",181,181,3,4.4433414647846,11.7995962449039,12.8547871665052,13.6282926321421,14.8474329828551,15.9631851253549,18.2637421384044,19.1595159626398,21.0758444122844,1,1,1,1,1,1,1,1,0.918032786885246,0.901639344262295,0.901639344262295,0.885245901639344,0.868852459016393,0.852459016393443,0.836065573770492,0.819672131147541,0,0,0,0,0,0,0,0,2543,3.592376,-0.850965464784604
"544",182,182,1,4.43367863373164,11.7785003375376,12.832051283541,13.6043545685463,14.82160013379,15.9356181765647,18.2325996685536,19.1269812829216,21.0403313787624,1,1,1,1,1,1,1,1,0.903225806451613,0.887096774193548,0.887096774193548,0.870967741935484,0.854838709677419,0.838709677419355,0.82258064516129,0.806451612903226,0,0,0,0,0,0,0,0,2544,2.807147,-1.62653163373164
"545",182,182,2,4.31413885645454,11.6589605602606,12.7125115062639,13.4848147912693,14.7020603565129,15.8160783992876,18.1130598912765,19.0074415056445,20.9207916014853,1,1,1,1,1,1,1,1,0.918032786885246,0.901639344262295,0.901639344262295,0.885245901639344,0.868852459016393,0.852459016393443,0.836065573770492,0.819672131147541,0,0,0,0,0,0,0,0,2545,3.545122,-0.769016856454544
"546",182,182,3,4.42648489453523,11.7713065983412,12.8248575443446,13.5971608293499,14.8144063945936,15.9284244373683,18.2254059293572,19.1197875437252,21.033137639566,1,1,1,1,1,1,1,1,0.918032786885246,0.901639344262295,0.901639344262295,0.885245901639344,0.868852459016393,0.852459016393443,0.836065573770492,0.819672131147541,0,0,0,0,0,0,0,0,2546,3.885262,-0.541222894535233
"547",183,183,1,4.47921440535784,11.8217512856617,12.8749744935579,13.6470375308394,14.8639044359348,15.9775759305278,18.2738428786505,19.1679462692283,21.0807011610678,1,1,1,1,1,1,1,1,0.918032786885246,0.901639344262295,0.901639344262295,0.885245901639344,0.868852459016393,0.852459016393443,0.836065573770492,0.819672131147541,0,0,0,0,0,0,0,0,2547,4.175847,-0.303367405357837
"548",183,183,2,4.52412594227501,11.8666628225788,12.919886030475,13.6919490677566,14.9088159728519,16.022487467445,18.3187544155677,19.2128578061455,21.125612697985,1,1,1,1,1,1,1,1,0.903225806451613,0.887096774193548,0.887096774193548,0.870967741935484,0.854838709677419,0.838709677419355,0.82258064516129,0.806451612903226,0,0,0,0,0,0,0,0,2548,3.083863,-1.44026294227501
"549",183,183,3,4.35535370788934,11.6978905881932,12.7511137960894,13.5231768333709,14.7400437384663,15.8537152330593,18.149982181182,19.0440855717598,20.9568404635994,1,1,1,1,1,1,1,1,0.96551724137931,0.948275862068966,0.948275862068966,0.931034482758621,0.913793103448276,0.896551724137931,0.879310344827586,0.862068965517241,0,0,0,0,0,0,0,0,2549,8.537336,4.18198229211066
"550",184,184,1,5.18713823022524,12.4893324969544,13.5367689069664,14.3045899443402,15.5147709325482,16.6223235040105,18.9059739121468,19.795164767974,21.6974102769228,1,1,1,1,1,1,1,1,0.903225806451613,0.887096774193548,0.870967741935484,0.870967741935484,0.854838709677419,0.82258064516129,0.82258064516129,0.806451612903226,0,0,0,0,0,0,0,0,2550,2.725645,-2.46149323022524
"551",184,184,2,4.29038456898297,11.5925788357121,12.6400152457241,13.407836283098,14.618017271306,15.7255698427682,18.0092202509045,18.8984111067317,20.8006566156805,1,1,1,1,1,1,1,1,0.903225806451613,0.887096774193548,0.887096774193548,0.870967741935484,0.854838709677419,0.838709677419355,0.82258064516129,0.806451612903226,0,0,0,0,0,0,0,0,2551,3.078832,-1.21155256898297
"552",184,184,3,4.34488191499693,11.6470761817261,12.6945125917381,13.4623336291119,14.6725146173199,15.7800671887822,18.0637175969184,18.9529084527457,20.8551539616945,1,1,1,1,1,1,1,1,0.903225806451613,0.887096774193548,0.887096774193548,0.870967741935484,0.854838709677419,0.838709677419355,0.82258064516129,0.806451612903226,0,0,0,0,0,0,0,0,2552,2.776468,-1.56841391499693
"553",185,185,1,4.29850522083303,11.6008731405619,12.64833445959,13.4161737564653,14.6263835239075,15.7339624340043,18.0176671494801,18.9068791510964,20.8091698972201,1,1,1,1,1,1,1,1,0.933333333333333,0.916666666666667,0.916666666666667,0.9,0.883333333333333,0.866666666666667,0.85,0.833333333333333,0,0,0,0,0,0,0,0,2553,5.122147,0.823641779166968
"554",185,185,2,4.65976607889961,11.9621339986285,13.0095953176566,13.7774346145319,14.987644381974,16.0952232920709,18.3789280075467,19.268140009163,21.1704307552866,1,1,1,1,1,1,1,1,0.918032786885246,0.901639344262295,0.901639344262295,0.885245901639344,0.868852459016393,0.852459016393443,0.836065573770492,0.819672131147541,0,0,0,0,0,0,0,0,2554,3.673819,-0.985947078899609
"555",185,185,3,4.43670733299199,11.7390752527209,12.786536571749,13.5543758686242,14.7645856360664,15.8721645461633,18.1558692616391,19.0450812632554,20.947372009379,1,1,1,1,1,1,1,1,0.918032786885246,0.901639344262295,0.901639344262295,0.885245901639344,0.868852459016393,0.852459016393443,0.836065573770492,0.819672131147541,0,0,0,0,0,0,0,0,2555,4.594009,0.157301667008015
"556",186,186,1,4.57325529644529,11.8580503583042,12.9029910033418,13.6689825254981,14.8762799712838,15.9811935367991,18.2594026077356,19.1464747560478,21.0441877151746,1,1,1,1,1,1,1,1,0.918032786885246,0.901639344262295,0.901639344262295,0.885245901639344,0.868852459016393,0.852459016393443,0.836065573770492,0.819672131147541,0,0,0,0,0,0,0,0,2556,4.548514,-0.0247412964452938
"557",186,186,2,4.56617485540618,11.8509699172651,12.8959105623027,13.661902084459,14.8691995302447,15.97411309576,18.2523221666965,19.1393943150087,21.0371072741355,1,1,1,1,1,1,1,1,0.918032786885246,0.901639344262295,0.901639344262295,0.885245901639344,0.868852459016393,0.852459016393443,0.836065573770492,0.819672131147541,0,0,0,0,0,0,0,0,2557,4.549602,-0.0165728554061841
"558",186,186,3,4.5663441821421,11.851139244001,12.8960798890386,13.6620714111949,14.8693688569806,15.9742824224959,18.2524914934324,19.1395636417446,21.0372766008714,1,1,1,1,1,1,1,1,0.918032786885246,0.901639344262295,0.901639344262295,0.885245901639344,0.868852459016393,0.852459016393443,0.836065573770492,0.819672131147541,0,0,0,0,0,0,0,0,2558,3.395542,-1.1708021821421
"559",187,187,1,4.39064309262902,11.6747654551111,12.7196096072598,13.4855303955086,14.6927163559015,15.7975278904522,18.0755265848703,18.9625168183344,20.8600545370715,1,1,1,1,1,1,1,1,0.918032786885246,0.901639344262295,0.901639344262295,0.885245901639344,0.868852459016393,0.852459016393443,0.836065573770492,0.819672131147541,0,0,0,0,0,0,0,0,2559,3.211381,-1.17926209262902
"560",187,187,2,4.36200090848036,11.6461232709624,12.6909674231112,13.45688821136,14.6640741717528,15.7688857063036,18.0468844007217,18.9338746341857,20.8314123529228,1,1,1,1,1,1,1,1,0.918032786885246,0.901639344262295,0.901639344262295,0.885245901639344,0.868852459016393,0.852459016393443,0.836065573770492,0.819672131147541,0,0,0,0,0,0,0,0,2560,3.354061,-1.00793990848036
"561",187,187,3,4.38419163743128,11.6683139999133,12.7131581520621,13.4790789403109,14.6862649007037,15.7910764352545,18.0690751296726,18.9560653631366,20.8536030818738,1,1,1,1,1,1,1,1,0.933333333333333,0.916666666666667,0.916666666666667,0.9,0.883333333333333,0.866666666666667,0.85,0.833333333333333,0,0,0,0,0,0,0,0,2561,5.497383,1.11319136256872
"562",188,188,1,4.71764784257231,12.001854298212,13.0467105127946,13.812640143385,15.0198400404024,16.1246643296937,18.4026893229703,19.2896897964888,21.1872494217688,1,1,1,1,1,1,1,1,0.903225806451613,0.887096774193548,0.887096774193548,0.870967741935484,0.854838709677419,0.838709677419355,0.82258064516129,0.806451612903226,0,0,0,0,0,0,0,0,2562,2.445639,-2.27200884257231
"563",188,188,2,4.24335417726169,11.5275606329014,12.572416847484,13.3383464780743,14.5455463750918,15.6503706643831,17.9283956576597,18.8153961311782,20.7129557564582,1,1,1,1,1,1,1,1,0.903225806451613,0.887096774193548,0.887096774193548,0.870967741935484,0.854838709677419,0.838709677419355,0.82258064516129,0.806451612903226,0,0,0,0,0,0,0,0,2563,2.85983,-1.38352417726169
"564",188,188,3,4.30772660415224,11.591933059792,12.6367892743745,13.4027189049649,14.6099188019824,15.7147430912736,17.9927680845503,18.8797685580687,20.7773281833487,1,1,1,1,1,1,1,1,0.903225806451613,0.887096774193548,0.887096774193548,0.870967741935484,0.854838709677419,0.838709677419355,0.82258064516129,0.806451612903226,0,0,0,0,0,0,0,0,2564,2.722251,-1.58547560415224
"565",189,189,1,4.28500537383419,11.5697644923848,12.6146999816667,13.3806877244072,14.5879792133659,15.692887327218,17.9710851574305,18.8581529289129,20.7558565246903,1,1,1,1,1,1,1,1,0.918032786885246,0.901639344262295,0.901639344262295,0.885245901639344,0.868852459016393,0.852459016393443,0.836065573770492,0.819672131147541,0,0,0,0,0,0,0,0,2565,3.979667,-0.305338373834187
"566",189,189,2,4.48063953970633,11.7653986582569,12.8103341475389,13.5763218902793,14.783613379238,15.8885214930902,18.1667193233026,19.0537870947851,20.9514906905624,1,1,1,1,1,1,1,1,0.903225806451613,0.887096774193548,0.887096774193548,0.870967741935484,0.854838709677419,0.838709677419355,0.82258064516129,0.806451612903226,0,0,0,0,0,0,0,0,2566,2.57633,-1.90430953970633
"567",189,189,3,4.26230235978138,11.547061478332,12.5919969676139,13.3579847103544,14.565276199313,15.6701843131652,17.9483821433777,18.8354499148601,20.7331535106374,1,1,1,1,1,1,1,1,0.918032786885246,0.901639344262295,0.901639344262295,0.885245901639344,0.868852459016393,0.852459016393443,0.836065573770492,0.819672131147541,0,0,0,0,0,0,0,0,2567,3.75218,-0.510122359781376
"568",190,190,1,4.43717725780541,11.7085861806833,12.7516067002291,13.5161906784687,14.7212696608297,15.8241528979111,18.0981756570856,18.9836177703779,20.8778435964829,1,1,1,1,1,1,1,1,0.918032786885246,0.901639344262295,0.901639344262295,0.885245901639344,0.868852459016393,0.852459016393443,0.836065573770492,0.819672131147541,0,0,0,0,0,0,0,0,2568,3.282282,-1.15489525780541
"569",190,190,2,4.36348169904955,11.6348906219275,12.6779111414733,13.4424951197128,14.6475741020739,15.7504573391552,18.0244800983297,18.909922211622,20.8041480377271,1,1,1,1,1,1,1,1,0.903225806451613,0.887096774193548,0.887096774193548,0.870967741935484,0.854838709677419,0.838709677419355,0.82258064516129,0.806451612903226,0,0,0,0,0,0,0,0,2569,2.650883,-1.71259869904955
"570",190,190,3,4.26445743824637,11.5358663611243,12.5788868806701,13.3434708589096,14.5485498412707,15.651433078352,17.9254558375265,18.8108979508188,20.7051237769239,1,1,1,1,1,1,1,1,0.903225806451613,0.887096774193548,0.887096774193548,0.870967741935484,0.854838709677419,0.838709677419355,0.82258064516129,0.806451612903226,0,0,0,0,0,0,0,0,2570,2.384971,-1.87948643824637
"571",191,191,1,4.2219184248761,11.493512842303,12.5365599694324,13.3011634523046,14.5062731763809,15.6091845481512,17.8832653179301,18.7687300189612,20.6630041670034,1,1,1,1,1,1,1,1,0.903225806451613,0.887096774193548,0.887096774193548,0.870967741935484,0.870967741935484,0.838709677419355,0.82258064516129,0.806451612903226,0,0,0,0,0,0,0,0,2571,2.559861,-1.6620574248761
"572",191,191,2,4.24938741500111,11.520981832428,12.5640289595574,13.3286324424296,14.5337421665059,15.6366535382762,17.9107343080551,18.7961990090862,20.6904731571284,1,1,1,1,1,1,1,1,0.903225806451613,0.887096774193548,0.887096774193548,0.870967741935484,0.854838709677419,0.838709677419355,0.82258064516129,0.806451612903226,0,0,0,0,0,0,0,0,2572,2.852885,-1.39650241500111
"573",191,191,3,4.29541104907046,11.5670054664973,12.6100525936267,13.374656076499,14.5797658005752,15.6826771723456,17.9567579421244,18.8422226431555,20.7364967911978,1,1,1,1,1,1,1,1,0.982456140350877,0.964912280701754,0.964912280701754,0.947368421052632,0.929824561403509,0.912280701754386,0.894736842105263,0.87719298245614,0,0,0,0,0,0,0,0,2573,9.84691,5.55149895092954
"574",192,192,1,5.39518676474947,12.669687920237,13.7131519937208,14.4780611182333,15.6836525713639,16.787004819547,19.0619946275294,19.947813283113,21.8428446459347,1,1,1,1,1,1,1,1,0.916666666666667,0.916666666666667,0.9,0.883333333333333,0.883333333333333,0.85,0.85,0.833333333333333,0,0,0,0,0,0,0,0,2574,4.972721,-0.422465764749466
"575",192,192,2,4.63091838450127,11.9054195399888,12.9488836134726,13.7137927379851,14.9193841911157,16.0227364392988,18.2977262472812,19.1835449028648,21.0785762656865,0,0,0,0,0,0,0,0,0,0,0,0,0,0,0,0,0,0,0,0,0,0,0,0,2575,57.923088,53.2921696154987
"576",192,192,3,12.9334875340844,20.2079886895719,21.2514527630558,22.0163618875683,23.2219533406989,24.325305588882,26.6002953968644,27.486114052448,29.3811454152697,1,1,1,1,1,1,1,1,0.82258064516129,0.806451612903226,0.790322580645161,0.790322580645161,0.774193548387097,0.741935483870968,0.741935483870968,0.725806451612903,1,1,1,1,1,1,1,1,2576,2.896458,-10.0370295340844
"577",193,193,1,4.34713314694096,11.8894242998608,12.9713005249941,13.7643675957507,15.0143394572747,16.1583084693283,18.5170455339014,19.4354730750201,21.400264608737,1,1,1,1,1,1,1,1,0.903225806451613,0.887096774193548,0.887096774193548,0.870967741935484,0.854838709677419,0.838709677419355,0.82258064516129,0.806451612903226,1,1,1,1,1,1,1,1,2577,2.722995,-1.62413814694096
"578",193,193,2,4.32200754791685,11.8642987008367,12.94617492597,13.7392419967266,14.9892138582506,16.1331828703041,18.4919199348773,19.410347475996,21.3751390097129,1,1,1,1,1,1,1,1,0.918032786885246,0.901639344262295,0.901639344262295,0.885245901639344,0.868852459016393,0.852459016393443,0.836065573770492,0.819672131147541,0,0,0,0,0,0,0,0,2578,3.397078,-0.924929547916852
"579",193,193,3,4.41964646323003,11.9619376161498,13.0438138412832,13.8368809120398,15.0868527735638,16.2308217856173,18.5895588501905,19.5079863913092,21.4727779250261,1,1,1,1,1,1,1,1,0.903225806451613,0.887096774193548,0.887096774193548,0.870967741935484,0.854838709677419,0.838709677419355,0.82258064516129,0.806451612903226,0,0,0,0,0,0,0,0,2579,2.598095,-1.82155146323003
"580",194,194,1,4.29740815606106,11.8340797165816,12.9151498599437,13.7076260341686,14.9566665696233,16.0997832359593,18.4567628583161,19.3745060996213,21.3378337111234,1,1,1,1,1,1,1,1,0.903225806451613,0.887096774193548,0.887096774193548,0.870967741935484,0.854838709677419,0.838709677419355,0.82258064516129,0.806451612903226,0,0,0,0,0,0,0,0,2580,2.299658,-1.99775015606106
"581",194,194,2,4.25398695708657,11.7906585176071,12.8717286609692,13.6642048351941,14.9132453706488,16.0563620369848,18.4133416593416,19.3310849006468,21.2944125121489,1,1,1,1,1,1,1,1,0.903225806451613,0.887096774193548,0.887096774193548,0.870967741935484,0.854838709677419,0.838709677419355,0.82258064516129,0.806451612903226,0,0,0,0,0,0,0,0,2581,2.35369,-1.90029695708657
"582",194,194,3,4.26184836241831,11.7985199229388,12.8795900663009,13.6720662405259,14.9211067759806,16.0642234423166,18.4212030646734,19.3389463059786,21.3022739174807,1,1,1,1,1,1,1,1,0.903225806451613,0.887096774193548,0.887096774193548,0.870967741935484,0.854838709677419,0.838709677419355,0.82258064516129,0.806451612903226,0,0,0,0,0,0,0,0,2582,2.481677,-1.78017136241831
"583",195,195,1,4.27750248295558,11.8138089839939,12.8948267627407,13.6872645511956,14.9362445859256,16.0793058822518,18.4361713377972,19.3538701256763,21.3171026379884,1,1,1,1,1,1,1,1,0.933333333333333,0.916666666666667,0.916666666666667,0.9,0.883333333333333,0.866666666666667,0.85,0.833333333333333,0,0,0,0,0,0,0,0,2583,5.945824,1.66832151704442
"584",195,195,2,4.78280668713825,12.3191131881766,13.4001309669234,14.1925687553783,15.4415487901083,16.5846100864345,18.9414755419799,19.859174329859,21.822406842171,1,1,1,1,1,1,1,1,0.918032786885246,0.901639344262295,0.885245901639344,0.885245901639344,0.868852459016393,0.836065573770492,0.836065573770492,0.819672131147541,0,0,0,0,0,0,0,0,2584,3.358189,-1.42461768713825
"585",195,195,3,4.40535652570162,11.9416630267399,13.0226808054868,13.8151185939416,15.0640986286717,16.2071599249978,18.5640253805433,19.4817241684223,21.4449566807344,1,1,1,1,1,1,1,1,0.949152542372881,0.932203389830508,0.932203389830508,0.915254237288136,0.898305084745763,0.88135593220339,0.864406779661017,0.847457627118644,0,0,0,0,0,0,0,0,2585,7.056614,2.65125747429838
"586",196,196,1,4.94438057174819,12.4815204204269,13.5626577356623,14.3551831500863,15.6043012941893,16.747488987635,19.1046150600046,20.0224153249294,21.9858649270296,1,1,1,1,1,1,1,1,0.903225806451613,0.887096774193548,0.870967741935484,0.870967741935484,0.854838709677419,0.82258064516129,0.82258064516129,0.790322580645161,0,0,0,0,0,0,0,0,2586,2.811162,-2.13321857174819
"587",196,196,2,4.32643330916618,11.8635731578449,12.9447104730802,13.7372358875043,14.9863540316072,16.129541725053,18.4866677974226,19.4044680623474,21.3679176644476,1,1,1,1,1,1,1,1,0.918032786885246,0.901639344262295,0.901639344262295,0.885245901639344,0.868852459016393,0.852459016393443,0.836065573770492,0.819672131147541,0,0,0,0,0,0,0,0,2587,3.653257,-0.673176309166182
"588",196,196,3,4.44900454541711,11.9861443940959,13.0672817093312,13.8598071237552,15.1089252678582,16.2521129613039,18.6092390336735,19.5270392985983,21.4904889006986,1,1,1,1,1,1,1,1,0.903225806451613,0.887096774193548,0.887096774193548,0.870967741935484,0.854838709677419,0.838709677419355,0.82258064516129,0.806451612903226,0,0,0,0,0,0,0,0,2588,2.644929,-1.80407554541711
"589",197,197,1,4.30107088059113,11.8386701382755,12.9198733517466,13.7124470727326,14.961641353956,16.1048987277754,18.4621684733376,19.3800246806644,21.3435939603144,1,1,1,1,1,1,1,1,0.918032786885246,0.901639344262295,0.901639344262295,0.885245901639344,0.868852459016393,0.852459016393443,0.836065573770492,0.819672131147541,0,0,0,0,0,0,0,0,2589,3.847394,-0.453676880591128
"590",197,197,2,4.47603119340496,12.0136304510894,13.0948336645605,13.8874073855464,15.1366016667698,16.2798590405893,18.6371287861515,19.5549849934782,21.5185542731282,1,1,1,1,1,1,1,1,1,0.982142857142857,0.982142857142857,0.964285714285714,0.946428571428571,0.928571428571429,0.910714285714286,0.892857142857143,0,0,0,0,0,0,0,0,2590,11.612706,7.13667480659504
"591",197,197,3,5.6058947791368,13.1434940368212,14.2246972502923,15.0172709712782,16.2664652525016,17.4097226263211,19.7669923718833,20.6848485792101,22.6484178588601,1,1,1,1,1,1,1,1,0.901639344262295,0.885245901639344,0.885245901639344,0.868852459016393,0.852459016393443,0.836065573770492,0.819672131147541,0.80327868852459,0,0,0,0,0,0,0,0,2591,3.202215,-2.4036797791368
"592",198,198,1,4.37871842504732,11.9086609631244,12.9887658866014,13.7805345084381,15.0284598537551,16.1705559027481,18.5254311254836,19.4423549712747,21.403929650404,1,1,1,1,1,1,1,1,0.918032786885246,0.901639344262295,0.901639344262295,0.885245901639344,0.868852459016393,0.852459016393443,0.836065573770492,0.819672131147541,0,0,0,0,0,0,0,0,2592,3.246743,-1.13197542504732
"593",198,198,2,4.38516971288623,11.9151122509633,12.9952171744403,13.786985796277,15.034911141594,16.177007190587,18.5318824133225,19.4488062591136,21.4103809382429,1,1,1,1,1,1,1,1,0.903225806451613,0.887096774193548,0.887096774193548,0.870967741935484,0.854838709677419,0.838709677419355,0.82258064516129,0.806451612903226,0,0,0,0,0,0,0,0,2593,2.996337,-1.38883271288623
"594",198,198,3,4.34889049121472,11.8788330292918,12.9589379527688,13.7507065746055,14.9986319199225,16.1407279689155,18.495603191651,19.4125270374421,21.3741017165714,1,1,1,1,1,1,1,1,0.918032786885246,0.901639344262295,0.901639344262295,0.885245901639344,0.868852459016393,0.852459016393443,0.836065573770492,0.819672131147541,0,0,0,0,0,0,0,0,2594,3.573736,-0.775154491214723
"595",199,199,1,4.4304426287857,11.9606556472589,13.0407993688019,13.8325964314785,15.0805666030794,16.2227036768995,18.577663488273,19.4946202705605,21.4562654107184,1,1,1,1,1,1,1,1,0.903225806451613,0.887096774193548,0.887096774193548,0.870967741935484,0.854838709677419,0.838709677419355,0.82258064516129,0.806451612903226,0,0,0,0,0,0,0,0,2595,2.781573,-1.6488696287857
"596",199,199,2,4.31569089500928,11.8459039134825,12.9260476350255,13.7178446977021,14.9658148693029,16.1079519431231,18.4629117544966,19.3798685367841,21.341513676942,1,1,1,1,1,1,1,1,0.918032786885246,0.901639344262295,0.901639344262295,0.885245901639344,0.868852459016393,0.852459016393443,0.836065573770492,0.819672131147541,0,0,0,0,0,0,0,0,2596,3.304847,-1.01084389500928
"597",199,199,3,4.39149170714027,11.9217047256134,13.0018484471565,13.7936455098331,15.0416156814339,16.1837527552541,18.5387125666276,19.455669348915,21.4173144890729,1,1,1,1,1,1,1,1,0.933333333333333,0.916666666666667,0.916666666666667,0.9,0.883333333333333,0.866666666666667,0.85,0.833333333333333,0,0,0,0,0,0,0,0,2597,6.10601,1.71451829285973
"598",200,200,1,4.79731633258038,12.3279859819689,13.4081952032548,14.2000402803789,15.4480861286917,16.5902924615218,18.9453950772823,19.8624074636826,21.8241715576887,1,1,1,1,1,1,1,1,0.903225806451613,0.887096774193548,0.870967741935484,0.870967741935484,0.854838709677419,0.82258064516129,0.82258064516129,0.806451612903226,0,0,0,0,0,0,0,0,2598,2.846927,-1.95038933258038
"599",200,200,2,4.32519573630852,11.8558653856971,12.9360746069829,13.7279196841071,14.9759655324199,16.1181718652499,18.4732744810104,19.3902868674108,21.3520509614168,1,1,1,1,1,1,1,1,0.903225806451613,0.887096774193548,0.887096774193548,0.870967741935484,0.854838709677419,0.838709677419355,0.82258064516129,0.806451612903226,0,0,0,0,0,0,0,0,2599,3.041088,-1.28410773630852
"600",200,200,3,4.35332248456646,11.883992133955,12.9642013552409,13.756046432365,15.0040922806778,16.1462986135079,18.5014012292684,19.4184136156687,21.3801777096748,1,1,1,1,1,1,1,1,0.903225806451613,0.887096774193548,0.887096774193548,0.870967741935484,0.854838709677419,0.838709677419355,0.82258064516129,0.806451612903226,0,0,0,0,0,0,0,0,2600,2.680512,-1.67281048456646
"601",201,201,1,4.30004255671746,11.8312825916554,12.9115736297993,13.7034786825976,14.9516190599962,16.0939119054495,18.449192900632,19.3662747430885,21.3281874243972,1,1,1,1,1,1,1,1,0.903225806451613,0.887096774193548,0.887096774193548,0.870967741935484,0.854838709677419,0.838709677419355,0.82258064516129,0.806451612903226,0,0,0,0,0,0,0,0,2601,2.691176,-1.60886655671746
"602",201,201,2,4.30158778482432,11.8328278197622,12.9131188579062,13.7050239107045,14.9531642881031,16.0954571335564,18.4507381287389,19.3678199711954,21.3297326525041,1,1,1,1,1,1,1,1,0.903225806451613,0.887096774193548,0.887096774193548,0.870967741935484,0.854838709677419,0.838709677419355,0.82258064516129,0.806451612903226,0,0,0,0,0,0,0,0,2602,2.501836,-1.79975178482432
"603",201,201,3,4.27415216125409,11.805392196192,12.885683234336,13.6775882871343,14.9257286645328,16.0680215099862,18.4233025051687,19.3403843476251,21.3022970289339,1,1,1,1,1,1,1,1,0.903225806451613,0.887096774193548,0.887096774193548,0.870967741935484,0.854838709677419,0.838709677419355,0.82258064516129,0.806451612903226,0,0,0,0,0,0,0,0,2603,2.526379,-1.74777316125409
"604",202,202,1,4.26908426150956,11.7888326447192,12.8674753051301,13.6581720181296,14.9044079024489,16.0449577638131,18.3966449193632,19.3123274192027,21.2712464876202,1,1,1,1,1,1,1,1,0.903225806451613,0.887096774193548,0.887096774193548,0.870967741935484,0.854838709677419,0.838709677419355,0.82258064516129,0.806451612903226,0,0,0,0,0,0,0,0,2604,2.869099,-1.39998526150956
"605",202,202,2,4.31911463648096,11.8388630196906,12.9175056801015,13.708202393101,14.9544382774203,16.0949881387845,18.4466752943346,19.3623577941741,21.3212768625916,1,1,1,1,1,1,1,1,0.903225806451613,0.887096774193548,0.887096774193548,0.870967741935484,0.854838709677419,0.838709677419355,0.82258064516129,0.806451612903226,0,0,0,0,0,0,0,0,2605,3.108957,-1.21015763648096
"606",202,202,3,4.35412918386626,11.8738775670759,12.9525202274868,13.7432169404863,14.9894528248056,16.1300026861698,18.4816898417199,19.3973723415594,21.3562914099769,1,1,1,1,1,1,1,1,0.933333333333333,0.916666666666667,0.916666666666667,0.9,0.883333333333333,0.866666666666667,0.85,0.833333333333333,0,0,0,0,0,0,0,0,2606,5.59378,1.23965081613374
"607",203,203,1,4.71570511872282,12.2350593970484,13.3136455265332,14.1043007996573,15.3504713696038,16.4909614555278,18.842525360758,19.7581598703021,21.7169762731074,1,1,1,1,1,1,1,1,0.903225806451613,0.887096774193548,0.870967741935484,0.870967741935484,0.854838709677419,0.82258064516129,0.82258064516129,0.806451612903226,0,0,0,0,0,0,0,0,2607,2.726692,-1.98901311872282
"608",203,203,2,4.29625011911647,11.8156043974421,12.8941905269269,13.6848458000509,14.9310163699974,16.0715064559214,18.4230703611516,19.3387048706958,21.297521273501,1,1,1,1,1,1,1,1,0.918032786885246,0.901639344262295,0.901639344262295,0.885245901639344,0.868852459016393,0.852459016393443,0.836065573770492,0.819672131147541,0,0,0,0,0,0,0,0,2608,3.282365,-1.01388511911647
"609",203,203,3,4.37754508390173,11.8968993622273,12.9754854917121,13.7661407648362,15.0123113347827,16.1528014207067,18.5043653259369,19.419999835481,21.3788162382863,1,1,1,1,1,1,1,1,0.982456140350877,0.964912280701754,0.964912280701754,0.947368421052632,0.929824561403509,0.912280701754386,0.894736842105263,0.87719298245614,0,0,0,0,0,0,0,0,2609,9.836748,5.45920291609827
"610",204,204,1,5.33816727933304,12.8600679430042,13.9390193293731,14.7299423532808,15.976534931602,17.1174112378228,19.4697714864152,20.3857160702305,22.3451958147534,1,1,1,1,1,1,1,1,0.901639344262295,0.901639344262295,0.885245901639344,0.868852459016393,0.868852459016393,0.836065573770492,0.819672131147541,0.80327868852459,0,0,0,0,0,0,0,0,2610,3.55741,-1.78075727933304
"611",204,204,2,4.42143517415593,11.9433358378271,13.022287224196,13.8132102481037,15.0598028264249,16.2006791326457,18.5530393812381,19.4689839650534,21.4284637095763,1,1,1,1,1,1,1,1,0.918032786885246,0.901639344262295,0.901639344262295,0.885245901639344,0.868852459016393,0.852459016393443,0.836065573770492,0.819672131147541,0,0,0,0,0,0,0,0,2611,3.578629,-0.842806174155928
"612",204,204,3,4.42453297499732,11.9464336386685,13.0253850250374,13.8163080489451,15.0629006272663,16.2037769334871,18.5561371820795,19.4720817658948,21.4315615104177,1,1,1,1,1,1,1,1,0.903225806451613,0.887096774193548,0.887096774193548,0.870967741935484,0.854838709677419,0.838709677419355,0.82258064516129,0.806451612903226,0,0,0,0,0,0,0,0,2612,2.860772,-1.56376097499731
"613",205,205,1,4.31936109097327,11.8415918296138,12.9205905623731,13.7115482934519,14.9581955745703,16.099121944562,18.4515854190905,19.367570196255,21.3271359263879,1,1,1,1,1,1,1,1,0.918032786885246,0.901639344262295,0.901639344262295,0.885245901639344,0.868852459016393,0.852459016393443,0.836065573770492,0.819672131147541,0,0,0,0,0,0,0,0,2613,3.278862,-1.04049909097327
"614",205,205,2,4.38023361571254,11.902464354353,12.9814630871124,13.7724208181911,15.0190680993096,16.1599944693013,18.5124579438297,19.4284427209942,21.3880084511271,1,1,1,1,1,1,1,1,0.903225806451613,0.887096774193548,0.887096774193548,0.870967741935484,0.854838709677419,0.838709677419355,0.82258064516129,0.806451612903226,0,0,0,0,0,0,0,0,2614,2.899685,-1.48054861571254
"615",205,205,3,4.32502669540097,11.8472574340415,12.9262561668008,13.7172138978796,14.963861178998,16.1047875489897,18.4572510235182,19.3732358006827,21.3328015308156,1,1,1,1,1,1,1,1,0.903225806451613,0.887096774193548,0.887096774193548,0.870967741935484,0.854838709677419,0.838709677419355,0.82258064516129,0.806451612903226,0,0,0,0,0,0,0,0,2615,2.687395,-1.63763169540097
"616",206,206,1,4.29125785620043,11.8115045564055,12.8902186960658,13.6809678067773,14.927286276376,16.0679117194421,18.4197547160679,19.3354978961494,21.2945467777755,1,1,1,1,1,1,1,1,0.918032786885246,0.901639344262295,0.901639344262295,0.885245901639344,0.868852459016393,0.852459016393443,0.836065573770492,0.819672131147541,0,0,0,0,0,0,0,0,2616,3.281703,-1.00955485620043
"617",206,206,2,4.37797883464651,11.8982255348516,12.9769396745119,13.7676887852234,15.0140072548221,16.1546326978882,18.506475694514,19.4222188745955,21.3812677562216,1,1,1,1,1,1,1,1,0.918032786885246,0.901639344262295,0.901639344262295,0.885245901639344,0.868852459016393,0.852459016393443,0.836065573770492,0.819672131147541,0,0,0,0,0,0,0,0,2617,3.25066,-1.12731883464651
"618",206,206,3,4.37344906332608,11.8936957635311,12.9724099031914,13.7631590139029,15.0094774835016,16.1501029265677,18.5019459231936,19.4176891032751,21.3767379849011,1,1,1,1,1,1,1,1,0.903225806451613,0.887096774193548,0.887096774193548,0.870967741935484,0.854838709677419,0.838709677419355,0.82258064516129,0.806451612903226,0,0,0,0,0,0,0,0,2618,2.895187,-1.47826206332608
"619",207,207,1,4.31933616329298,11.8399158642518,12.9186777699809,13.7094618955078,14.9558355527894,16.0965115033916,18.4484586409482,19.3642423706528,21.3233780000652,1,1,1,1,1,1,1,1,0.918032786885246,0.901639344262295,0.901639344262295,0.885245901639344,0.868852459016393,0.852459016393443,0.836065573770492,0.819672131147541,0,0,0,0,0,0,0,0,2619,3.158187,-1.16114916329298
"620",207,207,2,4.35773518409634,11.8783148850551,12.9570767907843,13.7478609163112,14.9942345735927,16.134910524195,18.4868576617516,19.4026413914562,21.3617770208686,1,1,1,1,1,1,1,1,0.903225806451613,0.887096774193548,0.887096774193548,0.870967741935484,0.854838709677419,0.838709677419355,0.82258064516129,0.806451612903226,0,0,0,0,0,0,0,0,2620,2.83385,-1.52388518409634
"621",207,207,3,4.31038072322068,11.8309604241795,12.9097223299086,13.7005064554355,14.946880112717,16.0875560633193,18.4395032008759,19.3552869305805,21.3144225599929,1,1,1,1,1,1,1,1,0.949152542372881,0.932203389830508,0.932203389830508,0.915254237288136,0.898305084745763,0.88135593220339,0.864406779661017,0.847457627118644,0,0,0,0,0,0,0,0,2621,6.595011,2.28463027677932
"622",208,208,1,4.86046228429651,12.3816922572227,13.4605474388235,14.2513999400301,15.4978813658458,16.6386559457591,18.9908064460022,19.9066693595612,21.8659743869496,1,1,1,1,1,1,1,1,0.903225806451613,0.887096774193548,0.870967741935484,0.870967741935484,0.854838709677419,0.82258064516129,0.82258064516129,0.806451612903226,0,0,0,0,0,0,0,0,2622,2.934559,-1.92590328429651
"623",208,208,2,4.32525643207742,11.8464864050036,12.9253415866044,13.716194087811,14.9626755136267,16.10345009354,18.4556005937831,19.3714635073421,21.3307685347305,1,1,1,1,1,1,1,1,0.903225806451613,0.887096774193548,0.887096774193548,0.870967741935484,0.854838709677419,0.838709677419355,0.82258064516129,0.806451612903226,0,0,0,0,0,0,0,0,2623,3.056313,-1.26894343207742
"624",208,208,3,4.34305845579774,11.8642884287239,12.9431436103247,13.7339961115314,14.980477537347,16.1212521172603,18.4734026175035,19.3892655310624,21.3485705584509,1,1,1,1,1,1,1,1,0.903225806451613,0.887096774193548,0.887096774193548,0.870967741935484,0.854838709677419,0.838709677419355,0.82258064516129,0.806451612903226,0,0,0,0,0,0,0,0,2624,3.065818,-1.27724045579774
"625",209,209,1,4.34331270622836,11.8649757259517,12.9438930243582,13.7347910601575,14.9813442541269,16.122184515954,18.4744704450092,19.3903860908343,21.349803928331,1,1,1,1,1,1,1,1,0.918032786885246,0.901639344262295,0.901639344262295,0.885245901639344,0.868852459016393,0.852459016393443,0.836065573770492,0.819672131147541,0,0,0,0,0,0,0,0,2625,3.982814,-0.360498706228361
"626",209,209,2,4.47729715178679,11.9989601715102,13.0778774699167,13.8687755057159,15.1153286996853,16.2561689615124,18.6084548905676,19.5243705363928,21.4837883738894,1,1,1,1,1,1,1,1,0.918032786885246,0.901639344262295,0.901639344262295,0.885245901639344,0.868852459016393,0.852459016393443,0.836065573770492,0.819672131147541,0,0,0,0,0,0,0,0,2626,3.74532,-0.731977151786793
"627",209,209,3,4.44259634402596,11.9642593637493,13.0431766621558,13.8340746979551,15.0806278919245,16.2214681537516,18.5737540828068,19.4896697286319,21.4490875661286,1,1,1,1,1,1,1,1,0.903225806451613,0.887096774193548,0.887096774193548,0.870967741935484,0.854838709677419,0.838709677419355,0.82258064516129,0.806451612903226,0,0,0,0,0,0,0,0,2627,2.841833,-1.60076334402596
"628",210,210,1,4.29928196925792,11.8046646111947,12.8812466306646,13.6704327951955,14.9142878681675,16.0526588209591,18.3998533090009,19.3137864872926,21.2689632330848,1,1,1,1,1,1,1,1,0.918032786885246,0.901639344262295,0.901639344262295,0.885245901639344,0.868852459016393,0.852459016393443,0.836065573770492,0.819672131147541,0,0,0,0,0,0,0,0,2628,3.196741,-1.10254096925792
"629",210,210,2,4.35141394052473,11.8567965824615,12.9333786019314,13.7225647664623,14.9664198394343,16.1047907922259,18.4519852802677,19.3659184585594,21.3210952043516,1,1,1,1,1,1,1,1,0.918032786885246,0.901639344262295,0.901639344262295,0.885245901639344,0.868852459016393,0.852459016393443,0.836065573770492,0.819672131147541,0,0,0,0,0,0,0,0,2629,3.689406,-0.662007940524728
"630",210,210,3,4.42378085708948,11.9291634990263,13.0057455184961,13.7949316830271,15.0387867559991,16.1771577087906,18.5243521968325,19.4382853751241,21.3934621209164,1,1,1,1,1,1,1,1,0.918032786885246,0.901639344262295,0.901639344262295,0.885245901639344,0.868852459016393,0.852459016393443,0.836065573770492,0.819672131147541,0,0,0,0,0,0,0,0,2630,3.368824,-1.05495685708948
"631",211,211,1,4.37376330873841,11.8781252185201,12.9545608228186,13.743639658019,14.9873255666819,16.1255417010063,18.4724169705616,19.3862258539269,21.3411366956515,1,1,1,1,1,1,1,1,0.918032786885246,0.901639344262295,0.901639344262295,0.885245901639344,0.868852459016393,0.852459016393443,0.836065573770492,0.819672131147541,0,0,0,0,0,0,0,0,2631,3.286939,-1.08682430873841
"632",211,211,2,4.36172294311113,11.8660848528928,12.9425204571914,13.7315992923917,14.9752852010546,16.113501335379,18.4603766049343,19.3741854882996,21.3290963300242,1,1,1,1,1,1,1,1,0.903225806451613,0.887096774193548,0.887096774193548,0.870967741935484,0.854838709677419,0.838709677419355,0.82258064516129,0.806451612903226,0,0,0,0,0,0,0,0,2632,2.784513,-1.57720994311113
"633",211,211,3,4.28784625335536,11.792208163137,12.8686437674356,13.657722602636,14.9014085112989,16.0396246456233,18.3864999151785,19.3003087985438,21.2552196402685,1,1,1,1,1,1,1,1,0.96551724137931,0.948275862068966,0.948275862068966,0.931034482758621,0.913793103448276,0.896551724137931,0.879310344827586,0.862068965517241,0,0,0,0,0,0,0,0,2633,8.022571,3.73472474664464
"634",212,212,1,5.05759745143009,12.5634788184854,13.6401323757464,14.4293709809032,15.6733087067922,16.8117553031872,19.1591057599392,20.0730996681702,22.0284063334883,1,1,1,1,1,1,1,1,0.887096774193548,0.887096774193548,0.870967741935484,0.854838709677419,0.854838709677419,0.82258064516129,0.82258064516129,0.790322580645161,0,0,0,0,0,0,0,0,2634,3.048731,-2.00886645143009
"635",212,212,2,4.3286465593898,11.8345279264452,12.9111814837061,13.7004200888629,14.9443578147519,16.0828044111469,18.4301548678989,19.3441487761299,21.299455441448,1,1,1,1,1,1,1,1,0.918032786885246,0.901639344262295,0.901639344262295,0.885245901639344,0.868852459016393,0.852459016393443,0.836065573770492,0.819672131147541,0,0,0,0,0,0,0,0,2635,3.297504,-1.0311425593898
"636",212,212,3,4.36510597510594,11.8709873421613,12.9476408994222,13.736879504579,14.9808172304681,16.1192638268631,18.466614283615,19.380608191846,21.3359148571641,1,1,1,1,1,1,1,1,0.903225806451613,0.887096774193548,0.887096774193548,0.870967741935484,0.854838709677419,0.838709677419355,0.82258064516129,0.806451612903226,0,0,0,0,0,0,0,0,2636,2.774808,-1.59029797510594
"637",213,213,1,4.28582821837465,11.7922852953313,12.8690214331824,13.6583205738656,14.9023537112367,16.0408876278204,18.3884181291046,19.30248214174,21.2579387813719,1,1,1,1,1,1,1,1,0.903225806451613,0.887096774193548,0.887096774193548,0.870967741935484,0.854838709677419,0.838709677419355,0.82258064516129,0.806451612903226,0,0,0,0,0,0,0,0,2637,3.122212,-1.16361621837465
"638",213,213,2,4.33680094510154,11.8432580220582,12.9199941599093,13.7092933005925,14.9533264379636,16.0918603545473,18.4393908558315,19.3534548684669,21.3089115080988,1,1,1,1,1,1,1,1,0.903225806451613,0.887096774193548,0.887096774193548,0.870967741935484,0.854838709677419,0.838709677419355,0.82258064516129,0.806451612903226,0,0,0,0,0,0,0,0,2638,2.992617,-1.34418394510154
"639",213,213,3,4.3177861654209,11.8242432423775,12.9009793802286,13.6902785209118,14.9343116582829,16.0728455748667,18.4203760761509,19.3344400887862,21.2898967284181,1,1,1,1,1,1,1,1,0.903225806451613,0.887096774193548,0.887096774193548,0.870967741935484,0.854838709677419,0.838709677419355,0.82258064516129,0.806451612903226,0,0,0,0,0,0,0,0,2639,2.849458,-1.4683281654209
"640",214,214,1,4.2914065377747,11.7854086531104,12.8603582347826,13.6483477442505,14.8903167407329,16.0269615642213,18.3705969653273,19.2831443327492,21.2353564141097,1,1,1,1,1,1,1,1,0.903225806451613,0.887096774193548,0.887096774193548,0.870967741935484,0.854838709677419,0.838709677419355,0.82258064516129,0.806451612903226,0,0,0,0,0,0,0,0,2640,2.807946,-1.4834605377747
"641",214,214,2,4.2853410991985,11.7793432145342,12.8542927962064,13.6422823056743,14.8842513021568,16.0208961256451,18.3645315267511,19.277078894173,21.2292909755335,1,1,1,1,1,1,1,1,0.903225806451613,0.887096774193548,0.887096774193548,0.870967741935484,0.854838709677419,0.838709677419355,0.82258064516129,0.806451612903226,0,0,0,0,0,0,0,0,2641,3.035276,-1.2500650991985
"642",214,214,3,4.31855694405122,11.812559059387,12.8875086410591,13.675498150527,14.9174671470095,16.0541119704978,18.3977473716039,19.3102947390257,21.2625068203862,1,1,1,1,1,1,1,1,0.903225806451613,0.887096774193548,0.887096774193548,0.870967741935484,0.854838709677419,0.838709677419355,0.82258064516129,0.806451612903226,0,0,0,0,0,0,0,0,2642,3.075503,-1.24305394405122
"643",215,215,1,4.31541444092854,11.8061573006272,12.8806393703572,13.6682861711881,14.9097150164416,16.0458654957876,18.3884816141693,19.300632100845,21.2519951354435,1,1,1,1,1,1,1,1,0.918032786885246,0.901639344262295,0.901639344262295,0.885245901639344,0.868852459016393,0.852459016393443,0.836065573770492,0.819672131147541,0,0,0,0,0,0,0,0,2643,3.476753,-0.838661440928538
"644",215,215,2,4.37608525420812,11.8668281139068,12.9413101836368,13.7289569844677,14.9703858297212,16.1065363090672,18.4491524274489,19.3613029141246,21.312665948723,1,1,1,1,1,1,1,1,0.903225806451613,0.887096774193548,0.887096774193548,0.870967741935484,0.854838709677419,0.838709677419355,0.82258064516129,0.806451612903226,0,0,0,0,0,0,0,0,2644,2.848042,-1.52804325420812
"645",215,215,3,4.2810213098148,11.7717641695135,12.8462462392435,13.6338930400744,14.8753218853278,16.0114723646738,18.3540884830556,19.2662389697313,21.2176020043297,1,1,1,1,1,1,1,1,0.949152542372881,0.932203389830508,0.932203389830508,0.915254237288136,0.898305084745763,0.88135593220339,0.864406779661017,0.847457627118644,0,0,0,0,0,0,0,0,2645,7.313256,3.0322346901852
"646",216,216,1,4.93759633572095,12.3112267219624,13.3689100235023,14.1442425229636,15.3662625051161,16.4846500742477,18.7906410443467,19.688530702469,21.6093855543844,1,1,1,1,1,1,1,1,0.918032786885246,0.901639344262295,0.885245901639344,0.885245901639344,0.868852459016393,0.836065573770492,0.836065573770492,0.819672131147541,0,0,0,0,0,0,0,0,2646,3.484028,-1.45356833572095
"647",216,216,2,4.3605935285017,11.7342239147431,12.7919072162831,13.5672397157444,14.7892596978969,15.9076472670285,18.2136382371275,19.1115278952497,21.0323827471652,1,1,1,1,1,1,1,1,0.918032786885246,0.901639344262295,0.901639344262295,0.885245901639344,0.868852459016393,0.852459016393443,0.836065573770492,0.819672131147541,0,0,0,0,0,0,0,0,2647,3.190353,-1.1702405285017
"648",216,216,3,4.31634144964661,11.6899718358881,12.747655137428,13.5229876368893,14.7450076190418,15.8633951881734,18.1693861582724,19.0672758163946,20.9881306683101,1,1,1,1,1,1,1,1,0.903225806451613,0.887096774193548,0.887096774193548,0.870967741935484,0.854838709677419,0.838709677419355,0.82258064516129,0.806451612903226,0,0,0,0,0,0,0,0,2648,3.039413,-1.27692844964661
"649",217,217,1,4.29172872427007,11.6657586658538,12.7234992801409,13.4988737925898,14.7209599924108,15.8394081636752,18.1455240886422,19.043462400764,20.964421338154,1,1,1,1,1,1,1,1,0.918032786885246,0.901639344262295,0.901639344262295,0.885245901639344,0.868852459016393,0.852459016393443,0.836065573770492,0.819672131147541,0,0,0,0,0,0,0,0,2649,3.371984,-0.919744724270067
"650",217,217,2,4.34180369610587,11.7158336376896,12.7735742519767,13.5489487644256,14.7710349642466,15.889483135511,18.195599060478,19.0935373725998,21.0144963099898,1,1,1,1,1,1,1,1,0.918032786885246,0.901639344262295,0.901639344262295,0.885245901639344,0.868852459016393,0.852459016393443,0.836065573770492,0.819672131147541,0,0,0,0,0,0,0,0,2650,3.334736,-1.00706769610587
"651",217,217,3,4.33619529203294,11.7102252336167,12.7679658479037,13.5433403603527,14.7654265601736,15.8838747314381,18.189990656405,19.0879289685269,21.0088879059169,1,1,1,1,1,1,1,1,0.918032786885246,0.901639344262295,0.901639344262295,0.885245901639344,0.868852459016393,0.852459016393443,0.836065573770492,0.819672131147541,0,0,0,0,0,0,0,0,2651,4.179134,-0.157061292032939
"652",218,218,1,4.45773342067403,11.8240250755195,12.8806556997152,13.6552165362835,14.8760202822077,15.9932947570375,18.2969906502958,19.1939866684227,21.1129297567874,1,1,1,1,1,1,1,1,0.903225806451613,0.887096774193548,0.887096774193548,0.870967741935484,0.854838709677419,0.838709677419355,0.82258064516129,0.806451612903226,0,0,0,0,0,0,0,0,2652,3.005423,-1.45231042067403
"653",218,218,2,4.28046628838139,11.6467579432268,12.7033885674225,13.4779494039908,14.698753149915,15.8160276247448,18.1197235180031,19.01671953613,20.9356626244948,1,1,1,1,1,1,1,1,0.903225806451613,0.887096774193548,0.887096774193548,0.870967741935484,0.854838709677419,0.838709677419355,0.82258064516129,0.806451612903226,0,0,0,0,0,0,0,0,2653,3.034603,-1.24586328838139
"654",218,218,3,4.28487338256411,11.6511650374095,12.7077956616053,13.4823564981735,14.7031602440977,15.8204347189276,18.1241306121859,19.0211266303128,20.9400697186775,1,1,1,1,1,1,1,1,0.918032786885246,0.901639344262295,0.901639344262295,0.885245901639344,0.868852459016393,0.852459016393443,0.836065573770492,0.819672131147541,0,0,0,0,0,0,0,0,2654,3.677003,-0.607870382564115
"655",219,219,1,4.3799875989037,11.7465446264378,12.8032133160432,13.5778020563792,14.7986497820951,15.9159645070461,18.2197433915843,19.1167717242402,21.035783943059,1,1,1,1,1,1,1,1,0.903225806451613,0.887096774193548,0.887096774193548,0.870967741935484,0.854838709677419,0.838709677419355,0.82258064516129,0.806451612903226,0,0,0,0,0,0,0,0,2655,3.018719,-1.3612685989037
"656",219,219,2,4.28043913869189,11.646996166226,12.7036648558314,13.4782535961674,14.6991013218833,15.8164160468343,18.1201949313725,19.0172232640284,20.9362354828472,1,1,1,1,1,1,1,1,0.918032786885246,0.901639344262295,0.901639344262295,0.885245901639344,0.868852459016393,0.852459016393443,0.836065573770492,0.819672131147541,0,0,0,0,0,0,0,0,2656,3.393034,-0.887405138691894
"657",219,219,3,4.33704461882536,11.7036016463595,12.7602703359649,13.5348590763009,14.7557068020168,15.8730215269677,18.176800411506,19.0738287441619,20.9928409629807,1,1,1,1,1,1,1,1,0.933333333333333,0.916666666666667,0.916666666666667,0.9,0.883333333333333,0.866666666666667,0.85,0.833333333333333,0,0,0,0,0,0,0,0,2657,5.871041,1.53399638117464
"658",220,220,1,4.71070668638486,12.0775529304886,13.1342631057015,13.9088822569741,15.1297779140899,16.2471365056573,18.5510058382874,19.4480693889503,21.3671569496322,0,1,1,1,1,1,1,1,0,1,1,0.981818181818182,0.963636363636364,0.945454545454545,0.927272727272727,0.909090909090909,0,0,0,0,0,0,0,0,2658,13.587297,8.87659031361514
"659",220,220,2,5.87598737175972,13.2428336158634,14.2995437910763,15.0741629423489,16.2950585994648,17.4124171910322,19.7162865236623,20.6133500743252,22.532437635007,1,1,1,1,1,1,1,1,0.887096774193548,0.870967741935484,0.870967741935484,0.854838709677419,0.838709677419355,0.82258064516129,0.806451612903226,0.790322580645161,1,0,0,0,0,0,0,0,2659,2.821444,-3.05454337175972
"660",220,220,3,4.25016773040969,11.6170139745134,12.6737241497263,13.4483433009989,14.6692389581148,15.7865975496822,18.0904668823122,18.9875304329751,20.906617993657,1,1,1,1,1,1,1,1,0.918032786885246,0.901639344262295,0.901639344262295,0.885245901639344,0.868852459016393,0.852459016393443,0.836065573770492,0.819672131147541,1,0,0,0,0,0,0,0,2660,3.636572,-0.613595730409692
"661",221,221,1,4.37573647302235,11.7505569821315,12.8084109964707,13.5838686365872,14.8060858559009,15.9246539356564,18.231017098616,19.1290516784334,21.0502165612515,1,1,1,1,1,1,1,1,0.918032786885246,0.901639344262295,0.901639344262295,0.885245901639344,0.868852459016393,0.852459016393443,0.836065573770492,0.819672131147541,0,0,0,0,0,0,0,0,2661,3.143416,-1.23232047302235
"662",221,221,2,4.30129754017814,11.6761180492873,12.7339720636265,13.509429703743,14.7316469230567,15.8502150028122,18.1565781657718,19.0546127455892,20.9757776284073,1,1,1,1,1,1,1,1,0.918032786885246,0.901639344262295,0.901639344262295,0.885245901639344,0.868852459016393,0.852459016393443,0.836065573770492,0.819672131147541,0,0,0,0,0,0,0,0,2662,4.324651,0.0233534598218554
"663",221,221,3,4.47959786064109,11.8544183697503,12.9122723840894,13.687730024206,14.9099472435197,16.0285153232751,18.3348784862347,19.2329130660521,21.1540779488703,1,1,1,1,1,1,1,1,0.918032786885246,0.901639344262295,0.901639344262295,0.885245901639344,0.868852459016393,0.852459016393443,0.836065573770492,0.819672131147541,0,0,0,0,0,0,0,0,2663,3.287592,-1.19200586064109
"664",222,222,1,4.31705794692249,11.6801143999331,12.7362809624959,13.510501619669,14.7307692007624,15.8475529797849,18.1502371127803,19.0468391792013,20.9649394868982,1,1,1,1,1,1,1,1,0.918032786885246,0.901639344262295,0.901639344262295,0.885245901639344,0.868852459016393,0.852459016393443,0.836065573770492,0.819672131147541,0,0,0,0,0,0,0,0,2664,3.772031,-0.545026946922489
"665",222,222,2,4.39053162841815,11.7535880814288,12.8097546439915,13.5839753011647,14.8042428822581,15.9210266612805,18.223710794276,19.120312860697,21.0384131683939,1,1,1,1,1,1,1,1,0.918032786885246,0.901639344262295,0.901639344262295,0.885245901639344,0.868852459016393,0.852459016393443,0.836065573770492,0.819672131147541,0,0,0,0,0,0,0,0,2665,3.626246,-0.764285628418149
"666",222,222,3,4.36842077306413,11.7314772260748,12.7876437886375,13.5618644458107,14.7821320269041,15.8989158059265,18.201599938922,19.098202005343,21.0163023130399,1,1,1,1,1,1,1,1,0.918032786885246,0.901639344262295,0.901639344262295,0.885245901639344,0.868852459016393,0.852459016393443,0.836065573770492,0.819672131147541,0,0,0,0,0,0,0,0,2666,4.296299,-0.0721217730641328
"667",223,223,1,4.46934316115277,11.8324206029877,12.8885901762152,13.6628130403497,14.8830840998875,15.9998710623676,18.3025617592993,19.199166381537,21.1172721568914,1,1,1,1,1,1,1,1,0.918032786885246,0.901639344262295,0.901639344262295,0.885245901639344,0.868852459016393,0.852459016393443,0.836065573770492,0.819672131147541,0,0,0,0,0,0,0,0,2667,3.49634,-0.973003161152767
"668",223,223,2,4.34807017703825,11.7111476188732,12.7673171921007,13.5415400562352,14.7618111157729,15.8785980782531,18.1812887751847,19.0778933974225,20.9959991727768,1,1,1,1,1,1,1,1,0.933333333333333,0.916666666666667,0.916666666666667,0.9,0.883333333333333,0.866666666666667,0.85,0.833333333333333,0,0,0,0,0,0,0,0,2668,4.705335,0.357264822961754
"669",223,223,3,4.53135260954983,11.8944300513848,12.9505996246123,13.7248224887468,14.9450935482845,16.0618805107646,18.3645712076963,19.2611758299341,21.1792816052884,1,1,1,1,1,1,1,1,0.903225806451613,0.887096774193548,0.887096774193548,0.870967741935484,0.854838709677419,0.838709677419355,0.82258064516129,0.806451612903226,0,0,0,0,0,0,0,0,2669,2.836637,-1.69471560954983
"670",224,224,1,4.24697820497791,11.6103475948384,12.666559045477,13.4408126077589,14.6611320513764,15.7779632947637,18.0807452940085,18.9773854668637,20.8955672956343,1,1,1,1,1,1,1,1,0.918032786885246,0.901639344262295,0.901639344262295,0.885245901639344,0.868852459016393,0.852459016393443,0.836065573770492,0.819672131147541,0,0,0,0,0,0,0,0,2670,3.577138,-0.669840204977911
"671",224,224,2,4.35922122026359,11.722590610124,12.7788020607627,13.5530556230446,14.7733750666621,15.8902063100494,18.1929883092942,19.0896284821494,21.00781031092,0,0,0,0,0,0,0,0,0,0,0,0,0,0,0,0,0,0,0,0,0,0,0,0,2671,28.560568,24.2013467797364
"672",224,224,3,8.14613780157648,15.5095071914369,16.5657186420756,17.3399722043575,18.560291647975,19.6771228913623,21.9799048906071,22.8765450634623,24.7947268922329,1,1,1,1,1,1,1,1,0.885245901639344,0.868852459016393,0.852459016393443,0.852459016393443,0.836065573770492,0.80327868852459,0.80327868852459,0.786885245901639,1,1,1,1,1,1,1,1,2672,3.70376,-4.44237780157648
"673",225,225,1,4.39148209673702,11.8102789423323,12.8744409805793,13.654522704234,14.8840280515271,16.0092661954824,18.3293822901083,19.2327718844389,21.1653927468606,1,1,1,1,1,1,1,1,0.918032786885246,0.901639344262295,0.901639344262295,0.885245901639344,0.868852459016393,0.852459016393443,0.836065573770492,0.819672131147541,1,1,1,1,1,1,1,1,2673,3.806789,-0.584693096737022
"674",225,225,2,4.40678387349777,11.8255807190931,12.8897427573401,13.6698244809947,14.8993298282879,16.0245679722431,18.3446840668691,19.2480736611996,21.1806945236213,1,1,1,1,1,1,1,1,0.918032786885246,0.901639344262295,0.901639344262295,0.885245901639344,0.868852459016393,0.852459016393443,0.836065573770492,0.819672131147541,0,0,0,0,0,0,0,0,2674,4.344826,-0.0619578734977733
"675",225,225,3,4.48669265707351,11.9054895026688,12.9696515409158,13.7497332645704,14.9792386118636,16.1044767558189,18.4245928504448,19.3279824447754,21.2606033071971,1,1,1,1,1,1,1,1,0.918032786885246,0.901639344262295,0.901639344262295,0.885245901639344,0.868852459016393,0.852459016393443,0.836065573770492,0.819672131147541,0,0,0,0,0,0,0,0,2675,3.471556,-1.01513665707351
"676",226,226,1,4.34906658692748,11.7490797871726,12.8105474744706,13.5886541098803,14.8150464736425,15.9374356281092,18.2516774227914,19.1527797257854,21.0805073871083,1,1,1,1,1,1,1,1,0.918032786885246,0.901639344262295,0.901639344262295,0.885245901639344,0.868852459016393,0.852459016393443,0.836065573770492,0.819672131147541,0,0,0,0,0,0,0,0,2676,3.306116,-1.04295058692748
"677",226,226,2,4.32435122293894,11.724364423184,12.785832110482,13.5639387458917,14.7903311096539,15.9127202641207,18.2269620588029,19.1280643617968,21.0557920231198,1,1,1,1,1,1,1,1,0.918032786885246,0.901639344262295,0.901639344262295,0.885245901639344,0.868852459016393,0.852459016393443,0.836065573770492,0.819672131147541,0,0,0,0,0,0,0,0,2677,3.195909,-1.12844222293894
"678",226,226,3,4.30788721109728,11.7079004113423,12.7693680986404,13.54747473405,14.7738670978123,15.896256252279,18.2104980469612,19.1116003499551,21.0393280112781,1,1,1,1,1,1,1,1,0.933333333333333,0.916666666666667,0.916666666666667,0.9,0.883333333333333,0.866666666666667,0.85,0.833333333333333,0,0,0,0,0,0,0,0,2678,4.724201,0.416313788902724
"679",227,227,1,4.53635251300136,11.9365615732924,12.9980573550146,13.7761845849823,15.002609408317,16.1250282696485,18.4393313165868,19.3404574695299,21.268236153036,1,1,1,1,1,1,1,1,0.903225806451613,0.887096774193548,0.887096774193548,0.870967741935484,0.854838709677419,0.838709677419355,0.82258064516129,0.806451612903226,0,0,0,0,0,0,0,0,2679,2.860067,-1.67628551300136
"680",227,227,2,4.25748247672336,11.6576915370144,12.7191873187366,13.4973145487043,14.723739372039,15.8461582333705,18.1604612803088,19.0615874332519,20.989366116758,1,1,1,1,1,1,1,1,0.918032786885246,0.901639344262295,0.901639344262295,0.885245901639344,0.868852459016393,0.852459016393443,0.836065573770492,0.819672131147541,0,0,0,0,0,0,0,0,2680,3.309026,-0.948456476723361
"681",227,227,3,4.32464568098729,11.7248547412783,12.7863505230005,13.5644777529682,14.7909025763029,15.9133214376344,18.2276244845728,19.1287506375159,21.0565293210219,1,1,1,1,1,1,1,1,0.949152542372881,0.932203389830508,0.932203389830508,0.915254237288136,0.898305084745763,0.88135593220339,0.864406779661017,0.847457627118644,0,0,0,0,0,0,0,0,2681,7.182225,2.85757931901271
"682",228,228,1,4.90376291105843,12.3047765398639,13.3663877299587,14.144599559789,15.371157722978,16.4936986163857,18.8082532799135,19.7094774054577,21.6374656816953,1,1,1,1,1,1,1,1,0.903225806451613,0.887096774193548,0.870967741935484,0.870967741935484,0.854838709677419,0.82258064516129,0.82258064516129,0.806451612903226,0,0,0,0,0,0,0,0,2682,2.419151,-2.48461191105843
"683",228,228,2,4.19164696525209,11.5926605940576,12.6542717841524,13.4324836139827,14.6590417771717,15.7815826705794,18.0961373341071,18.9973614596513,20.925349735889,1,1,1,1,1,1,1,1,0.918032786885246,0.901639344262295,0.901639344262295,0.885245901639344,0.868852459016393,0.852459016393443,0.836065573770492,0.819672131147541,0,0,0,0,0,0,0,0,2683,3.225792,-0.965854965252086
"684",228,228,3,4.31224595629047,11.713259585096,12.7748707751908,13.553082605021,14.7796407682101,15.9021816616178,18.2167363251455,19.1179604506897,21.0459487269274,1,1,1,1,1,1,1,1,0.903225806451613,0.887096774193548,0.887096774193548,0.870967741935484,0.854838709677419,0.838709677419355,0.82258064516129,0.806451612903226,0,0,0,0,0,0,0,0,2684,2.727042,-1.58520395629047
"685",229,229,1,4.2342257246384,11.6358381073047,12.6975351834458,13.47580997186,14.7024673655696,15.8250990743342,18.1398409890427,19.0411380250627,20.969282278641,1,1,1,1,1,1,1,1,0.918032786885246,0.901639344262295,0.901639344262295,0.885245901639344,0.868852459016393,0.852459016393443,0.836065573770492,0.819672131147541,0,0,0,0,0,0,0,0,2685,3.148817,-1.0854087246384
"686",229,229,2,4.29751256714331,11.6991249498096,12.7608220259507,13.5390968143649,14.7657542080746,15.8883859168391,18.2031278315477,19.1044248675676,21.0325691211459,1,1,1,1,1,1,1,1,0.903225806451613,0.887096774193548,0.887096774193548,0.870967741935484,0.854838709677419,0.838709677419355,0.82258064516129,0.806451612903226,0,0,0,0,0,0,0,0,2686,2.55998,-1.73753256714331
"687",229,229,3,4.20915826809746,11.6107706507638,12.6724677269048,13.450742515319,14.6773999090287,15.8000316177933,18.1147735325018,19.0160705685217,20.9442148221001,1,1,1,1,1,1,1,1,0.918032786885246,0.901639344262295,0.901639344262295,0.885245901639344,0.868852459016393,0.852459016393443,0.836065573770492,0.819672131147541,0,0,0,0,0,0,0,0,2687,3.341114,-0.868044268097456
"688",230,230,1,4.31434503255704,11.6951369801754,12.7538475455575,13.5299330785981,14.7531399348747,15.8726137262334,18.180844365939,19.0796060899989,21.0023265520952,1,1,1,1,1,1,1,1,0.918032786885246,0.901639344262295,0.901639344262295,0.885245901639344,0.868852459016393,0.852459016393443,0.836065573770492,0.819672131147541,0,0,0,0,0,0,0,0,2688,3.44696,-0.867385032557043
"689",230,230,2,4.33026090812536,11.7110528557437,12.7697634211258,13.5458489541665,14.769055810443,15.8885296018017,18.1967602415073,19.0955219655672,21.0182424276635,1,1,1,1,1,1,1,1,0.903225806451613,0.887096774193548,0.887096774193548,0.870967741935484,0.854838709677419,0.838709677419355,0.82258064516129,0.806451612903226,0,0,0,0,0,0,0,0,2689,3.082542,-1.24771890812536
"690",230,230,3,4.27546401884418,11.6562559664625,12.7149665318446,13.4910520648853,14.7142589211618,15.8337327125205,18.1419633522262,19.040725076286,20.9634455383823,1,1,1,1,1,1,1,1,0.918032786885246,0.901639344262295,0.901639344262295,0.885245901639344,0.868852459016393,0.852459016393443,0.836065573770492,0.819672131147541,0,0,0,0,0,0,0,0,2690,3.515463,-0.760001018844179
"691",231,231,1,4.33791659268877,11.7189408038585,12.7776846854318,13.5537946408357,14.7770399897795,15.896549009466,18.2048522860716,19.1036422929487,21.0264232604604,1,1,1,1,1,1,1,1,0.903225806451613,0.887096774193548,0.887096774193548,0.870967741935484,0.854838709677419,0.838709677419355,0.82258064516129,0.806451612903226,0,0,0,0,0,0,0,0,2691,2.812721,-1.52519559268877
"692",231,231,2,4.23211254843231,11.6131367596021,12.6718806411754,13.4479905965793,14.6712359455231,15.7907449652096,18.0990482418151,18.9978382486923,20.920619216204,1,1,1,1,1,1,1,1,0.903225806451613,0.887096774193548,0.887096774193548,0.870967741935484,0.854838709677419,0.838709677419355,0.82258064516129,0.806451612903226,0,0,0,0,0,0,0,0,2692,2.904654,-1.32745854843231
"693",231,231,3,4.24595387739889,11.6269780885686,12.6857219701419,13.4618319255459,14.6850772744897,15.8045862941762,18.1128895707817,19.0116795776589,20.9344605451705,1,1,1,1,1,1,1,1,0.949152542372881,0.932203389830508,0.932203389830508,0.915254237288136,0.898305084745763,0.88135593220339,0.864406779661017,0.847457627118644,0,0,0,0,0,0,0,0,2693,6.904348,2.65839412260111
"694",232,232,1,4.84935309953586,12.2313980394481,13.2902883357032,14.0665056200788,15.2899201327662,16.4095839704022,18.7182064644271,19.6171207658151,21.5401676365054,1,1,1,1,1,1,1,1,0.918032786885246,0.901639344262295,0.885245901639344,0.885245901639344,0.868852459016393,0.852459016393443,0.836065573770492,0.819672131147541,0,0,0,0,0,0,0,0,2694,4.372713,-0.476640099535856
"695",232,232,2,4.46818181588189,11.8502267557942,12.9091170520492,13.6853343364248,14.9087488491122,16.0284126867483,18.3370351807732,19.2359494821611,21.1589963528514,1,1,1,1,1,1,1,1,0.933333333333333,0.916666666666667,0.916666666666667,0.9,0.883333333333333,0.866666666666667,0.85,0.833333333333333,0,0,0,0,0,0,0,0,2695,6.154923,1.68674118411811
"696",232,232,3,4.73651720919133,12.1185621491036,13.1774524453586,13.9536697297343,15.1770842424216,16.2967480800577,18.6053705740826,19.5042848754705,21.4273317461608,1,1,1,1,1,1,1,1,0.918032786885246,0.901639344262295,0.901639344262295,0.885245901639344,0.868852459016393,0.852459016393443,0.836065573770492,0.819672131147541,0,0,0,0,0,0,0,0,2696,3.275573,-1.46094420919133
"697",233,233,1,4.30258808300409,11.6850337066091,12.7439814774633,13.5202408934719,14.7437218108275,15.8634464217377,18.172194223505,19.0711573162922,20.994308566396,1,1,1,1,1,1,1,1,0.918032786885246,0.901639344262295,0.901639344262295,0.885245901639344,0.868852459016393,0.852459016393443,0.836065573770492,0.819672131147541,0,0,0,0,0,0,0,0,2697,3.218557,-1.08403108300409
"698",233,233,2,4.29401457509302,11.676460198698,12.7354079695522,13.5116673855608,14.7351483029164,15.8548729138266,18.163620715594,19.0625838083811,20.9857350584849,1,1,1,1,1,1,1,1,0.903225806451613,0.887096774193548,0.887096774193548,0.870967741935484,0.854838709677419,0.838709677419355,0.82258064516129,0.806451612903226,0,0,0,0,0,0,0,0,2698,3.115669,-1.17834557509302
"699",233,233,3,4.27854328489457,11.6609889084996,12.7199366793538,13.4961960953624,14.7196770127179,15.8394016236282,18.1481494253955,19.0471125181827,20.9702637682865,1,1,1,1,1,1,1,1,0.918032786885246,0.901639344262295,0.901639344262295,0.885245901639344,0.868852459016393,0.852459016393443,0.836065573770492,0.819672131147541,0,0,0,0,0,0,0,0,2699,3.25412,-1.02442328489457
"700",234,234,1,4.29637580546894,11.6788585639061,12.7378116614298,13.5140749821422,14.7375620537941,15.8572922970906,18.166051712213,19.0650193269222,20.9881802507714,1,1,1,1,1,1,1,1,0.903225806451613,0.887096774193548,0.887096774193548,0.870967741935484,0.854838709677419,0.838709677419355,0.82258064516129,0.806451612903226,0,0,0,0,0,0,0,0,2700,3.005088,-1.29128780546894
"701",234,234,2,4.25881084476955,11.6412936032067,12.7002467007304,13.4765100214428,14.6999970930947,15.8197273363912,18.1284867515136,19.0274543662228,20.950615290072,1,1,1,1,1,1,1,1,0.903225806451613,0.887096774193548,0.887096774193548,0.870967741935484,0.854838709677419,0.838709677419355,0.82258064516129,0.806451612903226,0,0,0,0,0,0,0,0,2701,2.542063,-1.71674784476955
"702",234,234,3,4.18896634314794,11.5714491015851,12.6304021991088,13.4066655198212,14.6301525914731,15.7498828347696,18.058642249892,18.9576098646012,20.8807707884504,1,1,1,1,1,1,1,1,0.918032786885246,0.901639344262295,0.901639344262295,0.885245901639344,0.868852459016393,0.852459016393443,0.836065573770492,0.819672131147541,0,0,0,0,0,0,0,0,2702,3.282587,-0.906379343147942
"703",235,235,1,4.29370834660908,11.6651396795836,12.7225075460124,13.4976088164351,14.7192643530033,15.8373183830628,18.1426216326346,19.0402435112395,20.9605255025807,1,1,1,1,1,1,1,1,0.903225806451613,0.887096774193548,0.887096774193548,0.870967741935484,0.854838709677419,0.838709677419355,0.82258064516129,0.806451612903226,0,0,0,0,0,0,0,0,2703,2.62162,-1.67208834660908
"704",235,235,2,4.19379170564012,11.5652230386146,12.6225909050435,13.3976921754661,14.6193477120344,15.7374017420938,18.0427049916656,18.9403268702705,20.8606088616117,1,1,1,1,1,1,1,1,0.903225806451613,0.887096774193548,0.887096774193548,0.870967741935484,0.854838709677419,0.838709677419355,0.82258064516129,0.806451612903226,0,0,0,0,0,0,0,0,2704,2.993377,-1.20041470564012
"705",235,235,3,4.24998923244055,11.621420565415,12.6787884318439,13.4538897022666,14.6755452388348,15.7935992688942,18.098902518466,18.996524397071,20.9168063884122,1,1,1,1,1,1,1,1,0.949152542372881,0.932203389830508,0.932203389830508,0.915254237288136,0.898305084745763,0.88135593220339,0.864406779661017,0.847457627118644,0,0,0,0,0,0,0,0,2705,7.137491,2.88750176755945
"706",236,236,1,4.87467967130044,12.2469017401526,13.3043830307823,14.0795674465746,15.3013540305364,16.4195279946215,18.7250785348356,19.6227967016363,21.543284682262,1,1,1,1,1,1,1,1,0.918032786885246,0.901639344262295,0.885245901639344,0.885245901639344,0.868852459016393,0.852459016393443,0.836065573770492,0.819672131147541,0,0,0,0,0,0,0,0,2706,3.531151,-1.34352867130044
"707",236,236,2,4.32979948097278,11.7020215498249,12.7595028404546,13.534687256247,14.7564738402088,15.8746478042939,18.1801983445079,19.0779165113087,20.9984044919343,1,1,1,1,1,1,1,1,0.903225806451613,0.887096774193548,0.887096774193548,0.870967741935484,0.854838709677419,0.838709677419355,0.82258064516129,0.806451612903226,0,0,0,0,0,0,0,0,2707,2.705378,-1.62442148097278
"708",236,236,3,4.20503383230753,11.5772559011597,12.6347371917894,13.4099216075817,14.6317081915435,15.7498821556286,18.0554326958426,18.9531508626434,20.8736388432691,1,1,1,1,1,1,1,1,0.903225806451613,0.887096774193548,0.887096774193548,0.870967741935484,0.854838709677419,0.838709677419355,0.82258064516129,0.806451612903226,0,0,0,0,0,0,0,0,2708,2.742132,-1.46290183230753
"709",237,237,1,4.20771972899041,11.5803683437341,12.637910818671,13.4131400854899,14.6349973602207,15.7532360202016,18.0589199561681,18.9566900636175,20.8772891608441,1,1,1,1,1,1,1,1,0.903225806451613,0.887096774193548,0.887096774193548,0.870967741935484,0.854838709677419,0.838709677419355,0.82258064516129,0.806451612903226,0,0,0,0,0,0,0,0,2709,3.110723,-1.09699672899041
"710",237,237,2,4.2634967902674,11.6361454050111,12.693687879948,13.4689171467669,14.6907744214977,15.8090130814786,18.1146970174451,19.0124671248945,20.9330662221211,1,1,1,1,1,1,1,1,0.918032786885246,0.901639344262295,0.901639344262295,0.885245901639344,0.868852459016393,0.852459016393443,0.836065573770492,0.819672131147541,0,0,0,0,0,0,0,0,2710,3.211536,-1.0519607902674
"711",237,237,3,4.27875232520591,11.6514009399496,12.7089434148865,13.4841726817054,14.7060299564362,15.8242686164171,18.1299525523836,19.027722659833,20.9483217570596,1,1,1,1,1,1,1,1,0.918032786885246,0.901639344262295,0.901639344262295,0.885245901639344,0.868852459016393,0.852459016393443,0.836065573770492,0.819672131147541,0,0,0,0,0,0,0,0,2711,3.671551,-0.607201325205906
"712",238,238,1,4.34774966121433,11.7204735232787,12.7780267917909,13.5532639708172,14.7751337161662,15.8933837892047,18.1990912576285,19.0968705279715,21.0174892273715,1,1,1,1,1,1,1,1,0.918032786885246,0.901639344262295,0.901639344262295,0.885245901639344,0.868852459016393,0.852459016393443,0.836065573770492,0.819672131147541,0,0,0,0,0,0,0,0,2712,3.434814,-0.912935661214332
"713",238,238,2,4.31188783590683,11.6846116979712,12.7421649664834,13.5174021455097,14.7392718908587,15.8575219638972,18.163229432321,19.061008702664,20.981627402064,1,1,1,1,1,1,1,1,0.918032786885246,0.901639344262295,0.901639344262295,0.885245901639344,0.868852459016393,0.852459016393443,0.836065573770492,0.819672131147541,0,0,0,0,0,0,0,0,2713,3.469187,-0.842700835906828
"714",238,238,3,4.31709478928249,11.6898186513469,12.747371919859,13.5226090988853,14.7444788442344,15.8627289172728,18.1684363856966,19.0662156560397,20.9868343554396,1,1,1,1,1,1,1,1,0.903225806451613,0.887096774193548,0.887096774193548,0.870967741935484,0.854838709677419,0.838709677419355,0.82258064516129,0.806451612903226,0,0,0,0,0,0,0,0,2714,2.776684,-1.54041078928249
"715",239,239,1,4.20473470331392,11.5672928584084,12.6233879444586,13.3975562059258,14.6177412049018,15.7344494051162,18.0369777030027,18.9335190915049,20.8514895909636,1,1,1,1,1,1,1,1,0.903225806451613,0.887096774193548,0.887096774193548,0.870967741935484,0.854838709677419,0.838709677419355,0.82258064516129,0.806451612903226,0,0,0,0,0,0,0,0,2715,2.769649,-1.43508570331392
"716",239,239,2,4.20366769962143,11.5662258547159,12.6223209407661,13.3964892022333,14.6166742012093,15.7333824014237,18.0359106993102,18.9324520878125,20.8504225872711,1,1,1,1,1,1,1,1,0.903225806451613,0.887096774193548,0.887096774193548,0.870967741935484,0.854838709677419,0.838709677419355,0.82258064516129,0.806451612903226,0,0,0,0,0,0,0,0,2716,2.559217,-1.64445069962143
"717",239,239,3,4.17175132136724,11.5343094764617,12.5904045625119,13.3645728239792,14.5847578229551,15.7014660231696,18.003994321056,18.9005357095583,20.8185062090169,1,1,1,1,1,1,1,1,0.949152542372881,0.932203389830508,0.932203389830508,0.915254237288136,0.898305084745763,0.88135593220339,0.864406779661017,0.847457627118644,0,0,0,0,0,0,0,0,2717,6.584181,2.41242967863276
"718",240,240,1,4.78403625663202,12.147426777776,13.203641259514,13.9778970437368,15.1982199894081,16.3150544378604,18.6178430455934,19.5144857916127,21.4326731251518,1,1,1,1,1,1,1,1,0.903225806451613,0.887096774193548,0.887096774193548,0.870967741935484,0.854838709677419,0.838709677419355,0.82258064516129,0.806451612903226,0,0,0,0,0,0,0,0,2718,2.897431,-1.88660525663202
"719",240,240,2,4.2239913130031,11.5873818341471,12.643596315885,13.4178521001078,14.6381750457792,15.7550094942315,18.0577981019645,18.9544408479838,20.8726281815229,1,1,1,1,1,1,1,1,0.903225806451613,0.887096774193548,0.887096774193548,0.870967741935484,0.854838709677419,0.838709677419355,0.82258064516129,0.806451612903226,0,0,0,0,0,0,0,0,2719,3.118629,-1.1053623130031
"720",240,240,3,4.25759294626839,11.6209834674124,12.6771979491503,13.4514537333731,14.6717766790445,15.7886111274968,18.0913997352298,18.9880424812491,20.9062298147882,1,1,1,1,1,1,1,1,0.918032786885246,0.901639344262295,0.901639344262295,0.885245901639344,0.868852459016393,0.852459016393443,0.836065573770492,0.819672131147541,0,0,0,0,0,0,0,0,2720,3.16381,-1.09378294626839
"721",241,241,1,4.26285640522289,11.6266425916001,12.6829138280827,13.4572112162507,14.6775997348889,15.7944941954459,18.0974065414742,18.9940974677931,20.9123878734206,1,1,1,1,1,1,1,1,0.918032786885246,0.901639344262295,0.901639344262295,0.885245901639344,0.868852459016393,0.852459016393443,0.836065573770492,0.819672131147541,0,0,0,0,0,0,0,0,2721,3.707349,-0.555507405222894
"722",241,241,2,4.34526829245076,11.7090544788279,12.7653257153106,13.5396231034785,14.7600116221168,15.8769060826737,18.1798184287021,19.076509355021,20.9947997606485,1,1,1,1,1,1,1,1,0.903225806451613,0.887096774193548,0.887096774193548,0.870967741935484,0.854838709677419,0.838709677419355,0.82258064516129,0.806451612903226,0,0,0,0,0,0,0,0,2722,2.97807,-1.36719829245076
"723",241,241,3,4.23469433417794,11.5984805205551,12.6547517570378,13.4290491452057,14.649437663844,15.7663321244009,18.0692444704293,18.9659353967481,20.8842258023757,1,1,1,1,1,1,1,1,0.903225806451613,0.887096774193548,0.887096774193548,0.870967741935484,0.854838709677419,0.838709677419355,0.82258064516129,0.806451612903226,0,0,0,0,0,0,0,0,2723,3.051091,-1.18360333417794
"724",242,242,1,4.24421822896474,11.6081330616528,12.6644227513325,13.4387336665774,14.6591435055632,15.7760574784129,18.0790100566221,18.9757166482491,20.8940405666617,1,1,1,1,1,1,1,1,0.918032786885246,0.901639344262295,0.901639344262295,0.885245901639344,0.868852459016393,0.852459016393443,0.836065573770492,0.819672131147541,0,0,0,0,0,0,0,0,2724,3.741092,-0.503126228964737
"725",242,242,2,4.34925974420816,11.7131745768962,12.7694642665759,13.5437751818209,14.7641850208066,15.8810989936563,18.1840515718656,19.0807581634926,20.9990820819052,1,1,1,1,1,1,1,1,0.903225806451613,0.887096774193548,0.887096774193548,0.870967741935484,0.854838709677419,0.838709677419355,0.82258064516129,0.806451612903226,0,0,0,0,0,0,0,0,2725,2.982276,-1.36698374420816
"726",242,242,3,4.23374225592778,11.5976570886158,12.6539467782955,13.4282576935405,14.6486675325263,15.765581505376,18.0685340835852,18.9652406752122,20.8835645936248,1,1,1,1,1,1,1,1,0.918032786885246,0.901639344262295,0.901639344262295,0.885245901639344,0.868852459016393,0.852459016393443,0.836065573770492,0.819672131147541,0,0,0,0,0,0,0,0,2726,3.454549,-0.779193255927776
"727",243,243,1,4.30062285378324,11.6572214872887,12.7124617316748,13.4860033532744,14.7052006902597,15.8210049863572,18.1216695343335,19.0174852297209,20.9339032542982,1,1,1,1,1,1,1,1,0.918032786885246,0.901639344262295,0.901639344262295,0.885245901639344,0.868852459016393,0.852459016393443,0.836065573770492,0.819672131147541,0,0,0,0,0,0,0,0,2727,3.393044,-0.907578853783245
"728",243,243,2,4.29124661760176,11.6478452511072,12.7030854954933,13.476627117093,14.6958244540782,15.8116287501757,18.112293298152,19.0081089935394,20.9245270181167,1,1,1,1,1,1,1,1,0.903225806451613,0.887096774193548,0.887096774193548,0.870967741935484,0.854838709677419,0.838709677419355,0.82258064516129,0.806451612903226,0,0,0,0,0,0,0,0,2728,2.814682,-1.47656461760176
"729",243,243,3,4.20307722144864,11.5596758549541,12.6149160993402,13.3884577209398,14.6076550579251,15.7234593540226,18.0241239019988,18.9199395973863,20.8363576219636,1,1,1,1,1,1,1,1,0.949152542372881,0.932203389830508,0.932203389830508,0.915254237288136,0.898305084745763,0.88135593220339,0.864406779661017,0.847457627118644,0,0,0,0,0,0,0,0,2729,7.353332,3.15025477855136
"730",244,244,1,4.89497637587733,12.2527563003124,13.3081659906329,14.0818318242151,15.3012249346586,16.4172084018051,18.7182423805874,19.6142019222016,21.5309276769328,1,1,1,1,1,1,1,1,0.918032786885246,0.901639344262295,0.885245901639344,0.885245901639344,0.868852459016393,0.852459016393443,0.836065573770492,0.819672131147541,0,0,0,0,0,0,0,0,2730,3.365705,-1.52927137587733
"731",244,244,2,4.28737987873265,11.6451598031677,12.7005694934882,13.4742353270704,14.6936284375139,15.8096119046604,18.1106458834427,19.006605425057,20.9233311797881,1,1,1,1,1,1,1,1,0.918032786885246,0.901639344262295,0.901639344262295,0.885245901639344,0.868852459016393,0.852459016393443,0.836065573770492,0.819672131147541,0,0,0,0,0,0,0,0,2731,3.702294,-0.585085878732646
"732",244,244,3,4.33866609416288,11.696446018598,12.7518557089184,13.5255215425006,14.7449146529442,15.8608981200907,18.1619320988729,19.0578916404872,20.9746173952184,1,1,1,1,1,1,1,1,0.903225806451613,0.887096774193548,0.887096774193548,0.870967741935484,0.854838709677419,0.838709677419355,0.82258064516129,0.806451612903226,0,0,0,0,0,0,0,0,2732,2.987846,-1.35082009416288
"733",245,245,1,4.22807939328772,11.5862019693437,12.6416608100661,13.4153626732462,14.6348125707954,15.7508480092631,18.0519891471382,18.9479904135652,20.8648054301652,1,1,1,1,1,1,1,1,0.918032786885246,0.901639344262295,0.901639344262295,0.885245901639344,0.868852459016393,0.852459016393443,0.836065573770492,0.819672131147541,0,0,0,0,0,0,0,0,2733,3.706265,-0.521814393287718
"734",245,245,2,4.33748861370023,11.6956111897562,12.7510700304786,13.5247718936587,14.7442217912079,15.8602572296756,18.1613983675507,19.0573996339777,20.9742146505777,1,1,1,1,1,1,1,1,0.903225806451613,0.887096774193548,0.887096774193548,0.870967741935484,0.854838709677419,0.838709677419355,0.82258064516129,0.806451612903226,0,0,0,0,0,0,0,0,2734,3.002246,-1.33524261370023
"735",245,245,3,4.23027239315818,11.5883949692141,12.6438538099366,13.4175556731167,14.6370055706658,15.7530410091335,18.0541821470087,18.9501834134356,20.8669984300356,1,1,1,1,1,1,1,1,0.918032786885246,0.901639344262295,0.901639344262295,0.885245901639344,0.868852459016393,0.852459016393443,0.836065573770492,0.819672131147541,0,0,0,0,0,0,0,0,2735,3.133011,-1.09726139315818
"736",246,246,1,4.24081043297619,11.5807507906312,12.6336015498823,13.4053915644749,14.6218281520204,15.7351058217943,18.0305607468744,18.9243479579434,20.8364264471337,1,1,1,1,1,1,1,1,0.918032786885246,0.901639344262295,0.901639344262295,0.885245901639344,0.868852459016393,0.852459016393443,0.836065573770492,0.819672131147541,0,0,0,0,0,0,0,0,2736,3.950419,-0.290391432976186
"737",246,246,2,4.36602291652909,11.7059632741841,12.7588140334352,13.5306040480278,14.7470406355733,15.8603183053472,18.1557732304273,19.0495604414963,20.9616389306866,1,1,1,1,1,1,1,1,0.918032786885246,0.901639344262295,0.901639344262295,0.885245901639344,0.868852459016393,0.852459016393443,0.836065573770492,0.819672131147541,0,0,0,0,0,0,0,0,2737,3.635702,-0.730320916529089
"738",246,246,3,4.31781382488046,11.6577541825355,12.7106049417865,13.4823949563791,14.6988315439247,15.8121092136986,18.1075641387786,19.0013513498477,20.9134298390379,1,1,1,1,1,1,1,1,0.903225806451613,0.887096774193548,0.887096774193548,0.870967741935484,0.854838709677419,0.838709677419355,0.82258064516129,0.806451612903226,0,0,0,0,0,0,0,0,2738,2.966808,-1.35100582488046
"739",247,247,1,4.20906467049152,11.544791474401,12.5970378359261,13.3683847980485,14.5841230800643,15.6967616635423,17.990898863651,18.8841729887456,20.7951538333928,1,1,1,1,1,1,1,1,0.918032786885246,0.901639344262295,0.901639344262295,0.885245901639344,0.868852459016393,0.852459016393443,0.836065573770492,0.819672131147541,0,0,0,0,0,0,0,0,2739,3.593795,-0.615269670491524
"740",247,247,2,4.30692407624694,11.6426508801564,12.6948972416816,13.4662442038039,14.6819824858198,15.7946210692977,18.0887582694064,18.982032394501,20.8930132391482,1,1,1,1,1,1,1,1,0.918032786885246,0.901639344262295,0.901639344262295,0.885245901639344,0.868852459016393,0.852459016393443,0.836065573770492,0.819672131147541,0,0,0,0,0,0,0,0,2740,3.291584,-1.01534007624694
"741",247,247,3,4.25975533291933,11.5954821368288,12.6477284983539,13.4190754604763,14.6348137424921,15.7474523259701,18.0415895260788,18.9348636511734,20.8458444958206,1,1,1,1,1,1,1,1,0.96551724137931,0.948275862068966,0.948275862068966,0.931034482758621,0.913793103448276,0.896551724137931,0.879310344827586,0.862068965517241,0,0,0,0,0,0,0,0,2741,8.168734,3.90897866708067
"742",248,248,1,5.0060647220671,12.266561446871,13.3080167062829,14.0714532739032,15.2747237951133,16.3759519361241,18.6465620710003,19.5306754019582,21.4220585647457,1,1,1,1,1,1,1,1,0.903225806451613,0.887096774193548,0.870967741935484,0.870967741935484,0.854838709677419,0.838709677419355,0.82258064516129,0.806451612903226,0,0,0,0,0,0,0,0,2742,3.077367,-1.9286977220671
"743",248,248,2,4.21336480732977,11.4738615321337,12.5153167915456,13.2787533591659,14.4820238803759,15.5832520213867,17.853862156263,18.7379754872208,20.6293586500084,1,1,1,1,1,1,1,1,0.918032786885246,0.901639344262295,0.901639344262295,0.885245901639344,0.885245901639344,0.852459016393443,0.852459016393443,0.819672131147541,0,0,0,0,0,0,0,0,2743,3.20298,-1.01038480732977
"744",248,248,3,4.23292211176096,11.4934188365649,12.5348740959768,13.2983106635971,14.5015811848071,15.6028093258179,17.8734194606942,18.757532791652,20.6489159544396,1,1,1,1,1,1,1,1,0.918032786885246,0.901639344262295,0.901639344262295,0.885245901639344,0.885245901639344,0.852459016393443,0.836065573770492,0.819672131147541,0,0,0,0,0,0,0,0,2744,3.756352,-0.476570111760958
"745",249,249,1,4.31695427095186,11.5775788100589,12.6190524033235,13.3825024105357,14.585794114206,15.6870416413157,17.957691748175,18.8418206431271,20.733237101959,1,1,1,1,1,1,1,1,0.918032786885246,0.901639344262295,0.901639344262295,0.885245901639344,0.868852459016393,0.852459016393443,0.836065573770492,0.819672131147541,0,0,0,0,0,0,0,0,2745,3.513344,-0.803610270951859
"746",249,249,2,4.27908265786018,11.5397071969672,12.5811807902319,13.3446307974441,14.5479225011143,15.649170028224,17.9198201350833,18.8039490300354,20.6953654888673,1,1,1,1,1,1,1,1,0.903225806451613,0.887096774193548,0.887096774193548,0.870967741935484,0.854838709677419,0.838709677419355,0.82258064516129,0.806451612903226,0,0,0,0,0,0,0,0,2746,2.870611,-1.40847165786018
"747",249,249,3,4.17891585060586,11.4395403897129,12.4810139829775,13.2444639901897,14.44775569386,15.5490032209697,17.819653327829,18.7037822227811,20.595198681613,1,1,1,1,1,1,1,1,0.903225806451613,0.903225806451613,0.887096774193548,0.870967741935484,0.870967741935484,0.838709677419355,0.838709677419355,0.806451612903226,0,0,0,0,0,0,0,0,2747,2.439835,-1.73908085060586
"748",250,250,1,4.1104092269708,11.3709292736852,12.4123878784228,13.1758268983271,14.3791012846401,15.4803329629769,17.7509503914266,18.635066562302,20.5264558005237,1,1,1,1,1,1,1,1,0.918032786885246,0.918032786885246,0.901639344262295,0.885245901639344,0.885245901639344,0.852459016393443,0.852459016393443,0.819672131147541,0,0,0,0,0,0,0,0,2748,3.435987,-0.674422226970797
"749",250,250,2,4.26669480916028,11.5272148558747,12.5686734606123,13.3321124805165,14.5353868668296,15.6366185451664,17.9072359736161,18.7913521444915,20.6827413827131,1,1,1,1,1,1,1,1,0.918032786885246,0.901639344262295,0.901639344262295,0.885245901639344,0.868852459016393,0.852459016393443,0.836065573770492,0.819672131147541,0,0,0,0,0,0,0,0,2749,3.343934,-0.922760809160283
"750",250,250,3,4.2522526791467,11.5127727258612,12.5542313305987,13.317670350503,14.520944736816,15.6221764151528,17.8927938436025,18.7769100144779,20.6682992526996,1,1,1,1,1,1,1,1,0.903225806451613,0.887096774193548,0.887096774193548,0.870967741935484,0.870967741935484,0.838709677419355,0.82258064516129,0.806451612903226,0,0,0,0,0,0,0,0,2750,2.706484,-1.5457686791467
"751",251,251,1,4.14182878133267,11.3797580558988,12.4179762103808,13.1790398251023,14.3785702788433,15.476375525772,17.7399280331648,18.6212933174865,20.5067975856165,1,1,1,1,1,1,1,1,0.918032786885246,0.918032786885246,0.901639344262295,0.885245901639344,0.885245901639344,0.852459016393443,0.852459016393443,0.819672131147541,0,0,0,0,0,0,0,0,2751,3.705845,-0.435983781332673
"752",251,251,2,4.29871612924434,11.5366454038105,12.5748635582924,13.335927173014,14.5354576267549,15.6332628736836,17.8968153810764,18.7781806653982,20.6636849335282,1,1,1,1,1,1,1,1,0.903225806451613,0.887096774193548,0.887096774193548,0.870967741935484,0.854838709677419,0.838709677419355,0.82258064516129,0.806451612903226,0,0,0,0,0,0,0,0,2752,2.845458,-1.45325812924434
"753",251,251,3,4.16364598481437,11.4015752593805,12.4397934138625,13.200857028584,14.400387482325,15.4981927292537,17.7617452366465,18.6431105209682,20.5286147890982,1,1,1,1,1,1,1,1,0.933333333333333,0.933333333333333,0.916666666666667,0.9,0.9,0.866666666666667,0.866666666666667,0.833333333333333,0,0,0,0,0,0,0,0,2753,5.343363,1.17971701518563
"754",252,252,1,4.5546493075856,11.7924041569436,12.8305972916428,13.5916425656658,14.7911441121957,15.8889229033659,18.1524208619227,19.0337649064233,20.9192237362156,1,1,1,1,1,1,1,1,0.903225806451613,0.887096774193548,0.887096774193548,0.870967741935484,0.854838709677419,0.838709677419355,0.82258064516129,0.806451612903226,0,0,0,0,0,0,0,0,2754,2.842955,-1.7116943075856
"755",252,252,2,4.16253911232348,11.4002939616815,12.4384870963807,13.1995323704037,14.3990339169336,15.4968127081038,17.7603106666605,18.6416547111612,20.5271135409535,1,1,1,1,1,1,1,1,0.918032786885246,0.918032786885246,0.901639344262295,0.885245901639344,0.885245901639344,0.852459016393443,0.852459016393443,0.819672131147541,0,0,0,0,0,0,0,0,2755,3.38675,-0.775789112323481
"756",252,252,3,4.24781622055244,11.4855710699105,12.5237642046097,13.2848094786326,14.4843110251625,15.5820898163327,17.8455877748895,18.7269318193902,20.6123906491825,1,1,1,1,1,1,1,1,0.918032786885246,0.901639344262295,0.901639344262295,0.885245901639344,0.885245901639344,0.852459016393443,0.852459016393443,0.819672131147541,0,0,0,0,0,0,0,0,2756,3.443118,-0.804698220552443
"757",253,253,1,4.25338789824054,11.4912177999264,12.5294217002308,13.2904748659578,14.4899888507901,15.5877790254425,17.8513004554755,18.7326536391255,20.6181320202949,1,1,1,1,1,1,1,1,0.903225806451613,0.887096774193548,0.887096774193548,0.870967741935484,0.870967741935484,0.838709677419355,0.838709677419355,0.806451612903226,0,0,0,0,0,0,0,0,2757,2.986802,-1.26658589824054
"758",253,253,2,4.18176806814353,11.4195979698294,12.4578018701338,13.2188550358608,14.4183690206931,15.5161591953455,17.7796806253785,18.6610338090285,20.5465121901979,1,1,1,1,1,1,1,1,0.918032786885246,0.918032786885246,0.901639344262295,0.885245901639344,0.885245901639344,0.852459016393443,0.852459016393443,0.819672131147541,0,0,0,0,0,0,0,0,2758,3.263474,-0.918294068143529
"759",253,253,3,4.22519236541252,11.4630222670984,12.5012261674028,13.2622793331298,14.4617933179621,15.5595834926145,17.8231049226475,18.7044581062975,20.5899364874669,1,1,1,1,1,1,1,1,0.918032786885246,0.901639344262295,0.901639344262295,0.885245901639344,0.885245901639344,0.852459016393443,0.852459016393443,0.819672131147541,0,0,0,0,0,0,0,0,2759,3.713619,-0.511573365412525
"760",254,254,1,4.29486240309947,11.5326754242646,12.5708769032049,13.331928293956,14.5314394812065,15.6292270955239,17.8927432464303,18.7740943745331,20.6595683582716,1,1,1,1,1,1,1,1,0.918032786885246,0.901639344262295,0.901639344262295,0.885245901639344,0.868852459016393,0.852459016393443,0.836065573770492,0.819672131147541,0,0,0,0,0,0,0,0,2760,3.346821,-0.948041403099472
"761",254,254,2,4.23708717575466,11.4749001969198,12.51310167586,13.2741530666112,14.4736642538617,15.5714518681791,17.8349680190855,18.7163191471883,20.6017931309268,1,1,1,1,1,1,1,1,0.903225806451613,0.887096774193548,0.887096774193548,0.870967741935484,0.870967741935484,0.838709677419355,0.838709677419355,0.806451612903226,0,0,0,0,0,0,0,0,2761,2.92323,-1.31385717575467
"762",254,254,3,4.17036634759798,11.4081793687631,12.4463808477034,13.2074322384545,14.406943425705,15.5047310400224,17.7682471909288,18.6495983190316,20.5350723027701,1,1,1,1,1,1,1,1,0.903225806451613,0.903225806451613,0.887096774193548,0.870967741935484,0.870967741935484,0.838709677419355,0.838709677419355,0.806451612903226,0,0,0,0,0,0,0,0,2762,2.393988,-1.77637834759798
"763",255,255,1,4.07871290221941,11.3039899779278,12.3403932842605,13.100126528398,14.2975601534382,15.3934463915227,17.6530421157857,18.5328667372438,20.4150750661566,1,1,1,1,1,1,1,1,0.903225806451613,0.903225806451613,0.887096774193548,0.870967741935484,0.870967741935484,0.838709677419355,0.838709677419355,0.806451612903226,0,0,0,0,0,0,0,0,2763,2.518473,-1.56023990221941
"764",255,255,2,4.09833211506586,11.3236091907743,12.360012497107,13.1197457412444,14.3171793662846,15.4130656043692,17.6726613286322,18.5524859500902,20.434694279003,1,1,1,1,1,1,1,1,0.903225806451613,0.903225806451613,0.887096774193548,0.870967741935484,0.870967741935484,0.838709677419355,0.838709677419355,0.806451612903226,0,0,0,0,0,0,0,0,2764,2.526006,-1.57232611506586
"765",255,255,3,4.09951933867009,11.3247964143785,12.3611997207112,13.1209329648486,14.3183665898889,15.4142528279734,17.6738485522364,18.5536731736945,20.4358815026072,1,1,1,1,1,1,1,1,0.949152542372881,0.949152542372881,0.932203389830508,0.915254237288136,0.915254237288136,0.88135593220339,0.88135593220339,0.847457627118644,0,0,0,0,0,0,0,0,2765,7.558597,3.45907766132991
"766",256,256,1,4.89320486903926,12.1199902462731,13.1566099053729,13.916501746447,15.1141853398891,16.2103003480079,18.4703677706767,19.3503760585609,21.2329773049582,0,1,1,1,1,1,1,1,0,1,1,0.981818181818182,0.963636363636364,0.945454545454545,0.927272727272727,0.909090909090909,0,0,0,0,0,0,0,0,2766,13.365609,8.47240413096074
"767",256,256,2,5.80836401975802,13.0351493969919,14.0717690560916,14.8316608971658,16.0293444906078,17.1254594987267,19.3855269213954,20.2655352092797,22.148136455677,1,1,1,1,1,1,1,1,0.964912280701754,0.947368421052632,0.947368421052632,0.929824561403509,0.929824561403509,0.894736842105263,0.894736842105263,0.859649122807018,1,0,0,0,0,0,0,0,2767,10.048644,4.24027998024198
"768",256,256,3,5.28562515295976,12.5124105301936,13.5490301892934,14.3089220303675,15.5066056238096,16.6027206319284,18.8627880545972,19.7427963424814,21.6253975888788,1,1,1,1,1,1,1,1,0.887096774193548,0.887096774193548,0.870967741935484,0.870967741935484,0.854838709677419,0.82258064516129,0.82258064516129,0.806451612903226,1,0,0,0,0,0,0,0,2768,3.071124,-2.21450115295976
"769",257,257,1,4.18984841966085,11.4243228397721,12.4620454253586,13.2227457643531,14.4217036505855,15.5189848861286,17.781456940236,18.6624015256723,20.547005792908,1,1,1,1,1,1,1,1,0.903225806451613,0.903225806451613,0.887096774193548,0.870967741935484,0.870967741935484,0.838709677419355,0.838709677419355,0.806451612903226,0,0,0,0,0,0,0,0,2769,3.115516,-1.07433241966086
"770",257,257,2,4.19689573199706,11.4313701521083,12.4690927376948,13.2297930766893,14.4287509629217,15.5260321984648,17.7885042525722,18.6694488380085,20.5540531052442,1,1,1,1,1,1,1,1,0.918032786885246,0.918032786885246,0.901639344262295,0.885245901639344,0.885245901639344,0.852459016393443,0.852459016393443,0.819672131147541,0,0,0,0,0,0,0,0,2770,3.252186,-0.944709731997055
"771",257,257,3,4.21859234798617,11.4530667680975,12.4907893536839,13.2514896926784,14.4504475789108,15.5477288144539,17.8102008685613,18.6911454539976,20.5757497212333,1,1,1,1,1,1,1,1,0.903225806451613,0.903225806451613,0.887096774193548,0.870967741935484,0.870967741935484,0.838709677419355,0.838709677419355,0.806451612903226,0,0,0,0,0,0,0,0,2771,2.34841,-1.87018234798617
"772",258,258,1,4.07257167135461,11.3072753222777,12.3450307890352,13.1057552315024,14.3047511077909,15.4020671116743,17.6646108542384,18.5455833531941,20.4302473358066,1,1,1,1,1,1,1,1,0.903225806451613,0.903225806451613,0.887096774193548,0.870967741935484,0.870967741935484,0.838709677419355,0.838709677419355,0.806451612903226,0,0,0,0,0,0,0,0,2772,2.544454,-1.52811767135461
"773",258,258,2,4.10363941234325,11.3383430632664,12.3760985300239,13.136822972491,14.3358188487795,15.4331348526629,17.695678595227,18.5766510941828,20.4613150767952,1,1,1,1,1,1,1,1,0.903225806451613,0.903225806451613,0.887096774193548,0.870967741935484,0.870967741935484,0.838709677419355,0.838709677419355,0.806451612903226,0,0,0,0,0,0,0,0,2773,2.792861,-1.31077841234325
"774",258,258,3,4.14300529110396,11.3777089420271,12.4154644087846,13.1761888512517,14.3751847275403,15.4725007314236,17.7350444739877,18.6160169729435,20.5006809555559,1,1,1,1,1,1,1,1,0.903225806451613,0.903225806451613,0.887096774193548,0.870967741935484,0.870967741935484,0.838709677419355,0.838709677419355,0.806451612903226,0,0,0,0,0,0,0,0,2774,2.526384,-1.61662129110396
"775",259,259,1,4.09594062400432,11.3260095294939,12.3631001822324,13.1233372841938,14.3215650515272,15.4181780853121,17.6792723815982,18.5596805059142,20.4431371221702,1,1,1,1,1,1,1,1,0.903225806451613,0.903225806451613,0.887096774193548,0.870967741935484,0.870967741935484,0.838709677419355,0.838709677419355,0.806451612903226,0,0,0,0,0,0,0,0,2775,2.664817,-1.43112362400432
"776",259,259,2,4.11801361360893,11.3480825190985,12.385173171837,13.1454102737984,14.3436380411318,15.4402510749167,17.7013453712028,18.5817534955188,20.4652101117748,1,1,1,1,1,1,1,1,0.903225806451613,0.903225806451613,0.887096774193548,0.870967741935484,0.870967741935484,0.838709677419355,0.838709677419355,0.806451612903226,0,0,0,0,0,0,0,0,2776,2.534151,-1.58386261360893
"777",259,259,3,4.09717906361236,11.327247969102,12.3643386218404,13.1245757238018,14.3228034911352,15.4194165249201,17.6805108212062,18.5609189455222,20.4443755617782,1,1,1,1,1,1,1,1,0.918032786885246,0.918032786885246,0.901639344262295,0.885245901639344,0.885245901639344,0.852459016393443,0.852459016393443,0.819672131147541,0,0,0,0,0,0,0,0,2777,3.72995,-0.367229063612355
"778",260,260,1,4.28731055480337,11.5175094681384,12.5546187693742,13.3148695415771,14.513118854903,15.6097516074899,17.8708865617561,18.7513105171748,20.6348010009001,1,1,1,1,1,1,1,1,0.918032786885246,0.901639344262295,0.901639344262295,0.885245901639344,0.885245901639344,0.852459016393443,0.836065573770492,0.819672131147541,0,0,0,0,0,0,0,0,2778,3.241499,-1.04581155480337
"779",260,260,2,4.20929583442807,11.4394947477631,12.4766040489989,13.2368548212018,14.4351041345277,15.5317368871146,17.7928718413808,18.6732957967995,20.5567862805248,1,1,1,1,1,1,1,1,0.918032786885246,0.918032786885246,0.901639344262295,0.885245901639344,0.885245901639344,0.852459016393443,0.852459016393443,0.819672131147541,0,0,0,0,0,0,0,0,2779,3.257349,-0.951946834428074
"780",260,260,3,4.21182737457836,11.4420262879134,12.4791355891492,13.2393863613521,14.4376356746779,15.5342684272649,17.7954033815311,18.6758273369498,20.5593178206751,1,1,1,1,1,1,1,1,0.903225806451613,0.903225806451613,0.887096774193548,0.870967741935484,0.870967741935484,0.838709677419355,0.838709677419355,0.806451612903226,0,0,0,0,0,0,0,0,2780,2.762933,-1.44889437457836
"781",261,261,1,4.13095855158441,11.361364364746,12.3985033439669,13.1587758715536,14.3570594740572,15.4537236079559,17.7149232670021,18.5953724166881,20.4789167984955,1,1,1,1,1,1,1,1,0.903225806451613,0.903225806451613,0.887096774193548,0.870967741935484,0.870967741935484,0.838709677419355,0.838709677419355,0.806451612903226,0,0,0,0,0,0,0,0,2781,3.076187,-1.05477155158441
"782",261,261,2,4.18102654140852,11.4114323545701,12.448571333791,13.2088438613777,14.4071274638813,15.50379159778,17.7649912568262,18.6454404065122,20.5289847883196,1,1,1,1,1,1,1,1,0.903225806451613,0.903225806451613,0.887096774193548,0.870967741935484,0.870967741935484,0.838709677419355,0.838709677419355,0.806451612903226,0,0,0,0,0,0,0,0,2782,2.501422,-1.67960454140852
"783",261,261,3,4.08916074505394,11.3195665582156,12.3567055374364,13.1169780650232,14.3152616675267,15.4119258014254,17.6731254604716,18.5535746101576,20.437118991965,1,1,1,1,1,1,1,1,0.903225806451613,0.903225806451613,0.887096774193548,0.870967741935484,0.870967741935484,0.838709677419355,0.838709677419355,0.806451612903226,0,0,0,0,0,0,0,0,2783,2.610145,-1.47901574505394
"784",262,262,1,4.1060051508876,11.3367465021027,12.373933611346,13.1342414205436,14.3325806312326,15.4292956575097,17.6906002509886,18.5710902592656,20.4547220498342,1,1,1,1,1,1,1,1,0.918032786885246,0.918032786885246,0.901639344262295,0.885245901639344,0.885245901639344,0.852459016393443,0.852459016393443,0.819672131147541,0,0,0,0,0,0,0,0,2784,3.184684,-0.921321150887604
"785",262,262,2,4.19810342150539,11.4288447727205,12.4660318819638,13.2263396911613,14.4246789018503,15.5213939281275,17.7826985216064,18.6631885298834,20.546820320452,1,1,1,1,1,1,1,1,0.903225806451613,0.903225806451613,0.887096774193548,0.870967741935484,0.870967741935484,0.838709677419355,0.838709677419355,0.806451612903226,0,0,0,0,0,0,0,0,2785,2.763964,-1.43413942150539
"786",262,262,3,4.1306622479483,11.3614035991634,12.3985907084067,13.1588985176043,14.3572377282932,15.4539527545704,17.7152573480493,18.5957473563263,20.4793791468949,1,1,1,1,1,1,1,1,0.918032786885246,0.918032786885246,0.901639344262295,0.885245901639344,0.885245901639344,0.852459016393443,0.852459016393443,0.819672131147541,0,0,0,0,0,0,0,0,2786,4.085136,-0.0455262479483034
"787",263,263,1,4.33609919588736,11.5558760038272,12.5914903444716,13.3506452389857,14.5471673134371,15.6422193042408,17.9000949032543,18.7792497551026,20.6600252462575,1,1,1,1,1,1,1,1,1,0.982142857142857,0.982142857142857,0.964285714285714,0.946428571428571,0.928571428571429,0.910714285714286,0.892857142857143,0,0,0,0,0,0,0,0,2787,11.612567,7.27646780411264
"788",263,263,2,5.54548562589055,12.7652624338304,13.8008767744748,14.5600316689888,15.7565537434402,16.851605734244,19.1094813332575,19.9886361851058,21.8694116762607,1,1,1,1,1,1,1,1,0.901639344262295,0.901639344262295,0.885245901639344,0.868852459016393,0.868852459016393,0.836065573770492,0.836065573770492,0.819672131147541,0,0,0,0,0,0,0,0,2788,3.341986,-2.20349962589055
"789",263,263,3,4.21670181775705,11.4364786256969,12.4720929663413,13.2312478608553,14.4277699353067,15.5228219261105,17.780697525124,18.6598523769723,20.5406278681272,1,1,1,1,1,1,1,1,0.949152542372881,0.949152542372881,0.932203389830508,0.915254237288136,0.915254237288136,0.88135593220339,0.88135593220339,0.847457627118644,0,0,0,0,0,0,0,0,2789,7.307782,3.09108018224295
"790",264,264,1,4.8583986729462,12.0842345205814,13.1207179778988,13.8805099765455,15.0780362059643,16.1740071951883,18.4337776668891,19.3136703302082,21.196024221037,1,1,1,1,1,1,1,1,0.903225806451613,0.887096774193548,0.887096774193548,0.870967741935484,0.854838709677419,0.838709677419355,0.82258064516129,0.806451612903226,0,0,0,0,0,0,0,0,2790,3.00715,-1.8512486729462
"791",264,264,2,4.16903340722709,11.3948692548623,12.4313527121797,13.1911447108264,14.3886709402452,15.4846419294692,17.74441240117,18.6243050644891,20.5066589553179,1,1,1,1,1,1,1,1,0.903225806451613,0.903225806451613,0.887096774193548,0.870967741935484,0.870967741935484,0.838709677419355,0.838709677419355,0.806451612903226,0,0,0,0,0,0,0,0,2791,2.527999,-1.64103440722709
"792",264,264,3,4.09222840358237,11.3180642512176,12.354547708535,13.1143397071817,14.3118659366005,15.4078369258245,17.6676073975253,18.5475000608444,20.4298539516732,1,1,1,1,1,1,1,1,0.918032786885246,0.918032786885246,0.901639344262295,0.885245901639344,0.885245901639344,0.852459016393443,0.852459016393443,0.819672131147541,0,0,0,0,0,0,0,0,2792,3.425637,-0.666591403582373
"793",265,265,1,4.23501838064274,11.4612257985102,12.4977625543535,13.2575936233715,14.4551814325312,15.5512087792761,17.8110954539265,18.6910333634882,20.5734840495787,1,1,1,1,1,1,1,1,0.918032786885246,0.918032786885246,0.901639344262295,0.885245901639344,0.885245901639344,0.852459016393443,0.852459016393443,0.819672131147541,0,0,0,0,0,0,0,0,2793,3.130371,-1.10464738064274
"794",265,265,2,4.18776227385282,11.4139696917203,12.4505064475636,13.2103375165815,14.4079253257413,15.5039526724861,17.7638393471366,18.6437772566982,20.5262279427888,1,1,1,1,1,1,1,1,0.903225806451613,0.903225806451613,0.887096774193548,0.870967741935484,0.870967741935484,0.838709677419355,0.838709677419355,0.806451612903226,0,0,0,0,0,0,0,0,2794,2.897013,-1.29074927385282
"795",265,265,3,4.15041428739896,11.3766217052664,12.4131584611097,13.1729895301277,14.3705773392874,15.4666046860323,17.7264913606827,18.6064292702444,20.4888799563349,1,1,1,1,1,1,1,1,0.903225806451613,0.903225806451613,0.887096774193548,0.870967741935484,0.870967741935484,0.838709677419355,0.838709677419355,0.806451612903226,0,0,0,0,0,0,0,0,2795,2.631223,-1.51919128739896
"796",266,266,1,4.10554639284104,11.3310030382808,12.3674321023334,13.1271842281128,14.3246476129577,15.4205610870908,17.6802129690613,18.560059456791,20.4423145642066,1,1,1,1,1,1,1,1,0.918032786885246,0.918032786885246,0.901639344262295,0.885245901639344,0.885245901639344,0.852459016393443,0.852459016393443,0.819672131147541,0,0,0,0,0,0,0,0,2796,4.669131,0.563584607158957
"797",266,266,2,4.43377286159521,11.659229507035,12.6956585710876,13.4554106968669,14.6528740817118,15.7487875558449,18.0084394378155,18.8882859255451,20.7705410329607,1,1,1,1,1,1,1,1,0.918032786885246,0.901639344262295,0.901639344262295,0.885245901639344,0.868852459016393,0.852459016393443,0.836065573770492,0.819672131147541,0,0,0,0,0,0,0,0,2797,3.588801,-0.84497186159521
"798",266,266,3,4.25977437835201,11.4852310237918,12.5216600878444,13.2814122136237,14.4788755984686,15.5747890726017,17.8344409545723,18.7142874423019,20.5965425497175,1,1,1,1,1,1,1,1,0.903225806451613,0.887096774193548,0.887096774193548,0.870967741935484,0.870967741935484,0.838709677419355,0.838709677419355,0.806451612903226,0,0,0,0,0,0,0,0,2798,2.495274,-1.76450037835201
"799",267,267,1,4.0782235270689,11.2839715841058,12.3175736221538,13.0752534025203,14.2694505145,15.362374709388,17.6158630295159,18.4933095952565,20.3704305508805,1,1,1,1,1,1,1,1,0.903225806451613,0.903225806451613,0.887096774193548,0.870967741935484,0.870967741935484,0.838709677419355,0.838709677419355,0.806451612903226,0,0,0,0,0,0,0,0,2799,2.900903,-1.1773205270689
"800",267,267,2,4.14371122939225,11.3494592864292,12.3830613244771,13.1407411048436,14.3349382168233,15.4278624117113,17.6813507318392,18.5587972975798,20.4359182532038,1,1,1,1,1,1,1,1,0.903225806451613,0.903225806451613,0.887096774193548,0.870967741935484,0.870967741935484,0.838709677419355,0.838709677419355,0.806451612903226,0,0,0,0,0,0,0,0,2800,2.9787,-1.16501122939225
"801",267,267,3,4.15627134412184,11.3620194011588,12.3956214392067,13.1533012195732,14.3474983315529,15.4404225264409,17.6939108465688,18.5713574123094,20.4484783679334,1,1,1,1,1,1,1,1,0.96551724137931,0.96551724137931,0.948275862068966,0.931034482758621,0.931034482758621,0.896551724137931,0.896551724137931,0.862068965517241,0,0,0,0,0,0,0,0,2801,8.021225,3.86495365587816
"802",268,268,1,4.97973628971246,12.1851912051042,13.2187511945266,13.9764001512374,15.1705486813206,16.2634284142604,18.5168250587888,19.3942359285645,21.2712805198303,1,1,1,1,1,1,1,1,1,0.982142857142857,0.982142857142857,0.964285714285714,0.946428571428571,0.928571428571429,0.910714285714286,0.892857142857143,0,0,0,0,0,0,0,0,2802,11.120004,6.14026771028754
"803",268,268,2,5.48564957136609,12.6911044867578,13.7246644761802,14.482313432891,15.6764619629743,16.7693416959141,19.0227383404424,19.9001492102181,21.777193801484,1,1,1,1,1,1,1,1,0.887096774193548,0.887096774193548,0.870967741935484,0.854838709677419,0.854838709677419,0.82258064516129,0.82258064516129,0.806451612903226,0,0,0,0,0,0,0,0,2803,3.0004,-2.48524957136609
"804",268,268,3,4.16002567067232,11.3654805860641,12.3990405754865,13.1566895321972,14.3508380622805,15.4437177952203,17.6971144397486,18.5745253095243,20.4515699007902,1,1,1,1,1,1,1,1,0.903225806451613,0.903225806451613,0.887096774193548,0.870967741935484,0.870967741935484,0.838709677419355,0.838709677419355,0.806451612903226,0,0,0,0,0,0,0,0,2804,2.738111,-1.42191467067232
"805",269,269,1,4.1066901014711,11.2806333336763,12.309673245557,13.0640087690188,14.2529349181977,15.3410351500082,17.5845769939737,18.458150674609,20.3269863692568,1,1,1,1,1,1,1,1,0.933333333333333,0.933333333333333,0.916666666666667,0.9,0.9,0.866666666666667,0.866666666666667,0.833333333333333,0,0,0,0,0,0,0,0,2805,5.233457,1.1267668985289
"806",269,269,2,4.51778435847193,11.6917275906772,12.7207675025579,13.4751030260197,14.6640291751985,15.752129407009,17.9956712509745,18.8692449316098,20.7380806262576,1,1,1,1,1,1,1,1,0.918032786885246,0.901639344262295,0.901639344262295,0.885245901639344,0.868852459016393,0.852459016393443,0.836065573770492,0.819672131147541,0,0,0,0,0,0,0,0,2806,3.229919,-1.28786535847193
"807",269,269,3,4.18771271089964,11.3616559431049,12.3906958549856,13.1450313784474,14.3339575276262,15.4220577594367,17.6655996034022,18.5391732840375,20.4080089786853,1,1,1,1,1,1,1,1,0.918032786885246,0.918032786885246,0.901639344262295,0.885245901639344,0.885245901639344,0.852459016393443,0.852459016393443,0.819672131147541,0,0,0,0,0,0,0,0,2807,3.238042,-0.94967071089964
"808",270,270,1,4.1907062314185,11.3637855720616,12.3927015661932,13.1469462520121,14.3357292298227,15.4236984317967,17.6669701067901,18.5404385910352,20.4090492391033,1,1,1,1,1,1,1,1,0.933333333333333,0.933333333333333,0.916666666666667,0.9,0.9,0.866666666666667,0.866666666666667,0.833333333333333,0,0,0,0,0,0,0,0,2808,5.038529,0.8478227685815
"809",270,270,2,4.48848861840354,11.6615679590466,12.6904839531783,13.4447286389972,14.6335116168078,15.7214808187817,17.9647524937752,18.8382209780203,20.7068316260883,1,1,1,1,1,1,1,1,0.918032786885246,0.901639344262295,0.901639344262295,0.885245901639344,0.868852459016393,0.852459016393443,0.836065573770492,0.819672131147541,0,0,0,0,0,0,0,0,2809,3.141463,-1.34702561840354
"810",270,270,3,4.17473303908075,11.3478123797238,12.3767283738555,13.1309730596744,14.319756037485,15.4077252394589,17.6509969144524,18.5244653986975,20.3930760467655,1,1,1,1,1,1,1,1,0.96551724137931,0.96551724137931,0.948275862068966,0.931034482758621,0.931034482758621,0.896551724137931,0.896551724137931,0.862068965517241,0,0,0,0,0,0,0,0,2810,8.29446,4.11972696091926
"811",271,271,1,5.02123929693432,12.1842097684033,13.2116757329616,13.9648574776792,15.1519651287538,16.2384010787162,18.4785113583301,19.3507488818935,21.2167261364521,1,1,1,1,1,1,1,1,0.918032786885246,0.901639344262295,0.901639344262295,0.885245901639344,0.868852459016393,0.852459016393443,0.836065573770492,0.819672131147541,0,0,0,0,0,0,0,0,2811,3.28714,-1.73409929693432
"812",271,271,2,4.19500013087412,11.3579706023431,12.3854365669014,13.138618311619,14.3257259626936,15.412161912656,17.6522721922699,18.5245097158333,20.3904869703919,1,1,1,1,1,1,1,1,0.918032786885246,0.918032786885246,0.901639344262295,0.885245901639344,0.885245901639344,0.852459016393443,0.852459016393443,0.819672131147541,0,0,0,0,0,0,0,0,2812,3.394299,-0.800701130874124
"813",271,271,3,4.21268203712255,11.3756525085915,12.4031184731499,13.1563002178674,14.343407868942,15.4298438189044,17.6699540985183,18.5421916220817,20.4081688766403,1,1,1,1,1,1,1,1,0.949152542372881,0.949152542372881,0.932203389830508,0.915254237288136,0.915254237288136,0.88135593220339,0.88135593220339,0.847457627118644,0,0,0,0,0,0,0,0,2813,6.938101,2.72541896287745
"814",272,272,1,4.79957586298981,11.9631467913256,12.9906988862117,13.7439437685831,14.9311509324148,16.0176779560357,18.2579760194197,19.1302866608345,20.9964203363724,1,1,1,1,1,1,1,1,0.903225806451613,0.887096774193548,0.887096774193548,0.870967741935484,0.854838709677419,0.838709677419355,0.82258064516129,0.806451612903226,0,0,0,0,0,0,0,0,2814,2.812547,-1.98702886298981
"815",272,272,2,4.12070191671756,11.2842728450534,12.3118249399394,13.0650698223109,14.2522769861426,15.3388040097635,17.5791020731474,18.4514127145623,20.3175463901001,1,1,1,1,1,1,1,1,0.903225806451613,0.903225806451613,0.887096774193548,0.870967741935484,0.870967741935484,0.838709677419355,0.838709677419355,0.806451612903226,0,0,0,0,0,0,0,0,2815,2.432673,-1.68802891671756
"816",272,272,3,4.05819235764592,11.2217632859818,12.2493153808678,13.0025602632392,14.1897674270709,15.2762944506918,17.5165925140758,18.3889031554906,20.2550368310285,1,1,1,1,1,1,1,1,0.903225806451613,0.903225806451613,0.887096774193548,0.870967741935484,0.870967741935484,0.838709677419355,0.838709677419355,0.82258064516129,0,0,0,0,0,0,0,0,2816,2.716877,-1.34131535764592
"817",273,273,1,4.10297807893494,11.2670405674438,12.2946631723716,13.0479597419796,14.2352483712933,15.3218499517821,17.5623017431482,18.4346722420244,20.3009339705964,1,1,1,1,1,1,1,1,0.918032786885246,0.918032786885246,0.901639344262295,0.885245901639344,0.885245901639344,0.852459016393443,0.852459016393443,0.836065573770492,0,0,0,0,0,0,0,0,2817,3.480517,-0.622461078934942
"818",273,273,2,4.22847233676759,11.3925348252764,12.4201574302042,13.1734539998122,14.360742629126,15.4473442096148,17.6877960009809,18.5601664998571,20.426428228429,1,1,1,1,1,1,1,1,0.918032786885246,0.918032786885246,0.901639344262295,0.885245901639344,0.885245901639344,0.852459016393443,0.852459016393443,0.819672131147541,0,0,0,0,0,0,0,0,2818,3.344166,-0.884306336767589
"819",273,273,3,4.20606483120248,11.3701273197113,12.3977499246391,13.1510464942471,14.3383351235608,15.4249367040497,17.6653884954158,18.5377589942919,20.4040207228639,1,1,1,1,1,1,1,1,0.903225806451613,0.903225806451613,0.887096774193548,0.870967741935484,0.870967741935484,0.838709677419355,0.838709677419355,0.806451612903226,0,0,0,0,0,0,0,0,2819,2.775446,-1.43061883120248
"820",274,274,1,4.11251026643365,11.275495803489,12.302963929075,13.0561472579293,14.2432574057994,15.3296956408186,17.569810631966,18.4420499900713,20.3080311692644,1,1,1,1,1,1,1,1,0.918032786885246,0.918032786885246,0.901639344262295,0.885245901639344,0.885245901639344,0.852459016393443,0.852459016393443,0.836065573770492,0,0,0,0,0,0,0,0,2820,3.451624,-0.660886266433646
"821",274,274,2,4.22436669077887,11.3873522278342,12.4148203534202,13.1680036822745,14.3551138301446,15.4415520651638,17.6816670563112,18.5539064144166,20.4198875936097,1,1,1,1,1,1,1,1,0.933333333333333,0.933333333333333,0.916666666666667,0.9,0.9,0.866666666666667,0.866666666666667,0.833333333333333,0,0,0,0,0,0,0,0,2821,5.225008,1.00064130922113
"822",274,274,3,4.51772789630618,11.6807134333615,12.7081815589475,13.4613648878018,14.6484750356719,15.7349132706911,17.9750282618385,18.8472676199439,20.713248799137,1,1,1,1,1,1,1,1,0.918032786885246,0.901639344262295,0.901639344262295,0.885245901639344,0.868852459016393,0.852459016393443,0.836065573770492,0.819672131147541,0,0,0,0,0,0,0,0,2822,3.552416,-0.965311896306175
"823",275,275,1,4.23578446640199,11.3870199649961,12.4128026495141,13.1647504693705,14.349913302141,15.4345693625374,17.671009707524,18.5418182591657,20.404738514878,1,1,1,1,1,1,1,1,0.918032786885246,0.918032786885246,0.901639344262295,0.885245901639344,0.885245901639344,0.852459016393443,0.852459016393443,0.819672131147541,0,0,0,0,0,0,0,0,2823,3.460296,-0.775488466401989
"824",275,275,2,4.22051068356189,11.371746182156,12.397528866674,13.1494766865304,14.3346395193009,15.4192955796973,17.6557359246839,18.5265444763257,20.3894647320379,1,1,1,1,1,1,1,1,0.903225806451613,0.903225806451613,0.887096774193548,0.870967741935484,0.870967741935484,0.838709677419355,0.838709677419355,0.806451612903226,0,0,0,0,0,0,0,0,2824,2.72742,-1.49309068356189
"825",275,275,3,4.09899756075774,11.2502330593518,12.2760157438698,13.0279635637263,14.2131263964967,15.2977824568932,17.5342228018797,18.4050313535215,20.2679516092337,1,1,1,1,1,1,1,1,0.982456140350877,0.982456140350877,0.964912280701754,0.947368421052632,0.947368421052632,0.912280701754386,0.912280701754386,0.894736842105263,0,0,0,0,0,0,0,0,2825,9.505018,5.40602043924226
"826",276,276,1,5.22331398875277,12.377040245632,13.403180207815,14.1553899293054,15.3409655514667,16.4259993949846,18.6632186868146,19.5343305390001,21.3978996453987,1,1,1,1,1,1,1,1,0.903225806451613,0.887096774193548,0.870967741935484,0.870967741935484,0.854838709677419,0.838709677419355,0.82258064516129,0.806451612903226,0,0,0,0,0,0,0,0,2826,2.963291,-2.26002298875277
"827",276,276,2,4.1405695824554,11.2942958393346,12.3204358015176,13.0726455230081,14.2582211451693,15.3432549886872,17.5804742805173,18.4515861327027,20.3151552391013,1,1,1,1,1,1,1,1,0.903225806451613,0.903225806451613,0.887096774193548,0.870967741935484,0.870967741935484,0.838709677419355,0.838709677419355,0.806451612903226,0,0,0,0,0,0,0,0,2827,3.115385,-1.0251845824554
"828",276,276,3,4.16574319910608,11.3194694559853,12.3456094181683,13.0978191396587,14.28339476182,15.3684286053379,17.605647897168,18.4767597493534,20.340328855752,1,1,1,1,1,1,1,1,0.903225806451613,0.903225806451613,0.887096774193548,0.870967741935484,0.870967741935484,0.838709677419355,0.838709677419355,0.806451612903226,0,0,0,0,0,0,0,0,2828,2.920468,-1.24527519910608
"829",277,277,1,4.13337115498603,11.2873983069791,12.3135814299555,13.0658227903739,14.2514482794016,15.3365277608668,17.5738411530761,18.4449896453691,20.3086371359298,1,1,1,1,1,1,1,1,0.918032786885246,0.918032786885246,0.901639344262295,0.885245901639344,0.885245901639344,0.852459016393443,0.852459016393443,0.836065573770492,0,0,0,0,0,0,0,0,2829,3.171119,-0.962252154986032
"830",277,277,2,4.17477000193902,11.3287971539321,12.3549802769084,13.1072216373269,14.2928471263546,15.3779266078198,17.6152400000291,18.4863884923221,20.3500359828828,1,1,1,1,1,1,1,1,0.918032786885246,0.918032786885246,0.901639344262295,0.885245901639344,0.885245901639344,0.852459016393443,0.852459016393443,0.819672131147541,0,0,0,0,0,0,0,0,2830,3.924729,-0.250041001939021
"831",277,277,3,4.29924022169574,11.4532673736889,12.4794504966652,13.2316918570836,14.4173173461113,15.5023968275765,17.7397102197858,18.6108587120789,20.4745062026395,1,1,1,1,1,1,1,1,0.918032786885246,0.918032786885246,0.901639344262295,0.885245901639344,0.885245901639344,0.852459016393443,0.852459016393443,0.819672131147541,0,0,0,0,0,0,0,0,2831,3.388502,-0.910738221695743
"832",278,278,1,4.21097334290249,11.3641006213241,12.3901546652444,13.1423014045347,14.3277777589533,15.4127207530489,17.6497527234589,18.5207916378194,20.3842047083691,1,1,1,1,1,1,1,1,0.903225806451613,0.903225806451613,0.887096774193548,0.870967741935484,0.870967741935484,0.838709677419355,0.838709677419355,0.806451612903226,0,0,0,0,0,0,0,0,2832,2.894011,-1.31696234290249
"833",278,278,2,4.12890353007999,11.2820308085016,12.3080848524219,13.0602315917122,14.2457079461308,15.3306509402264,17.5676829106364,18.4387218249969,20.3021348955466,1,1,1,1,1,1,1,1,0.903225806451613,0.903225806451613,0.887096774193548,0.870967741935484,0.870967741935484,0.838709677419355,0.838709677419355,0.82258064516129,0,0,0,0,0,0,0,0,2833,2.908788,-1.22011553007999
"834",278,278,3,4.13135604311679,11.2844833215384,12.3105373654587,13.062684104749,14.2481604591676,15.3331034532631,17.5701354236732,18.4411743380337,20.3045874085834,1,1,1,1,1,1,1,1,0.918032786885246,0.918032786885246,0.901639344262295,0.885245901639344,0.885245901639344,0.852459016393443,0.852459016393443,0.836065573770492,0,0,0,0,0,0,0,0,2834,3.233613,-0.897743043116787
"835",279,279,1,4.1787252405214,11.3184364158008,12.3425660361302,13.0933020807915,14.2765550058728,15.359463126752,17.5922994145635,18.4617046451572,20.3216227769231,1,1,1,1,1,1,1,1,0.903225806451613,0.903225806451613,0.887096774193548,0.870967741935484,0.870967741935484,0.838709677419355,0.838709677419355,0.806451612903226,0,0,0,0,0,0,0,0,2835,2.648427,-1.5302982405214
"836",279,279,2,4.08031021038568,11.2200213856651,12.2441510059945,12.9948870506558,14.1781399757371,15.2610480966163,17.4938843844278,18.3632896150215,20.2232077467874,1,1,1,1,1,1,1,1,0.903225806451613,0.903225806451613,0.887096774193548,0.870967741935484,0.870967741935484,0.838709677419355,0.838709677419355,0.82258064516129,0,0,0,0,0,0,0,0,2836,2.608215,-1.47209521038568
"837",279,279,3,4.0735474628288,11.2132586381082,12.2373882584376,12.9881243030989,14.1713772281802,15.2542853490594,17.4871216368709,18.3565268674647,20.2164449992305,1,1,1,1,1,1,1,1,0.96551724137931,0.96551724137931,0.948275862068966,0.931034482758621,0.931034482758621,0.896551724137931,0.896551724137931,0.879310344827586,0,0,0,0,0,0,0,0,2837,9.040857,4.9673095371712
"838",280,280,1,5.15222947405969,12.2675260141974,13.2881535669495,14.0363224284058,15.2155291550153,16.294734212001,18.519935193291,19.38636744487,21.2399254842644,1,1,1,1,1,1,1,1,0.918032786885246,0.901639344262295,0.901639344262295,0.885245901639344,0.868852459016393,0.852459016393443,0.836065573770492,0.819672131147541,0,0,0,0,0,0,0,0,2838,3.967395,-1.18483447405969
"839",280,280,2,4.29576714865377,11.4110636887915,12.4316912415436,13.1798601029998,14.3590668296094,15.4382718865951,17.6634728678851,18.5299051194641,20.3834631588585,1,1,1,1,1,1,1,1,0.918032786885246,0.918032786885246,0.901639344262295,0.885245901639344,0.885245901639344,0.852459016393443,0.852459016393443,0.819672131147541,0,0,0,0,0,0,0,0,2839,3.158441,-1.13732614865377
"840",280,280,3,4.15920583726789,11.2745023774056,12.2951299301577,13.043298791614,14.2225055182235,15.3017105752092,17.5269115564992,18.3933438080782,20.2469018474726,1,1,1,1,1,1,1,1,0.918032786885246,0.918032786885246,0.901639344262295,0.885245901639344,0.885245901639344,0.852459016393443,0.852459016393443,0.836065573770492,0,0,0,0,0,0,0,0,2840,3.286938,-0.872267837267894
"841",281,281,1,4.17905043925091,11.2946660440035,12.3153393638063,13.0635417747019,14.2428013793803,15.3220548301531,17.547355594058,18.4138266982514,20.2674678550224,1,1,1,1,1,1,1,1,0.903225806451613,0.903225806451613,0.887096774193548,0.870967741935484,0.870967741935484,0.838709677419355,0.838709677419355,0.82258064516129,0,0,0,0,0,0,0,0,2841,2.794975,-1.38407543925091
"842",281,281,2,4.09595372018388,11.2115693249365,12.2322426447393,12.9804450556349,14.1597046603133,15.2389581110861,17.4642588749909,18.3307299791844,20.1843711359554,1,1,1,1,1,1,1,1,0.903225806451613,0.903225806451613,0.887096774193548,0.870967741935484,0.870967741935484,0.838709677419355,0.838709677419355,0.82258064516129,0,0,0,0,0,0,0,0,2842,2.777953,-1.31800072018388
"843",281,281,3,4.0930785601577,11.2086941649103,12.2293674847131,12.9775698956087,14.1568295002871,15.2360829510599,17.4613837149647,18.3278548191582,20.1814959759292,1,1,1,1,1,1,1,1,0.903225806451613,0.903225806451613,0.887096774193548,0.870967741935484,0.870967741935484,0.838709677419355,0.838709677419355,0.82258064516129,0,0,0,0,0,0,0,0,2843,2.945725,-1.1473535601577
"844",282,282,1,4.12086345510966,11.2359139039843,12.25650615708,13.004649142198,14.1838150844957,15.2629828158501,17.4881068358333,18.3545091207896,20.2080030526044,1,1,1,1,1,1,1,1,0.903225806451613,0.903225806451613,0.887096774193548,0.870967741935484,0.870967741935484,0.838709677419355,0.838709677419355,0.82258064516129,0,0,0,0,0,0,0,0,2844,2.935475,-1.18538845510966
"845",282,282,2,4.11912420117978,11.2341746500544,12.2547669031501,13.0029098882681,14.1820758305659,15.2612435619202,17.4863675819034,18.3527698668597,20.2062637986746,1,1,1,1,1,1,1,1,0.918032786885246,0.918032786885246,0.901639344262295,0.885245901639344,0.885245901639344,0.852459016393443,0.852459016393443,0.836065573770492,0,0,0,0,0,0,0,0,2845,4.10945,-0.00967420117978346
"846",282,282,3,4.31832816530958,11.4333786141842,12.4539708672799,13.2021138523979,14.3812797946957,15.46044752605,17.6855715460332,18.5519738309895,20.4054677628044,1,1,1,1,1,1,1,1,0.933333333333333,0.933333333333333,0.916666666666667,0.9,0.9,0.866666666666667,0.866666666666667,0.833333333333333,0,0,0,0,0,0,0,0,2846,5.068968,0.750639834690416
"847",283,283,1,4.47611755846579,11.5765201038101,12.595011242237,13.3416140097062,14.5183523783567,15.5952984044771,17.8158415149893,18.6804601193969,20.5301382243947,1,1,1,1,1,1,1,1,0.918032786885246,0.901639344262295,0.901639344262295,0.885245901639344,0.885245901639344,0.852459016393443,0.852459016393443,0.819672131147541,0,0,0,0,0,0,0,0,2847,4.030012,-0.446105558465794
"848",283,283,2,4.2994804408323,11.3998829861766,12.4183741246035,13.1649768920727,14.3417152607232,15.4186612868436,17.6392043973558,18.5038230017634,20.3535011067612,1,1,1,1,1,1,1,1,0.918032786885246,0.918032786885246,0.901639344262295,0.885245901639344,0.885245901639344,0.852459016393443,0.852459016393443,0.819672131147541,0,0,0,0,0,0,0,0,2848,3.859889,-0.439591440832302
"849",283,283,3,4.27055714055475,11.370959685899,12.3894508243259,13.1360535917952,14.3127919604456,15.389737986566,17.6102810970782,18.4748997014859,20.3245778064837,1,1,1,1,1,1,1,1,0.918032786885246,0.918032786885246,0.901639344262295,0.885245901639344,0.885245901639344,0.852459016393443,0.852459016393443,0.819672131147541,0,0,0,0,0,0,0,0,2849,3.263637,-1.00692014055475
"850",284,284,1,4.16896244434136,11.269462565956,12.2879677008522,13.0345807284037,14.2113352682135,15.2882960941112,17.5088697201207,18.3735002064263,20.223203730362,1,1,1,1,1,1,1,1,0.903225806451613,0.903225806451613,0.887096774193548,0.870967741935484,0.870967741935484,0.838709677419355,0.838709677419355,0.82258064516129,0,0,0,0,0,0,0,0,2850,2.966219,-1.20274344434136
"851",284,284,2,4.11840107439485,11.2189011960095,12.2374063309057,12.9840193584572,14.160773898267,15.2377347241647,17.4583083501742,18.3229388364798,20.1726423604155,1,1,1,1,1,1,1,1,0.918032786885246,0.918032786885246,0.901639344262295,0.885245901639344,0.885245901639344,0.852459016393443,0.852459016393443,0.836065573770492,0,0,0,0,0,0,0,0,2851,3.522014,-0.596387074394845
"852",284,284,3,4.2128868036023,11.3133869252169,12.3318920601132,13.0785050876646,14.2552596274744,15.3322204533722,17.5527940793817,18.4174245656873,20.2671280896229,1,1,1,1,1,1,1,1,0.903225806451613,0.903225806451613,0.887096774193548,0.870967741935484,0.870967741935484,0.838709677419355,0.838709677419355,0.82258064516129,0,0,0,0,0,0,0,0,2852,2.952106,-1.2607808036023
"853",285,285,1,4.11574390938083,11.2163526833824,12.2348734035209,12.981497855801,14.1582704023973,15.2352477080306,17.4558553134248,18.3204990303711,20.1702308586092,1,1,1,1,1,1,1,1,0.918032786885246,0.918032786885246,0.901639344262295,0.885245901639344,0.885245901639344,0.852459016393443,0.852459016393443,0.836065573770492,0,0,0,0,0,0,0,0,2853,3.633618,-0.482125909380833
"854",285,285,2,4.23159047822987,11.3321992522315,12.3507199723699,13.09734442465,14.2741169712463,15.3510942768796,17.5717018822738,18.4363455992201,20.2860774274582,1,1,1,1,1,1,1,1,0.918032786885246,0.918032786885246,0.901639344262295,0.885245901639344,0.885245901639344,0.852459016393443,0.852459016393443,0.836065573770492,0,0,0,0,0,0,0,0,2854,3.252618,-0.97897247822987
"855",285,285,3,4.16682633213782,11.2674351061394,12.2859558262778,13.032580278558,14.2093528251543,15.2863301307876,17.5069377361818,18.3715814531281,20.2213132813662,1,1,1,1,1,1,1,1,0.918032786885246,0.918032786885246,0.901639344262295,0.885245901639344,0.885245901639344,0.852459016393443,0.852459016393443,0.836065573770492,0,0,0,0,0,0,0,0,2855,3.572404,-0.594422332137822
"856",286,286,1,4.21958611704506,11.3200266461405,12.3385232330069,13.0851299944432,14.26187465808,15.3388264453456,17.5593814346993,18.4240046644022,20.2736926642915,1,1,1,1,1,1,1,1,0.918032786885246,0.918032786885246,0.901639344262295,0.885245901639344,0.885245901639344,0.852459016393443,0.852459016393443,0.836065573770492,0,0,0,0,0,0,0,0,2856,3.581884,-0.637702117045055
"857",286,286,2,4.22120137590856,11.321641905004,12.3401384918704,13.0867452533067,14.2634899169435,15.3404417042091,17.5609966935628,18.4256199232657,20.275307923155,1,1,1,1,1,1,1,1,0.918032786885246,0.918032786885246,0.901639344262295,0.885245901639344,0.885245901639344,0.852459016393443,0.852459016393443,0.836065573770492,0,0,0,0,0,0,0,0,2857,4.515487,0.29428562409144
"858",286,286,3,4.38027421564958,11.480714744745,12.4992113316114,13.2458180930477,14.4225627566845,15.4995145439501,17.7200695333039,18.5846927630067,20.434380762896,1,1,1,1,1,1,1,1,0.903225806451613,0.903225806451613,0.887096774193548,0.870967741935484,0.870967741935484,0.838709677419355,0.838709677419355,0.806451612903226,0,0,0,0,0,0,0,0,2858,3.007057,-1.37321721564958
"859",287,287,1,4.12041688281156,11.2182320934353,12.2363521011456,12.9826828120307,14.158992385832,15.2355459807025,17.4552799415571,18.3195834852734,20.1685875811073,1,1,1,1,1,1,1,1,0.918032786885246,0.918032786885246,0.901639344262295,0.885245901639344,0.885245901639344,0.852459016393443,0.852459016393443,0.836065573770492,0,0,0,0,0,0,0,0,2859,4.108359,-0.0120578828115621
"860",287,287,2,4.30819987441861,11.4060150850424,12.4241350927526,13.1704658036377,14.346775377439,15.4233289723096,17.6430629331642,18.5073664768804,20.3563705727143,1,1,1,1,1,1,1,1,0.918032786885246,0.918032786885246,0.901639344262295,0.885245901639344,0.885245901639344,0.852459016393443,0.852459016393443,0.819672131147541,0,0,0,0,0,0,0,0,2860,4.42844,0.120240125581393
"861",287,287,3,4.36277688212092,11.4605920927447,12.4787121004549,13.2250428113401,14.4013523851414,15.4779059800119,17.6976399408665,18.5619434845827,20.4109475804167,1,1,1,1,1,1,1,1,0.933333333333333,0.933333333333333,0.916666666666667,0.9,0.9,0.866666666666667,0.866666666666667,0.833333333333333,0,0,0,0,0,0,0,0,2861,5.278407,0.915630117879078
"862",288,288,1,4.50900522997342,11.6067080574389,12.6248119447602,13.3711308386284,14.5474217873484,15.6239583366226,17.8436571513505,18.7079470101286,20.5569218297819,0,0,0,0,0,0,0,1,0,0,0,0,0,0,0,0.980392156862745,0,0,0,0,0,0,0,0,2862,19.28047,14.7714647700266
"863",288,288,2,6.89186446798109,13.9895672954466,15.0076711827679,15.7539900766361,16.9302810253561,18.0068175746303,20.2265163893582,21.0908062481363,22.9397810677896,0,0,0,0,0,1,1,1,0,0,0,0,0,1,0.980392156862745,0.96078431372549,1,1,1,1,1,1,1,0,2863,19.112053,12.2201885320189
"864",288,288,3,6.86320340537285,13.9609062328383,14.9790101201596,15.7253290140278,16.9016199627479,17.9781565120221,20.1978553267499,21.062145185528,22.9111200051814,1,1,1,1,1,1,1,1,0.901639344262295,0.885245901639344,0.868852459016393,0.868852459016393,0.852459016393443,0.836065573770492,0.819672131147541,0.80327868852459,1,1,1,1,1,1,1,0,2864,3.191047,-3.67215640537285
"865",289,289,1,4.16206707339457,11.2957447204899,12.3190088835513,13.069110506599,14.2513635046949,15.3333564965854,17.5643058900474,18.4329764157164,20.2913227936406,1,1,1,1,1,1,1,1,0.933333333333333,0.933333333333333,0.916666666666667,0.9,0.9,0.866666666666667,0.866666666666667,0.85,1,1,1,1,1,0,0,0,2865,5.253557,1.09148992660543
"866",289,289,2,4.52110790228716,11.6547855493825,12.6780497124439,13.4281513354916,14.6104043335875,15.692397325478,17.92334671894,18.792017244609,20.6503636225332,1,1,1,1,1,1,1,1,0.918032786885246,0.901639344262295,0.901639344262295,0.885245901639344,0.868852459016393,0.852459016393443,0.836065573770492,0.819672131147541,0,0,0,0,0,0,0,0,2866,3.19301,-1.32809790228716
"867",289,289,3,4.16240879156666,11.296086438662,12.3193506017234,13.0694522247711,14.251705222867,15.3336982147575,17.5646476082195,18.4333181338885,20.2916645118127,1,1,1,1,1,1,1,1,0.918032786885246,0.918032786885246,0.901639344262295,0.885245901639344,0.885245901639344,0.852459016393443,0.852459016393443,0.836065573770492,0,0,0,0,0,0,0,0,2867,4.179691,0.0172822084333362
"868",290,290,1,4.33612168212114,11.469472550969,12.4926898405261,13.242757103051,14.4249559447101,15.5068993728564,17.7377465713821,18.6063773051448,20.4646385562659,1,1,1,1,1,1,1,1,0.918032786885246,0.918032786885246,0.901639344262295,0.885245901639344,0.885245901639344,0.852459016393443,0.852459016393443,0.819672131147541,0,0,0,0,0,0,0,0,2868,3.44967,-0.886451682121136
"869",290,290,2,4.20880110275677,11.3421519716047,12.3653692611617,13.1154365236866,14.2976353653457,15.379578793492,17.6104259920177,18.4790567257805,20.3373179769016,1,1,1,1,1,1,1,1,0.918032786885246,0.918032786885246,0.901639344262295,0.885245901639344,0.885245901639344,0.852459016393443,0.852459016393443,0.819672131147541,0,0,0,0,0,0,0,0,2869,3.256182,-0.952619102756775
"870",290,290,3,4.17505549234276,11.3084063611906,12.3316236507477,13.0816909132726,14.2638897549317,15.345833183078,17.5766803816037,18.4453111153664,20.3035723664876,1,1,1,1,1,1,1,1,0.918032786885246,0.918032786885246,0.901639344262295,0.885245901639344,0.885245901639344,0.852459016393443,0.852459016393443,0.836065573770492,0,0,0,0,0,0,0,0,2870,3.347421,-0.827634492342758
"871",291,291,1,4.18449454540223,11.3066401772647,12.3282501727986,13.0771392118509,14.2574810274884,15.3377249131981,17.5650678439544,18.4323341119277,20.2876763621357,1,1,1,1,1,1,1,1,0.918032786885246,0.918032786885246,0.901639344262295,0.885245901639344,0.885245901639344,0.852459016393443,0.852459016393443,0.836065573770492,0,0,0,0,0,0,0,0,2871,4.077283,-0.107211545402225
"872",291,291,2,4.31229991789262,11.4344455497551,12.456055545289,13.2049445843413,14.3852863999788,15.4655302856885,17.6928732164448,18.5601394844181,20.4154817346261,1,1,1,1,1,1,1,1,1,1,0.982142857142857,0.964285714285714,0.964285714285714,0.928571428571429,0.928571428571429,0.892857142857143,0,0,0,0,0,0,0,0,2872,12.200655,7.88835508210738
"873",291,291,3,5.73477510407582,12.8569207359383,13.8785307314722,14.6274197705245,15.807761586162,16.8880054718717,19.115348402628,19.9826146706013,21.8379569208093,1,1,1,1,1,1,1,1,0.901639344262295,0.901639344262295,0.885245901639344,0.868852459016393,0.868852459016393,0.836065573770492,0.836065573770492,0.819672131147541,0,0,0,0,0,0,0,0,2873,3.953849,-1.78092610407582
"874",292,292,1,4.2942896748039,11.422586964641,12.4450793621364,13.1946152440739,14.3759765641583,15.4571534960674,17.6864202644719,18.5544356220776,20.4113803993244,1,1,1,1,1,1,1,1,0.982456140350877,0.982456140350877,0.964912280701754,0.947368421052632,0.947368421052632,0.912280701754386,0.912280701754386,0.87719298245614,0,0,0,0,0,0,0,0,2874,9.91999,5.6257003251961
"875",292,292,2,5.33371467812377,12.4620119679609,13.4845043654563,14.2340402473938,15.4154015674782,16.4965784993873,18.7258452677918,19.5938606253975,21.4508054026443,1,1,1,1,1,1,1,1,0.903225806451613,0.887096774193548,0.870967741935484,0.870967741935484,0.854838709677419,0.838709677419355,0.82258064516129,0.806451612903226,0,0,0,0,0,0,0,0,2875,3.122364,-2.21135067812377
"876",292,292,3,4.149427812021,11.2777251018581,12.3002174993535,13.049753381291,14.2311147013754,15.3122916332845,17.541558401689,18.4095737592947,20.2665185365415,1,1,1,1,1,1,1,1,0.903225806451613,0.903225806451613,0.887096774193548,0.870967741935484,0.870967741935484,0.838709677419355,0.838709677419355,0.82258064516129,0,0,0,0,0,0,0,0,2876,2.955639,-1.193788812021
"877",293,293,1,4.12267706258877,11.2544017102147,12.2773857324474,13.0272819988553,14.2092113294697,15.2909081022367,17.5212467247617,18.3896794329738,20.2475170481435,1,1,1,1,1,1,1,1,0.903225806451613,0.903225806451613,0.887096774193548,0.870967741935484,0.870967741935484,0.838709677419355,0.838709677419355,0.82258064516129,0,0,0,0,0,0,0,0,2877,2.969014,-1.15366306258877
"878",293,293,2,4.12500414807251,11.2567287956985,12.2797128179312,13.029609084339,14.2115384149534,15.2932351877204,17.5235738102454,18.3920065184575,20.2498441336272,1,1,1,1,1,1,1,1,0.918032786885246,0.918032786885246,0.901639344262295,0.885245901639344,0.885245901639344,0.852459016393443,0.852459016393443,0.836065573770492,0,0,0,0,0,0,0,0,2878,3.827273,-0.297731148072506
"879",293,293,3,4.27433065724507,11.406055304871,12.4290393271037,13.1789355935116,14.360864924126,15.442561696893,17.672900319418,18.5413330276301,20.3991706427998,1,1,1,1,1,1,1,1,0.903225806451613,0.903225806451613,0.887096774193548,0.870967741935484,0.870967741935484,0.838709677419355,0.838709677419355,0.806451612903226,0,0,0,0,0,0,0,0,2879,2.963405,-1.31092565724507
"880",294,294,1,4.12392820047737,11.2521279698318,12.2746063788601,13.0241320065815,14.2054771647521,15.2866393053454,17.5158755756993,18.3838790582003,20.2407984310422,1,1,1,1,1,1,1,1,0.918032786885246,0.918032786885246,0.901639344262295,0.885245901639344,0.885245901639344,0.852459016393443,0.852459016393443,0.836065573770492,0,0,0,0,0,0,0,0,2880,3.683993,-0.439935200477366
"881",294,294,2,4.24825105209329,11.3764508214477,12.398929230476,13.1484548581974,14.329800016368,15.4109621569613,17.6401984273152,18.5082019098163,20.3651212826581,1,1,1,1,1,1,1,1,0.903225806451613,0.903225806451613,0.887096774193548,0.870967741935484,0.870967741935484,0.838709677419355,0.838709677419355,0.806451612903226,0,0,0,0,0,0,0,0,2881,2.725817,-1.52243405209329
"882",294,294,3,4.08293720746926,11.2111369768237,12.233615385852,12.9831410135734,14.164486171744,15.2456483123373,17.4748845826912,18.3428880651922,20.1998074380341,1,1,1,1,1,1,1,1,0.903225806451613,0.903225806451613,0.887096774193548,0.870967741935484,0.870967741935484,0.838709677419355,0.838709677419355,0.82258064516129,0,0,0,0,0,0,0,0,2882,3.085831,-0.99710620746926
"883",295,295,1,4.13770745974124,11.2517960104551,12.2722502876055,13.0202921297497,14.1992986582022,15.2783204946731,17.5031436956084,18.3694288498752,20.2226722040706,1,1,1,1,1,1,1,1,0.918032786885246,0.918032786885246,0.901639344262295,0.885245901639344,0.885245901639344,0.852459016393443,0.852459016393443,0.836065573770492,0,0,0,0,0,0,0,0,2883,3.194637,-0.943070459741235
"884",295,295,2,4.15653256844993,11.2706211191638,12.2910753963142,13.0391172384584,14.2181237669109,15.2971456033818,17.521968804317,18.3882539585839,20.2414973127793,1,1,1,1,1,1,1,1,0.903225806451613,0.903225806451613,0.887096774193548,0.870967741935484,0.870967741935484,0.838709677419355,0.838709677419355,0.82258064516129,0,0,0,0,0,0,0,0,2884,2.932074,-1.22445856844993
"885",295,295,3,4.11110513781301,11.2251936885269,12.2456479656773,12.9936898078215,14.172696336274,15.2517181727449,17.4765413736801,18.342826527947,20.1960698821424,1,1,1,1,1,1,1,1,0.918032786885246,0.918032786885246,0.901639344262295,0.885245901639344,0.885245901639344,0.852459016393443,0.852459016393443,0.836065573770492,0,0,0,0,0,0,0,0,2885,3.32261,-0.788495137813012
"886",296,296,1,4.17569030988148,11.2892024954591,12.3095740980315,13.0575553357517,14.2364663441311,15.3154007610312,17.5400437125194,18.4062586825937,20.2593518917844,1,1,1,1,1,1,1,1,0.903225806451613,0.903225806451613,0.887096774193548,0.870967741935484,0.870967741935484,0.838709677419355,0.838709677419355,0.82258064516129,0,0,0,0,0,0,0,0,2886,2.739382,-1.43630830988148
"887",296,296,2,4.07471078114629,11.1882229667239,12.2085945692963,12.9565758070166,14.135486815396,15.2144212322961,17.4390641837842,18.3052791538585,20.1583723630492,1,1,1,1,1,1,1,1,0.903225806451613,0.903225806451613,0.887096774193548,0.870967741935484,0.870967741935484,0.838709677419355,0.838709677419355,0.82258064516129,0,0,0,0,0,0,0,0,2887,3.108387,-0.966323781146294
"888",296,296,3,4.13859994799172,11.2521121335693,12.2724837361417,13.020464973862,14.1993759822414,15.2783103991415,17.5029533506296,18.3691683207039,20.2222615298946,1,1,1,1,1,1,1,1,0.918032786885246,0.918032786885246,0.901639344262295,0.885245901639344,0.885245901639344,0.852459016393443,0.852459016393443,0.836065573770492,0,0,0,0,0,0,0,0,2888,3.210184,-0.928415947991724
"889",297,297,1,4.15552769911658,11.2692195123251,12.2896168809226,13.0376170063729,14.2165577841526,15.2955194458831,17.520218573186,18.3864554165824,20.2395954193589,1,1,1,1,1,1,1,1,0.918032786885246,0.918032786885246,0.901639344262295,0.885245901639344,0.885245901639344,0.852459016393443,0.852459016393443,0.836065573770492,0,0,0,0,0,0,0,0,2889,3.57603,-0.579497699116575
"890",297,297,2,4.21890829492732,11.3326001081358,12.3529974767334,13.1009976021837,14.2799383799633,15.3589000416938,17.5835991689968,18.4498360123931,20.3029760151697,1,1,1,1,1,1,1,1,0.903225806451613,0.903225806451613,0.887096774193548,0.870967741935484,0.870967741935484,0.838709677419355,0.838709677419355,0.82258064516129,0,0,0,0,0,0,0,0,2890,3.101438,-1.11747029492732
"891",297,297,3,4.13668811559773,11.2503799288062,12.2707772974038,13.0187774228541,14.1977182006337,15.2766798623643,17.5013789896672,18.3676158330635,20.2207558358401,1,1,1,1,1,1,1,1,0.918032786885246,0.918032786885246,0.901639344262295,0.885245901639344,0.885245901639344,0.852459016393443,0.852459016393443,0.836065573770492,0,0,0,0,0,0,0,0,2891,3.188591,-0.948097115597732
"892",298,298,1,4.15190763116547,11.2655693662414,12.2859624203918,13.0339593831457,14.2128951761245,15.2918522757862,17.5165419966098,18.3827751773809,20.2359073447055,1,1,1,1,1,1,1,1,0.903225806451613,0.903225806451613,0.887096774193548,0.870967741935484,0.870967741935484,0.838709677419355,0.838709677419355,0.82258064516129,0,0,0,0,0,0,0,0,2892,3.034792,-1.11711563116547
"893",298,298,2,4.12519818717802,11.2388599222539,12.2592529764043,13.0072499391583,14.1861857321371,15.2651428317987,17.4898325526223,18.3560657333935,20.209197900718,1,1,1,1,1,1,1,1,0.918032786885246,0.918032786885246,0.901639344262295,0.885245901639344,0.885245901639344,0.852459016393443,0.852459016393443,0.836065573770492,0,0,0,0,0,0,0,0,2893,3.792156,-0.333042187178022
"894",298,298,3,4.25672551398842,11.3703872490643,12.3907803032147,13.1387772659687,14.3177130589475,15.3966701586091,17.6213598794327,18.4875930602039,20.3407252275284,1,1,1,1,1,1,1,1,0.918032786885246,0.918032786885246,0.901639344262295,0.885245901639344,0.885245901639344,0.852459016393443,0.852459016393443,0.819672131147541,0,0,0,0,0,0,0,0,2894,3.254904,-1.00182151398842
"895",299,299,1,4.15815592829809,11.2677086934096,12.2875123514701,13.0350772586712,14.2133320786232,15.2916659546231,17.5150706574653,18.3808034874671,20.2328652546659,1,1,1,1,1,1,1,1,0.918032786885246,0.918032786885246,0.901639344262295,0.885245901639344,0.885245901639344,0.852459016393443,0.852459016393443,0.836065573770492,0,0,0,0,0,0,0,0,2895,3.512455,-0.645700928298089
"896",299,299,2,4.20284707177501,11.3123998368865,12.332203494947,13.0797684021481,14.2580232221002,15.3363570981,17.5597618009422,18.425494630944,20.2775563981428,1,1,1,1,1,1,1,1,0.918032786885246,0.918032786885246,0.901639344262295,0.885245901639344,0.885245901639344,0.852459016393443,0.852459016393443,0.836065573770492,0,0,0,0,0,0,0,0,2896,3.244116,-0.958731071775007
"897",299,299,3,4.15628395709305,11.2658367222045,12.2856403802651,13.0332052874662,14.2114601074182,15.289793983418,17.5131986862602,18.3789315162621,20.2309932834609,1,1,1,1,1,1,1,1,0.918032786885246,0.918032786885246,0.901639344262295,0.885245901639344,0.885245901639344,0.852459016393443,0.852459016393443,0.836065573770492,0,0,0,0,0,0,0,0,2897,3.126829,-1.02945495709305
"898",300,300,1,4.13503997432071,11.2444762377159,12.2642631846161,13.0118158417366,14.1900513540453,15.2683675597709,17.4917358284698,18.3574544720152,20.2094858901356,1,1,1,1,1,1,1,1,0.949152542372881,0.949152542372881,0.932203389830508,0.915254237288136,0.915254237288136,0.88135593220339,0.88135593220339,0.864406779661017,0,0,0,0,0,0,0,0,2898,7.719602,3.58456202567929
"899",300,300,2,4.93295598552789,12.0423922489231,13.0621791958232,13.8097318529437,14.9879673652524,16.066283570978,18.289651839677,19.1553704832224,21.0074019013428,1,1,1,1,1,1,1,1,0.903225806451613,0.887096774193548,0.887096774193548,0.870967741935484,0.854838709677419,0.838709677419355,0.82258064516129,0.806451612903226,0,0,0,0,0,0,0,0,2899,3.116702,-1.81625398552789
"900",300,300,3,4.1332805807157,11.2427168441109,12.262503791011,13.0100564481315,14.1882919604403,15.2666081661658,17.4899764348648,18.3556950784102,20.2077264965306,1,1,1,1,1,1,1,1,0.903225806451613,0.903225806451613,0.887096774193548,0.870967741935484,0.870967741935484,0.838709677419355,0.838709677419355,0.82258064516129,0,0,0,0,0,0,0,0,2900,3.009509,-1.1237715807157
"901",301,301,1,4.11550178571685,11.2264475439854,12.246451014828,12.9941623943649,14.1726480728471,15.2511932296068,17.4750335699129,18.3409360251989,20.1933606716749,1,1,1,1,1,1,1,1,0.903225806451613,0.903225806451613,0.887096774193548,0.870967741935484,0.870967741935484,0.838709677419355,0.838709677419355,0.82258064516129,0,0,0,0,0,0,0,0,2901,2.681498,-1.43400378571685
"902",301,301,2,4.05863836053171,11.1695841188002,12.1895875896428,12.9372989691798,14.115784647662,15.1943298044217,17.4181701447278,18.2840726000138,20.1364972464897,1,1,1,1,1,1,1,1,0.903225806451613,0.903225806451613,0.887096774193548,0.870967741935484,0.870967741935484,0.838709677419355,0.838709677419355,0.82258064516129,0,0,0,0,0,0,0,0,2902,2.639788,-1.41885036053171
"903",301,301,3,4.05140758636721,11.1623533446357,12.1823568154783,12.9300681950153,14.1085538734975,15.1870990302572,17.4109393705633,18.2768418258493,20.1292664723252,1,1,1,1,1,1,1,1,0.918032786885246,0.918032786885246,0.901639344262295,0.885245901639344,0.885245901639344,0.852459016393443,0.852459016393443,0.836065573770492,0,0,0,0,0,0,0,0,2903,3.232928,-0.818479586367212
"904",302,302,1,4.15390862847639,11.2640865004974,12.2839798247203,13.0316104615115,14.2099688794328,15.2883975678602,17.5119977633991,18.377806712897,20.230031322492,1,1,1,1,1,1,1,1,0.903225806451613,0.903225806451613,0.887096774193548,0.870967741935484,0.870967741935484,0.838709677419355,0.838709677419355,0.82258064516129,0,0,0,0,0,0,0,0,2904,2.676644,-1.47726462847639
"905",302,302,2,4.05652443980064,11.1667023118216,12.1865956360446,12.9342262728358,14.1125846907571,15.1910133791845,17.4146135747234,18.2804225242213,20.1326471338162,1,1,1,1,1,1,1,1,0.903225806451613,0.903225806451613,0.887096774193548,0.870967741935484,0.870967741935484,0.838709677419355,0.838709677419355,0.82258064516129,0,0,0,0,0,0,0,0,2905,2.761406,-1.29511843980064
"906",302,302,3,4.07136304490259,11.1815409169236,12.2014342411465,12.9490648779377,14.127423295859,15.2058519842864,17.4294521798253,18.2952611293232,20.1474857389182,1,1,1,1,1,1,1,1,0.918032786885246,0.918032786885246,0.901639344262295,0.885245901639344,0.885245901639344,0.852459016393443,0.852459016393443,0.836065573770492,0,0,0,0,0,0,0,0,2906,3.614767,-0.456596044902593
"907",303,303,1,4.21154273017815,11.2958068584895,12.3119830810181,13.0568889043011,14.230952678883,15.3054509277146,17.5209469932842,18.383600416771,20.2290744113054,1,1,1,1,1,1,1,1,0.918032786885246,0.918032786885246,0.901639344262295,0.885245901639344,0.885245901639344,0.852459016393443,0.852459016393443,0.836065573770492,0,0,0,0,0,0,0,0,2907,3.212712,-0.998830730178148
"908",303,303,2,4.14159467223026,11.2258588005416,12.2420350230702,12.9869408463532,14.1610046209351,15.2355028697668,17.4509989353363,18.3136523588231,20.1591263533575,1,1,1,1,1,1,1,1,0.918032786885246,0.918032786885246,0.901639344262295,0.885245901639344,0.885245901639344,0.852459016393443,0.852459016393443,0.836065573770492,0,0,0,0,0,0,0,0,2908,3.587782,-0.553812672230264
"909",303,303,3,4.20684797860505,11.2911121069163,12.307288329445,13.052194152728,14.2262579273099,15.3007561761415,17.5162522417111,18.3789056651979,20.2243796597323,1,1,1,1,1,1,1,1,0.903225806451613,0.903225806451613,0.887096774193548,0.870967741935484,0.870967741935484,0.838709677419355,0.838709677419355,0.82258064516129,0,0,0,0,0,0,0,0,2909,3.008788,-1.19805997860505
"910",304,304,1,4.10419494003392,11.1887000909842,12.2049108861192,12.9498420527779,14.1239457716566,15.1984805773415,17.4140520190826,18.2767347919839,20.1222715737048,1,1,1,1,1,1,1,1,0.949152542372881,0.949152542372881,0.932203389830508,0.915254237288136,0.915254237288136,0.88135593220339,0.88135593220339,0.864406779661017,0,0,0,0,0,0,0,0,2910,7.791568,3.68737305996608
"911",304,304,2,4.93724233704308,12.0217474879934,13.0379582831283,13.7828894497871,14.9569931686658,16.0315279743506,18.2470994160918,19.1097821889931,20.9553189707139,1,1,1,1,1,1,1,1,0.918032786885246,0.901639344262295,0.901639344262295,0.885245901639344,0.868852459016393,0.852459016393443,0.836065573770492,0.819672131147541,0,0,0,0,0,0,0,0,2911,3.756738,-1.18050433704308
"912",304,304,3,4.23447017757213,11.3189753285224,12.3351861236574,13.0801172903161,14.2542210091948,15.3287558148797,17.5443272566208,18.4070100295221,20.252546811243,1,1,1,1,1,1,1,1,0.918032786885246,0.918032786885246,0.901639344262295,0.885245901639344,0.885245901639344,0.852459016393443,0.852459016393443,0.836065573770492,0,0,0,0,0,0,0,0,2912,3.146967,-1.08750317757213
"913",305,305,1,4.12867048542118,11.2146514301127,12.2310739150551,12.9761602604779,14.1505085602953,15.2252672054308,17.4413001792616,18.3041626601044,20.1500838909256,1,1,1,1,1,1,1,1,0.918032786885246,0.918032786885246,0.901639344262295,0.885245901639344,0.885245901639344,0.852459016393443,0.852459016393443,0.836065573770492,0,0,0,0,0,0,0,0,2913,3.623605,-0.505065485421179
"914",305,305,2,4.2115910504684,11.2975719951599,12.3139944801023,13.0590808255251,14.2334291253425,15.308187770478,17.5242207443088,18.3870832251516,20.2330044559728,1,1,1,1,1,1,1,1,0.918032786885246,0.918032786885246,0.901639344262295,0.885245901639344,0.885245901639344,0.852459016393443,0.852459016393443,0.836065573770492,0,0,0,0,0,0,0,0,2914,3.981914,-0.229677050468404
"915",305,305,3,4.27392595608127,11.3599069007728,12.3763293857152,13.121415731138,14.2957640309554,15.3705226760909,17.5865556499217,18.4494181307645,20.2953393615857,1,1,1,1,1,1,1,1,0.918032786885246,0.918032786885246,0.901639344262295,0.885245901639344,0.885245901639344,0.852459016393443,0.852459016393443,0.836065573770492,0,0,0,0,0,0,0,0,2915,3.336878,-0.937047956081272
"916",306,306,1,4.16035155753862,11.2461077715724,12.2624980208518,13.0075607359902,14.1818717915548,15.2565963509061,17.4725590436352,18.3353941589439,20.1812568466931,1,1,1,1,1,1,1,1,0.918032786885246,0.918032786885246,0.901639344262295,0.885245901639344,0.885245901639344,0.852459016393443,0.852459016393443,0.836065573770492,0,0,0,0,0,0,0,0,2916,3.139868,-1.02048355753862
"917",306,306,2,4.12598824661736,11.2117444606511,12.2281347099305,12.973197425069,14.1475084806335,15.2222330399848,17.4381957327139,18.3010308480226,20.1468935357718,1,1,1,1,1,1,1,1,0.903225806451613,0.903225806451613,0.887096774193548,0.870967741935484,0.870967741935484,0.838709677419355,0.838709677419355,0.82258064516129,0,0,0,0,0,0,0,0,2917,2.99769,-1.12829824661736
"918",306,306,3,4.10118896322991,11.1869451772637,12.2033354265431,12.9483981416815,14.1227091972461,15.1974337565974,17.4133964493264,18.2762315646352,20.1220942523844,1,1,1,1,1,1,1,1,0.918032786885246,0.918032786885246,0.901639344262295,0.885245901639344,0.885245901639344,0.852459016393443,0.852459016393443,0.836065573770492,0,0,0,0,0,0,0,0,2918,4.407581,0.306392036770092
"919",307,307,1,4.34049674899637,11.4151886395507,12.4299918076267,13.1738911162572,14.3463684991704,15.4194148889916,17.6319173825111,18.4934051911194,20.336385586385,1,1,1,1,1,1,1,1,0.918032786885246,0.918032786885246,0.901639344262295,0.885245901639344,0.885245901639344,0.852459016393443,0.852459016393443,0.819672131147541,0,0,0,0,0,0,0,0,2919,3.66481,-0.675686748996366
"920",307,307,2,4.2111491133372,11.2858410038915,12.3006441719675,13.0445434805981,14.2170208635112,15.2900672533324,17.502569746852,18.3640575554602,20.2070379507259,1,1,1,1,1,1,1,1,0.903225806451613,0.903225806451613,0.887096774193548,0.870967741935484,0.870967741935484,0.838709677419355,0.838709677419355,0.82258064516129,0,0,0,0,0,0,0,0,2920,3.107996,-1.1031531133372
"921",307,307,3,4.11418440361924,11.1888762941736,12.2036794622495,12.9475787708801,14.1200561537933,15.1931025436144,17.405605037134,18.2670928457422,20.1100732410079,1,1,1,1,1,1,1,1,0.918032786885246,0.918032786885246,0.901639344262295,0.885245901639344,0.885245901639344,0.852459016393443,0.852459016393443,0.836065573770492,0,0,0,0,0,0,0,0,2921,3.211023,-0.903161403619243
"922",308,308,1,4.13125942613042,11.2061694427291,12.2210038990935,12.9649261435376,14.1374396761315,15.2105191499892,17.4230898591179,18.284604229014,20.1276414468282,1,1,1,1,1,1,1,1,0.918032786885246,0.918032786885246,0.901639344262295,0.885245901639344,0.885245901639344,0.852459016393443,0.852459016393443,0.836065573770492,0,0,0,0,0,0,0,0,2922,3.378507,-0.752752426130423
"923",308,308,2,4.16047100930574,11.2353810259044,12.2502154822688,12.9941377267129,14.1666512593068,15.2397307331645,17.4523014422932,18.3138158121893,20.1568530300035,1,1,1,1,1,1,1,1,0.918032786885246,0.918032786885246,0.901639344262295,0.885245901639344,0.885245901639344,0.852459016393443,0.852459016393443,0.836065573770492,0,0,0,0,0,0,0,0,2923,3.555386,-0.605085009305742
"924",308,308,3,4.19132121362656,11.2662312302252,12.2810656865897,13.0249879310337,14.1975014636277,15.2705809374853,17.483151646614,18.3446660165101,20.1877032343243,1,1,1,1,1,1,1,1,0.918032786885246,0.918032786885246,0.901639344262295,0.885245901639344,0.885245901639344,0.852459016393443,0.852459016393443,0.836065573770492,0,0,0,0,0,0,0,0,2924,3.901983,-0.289338213626557
"925",309,309,1,4.24960016967101,11.3239518966855,12.3387062712531,13.082569811906,14.2549908200592,15.3279856159362,17.5403817284725,18.4018281152426,20.2447198967926,1,1,1,1,1,1,1,1,0.918032786885246,0.918032786885246,0.901639344262295,0.885245901639344,0.885245901639344,0.852459016393443,0.852459016393443,0.836065573770492,0,0,0,0,0,0,0,0,2925,3.192397,-1.05720316967101
"926",309,309,2,4.12581358706863,11.2001653140831,12.2149196886508,12.9587832293036,14.1312042374568,15.2041990333338,17.4165951458701,18.2780415326402,20.1209333141902,1,1,1,1,1,1,1,1,0.918032786885246,0.918032786885246,0.901639344262295,0.885245901639344,0.885245901639344,0.852459016393443,0.852459016393443,0.836065573770492,0,0,0,0,0,0,0,0,2926,3.621248,-0.504565587068626
"927",309,309,3,4.20062622392394,11.2749779509385,12.2897323255061,13.0335958661589,14.2060168743121,15.2790116701892,17.4914077827254,18.3528541694955,20.1957459510456,1,1,1,1,1,1,1,1,0.918032786885246,0.918032786885246,0.901639344262295,0.885245901639344,0.885245901639344,0.852459016393443,0.852459016393443,0.836065573770492,0,0,0,0,0,0,0,0,2927,4.010364,-0.190262223923942
"928",310,310,1,4.26481956925127,11.3372836021114,12.3517672033312,13.095432254156,14.2675404177732,15.3402488996413,17.5520546644863,18.4132711860516,20.2556712170954,1,1,1,1,1,1,1,1,0.918032786885246,0.918032786885246,0.901639344262295,0.885245901639344,0.885245901639344,0.852459016393443,0.852459016393443,0.836065573770492,0,0,0,0,0,0,0,0,2928,3.189927,-1.07489256925127
"929",310,310,2,4.12177614801991,11.19424018088,12.2087237820998,12.9523888329247,14.1244969965419,15.1972054784099,17.409011243255,18.2702277648202,20.1126277958641,1,1,1,1,1,1,1,1,0.918032786885246,0.918032786885246,0.901639344262295,0.885245901639344,0.885245901639344,0.852459016393443,0.852459016393443,0.836065573770492,0,0,0,0,0,0,0,0,2929,3.19826,-0.92351614801991
"930",310,310,3,4.12322900890883,11.195693041769,12.2101766429887,12.9538416938136,14.1259498574308,15.1986583392989,17.4104641041439,18.2716806257092,20.114080656753,1,1,1,1,1,1,1,1,0.918032786885246,0.918032786885246,0.901639344262295,0.885245901639344,0.885245901639344,0.852459016393443,0.852459016393443,0.836065573770492,0,0,0,0,0,0,0,0,2930,3.479476,-0.643753008908827
"931",311,311,1,4.17127973345266,11.2427464927939,12.2570870437802,13.000647231935,14.1725901190054,15.2451473404701,17.4566412231609,18.3177363063665,20.1598765443943,1,1,1,1,1,1,1,1,0.918032786885246,0.918032786885246,0.901639344262295,0.885245901639344,0.885245901639344,0.852459016393443,0.852459016393443,0.836065573770492,0,0,0,0,0,0,0,0,2931,4.024878,-0.14640173345266
"932",311,311,2,4.26734090875879,11.3388076681,12.3531482190863,13.0967084072411,14.2686512943116,15.3412085157762,17.552702398467,18.4137974816726,20.2559377197004,1,1,1,1,1,1,1,1,0.918032786885246,0.918032786885246,0.901639344262295,0.885245901639344,0.885245901639344,0.852459016393443,0.852459016393443,0.836065573770492,0,0,0,0,0,0,0,0,2932,3.780857,-0.486483908758789
"933",311,311,3,4.2243617043199,11.2958284636611,12.3101690146474,13.0537292028023,14.2256720898727,15.2982293113374,17.5097231940282,18.3708182772338,20.2129585152615,1,1,1,1,1,1,1,1,0.918032786885246,0.918032786885246,0.901639344262295,0.885245901639344,0.885245901639344,0.852459016393443,0.852459016393443,0.836065573770492,0,0,0,0,0,0,0,0,2933,3.595397,-0.628964704319904
"934",312,312,1,4.18170892675256,11.2223368636262,12.2322538531029,12.9725713588812,14.139403377179,15.2072831529504,17.409132662054,18.2664724906141,20.1005791144435,1,1,1,1,1,1,1,1,0.949152542372881,0.949152542372881,0.932203389830508,0.915254237288136,0.915254237288136,0.88135593220339,0.88135593220339,0.864406779661017,0,0,0,0,0,0,0,0,2934,7.299647,3.11793807324744
"935",312,312,2,4.82377363964935,11.864401576523,12.8743185659996,13.614636071778,14.7814680900758,15.8493478658472,18.0511973749508,18.9085372035109,20.7426438273403,1,1,1,1,1,1,1,1,0.918032786885246,0.901639344262295,0.901639344262295,0.885245901639344,0.868852459016393,0.852459016393443,0.836065573770492,0.819672131147541,0,0,0,0,0,0,0,0,2935,3.60812,-1.21565363964935
"936",312,312,3,4.18391422859293,11.2245421654666,12.2344591549432,12.9747766607215,14.1416086790194,15.2094884547907,17.4113379638944,18.2686777924544,20.1027844162838,1,1,1,1,1,1,1,1,0.903225806451613,0.903225806451613,0.887096774193548,0.870967741935484,0.870967741935484,0.838709677419355,0.838709677419355,0.82258064516129,0,0,0,0,0,0,0,0,2936,3.004219,-1.17969522859293
"937",313,313,1,4.08020726879345,11.1220446902986,12.1321351698516,12.8725798521621,14.0396123164154,15.1076755394856,17.3099032965475,18.1673904044917,20.0018121030267,1,1,1,1,1,1,1,1,0.918032786885246,0.918032786885246,0.901639344262295,0.901639344262295,0.885245901639344,0.852459016393443,0.852459016393443,0.836065573770492,0,0,0,0,0,0,0,0,2937,3.366851,-0.713356268793446
"938",313,313,2,4.14304620192603,11.1848836234312,12.1949741029842,12.9354187852947,14.102451249548,15.1705144726182,17.3727422296801,18.2302293376243,20.0646510361593,1,1,1,1,1,1,1,1,0.918032786885246,0.918032786885246,0.901639344262295,0.885245901639344,0.885245901639344,0.852459016393443,0.852459016393443,0.836065573770492,0,0,0,0,0,0,0,0,2938,3.683871,-0.459175201926034
"939",313,313,3,4.19798122856928,11.2398186500744,12.2499091296274,12.9903538119379,14.1573862761912,15.2254494992614,17.4276772563233,18.2851643642676,20.1195860628025,1,1,1,1,1,1,1,1,0.933333333333333,0.933333333333333,0.916666666666667,0.9,0.9,0.866666666666667,0.866666666666667,0.85,0,0,0,0,0,0,0,0,2939,4.885898,0.687916771430722
"940",314,314,1,4.40638837672017,11.4483268137714,12.458431783128,13.1988870871583,14.3659362925567,15.4340148370527,17.6362741851932,18.4937735938373,20.3282216072527,1,1,1,1,1,1,1,1,0.918032786885246,0.918032786885246,0.901639344262295,0.885245901639344,0.885245901639344,0.852459016393443,0.852459016393443,0.819672131147541,0,0,0,0,0,0,0,0,2940,3.883963,-0.522425376720175
"941",314,314,2,4.23257992600112,11.2745183630524,12.284623332409,13.0250786364393,14.1921278418376,15.2602063863336,17.4624657344742,18.3199651431182,20.1544131565336,1,1,1,1,1,1,1,1,0.933333333333333,0.933333333333333,0.916666666666667,0.9,0.9,0.866666666666667,0.866666666666667,0.85,0,0,0,0,0,0,0,0,2941,5.004021,0.771441073998875
"942",314,314,3,4.42687950201701,11.4688179390683,12.4789229084248,13.2193782124552,14.3864274178535,15.4545059623495,17.65676531049,18.5142647191341,20.3487127325495,1,1,1,1,1,1,1,1,0.918032786885246,0.918032786885246,0.901639344262295,0.885245901639344,0.885245901639344,0.852459016393443,0.852459016393443,0.819672131147541,0,0,0,0,0,0,0,0,2942,3.218718,-1.20816150201701
"943",315,315,1,4.11131198833345,11.1437324883022,12.1524721921667,12.8919266912256,14.0573985041193,15.124033425602,17.3233161834042,18.1796565893826,20.0116251490327,1,1,1,1,1,1,1,1,0.918032786885246,0.918032786885246,0.901639344262295,0.901639344262295,0.885245901639344,0.852459016393443,0.852459016393443,0.836065573770492,0,0,0,0,0,0,0,0,2943,3.318372,-0.792939988333454
"944",315,315,2,4.12859410584916,11.1610146058179,12.1697543096824,12.9092088087413,14.074680621635,15.1413155431177,17.3405983009199,18.1969387068983,20.0289072665484,1,1,1,1,1,1,1,1,0.918032786885246,0.918032786885246,0.901639344262295,0.885245901639344,0.885245901639344,0.852459016393443,0.852459016393443,0.836065573770492,0,0,0,0,0,0,0,0,2944,3.170862,-0.957732105849157
"945",315,315,3,4.10301274278554,11.1354332427543,12.1441729466188,12.8836274456777,14.0490992585714,15.1157341800541,17.3150169378563,18.1713573438347,20.0033259034848,1,1,1,1,1,1,1,1,0.933333333333333,0.933333333333333,0.916666666666667,0.916666666666667,0.9,0.866666666666667,0.866666666666667,0.85,0,0,0,0,0,0,0,0,2945,6.201113,2.09810025721446
"946",316,316,1,4.61361525048417,11.6259595796742,12.6318195310316,13.3691630336269,14.5313076548156,15.5948975443862,17.7879017845376,18.6417975078872,20.4685361593336,1,1,1,1,1,1,1,1,0.96551724137931,0.948275862068966,0.948275862068966,0.931034482758621,0.931034482758621,0.896551724137931,0.896551724137931,0.862068965517241,0,0,0,0,0,0,0,0,2946,8.768549,4.15493374951583
"947",316,316,2,5.05198408911036,12.0643284183004,13.0701883696578,13.8075318722531,14.9696764934418,16.0332663830124,18.2262706231638,19.0801663465134,20.9069049979598,1,1,1,1,1,1,1,1,0.918032786885246,0.901639344262295,0.901639344262295,0.885245901639344,0.868852459016393,0.852459016393443,0.836065573770492,0.819672131147541,0,0,0,0,0,0,0,0,2947,3.492843,-1.55914108911036
"948",316,316,3,4.15120015052212,11.1635444797122,12.1694044310696,12.9067479336649,14.0688925548536,15.1324824444241,17.3254866845756,18.1793824079252,20.0061210593715,1,1,1,1,1,1,1,1,0.918032786885246,0.918032786885246,0.901639344262295,0.885245901639344,0.885245901639344,0.852459016393443,0.852459016393443,0.836065573770492,0,0,0,0,0,0,0,0,2948,3.483772,-0.667428150522118
"949",317,317,1,4.15068536080106,11.1649297726584,12.1710622743883,12.9086055694558,14.0710650883089,15.134943170903,17.328541633065,18.1826687301731,20.0099023593738,1,1,1,1,1,1,1,1,0.918032786885246,0.918032786885246,0.901639344262295,0.885245901639344,0.885245901639344,0.852459016393443,0.852459016393443,0.836065573770492,0,0,0,0,0,0,0,0,2949,4.307652,0.156966639198937
"950",317,317,2,4.29146989104371,11.305714302901,12.311846804631,13.0493900996984,14.2118496185515,15.2757277011456,17.4693261633076,18.3234532604157,20.1506868896165,1,1,1,1,1,1,1,1,0.918032786885246,0.918032786885246,0.901639344262295,0.885245901639344,0.885245901639344,0.852459016393443,0.852459016393443,0.836065573770492,0,0,0,0,0,0,0,0,2950,4.342541,0.0510711089562861
"951",317,317,3,4.29743171979989,11.3116761316572,12.3178086333871,13.0553519284546,14.2178114473077,15.2816895299018,17.4752879920638,18.3294150891719,20.1566487183727,1,1,1,1,1,1,1,1,0.933333333333333,0.933333333333333,0.916666666666667,0.9,0.9,0.866666666666667,0.866666666666667,0.85,0,0,0,0,0,0,0,0,2951,5.641228,1.34379628020011
"952",318,318,1,4.5218578120129,11.5356249226523,12.5416889596638,13.2791820668147,14.4415624832997,15.5053681717377,17.6988173651893,18.5528863411543,20.3799956318254,1,1,1,1,1,1,1,1,0.918032786885246,0.901639344262295,0.901639344262295,0.885245901639344,0.885245901639344,0.852459016393443,0.852459016393443,0.819672131147541,0,0,0,0,0,0,0,0,2952,4.681064,0.159206187987103
"953",318,318,2,4.35718390767205,11.3709510183114,12.377015055323,13.1145081624739,14.2768885789588,15.3406942673968,17.5341434608485,18.3882124368134,20.2153217274845,1,1,1,1,1,1,1,1,0.918032786885246,0.918032786885246,0.901639344262295,0.885245901639344,0.885245901639344,0.852459016393443,0.852459016393443,0.836065573770492,0,0,0,0,0,0,0,0,2953,3.845143,-0.512040907672046
"954",318,318,3,4.21381842553513,11.2275855361745,12.233649573186,12.971142680337,14.1335230968219,15.1973287852599,17.3907779787115,18.2448469546765,20.0719562453476,1,1,1,1,1,1,1,1,0.918032786885246,0.918032786885246,0.901639344262295,0.885245901639344,0.885245901639344,0.852459016393443,0.852459016393443,0.836065573770492,0,0,0,0,0,0,0,0,2954,4.054054,-0.159764425535132
"955",319,319,1,4.23997412946226,11.2313922749381,12.234250546808,12.9693936746254,14.1280702328234,15.1884861656713,17.3749460595298,18.2262935938658,20.0475809059563,1,1,1,1,1,1,1,1,0.918032786885246,0.918032786885246,0.901639344262295,0.885245901639344,0.885245901639344,0.852459016393443,0.852459016393443,0.836065573770492,0,0,0,0,0,0,0,0,2955,4.126473,-0.113501129462258
"956",319,319,2,4.25217495025907,11.2435930957349,12.2464513676048,12.9815944954222,14.1402710536202,15.2006869864681,17.3871468803266,18.2384944146626,20.0597817267531,1,1,1,1,1,1,1,1,0.918032786885246,0.918032786885246,0.901639344262295,0.885245901639344,0.885245901639344,0.852459016393443,0.852459016393443,0.836065573770492,0,0,0,0,0,0,0,0,2956,3.505028,-0.747146950259067
"957",319,319,3,4.14747674840496,11.1388948938808,12.1417531657507,12.8768962935681,14.0355728517661,15.095988784614,17.2824486784725,18.1337962128085,19.955083524899,1,1,1,1,1,1,1,1,0.918032786885246,0.918032786885246,0.901639344262295,0.901639344262295,0.885245901639344,0.852459016393443,0.852459016393443,0.836065573770492,0,0,0,0,0,0,0,0,2957,3.645065,-0.502411748404963
"958",320,320,1,4.17027135934806,11.1617450925883,12.1646113380406,12.8997603108758,14.0584460815452,15.1188704456083,17.3053477236963,18.1567020269745,19.9780038198597,0,0,0,0,0,1,1,1,0,0,0,0,0,1,1,0.980769230769231,0,0,0,0,0,0,0,0,2958,18.483119,14.3128476406519
"959",320,320,2,6.67153198820485,13.6630057214451,14.6658719668974,15.4010209397326,16.559706710402,17.620131074465,19.806608352553,20.6579626558313,22.4792644487165,0,0,0,0,0,0,0,0,0,0,0,0,0,0,0,0,1,1,1,1,1,0,0,0,2959,27.81871,21.1471780117952
"960",320,320,3,8.24523877046954,15.2367125037098,16.2395787491621,16.9747277219972,18.1334134926667,19.1938378567297,21.3803151348177,22.231669438096,24.0529712309812,1,1,1,1,1,1,1,1,0.885245901639344,0.868852459016393,0.868852459016393,0.852459016393443,0.836065573770492,0.819672131147541,0.80327868852459,0.786885245901639,1,1,1,1,1,1,1,1,2960,4.019272,-4.22596677046954
"961",321,321,1,4.24698221916333,11.3028621356617,12.3149668892816,13.0568881309221,14.2262478354332,15.2964409390394,17.5030602732426,18.3622573409174,20.2003371553637,1,1,1,1,1,1,1,1,0.918032786885246,0.918032786885246,0.901639344262295,0.885245901639344,0.885245901639344,0.852459016393443,0.852459016393443,0.836065573770492,1,1,1,1,1,1,1,1,2961,3.721933,-0.525049219163332
"962",321,321,2,4.19540766950603,11.2512875860044,12.2633923396243,13.0053135812648,14.1746732857759,15.2448663893821,17.4514857235853,18.3106827912601,20.1487626057064,1,1,1,1,1,1,1,1,0.918032786885246,0.918032786885246,0.901639344262295,0.885245901639344,0.885245901639344,0.852459016393443,0.852459016393443,0.836065573770492,0,0,0,0,0,0,0,0,2962,3.416544,-0.778863669506032
"963",321,321,3,4.142436817565,11.1983167340634,12.2104214876833,12.9523427293237,14.1217024338348,15.1918955374411,17.3985148716442,18.2577119393191,20.0957917537654,1,1,1,1,1,1,1,1,0.933333333333333,0.933333333333333,0.916666666666667,0.9,0.9,0.866666666666667,0.866666666666667,0.85,0,0,0,0,0,0,0,0,2963,4.852244,0.709807182434997
"964",322,322,1,4.38640395180811,11.4391662789284,12.4508238414018,13.1924172705213,14.3612603019261,15.4309805484697,17.6366249039204,18.495442341601,20.3327100138095,1,1,1,1,1,1,1,1,0.918032786885246,0.918032786885246,0.901639344262295,0.885245901639344,0.885245901639344,0.852459016393443,0.852459016393443,0.819672131147541,0,0,0,0,0,0,0,0,2964,4.221788,-0.164615951808112
"965",322,322,2,4.2772445642206,11.3300068913409,12.3416644538143,13.0832578829338,14.2521009143386,15.3218211608822,17.5274655163329,18.3862829540135,20.223550626222,1,1,1,1,1,1,1,1,0.918032786885246,0.918032786885246,0.901639344262295,0.885245901639344,0.885245901639344,0.852459016393443,0.852459016393443,0.836065573770492,0,0,0,0,0,0,0,0,2965,3.636766,-0.640478564220601
"966",322,322,3,4.1759517805129,11.2287141076332,12.2403716701066,12.9819650992261,14.1508081306309,15.2205283771745,17.4261727326252,18.2849901703058,20.1222578425143,1,1,1,1,1,1,1,1,0.918032786885246,0.918032786885246,0.901639344262295,0.885245901639344,0.885245901639344,0.852459016393443,0.852459016393443,0.836065573770492,0,0,0,0,0,0,0,0,2966,4.119022,-0.0569297805129034
"967",323,323,1,4.25845533045922,11.3112158126635,12.3228731104997,13.0644663456275,14.2333090712774,15.3030290379952,17.5086728164765,18.367490029501,20.2047572211029,1,1,1,1,1,1,1,1,0.918032786885246,0.918032786885246,0.901639344262295,0.885245901639344,0.885245901639344,0.852459016393443,0.852459016393443,0.836065573770492,0,0,0,0,0,0,0,0,2967,3.248009,-1.01044633045922
"968",323,323,2,4.10768562017176,11.1604461023761,12.1721034002123,12.9136966353401,14.0825393609899,15.1522593277078,17.3579031061891,18.2167203192136,20.0539875108154,1,1,1,1,1,1,1,1,0.918032786885246,0.918032786885246,0.901639344262295,0.885245901639344,0.885245901639344,0.852459016393443,0.852459016393443,0.836065573770492,0,0,0,0,0,0,0,0,2968,3.582165,-0.525520620171758
"969",323,323,3,4.16552701095561,11.2182874931599,12.2299447909961,12.9715380261239,14.1403807517738,15.2101007184916,17.4157444969729,18.2745617099974,20.1118289015993,1,1,1,1,1,1,1,1,0.918032786885246,0.918032786885246,0.901639344262295,0.885245901639344,0.885245901639344,0.852459016393443,0.852459016393443,0.836065573770492,0,0,0,0,0,0,0,0,2969,4.35686,0.191332989044389
"970",324,324,1,4.29665108483561,11.3488503710931,12.36042717024,13.1019613959745,14.2707111155167,15.3403459634345,17.5458142364025,18.4045631123922,20.2416841106129,1,1,1,1,1,1,1,1,0.982456140350877,0.982456140350877,0.964912280701754,0.947368421052632,0.947368421052632,0.912280701754386,0.912280701754386,0.894736842105263,0,0,0,0,0,0,0,0,2970,9.579292,5.28264091516439
"971",324,324,2,5.20021835672996,12.2524176429875,13.2639944421344,14.0055286678688,15.1742783874111,16.2439132353289,18.4493815082969,19.3081303842865,21.1452513825073,1,1,1,1,1,1,1,1,0.918032786885246,0.901639344262295,0.901639344262295,0.885245901639344,0.868852459016393,0.852459016393443,0.836065573770492,0.819672131147541,0,0,0,0,0,0,0,0,2971,3.858978,-1.34124035672996
"972",324,324,3,4.21050924891217,11.2627085351697,12.2742853343166,13.015819560051,14.1845692795933,15.2542041275111,17.4596724004791,18.3184212764688,20.1555422746895,1,1,1,1,1,1,1,1,0.918032786885246,0.918032786885246,0.901639344262295,0.885245901639344,0.885245901639344,0.852459016393443,0.852459016393443,0.836065573770492,0,0,0,0,0,0,0,0,2972,3.168269,-1.04224024891217
"973",325,325,1,4.09125578599718,11.1458368023097,12.1577552399678,12.8995399030879,14.0686843429466,15.1386804372446,17.3448935601322,18.2039324602582,20.0416739069545,1,1,1,1,1,1,1,1,0.918032786885246,0.918032786885246,0.901639344262295,0.885245901639344,0.885245901639344,0.852459016393443,0.852459016393443,0.836065573770492,0,0,0,0,0,0,0,0,2973,3.668697,-0.422558785997177
"974",325,325,2,4.17764266771863,11.2322236840311,12.2441421216893,12.9859267848094,14.155071224668,15.2250673189661,17.4312804418537,18.2903193419797,20.1280607886759,1,1,1,1,1,1,1,1,0.918032786885246,0.918032786885246,0.901639344262295,0.885245901639344,0.885245901639344,0.852459016393443,0.852459016393443,0.836065573770492,0,0,0,0,0,0,0,0,2974,3.235648,-0.941994667718629
"975",325,325,3,4.10288715295408,11.1574681692666,12.1693866069247,12.9111712700448,14.0803157099035,15.1503118042016,17.3565249270891,18.2155638272151,20.0533052739114,1,1,1,1,1,1,1,1,0.918032786885246,0.918032786885246,0.901639344262295,0.885245901639344,0.885245901639344,0.852459016393443,0.852459016393443,0.836065573770492,0,0,0,0,0,0,0,0,2975,3.177507,-0.925380152954081
"976",326,326,1,4.09118491372042,11.1459440090775,12.1578879906294,12.8996913786467,14.0688653312609,15.1388884355092,17.3451572499146,18.2042178347908,20.042005671661,1,1,1,1,1,1,1,1,0.918032786885246,0.918032786885246,0.901639344262295,0.885245901639344,0.885245901639344,0.852459016393443,0.852459016393443,0.836065573770492,0,0,0,0,0,0,0,0,2976,3.444681,-0.646503913720415
"977",326,326,2,4.13730519284579,11.1920642882028,12.2040082697548,12.9458116577721,14.1149856103863,15.1850087146345,17.39127752904,18.2503381139162,20.0881259507864,1,1,1,1,1,1,1,1,0.918032786885246,0.918032786885246,0.901639344262295,0.885245901639344,0.885245901639344,0.852459016393443,0.852459016393443,0.836065573770492,0,0,0,0,0,0,0,0,2977,3.76275,-0.374555192845786
"978",326,326,3,4.19221110083506,11.2469701961921,12.2589141777441,13.0007175657613,14.1698915183755,15.2399146226238,17.4461834370293,18.3052440219054,20.1430318587757,1,1,1,1,1,1,1,1,0.918032786885246,0.918032786885246,0.901639344262295,0.885245901639344,0.885245901639344,0.852459016393443,0.852459016393443,0.836065573770492,0,0,0,0,0,0,0,0,2978,3.316066,-0.876145100835064
"979",327,327,1,4.10963030039442,11.159089199335,12.1702729136983,12.9115189894663,14.0798145489972,15.1490337515749,17.3536450100091,18.212060188037,20.0484673063914,1,1,1,1,1,1,1,1,0.918032786885246,0.918032786885246,0.901639344262295,0.885245901639344,0.885245901639344,0.852459016393443,0.852459016393443,0.836065573770492,0,0,0,0,0,0,0,0,2979,4.24257,0.13293969960558
"980",327,327,2,4.2693303860214,11.318789284962,12.3299729993253,13.0712190750933,14.2395146346242,15.3087338372019,17.5133450956361,18.371760273664,20.2081673920184,1,1,1,1,1,1,1,1,0.918032786885246,0.918032786885246,0.901639344262295,0.885245901639344,0.885245901639344,0.852459016393443,0.852459016393443,0.836065573770492,0,0,0,0,0,0,0,0,2980,3.532945,-0.736385386021403
"981",327,327,3,4.14701340383563,11.1964723027762,12.2076560171395,12.9489020929075,14.1171976524384,15.1864168550161,17.3910281134504,18.2494432914782,20.0858504098327,1,1,1,1,1,1,1,1,0.918032786885246,0.918032786885246,0.901639344262295,0.885245901639344,0.885245901639344,0.852459016393443,0.852459016393443,0.836065573770492,0,0,0,0,0,0,0,0,2981,3.6242,-0.522813403835629
"982",328,328,1,4.16183283041064,11.2113311788927,12.2225205519503,12.9637707758123,14.1320728732527,15.2012980592977,17.4059216549772,18.2643416367901,20.1007590318792,1,1,1,1,1,1,1,1,0.982456140350877,0.982456140350877,0.964912280701754,0.947368421052632,0.947368421052632,0.912280701754386,0.912280701754386,0.894736842105263,0,0,0,0,0,0,0,0,2982,9.59968,5.43784716958937
"983",328,328,2,5.19285075074213,12.2423490992242,13.2535384722818,13.9947886961438,15.1630907935842,16.2323159796292,18.4369395753087,19.2953595571216,21.1317769522107,1,1,1,1,1,1,1,1,0.918032786885246,0.901639344262295,0.901639344262295,0.885245901639344,0.868852459016393,0.852459016393443,0.836065573770492,0.819672131147541,0,0,0,0,0,0,0,0,2983,3.780071,-1.41277975074213
"984",328,328,3,4.18872703711202,11.238225385594,12.2494147586517,12.9906649825137,14.1589670799541,15.2281922659991,17.4328158616786,18.2912358434914,20.1276532385806,1,1,1,1,1,1,1,1,0.918032786885246,0.918032786885246,0.901639344262295,0.885245901639344,0.885245901639344,0.852459016393443,0.852459016393443,0.836065573770492,0,0,0,0,0,0,0,0,2984,3.578572,-0.61015503711202
"985",329,329,1,4.15553933960056,11.2079519596462,12.2195593596739,12.9611160173192,14.1299010923293,15.1995682974231,17.4051032872949,18.2638781410176,20.1010547133885,1,1,1,1,1,1,1,1,0.918032786885246,0.918032786885246,0.901639344262295,0.885245901639344,0.885245901639344,0.852459016393443,0.852459016393443,0.836065573770492,0,0,0,0,0,0,0,0,2985,3.85327,-0.30226933960056
"986",329,329,2,4.20285360757015,11.2552662276158,12.2668736276435,13.0084302852888,14.1772153602989,15.2468825653927,17.4524175552645,18.3111924089872,20.1483689813581,1,1,1,1,1,1,1,1,0.918032786885246,0.918032786885246,0.901639344262295,0.885245901639344,0.885245901639344,0.852459016393443,0.852459016393443,0.836065573770492,0,0,0,0,0,0,0,0,2986,4.367487,0.164633392429852
"987",329,329,3,4.2914228761215,11.3438354961671,12.3554428961949,13.0969995538401,14.2657846288502,15.3354518339441,17.5409868238159,18.3997616775386,20.2369382499094,1,1,1,1,1,1,1,1,0.918032786885246,0.918032786885246,0.901639344262295,0.885245901639344,0.885245901639344,0.852459016393443,0.852459016393443,0.836065573770492,0,0,0,0,0,0,0,0,2987,3.640751,-0.650671876121496
"988",330,330,1,4.16574926797061,11.2181067288705,12.2297062167974,12.9712570744939,14.140033008067,15.2096918469559,17.4152095866422,18.2739777236156,20.1111399268485,1,1,1,1,1,1,1,1,0.903225806451613,0.903225806451613,0.887096774193548,0.870967741935484,0.870967741935484,0.838709677419355,0.838709677419355,0.82258064516129,0,0,0,0,0,0,0,0,2988,3.073122,-1.09262726797061
"989",330,330,2,4.06781133353366,11.1201687944336,12.1317682823605,12.873319140057,14.04209507363,15.1117539125189,17.3172716522052,18.1760397891787,20.0132019924115,1,1,1,1,1,1,1,1,0.918032786885246,0.918032786885246,0.901639344262295,0.901639344262295,0.885245901639344,0.852459016393443,0.852459016393443,0.836065573770492,0,0,0,0,0,0,0,0,2989,3.764935,-0.302876333533665
"990",330,330,3,4.18717580616743,11.2395332670673,12.2511327549943,12.9926836126908,14.1614595462638,15.2311183851527,17.436636124839,18.2954042618125,20.1325664650453,1,1,1,1,1,1,1,1,0.918032786885246,0.918032786885246,0.901639344262295,0.885245901639344,0.885245901639344,0.852459016393443,0.852459016393443,0.836065573770492,0,0,0,0,0,0,0,0,2990,3.333617,-0.853558806167426
"991",331,331,1,4.10505929582992,11.1434515970881,12.1530479040332,12.8931303341624,14.0595918441418,15.1271325322521,17.3282828802544,18.1853504746512,20.0188747080848,1,1,1,1,1,1,1,1,0.918032786885246,0.918032786885246,0.901639344262295,0.901639344262295,0.885245901639344,0.852459016393443,0.852459016393443,0.836065573770492,0,0,0,0,0,0,0,0,2991,3.75323,-0.351829295829917
"992",331,331,2,4.17750526898967,11.2158975702478,12.225493877193,12.9655763073221,14.1320378173016,15.1995785054118,17.4007288534141,18.2577964478109,20.0913206812445,1,1,1,1,1,1,1,1,0.949152542372881,0.949152542372881,0.932203389830508,0.915254237288136,0.915254237288136,0.88135593220339,0.88135593220339,0.864406779661017,0,0,0,0,0,0,0,0,2992,7.244365,3.06685973101033
"993",331,331,3,4.78024796882757,11.8186402700857,12.8282365770309,13.56831900716,14.7347805171395,15.8023212052497,18.003471553252,18.8605391476488,20.6940633810824,1,1,1,1,1,1,1,1,0.918032786885246,0.901639344262295,0.901639344262295,0.885245901639344,0.868852459016393,0.852459016393443,0.836065573770492,0.819672131147541,0,0,0,0,0,0,0,0,2993,3.841801,-0.938446968827574
"994",332,332,1,4.19443190232792,11.2337553242315,12.2434851923544,12.9836655292214,14.1502813523377,15.2179632671844,17.4194048090339,18.2765857863309,20.1103525797405,1,1,1,1,1,1,1,1,0.949152542372881,0.949152542372881,0.932203389830508,0.915254237288136,0.915254237288136,0.88135593220339,0.88135593220339,0.864406779661017,0,0,0,0,0,0,0,0,2994,7.027967,2.83353509767208
"995",332,332,2,4.74355872766392,11.7828821495675,12.7926120176904,13.5327923545574,14.6994081776737,15.7670900925204,17.9685316343699,18.8257126116669,20.6594794050765,1,1,1,1,1,1,1,1,0.918032786885246,0.901639344262295,0.901639344262295,0.885245901639344,0.868852459016393,0.852459016393443,0.836065573770492,0.819672131147541,0,0,0,0,0,0,0,0,2995,3.588404,-1.15515472766392
"996",332,332,3,4.1507596359866,11.1900830578902,12.1998129260131,12.9399932628801,14.1066090859964,15.1742910008431,17.3757325426926,18.2329135199896,20.0666803133992,1,1,1,1,1,1,1,1,0.918032786885246,0.918032786885246,0.901639344262295,0.885245901639344,0.885245901639344,0.852459016393443,0.852459016393443,0.836065573770492,0,0,0,0,0,0,0,0,2996,3.603323,-0.547436635986601
"997",333,333,1,4.15350434182958,11.1937046940546,12.2035603502234,12.9438328957505,14.1105940511278,15.178408973451,17.3801247619466,18.2374125233683,20.0714077599971,1,1,1,1,1,1,1,1,0.918032786885246,0.918032786885246,0.901639344262295,0.885245901639344,0.885245901639344,0.852459016393443,0.852459016393443,0.836065573770492,0,0,0,0,0,0,0,0,2997,3.839451,-0.314053341829577
"998",333,333,2,4.19417717572982,11.2343775279549,12.2442331841236,12.9845057296508,14.151266885028,15.2190818073512,17.4207975958468,18.2780853572685,20.1120805938973,1,1,1,1,1,1,1,1,0.918032786885246,0.918032786885246,0.901639344262295,0.885245901639344,0.885245901639344,0.852459016393443,0.852459016393443,0.836065573770492,0,0,0,0,0,0,0,0,2998,4.306069,0.111891824270185
"999",333,333,3,4.27455170314232,11.3147520553674,12.3246077115361,13.0648802570633,14.2316414124405,15.2994563347638,17.5011721232593,18.358459884681,20.1924551213098,1,1,1,1,1,1,1,1,0.918032786885246,0.918032786885246,0.901639344262295,0.885245901639344,0.885245901639344,0.852459016393443,0.852459016393443,0.836065573770492,0,0,0,0,0,0,0,0,2999,3.977033,-0.297518703142325
