"","train_iter","test_iter","predict_iter","expected","Quantile_0.95","Quantile_0.97","Quantile_0.98","Quantile_0.99","Quantile_0.995","Quantile_0.999","Quantile_0.9995","Quantile_0.9999","score_pred_1_0.95","score_pred_1_0.97","score_pred_1_0.98","score_pred_1_0.99","score_pred_1_0.995","score_pred_1_0.999","score_pred_1_0.9995","score_pred_1_0.9999","score_pred_2_0.95","score_pred_2_0.97","score_pred_2_0.98","score_pred_2_0.99","score_pred_2_0.995","score_pred_2_0.999","score_pred_2_0.9995","score_pred_2_0.9999","adjustment_0.95","adjustment_0.97","adjustment_0.98","adjustment_0.99","adjustment_0.995","adjustment_0.999","adjustment_0.9995","adjustment_0.9999","time","actual","residuals"
"1",1,1,1,6.24674326533236,22.2507421166266,24.5463768930133,26.2291870937936,28.8815042518544,31.3088938054563,36.3139015022648,38.2627142721577,42.431808359233,1,1,1,1,1,1,1,1,0.790322580645161,0.774193548387097,0.758064516129032,0.725806451612903,0.693548387096774,0.645161290322581,0.629032258064516,0.580645161290323,0,0,0,0,0,0,0,0,2001,2.950272,-3.29647126533236
"2",1,1,2,6.26462905646722,22.2686279077615,24.5642626841482,26.2470728849284,28.8993900429893,31.3267795965912,36.3317872933996,38.2806000632926,42.4496941503678,1,1,1,1,1,1,1,1,0.790322580645161,0.774193548387097,0.758064516129032,0.725806451612903,0.693548387096774,0.645161290322581,0.629032258064516,0.580645161290323,0,0,0,0,0,0,0,0,2002,2.730336,-3.53429305646722
"3",1,1,3,6.27980302271896,22.2838018740132,24.5794366504,26.2622468511802,28.914564009241,31.3419535628429,36.3469612596514,38.2957740295443,42.4648681166196,1,1,1,1,1,1,1,1,0.790322580645161,0.774193548387097,0.758064516129032,0.725806451612903,0.693548387096774,0.645161290322581,0.629032258064516,0.580645161290323,0,0,0,0,0,0,0,0,2003,3.018087,-3.26171602271896
"4",2,2,1,6.25248412194937,22.2522627856858,24.5472922127838,26.2296586635527,28.8812764166727,31.3080258778023,36.3117137750153,38.260012651132,42.4280073655344,1,1,1,1,1,1,1,1,0.790322580645161,0.774193548387097,0.758064516129032,0.725806451612903,0.693548387096774,0.645161290322581,0.629032258064516,0.580645161290323,0,0,0,0,0,0,0,0,2004,2.702592,-3.54989212194937
"5",2,2,2,6.27423248686763,22.274011150604,24.5690405777021,26.251407028471,28.903024781591,31.3297742427205,36.3334621399335,38.2817610160503,42.4497557304527,0,0,0,0,1,1,1,1,0,0,0,0,0.977272727272727,0.909090909090909,0.886363636363636,0.818181818181818,0,0,0,0,0,0,0,0,2005,30.918493,24.6442605131324
"6",2,2,3,4.3291946528433,20.3289733165797,22.6240027436777,24.3063691944467,26.9579869475666,29.3847364086962,34.3884243059092,36.3367231820259,40.5047178964284,1,1,1,1,1,1,1,1,0.806451612903226,0.790322580645161,0.774193548387097,0.741935483870968,0.725806451612903,0.661290322580645,0.645161290322581,0.612903225806452,1,1,1,1,0,0,0,0,2006,2.884664,-1.4445306528433
"7",3,3,1,6.26094614339478,22.2573718106165,24.5519202794568,26.2339341647956,28.8849962311607,31.3112371300997,36.313876428552,38.2617670090617,42.4288882568966,1,1,1,1,1,1,1,1,0.790322580645161,0.774193548387097,0.758064516129032,0.725806451612903,0.693548387096774,0.645161290322581,0.629032258064516,0.580645161290323,1,1,1,1,0,0,0,0,2007,2.565781,-3.69516514339478
"8",3,3,2,6.28293016490055,22.2793558321223,24.5739043009626,26.2559181863014,28.9069802526665,31.3332211516055,36.3358604500577,38.2837510305675,42.4508722784024,1,1,1,1,1,1,1,1,0.790322580645161,0.774193548387097,0.758064516129032,0.725806451612903,0.693548387096774,0.645161290322581,0.629032258064516,0.580645161290323,0,0,0,0,0,0,0,0,2008,2.70255,-3.58038016490055
"9",3,3,3,6.27350121247185,22.2699268796935,24.5644753485339,26.2464892338727,28.8975513002378,31.3237921991768,36.326431497629,38.2743220781388,42.4414433259737,1,1,1,1,1,1,1,1,0.790322580645161,0.774193548387097,0.758064516129032,0.725806451612903,0.693548387096774,0.645161290322581,0.629032258064516,0.580645161290323,0,0,0,0,0,0,0,0,2009,2.88681,-3.38669121247185
"10",4,4,1,6.26000430543966,22.2564836496367,24.5510398179734,26.2330593474117,28.8841303095761,31.3103793499135,36.3130354350249,38.2609325517995,42.4280677826621,1,1,1,1,1,1,1,1,0.790322580645161,0.774193548387097,0.758064516129032,0.725806451612903,0.693548387096774,0.645161290322581,0.629032258064516,0.580645161290323,0,0,0,0,0,0,0,0,2010,2.620346,-3.63965830543966
"11",4,4,2,6.27828199619406,22.2747613403911,24.5693175087278,26.2513370381661,28.9024080003305,31.3286570406679,36.3313131257793,38.2792102425539,42.4463454734165,1,1,1,1,1,1,1,1,0.790322580645161,0.774193548387097,0.758064516129032,0.725806451612903,0.693548387096774,0.645161290322581,0.629032258064516,0.580645161290323,0,0,0,0,0,0,0,0,2011,2.306579,-3.97170299619406
"12",4,4,3,6.29980436392455,22.2962837081216,24.5908398764583,26.2728594058966,28.923930368061,31.3501794083984,36.3528354935098,38.3007326102843,42.467867841147,1,1,1,1,1,1,1,1,0.790322580645161,0.774193548387097,0.758064516129032,0.725806451612903,0.693548387096774,0.645161290322581,0.629032258064516,0.580645161290323,0,0,0,0,0,0,0,0,2012,2.905844,-3.39396036392455
"13",5,5,1,6.25203305857044,22.2432445544415,24.5370450956424,26.2185107142125,28.8687086442909,31.29415868932,36.2951673348345,38.2424229837995,42.4081859229298,1,1,1,1,1,1,1,1,0.790322580645161,0.774193548387097,0.758064516129032,0.725806451612903,0.693548387096774,0.645161290322581,0.629032258064516,0.580645161290323,0,0,0,0,0,0,0,0,2013,2.630629,-3.62140405857044
"14",5,5,2,6.27077673749093,22.261988233362,24.5557887745629,26.237254393133,28.8874523232114,31.3129023682405,36.313911013755,38.26116666272,42.4269296018503,1,1,1,1,1,1,1,1,0.790322580645161,0.774193548387097,0.758064516129032,0.725806451612903,0.693548387096774,0.645161290322581,0.629032258064516,0.580645161290323,0,0,0,0,0,0,0,0,2014,2.603835,-3.66694173749093
"15",5,5,3,6.27260155856898,22.2638130544401,24.5576135956409,26.239079214211,28.8892771442895,31.3147271893185,36.315735834833,38.262991483798,42.4287544229284,1,1,1,1,1,1,1,1,0.790322580645161,0.774193548387097,0.758064516129032,0.725806451612903,0.693548387096774,0.645161290322581,0.629032258064516,0.580645161290323,0,0,0,0,0,0,0,0,2015,2.959158,-3.31344355856898
"16",6,6,1,6.24358591312276,22.2346065644186,24.528379730621,26.2098252820066,28.8599915837185,31.285412682599,36.2863616443697,38.2335940541212,42.3993072776151,1,1,1,1,1,1,1,1,0.790322580645161,0.774193548387097,0.758064516129032,0.725806451612903,0.693548387096774,0.645161290322581,0.629032258064516,0.580645161290323,0,0,0,0,0,0,0,0,2016,2.522146,-3.72143991312276
"17",6,6,2,6.27348095963898,22.2645016109348,24.5582747771373,26.2397203285228,28.8898866302348,31.3153077291152,36.3162566908859,38.2634891006375,42.4292023241313,1,1,1,1,1,1,1,1,0.98,0.96,0.94,0.9,0.86,0.8,0.78,0.72,0,0,0,0,0,0,0,0,2017,21.081778,14.808297040361
"18",6,6,3,5.00385664276909,20.9948772940649,23.2886504602674,24.9700960116529,27.6202623133649,30.0456834122454,35.046632374016,36.9938647837676,41.1595780072614,1,1,1,1,1,1,1,1,0.806451612903226,0.790322580645161,0.774193548387097,0.741935483870968,0.709677419354839,0.661290322580645,0.645161290322581,0.596774193548387,0,0,0,0,0,0,0,0,2018,2.836746,-2.16711064276909
"19",7,7,1,6.25138956475926,22.2240109146202,24.5151448606734,26.1946557373299,28.8417727522139,31.2644031565616,36.2595980161135,38.2045899362271,42.3655100814702,1,1,1,1,1,1,1,1,0.790322580645161,0.774193548387097,0.758064516129032,0.725806451612903,0.693548387096774,0.645161290322581,0.629032258064516,0.580645161290323,0,0,0,0,0,0,0,0,2019,2.718074,-3.53331556475926
"20",7,7,2,6.2594662025363,22.2320875523972,24.5232214984505,26.2027323751069,28.8498493899909,31.2724797943386,36.2676746538906,38.2126665740041,42.3735867192472,1,1,1,1,1,1,1,1,0.790322580645161,0.774193548387097,0.758064516129032,0.725806451612903,0.693548387096774,0.645161290322581,0.629032258064516,0.580645161290323,0,0,0,0,0,0,0,0,2020,2.277018,-3.9824482025363
"21",7,7,3,6.28948381032404,22.2621051601849,24.5532391062382,26.2327499828947,28.8798669977786,31.3024974021263,36.2976922616783,38.2426841817918,42.4036043270349,1,1,1,1,1,1,1,1,0.790322580645161,0.774193548387097,0.758064516129032,0.725806451612903,0.693548387096774,0.645161290322581,0.629032258064516,0.580645161290323,0,0,0,0,0,0,0,0,2021,2.684064,-3.60541981032405
"22",8,8,1,6.2619942518809,22.2344742188408,24.5255878847437,26.2050838950789,28.8521774788006,31.2747864390468,36.2699370832427,38.2149117871088,42.3757951016435,1,1,1,1,1,1,1,1,0.790322580645161,0.774193548387097,0.758064516129032,0.725806451612903,0.693548387096774,0.645161290322581,0.629032258064516,0.580645161290323,0,0,0,0,0,0,0,0,2022,2.284527,-3.9774672518809
"23",8,8,2,6.28918720404812,22.2616671710081,24.5527808369109,26.2322768472461,28.8793704309678,31.301979391214,36.2971300354099,38.2421047392761,42.4029880538107,1,1,1,1,1,1,1,1,0.790322580645161,0.774193548387097,0.758064516129032,0.725806451612903,0.693548387096774,0.645161290322581,0.629032258064516,0.580645161290323,0,0,0,0,0,0,0,0,2023,2.31417,-3.97501720404812
"24",8,8,3,6.28716966704631,22.2596496340063,24.5507632999091,26.2302593102443,28.877352893966,31.2999618542122,36.2951124984081,38.2400872022743,42.4009705168089,1,1,1,1,1,1,1,1,0.790322580645161,0.774193548387097,0.758064516129032,0.725806451612903,0.693548387096774,0.645161290322581,0.629032258064516,0.580645161290323,0,0,0,0,0,0,0,0,2024,2.621922,-3.66524766704631
"25",9,9,1,6.26593600194877,22.2385824722908,24.5297200216591,26.209233539718,28.8563547177792,31.2789889322492,36.2741916478503,38.219186626894,42.3801133161046,1,1,1,1,1,1,1,1,0.790322580645161,0.774193548387097,0.758064516129032,0.725806451612903,0.693548387096774,0.645161290322581,0.629032258064516,0.580645161290323,0,0,0,0,0,0,0,0,2025,2.473791,-3.79214500194877
"26",9,9,2,6.27601744641261,22.2486639167546,24.5398014661229,26.2193149841818,28.866436162243,31.289070376713,36.2842730923141,38.2292680713578,42.3901947605684,1,1,1,1,1,1,1,1,0.790322580645161,0.774193548387097,0.758064516129032,0.725806451612903,0.693548387096774,0.645161290322581,0.629032258064516,0.580645161290323,0,0,0,0,0,0,0,0,2026,3.047416,-3.2286014464126
"27",9,9,3,6.23697788966509,22.2096243600071,24.5007619093754,26.1802754274343,28.8273966054955,31.2500308199655,36.2452335355666,38.1902285146103,42.3511552038209,1,1,1,1,1,1,1,1,0.790322580645161,0.774193548387097,0.758064516129032,0.725806451612903,0.693548387096774,0.645161290322581,0.629032258064516,0.580645161290323,0,0,0,0,0,0,0,0,2027,3.0157,-3.22127788966509
"28",10,10,1,6.23949873746678,22.211955702927,24.5030660694643,26.1825596612066,28.8296494329265,31.2522549044446,36.2473983552706,38.1923702582358,42.3532475808044,1,1,1,1,1,1,1,1,0.816666666666667,0.8,0.783333333333333,0.75,0.716666666666667,0.666666666666667,0.65,0.6,0,0,0,0,0,0,0,0,2028,4.794467,-1.44503173746678
"29",10,10,2,6.11843221251039,22.0908891779706,24.3819995445079,26.0614931362502,28.7085829079701,31.1311883794882,36.1263318303142,38.0713037332794,42.2321810558481,0,0,0,0,1,1,1,1,0,0,0,0,1,0.909090909090909,0.886363636363636,0.818181818181818,0,0,0,0,0,0,0,0,2029,30.714897,24.5964647874896
"30",10,10,3,4.35423466135532,20.3266916268156,22.6178019933528,24.2972955850951,26.944385356815,29.3669908283331,34.3621342791592,36.3071061821243,40.467983504693,1,1,1,1,1,1,1,1,0.819672131147541,0.80327868852459,0.786885245901639,0.754098360655738,0.737704918032787,0.688524590163934,0.655737704918033,0.622950819672131,1,1,1,1,0,0,0,0,2030,3.32794,-1.02629466135531
"31",11,11,1,6.21392906995754,22.1816954449514,24.4721329869842,26.1511333661514,28.7974457738081,31.2193398049915,36.2130163448533,38.1574170729087,42.3170724813071,1,1,1,1,1,1,1,1,0.790322580645161,0.774193548387097,0.758064516129032,0.725806451612903,0.709677419354839,0.645161290322581,0.629032258064516,0.580645161290323,1,1,1,1,0,0,0,0,2031,2.495634,-3.71829506995754
"32",11,11,2,6.27027572084903,22.2380420958429,24.5284796378757,26.2074800170429,28.8537924246996,31.275686455883,36.2693629957448,38.2137637238002,42.3734191321985,1,1,1,1,1,1,1,1,0.80327868852459,0.786885245901639,0.770491803278688,0.737704918032787,0.704918032786885,0.655737704918033,0.639344262295082,0.590163934426229,0,0,0,0,0,0,0,0,2032,3.146048,-3.12422772084903
"33",11,11,3,6.22624305666911,22.1940094316629,24.4844469736957,26.163447352863,28.8097597605196,31.2316537917031,36.2253303315649,38.1697310596203,42.3293864680186,1,1,1,1,1,1,1,1,0.80327868852459,0.786885245901639,0.770491803278688,0.737704918032787,0.721311475409836,0.655737704918033,0.639344262295082,0.590163934426229,0,0,0,0,0,0,0,0,2033,3.298382,-2.92786105666911
"34",12,12,1,6.21781491044193,22.1852781064061,24.4756721600376,26.1546406601246,28.8009028224051,31.2227508692307,36.2163325944533,38.1606964042879,42.3202728335566,1,1,1,1,1,1,1,1,0.790322580645161,0.774193548387097,0.758064516129032,0.725806451612903,0.709677419354839,0.645161290322581,0.629032258064516,0.580645161290323,0,0,0,0,0,0,0,0,2034,2.387041,-3.83077391044193
"35",12,12,2,6.27941400166884,22.246877197633,24.5372712512646,26.2162397513516,28.862501913632,31.2843499604577,36.2779316856802,38.2222954955148,42.3818719247835,1,1,1,1,1,1,1,1,0.790322580645161,0.774193548387097,0.758064516129032,0.725806451612903,0.693548387096774,0.645161290322581,0.629032258064516,0.580645161290323,0,0,0,0,0,0,0,0,2035,2.870344,-3.40907000166884
"36",12,12,3,6.24674672829121,22.2142099242554,24.5046039778869,26.1835724779739,28.8298346402544,31.25168268708,36.2452644123026,38.1896282221372,42.3492046514059,1,1,1,1,1,1,1,1,0.790322580645161,0.774193548387097,0.758064516129032,0.725806451612903,0.693548387096774,0.645161290322581,0.629032258064516,0.580645161290323,0,0,0,0,0,0,0,0,2036,2.769349,-3.47739772829121
"37",13,13,1,6.2537020602317,22.221081746119,24.5114638209546,26.1904235400107,28.8366718622996,31.2585072428229,36.2520628515366,38.1964164923187,42.355971166939,1,1,1,1,1,1,1,1,1,0.979591836734694,0.959183673469388,0.918367346938776,0.877551020408163,0.816326530612245,0.795918367346939,0.73469387755102,0,0,0,0,0,0,0,0,2037,21.907474,15.6537719397683
"38",13,13,2,4.9600931876375,20.9274728735248,23.2178549483605,24.8968146674165,27.5430629897054,29.9648983702287,34.9584539789424,36.9028076197245,41.0623622943448,1,1,1,1,1,1,1,1,0.806451612903226,0.790322580645161,0.774193548387097,0.741935483870968,0.709677419354839,0.661290322580645,0.645161290322581,0.596774193548387,0,0,0,0,0,0,0,0,2038,2.789813,-2.1702801876375
"39",13,13,3,6.25231883110299,22.2196985169903,24.5100805918259,26.189040310882,28.8352886331709,31.2571240136942,36.2506796224079,38.19503326319,42.3545879378103,1,1,1,1,1,1,1,1,0.790322580645161,0.774193548387097,0.758064516129032,0.725806451612903,0.693548387096774,0.645161290322581,0.629032258064516,0.580645161290323,0,0,0,0,0,0,0,0,2039,2.93488,-3.31743883110299
"40",14,14,1,6.25734679374218,22.2339011219721,24.5255992196478,26.2055236464539,28.8532924675587,31.2765194022297,36.2729442410631,38.2184150813853,42.3803597803675,1,1,1,1,1,1,1,1,0.790322580645161,0.774193548387097,0.758064516129032,0.725806451612903,0.693548387096774,0.645161290322581,0.629032258064516,0.580645161290323,0,0,0,0,0,0,0,0,2040,2.442903,-3.81444379374218
"41",14,14,2,6.29091913472838,22.2674734629583,24.559171560634,26.2390959874401,28.8868648085449,31.3100917432159,36.3065165820493,38.2519874223715,42.4139321213537,0,0,0,1,1,1,1,1,0,0,0,1,0.955555555555556,0.888888888888889,0.866666666666667,0.8,0,0,0,0,0,0,0,0,2041,29.322673,23.0317538652716
"42",14,14,3,4.45665289043101,20.4332072186609,22.7249053163367,24.4048297431427,27.0525985642476,29.4758254989185,34.472250337752,36.4177211780741,40.5796658770563,1,1,1,1,1,1,1,1,0.819672131147541,0.80327868852459,0.786885245901639,0.754098360655738,0.737704918032787,0.672131147540984,0.655737704918033,0.622950819672131,1,1,1,0,0,0,0,0,2042,3.272272,-1.18438089043101
"43",15,15,1,6.237464894597,22.2304331783248,24.524485715501,26.2061360591859,28.8566251389088,31.282341642873,36.2838996971213,38.2313692707835,42.3975898589011,1,1,1,1,1,1,1,1,0.790322580645161,0.774193548387097,0.758064516129032,0.725806451612903,0.693548387096774,0.645161290322581,0.629032258064516,0.580645161290323,1,1,1,0,0,0,0,0,2043,2.514155,-3.723309894597
"44",15,15,2,6.28950826802207,22.2824765517499,24.576529088926,26.258179432611,28.9086685123339,31.334385016298,36.3359430705463,38.2834126442086,42.4496332323262,1,1,1,1,1,1,1,1,0.790322580645161,0.774193548387097,0.758064516129032,0.725806451612903,0.693548387096774,0.645161290322581,0.629032258064516,0.580645161290323,0,0,0,0,0,0,0,0,2044,3.06743,-3.22207826802207
"45",15,15,3,6.25152693079872,22.2444952145266,24.5385477517027,26.2201980953876,28.8706871751105,31.2964036790747,36.297961733323,38.2454313069853,42.4116518951029,1,1,1,1,1,1,1,1,0.790322580645161,0.774193548387097,0.758064516129032,0.725806451612903,0.693548387096774,0.645161290322581,0.629032258064516,0.580645161290323,0,0,0,0,0,0,0,0,2045,3.008304,-3.24322293079872
"46",16,16,1,6.25803068072879,22.2506286787429,24.5446281016461,26.2262395100261,28.8766672228893,31.3023275641605,36.3037698171728,38.2511943010089,42.417318428486,1,1,1,1,1,1,1,1,0.80327868852459,0.786885245901639,0.770491803278688,0.737704918032787,0.704918032786885,0.655737704918033,0.639344262295082,0.590163934426229,0,0,0,0,0,0,0,0,2046,3.866732,-2.39129868072879
"47",16,16,2,6.19900392627738,22.1916019242915,24.4856013471947,26.1672127555747,28.8176404684379,31.2433008097091,36.2447430627214,38.1921675465575,42.3582916740346,1,1,1,1,1,1,1,1,0.816666666666667,0.8,0.783333333333333,0.75,0.733333333333333,0.666666666666667,0.65,0.6,0,0,0,0,0,0,0,0,2047,4.82878,-1.37022392627738
"48",16,16,3,6.13285211032257,22.1254501083366,24.4194495312399,26.1010609396199,28.7514886524831,31.1771489937543,36.1785912467666,38.1260157306026,42.2921398580797,1,1,1,1,1,1,1,1,0.790322580645161,0.774193548387097,0.758064516129032,0.725806451612903,0.709677419354839,0.645161290322581,0.629032258064516,0.580645161290323,0,0,0,0,0,0,0,0,2048,3.124605,-3.00824711032257
"49",17,17,1,6.24481544868786,22.2353827891275,24.5290909318207,26.2104888178609,28.8605799930889,31.285932336526,36.2867395322077,38.2339167421312,42.3995118766632,1,1,1,1,1,1,1,1,0.80327868852459,0.786885245901639,0.770491803278688,0.737704918032787,0.704918032786885,0.655737704918033,0.639344262295082,0.590163934426229,0,0,0,0,0,0,0,0,2049,3.651138,-2.59367744868786
"50",17,17,2,6.20867393227784,22.1992412727175,24.4929494154107,26.1743473014509,28.8244384766789,31.249790820116,36.2505980157977,38.1977752257212,42.3633703602531,1,1,1,1,1,1,1,1,0.790322580645161,0.774193548387097,0.758064516129032,0.725806451612903,0.709677419354839,0.645161290322581,0.629032258064516,0.580645161290323,0,0,0,0,0,0,0,0,2050,2.963733,-3.24494093227784
"51",17,17,3,6.25585779176591,22.2464251322055,24.5401332748988,26.2215311609389,28.871622336167,31.2969746796041,36.2977818752858,38.2449590852093,42.4105542197412,1,1,1,1,1,1,1,1,0.790322580645161,0.774193548387097,0.758064516129032,0.725806451612903,0.693548387096774,0.645161290322581,0.629032258064516,0.580645161290323,0,0,0,0,0,0,0,0,2051,3.06888,-3.18697779176591
"52",18,18,1,6.2512320215498,22.2414657082426,24.5351259912008,26.2164887937638,28.8665246730895,31.2918264099484,36.2925292604857,38.2396658412709,42.4051740579097,1,1,1,1,1,1,1,1,0.790322580645161,0.774193548387097,0.758064516129032,0.725806451612903,0.693548387096774,0.645161290322581,0.629032258064516,0.580645161290323,0,0,0,0,0,0,0,0,2052,2.567656,-3.6835760215498
"53",18,18,2,6.28551232455851,22.2757460112513,24.5694062942096,26.2507690967725,28.9008049760982,31.3261067129571,36.3268095634945,38.2739461442796,42.4394543609184,0,0,0,0,1,1,1,1,0,0,0,0,0.977272727272727,0.909090909090909,0.886363636363636,0.818181818181818,0,0,0,0,0,0,0,0,2053,30.301251,24.0157386754415
"54",18,18,3,4.38872358315561,20.3789572698484,22.6726175528067,24.3539803553696,27.0040162346953,29.4293179715542,34.4300208220916,36.3771574028767,40.5426656195155,1,1,1,1,1,1,1,1,0.806451612903226,0.790322580645161,0.774193548387097,0.741935483870968,0.725806451612903,0.661290322580645,0.645161290322581,0.612903225806452,1,1,1,1,0,0,0,0,2054,2.922381,-1.46634258315561
"55",19,19,1,6.25980722234282,22.2446276623674,24.5375114620592,26.2183050652116,28.8674438158164,31.2919245042276,36.2909344440436,38.2374118518101,42.4015098999724,1,1,1,1,1,1,1,1,0.80327868852459,0.786885245901639,0.770491803278688,0.737704918032787,0.704918032786885,0.655737704918033,0.639344262295082,0.590163934426229,1,1,1,1,0,0,0,0,2055,4.67962,-1.58018722234282
"56",19,19,2,6.13961056111862,22.1244310011432,24.417314800835,26.0981084039874,28.7472471545922,31.1717278430034,36.1707377828194,38.1172151905859,42.2813132387482,1,1,1,1,1,1,1,1,0.790322580645161,0.774193548387097,0.758064516129032,0.725806451612903,0.709677419354839,0.645161290322581,0.629032258064516,0.580645161290323,0,0,0,0,0,0,0,0,2056,3.034184,-3.10542656111862
"57",19,19,3,6.25215980083963,22.2369802408642,24.529864040556,26.2106576437084,28.8597963943132,31.2842770827244,36.2832870225404,38.2297644303069,42.3938624784693,1,1,1,1,1,1,1,1,0.790322580645161,0.774193548387097,0.758064516129032,0.725806451612903,0.693548387096774,0.645161290322581,0.629032258064516,0.580645161290323,0,0,0,0,0,0,0,0,2057,2.947129,-3.30503080083963
"58",20,20,1,6.25920275654374,22.2435498039491,24.536365699577,26.2171095257995,28.866169821802,31.2905787088897,36.2894406023502,38.235860364925,42.3998350927605,1,1,1,1,1,1,1,1,0.80327868852459,0.786885245901639,0.770491803278688,0.737704918032787,0.704918032786885,0.655737704918033,0.639344262295082,0.590163934426229,0,0,0,0,0,0,0,0,2058,3.622816,-2.63638675654374
"59",20,20,2,6.21297656077498,22.1973236081803,24.4901395038082,26.1708833300308,28.8199436260332,31.2443525131209,36.2432144065815,38.1896341691563,42.3536088969917,1,1,1,1,1,1,1,1,0.790322580645161,0.774193548387097,0.758064516129032,0.725806451612903,0.709677419354839,0.645161290322581,0.629032258064516,0.580645161290323,0,0,0,0,0,0,0,0,2059,2.889204,-3.32377256077498
"60",20,20,3,6.26316561566328,22.2475126630686,24.5403285586965,26.2210723849191,28.8701326809215,31.2945415680092,36.2934034614698,38.2398232240446,42.4037979518801,1,1,1,1,1,1,1,1,0.790322580645161,0.774193548387097,0.758064516129032,0.725806451612903,0.693548387096774,0.645161290322581,0.629032258064516,0.580645161290323,0,0,0,0,0,0,0,0,2060,2.878959,-3.38420661566328
"61",21,21,1,6.26319566245606,22.2472390659247,24.5400114064644,26.220723304722,28.8697332782999,31.2940961105156,36.2928630439443,38.2392458316863,42.4031414592823,1,1,1,1,1,1,1,1,0.790322580645161,0.774193548387097,0.758064516129032,0.725806451612903,0.693548387096774,0.645161290322581,0.629032258064516,0.580645161290323,0,0,0,0,0,0,0,0,2061,2.314741,-3.94845466245606
"62",21,21,2,6.30194182087262,22.2859852243412,24.578757564881,26.2594694631386,28.9084794367165,31.3328422689321,36.3316092023608,38.2779919901028,42.4418876176989,1,1,1,1,1,1,1,1,0.790322580645161,0.774193548387097,0.758064516129032,0.725806451612903,0.693548387096774,0.645161290322581,0.629032258064516,0.580645161290323,0,0,0,0,0,0,0,0,2062,3.011397,-3.29054482087262
"63",21,21,3,6.2541008378876,22.2381442413562,24.5309165818959,26.2116284801535,28.8606384537315,31.2850012859471,36.2837682193758,38.2301510071178,42.3940466347139,1,1,1,1,1,1,1,1,0.790322580645161,0.774193548387097,0.758064516129032,0.725806451612903,0.693548387096774,0.645161290322581,0.629032258064516,0.580645161290323,0,0,0,0,0,0,0,0,2063,2.810332,-3.4437688378876
"64",22,22,1,6.24119212818435,22.1530614039678,24.4354809921105,26.1086038271952,28.7456524979134,31.1590683958527,36.1352639664657,38.0728580843887,42.2179521154732,1,1,1,1,1,1,1,1,0.790322580645161,0.774193548387097,0.758064516129032,0.725806451612903,0.709677419354839,0.645161290322581,0.629032258064516,0.580645161290323,0,0,0,0,0,0,0,0,2064,2.304863,-3.93632912818435
"65",22,22,2,6.2754877245554,22.1873570003388,24.4697765884816,26.1428994235663,28.7799480942845,31.1933639922238,36.1695595628368,38.1071536807597,42.2522477118443,0,0,0,0,0,1,1,1,0,0,0,0,0,0.930232558139535,0.906976744186046,0.837209302325581,0,0,0,0,0,0,0,0,2065,31.252134,24.9766462754446
"66",22,22,3,4.31144260554806,20.2233118813315,22.5057314694742,24.1788543045589,26.8159029752771,29.2293188732164,34.2055144438294,36.1431085617524,40.2882025928369,1,1,1,1,1,1,1,1,0.82258064516129,0.790322580645161,0.774193548387097,0.741935483870968,0.725806451612903,0.67741935483871,0.645161290322581,0.612903225806452,1,1,1,1,1,0,0,0,2066,2.717366,-1.59407660554806
"67",23,23,1,6.24607816733286,22.1549279173448,24.4369143807146,26.1097197146037,28.7462679641405,31.1592258787106,36.1344771384756,38.0717035676455,42.2160110023827,1,1,1,1,1,1,1,1,0.790322580645161,0.774193548387097,0.758064516129032,0.725806451612903,0.709677419354839,0.645161290322581,0.629032258064516,0.580645161290323,1,1,1,1,1,0,0,0,2067,2.238019,-4.00805916733286
"68",23,23,2,6.2786489553671,22.1874987053791,24.4694851687489,26.142290502638,28.7788387521747,31.1917966667449,36.1670479265098,38.1042743556797,42.2485817904169,1,1,1,1,1,1,1,1,0.80327868852459,0.786885245901639,0.770491803278688,0.737704918032787,0.721311475409836,0.655737704918033,0.639344262295082,0.590163934426229,0,0,0,0,0,0,0,0,2068,3.675684,-2.6029649553671
"69",23,23,3,6.18096213980499,22.089811889817,24.3717983531867,26.0446036870759,28.6811519366126,31.0941098511827,36.0693611109477,38.0065875401176,42.1508949748548,1,1,1,1,1,1,1,1,0.790322580645161,0.774193548387097,0.758064516129032,0.725806451612903,0.709677419354839,0.645161290322581,0.629032258064516,0.596774193548387,0,0,0,0,0,0,0,0,2069,2.643741,-3.53722113980499
"70",24,24,1,6.25465465706788,22.1636886224866,24.4457015099582,26.118526213979,28.7551049932408,31.1680908484873,36.1433997188244,38.0806485799714,42.2250040034251,1,1,1,1,1,1,1,1,0.790322580645161,0.774193548387097,0.758064516129032,0.725806451612903,0.709677419354839,0.645161290322581,0.629032258064516,0.580645161290323,0,0,0,0,0,0,0,0,2070,2.725773,-3.52888165706788
"71",24,24,2,6.24907165719446,22.1581056226132,24.4401185100847,26.1129432141056,28.7495219933673,31.1625078486139,36.1378167189509,38.075065580098,42.2194210035516,1,1,1,1,1,1,1,1,0.80327868852459,0.786885245901639,0.770491803278688,0.737704918032787,0.721311475409836,0.655737704918033,0.639344262295082,0.590163934426229,0,0,0,0,0,0,0,0,2071,3.414247,-2.83482465719446
"72",24,24,3,6.20221493963476,22.1112489050535,24.393261792525,26.0660864965459,28.7026652758076,31.1156511310542,36.0909600013912,38.0282088625383,42.1725642859919,1,1,1,1,1,1,1,1,0.790322580645161,0.774193548387097,0.758064516129032,0.725806451612903,0.709677419354839,0.645161290322581,0.629032258064516,0.596774193548387,0,0,0,0,0,0,0,0,2072,2.500914,-3.70130093963476
"73",25,25,1,6.2480685630233,22.1466155140077,24.4271241302492,26.0988461314375,28.7336869145535,31.1450821630071,36.1171113787748,38.0530832323541,42.1947067542201,1,1,1,1,1,1,1,1,0.790322580645161,0.774193548387097,0.758064516129032,0.725806451612903,0.709677419354839,0.645161290322581,0.629032258064516,0.580645161290323,0,0,0,0,0,0,0,0,2073,2.583698,-3.6643705630233
"74",25,25,2,6.24248763244614,22.1410345834305,24.4215431996721,26.0932652008603,28.7281059839763,31.13950123243,36.1115304481976,38.0475023017769,42.189125823643,1,1,1,1,1,1,1,1,0.80327868852459,0.786885245901639,0.770491803278688,0.737704918032787,0.721311475409836,0.655737704918033,0.639344262295082,0.590163934426229,0,0,0,0,0,0,0,0,2074,3.653473,-2.58901463244614
"75",25,25,3,6.17036814065813,22.0689150916425,24.3494237078841,26.0211457090723,28.6559864921883,31.067381740642,36.0394109564096,37.9753828099889,42.117006331855,1,1,1,1,1,1,1,1,0.790322580645161,0.774193548387097,0.758064516129032,0.725806451612903,0.709677419354839,0.645161290322581,0.629032258064516,0.596774193548387,0,0,0,0,0,0,0,0,2075,2.839408,-3.33096014065813
"76",26,26,1,6.22545429886752,22.1239039612414,24.4043986222759,26.0761103936292,28.7109350532592,31.1223155455661,36.0943143357976,38.0302743425074,42.1718725203719,1,1,1,1,1,1,1,1,0.790322580645161,0.774193548387097,0.758064516129032,0.725806451612903,0.709677419354839,0.645161290322581,0.629032258064516,0.596774193548387,0,0,0,0,0,0,0,0,2076,2.883085,-3.34236929886752
"77",26,26,2,6.22250968287631,22.1209593452501,24.4014540062847,26.073165777638,28.707990437268,31.1193709295748,36.0913697198064,38.0273297265162,42.1689279043807,1,1,1,1,1,1,1,1,0.98,0.96,0.94,0.9,0.88,0.8,0.78,0.74,0,0,0,0,0,0,0,0,2077,20.39859,14.1760803171237
"78",26,26,3,5.04164936469467,20.9400990270685,23.220593688103,24.8923054594564,27.5271301190864,29.9385106113932,34.9105094016248,36.8464694083345,40.9880675861991,0,0,0,0,0,0,0,0,0,0,0,0,0,0,0,0,0,0,0,0,0,0,0,0,2078,47.937649,42.8959996353053
"79",27,27,1,3.35620285372908,19.3250204803411,21.6156088152974,23.2947197328972,25.9412063628048,28.3632598414625,33.3572651443097,35.3017938836577,39.4617231465436,1,1,1,1,1,1,1,1,0.836065573770492,0.819672131147541,0.80327868852459,0.770491803278688,0.737704918032787,0.688524590163934,0.672131147540984,0.622950819672131,1,1,1,1,1,1,1,1,2079,3.275402,-0.0808008537290843
"80",27,27,2,6.20775846542189,22.1765760920339,24.4671644269902,26.14627534459,28.7927619744976,31.2148154531553,36.2088207560025,38.1533494953505,42.3132787582364,1,1,1,1,1,1,1,1,0.80327868852459,0.786885245901639,0.770491803278688,0.737704918032787,0.721311475409836,0.655737704918033,0.639344262295082,0.590163934426229,1,1,1,1,1,1,1,1,2080,3.63801,-2.56974846542189
"81",27,27,3,6.1846069908164,22.1534246174285,24.4440129523847,26.1231238699845,28.7696104998921,31.1916639785499,36.185669281397,38.130198020745,42.2901272836309,1,1,1,1,1,1,1,1,0.790322580645161,0.774193548387097,0.758064516129032,0.725806451612903,0.709677419354839,0.645161290322581,0.629032258064516,0.580645161290323,0,0,0,0,0,0,0,0,2081,2.60352,-3.5810869908164
"82",28,28,1,6.25485728901558,22.222981492581,24.5134703620177,26.1925083666295,28.8388800766435,31.2608283810961,36.2546168264117,38.1990611273826,42.3588097512951,1,1,1,1,1,1,1,1,0.80327868852459,0.786885245901639,0.770491803278688,0.737704918032787,0.704918032786885,0.655737704918033,0.639344262295082,0.590163934426229,0,0,0,0,0,0,0,0,2082,3.15123,-3.10362728901558
"83",28,28,2,6.21968107390128,22.1878052774667,24.4782941469034,26.1573321515151,28.8037038615292,31.2256521659818,36.2194406112974,38.1638849122683,42.3236335361808,1,1,1,1,1,1,1,1,0.80327868852459,0.786885245901639,0.770491803278688,0.737704918032787,0.721311475409836,0.655737704918033,0.639344262295082,0.590163934426229,0,0,0,0,0,0,0,0,2083,3.490757,-2.72892407390128
"84",28,28,3,6.19787523725576,22.1659994408212,24.4564883102579,26.1355263148696,28.7818980248837,31.2038463293362,36.1976347746519,38.1420790756228,42.3018276995353,1,1,1,1,1,1,1,1,0.790322580645161,0.774193548387097,0.758064516129032,0.725806451612903,0.709677419354839,0.645161290322581,0.629032258064516,0.580645161290323,0,0,0,0,0,0,0,0,2084,2.532302,-3.66557323725576
"85",29,29,1,6.26016137856483,22.2278990715142,24.5183324993566,26.1973298626253,28.8436375168526,31.2655271977173,36.2591947677051,38.2035920031376,42.3632399397694,1,1,1,1,1,1,1,1,0.790322580645161,0.774193548387097,0.758064516129032,0.725806451612903,0.693548387096774,0.645161290322581,0.629032258064516,0.580645161290323,0,0,0,0,0,0,0,0,2085,2.414127,-3.84603437856483
"86",29,29,2,6.26775205704144,22.2354897499908,24.5259231778332,26.2049205411019,28.8512281953292,31.2731178761939,36.2667854461817,38.2111826816142,42.370830618246,1,1,1,1,1,1,1,1,0.80327868852459,0.786885245901639,0.770491803278688,0.737704918032787,0.704918032786885,0.655737704918033,0.639344262295082,0.590163934426229,0,0,0,0,0,0,0,0,2086,3.427345,-2.84040705704144
"87",29,29,3,6.20267050794295,22.1704082008923,24.4608416287347,26.1398389920035,28.7861466462307,31.2080363270954,36.2017038970832,38.1461011325157,42.3057490691475,1,1,1,1,1,1,1,1,0.790322580645161,0.774193548387097,0.758064516129032,0.725806451612903,0.709677419354839,0.645161290322581,0.629032258064516,0.580645161290323,0,0,0,0,0,0,0,0,2087,2.621645,-3.58102550794295
"88",30,30,1,6.25341441578391,22.2210480983948,24.5114666068566,26.1904530335051,28.8367434502651,31.2586173554721,36.2522523978054,38.1966369678611,42.3562578094593,1,1,1,1,1,1,1,1,0.790322580645161,0.774193548387097,0.758064516129032,0.725806451612903,0.693548387096774,0.645161290322581,0.629032258064516,0.580645161290323,0,0,0,0,0,0,0,0,2088,2.564658,-3.68875641578391
"89",30,30,2,6.25705858140194,22.2246922640129,24.5151107724747,26.1940971991231,28.8403876158831,31.2622615210901,36.2558965634234,38.2002811334791,42.3599019750773,0,0,0,0,1,1,1,1,0,0,0,0,1,0.930232558139535,0.906976744186046,0.837209302325581,0,0,0,0,0,0,0,0,2089,31.314709,25.0576504185981
"90",30,30,3,4.41857002487265,20.3862037074836,22.6766222159454,24.3556086425938,27.0018990593538,29.4237729645608,34.4174080068942,36.3617925769498,40.521413418548,1,1,1,1,1,1,1,1,0.806451612903226,0.790322580645161,0.774193548387097,0.741935483870968,0.725806451612903,0.661290322580645,0.645161290322581,0.612903225806452,1,1,1,1,0,0,0,0,2090,2.47291,-1.94566002487265
"91",31,31,1,6.26002962960059,22.2256873964495,24.5158224769393,26.1946011373144,28.8405640887124,31.2621382989916,36.2551554036652,38.1992993657387,42.3584054748131,1,1,1,1,1,1,1,1,0.830508474576271,0.813559322033898,0.796610169491525,0.76271186440678,0.728813559322034,0.677966101694915,0.661016949152542,0.610169491525424,1,1,1,1,0,0,0,0,2091,7.29356,1.03353037039941
"92",31,31,2,5.95046488810563,21.9161226549546,24.2062577354444,25.8850363958195,28.5309993472174,30.9525735574966,35.9455906621702,37.8897346242438,42.0488407333182,1,1,1,1,1,1,1,1,0.80327868852459,0.786885245901639,0.770491803278688,0.737704918032787,0.721311475409836,0.655737704918033,0.639344262295082,0.60655737704918,0,0,0,0,0,0,0,0,2092,3.466859,-2.48360588810563
"93",31,31,3,6.19620181276175,22.1618595796107,24.4519946601005,26.1307733204756,28.7767362718735,31.1983104821528,36.1913275868263,38.1354715488999,42.2945776579743,1,1,1,1,1,1,1,1,0.790322580645161,0.774193548387097,0.758064516129032,0.725806451612903,0.709677419354839,0.645161290322581,0.629032258064516,0.580645161290323,0,0,0,0,0,0,0,0,2093,2.569571,-3.62663081276175
"94",32,32,1,6.25844839457282,22.2233992163654,24.5134328917206,26.1921372172771,28.8379830078004,31.2594499929379,36.2522460112767,38.1963038883932,42.3552258359663,1,1,1,1,1,1,1,1,0.790322580645161,0.774193548387097,0.758064516129032,0.725806451612903,0.693548387096774,0.645161290322581,0.629032258064516,0.580645161290323,0,0,0,0,0,0,0,0,2094,2.544544,-3.71390439457282
"95",32,32,2,6.26005528942725,22.2250061112198,24.5150397865751,26.1937441121315,28.8395899026548,31.2610568877923,36.2538529061311,38.1979107832476,42.3568327308208,1,1,1,1,1,1,1,1,0.80327868852459,0.786885245901639,0.770491803278688,0.737704918032787,0.704918032786885,0.655737704918033,0.639344262295082,0.590163934426229,0,0,0,0,0,0,0,0,2095,3.493493,-2.76656228942725
"96",32,32,3,6.19912664175794,22.1640774635505,24.4541111389058,26.1328154644622,28.7786612549855,31.200128240123,36.1929242584618,38.1369821355783,42.2959040831514,1,1,1,1,1,1,1,1,0.790322580645161,0.774193548387097,0.758064516129032,0.725806451612903,0.709677419354839,0.645161290322581,0.629032258064516,0.580645161290323,0,0,0,0,0,0,0,0,2096,2.745472,-3.45365464175794
"97",33,33,1,6.24743107087574,22.2122514401842,24.5022664032625,26.180957011824,28.8267811826656,31.2482283815609,36.2409836028656,38.1850255947355,42.3439135590096,1,1,1,1,1,1,1,1,0.790322580645161,0.774193548387097,0.758064516129032,0.725806451612903,0.709677419354839,0.645161290322581,0.629032258064516,0.580645161290323,0,0,0,0,0,0,0,0,2097,2.42762,-3.81981107087574
"98",33,33,2,6.26784021320391,22.2326605825124,24.5226755455907,26.2013661541522,28.8471903249937,31.2686375238891,36.2613927451937,38.2054347370637,42.3643227013377,1,1,1,1,1,1,1,1,0.80327868852459,0.786885245901639,0.770491803278688,0.737704918032787,0.704918032786885,0.655737704918033,0.639344262295082,0.590163934426229,0,0,0,0,0,0,0,0,2098,3.347998,-2.91984221320391
"99",33,33,3,6.20874313155044,22.1735635008589,24.4635784639372,26.1422690724987,28.7880932433403,31.2095404422356,36.2022956635403,38.1463376554102,42.3052256196843,1,1,1,1,1,1,1,1,0.790322580645161,0.774193548387097,0.758064516129032,0.725806451612903,0.709677419354839,0.645161290322581,0.629032258064516,0.580645161290323,0,0,0,0,0,0,0,0,2099,2.56288,-3.64586313155044
"100",34,34,1,6.25874227952243,22.2235988361438,24.5136189899781,26.1923134036123,28.8381435717195,31.2595962592871,36.2523627976246,38.1964091960368,42.3553065872243,1,1,1,1,1,1,1,1,0.844827586206897,0.827586206896552,0.810344827586207,0.775862068965517,0.741379310344828,0.689655172413793,0.672413793103448,0.620689655172414,0,0,0,0,0,0,0,0,2100,8.976914,2.71817172047757
"101",34,34,2,5.8457200044943,21.8105765611156,24.10059671495,25.7792911285842,28.4251212966914,30.846573984259,35.8393405225964,37.7833869210087,41.9422843121962,0,0,0,0,0,1,1,1,0,0,0,0,0,0.953488372093023,0.906976744186046,0.86046511627907,0,0,0,0,0,0,0,0,2101,31.265156,25.4194359955057
"102",34,34,3,4.41050147942603,20.3753580360474,22.6653781898817,24.3440726035159,26.9899027716231,29.4113554591907,34.4041219975282,36.3481683959404,40.5070657871279,1,1,1,1,1,1,1,1,0.806451612903226,0.790322580645161,0.774193548387097,0.741935483870968,0.725806451612903,0.661290322580645,0.645161290322581,0.612903225806452,1,1,1,1,1,0,0,0,2102,2.488853,-1.92164847942604
"103",35,35,1,6.27361369262764,22.2546923355552,24.5470394069191,26.2274395625099,28.8759581910605,31.2998713463652,36.2977110959403,38.2437328637113,42.4068561614818,1,1,1,1,1,1,1,1,0.790322580645161,0.774193548387097,0.758064516129032,0.725806451612903,0.693548387096774,0.645161290322581,0.629032258064516,0.580645161290323,1,1,1,1,1,0,0,0,2103,2.440119,-3.83349469262764
"104",35,35,2,6.27677805589976,22.2578566988273,24.5502037701912,26.230603925782,28.8791225543327,31.3030357096373,36.3008754592125,38.2468972269835,42.4100205247539,1,1,1,1,1,1,1,1,0.80327868852459,0.786885245901639,0.770491803278688,0.737704918032787,0.704918032786885,0.655737704918033,0.639344262295082,0.590163934426229,0,0,0,0,0,0,0,0,2104,3.33621,-2.94056805589976
"105",35,35,3,6.218593678486,22.1996723214135,24.4920193927775,26.1724195483682,28.8209381769189,31.2448513322236,36.2426910817987,38.1887128495697,42.3518361473401,1,1,1,1,1,1,1,1,0.790322580645161,0.774193548387097,0.758064516129032,0.725806451612903,0.709677419354839,0.645161290322581,0.629032258064516,0.580645161290323,0,0,0,0,0,0,0,0,2105,2.352244,-3.866349678486
"106",36,36,1,6.27553340464092,22.2557842164602,24.5480125426343,26.2283256523158,28.8767070857396,31.3004946806388,36.2980755386015,38.2439965010769,42.4069041461339,1,1,1,1,1,1,1,1,0.790322580645161,0.774193548387097,0.758064516129032,0.725806451612903,0.693548387096774,0.645161290322581,0.629032258064516,0.580645161290323,0,0,0,0,0,0,0,0,2106,2.272455,-4.00307840464092
"107",36,36,2,6.28067816124421,22.2609289730635,24.5531572992376,26.2334704089191,28.8818518423429,31.3056394372421,36.3032202952048,38.2491412576802,42.4120489027372,1,1,1,1,1,1,1,1,0.790322580645161,0.774193548387097,0.758064516129032,0.725806451612903,0.693548387096774,0.645161290322581,0.629032258064516,0.580645161290323,0,0,0,0,0,0,0,0,2107,3.08097,-3.19970816124421
"108",36,36,3,6.2285455002871,22.2087963121064,24.5010246382805,26.181337747962,28.8297191813858,31.253506776285,36.2510876342477,38.1970085967231,42.35991624178,1,1,1,1,1,1,1,1,0.790322580645161,0.774193548387097,0.758064516129032,0.725806451612903,0.693548387096774,0.645161290322581,0.629032258064516,0.580645161290323,0,0,0,0,0,0,0,0,2108,2.384545,-3.8440005002871
"109",37,37,1,6.27324260607189,22.2536314301353,24.5458795529683,26.2262071745486,28.8746114805211,31.2984200082811,36.296044027478,38.2419817957546,42.4049253934529,1,1,1,1,1,1,1,1,0.790322580645161,0.774193548387097,0.758064516129032,0.725806451612903,0.693548387096774,0.645161290322581,0.629032258064516,0.580645161290323,0,0,0,0,0,0,0,0,2109,2.31299,-3.96025260607189
"110",37,37,2,6.27785626167256,22.2582450857359,24.550493208569,26.2308208301492,28.8792251361217,31.3030336638817,36.3006576830787,38.2465954513553,42.4095390490536,1,1,1,1,1,1,1,1,0.790322580645161,0.774193548387097,0.758064516129032,0.725806451612903,0.693548387096774,0.645161290322581,0.629032258064516,0.580645161290323,0,0,0,0,0,0,0,0,2110,2.571803,-3.70605326167256
"111",37,37,3,6.26116876188951,22.2415575859529,24.5338057087859,26.2141333303662,28.8625376363387,31.2863461640987,36.2839701832956,38.2299079515722,42.3928515492706,1,1,1,1,1,1,1,1,0.790322580645161,0.774193548387097,0.758064516129032,0.725806451612903,0.693548387096774,0.645161290322581,0.629032258064516,0.580645161290323,0,0,0,0,0,0,0,0,2111,2.544385,-3.71678376188951
"112",38,38,1,6.26250362419951,22.243147231953,24.5354319012958,26.2157863132175,28.8642328440838,31.2880800158898,36.2857837148182,38.2317525081976,42.3947624778812,1,1,1,1,1,1,1,1,0.790322580645161,0.774193548387097,0.758064516129032,0.725806451612903,0.693548387096774,0.645161290322581,0.629032258064516,0.580645161290323,0,0,0,0,0,0,0,0,2112,2.506119,-3.75638462419951
"113",38,38,2,6.26497070931955,22.2456143170731,24.5378989864158,26.2182533983375,28.8666999292038,31.2905471010099,36.2882507999382,38.2342195933176,42.3972295630012,1,1,1,1,1,1,1,1,0.924528301886792,0.905660377358491,0.886792452830189,0.849056603773585,0.811320754716981,0.754716981132076,0.735849056603774,0.679245283018868,0,0,0,0,0,0,0,0,2113,16.853485,10.5885142906805
"114",38,38,3,5.33996749052652,21.32061109828,23.6128957676228,25.2932501795445,27.9416967104108,30.3655438822168,35.3632475811452,37.3092163745246,41.4722263442082,1,1,1,1,1,1,1,1,0.819672131147541,0.786885245901639,0.770491803278688,0.754098360655738,0.721311475409836,0.672131147540984,0.655737704918033,0.60655737704918,0,0,0,0,0,0,0,0,2114,3.342818,-1.99714949052652
"115",39,39,1,6.21934528165987,22.2043216300568,24.4972277934518,26.1780377902694,28.8272023793196,31.2517067149679,36.2507654127606,38.1972618055464,42.3614004683501,1,1,1,1,1,1,1,1,0.790322580645161,0.774193548387097,0.758064516129032,0.725806451612903,0.693548387096774,0.645161290322581,0.629032258064516,0.580645161290323,0,0,0,0,0,0,0,0,2115,2.995614,-3.22373128165987
"116",39,39,2,6.24173731292368,22.2267136613206,24.5196198247156,26.2004298215332,28.8495944105835,31.2740987462317,36.2731574440244,38.2196538368102,42.3837924996139,1,1,1,1,1,1,1,1,0.790322580645161,0.774193548387097,0.758064516129032,0.725806451612903,0.693548387096774,0.645161290322581,0.629032258064516,0.580645161290323,0,0,0,0,0,0,0,0,2116,2.598497,-3.64324031292368
"117",39,39,3,6.26734835507581,22.2523247034727,24.5452308668677,26.2260408636854,28.8752054527356,31.2997097883838,36.2987684861766,38.2452648789624,42.409403541766,1,1,1,1,1,1,1,1,0.790322580645161,0.774193548387097,0.758064516129032,0.725806451612903,0.693548387096774,0.645161290322581,0.629032258064516,0.580645161290323,0,0,0,0,0,0,0,0,2117,2.477878,-3.78947035507581
"118",40,40,1,6.26024451404602,22.2165921452699,24.5053917675838,26.1831914731772,28.827611470674,31.2477735760057,36.2378790770923,38.1808893405594,42.3375701288283,1,1,1,1,1,1,1,1,0.790322580645161,0.774193548387097,0.758064516129032,0.725806451612903,0.709677419354839,0.645161290322581,0.629032258064516,0.580645161290323,0,0,0,0,0,0,0,0,2118,3.075589,-3.18465551404602
"119",40,40,2,6.22184530416883,22.1781929353928,24.4669925577066,26.1447922633001,28.7892122607968,31.2093743661285,36.1994798672151,38.1424901306822,42.2991709189511,1,1,1,1,1,1,1,1,0.790322580645161,0.774193548387097,0.758064516129032,0.725806451612903,0.709677419354839,0.645161290322581,0.629032258064516,0.580645161290323,0,0,0,0,0,0,0,0,2119,2.911891,-3.30995430416883
"120",40,40,3,6.23236188134154,22.1887095125655,24.4775091348793,26.1553088404728,28.7997288379696,31.2198909433012,36.2099964443878,38.1530067078549,42.3096874961239,1,1,1,1,1,1,1,1,0.790322580645161,0.774193548387097,0.758064516129032,0.725806451612903,0.709677419354839,0.645161290322581,0.629032258064516,0.580645161290323,0,0,0,0,0,0,0,0,2120,2.543806,-3.68855588134154
"121",41,41,1,6.2547951394669,22.2109291165746,24.4996980920593,26.1774753320596,28.8218599210011,31.2419896205713,36.2320283045763,38.1750125513038,42.3316376819762,1,1,1,1,1,1,1,1,0.790322580645161,0.774193548387097,0.758064516129032,0.725806451612903,0.709677419354839,0.645161290322581,0.629032258064516,0.580645161290323,0,0,0,0,0,0,0,0,2121,2.669005,-3.5857901394669
"122",41,41,2,6.2467836152449,22.2029175923526,24.4916865678373,26.1694638078376,28.8138483967791,31.2339780963493,36.2240167803543,38.1670010270818,42.3236261577542,1,1,1,1,1,1,1,1,0.790322580645161,0.774193548387097,0.758064516129032,0.725806451612903,0.709677419354839,0.645161290322581,0.629032258064516,0.580645161290323,0,0,0,0,0,0,0,0,2122,2.906179,-3.3406046152449
"123",41,41,3,6.23160677480825,22.187740751916,24.4765097274006,26.154286967401,28.7986715563425,31.2188012559126,36.2088399399177,38.1518241866452,42.3084493173175,1,1,1,1,1,1,1,1,0.790322580645161,0.774193548387097,0.758064516129032,0.725806451612903,0.709677419354839,0.645161290322581,0.629032258064516,0.580645161290323,0,0,0,0,0,0,0,0,2123,2.523215,-3.70839177480825
"124",42,42,1,6.25594102646479,22.2121604485865,24.500941680417,26.1787279049057,28.8231266545128,31.2432693138649,36.233334719501,38.176329370899,42.3329767602772,1,1,1,1,1,1,1,1,0.790322580645161,0.774193548387097,0.758064516129032,0.725806451612903,0.709677419354839,0.645161290322581,0.629032258064516,0.580645161290323,0,0,0,0,0,0,0,0,2124,2.988696,-3.26724502646479
"125",42,42,2,6.22615566494031,22.182375087062,24.4711563188926,26.1489425433812,28.7933412929884,31.2134839523404,36.2035493579765,38.1465440093745,42.3031913987527,0,0,0,0,0,1,1,1,0,0,0,0,0,0.930232558139535,0.906976744186046,0.837209302325581,0,0,0,0,0,0,0,0,2125,31.629197,25.4030413350597
"126",42,42,3,4.39349723951108,20.3497166616328,22.6384978934633,24.316284117952,26.9606828675591,29.3808255269112,34.3708909325473,36.3138855839453,40.4705329733235,1,1,1,1,1,1,1,1,0.806451612903226,0.790322580645161,0.774193548387097,0.741935483870968,0.725806451612903,0.67741935483871,0.645161290322581,0.612903225806452,1,1,1,1,1,0,0,0,2126,2.38821,-2.00528723951108
"127",43,43,1,6.28143332282056,22.2642944026565,24.5568971491296,26.2374847268165,28.886298755788,31.3104822603205,36.3088794399809,38.2551182557436,42.4187058841631,1,1,1,1,1,1,1,1,0.790322580645161,0.774193548387097,0.758064516129032,0.725806451612903,0.693548387096774,0.645161290322581,0.629032258064516,0.580645161290323,1,1,1,1,1,0,0,0,2127,3.110381,-3.17105232282056
"128",43,43,2,6.23469594138083,22.2175570212168,24.5101597676898,26.1907473453768,28.8395613743482,31.2637448788807,36.2621420585412,38.2083808743038,42.3719685027234,1,1,1,1,1,1,1,1,0.790322580645161,0.774193548387097,0.758064516129032,0.725806451612903,0.693548387096774,0.645161290322581,0.629032258064516,0.580645161290323,0,0,0,0,0,0,0,0,2128,2.953402,-3.28129394138083
"129",43,43,3,6.24485529062226,22.2277163704582,24.5203191169313,26.2009066946182,28.8497207235897,31.2739042281221,36.2723014077826,38.2185402235452,42.3821278519648,1,1,1,1,1,1,1,1,0.790322580645161,0.774193548387097,0.758064516129032,0.725806451612903,0.693548387096774,0.645161290322581,0.629032258064516,0.580645161290323,0,0,0,0,0,0,0,0,2129,2.692826,-3.55202929062226
"130",44,44,1,6.24384706286396,22.1967581865111,24.48506487163,26.1625032306588,28.8063537012458,31.2259945779352,36.215025363444,38.1576171621317,42.3134027289281,1,1,1,1,1,1,1,1,0.790322580645161,0.774193548387097,0.758064516129032,0.725806451612903,0.709677419354839,0.645161290322581,0.629032258064516,0.580645161290323,0,0,0,0,0,0,0,0,2130,2.885155,-3.35869206286396
"131",44,44,2,6.23150167675972,22.1844128004069,24.4727194855258,26.1501578445546,28.7940083151416,31.2136491918309,36.2026799773398,38.1452717760274,42.3010573428238,1,1,1,1,1,1,1,1,0.790322580645161,0.774193548387097,0.758064516129032,0.725806451612903,0.709677419354839,0.645161290322581,0.629032258064516,0.580645161290323,0,0,0,0,0,0,0,0,2131,2.882055,-3.34944667675972
"132",44,44,3,6.23170066233612,22.1846117859833,24.4729184711021,26.150356830131,28.794207300718,31.2138481774073,36.2028789629162,38.1454707616038,42.3012563284002,1,1,1,1,1,1,1,1,0.790322580645161,0.774193548387097,0.758064516129032,0.725806451612903,0.709677419354839,0.645161290322581,0.629032258064516,0.580645161290323,0,0,0,0,0,0,0,0,2132,2.432519,-3.79918166233612
"133",45,45,1,6.26161661368328,22.2147040310145,24.5030360039327,26.1804929001292,28.8243725875868,31.2440402034337,36.2331261221161,38.1757393881498,42.331570880028,1,1,1,1,1,1,1,1,0.790322580645161,0.774193548387097,0.758064516129032,0.725806451612903,0.709677419354839,0.645161290322581,0.629032258064516,0.580645161290323,0,0,0,0,0,0,0,0,2133,2.910113,-3.35150361368328
"134",45,45,2,6.2309268983515,22.1840143156827,24.472346288601,26.1498031847974,28.793682872255,31.2133504881019,36.2024364067843,38.1450496728181,42.3008811646962,1,1,1,1,1,1,1,1,0.790322580645161,0.774193548387097,0.758064516129032,0.725806451612903,0.709677419354839,0.645161290322581,0.629032258064516,0.580645161290323,0,0,0,0,0,0,0,0,2134,2.832607,-3.3983198983515
"135",45,45,3,6.2359073568089,22.1889947741401,24.4773267470584,26.1547836432548,28.7986633307124,31.2183309465593,36.2074168652417,38.1500301312755,42.3058616231537,1,1,1,1,1,1,1,1,0.790322580645161,0.774193548387097,0.758064516129032,0.725806451612903,0.709677419354839,0.645161290322581,0.629032258064516,0.580645161290323,0,0,0,0,0,0,0,0,2135,2.386884,-3.8490233568089
"136",46,46,1,6.26417697849052,22.2174483484475,24.5058067077738,26.1832829464707,28.8271931201031,31.2468886367694,36.236032083843,38.1786677498551,42.3345471619944,1,1,1,1,1,1,1,1,0.790322580645161,0.774193548387097,0.758064516129032,0.725806451612903,0.709677419354839,0.645161290322581,0.629032258064516,0.580645161290323,0,0,0,0,0,0,0,0,2136,3.091303,-3.17287397849052
"137",46,46,2,6.21891468048153,22.1721860504385,24.4605444097648,26.1380206484617,28.7819308220941,31.2016263387604,36.1907697858341,38.1334054518461,42.2892848639854,0,0,0,0,1,1,1,1,0,0,0,0,1,0.909090909090909,0.886363636363636,0.818181818181818,0,0,0,0,0,0,0,0,2137,31.125606,24.9066913195185
"138",46,46,3,4.41757630536647,20.3708476753234,22.6592060346498,24.3366822733467,26.980592446979,29.4002879636454,34.389431410719,36.332067076731,40.4879464888703,1,1,1,1,1,1,1,1,0.806451612903226,0.790322580645161,0.774193548387097,0.741935483870968,0.725806451612903,0.661290322580645,0.645161290322581,0.612903225806452,1,1,1,1,0,0,0,0,2138,2.385835,-2.03174130536647
"139",47,47,1,6.27840111746758,22.2573482898276,24.5493896202323,26.2295656530618,28.877731036401,31.3013209031678,36.2984940676791,38.2442562855026,42.4068243282132,1,1,1,1,1,1,1,1,0.80327868852459,0.786885245901639,0.770491803278688,0.737704918032787,0.704918032786885,0.655737704918033,0.639344262295082,0.590163934426229,1,1,1,1,0,0,0,0,2139,3.125502,-3.15289911746758
"140",47,47,2,6.23029342749552,22.2092405998555,24.5012819302603,26.1814579630898,28.829623346429,31.2532132131957,36.250386377707,38.1961485955306,42.3587166382412,1,1,1,1,1,1,1,1,0.790322580645161,0.774193548387097,0.758064516129032,0.725806451612903,0.693548387096774,0.645161290322581,0.629032258064516,0.580645161290323,0,0,0,0,0,0,0,0,2140,2.991474,-3.23881942749552
"141",47,47,3,6.23901056300593,22.2179577353659,24.5099990657707,26.1901750986002,28.8383404819394,31.2619303487061,36.2591035132175,38.204865731041,42.3674337737516,1,1,1,1,1,1,1,1,0.790322580645161,0.774193548387097,0.758064516129032,0.725806451612903,0.693548387096774,0.645161290322581,0.629032258064516,0.580645161290323,0,0,0,0,0,0,0,0,2141,2.398993,-3.84001756300593
"142",48,48,1,6.26413087994731,22.2277511572363,24.517593977527,26.1961583971834,28.8417836786922,31.2630488549031,36.2554287656463,38.199324621874,42.3578999582487,1,1,1,1,1,1,1,1,0.790322580645161,0.774193548387097,0.758064516129032,0.725806451612903,0.693548387096774,0.645161290322581,0.629032258064516,0.580645161290323,0,0,0,0,0,0,0,0,2142,2.954466,-3.30966487994731
"143",48,48,2,6.22838708964408,22.1920073669331,24.4818501872238,26.1604146068802,28.8060398883889,31.2273050645999,36.2196849753431,38.1635808315707,42.3221561679454,1,1,1,1,1,1,1,1,0.790322580645161,0.774193548387097,0.758064516129032,0.725806451612903,0.709677419354839,0.645161290322581,0.629032258064516,0.580645161290323,0,0,0,0,0,0,0,0,2143,2.792922,-3.43546508964408
"144",48,48,3,6.23878218510461,22.2024024623936,24.4922452826843,26.1708097023407,28.8164349838495,31.2377001600604,36.2300800708036,38.1739759270313,42.3325512634059,1,1,1,1,1,1,1,1,0.790322580645161,0.774193548387097,0.758064516129032,0.725806451612903,0.709677419354839,0.645161290322581,0.629032258064516,0.580645161290323,0,0,0,0,0,0,0,0,2144,2.439306,-3.79947618510461
"145",49,49,1,6.26089248482833,22.2248577472254,24.5147500526367,26.1933507472556,28.8390332025951,31.2603507040565,36.2528385036553,38.1967763688452,42.3554415749698,1,1,1,1,1,1,1,1,0.790322580645161,0.774193548387097,0.758064516129032,0.725806451612903,0.693548387096774,0.645161290322581,0.629032258064516,0.580645161290323,0,0,0,0,0,0,0,0,2145,2.984544,-3.27634848482833
"146",49,49,2,6.22581131372676,22.1897765761239,24.4796688815351,26.158269576154,28.8039520314935,31.2252695329549,36.2177573325537,38.1616951977436,42.3203604038682,1,1,1,1,1,1,1,1,0.790322580645161,0.774193548387097,0.758064516129032,0.725806451612903,0.709677419354839,0.645161290322581,0.629032258064516,0.580645161290323,0,0,0,0,0,0,0,0,2146,2.760769,-3.46504231372676
"147",49,49,3,6.24020922631402,22.2041744887111,24.4940667941224,26.1726674887413,28.8183499440808,31.2396674455422,36.232155245141,38.1760931103309,42.3347583164555,1,1,1,1,1,1,1,1,0.790322580645161,0.774193548387097,0.758064516129032,0.725806451612903,0.709677419354839,0.645161290322581,0.629032258064516,0.580645161290323,0,0,0,0,0,0,0,0,2147,2.328149,-3.91206022631402
"148",50,50,1,6.26750012592671,22.2317482534069,24.52168113336,26.2003115710608,28.8460409051785,31.2674013099014,36.259977571261,38.2039498810352,42.3626887744398,1,1,1,1,1,1,1,1,0.790322580645161,0.774193548387097,0.758064516129032,0.725806451612903,0.693548387096774,0.645161290322581,0.629032258064516,0.580645161290323,0,0,0,0,0,0,0,0,2148,3.001606,-3.26589412592671
"149",50,50,2,6.22417342264543,22.1884215501256,24.4783544300788,26.1569848677795,28.8027142018973,31.2240746066201,36.2166508679798,38.1606231777539,42.3193620711585,0,1,1,1,1,1,1,1,0,1,0.979166666666667,0.9375,0.916666666666667,0.833333333333333,0.8125,0.75,0,0,0,0,0,0,0,0,2149,24.855463,18.6312895773546
"150",50,50,3,4.81821049139594,20.7824586188762,23.0723914988293,24.75102193653,27.3967512706478,29.8181116753707,34.8106879367303,36.7546602465044,40.913399139909,1,1,1,1,1,1,1,1,0.806451612903226,0.790322580645161,0.774193548387097,0.741935483870968,0.709677419354839,0.661290322580645,0.645161290322581,0.596774193548387,1,0,0,0,0,0,0,0,2150,2.318555,-2.49965549139595
"151",51,51,1,6.28165475874194,22.2601486262515,24.5521249340085,26.2322533021241,28.8803435599748,31.3038646722091,36.3008960725097,38.2466030912364,42.4090530465497,1,1,1,1,1,1,1,1,0.790322580645161,0.774193548387097,0.758064516129032,0.725806451612903,0.693548387096774,0.645161290322581,0.629032258064516,0.580645161290323,1,0,0,0,0,0,0,0,2151,2.733988,-3.54766675874194
"152",51,51,2,6.25477893952776,22.2332728070373,24.5252491147943,26.20537748291,28.8534677407606,31.2769888529949,36.2740202532955,38.2197272720222,42.3821772273355,1,1,1,1,1,1,1,1,0.790322580645161,0.774193548387097,0.758064516129032,0.725806451612903,0.693548387096774,0.645161290322581,0.629032258064516,0.580645161290323,0,0,0,0,0,0,0,0,2152,2.629517,-3.62526193952776
"153",51,51,3,6.26153753527996,22.2400314027895,24.5320077105465,26.2121360786622,28.8602263365128,31.2837474487471,36.2807788490477,38.2264858677744,42.3889358230877,1,1,1,1,1,1,1,1,0.790322580645161,0.774193548387097,0.758064516129032,0.725806451612903,0.693548387096774,0.645161290322581,0.629032258064516,0.580645161290323,0,0,0,0,0,0,0,0,2153,2.208668,-4.05286953527996
"154",52,52,1,6.27148920615946,22.2200025597945,24.5076784229624,26.1846543592989,28.8277759944886,31.2467498440752,36.2344052937718,38.1764615744031,42.331101507716,1,1,1,1,1,1,1,1,0.790322580645161,0.774193548387097,0.758064516129032,0.725806451612903,0.709677419354839,0.645161290322581,0.629032258064516,0.580645161290323,0,0,0,0,0,0,0,0,2154,2.594179,-3.67731020615946
"155",52,52,2,6.24672651088577,22.1952398645208,24.4829157276887,26.1598916640252,28.803013299215,31.2219871488015,36.2096425984981,38.1516988791294,42.3063388124423,1,1,1,1,1,1,1,1,0.790322580645161,0.774193548387097,0.758064516129032,0.725806451612903,0.709677419354839,0.645161290322581,0.629032258064516,0.580645161290323,0,0,0,0,0,0,0,0,2155,2.501771,-3.74495551088577
"156",52,52,3,6.25266219403061,22.2011755476656,24.4888514108336,26.16582734717,28.8089489823598,31.2279228319464,36.2155782816429,38.1576345622742,42.3122744955872,1,1,1,1,1,1,1,1,0.790322580645161,0.774193548387097,0.758064516129032,0.725806451612903,0.709677419354839,0.645161290322581,0.629032258064516,0.580645161290323,0,0,0,0,0,0,0,0,2156,2.728394,-3.52426819403061
"157",53,53,1,6.23775735476997,22.1864704791123,24.4741749976548,26.1511719397529,28.7943266826228,31.2133308322195,36.2010487571723,38.1431293639553,42.2978213381914,1,1,1,1,1,1,1,1,0.80327868852459,0.786885245901639,0.770491803278688,0.737704918032787,0.721311475409836,0.655737704918033,0.639344262295082,0.590163934426229,0,0,0,0,0,0,0,0,2157,3.167444,-3.07031335476997
"158",53,53,2,6.20955741576937,22.1582705401117,24.4459750586543,26.1229720007523,28.7661267436222,31.1851308932189,36.1728488181717,38.1149294249547,42.2696213991908,1,1,1,1,1,1,1,1,0.790322580645161,0.774193548387097,0.758064516129032,0.725806451612903,0.709677419354839,0.645161290322581,0.629032258064516,0.580645161290323,0,0,0,0,0,0,0,0,2158,2.69945,-3.51010741576937
"159",53,53,3,6.2396164119034,22.1883295362457,24.4760340547883,26.1530309968863,28.7961857397562,31.215189889353,36.2029078143057,38.1449884210888,42.2996803953249,1,1,1,1,1,1,1,1,0.790322580645161,0.774193548387097,0.758064516129032,0.725806451612903,0.709677419354839,0.645161290322581,0.629032258064516,0.580645161290323,0,0,0,0,0,0,0,0,2159,2.032518,-4.2070984119034
"160",54,54,1,6.25187143461071,22.110124786741,24.3848536358347,26.0523387909817,28.6805017803416,31.0857855399202,36.0452135443113,37.9762788316803,42.1074057391508,1,1,1,1,1,1,1,1,0.790322580645161,0.774193548387097,0.758064516129032,0.725806451612903,0.709677419354839,0.645161290322581,0.629032258064516,0.596774193548387,0,0,0,0,0,0,0,0,2160,3.066791,-3.18508043461071
"161",54,54,2,6.18623095643318,22.0444843085634,24.3192131576572,25.9866983128041,28.6148613021641,31.0201450617427,35.9795730661337,37.9106383535028,42.0417652609733,0,0,0,0,1,1,1,1,0,0,0,0,1,0.909090909090909,0.886363636363636,0.840909090909091,0,0,0,0,0,0,0,0,2161,30.609638,24.4234070435668
"162",54,54,3,4.43821505787411,20.2964684100044,22.5711972590981,24.2386824142451,26.866845403605,29.2721291631836,34.2315571675747,36.1626224549437,40.2937493624142,1,1,1,1,1,1,1,1,0.82258064516129,0.790322580645161,0.774193548387097,0.741935483870968,0.725806451612903,0.67741935483871,0.645161290322581,0.612903225806452,1,1,1,1,0,0,0,0,2162,2.463176,-1.97503905787411
"163",55,55,1,6.23834413461184,22.1213824664198,24.3996665058012,26.0697577856434,28.7020283500833,31.1110713451702,36.0782504757144,38.0123338390873,42.1499173148932,1,1,1,1,1,1,1,1,0.790322580645161,0.774193548387097,0.758064516129032,0.725806451612903,0.709677419354839,0.645161290322581,0.629032258064516,0.596774193548387,1,1,1,1,0,0,0,0,2163,2.573015,-3.66532913461184
"164",55,55,2,6.23130290978112,22.1143412415891,24.3926252809705,26.0627165608127,28.6949871252526,31.1040301203395,36.0712092508837,38.0052926142566,42.1428760900624,1,1,1,1,1,1,1,1,0.80327868852459,0.786885245901639,0.770491803278688,0.737704918032787,0.721311475409836,0.655737704918033,0.639344262295082,0.60655737704918,0,0,0,0,0,0,0,0,2164,3.301014,-2.93028890978112
"165",55,55,3,6.18463456214918,22.0676728939572,24.3459569333386,26.0160482131807,28.6483187776206,31.0573617727075,36.0245409032518,37.9586242666246,42.0962077424305,1,1,1,1,1,1,1,1,0.790322580645161,0.774193548387097,0.758064516129032,0.725806451612903,0.709677419354839,0.645161290322581,0.629032258064516,0.596774193548387,0,0,0,0,0,0,0,0,2165,2.951229,-3.23340556214918
"166",56,56,1,6.19350853331311,22.0552053341721,24.3304281161088,25.9982753476781,28.6270090142938,31.0328150553067,35.9933199460153,37.9248045433905,42.0568284805263,1,1,1,1,1,1,1,1,0.790322580645161,0.774193548387097,0.758064516129032,0.725806451612903,0.709677419354839,0.645161290322581,0.629032258064516,0.596774193548387,0,0,0,0,0,0,0,0,2166,3.076665,-3.11684353331311
"167",56,56,2,6.18554941430603,22.047246215165,24.3224689971018,25.990316228671,28.6190498952868,31.0248559362996,35.9853608270083,37.9168454243834,42.0488693615192,1,1,1,1,1,1,1,1,0.790322580645161,0.774193548387097,0.758064516129032,0.725806451612903,0.709677419354839,0.645161290322581,0.629032258064516,0.596774193548387,0,0,0,0,0,0,0,0,2167,2.779892,-3.40565741430603
"168",56,56,3,6.20438014571558,22.0660769465746,24.3412997285113,26.0091469600806,28.6378806266963,31.0436866677091,36.0041915584178,37.9356761557929,42.0677000929288,1,1,1,1,1,1,1,1,0.790322580645161,0.774193548387097,0.758064516129032,0.725806451612903,0.709677419354839,0.645161290322581,0.629032258064516,0.596774193548387,0,0,0,0,0,0,0,0,2168,2.397602,-3.80677814571558
"169",57,57,1,6.22890293314808,22.0904425026616,24.3656427311261,26.0334734299203,28.6621810388364,31.0679632319517,36.0284189509439,37.9598844022008,42.0918673800564,1,1,1,1,1,1,1,1,0.80327868852459,0.786885245901639,0.770491803278688,0.737704918032787,0.721311475409836,0.655737704918033,0.639344262295082,0.60655737704918,0,0,0,0,0,0,0,0,2169,3.224719,-3.00418393314808
"170",57,57,2,6.17641848732167,22.0379580568352,24.3131582852997,25.9809889840939,28.60969659301,31.0154787861253,35.9759345051174,37.9073999563743,42.03938293423,1,1,1,1,1,1,1,1,0.790322580645161,0.774193548387097,0.758064516129032,0.725806451612903,0.709677419354839,0.645161290322581,0.629032258064516,0.596774193548387,0,0,0,0,0,0,0,0,2170,2.537256,-3.63916248732167
"171",57,57,3,6.22004123305312,22.0815808025667,24.3567810310311,26.0246117298254,28.6533193387415,31.0591015318567,36.0195572508489,37.9510227021058,42.0830056799615,1,1,1,1,1,1,1,1,0.790322580645161,0.774193548387097,0.758064516129032,0.725806451612903,0.709677419354839,0.645161290322581,0.629032258064516,0.596774193548387,0,0,0,0,0,0,0,0,2171,2.676289,-3.54375223305312
"172",58,58,1,6.21152319147565,22.0728968904005,24.3480733261681,26.0158865837765,28.644566703225,31.0503237380946,36.0107275835781,37.942172836713,42.0741126047373,1,1,1,1,1,1,1,1,0.790322580645161,0.774193548387097,0.758064516129032,0.725806451612903,0.709677419354839,0.645161290322581,0.629032258064516,0.596774193548387,0,0,0,0,0,0,0,0,2172,2.621763,-3.58976019147565
"173",58,58,2,6.21498331172416,22.076357010649,24.3515334464166,26.019346704025,28.6480268234735,31.0537838583431,36.0141877038266,37.9456329569615,42.0775727249858,1,1,1,1,1,1,1,1,1,0.979591836734694,0.959183673469388,0.918367346938776,0.897959183673469,0.816326530612245,0.795918367346939,0.755102040816326,0,0,0,0,0,0,0,0,2173,23.339972,17.1249886882758
"174",58,58,3,4.90024365589212,20.7616173548169,23.0367937905846,24.704607048193,27.3332871676414,29.739044202511,34.6994480479945,36.6308933011294,40.7628330691538,0,0,0,0,0,0,0,0,0,0,0,0,0,0,0,0,0,0,0,0,0,0,0,0,2174,47.624387,42.7241433441079
"175",59,59,1,3.55558448744512,19.5063432311079,21.7943411759932,23.471553213649,26.1150469737403,28.5343613904782,33.5227190518205,35.4650487544134,39.6202736191784,1,1,1,1,1,1,1,1,0.836065573770492,0.819672131147541,0.786885245901639,0.770491803278688,0.737704918032787,0.688524590163934,0.672131147540984,0.622950819672131,1,1,1,1,1,1,1,1,2175,4.502384,0.94679951255488
"176",59,59,2,6.12011651631144,22.0708752599743,24.3588732048595,26.0360852425153,28.6795790026067,31.0988934193445,36.0872510806868,38.0295807832797,42.1848056480447,1,1,1,1,1,1,1,1,0.790322580645161,0.774193548387097,0.758064516129032,0.725806451612903,0.709677419354839,0.645161290322581,0.629032258064516,0.596774193548387,1,1,1,1,1,1,1,1,2176,2.746758,-3.37335851631144
"177",59,59,3,6.22452630237149,22.1752850460343,24.4632829909196,26.1404950285754,28.7839887886667,31.2033032054045,36.1916608667468,38.1339905693397,42.2892154341048,1,1,1,1,1,1,1,1,0.790322580645161,0.774193548387097,0.758064516129032,0.725806451612903,0.709677419354839,0.645161290322581,0.629032258064516,0.580645161290323,0,0,0,0,0,0,0,0,2177,2.023754,-4.20077230237148
"178",60,60,1,6.25379955334234,22.1730700919117,24.456551326984,26.1304524000972,28.768727670271,31.1832661468944,36.161776350091,38.1002717224795,42.2472938067465,1,1,1,1,1,1,1,1,0.80327868852459,0.786885245901639,0.770491803278688,0.737704918032787,0.721311475409836,0.655737704918033,0.639344262295082,0.590163934426229,0,0,0,0,0,0,0,0,2178,3.640579,-2.61322055334234
"179",60,60,2,6.15817884858331,22.0774493871527,24.3609306222249,26.0348316953382,28.673106965512,31.0876454421354,36.066155645332,38.0046510177205,42.1516731019875,1,1,1,1,1,1,1,1,0.790322580645161,0.774193548387097,0.758064516129032,0.725806451612903,0.709677419354839,0.645161290322581,0.629032258064516,0.596774193548387,0,0,0,0,0,0,0,0,2179,2.516464,-3.64171484858331
"180",60,60,3,6.22466017372994,22.1439307122993,24.4274119473716,26.1013130204848,28.7395882906586,31.154126767282,36.1326369704786,38.0711323428671,42.2181544271341,1,1,1,1,1,1,1,1,0.790322580645161,0.774193548387097,0.758064516129032,0.725806451612903,0.709677419354839,0.645161290322581,0.629032258064516,0.580645161290323,0,0,0,0,0,0,0,0,2180,2.511842,-3.71281817372994
"181",61,61,1,6.22374405283766,22.1428697990783,24.4263302649473,26.1002161132402,28.7384673872127,31.1529839026131,36.1314488242069,38.0699265651808,42.2169109305722,1,1,1,1,1,1,1,1,0.98,0.96,0.94,0.9,0.88,0.8,0.78,0.72,0,0,0,0,0,0,0,0,2181,21.366371,15.1426269471623
"182",61,61,2,5.11436920031304,21.0334949465537,23.3169554124227,24.9908412607156,27.6290925346881,30.0436090500885,35.0220739716823,36.9605517126562,41.1075360780476,1,1,1,1,1,1,1,1,0.806451612903226,0.790322580645161,0.774193548387097,0.741935483870968,0.709677419354839,0.661290322580645,0.645161290322581,0.596774193548387,0,0,0,0,0,0,0,0,2182,2.468201,-2.64616820031304
"183",61,61,3,6.22631182994517,22.1454375761858,24.4288980420548,26.1027838903477,28.7410351643202,31.1555516797206,36.1340166013144,38.0724943422883,42.2194787076797,1,1,1,1,1,1,1,1,0.790322580645161,0.774193548387097,0.758064516129032,0.725806451612903,0.709677419354839,0.645161290322581,0.629032258064516,0.580645161290323,0,0,0,0,0,0,0,0,2183,2.534101,-3.69221082994517
"184",62,62,1,6.23393186145274,22.1621690350918,24.4469364561657,26.1217803651978,28.7615416614746,31.177440142963,36.1587545251624,38.0983417679696,42.247699690023,1,1,1,1,1,1,1,1,0.790322580645161,0.774193548387097,0.758064516129032,0.725806451612903,0.709677419354839,0.645161290322581,0.629032258064516,0.580645161290323,0,0,0,0,0,0,0,0,2184,2.915581,-3.31835086145274
"185",62,62,2,6.21120907650415,22.1394462501432,24.4242136712171,26.0990575802492,28.738818876526,31.1547173580145,36.1360317402138,38.075618983021,42.2249769050744,0,0,0,0,0,1,1,1,0,0,0,0,0,0.930232558139535,0.906976744186046,0.837209302325581,0,0,0,0,0,0,0,0,2185,32.171386,25.9601769234959
"186",62,62,3,4.46859251596872,20.3968296896077,22.6815971106817,24.3564410197138,26.9962023159905,29.412100797479,34.3934151796784,36.3330024224855,40.4823603445389,1,1,1,1,1,1,1,1,0.806451612903226,0.790322580645161,0.774193548387097,0.741935483870968,0.725806451612903,0.661290322580645,0.645161290322581,0.612903225806452,1,1,1,1,1,0,0,0,2186,2.118587,-2.35000551596872
"187",63,63,1,6.2789248298434,22.2348455362527,24.5235839199061,26.2013387346295,28.8456879785589,31.2657853305221,36.2557573173537,38.1987155940306,42.3552851669879,1,1,1,1,1,1,1,1,0.790322580645161,0.774193548387097,0.758064516129032,0.725806451612903,0.693548387096774,0.645161290322581,0.629032258064516,0.580645161290323,1,1,1,1,1,0,0,0,2187,3.09312,-3.1858048298434
"188",63,63,2,6.21988965585309,22.1758103622624,24.4645487459158,26.1423035606392,28.7866528045686,31.2067501565318,36.1967221433634,38.1396804200403,42.2962499929976,1,1,1,1,1,1,1,1,0.790322580645161,0.774193548387097,0.758064516129032,0.725806451612903,0.709677419354839,0.645161290322581,0.629032258064516,0.580645161290323,0,0,0,0,0,0,0,0,2188,2.746034,-3.47385565585309
"189",63,63,3,6.24091540090185,22.1968361073112,24.4855744909646,26.1633293056879,28.8076785496174,31.2277759015805,36.2177478884121,38.160706165089,42.3172757380463,1,1,1,1,1,1,1,1,0.790322580645161,0.774193548387097,0.758064516129032,0.725806451612903,0.709677419354839,0.645161290322581,0.629032258064516,0.580645161290323,0,0,0,0,0,0,0,0,2189,2.797053,-3.44386240090185
"190",64,64,1,6.23833734935531,22.1939727120933,24.4826701656728,26.1603949766924,28.8046969310711,31.2247510038355,36.2146337537655,38.1575572840396,42.3140525240365,1,1,1,1,1,1,1,1,0.790322580645161,0.774193548387097,0.758064516129032,0.725806451612903,0.709677419354839,0.645161290322581,0.629032258064516,0.580645161290323,0,0,0,0,0,0,0,0,2190,2.528678,-3.70965934935531
"191",64,64,2,6.25459646523923,22.2102318279772,24.4989292815567,26.1766540925763,28.820956046955,31.2410101197194,36.2308928696494,38.1738163999235,42.3303116399204,1,1,1,1,1,1,1,1,0.790322580645161,0.774193548387097,0.758064516129032,0.725806451612903,0.709677419354839,0.645161290322581,0.629032258064516,0.580645161290323,0,0,0,0,0,0,0,0,2191,2.563917,-3.69067946523923
"192",64,64,3,6.25246156077856,22.2080969235165,24.4967943770961,26.1745191881157,28.8188211424943,31.2388752152587,36.2287579651887,38.1716814954628,42.3281767354597,1,1,1,1,1,1,1,1,0.790322580645161,0.774193548387097,0.758064516129032,0.725806451612903,0.709677419354839,0.645161290322581,0.629032258064516,0.580645161290323,0,0,0,0,0,0,0,0,2192,2.674495,-3.57796656077856
"193",65,65,1,6.24579848402563,22.201403615461,24.4900967326225,26.16781836484,28.8121153090333,31.2321647964969,36.2220380920459,38.1649579410433,42.3214453056869,1,1,1,1,1,1,1,1,0.80327868852459,0.786885245901639,0.770491803278688,0.737704918032787,0.721311475409836,0.655737704918033,0.639344262295082,0.590163934426229,0,0,0,0,0,0,0,0,2193,3.232873,-3.01292548402563
"194",65,65,2,6.21196971400779,22.1675748454432,24.4562679626047,26.1339895948222,28.7782865390154,31.1983360264791,36.1882093220281,38.1311291710254,42.287616535669,1,1,1,1,1,1,1,1,0.790322580645161,0.774193548387097,0.758064516129032,0.725806451612903,0.709677419354839,0.645161290322581,0.629032258064516,0.580645161290323,0,0,0,0,0,0,0,0,2194,3.025195,-3.18677471400779
"195",65,65,3,6.22455167694288,22.1801568083782,24.4688499255397,26.1465715577573,28.7908685019505,31.2109179894141,36.2007912849632,38.1437111339605,42.3001984986041,1,1,1,1,1,1,1,1,0.790322580645161,0.774193548387097,0.758064516129032,0.725806451612903,0.709677419354839,0.645161290322581,0.629032258064516,0.580645161290323,0,0,0,0,0,0,0,0,2195,1.989791,-4.23476067694287
"196",66,66,1,6.28751052578023,22.2430075729133,24.5316851863194,26.209395453542,28.8536744850965,31.2737075789882,36.2635470728124,38.2064537603449,42.362912968674,1,1,1,1,1,1,1,1,0.790322580645161,0.774193548387097,0.758064516129032,0.725806451612903,0.693548387096774,0.645161290322581,0.629032258064516,0.580645161290323,0,0,0,0,0,0,0,0,2196,2.781834,-3.50567652578023
"197",66,66,2,6.23952350052336,22.1950205476564,24.4836981610626,26.1614084282851,28.8056874598396,31.2257205537313,36.2155600475556,38.158466735088,42.3149259434171,0,0,0,0,0,1,1,1,0,0,0,0,0,0.930232558139535,0.906976744186046,0.837209302325581,0,0,0,0,0,0,0,0,2197,31.381875,25.1423514994766
"198",66,66,3,4.5067502927374,20.4622473398705,22.7509249532766,24.4286352204992,27.0729142520537,29.4929473459454,34.4827868397696,36.4256935273021,40.5821527356312,1,1,1,1,1,1,1,1,0.806451612903226,0.790322580645161,0.774193548387097,0.741935483870968,0.725806451612903,0.661290322580645,0.645161290322581,0.612903225806452,1,1,1,1,1,0,0,0,2198,3.113531,-1.3932192927374
"199",67,67,1,6.23916822056282,22.2206914697969,24.5131023160779,26.1935492217362,28.8421415341797,31.2661221246744,36.2641009181227,38.2101768257656,42.3734159449342,1,1,1,1,1,1,1,1,0.924528301886792,0.905660377358491,0.886792452830189,0.849056603773585,0.811320754716981,0.754716981132076,0.735849056603774,0.679245283018868,1,1,1,1,1,0,0,0,2199,15.685786,9.44661777943718
"200",67,67,2,5.46680028815679,21.4483235373909,23.7407343836718,25.4211812893302,28.0697736017736,30.4937541922684,35.4917329857167,37.4378088933595,41.6010480125282,1,1,1,1,1,1,1,1,0.806451612903226,0.774193548387097,0.758064516129032,0.741935483870968,0.709677419354839,0.661290322580645,0.645161290322581,0.596774193548387,0,0,0,0,0,0,0,0,2200,2.432805,-3.03399528815679
"201",67,67,3,6.28098815924168,22.2625114084758,24.5549222547567,26.2353691604151,28.8839614728585,31.3079420633532,36.3059208568015,38.2519967644444,42.4152358836131,1,1,1,1,1,1,1,1,0.790322580645161,0.774193548387097,0.758064516129032,0.725806451612903,0.693548387096774,0.645161290322581,0.629032258064516,0.580645161290323,0,0,0,0,0,0,0,0,2201,3.053957,-3.22703115924168
"202",68,68,1,6.23813236904246,22.2165995360065,24.5085720138019,26.1886975743724,28.8367834071843,31.2603004696416,36.2573235197519,38.2030272871435,42.3654702868773,1,1,1,1,1,1,1,1,0.790322580645161,0.774193548387097,0.758064516129032,0.725806451612903,0.693548387096774,0.645161290322581,0.629032258064516,0.580645161290323,0,0,0,0,0,0,0,0,2202,2.803414,-3.43471836904246
"203",68,68,2,6.25337678121325,22.2318439481773,24.5238164259727,26.2039419865432,28.852027819355,31.2755448818124,36.2725679319227,38.2182716993143,42.3807146990481,1,1,1,1,1,1,1,1,0.790322580645161,0.774193548387097,0.758064516129032,0.725806451612903,0.693548387096774,0.645161290322581,0.629032258064516,0.580645161290323,0,0,0,0,0,0,0,0,2203,2.541085,-3.71229178121325
"204",68,68,3,6.26933831835597,22.24780548532,24.5397779631155,26.2199035236859,28.8679893564978,31.2915064189551,36.2885294690654,38.2342332364571,42.3966762361908,1,1,1,1,1,1,1,1,0.80327868852459,0.786885245901639,0.770491803278688,0.737704918032787,0.704918032786885,0.655737704918033,0.639344262295082,0.590163934426229,0,0,0,0,0,0,0,0,2204,3.222804,-3.04653431835597
"205",69,69,1,6.20964740942041,22.1592328125107,24.4470624518713,26.1241511135195,28.7674504177525,31.1865868693033,36.1745775861931,38.116764410677,42.2716836163822,1,1,1,1,1,1,1,1,0.790322580645161,0.774193548387097,0.758064516129032,0.725806451612903,0.709677419354839,0.645161290322581,0.629032258064516,0.580645161290323,0,0,0,0,0,0,0,0,2205,2.895622,-3.31402540942041
"206",69,69,2,6.22935542389912,22.1789408269894,24.46677046635,26.1438591279982,28.7871584322312,31.206294883782,36.1942856006718,38.1364724251558,42.2913916308609,1,1,1,1,1,1,1,1,0.790322580645161,0.774193548387097,0.758064516129032,0.725806451612903,0.709677419354839,0.645161290322581,0.629032258064516,0.580645161290323,0,0,0,0,0,0,0,0,2206,2.504284,-3.72507142389912
"207",69,69,3,6.25292791557064,22.2025133186609,24.4903429580215,26.1674316196697,28.8107309239027,31.2298673754535,36.2178580923433,38.1600449168273,42.3149641225325,1,1,1,1,1,1,1,1,0.790322580645161,0.774193548387097,0.758064516129032,0.725806451612903,0.709677419354839,0.645161290322581,0.629032258064516,0.580645161290323,0,0,0,0,0,0,0,0,2207,3.059173,-3.19375491557064
"208",70,70,1,6.22093998570839,22.1705162696382,24.4583446009344,26.1354323037087,28.7787300966379,31.1978651650497,36.1858530300605,38.128038744101,42.282955574235,1,1,1,1,1,1,1,1,0.790322580645161,0.774193548387097,0.758064516129032,0.725806451612903,0.709677419354839,0.645161290322581,0.629032258064516,0.580645161290323,0,0,0,0,0,0,0,0,2208,2.850772,-3.37016798570839
"209",70,70,2,6.23356750780163,22.1831437917315,24.4709721230277,26.148059825802,28.7913576187311,31.2104926871429,36.1984805521537,38.1406662661942,42.2955830963283,1,1,1,1,1,1,1,1,0.790322580645161,0.774193548387097,0.758064516129032,0.725806451612903,0.709677419354839,0.645161290322581,0.629032258064516,0.580645161290323,0,0,0,0,0,0,0,0,2209,2.53026,-3.70330750780163
"210",70,70,3,6.25298810732442,22.2025643912543,24.4903927225505,26.1674804253248,28.8107782182539,31.2299132866657,36.2179011516765,38.160086865717,42.315003695851,0,0,0,0,0,0,0,0,0,0,0,0,0,0,0,0,0,0,0,0,0,0,0,0,2210,63.155758,56.9027698926756
"211",71,71,1,2.58018378082011,18.6664956463411,20.973937510429,22.6654028717904,25.3313616341773,27.7712359269195,32.8019857693992,34.7608218250186,38.9513587217373,1,1,1,1,1,1,1,1,0.838709677419355,0.806451612903226,0.790322580645161,0.758064516129032,0.741935483870968,0.693548387096774,0.661290322580645,0.629032258064516,1,1,1,1,1,1,1,1,2211,2.846104,0.26592021917989
"212",71,71,2,6.26437597208039,22.3506878376013,24.6581297016893,26.3495950630507,29.0155538254376,31.4554281181798,36.4861779606594,38.4450140162789,42.6355509129976,1,1,1,1,1,1,1,1,0.790322580645161,0.774193548387097,0.758064516129032,0.725806451612903,0.693548387096774,0.645161290322581,0.629032258064516,0.580645161290323,1,1,1,1,1,1,1,1,2212,2.661497,-3.60287897208039
"213",71,71,3,6.27565323239848,22.3619650979194,24.6694069620074,26.3608723233687,29.0268310857557,31.4667053784979,36.4974552209775,38.456291276597,42.6468281733157,1,1,1,1,1,1,1,1,0.80327868852459,0.786885245901639,0.770491803278688,0.737704918032787,0.704918032786885,0.655737704918033,0.639344262295082,0.590163934426229,0,0,0,0,0,0,0,0,2213,3.359291,-2.91636223239848
"214",72,72,1,6.21864126081417,22.2761984935071,24.5795157550057,26.2679575851926,28.9291508882258,31.3646638525279,36.3864211200917,38.3417557135973,42.524801934341,1,1,1,1,1,1,1,1,0.790322580645161,0.774193548387097,0.758064516129032,0.725806451612903,0.693548387096774,0.645161290322581,0.629032258064516,0.580645161290323,0,0,0,0,0,0,0,0,2214,2.916582,-3.30205926081417
"215",72,72,2,6.24553370606781,22.3030909387607,24.6064082002593,26.2948500304462,28.9560433334794,31.3915562977815,36.4133135653454,38.3686481588509,42.5516943795946,1,1,1,1,1,1,1,1,0.790322580645161,0.774193548387097,0.758064516129032,0.725806451612903,0.693548387096774,0.645161290322581,0.629032258064516,0.580645161290323,0,0,0,0,0,0,0,0,2215,2.419504,-3.82602970606781
"216",72,72,3,6.27572880691686,22.3332860396098,24.6366033011084,26.3250451312953,28.9862384343285,31.4217513986306,36.4435086661944,38.3988432597,42.5818894804437,1,1,1,1,1,1,1,1,0.790322580645161,0.774193548387097,0.758064516129032,0.725806451612903,0.693548387096774,0.645161290322581,0.629032258064516,0.580645161290323,0,0,0,0,0,0,0,0,2216,3.05625,-3.21947880691686
"217",73,73,1,6.22763912229823,22.278553380856,24.5809177653527,26.2686610910757,28.9287534646198,31.3632588628648,36.3829386411096,38.3374643172348,42.5187800214717,1,1,1,1,1,1,1,1,0.790322580645161,0.774193548387097,0.758064516129032,0.725806451612903,0.693548387096774,0.645161290322581,0.629032258064516,0.580645161290323,0,0,0,0,0,0,0,0,2217,2.957528,-3.27011112229823
"218",73,73,2,6.23359020958494,22.2845044681427,24.5868688526394,26.2746121783624,28.9347045519065,31.3692099501515,36.3888897283963,38.3434154045215,42.5247311087584,1,1,1,1,1,1,1,1,0.790322580645161,0.774193548387097,0.758064516129032,0.725806451612903,0.693548387096774,0.645161290322581,0.629032258064516,0.580645161290323,0,0,0,0,0,0,0,0,2218,2.520018,-3.71357220958494
"219",73,73,3,6.25996386691365,22.3108781254714,24.6132425099682,26.3009858356911,28.9610782092352,31.3955836074802,36.415263385725,38.3697890618502,42.5511047660871,1,1,1,1,1,1,1,1,0.80327868852459,0.786885245901639,0.770491803278688,0.737704918032787,0.704918032786885,0.655737704918033,0.639344262295082,0.590163934426229,0,0,0,0,0,0,0,0,2219,3.304022,-2.95594186691365
"220",74,74,1,6.21262981713801,22.2635865737096,24.5659570541778,26.2537048485396,28.9138042652116,31.3483161092978,36.3680091781513,38.3225400292752,42.5038668043838,1,1,1,1,1,1,1,1,0.80327868852459,0.786885245901639,0.770491803278688,0.737704918032787,0.704918032786885,0.655737704918033,0.639344262295082,0.590163934426229,0,0,0,0,0,0,0,0,2220,3.548153,-2.66447681713801
"221",74,74,2,6.19791348671333,22.248870243285,24.5512407237531,26.2389885181149,28.8990879347869,31.3335997788731,36.3532928477266,38.3078236988505,42.4891504739591,1,1,1,1,1,1,1,1,0.790322580645161,0.774193548387097,0.758064516129032,0.725806451612903,0.693548387096774,0.645161290322581,0.629032258064516,0.580645161290323,0,0,0,0,0,0,0,0,2221,2.501982,-3.69593148671333
"222",74,74,3,6.26097716202175,22.3119339185934,24.6143043990615,26.3020521934233,28.9621516100953,31.3966634541815,36.416356523035,38.3708873741589,42.5522141492675,0,0,0,0,1,1,1,1,0,0,0,0,1,0.930232558139535,0.906976744186046,0.837209302325581,0,0,0,0,0,0,0,0,2222,32.262321,26.0013438379783
"223",75,75,1,4.47643951116983,20.5556583482431,22.8620827789429,24.5528023129184,27.2175855590342,29.6563840242086,34.6849156297149,36.6428879646765,40.8315771042668,1,1,1,1,1,1,1,1,0.806451612903226,0.790322580645161,0.774193548387097,0.741935483870968,0.725806451612903,0.661290322580645,0.645161290322581,0.596774193548387,1,1,1,1,0,0,0,0,2223,2.812119,-1.66432051116983
"224",75,75,2,6.25620732430618,22.3354261613794,24.6418505920793,26.3325701260548,28.9973533721705,31.436151837345,36.4646834428512,38.4226557778128,42.6113449174031,1,1,1,1,1,1,1,1,0.790322580645161,0.774193548387097,0.758064516129032,0.725806451612903,0.693548387096774,0.645161290322581,0.629032258064516,0.580645161290323,1,1,1,1,0,0,0,0,2224,2.514023,-3.74218432430618
"225",75,75,3,6.27422219788921,22.3534410349624,24.6598654656623,26.3505849996378,29.0153682457535,31.454166710928,36.4826983164343,38.4406706513959,42.6293597909862,1,1,1,1,1,1,1,1,0.80327868852459,0.786885245901639,0.770491803278688,0.737704918032787,0.704918032786885,0.655737704918033,0.639344262295082,0.590163934426229,0,0,0,0,0,0,0,0,2225,3.866696,-2.40752619788921
"226",76,76,1,6.17759644317783,22.2216986913184,24.5230859520252,26.2101129992278,28.8690764291698,31.3025486229589,36.3200980483533,38.2737942234887,42.453335376714,1,1,1,1,1,1,1,1,0.790322580645161,0.774193548387097,0.758064516129032,0.725806451612903,0.693548387096774,0.645161290322581,0.629032258064516,0.580645161290323,0,0,0,0,0,0,0,0,2226,2.916834,-3.26076244317783
"227",76,76,2,6.2344264251564,22.2785286732969,24.5799159340038,26.2669429812064,28.9259064111484,31.3593786049375,36.3769280303319,38.3306242054673,42.5101653586925,1,1,1,1,1,1,1,1,0.790322580645161,0.774193548387097,0.758064516129032,0.725806451612903,0.693548387096774,0.645161290322581,0.629032258064516,0.580645161290323,0,0,0,0,0,0,0,0,2227,2.620479,-3.6139474251564
"228",76,76,3,6.25215726322473,22.2962595113653,24.5976467720721,26.2846738192747,28.9436372492167,31.3771094430058,36.3946588684002,38.3483550435356,42.5278961967609,1,1,1,1,1,1,1,1,0.80327868852459,0.786885245901639,0.770491803278688,0.737704918032787,0.704918032786885,0.655737704918033,0.639344262295082,0.590163934426229,0,0,0,0,0,0,0,0,2228,3.155864,-3.09629326322473
"229",77,77,1,6.22036537730883,22.2642966411564,24.56565937565,26.2526684439639,28.9116035369522,31.34504979688,36.3625457495324,38.3162211038481,42.4957177151054,1,1,1,1,1,1,1,1,0.790322580645161,0.774193548387097,0.758064516129032,0.725806451612903,0.693548387096774,0.645161290322581,0.629032258064516,0.580645161290323,0,0,0,0,0,0,0,0,2229,2.874475,-3.34589037730883
"230",77,77,2,6.23720156488622,22.2811328287337,24.5824955632273,26.2695046315413,28.9284397245296,31.3618859844574,36.3793819371098,38.3330572914255,42.5125539026828,1,1,1,1,1,1,1,1,0.790322580645161,0.774193548387097,0.758064516129032,0.725806451612903,0.693548387096774,0.645161290322581,0.629032258064516,0.580645161290323,0,0,0,0,0,0,0,0,2230,2.579366,-3.65783556488622
"231",77,77,3,6.2548586533999,22.2987899172474,24.600152651741,26.287161720055,28.9460968130433,31.3795430729711,36.3970390256235,38.3507143799392,42.5302109911965,1,1,1,1,1,1,1,1,0.80327868852459,0.786885245901639,0.770491803278688,0.737704918032787,0.704918032786885,0.655737704918033,0.639344262295082,0.590163934426229,0,0,0,0,0,0,0,0,2231,3.325213,-2.9296456533999
"232",78,78,1,6.21319527498895,22.2568996683839,24.5582298602795,26.2452150733111,28.9041125674218,31.3375244170143,36.3549494193765,38.3085971475946,42.4880346583563,1,1,1,1,1,1,1,1,0.790322580645161,0.774193548387097,0.758064516129032,0.725806451612903,0.693548387096774,0.645161290322581,0.629032258064516,0.580645161290323,0,0,0,0,0,0,0,0,2232,3.072834,-3.14036127498895
"233",78,78,2,6.22852259512314,22.2722269885181,24.5735571804137,26.2605423934452,28.919439887556,31.3528517371484,36.3702767395107,38.3239244677288,42.5033619784905,1,1,1,1,1,1,1,1,0.790322580645161,0.774193548387097,0.758064516129032,0.725806451612903,0.693548387096774,0.645161290322581,0.629032258064516,0.580645161290323,0,0,0,0,0,0,0,0,2233,2.655495,-3.57302759512314
"234",78,78,3,6.25386816055244,22.2975725539474,24.598902745843,26.2858879588745,28.9447854529853,31.3781973025777,36.39562230494,38.3492700331581,42.5287075439198,0,0,0,0,1,1,1,1,0,0,0,0,0.977272727272727,0.909090909090909,0.886363636363636,0.818181818181818,0,0,0,0,0,0,0,0,2234,30.841824,24.5879558394476
"235",79,79,1,4.55924128154545,20.6282224190318,22.9331783405535,24.6228213869925,27.2859079555137,29.7231536284604,34.7484835488312,36.7052092353848,40.8912314207214,1,1,1,1,1,1,1,1,0.806451612903226,0.790322580645161,0.774193548387097,0.741935483870968,0.709677419354839,0.661290322580645,0.645161290322581,0.596774193548387,1,1,1,1,0,0,0,0,2235,2.666864,-1.89237728154545
"236",79,79,2,6.26501113568818,22.3339922731746,24.6389481946962,26.3285912411352,28.9916778096564,31.4289234826031,36.454253402974,38.4109790895276,42.5970012748642,1,1,1,1,1,1,1,1,0.790322580645161,0.774193548387097,0.758064516129032,0.725806451612903,0.693548387096774,0.645161290322581,0.629032258064516,0.580645161290323,1,1,1,1,0,0,0,0,2236,2.637572,-3.62743913568818
"237",79,79,3,6.26678453343453,22.3357656709209,24.6407215924426,26.3303646388816,28.9934512074028,31.4306968803495,36.4560268007203,38.4127524872739,42.5987746726105,1,1,1,1,1,1,1,1,0.80327868852459,0.786885245901639,0.770491803278688,0.737704918032787,0.704918032786885,0.655737704918033,0.639344262295082,0.590163934426229,0,0,0,0,0,0,0,0,2237,3.152768,-3.11401653343453
"238",80,80,1,6.22315134934193,22.2684188131872,24.5699732139769,26.2571227828625,28.9162793221414,31.3499282487868,36.3678420777048,38.3216801415809,42.5015248373114,1,1,1,1,1,1,1,1,0.790322580645161,0.774193548387097,0.758064516129032,0.725806451612903,0.693548387096774,0.645161290322581,0.629032258064516,0.580645161290323,0,0,0,0,0,0,0,0,2238,2.529607,-3.69354434934193
"239",80,80,2,6.26086400035872,22.306131464204,24.6076858649937,26.2948354338793,28.9539919731582,31.3876408998036,36.4055547287215,38.3593927925977,42.5392374883282,1,1,1,1,1,1,1,1,0.790322580645161,0.774193548387097,0.758064516129032,0.725806451612903,0.693548387096774,0.645161290322581,0.629032258064516,0.580645161290323,0,0,0,0,0,0,0,0,2239,3.014565,-3.24629900035872
"240",80,80,3,6.23151516143619,22.2767826252815,24.5783370260712,26.2654865949568,28.9246431342357,31.3582920608811,36.376205889799,38.3300439536752,42.5098886494057,1,1,1,1,1,1,1,1,0.790322580645161,0.774193548387097,0.758064516129032,0.725806451612903,0.693548387096774,0.645161290322581,0.629032258064516,0.580645161290323,0,0,0,0,0,0,0,0,2240,3.076798,-3.15471716143619
"241",81,81,1,6.22816053795929,22.2731991832539,24.5747207620078,26.2618462707697,28.9209648883159,31.3545791091503,36.37242137854,38.3262315790979,42.5060166668469,1,1,1,1,1,1,1,1,0.790322580645161,0.774193548387097,0.758064516129032,0.725806451612903,0.693548387096774,0.645161290322581,0.629032258064516,0.580645161290323,0,0,0,0,0,0,0,0,2241,2.518515,-3.70964553795929
"242",81,81,2,6.26194943175637,22.3069880770509,24.6085096558049,26.2956351645668,28.954753782113,31.3883680029474,36.406210272337,38.3600204728949,42.539805560644,1,1,1,1,1,1,1,1,0.790322580645161,0.774193548387097,0.758064516129032,0.725806451612903,0.693548387096774,0.645161290322581,0.629032258064516,0.580645161290323,0,0,0,0,0,0,0,0,2242,2.579534,-3.68241543175637
"243",81,81,3,6.25825638627477,22.3032950315693,24.6048166103233,26.2919421190852,28.9510607366314,31.3846749574658,36.4025172268554,38.3563274274133,42.5361125151624,1,1,1,1,1,1,1,1,0.80327868852459,0.786885245901639,0.770491803278688,0.737704918032787,0.704918032786885,0.655737704918033,0.639344262295082,0.590163934426229,0,0,0,0,0,0,0,0,2243,3.234211,-3.02404538627477
"244",82,82,1,6.21835593099159,22.2635430416665,24.5650859164911,26.2522270362924,28.9113702587688,31.3450069979324,36.362895697616,38.3167239768574,42.4965477403239,1,1,1,1,1,1,1,1,0.790322580645161,0.774193548387097,0.758064516129032,0.725806451612903,0.693548387096774,0.645161290322581,0.629032258064516,0.580645161290323,0,0,0,0,0,0,0,0,2244,2.635564,-3.58279193099159
"245",82,82,2,6.25458595556421,22.2997730662391,24.6013159410637,26.288457060865,28.9476002833414,31.381237022505,36.3991257221886,38.35295400143,42.5327777648965,1,1,1,1,1,1,1,1,0.790322580645161,0.774193548387097,0.758064516129032,0.725806451612903,0.693548387096774,0.645161290322581,0.629032258064516,0.580645161290323,0,0,0,0,0,0,0,0,2245,2.737392,-3.51719395556421
"246",82,82,3,6.24842334063056,22.2936104513055,24.5951533261301,26.2822944459314,28.9414376684078,31.3750744075713,36.392963107255,38.3467913864963,42.5266151499629,0,0,0,0,1,1,1,1,0,0,0,0,1,0.930232558139535,0.906976744186046,0.837209302325581,0,0,0,0,0,0,0,0,2246,31.39194,25.1435166593694
"247",83,83,1,4.52633150783993,20.598102380795,22.9034584656644,24.5933948509963,27.2569437579192,29.6946125610346,34.7208149288245,36.6778803224824,40.8646292430403,1,1,1,1,1,1,1,1,0.806451612903226,0.790322580645161,0.774193548387097,0.741935483870968,0.709677419354839,0.661290322580645,0.645161290322581,0.596774193548387,1,1,1,1,0,0,0,0,2247,2.428026,-2.09830550783993
"248",83,83,2,6.28202253522277,22.3537934081778,24.6591494930473,26.3490858783792,29.0126347853021,31.4503035884175,36.4765059562074,38.4335713498652,42.6203202704231,1,1,1,1,1,1,1,1,0.790322580645161,0.774193548387097,0.758064516129032,0.725806451612903,0.693548387096774,0.645161290322581,0.629032258064516,0.580645161290323,1,1,1,1,0,0,0,0,2248,2.590885,-3.69113753522278
"249",83,83,3,6.27215059301812,22.3439214659732,24.6492775508426,26.3392139361745,29.0027628430974,31.4404316462128,36.4666340140027,38.4236994076606,42.6104483282185,1,1,1,1,1,1,1,1,0.790322580645161,0.774193548387097,0.758064516129032,0.725806451612903,0.693548387096774,0.645161290322581,0.629032258064516,0.580645161290323,0,0,0,0,0,0,0,0,2249,3.103141,-3.16900959301812
"250",84,84,1,6.2251595995312,22.2671766834308,24.5682648454193,26.2550726389411,28.9136904979452,31.3468464266593,36.3637437485907,38.3171860125168,42.4961839736319,1,1,1,1,1,1,1,1,0.790322580645161,0.774193548387097,0.758064516129032,0.725806451612903,0.693548387096774,0.645161290322581,0.629032258064516,0.580645161290323,0,0,0,0,0,0,0,0,2250,2.500711,-3.7244485995312
"251",84,84,2,6.26161935469617,22.3036364385958,24.6047246005842,26.291532394106,28.9501502531101,31.3833061818243,36.4002035037556,38.3536457676818,42.5326437287969,1,1,1,1,1,1,1,1,0.790322580645161,0.774193548387097,0.758064516129032,0.725806451612903,0.693548387096774,0.645161290322581,0.629032258064516,0.580645161290323,0,0,0,0,0,0,0,0,2251,2.527918,-3.73370135469617
"252",84,84,3,6.25997275582365,22.3019898397233,24.6030780017117,26.2898857952335,28.9485036542376,31.3816595829518,36.3985569048831,38.3519991688093,42.5309971299244,1,1,1,1,1,1,1,1,0.790322580645161,0.774193548387097,0.758064516129032,0.725806451612903,0.693548387096774,0.645161290322581,0.629032258064516,0.580645161290323,0,0,0,0,0,0,0,0,2252,3.122166,-3.13780675582365
"253",85,85,1,6.22401272635455,22.266211001762,24.5673251541002,26.2541519997927,28.9127998873758,31.3459832981198,36.3629372849447,38.3164016126268,42.4954467747228,1,1,1,1,1,1,1,1,0.790322580645161,0.774193548387097,0.758064516129032,0.725806451612903,0.693548387096774,0.645161290322581,0.629032258064516,0.580645161290323,0,0,0,0,0,0,0,0,2253,2.403924,-3.82008872635455
"254",85,85,2,6.26730905003719,22.3095073254447,24.6106214777828,26.2974483234753,28.9560962110585,31.3892796218024,36.4062336086273,38.3596979363094,42.5387430984054,1,1,1,1,1,1,1,1,0.942307692307692,0.923076923076923,0.903846153846154,0.865384615384615,0.826923076923077,0.769230769230769,0.75,0.692307692307692,0,0,0,0,0,0,0,0,2254,17.854014,11.5867049499628
"255",85,85,3,5.33596265485863,21.3781609302661,23.6792750826043,25.3661019282968,28.0247498158799,30.4579332266239,35.4748872134488,37.4283515411309,41.6073967032268,1,1,1,1,1,1,1,1,0.819672131147541,0.786885245901639,0.770491803278688,0.754098360655738,0.721311475409836,0.672131147540984,0.655737704918033,0.60655737704918,0,0,0,0,0,0,0,0,2255,3.309343,-2.02661965485863
"256",86,86,1,6.19936883888897,22.196219767573,24.4908292364803,26.1728878377888,28.8240203820565,31.2503257820768,36.2530980745959,38.2010404393488,42.3682724691866,1,1,1,1,1,1,1,1,0.790322580645161,0.774193548387097,0.758064516129032,0.725806451612903,0.693548387096774,0.645161290322581,0.629032258064516,0.580645161290323,0,0,0,0,0,0,0,0,2256,2.61171,-3.58765883888897
"257",86,86,2,6.24130172654412,22.2381526552281,24.5327621241354,26.2148207254439,28.8659532697116,31.292258669732,36.295030962251,38.2429733270039,42.4102053568418,1,1,1,1,1,1,1,1,0.790322580645161,0.774193548387097,0.758064516129032,0.725806451612903,0.693548387096774,0.645161290322581,0.629032258064516,0.580645161290323,0,0,0,0,0,0,0,0,2257,2.632849,-3.60845272654412
"258",86,86,3,6.24003111676485,22.2368820454489,24.5314915143562,26.2135501156646,28.8646826599324,31.2909880599527,36.2937603524717,38.2417027172246,42.4089347470625,0,0,0,0,0,1,1,1,0,0,0,0,0,0.952380952380952,0.928571428571429,0.857142857142857,0,0,0,0,0,0,0,0,2258,32.849765,26.6097338832352
"259",87,87,1,4.43008485371692,20.4567745944796,22.7556641820829,24.4408603153177,27.0969379982341,29.5277691684326,34.53987309647,36.4914489442391,40.6664540822956,1,1,1,1,1,1,1,1,0.806451612903226,0.790322580645161,0.774193548387097,0.741935483870968,0.725806451612903,0.661290322580645,0.645161290322581,0.596774193548387,1,1,1,1,1,0,0,0,2259,2.561084,-1.86900085371692
"260",87,87,2,6.2576537430623,22.284343483825,24.5832330714283,26.2684292046631,28.9245068875795,31.355338057778,36.3674419858154,38.3190178335845,42.494022971641,1,1,1,1,1,1,1,1,0.790322580645161,0.774193548387097,0.758064516129032,0.725806451612903,0.693548387096774,0.645161290322581,0.629032258064516,0.580645161290323,1,1,1,1,1,0,0,0,2260,2.628782,-3.6288717430623
"261",87,87,3,6.25356895777004,22.2802586985327,24.579148286136,26.2643444193709,28.9204221022872,31.3512532724857,36.3633572005231,38.3149330482922,42.4899381863487,1,1,1,1,1,1,1,1,0.790322580645161,0.774193548387097,0.758064516129032,0.725806451612903,0.693548387096774,0.645161290322581,0.629032258064516,0.580645161290323,0,0,0,0,0,0,0,0,2261,2.922522,-3.33104695777004
"262",88,88,1,6.22664561765998,22.2403433890867,24.5373693914136,26.2211994274167,28.8751239720139,31.3039845990413,36.3120254858896,38.2620192968201,42.4336399843376,1,1,1,1,1,1,1,1,0.790322580645161,0.774193548387097,0.758064516129032,0.725806451612903,0.693548387096774,0.645161290322581,0.629032258064516,0.580645161290323,0,0,0,0,0,0,0,0,2262,2.555833,-3.67081261765998
"263",88,88,2,6.2487695286113,22.262467300038,24.5594933023649,26.2433233383681,28.8972478829653,31.3261085099926,36.3341493968409,38.2841432077714,42.4557638952889,1,1,1,1,1,1,1,1,0.790322580645161,0.774193548387097,0.758064516129032,0.725806451612903,0.693548387096774,0.645161290322581,0.629032258064516,0.580645161290323,0,0,0,0,0,0,0,0,2263,2.632077,-3.6166925286113
"264",88,88,3,6.24416940298284,22.2578671744095,24.5548931767365,26.2387232127396,28.8926477573368,31.3215083843642,36.3295492712124,38.2795430821429,42.4511637696605,1,1,1,1,1,1,1,1,0.80327868852459,0.786885245901639,0.770491803278688,0.737704918032787,0.704918032786885,0.655737704918033,0.639344262295082,0.590163934426229,0,0,0,0,0,0,0,0,2264,3.21385,-3.03031940298284
"265",89,89,1,6.20918393438627,22.2228328641073,24.5198518605154,26.2036767608445,28.8575932109839,31.2864464299973,36.2944720423436,38.2444599058018,42.4160678698951,1,1,1,1,1,1,1,1,0.790322580645161,0.774193548387097,0.758064516129032,0.725806451612903,0.693548387096774,0.645161290322581,0.629032258064516,0.580645161290323,0,0,0,0,0,0,0,0,2265,2.49856,-3.71062393438627
"266",89,89,2,6.25234132355306,22.2659902532741,24.5630092496822,26.2468341500113,28.9007506001507,31.3296038191641,36.3376294315104,38.2876172949686,42.4592252590619,1,1,1,1,1,1,1,1,0.790322580645161,0.774193548387097,0.758064516129032,0.725806451612903,0.693548387096774,0.645161290322581,0.629032258064516,0.580645161290323,0,0,0,0,0,0,0,0,2266,2.701378,-3.55096332355306
"267",89,89,3,6.24010419545672,22.2537531251778,24.5507721215858,26.234597021915,28.8885134720543,31.3173666910678,36.325392303414,38.2753801668722,42.4469881309656,1,1,1,1,1,1,1,1,0.80327868852459,0.786885245901639,0.770491803278688,0.737704918032787,0.704918032786885,0.655737704918033,0.639344262295082,0.590163934426229,0,0,0,0,0,0,0,0,2267,3.537412,-2.70269219545672
"268",90,90,1,6.18973275979121,22.2033595469348,24.5003753671822,26.1841979392336,28.8381107197189,31.2669605802804,36.2749792678717,38.2249644350202,42.3965666308996,1,1,1,1,1,1,1,1,0.790322580645161,0.774193548387097,0.758064516129032,0.725806451612903,0.693548387096774,0.645161290322581,0.629032258064516,0.580645161290323,0,0,0,0,0,0,0,0,2268,2.877775,-3.31195775979121
"269",90,90,2,6.22953278294207,22.2431595700856,24.5401753903331,26.2239979623844,28.8779107428698,31.3067606034313,36.3147792910226,38.2647644581711,42.4363666540505,1,1,1,1,1,1,1,1,0.790322580645161,0.774193548387097,0.758064516129032,0.725806451612903,0.693548387096774,0.645161290322581,0.629032258064516,0.580645161290323,0,0,0,0,0,0,0,0,2269,2.78124,-3.44829278294207
"270",90,90,3,6.2353573428665,22.2489841300101,24.5459999502575,26.2298225223089,28.8837353027942,31.3125851633557,36.320603850947,38.2705890180955,42.4421912139749,0,0,0,0,0,0,0,0,0,0,0,0,0,0,0,0,0,0,0,0,0,0,0,0,2270,43.752317,37.5169596571335
"271",91,91,1,3.75234744865358,19.8254486178523,22.1309955221755,23.8210717873031,26.4848411620969,28.9227117364843,33.9493301342302,35.9065575185462,40.0936529856301,1,1,1,1,1,1,1,1,0.82258064516129,0.790322580645161,0.774193548387097,0.758064516129032,0.725806451612903,0.67741935483871,0.661290322580645,0.612903225806452,1,1,1,1,1,1,1,1,2271,3.101646,-0.650701448653577
"272",91,91,2,6.23687691700972,22.3099780862084,24.6155249905317,26.3056012556592,28.969370630453,31.4072412048404,36.4338596025863,38.3910869869024,42.5781824539862,1,1,1,1,1,1,1,1,0.790322580645161,0.774193548387097,0.758064516129032,0.725806451612903,0.693548387096774,0.645161290322581,0.629032258064516,0.580645161290323,1,1,1,1,1,1,1,1,2272,2.6344,-3.60247691700972
"273",91,91,3,6.2654345380136,22.3385357072123,24.6440826115356,26.3341588766631,28.9979282514569,31.4357988258443,36.4624172235902,38.4196446079062,42.6067400749901,1,1,1,1,1,1,1,1,0.790322580645161,0.774193548387097,0.758064516129032,0.725806451612903,0.693548387096774,0.645161290322581,0.629032258064516,0.580645161290323,0,0,0,0,0,0,0,0,2273,3.00818,-3.2572545380136
"274",92,92,1,6.22475005788632,22.2659551602356,24.5669268505158,26.2536492646991,28.9121325552982,31.3451653275718,36.3618087145993,38.3151521032363,42.4939385404996,1,1,1,1,1,1,1,1,0.790322580645161,0.774193548387097,0.758064516129032,0.725806451612903,0.693548387096774,0.645161290322581,0.629032258064516,0.580645161290323,0,0,0,0,0,0,0,0,2274,2.440597,-3.78415305788632
"275",92,92,2,6.25921288795356,22.3004179903028,24.601389680583,26.2881120947663,28.9465953853654,31.3796281576391,36.3962715446666,38.3496149333036,42.5284013705669,1,1,1,1,1,1,1,1,0.790322580645161,0.774193548387097,0.758064516129032,0.725806451612903,0.693548387096774,0.645161290322581,0.629032258064516,0.580645161290323,0,0,0,0,0,0,0,0,2275,2.626064,-3.63314888795356
"276",92,92,3,6.24795159629387,22.2891566986431,24.5901283889233,26.2768508031066,28.9353340937057,31.3683668659794,36.3850102530069,38.3383536416439,42.5171400789072,1,1,1,1,1,1,1,1,0.790322580645161,0.774193548387097,0.758064516129032,0.725806451612903,0.693548387096774,0.645161290322581,0.629032258064516,0.580645161290323,0,0,0,0,0,0,0,0,2276,2.582736,-3.66521559629387
"277",93,93,1,6.25001991736204,22.2915274595179,24.5925425321643,26.279296747699,28.937830161164,31.3709088056745,36.3876467761605,38.3410269930029,42.5198922168258,1,1,1,1,1,1,1,1,0.790322580645161,0.774193548387097,0.758064516129032,0.725806451612903,0.693548387096774,0.645161290322581,0.629032258064516,0.580645161290323,0,0,0,0,0,0,0,0,2277,2.552418,-3.69760191736204
"278",93,93,2,6.25186059654894,22.2933681387048,24.5943832113512,26.2811374268859,28.9396708403509,31.3727494848614,36.3894874553474,38.3428676721898,42.5217328960127,1,1,1,1,1,1,1,1,0.80327868852459,0.786885245901639,0.770491803278688,0.737704918032787,0.704918032786885,0.655737704918033,0.639344262295082,0.590163934426229,0,0,0,0,0,0,0,0,2278,3.515208,-2.73665259654894
"279",93,93,3,6.19340728451143,22.2349148266673,24.5359298993137,26.2226841148484,28.8812175283134,31.3142961728239,36.3310341433099,38.2844143601523,42.4632795839752,1,1,1,1,1,1,1,1,0.790322580645161,0.774193548387097,0.758064516129032,0.725806451612903,0.693548387096774,0.645161290322581,0.629032258064516,0.580645161290323,0,0,0,0,0,0,0,0,2279,2.844909,-3.34849828451143
"280",94,94,1,6.23456151782402,22.2758196002098,24.5767988900165,26.2635268750166,28.9220189459126,31.355059753877,36.3717197096067,38.3250695496421,42.5038697883783,1,1,1,1,1,1,1,1,0.790322580645161,0.774193548387097,0.758064516129032,0.725806451612903,0.693548387096774,0.645161290322581,0.629032258064516,0.580645161290323,0,0,0,0,0,0,0,0,2280,2.460914,-3.77364751782402
"281",94,94,2,6.25787670507842,22.2991347874642,24.6001140772709,26.286842062271,28.945334133167,31.3783749411314,36.3950348968611,38.3483847368965,42.5271849756327,1,1,1,1,1,1,1,1,0.80327868852459,0.786885245901639,0.770491803278688,0.737704918032787,0.704918032786885,0.655737704918033,0.639344262295082,0.590163934426229,0,0,0,0,0,0,0,0,2281,3.459294,-2.79858270507842
"282",94,94,3,6.19725764323895,22.2385157256247,24.5394950154315,26.2262230004316,28.8847150713275,31.317755879292,36.3344158350216,38.287765675057,42.4665659137932,0,0,0,0,1,1,1,1,0,0,0,0,1,0.930232558139535,0.906976744186046,0.837209302325581,0,0,0,0,0,0,0,0,2282,32.402315,26.205057356761
"283",95,95,1,4.4491546356845,20.5188898543355,22.8239539422575,24.5136762798466,27.1768878210344,29.614247868442,34.63981361625,36.5966311275417,40.7828497534901,1,1,1,1,1,1,1,1,0.806451612903226,0.790322580645161,0.774193548387097,0.741935483870968,0.725806451612903,0.661290322580645,0.645161290322581,0.596774193548387,1,1,1,1,0,0,0,0,2283,2.387792,-2.0613626356845
"284",95,95,2,6.27939113221838,22.3491263508694,24.6541904387913,26.3439127763805,29.0071243175683,31.4444843649759,36.4700501127839,38.4268676240756,42.6130862500239,1,1,1,1,1,1,1,1,0.80327868852459,0.786885245901639,0.770491803278688,0.737704918032787,0.704918032786885,0.655737704918033,0.639344262295082,0.590163934426229,1,1,1,1,0,0,0,0,2284,3.539217,-2.74017413221838
"285",95,95,3,6.20917911991948,22.2789143385705,24.5839784264924,26.2737007640816,28.9369123052694,31.374272352677,36.399838100485,38.3566556117767,42.542874237725,1,1,1,1,1,1,1,1,0.790322580645161,0.774193548387097,0.758064516129032,0.725806451612903,0.693548387096774,0.645161290322581,0.629032258064516,0.580645161290323,0,0,0,0,0,0,0,0,2285,2.899581,-3.30959811991948
"286",96,96,1,6.23188166269096,22.2697588515523,24.5702531815174,26.2566256677347,28.9145574285489,31.3470854430735,36.362688075676,38.3156262230754,42.4935457279818,1,1,1,1,1,1,1,1,0.830508474576271,0.813559322033898,0.796610169491525,0.76271186440678,0.728813559322034,0.677966101694915,0.661016949152542,0.610169491525424,0,0,0,0,0,0,0,0,2286,6.521914,0.290032337309041
"287",96,96,2,6.01206823278039,22.0499454216417,24.3504397516068,26.0368122378241,28.6947439986383,31.1272720131629,36.1428746457655,38.0958127931648,42.2737322980712,1,1,1,1,1,1,1,1,0.890909090909091,0.872727272727273,0.854545454545454,0.818181818181818,0.8,0.727272727272727,0.709090909090909,0.654545454545455,0,0,0,0,0,0,0,0,2287,12.560303,6.54823476721961
"288",96,96,3,5.6456416791686,21.68351886803,23.984013197995,25.6703856842124,28.3283174450266,30.7608454595511,35.7764480921537,37.729386239553,41.9073057444594,1,1,1,1,1,1,1,1,0.806451612903226,0.774193548387097,0.758064516129032,0.725806451612903,0.709677419354839,0.661290322580645,0.629032258064516,0.596774193548387,0,0,0,0,0,0,0,0,2288,2.705951,-2.9396906791686
"289",97,97,1,6.25114393375233,22.2896457253014,24.5902296491026,26.2766678118914,28.934703087111,31.3673258375859,36.3831238051974,38.3361380106936,42.5142202266446,1,1,1,1,1,1,1,1,0.790322580645161,0.774193548387097,0.758064516129032,0.725806451612903,0.693548387096774,0.645161290322581,0.629032258064516,0.580645161290323,0,0,0,0,0,0,0,0,2289,2.49145,-3.75969393375233
"290",97,97,2,6.26418593517435,22.3026877267234,24.6032716505246,26.2897098133134,28.9477450885331,31.3803678390079,36.3961658066194,38.3491800121156,42.5272622280666,1,1,1,1,1,1,1,1,0.80327868852459,0.786885245901639,0.770491803278688,0.737704918032787,0.704918032786885,0.655737704918033,0.639344262295082,0.590163934426229,0,0,0,0,0,0,0,0,2290,3.460797,-2.80338893517435
"291",97,97,3,6.20524809827649,22.2437498898255,24.5443338136268,26.2307719764156,28.8888072516352,31.3214300021101,36.3372279697216,38.2902421752177,42.4683243911688,1,1,1,1,1,1,1,1,0.790322580645161,0.774193548387097,0.758064516129032,0.725806451612903,0.693548387096774,0.645161290322581,0.629032258064516,0.580645161290323,0,0,0,0,0,0,0,0,2291,2.780423,-3.42482509827649
"292",98,98,1,6.24682900536075,22.2852135375312,24.5857806414919,26.2722064745324,28.9302223165426,31.3628272818255,36.3785885783464,38.3315885051253,42.5096401746244,1,1,1,1,1,1,1,1,0.790322580645161,0.774193548387097,0.758064516129032,0.725806451612903,0.693548387096774,0.645161290322581,0.629032258064516,0.580645161290323,0,0,0,0,0,0,0,0,2292,2.444219,-3.80261000536075
"293",98,98,2,6.2672715273816,22.305656059552,24.6062231635128,26.2926489965532,28.9506648385634,31.3832698038464,36.3990311003673,38.3520310271461,42.5300826966452,1,1,1,1,1,1,1,1,0.80327868852459,0.786885245901639,0.770491803278688,0.737704918032787,0.704918032786885,0.655737704918033,0.639344262295082,0.590163934426229,0,0,0,0,0,0,0,0,2293,3.471767,-2.7955045273816
"294",98,98,3,6.20479257823918,22.2431771104096,24.5437442143704,26.2301700474108,28.888185889421,31.3207908547039,36.3365521512248,38.2895520780037,42.4676037475028,0,0,0,0,1,1,1,1,0,0,0,0,1,0.930232558139535,0.906976744186046,0.837209302325581,0,0,0,0,0,0,0,0,2294,32.177866,25.9730734217608
"295",99,99,1,4.46979513210634,20.5363110785788,22.8409133898388,24.5302972230259,27.1929752393794,29.6298470070933,34.6544059763967,36.6108314757425,40.7962114707506,1,1,1,1,1,1,1,1,0.806451612903226,0.790322580645161,0.774193548387097,0.741935483870968,0.725806451612903,0.661290322580645,0.645161290322581,0.596774193548387,1,1,1,1,0,0,0,0,2295,2.543598,-1.92619713210635
"296",99,99,2,6.27868520227086,22.3452011487434,24.6498034600033,26.3391872931905,29.0018653095439,31.4387370772579,36.4632960465612,38.4197215459071,42.6051015409151,1,1,1,1,1,1,1,1,0.80327868852459,0.786885245901639,0.770491803278688,0.737704918032787,0.704918032786885,0.655737704918033,0.639344262295082,0.590163934426229,1,1,1,1,0,0,0,0,2296,3.598422,-2.68026320227086
"297",99,99,3,6.21429823447496,22.2808141809475,24.5854164922074,26.2748003253946,28.937478341748,31.374350109462,36.3989090787653,38.3553345781111,42.5407145731192,1,1,1,1,1,1,1,1,0.790322580645161,0.774193548387097,0.758064516129032,0.725806451612903,0.693548387096774,0.645161290322581,0.629032258064516,0.580645161290323,0,0,0,0,0,0,0,0,2297,2.850522,-3.36377623447496
"298",100,100,1,6.24819108649587,22.2999559367761,24.6024423312753,26.2902750961716,28.9505084369228,31.3851428477653,36.4050886356591,38.3597178886482,42.5412551748131,1,1,1,1,1,1,1,1,0.790322580645161,0.774193548387097,0.758064516129032,0.725806451612903,0.693548387096774,0.645161290322581,0.629032258064516,0.580645161290323,0,0,0,0,0,0,0,0,2298,2.429938,-3.81825308649587
"299",100,100,2,6.27387164205305,22.3256364923333,24.6281228868325,26.3159556517288,28.97618899248,31.4108234033225,36.4307691912163,38.3853984442054,42.5669357303703,1,1,1,1,1,1,1,1,0.80327868852459,0.786885245901639,0.770491803278688,0.737704918032787,0.704918032786885,0.655737704918033,0.639344262295082,0.590163934426229,0,0,0,0,0,0,0,0,2299,3.421848,-2.85202364205305
"300",100,100,3,6.21330633319031,22.2650711834706,24.5675575779698,26.2553903428661,28.9156236836172,31.3502580944597,36.3702038823535,38.3248331353427,42.5063704215076,1,1,1,1,1,1,1,1,0.790322580645161,0.774193548387097,0.758064516129032,0.725806451612903,0.693548387096774,0.645161290322581,0.629032258064516,0.580645161290323,0,0,0,0,0,0,0,0,2300,2.521029,-3.69227733319031
"301",101,101,1,6.26835305451662,22.320090604049,24.6225730824928,26.310402976733,28.9706317929748,31.4052620630053,36.4251993130046,38.3798252415718,42.5613554158024,1,1,1,1,1,1,1,1,0.790322580645161,0.774193548387097,0.758064516129032,0.725806451612903,0.693548387096774,0.645161290322581,0.629032258064516,0.580645161290323,0,0,0,0,0,0,0,0,2301,2.707272,-3.56108105451662
"302",101,101,2,6.25698110399452,22.3087186535269,24.6112011319707,26.2990310262109,28.9592598424527,31.3938901124832,36.4138273624825,38.3684532910497,42.5499834652803,1,1,1,1,1,1,1,1,0.80327868852459,0.786885245901639,0.770491803278688,0.737704918032787,0.704918032786885,0.655737704918033,0.639344262295082,0.590163934426229,0,0,0,0,0,0,0,0,2302,3.493971,-2.76301010399452
"303",101,101,3,6.20894546182926,22.2606830113616,24.5631654898054,26.2509953840456,28.9112242002874,31.3458544703179,36.3657917203172,38.3204176488844,42.5019478231151,1,1,1,1,1,1,1,1,0.790322580645161,0.774193548387097,0.758064516129032,0.725806451612903,0.693548387096774,0.645161290322581,0.629032258064516,0.580645161290323,0,0,0,0,0,0,0,0,2303,2.503571,-3.70537446182926
"304",102,102,1,6.26963038688352,22.3212413231723,24.6237056400449,26.3115222209838,28.9717300538151,31.4063411199161,36.4262387735455,38.3808492843719,42.5623464754382,1,1,1,1,1,1,1,1,0.790322580645161,0.774193548387097,0.758064516129032,0.725806451612903,0.693548387096774,0.645161290322581,0.629032258064516,0.580645161290323,0,0,0,0,0,0,0,0,2304,2.685255,-3.58437538688352
"305",102,102,2,6.25853638284908,22.3101473191379,24.6126116360104,26.3004282169494,28.9606360497806,31.3952471158817,36.4151447695111,38.3697552803374,42.5512524714037,1,1,1,1,1,1,1,1,0.80327868852459,0.786885245901639,0.770491803278688,0.737704918032787,0.704918032786885,0.655737704918033,0.639344262295082,0.590163934426229,0,0,0,0,0,0,0,0,2305,3.531618,-2.72691838284908
"306",102,102,3,6.20685569254829,22.2584666288371,24.5609309457096,26.2487475266486,28.9089553594798,31.3435664255809,36.3634640792103,38.3180745900367,42.4995717811029,1,1,1,1,1,1,1,1,0.942307692307692,0.923076923076923,0.903846153846154,0.865384615384615,0.826923076923077,0.769230769230769,0.75,0.692307692307692,0,0,0,0,0,0,0,0,2306,17.825267,11.6184113074517
"307",103,103,1,5.34387876081693,21.4009882690904,23.7042413084057,25.3926360606575,28.053755163038,30.4892002192136,35.5108174677618,37.4660975417017,41.6490271287686,1,1,1,1,1,1,1,1,0.806451612903226,0.774193548387097,0.758064516129032,0.741935483870968,0.709677419354839,0.661290322580645,0.645161290322581,0.596774193548387,0,0,0,0,0,0,0,0,2307,2.705405,-2.63847376081693
"308",103,103,2,6.26560791599988,22.3227174242733,24.6259704635887,26.3143652158404,28.9754843182209,31.4109293743966,36.4325466229447,38.3878266968846,42.5707562839515,1,1,1,1,1,1,1,1,0.80327868852459,0.786885245901639,0.770491803278688,0.737704918032787,0.704918032786885,0.655737704918033,0.639344262295082,0.590163934426229,0,0,0,0,0,0,0,0,2308,3.408128,-2.85747991599988
"309",103,103,3,6.22276888234219,22.2798783906156,24.583131429931,26.2715261821827,28.9326452845632,31.3680903407389,36.3897075892871,38.344987663227,42.5279172502938,1,1,1,1,1,1,1,1,0.790322580645161,0.774193548387097,0.758064516129032,0.725806451612903,0.693548387096774,0.645161290322581,0.629032258064516,0.580645161290323,0,0,0,0,0,0,0,0,2309,2.550954,-3.67181488234219
"310",104,104,1,6.25822887408427,22.2855546348632,24.5845354540193,26.2697984643504,28.9259815538478,31.3569091917077,36.3692120253503,38.3208653215084,42.4960361448611,1,1,1,1,1,1,1,1,0.790322580645161,0.774193548387097,0.758064516129032,0.725806451612903,0.693548387096774,0.645161290322581,0.629032258064516,0.580645161290323,0,0,0,0,0,0,0,0,2310,2.473613,-3.78461587408427
"311",104,104,2,6.2629287881331,22.290254548912,24.5892353680682,26.2744983783992,28.9306814678966,31.3616091057565,36.3739119393991,38.3255652355573,42.5007360589099,1,1,1,1,1,1,1,1,0.80327868852459,0.786885245901639,0.770491803278688,0.737704918032787,0.704918032786885,0.655737704918033,0.639344262295082,0.590163934426229,0,0,0,0,0,0,0,0,2311,3.427154,-2.8357747881331
"312",104,104,3,6.20498331623544,22.2323090770143,24.5312898961705,26.2165529065016,28.872735995999,31.3036636338589,36.3159664675014,38.2676197636596,42.4427905870122,1,1,1,1,1,1,1,1,0.790322580645161,0.774193548387097,0.758064516129032,0.725806451612903,0.693548387096774,0.645161290322581,0.629032258064516,0.580645161290323,0,0,0,0,0,0,0,0,2312,2.435261,-3.76972231623544
"313",105,105,1,6.26546665593732,22.2926668227834,24.5916296265796,26.2768794307893,28.9330417058049,31.3639502943382,36.3762138503848,38.327851852924,42.502989958646,1,1,1,1,1,1,1,1,0.790322580645161,0.774193548387097,0.758064516129032,0.725806451612903,0.693548387096774,0.645161290322581,0.629032258064516,0.580645161290323,0,0,0,0,0,0,0,0,2313,2.462297,-3.80316965593732
"314",105,105,2,6.26382365090322,22.2910238177493,24.5899866215455,26.2752364257552,28.9313987007708,31.3623072893041,36.3745708453507,38.3262088478899,42.5013469536119,1,1,1,1,1,1,1,1,0.80327868852459,0.786885245901639,0.770491803278688,0.737704918032787,0.704918032786885,0.655737704918033,0.639344262295082,0.590163934426229,0,0,0,0,0,0,0,0,2314,3.375829,-2.88799465090322
"315",105,105,3,6.20830738833441,22.2355075551804,24.5344703589767,26.2197201631863,28.8758824382019,31.3067910267353,36.3190545827819,38.2706925853211,42.4458306910431,1,1,1,1,1,1,1,1,0.790322580645161,0.774193548387097,0.758064516129032,0.725806451612903,0.693548387096774,0.645161290322581,0.629032258064516,0.580645161290323,0,0,0,0,0,0,0,0,2315,2.489491,-3.71881638833441
"316",106,106,1,6.26067158696828,22.2881305977184,24.5871305304268,26.2724075519067,28.928612724709,31.3595605731169,36.3719050786652,38.3235746007209,42.4987801361272,1,1,1,1,1,1,1,1,0.80327868852459,0.786885245901639,0.770491803278688,0.737704918032787,0.704918032786885,0.655737704918033,0.639344262295082,0.590163934426229,0,0,0,0,0,0,0,0,2316,4.592545,-1.66812658696828
"317",106,106,2,6.13332253759637,22.1607815483465,24.4597814810549,26.1450585025348,28.801263675337,31.232211523745,36.2445560292933,38.196225551349,42.3714310867553,1,1,1,1,1,1,1,1,0.80327868852459,0.786885245901639,0.770491803278688,0.737704918032787,0.721311475409836,0.655737704918033,0.639344262295082,0.590163934426229,0,0,0,0,0,0,0,0,2317,3.230105,-2.90321753759637
"318",106,106,3,6.21582419415215,22.2432832049022,24.5422831376107,26.2275601590906,28.8837653318928,31.3147131803008,36.3270576858491,38.2787272079048,42.4539327433111,0,0,0,0,1,1,1,1,0,0,0,0,0.977272727272727,0.909090909090909,0.886363636363636,0.818181818181818,0,0,0,0,0,0,0,0,2318,31.203633,24.9878088058478
"319",107,107,1,4.53783415972204,20.5907548527456,22.8934070428576,24.5813613438761,27.2417862405982,29.676595962663,34.6969032228289,36.6516732232099,40.8335116101928,1,1,1,1,1,1,1,1,0.806451612903226,0.790322580645161,0.774193548387097,0.741935483870968,0.725806451612903,0.661290322580645,0.645161290322581,0.596774193548387,1,1,1,1,0,0,0,0,2319,2.267815,-2.27001915972204
"320",107,107,2,6.28838664192715,22.3413073349507,24.6439595250627,26.3319138260812,28.9923387228033,31.4271484448681,36.447455705034,38.402225705415,42.584064092398,1,1,1,1,1,1,1,1,0.80327868852459,0.786885245901639,0.770491803278688,0.737704918032787,0.704918032786885,0.655737704918033,0.639344262295082,0.590163934426229,1,1,1,1,0,0,0,0,2320,3.15316,-3.13522664192715
"321",107,107,3,6.23482524313214,22.2877459361557,24.5903981262677,26.2783524272862,28.9387773240083,31.3735870460731,36.393894306239,38.34866430662,42.5305026936029,1,1,1,1,1,1,1,1,0.790322580645161,0.774193548387097,0.758064516129032,0.725806451612903,0.693548387096774,0.645161290322581,0.629032258064516,0.580645161290323,0,0,0,0,0,0,0,0,2321,2.402339,-3.83248624313214
"322",108,108,1,6.26887585614742,22.307256338537,24.6078228615918,26.2942482688004,28.9522634396468,31.3848677906836,36.400627820697,38.3536272543326,42.5316778688505,1,1,1,1,1,1,1,1,0.790322580645161,0.774193548387097,0.758064516129032,0.725806451612903,0.693548387096774,0.645161290322581,0.629032258064516,0.580645161290323,0,0,0,0,0,0,0,0,2322,2.506217,-3.76265885614742
"323",108,108,2,6.26256595704239,22.3009464394319,24.6015129624868,26.2879383696954,28.9459535405418,31.3785578915785,36.3943179215919,38.3473173552275,42.5253679697454,1,1,1,1,1,1,1,1,0.790322580645161,0.774193548387097,0.758064516129032,0.725806451612903,0.693548387096774,0.645161290322581,0.629032258064516,0.580645161290323,0,0,0,0,0,0,0,0,2323,3.010724,-3.25184195704239
"324",108,108,3,6.23192050499495,22.2703009873845,24.5708675104393,26.2572929176479,28.9153080884944,31.3479124395311,36.3636724695445,38.3166719031801,42.494722517698,1,1,1,1,1,1,1,1,0.790322580645161,0.774193548387097,0.758064516129032,0.725806451612903,0.693548387096774,0.645161290322581,0.629032258064516,0.580645161290323,0,0,0,0,0,0,0,0,2324,2.400171,-3.83174950499496
"325",109,109,1,6.26587137594178,22.304600491744,24.605217023237,26.291679089025,28.9497520383299,31.3824092679698,36.3982783277907,38.3513202146439,42.529461649307,1,1,1,1,1,1,1,1,1,0.979591836734694,0.959183673469388,0.918367346938776,0.877551020408163,0.816326530612245,0.795918367346939,0.73469387755102,0,0,0,0,0,0,0,0,2325,22.51966,16.2537886240582
"326",109,109,2,5.04831251813662,21.0870416339388,23.3876581654318,25.0741202312199,27.7321931805247,30.1648504101646,35.1807194699855,37.1337613568388,41.3119027915019,1,1,1,1,1,1,1,1,0.819672131147541,0.80327868852459,0.770491803278688,0.754098360655738,0.721311475409836,0.672131147540984,0.655737704918033,0.60655737704918,0,0,0,0,0,0,0,0,2326,3.245277,-1.80303551813662
"327",109,109,3,6.2147286110294,22.2534577268316,24.5540742583246,26.2405363241126,28.8986092734175,31.3312665030574,36.3471355628783,38.3001774497315,42.4783188843947,1,1,1,1,1,1,1,1,0.790322580645161,0.774193548387097,0.758064516129032,0.725806451612903,0.693548387096774,0.645161290322581,0.629032258064516,0.580645161290323,0,0,0,0,0,0,0,0,2327,2.296785,-3.9179436110294
"328",110,110,1,6.28851861241814,22.3375854336865,24.6396848193334,26.3272338882119,28.9870200889259,31.4212452790793,36.4403472993562,38.3946480123698,42.5754824531456,1,1,1,1,1,1,1,1,0.790322580645161,0.774193548387097,0.758064516129032,0.725806451612903,0.693548387096774,0.645161290322581,0.629032258064516,0.580645161290323,0,0,0,0,0,0,0,0,2328,3.024003,-3.26451561241814
"329",110,110,2,6.24388835707252,22.2929551783409,24.5950545639878,26.2826036328663,28.9423898335803,31.3766150237336,36.3957170440106,38.3500177570242,42.5308521977999,1,1,1,1,1,1,1,1,0.80327868852459,0.786885245901639,0.770491803278688,0.737704918032787,0.704918032786885,0.655737704918033,0.639344262295082,0.590163934426229,0,0,0,0,0,0,0,0,2329,3.38948,-2.85440835707252
"330",110,110,3,6.22145858796209,22.2705254092305,24.5726247948774,26.2601738637559,28.9199600644699,31.3541852546232,36.3732872749002,38.3275879879138,42.5084224286895,0,0,0,0,1,1,1,1,0,0,0,0,1,0.930232558139535,0.906976744186046,0.837209302325581,0,0,0,0,0,0,0,0,2330,31.385724,25.1642654120379
"331",111,111,1,4.52049750033925,20.5956730670716,22.9015175257225,24.5918119124184,27.2559250738009,29.6941102802343,34.7213774143191,36.6788573987785,40.86649325321,1,1,1,1,1,1,1,1,0.806451612903226,0.790322580645161,0.774193548387097,0.741935483870968,0.709677419354839,0.661290322580645,0.645161290322581,0.596774193548387,1,1,1,1,0,0,0,0,2331,2.495723,-2.02477450033925
"332",111,111,2,6.28788928657716,22.3630648533095,24.6689093119604,26.3592036986563,29.0233168600389,31.4615020664723,36.488769200557,38.4462491850164,42.6338850394479,1,1,1,1,1,1,1,1,0.80327868852459,0.786885245901639,0.770491803278688,0.737704918032787,0.704918032786885,0.655737704918033,0.639344262295082,0.590163934426229,1,1,1,1,0,0,0,0,2332,3.603873,-2.68401628657716
"333",111,111,3,6.22009644683584,22.2952720135681,24.6011164722191,26.291410858915,28.9555240202975,31.3937092267309,36.4209763608157,38.3784563452751,42.5660921997066,1,1,1,1,1,1,1,1,0.790322580645161,0.774193548387097,0.758064516129032,0.725806451612903,0.693548387096774,0.645161290322581,0.629032258064516,0.580645161290323,0,0,0,0,0,0,0,0,2333,2.385375,-3.83472144683584
"334",112,112,1,6.27522141535822,22.3209943601811,24.6226212678312,26.3098239877169,28.9690642995506,31.4027898944872,36.4208618049076,38.3747614213865,42.5547377965663,1,1,1,1,1,1,1,1,0.80327868852459,0.786885245901639,0.770491803278688,0.737704918032787,0.704918032786885,0.655737704918033,0.639344262295082,0.590163934426229,0,0,0,0,0,0,0,0,2334,3.503488,-2.77173341535822
"335",112,112,2,6.20722100125694,22.2529939460798,24.5546208537299,26.2418235736157,28.9010638854493,31.334789480386,36.3528613908063,38.3067610072852,42.486737382465,1,1,1,1,1,1,1,1,0.790322580645161,0.774193548387097,0.758064516129032,0.725806451612903,0.693548387096774,0.645161290322581,0.629032258064516,0.580645161290323,0,0,0,0,0,0,0,0,2335,3.082494,-3.12472700125694
"336",112,112,3,6.23282464447918,22.278597589302,24.5802244969522,26.2674272168379,28.9266675286716,31.3603931236082,36.3784650340285,38.3323646505075,42.5123410256872,1,1,1,1,1,1,1,1,0.80327868852459,0.786885245901639,0.770491803278688,0.737704918032787,0.704918032786885,0.655737704918033,0.639344262295082,0.590163934426229,0,0,0,0,0,0,0,0,2336,3.576192,-2.65663264447918
"337",113,113,1,6.20393132077303,22.2491231494139,24.5506667009898,26.2378083168822,28.8969523212596,31.3305897760156,36.3484799511715,38.3023088049213,42.4821337974334,1,1,1,1,1,1,1,1,0.830508474576271,0.813559322033898,0.796610169491525,0.76271186440678,0.728813559322034,0.677966101694915,0.661016949152542,0.610169491525424,0,0,0,0,0,0,0,0,2337,7.075122,0.87119067922697
"338",113,113,2,5.99109304648798,22.0362848751289,24.3378284267048,26.0249700425972,28.6841140469745,31.1177515017305,36.1356416768864,38.0894705306362,42.2692955231484,1,1,1,1,1,1,1,1,0.80327868852459,0.786885245901639,0.770491803278688,0.737704918032787,0.721311475409836,0.655737704918033,0.639344262295082,0.590163934426229,0,0,0,0,0,0,0,0,2338,3.236913,-2.75418004648798
"339",113,113,3,6.22456950354924,22.2697613321901,24.571304883766,26.2584464996584,28.9175905040358,31.3512279587918,36.3691181339477,38.3229469876975,42.5027719802096,1,1,1,1,1,1,1,1,0.80327868852459,0.786885245901639,0.770491803278688,0.737704918032787,0.704918032786885,0.655737704918033,0.639344262295082,0.590163934426229,0,0,0,0,0,0,0,0,2339,3.250562,-2.97400750354924
"340",114,114,1,6.22813105419964,22.2721471734704,24.5735220797382,26.2605400705454,28.9194892264874,31.3529483567716,36.3704708466694,38.324156533861,42.5036752502337,1,1,1,1,1,1,1,1,0.790322580645161,0.774193548387097,0.758064516129032,0.725806451612903,0.693548387096774,0.645161290322581,0.629032258064516,0.580645161290323,0,0,0,0,0,0,0,0,2340,2.583545,-3.64458605419964
"341",114,114,2,6.26890447034959,22.3129205896203,24.6142954958881,26.3013134866954,28.9602626426374,31.3937217729215,36.4112442628194,38.3649299500109,42.5444486663837,1,1,1,1,1,1,1,1,0.80327868852459,0.786885245901639,0.770491803278688,0.737704918032787,0.704918032786885,0.655737704918033,0.639344262295082,0.590163934426229,0,0,0,0,0,0,0,0,2341,3.528886,-2.74001847034959
"342",114,114,3,6.21111766432124,22.255133783592,24.5565086898598,26.243526680667,28.902475836609,31.3359349668932,36.353457456791,38.3071431439826,42.4866618603553,0,1,1,1,1,1,1,1,0,1,0.979166666666667,0.9375,0.895833333333333,0.833333333333333,0.8125,0.75,0,0,0,0,0,0,0,0,2342,23.529689,17.3185713356788
"343",115,115,1,4.99520514307609,21.0517310826186,23.3549004140628,25.0432338044373,27.7042561929044,30.1396127369117,35.1610474831979,37.1162564957609,41.2990340612631,1,1,1,1,1,1,1,1,0.819672131147541,0.80327868852459,0.770491803278688,0.754098360655738,0.721311475409836,0.672131147540984,0.655737704918033,0.60655737704918,1,0,0,0,0,0,0,0,2343,3.468407,-1.52679814307609
"344",115,115,2,6.22569342849813,22.2822193680406,24.5853886994848,26.2737220898593,28.9347444783265,31.3701010223337,36.39153576862,38.3467447811829,42.5295223466852,1,1,1,1,1,1,1,1,0.790322580645161,0.774193548387097,0.758064516129032,0.725806451612903,0.693548387096774,0.645161290322581,0.629032258064516,0.580645161290323,1,0,0,0,0,0,0,0,2344,3.072041,-3.15365242849813
"345",115,115,3,6.25000512102803,22.3065310605705,24.6097003920147,26.2980337823892,28.9590561708564,31.3944127148636,36.4158474611499,38.3710564737128,42.5538340392151,1,1,1,1,1,1,1,1,0.790322580645161,0.774193548387097,0.758064516129032,0.725806451612903,0.693548387096774,0.645161290322581,0.629032258064516,0.580645161290323,0,0,0,0,0,0,0,0,2345,2.257903,-3.99210212102803
"346",116,116,1,6.2830944047149,22.309264063082,24.6080790493782,26.2932204962831,28.9492119867751,31.3799642740277,36.3919055541909,38.3434180713372,42.5182877262273,1,1,1,1,1,1,1,1,0.790322580645161,0.774193548387097,0.758064516129032,0.725806451612903,0.693548387096774,0.645161290322581,0.629032258064516,0.580645161290323,0,0,0,0,0,0,0,0,2346,2.814859,-3.4682354047149
"347",116,116,2,6.24904147318759,22.2752111315547,24.5740261178508,26.2591675647558,28.9151590552477,31.3459113425004,36.3578526226636,38.3093651398099,42.4842347947,1,1,1,1,1,1,1,1,0.80327868852459,0.786885245901639,0.770491803278688,0.737704918032787,0.704918032786885,0.655737704918033,0.639344262295082,0.590163934426229,0,0,0,0,0,0,0,0,2347,3.24155,-3.00749147318759
"348",116,116,3,6.22295309384287,22.24912275221,24.5479377385061,26.2330791854111,28.889070675903,31.3198229631557,36.3317642433188,38.2832767604652,42.4581464153552,1,1,1,1,1,1,1,1,0.790322580645161,0.774193548387097,0.758064516129032,0.725806451612903,0.693548387096774,0.645161290322581,0.629032258064516,0.580645161290323,0,0,0,0,0,0,0,0,2348,2.627434,-3.59551909384287
"349",117,117,1,6.26118308223686,22.2869615233437,24.5857203929183,26.2708207035796,28.9267473582601,31.3574403080497,36.3692592409535,38.3207241194315,42.4954918609447,1,1,1,1,1,1,1,1,0.790322580645161,0.774193548387097,0.758064516129032,0.725806451612903,0.693548387096774,0.645161290322581,0.629032258064516,0.580645161290323,0,0,0,0,0,0,0,0,2349,2.752921,-3.50826208223686
"350",117,117,2,6.25350971235885,22.2792881534657,24.5780470230403,26.2631473337016,28.9190739883821,31.3497669381717,36.3615858710755,38.3130507495535,42.4878184910667,1,1,1,1,1,1,1,1,0.80327868852459,0.786885245901639,0.770491803278688,0.737704918032787,0.704918032786885,0.655737704918033,0.639344262295082,0.590163934426229,0,0,0,0,0,0,0,0,2350,3.281047,-2.97246271235885
"351",117,117,3,6.22121548156047,22.2469939226674,24.5457527922419,26.2308531029032,28.8867797575837,31.3174727073733,36.3292916402771,38.2807565187551,42.4555242602683,1,1,1,1,1,1,1,1,0.790322580645161,0.774193548387097,0.758064516129032,0.725806451612903,0.693548387096774,0.645161290322581,0.629032258064516,0.580645161290323,0,0,0,0,0,0,0,0,2351,2.581499,-3.63971648156048
"352",118,118,1,6.24234513128723,22.2143315214052,24.5053743879926,26.1848184990399,28.8318302830602,31.2543643805623,36.2493606660935,38.1942752669278,42.3550300030794,1,1,1,1,1,1,1,1,0.790322580645161,0.774193548387097,0.758064516129032,0.725806451612903,0.693548387096774,0.645161290322581,0.629032258064516,0.580645161290323,0,0,0,0,0,0,0,0,2352,2.553271,-3.68907413128723
"353",118,118,2,6.24406928759777,22.2160556777157,24.5070985443031,26.1865426553504,28.8335544393707,31.2560885368728,36.251084822404,38.1959994232383,42.35675415939,1,1,1,1,1,1,1,1,0.80327868852459,0.786885245901639,0.770491803278688,0.737704918032787,0.704918032786885,0.655737704918033,0.639344262295082,0.590163934426229,0,0,0,0,0,0,0,0,2353,3.378439,-2.86563028759777
"354",118,118,3,6.19366831641839,22.1656547065364,24.4566975731237,26.136141684171,28.7831534681914,31.2056875656934,36.2006838512246,38.145598452059,42.3063531882106,0,0,0,0,1,1,1,1,0,0,0,0,1,0.909090909090909,0.886363636363636,0.818181818181818,0,0,0,0,0,0,0,0,2354,30.7309,24.5372316835816
"355",119,119,1,4.53617320985855,20.5333517156016,22.8280081725958,24.5101012184216,27.161288051512,29.5876431364354,34.5905178737069,36.5385001276376,40.7058174923716,1,1,1,1,1,1,1,1,0.806451612903226,0.790322580645161,0.774193548387097,0.741935483870968,0.725806451612903,0.661290322580645,0.645161290322581,0.596774193548387,1,1,1,1,0,0,0,0,2355,2.7049,-1.83127320985855
"356",119,119,2,6.24890747765759,22.2460859834006,24.5407424403948,26.2228354862207,28.874022319311,31.3003774042344,36.3032521415059,38.2512343954366,42.4185517601706,1,1,1,1,1,1,1,1,0.80327868852459,0.786885245901639,0.770491803278688,0.737704918032787,0.704918032786885,0.655737704918033,0.639344262295082,0.590163934426229,1,1,1,1,0,0,0,0,2356,3.269799,-2.97910847765759
"357",119,119,3,6.21438518139178,22.2115636871348,24.506220144129,26.1883131899549,28.8395000230452,31.2658551079686,36.2687298452401,38.2167120991708,42.3840294639048,1,1,1,1,1,1,1,1,0.790322580645161,0.774193548387097,0.758064516129032,0.725806451612903,0.693548387096774,0.645161290322581,0.629032258064516,0.580645161290323,0,0,0,0,0,0,0,0,2357,3.035156,-3.17922918139178
"358",120,120,1,6.2191955049758,22.2085090518323,24.5020373487146,26.1833033991647,28.8331867851855,31.2583489608106,36.258764051582,38.2057885866041,42.3710571038036,1,1,1,1,1,1,1,1,0.790322580645161,0.774193548387097,0.758064516129032,0.725806451612903,0.693548387096774,0.645161290322581,0.629032258064516,0.580645161290323,0,0,0,0,0,0,0,0,2358,2.94812,-3.2710755049758
"359",120,120,2,6.22451569806522,22.2138292449217,24.507357541804,26.1886235922541,28.838506978275,31.2636691539,36.2640842446714,38.2111087796935,42.376377296893,1,1,1,1,1,1,1,1,0.80327868852459,0.786885245901639,0.770491803278688,0.737704918032787,0.704918032786885,0.655737704918033,0.639344262295082,0.590163934426229,0,0,0,0,0,0,0,0,2359,3.338098,-2.88641769806522
"360",120,120,3,6.20067776593797,22.1899913127944,24.4835196096767,26.1647856601269,28.8146690461477,31.2398312217727,36.2402463125442,38.1872708475663,42.3525393647657,1,1,1,1,1,1,1,1,0.790322580645161,0.774193548387097,0.758064516129032,0.725806451612903,0.709677419354839,0.645161290322581,0.629032258064516,0.580645161290323,0,0,0,0,0,0,0,0,2360,2.524914,-3.67576376593797
"361",121,121,1,6.24259995989565,22.2247418272465,24.5172414089288,26.1977533618849,28.8464481969203,31.2705226156619,36.2686948725354,38.2148461095317,42.3782463807447,1,1,1,1,1,1,1,1,0.80327868852459,0.786885245901639,0.770491803278688,0.737704918032787,0.704918032786885,0.655737704918033,0.639344262295082,0.590163934426229,0,0,0,0,0,0,0,0,2361,3.205675,-3.03692495989565
"362",121,121,2,6.20136333637013,22.1835052037209,24.4760047854033,26.1565167383593,28.8052115733948,31.2292859921363,36.2274582490099,38.1736094860062,42.3370097572192,1,1,1,1,1,1,1,1,0.80327868852459,0.786885245901639,0.770491803278688,0.737704918032787,0.721311475409836,0.655737704918033,0.639344262295082,0.590163934426229,0,0,0,0,0,0,0,0,2362,3.286951,-2.91441233637013
"363",121,121,3,6.19644009926686,22.1785819666177,24.4710815483,26.1515935012561,28.8002883362915,31.2243627550331,36.2225350119066,38.1686862489029,42.3320865201159,1,1,1,1,1,1,1,1,0.790322580645161,0.774193548387097,0.758064516129032,0.725806451612903,0.709677419354839,0.645161290322581,0.629032258064516,0.580645161290323,0,0,0,0,0,0,0,0,2363,2.476381,-3.72005909926686
"364",122,122,1,6.24599165003981,22.2278867671338,24.5203509546328,26.2008369619578,28.8494909034675,31.2735278966255,36.271622986102,38.2177441762296,42.381080168193,1,1,1,1,1,1,1,1,0.790322580645161,0.774193548387097,0.758064516129032,0.725806451612903,0.693548387096774,0.645161290322581,0.629032258064516,0.580645161290323,0,0,0,0,0,0,0,0,2364,2.520635,-3.72535665003981
"365",122,122,2,6.24331077669661,22.2252058937906,24.5176700812896,26.1981560886146,28.8468100301243,31.2708470232823,36.2689421127588,38.2150633028864,42.3783992948498,1,1,1,1,1,1,1,1,0.80327868852459,0.786885245901639,0.770491803278688,0.737704918032787,0.704918032786885,0.655737704918033,0.639344262295082,0.590163934426229,0,0,0,0,0,0,0,0,2365,3.426636,-2.81667477669661
"366",122,122,3,6.18842593171492,22.1703210488089,24.4627852363079,26.1432712436329,28.7919251851426,31.2159621783006,36.2140572677771,38.1601784579047,42.3235144498681,0,0,0,0,0,0,0,0,0,0,0,0,0,0,0,0,0,0,0,0,0,0,0,0,2366,53.532695,47.3442690682851
"367",123,123,1,3.14984548555875,19.2260491447792,21.5320410743773,23.2224435643381,25.886727109846,28.3250682511172,33.352656905521,35.3102620811771,39.4981657570671,1,1,1,1,1,1,1,1,0.836065573770492,0.819672131147541,0.80327868852459,0.770491803278688,0.737704918032787,0.688524590163934,0.672131147540984,0.622950819672131,1,1,1,1,1,1,1,1,2367,3.332778,0.182932514441255
"368",123,123,2,6.21728747880615,22.2934911380266,24.5994830676247,26.2898855575855,28.9541691030934,31.3925102443646,36.4200988987684,38.3777040744245,42.5656077503145,1,1,1,1,1,1,1,1,0.790322580645161,0.774193548387097,0.758064516129032,0.725806451612903,0.693548387096774,0.645161290322581,0.629032258064516,0.580645161290323,1,1,1,1,1,1,1,1,2368,2.80147,-3.41581747880615
"369",123,123,3,6.24975280082149,22.3259564600419,24.6319483896401,26.3223508796008,28.9866344251087,31.4249755663799,36.4525642207837,38.4101693964399,42.5980730723299,1,1,1,1,1,1,1,1,0.790322580645161,0.774193548387097,0.758064516129032,0.725806451612903,0.693548387096774,0.645161290322581,0.629032258064516,0.580645161290323,0,0,0,0,0,0,0,0,2369,2.597868,-3.65188480082149
"370",124,124,1,6.24794809640569,22.2944986281178,24.5962370738605,26.2835215565082,28.9428907365746,31.376734271178,36.3950493600941,38.3490436636118,42.5292226027215,1,1,1,1,1,1,1,1,0.790322580645161,0.774193548387097,0.758064516129032,0.725806451612903,0.693548387096774,0.645161290322581,0.629032258064516,0.580645161290323,0,0,0,0,0,0,0,0,2370,2.970412,-3.27753609640569
"371",124,124,2,6.22536044011065,22.2719109718228,24.5736494175654,26.2609339002132,28.9203030802795,31.354146614883,36.372461703799,38.3264560073167,42.5066349464264,1,1,1,1,1,1,1,1,0.80327868852459,0.786885245901639,0.770491803278688,0.737704918032787,0.704918032786885,0.655737704918033,0.639344262295082,0.590163934426229,0,0,0,0,0,0,0,0,2371,3.255568,-2.96979244011064
"372",124,124,3,6.2080711918112,22.2546217235233,24.556360169266,26.2436446519137,28.9030138319801,31.3368573665835,36.3551724554996,38.3091667590173,42.489345698127,1,1,1,1,1,1,1,1,0.790322580645161,0.774193548387097,0.758064516129032,0.725806451612903,0.693548387096774,0.645161290322581,0.629032258064516,0.580645161290323,0,0,0,0,0,0,0,0,2372,2.700737,-3.5073341918112
"373",125,125,1,6.24222862533055,22.2884882917499,24.59018501539,26.277438913739,28.9367598891651,31.3705593070838,36.3887834322949,38.3427423170399,42.5228454847887,1,1,1,1,1,1,1,1,0.790322580645161,0.774193548387097,0.758064516129032,0.725806451612903,0.693548387096774,0.645161290322581,0.629032258064516,0.580645161290323,0,0,0,0,0,0,0,0,2373,3.083002,-3.15922662533055
"374",125,125,2,6.2190493973345,22.2653090637538,24.5670057873939,26.2542596857429,28.9135806611691,31.3473800790877,36.3656042042988,38.3195630890439,42.4996662567927,1,1,1,1,1,1,1,1,0.790322580645161,0.774193548387097,0.758064516129032,0.725806451612903,0.693548387096774,0.645161290322581,0.629032258064516,0.580645161290323,0,0,0,0,0,0,0,0,2374,2.787932,-3.4311173973345
"375",125,125,3,6.23694142198963,22.283201088409,24.5848978120491,26.2721517103981,28.9314726858242,31.3652721037428,36.3834962289539,38.337455113699,42.5175582814478,1,1,1,1,1,1,1,1,0.790322580645161,0.774193548387097,0.758064516129032,0.725806451612903,0.693548387096774,0.645161290322581,0.629032258064516,0.580645161290323,0,0,0,0,0,0,0,0,2375,2.456899,-3.78004242198963
"376",126,126,1,6.25862209996563,22.3047943332246,24.6064785153364,26.2937232201448,28.953029705413,31.3868158619997,36.4050126438171,38.3589608817944,42.5390412729187,1,1,1,1,1,1,1,1,0.790322580645161,0.774193548387097,0.758064516129032,0.725806451612903,0.693548387096774,0.645161290322581,0.629032258064516,0.580645161290323,0,0,0,0,0,0,0,0,2376,3.122089,-3.13653309996563
"377",126,126,2,6.21836078848837,22.2645330217473,24.5662172038592,26.2534619086675,28.9127683939357,31.3465545505224,36.3647513323399,38.3186995703171,42.4987799614415,1,1,1,1,1,1,1,1,0.790322580645161,0.774193548387097,0.758064516129032,0.725806451612903,0.693548387096774,0.645161290322581,0.629032258064516,0.580645161290323,0,0,0,0,0,0,0,0,2377,2.542378,-3.67598278848837
"378",126,126,3,6.25344839524402,22.299620628503,24.6013048106148,26.2885495154231,28.9478560006913,31.3816421572781,36.3998389390955,38.3537871770728,42.5338675681971,0,0,0,0,1,1,1,1,0,0,0,0,0.977272727272727,0.909090909090909,0.886363636363636,0.818181818181818,0,0,0,0,0,0,0,0,2378,31.072077,24.818628604756
"379",127,127,1,4.53538644672432,20.6069477979612,22.912273828758,24.6021881830158,27.2657023662392,29.7033393903701,34.7294762334232,36.6865161135451,40.8732104530096,1,1,1,1,1,1,1,1,0.806451612903226,0.790322580645161,0.774193548387097,0.741935483870968,0.709677419354839,0.661290322580645,0.645161290322581,0.596774193548387,1,1,1,1,0,0,0,0,2379,2.967141,-1.56824544672432
"380",127,127,2,6.24324144371807,22.3148027949549,24.6201288257518,26.3100431800096,28.9735573632329,31.4111943873639,36.437331230417,38.3943711105389,42.5810654500033,1,1,1,1,1,1,1,1,0.790322580645161,0.774193548387097,0.758064516129032,0.725806451612903,0.693548387096774,0.645161290322581,0.629032258064516,0.580645161290323,1,1,1,1,0,0,0,0,2380,2.683457,-3.55978444371807
"381",127,127,3,6.26048009307728,22.3320414443141,24.637367475111,26.3272818293688,28.9907960125921,31.4284330367231,36.4545698797762,38.4116097598981,42.5983040993626,1,1,1,1,1,1,1,1,0.790322580645161,0.774193548387097,0.758064516129032,0.725806451612903,0.693548387096774,0.645161290322581,0.629032258064516,0.580645161290323,0,0,0,0,0,0,0,0,2381,2.407152,-3.85332809307728
"382",128,128,1,6.26080621318412,22.3064996532983,24.6081151566879,26.2953095167045,28.9545366523499,31.3882501884941,36.4062972350238,38.3601871701854,42.5401428341283,1,1,1,1,1,1,1,1,0.790322580645161,0.774193548387097,0.758064516129032,0.725806451612903,0.693548387096774,0.645161290322581,0.629032258064516,0.580645161290323,0,0,0,0,0,0,0,0,2382,3.025088,-3.23571821318412
"383",128,128,2,6.22333102108575,22.2690244612,24.5706399645895,26.2578343246062,28.9170614602515,31.3507749963958,36.3688220429254,38.322711978087,42.5026676420299,1,1,1,1,1,1,1,1,0.790322580645161,0.774193548387097,0.758064516129032,0.725806451612903,0.693548387096774,0.645161290322581,0.629032258064516,0.580645161290323,0,0,0,0,0,0,0,0,2383,2.586897,-3.63643402108575
"384",128,128,3,6.24990544287179,22.295598882986,24.5972143863755,26.2844087463922,28.9436358820375,31.3773494181818,36.3953964647114,38.349286399873,42.5292420638159,1,1,1,1,1,1,1,1,0.790322580645161,0.774193548387097,0.758064516129032,0.725806451612903,0.693548387096774,0.645161290322581,0.629032258064516,0.580645161290323,0,0,0,0,0,0,0,0,2384,2.666143,-3.58376244287179
"385",129,129,1,6.244958373312,22.2907231285697,24.5923488614978,26.279550720256,28.9387896748461,31.3725140276391,36.3905833768973,38.3444819961299,42.5244562379011,1,1,1,1,1,1,1,1,0.790322580645161,0.774193548387097,0.758064516129032,0.725806451612903,0.693548387096774,0.645161290322581,0.629032258064516,0.580645161290323,0,0,0,0,0,0,0,0,2385,3.077681,-3.167277373312
"386",129,129,2,6.22000096735279,22.2657657226105,24.5673914555385,26.2545933142967,28.9138322688869,31.3475566216799,36.3656259709381,38.3195245901707,42.4994988319419,1,1,1,1,1,1,1,1,0.790322580645161,0.774193548387097,0.758064516129032,0.725806451612903,0.693548387096774,0.645161290322581,0.629032258064516,0.580645161290323,0,0,0,0,0,0,0,0,2386,2.534275,-3.68572596735279
"387",129,129,3,6.2529554069007,22.2987201621584,24.6003458950865,26.2875477538447,28.9467867084348,31.3805110612278,36.398580410486,38.3524790297186,42.5324532714898,1,1,1,1,1,1,1,1,0.790322580645161,0.774193548387097,0.758064516129032,0.725806451612903,0.693548387096774,0.645161290322581,0.629032258064516,0.580645161290323,0,0,0,0,0,0,0,0,2387,2.643139,-3.6098164069007
"388",130,130,1,6.24672716504995,22.29227285887,24.5938671693356,26.2810459939243,28.9402486438124,31.3739397706942,36.3919406118131,38.3458125558547,42.5257297314043,1,1,1,1,1,1,1,1,0.790322580645161,0.774193548387097,0.758064516129032,0.725806451612903,0.693548387096774,0.645161290322581,0.629032258064516,0.580645161290323,0,0,0,0,0,0,0,0,2388,3.094761,-3.15196616504995
"389",130,130,2,6.21933702388172,22.2648827177018,24.5664770281673,26.2536558527561,28.9128585026441,31.3465496295259,36.3645504706449,38.3184224146864,42.4983395902361,1,1,1,1,1,1,1,1,0.790322580645161,0.774193548387097,0.758064516129032,0.725806451612903,0.693548387096774,0.645161290322581,0.629032258064516,0.580645161290323,0,0,0,0,0,0,0,0,2389,2.548205,-3.67113202388172
"390",130,130,3,6.25248475804069,22.2980304518608,24.5996247623263,26.286803586915,28.9460062368031,31.3796973636849,36.3976982048038,38.3515701488454,42.5314873243951,0,0,0,0,1,1,1,1,0,0,0,0,0.977272727272727,0.909090909090909,0.886363636363636,0.818181818181818,0,0,0,0,0,0,0,0,2390,30.704574,24.4520892419593
"391",131,131,1,4.55780959104144,20.6281905486642,22.9333472622388,24.6231374988661,27.2864560573419,29.7239140465232,34.7496817393921,36.7065778825537,40.8929647256178,1,1,1,1,1,1,1,1,0.819672131147541,0.80327868852459,0.786885245901639,0.754098360655738,0.721311475409836,0.672131147540984,0.655737704918033,0.60655737704918,1,1,1,1,0,0,0,0,2391,3.140755,-1.41705459104144
"392",131,131,2,6.23297510411301,22.3033560617357,24.6085127753104,26.2983030119377,28.9616215704134,31.3990795595948,36.4248472524637,38.3817433956252,42.5681302386894,1,1,1,1,1,1,1,1,0.790322580645161,0.774193548387097,0.758064516129032,0.725806451612903,0.693548387096774,0.645161290322581,0.629032258064516,0.580645161290323,1,1,1,1,0,0,0,0,2392,2.773995,-3.45898010411301
"393",131,131,3,6.25526460266087,22.3256455602836,24.6308022738582,26.3205925104856,28.9839110689613,31.4213690581427,36.4471367510116,38.4040328941731,42.5904197372373,1,1,1,1,1,1,1,1,0.790322580645161,0.774193548387097,0.758064516129032,0.725806451612903,0.693548387096774,0.645161290322581,0.629032258064516,0.580645161290323,0,0,0,0,0,0,0,0,2393,2.560961,-3.69430360266087
"394",132,132,1,6.25149213322663,22.2929270785497,24.5939317378102,26.2806783198346,28.9391997019425,31.3722673354054,36.3889826023339,38.3423539790336,42.5212002911439,1,1,1,1,1,1,1,1,0.790322580645161,0.774193548387097,0.758064516129032,0.725806451612903,0.693548387096774,0.645161290322581,0.629032258064516,0.580645161290323,0,0,0,0,0,0,0,0,2394,2.979166,-3.27232613322663
"395",132,132,2,6.22612315061538,22.2675580959384,24.568562755199,26.2553093372233,28.9138307193313,31.3468983527942,36.3636136197227,38.3169849964223,42.4958313085327,1,1,1,1,1,1,1,1,0.790322580645161,0.774193548387097,0.758064516129032,0.725806451612903,0.693548387096774,0.645161290322581,0.629032258064516,0.580645161290323,0,0,0,0,0,0,0,0,2395,2.342604,-3.88351915061538
"396",132,132,3,6.26473801726926,22.3061729625923,24.6071776218529,26.2939242038772,28.9524455859851,31.3855132194481,36.4022284863765,38.3555998630762,42.5344461751865,1,1,1,1,1,1,1,1,0.790322580645161,0.774193548387097,0.758064516129032,0.725806451612903,0.693548387096774,0.645161290322581,0.629032258064516,0.580645161290323,0,0,0,0,0,0,0,0,2396,2.348175,-3.91656301726926
"397",133,133,1,6.26482042979459,22.306015378489,24.6069856123156,26.2937069588486,28.9521885666987,31.3852197989275,36.4018600105536,38.3552021627764,42.5339859549794,1,1,1,1,1,1,1,1,0.790322580645161,0.774193548387097,0.758064516129032,0.725806451612903,0.693548387096774,0.645161290322581,0.629032258064516,0.580645161290323,0,0,0,0,0,0,0,0,2397,2.876209,-3.38861142979459
"398",133,133,2,6.23278659049722,22.2739815391917,24.5749517730182,26.2616731195512,28.9201547274013,31.3531859596301,36.3698261712562,38.323168323479,42.501952115682,1,1,1,1,1,1,1,1,0.790322580645161,0.774193548387097,0.758064516129032,0.725806451612903,0.693548387096774,0.645161290322581,0.629032258064516,0.580645161290323,0,0,0,0,0,0,0,0,2398,2.397452,-3.83533459049722
"399",133,133,3,6.26183097930644,22.3030259280009,24.6039961618274,26.2907175083604,28.9491991162106,31.3822303484394,36.3988705600655,38.3522127122882,42.5309965044912,1,1,1,1,1,1,1,1,0.790322580645161,0.774193548387097,0.758064516129032,0.725806451612903,0.693548387096774,0.645161290322581,0.629032258064516,0.580645161290323,0,0,0,0,0,0,0,0,2399,2.682778,-3.57905297930644
"400",134,134,1,6.23195929946799,22.2579178298767,24.556702531699,26.2418217786347,28.8977782792275,31.3284985438709,36.3403737969701,38.291860604988,42.4666752603538,1,1,1,1,1,1,1,1,0.80327868852459,0.786885245901639,0.770491803278688,0.737704918032787,0.704918032786885,0.655737704918033,0.639344262295082,0.590163934426229,0,0,0,0,0,0,0,0,2400,3.184881,-3.04707829946799
"401",134,134,2,6.20185506241545,22.2278135928241,24.5265982946465,26.2117175415822,28.8676740421749,31.2983943068184,36.3102695599175,38.2617563679355,42.4365710233013,1,1,1,1,1,1,1,1,0.790322580645161,0.774193548387097,0.758064516129032,0.725806451612903,0.693548387096774,0.645161290322581,0.629032258064516,0.580645161290323,0,0,0,0,0,0,0,0,2401,2.602235,-3.59962006241545
"402",134,134,3,6.23678835957104,22.2627468899797,24.5615315918021,26.2466508387378,28.9026073393305,31.333327603974,36.3452028570731,38.2966896650911,42.4715043204569,1,1,1,1,1,1,1,1,0.924528301886792,0.905660377358491,0.886792452830189,0.849056603773585,0.811320754716981,0.754716981132076,0.735849056603774,0.679245283018868,0,0,0,0,0,0,0,0,2402,16.729506,10.492717640429
"403",135,135,1,5.40051556917686,21.4310619690364,23.7305047609248,25.4161064193868,28.072823260253,30.50423938513,35.5175494247551,37.4695948993073,41.6456047096826,1,1,1,1,1,1,1,1,0.806451612903226,0.774193548387097,0.758064516129032,0.741935483870968,0.709677419354839,0.661290322580645,0.645161290322581,0.596774193548387,0,0,0,0,0,0,0,0,2403,3.01888,-2.38163556917686
"404",135,135,2,6.21536459543939,22.2459109952989,24.5453537871873,26.2309554456493,28.8876722865155,31.3190884113925,36.3323984510176,38.2844439255698,42.4604537359452,1,1,1,1,1,1,1,1,0.790322580645161,0.774193548387097,0.758064516129032,0.725806451612903,0.693548387096774,0.645161290322581,0.629032258064516,0.580645161290323,0,0,0,0,0,0,0,0,2404,2.561364,-3.65400059543939
"405",135,135,3,6.24255565637997,22.2731020562395,24.5725448481279,26.2581465065899,28.9148633474561,31.3462794723331,36.3595895119582,38.3116349865104,42.4876447968857,1,1,1,1,1,1,1,1,0.790322580645161,0.774193548387097,0.758064516129032,0.725806451612903,0.693548387096774,0.645161290322581,0.629032258064516,0.580645161290323,0,0,0,0,0,0,0,0,2405,2.586849,-3.65570665637997
"406",136,136,1,6.22911880653363,22.2309846244691,24.5263134357278,26.2088993494203,28.8608630032708,31.2879290313001,36.2922696543054,38.2408226839493,42.4093611088525,1,1,1,1,1,1,1,1,0.790322580645161,0.774193548387097,0.758064516129032,0.725806451612903,0.693548387096774,0.645161290322581,0.629032258064516,0.580645161290323,0,0,0,0,0,0,0,0,2406,2.940675,-3.28844380653363
"407",136,136,2,6.20803071418512,22.2098965321206,24.5052253433793,26.1878112570718,28.8397749109223,31.2668409389516,36.2711815619569,38.2197345916008,42.388273016504,1,1,1,1,1,1,1,1,0.790322580645161,0.774193548387097,0.758064516129032,0.725806451612903,0.693548387096774,0.645161290322581,0.629032258064516,0.580645161290323,0,0,0,0,0,0,0,0,2407,2.451841,-3.75618971418512
"408",136,136,3,6.23716530727634,22.2390311252118,24.5343599364705,26.216945850163,28.8689095040135,31.2959755320428,36.3003161550482,38.248869184692,42.4174076095952,1,1,1,1,1,1,1,1,0.790322580645161,0.774193548387097,0.758064516129032,0.725806451612903,0.693548387096774,0.645161290322581,0.629032258064516,0.580645161290323,0,0,0,0,0,0,0,0,2408,2.303597,-3.93356830727634
"409",137,137,1,6.24470360544295,22.2468685682062,24.5422402891949,26.2248576577739,28.8768708884187,31.3039822889226,36.3084164649317,38.2570059215502,42.4256222746603,1,1,1,1,1,1,1,1,0.790322580645161,0.774193548387097,0.758064516129032,0.725806451612903,0.693548387096774,0.645161290322581,0.629032258064516,0.580645161290323,0,0,0,0,0,0,0,0,2409,2.952306,-3.29239760544295
"410",137,137,2,6.20612575633069,22.208290719094,24.5036624400827,26.1862798086617,28.8382930393065,31.2654044398103,36.2698386158195,38.218428072438,42.387044425548,1,1,1,1,1,1,1,1,0.790322580645161,0.774193548387097,0.758064516129032,0.725806451612903,0.693548387096774,0.645161290322581,0.629032258064516,0.580645161290323,0,0,0,0,0,0,0,0,2410,2.675753,-3.53037275633069
"411",137,137,3,6.22257199016673,22.22473695293,24.5201086739187,26.2027260424977,28.8547392731425,31.2818506736463,36.2862848496555,38.234874306274,42.4034906593841,1,1,1,1,1,1,1,1,0.790322580645161,0.774193548387097,0.758064516129032,0.725806451612903,0.693548387096774,0.645161290322581,0.629032258064516,0.580645161290323,0,0,0,0,0,0,0,0,2411,2.27113,-3.95144199016673
"412",138,138,1,6.24614923747731,22.2485779291757,24.5439874797919,26.2266325792991,28.8786895173189,31.3058409186293,36.3103575718595,38.2589791428465,42.4276641982074,1,1,1,1,1,1,1,1,0.790322580645161,0.774193548387097,0.758064516129032,0.725806451612903,0.693548387096774,0.645161290322581,0.629032258064516,0.580645161290323,0,0,0,0,0,0,0,0,2412,2.807119,-3.43903023747731
"413",138,138,2,6.21427748416136,22.2167061758598,24.512115726476,26.1947608259831,28.846817764003,31.2739691653133,36.2784858185435,38.2271073895305,42.3957924448915,1,1,1,1,1,1,1,1,0.790322580645161,0.774193548387097,0.758064516129032,0.725806451612903,0.693548387096774,0.645161290322581,0.629032258064516,0.580645161290323,0,0,0,0,0,0,0,0,2413,2.428697,-3.78558048416136
"414",138,138,3,6.23677976057622,22.2392084522746,24.5346180028909,26.217263102398,28.8693200404178,31.2964714417282,36.3009880949584,38.2496096659454,42.4182947213063,0,0,0,0,1,1,1,1,0,0,0,0,0.977272727272727,0.909090909090909,0.886363636363636,0.818181818181818,0,0,0,0,0,0,0,0,2414,31.041957,24.8051772394238
"415",139,139,1,4.54786230958672,20.5762444687012,22.8753768190328,24.5607509089703,27.217109073676,29.6481969396331,34.6608301458188,36.6126120799871,40.7880580985641,1,1,1,1,1,1,1,1,0.806451612903226,0.790322580645161,0.774193548387097,0.741935483870968,0.725806451612903,0.661290322580645,0.645161290322581,0.596774193548387,1,1,1,1,0,0,0,0,2415,2.839122,-1.70874030958672
"416",139,139,2,6.22361110985485,22.2519932689693,24.5511256193009,26.2364997092385,28.8928578739441,31.3239457399013,36.3365789460869,38.2883608802552,42.4638068988322,1,1,1,1,1,1,1,1,0.790322580645161,0.774193548387097,0.758064516129032,0.725806451612903,0.693548387096774,0.645161290322581,0.629032258064516,0.580645161290323,1,1,1,1,0,0,0,0,2416,2.318942,-3.90466910985485
"417",139,139,3,6.25451903137846,22.2829011904929,24.5820335408245,26.2674076307621,28.9237657954677,31.3548536614249,36.3674868676106,38.3192688017789,42.4947148203559,1,1,1,1,1,1,1,1,0.790322580645161,0.774193548387097,0.758064516129032,0.725806451612903,0.693548387096774,0.645161290322581,0.629032258064516,0.580645161290323,0,0,0,0,0,0,0,0,2417,2.521984,-3.73253503137846
"418",140,140,1,6.2399391486174,22.2661407499267,24.5649603181607,26.2501051238455,28.9061019081903,31.3368590403548,36.3488103101882,38.3003267170383,42.4752046931694,1,1,1,1,1,1,1,1,0.790322580645161,0.774193548387097,0.758064516129032,0.725806451612903,0.693548387096774,0.645161290322581,0.629032258064516,0.580645161290323,0,0,0,0,0,0,0,0,2418,3.060999,-3.1789401486174
"419",140,140,2,6.20763039767844,22.2338319989877,24.5326515672218,26.2177963729066,28.8737931572513,31.3045502894158,36.3165015592493,38.2680179660993,42.4428959422304,1,1,1,1,1,1,1,1,0.790322580645161,0.774193548387097,0.758064516129032,0.725806451612903,0.693548387096774,0.645161290322581,0.629032258064516,0.580645161290323,0,0,0,0,0,0,0,0,2419,2.354841,-3.85278939767844
"420",140,140,3,6.24995775952469,22.276159360834,24.574978929068,26.2601237347528,28.9161205190976,31.3468776512621,36.3588289210955,38.3103453279456,42.4852233040766,1,1,1,1,1,1,1,1,0.790322580645161,0.774193548387097,0.758064516129032,0.725806451612903,0.693548387096774,0.645161290322581,0.629032258064516,0.580645161290323,0,0,0,0,0,0,0,0,2420,2.338926,-3.91103175952469
"421",141,141,1,6.25034414902167,22.2768658882231,24.57573137746,26.2609098454386,28.9169596857247,31.3477653744645,36.3598167625639,38.3113721527217,42.4863335258215,1,1,1,1,1,1,1,1,0.790322580645161,0.774193548387097,0.758064516129032,0.725806451612903,0.693548387096774,0.645161290322581,0.629032258064516,0.580645161290323,0,0,0,0,0,0,0,0,2421,3.117968,-3.13237614902167
"422",141,141,2,6.2036528963962,22.2301746355976,24.5290401248346,26.2142185928131,28.8702684330992,31.301074121839,36.3131255099384,38.2646809000962,42.4396422731961,1,1,1,1,1,1,1,1,0.790322580645161,0.774193548387097,0.758064516129032,0.725806451612903,0.693548387096774,0.645161290322581,0.629032258064516,0.580645161290323,0,0,0,0,0,0,0,0,2422,2.450294,-3.7533588963962
"423",141,141,3,6.24366939795255,22.2701911371539,24.5690566263909,26.2542350943695,28.9102849346555,31.3410906233953,36.3531420114948,38.3046974016525,42.4796587747524,1,1,1,1,1,1,1,1,0.790322580645161,0.774193548387097,0.758064516129032,0.725806451612903,0.693548387096774,0.645161290322581,0.629032258064516,0.580645161290323,0,0,0,0,0,0,0,0,2423,2.309551,-3.93411839795255
"424",142,142,1,6.24918012225431,22.2760167073712,24.574927358523,26.2601389323473,28.9162409515439,31.3470943942041,36.3592442455841,38.3108379746437,42.4858813661352,1,1,1,1,1,1,1,1,0.80327868852459,0.786885245901639,0.770491803278688,0.737704918032787,0.704918032786885,0.655737704918033,0.639344262295082,0.590163934426229,0,0,0,0,0,0,0,0,2424,3.154731,-3.09444912225431
"425",142,142,2,6.19870527862006,22.2255418637369,24.5244525148887,26.2096640887131,28.8657661079097,31.2966195505698,36.3087694019499,38.2603631310095,42.4354065225009,1,1,1,1,1,1,1,1,0.790322580645161,0.774193548387097,0.758064516129032,0.725806451612903,0.693548387096774,0.645161290322581,0.629032258064516,0.580645161290323,0,0,0,0,0,0,0,0,2425,2.388275,-3.81043027862006
"426",142,142,3,6.24447866032873,22.2713152454456,24.5702258965974,26.2554374704218,28.9115394896183,31.3423929322785,36.3545427836585,38.3061365127182,42.4811799042096,0,0,0,0,1,1,1,1,0,0,0,0,0.977272727272727,0.909090909090909,0.886363636363636,0.818181818181818,0,0,0,0,0,0,0,0,2426,31.152531,24.9080523396713
"427",143,143,1,4.52445558756798,20.5770883520473,22.8796992413079,24.5676232668248,27.2280004456094,29.6627664964176,34.6829837113021,36.6377186505194,40.8194820311741,1,1,1,1,1,1,1,1,0.819672131147541,0.80327868852459,0.786885245901639,0.754098360655738,0.737704918032787,0.672131147540984,0.655737704918033,0.60655737704918,1,1,1,1,0,0,0,0,2427,3.223804,-1.30065158756798
"428",143,143,2,6.21222005278063,22.26485281726,24.5674637065205,26.2553877320375,28.9157649108221,31.3505309616303,36.3707481765147,38.3254831157321,42.5072464963868,1,1,1,1,1,1,1,1,0.790322580645161,0.774193548387097,0.758064516129032,0.725806451612903,0.693548387096774,0.645161290322581,0.629032258064516,0.580645161290323,1,1,1,1,0,0,0,0,2428,2.366494,-3.84572605278063
"429",143,143,3,6.2640282627886,22.3166610272679,24.6192719165285,26.3071959420455,28.96757312083,31.4023391716382,36.4225563865227,38.37729132574,42.5590547063947,1,1,1,1,1,1,1,1,0.790322580645161,0.774193548387097,0.758064516129032,0.725806451612903,0.693548387096774,0.645161290322581,0.629032258064516,0.580645161290323,0,0,0,0,0,0,0,0,2429,2.321098,-3.9429302627886
"430",144,144,1,6.24913587861017,22.2728458930634,24.5713080647812,26.2561908817083,28.9117747393445,31.342153962715,36.3533260265819,38.3045390319929,42.4787679415922,1,1,1,1,1,1,1,1,0.80327868852459,0.786885245901639,0.770491803278688,0.737704918032787,0.704918032786885,0.655737704918033,0.639344262295082,0.590163934426229,0,0,0,0,0,0,0,0,2430,3.694366,-2.55476987861017
"431",144,144,2,6.16713513397162,22.1908451484249,24.4893073201427,26.1741901370698,28.8297739947059,31.2601532180764,36.2713252819434,38.2225382873544,42.3967671969536,1,1,1,1,1,1,1,1,0.790322580645161,0.774193548387097,0.758064516129032,0.725806451612903,0.693548387096774,0.645161290322581,0.629032258064516,0.580645161290323,0,0,0,0,0,0,0,0,2431,2.588947,-3.57818813397162
"432",144,144,3,6.23314204677932,22.2568520612326,24.5553142329504,26.2401970498775,28.8957809075136,31.3261601308841,36.3373321947511,38.2885452001621,42.4627741097613,1,1,1,1,1,1,1,1,0.790322580645161,0.774193548387097,0.758064516129032,0.725806451612903,0.693548387096774,0.645161290322581,0.629032258064516,0.580645161290323,0,0,0,0,0,0,0,0,2432,2.75558,-3.47756204677932
"433",145,145,1,6.22351025198247,22.2470685097768,24.5455089133186,26.2303757731304,28.885934480378,31.3162906862182,36.3274152904938,38.2786098164411,42.452799192934,1,1,1,1,1,1,1,1,0.80327868852459,0.786885245901639,0.770491803278688,0.737704918032787,0.704918032786885,0.655737704918033,0.639344262295082,0.590163934426229,0,0,0,0,0,0,0,0,2433,3.329113,-2.89439725198247
"434",145,145,2,6.18926145007738,22.2128197078717,24.5112601114135,26.1961269712254,28.8516856784729,31.2820418843131,36.2931664885887,38.244361014536,42.4185503910289,1,1,1,1,1,1,1,1,0.790322580645161,0.774193548387097,0.758064516129032,0.725806451612903,0.693548387096774,0.645161290322581,0.629032258064516,0.580645161290323,0,0,0,0,0,0,0,0,2434,2.916128,-3.27313345007738
"435",145,145,3,6.21392305011569,22.23748130791,24.5359217114518,26.2207885712637,28.8763472785113,31.3067034843514,36.317828088627,38.2690226145744,42.4432119910672,1,1,1,1,1,1,1,1,0.790322580645161,0.774193548387097,0.758064516129032,0.725806451612903,0.693548387096774,0.645161290322581,0.629032258064516,0.580645161290323,0,0,0,0,0,0,0,0,2435,2.718373,-3.49555005011569
"436",146,146,1,6.22603818792218,22.2494196328959,24.5478346741727,26.23268294223,28.8882123465714,31.3185417345145,36.3296110432645,38.2807840386503,42.4549273548246,1,1,1,1,1,1,1,1,0.80327868852459,0.786885245901639,0.770491803278688,0.737704918032787,0.704918032786885,0.655737704918033,0.639344262295082,0.590163934426229,0,0,0,0,0,0,0,0,2436,3.656276,-2.56976218792218
"437",146,146,2,6.17002774696459,22.1934091919383,24.4918242332151,26.1766725012725,28.8322019056138,31.2625312935569,36.2736006023069,38.2247735976927,42.398916913867,1,1,1,1,1,1,1,1,0.790322580645161,0.774193548387097,0.758064516129032,0.725806451612903,0.693548387096774,0.645161290322581,0.629032258064516,0.580645161290323,0,0,0,0,0,0,0,0,2437,2.565367,-3.60466074696459
"438",146,146,3,6.23517552251771,22.2585569674914,24.5569720087682,26.2418202768256,28.8973496811669,31.32767906911,36.33874837786,38.2899213732458,42.4640646894202,1,1,1,1,1,1,1,1,0.830508474576271,0.813559322033898,0.796610169491525,0.76271186440678,0.728813559322034,0.677966101694915,0.661016949152542,0.610169491525424,0,0,0,0,0,0,0,0,2438,6.291938,0.0567624774822857
"439",147,147,1,6.01469419342263,22.03725618181,24.3355536791495,26.020315781873,28.6757093789837,31.1059144767181,36.1167275128602,38.0678007227189,42.2417305677702,1,1,1,1,1,1,1,1,0.80327868852459,0.786885245901639,0.770491803278688,0.737704918032787,0.721311475409836,0.655737704918033,0.639344262295082,0.590163934426229,0,0,0,0,0,0,0,0,2439,3.241877,-2.77281719342263
"440",147,147,2,6.19757823815029,22.2201402265376,24.5184377238771,26.2031998266007,28.8585934237113,31.2887985214457,36.2996115575879,38.2506847674466,42.4246146124978,1,1,1,1,1,1,1,1,0.790322580645161,0.774193548387097,0.758064516129032,0.725806451612903,0.693548387096774,0.645161290322581,0.629032258064516,0.580645161290323,0,0,0,0,0,0,0,0,2440,2.599998,-3.59758023815029
"441",147,147,3,6.23606580536476,22.2586277937521,24.5569252910916,26.2416873938152,28.8970809909258,31.3272860886602,36.3380991248023,38.2891723346611,42.4631021797123,1,1,1,1,1,1,1,1,0.790322580645161,0.774193548387097,0.758064516129032,0.725806451612903,0.693548387096774,0.645161290322581,0.629032258064516,0.580645161290323,0,0,0,0,0,0,0,0,2441,2.542785,-3.69328080536476
"442",148,148,1,6.22275136984524,22.2284526641855,24.524331641256,26.2073208528291,28.8599201540558,31.2875679239013,36.2931080339289,38.2421281109317,42.4116656899932,1,1,1,1,1,1,1,1,0.790322580645161,0.774193548387097,0.758064516129032,0.725806451612903,0.693548387096774,0.645161290322581,0.629032258064516,0.580645161290323,0,0,0,0,0,0,0,0,2442,3.086281,-3.13647036984524
"443",148,148,2,6.19058084202048,22.1962821363608,24.4921611134312,26.1751503250044,28.827749626231,31.2553973960765,36.2609375061042,38.209957583107,42.3794951621684,1,1,1,1,1,1,1,1,0.790322580645161,0.774193548387097,0.758064516129032,0.725806451612903,0.693548387096774,0.645161290322581,0.629032258064516,0.580645161290323,0,0,0,0,0,0,0,0,2443,2.506033,-3.68454784202048
"444",148,148,3,6.22492678831863,22.2306280826589,24.5265070597294,26.2094962713025,28.8620955725292,31.2897433423746,36.2952834524023,38.2443035294051,42.4138411084666,1,1,1,1,1,1,1,1,0.790322580645161,0.774193548387097,0.758064516129032,0.725806451612903,0.693548387096774,0.645161290322581,0.629032258064516,0.580645161290323,0,0,0,0,0,0,0,0,2444,2.447597,-3.77732978831863
"445",149,149,1,6.2284872453595,22.2341394675551,24.5300114056522,26.2129954573208,28.8655866258993,31.2932269527793,36.2987517162387,38.2477658177085,42.4172906133157,1,1,1,1,1,1,1,1,0.80327868852459,0.786885245901639,0.770491803278688,0.737704918032787,0.704918032786885,0.655737704918033,0.639344262295082,0.590163934426229,0,0,0,0,0,0,0,0,2445,3.381885,-2.8466022453595
"446",149,149,2,6.17318401775862,22.1788362399543,24.4747081780513,26.15769222972,28.8102833982985,31.2379237251785,36.2434484886378,38.1924625901077,42.3619873857148,1,1,1,1,1,1,1,1,0.790322580645161,0.774193548387097,0.758064516129032,0.725806451612903,0.709677419354839,0.645161290322581,0.629032258064516,0.580645161290323,0,0,0,0,0,0,0,0,2446,2.566848,-3.60633601775862
"447",149,149,3,6.22142843138069,22.2270806535763,24.5229525916734,26.205936643342,28.8585278119205,31.2861681388005,36.2916929022599,38.2407070037297,42.4102317993369,1,1,1,1,1,1,1,1,0.790322580645161,0.774193548387097,0.758064516129032,0.725806451612903,0.693548387096774,0.645161290322581,0.629032258064516,0.580645161290323,0,0,0,0,0,0,0,0,2447,2.529747,-3.69168143138069
"448",150,150,1,6.2056590357373,22.1787474860579,24.4699484336193,26.1495084255891,28.7967028522859,31.2194041036005,36.2147450417306,38.1597938408372,42.320835667279,1,1,1,1,1,1,1,1,0.80327868852459,0.786885245901639,0.770491803278688,0.737704918032787,0.721311475409836,0.655737704918033,0.639344262295082,0.590163934426229,0,0,0,0,0,0,0,0,2448,3.297921,-2.9077380357373
"449",150,150,2,6.16064797042145,22.133736420742,24.4249373683035,26.1044973602733,28.7516917869701,31.1743930382847,36.1697339764147,38.1147827755214,42.2758246019632,1,1,1,1,1,1,1,1,0.790322580645161,0.774193548387097,0.758064516129032,0.725806451612903,0.709677419354839,0.645161290322581,0.629032258064516,0.580645161290323,0,0,0,0,0,0,0,0,2449,2.607529,-3.55311897042145
"450",150,150,3,6.20110140858199,22.1741898589026,24.465390806464,26.1449507984338,28.7921452251306,31.2148464764452,36.2101874145753,38.1552362136819,42.3162780401237,0,0,0,0,1,1,1,1,0,0,0,0,1,0.909090909090909,0.886363636363636,0.818181818181818,0,0,0,0,0,0,0,0,2450,30.543777,24.342675591418
"451",151,151,1,4.56823022114168,20.5656721591947,22.8603664032681,24.5424871488322,27.1937176401383,29.6201126808779,34.6230698026055,36.5710841347845,40.7384701244976,1,1,1,1,1,1,1,1,0.819672131147541,0.80327868852459,0.786885245901639,0.754098360655738,0.737704918032787,0.672131147540984,0.655737704918033,0.60655737704918,1,1,1,1,0,0,0,0,2451,3.286004,-1.28222622114168
"452",151,151,2,6.17602809162519,22.1734700296782,24.4681642737516,26.1502850193157,28.8015155106218,31.2279105513615,36.230867673089,38.1788820052681,42.3462679949811,1,1,1,1,1,1,1,1,0.790322580645161,0.774193548387097,0.758064516129032,0.725806451612903,0.709677419354839,0.645161290322581,0.629032258064516,0.580645161290323,1,1,1,1,0,0,0,0,2452,2.596157,-3.57987109162519
"453",151,151,3,6.21671866959572,22.2141606076488,24.5088548517222,26.1909755972862,28.8422060885923,31.268601129332,36.2715582510595,38.2195725832386,42.3869585729516,1,1,1,1,1,1,1,1,0.790322580645161,0.774193548387097,0.758064516129032,0.725806451612903,0.693548387096774,0.645161290322581,0.629032258064516,0.580645161290323,0,0,0,0,0,0,0,0,2453,3.045982,-3.17073666959572
"454",152,152,1,6.15691407226032,22.0159564223181,24.2907984463187,25.9583665640911,28.5866603128168,30.9920637428194,35.9517384943351,37.8828998582692,42.0142323022825,1,1,1,1,1,1,1,1,0.80327868852459,0.786885245901639,0.770491803278688,0.737704918032787,0.721311475409836,0.655737704918033,0.639344262295082,0.60655737704918,0,0,0,0,0,0,0,0,2454,3.207999,-2.94891507226032
"455",152,152,2,6.14754164090482,22.0065839909626,24.2814260149632,25.9489941327356,28.5772878814613,30.9826913114639,35.9423660629796,37.8735274269137,42.004859870927,1,1,1,1,1,1,1,1,0.790322580645161,0.774193548387097,0.758064516129032,0.725806451612903,0.709677419354839,0.645161290322581,0.629032258064516,0.596774193548387,0,0,0,0,0,0,0,0,2455,2.522109,-3.62543264090482
"456",152,152,3,6.1872193101767,22.0462616602345,24.3211036842351,25.9886718020074,28.6169655507332,31.0223689807358,35.9820437322515,37.9132050961856,42.0445375401988,1,1,1,1,1,1,1,1,0.790322580645161,0.774193548387097,0.758064516129032,0.725806451612903,0.709677419354839,0.645161290322581,0.629032258064516,0.596774193548387,0,0,0,0,0,0,0,0,2456,2.682019,-3.5052003101767
"457",153,153,1,6.17964371002615,22.0384216301879,24.3132257240144,25.9807660371529,28.6090159623346,31.0143792852131,35.9739713402929,37.9051005045023,42.036364063662,1,1,1,1,1,1,1,1,0.80327868852459,0.786885245901639,0.770491803278688,0.737704918032787,0.721311475409836,0.655737704918033,0.639344262295082,0.60655737704918,0,0,0,0,0,0,0,0,2457,3.137408,-3.04223571002615
"458",153,153,2,6.15326376271959,22.0120416828814,24.2868457767078,25.9543860898464,28.582636015028,30.9879993379065,35.9475913929864,37.8787205571957,42.0099841163555,1,1,1,1,1,1,1,1,0.790322580645161,0.774193548387097,0.758064516129032,0.725806451612903,0.709677419354839,0.645161290322581,0.629032258064516,0.596774193548387,0,0,0,0,0,0,0,0,2458,2.607728,-3.54553576271959
"459",153,153,3,6.18394726734824,22.04272518751,24.3175292813364,25.985069594475,28.6133195196567,31.0186828425352,35.978274897615,37.9094040618244,42.0406676209841,1,1,1,1,1,1,1,1,0.790322580645161,0.774193548387097,0.758064516129032,0.725806451612903,0.709677419354839,0.645161290322581,0.629032258064516,0.596774193548387,0,0,0,0,0,0,0,0,2459,3.104685,-3.07926226734824
"460",154,154,1,6.15577991359002,22.0142148918879,24.2889697936795,25.9564740467013,28.5846671366758,30.9899784442108,35.9494632494286,37.8805506534823,42.0117248751639,1,1,1,1,1,1,1,1,0.790322580645161,0.774193548387097,0.758064516129032,0.725806451612903,0.709677419354839,0.645161290322581,0.629032258064516,0.596774193548387,0,0,0,0,0,0,0,0,2460,2.529929,-3.62585091359002
"461",154,154,2,6.18907839931463,22.0475133776125,24.3222682794041,25.9897725324259,28.6179656224004,31.0232769299354,35.9827617351532,37.9138491392069,42.0450233608885,1,1,1,1,1,1,1,1,0.790322580645161,0.774193548387097,0.758064516129032,0.725806451612903,0.709677419354839,0.645161290322581,0.629032258064516,0.596774193548387,0,0,0,0,0,0,0,0,2461,2.586382,-3.60269639931463
"462",154,154,3,6.18580779506759,22.0442427733655,24.318997675157,25.9865019281789,28.6146950181534,31.0200063256884,35.9794911309062,37.9105785349598,42.0417527566415,0,0,0,0,0,0,0,0,0,0,0,0,0,0,0,0,0,0,0,0,0,0,0,0,2462,46.174719,39.9889112049324
"463",155,155,1,3.64969824752475,19.5760414406261,21.8605371866251,23.53518194482,26.1746293547286,28.5902405687276,33.5709626372648,35.510319249372,39.6591837832957,1,1,1,1,1,1,1,1,0.82258064516129,0.806451612903226,0.774193548387097,0.758064516129032,0.725806451612903,0.67741935483871,0.661290322580645,0.612903225806452,1,1,1,1,1,1,1,1,2463,2.834016,-0.815682247524747
"464",155,155,2,6.19040002202407,22.1167432151255,24.4012389611244,26.0758837193194,28.7153311292279,31.1309423432269,36.1116644117641,38.0510210238713,42.199885557795,1,1,1,1,1,1,1,1,0.790322580645161,0.774193548387097,0.758064516129032,0.725806451612903,0.709677419354839,0.645161290322581,0.629032258064516,0.580645161290323,1,1,1,1,1,1,1,1,2464,2.774877,-3.41552302202407
"465",155,155,3,6.1938668453989,22.1202100385003,24.4047057844992,26.0793505426942,28.7187979526027,31.1344091666017,36.1151312351389,38.0544878472461,42.2033523811699,1,1,1,1,1,1,1,1,0.790322580645161,0.774193548387097,0.758064516129032,0.725806451612903,0.709677419354839,0.645161290322581,0.629032258064516,0.580645161290323,0,0,0,0,0,0,0,0,2465,3.09851,-3.0953568453989
"466",156,156,1,6.16025858657151,22.0543163993602,24.3341810876777,26.0054310588677,28.6395278642834,31.0502422274619,36.0208675334049,37.9562927429909,42.0967468296625,1,1,1,1,1,1,1,1,0.790322580645161,0.774193548387097,0.758064516129032,0.725806451612903,0.709677419354839,0.645161290322581,0.629032258064516,0.596774193548387,0,0,0,0,0,0,0,0,2466,2.671043,-3.48921558657151
"467",156,156,2,6.18498566741283,22.0790434802015,24.358908168519,26.0301581397091,28.6642549451247,31.0749693083033,36.0455946142462,37.9810198238322,42.1214739105039,1,1,1,1,1,1,1,1,0.790322580645161,0.774193548387097,0.758064516129032,0.725806451612903,0.709677419354839,0.645161290322581,0.629032258064516,0.596774193548387,0,0,0,0,0,0,0,0,2467,2.424097,-3.76088866741283
"468",156,156,3,6.19927040449298,22.0933282172817,24.3731929055991,26.0444428767892,28.6785396822048,31.0892540453834,36.0598793513264,37.9953045609123,42.135758647584,1,1,1,1,1,1,1,1,0.80327868852459,0.786885245901639,0.770491803278688,0.737704918032787,0.721311475409836,0.655737704918033,0.639344262295082,0.60655737704918,0,0,0,0,0,0,0,0,2468,3.288794,-2.91047640449298
"469",157,157,1,6.14978032505674,22.0435441159995,24.3233666294343,25.9945856844161,28.628633762061,31.0393035297879,36.0098368848619,37.9452262913005,42.0856037843189,1,1,1,1,1,1,1,1,0.890909090909091,0.872727272727273,0.854545454545454,0.818181818181818,0.8,0.727272727272727,0.709090909090909,0.672727272727273,0,0,0,0,0,0,0,0,2469,13.195395,7.04561467494327
"470",157,157,2,5.57667132119035,21.4704351121331,23.7502576255679,25.4214766805497,28.0555247581946,30.4661945259215,35.4367278809955,37.3721172874342,41.5124947804525,1,1,1,1,1,1,1,1,0.806451612903226,0.774193548387097,0.758064516129032,0.741935483870968,0.709677419354839,0.661290322580645,0.645161290322581,0.596774193548387,0,0,0,0,0,0,0,0,2470,2.73033,-2.84634132119035
"471",157,157,3,6.18208815159938,22.0758519425422,24.3556744559769,26.0268935109587,28.6609415886036,31.0716113563305,36.0421447114045,37.9775341178432,42.1179116108616,1,1,1,1,1,1,1,1,0.80327868852459,0.786885245901639,0.770491803278688,0.737704918032787,0.721311475409836,0.655737704918033,0.639344262295082,0.60655737704918,0,0,0,0,0,0,0,0,2471,3.146886,-3.03520215159939
"472",158,158,1,6.16214949474688,22.0575247927775,24.3375784629217,26.0089669668388,28.6432821169785,31.0541963083339,36.0252336377866,37.9608192780304,42.1016165739202,1,1,1,1,1,1,1,1,0.790322580645161,0.774193548387097,0.758064516129032,0.725806451612903,0.709677419354839,0.645161290322581,0.629032258064516,0.596774193548387,0,0,0,0,0,0,0,0,2472,2.840949,-3.32120049474688
"473",158,158,2,6.17991576236659,22.0752910603972,24.3553447305414,26.0267332344585,28.6610483845982,31.0719625759536,36.0429999054063,37.9785855456501,42.1193828415399,1,1,1,1,1,1,1,1,0.790322580645161,0.774193548387097,0.758064516129032,0.725806451612903,0.709677419354839,0.645161290322581,0.629032258064516,0.596774193548387,0,0,0,0,0,0,0,0,2473,2.674537,-3.50537876236659
"474",158,158,3,6.18957958245743,22.084954880488,24.3650085506322,26.0363970545494,28.6707122046891,31.0816263960445,36.0526637254972,37.9882493657409,42.1290466616307,0,0,0,1,1,1,1,1,0,0,0,0.978260869565217,0.956521739130435,0.869565217391304,0.847826086956522,0.804347826086957,0,0,0,0,0,0,0,0,2474,27.819693,21.6301134175426
"475",159,159,1,4.72023230476435,20.63475991717,22.9175608206362,24.5909631781094,27.2284524107085,29.6422715090358,34.6192984340733,36.5572162586152,40.7030027950914,1,1,1,1,1,1,1,1,0.806451612903226,0.790322580645161,0.774193548387097,0.741935483870968,0.725806451612903,0.661290322580645,0.645161290322581,0.596774193548387,1,1,1,0,0,0,0,0,2475,2.624398,-2.09583430476435
"476",159,159,2,6.20858177505807,22.1231093874638,24.4059102909299,26.0793126484032,28.7168018810022,31.1306209793295,36.1076479043671,38.0455657289089,42.1913522653851,1,1,1,1,1,1,1,1,0.790322580645161,0.774193548387097,0.758064516129032,0.725806451612903,0.709677419354839,0.645161290322581,0.629032258064516,0.580645161290323,1,1,1,0,0,0,0,0,2476,2.732433,-3.47614877505807
"477",159,159,3,6.20219987577794,22.1167274881836,24.3995283916498,26.072930749123,28.7104199817221,31.1242390800494,36.1012660050869,38.0391838296288,42.184970366105,1,1,1,1,1,1,1,1,0.80327868852459,0.786885245901639,0.770491803278688,0.737704918032787,0.721311475409836,0.655737704918033,0.639344262295082,0.60655737704918,0,0,0,0,0,0,0,0,2477,3.30029,-2.90190987577794
"478",160,160,1,6.15825276993252,22.0631352913924,24.344552690248,26.0169408726028,28.6528316396906,31.0651878290773,36.0391983983359,37.9759417366398,42.1192156953532,1,1,1,1,1,1,1,1,0.790322580645161,0.774193548387097,0.758064516129032,0.725806451612903,0.709677419354839,0.645161290322581,0.629032258064516,0.596774193548387,0,0,0,0,0,0,0,0,2478,2.665852,-3.49240076993252
"479",160,160,2,6.19523857306662,22.1001210945265,24.3815384933821,26.0539266757369,28.6898174428247,31.1021736322114,36.07618420147,38.0129275397739,42.1562014984873,1,1,1,1,1,1,1,1,0.790322580645161,0.774193548387097,0.758064516129032,0.725806451612903,0.709677419354839,0.645161290322581,0.629032258064516,0.596774193548387,0,0,0,0,0,0,0,0,2479,2.680167,-3.51507157306662
"480",160,160,3,6.19440405216487,22.0992865736247,24.3807039724804,26.0530921548352,28.6889829219229,31.1013391113096,36.0753496805683,38.0120930188722,42.1553669775855,1,1,1,1,1,1,1,1,0.80327868852459,0.786885245901639,0.770491803278688,0.737704918032787,0.721311475409836,0.655737704918033,0.639344262295082,0.60655737704918,0,0,0,0,0,0,0,0,2480,3.562967,-2.63143705216487
"481",161,161,1,6.14313535354419,22.0479217790791,24.3293253938081,26.0017034717381,28.6375783130017,31.0499199271409,36.0239004438578,37.9606320805259,42.1038810059362,1,1,1,1,1,1,1,1,0.790322580645161,0.774193548387097,0.758064516129032,0.725806451612903,0.709677419354839,0.645161290322581,0.629032258064516,0.596774193548387,0,0,0,0,0,0,0,0,2481,2.631083,-3.51205235354418
"482",161,161,2,6.19746328594151,22.1022497114764,24.3836533262054,26.0560314041354,28.691906245399,31.1042478595382,36.0782283762551,38.0149600129232,42.1582089383336,1,1,1,1,1,1,1,1,0.790322580645161,0.774193548387097,0.758064516129032,0.725806451612903,0.709677419354839,0.645161290322581,0.629032258064516,0.596774193548387,0,0,0,0,0,0,0,0,2482,2.5789,-3.61856328594151
"483",161,161,3,6.20050550417499,22.1052919297099,24.3866955444389,26.0590736223689,28.6949484636325,31.1072900777717,36.0812705944886,38.0180022311567,42.161251156567,1,1,1,1,1,1,1,1,0.80327868852459,0.786885245901639,0.770491803278688,0.737704918032787,0.721311475409836,0.655737704918033,0.639344262295082,0.60655737704918,0,0,0,0,0,0,0,0,2483,3.341996,-2.85850950417499
"484",162,162,1,6.15577408786711,22.0606861688538,24.3421078077671,26.0144990982872,28.6503947642281,31.0627554370246,36.0367752505766,37.9735221883549,42.1168038474217,1,1,1,1,1,1,1,1,0.790322580645161,0.774193548387097,0.758064516129032,0.725806451612903,0.709677419354839,0.645161290322581,0.629032258064516,0.596774193548387,0,0,0,0,0,0,0,0,2484,2.604679,-3.55109508786711
"485",162,162,2,6.19875704030405,22.1036691212907,24.385090760204,26.0574820507241,28.693377716665,31.1057383894616,36.0797582030135,38.0165051407918,42.1597867998586,1,1,1,1,1,1,1,1,0.890909090909091,0.872727272727273,0.854545454545454,0.818181818181818,0.8,0.727272727272727,0.709090909090909,0.672727272727273,0,0,0,0,0,0,0,0,2485,13.392955,7.19419795969595
"486",162,162,3,5.56983901158027,21.474751092567,23.7561727314803,25.4285640220003,28.0644596879412,30.4768203607378,35.4508401742897,37.387587112068,41.5308687711348,0,0,0,0,1,1,1,1,0,0,0,0,1,0.931818181818182,0.909090909090909,0.840909090909091,0,0,0,0,0,0,0,0,2486,30.729548,25.1597089884197
"487",163,163,1,4.59721438356243,20.5303665844142,22.8158390234965,24.4911997444834,27.1317756003668,29.5484195633954,34.5312710457444,36.4714567932057,40.6220950959365,1,1,1,1,1,1,1,1,0.806451612903226,0.790322580645161,0.774193548387097,0.741935483870968,0.725806451612903,0.661290322580645,0.645161290322581,0.612903225806452,1,1,1,1,0,0,0,0,2487,2.614945,-1.98226938356243
"488",163,163,2,6.21164515166887,22.1447973525206,24.4302697916029,26.1056305125898,28.7462063684732,31.1628503315018,36.1457018138508,38.0858875613121,42.2365258640429,1,1,1,1,1,1,1,1,0.790322580645161,0.774193548387097,0.758064516129032,0.725806451612903,0.709677419354839,0.645161290322581,0.629032258064516,0.580645161290323,1,1,1,1,0,0,0,0,2488,2.626333,-3.58531215166887
"489",163,163,3,6.21099121614693,22.1441434169987,24.429615856081,26.1049765770679,28.7455524329513,31.1621963959799,36.1450478783289,38.0852336257902,42.235871928521,1,1,1,1,1,1,1,1,0.80327868852459,0.786885245901639,0.770491803278688,0.737704918032787,0.721311475409836,0.655737704918033,0.639344262295082,0.590163934426229,0,0,0,0,0,0,0,0,2489,3.384902,-2.82608921614693
"490",164,164,1,6.15271003645113,22.0504470574453,24.3308394962571,26.0024763338271,28.6371828885399,31.0484552917212,36.0202312141793,37.9561044422886,42.0975169747411,1,1,1,1,1,1,1,1,0.790322580645161,0.774193548387097,0.758064516129032,0.725806451612903,0.709677419354839,0.645161290322581,0.629032258064516,0.596774193548387,0,0,0,0,0,0,0,0,2490,2.742449,-3.41026103645113
"491",164,164,2,6.18946169138151,22.0871987123756,24.3675911511875,26.0392279887574,28.6739345434702,31.0852069466516,36.0569828691097,37.992856097219,42.1342686296715,1,1,1,1,1,1,1,1,0.790322580645161,0.774193548387097,0.758064516129032,0.725806451612903,0.709677419354839,0.645161290322581,0.629032258064516,0.596774193548387,0,0,0,0,0,0,0,0,2491,2.977769,-3.21169269138151
"492",164,164,3,6.17600016277441,22.0737371837685,24.3541296225804,26.0257664601503,28.6604730148631,31.0717454180445,36.0435213405026,37.9793945686119,42.1208071010644,1,1,1,1,1,1,1,1,0.80327868852459,0.786885245901639,0.770491803278688,0.737704918032787,0.721311475409836,0.655737704918033,0.639344262295082,0.60655737704918,0,0,0,0,0,0,0,0,2492,3.27023,-2.90577016277441
"493",165,165,1,6.15946179701833,22.0570895048115,24.3374662635931,26.0090916069502,28.6437800453609,31.0550358685784,36.0267776049923,37.9626375219933,42.1040215779991,1,1,1,1,1,1,1,1,0.790322580645161,0.774193548387097,0.758064516129032,0.725806451612903,0.709677419354839,0.645161290322581,0.629032258064516,0.596774193548387,0,0,0,0,0,0,0,0,2493,2.799726,-3.35973579701833
"494",165,165,2,6.18637803376065,22.0840057415538,24.3643825003354,26.0360078436925,28.6706962821032,31.0819521053207,36.0536938417346,37.9895537587356,42.1309378147414,1,1,1,1,1,1,1,1,0.907407407407407,0.888888888888889,0.87037037037037,0.833333333333333,0.814814814814815,0.740740740740741,0.722222222222222,0.685185185185185,0,0,0,0,0,0,0,0,2494,14.46521,8.27883196623935
"495",165,165,3,5.51902785383059,21.4166555616237,23.6970323204054,25.3686576637625,28.0033461021731,30.4146019253906,35.3863436618046,37.3222035788056,41.4635876348114,1,1,1,1,1,1,1,1,0.819672131147541,0.786885245901639,0.770491803278688,0.754098360655738,0.721311475409836,0.672131147540984,0.655737704918033,0.60655737704918,0,0,0,0,0,0,0,0,2495,3.202309,-2.31671885383059
"496",166,166,1,6.16721590636227,22.0671049842003,24.3478061168941,26.019669241859,28.654732453514,31.0663312676349,36.0387802132023,37.9749154980574,42.1168886483621,1,1,1,1,1,1,1,1,0.790322580645161,0.774193548387097,0.758064516129032,0.725806451612903,0.709677419354839,0.645161290322581,0.629032258064516,0.596774193548387,0,0,0,0,0,0,0,0,2496,2.51471,-3.65250590636227
"497",166,166,2,6.20666074056711,22.1065498184052,24.3872509510989,26.0591140760639,28.6941772877188,31.1057761018397,36.0782250474071,38.0143603322622,42.1563334825669,1,1,1,1,1,1,1,1,0.790322580645161,0.774193548387097,0.758064516129032,0.725806451612903,0.709677419354839,0.645161290322581,0.629032258064516,0.596774193548387,0,0,0,0,0,0,0,0,2497,2.651682,-3.55497874056711
"498",166,166,3,6.19880319884482,22.0986922766829,24.3793934093766,26.0512565343416,28.6863197459965,31.0979185601174,36.0703675056848,38.00650279054,42.1484759408446,0,1,1,1,1,1,1,1,0,1,0.979166666666667,0.9375,0.916666666666667,0.833333333333333,0.8125,0.770833333333333,0,0,0,0,0,0,0,0,2498,23.529194,17.3303908011552
"499",167,167,1,5.00251592384816,20.9148597635599,23.1973474237806,24.8705201589576,27.5076474783974,29.9211353553173,34.8974793385949,36.8351312443403,40.9803489008815,1,1,1,1,1,1,1,1,0.862068965517241,0.844827586206897,0.827586206896552,0.793103448275862,0.758620689655172,0.706896551724138,0.689655172413793,0.637931034482759,1,0,0,0,0,0,0,0,2499,9.034398,4.03188207615184
"500",167,167,2,5.84219837569703,21.7545422154088,24.0370298756295,25.7102026108065,28.3473299302463,30.7608178071661,35.7371617904437,37.6748136961891,41.8200313527304,1,1,1,1,1,1,1,1,0.806451612903226,0.774193548387097,0.758064516129032,0.725806451612903,0.709677419354839,0.661290322580645,0.629032258064516,0.596774193548387,1,0,0,0,0,0,0,0,2500,2.80677,-3.03542837569703
"501",167,167,3,6.20296440153435,22.1153082412461,24.3977959014668,26.0709686366438,28.7080959560836,31.1215838330035,36.0979278162811,38.0355797220265,42.1807973785677,1,1,1,1,1,1,1,1,0.80327868852459,0.786885245901639,0.770491803278688,0.737704918032787,0.721311475409836,0.655737704918033,0.639344262295082,0.60655737704918,0,0,0,0,0,0,0,0,2501,3.376516,-2.82644840153435
"502",168,168,1,6.15964156802133,22.0540766892963,24.3339954992424,26.0052851441775,28.6394444803257,31.0502160713688,36.0209593748133,37.956430529391,42.0969829061584,1,1,1,1,1,1,1,1,0.790322580645161,0.774193548387097,0.758064516129032,0.725806451612903,0.709677419354839,0.645161290322581,0.629032258064516,0.596774193548387,0,0,0,0,0,0,0,0,2502,2.437889,-3.72175256802133
"503",168,168,2,6.21299598492241,22.1074311061974,24.3873499161435,26.0586395610786,28.6927988972268,31.1035704882699,36.0743137917143,38.0097849462921,42.1503373230595,1,1,1,1,1,1,1,1,0.942307692307692,0.923076923076923,0.903846153846154,0.865384615384615,0.846153846153846,0.769230769230769,0.75,0.711538461538462,0,0,0,0,0,0,0,0,2503,17.457049,11.2440530150776
"504",168,168,3,5.35926119555029,21.2536963168253,23.5336151267714,25.2049047717065,27.8390641078547,30.2498356988978,35.2205790023422,37.15605015692,41.2966025336874,1,1,1,1,1,1,1,1,0.806451612903226,0.774193548387097,0.758064516129032,0.741935483870968,0.709677419354839,0.661290322580645,0.645161290322581,0.596774193548387,0,0,0,0,0,0,0,0,2504,2.628556,-2.73070519555029
"505",169,169,1,6.19855814309517,22.0861873744251,24.3651299385099,26.0357039484883,28.6687353553705,31.0784746702738,36.0470895349527,37.9817319338327,42.1205113539915,1,1,1,1,1,1,1,1,0.790322580645161,0.774193548387097,0.758064516129032,0.725806451612903,0.709677419354839,0.645161290322581,0.629032258064516,0.596774193548387,0,0,0,0,0,0,0,0,2505,2.29124,-3.90731814309517
"506",169,169,2,6.21779392019847,22.1054231515284,24.3843657156132,26.0549397255916,28.6879711324738,31.0977104473771,36.066325312056,38.000967710936,42.1397471310948,1,1,1,1,1,1,1,1,0.790322580645161,0.774193548387097,0.758064516129032,0.725806451612903,0.709677419354839,0.645161290322581,0.629032258064516,0.596774193548387,0,0,0,0,0,0,0,0,2506,2.480516,-3.73727792019847
"507",169,169,3,6.20700026989133,22.0946295012212,24.3735720653061,26.0441460752845,28.6771774821667,31.08691679707,36.0555316617489,37.9901740606288,42.1289534807876,1,1,1,1,1,1,1,1,0.790322580645161,0.774193548387097,0.758064516129032,0.725806451612903,0.709677419354839,0.645161290322581,0.629032258064516,0.596774193548387,0,0,0,0,0,0,0,0,2507,2.511488,-3.69551226989133
"508",170,170,1,6.20471378074144,22.0928621930959,24.371879229194,26.0425078307237,28.6756252806475,31.0854433417821,36.0542205724452,37.9889261921876,42.1278408607028,1,1,1,1,1,1,1,1,0.790322580645161,0.774193548387097,0.758064516129032,0.725806451612903,0.709677419354839,0.645161290322581,0.629032258064516,0.596774193548387,0,0,0,0,0,0,0,0,2508,2.539487,-3.66522678074144
"509",170,170,2,6.20312242004454,22.091270832399,24.3702878684971,26.0409164700268,28.6740339199506,31.0838519810852,36.0526292117483,37.9873348314907,42.1262495000059,1,1,1,1,1,1,1,1,0.790322580645161,0.774193548387097,0.758064516129032,0.725806451612903,0.709677419354839,0.645161290322581,0.629032258064516,0.596774193548387,0,0,0,0,0,0,0,0,2509,2.612876,-3.59024642004454
"510",170,170,3,6.19895125785358,22.087099670208,24.3661167063061,26.0367453078358,28.6698627577597,31.0796808188943,36.0484580495573,37.9831636692998,42.1220783378149,1,1,1,1,1,1,1,1,0.790322580645161,0.774193548387097,0.758064516129032,0.725806451612903,0.709677419354839,0.645161290322581,0.629032258064516,0.596774193548387,0,0,0,0,0,0,0,0,2510,3.050323,-3.14862825785358
"511",171,171,1,6.17390224626582,22.0621559393159,24.3411880770163,26.0118277487435,28.6449626466688,31.0547966761413,36.0236068317437,37.9583252715548,42.0972673660358,0,0,0,0,1,1,1,1,0,0,0,0,1,0.909090909090909,0.886363636363636,0.840909090909091,0,0,0,0,0,0,0,0,2511,30.406792,24.2328897537342
"512",171,171,2,4.61911298983706,20.5073666828871,22.7863988205875,24.4570384923148,27.0901733902401,29.5000074197125,34.468817575315,36.403536015126,40.542478109607,1,1,1,1,1,1,1,1,0.806451612903226,0.790322580645161,0.774193548387097,0.741935483870968,0.725806451612903,0.661290322580645,0.645161290322581,0.612903225806452,1,1,1,1,0,0,0,0,2512,2.416697,-2.20241598983706
"513",171,171,3,6.20991401728035,22.0981677103304,24.3771998480308,26.047839519758,28.6809744176834,31.0908084471558,36.0596186027582,37.9943370425693,42.1332791370503,1,1,1,1,1,1,1,1,0.790322580645161,0.774193548387097,0.758064516129032,0.725806451612903,0.709677419354839,0.645161290322581,0.629032258064516,0.596774193548387,1,1,1,1,0,0,0,0,2513,2.947541,-3.26237301728035
"514",172,172,1,6.17766519363155,22.0592211818681,24.3372925919257,26.0072280042933,28.6392529023016,31.0480710644994,36.0147866145939,37.9486894724501,42.0858867929034,1,1,1,1,1,1,1,1,0.790322580645161,0.774193548387097,0.758064516129032,0.725806451612903,0.709677419354839,0.645161290322581,0.629032258064516,0.596774193548387,0,0,0,0,0,0,0,0,2514,2.486739,-3.69092619363155
"515",172,172,2,6.20385695601658,22.0854129442531,24.3634843543107,26.0334197666783,28.6654446646867,31.0742628268844,36.0409783769789,37.9748812348351,42.1120785552884,1,1,1,1,1,1,1,1,0.790322580645161,0.774193548387097,0.758064516129032,0.725806451612903,0.709677419354839,0.645161290322581,0.629032258064516,0.596774193548387,0,0,0,0,0,0,0,0,2515,2.516349,-3.68750795601658
"516",172,172,3,6.20217393796496,22.0837299262015,24.3618013362591,26.0317367486267,28.663761646635,31.0725798088328,36.0392953589273,37.9731982167835,42.1103955372368,1,1,1,1,1,1,1,1,0.790322580645161,0.774193548387097,0.758064516129032,0.725806451612903,0.709677419354839,0.645161290322581,0.629032258064516,0.596774193548387,0,0,0,0,0,0,0,0,2516,2.323655,-3.87851893796496
"517",173,173,1,6.21253365808515,22.0944136319362,24.3725315149192,26.0425009941661,28.6745795857926,31.0834468881649,36.0502637598422,37.9842060695447,42.1214877893111,1,1,1,1,1,1,1,1,0.790322580645161,0.774193548387097,0.758064516129032,0.725806451612903,0.709677419354839,0.645161290322581,0.629032258064516,0.596774193548387,0,0,0,0,0,0,0,0,2517,2.677804,-3.53472965808515
"518",173,173,2,6.19240618981365,22.0742861636647,24.3524040466477,26.0223735258946,28.6544521175211,31.0633194198934,36.0301362915707,37.9640786012732,42.1013603210396,1,1,1,1,1,1,1,1,0.790322580645161,0.774193548387097,0.758064516129032,0.725806451612903,0.709677419354839,0.645161290322581,0.629032258064516,0.596774193548387,0,0,0,0,0,0,0,0,2518,2.567626,-3.62478018981365
"519",173,173,3,6.19866797284627,22.0805479466973,24.3586658296803,26.0286353089272,28.6607139005538,31.069581202926,36.0363980746033,37.9703403843058,42.1076221040722,1,1,1,1,1,1,1,1,0.790322580645161,0.774193548387097,0.758064516129032,0.725806451612903,0.709677419354839,0.645161290322581,0.629032258064516,0.596774193548387,0,0,0,0,0,0,0,0,2519,3.073412,-3.12525597284627
"520",174,174,1,6.1702199212113,22.0519448023477,24.3300404386264,25.999993609974,28.6320464983328,31.040890277182,36.0076586459671,37.9415820699732,42.0788233875798,1,1,1,1,1,1,1,1,0.790322580645161,0.774193548387097,0.758064516129032,0.725806451612903,0.709677419354839,0.645161290322581,0.629032258064516,0.596774193548387,0,0,0,0,0,0,0,0,2520,2.498275,-3.6719449212113
"521",174,174,2,6.2029086639885,22.0846335451249,24.3627291814036,26.0326823527512,28.6647352411099,31.0735790199592,36.0403473887443,37.9742708127504,42.111512130357,1,1,1,1,1,1,1,1,0.790322580645161,0.774193548387097,0.758064516129032,0.725806451612903,0.709677419354839,0.645161290322581,0.629032258064516,0.596774193548387,0,0,0,0,0,0,0,0,2521,2.819732,-3.3831766639885
"522",174,174,3,6.1846381907153,22.0663630718517,24.3444587081304,26.014411879478,28.6464647678367,31.055308546686,36.0220769154711,37.9560003394772,42.0932416570838,1,1,1,1,1,1,1,1,0.790322580645161,0.774193548387097,0.758064516129032,0.725806451612903,0.709677419354839,0.645161290322581,0.629032258064516,0.596774193548387,0,0,0,0,0,0,0,0,2522,2.776002,-3.4086361907153
"523",175,175,1,6.18724080440323,22.0688943730758,24.3469797802004,26.0169254530882,28.6489665229462,31.0577994855531,36.0245455524478,37.9584602927092,42.0956830331855,0,0,0,0,1,1,1,1,0,0,0,0,1,0.909090909090909,0.886363636363636,0.840909090909091,0,0,0,0,0,0,0,0,2523,31.006007,24.8187661955968
"524",175,175,2,4.58271301562027,20.4643665842929,22.7424519914174,24.4123976643052,27.0444387341633,29.4532716967702,34.4200177636648,36.3539325039262,40.4911552444025,1,1,1,1,1,1,1,1,0.806451612903226,0.790322580645161,0.774193548387097,0.741935483870968,0.725806451612903,0.661290322580645,0.645161290322581,0.612903225806452,1,1,1,1,0,0,0,0,2524,2.539936,-2.04277701562027
"525",175,175,3,6.20065824648257,22.0823118151552,24.3603972222797,26.0303428951675,28.6623839650256,31.0712169276325,36.0379629945271,37.9718777347885,42.1091004752648,1,1,1,1,1,1,1,1,0.790322580645161,0.774193548387097,0.758064516129032,0.725806451612903,0.709677419354839,0.645161290322581,0.629032258064516,0.596774193548387,1,1,1,1,0,0,0,0,2525,2.772299,-3.42835924648257
"526",176,176,1,6.18649217215873,22.0647128836608,24.3423058772094,26.0118905873705,28.6433627352948,31.0516750229309,36.0173475158569,37.9508442358501,42.0871727057967,1,1,1,1,1,1,1,1,0.790322580645161,0.774193548387097,0.758064516129032,0.725806451612903,0.709677419354839,0.645161290322581,0.629032258064516,0.596774193548387,0,0,0,0,0,0,0,0,2526,2.566745,-3.61974717215873
"527",176,176,2,6.1981761212948,22.0763968327969,24.3539898263455,26.0235745365065,28.6550466844308,31.0633589720669,36.0290314649929,37.9625281849862,42.0988566549327,1,1,1,1,1,1,1,1,0.790322580645161,0.774193548387097,0.758064516129032,0.725806451612903,0.709677419354839,0.645161290322581,0.629032258064516,0.596774193548387,0,0,0,0,0,0,0,0,2527,2.693118,-3.5050581212948
"528",176,176,3,6.19099292026649,22.0692136317686,24.3468066253172,26.0163913354782,28.6478634834025,31.0561757710386,36.0218482639646,37.9553449839579,42.0916734539044,1,1,1,1,1,1,1,1,0.790322580645161,0.774193548387097,0.758064516129032,0.725806451612903,0.709677419354839,0.645161290322581,0.629032258064516,0.596774193548387,0,0,0,0,0,0,0,0,2528,2.79099,-3.40000292026649
"529",177,177,1,6.16671843606264,22.01499566978,24.2882935312452,25.9547297039482,28.5812393671436,30.9850100095416,35.9413181343385,37.8711686261344,41.9996967221032,1,1,1,1,1,1,1,1,0.790322580645161,0.774193548387097,0.758064516129032,0.725806451612903,0.709677419354839,0.645161290322581,0.629032258064516,0.596774193548387,0,0,0,0,0,0,0,0,2529,2.357255,-3.80946343606264
"530",177,177,2,6.1909624104298,22.0392396441471,24.3125375056124,25.9789736783153,28.6054833415108,31.0092539839088,35.9655621087056,37.8954126005016,42.0239406964704,1,1,1,1,1,1,1,1,0.790322580645161,0.774193548387097,0.758064516129032,0.725806451612903,0.709677419354839,0.645161290322581,0.629032258064516,0.596774193548387,0,0,0,0,0,0,0,0,2530,2.832511,-3.3584514104298
"531",177,177,3,6.16439758563623,22.0126748193536,24.2859726808188,25.9524088535218,28.5789185167172,30.9826891591152,35.9389972839121,37.868847775708,41.9973758716768,1,1,1,1,1,1,1,1,0.790322580645161,0.774193548387097,0.758064516129032,0.725806451612903,0.709677419354839,0.645161290322581,0.629032258064516,0.596774193548387,0,0,0,0,0,0,0,0,2531,2.786703,-3.37769458563623
"532",178,178,1,6.16709580530476,22.0152966982813,24.2885836093296,25.9550117548527,28.5815087662191,30.9852678297162,35.9415520801053,37.8713932758614,41.9999014848173,1,1,1,1,1,1,1,1,0.790322580645161,0.774193548387097,0.758064516129032,0.725806451612903,0.709677419354839,0.645161290322581,0.629032258064516,0.596774193548387,0,0,0,0,0,0,0,0,2532,2.556878,-3.61021780530476
"533",178,178,2,6.17994238835613,22.0281432813327,24.301430192381,25.9678583379041,28.5943553492705,30.9981144127676,35.9543986631567,37.8842398589128,42.0127480678687,1,1,1,1,1,1,1,1,0.790322580645161,0.774193548387097,0.758064516129032,0.725806451612903,0.709677419354839,0.645161290322581,0.629032258064516,0.596774193548387,0,0,0,0,0,0,0,0,2533,2.996796,-3.18314638835613
"534",178,178,3,6.15535218658177,22.0035530795583,24.2768399906067,25.9432681361297,28.5697651474961,30.9735242109933,35.9298084613823,37.8596496571384,41.9881578660944,0,1,1,1,1,1,1,1,0,1,0.979166666666667,0.9375,0.916666666666667,0.854166666666667,0.8125,0.770833333333333,0,0,0,0,0,0,0,0,2534,24.981294,18.8259418134182
"535",179,179,1,4.92961047697128,20.7923052801393,23.067671216848,24.7356233877191,27.3645224516629,29.7704798636176,34.7312968643985,36.6629029888783,40.7951869088824,1,1,1,1,1,1,1,1,0.961538461538462,0.942307692307692,0.923076923076923,0.884615384615385,0.846153846153846,0.788461538461538,0.769230769230769,0.711538461538462,1,0,0,0,0,0,0,0,2535,18.1727,13.2430895230287
"536",179,179,2,5.31286282977207,21.17555763294,23.4509235696488,25.1188757405199,27.7477748044637,30.1537322164183,35.1145492171993,37.0461553416791,41.1784392616832,1,1,1,1,1,1,1,1,0.806451612903226,0.774193548387097,0.758064516129032,0.741935483870968,0.709677419354839,0.661290322580645,0.645161290322581,0.596774193548387,1,0,0,0,0,0,0,0,2536,2.934519,-2.37834382977207
"537",179,179,3,6.17061242104659,22.0333072242146,24.3086731609233,25.9766253317944,28.6055243957382,31.0114818076929,35.9722988084738,37.9039049329536,42.0361888529577,1,1,1,1,1,1,1,1,0.790322580645161,0.774193548387097,0.758064516129032,0.725806451612903,0.709677419354839,0.645161290322581,0.629032258064516,0.596774193548387,0,0,0,0,0,0,0,0,2537,2.966358,-3.20425442104659
"538",180,180,1,6.16237045378519,22.0239749718924,24.2991845166691,25.9670220447663,28.595740417509,31.0015324616334,35.9620084923123,37.8934818523831,42.0254817495601,1,1,1,1,1,1,1,1,0.790322580645161,0.774193548387097,0.758064516129032,0.725806451612903,0.709677419354839,0.645161290322581,0.629032258064516,0.596774193548387,0,0,0,0,0,0,0,0,2538,2.520045,-3.64232545378519
"539",180,180,2,6.18680214261644,22.0484066607237,24.3236162055004,25.9914537335976,28.6201721063403,31.0259641504646,35.9864401811436,37.9179135412144,42.0499134383913,1,1,1,1,1,1,1,1,0.790322580645161,0.774193548387097,0.758064516129032,0.725806451612903,0.709677419354839,0.645161290322581,0.629032258064516,0.596774193548387,0,0,0,0,0,0,0,0,2539,3.097582,-3.08922014261644
"540",180,180,3,6.15518710054387,22.0167916186511,24.2920011634278,25.959838691525,28.5885570642677,30.9943491083921,35.954825139071,37.8862984991418,42.0182983963188,1,1,1,1,1,1,1,1,0.790322580645161,0.774193548387097,0.758064516129032,0.725806451612903,0.709677419354839,0.645161290322581,0.629032258064516,0.596774193548387,0,0,0,0,0,0,0,0,2540,2.817462,-3.33772510054387
"541",181,181,1,6.17080510787873,22.0322501317597,24.3074367984735,25.9752575558552,28.6039494958747,31.0097173488813,35.9701435001622,37.901597438563,42.0335557869719,1,1,1,1,1,1,1,1,0.790322580645161,0.774193548387097,0.758064516129032,0.725806451612903,0.709677419354839,0.645161290322581,0.629032258064516,0.596774193548387,0,0,0,0,0,0,0,0,2541,2.678747,-3.49205810787873
"542",181,181,2,6.17839892386148,22.0398439477424,24.3150306144562,25.982851371838,28.6115433118574,31.0173111648641,35.9777373161449,37.9091912545457,42.0411496029546,1,1,1,1,1,1,1,1,0.80327868852459,0.786885245901639,0.770491803278688,0.737704918032787,0.721311475409836,0.655737704918033,0.639344262295082,0.60655737704918,0,0,0,0,0,0,0,0,2542,3.136716,-3.04168292386148
"543",181,181,3,6.15332786224733,22.0147728861283,24.2899595528421,25.9577803102238,28.5864722502433,30.9922401032499,35.9526662545308,37.8841201929316,42.0160785413405,1,1,1,1,1,1,1,1,0.790322580645161,0.774193548387097,0.758064516129032,0.725806451612903,0.709677419354839,0.645161290322581,0.629032258064516,0.596774193548387,0,0,0,0,0,0,0,0,2543,2.864199,-3.28912886224732
"544",182,182,1,6.14090615267853,21.9268154677449,24.1911671924155,25.8510454185275,28.4672189462179,30.8615300006954,35.7983335056918,37.7205894333148,41.8328704823245,1,1,1,1,1,1,1,1,0.790322580645161,0.774193548387097,0.758064516129032,0.725806451612903,0.709677419354839,0.661290322580645,0.629032258064516,0.596774193548387,0,0,0,0,0,0,0,0,2544,2.87088,-3.27002615267853
"545",182,182,2,6.14054643635278,21.9264557514192,24.1908074760897,25.8506857022018,28.4668592298921,30.8611702843696,35.797973789366,37.7202297169891,41.8325107659988,1,1,1,1,1,1,1,1,0.790322580645161,0.774193548387097,0.758064516129032,0.725806451612903,0.709677419354839,0.661290322580645,0.629032258064516,0.596774193548387,0,0,0,0,0,0,0,0,2545,2.714002,-3.42654443635278
"546",182,182,3,6.14899301287594,21.9349023279423,24.1992540526129,25.8591322787249,28.4753058064153,30.8696168608928,35.8064203658892,37.7286762935122,41.8409573425219,1,1,1,1,1,1,1,1,0.790322580645161,0.774193548387097,0.758064516129032,0.725806451612903,0.709677419354839,0.661290322580645,0.629032258064516,0.596774193548387,0,0,0,0,0,0,0,0,2546,2.482077,-3.66691601287594
"547",183,183,1,6.16154510564924,21.9474071349262,24.2117520768606,25.8716253309022,28.4877910219942,30.8820949044498,35.8188836215334,37.7411337911486,41.8534025220554,0,0,0,0,0,1,1,1,0,0,0,0,0,0.953488372093023,0.906976744186046,0.86046511627907,0,0,0,0,0,0,0,0,2547,31.94681,25.7852648943508
"548",183,183,2,4.57509483245562,20.3609568617326,22.625301803667,24.2851750577086,26.9013407488006,29.2956446312562,34.2324333483397,36.154683517955,40.2669522488618,1,1,1,1,1,1,1,1,0.819672131147541,0.80327868852459,0.786885245901639,0.754098360655738,0.737704918032787,0.688524590163934,0.655737704918033,0.622950819672131,1,1,1,1,1,0,0,0,2548,3.743556,-0.831538832455622
"549",183,183,3,6.09362412010432,21.8794861493813,24.1438310913157,25.8037043453573,28.4198700364493,30.8141739189049,35.7509626359884,37.6732128056037,41.7854815365105,1,1,1,1,1,1,1,1,0.790322580645161,0.774193548387097,0.758064516129032,0.725806451612903,0.709677419354839,0.661290322580645,0.629032258064516,0.596774193548387,1,1,1,1,1,0,0,0,2549,2.703536,-3.39008812010432
"550",184,184,1,6.14930705996875,21.9308664963621,24.1945942686788,25.854015107842,28.4694677370902,30.863119028333,35.7985621748064,37.720288416119,41.8314363074957,1,1,1,1,1,1,1,1,0.790322580645161,0.774193548387097,0.758064516129032,0.725806451612903,0.709677419354839,0.661290322580645,0.629032258064516,0.596774193548387,0,0,0,0,0,0,0,0,2550,2.672184,-3.47712305996875
"551",184,184,2,6.15099550297966,21.932554939373,24.1962827116897,25.8557035508529,28.4711561801011,30.8648074713439,35.8002506178173,37.7219768591299,41.8331247505067,1,1,1,1,1,1,1,1,0.80327868852459,0.786885245901639,0.770491803278688,0.737704918032787,0.721311475409836,0.672131147540984,0.639344262295082,0.60655737704918,0,0,0,0,0,0,0,0,2551,3.764847,-2.38614850297966
"552",184,184,3,6.09215079751816,21.8737102339115,24.1374380062282,25.7968588453914,28.4123114746396,30.8059627658824,35.7414059123558,37.6631321536684,41.7742800450452,1,1,1,1,1,1,1,1,0.806451612903226,0.774193548387097,0.758064516129032,0.725806451612903,0.709677419354839,0.661290322580645,0.629032258064516,0.596774193548387,0,0,0,0,0,0,0,0,2552,2.515986,-3.57616479751816
"553",185,185,1,6.15998385823494,21.9412547267755,24.2049411065374,25.8643316029763,28.4797364083353,30.8733439313551,35.8086968326131,37.730387934913,41.8414606534196,1,1,1,1,1,1,1,1,0.790322580645161,0.774193548387097,0.758064516129032,0.725806451612903,0.709677419354839,0.661290322580645,0.629032258064516,0.596774193548387,0,0,0,0,0,0,0,0,2553,2.655171,-3.50481285823494
"554",185,185,2,6.15248735342081,21.9337582219614,24.1974446017233,25.8568350981622,28.4722399035212,30.865847426541,35.8012003277989,37.7228914300989,41.8339641486055,1,1,1,1,1,1,1,1,0.790322580645161,0.774193548387097,0.758064516129032,0.725806451612903,0.709677419354839,0.661290322580645,0.629032258064516,0.596774193548387,0,0,0,0,0,0,0,0,2554,3.120548,-3.03193935342081
"555",185,185,3,6.12742214581306,21.9086930143536,24.1723793941156,25.8317698905544,28.4471746959134,30.8407822189332,35.7761351201912,37.6978262224912,41.8088989409977,1,1,1,1,1,1,1,1,0.80327868852459,0.786885245901639,0.770491803278688,0.737704918032787,0.721311475409836,0.672131147540984,0.639344262295082,0.60655737704918,0,0,0,0,0,0,0,0,2555,3.974803,-2.15261914581306
"556",186,186,1,6.08211121803996,21.8630717269827,24.1267135883531,25.7860714506796,28.4014248206384,30.7949852701953,35.7302411112003,37.651894420899,41.7628862897144,1,1,1,1,1,1,1,1,0.806451612903226,0.774193548387097,0.758064516129032,0.725806451612903,0.709677419354839,0.661290322580645,0.629032258064516,0.596774193548387,0,0,0,0,0,0,0,0,2556,2.790317,-3.29179421803996
"557",186,186,2,6.14591574238342,21.9268762513261,24.1905181126966,25.8498759750231,28.4652293449818,30.8587897945387,35.7940456355438,37.7156989452425,41.8266908140579,1,1,1,1,1,1,1,1,0.80327868852459,0.786885245901639,0.770491803278688,0.737704918032787,0.721311475409836,0.672131147540984,0.639344262295082,0.60655737704918,0,0,0,0,0,0,0,0,2557,4.102779,-2.04313674238342
"558",186,186,3,6.07521755462192,21.8561780635646,24.1198199249351,25.7791777872616,28.3945311572203,30.7880916067772,35.7233474477823,37.645000757481,41.7559926262964,1,1,1,1,1,1,1,1,0.925925925925926,0.888888888888889,0.87037037037037,0.833333333333333,0.814814814814815,0.759259259259259,0.722222222222222,0.685185185185185,0,0,0,0,0,0,0,0,2558,14.945611,8.87039344537808
"559",187,187,1,5.49013336758955,21.2719809284541,23.5357500297262,25.1952011649926,27.810701544649,30.2043965368654,35.1399297898934,37.0616911162278,41.1729140649724,0,0,0,0,0,1,1,1,0,0,0,0,0,0.953488372093023,0.930232558139535,0.86046511627907,0,0,0,0,0,0,0,0,2559,32.481422,26.9912886324104
"560",187,187,2,4.53858374185713,20.3204313027217,22.5842004039938,24.2436515392602,26.8591519189166,29.252846911133,34.188380164161,36.1101414904954,40.22136443924,1,1,1,1,1,1,1,1,0.819672131147541,0.80327868852459,0.786885245901639,0.754098360655738,0.737704918032787,0.688524590163934,0.655737704918033,0.622950819672131,1,1,1,1,1,0,0,0,2560,3.195325,-1.34325874185713
"561",187,187,3,6.12774175910044,21.909589319965,24.1733584212371,25.8328095565035,28.4483099361599,30.8420049283763,35.7775381814043,37.6992995077387,41.8105224564833,1,1,1,1,1,1,1,1,0.790322580645161,0.774193548387097,0.758064516129032,0.725806451612903,0.709677419354839,0.661290322580645,0.629032258064516,0.596774193548387,1,1,1,1,1,0,0,0,2561,2.635168,-3.49257375910044
"562",188,188,1,6.15159722568176,21.9327696170671,24.1964418711356,25.8558220127648,28.4712104976623,30.8648030842639,35.8001251882865,37.7218042989875,41.8328513638727,1,1,1,1,1,1,1,1,0.790322580645161,0.774193548387097,0.758064516129032,0.725806451612903,0.709677419354839,0.661290322580645,0.629032258064516,0.596774193548387,0,0,0,0,0,0,0,0,2562,2.686897,-3.46470022568176
"563",188,188,2,6.14883105980534,21.9300034511907,24.1936757052592,25.8530558468884,28.4684443317858,30.8620369183875,35.7973590224101,37.719038133111,41.8300851979963,1,1,1,1,1,1,1,1,0.790322580645161,0.774193548387097,0.758064516129032,0.725806451612903,0.709677419354839,0.661290322580645,0.629032258064516,0.596774193548387,0,0,0,0,0,0,0,0,2563,2.991255,-3.15757605980534
"564",188,188,3,6.13255576521596,21.9137281566013,24.1774004106698,25.836780552299,28.4521690371965,30.8457616237982,35.7810837278207,37.7027628385217,41.8138099034069,1,1,1,1,1,1,1,1,0.790322580645161,0.774193548387097,0.758064516129032,0.725806451612903,0.709677419354839,0.661290322580645,0.629032258064516,0.596774193548387,0,0,0,0,0,0,0,0,2564,2.659501,-3.47305476521596
"565",189,189,1,6.14991350880737,21.9312872152896,24.194988346262,25.8543896560444,28.4698115045711,30.8634346254266,35.7988196876898,37.7205233126034,41.8316228207303,1,1,1,1,1,1,1,1,0.790322580645161,0.774193548387097,0.758064516129032,0.725806451612903,0.709677419354839,0.661290322580645,0.629032258064516,0.596774193548387,0,0,0,0,0,0,0,0,2565,2.460396,-3.68951750880737
"566",189,189,2,6.16055973449751,21.9419334409797,24.2056345719521,25.8650358817345,28.4804577302613,30.8740808511168,35.8094659133799,37.7311695382935,41.8422690464205,1,1,1,1,1,1,1,1,0.80327868852459,0.786885245901639,0.770491803278688,0.737704918032787,0.721311475409836,0.672131147540984,0.639344262295082,0.60655737704918,0,0,0,0,0,0,0,0,2566,3.155969,-3.00459073449751
"567",189,189,3,6.12336716202586,21.9047408685081,24.1684419994805,25.8278433092629,28.4432651577896,30.8368882786451,35.7722733409083,37.6939769658219,41.8050764739488,1,1,1,1,1,1,1,1,0.790322580645161,0.774193548387097,0.758064516129032,0.725806451612903,0.709677419354839,0.661290322580645,0.629032258064516,0.596774193548387,0,0,0,0,0,0,0,0,2567,2.820958,-3.30240916202586
"568",190,190,1,6.14122610586256,21.9226335021122,24.1863394655894,25.8457443178292,28.4611717497073,30.8547999804225,35.790195578649,37.7119033059778,41.8230115903995,1,1,1,1,1,1,1,1,0.790322580645161,0.774193548387097,0.758064516129032,0.725806451612903,0.709677419354839,0.661290322580645,0.629032258064516,0.596774193548387,0,0,0,0,0,0,0,0,2568,2.168619,-3.97260710586256
"569",190,190,2,6.17610658619804,21.9575139824477,24.2212199459249,25.8806247981647,28.4960522300428,30.889680460758,35.8250760589845,37.7467837863133,41.857892070735,1,1,1,1,1,1,1,1,0.80327868852459,0.786885245901639,0.770491803278688,0.737704918032787,0.721311475409836,0.672131147540984,0.639344262295082,0.60655737704918,0,0,0,0,0,0,0,0,2569,3.50319,-2.67291658619804
"570",190,190,3,6.10474725075771,21.8861546470073,24.1498606104846,25.8092654627243,28.4246928946024,30.8183211253177,35.7537167235442,37.675424450873,41.7865327352947,1,1,1,1,1,1,1,1,0.790322580645161,0.774193548387097,0.758064516129032,0.725806451612903,0.709677419354839,0.661290322580645,0.629032258064516,0.596774193548387,0,0,0,0,0,0,0,0,2570,2.683389,-3.42135825075771
"571",191,191,1,6.14843377122842,21.9299461779239,24.1936672042384,25.8530830982591,28.4685279333506,30.8621720914139,35.7976005300632,37.7193210445523,41.8304566845388,1,1,1,1,1,1,1,1,1,0.979591836734694,0.959183673469388,0.918367346938776,0.897959183673469,0.836734693877551,0.795918367346939,0.755102040816326,0,0,0,0,0,0,0,0,2571,23.17155,17.0231162287716
"572",191,191,2,5.05296631840564,20.8344787251011,23.0981997514156,24.7576156454363,27.3730604805278,29.7667046385911,34.7021330772404,36.6238535917295,40.734989231716,1,1,1,1,1,1,1,1,0.819672131147541,0.80327868852459,0.786885245901639,0.754098360655738,0.721311475409836,0.672131147540984,0.655737704918033,0.60655737704918,0,0,0,0,0,0,0,0,2572,3.182231,-1.87073531840564
"573",191,191,3,6.12176152987396,21.9032739365694,24.1669949628839,25.8264108569047,28.4418556919962,30.8354998500594,35.7709282887087,37.6926488031978,41.8037844431843,1,1,1,1,1,1,1,1,0.80327868852459,0.786885245901639,0.770491803278688,0.737704918032787,0.721311475409836,0.672131147540984,0.639344262295082,0.60655737704918,0,0,0,0,0,0,0,0,2573,3.881886,-2.23987552987396
"574",192,192,1,6.07842349278516,21.8401553836834,24.1010390666326,25.7583750521212,28.3705416939354,30.7611856632422,35.6904280458482,37.6097398797232,41.7157226305965,1,1,1,1,1,1,1,1,0.892857142857143,0.857142857142857,0.839285714285714,0.803571428571429,0.785714285714286,0.732142857142857,0.696428571428571,0.660714285714286,0,0,0,0,0,0,0,0,2574,12.160903,6.08247950721484
"575",192,192,2,5.63559538212185,21.3973272730201,23.6582109559693,25.3155469414579,27.9277135832721,30.3183575525789,35.2475999351849,37.1669117690599,41.2728945199332,1,1,1,1,1,1,1,1,0.87719298245614,0.842105263157895,0.824561403508772,0.807017543859649,0.771929824561403,0.719298245614035,0.701754385964912,0.649122807017544,0,0,0,0,0,0,0,0,2575,10.66122,5.02562461787815
"576",192,192,3,5.71581043536838,21.4775423262666,23.7384260092159,25.3957619947044,28.0079286365186,30.3985726058254,35.3278149884314,37.2471268223064,41.3531095731797,1,1,1,1,1,1,1,1,0.806451612903226,0.774193548387097,0.758064516129032,0.741935483870968,0.709677419354839,0.661290322580645,0.645161290322581,0.596774193548387,0,0,0,0,0,0,0,0,2576,2.736887,-2.97892343536838
"577",193,193,1,6.14988716236591,21.9132994780548,24.17442420336,25.831936884436,28.4443820203657,30.8352808663206,35.7650487762707,37.6845652360846,41.7909857431164,1,1,1,1,1,1,1,1,0.816666666666667,0.8,0.783333333333333,0.75,0.733333333333333,0.683333333333333,0.65,0.616666666666667,0,0,0,0,0,0,0,0,2577,5.59398,-0.555907162365914
"578",193,193,2,5.99736056050352,21.7607728761924,24.0218976014976,25.6794102825736,28.2918554185033,30.6827542644582,35.6125221744083,37.5320386342222,41.638459141254,1,1,1,1,1,1,1,1,0.819672131147541,0.786885245901639,0.770491803278688,0.737704918032787,0.721311475409836,0.672131147540984,0.639344262295082,0.60655737704918,0,0,0,0,0,0,0,0,2578,3.896854,-2.10050656050352
"579",193,193,3,6.0879620430987,21.8513743587875,24.1124990840928,25.7700117651688,28.3824569010985,30.7733557470534,35.7031236570035,37.6226401168174,41.7290606238492,1,1,1,1,1,1,1,1,0.806451612903226,0.774193548387097,0.758064516129032,0.725806451612903,0.709677419354839,0.661290322580645,0.629032258064516,0.596774193548387,0,0,0,0,0,0,0,0,2579,2.886755,-3.2012070430987
"580",194,194,1,6.14348961896362,21.906114429543,24.167126194073,25.8245560694926,28.4368706934588,30.8276500954113,35.7571717250929,37.6765922901227,41.7828076494957,1,1,1,1,1,1,1,1,0.790322580645161,0.774193548387097,0.758064516129032,0.725806451612903,0.709677419354839,0.661290322580645,0.629032258064516,0.596774193548387,0,0,0,0,0,0,0,0,2580,2.634107,-3.50938261896362
"581",194,194,2,6.15700138088696,21.9196261914663,24.1806379559964,25.8380678314159,28.4503824553821,30.8411618573347,35.7706834870162,37.6901040520461,41.7963194114191,1,1,1,1,1,1,1,1,0.790322580645161,0.774193548387097,0.758064516129032,0.725806451612903,0.709677419354839,0.661290322580645,0.629032258064516,0.596774193548387,0,0,0,0,0,0,0,0,2581,3.06249,-3.09451138088696
"582",194,194,3,6.1340912089956,21.8967160195749,24.157727784105,25.8151576595245,28.4274722834908,30.8182516854433,35.7477733151249,37.6671938801547,41.7734092395277,1,1,1,1,1,1,1,1,0.790322580645161,0.774193548387097,0.758064516129032,0.725806451612903,0.709677419354839,0.661290322580645,0.629032258064516,0.596774193548387,0,0,0,0,0,0,0,0,2582,2.590167,-3.5439242089956
"583",195,195,1,6.15928090431877,21.9219385589211,24.1829550346413,25.8403883635888,28.4527084307424,30.8434928142773,35.7730247154285,37.692449279887,41.7986731952355,0,0,0,0,0,1,1,1,0,0,0,0,0,0.953488372093023,0.906976744186046,0.86046511627907,0,0,0,0,0,0,0,0,2583,31.942378,25.7830970956812
"584",195,195,2,4.58952783702952,20.3521854916319,22.6132019673521,24.2706352962995,26.8829553634532,29.2737397469881,34.2032716481392,36.1226962125977,40.2289201279462,1,1,1,1,1,1,1,1,0.819672131147541,0.80327868852459,0.786885245901639,0.754098360655738,0.737704918032787,0.688524590163934,0.655737704918033,0.622950819672131,1,1,1,1,1,0,0,0,2584,3.225631,-1.36389683702952
"585",195,195,3,6.12529635837939,21.8879540129817,24.1489704887019,25.8064038176494,28.418723884803,30.809508268338,35.7390401694891,37.6584647339476,41.7646886492961,1,1,1,1,1,1,1,1,0.790322580645161,0.774193548387097,0.758064516129032,0.725806451612903,0.709677419354839,0.661290322580645,0.629032258064516,0.596774193548387,1,1,1,1,1,0,0,0,2585,2.559722,-3.56557435837939
"586",196,196,1,6.16019728470317,21.9164885152811,24.1765917827133,25.8333556862634,28.4446206561359,30.8344394190585,35.7619803177396,37.6806296404255,41.7851950814763,1,1,1,1,1,1,1,1,0.790322580645161,0.774193548387097,0.758064516129032,0.725806451612903,0.709677419354839,0.661290322580645,0.629032258064516,0.596774193548387,0,0,0,0,0,0,0,0,2586,2.229529,-3.93066828470317
"587",196,196,2,6.17783474005407,21.934125970632,24.1942292380642,25.8509931416143,28.4622581114868,30.8520768744094,35.7796177730905,37.6982670957764,41.8028325368272,1,1,1,1,1,1,1,1,0.790322580645161,0.774193548387097,0.758064516129032,0.725806451612903,0.709677419354839,0.661290322580645,0.629032258064516,0.596774193548387,0,0,0,0,0,0,0,0,2587,2.877105,-3.30072974005407
"588",196,196,3,6.14324408311611,21.899535313694,24.1596385811263,25.8164024846763,28.4276674545488,30.8174862174714,35.7450271161525,37.6636764388385,41.7682418798892,1,1,1,1,1,1,1,1,0.790322580645161,0.774193548387097,0.758064516129032,0.725806451612903,0.709677419354839,0.661290322580645,0.629032258064516,0.596774193548387,0,0,0,0,0,0,0,0,2588,2.277851,-3.86539308311611
"589",197,197,1,6.17282020608206,21.9299046408759,24.1901216865707,25.8469689950346,28.4583654213744,30.8483044927053,35.7760934539639,37.6948393654162,41.7996114387616,1,1,1,1,1,1,1,1,0.790322580645161,0.774193548387097,0.758064516129032,0.725806451612903,0.709677419354839,0.661290322580645,0.629032258064516,0.596774193548387,0,0,0,0,0,0,0,0,2589,2.841273,-3.33154720608206
"590",197,197,2,6.14277214327603,21.8998565780699,24.1600736237646,25.8169209322286,28.4283173585684,30.8182564298992,35.7460453911579,37.6647913026101,41.7695633759556,0,1,1,1,1,1,1,1,0,1,0.979166666666667,0.9375,0.916666666666667,0.854166666666667,0.8125,0.770833333333333,0,0,0,0,0,0,0,0,2590,24.91402,18.771247856724
"591",197,197,3,4.96560247621017,20.722686911004,22.9829039566988,24.6397512651627,27.2511476915025,29.6410867628334,34.568875724092,36.4876216355443,40.5923937088897,1,1,1,1,1,1,1,1,0.806451612903226,0.790322580645161,0.774193548387097,0.741935483870968,0.725806451612903,0.661290322580645,0.645161290322581,0.612903225806452,1,0,0,0,0,0,0,0,2591,2.547043,-2.41855947621017
"592",198,198,1,6.17064198222809,21.9421420467628,24.2044268894665,25.8627899921394,28.4765754977626,30.8687010444466,35.8009982750746,37.7214995830115,41.8300269750915,1,1,1,1,1,1,1,1,0.790322580645161,0.774193548387097,0.758064516129032,0.725806451612903,0.709677419354839,0.661290322580645,0.629032258064516,0.596774193548387,1,0,0,0,0,0,0,0,2592,2.936797,-3.23384498222809
"593",198,198,2,6.14964363601514,21.9211437005498,24.1834285432536,25.8417916459265,28.4555771515496,30.8477026982337,35.7799999288616,37.7005012367986,41.8090286288786,1,1,1,1,1,1,1,1,0.790322580645161,0.774193548387097,0.758064516129032,0.725806451612903,0.709677419354839,0.661290322580645,0.629032258064516,0.596774193548387,0,0,0,0,0,0,0,0,2593,3.009429,-3.14021463601514
"594",198,198,3,6.14573052189152,21.9172305864262,24.17951542913,25.8378785318028,28.451664037426,30.8437895841101,35.776086814738,37.696588122675,41.805115514755,1,1,1,1,1,1,1,1,0.790322580645161,0.774193548387097,0.758064516129032,0.725806451612903,0.709677419354839,0.661290322580645,0.629032258064516,0.596774193548387,0,0,0,0,0,0,0,0,2594,2.509609,-3.63612152189152
"595",199,199,1,6.17302436348684,21.9443161014206,24.206571061481,25.8649122587456,28.478663238734,30.8707571877018,35.8029892673478,37.7234652072787,41.8319383295972,0,0,0,1,1,1,1,1,0,0,0,0.978260869565217,0.956521739130435,0.891304347826087,0.847826086956522,0.804347826086957,0,0,0,0,0,0,0,0,2595,26.677495,20.5044706365132
"596",199,199,2,4.87086948350706,20.6421612214408,22.9044161815012,24.5627573787658,27.1765083587543,29.5686023077221,34.500834387368,36.4213103272989,40.5297834496174,1,1,1,1,1,1,1,1,0.806451612903226,0.790322580645161,0.774193548387097,0.741935483870968,0.725806451612903,0.661290322580645,0.645161290322581,0.612903225806452,1,1,1,0,0,0,0,0,2596,2.833327,-2.03754248350706
"597",199,199,3,6.15558258254508,21.9268743204789,24.1891292805393,25.8474704778038,28.4612214577923,30.8533154067601,35.785547486406,37.7060234263369,41.8144965486554,1,1,1,1,1,1,1,1,0.790322580645161,0.774193548387097,0.758064516129032,0.725806451612903,0.709677419354839,0.661290322580645,0.629032258064516,0.596774193548387,1,1,1,0,0,0,0,0,2597,2.480797,-3.67478558254509
"598",200,200,1,6.17763761308288,21.9579730662915,24.2215252688402,25.8808174069577,28.4960671874284,30.8895328323197,35.8245931966324,37.7461703930667,41.8569994328173,1,1,1,1,1,1,1,1,0.790322580645161,0.774193548387097,0.758064516129032,0.725806451612903,0.709677419354839,0.661290322580645,0.629032258064516,0.596774193548387,0,0,0,0,0,0,0,0,2598,2.966313,-3.21132461308288
"599",200,200,2,6.15131945097798,21.9316549041866,24.1952071067353,25.8544992448528,28.4697490253235,30.8632146702148,35.7982750345275,37.7198522309618,41.8306812707124,1,1,1,1,1,1,1,1,0.790322580645161,0.774193548387097,0.758064516129032,0.725806451612903,0.709677419354839,0.661290322580645,0.629032258064516,0.596774193548387,0,0,0,0,0,0,0,0,2599,2.945598,-3.20572145097798
"600",200,200,3,6.15244234029162,21.9327777935003,24.196329996049,25.8556221341664,28.4708719146371,30.8643375595284,35.7993979238411,37.7209751202754,41.8318041600261,1,1,1,1,1,1,1,1,0.790322580645161,0.774193548387097,0.758064516129032,0.725806451612903,0.709677419354839,0.661290322580645,0.629032258064516,0.596774193548387,0,0,0,0,0,0,0,0,2600,2.481453,-3.67098934029163
"601",201,201,1,6.1778377012382,21.9580397749942,24.2215728454177,25.8808509587713,28.4960786344785,30.8895240491827,35.8245427010963,37.7461036558661,41.8568979498327,1,1,1,1,1,1,1,1,0.790322580645161,0.774193548387097,0.758064516129032,0.725806451612903,0.709677419354839,0.661290322580645,0.629032258064516,0.596774193548387,0,0,0,0,0,0,0,0,2601,3.055898,-3.1219397012382
"602",201,201,2,6.14669764721162,21.9268997209676,24.1904327913911,25.8497109047448,28.4649385804519,30.8583839951561,35.7934026470697,37.7149636018395,41.8257578958061,1,1,1,1,1,1,1,1,0.790322580645161,0.774193548387097,0.758064516129032,0.725806451612903,0.709677419354839,0.661290322580645,0.629032258064516,0.596774193548387,0,0,0,0,0,0,0,0,2602,2.890736,-3.25596164721162
"603",201,201,3,6.15565090401277,21.9358529777687,24.1993860481922,25.8586641615459,28.473891837253,30.8673372519573,35.8023559038709,37.7239168586406,41.8347111526073,1,1,1,1,1,1,1,1,0.790322580645161,0.774193548387097,0.758064516129032,0.725806451612903,0.709677419354839,0.661290322580645,0.629032258064516,0.596774193548387,0,0,0,0,0,0,0,0,2603,2.344819,-3.81083190401277
"604",202,202,1,6.18544359548606,21.9655378429932,24.2290554466769,25.8883222221698,28.503532028005,30.8969610882773,35.8319460191684,37.7534938438965,41.8642600487724,1,1,1,1,1,1,1,1,0.80327868852459,0.786885245901639,0.770491803278688,0.737704918032787,0.721311475409836,0.672131147540984,0.639344262295082,0.60655737704918,0,0,0,0,0,0,0,0,2604,4.553126,-1.63231759548606
"605",202,202,2,6.06572925956707,21.8458235070742,24.1093411107579,25.7686078862508,28.383817692086,30.7772467523583,35.7122316832494,37.6337795079775,41.7445457128534,1,1,1,1,1,1,1,1,0.806451612903226,0.774193548387097,0.758064516129032,0.725806451612903,0.709677419354839,0.661290322580645,0.629032258064516,0.596774193548387,0,0,0,0,0,0,0,0,2605,2.848572,-3.21715725956707
"606",202,202,3,6.15813468605354,21.9382289335607,24.2017465372444,25.8610133127372,28.4762231185724,30.8696521788448,35.8046371097359,37.726184934464,41.8369511393399,1,1,1,1,1,1,1,1,0.790322580645161,0.774193548387097,0.758064516129032,0.725806451612903,0.709677419354839,0.661290322580645,0.629032258064516,0.596774193548387,0,0,0,0,0,0,0,0,2606,2.637429,-3.52070568605354
"607",203,203,1,6.17350572220416,21.9531407446049,24.2165924764316,25.8758109646994,28.4909446638915,30.8843040716828,35.819145386893,37.7406372916127,41.8512838668452,0,0,0,0,1,1,1,1,0,0,0,0,1,0.931818181818182,0.886363636363636,0.840909090909091,0,0,0,0,0,0,0,0,2607,30.940665,24.7671592777958
"608",203,203,2,4.62844092232698,20.4080759447277,22.6715276765544,24.3307461648222,26.9458798640143,29.3392392718056,34.2740805870159,36.1955724917355,40.306219066968,1,1,1,1,1,1,1,1,0.806451612903226,0.790322580645161,0.774193548387097,0.741935483870968,0.725806451612903,0.67741935483871,0.645161290322581,0.612903225806452,1,1,1,1,0,0,0,0,2608,2.891955,-1.73648592232698
"609",203,203,3,6.15961122748088,21.9392462498817,24.2026979817083,25.8619164699761,28.4770501691682,30.8704095769595,35.8052508921698,37.7267427968894,41.8373893721219,1,1,1,1,1,1,1,1,0.790322580645161,0.774193548387097,0.758064516129032,0.725806451612903,0.709677419354839,0.661290322580645,0.629032258064516,0.596774193548387,1,1,1,1,0,0,0,0,2609,2.572575,-3.58703622748088
"610",204,204,1,6.17302342666081,21.9471014286391,24.2097560541017,25.8683902252411,28.4826029683177,30.8751195209296,35.8082229623594,37.7290381866779,41.8382371399004,1,1,1,1,1,1,1,1,0.790322580645161,0.774193548387097,0.758064516129032,0.725806451612903,0.709677419354839,0.661290322580645,0.629032258064516,0.596774193548387,0,0,0,0,0,0,0,0,2610,2.998264,-3.17475942666081
"611",204,204,2,6.14993813359403,21.9240161355723,24.1866707610349,25.8453049321743,28.4595176752509,30.8520342278628,35.7851376692926,37.7059528936111,41.8151518468336,1,1,1,1,1,1,1,1,0.790322580645161,0.774193548387097,0.758064516129032,0.725806451612903,0.709677419354839,0.661290322580645,0.629032258064516,0.596774193548387,0,0,0,0,0,0,0,0,2611,2.936866,-3.21307213359403
"612",204,204,3,6.15326777289341,21.9273457748717,24.1900004003343,25.8486345714737,28.4628473145502,30.8553638671622,35.788467308592,37.7092825329105,41.818481486133,1,1,1,1,1,1,1,1,0.790322580645161,0.774193548387097,0.758064516129032,0.725806451612903,0.709677419354839,0.661290322580645,0.629032258064516,0.596774193548387,0,0,0,0,0,0,0,0,2612,2.478767,-3.67450077289341
"613",205,205,1,6.17839847803902,21.9523140923872,24.2149454247531,25.8735625209375,28.4877483517716,30.880240274412,35.8132929315755,37.7340883818932,41.8432450326065,1,1,1,1,1,1,1,1,0.80327868852459,0.786885245901639,0.770491803278688,0.737704918032787,0.721311475409836,0.672131147540984,0.639344262295082,0.60655737704918,0,0,0,0,0,0,0,0,2613,3.302616,-2.87578247803902
"614",205,205,2,6.13371843014116,21.9076340444893,24.1702653768553,25.8288824730397,28.4430683038738,30.8355602265141,35.7686128836777,37.6894083339953,41.7985649847086,1,1,1,1,1,1,1,1,0.790322580645161,0.774193548387097,0.758064516129032,0.725806451612903,0.709677419354839,0.661290322580645,0.629032258064516,0.596774193548387,0,0,0,0,0,0,0,0,2614,2.943205,-3.19051343014116
"615",205,205,3,6.15321047382273,21.9271260881709,24.1897574205368,25.8483745167212,28.4625603475553,30.8550522701957,35.7881049273592,37.7089003776769,41.8180570283902,1,1,1,1,1,1,1,1,0.790322580645161,0.774193548387097,0.758064516129032,0.725806451612903,0.709677419354839,0.661290322580645,0.629032258064516,0.596774193548387,0,0,0,0,0,0,0,0,2615,2.535915,-3.61729547382273
"616",206,206,1,6.17576702143129,21.9494293306443,24.2120243285864,25.8706147898985,28.4847586408773,30.8772121437299,35.8101855835576,37.7309501888167,41.8400408527131,1,1,1,1,1,1,1,1,0.790322580645161,0.774193548387097,0.758064516129032,0.725806451612903,0.709677419354839,0.661290322580645,0.629032258064516,0.596774193548387,0,0,0,0,0,0,0,0,2616,3.115113,-3.06065402143129
"617",206,206,2,6.144352511837,21.91801482105,24.1806098189921,25.8392002803042,28.453344131283,30.8457976341356,35.7787710739633,37.6995356792224,41.8086263431188,1,1,1,1,1,1,1,1,0.790322580645161,0.774193548387097,0.758064516129032,0.725806451612903,0.709677419354839,0.661290322580645,0.629032258064516,0.596774193548387,0,0,0,0,0,0,0,0,2617,3.107228,-3.037124511837
"618",206,206,3,6.14478017803776,21.9184424872507,24.1810374851929,25.839627946505,28.4537717974838,30.8462253003364,35.7791987401641,37.6999633454232,41.8090540093196,1,1,1,1,1,1,1,1,0.790322580645161,0.774193548387097,0.758064516129032,0.725806451612903,0.709677419354839,0.661290322580645,0.629032258064516,0.596774193548387,0,0,0,0,0,0,0,0,2618,2.61895,-3.52583017803776
"619",207,207,1,6.17176413940096,21.945150021271,24.2077053681092,25.8662667632638,28.4803648023807,30.8727763784092,35.8056633697817,37.7263943143826,41.8354129680513,0,0,0,0,1,1,1,1,0,0,0,0,1,0.931818181818182,0.886363636363636,0.840909090909091,0,0,0,0,0,0,0,0,2619,31.049635,24.877870860599
"620",207,207,2,4.62959992968834,20.4029858115584,22.6655411583966,24.3241025535512,26.9382005926681,29.3306121686966,34.2634991600691,36.1842301046699,40.2932487583387,1,1,1,1,1,1,1,1,0.806451612903226,0.790322580645161,0.774193548387097,0.741935483870968,0.725806451612903,0.67741935483871,0.645161290322581,0.612903225806452,1,1,1,1,0,0,0,0,2620,2.949625,-1.67997492968834
"621",207,207,3,6.1538273520866,21.9272132339567,24.1897685807949,25.8483299759494,28.4624280150664,30.8548395910949,35.7877265824673,37.7084575270682,41.817476180737,1,1,1,1,1,1,1,1,0.790322580645161,0.774193548387097,0.758064516129032,0.725806451612903,0.709677419354839,0.661290322580645,0.629032258064516,0.596774193548387,1,1,1,1,0,0,0,0,2621,2.546498,-3.60732935208659
"622",208,208,1,6.17754022018945,21.9478066151586,24.2099144986671,25.8681478817775,28.4817289333147,30.8736673644757,35.8055787836744,37.7259298672189,41.8341358843389,1,1,1,1,1,1,1,1,0.80327868852459,0.786885245901639,0.770491803278688,0.737704918032787,0.721311475409836,0.672131147540984,0.639344262295082,0.60655737704918,0,0,0,0,0,0,0,0,2622,3.256175,-2.92136522018945
"623",208,208,2,6.13890917662526,21.9091755715944,24.1712834551029,25.8295168382133,28.4430978897505,30.8350363209115,35.7669477401102,37.6872988236548,41.7955048407747,1,1,1,1,1,1,1,1,0.790322580645161,0.774193548387097,0.758064516129032,0.725806451612903,0.709677419354839,0.661290322580645,0.629032258064516,0.596774193548387,0,0,0,0,0,0,0,0,2623,2.888936,-3.24997317662526
"624",208,208,3,6.15889971571201,21.9291661106811,24.1912739941897,25.8495073773,28.4630884288373,30.8550268599983,35.7869382791969,37.7072893627415,41.8154953798615,1,1,1,1,1,1,1,1,0.790322580645161,0.774193548387097,0.758064516129032,0.725806451612903,0.709677419354839,0.661290322580645,0.629032258064516,0.596774193548387,0,0,0,0,0,0,0,0,2624,2.550609,-3.60829071571201
"625",209,209,1,6.17536539712136,21.9454054524619,24.2074808695146,25.8656904531584,28.4792339937906,30.8711380951285,35.8029787300442,37.7233022521297,41.8314493070356,1,1,1,1,1,1,1,1,0.80327868852459,0.786885245901639,0.770491803278688,0.737704918032787,0.721311475409836,0.672131147540984,0.639344262295082,0.60655737704918,0,0,0,0,0,0,0,0,2625,3.227122,-2.94824339712136
"626",209,209,2,6.13866227422725,21.9087023295678,24.1707777466205,25.8289873302642,28.4425308708965,30.8344349722344,35.7662756071501,37.6865991292356,41.7947461841415,1,1,1,1,1,1,1,1,0.790322580645161,0.774193548387097,0.758064516129032,0.725806451612903,0.709677419354839,0.661290322580645,0.629032258064516,0.596774193548387,0,0,0,0,0,0,0,0,2626,2.989066,-3.14959627422725
"627",209,209,3,6.15157761897847,21.921617674319,24.1836930913717,25.8419026750155,28.4554462156477,30.8473503169856,35.7791909519013,37.6995144739868,41.8076615288927,1,1,1,1,1,1,1,1,0.790322580645161,0.774193548387097,0.758064516129032,0.725806451612903,0.709677419354839,0.661290322580645,0.629032258064516,0.596774193548387,0,0,0,0,0,0,0,0,2627,2.515038,-3.63653961897847
"628",210,210,1,6.17817327212844,21.94771029692,24.2097135586049,25.8678702489095,28.4813304230926,30.8731582278055,35.804841547553,37.7251038154254,41.8331198292267,1,1,1,1,1,1,1,1,0.80327868852459,0.786885245901639,0.770491803278688,0.737704918032787,0.721311475409836,0.672131147540984,0.639344262295082,0.60655737704918,0,0,0,0,0,0,0,0,2628,3.277662,-2.90051127212844
"629",210,210,2,6.13679159896926,21.9063286237608,24.1683318854457,25.8264885757504,28.4399487499335,30.8317765546463,35.7634598743939,37.6837221422663,41.7917381560675,1,1,1,1,1,1,1,1,0.790322580645161,0.774193548387097,0.758064516129032,0.725806451612903,0.709677419354839,0.661290322580645,0.629032258064516,0.596774193548387,0,0,0,0,0,0,0,0,2629,2.973218,-3.16357359896926
"630",210,210,3,6.153311407031,21.9228484318225,24.1848516935075,25.8430083838121,28.4564685579952,30.848296362708,35.7799796824556,37.700241950328,41.8082579641292,1,1,1,1,1,1,1,1,0.790322580645161,0.774193548387097,0.758064516129032,0.725806451612903,0.709677419354839,0.661290322580645,0.629032258064516,0.596774193548387,0,0,0,0,0,0,0,0,2630,2.459213,-3.694098407031
"631",211,211,1,6.18149070758856,21.9508780120473,24.2128597976496,25.8710007449574,28.484436106229,30.8762412022691,35.8078776992554,37.7281217356283,41.8360987467928,1,1,1,1,1,1,1,1,0.942307692307692,0.923076923076923,0.903846153846154,0.865384615384615,0.846153846153846,0.788461538461538,0.75,0.711538461538462,0,0,0,0,0,0,0,0,2631,17.561512,11.3800212924114
"632",211,211,2,5.3619633766716,21.1313506811304,23.3933324667326,25.0514734140404,27.664908775312,30.0567138713521,34.9883503683384,36.9085944047114,41.0165714158758,1,1,1,1,1,1,1,1,0.819672131147541,0.80327868852459,0.770491803278688,0.754098360655738,0.721311475409836,0.672131147540984,0.655737704918033,0.60655737704918,0,0,0,0,0,0,0,0,2632,3.220055,-2.1419083766716
"633",211,211,3,6.14020356226655,21.9095908667253,24.1715726523276,25.8297135996354,28.443148960907,30.8349540569471,35.7665905539334,37.6868345903063,41.7948116014708,1,1,1,1,1,1,1,1,0.80327868852459,0.786885245901639,0.770491803278688,0.737704918032787,0.721311475409836,0.672131147540984,0.639344262295082,0.60655737704918,0,0,0,0,0,0,0,0,2633,3.13423,-3.00597356226655
"634",212,212,1,6.13671558740972,21.8794994225239,24.1376651712739,25.793008780866,28.4020351916707,30.7898052347109,35.7131219005057,37.6301264227257,41.7311731430441,1,1,1,1,1,1,1,1,0.790322580645161,0.774193548387097,0.758064516129032,0.725806451612903,0.709677419354839,0.661290322580645,0.629032258064516,0.596774193548387,0,0,0,0,0,0,0,0,2634,2.731534,-3.40518158740972
"635",212,212,2,6.15848991056732,21.9012737456815,24.1594394944315,25.8147831040236,28.4238095148283,30.8115795578685,35.7348962236633,37.6519007458833,41.7529474662017,1,1,1,1,1,1,1,1,0.790322580645161,0.774193548387097,0.758064516129032,0.725806451612903,0.709677419354839,0.661290322580645,0.629032258064516,0.596774193548387,0,0,0,0,0,0,0,0,2635,2.511321,-3.64716891056732
"636",212,212,3,6.17039712848233,21.9131809635965,24.1713467123465,25.8266903219386,28.4357167327434,30.8234867757835,35.7468034415783,37.6638079637983,41.7648546841167,1,1,1,1,1,1,1,1,0.790322580645161,0.774193548387097,0.758064516129032,0.725806451612903,0.709677419354839,0.661290322580645,0.629032258064516,0.596774193548387,0,0,0,0,0,0,0,0,2636,2.588536,-3.58186112848233
"637",213,213,1,6.16713529422135,21.9101216664449,24.1683164673859,25.8236813736249,28.4327413505812,30.8205421132226,35.7439221194238,37.6609513046614,41.7620507865597,1,1,1,1,1,1,1,1,0.790322580645161,0.774193548387097,0.758064516129032,0.725806451612903,0.709677419354839,0.661290322580645,0.629032258064516,0.596774193548387,0,0,0,0,0,0,0,0,2637,3.099964,-3.06717129422135
"638",213,213,2,6.13957647922054,21.882562851444,24.1407576523851,25.7961225586241,28.4051825355804,30.7929832982218,35.716363304423,37.6333924896605,41.7344919715589,1,1,1,1,1,1,1,1,0.790322580645161,0.774193548387097,0.758064516129032,0.725806451612903,0.709677419354839,0.661290322580645,0.629032258064516,0.596774193548387,0,0,0,0,0,0,0,0,2638,2.6273,-3.51227647922054
"639",213,213,3,6.16504645687828,21.9080328291018,24.1662276300428,25.8215925362818,28.4306525132381,30.8184532758795,35.7418332820807,37.6588624673183,41.7599619492166,1,1,1,1,1,1,1,1,0.790322580645161,0.774193548387097,0.758064516129032,0.725806451612903,0.709677419354839,0.661290322580645,0.629032258064516,0.596774193548387,0,0,0,0,0,0,0,0,2639,2.505853,-3.65919345687829
"640",214,214,1,6.14526312654212,21.820178222205,24.0686087891444,25.7168160443713,28.314594677429,30.6920708013874,35.59416254918,37.5029026702745,41.5862693618092,1,1,1,1,1,1,1,1,0.819672131147541,0.786885245901639,0.770491803278688,0.737704918032787,0.721311475409836,0.672131147540984,0.639344262295082,0.60655737704918,0,0,0,0,0,0,0,0,2640,3.24286,-2.90240312654212
"641",214,214,2,6.10602762074717,21.7809427164101,24.0293732833495,25.6775805385763,28.2753591716341,30.6528352955924,35.554927043385,37.4636671644795,41.5470338560143,1,1,1,1,1,1,1,1,0.806451612903226,0.774193548387097,0.758064516129032,0.725806451612903,0.709677419354839,0.661290322580645,0.645161290322581,0.596774193548387,0,0,0,0,0,0,0,0,2641,2.643988,-3.46203962074717
"642",214,214,3,6.1379093339825,21.8128244296454,24.0612549965848,25.7094622518117,28.3072408848694,30.6847170088278,35.5868087566204,37.4955488777148,41.5789155692496,1,1,1,1,1,1,1,1,0.806451612903226,0.774193548387097,0.758064516129032,0.725806451612903,0.709677419354839,0.661290322580645,0.645161290322581,0.596774193548387,0,0,0,0,0,0,0,0,2642,2.695332,-3.4425773339825
"643",215,215,1,6.13522842582315,21.8101198213732,24.0585469887371,25.7067517519123,28.3045264571882,30.6819989864571,35.5840833223992,37.4928205575223,41.5761810751001,0,0,0,0,1,1,1,1,0,0,0,0,1,0.931818181818182,0.909090909090909,0.840909090909091,0,0,0,0,0,0,0,0,2643,30.858756,24.7235275741769
"644",215,215,2,4.63589817863091,20.310789574181,22.5592167415448,24.2074215047201,26.805196209996,29.1826687392649,34.084753075207,35.9934903103301,40.0768508279079,1,1,1,1,1,1,1,1,0.82258064516129,0.790322580645161,0.774193548387097,0.741935483870968,0.725806451612903,0.67741935483871,0.645161290322581,0.612903225806452,1,1,1,1,0,0,0,0,2644,2.533886,-2.10201217863091
"645",215,215,3,6.14382329238085,21.8187146879309,24.0671418552948,25.71534661847,28.3131213237459,30.6905938530148,35.5926781889569,37.50141542408,41.5847759416578,1,1,1,1,1,1,1,1,0.806451612903226,0.774193548387097,0.758064516129032,0.725806451612903,0.709677419354839,0.661290322580645,0.629032258064516,0.596774193548387,1,1,1,1,0,0,0,0,2645,2.761016,-3.38280729238085
"646",216,216,1,6.13122234657398,21.7986811273459,24.0460421506089,25.6934653791138,28.2900082890185,30.6663534843232,35.566113382822,37.4739455457361,41.5553698428348,1,1,1,1,1,1,1,1,0.819672131147541,0.786885245901639,0.770491803278688,0.737704918032787,0.721311475409836,0.672131147540984,0.655737704918033,0.60655737704918,0,0,0,0,0,0,0,0,2646,3.306646,-2.82457634657398
"647",216,216,2,6.10234888713133,21.7698076679032,24.0171686911663,25.6645919196711,28.2611348295759,30.6374800248805,35.5372399233793,37.4450720862934,41.5264963833921,1,1,1,1,1,1,1,1,0.806451612903226,0.774193548387097,0.758064516129032,0.725806451612903,0.709677419354839,0.661290322580645,0.645161290322581,0.596774193548387,0,0,0,0,0,0,0,0,2647,2.596553,-3.50579588713134
"648",216,216,3,6.13992534267082,21.8073841234427,24.0547451467058,25.7021683752106,28.2987112851153,30.67505648042,35.5748163789188,37.4826485418329,41.5640728389316,1,1,1,1,1,1,1,1,0.806451612903226,0.774193548387097,0.758064516129032,0.725806451612903,0.709677419354839,0.661290322580645,0.645161290322581,0.596774193548387,0,0,0,0,0,0,0,0,2648,2.736376,-3.40354934267082
"649",217,217,1,6.11802315764376,21.7748306356239,24.0206638219176,25.6669670727746,28.2617447592866,30.636474429536,35.5329032947756,37.4394384446688,41.5180880425251,1,1,1,1,1,1,1,1,0.819672131147541,0.786885245901639,0.770491803278688,0.737704918032787,0.721311475409836,0.672131147540984,0.655737704918033,0.60655737704918,0,0,0,0,0,0,0,0,2649,3.247131,-2.87089215764376
"650",217,217,2,6.09128169019392,21.7480891681741,23.9939223544678,25.6402256053248,28.2350032918368,30.6097329620862,35.5061618273258,37.412696977219,41.4913465750752,1,1,1,1,1,1,1,1,0.806451612903226,0.774193548387097,0.758064516129032,0.725806451612903,0.709677419354839,0.661290322580645,0.645161290322581,0.596774193548387,0,0,0,0,0,0,0,0,2650,2.490951,-3.60033069019392
"651",217,217,3,6.13087281089998,21.7876802888801,24.0335134751739,25.6798167260309,28.2745944125428,30.6493240827922,35.5457529480318,37.452288097925,41.5309376957813,1,1,1,1,1,1,1,1,0.819672131147541,0.786885245901639,0.770491803278688,0.737704918032787,0.721311475409836,0.672131147540984,0.655737704918033,0.60655737704918,0,0,0,0,0,0,0,0,2651,3.386057,-2.74481581089998
"652",218,218,1,6.08446258844235,21.7410413386845,23.9868417159688,25.633120916251,28.2278606960804,30.6025556742927,35.4989130084044,37.4054203060376,41.4840103195694,1,1,1,1,1,1,1,1,0.847457627118644,0.813559322033898,0.796610169491525,0.76271186440678,0.745762711864407,0.694915254237288,0.677966101694915,0.627118644067797,0,0,0,0,0,0,0,0,2652,7.368721,1.28425841155765
"653",218,218,2,5.87592574492072,21.5325044951629,23.7783048724471,25.4245840727294,28.0193238525588,30.3940188307711,35.2903761648828,37.196883462516,41.2754734760478,1,1,1,1,1,1,1,1,0.806451612903226,0.774193548387097,0.758064516129032,0.741935483870968,0.709677419354839,0.661290322580645,0.645161290322581,0.596774193548387,0,0,0,0,0,0,0,0,2653,3.074115,-2.80181074492072
"654",218,218,3,6.10079622844859,21.7573749786907,24.003175355975,25.6494545562573,28.2441943360867,30.618889314299,35.5152466484106,37.4217539460439,41.5003439595757,0,0,0,0,0,0,0,0,NA,NA,NA,NA,NA,NA,NA,NA,0,0,0,0,0,0,0,0,2654,98.892791,92.7919947715514
"655",219,219,1,0.962444737140591,16.985753023062,19.2841575703075,20.9689981457374,23.6245154255459,26.0548337171673,31.0658801465343,33.0170442333156,37.1911684913174,0,0,0,0,0,0,1,1,0,0,0,0,0,0,0.976744186046512,0.930232558139535,1,1,1,1,1,1,1,1,2655,31.449095,30.4866502628594
"656",219,219,2,4.61969540631271,20.6430036922341,22.9414082394796,24.6262488149096,27.2817660947181,29.7120843863395,34.7231308157064,36.6742949024878,40.8484191604895,1,1,1,1,1,1,1,1,0.806451612903226,0.790322580645161,0.774193548387097,0.741935483870968,0.709677419354839,0.661290322580645,0.645161290322581,0.596774193548387,1,1,1,1,1,1,1,1,2656,2.745238,-1.87445740631271
"657",219,219,3,6.17621152934771,22.1995198152691,24.4979243625146,26.1827649379446,28.8382822177531,31.2686005093745,36.2796469387414,38.2308110255227,42.4049352835245,1,1,1,1,1,1,1,1,0.790322580645161,0.774193548387097,0.758064516129032,0.725806451612903,0.693548387096774,0.645161290322581,0.629032258064516,0.580645161290323,1,1,1,1,1,1,0,0,2657,2.752822,-3.42338952934771
"658",220,220,1,6.13034361439126,22.1761181819752,24.4777453223963,26.1649482129143,28.8241887936856,31.2579146347528,36.275987052667,38.2298868667502,42.4098636646645,1,1,1,1,1,1,1,1,0.80327868852459,0.786885245901639,0.770491803278688,0.737704918032787,0.704918032786885,0.655737704918033,0.639344262295082,0.590163934426229,0,0,0,0,0,0,0,0,2658,3.150306,-2.98003761439126
"659",220,220,2,6.11491953153351,22.1606940991174,24.4623212395386,26.1495241300566,28.8087647108279,31.242490551895,36.2605629698093,38.2144627838924,42.3944395818068,1,1,1,1,1,1,1,1,0.80327868852459,0.786885245901639,0.770491803278688,0.737704918032787,0.721311475409836,0.655737704918033,0.639344262295082,0.590163934426229,0,0,0,0,0,0,0,0,2659,3.473777,-2.64114253153351
"660",220,220,3,6.10236747030317,22.1481420378871,24.4497691783082,26.1369720688262,28.7962126495975,31.2299384906647,36.2480109085789,38.2019107226621,42.3818875205764,1,1,1,1,1,1,1,1,0.790322580645161,0.774193548387097,0.758064516129032,0.725806451612903,0.709677419354839,0.645161290322581,0.629032258064516,0.580645161290323,0,0,0,0,0,0,0,0,2660,2.90241,-3.19995747030317
"661",221,221,1,6.12793069425426,22.1732813407707,24.4748476733928,26.1620059888828,28.8211763138929,31.2548378571818,36.2727777002174,38.2266258932777,42.4064922583663,1,1,1,1,1,1,1,1,0.80327868852459,0.786885245901639,0.770491803278688,0.737704918032787,0.704918032786885,0.655737704918033,0.639344262295082,0.590163934426229,0,0,0,0,0,0,0,0,2661,3.283236,-2.84469469425426
"662",221,221,2,6.11306131698766,22.1584119635041,24.4599782961262,26.1471366116162,28.8063069366263,31.2399684799152,36.2579083229508,38.2117565160111,42.3916228810997,1,1,1,1,1,1,1,1,0.790322580645161,0.774193548387097,0.758064516129032,0.725806451612903,0.709677419354839,0.645161290322581,0.629032258064516,0.580645161290323,0,0,0,0,0,0,0,0,2662,2.578144,-3.53491731698766
"663",221,221,3,6.14059168244501,22.1859423289614,24.4875086615836,26.1746669770736,28.8338373020837,31.2674988453725,36.2854386884081,38.2392868814685,42.4191532465571,1,1,1,1,1,1,1,1,0.790322580645161,0.774193548387097,0.758064516129032,0.725806451612903,0.693548387096774,0.645161290322581,0.629032258064516,0.580645161290323,0,0,0,0,0,0,0,0,2663,2.681242,-3.45934968244501
"664",222,222,1,6.13704373726315,22.182120338473,24.4836473616737,26.1707768614757,28.829901769395,31.2635217471526,36.2813758866787,38.2351907091422,42.4149856845314,1,1,1,1,1,1,1,1,0.80327868852459,0.786885245901639,0.770491803278688,0.737704918032787,0.704918032786885,0.655737704918033,0.639344262295082,0.590163934426229,0,0,0,0,0,0,0,0,2664,3.335648,-2.80139573726315
"665",222,222,2,6.11149010789842,22.1565667091083,24.458093732309,26.145223232111,28.8043481400303,31.2379681177879,36.2558222573139,38.2096370797775,42.3894320551667,0,0,0,0,0,0,0,0,0,0,0,0,0,0,0,0,0,0,0,0,0,0,0,0,2665,81.587877,75.4763868921016
"666",222,222,3,3.05585116689036,19.1009277681002,21.4024547913009,23.0895842911029,25.7487091990223,28.1823291767799,33.2001833163059,35.1539981387694,39.3337931141586,1,1,1,1,1,1,1,1,0.836065573770492,0.819672131147541,0.80327868852459,0.770491803278688,0.737704918032787,0.688524590163934,0.672131147540984,0.622950819672131,1,1,1,1,1,1,1,1,2666,3.388629,0.332777833109641
"667",223,223,1,6.15415618829907,22.4363303447742,24.7718669550987,26.483927110563,29.1823458174764,31.651927315488,36.7439301162344,38.7266163943701,42.9681760590036,1,1,1,1,1,1,1,1,1,0.979591836734694,0.959183673469388,0.918367346938776,0.877551020408163,0.816326530612245,0.795918367346939,0.73469387755102,1,1,1,1,1,1,1,1,2667,22.151063,15.9969068117009
"668",223,223,2,5.40110651719167,21.6832806736668,24.0188172839913,25.7308774394556,28.429296146369,30.8988776443806,35.990880445127,37.9735667232627,42.2151263878962,1,1,1,1,1,1,1,1,0.909090909090909,0.872727272727273,0.854545454545454,0.818181818181818,0.8,0.727272727272727,0.709090909090909,0.654545454545455,0,0,0,0,0,0,0,0,2668,13.071768,7.67066148280833
"669",223,223,3,5.76551340137509,22.0476875578502,24.3832241681747,26.095284323639,28.7937030305524,31.263284528564,36.3552873293105,38.3379736074461,42.5795332720796,1,1,1,1,1,1,1,1,0.80327868852459,0.786885245901639,0.770491803278688,0.737704918032787,0.704918032786885,0.655737704918033,0.639344262295082,0.590163934426229,0,0,0,0,0,0,0,0,2669,3.525275,-2.24023840137509
"670",224,224,1,6.14332738631216,22.4064489160428,24.7392525923711,26.4493093763695,29.1445705218953,31.6112622329506,36.6973066139055,38.6776728467421,42.9142692397432,1,1,1,1,1,1,1,1,0.790322580645161,0.774193548387097,0.758064516129032,0.725806451612903,0.693548387096774,0.645161290322581,0.629032258064516,0.580645161290323,0,0,0,0,0,0,0,0,2670,2.674059,-3.46926838631216
"671",224,224,2,6.17656817581746,22.4396897055481,24.7724933818764,26.4825501658748,29.1778113114006,31.6445030224559,36.7305474034108,38.7109136362474,42.9475100292485,1,1,1,1,1,1,1,1,0.80327868852459,0.786885245901639,0.770491803278688,0.737704918032787,0.704918032786885,0.655737704918033,0.639344262295082,0.590163934426229,0,0,0,0,0,0,0,0,2671,3.267279,-2.90928917581746
"672",224,224,3,6.15340237401118,22.4165239037418,24.7493275800701,26.4593843640686,29.1546455095943,31.6213372206497,36.7073816016045,38.6877478344412,42.9243442274422,1,1,1,1,1,1,1,1,0.790322580645161,0.774193548387097,0.758064516129032,0.725806451612903,0.693548387096774,0.645161290322581,0.629032258064516,0.580645161290323,0,0,0,0,0,0,0,0,2672,2.491903,-3.66149937401118
"673",225,225,1,6.18394234673345,22.4469157422408,24.77969817,26.4897393777801,29.1849759732577,31.6516452162118,36.737643270437,38.7179914649153,42.9545492684664,1,1,1,1,1,1,1,1,0.816666666666667,0.8,0.783333333333333,0.75,0.716666666666667,0.666666666666667,0.65,0.6,0,0,0,0,0,0,0,0,2673,4.811815,-1.37212734673345
"674",225,225,2,6.09334322407647,22.3563166195838,24.689099047343,26.3991402551231,29.0943768506007,31.5610460935548,36.64704414778,38.6273923422583,42.8639501458094,1,1,1,1,1,1,1,1,0.80327868852459,0.786885245901639,0.770491803278688,0.737704918032787,0.704918032786885,0.655737704918033,0.639344262295082,0.590163934426229,0,0,0,0,0,0,0,0,2674,4.57616,-1.51718322407647
"675",225,225,3,6.10254621809078,22.3655196135981,24.6983020413574,26.4083432491374,29.103579844615,31.5702490875691,36.6562471417943,38.6365953362727,42.8731531398237,1,1,1,1,1,1,1,1,0.790322580645161,0.774193548387097,0.758064516129032,0.725806451612903,0.693548387096774,0.645161290322581,0.629032258064516,0.580645161290323,0,0,0,0,0,0,0,0,2675,2.348024,-3.75452221809078
"676",226,226,1,6.19188149160114,22.4538679622112,24.786508824157,26.4964462574179,29.1915192914093,31.6580388435762,36.7437282520215,38.7239562682956,42.9602569746804,1,1,1,1,1,1,1,1,0.816666666666667,0.8,0.783333333333333,0.75,0.716666666666667,0.666666666666667,0.65,0.6,0,0,0,0,0,0,0,0,2676,4.923552,-1.26832949160114
"677",226,226,2,6.09125813359305,22.3532446042031,24.6858854661489,26.3958228994098,29.0908959334012,31.5574154855681,36.6431048940134,38.6233329102875,42.8596336166723,1,1,1,1,1,1,1,1,0.80327868852459,0.786885245901639,0.770491803278688,0.737704918032787,0.704918032786885,0.655737704918033,0.639344262295082,0.590163934426229,0,0,0,0,0,0,0,0,2677,3.669782,-2.42147613359305
"678",226,226,3,6.14024170029075,22.4022281709008,24.7348690328466,26.4448064661075,29.1398795000989,31.6063990522658,36.6920884607111,38.6723164769852,42.90861718337,1,1,1,1,1,1,1,1,0.80327868852459,0.786885245901639,0.770491803278688,0.737704918032787,0.704918032786885,0.655737704918033,0.639344262295082,0.590163934426229,0,0,0,0,0,0,0,0,2678,4.15234,-1.98790170029075
"679",227,227,1,6.12770448717778,22.3885314550191,24.7210059963532,26.4308215086427,29.1257023800929,31.592046065907,36.6773728574629,38.6574596806624,42.8934583327805,0,0,0,0,1,1,1,1,0,0,0,0,1,0.930232558139535,0.906976744186046,0.837209302325581,0,0,0,0,0,0,0,0,2679,31.873033,25.7453285128222
"680",227,227,2,5.0329110513432,21.2937380191845,23.6262125605186,25.3360280728081,28.0309089442583,30.4972526300724,35.5825794216283,37.5626662448279,41.7986648969459,1,1,1,1,1,1,1,1,0.819672131147541,0.786885245901639,0.770491803278688,0.754098360655738,0.721311475409836,0.672131147540984,0.639344262295082,0.60655737704918,1,1,1,1,0,0,0,0,2680,4.136096,-0.8968150513432
"681",227,227,3,6.12834602325236,22.3891729910937,24.7216475324278,26.4314630447173,29.1263439161674,31.5926876019816,36.6780143935375,38.658101216737,42.8940998688551,1,1,1,1,1,1,1,1,0.790322580645161,0.774193548387097,0.758064516129032,0.725806451612903,0.693548387096774,0.645161290322581,0.629032258064516,0.580645161290323,1,1,1,1,0,0,0,0,2681,2.441712,-3.68663402325236
"682",228,228,1,6.21259365228098,22.4999342949717,24.8362119929168,26.5488154010885,29.2480903415073,31.7184554608366,36.8120740017186,38.7953894047627,43.038294955967,1,1,1,1,1,1,1,1,0.816666666666667,0.8,0.783333333333333,0.75,0.716666666666667,0.666666666666667,0.65,0.6,0,0,0,0,0,0,0,0,2682,4.889448,-1.32314565228098
"683",228,228,2,6.11451247369507,22.4018531163858,24.7381308143309,26.4507342225026,29.1500091629214,31.6203742822506,36.7139928231327,38.6973082261768,42.9402137773811,1,1,1,1,1,1,1,1,0.859649122807018,0.842105263157895,0.824561403508772,0.789473684210526,0.754385964912281,0.701754385964912,0.684210526315789,0.631578947368421,0,0,0,0,0,0,0,0,2683,10.471115,4.35660252630493
"684",228,228,3,5.89085417156032,22.178194814251,24.5144725121961,26.2270759203678,28.9263508607866,31.3967159801159,36.490334520998,38.4736499240421,42.7165554752463,1,1,1,1,1,1,1,1,0.790322580645161,0.774193548387097,0.758064516129032,0.725806451612903,0.693548387096774,0.645161290322581,0.629032258064516,0.580645161290323,0,0,0,0,0,0,0,0,2684,2.471778,-3.41907617156032
"685",229,229,1,6.2174792719165,22.5044988591737,24.8407305045026,26.5533001539016,29.2525218863164,31.7228383099033,36.8163564455723,38.7996327535793,43.0424546687922,1,1,1,1,1,1,1,1,0.790322580645161,0.774193548387097,0.758064516129032,0.725806451612903,0.693548387096774,0.645161290322581,0.629032258064516,0.580645161290323,0,0,0,0,0,0,0,0,2685,2.56407,-3.6534092719165
"686",229,229,2,6.21376644362447,22.5007860308817,24.8370176762105,26.5495873256096,29.2488090580244,31.7191254816113,36.8126436172803,38.7959199252873,43.0387418405002,1,1,1,1,1,1,1,1,0.80327868852459,0.786885245901639,0.770491803278688,0.737704918032787,0.704918032786885,0.655737704918033,0.639344262295082,0.590163934426229,0,0,0,0,0,0,0,0,2686,3.353127,-2.86063944362447
"687",229,229,3,6.18202335480182,22.4690429420591,24.8052745873879,26.517844236787,29.2170659692017,31.6873823927886,36.7809005284576,38.7641768364646,43.0069987516775,1,1,1,1,1,1,1,1,0.790322580645161,0.774193548387097,0.758064516129032,0.725806451612903,0.693548387096774,0.645161290322581,0.629032258064516,0.580645161290323,0,0,0,0,0,0,0,0,2687,2.488034,-3.69398935480182
"688",230,230,1,6.21550870087701,22.502300039535,24.8384989445826,26.551044593788,29.2502284989272,31.7205103031498,36.8139570575342,38.7972055716262,43.0399680273318,1,1,1,1,1,1,1,1,0.790322580645161,0.774193548387097,0.758064516129032,0.725806451612903,0.693548387096774,0.645161290322581,0.629032258064516,0.580645161290323,0,0,0,0,0,0,0,0,2688,2.502063,-3.71344570087701
"689",230,230,2,6.21494328000132,22.5017346186593,24.8379335237069,26.5504791729124,29.2496630780515,31.7199448822742,36.8133916366585,38.7966401507505,43.0394026064561,1,1,1,1,1,1,1,1,0.80327868852459,0.786885245901639,0.770491803278688,0.737704918032787,0.704918032786885,0.655737704918033,0.639344262295082,0.590163934426229,0,0,0,0,0,0,0,0,2689,3.509867,-2.70507628000132
"690",230,230,3,6.17432503064642,22.4611163693044,24.797315274352,26.5098609235575,29.2090448286966,31.6793266329192,36.7727733873036,38.7560219013956,42.9987843571012,1,1,1,1,1,1,1,1,0.790322580645161,0.774193548387097,0.758064516129032,0.725806451612903,0.693548387096774,0.645161290322581,0.629032258064516,0.580645161290323,0,0,0,0,0,0,0,0,2690,2.437311,-3.73701403064642
"691",231,231,1,6.21705666625912,22.5036381840434,24.8398069921073,26.5523305787826,29.2514797106436,31.7217296905078,36.8151108265991,38.7983337907268,43.0410415874081,0,0,0,0,1,1,1,1,0,0,0,0,0.977272727272727,0.909090909090909,0.886363636363636,0.818181818181818,0,0,0,0,0,0,0,0,2691,29.994953,23.7778963337409
"692",231,231,2,5.11050848212524,21.3970899999096,23.7332588079734,25.4457823946487,28.1449315265097,30.6151815063739,35.7085626424652,37.6917856065929,41.9344934032742,1,1,1,1,1,1,1,1,0.819672131147541,0.786885245901639,0.770491803278688,0.737704918032787,0.721311475409836,0.672131147540984,0.639344262295082,0.60655737704918,1,1,1,1,0,0,0,0,2692,3.159157,-1.95135148212524
"693",231,231,3,6.18807169793258,22.4746532157169,24.8108220237807,26.5233456104561,29.2224947423171,31.6927447221812,36.7861258582725,38.7693488224002,43.0120566190815,1,1,1,1,1,1,1,1,0.790322580645161,0.774193548387097,0.758064516129032,0.725806451612903,0.693548387096774,0.645161290322581,0.629032258064516,0.580645161290323,1,1,1,1,0,0,0,0,2693,2.516756,-3.67131569793258
"694",232,232,1,6.21503937976146,22.4955506896508,24.8308487790604,26.5427340872741,29.2408772132798,31.7102065007989,36.801689271518,38.7841730642192,43.025299551874,1,1,1,1,1,1,1,1,0.790322580645161,0.774193548387097,0.758064516129032,0.725806451612903,0.693548387096774,0.645161290322581,0.629032258064516,0.580645161290323,0,0,0,0,0,0,0,0,2694,2.309118,-3.90592137976146
"695",232,232,2,6.22339492773345,22.5039062376228,24.8392043270323,26.5510896352461,29.2492327612518,31.7185620487709,36.81004481949,38.7925286121912,43.033655099846,1,1,1,1,1,1,1,1,0.790322580645161,0.774193548387097,0.758064516129032,0.725806451612903,0.693548387096774,0.645161290322581,0.629032258064516,0.580645161290323,0,0,0,0,0,0,0,0,2695,2.989394,-3.23400092773345
"696",232,232,3,6.19601998310774,22.4765312929971,24.8118293824066,26.5237146906204,29.221857816626,31.6911871041452,36.7826698748643,38.7651536675654,43.0062801552203,1,1,1,1,1,1,1,1,0.790322580645161,0.774193548387097,0.758064516129032,0.725806451612903,0.693548387096774,0.645161290322581,0.629032258064516,0.580645161290323,0,0,0,0,0,0,0,0,2696,2.3961,-3.79991998310774
"697",233,233,1,6.21992478515144,22.5004188469757,24.8357144623,26.5475979568907,29.2457382244022,31.7150648958393,36.8065422724879,38.7890239648859,43.0301459593634,1,1,1,1,1,1,1,1,0.790322580645161,0.774193548387097,0.758064516129032,0.725806451612903,0.693548387096774,0.645161290322581,0.629032258064516,0.580645161290323,0,0,0,0,0,0,0,0,2697,2.413325,-3.80659978515144
"698",233,233,2,6.21923163138802,22.4997256932123,24.8350213085366,26.5469048031273,29.2450450706387,31.7143717420759,36.8058491187245,38.7883308111225,43.0294528055999,1,1,1,1,1,1,1,1,0.790322580645161,0.774193548387097,0.758064516129032,0.725806451612903,0.693548387096774,0.645161290322581,0.629032258064516,0.580645161290323,0,0,0,0,0,0,0,0,2698,3.113509,-3.10572263138802
"699",233,233,3,6.19105542385901,22.4715494856833,24.8068451010075,26.5187285955983,29.2168688631097,31.6861955345469,36.7776729111955,38.7601546035935,43.0012765980709,1,1,1,1,1,1,1,1,0.790322580645161,0.774193548387097,0.758064516129032,0.725806451612903,0.693548387096774,0.645161290322581,0.629032258064516,0.580645161290323,0,0,0,0,0,0,0,0,2699,2.470819,-3.72023642385901
"700",234,234,1,6.21727454156166,22.4975673396867,24.8328340854795,26.5446964173216,29.2428033297217,31.7120994747007,36.8035139091826,38.7859710936266,43.0270406582516,1,1,1,1,1,1,1,1,0.790322580645161,0.774193548387097,0.758064516129032,0.725806451612903,0.693548387096774,0.645161290322581,0.629032258064516,0.580645161290323,0,0,0,0,0,0,0,0,2700,2.63737,-3.57990454156166
"701",234,234,2,6.21057189306258,22.4908646911876,24.8261314369804,26.5379937688225,29.2361006812226,31.7053968262016,36.7968112606835,38.7792684451275,43.0203380097525,1,1,1,1,1,1,1,1,0.790322580645161,0.774193548387097,0.758064516129032,0.725806451612903,0.693548387096774,0.645161290322581,0.629032258064516,0.580645161290323,0,0,0,0,0,0,0,0,2701,2.787625,-3.42294689306258
"702",234,234,3,6.20452505785756,22.4848178559826,24.8200846017754,26.5319469336175,29.2300538460176,31.6993499909966,36.7907644254785,38.7732216099225,43.0142911745475,1,1,1,1,1,1,1,1,0.790322580645161,0.774193548387097,0.758064516129032,0.725806451612903,0.693548387096774,0.645161290322581,0.629032258064516,0.580645161290323,0,0,0,0,0,0,0,0,2702,2.531515,-3.67301005785756
"703",235,235,1,6.21332832080402,22.4934802007777,24.8287267330844,26.5405742474733,29.2386578057334,31.7079325771012,36.7993029415704,38.7817429663598,43.0227758213451,1,1,1,1,1,1,1,1,0.790322580645161,0.774193548387097,0.758064516129032,0.725806451612903,0.693548387096774,0.645161290322581,0.629032258064516,0.580645161290323,0,0,0,0,0,0,0,0,2703,2.934109,-3.27921932080402
"704",235,235,2,6.19709690162746,22.4772487816011,24.8124953139078,26.5243428282967,29.2224263865568,31.6917011579246,36.7830715223938,38.7655115471832,43.0065444021685,1,1,1,1,1,1,1,1,0.790322580645161,0.774193548387097,0.758064516129032,0.725806451612903,0.693548387096774,0.645161290322581,0.629032258064516,0.580645161290323,0,0,0,0,0,0,0,0,2704,3.04516,-3.15193690162746
"705",235,235,3,6.19261964828793,22.4727715282616,24.8080180605683,26.5198655749572,29.2179491332173,31.6872239045851,36.7785942690543,38.7610342938437,43.002067148829,1,1,1,1,1,1,1,1,0.790322580645161,0.774193548387097,0.758064516129032,0.725806451612903,0.693548387096774,0.645161290322581,0.629032258064516,0.580645161290323,0,0,0,0,0,0,0,0,2705,2.203251,-3.98936864828793
"706",236,236,1,6.20602712514129,22.4562602440147,24.787215189632,26.4959167655063,29.1890419352941,31.6537788103008,36.7357925364087,38.7145893427605,42.9478282625453,1,1,1,1,1,1,1,1,0.790322580645161,0.774193548387097,0.758064516129032,0.725806451612903,0.693548387096774,0.645161290322581,0.629032258064516,0.580645161290323,0,0,0,0,0,0,0,0,2706,3.046748,-3.15927912514129
"707",236,236,2,6.17300590785949,22.4232390267329,24.7541939723502,26.4628955482245,29.1560207180123,31.620757593019,36.7027713191269,38.6815681254787,42.9148070452635,1,1,1,1,1,1,1,1,0.790322580645161,0.774193548387097,0.758064516129032,0.725806451612903,0.693548387096774,0.645161290322581,0.629032258064516,0.580645161290323,0,0,0,0,0,0,0,0,2707,2.959181,-3.21382490785949
"708",236,236,3,6.17643398043559,22.426667099309,24.7576220449263,26.4663236208006,29.1594487905884,31.6241856655951,36.706199391703,38.6849961980547,42.9182351178396,1,1,1,1,1,1,1,1,0.790322580645161,0.774193548387097,0.758064516129032,0.725806451612903,0.693548387096774,0.645161290322581,0.629032258064516,0.580645161290323,0,0,0,0,0,0,0,0,2708,2.544133,-3.63230098043559
"709",237,237,1,6.19578230960674,22.4459724236996,24.7769212006542,26.4856182546035,29.1787362972777,31.6434666495799,36.7254669265955,38.7042584962394,42.9374862131382,1,1,1,1,1,1,1,1,0.790322580645161,0.774193548387097,0.758064516129032,0.725806451612903,0.693548387096774,0.645161290322581,0.629032258064516,0.580645161290323,0,0,0,0,0,0,0,0,2709,2.618472,-3.57731030960674
"710",237,237,2,6.19285676034427,22.4430468744371,24.7739956513917,26.482692705341,29.1758107480152,31.6405411003174,36.7225413773331,38.701332946977,42.9345606638757,1,1,1,1,1,1,1,1,0.790322580645161,0.774193548387097,0.758064516129032,0.725806451612903,0.693548387096774,0.645161290322581,0.629032258064516,0.580645161290323,0,0,0,0,0,0,0,0,2710,2.688408,-3.50444876034427
"711",237,237,3,6.19010448746972,22.4402946015626,24.7712433785172,26.4799404324664,29.1730584751407,31.6377888274429,36.7197891044585,38.6985806741024,42.9318083910011,1,1,1,1,1,1,1,1,0.790322580645161,0.774193548387097,0.758064516129032,0.725806451612903,0.693548387096774,0.645161290322581,0.629032258064516,0.580645161290323,0,0,0,0,0,0,0,0,2711,2.534972,-3.65513248746972
"712",238,238,1,6.1957413844338,22.446108018537,24.7770821157555,26.4857977306705,29.178945027724,31.6437021535116,36.7257576344808,38.7045706990307,42.9378443999699,1,1,1,1,1,1,1,1,0.790322580645161,0.774193548387097,0.758064516129032,0.725806451612903,0.693548387096774,0.645161290322581,0.629032258064516,0.580645161290323,0,0,0,0,0,0,0,0,2712,3.025455,-3.1702863844338
"713",238,238,2,6.17644023201836,22.4268068661216,24.7577809633401,26.4664965782551,29.1596438753086,31.6244010010961,36.7064564820654,38.6852695466153,42.9185432475545,1,1,1,1,1,1,1,1,0.790322580645161,0.774193548387097,0.758064516129032,0.725806451612903,0.693548387096774,0.645161290322581,0.629032258064516,0.580645161290323,0,0,0,0,0,0,0,0,2713,2.905655,-3.27078523201837
"714",238,238,3,6.1811545198925,22.4315211539957,24.7624952512142,26.4712108661292,29.1643581631827,31.6291152889703,36.7111707699395,38.6899838344894,42.9232575354286,1,1,1,1,1,1,1,1,0.790322580645161,0.774193548387097,0.758064516129032,0.725806451612903,0.693548387096774,0.645161290322581,0.629032258064516,0.580645161290323,0,0,0,0,0,0,0,0,2714,2.108975,-4.0721795198925
"715",239,239,1,6.2124342161884,22.4628196217721,24.7937964115967,26.5025140003208,29.1956644083418,31.6604243812737,36.7424857327386,38.7213010830985,42.9545796740698,0,0,0,0,1,1,1,1,0,0,0,0,1,0.930232558139535,0.906976744186046,0.837209302325581,0,0,0,0,0,0,0,0,2715,31.891776,25.6793417838116
"716",239,239,2,5.04045590125455,21.2908413068383,23.6218180966628,25.3305356853869,28.0236860934079,30.4884460663399,35.5705074178047,37.5493227681646,41.7826013591359,1,1,1,1,1,1,1,1,0.806451612903226,0.774193548387097,0.758064516129032,0.741935483870968,0.709677419354839,0.661290322580645,0.629032258064516,0.596774193548387,1,1,1,1,0,0,0,0,2716,2.735444,-2.30501190125455
"717",239,239,3,6.18778213316309,22.4381675387468,24.7691443285714,26.4778619172955,29.1710123253164,31.6357722982484,36.7178336497132,38.6966490000731,42.9299275910445,1,1,1,1,1,1,1,1,0.790322580645161,0.774193548387097,0.758064516129032,0.725806451612903,0.693548387096774,0.645161290322581,0.629032258064516,0.580645161290323,1,1,1,1,0,0,0,0,2717,2.594304,-3.59347813316309
"718",240,240,1,6.17167970527135,22.2865765394477,24.5981186692716,26.2925897217286,28.963285825297,31.4074957128458,36.4471850703468,38.4095019280121,42.6074853026335,1,1,1,1,1,1,1,1,0.790322580645161,0.774193548387097,0.758064516129032,0.725806451612903,0.693548387096774,0.645161290322581,0.629032258064516,0.580645161290323,0,0,0,0,0,0,0,0,2718,2.554606,-3.61707370527135
"719",240,240,2,6.1732253961726,22.2881222303489,24.5996643601728,26.2941354126298,28.9648315161983,31.409041403747,36.4487307612481,38.4110476189133,42.6090309935347,1,1,1,1,1,1,1,1,0.790322580645161,0.774193548387097,0.758064516129032,0.725806451612903,0.693548387096774,0.645161290322581,0.629032258064516,0.580645161290323,0,0,0,0,0,0,0,0,2719,2.629841,-3.5433843961726
"720",240,240,3,6.17029602806954,22.2851928622459,24.5967349920698,26.2912060445268,28.9619021480952,31.406112035644,36.445801393145,38.4081182508103,42.6061016254316,1,1,1,1,1,1,1,1,0.790322580645161,0.774193548387097,0.758064516129032,0.725806451612903,0.693548387096774,0.645161290322581,0.629032258064516,0.580645161290323,0,0,0,0,0,0,0,0,2720,2.799862,-3.37043402806954
"721",241,241,1,6.16384954221842,22.2790281065264,24.5906106480932,26.2851113242926,28.9558541185456,31.4001067372133,36.4398842015363,38.4022353655823,42.6002921318251,1,1,1,1,1,1,1,1,0.790322580645161,0.774193548387097,0.758064516129032,0.725806451612903,0.693548387096774,0.645161290322581,0.629032258064516,0.580645161290323,0,0,0,0,0,0,0,0,2721,2.93948,-3.22436954221842
"722",241,241,2,6.15843653042816,22.2736150947361,24.5851976363029,26.2796983125023,28.9504411067553,31.394693725423,36.434471189746,38.396822353792,42.5948791200349,1,1,1,1,1,1,1,1,0.790322580645161,0.774193548387097,0.758064516129032,0.725806451612903,0.693548387096774,0.645161290322581,0.629032258064516,0.580645161290323,0,0,0,0,0,0,0,0,2722,2.6727,-3.48573653042816
"723",241,241,3,6.16877963293218,22.2839581972401,24.5955407388069,26.2900414150063,28.9607842092594,31.405036827927,36.44481429225,38.407165456296,42.6052222225389,1,1,1,1,1,1,1,1,0.790322580645161,0.774193548387097,0.758064516129032,0.725806451612903,0.693548387096774,0.645161290322581,0.629032258064516,0.580645161290323,0,0,0,0,0,0,0,0,2723,2.268643,-3.90013663293218
"724",242,242,1,6.18217958704082,22.2980768061958,24.609762432565,26.30433867486,28.9752005706325,31.419562190512,36.4595644032291,38.4220030781376,42.6202470563205,1,1,1,1,1,1,1,1,0.790322580645161,0.774193548387097,0.758064516129032,0.725806451612903,0.693548387096774,0.645161290322581,0.629032258064516,0.580645161290323,0,0,0,0,0,0,0,0,2724,2.75672,-3.42545958704082
"725",242,242,2,6.16321471633904,22.279111935494,24.5907975618632,26.2853738041582,28.9562356999308,31.4005973198102,36.4405995325273,38.4030382074358,42.6012821856187,1,1,1,1,1,1,1,1,0.790322580645161,0.774193548387097,0.758064516129032,0.725806451612903,0.693548387096774,0.645161290322581,0.629032258064516,0.580645161290323,0,0,0,0,0,0,0,0,2725,2.816952,-3.34626271633904
"726",242,242,3,6.16087432313856,22.2767715422935,24.5884571686627,26.2830334109578,28.9538953067303,31.3982569266098,36.4382591393268,38.4006978142353,42.5989417924182,1,1,1,1,1,1,1,1,0.790322580645161,0.774193548387097,0.758064516129032,0.725806451612903,0.693548387096774,0.645161290322581,0.629032258064516,0.580645161290323,0,0,0,0,0,0,0,0,2726,2.487215,-3.67365932313856
"727",243,243,1,6.17018006162605,22.286307244189,24.5980258568138,26.2926262796135,28.9635262868542,31.4079227861897,36.4479969164718,38.4104635941082,42.6087674785117,0,0,1,1,1,1,1,1,0,0,1,0.957446808510638,0.914893617021277,0.851063829787234,0.829787234042553,0.765957446808511,0,0,0,0,0,0,0,0,2727,25.913599,19.7434189383739
"728",243,243,2,5.26845773106716,21.3845849136301,23.696303526255,25.3909039490546,28.0618039562953,30.5062004556308,35.5462745859129,37.5087412635493,41.7070451479528,1,1,1,1,1,1,1,1,0.806451612903226,0.774193548387097,0.758064516129032,0.741935483870968,0.709677419354839,0.661290322580645,0.629032258064516,0.596774193548387,1,1,0,0,0,0,0,0,2728,2.64465,-2.62380773106716
"729",243,243,3,6.16412011421327,22.2802472967762,24.5919659094011,26.2865663322007,28.9574663394414,31.401862838777,36.441936969059,38.4044036466955,42.6027075310989,1,1,1,1,1,1,1,1,0.790322580645161,0.774193548387097,0.758064516129032,0.725806451612903,0.693548387096774,0.645161290322581,0.629032258064516,0.580645161290323,1,1,0,0,0,0,0,0,2729,2.538005,-3.62611511421327
"730",244,244,1,6.16568366888484,22.268309843126,24.5780918532487,26.2712726536942,28.939935160398,31.382283908614,36.4181358034914,38.3789584584266,42.573745285969,1,1,1,1,1,1,1,1,0.790322580645161,0.774193548387097,0.758064516129032,0.725806451612903,0.693548387096774,0.645161290322581,0.629032258064516,0.580645161290323,0,0,0,0,0,0,0,0,2730,2.905261,-3.26042266888484
"731",244,244,2,6.15151484842746,22.2541410226686,24.5639230327913,26.2571038332368,28.9257663399406,31.3681150881566,36.4039669830341,38.3647896379692,42.5595764655116,1,1,1,1,1,1,1,1,0.790322580645161,0.774193548387097,0.758064516129032,0.725806451612903,0.693548387096774,0.645161290322581,0.629032258064516,0.580645161290323,0,0,0,0,0,0,0,0,2731,2.498248,-3.65326684842746
"732",244,244,3,6.16721750303574,22.2698436772769,24.5796256873996,26.2728064878451,28.9414689945489,31.3838177427649,36.4196696376424,38.3804922925775,42.5752791201199,1,1,1,1,1,1,1,1,0.790322580645161,0.774193548387097,0.758064516129032,0.725806451612903,0.693548387096774,0.645161290322581,0.629032258064516,0.580645161290323,0,0,0,0,0,0,0,0,2732,2.186274,-3.98094350303574
"733",245,245,1,6.17752428959808,22.2807232178235,24.5905873845357,26.2838284096949,28.9525858380013,31.3950214580705,36.431052473062,38.3919448724584,42.5868809042885,1,1,1,1,1,1,1,1,0.790322580645161,0.774193548387097,0.758064516129032,0.725806451612903,0.693548387096774,0.645161290322581,0.629032258064516,0.580645161290323,0,0,0,0,0,0,0,0,2733,3.025808,-3.15171628959808
"734",245,245,2,6.14524863467773,22.2484475629032,24.5583117296154,26.2515527547745,28.9203101830809,31.3627458031502,36.3987768181416,38.3596692175381,42.5546052493682,1,1,1,1,1,1,1,1,0.790322580645161,0.774193548387097,0.758064516129032,0.725806451612903,0.693548387096774,0.645161290322581,0.629032258064516,0.580645161290323,0,0,0,0,0,0,0,0,2734,2.632925,-3.51232363467773
"735",245,245,3,6.16035291411379,22.2635518423392,24.5734160090514,26.2666570342106,28.935414462517,31.3778500825862,36.4138810975777,38.3747734969741,42.5697095288042,1,1,1,1,1,1,1,1,0.790322580645161,0.774193548387097,0.758064516129032,0.725806451612903,0.693548387096774,0.645161290322581,0.629032258064516,0.580645161290323,0,0,0,0,0,0,0,0,2735,2.619706,-3.54064691411378
"736",246,246,1,6.13544395847638,22.1606201738677,24.4592926593886,26.1443296464026,28.8001564951775,31.2307581030204,36.2423886989735,38.1937802442068,42.3683911039498,1,1,1,1,1,1,1,1,0.790322580645161,0.774193548387097,0.758064516129032,0.725806451612903,0.709677419354839,0.645161290322581,0.629032258064516,0.580645161290323,0,0,0,0,0,0,0,0,2736,2.449943,-3.68550095847638
"737",246,246,2,6.14181907313568,22.166995288527,24.4656677740479,26.1507047610619,28.8065316098369,31.2371332176797,36.2487638136328,38.2001553588661,42.3747662186091,1,1,1,1,1,1,1,1,0.790322580645161,0.774193548387097,0.758064516129032,0.725806451612903,0.709677419354839,0.645161290322581,0.629032258064516,0.580645161290323,0,0,0,0,0,0,0,0,2737,2.614283,-3.52753607313568
"738",246,246,3,6.13564760854616,22.1608238239375,24.4594963094583,26.1445332964724,28.8003601452473,31.2309617530902,36.2425923490433,38.1939838942766,42.3685947540196,1,1,1,1,1,1,1,1,0.790322580645161,0.774193548387097,0.758064516129032,0.725806451612903,0.709677419354839,0.645161290322581,0.629032258064516,0.580645161290323,0,0,0,0,0,0,0,0,2738,2.516748,-3.61889960854616
"739",247,247,1,6.13503242209366,22.1606135919883,24.4593441647191,26.1444237324391,28.8003176936768,31.2309807225645,36.2427379618912,38.1941788185819,42.3688951702986,0,0,0,0,0,0,0,0,0,0,0,0,0,0,0,0,0,0,0,0,0,0,0,0,2739,67.591784,61.4567515779063
"740",247,247,2,3.71361735081469,19.7391985207093,22.0379290934401,23.7230086611601,26.3789026223978,28.8095656512855,33.8213228906123,35.772763747303,39.9474800990196,1,1,1,1,1,1,1,1,0.82258064516129,0.790322580645161,0.774193548387097,0.758064516129032,0.725806451612903,0.67741935483871,0.661290322580645,0.612903225806452,1,1,1,1,1,1,1,1,2740,2.619191,-1.09442635081469
"741",247,247,3,6.13122056059662,22.1568017304912,24.455532303222,26.140611870942,28.7965058321798,31.2271688610674,36.2389261003942,38.1903669570849,42.3650833088016,1,1,1,1,1,1,1,1,0.790322580645161,0.774193548387097,0.758064516129032,0.725806451612903,0.709677419354839,0.645161290322581,0.629032258064516,0.580645161290323,1,1,1,1,1,1,1,1,2741,2.362683,-3.76853756059662
"742",248,248,1,6.16885177659922,22.3308630510871,24.6491633385849,26.3485884441818,29.0270927486625,31.4784486689809,36.5328723524826,38.500926352707,42.7111831932505,1,1,1,1,1,1,1,1,0.80327868852459,0.786885245901639,0.770491803278688,0.737704918032787,0.704918032786885,0.655737704918033,0.639344262295082,0.590163934426229,0,0,0,0,0,0,0,0,2742,3.132146,-3.03670577659922
"743",248,248,2,6.13888900342305,22.300900277911,24.6192005654087,26.3186256710056,28.9971299754863,31.4484858958047,36.5029095793065,38.4709635795308,42.6812204200743,1,1,1,1,1,1,1,1,0.790322580645161,0.774193548387097,0.758064516129032,0.725806451612903,0.693548387096774,0.645161290322581,0.629032258064516,0.580645161290323,0,0,0,0,0,0,0,0,2743,2.405451,-3.73343800342305
"744",248,248,3,6.16718639712913,22.329197671617,24.6474979591148,26.3469230647117,29.0254273691924,31.4767832895108,36.5312069730125,38.4992609732369,42.7095178137804,1,1,1,1,1,1,1,1,0.790322580645161,0.774193548387097,0.758064516129032,0.725806451612903,0.693548387096774,0.645161290322581,0.629032258064516,0.580645161290323,0,0,0,0,0,0,0,0,2744,2.462607,-3.70457939712913
"745",249,249,1,6.14802230136301,22.2981415646074,24.6147360462734,26.3129107145255,28.9894441749842,31.4389963871086,36.4897010246171,38.4563069303005,42.6634658629886,1,1,1,1,1,1,1,1,0.790322580645161,0.774193548387097,0.758064516129032,0.725806451612903,0.693548387096774,0.645161290322581,0.629032258064516,0.580645161290323,0,0,0,0,0,0,0,0,2745,2.938022,-3.21000030136301
"746",249,249,2,6.12980863103279,22.2799278942772,24.5965223759431,26.2946970441953,28.971230504654,31.4207827167784,36.4714873542869,38.4380932599702,42.6452521926584,1,1,1,1,1,1,1,1,0.924528301886792,0.905660377358491,0.886792452830189,0.849056603773585,0.811320754716981,0.754716981132076,0.735849056603774,0.679245283018868,0,0,0,0,0,0,0,0,2746,16.635234,10.5054253689672
"747",249,249,3,5.60505340915079,21.7551726723951,24.0717671540611,25.7699418223133,28.446475282772,30.8960274948964,35.9467321324049,37.9133380380882,42.1204969707764,1,1,1,1,1,1,1,1,0.806451612903226,0.774193548387097,0.758064516129032,0.725806451612903,0.709677419354839,0.645161290322581,0.629032258064516,0.596774193548387,0,0,0,0,0,0,0,0,2747,2.379419,-3.22563440915079
"748",250,250,1,6.15668254697139,22.3114293149286,24.6286875719951,26.3273488193958,29.0046491888166,31.4549032728109,36.5070550921719,38.4742244907898,42.6825889036029,0,0,1,1,1,1,1,1,0,0,1,0.957446808510638,0.914893617021277,0.851063829787234,0.829787234042553,0.765957446808511,0,0,0,0,0,0,0,0,2748,25.406686,19.2500034530286
"749",250,250,2,5.26920676520463,21.4239535331618,23.7412117902283,25.4398730376291,28.1171734070499,30.5674274910442,35.6195793104051,37.586748709023,41.7951131218362,1,1,1,1,1,1,1,1,0.806451612903226,0.774193548387097,0.758064516129032,0.741935483870968,0.709677419354839,0.661290322580645,0.629032258064516,0.596774193548387,1,1,0,0,0,0,0,0,2749,2.552447,-2.71675976520463
"750",250,250,3,6.15001401094549,22.3047607789027,24.6220190359692,26.3206802833699,28.9979806527907,31.448234736785,36.500386556146,38.4675559547639,42.675920367577,0,0,0,0,0,0,0,0,0,0,0,0,0,0,0,0,1,1,0,0,0,0,0,0,2750,93.917373,87.7673589890545
"751",251,251,1,2.48537787559714,18.9735881167404,21.3386788157367,23.0724035331789,25.8049682711951,28.3058000738483,33.4622375324054,35.4700128996237,39.7652456387367,0,0,0,0,0,1,1,1,0,0,0,0,0,0.976744186046512,0.953488372093023,0.883720930232558,1,1,1,1,1,1,1,1,2751,32.719882,30.2345041244029
"752",251,251,2,4.98290912267635,21.4711193638196,23.8362100628159,25.5699347802581,28.3024995182743,30.8033313209276,35.9597687794846,37.967544146703,42.2627768858159,1,1,1,1,1,1,1,1,0.819672131147541,0.786885245901639,0.770491803278688,0.737704918032787,0.721311475409836,0.655737704918033,0.639344262295082,0.590163934426229,1,1,1,1,1,1,1,1,2752,3.527978,-1.45493112267635
"753",251,251,3,6.17426012760131,22.6624703687445,25.0275610677409,26.7612857851831,29.4938505231992,31.9946823258525,37.1511197844096,39.1588951516279,43.4541278907408,1,1,1,1,1,1,1,1,0.790322580645161,0.758064516129032,0.741935483870968,0.725806451612903,0.693548387096774,0.645161290322581,0.612903225806452,0.580645161290323,1,1,1,1,1,0,0,0,2753,2.411992,-3.76226812760131
"754",252,252,1,6.16784995342172,22.6611074076521,25.0269220855736,26.7611775142303,29.4945787188069,31.9961760521526,37.154191949985,39.1625819181795,43.4591294728228,1,1,1,1,1,1,1,1,0.844827586206897,0.810344827586207,0.793103448275862,0.775862068965517,0.741379310344828,0.689655172413793,0.655172413793103,0.620689655172414,0,0,0,0,0,0,0,0,2754,8.298249,2.13039904657828
"755",252,252,2,6.00998512533124,22.5032425795616,24.8690572574831,26.6033126861399,29.3367138907164,31.8383112240621,36.9963271218945,39.004717090089,43.3012646447323,1,1,1,1,1,1,1,1,0.790322580645161,0.774193548387097,0.741935483870968,0.725806451612903,0.693548387096774,0.645161290322581,0.629032258064516,0.580645161290323,0,0,0,0,0,0,0,0,2755,2.553934,-3.45605112533124
"756",252,252,3,6.16404317953658,22.6573006337669,25.0231153116884,26.7573707403452,29.4907719449218,31.9923692782675,37.1503851760998,39.1587751442943,43.4553226989376,1,1,1,1,1,1,1,1,0.790322580645161,0.758064516129032,0.741935483870968,0.725806451612903,0.693548387096774,0.645161290322581,0.612903225806452,0.580645161290323,0,0,0,0,0,0,0,0,2756,2.442932,-3.72111117953658
"757",253,253,1,6.1716507252269,22.6646487908863,25.0304262617679,26.764654415883,29.4980126324062,31.9995706232655,37.1575054012598,39.1658637836135,43.462343766685,1,1,1,1,1,1,1,1,0.790322580645161,0.758064516129032,0.741935483870968,0.725806451612903,0.693548387096774,0.645161290322581,0.612903225806452,0.580645161290323,0,0,0,0,0,0,0,0,2757,3.029332,-3.1423187252269
"758",253,253,2,6.15567137191286,22.6486694375723,25.0144469084538,26.748675062569,29.4820332790921,31.9835912699514,37.1415260479457,39.1498844302995,43.446364413371,1,1,1,1,1,1,1,1,0.790322580645161,0.758064516129032,0.741935483870968,0.725806451612903,0.693548387096774,0.645161290322581,0.612903225806452,0.580645161290323,0,0,0,0,0,0,0,0,2758,2.403056,-3.75261537191286
"759",253,253,3,6.1727373430522,22.6657354087116,25.0315128795932,26.7657410337083,29.4990992502314,32.0006572410907,37.1585920190851,39.1669504014388,43.4634303845103,1,1,1,1,1,1,1,1,0.790322580645161,0.758064516129032,0.741935483870968,0.725806451612903,0.693548387096774,0.645161290322581,0.612903225806452,0.580645161290323,0,0,0,0,0,0,0,0,2759,2.35198,-3.8207573430522
"760",254,254,1,6.17265912601489,22.6657441462811,25.0315340900466,26.7657713873828,29.499144014754,32.000715194361,37.1586771660887,39.1670461369366,43.4635487719678,1,1,1,1,1,1,1,1,0.790322580645161,0.758064516129032,0.741935483870968,0.725806451612903,0.693548387096774,0.645161290322581,0.612903225806452,0.580645161290323,0,0,0,0,0,0,0,0,2760,3.097737,-3.07492212601489
"761",254,254,2,6.15246052736393,22.6455455476301,25.0113354913956,26.7455727887318,29.478945416103,31.9805165957101,37.1384785674377,39.1468475382856,43.4433501733168,1,1,1,1,1,1,1,1,0.790322580645161,0.758064516129032,0.741935483870968,0.725806451612903,0.693548387096774,0.645161290322581,0.612903225806452,0.580645161290323,0,0,0,0,0,0,0,0,2761,2.479408,-3.67305252736393
"762",254,254,3,6.16920777788286,22.6622927981491,25.0280827419146,26.7623200392507,29.4956926666219,31.997263846229,37.1552258179566,39.1635947888045,43.4600974238357,1,1,1,1,1,1,1,1,0.790322580645161,0.758064516129032,0.741935483870968,0.725806451612903,0.693548387096774,0.645161290322581,0.612903225806452,0.580645161290323,0,0,0,0,0,0,0,0,2762,2.45691,-3.71229777788287
"763",255,255,1,6.16646128137581,22.6586588937042,25.0243215465006,26.7584655334621,29.4916910921336,31.9931276750828,37.1508121234489,39.159073034309,43.4553444966676,1,1,1,1,1,1,1,1,0.96078431372549,0.92156862745098,0.901960784313726,0.882352941176471,0.843137254901961,0.784313725490196,0.745098039215686,0.705882352941177,0,0,0,0,0,0,0,0,2763,19.948655,13.7821937186242
"764",255,255,2,5.69378975507952,22.1859873674079,24.5516500202043,26.2857940071658,29.0190195658373,31.5204561487865,36.6781405971527,38.6864015080127,42.9826729703713,1,1,1,1,1,1,1,1,0.790322580645161,0.774193548387097,0.758064516129032,0.725806451612903,0.693548387096774,0.645161290322581,0.629032258064516,0.580645161290323,0,0,0,0,0,0,0,0,2764,2.495184,-3.19860575507952
"765",255,255,3,6.1654270203574,22.6576246326858,25.0232872854822,26.7574312724436,29.4906568311152,31.9920934140644,37.1497778624305,39.1580387732906,43.4543102356492,1,1,1,1,1,1,1,1,0.790322580645161,0.758064516129032,0.741935483870968,0.725806451612903,0.693548387096774,0.645161290322581,0.612903225806452,0.580645161290323,0,0,0,0,0,0,0,0,2765,2.735589,-3.4298380203574
"766",256,256,1,6.14879736374602,22.6182775525857,24.9806815880906,26.7124368525623,29.4418974889375,31.9398884307708,37.0904683497959,39.0959629517225,43.3863164509007,1,1,1,1,1,1,1,1,0.80327868852459,0.786885245901639,0.754098360655738,0.737704918032787,0.704918032786885,0.655737704918033,0.622950819672131,0.590163934426229,0,0,0,0,0,0,0,0,2766,3.272566,-2.87623136374602
"767",256,256,2,6.13473457379002,22.6042147626297,24.9666187981346,26.6983740626063,29.4278346989815,31.9258256408148,37.0764055598399,39.0819001617664,43.3722536609447,1,1,1,1,1,1,1,1,0.790322580645161,0.774193548387097,0.741935483870968,0.725806451612903,0.693548387096774,0.645161290322581,0.612903225806452,0.580645161290323,0,0,0,0,0,0,0,0,2767,2.368592,-3.76614257379002
"768",256,256,3,6.15840857935765,22.6278887681974,24.9902928037022,26.7220480681739,29.4515087045491,31.9494996463824,37.1000795654075,39.1055741673341,43.3959276665123,1,1,1,1,1,1,1,1,0.790322580645161,0.774193548387097,0.741935483870968,0.725806451612903,0.693548387096774,0.645161290322581,0.612903225806452,0.580645161290323,0,0,0,0,0,0,0,0,2768,2.352712,-3.80569657935765
"769",257,257,1,6.16014002798457,22.629528804033,24.9919197271661,26.7236653796415,29.4531108663209,31.951087943216,37.1016392742783,39.1071227448359,43.3974524306829,1,1,1,1,1,1,1,1,0.80327868852459,0.786885245901639,0.754098360655738,0.737704918032787,0.704918032786885,0.655737704918033,0.622950819672131,0.590163934426229,0,0,0,0,0,0,0,0,2769,3.311426,-2.84871402798457
"770",257,257,2,6.13460745297474,22.6039962290232,24.9663871521563,26.6981328046316,29.427578291311,31.9255553682061,37.0761066992684,39.0815901698261,43.371919855673,1,1,1,1,1,1,1,1,0.790322580645161,0.774193548387097,0.741935483870968,0.725806451612903,0.693548387096774,0.645161290322581,0.612903225806452,0.580645161290323,0,0,0,0,0,0,0,0,2770,2.313172,-3.82143545297474
"771",257,257,3,6.161193061544,22.6305818375924,24.9929727607255,26.7247184132009,29.4541638998803,31.9521409767754,37.1026923078377,39.1081757783954,43.3985054642423,1,1,1,1,1,1,1,1,0.790322580645161,0.774193548387097,0.741935483870968,0.725806451612903,0.693548387096774,0.645161290322581,0.612903225806452,0.580645161290323,0,0,0,0,0,0,0,0,2771,2.414779,-3.746414061544
"772",258,258,1,6.15878772590706,22.6280238903983,24.9903929227276,26.7221225281958,29.4515427228057,31.9494966525047,37.1000002566191,39.1054651436119,43.3957550736486,1,1,1,1,1,1,1,1,0.790322580645161,0.774193548387097,0.741935483870968,0.725806451612903,0.693548387096774,0.645161290322581,0.612903225806452,0.580645161290323,0,0,0,0,0,0,0,0,2772,3.002353,-3.15643472590706
"773",258,258,2,6.14313851003553,22.6123746745268,24.9747437068561,26.7064733123243,29.4358935069341,31.9338474366332,37.0843510407476,39.0898159277404,43.3801058577771,1,1,1,1,1,1,1,1,0.790322580645161,0.774193548387097,0.741935483870968,0.725806451612903,0.693548387096774,0.645161290322581,0.612903225806452,0.580645161290323,0,0,0,0,0,0,0,0,2773,2.734878,-3.40826051003553
"774",258,258,3,6.15026233446486,22.6194984989561,24.9818675312854,26.7135971367536,29.4430173313635,31.9409712610625,37.0914748651769,39.0969397521697,43.3872296822064,1,1,1,1,1,1,1,1,0.790322580645161,0.774193548387097,0.741935483870968,0.725806451612903,0.693548387096774,0.645161290322581,0.612903225806452,0.580645161290323,0,0,0,0,0,0,0,0,2774,2.363447,-3.78681533446486
"775",259,259,1,6.16027194340061,22.6294457130348,24.9918057953633,26.7235288400523,29.4529386940622,31.9508831600874,37.1013672511575,39.1068245403058,43.397098216278,0,0,0,0,0,1,1,1,0,0,0,0,0,0.952380952380952,0.904761904761905,0.857142857142857,0,0,0,0,0,0,0,0,2775,33.220325,27.0600530565994
"776",259,259,2,5.3384238510007,21.8075976206349,24.1699577029634,25.9016807476524,28.6310906016623,31.1290350676875,36.2795191587576,38.2849764479059,42.5752501238781,1,1,1,1,1,1,1,1,0.806451612903226,0.774193548387097,0.758064516129032,0.725806451612903,0.709677419354839,0.645161290322581,0.629032258064516,0.580645161290323,1,1,1,1,1,0,0,0,2776,2.409695,-2.9287288510007
"777",259,259,3,6.15904016517025,22.6282139348044,24.9905740171329,26.7222970618219,29.4517069158318,31.9496513818571,37.1001354729272,39.1055927620754,43.3958664380477,1,1,1,1,1,1,1,1,0.790322580645161,0.774193548387097,0.741935483870968,0.725806451612903,0.693548387096774,0.645161290322581,0.612903225806452,0.580645161290323,1,1,1,1,1,0,0,0,2777,2.512865,-3.64617516517025
"778",260,260,1,6.16614957942189,22.6588936519803,25.0246346897553,26.758836136659,29.4921522593113,31.9936717260364,37.1515270715441,39.1598545250654,43.4562683421027,1,1,1,1,1,1,1,1,0.80327868852459,0.770491803278688,0.754098360655738,0.737704918032787,0.704918032786885,0.655737704918033,0.622950819672131,0.590163934426229,0,0,0,0,0,0,0,0,2778,3.399171,-2.76697857942189
"779",260,260,2,6.1424481155068,22.6351921880652,25.0009332258402,26.7351346727439,29.4684507953962,31.9699702621213,37.127825607629,39.1361530611503,43.4325668781876,1,1,1,1,1,1,1,1,0.790322580645161,0.758064516129032,0.741935483870968,0.725806451612903,0.693548387096774,0.645161290322581,0.612903225806452,0.580645161290323,0,0,0,0,0,0,0,0,2779,2.285587,-3.8568611155068
"780",260,260,3,6.17222741407007,22.6649714866285,25.0307125244035,26.7649139713072,29.4982300939595,31.9997495606846,37.1576049061922,39.1659323597136,43.4623461767508,1,1,1,1,1,1,1,1,0.790322580645161,0.758064516129032,0.741935483870968,0.725806451612903,0.693548387096774,0.645161290322581,0.612903225806452,0.580645161290323,0,0,0,0,0,0,0,0,2780,2.353548,-3.81867941407007
"781",261,261,1,6.17084816887198,22.6633326723193,25.0290364771574,26.7632106305358,29.4964837352141,31.9979638320695,37.155738001278,39.1640338469741,43.4603800454083,1,1,1,1,1,1,1,1,0.790322580645161,0.758064516129032,0.741935483870968,0.725806451612903,0.693548387096774,0.645161290322581,0.612903225806452,0.580645161290323,0,0,0,0,0,0,0,0,2781,2.940516,-3.23033216887198
"782",261,261,2,6.15492851510484,22.6474130185521,25.0131168233903,26.7472909767687,29.480564081447,31.9820441783024,37.1398183475109,39.148114193207,43.4444603916411,1,1,1,1,1,1,1,1,0.790322580645161,0.758064516129032,0.741935483870968,0.725806451612903,0.693548387096774,0.645161290322581,0.612903225806452,0.580645161290323,0,0,0,0,0,0,0,0,2782,2.47428,-3.68064851510484
"783",261,261,3,6.16757369455888,22.6600581980062,25.0257620028443,26.7599361562227,29.493209260901,31.9946893577564,37.1524635269649,39.160759372661,43.4571055710952,1,1,1,1,1,1,1,1,0.790322580645161,0.758064516129032,0.741935483870968,0.725806451612903,0.693548387096774,0.645161290322581,0.612903225806452,0.580645161290323,0,0,0,0,0,0,0,0,2783,2.331809,-3.83576469455888
"784",262,262,1,6.17099865507732,22.6638324959233,25.0295864101803,26.7637972961618,29.497128295969,31.9986613782039,37.1565447973808,39.1648831820192,43.4613203839892,1,1,1,1,1,1,1,1,0.790322580645161,0.758064516129032,0.741935483870968,0.725806451612903,0.693548387096774,0.645161290322581,0.612903225806452,0.580645161290323,0,0,0,0,0,0,0,0,2784,2.945133,-3.22586565507732
"785",262,262,2,6.15442270476681,22.6472565456128,25.0130104598698,26.7472213458513,29.4805523456585,31.9820854278934,37.1399688470703,39.1483072317087,43.4447444336787,1,1,1,1,1,1,1,1,0.790322580645161,0.758064516129032,0.741935483870968,0.725806451612903,0.693548387096774,0.645161290322581,0.612903225806452,0.580645161290323,0,0,0,0,0,0,0,0,2785,2.365828,-3.78859470476681
"786",262,262,3,6.17007924339017,22.6629130842362,25.0286669984932,26.7628778844746,29.4962088842818,31.9977419665167,37.1556253856936,39.163963770332,43.4604009723021,1,1,1,1,1,1,1,1,0.790322580645161,0.758064516129032,0.741935483870968,0.725806451612903,0.693548387096774,0.645161290322581,0.612903225806452,0.580645161290323,0,0,0,0,0,0,0,0,2786,2.235031,-3.93504824339017
"787",263,263,1,6.16893467879875,22.662313223875,25.0281452712277,26.7624134325091,29.4958347052781,31.9974504049495,37.1555041721057,39.1639088855766,43.4604879847816,0,0,0,0,1,1,1,1,0,0,0,0,0.977272727272727,0.909090909090909,0.863636363636364,0.818181818181818,0,0,0,0,0,0,0,0,2787,30.963391,24.7944563212012
"788",263,263,2,5.40192717576371,21.89530572084,24.2611377681927,25.9954059294741,28.7288272022431,31.2304429019144,36.3884966690706,38.3969013825416,42.6934804817466,1,1,1,1,1,1,1,1,0.790322580645161,0.774193548387097,0.758064516129032,0.725806451612903,0.709677419354839,0.645161290322581,0.629032258064516,0.580645161290323,1,1,1,1,0,0,0,0,2788,2.097252,-3.30467517576371
"789",263,263,3,6.17261318765762,22.6659917327339,25.0318237800866,26.766091941368,29.499513214137,32.0011289138083,37.1591826809645,39.1675873944355,43.4641664936405,1,1,1,1,1,1,1,1,0.790322580645161,0.758064516129032,0.741935483870968,0.725806451612903,0.693548387096774,0.645161290322581,0.612903225806452,0.580645161290323,1,1,1,1,0,0,0,0,2789,2.275907,-3.89670618765762
"790",264,264,1,6.16957880116865,22.6592869574334,25.0245925193573,26.7584747416125,29.4912877267084,31.9923467240492,37.1492526328219,39.1572104017102,43.4528333526155,1,1,1,1,1,1,1,1,0.790322580645161,0.758064516129032,0.741935483870968,0.725806451612903,0.693548387096774,0.645161290322581,0.612903225806452,0.580645161290323,0,0,0,0,0,0,0,0,2790,2.762106,-3.40747280116865
"791",264,264,2,6.15639702434683,22.6461051806116,25.0114107425355,26.7452929647907,29.4781059498866,31.9791649472274,37.136070856,39.1440286248884,43.4396515757936,1,1,1,1,1,1,1,1,0.790322580645161,0.758064516129032,0.741935483870968,0.725806451612903,0.693548387096774,0.645161290322581,0.612903225806452,0.580645161290323,0,0,0,0,0,0,0,0,2791,2.142433,-4.01396402434683
"792",264,264,3,6.1731975344024,22.6629056906672,25.0282112525911,26.7620934748463,29.4949064599421,31.9959654572829,37.1528713660556,39.160829134944,43.4564520858492,1,1,1,1,1,1,1,1,0.790322580645161,0.758064516129032,0.741935483870968,0.725806451612903,0.693548387096774,0.645161290322581,0.612903225806452,0.580645161290323,0,0,0,0,0,0,0,0,2792,2.477815,-3.6953825344024
"793",265,265,1,6.15456063731819,22.6429023631911,25.0080119225311,26.7417504655082,29.4743369942786,31.9751887397388,37.1316673181491,39.1394586963109,43.4347256876263,0,1,1,1,1,1,1,1,0,1,0.978723404255319,0.957446808510638,0.914893617021277,0.851063829787234,0.808510638297872,0.765957446808511,0,0,0,0,0,0,0,0,2793,26.464598,20.3100373626818
"794",265,265,2,5.52006279731979,22.0084045231927,24.3735140825327,26.1072526255098,28.8398391542801,31.3406908997404,36.4971694781507,38.5049608563125,42.8002278476279,1,1,1,1,1,1,1,1,0.790322580645161,0.774193548387097,0.758064516129032,0.725806451612903,0.693548387096774,0.645161290322581,0.629032258064516,0.580645161290323,1,0,0,0,0,0,0,0,2794,2.476034,-3.04402879731979
"795",265,265,3,6.15460774828981,22.6429494741628,25.0080590335028,26.7417975764798,29.4743841052502,31.9752358507104,37.1317144291207,39.1395058072825,43.4347727985979,1,1,1,1,1,1,1,1,0.80327868852459,0.770491803278688,0.754098360655738,0.737704918032787,0.704918032786885,0.655737704918033,0.622950819672131,0.590163934426229,1,0,0,0,0,0,0,0,2795,3.153759,-3.00084874828981
"796",266,266,1,6.15179348947737,22.6566481189519,25.0241263110392,26.7596011752247,29.4949243611242,31.9982806837263,37.1599234220688,39.1697255825173,43.4692942392731,1,1,1,1,1,1,1,1,0.790322580645161,0.758064516129032,0.741935483870968,0.725806451612903,0.693548387096774,0.645161290322581,0.612903225806452,0.580645161290323,0,0,0,0,0,0,0,0,2796,2.471024,-3.68076948947737
"797",266,266,2,6.17056419168877,22.6754188211633,25.0428970132506,26.7783718774361,29.5136950633356,32.0170513859377,37.1786941242802,39.1884962847287,43.4880649414845,1,1,1,1,1,1,1,1,0.790322580645161,0.758064516129032,0.741935483870968,0.725806451612903,0.693548387096774,0.645161290322581,0.612903225806452,0.580645161290323,0,0,0,0,0,0,0,0,2797,2.821849,-3.34871519168877
"798",266,266,3,6.16091882181127,22.6657734512858,25.0332516433731,26.7687265075586,29.5040496934581,32.0074060160602,37.1690487544027,39.1788509148512,43.478419571607,1,1,1,1,1,1,1,1,0.80327868852459,0.770491803278688,0.754098360655738,0.737704918032787,0.704918032786885,0.655737704918033,0.622950819672131,0.590163934426229,0,0,0,0,0,0,0,0,2798,3.187592,-2.97332682181127
"799",267,267,1,6.15144621354892,22.6564967680388,25.0240030638696,26.7594985294447,29.494854185684,31.998240225005,37.1599442359219,39.1697702542309,43.4693899500945,1,1,1,1,1,1,1,1,0.816666666666667,0.783333333333333,0.766666666666667,0.75,0.716666666666667,0.666666666666667,0.633333333333333,0.6,0,0,0,0,0,0,0,0,2799,4.789258,-1.36218821354892
"800",267,267,2,6.10783331090166,22.6128838653916,24.9803901612224,26.7158856267974,29.4512412830367,31.9546273223578,37.1163313332746,39.1261573515836,43.4257770474472,0,0,0,1,1,1,1,1,0,0,0,1,0.955555555555556,0.888888888888889,0.844444444444444,0.8,0,0,0,0,0,0,0,0,2800,29.654789,23.5469556890983
"801",267,267,3,5.4307520824961,21.935802636986,24.3033089328168,26.0388043983919,28.7741600546311,31.2775460939522,36.4392501048691,38.4490761231781,42.7486958190416,1,1,1,1,1,1,1,1,0.80327868852459,0.786885245901639,0.770491803278688,0.737704918032787,0.704918032786885,0.655737704918033,0.639344262295082,0.590163934426229,1,1,1,0,0,0,0,0,2801,3.373641,-2.0571110824961
"802",268,268,1,6.13821560338318,22.6362128251969,25.0027073816537,26.7374611938277,29.4716479125126,31.97396414508,37.1334623332734,39.1424294646931,43.4402117443067,1,1,1,1,1,1,1,1,0.790322580645161,0.758064516129032,0.741935483870968,0.725806451612903,0.693548387096774,0.645161290322581,0.612903225806452,0.580645161290323,1,1,1,0,0,0,0,0,2802,2.606136,-3.53207960338318
"803",268,268,2,6.15870027423724,22.656697496051,25.0231920525077,26.7579458646818,29.4921325833666,31.9944488159341,37.1539470041275,39.1629141355472,43.4606964151607,1,1,1,1,1,1,1,1,0.790322580645161,0.758064516129032,0.741935483870968,0.725806451612903,0.693548387096774,0.645161290322581,0.612903225806452,0.580645161290323,0,0,0,0,0,0,0,0,2803,2.635379,-3.52332127423724
"804",268,268,3,6.1579197799997,22.6559170018134,25.0224115582702,26.7571653704442,29.4913520891291,31.9936683216965,37.1531665098899,39.1621336413096,43.4599159209232,1,1,1,1,1,1,1,1,0.80327868852459,0.770491803278688,0.754098360655738,0.737704918032787,0.704918032786885,0.655737704918033,0.622950819672131,0.590163934426229,0,0,0,0,0,0,0,0,2804,3.15743,-3.0004897799997
"805",269,269,1,6.14618392112025,22.6442983694112,25.0108097409889,26.7455758794518,29.4797820258934,31.9821160386625,37.1416508876571,39.1506322937876,43.4484451112822,1,1,1,1,1,1,1,1,0.790322580645161,0.758064516129032,0.741935483870968,0.725806451612903,0.693548387096774,0.645161290322581,0.612903225806452,0.580645161290323,0,0,0,0,0,0,0,0,2805,2.492234,-3.65394992112025
"806",269,269,2,6.16403025738269,22.6621447056736,25.0286560772514,26.7634222157143,29.4976283621559,31.9999623749249,37.1594972239195,39.1684786300501,43.4662914475447,1,1,1,1,1,1,1,1,0.790322580645161,0.758064516129032,0.741935483870968,0.725806451612903,0.693548387096774,0.645161290322581,0.612903225806452,0.580645161290323,0,0,0,0,0,0,0,0,2806,2.882575,-3.28145525738269
"807",269,269,3,6.15355792029255,22.6516723685835,25.0181837401612,26.7529498786241,29.4871560250657,31.9894900378347,37.1490248868294,39.1580062929599,43.4558191104545,1,1,1,1,1,1,1,1,0.80327868852459,0.770491803278688,0.754098360655738,0.737704918032787,0.704918032786885,0.655737704918033,0.622950819672131,0.590163934426229,0,0,0,0,0,0,0,0,2807,3.144801,-3.00875692029255
"808",270,270,1,6.1461248624686,22.6444154125252,25.0109520443733,26.7457366998237,29.4799720313295,31.9823327541471,37.1419226762957,39.1509255264024,43.4487842189834,1,1,1,1,1,1,1,1,0.790322580645161,0.758064516129032,0.741935483870968,0.725806451612903,0.693548387096774,0.645161290322581,0.612903225806452,0.580645161290323,0,0,0,0,0,0,0,0,2808,2.561313,-3.5848118624686
"809",270,270,2,6.16177793978918,22.6600684898458,25.0266051216939,26.7613897771443,29.4956251086501,31.9979858314677,37.1575757536163,39.166578603723,43.464437296304,1,1,1,1,1,1,1,1,0.790322580645161,0.758064516129032,0.741935483870968,0.725806451612903,0.693548387096774,0.645161290322581,0.612903225806452,0.580645161290323,0,0,0,0,0,0,0,0,2809,2.518911,-3.64286693978918
"810",270,270,3,6.16291544696079,22.6612059970174,25.0277426288655,26.7625272843159,29.4967626158217,31.9991233386393,37.1587132607879,39.1677161108946,43.4655748034756,1,1,1,1,1,1,1,1,0.80327868852459,0.770491803278688,0.754098360655738,0.737704918032787,0.704918032786885,0.655737704918033,0.622950819672131,0.590163934426229,0,0,0,0,0,0,0,0,2810,3.406203,-2.75671244696079
"811",271,271,1,6.13952057210447,22.6379846538267,25.0045461772865,26.7393490794801,29.4736131701117,31.9760002131606,37.1356444047033,39.1446683858242,43.4425722839721,1,1,1,1,1,1,1,1,0.790322580645161,0.758064516129032,0.741935483870968,0.725806451612903,0.693548387096774,0.645161290322581,0.612903225806452,0.580645161290323,0,0,0,0,0,0,0,0,2811,2.677971,-3.46154957210448
"812",271,271,2,6.15889174655315,22.6573558282753,25.0239173517352,26.7587202539288,29.4929843445603,31.9953713876093,37.155015579152,39.1640395602728,43.4619434584207,0,0,0,0,1,1,1,1,0,0,0,0,0.977272727272727,0.909090909090909,0.863636363636364,0.818181818181818,0,0,0,0,0,0,0,0,2812,31.007814,24.8489222534469
"813",271,271,3,5.40531001592818,21.9037740976504,24.2703356211102,26.0051385233039,28.7394026139354,31.2417896569843,36.4014338485271,38.4104578296479,42.7083617277958,1,1,1,1,1,1,1,1,0.80327868852459,0.786885245901639,0.770491803278688,0.737704918032787,0.721311475409836,0.655737704918033,0.639344262295082,0.590163934426229,1,1,1,1,0,0,0,0,2813,3.352775,-2.05253501592818
"814",272,272,1,6.13818513581068,22.6367950620805,25.0033775056753,26.7381957433295,29.4724840045448,31.9748931684109,37.1345829706219,39.1436247112864,43.4415666024164,1,1,1,1,1,1,1,1,0.790322580645161,0.758064516129032,0.741935483870968,0.725806451612903,0.693548387096774,0.645161290322581,0.612903225806452,0.580645161290323,1,1,1,1,0,0,0,0,2814,2.520236,-3.61794913581068
"815",272,272,2,6.16021753733176,22.6588274636016,25.0254099071964,26.7602281448505,29.4945164060659,31.9969255699319,37.156615372143,39.1656571128075,43.4635990039375,1,1,1,1,1,1,1,1,0.790322580645161,0.758064516129032,0.741935483870968,0.725806451612903,0.693548387096774,0.645161290322581,0.612903225806452,0.580645161290323,0,0,0,0,0,0,0,0,2815,2.391866,-3.76835153733176
"816",272,272,3,6.1636147348003,22.6622246610701,25.0288071046649,26.7636253423191,29.4979136035344,32.0003227674005,37.1600125696116,39.1690543102761,43.466996201406,1,1,1,1,1,1,1,1,0.790322580645161,0.758064516129032,0.741935483870968,0.725806451612903,0.693548387096774,0.645161290322581,0.612903225806452,0.580645161290323,0,0,0,0,0,0,0,0,2816,2.846354,-3.3172607348003
"817",273,273,1,6.15104121311168,22.6499355116027,25.0165587459253,26.7514068851358,29.485742274905,31.9881945706261,37.1479733059325,39.157049674706,43.4550656457304,1,1,1,1,1,1,1,1,0.790322580645161,0.758064516129032,0.741935483870968,0.725806451612903,0.693548387096774,0.645161290322581,0.612903225806452,0.580645161290323,0,0,0,0,0,0,0,0,2817,2.540676,-3.61036521311168
"818",273,273,2,6.15912987899451,22.6580241774855,25.0246474118081,26.7594955510186,29.4938309407878,31.9962832365089,37.1560619718153,39.1651383405888,43.4631543116132,1,1,1,1,1,1,1,1,0.790322580645161,0.758064516129032,0.741935483870968,0.725806451612903,0.693548387096774,0.645161290322581,0.612903225806452,0.580645161290323,0,0,0,0,0,0,0,0,2818,2.280926,-3.87820387899451
"819",273,273,3,6.16600322599057,22.6648975244816,25.0315207588041,26.7663688980147,29.5007042877839,32.003156583505,37.1629353188114,39.1720116875849,43.4700276586093,1,1,1,1,1,1,1,1,0.790322580645161,0.758064516129032,0.741935483870968,0.725806451612903,0.693548387096774,0.645161290322581,0.612903225806452,0.580645161290323,0,0,0,0,0,0,0,0,2819,3.088355,-3.07764822599057
"820",274,274,1,6.14469656529317,22.6435629045691,25.0101821283848,26.7450273277019,29.479358083835,31.9818061388718,37.1415761303582,39.1506490945278,43.4486577820852,1,1,1,1,1,1,1,1,0.790322580645161,0.758064516129032,0.741935483870968,0.725806451612903,0.693548387096774,0.645161290322581,0.612903225806452,0.580645161290323,0,0,0,0,0,0,0,0,2820,2.40654,-3.73815656529317
"821",274,274,2,6.16273853450066,22.6616048737766,25.0282240975923,26.7630692969094,29.4974000530425,31.9998481080793,37.1596180995657,39.1686910637353,43.4666997512927,1,1,1,1,1,1,1,1,0.790322580645161,0.758064516129032,0.741935483870968,0.725806451612903,0.693548387096774,0.645161290322581,0.612903225806452,0.580645161290323,0,0,0,0,0,0,0,0,2821,2.37965,-3.78308853450066
"822",274,274,3,6.16345008903083,22.6623164283067,25.0289356521225,26.7637808514395,29.4981116075727,32.0005596626095,37.1603296540958,39.1694026182655,43.4674113058229,1,1,1,1,1,1,1,1,0.80327868852459,0.770491803278688,0.754098360655738,0.737704918032787,0.704918032786885,0.655737704918033,0.622950819672131,0.590163934426229,0,0,0,0,0,0,0,0,2822,3.21436,-2.94909008903083
"823",275,275,1,6.14153430917062,22.6403144350098,25.006921292256,26.7417574262856,29.4760738944036,31.9785088731088,37.1382519026515,39.1473143685796,43.4453005972545,1,1,1,1,1,1,1,1,0.790322580645161,0.758064516129032,0.741935483870968,0.725806451612903,0.693548387096774,0.645161290322581,0.612903225806452,0.580645161290323,0,0,0,0,0,0,0,0,2823,2.539337,-3.60219730917062
"824",275,275,2,6.15939712566563,22.6581772515048,25.024784108751,26.7596202427806,29.4939367108986,31.9963716896038,37.1561147191465,39.1651771850746,43.4631634137495,0,1,1,1,1,1,1,1,0,0.979166666666667,0.958333333333333,0.9375,0.895833333333333,0.833333333333333,0.791666666666667,0.75,0,0,0,0,0,0,0,0,2824,24.822931,18.6635338743344
"825",275,275,3,5.56971684740658,22.0684969732457,24.435103830492,26.1699399645215,28.9042564326396,31.4066914113448,36.5664344408875,38.5754969068155,42.8734831354904,1,1,1,1,1,1,1,1,0.80327868852459,0.786885245901639,0.770491803278688,0.737704918032787,0.704918032786885,0.655737704918033,0.639344262295082,0.590163934426229,1,0,0,0,0,0,0,0,2825,3.169752,-2.39996484740658
"826",276,276,1,6.13999315106451,22.6245896415739,24.9891619793966,26.7225067132805,29.4544725501783,31.9547562410366,37.1100635539404,39.1173988734277,43.4116902186715,1,1,1,1,1,1,1,1,0.790322580645161,0.774193548387097,0.741935483870968,0.725806451612903,0.693548387096774,0.645161290322581,0.612903225806452,0.580645161290323,1,0,0,0,0,0,0,0,2826,3.054566,-3.08542715106451
"827",276,276,2,6.14302730918276,22.6276237996922,24.9921961375149,26.7255408713988,29.4575067082966,31.9577903991548,37.1130977120586,39.1204330315459,43.4147243767897,1,1,1,1,1,1,1,1,0.942307692307692,0.923076923076923,0.884615384615385,0.865384615384615,0.826923076923077,0.769230769230769,0.730769230769231,0.692307692307692,0,0,0,0,0,0,0,0,2827,17.390701,11.2476736908172
"828",276,276,3,5.76539373917848,22.2499902296879,24.6145625675106,26.3479073013945,29.0798731382923,31.5801568291505,36.7354641420543,38.7427994615416,43.0370908067855,1,1,1,1,1,1,1,1,0.80327868852459,0.786885245901639,0.770491803278688,0.737704918032787,0.704918032786885,0.655737704918033,0.639344262295082,0.590163934426229,0,0,0,0,0,0,0,0,2828,3.507119,-2.25827473917848
"829",277,277,1,6.14071071826228,22.6300065318209,24.9952529467612,26.7290918114457,29.4618364596437,31.9628329153418,37.1196098701926,39.1275174279594,43.4230329622399,1,1,1,1,1,1,1,1,0.790322580645161,0.774193548387097,0.741935483870968,0.725806451612903,0.693548387096774,0.645161290322581,0.612903225806452,0.580645161290323,0,0,0,0,0,0,0,0,2829,2.871431,-3.26927971826228
"830",277,277,2,6.15789875770601,22.6471945712646,25.0124409862049,26.7462798508894,29.4790244990874,31.9800209547855,37.1367979096363,39.1447054674031,43.4402210016836,1,1,1,1,1,1,1,1,0.790322580645161,0.758064516129032,0.741935483870968,0.725806451612903,0.693548387096774,0.645161290322581,0.612903225806452,0.580645161290323,0,0,0,0,0,0,0,0,2830,2.743075,-3.41482375770601
"831",277,277,3,6.16136930928294,22.6506651228415,25.0159115377819,26.7497504024663,29.4824950506644,31.9834915063625,37.1402684612132,39.14817601898,43.4436915532606,1,1,1,1,1,1,1,1,0.790322580645161,0.758064516129032,0.741935483870968,0.725806451612903,0.693548387096774,0.645161290322581,0.612903225806452,0.580645161290323,0,0,0,0,0,0,0,0,2831,3.103554,-3.05781530928294
"832",278,278,1,6.12691774344462,22.5633693955861,24.921035774074,26.6493181091241,29.3733049788861,31.8662863524423,37.0065370979949,39.0080098029764,43.2897592602316,1,1,1,1,1,1,1,1,0.790322580645161,0.774193548387097,0.741935483870968,0.725806451612903,0.693548387096774,0.645161290322581,0.629032258064516,0.580645161290323,0,0,0,0,0,0,0,0,2832,2.447384,-3.67953374344462
"833",278,278,2,6.14375993424941,22.5802115863909,24.9378779648787,26.6661602999289,29.3901471696909,31.8831285432471,37.0233792887997,39.0248519937812,43.3066014510364,1,1,1,1,1,1,1,1,0.790322580645161,0.774193548387097,0.741935483870968,0.725806451612903,0.693548387096774,0.645161290322581,0.629032258064516,0.580645161290323,0,0,0,0,0,0,0,0,2833,2.748656,-3.39510393424941
"834",278,278,3,6.13602705937226,22.5724787115137,24.9301450900016,26.6584274250518,29.3824142948138,31.8753956683699,37.0156464139225,39.017119118904,43.2988685761592,1,1,1,1,1,1,1,1,0.790322580645161,0.774193548387097,0.741935483870968,0.725806451612903,0.693548387096774,0.645161290322581,0.629032258064516,0.580645161290323,0,0,0,0,0,0,0,0,2834,2.845035,-3.29099205937226
"835",279,279,1,6.13288437305032,22.569995770576,24.9277567838149,26.6561084906685,29.3802046989789,31.8732861387166,37.013743209623,39.0152962520403,43.2972175751276,1,1,1,1,1,1,1,1,0.790322580645161,0.774193548387097,0.741935483870968,0.725806451612903,0.693548387096774,0.645161290322581,0.629032258064516,0.580645161290323,0,0,0,0,0,0,0,0,2835,2.372873,-3.76001137305032
"836",279,279,2,6.14505930522385,22.5821707027495,24.9399317159885,26.6682834228421,29.3923796311524,31.8854610708901,37.0259181417965,39.0274711842138,43.3093925073012,0,0,0,0,1,1,1,1,0,0,0,0,1,0.930232558139535,0.906976744186046,0.837209302325581,0,0,0,0,0,0,0,0,2836,31.747056,25.6019966947762
"837",279,279,3,5.38763137650912,21.8247427740348,24.1825037872737,25.9108554941273,28.6349517024377,31.1280331421754,36.2684902130818,38.2700432554991,42.5519645785864,1,1,1,1,1,1,1,1,0.819672131147541,0.786885245901639,0.770491803278688,0.737704918032787,0.721311475409836,0.655737704918033,0.639344262295082,0.590163934426229,1,1,1,1,0,0,0,0,2837,3.159635,-2.22799637650912
"838",280,280,1,6.12852118356212,22.5840456443432,24.944447851745,26.6747356803743,29.4018834562371,31.8977576778171,37.0439731547426,39.0477683625799,43.3344863489172,1,1,1,1,1,1,1,1,0.790322580645161,0.774193548387097,0.741935483870968,0.725806451612903,0.693548387096774,0.645161290322581,0.629032258064516,0.580645161290323,1,1,1,1,0,0,0,0,2838,2.434359,-3.69416218356212
"839",280,280,2,6.14734355506457,22.6028680158456,24.9632702232475,26.6935580518767,29.4207058277396,31.9165800493196,37.0627955262451,39.0665907340823,43.3533087204196,1,1,1,1,1,1,1,1,0.790322580645161,0.774193548387097,0.741935483870968,0.725806451612903,0.693548387096774,0.645161290322581,0.612903225806452,0.580645161290323,0,0,0,0,0,0,0,0,2839,2.82533,-3.32201355506457
"840",280,280,3,6.13719707095551,22.5927215317366,24.9531237391384,26.6834115677677,29.4105593436305,31.9064335652105,37.052649042136,39.0564442499732,43.3431622363106,1,1,1,1,1,1,1,1,0.790322580645161,0.774193548387097,0.741935483870968,0.725806451612903,0.693548387096774,0.645161290322581,0.629032258064516,0.580645161290323,0,0,0,0,0,0,0,0,2840,2.992048,-3.14514907095551
"841",281,281,1,6.13411266241863,22.5897674586862,24.9501883615827,26.6804898949047,29.4076592710595,31.9035532611361,37.0498094985065,39.0536205773434,43.3403725165016,1,1,1,1,1,1,1,1,0.790322580645161,0.774193548387097,0.741935483870968,0.725806451612903,0.693548387096774,0.645161290322581,0.629032258064516,0.580645161290323,0,0,0,0,0,0,0,0,2841,2.259245,-3.87486766241863
"842",281,281,2,6.15320875590558,22.6088635521731,24.9692844550697,26.6995859883916,29.4267553645464,31.9226493546231,37.0689055919935,39.0727166708304,43.3594686099886,1,1,1,1,1,1,1,1,0.790322580645161,0.774193548387097,0.741935483870968,0.725806451612903,0.693548387096774,0.645161290322581,0.612903225806452,0.580645161290323,0,0,0,0,0,0,0,0,2842,2.937831,-3.21537775590558
"843",281,281,3,6.13552550175005,22.5911802980176,24.9516012009141,26.6819027342361,29.4090721103909,31.9049661004676,37.051222337838,39.0550334166748,43.3417853558331,1,1,1,1,1,1,1,1,0.790322580645161,0.774193548387097,0.741935483870968,0.725806451612903,0.693548387096774,0.645161290322581,0.629032258064516,0.580645161290323,0,0,0,0,0,0,0,0,2843,3.029954,-3.10557150175005
"844",282,282,1,6.132601577601,22.5885291484574,24.948989178502,26.6793193938967,29.4065339765483,31.9024693394214,37.0488108829037,39.0526551776017,43.3394781754331,1,1,1,1,1,1,1,1,0.790322580645161,0.774193548387097,0.741935483870968,0.725806451612903,0.693548387096774,0.645161290322581,0.629032258064516,0.580645161290323,0,0,0,0,0,0,0,0,2844,2.662162,-3.470439577601
"845",282,282,2,6.14218490960569,22.5981124804621,24.9585725105066,26.6889027259014,29.416117308553,31.9120526714261,37.0583942149084,39.0622385096064,43.3490615074378,1,1,1,1,1,1,1,1,0.790322580645161,0.774193548387097,0.741935483870968,0.725806451612903,0.693548387096774,0.645161290322581,0.629032258064516,0.580645161290323,0,0,0,0,0,0,0,0,2845,2.89504,-3.24714490960569
"846",282,282,3,6.13611694947989,22.5920445203363,24.9525045503808,26.6828347657756,29.4100493484272,31.9059847113003,37.0523262547826,39.0561705494806,43.342993547312,0,0,0,0,0,1,1,1,0,0,0,0,0,0.952380952380952,0.928571428571429,0.857142857142857,0,0,0,0,0,0,0,0,2846,33.834104,27.6979870505201
"847",283,283,1,5.33426887618381,21.821534211575,24.1864893720397,25.9201147332489,28.6525228735446,31.15321135862,36.309353312247,38.3170136179477,42.6120002060192,1,1,1,1,1,1,1,1,0.819672131147541,0.786885245901639,0.770491803278688,0.737704918032787,0.721311475409836,0.655737704918033,0.639344262295082,0.590163934426229,1,1,1,1,1,0,0,0,2847,3.148514,-2.18575487618381
"848",283,283,2,6.14401013419292,22.6312754695841,24.9962306300488,26.729855991258,29.4622641315537,31.9629526166291,37.1190945702561,39.1267548759568,43.4217414640283,0,0,0,0,1,1,1,1,0,0,0,0,1,0.930232558139535,0.883720930232558,0.837209302325581,1,1,1,1,1,0,0,0,2848,31.861227,25.7172168658071
"849",283,283,3,5.38632979154758,21.8735951269388,24.2385502874035,25.9721756486127,28.7045837889084,31.2052722739838,36.3614142276107,38.3690745333115,42.664061121383,1,1,1,1,1,1,1,1,0.806451612903226,0.774193548387097,0.758064516129032,0.725806451612903,0.709677419354839,0.645161290322581,0.629032258064516,0.580645161290323,1,1,1,1,0,0,0,0,2849,3.109819,-2.27651079154758
"850",284,284,1,6.13856961512868,22.6224134024192,24.9868777714959,26.7201433591198,29.4519844517158,31.9521539771116,37.1072258935099,39.114469556052,43.4085648196435,1,1,1,1,1,1,1,1,0.790322580645161,0.774193548387097,0.741935483870968,0.725806451612903,0.693548387096774,0.645161290322581,0.612903225806452,0.580645161290323,1,1,1,1,0,0,0,0,2850,2.618523,-3.52004661512868
"851",284,284,2,6.15143327184884,22.6352770591394,24.9997414282161,26.73300701584,29.464848108436,31.9650176338318,37.12008955023,39.1273332127722,43.4214284763636,1,1,1,1,1,1,1,1,0.790322580645161,0.774193548387097,0.741935483870968,0.725806451612903,0.693548387096774,0.645161290322581,0.612903225806452,0.580645161290323,0,0,0,0,0,0,0,0,2851,2.684776,-3.46665727184884
"852",284,284,3,6.14969856232815,22.6335423496187,24.9980067186954,26.7312723063193,29.4631133989153,31.9632829243111,37.1183548407093,39.1255985032515,43.4196937668429,1,1,1,1,1,1,1,1,0.790322580645161,0.774193548387097,0.741935483870968,0.725806451612903,0.693548387096774,0.645161290322581,0.612903225806452,0.580645161290323,0,0,0,0,0,0,0,0,2852,2.919076,-3.23062256232815
"853",285,285,1,6.14368242250893,22.6273216705747,24.9917567002744,26.7250007807301,29.4568079753672,31.956946477493,37.1119544273537,39.1191731830799,43.4132151635338,1,1,1,1,1,1,1,1,0.790322580645161,0.774193548387097,0.741935483870968,0.725806451612903,0.693548387096774,0.645161290322581,0.612903225806452,0.580645161290323,0,0,0,0,0,0,0,0,2853,2.538317,-3.60536542250893
"854",285,285,2,6.15381199456929,22.6374512426351,25.0018862723347,26.7351303527905,29.4669375474276,31.9670760495533,37.122083999414,39.1293027551403,43.4233447355942,1,1,1,1,1,1,1,1,0.790322580645161,0.758064516129032,0.741935483870968,0.725806451612903,0.693548387096774,0.645161290322581,0.612903225806452,0.580645161290323,0,0,0,0,0,0,0,0,2854,2.891864,-3.26194799456929
"855",285,285,3,6.14440636052459,22.6280456085904,24.99248063829,26.7257247187458,29.4575319133829,31.9576704155087,37.1126783653693,39.1198971210956,43.4139391015495,1,1,1,1,1,1,1,1,0.790322580645161,0.774193548387097,0.741935483870968,0.725806451612903,0.693548387096774,0.645161290322581,0.612903225806452,0.580645161290323,0,0,0,0,0,0,0,0,2855,2.938805,-3.20560136052459
"856",286,286,1,6.14471296959496,22.628055763899,24.9924482698787,26.7256611784118,29.4574192422406,31.9575127800565,37.1124280185034,39.1196106749471,43.4135754282256,1,1,1,1,1,1,1,1,0.790322580645161,0.774193548387097,0.741935483870968,0.725806451612903,0.693548387096774,0.645161290322581,0.612903225806452,0.580645161290323,0,0,0,0,0,0,0,0,2856,2.412746,-3.73196696959496
"857",286,286,2,6.15859865100865,22.6419414453127,25.0063339512924,26.7395468598255,29.4713049236543,31.9713984614702,37.1263136999171,39.1334963563608,43.4274611096393,1,1,1,1,1,1,1,1,0.790322580645161,0.758064516129032,0.741935483870968,0.725806451612903,0.693548387096774,0.645161290322581,0.612903225806452,0.580645161290323,0,0,0,0,0,0,0,0,2857,2.9357,-3.22289865100865
"858",286,286,3,6.14479492816005,22.6281377224641,24.9925302284438,26.7257431369769,29.4575012008057,31.9575947386216,37.1125099770685,39.1196926335121,43.4136573867907,1,1,1,1,1,1,1,1,0.790322580645161,0.774193548387097,0.741935483870968,0.725806451612903,0.693548387096774,0.645161290322581,0.612903225806452,0.580645161290323,0,0,0,0,0,0,0,0,2858,2.914231,-3.23056392816005
"859",287,287,1,6.1459964545893,22.6289783792754,24.9933191216395,26.726494084964,29.4581923424477,31.958231145747,37.1130335276989,39.1201722409178,43.4140429864796,1,1,1,1,1,1,1,1,0.790322580645161,0.774193548387097,0.741935483870968,0.725806451612903,0.693548387096774,0.645161290322581,0.612903225806452,0.580645161290323,0,0,0,0,0,0,0,0,2859,2.418983,-3.7270134545893
"860",287,287,2,6.15907044692556,22.6420523716116,25.0063931139758,26.7395680773003,29.471266334784,31.9713051380832,37.1261075200352,39.133246233254,43.4271169788159,1,1,1,1,1,1,1,1,0.96078431372549,0.92156862745098,0.901960784313726,0.882352941176471,0.843137254901961,0.784313725490196,0.745098039215686,0.705882352941177,0,0,0,0,0,0,0,0,2860,18.915422,12.7563515530744
"861",287,287,3,5.72358293953209,22.2065648642182,24.5709056065823,26.3040805699068,29.0357788273905,31.5358176306897,36.6906200126417,38.6977587258606,42.9916294714224,1,1,1,1,1,1,1,1,0.790322580645161,0.774193548387097,0.758064516129032,0.725806451612903,0.693548387096774,0.645161290322581,0.629032258064516,0.580645161290323,0,0,0,0,0,0,0,0,2861,2.843365,-2.88021793953209
"862",288,288,1,6.13757718093664,22.5988862905831,24.9601182556741,26.6910143364165,29.4191207928929,31.915872394955,37.063896933001,39.0683965396377,43.3566214459396,1,1,1,1,1,1,1,1,0.790322580645161,0.774193548387097,0.741935483870968,0.725806451612903,0.693548387096774,0.645161290322581,0.612903225806452,0.580645161290323,0,0,0,0,0,0,0,0,2862,2.296322,-3.84125518093664
"863",288,288,2,6.15189876108012,22.6132078707266,24.9744398358176,26.7053359165599,29.4334423730364,31.9301939750984,37.0782185131445,39.0827181197812,43.370943026083,1,1,1,1,1,1,1,1,0.790322580645161,0.774193548387097,0.741935483870968,0.725806451612903,0.693548387096774,0.645161290322581,0.612903225806452,0.580645161290323,0,0,0,0,0,0,0,0,2863,2.652217,-3.49968176108012
"864",288,288,3,6.1425814336211,22.6038905432676,24.9651225083586,26.6960185891009,29.4241250455774,31.9208766476394,37.0689011856855,39.0734007923222,43.361625698624,1,1,1,1,1,1,1,1,0.790322580645161,0.774193548387097,0.741935483870968,0.725806451612903,0.693548387096774,0.645161290322581,0.612903225806452,0.580645161290323,0,0,0,0,0,0,0,0,2864,2.770502,-3.3720794336211
"865",289,289,1,6.13862670839452,22.6003822004777,24.9616781952562,26.6926212128251,29.4208016475496,31.9176209541943,37.0657850915713,39.0703390543599,43.3586802447476,1,1,1,1,1,1,1,1,0.790322580645161,0.774193548387097,0.741935483870968,0.725806451612903,0.693548387096774,0.645161290322581,0.612903225806452,0.580645161290323,0,0,0,0,0,0,0,0,2865,2.180315,-3.95831170839452
"866",289,289,2,6.15407530344231,22.6158307955255,24.977126790304,26.7080698078729,29.4362502425974,31.9330695492421,37.081233686619,39.0857876494077,43.3741288397954,1,1,1,1,1,1,1,1,0.790322580645161,0.774193548387097,0.741935483870968,0.725806451612903,0.693548387096774,0.645161290322581,0.612903225806452,0.580645161290323,0,0,0,0,0,0,0,0,2866,2.867576,-3.28649930344231
"867",289,289,3,6.1360857223754,22.5978412144586,24.9591372092371,26.690080226806,29.4182606615304,31.9150799681752,37.0632441055521,39.0677980683408,43.3561392587285,1,1,1,1,1,1,1,1,0.790322580645161,0.774193548387097,0.741935483870968,0.725806451612903,0.693548387096774,0.645161290322581,0.612903225806452,0.580645161290323,0,0,0,0,0,0,0,0,2867,2.968618,-3.1674677223754
"868",290,290,1,6.1353904293867,22.5975962164788,24.9589568021694,26.6899471679692,29.418202229366,31.9150898340287,37.0633947943341,39.0680035897101,43.3564620834216,1,1,1,1,1,1,1,1,0.790322580645161,0.774193548387097,0.741935483870968,0.725806451612903,0.693548387096774,0.645161290322581,0.612903225806452,0.580645161290323,0,0,0,0,0,0,0,0,2868,2.494426,-3.6409644293867
"869",290,290,2,6.14789581733245,22.6101016044245,24.9714621901151,26.702452555915,29.4307076173118,31.9275952219745,37.0759001822799,39.0805089776558,43.3689674713673,1,1,1,1,1,1,1,1,0.790322580645161,0.774193548387097,0.741935483870968,0.725806451612903,0.693548387096774,0.645161290322581,0.612903225806452,0.580645161290323,0,0,0,0,0,0,0,0,2869,2.961671,-3.18622481733245
"870",290,290,3,6.13557363561975,22.5977794227118,24.9591400084024,26.6901303742023,29.4183854355991,31.9152730402618,37.0635780005672,39.0681867959431,43.3566452896546,1,1,1,1,1,1,1,1,0.80327868852459,0.786885245901639,0.754098360655738,0.737704918032787,0.704918032786885,0.655737704918033,0.622950819672131,0.590163934426229,0,0,0,0,0,0,0,0,2870,3.132085,-3.00348863561975
"871",291,291,1,6.13096569031992,22.5932201863723,24.9545877589406,26.6855832464563,29.4138463803113,31.9107413728539,37.0590615661472,39.0636762928309,43.3521474753861,1,1,1,1,1,1,1,1,0.790322580645161,0.774193548387097,0.741935483870968,0.725806451612903,0.693548387096774,0.645161290322581,0.612903225806452,0.580645161290323,0,0,0,0,0,0,0,0,2871,2.662992,-3.46797369031992
"872",291,291,2,6.14333635087274,22.6055908469251,24.9669584194934,26.6979539070091,29.4262170408641,31.9231120334067,37.0714322267,39.0760469533838,43.3645181359389,0,0,0,0,1,1,1,1,0,0,0,0,1,0.930232558139535,0.883720930232558,0.837209302325581,0,0,0,0,0,0,0,0,2872,31.540516,25.3971796491273
"873",291,291,3,5.38179429629098,21.8440487923433,24.2054163649116,25.9364118524274,28.6646749862824,31.1615699788249,36.3098901721183,38.314504898802,42.6029760813571,1,1,1,1,1,1,1,1,0.806451612903226,0.774193548387097,0.758064516129032,0.725806451612903,0.709677419354839,0.645161290322581,0.629032258064516,0.580645161290323,1,1,1,1,0,0,0,0,2873,3.049307,-2.33248729629098
"874",292,292,1,6.134721892055,22.6075004879288,24.9703776513041,26.702479741157,29.4324870172597,31.930978241482,37.0825896872365,39.0884859373891,43.3796986823965,1,1,1,1,1,1,1,1,0.790322580645161,0.774193548387097,0.741935483870968,0.725806451612903,0.693548387096774,0.645161290322581,0.612903225806452,0.580645161290323,1,1,1,1,0,0,0,0,2874,2.359884,-3.774837892055
"875",292,292,2,6.15276953270869,22.6255481285825,24.9884252919578,26.7205273818107,29.4505346579134,31.9490258821357,37.1006373278902,39.1065335780428,43.3977463230502,1,1,1,1,1,1,1,1,0.790322580645161,0.774193548387097,0.741935483870968,0.725806451612903,0.693548387096774,0.645161290322581,0.612903225806452,0.580645161290323,0,0,0,0,0,0,0,0,2875,2.864624,-3.28814553270869
"876",292,292,3,6.13955650363431,22.6123350995081,24.9752122628834,26.7073143527363,29.437321628839,31.9358128530613,37.0874242988158,39.0933205489684,43.3845332939758,1,1,1,1,1,1,1,1,0.790322580645161,0.774193548387097,0.741935483870968,0.725806451612903,0.693548387096774,0.645161290322581,0.612903225806452,0.580645161290323,0,0,0,0,0,0,0,0,2876,3.051255,-3.08830150363431
"877",293,293,1,6.13139589704491,22.6047986768749,24.9677653740229,26.6999330964179,29.4300438175304,31.9286297141922,37.0804363640038,39.0864086212641,43.3777839682352,1,1,1,1,1,1,1,1,0.790322580645161,0.774193548387097,0.741935483870968,0.725806451612903,0.693548387096774,0.645161290322581,0.612903225806452,0.580645161290323,0,0,0,0,0,0,0,0,2877,2.361403,-3.76999289704491
"878",293,293,2,6.14944101341409,22.622843793244,24.9858104903921,26.7179782127871,29.4480889338996,31.9466748305614,37.098481480373,39.1044537376333,43.3958290846044,1,1,1,1,1,1,1,1,0.80327868852459,0.786885245901639,0.754098360655738,0.737704918032787,0.704918032786885,0.655737704918033,0.622950819672131,0.590163934426229,0,0,0,0,0,0,0,0,2878,3.167471,-2.98197001341409
"879",293,293,3,6.12835592434937,22.6017587041793,24.9647254013273,26.6968931237224,29.4270038448348,31.9255897414967,37.0773963913082,39.0833686485686,43.3747439955397,1,1,1,1,1,1,1,1,0.790322580645161,0.774193548387097,0.741935483870968,0.725806451612903,0.693548387096774,0.645161290322581,0.612903225806452,0.580645161290323,0,0,0,0,0,0,0,0,2879,2.962871,-3.16548492434937
"880",294,294,1,6.13349353108823,22.6069998436156,24.9699813916307,26.7021600004224,29.4322878798434,31.9308894797173,37.0827285078084,39.088713372283,43.3801156898607,1,1,1,1,1,1,1,1,0.790322580645161,0.774193548387097,0.741935483870968,0.725806451612903,0.693548387096774,0.645161290322581,0.612903225806452,0.580645161290323,0,0,0,0,0,0,0,0,2880,2.49998,-3.63351353108823
"881",294,294,2,6.14560132989858,22.6191076424259,24.9820891904411,26.7142677992328,29.4443956786537,31.9429972785277,37.0948363066187,39.1008211710933,43.392223488671,1,1,1,1,1,1,1,1,0.790322580645161,0.774193548387097,0.741935483870968,0.725806451612903,0.693548387096774,0.645161290322581,0.612903225806452,0.580645161290323,0,0,0,0,0,0,0,0,2881,2.974221,-3.17138032989858
"882",294,294,3,6.13319665014542,22.6067029626728,24.9696845106879,26.7018631194796,29.4319909989006,31.9305925987745,37.0824316268655,39.0884164913401,43.3798188089179,1,1,1,1,1,1,1,1,0.790322580645161,0.774193548387097,0.741935483870968,0.725806451612903,0.693548387096774,0.645161290322581,0.612903225806452,0.580645161290323,0,0,0,0,0,0,0,0,2882,2.98851,-3.14468665014542
"883",295,295,1,6.13251210882678,22.6061635079191,24.9691658673431,26.701359731894,29.4315116562795,31.9301352620043,37.0820196637161,39.0880221954345,43.3794623085373,1,1,1,1,1,1,1,1,0.790322580645161,0.774193548387097,0.741935483870968,0.725806451612903,0.693548387096774,0.645161290322581,0.612903225806452,0.580645161290323,0,0,0,0,0,0,0,0,2883,2.326331,-3.80618110882678
"884",295,295,2,6.14983166789349,22.6234830669858,24.9864854264098,26.7186792909607,29.4488312153462,31.947454821071,37.0993392227828,39.1053417545012,43.3967818676041,0,0,0,0,1,1,1,1,0,0,0,0,0.977272727272727,0.909090909090909,0.863636363636364,0.818181818181818,0,0,0,0,0,0,0,0,2884,30.928102,24.7782703321065
"885",295,295,3,5.40174080085166,21.875392199944,24.238394559368,25.9705884239188,28.7007403483044,31.1993639540292,36.351248355741,38.3572508874594,42.6486910005622,1,1,1,1,1,1,1,1,0.790322580645161,0.774193548387097,0.758064516129032,0.725806451612903,0.709677419354839,0.645161290322581,0.629032258064516,0.580645161290323,1,1,1,1,0,0,0,0,2885,2.77308,-2.62866080085166
"886",296,296,1,6.14016410047232,22.6090709477977,24.9713927424369,26.7030877204166,29.4324533378188,31.9303573186859,37.0807579338558,39.0861827197773,43.3763868616144,1,1,1,1,1,1,1,1,0.790322580645161,0.774193548387097,0.741935483870968,0.725806451612903,0.693548387096774,0.645161290322581,0.612903225806452,0.580645161290323,1,1,1,1,0,0,0,0,2886,2.224082,-3.91608210047232
"887",296,296,2,6.15494771732655,22.6238545646519,24.9861763592912,26.7178713372708,29.447236954673,31.9451409355401,37.0955415507101,39.1009663366316,43.3911704784686,1,1,1,1,1,1,1,1,0.790322580645161,0.774193548387097,0.741935483870968,0.725806451612903,0.693548387096774,0.645161290322581,0.612903225806452,0.580645161290323,0,0,0,0,0,0,0,0,2887,2.620649,-3.53429871732655
"888",296,296,3,6.14426881761283,22.6131756649382,24.9754974595774,26.7071924375571,29.4365580549593,31.9344620358264,37.0848626509963,39.0902874369179,43.3804915787549,1,1,1,1,1,1,1,1,0.790322580645161,0.774193548387097,0.741935483870968,0.725806451612903,0.693548387096774,0.645161290322581,0.612903225806452,0.580645161290323,0,0,0,0,0,0,0,0,2888,2.547003,-3.59726581761283
"889",297,297,1,6.14155056340711,22.6108289867679,24.9732040807654,26.7049381297266,29.4343653278314,31.9323256670996,37.082842487034,39.0883125199047,43.3786134585153,1,1,1,1,1,1,1,1,0.790322580645161,0.774193548387097,0.741935483870968,0.725806451612903,0.693548387096774,0.645161290322581,0.612903225806452,0.580645161290323,0,0,0,0,0,0,0,0,2889,2.584143,-3.55740756340711
"890",297,297,2,6.14057928521367,22.6098577085745,24.972232802572,26.7039668515331,29.4333940496379,31.9313543889062,37.0818712088406,39.0873412417113,43.3776421803218,1,1,1,1,1,1,1,1,0.80327868852459,0.786885245901639,0.754098360655738,0.737704918032787,0.704918032786885,0.655737704918033,0.622950819672131,0.590163934426229,0,0,0,0,0,0,0,0,2890,3.245734,-2.89484528521367
"891",297,297,3,6.12327748361772,22.5925559069785,24.954931000976,26.6866650499372,29.416092248042,31.9140525873102,37.0645694072446,39.0700394401153,43.3603403787259,1,1,1,1,1,1,1,1,0.790322580645161,0.774193548387097,0.741935483870968,0.725806451612903,0.693548387096774,0.645161290322581,0.612903225806452,0.580645161290323,0,0,0,0,0,0,0,0,2891,2.504316,-3.61896148361772
"892",298,298,1,6.14238623555497,22.6118041900171,24.9741992985405,26.7059480191074,29.4353983414787,31.9333798439787,37.083940300147,39.0894273237707,43.3797646106899,1,1,1,1,1,1,1,1,0.816666666666667,0.8,0.766666666666667,0.75,0.716666666666667,0.666666666666667,0.633333333333333,0.6,0,0,0,0,0,0,0,0,2892,5.082705,-1.05968123555497
"893",298,298,2,6.07496024255789,22.5443781970201,24.9067733055434,26.6385220261103,29.3679723484816,31.8659538509817,37.0165143071499,39.0220013307736,43.3123386176929,1,1,1,1,1,1,1,1,0.80327868852459,0.786885245901639,0.754098360655738,0.737704918032787,0.704918032786885,0.655737704918033,0.639344262295082,0.590163934426229,0,0,0,0,0,0,0,0,2893,3.495164,-2.57979624255789
"894",298,298,3,6.11647512970199,22.5858930841642,24.9482881926875,26.6800369132544,29.4094872356257,31.9074687381257,37.058029194294,39.0635162179177,43.353853504837,1,1,1,1,1,1,1,1,0.790322580645161,0.774193548387097,0.741935483870968,0.725806451612903,0.693548387096774,0.645161290322581,0.612903225806452,0.580645161290323,0,0,0,0,0,0,0,0,2894,2.591204,-3.52527112970199
"895",299,299,1,6.14335827874218,22.6122343066898,24.9745516805567,26.7062434178986,29.4356039276546,31.9335032340252,37.0838942109026,39.0893152439373,43.3795113572256,1,1,1,1,1,1,1,1,0.790322580645161,0.774193548387097,0.741935483870968,0.725806451612903,0.693548387096774,0.645161290322581,0.612903225806452,0.580645161290323,0,0,0,0,0,0,0,0,2895,2.518421,-3.62493727874218
"896",299,299,2,6.14526301582342,22.6141390437711,24.976456417638,26.7081481549799,29.4375086647358,31.9354079711065,37.0857989479839,39.0912199810185,43.3814160943068,0,0,0,1,1,1,1,1,0,0,0,1,0.955555555555556,0.888888888888889,0.844444444444444,0.8,0,0,0,0,0,0,0,0,2896,29.22548,23.0802169841766
"897",299,299,3,5.44633709069981,21.9152131186475,24.2775304925144,26.0092222298563,28.7385827396122,31.2364820459829,36.3868730228603,38.3922940558949,42.6824901691832,1,1,1,1,1,1,1,1,0.790322580645161,0.774193548387097,0.758064516129032,0.725806451612903,0.709677419354839,0.645161290322581,0.629032258064516,0.580645161290323,1,1,1,0,0,0,0,0,2897,2.559345,-2.88699209069981
"898",300,300,1,6.14715364633612,22.6240883657124,24.9875616889435,26.7201007925135,29.4507968563235,31.9499184561704,37.1028296664596,39.1092320092851,43.4015274380692,1,1,1,1,1,1,1,1,0.790322580645161,0.774193548387097,0.741935483870968,0.725806451612903,0.693548387096774,0.645161290322581,0.612903225806452,0.580645161290323,1,1,1,0,0,0,0,0,2898,2.587772,-3.55938164633612
"899",300,300,2,6.14640169511647,22.6233364144928,24.9868097377238,26.7193488412938,29.4500449051039,31.9491665049508,37.1020777152399,39.1084800580654,43.4007754868496,1,1,1,1,1,1,1,1,0.80327868852459,0.786885245901639,0.754098360655738,0.737704918032787,0.704918032786885,0.655737704918033,0.622950819672131,0.590163934426229,0,0,0,0,0,0,0,0,2899,3.136505,-3.00989669511647
"900",300,300,3,6.13188660563772,22.608821325014,24.9722946482451,26.7048337518151,29.4355298156251,31.934651415472,37.0875626257612,39.0939649685866,43.3862603973708,1,1,1,1,1,1,1,1,0.790322580645161,0.774193548387097,0.741935483870968,0.725806451612903,0.693548387096774,0.645161290322581,0.612903225806452,0.580645161290323,0,0,0,0,0,0,0,0,2900,2.654904,-3.47698260563772
"901",301,301,1,6.14492411635101,22.621697279351,24.9851474287216,26.7176695447424,29.4483388340723,31.9474359300272,37.1002966160121,39.1066792860588,43.3989326288781,1,1,1,1,1,1,1,1,0.790322580645161,0.774193548387097,0.741935483870968,0.725806451612903,0.693548387096774,0.645161290322581,0.612903225806452,0.580645161290323,0,0,0,0,0,0,0,0,2901,2.63419,-3.51073411635101
"902",301,301,2,6.14547207424199,22.622245237242,24.9856953866126,26.7182175026334,29.4488867919633,31.9479838879182,37.1008445739031,39.1072272439498,43.3994805867691,1,1,1,1,1,1,1,1,0.80327868852459,0.786885245901639,0.754098360655738,0.737704918032787,0.704918032786885,0.655737704918033,0.622950819672131,0.590163934426229,0,0,0,0,0,0,0,0,2902,3.431691,-2.71378107424199
"903",301,301,3,6.12437537799703,22.601148540997,24.9645986903676,26.6971208063884,29.4277900957184,31.9268871916732,37.0797478776582,39.0861305477048,43.3783838905241,1,1,1,1,1,1,1,1,0.790322580645161,0.774193548387097,0.741935483870968,0.725806451612903,0.693548387096774,0.645161290322581,0.612903225806452,0.580645161290323,0,0,0,0,0,0,0,0,2903,2.522059,-3.60231637799703
"904",302,302,1,6.14952164551754,22.6261425841964,24.9895708983089,26.7220770080401,29.4527210694765,31.9517950769689,37.1046081571082,39.1109722907438,43.4031859786292,1,1,1,1,1,1,1,1,0.790322580645161,0.774193548387097,0.741935483870968,0.725806451612903,0.693548387096774,0.645161290322581,0.612903225806452,0.580645161290323,0,0,0,0,0,0,0,0,2904,2.53344,-3.61608164551754
"905",302,302,2,6.14921915980386,22.6258400984827,24.9892684125952,26.7217745223264,29.4524185837628,31.9514925912552,37.1043056713945,39.1106698050301,43.4028834929155,1,1,1,1,1,1,1,1,0.80327868852459,0.786885245901639,0.754098360655738,0.737704918032787,0.704918032786885,0.655737704918033,0.622950819672131,0.590163934426229,0,0,0,0,0,0,0,0,2905,3.165747,-2.98347215980386
"906",302,302,3,6.13241362126047,22.6090345599393,24.9724628740518,26.704968983783,29.4356130452194,31.9346870527118,37.0875001328511,39.0938642664867,43.3860779543721,1,1,1,1,1,1,1,1,0.790322580645161,0.774193548387097,0.741935483870968,0.725806451612903,0.693548387096774,0.645161290322581,0.612903225806452,0.580645161290323,0,0,0,0,0,0,0,0,2906,2.558042,-3.57437162126047
"907",303,303,1,6.14883797133385,22.625311142565,24.9887182607193,26.7212088327983,29.4518284049717,31.9508799999932,37.1036468681063,39.109993008046,43.4021682020276,1,1,1,1,1,1,1,1,0.790322580645161,0.774193548387097,0.741935483870968,0.725806451612903,0.693548387096774,0.645161290322581,0.612903225806452,0.580645161290323,0,0,0,0,0,0,0,0,2907,2.610472,-3.53836597133385
"908",303,303,2,6.14744440800719,22.6239175792384,24.9873246973926,26.7198152694716,29.450434841645,31.9494864366665,37.1022533047797,39.1085994447194,43.4007746387009,0,0,0,0,1,1,1,1,0,0,0,0,0.977272727272727,0.909090909090909,0.863636363636364,0.818181818181818,0,0,0,0,0,0,0,0,2908,30.792589,24.6451445919928
"909",303,303,3,5.39837775306426,21.8748509242955,24.2382580424497,25.9707486145287,28.7013681867021,31.2004197817236,36.3531866498367,38.3595327897764,42.651707983758,1,1,1,1,1,1,1,1,0.819672131147541,0.786885245901639,0.770491803278688,0.737704918032787,0.721311475409836,0.655737704918033,0.639344262295082,0.590163934426229,1,1,1,1,0,0,0,0,2909,3.134808,-2.26356975306426
"910",304,304,1,6.15051535618546,22.6511285094469,25.0179982985727,26.7530271742584,29.4876474270823,31.9903604282779,37.1506767093212,39.1599623836662,43.4584261219847,1,1,1,1,1,1,1,1,0.790322580645161,0.758064516129032,0.741935483870968,0.725806451612903,0.693548387096774,0.645161290322581,0.612903225806452,0.580645161290323,1,1,1,1,0,0,0,0,2910,2.341531,-3.80898435618546
"911",304,304,2,6.17226001899808,22.6728731722596,25.0397429613853,26.774771837071,29.5093920898949,32.0121050910905,37.1724213721338,39.1817070464788,43.4801707847973,1,1,1,1,1,1,1,1,0.80327868852459,0.770491803278688,0.754098360655738,0.737704918032787,0.704918032786885,0.655737704918033,0.622950819672131,0.590163934426229,0,0,0,0,0,0,0,0,2911,3.21701,-2.95525001899808
"912",304,304,3,6.14826210193439,22.6488752551959,25.0157450443216,26.7507739200074,29.4853941728312,31.9881071740268,37.1484234550701,39.1577091294151,43.4561728677336,1,1,1,1,1,1,1,1,0.790322580645161,0.758064516129032,0.741935483870968,0.725806451612903,0.693548387096774,0.645161290322581,0.612903225806452,0.580645161290323,0,0,0,0,0,0,0,0,2912,2.572725,-3.57553710193439
"913",305,305,1,6.16611891864641,22.6666311244581,25.033486433548,26.7685046946743,29.5031082176386,32.0058059077368,37.1660906189976,39.1753640009349,43.4738014421123,1,1,1,1,1,1,1,1,0.790322580645161,0.758064516129032,0.741935483870968,0.725806451612903,0.693548387096774,0.645161290322581,0.612903225806452,0.580645161290323,0,0,0,0,0,0,0,0,2913,2.634879,-3.53123991864641
"914",305,305,2,6.16441514166751,22.6649273474792,25.0317826565691,26.7668009176954,29.5014044406597,32.0041021307579,37.1643868420187,39.1736602239559,43.4720976651333,1,1,1,1,1,1,1,1,0.80327868852459,0.770491803278688,0.754098360655738,0.737704918032787,0.704918032786885,0.655737704918033,0.622950819672131,0.590163934426229,0,0,0,0,0,0,0,0,2914,3.247437,-2.91697814166751
"915",305,305,3,6.14762358812879,22.6481357939405,25.0149911030304,26.7500093641567,29.484612887121,31.9873105772192,37.14759528848,39.1568686704172,43.4553061115946,1,1,1,1,1,1,1,1,0.790322580645161,0.758064516129032,0.741935483870968,0.725806451612903,0.693548387096774,0.645161290322581,0.612903225806452,0.580645161290323,0,0,0,0,0,0,0,0,2915,2.460809,-3.68681458812879
"916",306,306,1,6.16941991031856,22.6697967177324,25.0366326050969,26.7716366291686,29.5062177127728,32.0088948664626,37.1691372339298,39.1783941283548,43.4767962978064,1,1,1,1,1,1,1,1,0.790322580645161,0.758064516129032,0.741935483870968,0.725806451612903,0.693548387096774,0.645161290322581,0.612903225806452,0.580645161290323,0,0,0,0,0,0,0,0,2916,2.459687,-3.70973291031856
"917",306,306,2,6.16945066815146,22.6698274755653,25.0366633629298,26.7716673870015,29.5062484706057,32.0089256242955,37.1691679917627,39.1784248861877,43.4768270556393,1,1,1,1,1,1,1,1,0.80327868852459,0.770491803278688,0.754098360655738,0.737704918032787,0.704918032786885,0.655737704918033,0.622950819672131,0.590163934426229,0,0,0,0,0,0,0,0,2917,3.28135,-2.88810066815146
"918",306,306,3,6.14692609305765,22.6473029004715,25.014138787836,26.7491428119077,29.4837238955119,31.9864010492017,37.1466434166689,39.1559003110939,43.4543024805455,1,1,1,1,1,1,1,1,0.790322580645161,0.758064516129032,0.741935483870968,0.725806451612903,0.693548387096774,0.645161290322581,0.612903225806452,0.580645161290323,0,0,0,0,0,0,0,0,2918,2.606747,-3.54017909305765
"919",307,307,1,6.16516563315326,22.6654045360348,25.0322206421907,26.7672101656894,29.5017683945957,32.0044246317618,37.16462387168,39.1738639734199,43.4722302182894,1,1,1,1,1,1,1,1,0.790322580645161,0.758064516129032,0.741935483870968,0.725806451612903,0.693548387096774,0.645161290322581,0.612903225806452,0.580645161290323,0,0,0,0,0,0,0,0,2919,2.644491,-3.52067463315326
"920",307,307,2,6.16412219282889,22.6643610957104,25.0311772018663,26.766166725365,29.5007249542714,32.0033811914375,37.1635804313556,39.1728205330955,43.471186777965,0,1,1,1,1,1,1,1,0,0.979166666666667,0.958333333333333,0.9375,0.895833333333333,0.833333333333333,0.791666666666667,0.75,0,0,0,0,0,0,0,0,2920,23.582239,17.4181168071711
"921",307,307,3,5.5852940197516,22.0855329226331,24.452349028789,26.1873385522877,28.9218967811941,31.4245530183602,36.5847522582784,38.5939923600183,42.8923586048877,1,1,1,1,1,1,1,1,0.790322580645161,0.774193548387097,0.758064516129032,0.725806451612903,0.693548387096774,0.645161290322581,0.629032258064516,0.580645161290323,1,0,0,0,0,0,0,0,2921,2.671168,-2.9141260197516
"922",308,308,1,6.15717794819391,22.6413742634576,25.0058891996134,26.7391918553272,29.471091371821,31.9713143665232,37.1264965306936,39.1337831206955,43.4279702189779,1,1,1,1,1,1,1,1,0.790322580645161,0.758064516129032,0.741935483870968,0.725806451612903,0.693548387096774,0.645161290322581,0.612903225806452,0.580645161290323,1,0,0,0,0,0,0,0,2922,2.49271,-3.66446794819391
"923",308,308,2,6.16204921188767,22.6462455271514,25.0107604633072,26.744063119021,29.4759626355147,31.976185630217,37.1313677943874,39.1386543843892,43.4328414826717,1,1,1,1,1,1,1,1,0.80327868852459,0.770491803278688,0.754098360655738,0.737704918032787,0.704918032786885,0.655737704918033,0.622950819672131,0.590163934426229,0,0,0,0,0,0,0,0,2923,3.210266,-2.95178321188767
"924",308,308,3,6.14246250526178,22.6266588205255,24.9911737566813,26.7244764123951,29.4563759288888,31.9565989235911,37.1117810877615,39.1190676777634,43.4132547760458,1,1,1,1,1,1,1,1,0.790322580645161,0.774193548387097,0.741935483870968,0.725806451612903,0.693548387096774,0.645161290322581,0.612903225806452,0.580645161290323,0,0,0,0,0,0,0,0,2924,2.551401,-3.59106150526178
"925",309,309,1,6.15963966370664,22.6436465806444,25.0081343492536,26.7414170898552,29.4732852176669,31.9734794855789,37.128602418298,39.1358659451968,43.4300037045953,1,1,1,1,1,1,1,1,0.790322580645161,0.758064516129032,0.741935483870968,0.725806451612903,0.693548387096774,0.645161290322581,0.612903225806452,0.580645161290323,0,0,0,0,0,0,0,0,2925,3.008212,-3.15142766370664
"926",309,309,2,6.14727737862801,22.6312842955658,24.995772064175,26.7290548047765,29.4609229325883,31.9611172005003,37.1162401332194,39.1235036601181,43.4176414195167,1,1,1,1,1,1,1,1,0.80327868852459,0.786885245901639,0.754098360655738,0.737704918032787,0.704918032786885,0.655737704918033,0.622950819672131,0.590163934426229,0,0,0,0,0,0,0,0,2926,3.145516,-3.00176137862801
"927",309,309,3,6.14356163800347,22.6275685549412,24.9920563235505,26.725339064152,29.4572071919638,31.9574014598758,37.1125243925949,39.1197879194936,43.4139256788921,1,1,1,1,1,1,1,1,0.790322580645161,0.774193548387097,0.741935483870968,0.725806451612903,0.693548387096774,0.645161290322581,0.612903225806452,0.580645161290323,0,0,0,0,0,0,0,0,2927,2.451172,-3.69238963800347
"928",310,310,1,6.1369637117936,22.5459645878528,24.8996933906886,26.6250892942637,29.3445267907671,31.8333445969725,36.9650105290136,38.9631405429922,43.2377389832226,1,1,1,1,1,1,1,1,0.790322580645161,0.774193548387097,0.741935483870968,0.725806451612903,0.693548387096774,0.645161290322581,0.629032258064516,0.580645161290323,0,0,0,0,0,0,0,0,2928,2.475954,-3.6610097117936
"929",310,310,2,6.13631132513392,22.5453122011931,24.8990410040289,26.6244369076041,29.3438744041074,31.8326922103128,36.964358142354,38.9624881563325,43.2370865965629,1,1,1,1,1,1,1,1,0.80327868852459,0.786885245901639,0.754098360655738,0.737704918032787,0.704918032786885,0.655737704918033,0.639344262295082,0.590163934426229,0,0,0,0,0,0,0,0,2929,3.269752,-2.86655932513392
"930",310,310,3,6.11541457645832,22.5244154525175,24.8781442553533,26.6035401589285,29.3229776554319,31.8117954616372,36.9434613936784,38.9415914076569,43.2161898478873,1,1,1,1,1,1,1,1,0.790322580645161,0.774193548387097,0.741935483870968,0.725806451612903,0.693548387096774,0.645161290322581,0.629032258064516,0.580645161290323,0,0,0,0,0,0,0,0,2930,2.550055,-3.56535957645832
"931",311,311,1,6.13471171313471,22.5435279216995,24.8972302355855,26.6226067214922,29.3420136133468,31.8308034103058,36.9624115903914,38.9605191173418,43.2350694510854,1,1,1,1,1,1,1,1,0.790322580645161,0.774193548387097,0.741935483870968,0.725806451612903,0.693548387096774,0.645161290322581,0.629032258064516,0.580645161290323,0,0,0,0,0,0,0,0,2931,2.574076,-3.56063571313471
"932",311,311,2,6.13407931772365,22.5428955262885,24.8965978401744,26.6219743260811,29.3413812179357,31.8301710148947,36.9617791949803,38.9598867219307,43.2344370556744,0,0,0,0,1,1,1,1,0,0,0,0,0.977272727272727,0.909090909090909,0.886363636363636,0.818181818181818,0,0,0,0,0,0,0,0,2932,30.904035,24.7699556822763
"933",311,311,3,5.38824292177286,21.7970591303377,24.1507614442236,25.8761379301303,28.5955448219849,31.0843346189439,36.2159427990295,38.2140503259799,42.4886006597236,1,1,1,1,1,1,1,1,0.806451612903226,0.774193548387097,0.758064516129032,0.725806451612903,0.709677419354839,0.645161290322581,0.629032258064516,0.580645161290323,1,1,1,1,0,0,0,0,2933,2.628955,-2.75928792177286
"934",312,312,1,6.13138514775606,22.5439125065441,24.8981471527298,26.623913863699,29.3439357985503,31.8332884802838,36.9660572662657,38.9646167013306,43.2401338018553,1,1,1,1,1,1,1,1,0.790322580645161,0.774193548387097,0.741935483870968,0.725806451612903,0.693548387096774,0.645161290322581,0.629032258064516,0.580645161290323,1,1,1,1,0,0,0,0,2934,2.213252,-3.91813314775606
"935",312,312,2,6.14223250286331,22.5547598616514,24.908994507837,26.6347612188063,29.3547831536576,31.844135835391,36.9769046213729,38.9754640564379,43.2509811569625,1,1,1,1,1,1,1,1,0.790322580645161,0.774193548387097,0.741935483870968,0.725806451612903,0.693548387096774,0.645161290322581,0.629032258064516,0.580645161290323,0,0,0,0,0,0,0,0,2935,2.841918,-3.30031450286331
"936",312,312,3,6.12582809070883,22.5383554494969,24.8925900956825,26.6183568066518,29.3383787415031,31.8277314232365,36.9605002092184,38.9590596442834,43.234576744808,1,1,1,1,1,1,1,1,0.790322580645161,0.774193548387097,0.741935483870968,0.725806451612903,0.693548387096774,0.645161290322581,0.629032258064516,0.580645161290323,0,0,0,0,0,0,0,0,2936,2.363545,-3.76228309070883
"937",313,313,1,6.13798000366929,22.5510683931172,24.9053835142832,26.631209217266,29.3513241308321,31.8407619062959,36.9737061461001,38.9723338980729,43.2479971489208,1,1,1,1,1,1,1,1,0.790322580645161,0.774193548387097,0.741935483870968,0.725806451612903,0.693548387096774,0.645161290322581,0.629032258064516,0.580645161290323,0,0,0,0,0,0,0,0,2937,2.16765,-3.97033000366929
"938",313,313,2,6.14306775907406,22.5561561485219,24.910471269688,26.6362969726707,29.3564118862369,31.8458496617007,36.9787939015049,38.9774216534777,43.2530849043256,1,1,1,1,1,1,1,1,0.790322580645161,0.774193548387097,0.741935483870968,0.725806451612903,0.693548387096774,0.645161290322581,0.629032258064516,0.580645161290323,0,0,0,0,0,0,0,0,2938,2.473504,-3.66956375907406
"939",313,313,3,6.13512416509989,22.5482125545478,24.9025276757138,26.6283533786966,29.3484682922628,31.8379060677265,36.9708503075307,38.9694780595035,43.2451413103514,1,1,1,1,1,1,1,1,0.790322580645161,0.774193548387097,0.741935483870968,0.725806451612903,0.693548387096774,0.645161290322581,0.629032258064516,0.580645161290323,0,0,0,0,0,0,0,0,2939,2.163071,-3.97205316509989
"940",314,314,1,6.13325209236607,22.5380718974273,24.8912009619055,26.6161572285504,29.3349018028379,31.8230854495336,36.9534438150897,38.9510646985297,43.2245739560791,1,1,1,1,1,1,1,1,0.790322580645161,0.774193548387097,0.741935483870968,0.725806451612903,0.693548387096774,0.645161290322581,0.629032258064516,0.580645161290323,0,0,0,0,0,0,0,0,2940,2.093053,-4.04019909236607
"941",314,314,2,6.13504098919115,22.5398607942523,24.8929898587305,26.6179461253755,29.336690699663,31.8248743463587,36.9552327119148,38.9528535953548,43.2263628529042,1,1,1,1,1,1,1,1,0.790322580645161,0.774193548387097,0.741935483870968,0.725806451612903,0.693548387096774,0.645161290322581,0.629032258064516,0.580645161290323,0,0,0,0,0,0,0,0,2941,2.724086,-3.41095498919115
"942",314,314,3,6.1189186645,22.5237384695612,24.8768675340394,26.6018238006843,29.3205683749718,31.8087520216676,36.9391103872236,38.9367312706636,43.2102405282131,0,0,1,1,1,1,1,1,0,0,1,0.978260869565217,0.934782608695652,0.869565217391304,0.847826086956522,0.782608695652174,0,0,0,0,0,0,0,0,2942,26.632645,20.5137263355
"943",315,315,1,5.5051151778373,21.9271736099334,24.2827754058887,26.009544303095,28.7311458074968,31.2219441046665,36.3576935891419,38.3574136264755,42.6354136027952,1,1,1,1,1,1,1,1,0.790322580645161,0.774193548387097,0.758064516129032,0.725806451612903,0.709677419354839,0.645161290322581,0.629032258064516,0.580645161290323,1,1,0,0,0,0,0,0,2943,2.687315,-2.8178001778373
"944",315,315,2,6.13159860546636,22.5536570375625,24.9092588335178,26.6360277307241,29.3576292351258,31.8484275322956,36.984177016771,38.9838970541046,43.2618970304242,0,0,0,0,1,1,1,1,0,0,0,0,0.977272727272727,0.909090909090909,0.886363636363636,0.818181818181818,1,1,0,0,0,0,0,0,2944,30.336979,24.2053803945336
"945",315,315,3,5.40819841530352,21.8302568473997,24.1858586433549,25.9126275405613,28.634229044963,31.1250273421327,36.2607768266081,38.2604968639417,42.5384968402614,1,1,1,1,1,1,1,1,0.806451612903226,0.774193548387097,0.758064516129032,0.725806451612903,0.709677419354839,0.645161290322581,0.629032258064516,0.580645161290323,1,1,1,1,0,0,0,0,2945,2.598256,-2.80994241530352
"946",316,316,1,6.13367659148765,22.545842468985,24.9000252638159,26.6257539652596,29.3457159923942,31.8350138468362,36.9676695850318,38.9661850023883,43.2416079358535,1,1,1,1,1,1,1,1,0.790322580645161,0.774193548387097,0.741935483870968,0.725806451612903,0.693548387096774,0.645161290322581,0.629032258064516,0.580645161290323,1,1,1,1,0,0,0,0,2946,2.35435,-3.77932659148765
"947",316,316,2,6.14011645065771,22.5522823281551,24.906465122986,26.6321938244296,29.3521558515643,31.8414537060062,36.9741094442018,38.9726248615584,43.2480477950235,1,1,1,1,1,1,1,1,0.790322580645161,0.774193548387097,0.741935483870968,0.725806451612903,0.693548387096774,0.645161290322581,0.629032258064516,0.580645161290323,0,0,0,0,0,0,0,0,2947,2.822885,-3.31723145065771
"948",316,316,3,6.12774570366401,22.5399115811614,24.8940943759923,26.6198230774359,29.3397851045706,31.8290829590125,36.9617386972081,38.9602541145647,43.2356770480298,1,1,1,1,1,1,1,1,0.790322580645161,0.774193548387097,0.741935483870968,0.725806451612903,0.693548387096774,0.645161290322581,0.629032258064516,0.580645161290323,0,0,0,0,0,0,0,0,2948,2.277756,-3.84998970366401
"949",317,317,1,6.13910047907989,22.5516624332151,24.9059020418032,26.631672390451,29.3517000587339,31.8410579876799,36.9738375928315,38.9724012405845,43.2479273533103,1,1,1,1,1,1,1,1,0.790322580645161,0.774193548387097,0.741935483870968,0.725806451612903,0.693548387096774,0.645161290322581,0.629032258064516,0.580645161290323,0,0,0,0,0,0,0,0,2949,2.42421,-3.71489047907989
"950",317,317,2,6.13528956476971,22.547851518905,24.902091127493,26.6278614761408,29.3478891444237,31.8372470733697,36.9700266785213,38.9685903262743,43.2441164390001,1,1,1,1,1,1,1,1,0.790322580645161,0.774193548387097,0.741935483870968,0.725806451612903,0.693548387096774,0.645161290322581,0.629032258064516,0.580645161290323,0,0,0,0,0,0,0,0,2950,2.772078,-3.36321156476971
"951",317,317,3,6.12623760893883,22.5387995630741,24.8930391716621,26.6188095203099,29.3388371885929,31.8281951175389,36.9609747226905,38.9595383704435,43.2350644831693,1,1,1,1,1,1,1,1,0.844827586206897,0.827586206896552,0.793103448275862,0.775862068965517,0.741379310344828,0.689655172413793,0.672413793103448,0.620689655172414,0,0,0,0,0,0,0,0,2951,8.481509,2.35527139106117
"952",318,318,1,5.98014184682609,22.3926731467469,24.7469083582539,26.4726754836307,29.1926980716397,31.6820513511402,36.8148213696516,38.8133812846297,43.0888994118324,1,1,1,1,1,1,1,1,0.790322580645161,0.774193548387097,0.758064516129032,0.725806451612903,0.693548387096774,0.645161290322581,0.629032258064516,0.580645161290323,0,0,0,0,0,0,0,0,2952,2.450318,-3.52982384682609
"953",318,318,2,6.1394267093335,22.5519580092543,24.9061932207613,26.6319603461381,29.3519829341471,31.8413362136476,36.974106232159,38.9726661471371,43.2481842743397,1,1,1,1,1,1,1,1,0.790322580645161,0.774193548387097,0.741935483870968,0.725806451612903,0.693548387096774,0.645161290322581,0.629032258064516,0.580645161290323,0,0,0,0,0,0,0,0,2953,3.072093,-3.0673337093335
"954",318,318,3,6.12300551733584,22.5355368172567,24.8897720287636,26.6155391541404,29.3355617421494,31.82491502165,36.9576850401613,38.9562449551395,43.2317630823421,1,1,1,1,1,1,1,1,0.80327868852459,0.786885245901639,0.754098360655738,0.737704918032787,0.704918032786885,0.655737704918033,0.639344262295082,0.590163934426229,0,0,0,0,0,0,0,0,2954,3.269334,-2.85367151733584
"955",319,319,1,6.11439403934828,22.5271520878957,24.8814198245258,26.6072107923751,29.3272709590716,31.8166586304296,36.9494995611319,38.9480870873729,43.223664283335,1,1,1,1,1,1,1,1,0.875,0.857142857142857,0.821428571428571,0.803571428571429,0.767857142857143,0.714285714285714,0.696428571428571,0.642857142857143,0,0,0,0,0,0,0,0,2955,11.852151,5.73775696065172
"956",319,319,2,5.88947048207176,22.3022285306192,24.6564962672493,26.3822872350985,29.1023474017951,31.5917350731531,36.7245760038554,38.7231635300964,42.9987407260584,1,1,1,1,1,1,1,1,0.875,0.857142857142857,0.839285714285714,0.803571428571429,0.767857142857143,0.714285714285714,0.696428571428571,0.642857142857143,0,0,0,0,0,0,0,0,2956,11.579597,5.69012651792824
"957",319,319,3,5.89661310380422,22.3093711523517,24.6636388889817,26.389429856831,29.1094900235276,31.5988776948856,36.7317186255878,38.7303061518288,43.0058833477909,1,1,1,1,1,1,1,1,0.790322580645161,0.774193548387097,0.758064516129032,0.725806451612903,0.693548387096774,0.645161290322581,0.629032258064516,0.580645161290323,0,0,0,0,0,0,0,0,2957,2.344919,-3.55169410380422
"958",320,320,1,6.13654753808383,22.5346123004983,24.886772412719,26.611018390968,29.328643462831,31.815802545597,36.9440483741082,38.9408466935445,43.2125962403729,1,1,1,1,1,1,1,1,0.790322580645161,0.774193548387097,0.741935483870968,0.725806451612903,0.693548387096774,0.645161290322581,0.629032258064516,0.580645161290323,0,0,0,0,0,0,0,0,2958,2.911618,-3.22492953808383
"959",320,320,2,6.12194186361155,22.520006626026,24.8721667382467,26.5964127164957,29.3140377883587,31.8011968711247,36.9294426996359,38.9262410190722,43.1979905659007,1,1,1,1,1,1,1,1,0.790322580645161,0.774193548387097,0.741935483870968,0.725806451612903,0.693548387096774,0.645161290322581,0.629032258064516,0.580645161290323,0,0,0,0,0,0,0,0,2959,2.907206,-3.21473586361155
"960",320,320,3,6.12205557518643,22.5201203376009,24.8722804498216,26.5965264280706,29.3141514999336,31.8013105826996,36.9295564112108,38.926354730647,43.1981042774755,1,1,1,1,1,1,1,1,0.80327868852459,0.786885245901639,0.754098360655738,0.737704918032787,0.704918032786885,0.655737704918033,0.639344262295082,0.590163934426229,0,0,0,0,0,0,0,0,2960,3.50018,-2.62187557518643
"961",321,321,1,6.10711041443424,22.5050012957419,24.8571364662265,26.5813641609888,29.2989604158139,31.7860931253474,36.914284575182,38.9110617210525,43.1827659712835,1,1,1,1,1,1,1,1,0.790322580645161,0.774193548387097,0.741935483870968,0.725806451612903,0.693548387096774,0.645161290322581,0.629032258064516,0.580645161290323,0,0,0,0,0,0,0,0,2961,2.693441,-3.41366941443424
"962",321,321,2,6.12790403657752,22.5257949178852,24.8779300883698,26.6021577831321,29.3197540379571,31.8068867474906,36.9350781973252,38.9318553431958,43.2035595934268,1,1,1,1,1,1,1,1,0.790322580645161,0.774193548387097,0.741935483870968,0.725806451612903,0.693548387096774,0.645161290322581,0.629032258064516,0.580645161290323,0,0,0,0,0,0,0,0,2962,2.79858,-3.32932403657752
"963",321,321,3,6.12519408870277,22.5230849700104,24.8752201404951,26.5994478352574,29.3170440900824,31.8041767996159,36.9323682494505,38.9291453953211,43.2008496455521,1,1,1,1,1,1,1,1,0.790322580645161,0.774193548387097,0.741935483870968,0.725806451612903,0.693548387096774,0.645161290322581,0.629032258064516,0.580645161290323,0,0,0,0,0,0,0,0,2963,2.339982,-3.78521208870277
"964",322,322,1,6.13662409939974,22.5347116305025,24.886875008694,26.611123381056,29.3287522263374,31.81591476252,36.9441677115928,38.9409688035806,43.2127242817269,1,1,1,1,1,1,1,1,0.790322580645161,0.774193548387097,0.741935483870968,0.725806451612903,0.693548387096774,0.645161290322581,0.629032258064516,0.580645161290323,0,0,0,0,0,0,0,0,2964,2.706226,-3.43039809939974
"965",322,322,2,6.12718488910892,22.5252724202117,24.8774357984032,26.6016841707652,29.3193130160466,31.8064755522292,36.934728501302,38.9315295932898,43.2032850714361,1,1,1,1,1,1,1,1,0.80327868852459,0.786885245901639,0.754098360655738,0.737704918032787,0.704918032786885,0.655737704918033,0.639344262295082,0.590163934426229,0,0,0,0,0,0,0,0,2965,3.233517,-2.89366788910892
"966",322,322,3,6.11359501286943,22.5116825439722,24.8638459221637,26.5880942945257,29.3057231398071,31.7928856759897,36.9211386250625,38.9179397170503,43.1896951951966,1,1,1,1,1,1,1,1,0.790322580645161,0.774193548387097,0.741935483870968,0.725806451612903,0.693548387096774,0.645161290322581,0.629032258064516,0.580645161290323,0,0,0,0,0,0,0,0,2966,2.182297,-3.93129801286943
"967",323,323,1,6.13885932777567,22.5371760233377,24.8893722731825,26.6136447420402,29.3313115663812,31.8185088608401,36.9468334776188,38.9436624750462,43.2154776512843,1,1,1,1,1,1,1,1,0.790322580645161,0.774193548387097,0.741935483870968,0.725806451612903,0.693548387096774,0.645161290322581,0.629032258064516,0.580645161290323,0,0,0,0,0,0,0,0,2967,2.765882,-3.37297732777567
"968",323,323,2,6.12380285202014,22.5221195475821,24.874315797427,26.5985882662846,29.3162550906256,31.8034523850846,36.9317770018633,38.9286059992907,43.2004211755288,0,0,0,0,1,1,1,1,0,0,0,0,0.977272727272727,0.909090909090909,0.886363636363636,0.818181818181818,0,0,0,0,0,0,0,0,2968,30.715507,24.5917041479799
"969",323,323,3,5.40270335290946,21.8010200484714,24.1532162983163,25.877488767174,28.595155591515,31.0823528859739,36.2106775027526,38.20750650018,42.4793216764181,1,1,1,1,1,1,1,1,0.806451612903226,0.774193548387097,0.758064516129032,0.725806451612903,0.709677419354839,0.645161290322581,0.629032258064516,0.580645161290323,1,1,1,1,0,0,0,0,2969,2.248699,-3.15400435290946
"970",324,324,1,6.13725473404469,22.5320527895255,24.8837443209801,26.6076468070931,29.3247304928356,31.8113941012918,36.9386183167987,38.9350188481417,43.205917407121,1,1,1,1,1,1,1,1,0.790322580645161,0.774193548387097,0.741935483870968,0.725806451612903,0.693548387096774,0.645161290322581,0.629032258064516,0.580645161290323,1,1,1,1,0,0,0,0,2970,2.901364,-3.23589073404469
"971",324,324,2,6.12043487114859,22.5152329266294,24.866924458084,26.590826944197,29.3079106299395,31.7945742383957,36.9217984539026,38.9181989852456,43.1890975442249,1,1,1,1,1,1,1,1,0.942307692307692,0.923076923076923,0.884615384615385,0.865384615384615,0.826923076923077,0.769230769230769,0.75,0.692307692307692,0,0,0,0,0,0,0,0,2971,17.593346,11.4729111288514
"972",324,324,3,5.74180705609501,22.1366051115758,24.4882966430305,26.2121991291434,28.9292828148859,31.4159464233421,36.543170638849,38.539571170192,42.8104697291713,1,1,1,1,1,1,1,1,0.790322580645161,0.774193548387097,0.758064516129032,0.725806451612903,0.693548387096774,0.645161290322581,0.629032258064516,0.580645161290323,0,0,0,0,0,0,0,0,2972,2.400288,-3.34151905609501
"973",325,325,1,6.14016098076153,22.5399953070244,24.8924092478255,26.6168412945767,29.3347596334289,31.822187112915,36.9509863456574,38.9480001455281,43.2202106695315,1,1,1,1,1,1,1,1,0.790322580645161,0.774193548387097,0.741935483870968,0.725806451612903,0.693548387096774,0.645161290322581,0.629032258064516,0.580645161290323,0,0,0,0,0,0,0,0,2973,2.603589,-3.53657198076153
"974",325,325,2,6.13486322838266,22.5346975546455,24.8871114954467,26.6115435421979,29.32946188105,31.8168893605361,36.9456885932786,38.9427023931493,43.2149129171526,1,1,1,1,1,1,1,1,0.790322580645161,0.774193548387097,0.741935483870968,0.725806451612903,0.693548387096774,0.645161290322581,0.629032258064516,0.580645161290323,0,0,0,0,0,0,0,0,2974,2.759832,-3.37503122838266
"975",325,325,3,6.13079174459787,22.5306260708608,24.8830400116619,26.6074720584131,29.3253903972653,31.8128178767513,36.9416171094938,38.9386309093645,43.2108414333678,1,1,1,1,1,1,1,1,0.790322580645161,0.774193548387097,0.741935483870968,0.725806451612903,0.693548387096774,0.645161290322581,0.629032258064516,0.580645161290323,0,0,0,0,0,0,0,0,2975,2.26357,-3.86722174459787
"976",326,326,1,6.14213413867014,22.5422903540926,24.8947504671008,26.6192163602904,29.3371880453186,31.8246643470016,36.9535642456924,38.9506172421233,43.2229116193064,1,1,1,1,1,1,1,1,0.790322580645161,0.774193548387097,0.741935483870968,0.725806451612903,0.693548387096774,0.645161290322581,0.629032258064516,0.580645161290323,0,0,0,0,0,0,0,0,2976,2.662988,-3.47914613867014
"977",326,326,2,6.13170198529112,22.5318582007136,24.8843183137218,26.6087842069113,29.3267558919396,31.8142321936226,36.9431320923133,38.9401850887443,43.2124794659273,1,1,1,1,1,1,1,1,0.790322580645161,0.774193548387097,0.741935483870968,0.725806451612903,0.693548387096774,0.645161290322581,0.629032258064516,0.580645161290323,0,0,0,0,0,0,0,0,2977,2.705422,-3.42627998529112
"978",326,326,3,6.13059367771238,22.5307498931348,24.883210006143,26.6076758993326,29.3256475843609,31.8131238860438,36.9420237847346,38.9390767811655,43.2113711583486,1,1,1,1,1,1,1,1,0.790322580645161,0.774193548387097,0.741935483870968,0.725806451612903,0.693548387096774,0.645161290322581,0.629032258064516,0.580645161290323,0,0,0,0,0,0,0,0,2978,2.117904,-4.01268967771238
"979",327,327,1,6.14425773359633,22.5446183737081,24.8971078096643,26.6215951979787,29.3396007619841,31.827108069565,36.9560718989741,38.9531497882739,43.2254974187577,1,1,1,1,1,1,1,1,0.790322580645161,0.774193548387097,0.741935483870968,0.725806451612903,0.693548387096774,0.645161290322581,0.629032258064516,0.580645161290323,0,0,0,0,0,0,0,0,2979,2.500428,-3.64382973359633
"980",327,327,2,6.1342628329322,22.534623473044,24.8871129090002,26.6116002973145,29.3296058613199,31.8171131689009,36.94607699831,38.9431548876098,43.2155025180936,0,0,0,0,1,1,1,1,0,0,0,0,0.977272727272727,0.909090909090909,0.886363636363636,0.818181818181818,0,0,0,0,0,0,0,0,2980,29.863345,23.7290821670678
"981",327,327,3,5.41930210551202,21.8196627456238,24.17215218158,25.8966395698944,28.6146451338997,31.1021524414807,36.2311162708898,38.2281941601896,42.5005417906734,1,1,1,1,1,1,1,1,0.806451612903226,0.774193548387097,0.758064516129032,0.725806451612903,0.709677419354839,0.645161290322581,0.629032258064516,0.580645161290323,1,1,1,1,0,0,0,0,2981,2.707737,-2.71156510551202
"982",328,328,1,6.12826238793719,22.5167421414943,24.8675273673588,26.5907654880824,29.3068020517426,31.792507338455,36.9177556009484,38.9133867503646,43.1826393710109,1,1,1,1,1,1,1,1,0.790322580645161,0.774193548387097,0.741935483870968,0.725806451612903,0.693548387096774,0.645161290322581,0.629032258064516,0.580645161290323,1,1,1,1,0,0,0,0,2982,2.577362,-3.55090038793719
"983",328,328,2,6.13165305746413,22.5201328110212,24.8709180368857,26.5941561576093,29.3101927212695,31.7958980079819,36.9211462704753,38.9167774198915,43.1860300405378,1,1,1,1,1,1,1,1,0.790322580645161,0.774193548387097,0.741935483870968,0.725806451612903,0.693548387096774,0.645161290322581,0.629032258064516,0.580645161290323,0,0,0,0,0,0,0,0,2983,2.770733,-3.36092005746413
"984",328,328,3,6.12662404763024,22.5151038011873,24.8658890270518,26.5891271477754,29.3051637114356,31.790868998148,36.9161172606414,38.9117484100576,43.1810010307039,1,1,1,1,1,1,1,1,0.790322580645161,0.774193548387097,0.741935483870968,0.725806451612903,0.693548387096774,0.645161290322581,0.629032258064516,0.580645161290323,0,0,0,0,0,0,0,0,2984,2.151099,-3.97552504763024
"985",329,329,1,6.14266636516445,22.5311889663332,24.8819803383159,26.6052229644383,29.3212666291647,31.8069784147432,36.9322400771767,38.9278764441622,43.1971402267515,1,1,1,1,1,1,1,1,0.790322580645161,0.774193548387097,0.741935483870968,0.725806451612903,0.693548387096774,0.645161290322581,0.629032258064516,0.580645161290323,0,0,0,0,0,0,0,0,2985,2.515022,-3.62764436516445
"986",329,329,2,6.13320193454618,22.5217245357149,24.8725159076976,26.59575853382,29.3118021985465,31.7975139841249,36.9227756465584,38.9184120135439,43.1876757961333,1,1,1,1,1,1,1,1,0.790322580645161,0.774193548387097,0.741935483870968,0.725806451612903,0.693548387096774,0.645161290322581,0.629032258064516,0.580645161290323,0,0,0,0,0,0,0,0,2986,2.695273,-3.43792893454618
"987",329,329,3,6.12851420367077,22.5170368048395,24.8678281768222,26.5910708029446,29.307114467671,31.7928262532495,36.918087915683,38.9137242826685,43.1829880652579,1,1,1,1,1,1,1,1,0.790322580645161,0.774193548387097,0.741935483870968,0.725806451612903,0.693548387096774,0.645161290322581,0.629032258064516,0.580645161290323,0,0,0,0,0,0,0,0,2987,2.092493,-4.03602120367077
"988",330,330,1,6.1421935633458,22.5309276820468,24.8817493943842,26.6050142614393,29.3210929806284,31.8068368479043,36.9321646592351,38.9278267827876,43.1971456663865,1,1,1,1,1,1,1,1,0.790322580645161,0.774193548387097,0.741935483870968,0.725806451612903,0.693548387096774,0.645161290322581,0.629032258064516,0.580645161290323,0,0,0,0,0,0,0,0,2988,2.474831,-3.6673625633458
"989",330,330,2,6.13231432486314,22.5210484435642,24.8718701559016,26.5951350229567,29.3112137421458,31.7969576094216,36.9222854207525,38.9179475443049,43.1872664279038,1,1,1,1,1,1,1,1,0.790322580645161,0.774193548387097,0.741935483870968,0.725806451612903,0.693548387096774,0.645161290322581,0.629032258064516,0.580645161290323,0,0,0,0,0,0,0,0,2989,2.515988,-3.61632632486314
"990",330,330,3,6.13125086839732,22.5199849870983,24.8708066994358,26.5940715664908,29.3101502856799,31.7958941529558,36.9212219642867,38.9168840878391,43.186202971438,1,1,1,1,1,1,1,1,0.790322580645161,0.774193548387097,0.741935483870968,0.725806451612903,0.693548387096774,0.645161290322581,0.629032258064516,0.580645161290323,0,0,0,0,0,0,0,0,2990,2.613971,-3.51727986839732
"991",331,331,1,6.12858225229661,22.5173963284856,24.8682295100309,26.5915027845645,29.3075947549803,31.7933507497233,36.9187035665448,38.9143754265497,43.1837151393359,1,1,1,1,1,1,1,1,0.790322580645161,0.774193548387097,0.741935483870968,0.725806451612903,0.693548387096774,0.645161290322581,0.629032258064516,0.580645161290323,0,0,0,0,0,0,0,0,2991,2.968637,-3.15994525229661
"992",331,331,2,6.11941827068574,22.5082323468747,24.85906552842,26.5823388029536,29.2984307733695,31.7841867681125,36.9095395849339,38.9052114449388,43.174551157725,0,0,0,0,0,0,0,0,0,0,0,0,0,0,0,0,0,0,0,0,0,0,0,0,2992,76.551751,70.4323327293143
"993",331,331,3,4.21815256276151,20.6069666389505,22.9577998204958,24.6810730950294,27.3971650654452,29.8829210601882,35.0082738770097,37.0039457370146,41.2732854498008,1,1,1,1,1,1,1,1,0.806451612903226,0.790322580645161,0.774193548387097,0.741935483870968,0.709677419354839,0.661290322580645,0.645161290322581,0.596774193548387,1,1,1,1,1,1,1,1,2993,2.397414,-1.82073856276151
"994",332,332,1,6.17818435113031,22.7696242287941,25.1495223234766,26.8941015709005,29.6437743916345,32.1602634399325,37.3489844002646,39.3693300779255,43.6914544752564,1,1,1,1,1,1,1,1,0.80327868852459,0.770491803278688,0.754098360655738,0.737704918032787,0.704918032786885,0.655737704918033,0.622950819672131,0.590163934426229,1,1,1,1,1,1,1,1,2994,3.139103,-3.03908135113031
"995",332,332,2,6.15753000779591,22.7489698854597,25.1288679801422,26.8734472275661,29.6231200483001,32.1396090965981,37.3283300569302,39.3486757345911,43.670800131922,1,1,1,1,1,1,1,1,0.790322580645161,0.758064516129032,0.741935483870968,0.725806451612903,0.693548387096774,0.645161290322581,0.612903225806452,0.580645161290323,0,0,0,0,0,0,0,0,2995,2.522923,-3.63460700779591
"996",332,332,3,6.1746892123625,22.7661290900263,25.1460271847087,26.8906064321327,29.6402792528667,32.1567683011647,37.3454892614968,39.3658349391577,43.6879593364886,1,1,1,1,1,1,1,1,0.790322580645161,0.758064516129032,0.741935483870968,0.725806451612903,0.693548387096774,0.645161290322581,0.612903225806452,0.580645161290323,0,0,0,0,0,0,0,0,2996,2.43597,-3.7387192123625
"997",333,333,1,6.16192564514348,22.738978618709,25.1168130368266,26.8598795105245,29.60716801263,32.1214749425062,37.3056966169777,39.3242903960858,43.642666957806,1,1,1,1,1,1,1,1,0.790322580645161,0.758064516129032,0.741935483870968,0.725806451612903,0.693548387096774,0.645161290322581,0.612903225806452,0.580645161290323,0,0,0,0,0,0,0,0,2997,3.041206,-3.12071964514348
"998",333,333,2,6.14537356967899,22.7224265432445,25.1002609613621,26.84332743506,29.5906159371656,32.1049228670417,37.2891445415132,39.3077383206213,43.6261148823415,1,1,1,1,1,1,1,1,0.790322580645161,0.758064516129032,0.741935483870968,0.725806451612903,0.693548387096774,0.645161290322581,0.612903225806452,0.580645161290323,0,0,0,0,0,0,0,0,2998,2.463317,-3.68205656967899
"999",333,333,3,6.16117775571237,22.7382307292779,25.1160651473955,26.8591316210934,29.6064201231989,32.120727053075,37.3049487275466,39.3235425066547,43.6419190683749,1,1,1,1,1,1,1,1,0.790322580645161,0.758064516129032,0.741935483870968,0.725806451612903,0.693548387096774,0.645161290322581,0.612903225806452,0.580645161290323,0,0,0,0,0,0,0,0,2999,2.525741,-3.63543675571237
