"","quantile","score1.n","score1.w","score1_adj.n","score1_adj.w","score2.n","score2.w","score2_adj.n","score2_adj.w"
"1",0.9999,1,33,1,33,0.943304007820137,33,0.943304007820137,33
"2",0.9999,1,10,1,10,0.0152536505139615,33,0.0152536505139615,33
"3",0.9999,1,33,1,33,0.476238321065907,33,0.476238321065907,33
"4",0.9999,1,33,1,33,0.324505772457034,33,0.324505772457034,33
"5",0.9999,1,33,1,33,0.625524717938511,33,0.625524717938511,33
"6",0.9999,0.96969696969697,33,0.967741935483871,31,0.713231695932845,33,0.670931297310608,33
"7",0.9999,1,33,1,33,0.810512348443383,33,0.810512348443383,33
"8",0.9999,1,33,1,33,0.665433597904862,33,0.665433597904862,33
"9",0.9999,0.939393939393939,33,0.931034482758621,29,0.798983774845844,33,0.697293128327611,33
"10",0.9999,1,33,1,33,0.611912778579445,33,0.611912778579445,33
"11",0.9999,1,33,1,33,0.729159729159729,33,0.729159729159729,33
"12",0.9999,1,33,1,33,0.802632852460439,33,0.802632852460439,33
"13",0.9999,0.96969696969697,33,0.967741935483871,31,0.82193713055782,33,0.765660074280764,33
"14",0.9999,1,33,1,33,0.740524294903242,33,0.740524294903242,33
"15",0.9999,1,33,1,33,0.952908394287705,33,0.952908394287705,33
"16",0.9999,0.96969696969697,33,0.967741935483871,31,0.434336842803064,33,0.403392478525367,33
"17",0.9999,1,33,1,33,0.357080917453658,33,0.357080917453658,33
"18",0.9999,1,33,1,33,0.89718863511967,33,0.89718863511967,33
"19",0.9999,1,33,1,33,0.856496185806531,33,0.856496185806531,33
"20",0.9999,1,33,1,33,0.840284619594964,33,0.840284619594964,33
"21",0.9999,0.96969696969697,33,0.96969696969697,33,0.885891169762138,33,0.885891169762138,33
"22",0.9999,0.96969696969697,33,0.967741935483871,31,0.878650801676386,33,0.824887360816171,33
"23",0.9999,1,33,1,33,0.910567210567211,33,0.910567210567211,33
"24",0.9999,1,33,1,33,0.955067920585162,33,0.955067920585162,33
"25",0.9999,0.96969696969697,33,0.967741935483871,31,0.649699695220117,33,0.609225386919722,33
"26",0.9999,0.96969696969697,33,0.967741935483871,31,0.767218413770138,33,0.717434863986588,33
"27",0.9999,1,33,1,33,0.907850473590184,33,0.907850473590184,33
"28",0.9999,1,33,1,33,0.880179997977551,33,0.880179997977551,33
"29",0.9999,1,33,1,33,0.69447815625235,33,0.69447815625235,33
"30",0.9999,1,33,1,33,0.692141228458751,33,0.692141228458751,33
"31",0.9999,1,33,1,33,0.824285873562848,33,0.824285873562848,33
"32",0.9999,1,33,1,33,0.136589078710291,33,0.136589078710291,33
"33",0.9999,1,33,1,33,0.896783824258796,33,0.896783824258796,33
"34",0.9999,1,33,1,33,0.913450410669543,33,0.913450410669543,33
"35",0.9999,1,33,1,33,0.814717067219848,33,0.814717067219848,33
"36",0.9999,0.96969696969697,33,0.967741935483871,31,0.759530791788856,33,0.713587487781036,33
"37",0.9999,1,33,1,33,0.525317704380183,33,0.525317704380183,33
"38",0.9999,1,33,1,33,0.656900043059463,33,0.656900043059463,33
"39",0.9999,1,33,1,33,0.642364487364487,33,0.642364487364487,33
"40",0.9999,0.96969696969697,33,0.967741935483871,31,0.755598290598291,33,0.71519425019425,33
"41",0.9999,1,33,1,33,0.579880965664892,33,0.579880965664892,33
"42",0.9999,1,33,1,33,0.770758815442263,33,0.770758815442263,33
"43",0.9999,1,33,1,33,0.757411724078391,33,0.757411724078391,33
"44",0.9999,1,33,1,33,0.910909312058737,33,0.910909312058737,33
"45",0.9999,0.96969696969697,33,0.967741935483871,31,0.900104493207942,33,0.843573667711599,33
"46",0.9999,1,33,1,33,0.490448406916181,33,0.490448406916181,33
"47",0.9999,1,33,1,33,0.906677453062325,33,0.906677453062325,33
"48",0.9999,1,33,1,33,0.220939178123929,33,0.220939178123929,33
"49",0.9999,0.939393939393939,33,0.931034482758621,29,0.86376669925057,33,0.752394916911046,33
"50",0.9999,0.96969696969697,33,0.967741935483871,31,0.380942946533058,33,0.359057424647536,33
"51",0.9999,1,33,1,33,0.906018311190725,33,0.906018311190725,33
"52",0.9999,0.96969696969697,33,0.967741935483871,31,0.260205251498241,33,0.242567333860324,33
"53",0.9999,0.939393939393939,33,0.931034482758621,29,0.781872113796474,33,0.670772238514174,33
"54",0.9999,1,33,1,33,0.933508612262784,33,0.933508612262784,33
"55",0.9999,1,33,1,33,0.69748718714236,33,0.69748718714236,33
"56",0.9999,0.96969696969697,33,0.967741935483871,31,0.375694909340634,33,0.346907030552756,33
"57",0.9999,0.96969696969697,33,0.967741935483871,31,0.529303964561993,33,0.489727598898671,33
"58",0.9999,0.96969696969697,33,0.967741935483871,31,0.409928537010917,33,0.382699727173411,33
"59",0.9999,1,33,1,33,0.71461038961039,33,0.71461038961039,33
"60",0.9999,1,33,1,33,0.618600339054884,33,0.618600339054884,33
"61",0.9999,1,33,1,33,0.779963240536363,33,0.779963240536363,33
"62",0.9999,1,33,1,33,0.908975340565997,33,0.908975340565997,33
"63",0.9999,1,5,1,5,0.0145578592947014,33,0.0145578592947014,33
"64",0.9999,0.939393939393939,33,0.96551724137931,29,0.883992314693093,33,0.80015393085471,33
"65",0.9999,1,33,1,33,0.628643208643209,33,0.628643208643209,33
"66",0.9999,1,33,1,33,0.752672869914249,33,0.752672869914249,33
"67",0.9999,1,13,1,13,0.0240010946907499,33,0.0240010946907499,33
"68",0.9999,1,33,1,33,0.818994819569532,33,0.818994819569532,33
"69",0.9999,1,33,1,33,0.542513847420846,33,0.542513847420846,33
"70",0.9999,1,33,1,33,0.790049749753124,33,0.790049749753124,33
"71",0.9999,0.96969696969697,33,0.967741935483871,31,0.911045943304008,33,0.854349951124145,33
"72",0.9999,1,33,1,33,0.796301353934583,33,0.796301353934583,33
"73",0.9999,1,33,1,33,0.618075547640765,33,0.618075547640765,33
"74",0.9999,0.96969696969697,33,0.967741935483871,31,0.308116996713488,33,0.279078884190802,33
"75",0.9999,0.96969696969697,33,0.967741935483871,31,0.695192730219081,33,0.653122023148374,33
"76",0.9999,0.939393939393939,33,0.96551724137931,29,0.698787700167011,33,0.637056328090811,33
"77",0.9999,0.96969696969697,33,0.967741935483871,31,0.673327446963811,33,0.633462127098491,33
"78",0.9999,1,33,1,33,0.359760367915817,33,0.359760367915817,33
"79",0.9999,1,33,1,33,0.620190725453883,33,0.620190725453883,33
"80",0.9999,1,33,1,33,0.939328771586836,33,0.939328771586836,33
"81",0.9999,1,33,1,33,0.660218772287738,33,0.660218772287738,33
"82",0.9999,1,27,1,27,0.0870482648319736,33,0.0870482648319736,33
"83",0.9999,1,33,1,33,0.934245682632779,33,0.934245682632779,33
"84",0.9999,1,33,1,33,0.932529730805593,33,0.932529730805593,33
"85",0.9999,1,33,1,33,0.811187893390341,33,0.811187893390341,33
"86",0.9999,1,33,1,33,0.75210289806946,33,0.75210289806946,33
"87",0.9999,1,33,1,33,0.91027628903046,33,0.91027628903046,33
"88",0.9999,1,33,1,33,0.889931573802542,33,0.889931573802542,33
"89",0.9999,1,33,1,33,0.901028961151319,33,0.901028961151319,33
"90",0.9999,1,33,1,33,0.930819878428332,33,0.930819878428332,33
"91",0.9999,0.96969696969697,33,0.967741935483871,31,0.87200344458409,33,0.815509938090583,33
"92",0.9999,1,33,1,33,0.828768251756758,33,0.828768251756758,33
"93",0.9999,1,33,1,33,0.82025382025382,33,0.82025382025382,33
"94",0.9999,0.96969696969697,33,0.967741935483871,31,0.46993516816622,33,0.432336963901349,33
"95",0.9999,1,33,1,33,0.849621327874943,33,0.849621327874943,33
"96",0.9999,1,33,1,33,0.889083139083139,33,0.889083139083139,33
"97",0.9999,1,33,1,33,0.886803519061584,33,0.886803519061584,33
"98",0.9999,0.96969696969697,33,0.967741935483871,31,0.941348973607038,33,0.883675464320626,33
"99",0.9999,0.939393939393939,33,0.935483870967742,31,0.737679641463609,32,0.701846308130275,32
"100",0.9999,1,33,1,33,0.841320344193907,33,0.841320344193907,33
"101",0.9999,1,33,1,33,0.714193098953944,33,0.714193098953944,33
"102",0.9999,0.96969696969697,33,0.967741935483871,31,0.55115446769597,33,0.52024757265864,33
"103",0.9999,1,33,1,33,0.833141494246426,33,0.833141494246426,33
"104",0.9999,0.666666666666667,3,0.666666666666667,3,0.00344122023809524,32,0.00344122023809524,32
"105",0.9999,1,33,1,33,0.937234413096482,33,0.937234413096482,33
"106",0.9999,1,33,1,33,0.898056979206404,33,0.898056979206404,33
"107",0.9999,1,33,1,33,0.901183427045496,33,0.901183427045496,33
"108",0.9999,1,33,1,33,0.762796590382797,33,0.762796590382797,33
"109",0.9999,1,33,1,33,0.910524600847181,33,0.910524600847181,33
"110",0.9999,1,33,1,33,0.334312926105074,33,0.334312926105074,33
"111",0.9999,1,33,1,33,0.338933335783069,33,0.338933335783069,33
"112",0.9999,1,33,1,33,0.813138202793375,33,0.813138202793375,33
"113",0.9999,1,33,1,33,0.96969696969697,33,0.96969696969697,33
"114",0.9999,1,33,1,33,0.926817435438125,33,0.926817435438125,33
"115",0.9999,1,33,1,33,0.91945034325457,33,0.91945034325457,33
"116",0.9999,1,24,1,24,0.0553829977134227,33,0.0553829977134227,33
"117",0.9999,0.96969696969697,33,0.967741935483871,31,0.913096482061999,33,0.854510623476141,33
"118",0.9999,1,33,1,33,0.938279345175897,33,0.938279345175897,33
"119",0.9999,1,33,1,33,0.948550016291952,33,0.948550016291952,33
"120",0.9999,0.96969696969697,33,0.967741935483871,31,0.787135012062548,33,0.740598215525752,33
"121",0.9999,1,33,1,33,0.831832180165514,33,0.831832180165514,33
"122",0.9999,1,33,1,33,0.788306749611097,33,0.788306749611097,33
"123",0.9999,1,33,1,33,0.742126392126392,33,0.742126392126392,33
"124",0.9999,1,33,1,33,0.638231854028955,33,0.638231854028955,33
"125",0.9999,1,33,1,33,0.844144255063795,33,0.844144255063795,33
"126",0.9999,0.96969696969697,33,0.967741935483871,31,0.861336364784641,33,0.805142558590835,33
"127",0.9999,1,33,1,33,0.922872295174854,33,0.922872295174854,33
"128",0.9999,0.96969696969697,33,0.967741935483871,31,0.497855515391747,33,0.466475044011276,33
"129",0.9999,1,33,1,33,0.92517539931333,33,0.92517539931333,33
"130",0.9999,1,33,1,33,0.865154966156078,33,0.865154966156078,33
"131",0.9999,0.96969696969697,33,0.967741935483871,31,0.913032582572813,33,0.855836692043589,33
"132",0.9999,0.96969696969697,33,0.967741935483871,31,0.728734013022551,33,0.684542093830631,33
"133",0.9999,1,33,1,33,0.940488309120122,33,0.940488309120122,33
"134",0.9999,1,33,1,33,0.875262361061397,33,0.875262361061397,33
"135",0.9999,1,33,1,33,0.929872698059572,33,0.929872698059572,33
"136",0.9999,1,33,1,33,0.853748210070049,33,0.853748210070049,33
"137",0.9999,0.96969696969697,33,0.967741935483871,31,0.731176799767504,33,0.689329757920463,33
"138",0.9999,0.96969696969697,33,0.967741935483871,31,0.792299764943443,33,0.742716632026977,33
"139",0.9999,1,33,1,33,0.915621734587252,33,0.915621734587252,33
"140",0.9999,1,33,1,33,0.844640302226509,33,0.844640302226509,33
"141",0.9999,1,33,1,33,0.65303301636635,33,0.65303301636635,33
"142",0.9999,0.96969696969697,33,0.967741935483871,31,0.888556845453397,33,0.832205151170668,33
"143",0.9999,1,33,1,33,0.703473207392145,33,0.703473207392145,33
"144",0.9999,1,33,1,33,0.258827383769913,33,0.258827383769913,33
"145",0.9999,0.96969696969697,33,0.967741935483871,31,0.701169146577783,33,0.658380145455448,33
"146",0.9999,1,33,1,33,0.886694531522118,33,0.886694531522118,33
"147",0.9999,1,33,1,33,0.710456855397567,33,0.710456855397567,33
"148",0.9999,1,33,1,33,0.879798362556983,33,0.879798362556983,33
"149",0.9999,1,33,1,33,0.898732357742369,33,0.898732357742369,33
"150",0.9999,NA,0,NA,0,0,33,0,33
"151",0.9999,0.96969696969697,33,0.967741935483871,31,0.882565364434107,33,0.826846889360794,33
"152",0.9999,1,33,1,33,0.90971000325839,33,0.90971000325839,33
"153",0.9999,1,33,1,33,0.933163672318289,33,0.933163672318289,33
"154",0.9999,1,33,1,33,0.765194269880959,33,0.765194269880959,33
"155",0.9999,1,33,1,33,0.346721348967726,33,0.346721348967726,33
"156",0.9999,1,33,1,33,0.93430860327412,33,0.93430860327412,33
"157",0.9999,1,33,1,33,0.810744279135084,33,0.810744279135084,33
"158",0.9999,1,33,1,33,0.775272407456315,33,0.775272407456315,33
"159",0.9999,1,33,1,33,0.337376902851211,33,0.337376902851211,33
"160",0.9999,0.96969696969697,33,0.96875,32,0.734444567777901,33,0.708630875297542,33
"161",0.9999,1,33,1,33,0.730941897608564,33,0.730941897608564,33
"162",0.9999,1,33,1,33,0.773411832952063,33,0.773411832952063,33
"163",0.9999,1,33,1,33,0.96969696969697,33,0.96969696969697,33
"164",0.9999,1,33,1,33,0.937145650048876,33,0.937145650048876,33
"165",0.9999,0.96969696969697,33,0.96969696969697,33,0.577919664233876,33,0.577919664233876,33
"166",0.9999,1,33,1,33,0.892131495579771,33,0.892131495579771,33
"167",0.9999,1,32,1,32,0.229288242134092,33,0.229288242134092,33
"168",0.9999,0.96969696969697,33,0.967741935483871,31,0.705367634853801,33,0.670575266728099,33
"169",0.9999,1,21,1,21,0.0666365110637556,33,0.0666365110637556,33
"170",0.9999,0.96969696969697,33,0.967741935483871,31,0.929618768328446,33,0.871945259042033,33
"171",0.9999,1,33,1,33,0.931034482758621,33,0.931034482758621,33
"172",0.9999,1,33,1,33,0.594705239417883,33,0.594705239417883,33
"173",0.9999,0.96969696969697,33,0.967741935483871,31,0.87978526369331,33,0.823358931404908,33
"174",0.9999,1,33,1,33,0.938805181964248,33,0.938805181964248,33
"175",0.9999,0.96969696969697,33,0.96969696969697,33,0.702593799947623,33,0.702593799947623,33
"176",0.9999,0.96969696969697,33,0.967741935483871,31,0.935872630644599,33,0.879306974078943,33
"177",0.9999,1,33,1,33,0.952555589263042,33,0.952555589263042,33
"178",0.9999,1,33,1,33,0.336530470290673,33,0.336530470290673,33
"179",0.9999,1,33,1,33,0.749242424242424,33,0.749242424242424,33
"180",0.9999,1,33,1,33,0.220898922807078,33,0.220898922807078,33
"181",0.9999,1,33,1,33,0.402176793843114,33,0.402176793843114,33
"182",0.9999,1,33,1,33,0.781967632197517,33,0.781967632197517,33
"183",0.9999,1,33,1,33,0.804381548634422,33,0.804381548634422,33
"184",0.9999,1,33,1,33,0.38361899628698,33,0.38361899628698,33
"185",0.9999,1,33,1,33,0.884879463633635,33,0.884879463633635,33
"186",0.9999,1,33,1,33,0.929612026831159,33,0.929612026831159,33
"187",0.9999,1,33,1,33,0.902949164295104,33,0.902949164295104,33
"188",0.9999,1,33,1,33,0.907077120410454,33,0.907077120410454,33
"189",0.9999,1,33,1,33,0.925001966270042,33,0.925001966270042,33
"190",0.9999,0.96969696969697,33,0.967741935483871,31,0.86119257086999,33,0.806451612903226,33
"191",0.9999,1,33,1,33,0.936454646577005,33,0.936454646577005,33
"192",0.9999,0.96969696969697,33,0.967741935483871,31,0.91466275659824,33,0.857966764418377,33
"193",0.9999,0.96969696969697,33,0.967741935483871,31,0.882283106421037,33,0.822799380270645,33
"194",0.9999,1,33,1,33,0.935483870967742,33,0.935483870967742,33
"195",0.9999,1,33,1,33,0.955392636037797,33,0.955392636037797,33
"196",0.9999,0.96969696969697,33,0.967741935483871,31,0.321946419020722,33,0.309039572780543,33
"197",0.9999,1,33,1,33,0.913233318405732,33,0.913233318405732,33
"198",0.9999,1,33,1,33,0.407777833178903,33,0.407777833178903,33
"199",0.9999,1,33,1,33,0.817695841833773,33,0.817695841833773,33
"200",0.9999,1,18,1,18,0.0651054733801708,33,0.0651054733801708,33
"201",0.9999,0.96969696969697,33,0.967741935483871,31,0.750607468216164,33,0.704850755792785,33
"202",0.9999,1,33,1,33,0.914236918686307,33,0.914236918686307,33
"203",0.9999,1,33,1,33,0.81483478962159,33,0.81483478962159,33
"204",0.9999,1,33,1,33,0.960668981247402,33,0.960668981247402,33
"205",0.9999,0.96969696969697,33,0.967741935483871,31,0.829711216837654,33,0.775638746098516,33
"206",0.9999,0.939393939393939,33,0.931034482758621,29,0.287492484392776,32,0.261543161976062,32
"207",0.9999,1,33,1,33,0.931043471421669,33,0.931043471421669,33
"208",0.9999,0.96969696969697,33,0.967741935483871,31,0.756241084142134,33,0.704143756182737,33
"209",0.9999,1,33,1,33,0.919266557197592,33,0.919266557197592,33
"210",0.9999,1,33,1,33,0.910776283412546,33,0.910776283412546,33
"211",0.9999,1,33,1,33,0.222644460802356,33,0.222644460802356,33
"212",0.9999,0.939393939393939,33,0.931034482758621,29,0.668082024403864,33,0.578535768190941,33
"213",0.9999,1,33,1,33,0.913620071684588,33,0.913620071684588,33
"214",0.9999,1,33,1,33,0.515860226729792,33,0.515860226729792,33
"215",0.9999,1,33,1,33,0.851308653032791,33,0.851308653032791,33
"216",0.9999,1,33,1,33,0.838709677419355,33,0.838709677419355,33
"217",0.9999,1,33,1,33,0.862234934759963,33,0.862234934759963,33
"218",0.9999,0.909090909090909,33,0.928571428571429,28,0.550941338724947,33,0.486447190897466,33
"219",0.9999,1,33,1,33,0.909933596251728,33,0.909933596251728,33
"220",0.9999,1,33,1,33,0.848393624255693,33,0.848393624255693,33
"221",0.9999,1,33,1,33,0.868472906403941,33,0.868472906403941,33
"222",0.9999,1,33,1,33,0.51185458379379,33,0.51185458379379,33
"223",0.9999,1,33,1,33,0.453693388734301,33,0.453693388734301,33
"224",0.9999,1,33,1,33,0.945226458129684,33,0.945226458129684,33
"225",0.9999,1,33,1,33,0.931801889866406,33,0.931801889866406,33
"226",0.9999,1,33,1,33,0.510612201442241,33,0.510612201442241,33
"227",0.9999,1,33,1,33,0.929325513196481,33,0.929325513196481,33
"228",0.9999,1,33,1,33,0.806528779862113,33,0.806528779862113,33
"229",0.9999,0.939393939393939,33,0.931034482758621,29,0.401822964303538,33,0.350377416387402,33
"230",0.9999,1,13,1,13,0.0549757790082867,33,0.0549757790082867,33
"231",0.9999,1,33,1,33,0.927498567431827,33,0.927498567431827,33
"232",0.9999,0.96969696969697,33,0.967741935483871,31,0.640023556690223,33,0.604670021336688,33
"233",0.9999,0.939393939393939,33,0.931034482758621,29,0.673579815246482,33,0.589955106621773,33
"234",0.9999,1,33,1,33,0.890215840271458,33,0.890215840271458,33
"235",0.9999,1,33,1,33,0.646337798004465,33,0.646337798004465,33
"236",0.9999,0.96969696969697,33,0.967741935483871,31,0.530047812554536,33,0.50459326709999,33
"237",0.9999,0.96969696969697,33,0.967741935483871,31,0.782299075291289,33,0.735834428826642,33
"238",0.9999,0.939393939393939,33,0.966666666666667,30,0.912023460410557,33,0.855327468230694,33
"239",0.9999,1,33,1,33,0.838557368557369,33,0.838557368557369,33
"240",0.9999,1,33,1,33,0.914194222536825,33,0.914194222536825,33
"241",0.9999,1,33,1,33,0.611022733555498,33,0.611022733555498,33
"242",0.9999,1,33,1,33,0.773869808352567,33,0.773869808352567,33
"243",0.9999,1,33,1,33,0.321359007860597,33,0.321359007860597,33
"244",0.9999,0.939393939393939,33,0.931034482758621,29,0.748068140884233,33,0.657758067815539,33
"245",0.9999,1,33,1,33,0.800694558740536,33,0.800694558740536,33
"246",0.9999,NA,0,NA,0,0,33,0,33
"247",0.9999,1,33,1,33,0.897929762872292,33,0.897929762872292,33
"248",0.9999,0.96969696969697,33,0.967741935483871,31,0.809730086856524,33,0.755697699490803,33
"249",0.9999,1,33,1,33,0.956011730205279,33,0.956011730205279,33
"250",0.9999,1,33,1,33,0.231392918082982,33,0.231392918082982,33
"251",0.9999,0.96969696969697,33,0.967741935483871,31,0.744781391448058,33,0.695387452054119,33
"252",0.9999,1,33,1,33,0.917949236525432,33,0.917949236525432,33
"253",0.9999,1,33,1,33,0.891118353762032,33,0.891118353762032,33
"254",0.9999,1,33,1,33,0.912432203811514,33,0.912432203811514,33
"255",0.9999,1,33,1,33,0.847115528150011,33,0.847115528150011,33
"256",0.9999,1,33,1,33,0.932583903551645,33,0.932583903551645,33
"257",0.9999,1,33,1,33,0.822677950069254,33,0.822677950069254,33
"258",0.9999,1,33,1,33,0.879584258282812,33,0.879584258282812,33
"259",0.9999,1,33,1,33,0.577115108385131,33,0.577115108385131,33
"260",0.9999,0.96969696969697,33,0.967741935483871,31,0.7635700825356,33,0.714868783834301,33
"261",0.9999,0.96969696969697,33,0.967741935483871,31,0.889540566959922,33,0.832844574780059,33
"262",0.9999,0.96969696969697,33,0.967741935483871,31,0.763934915659054,33,0.713778175847141,33
"263",0.9999,1,33,1,33,0.846779650950952,33,0.846779650950952,33
"264",0.9999,1,33,1,33,0.750053163326515,33,0.750053163326515,33
"265",0.9999,1,33,1,33,0.724276047864254,33,0.724276047864254,33
"266",0.9999,0.9,30,0.88,25,0.425595331403528,33,0.385381159610409,33
"267",0.9999,1,33,1,33,0.835787937052305,33,0.835787937052305,33
"268",0.9999,0.96969696969697,33,0.967741935483871,31,0.795990152886705,33,0.744788480995378,33
"269",0.9999,0.96969696969697,33,0.967741935483871,31,0.653613551199758,33,0.614951064261409,33
"270",0.9999,1,33,1,33,0.570170144882789,33,0.570170144882789,33
"271",0.9999,1,33,1,33,0.888019235738924,33,0.888019235738924,33
"272",0.9999,1,33,1,33,0.917405582922824,33,0.917405582922824,33
"273",0.9999,0.96969696969697,33,0.967741935483871,31,0.799166788936904,33,0.746719236489351,33
"274",0.9999,0.939393939393939,33,0.966666666666667,30,0.865017166741305,33,0.808590834452903,33
"275",0.9999,1,33,1,33,0.937192118226601,33,0.937192118226601,33
"276",0.9999,0.96969696969697,33,0.967741935483871,31,0.926686217008798,33,0.869990224828935,33
"277",0.9999,0.96969696969697,33,0.967741935483871,31,0.825952144917662,33,0.77350459247011,33
"278",0.9999,0.939393939393939,33,0.966666666666667,30,0.915933528836755,33,0.859237536656892,33
"279",0.9999,1,33,1,33,0.84986565158979,33,0.84986565158979,33
"280",0.9999,0.96969696969697,33,0.967741935483871,31,0.857406025222117,33,0.799934760854301,33
"281",0.9999,1,33,1,33,0.617504438663859,33,0.617504438663859,33
"282",0.9999,1,33,1,33,0.90876282288963,33,0.90876282288963,33
"283",0.9999,1,33,1,33,0.362718855218855,33,0.362718855218855,33
"284",0.9999,1,33,1,33,0.935483870967742,33,0.935483870967742,33
"285",0.9999,1,33,1,33,0.598078486009521,33,0.598078486009521,33
"286",0.9999,1,33,1,33,0.951612903225806,33,0.951612903225806,33
"287",0.9999,1,33,1,33,0.586200911290185,33,0.586200911290185,33
"288",0.9999,1,33,1,33,0.930504552918346,33,0.930504552918346,33
"289",0.9999,1,33,1,33,0.929317595984263,33,0.929317595984263,33
"290",0.9999,1,33,1,33,0.866425681598095,33,0.866425681598095,33
"291",0.9999,0.96969696969697,33,0.967741935483871,31,0.830081684475455,33,0.779576633970405,33
"292",0.9999,1,33,1,33,0.926551387063067,33,0.926551387063067,33
"293",0.9999,1,33,1,33,0.689248327901904,33,0.689248327901904,33
"294",0.9999,1,33,1,33,0.903645509244323,33,0.903645509244323,33
"295",0.9999,1,33,1,33,0.916061617285199,33,0.916061617285199,33
"296",0.9999,1,33,1,33,0.921046954528601,33,0.921046954528601,33
"297",0.9999,1,33,1,33,0.248075075376284,33,0.248075075376284,33
"298",0.9999,1,33,1,33,0.935483870967742,33,0.935483870967742,33
"299",0.9999,0.96969696969697,33,0.967741935483871,31,0.825153007911629,33,0.773637856396477,33
"300",0.9999,1,33,1,33,0.669318322266042,33,0.669318322266042,33
"301",0.9999,1,33,1,33,0.716660308614332,33,0.716660308614332,33
"302",0.9999,1,33,1,33,0.663296714021352,33,0.663296714021352,33
"303",0.9999,0.939393939393939,33,0.931034482758621,29,0.898273053111763,33,0.783903551645487,33
"304",0.9999,0.96969696969697,33,0.967741935483871,31,0.771815904402111,33,0.717963090549297,33
"305",0.9999,0.909090909090909,33,0.892857142857143,28,0.81204190349537,33,0.689245842527266,33
"306",0.9999,0.96969696969697,33,0.967741935483871,31,0.547050172050172,33,0.510694552361219,33
"307",0.9999,1,33,1,33,0.678288422464516,33,0.678288422464516,33
"308",0.9999,0.96969696969697,33,0.967741935483871,31,0.89080459770115,33,0.837269244165796,33
"309",0.9999,0.939393939393939,33,0.931034482758621,29,0.880039309349654,33,0.767918097228442,33
"310",0.9999,0.96969696969697,33,0.967741935483871,31,0.860149885956338,33,0.804431410883024,33
"311",0.9999,1,33,1,33,0.920686284423771,33,0.920686284423771,33
"312",0.9999,0.939393939393939,33,0.935483870967742,31,0.867999922597624,33,0.813663454468052,33
"313",0.9999,1,33,1,33,0.615909122805674,33,0.615909122805674,33
"314",0.9999,0.96969696969697,33,0.967741935483871,31,0.817191327191327,33,0.762326438993106,33
"315",0.9999,0.96969696969697,33,0.967741935483871,31,0.637043420220014,33,0.593170346043909,33
"316",0.9999,0.96969696969697,33,0.967741935483871,31,0.559156799632821,33,0.527494017970039,33
"317",0.9999,1,33,1,33,0.871722147584217,33,0.871722147584217,33
"318",0.9999,0.96969696969697,33,0.967741935483871,31,0.45399016266593,33,0.433788142463909,33
"319",0.9999,1,33,1,33,0.93430860327412,33,0.93430860327412,33
"320",0.9999,0.96969696969697,33,0.967741935483871,31,0.333329897657655,33,0.319380883708641,33
"321",0.9999,0.96969696969697,33,0.967741935483871,31,0.580982367716501,33,0.547085708819842,33
"322",0.9999,0.96969696969697,33,0.967741935483871,31,0.747762666143021,33,0.700384118764474,33
"323",0.9999,1,33,1,33,0.780767072433739,33,0.780767072433739,33
"324",0.9999,1,33,1,33,0.820181308687056,33,0.820181308687056,33
"325",0.9999,1,33,1,33,0.837496373358442,33,0.837496373358442,33
"326",0.9999,0.939393939393939,33,0.96875,32,0.69436996712359,33,0.69436996712359,33
"327",0.9999,1,33,1,33,0.725072088405422,33,0.725072088405422,33
"328",0.9999,1,33,1,33,0.748856618421836,33,0.748856618421836,33
"329",0.9999,0.96969696969697,33,0.967741935483871,31,0.751208887865105,33,0.703589840246058,33
"330",0.9999,1,33,1,33,0.844495223805569,33,0.844495223805569,33
"331",0.9999,0.96969696969697,33,0.967741935483871,31,0.637023328255212,33,0.589952621184505,33
"332",0.9999,1,33,1,33,0.5843703778709,33,0.5843703778709,33
"333",0.9999,0.96969696969697,33,0.967741935483871,31,0.9227761485826,33,0.863147605083089,33
"334",0.9999,1,33,1,33,0.600769183256349,33,0.600769183256349,33
"335",0.9999,1,33,1,33,0.813555703555704,33,0.813555703555704,33
"336",0.9999,0.96969696969697,33,0.967741935483871,31,0.867612591750523,33,0.810141327382707,33
"337",0.9999,1,33,1,33,0.775071210186153,33,0.775071210186153,33
"338",0.9999,0.939393939393939,33,0.931034482758621,29,0.387616328189451,33,0.32545234178304,33
"339",0.9999,0.96969696969697,33,0.967741935483871,31,0.770678733782182,33,0.726007887387198,33
"340",0.9999,1,33,1,33,0.748827854914811,33,0.748827854914811,33
"341",0.9999,1,33,1,33,0.544988344988345,33,0.544988344988345,33
"342",0.9999,0.96969696969697,33,0.967741935483871,31,0.888465298142717,33,0.832811990876507,33
"343",0.9999,0.96969696969697,33,0.967741935483871,31,0.689349778960763,33,0.647391737002721,33
"344",0.9999,0.96969696969697,33,0.967741935483871,31,0.645272898663703,33,0.604819099589215,33
"345",0.9999,1,33,1,33,0.681441386434105,33,0.681441386434105,33
"346",0.9999,1,33,1,33,0.847756441089774,33,0.847756441089774,33
"347",0.9999,1,33,1,33,0.661353831597573,33,0.661353831597573,33
"348",0.9999,1,33,1,33,0.46908563613509,33,0.46908563613509,33
"349",0.9999,1,33,1,33,0.751435252884528,33,0.751435252884528,33
"350",0.9999,0.909090909090909,33,0.96551724137931,29,0.764667805587346,33,0.7192132601328,33
"351",0.9999,1,33,1,33,0.72017797017797,33,0.72017797017797,33
"352",0.9999,0.96969696969697,33,0.967741935483871,31,0.703495629925142,33,0.656098582528095,33
"353",0.9999,0.96969696969697,33,0.967741935483871,31,0.640121835149321,33,0.590037660065146,33
"354",0.9999,1,33,1,33,0.75251398239904,33,0.75251398239904,33
"355",0.9999,1,33,1,33,0.614667781860764,33,0.614667781860764,33
"356",0.9999,1,33,1,33,0.920749205065112,33,0.920749205065112,33
"357",0.9999,1,33,1,33,0.856385401769161,33,0.856385401769161,33
"358",0.9999,1,11,1,11,0.0298320912356,33,0.0298320912356,33
"359",0.9999,1,33,1,33,0.864108428958262,33,0.864108428958262,33
"360",0.9999,1,33,1,33,0.842068991034508,33,0.842068991034508,33
"361",0.9999,1,33,1,33,0.833468989503472,33,0.833468989503472,33
"362",0.9999,1,33,1,33,0.73510599002762,33,0.73510599002762,33
"363",0.9999,0.96969696969697,33,0.967741935483871,31,0.791150888277325,33,0.743732257525361,33
"364",0.9999,1,33,1,33,0.550720884054217,33,0.550720884054217,33
"365",0.9999,0.96969696969697,33,0.967741935483871,31,0.739317780984448,33,0.694945486612153,33
"366",0.9999,1,33,1,33,0.841642228739003,33,0.841642228739003,33
"367",0.9999,1,33,1,33,0.481339596333009,33,0.481339596333009,33
"368",0.9999,1,33,1,33,0.768783585987887,33,0.768783585987887,33
"369",0.9999,1,33,1,33,0.741707396546106,33,0.741707396546106,33
"370",0.9999,1,33,1,33,0.755558813945911,33,0.755558813945911,33
"371",0.9999,1,33,1,33,0.630131964809384,33,0.630131964809384,33
"372",0.9999,1,33,1,33,0.869740307893812,33,0.869740307893812,33
"373",0.9999,1,33,1,33,0.905812053476125,33,0.905812053476125,33
"374",0.9999,0.96969696969697,33,0.967741935483871,31,0.846644419725621,33,0.789948427545758,33
"375",0.9999,0.96969696969697,33,0.967741935483871,31,0.937373737373737,33,0.878787878787879,33
"376",0.9999,1,33,1,33,0.935483870967742,33,0.935483870967742,33
"377",0.9999,1,33,1,33,0.950081459758879,33,0.950081459758879,33
"378",0.9999,1,33,1,33,0.946011842563567,33,0.946011842563567,33
"379",0.9999,0.96969696969697,33,0.967741935483871,31,0.87213901466775,33,0.816022291884361,33
"380",0.9999,0.96969696969697,33,0.967741935483871,31,0.518374510967258,33,0.48713484154577,33
"381",0.9999,1,33,1,33,0.790836155987671,33,0.790836155987671,33
"382",0.9999,0.939393939393939,33,0.935483870967742,31,0.279883696266968,32,0.258935894069166,32
"383",0.9999,0.96969696969697,33,0.967741935483871,31,0.65669340340005,33,0.616314242331234,33
"384",0.9999,1,33,1,33,0.724182367199148,33,0.724182367199148,33
"385",0.9999,0.96969696969697,33,0.967741935483871,31,0.7909570488556,33,0.742239100137651,33
"386",0.9999,1,33,1,33,0.739219499936641,33,0.739219499936641,33
"387",0.9999,1,33,1,33,0.523010808393117,33,0.523010808393117,33
"388",0.9999,1,33,1,33,0.279089721444919,33,0.279089721444919,33
"389",0.9999,1,33,1,33,0.925593372145096,33,0.925593372145096,33
"390",0.9999,0.96875,32,0.966666666666667,30,0.210790492808037,33,0.197063479081023,33
"391",0.9999,1,33,1,33,0.520562424378768,33,0.520562424378768,33
"392",0.9999,0.96969696969697,33,0.967741935483871,31,0.49954304954305,33,0.468759018759019,33
"393",0.9999,1,33,1,33,0.704535983941552,33,0.704535983941552,33
"394",0.9999,0.96969696969697,33,0.967741935483871,31,0.889524836799586,33,0.834038943382659,33
"395",0.9999,1,33,1,33,0.816629706414653,33,0.816629706414653,33
"396",0.9999,1,33,1,33,0.395943562610229,33,0.395943562610229,33
"397",0.9999,1,33,1,33,0.647670388822313,33,0.647670388822313,33
"398",0.9999,1,33,1,33,0.897551873413942,33,0.897551873413942,33
"399",0.9999,1,33,1,33,0.654884558101095,33,0.654884558101095,33
"400",0.9999,1,33,1,33,0.949243668209185,33,0.949243668209185,33
"401",0.9999,1,33,1,33,0.970674486803519,33,0.970674486803519,33
"402",0.9999,1,33,1,33,0.725016745706401,33,0.725016745706401,33
"403",0.9999,1,33,1,33,0.545661681868578,33,0.545661681868578,33
"404",0.9999,1,33,1,33,0.829539397800267,33,0.829539397800267,33
"405",0.9999,1,33,1,33,0.606220098846059,33,0.606220098846059,33
"406",0.9999,1,33,1,33,0.75597633526987,33,0.75597633526987,33
"407",0.9999,1,33,1,33,0.729395040889294,33,0.729395040889294,33
"408",0.9999,1,33,1,33,0.69422200981535,33,0.69422200981535,33
"409",0.9999,0.96969696969697,33,0.967741935483871,31,0.641942759174371,33,0.598763935363136,33
"410",0.9999,1,33,1,33,0.874714578737567,33,0.874714578737567,33
"411",0.9999,1,33,1,33,0.908640316686294,33,0.908640316686294,33
"412",0.9999,0.96969696969697,33,0.967741935483871,31,0.658770488770489,33,0.622251452251452,33
"413",0.9999,1,33,1,33,0.745255510772752,33,0.745255510772752,33
"414",0.9999,1,33,1,33,0.77392342396295,33,0.77392342396295,33
"415",0.9999,1,33,1,33,0.7111039524083,33,0.7111039524083,33
"416",0.9999,0.96969696969697,33,0.967741935483871,31,0.661837758492313,33,0.622104764213864,33
"417",0.9999,1,33,1,33,0.695158234166855,33,0.695158234166855,33
"418",0.9999,0.96969696969697,33,0.967741935483871,31,0.743918597366873,33,0.70062855407683,33
"419",0.9999,1,33,1,33,0.656775295000261,33,0.656775295000261,33
"420",0.9999,0.96969696969697,33,0.967741935483871,31,0.774746245665786,33,0.723906281032718,33
"421",0.9999,1,33,1,33,0.937373737373737,33,0.937373737373737,33
"422",0.9999,0.96969696969697,33,0.967741935483871,31,0.873140269691994,33,0.818739115290839,33
"423",0.9999,1,33,1,33,0.836928035778611,33,0.836928035778611,33
"424",0.9999,1,33,1,33,0.67660179326846,33,0.67660179326846,33
"425",0.9999,0.96969696969697,33,0.967741935483871,31,0.707948671167062,33,0.666151387990468,33
"426",0.9999,1,33,1,33,0.919150346625319,33,0.919150346625319,33
"427",0.9999,1,33,1,33,0.786158006291488,33,0.786158006291488,33
"428",0.9999,0.8125,32,0.869565217391304,23,0.546340840823014,33,0.437358544743944,33
"429",0.9999,0.96969696969697,33,0.967741935483871,31,0.866503747148908,33,0.812740306288693,33
"430",0.9999,1,33,1,33,0.935874877810362,33,0.935874877810362,33
"431",0.9999,1,33,1,33,0.31583954917791,33,0.31583954917791,33
"432",0.9999,0.96969696969697,33,0.967741935483871,31,0.84336917562724,33,0.790583251873574,33
"433",0.9999,1,33,1,33,0.917886315884091,33,0.917886315884091,33
"434",0.9999,1,33,1,33,0.857761398436222,33,0.857761398436222,33
"435",0.9999,0.96969696969697,33,0.967741935483871,31,0.82010972589393,33,0.771429373987772,33
"436",0.9999,0.96969696969697,33,0.967741935483871,31,0.430753044662295,33,0.415142392688006,33
"437",0.9999,1,33,1,33,0.599103867609615,33,0.599103867609615,33
"438",0.9999,0.96969696969697,33,0.967741935483871,31,0.308446504031068,33,0.29760688251951,33
"439",0.9999,1,33,1,33,0.862853570439777,33,0.862853570439777,33
"440",0.9999,0.939393939393939,33,0.935483870967742,31,0.471325046756709,33,0.439503067566309,33
"441",0.9999,1,33,1,33,0.904769368562472,33,0.904769368562472,33
"442",0.9999,1,33,1,33,0.724512883872295,33,0.724512883872295,33
"443",0.9999,1,33,1,33,0.760259977311452,33,0.760259977311452,33
"444",0.9999,1,33,1,33,0.616942442427427,33,0.616942442427427,33
"445",0.9999,1,33,1,33,0.736846182950631,33,0.736846182950631,33
"446",0.9999,0.939393939393939,33,0.966666666666667,30,0.416266644708847,33,0.381241064228721,33
"447",0.9999,1,33,1,33,0.760235756777259,33,0.760235756777259,33
"448",0.9999,0.96969696969697,33,0.967741935483871,31,0.908080808080808,33,0.851384815900945,33
"449",0.9999,1,33,1,33,0.924600847181492,33,0.924600847181492,33
"450",0.9999,1,33,1,33,0.595737830331824,33,0.595737830331824,33
"451",0.9999,1,33,1,33,0.520258412797745,33,0.520258412797745,33
"452",0.9999,0.909090909090909,33,0.892857142857143,28,0.68393191969154,33,0.572678111771065,33
"453",0.9999,0.96969696969697,33,0.967741935483871,31,0.822819275233068,33,0.77411797653177,33
"454",0.9999,1,33,1,33,0.865323003943694,33,0.865323003943694,33
"455",0.9999,0.939393939393939,33,0.931034482758621,29,0.553177233035426,33,0.48192903678723,33
"456",0.9999,1,33,1,33,0.58967296098719,33,0.58967296098719,33
"457",0.9999,1,33,1,33,0.823387366145987,33,0.823387366145987,33
"458",0.9999,1,33,1,33,0.447815650757541,33,0.447815650757541,33
"459",0.9999,1,33,1,33,0.869990224828935,33,0.869990224828935,33
"460",0.9999,1,33,1,33,0.836347906203301,33,0.836347906203301,33
"461",0.9999,1,33,1,33,0.848443616834421,33,0.848443616834421,33
"462",0.9999,1,33,1,33,0.454762274762275,33,0.454762274762275,33
"463",0.9999,1,33,1,33,0.931823237941147,33,0.931823237941147,33
"464",0.9999,1,33,1,33,0.681330734130124,33,0.681330734130124,33
"465",0.9999,1,33,1,33,0.857484747362389,33,0.857484747362389,33
"466",0.9999,1,33,1,33,0.865230246209112,33,0.865230246209112,33
"467",0.9999,1,33,1,33,0.634375201214282,33,0.634375201214282,33
"468",0.9999,0.96969696969697,33,0.967741935483871,31,0.541024736160975,33,0.510141743555495,33
"469",0.9999,1,33,1,33,0.946424839528288,33,0.946424839528288,33
"470",0.9999,0.909090909090909,33,0.928571428571429,28,0.677902982500684,33,0.610609165206866,33
"471",0.9999,1,33,1,33,0.642903392903393,33,0.642903392903393,33
"472",0.9999,1,33,1,33,0.930354447595827,33,0.930354447595827,33
"473",0.9999,0.96969696969697,33,0.967741935483871,31,0.913195999402896,33,0.85572473503508,33
"474",0.9999,0.939393939393939,33,0.966666666666667,30,0.810621851541392,33,0.75747959150258,33
"475",0.9999,0.96969696969697,33,0.967741935483871,31,0.845403037649414,33,0.78863975262526,33
"476",0.9999,1,33,1,33,0.93513210927004,33,0.93513210927004,33
"477",0.9999,0.96969696969697,33,0.967741935483871,31,0.821870977043391,33,0.767534508913819,33
"478",0.9999,1,33,1,33,0.918342490533814,33,0.918342490533814,33
"479",0.9999,1,33,1,33,0.75661446702926,33,0.75661446702926,33
"480",0.9999,1,33,1,33,0.896793053689605,33,0.896793053689605,33
"481",0.9999,1,33,1,33,0.891085181315066,33,0.891085181315066,33
"482",0.9999,1,33,1,33,0.827084335417669,33,0.827084335417669,33
"483",0.9999,1,33,1,33,0.734032270411581,33,0.734032270411581,33
"484",0.9999,1,33,1,33,0.827625366874379,33,0.827625366874379,33
"485",0.9999,1,33,1,33,0.314414634041343,33,0.314414634041343,33
"486",0.9999,1,33,1,33,0.395462786371877,33,0.395462786371877,33
"487",0.9999,1,33,1,33,0.943295019157088,33,0.943295019157088,33
"488",0.9999,1,33,1,33,0.518060737248441,33,0.518060737248441,33
"489",0.9999,1,33,1,33,0.939387197896653,33,0.939387197896653,33
"490",0.9999,1,33,1,33,0.363677620383813,33,0.363677620383813,33
"491",0.9999,0.96969696969697,33,0.96875,32,0.911632453567937,33,0.884261974584555,33
"492",0.9999,1,33,1,33,0.919816390506046,33,0.919816390506046,33
"493",0.9999,0.939393939393939,33,0.96551724137931,29,0.773623891866384,33,0.706957225199717,33
"494",0.9999,1,33,1,33,0.364540901330515,33,0.364540901330515,33
"495",0.9999,0.939393939393939,33,0.96551724137931,29,0.80495275333985,33,0.736884978820463,33
"496",0.9999,1,33,1,33,0.867724867724868,33,0.867724867724868,33
"497",0.9999,1,33,1,33,0.837342999356347,33,0.837342999356347,33
"498",0.9999,1,33,1,33,0.771906254664875,33,0.771906254664875,33
"499",0.9999,1,33,1,33,0.781877596000535,33,0.781877596000535,33
"500",0.9999,1,33,1,33,0.622919584526218,33,0.622919584526218,33
"501",0.9999,1,33,1,33,0.887325913762695,33,0.887325913762695,33
"502",0.9999,1,33,1,33,0.445403280429284,33,0.445403280429284,33
"503",0.9999,0.96969696969697,33,0.967741935483871,31,0.880328101017756,33,0.827036564967599,33
"504",0.9999,1,33,1,33,0.584927351475441,33,0.584927351475441,33
"505",0.9999,0.939393939393939,33,0.931034482758621,29,0.249778371904809,33,0.203978492771596,33
"506",0.9999,1,33,1,33,0.951612903225806,33,0.951612903225806,33
"507",0.9999,1,33,1,33,0.454526189134787,33,0.454526189134787,33
"508",0.9999,0.96969696969697,33,0.967741935483871,31,0.922710980775497,33,0.865070055392636,33
"509",0.9999,0.96969696969697,33,0.967741935483871,31,0.811311666196724,33,0.767400330618721,33
"510",0.9999,0.96969696969697,33,0.967741935483871,31,0.736977833557044,33,0.691803871716415,33
"511",0.9999,0.96969696969697,33,0.967741935483871,31,0.795528545528546,33,0.748563165229832,33
"512",0.9999,1,33,1,33,0.862504779171446,33,0.862504779171446,33
"513",0.9999,0.939393939393939,33,0.96551724137931,29,0.902215705441512,33,0.81524926686217,33
"514",0.9999,1,33,1,33,0.8127130425981,33,0.8127130425981,33
"515",0.9999,0.96969696969697,33,0.967741935483871,31,0.804657411553963,33,0.754500671742051,33
"516",0.9999,1,33,1,33,0.374710617227861,33,0.374710617227861,33
"517",0.9999,0.939393939393939,33,0.931034482758621,29,0.72515477354187,33,0.632290648419681,33
"518",0.9999,1,33,1,33,0.842820006080876,33,0.842820006080876,33
"519",0.9999,1,33,1,33,0.86955405173796,33,0.86955405173796,33
"520",0.9999,1,33,1,33,0.844680396849474,33,0.844680396849474,33
"521",0.9999,1,33,1,33,0.932095144998371,33,0.932095144998371,33
"522",0.9999,0.96969696969697,33,0.967741935483871,31,0.891949047121461,33,0.835560033835896,33
"523",0.9999,1,33,1,33,0.925668010150769,33,0.925668010150769,33
"524",0.9999,1,33,1,33,0.937368761506693,33,0.937368761506693,33
"525",0.9999,0.96969696969697,33,0.967741935483871,31,0.28251245310284,33,0.265779186369573,33
"526",0.9999,1,33,1,33,0.718276839541662,33,0.718276839541662,33
"527",0.9999,0.96969696969697,33,0.967741935483871,31,0.882348069129678,33,0.828123558008615,33
"528",0.9999,0.909090909090909,33,0.928571428571429,28,0.755187324752542,33,0.669406438971656,33
"529",0.9999,1,33,1,33,0.885603902270569,33,0.885603902270569,33
"530",0.9999,0.96969696969697,33,0.967741935483871,31,0.85886563072325,33,0.805330277187897,33
"531",0.9999,1,33,1,33,0.865119172015724,33,0.865119172015724,33
"532",0.9999,1,33,1,33,0.826273766058712,33,0.826273766058712,33
"533",0.9999,1,33,1,33,0.805653869057651,33,0.805653869057651,33
"534",0.9999,0.96969696969697,33,0.967741935483871,31,0.595548678438908,33,0.55797292086315,33
"535",0.9999,1,33,1,33,0.395024403197817,33,0.395024403197817,33
"536",0.9999,0.939393939393939,33,0.931034482758621,29,0.580464769668535,33,0.502659544590583,33
"537",0.9999,1,33,1,33,0.675612474850011,33,0.675612474850011,33
"538",0.9999,0.96969696969697,33,0.967741935483871,31,0.895049012290392,33,0.838518186794049,33
"539",0.9999,0.939393939393939,33,0.931034482758621,29,0.570666761628553,33,0.497384639710068,33
