"","quantile","score1.n","score1.w","score1_adj.n","score1_adj.w","score2.n","score2.w","score2_adj.n","score2_adj.w"
"1",0.9999,1,33,1,33,0.64037814037814,33,0.64037814037814,33
"2",0.9999,1,33,1,33,0.943626003626004,33,0.943626003626004,33
"3",0.9999,1,33,1,33,0.963869463869464,33,0.963869463869464,33
"4",0.9999,1,33,1,33,0.974531641198308,33,0.974531641198308,33
"5",0.9999,1,33,1,33,0.948051948051948,33,0.948051948051948,33
"6",0.9999,0.939393939393939,33,0.931034482758621,29,0.718133718133718,33,0.613335738335738,33
"7",0.9999,1,33,1,33,0.942470862470862,33,0.942470862470862,33
"8",0.9999,1,33,1,33,0.727272727272727,33,0.727272727272727,33
"9",0.9999,0.96969696969697,33,0.96969696969697,33,0.847723884875588,33,0.847723884875588,33
"10",0.9999,1,33,1,33,1,33,1,33
"11",0.9999,1,33,1,33,0.975966562173459,33,0.975966562173459,33
"12",0.9999,1,33,1,33,0.383080808080808,33,0.383080808080808,33
"13",0.9999,1,33,1,33,0.897360562143171,33,0.897360562143171,33
"14",0.9999,1,33,1,33,0.412488589268775,33,0.412488589268775,33
"15",0.9999,1,33,1,33,1,33,1,33
"16",0.9999,1,33,1,33,0.913026367571822,33,0.913026367571822,33
"17",0.9999,1,33,1,33,1,33,1,33
"18",0.9999,1,33,1,33,0.980606060606061,33,0.980606060606061,33
"19",0.9999,1,33,1,33,0.992685475444096,33,0.992685475444096,33
"20",0.9999,1,33,1,33,1,33,1,33
"21",0.9999,1,33,1,33,0.49949494949495,33,0.49949494949495,33
"22",0.9999,0.96969696969697,33,0.967741935483871,31,0.90719696969697,33,0.850378787878788,33
"23",0.9999,1,33,1,33,1,33,1,33
"24",0.9999,1,33,1,33,0.801744719926538,33,0.801744719926538,33
"25",0.9999,1,33,1,33,0.875082090252369,33,0.875082090252369,33
"26",0.9999,1,33,1,33,0.891522921522922,33,0.891522921522922,33
"27",0.9999,1,33,1,33,0.884680134680135,33,0.884680134680135,33
"28",0.9999,1,33,1,33,0.705808080808081,33,0.705808080808081,33
"29",0.9999,1,33,1,33,0.66453667105841,33,0.66453667105841,33
"30",0.9999,1,33,1,33,0.904671717171717,33,0.904671717171717,33
"31",0.9999,1,33,1,33,0.65675233857052,33,0.65675233857052,33
"32",0.9999,1,33,1,33,0.947811447811448,33,0.947811447811448,33
"33",0.9999,1,33,1,33,0.915889665889666,33,0.915889665889666,33
"34",0.9999,1,33,1,33,0.981060606060606,33,0.981060606060606,33
"35",0.9999,1,33,1,33,0.684664830119376,33,0.684664830119376,33
"36",0.9999,1,33,1,33,0.925133689839572,33,0.925133689839572,33
"37",0.9999,1,33,1,33,0.955266955266955,33,0.955266955266955,33
"38",0.9999,1,33,1,33,0.892884892884893,33,0.892884892884893,33
"39",0.9999,1,33,1,33,0.950558213716108,33,0.950558213716108,33
"40",0.9999,1,33,1,33,0.958089668615984,33,0.958089668615984,33
"41",0.9999,1,33,1,33,0.982174688057041,33,0.982174688057041,33
"42",0.9999,0.96969696969697,33,0.967741935483871,31,0.943939393939394,33,0.886363636363636,33
"43",0.9999,1,33,1,33,1,33,1,33
"44",0.9999,1,33,1,33,0.887643201884688,33,0.887643201884688,33
"45",0.9999,1,33,1,33,0.995670995670996,33,0.995670995670996,33
"46",0.9999,1,33,1,33,0.991341991341991,33,0.991341991341991,33
"47",0.9999,1,33,1,33,0.961616161616162,33,0.961616161616162,33
"48",0.9999,0.939393939393939,33,0.966666666666667,30,0.71259499014917,33,0.664349376114082,33
"49",0.9999,1,33,1,33,0.941176470588235,33,0.941176470588235,33
"50",0.9999,0.96969696969697,33,0.967741935483871,31,0.934046345811052,33,0.877005347593583,33
"51",0.9999,1,33,1,33,0.87767524872788,33,0.87767524872788,33
"52",0.9999,0.878787878787879,33,0.925925925925926,27,0.847319347319347,33,0.731934731934732,33
"53",0.9999,1,33,1,33,0.95959595959596,33,0.95959595959596,33
"54",0.9999,0.96969696969697,33,0.967741935483871,31,0.948372615039282,33,0.887766554433221,33
"55",0.9999,1,33,1,33,0.97006993006993,33,0.97006993006993,33
"56",0.9999,1,33,1,33,0.962962962962963,33,0.962962962962963,33
"57",0.9999,0.96969696969697,33,0.967741935483871,31,0.887118736383442,33,0.828295206971678,33
"58",0.9999,1,33,1,33,0.964127440412025,33,0.964127440412025,33
"59",0.9999,1,33,1,33,0.981060606060606,33,0.981060606060606,33
"60",0.9999,1,33,1,33,0.805387205387205,33,0.805387205387205,33
"61",0.9999,1,33,1,33,1,33,1,33
"62",0.9999,0.96969696969697,33,0.967741935483871,31,0.937229437229437,33,0.877705627705628,33
"63",0.9999,1,33,1,33,1,33,1,33
"64",0.9999,1,33,1,33,0.770987385819922,33,0.770987385819922,33
"65",0.9999,0.909090909090909,33,0.892857142857143,28,0.800514318794951,33,0.668118936399569,33
"66",0.9999,1,33,1,33,0.830826902566033,33,0.830826902566033,33
"67",0.9999,1,33,1,33,0.963869463869464,33,0.963869463869464,33
"68",0.9999,1,33,1,33,0.965367965367965,33,0.965367965367965,33
"69",0.9999,1,33,1,33,0.946969696969697,33,0.946969696969697,33
"70",0.9999,1,33,1,33,0.983164983164983,33,0.983164983164983,33
"71",0.9999,0.96969696969697,33,0.967741935483871,31,0.922460773745359,33,0.865807282309259,33
"72",0.9999,0.96969696969697,33,0.967741935483871,31,0.778027119938885,33,0.730233002291826,33
"73",0.9999,1,33,1,33,0.956550116550117,33,0.956550116550117,33
"74",0.9999,1,33,1,33,0.990675990675991,33,0.990675990675991,33
"75",0.9999,0.96969696969697,33,0.967741935483871,31,0.935897435897436,33,0.876456876456876,33
"76",0.9999,1,33,1,33,0.989137529137529,33,0.989137529137529,33
"77",0.9999,1,33,1,33,0.926083916083916,33,0.926083916083916,33
"78",0.9999,1,33,1,33,0.965034965034965,33,0.965034965034965,33
"79",0.9999,1,33,1,33,0.872688422688423,33,0.872688422688423,33
"80",0.9999,1,33,1,33,0.978181818181818,33,0.978181818181818,33
"81",0.9999,1,33,1,33,0.962703962703963,33,0.962703962703963,33
"82",0.9999,1,33,1,33,0.992474747474747,33,0.992474747474747,33
"83",0.9999,1,33,1,33,0.965071770334928,33,0.965071770334928,33
"84",0.9999,0.96969696969697,33,0.967741935483871,31,0.959001782531194,33,0.898395721925134,33
"85",0.9999,1,33,1,33,0.985370950888192,33,0.985370950888192,33
"86",0.9999,1,33,1,33,1,33,1,33
"87",0.9999,1,33,1,33,1,33,1,33
"88",0.9999,1,33,1,33,1,33,1,33
"89",0.9999,1,33,1,33,0.968614718614719,33,0.968614718614719,33
"90",0.9999,1,33,1,33,1,33,1,33
"91",0.9999,1,33,1,33,0.96969696969697,33,0.96969696969697,33
"92",0.9999,1,33,1,33,1,33,1,33
"93",0.9999,1,33,1,33,0.889489298580208,33,0.889489298580208,33
"94",0.9999,0.96969696969697,33,0.967741935483871,31,0.941077441077441,33,0.882154882154882,33
"95",0.9999,1,33,1,33,0.981191222570533,33,0.981191222570533,33
"96",0.9999,1,33,1,33,1,33,1,33
"97",0.9999,0.96969696969697,33,0.967741935483871,31,0.828877005347594,33,0.787878787878788,33
"98",0.9999,1,33,1,33,0.971861471861472,33,0.971861471861472,33
"99",0.9999,1,33,1,33,0.997755331088664,33,0.997755331088664,33
"100",0.9999,1,33,1,33,0.950146627565982,33,0.950146627565982,33
"101",0.9999,1,33,1,33,0.921457219251337,33,0.921457219251337,33
"102",0.9999,1,33,1,33,0.942766122766123,33,0.942766122766123,33
"103",0.9999,1,33,1,33,1,33,1,33
"104",0.9999,1,33,1,33,0.969653802987136,33,0.969653802987136,33
"105",0.9999,1,33,1,33,0.951048951048951,33,0.951048951048951,33
"106",0.9999,1,33,1,33,0.9375,33,0.9375,33
"107",0.9999,1,33,1,33,0.843290043290043,33,0.843290043290043,33
"108",0.9999,1,33,1,33,0.767399267399267,33,0.767399267399267,33
"109",0.9999,1,33,1,33,0.963006129672796,33,0.963006129672796,33
"110",0.9999,1,33,1,33,0.76977466977467,33,0.76977466977467,33
"111",0.9999,0.96969696969697,33,0.967741935483871,31,0.846628309961643,33,0.79371825705159,33
"112",0.9999,1,33,1,33,0.917933723196881,33,0.917933723196881,33
"113",0.9999,1,33,1,33,0.871433634591529,33,0.871433634591529,33
"114",0.9999,1,33,1,33,0.908160552897395,33,0.908160552897395,33
"115",0.9999,1,33,1,33,0.916545465952581,33,0.916545465952581,33
"116",0.9999,1,33,1,33,0.895346748113547,33,0.895346748113547,33
"117",0.9999,1,33,1,33,0.884868162140889,33,0.884868162140889,33
"118",0.9999,1,33,1,33,0.918821472774042,33,0.918821472774042,33
"119",0.9999,1,33,1,33,0.984848484848485,33,0.984848484848485,33
"120",0.9999,1,33,1,33,0.893939393939394,33,0.893939393939394,33
"121",0.9999,1,33,1,33,0.83030303030303,33,0.83030303030303,33
"122",0.9999,1,33,1,33,0.925619834710744,33,0.925619834710744,33
"123",0.9999,1,33,1,33,0.901917367434609,33,0.901917367434609,33
"124",0.9999,1,33,1,33,0.909714023350387,33,0.909714023350387,33
"125",0.9999,1,33,1,33,0.978138528138528,33,0.978138528138528,33
"126",0.9999,1,33,1,33,0.994490358126722,33,0.994490358126722,33
"127",0.9999,1,33,1,33,0.95,33,0.95,33
"128",0.9999,1,33,1,33,1,33,1,33
"129",0.9999,1,33,1,33,0.959747474747475,33,0.959747474747475,33
"130",0.9999,1,33,1,33,0.968652037617555,33,0.968652037617555,33
"131",0.9999,1,33,1,33,0.668962350780533,33,0.668962350780533,33
"132",0.9999,1,33,1,33,0.97308555641889,33,0.97308555641889,33
"133",0.9999,0.939393939393939,33,0.931034482758621,29,0.904761904761905,33,0.788961038961039,33
"134",0.9999,1,33,1,33,0.478787878787879,33,0.478787878787879,33
"135",0.9999,1,33,1,33,0.83892168437623,33,0.83892168437623,33
"136",0.9999,1,33,1,33,0.974025974025974,33,0.974025974025974,33
"137",0.9999,1,33,1,33,0.696212121212121,33,0.696212121212121,33
"138",0.9999,1,33,1,33,1,33,1,33
"139",0.9999,1,33,1,33,0.715656565656566,33,0.715656565656566,33
"140",0.9999,0.96969696969697,33,0.967741935483871,31,0.951515151515151,33,0.892424242424242,33
"141",0.9999,1,33,1,33,1,33,1,33
"142",0.9999,1,33,1,33,1,33,1,33
"143",0.9999,1,4,1,4,0.0102067472757128,33,0.0102067472757128,33
"144",0.9999,1,33,1,33,0.866253443526171,33,0.866253443526171,33
"145",0.9999,1,33,1,33,0.923520923520924,33,0.923520923520924,33
"146",0.9999,1,33,1,33,0.994293585202676,33,0.994293585202676,33
"147",0.9999,1,33,1,33,0.963636363636364,33,0.963636363636364,33
"148",0.9999,1,33,1,33,1,33,1,33
"149",0.9999,1,33,1,33,0.959287625954293,33,0.959287625954293,33
"150",0.9999,1,33,1,33,1,33,1,33
"151",0.9999,0.96969696969697,33,0.967741935483871,31,0.848484848484849,33,0.798701298701299,33
"152",0.9999,1,33,1,33,0.989090909090909,33,0.989090909090909,33
"153",0.9999,1,33,1,33,0.519022061911639,33,0.519022061911639,33
"154",0.9999,1,33,1,33,0.820661157024793,33,0.820661157024793,33
"155",0.9999,1,33,1,33,0.331857031857032,33,0.331857031857032,33
"156",0.9999,0.939393939393939,33,0.931034482758621,29,0.899645808736718,33,0.784008920372557,33
"157",0.9999,1,33,1,33,0.877166593470941,33,0.877166593470941,33
"158",0.9999,1,33,1,33,0.946372592924317,33,0.946372592924317,33
"159",0.9999,0.96969696969697,33,0.967741935483871,31,0.912878787878788,33,0.854166666666667,33
"160",0.9999,1,33,1,33,0.853386809269162,33,0.853386809269162,33
"161",0.9999,1,33,1,33,0.912573599240266,33,0.912573599240266,33
"162",0.9999,1,33,1,33,0.993506493506493,33,0.993506493506493,33
"163",0.9999,1,33,1,33,0.982819649486316,33,0.982819649486316,33
"164",0.9999,1,33,1,33,0.839050277208172,33,0.839050277208172,33
"165",0.9999,1,33,1,33,0.95959595959596,33,0.95959595959596,33
"166",0.9999,1,33,1,33,0.834361471861472,33,0.834361471861472,33
"167",0.9999,0.96969696969697,33,0.967741935483871,31,0.968253968253968,33,0.907647907647908,33
"168",0.9999,1,33,1,33,0.866161616161616,33,0.866161616161616,33
"169",0.9999,0.96969696969697,33,0.967741935483871,31,0.809098894079131,33,0.772367948257276,33
"170",0.9999,1,33,1,33,1,33,1,33
"171",0.9999,0.96969696969697,33,0.967741935483871,31,0.830808080808081,33,0.772727272727273,33
"172",0.9999,1,33,1,33,0.963636363636364,33,0.963636363636364,33
"173",0.9999,0.939393939393939,33,0.966666666666667,30,0.767087542087542,33,0.715909090909091,33
"174",0.9999,1,33,1,33,0.976430976430976,33,0.976430976430976,33
"175",0.9999,1,33,1,33,0.981351981351981,33,0.981351981351981,33
"176",0.9999,1,33,1,33,0.975348725348725,33,0.975348725348725,33
"177",0.9999,0.96969696969697,33,0.967741935483871,31,0.565508150000129,33,0.536096385294246,33
"178",0.9999,1,33,1,33,0.426262626262626,33,0.426262626262626,33
"179",0.9999,1,33,1,33,0.895815295815296,33,0.895815295815296,33
"180",0.9999,1,33,1,33,0.944741532976827,33,0.944741532976827,33
"181",0.9999,1,33,1,33,0.897940443394989,33,0.897940443394989,33
"182",0.9999,1,33,1,33,0.96969696969697,33,0.96969696969697,33
"183",0.9999,1,33,1,33,0.977011494252873,33,0.977011494252873,33
"184",0.9999,1,32,1,32,0.321824976370431,33,0.321824976370431,33
"185",0.9999,1,33,1,33,0.976190476190476,33,0.976190476190476,33
"186",0.9999,1,33,1,33,0.788429704683575,33,0.788429704683575,33
"187",0.9999,1,33,1,33,0.972582972582973,33,0.972582972582973,33
"188",0.9999,1,33,1,33,0.964085297418631,33,0.964085297418631,33
"189",0.9999,1,33,1,33,0.966524854455889,33,0.966524854455889,33
"190",0.9999,1,33,1,33,0.940909090909091,33,0.940909090909091,33
"191",0.9999,1,33,1,33,0.984326018808778,33,0.984326018808778,33
"192",0.9999,1,33,1,33,0.937611408199644,33,0.937611408199644,33
"193",0.9999,1,33,1,33,0.929148629148629,33,0.929148629148629,33
"194",0.9999,1,33,1,33,0.96760710553814,33,0.96760710553814,33
"195",0.9999,0.96969696969697,33,0.967741935483871,31,0.785714285714286,33,0.733766233766234,33
"196",0.9999,1,33,1,33,0.906060606060606,33,0.906060606060606,33
"197",0.9999,1,33,1,33,0.965367965367965,33,0.965367965367965,33
"198",0.9999,1,33,1,33,0.611111111111111,33,0.611111111111111,33
"199",0.9999,1,33,1,33,1,33,1,33
"200",0.9999,0.96969696969697,33,0.967741935483871,31,0.825813075813076,33,0.774725274725275,33
"201",0.9999,1,33,1,33,1,33,1,33
"202",0.9999,1,33,1,33,0.815426997245179,33,0.815426997245179,33
"203",0.9999,1,33,1,33,0.752946548401094,33,0.752946548401094,33
"204",0.9999,1,33,1,33,0.978787878787879,33,0.978787878787879,33
"205",0.9999,1,33,1,33,1,33,1,33
"206",0.9999,1,33,1,33,0.891446936901482,33,0.891446936901482,33
"207",0.9999,1,33,1,33,0.895861209497573,33,0.895861209497573,33
"208",0.9999,1,33,1,33,0.888213301849666,33,0.888213301849666,33
"209",0.9999,1,33,1,33,0.420829170829171,33,0.420829170829171,33
"210",0.9999,1,33,1,33,0.326158689795053,33,0.326158689795053,33
"211",0.9999,0.96969696969697,33,0.967741935483871,31,0.84961704961705,33,0.789010989010989,33
"212",0.9999,1,33,1,33,0.857142857142857,33,0.857142857142857,33
"213",0.9999,1,33,1,33,0.891363636363636,33,0.891363636363636,33
"214",0.9999,1,33,1,33,0.9375,33,0.9375,33
"215",0.9999,0.96969696969697,33,0.967741935483871,31,0.54782128645765,33,0.504968516332153,33
"216",0.9999,1,33,1,33,0.946127946127946,33,0.946127946127946,33
"217",0.9999,1,33,1,33,1,33,1,33
"218",0.9999,1,33,1,33,0.968253968253968,33,0.968253968253968,33
"219",0.9999,1,33,1,33,0.955266955266955,33,0.955266955266955,33
"220",0.9999,1,33,1,33,0.979101358411703,33,0.979101358411703,33
"221",0.9999,0.96969696969697,33,0.967741935483871,31,0.856421356421356,33,0.808802308802309,33
"222",0.9999,1,33,1,33,0.75,33,0.75,33
"223",0.9999,1,33,1,33,0.572294372294372,33,0.572294372294372,33
"224",0.9999,1,33,1,33,0.878236914600551,33,0.878236914600551,33
"225",0.9999,1,33,1,33,0.785714285714286,33,0.785714285714286,33
"226",0.9999,1,33,1,33,0.96969696969697,33,0.96969696969697,33
"227",0.9999,1,33,1,33,0.998556998556998,33,0.998556998556998,33
"228",0.9999,1,33,1,33,0.810650275650276,33,0.810650275650276,33
"229",0.9999,1,33,1,33,0.662121212121212,33,0.662121212121212,33
"230",0.9999,0.96969696969697,33,0.967741935483871,31,0.74202108807372,33,0.697363990785043,33
"231",0.9999,1,33,1,33,1,33,1,33
"232",0.9999,NA,0,NA,0,0,32,0,32
"233",0.9999,0.96969696969697,33,0.967741935483871,31,0.963427377220481,33,0.90282131661442,33
"234",0.9999,1,33,1,33,0.834098679098679,33,0.834098679098679,33
"235",0.9999,1,33,1,33,0.972332015810277,33,0.972332015810277,33
"236",0.9999,0.909090909090909,33,0.928571428571429,28,0.787649219467401,33,0.6866391184573,33
"237",0.9999,0.96969696969697,33,0.967741935483871,31,0.968181818181818,33,0.907575757575758,33
"238",0.9999,1,33,1,33,0.955702343633378,33,0.955702343633378,33
"239",0.9999,1,33,1,33,1,33,1,33
"240",0.9999,1,33,1,33,0.976388888888889,33,0.976388888888889,33
"241",0.9999,1,33,1,33,0.961212121212121,33,0.961212121212121,33
"242",0.9999,1,33,1,33,0.209334688880143,33,0.209334688880143,33
"243",0.9999,1,33,1,33,0.750089126559715,33,0.750089126559715,33
"244",0.9999,1,33,1,33,0.935828877005348,33,0.935828877005348,33
"245",0.9999,0.9,30,0.964285714285714,28,0.667079889807163,33,0.667079889807163,33
"246",0.9999,1,33,1,33,0.952140452140452,33,0.952140452140452,33
"247",0.9999,1,33,1,33,1,33,1,33
"248",0.9999,1,33,1,33,0.966562173458725,33,0.966562173458725,33
"249",0.9999,1,33,1,33,1,33,1,33
"250",0.9999,1,33,1,33,1,33,1,33
"251",0.9999,1,33,1,33,0.953030303030303,33,0.953030303030303,33
"252",0.9999,1,33,1,33,0.970629944767876,33,0.970629944767876,33
"253",0.9999,1,33,1,33,0.962962962962963,33,0.962962962962963,33
"254",0.9999,1,33,1,33,0.917091797091797,33,0.917091797091797,33
"255",0.9999,1,33,1,33,0.90993006993007,33,0.90993006993007,33
"256",0.9999,1,33,1,33,0.997755331088664,33,0.997755331088664,33
"257",0.9999,1,33,1,33,0.832467532467532,33,0.832467532467532,33
"258",0.9999,1,33,1,33,0.926060606060606,33,0.926060606060606,33
"259",0.9999,1,33,1,33,0.893728467173443,33,0.893728467173443,33
"260",0.9999,1,33,1,33,1,33,1,33
"261",0.9999,1,33,1,33,0.575757575757576,33,0.575757575757576,33
"262",0.9999,1,33,1,33,0.961491841491842,33,0.961491841491842,33
"263",0.9999,1,33,1,33,0.619926120013839,33,0.619926120013839,33
"264",0.9999,1,33,1,33,0.448546066727885,33,0.448546066727885,33
"265",0.9999,1,33,1,33,0.794612794612795,33,0.794612794612795,33
"266",0.9999,1,33,1,33,0.857323232323232,33,0.857323232323232,33
"267",0.9999,1,33,1,33,0.735642135642136,33,0.735642135642136,33
"268",0.9999,1,33,1,33,0.997668997668998,33,0.997668997668998,33
"269",0.9999,1,33,1,33,0.955266955266955,33,0.955266955266955,33
"270",0.9999,0.96969696969697,33,0.967741935483871,31,0.8875,33,0.834722222222222,33
"271",0.9999,1,33,1,33,1,33,1,33
"272",0.9999,1,33,1,33,0.932900432900433,33,0.932900432900433,33
"273",0.9999,0.96969696969697,33,0.967741935483871,31,0.414814814814815,33,0.391245791245791,33
"274",0.9999,0.96969696969697,33,0.967741935483871,31,0.876782531194296,33,0.821524064171123,33
"275",0.9999,0.96969696969697,33,0.967741935483871,31,0.708513708513708,33,0.66955266955267,33
"276",0.9999,1,33,1,33,0.886363636363636,33,0.886363636363636,33
"277",0.9999,1,33,1,33,0.832177544677545,33,0.832177544677545,33
"278",0.9999,1,33,1,33,1,33,1,33
"279",0.9999,1,33,1,33,1,33,1,33
"280",0.9999,1,33,1,33,1,33,1,33
"281",0.9999,1,33,1,33,0.876046176046176,33,0.876046176046176,33
"282",0.9999,1,33,1,33,0.82267871017871,33,0.82267871017871,33
"283",0.9999,1,33,1,33,0.983766233766234,33,0.983766233766234,33
"284",0.9999,1,33,1,33,1,33,1,33
"285",0.9999,1,33,1,33,0.941176470588235,33,0.941176470588235,33
"286",0.9999,1,33,1,33,1,33,1,33
"287",0.9999,0.96969696969697,33,0.967741935483871,31,0.96969696969697,33,0.909090909090909,33
"288",0.9999,1,33,1,33,0.991640543364681,33,0.991640543364681,33
"289",0.9999,1,33,1,33,0.954246017487124,33,0.954246017487124,33
"290",0.9999,NA,0,NA,0,0,33,0,33
"291",0.9999,1,33,1,33,0.822510822510823,33,0.822510822510823,33
"292",0.9999,1,33,1,33,0.791245791245791,33,0.791245791245791,33
"293",0.9999,1,33,1,33,0.857239057239057,33,0.857239057239057,33
"294",0.9999,1,33,1,33,0.838383838383838,33,0.838383838383838,33
"295",0.9999,1,33,1,33,0.457606366697276,33,0.457606366697276,33
"296",0.9999,0.96969696969697,33,0.967741935483871,31,0.936147186147186,33,0.877705627705628,33
"297",0.9999,0.96969696969697,33,0.967741935483871,31,0.758249158249158,33,0.71986531986532,33
"298",0.9999,1,33,1,33,0.953008344312692,33,0.953008344312692,33
"299",0.9999,1,33,1,33,0.965207631874298,33,0.965207631874298,33
"300",0.9999,1,33,1,33,0.967452300785634,33,0.967452300785634,33
"301",0.9999,1,33,1,33,0.964085297418631,33,0.964085297418631,33
"302",0.9999,0.939393939393939,33,0.931034482758621,29,0.914278250485147,33,0.795193312434692,33
"303",0.9999,1,33,1,33,0.871212121212121,33,0.871212121212121,33
"304",0.9999,1,33,1,33,0.693357820630548,33,0.693357820630548,33
"305",0.9999,1,33,1,33,0.965195432586737,33,0.965195432586737,33
"306",0.9999,1,33,1,33,1,33,1,33
"307",0.9999,0.96969696969697,33,0.967741935483871,31,0.952900654050079,33,0.893416927899687,33
"308",0.9999,1,33,1,33,0.931717171717172,33,0.931717171717172,33
"309",0.9999,1,33,1,33,0.73,33,0.73,33
"310",0.9999,1,33,1,33,1,33,1,33
"311",0.9999,1,33,1,33,0.971139971139971,33,0.971139971139971,33
"312",0.9999,1,33,1,33,0.970819304152638,33,0.970819304152638,33
"313",0.9999,1,33,1,33,1,33,1,33
"314",0.9999,0.96969696969697,33,0.967741935483871,31,0.372007790189608,33,0.357938526120344,33
"315",0.9999,0.909090909090909,33,0.928571428571429,28,0.514291264291264,33,0.448856698856699,33
"316",0.9999,1,33,1,33,0.719273151091333,33,0.719273151091333,33
"317",0.9999,1,33,1,33,0.965207631874298,33,0.965207631874298,33
"318",0.9999,1,33,1,33,1,33,1,33
"319",0.9999,1,33,1,33,0.919191919191919,33,0.919191919191919,33
"320",0.9999,1,33,1,33,0.953654188948307,33,0.953654188948307,33
"321",0.9999,1,33,1,33,1,33,1,33
"322",0.9999,0.939393939393939,33,0.966666666666667,30,0.857226107226107,33,0.801670551670552,33
"323",0.9999,1,33,1,33,0.925407925407925,33,0.925407925407925,33
"324",0.9999,1,33,1,33,0.923076923076923,33,0.923076923076923,33
"325",0.9999,0.96969696969697,33,0.967741935483871,31,0.936868686868687,33,0.878787878787879,33
"326",0.9999,1,33,1,33,0.893048128342246,33,0.893048128342246,33
"327",0.9999,0.939393939393939,33,0.966666666666667,30,0.843434343434343,33,0.787878787878788,33
"328",0.9999,0.939393939393939,33,0.966666666666667,30,0.829448329448329,33,0.773504273504274,33
"329",0.9999,1,33,1,33,0.891025641025641,33,0.891025641025641,33
"330",0.9999,1,33,1,33,0.928698752228164,33,0.928698752228164,33
"331",0.9999,1,33,1,33,0.998106060606061,33,0.998106060606061,33
"332",0.9999,1,33,1,33,0.867132867132867,33,0.867132867132867,33
"333",0.9999,1,33,1,33,0.997245179063361,33,0.997245179063361,33
"334",0.9999,0.96969696969697,33,0.967741935483871,31,0.912655971479501,33,0.857397504456328,33
"335",0.9999,1,33,1,33,0.868686868686869,33,0.868686868686869,33
"336",0.9999,1,33,1,33,1,33,1,33
"337",0.9999,1,33,1,33,0.987373737373737,33,0.987373737373737,33
"338",0.9999,1,33,1,33,0.921717171717172,33,0.921717171717172,33
"339",0.9999,1,33,1,33,0.924242424242424,33,0.924242424242424,33
"340",0.9999,1,33,1,33,0.998917748917749,33,0.998917748917749,33
"341",0.9999,1,33,1,33,1,33,1,33
"342",0.9999,1,33,1,33,0.847566574839302,33,0.847566574839302,33
"343",0.9999,0.939393939393939,33,0.966666666666667,30,0.88680926916221,33,0.829768270944742,33
"344",0.9999,1,33,1,33,0.954545454545455,33,0.954545454545455,33
"345",0.9999,1,33,1,33,0.919191919191919,33,0.919191919191919,33
"346",0.9999,1,33,1,33,0.894496434937611,33,0.894496434937611,33
"347",0.9999,0.96969696969697,33,0.967741935483871,31,0.965909090909091,33,0.90530303030303,33
"348",0.9999,0.939393939393939,33,0.966666666666667,30,0.829201101928375,33,0.776400367309458,33
"349",0.9999,1,33,1,33,0.972027972027972,33,0.972027972027972,33
"350",0.9999,1,33,1,33,0.895316804407714,33,0.895316804407714,33
"351",0.9999,1,33,1,33,0.7603668261563,33,0.7603668261563,33
"352",0.9999,1,33,1,33,1,33,1,33
"353",0.9999,0.96969696969697,33,0.967741935483871,31,0.683275983275983,33,0.642871942871943,33
"354",0.9999,NA,0,NA,0,0,33,0,33
"355",0.9999,1,33,1,33,0.950558213716108,33,0.950558213716108,33
"356",0.9999,1,33,1,33,0.930283224400872,33,0.930283224400872,33
"357",0.9999,1,33,1,33,1,33,1,33
"358",0.9999,1,33,1,33,1,33,1,33
"359",0.9999,1,33,1,33,0.82972582972583,33,0.82972582972583,33
"360",0.9999,1,33,1,33,0.927520822257664,33,0.927520822257664,33
"361",0.9999,1,33,1,33,0.89057239057239,33,0.89057239057239,33
"362",0.9999,1,33,1,33,0.98018648018648,33,0.98018648018648,33
"363",0.9999,1,33,1,33,0.7224198360562,33,0.7224198360562,33
"364",0.9999,1,33,1,33,0.167676767676768,33,0.167676767676768,33
"365",0.9999,1,33,1,33,0.390782828282828,33,0.390782828282828,33
"366",0.9999,0.96969696969697,33,0.967741935483871,31,0.841419691419691,33,0.788389388389388,33
"367",0.9999,0.96969696969697,33,0.967741935483871,31,0.723723246450519,33,0.672441195168468,33
"368",0.9999,1,33,1,33,0.830853994490358,33,0.830853994490358,33
"369",0.9999,1,33,1,33,0.596729196729197,33,0.596729196729197,33
"370",0.9999,NA,0,NA,0,NA,0,NA,0
"371",0.9999,1,30,1,30,0.211072261072261,33,0.211072261072261,33
"372",0.9999,1,33,1,33,0.94896331738437,33,0.94896331738437,33
"373",0.9999,1,33,1,33,0.563973063973064,33,0.563973063973064,33
"374",0.9999,0.939393939393939,33,0.967741935483871,31,0.907925407925408,33,0.877622377622378,33
"375",0.9999,1,32,1,32,0.673665223665224,33,0.673665223665224,33
"376",0.9999,0.96969696969697,33,0.96875,32,0.92969696969697,33,0.900656565656566,33
"377",0.9999,NA,0,NA,0,NA,0,NA,0
"378",0.9999,0.939393939393939,33,0.966666666666667,30,0.51986531986532,33,0.478198653198653,33
"379",0.9999,1,33,1,33,0.838552188552188,33,0.838552188552188,33
"380",0.9999,1,33,1,33,0.954545454545455,33,0.954545454545455,33
"381",0.9999,NA,0,NA,0,0,30,0,30
"382",0.9999,1,33,1,33,0.870955165692008,33,0.870955165692008,33
"383",0.9999,1,33,1,33,0.684690213152627,33,0.684690213152627,33
"384",0.9999,1,33,1,33,0.926895881895882,33,0.926895881895882,33
"385",0.9999,0.96969696969697,33,0.967741935483871,31,0.81798375916023,33,0.767478708655179,33
"386",0.9999,1,33,1,33,0.47480823270297,33,0.47480823270297,33
"387",0.9999,1,33,1,33,0.976190476190476,33,0.976190476190476,33
"388",0.9999,1,33,1,33,0.82601880877743,33,0.82601880877743,33
"389",0.9999,1,33,1,33,0.947402597402597,33,0.947402597402597,33
"390",0.9999,1,33,1,33,0.807264957264957,33,0.807264957264957,33
"391",0.9999,1,33,1,33,0.872769043821675,33,0.872769043821675,33
"392",0.9999,1,33,1,33,0.947962382445141,33,0.947962382445141,33
"393",0.9999,1,33,1,33,0.903863193336877,33,0.903863193336877,33
"394",0.9999,1,33,1,33,0.810925039872408,33,0.810925039872408,33
"395",0.9999,1,33,1,33,0.935497835497836,33,0.935497835497836,33
"396",0.9999,1,33,1,33,0.927536231884058,33,0.927536231884058,33
"397",0.9999,1,33,1,33,0.997474747474747,33,0.997474747474747,33
"398",0.9999,1,33,1,33,0.971264367816092,33,0.971264367816092,33
"399",0.9999,1,33,1,33,0.986013986013986,33,0.986013986013986,33
"400",0.9999,1,33,1,33,0.926767676767677,33,0.926767676767677,33
"401",0.9999,1,33,1,33,0.921717171717172,33,0.921717171717172,33
"402",0.9999,1,33,1,33,0.924242424242424,33,0.924242424242424,33
"403",0.9999,1,33,1,33,0.917355371900826,33,0.917355371900826,33
"404",0.9999,1,33,1,33,0.909090909090909,33,0.909090909090909,33
"405",0.9999,1,33,1,33,0.970819304152638,33,0.970819304152638,33
"406",0.9999,1,33,1,33,0.962962962962963,33,0.962962962962963,33
"407",0.9999,1,33,1,33,0.928671328671329,33,0.928671328671329,33
"408",0.9999,1,33,1,33,0.964085297418631,33,0.964085297418631,33
"409",0.9999,1,33,1,33,0.928484848484848,33,0.928484848484848,33
"410",0.9999,1,33,1,33,0.9402331002331,33,0.9402331002331,33
"411",0.9999,0.96969696969697,33,0.967741935483871,31,0.914727924405344,33,0.859107201042685,33
"412",0.9999,1,33,1,33,0.393733600864331,33,0.393733600864331,33
"413",0.9999,1,33,1,33,0.923515860357966,33,0.923515860357966,33
"414",0.9999,1,33,1,33,0.971786833855799,33,0.971786833855799,33
"415",0.9999,1,33,1,33,1,33,1,33
"416",0.9999,1,33,1,33,0.974545454545454,33,0.974545454545454,33
"417",0.9999,1,33,1,33,0.953552620219287,33,0.953552620219287,33
"418",0.9999,1,33,1,33,0.946671846671847,33,0.946671846671847,33
"419",0.9999,0.96969696969697,33,0.967741935483871,31,0.800532800532801,33,0.750749250749251,33
"420",0.9999,0.96969696969697,33,0.96875,32,0.781818181818182,33,0.757575757575758,33
"421",0.9999,1,33,1,33,0.904323145989813,33,0.904323145989813,33
"422",0.9999,1,33,1,33,0.896521739130435,33,0.896521739130435,33
"423",0.9999,0.878787878787879,33,0.964285714285714,28,0.861952861952862,33,0.803591470258137,33
"424",0.9999,0.96969696969697,33,0.967741935483871,31,0.939393939393939,33,0.879832810867294,33
"425",0.9999,0.939393939393939,33,0.966666666666667,30,0.914315569487983,33,0.854754440961338,33
"426",0.9999,1,33,1,33,0.941110613524407,33,0.941110613524407,33
"427",0.9999,1,33,1,33,0.972831765935214,33,0.972831765935214,33
"428",0.9999,1,33,1,33,0.96551724137931,33,0.96551724137931,33
"429",0.9999,1,33,1,33,1,33,1,33
"430",0.9999,1,33,1,33,0.954209583519928,33,0.954209583519928,33
"431",0.9999,1,33,1,33,0.98989898989899,33,0.98989898989899,33
"432",0.9999,0.96969696969697,33,0.967741935483871,31,0.928374655647383,33,0.870523415977961,33
"433",0.9999,1,33,1,33,0.715564738292011,33,0.715564738292011,33
"434",0.9999,1,33,1,33,1,33,1,33
"435",0.9999,1,33,1,33,1,33,1,33
"436",0.9999,1,33,1,33,0.993939393939394,33,0.993939393939394,33
"437",0.9999,0.96969696969697,33,0.967741935483871,31,0.753872053872054,33,0.706060606060606,33
"438",0.9999,1,33,1,33,0.902870813397129,33,0.902870813397129,33
"439",0.9999,0.96969696969697,33,0.967741935483871,31,0.942424242424242,33,0.886363636363636,33
"440",0.9999,0.848484848484849,33,0.962962962962963,27,0.810770038042765,33,0.751606978879706,33
"441",0.9999,1,33,1,33,0.810620821865881,33,0.810620821865881,33
"442",0.9999,1,33,1,33,0.816399286987522,33,0.816399286987522,33
"443",0.9999,1,33,1,33,1,33,1,33
"444",0.9999,1,33,1,33,0.997245179063361,33,0.997245179063361,33
"445",0.9999,1,33,1,33,0.965367965367965,33,0.965367965367965,33
"446",0.9999,1,33,1,33,0.916703996486605,33,0.916703996486605,33
"447",0.9999,1,33,1,33,0.959758879113718,33,0.959758879113718,33
"448",0.9999,1,33,1,33,0.619427264888847,33,0.619427264888847,33
"449",0.9999,1,33,1,33,0.384546033757967,33,0.384546033757967,33
"450",0.9999,1,33,1,33,0.675751388430814,33,0.675751388430814,33
"451",0.9999,0.96969696969697,33,0.967741935483871,31,0.859174159174159,33,0.802897102897103,33
"452",0.9999,1,33,1,33,0.964285714285714,33,0.964285714285714,33
"453",0.9999,1,33,1,33,0.905960174350979,33,0.905960174350979,33
"454",0.9999,1,33,1,33,0.998217468805704,33,0.998217468805704,33
"455",0.9999,1,33,1,33,0.985370950888192,33,0.985370950888192,33
"456",0.9999,1,33,1,33,0.946127946127946,33,0.946127946127946,33
"457",0.9999,1,33,1,33,0.939328348419257,33,0.939328348419257,33
"458",0.9999,0.96969696969697,33,0.967741935483871,31,0.965433556342647,33,0.904827495736587,33
"459",0.9999,1,33,1,33,0.942017578381215,33,0.942017578381215,33
"460",0.9999,1,33,1,33,0.767230929989551,33,0.767230929989551,33
"461",0.9999,1,33,1,33,0.725223665223665,33,0.725223665223665,33
"462",0.9999,1,33,1,33,0.90829346092504,33,0.90829346092504,33
"463",0.9999,1,33,1,33,1,33,1,33
"464",0.9999,1,33,1,33,0.964085297418631,33,0.964085297418631,33
"465",0.9999,1,33,1,33,1,33,1,33
"466",0.9999,1,33,1,33,1,33,1,33
"467",0.9999,1,33,1,33,0.993506493506493,33,0.993506493506493,33
"468",0.9999,1,33,1,33,0.831746031746032,33,0.831746031746032,33
"469",0.9999,1,33,1,33,0.815018315018315,33,0.815018315018315,33
"470",0.9999,1,33,1,33,0.822843822843823,33,0.822843822843823,33
"471",0.9999,1,33,1,33,0.832334332334332,33,0.832334332334332,33
"472",0.9999,1,33,1,33,0.841108891108891,33,0.841108891108891,33
"473",0.9999,1,33,1,33,1,33,1,33
"474",0.9999,1,33,1,33,1,33,1,33
"475",0.9999,1,33,1,33,0.802031302031302,33,0.802031302031302,33
"476",0.9999,1,33,1,33,0.763458763458764,33,0.763458763458764,33
"477",0.9999,0.96969696969697,33,0.967741935483871,31,0.794483294483294,33,0.745920745920746,33
"478",0.9999,1,33,1,33,0.813075813075813,33,0.813075813075813,33
"479",0.9999,1,33,1,33,0.848595848595849,33,0.848595848595849,33
"480",0.9999,1,33,1,33,0.895316804407713,33,0.895316804407713,33
"481",0.9999,1,33,1,33,0.994775339602926,33,0.994775339602926,33
"482",0.9999,1,33,1,33,0.958787878787879,33,0.958787878787879,33
"483",0.9999,1,33,1,33,0.99030303030303,33,0.99030303030303,33
"484",0.9999,1,33,1,33,0.936868686868687,33,0.936868686868687,33
"485",0.9999,1,33,1,33,0.976190476190476,33,0.976190476190476,33
"486",0.9999,1,33,1,33,0.938993105659772,33,0.938993105659772,33
"487",0.9999,1,33,1,33,0.766850321395776,33,0.766850321395776,33
"488",0.9999,1,33,1,33,1,33,1,33
"489",0.9999,0.96969696969697,33,0.967741935483871,31,0.902463228779018,33,0.848236753499911,33
"490",0.9999,1,33,1,33,0.984189723320158,33,0.984189723320158,33
"491",0.9999,1,33,1,33,0.989550679205852,33,0.989550679205852,33
"492",0.9999,1,33,1,33,1,33,1,33
"493",0.9999,1,33,1,33,0.965499147317329,33,0.965499147317329,33
"494",0.9999,1,33,1,33,0.242929292929293,33,0.242929292929293,33
"495",0.9999,1,33,1,33,0.715728715728716,33,0.715728715728716,33
"496",0.9999,1,33,1,33,0.911653284986618,33,0.911653284986618,33
"497",0.9999,1,33,1,33,0.577522477522477,33,0.577522477522477,33
"498",0.9999,1,33,1,33,0.906039046592406,33,0.906039046592406,33
"499",0.9999,1,33,1,33,1,33,1,33
"500",0.9999,1,33,1,33,1,33,1,33
"501",0.9999,1,33,1,33,1,33,1,33
"502",0.9999,0.96969696969697,33,0.96969696969697,33,0.96969696969697,33,0.96969696969697,33
"503",0.9999,1,33,1,33,1,33,1,33
"504",0.9999,1,33,1,33,1,33,1,33
"505",0.9999,1,33,1,33,0.811336536934623,33,0.811336536934623,33
"506",0.9999,1,33,1,33,0.998106060606061,33,0.998106060606061,33
"507",0.9999,1,33,1,33,0.951048951048951,33,0.951048951048951,33
"508",0.9999,1,33,1,33,0.953823953823954,33,0.953823953823954,33
"509",0.9999,1,33,1,33,0.976256067165158,33,0.976256067165158,33
"510",0.9999,1,33,1,33,0.96969696969697,33,0.96969696969697,33
"511",0.9999,1,33,1,33,0.576681832229961,33,0.576681832229961,33
"512",0.9999,0.939393939393939,33,0.931034482758621,29,0.831728012842564,33,0.730009069018357,33
"513",0.9999,1,33,1,33,0.935725677830941,33,0.935725677830941,33
"514",0.9999,1,33,1,33,0.924242424242424,33,0.924242424242424,33
"515",0.9999,1,33,1,33,0.994172494172494,33,0.994172494172494,33
"516",0.9999,1,33,1,33,1,33,1,33
"517",0.9999,1,33,1,33,0.713847263847264,33,0.713847263847264,33
"518",0.9999,1,33,1,33,0.997575757575758,33,0.997575757575758,33
"519",0.9999,1,33,1,33,0.995337995337995,33,0.995337995337995,33
"520",0.9999,1,33,1,33,0.964285714285714,33,0.964285714285714,33
"521",0.9999,1,33,1,33,0.885158603579656,33,0.885158603579656,33
"522",0.9999,1,33,1,33,0.966131907308378,33,0.966131907308378,33
"523",0.9999,1,33,1,33,0.932684038527692,33,0.932684038527692,33
"524",0.9999,1,33,1,33,0.95001295001295,33,0.95001295001295,33
"525",0.9999,0.96969696969697,33,0.967741935483871,31,0.966450216450216,33,0.905844155844156,33
"526",0.9999,1,33,1,33,0.912878787878788,33,0.912878787878788,33
"527",0.9999,0.954545454545455,22,0.952380952380952,21,0.473639455782313,28,0.45578231292517,28
"528",0.9999,0.964285714285714,28,0.961538461538462,26,0.547474747474747,33,0.496969696969697,33
"529",0.9999,1,33,1,33,0.964285714285714,33,0.964285714285714,33
"530",0.9999,1,33,1,33,0.939393939393939,33,0.939393939393939,33
"531",0.9999,1,33,1,33,0.977961432506887,33,0.977961432506887,33
"532",0.9999,1,33,1,33,0.952525252525253,33,0.952525252525253,33
"533",0.9999,1,33,1,33,0.569688971159559,33,0.569688971159559,33
"534",0.9999,1,33,1,33,0.915818261668064,33,0.915818261668064,33
"535",0.9999,1,33,1,33,0.632623021660455,33,0.632623021660455,33
"536",0.9999,0.939393939393939,33,0.931034482758621,29,0.884469696969697,33,0.767045454545455,33
"537",0.9999,1,33,1,33,0.849956575343882,33,0.849956575343882,33
"538",0.9999,1,33,1,33,0.938274369308852,33,0.938274369308852,33
"539",0.9999,0.944444444444444,18,0.944444444444444,18,0.118181818181818,33,0.118181818181818,33
"540",0.9999,1,33,1,33,1,33,1,33
"541",0.9999,1,33,1,33,0.937373737373737,33,0.937373737373737,33
"542",0.9999,1,33,1,33,0.706320541028187,33,0.706320541028187,33
"543",0.9999,1,33,1,33,0.939779569089914,33,0.939779569089914,33
"544",0.9999,1,33,1,33,0.410669633396906,33,0.410669633396906,33
"545",0.9999,0.96969696969697,33,0.967741935483871,31,0.275137741046832,33,0.244834710743802,33
"546",0.9999,0.96969696969697,33,0.967741935483871,31,0.902338541585853,33,0.843937066517712,33
"547",0.9999,1,33,1,33,0.953053363231339,33,0.953053363231339,33
"548",0.9999,1,33,1,33,0.41233362596999,33,0.41233362596999,33
"549",0.9999,1,33,1,33,0.986363636363636,33,0.986363636363636,33
"550",0.9999,1,33,1,33,0.912752525252525,33,0.912752525252525,33
"551",0.9999,1,33,1,33,0.945434739552387,33,0.945434739552387,33
"552",0.9999,0.96969696969697,33,0.96969696969697,33,0.90282131661442,33,0.90282131661442,33
"553",0.9999,1,33,1,33,0.96760710553814,33,0.96760710553814,33
"554",0.9999,1,33,1,33,0.946732280065613,33,0.946732280065613,33
"555",0.9999,0.939393939393939,33,0.96875,32,0.373737373737374,33,0.373737373737374,33
"556",0.9999,1,33,1,33,0.93006993006993,33,0.93006993006993,33
"557",0.9999,0.909090909090909,33,0.964285714285714,28,0.888888888888889,33,0.804040404040404,33
"558",0.9999,1,33,1,33,0.926406926406926,33,0.926406926406926,33
"559",0.9999,1,33,1,33,0.876767676767677,33,0.876767676767677,33
"560",0.9999,1,33,1,33,0.910737274707863,33,0.910737274707863,33
"561",0.9999,1,33,1,33,0.931818181818182,33,0.931818181818182,33
"562",0.9999,0.939393939393939,33,0.933333333333333,30,0.939393939393939,33,0.848484848484849,33
"563",0.9999,NA,0,NA,0,0,32,0,32
"564",0.9999,1,33,1,33,0.997575757575758,33,0.997575757575758,33
"565",0.9999,1,33,1,33,0.874541062801932,33,0.874541062801932,33
"566",0.9999,1,33,1,33,0.956751307541821,33,0.956751307541821,33
"567",0.9999,1,33,1,33,0.940559440559441,33,0.940559440559441,33
"568",0.9999,1,33,1,33,0.961538461538462,33,0.961538461538462,33
"569",0.9999,1,33,1,33,0.184551912915672,33,0.184551912915672,33
"570",0.9999,1,33,1,33,0.812359830185917,33,0.812359830185917,33
"571",0.9999,1,33,1,33,0.934146100812767,33,0.934146100812767,33
"572",0.9999,1,33,1,33,0.932777777777778,33,0.932777777777778,33
"573",0.9999,1,33,1,33,0.600668775668776,33,0.600668775668776,33
"574",0.9999,1,33,1,33,0.961538461538462,33,0.961538461538462,33
"575",0.9999,1,33,1,33,0.604817404817405,33,0.604817404817405,33
"576",0.9999,1,33,1,33,0.726216218884841,33,0.726216218884841,33
"577",0.9999,1,33,1,33,0.928571428571429,33,0.928571428571429,33
"578",0.9999,1,33,1,33,0.78030303030303,33,0.78030303030303,33
"579",0.9999,0.939393939393939,33,0.931034482758621,29,0.842642627700099,33,0.735900880728467,33
"580",0.9999,1,33,1,33,1,33,1,33
"581",0.9999,1,33,1,33,1,33,1,33
"582",0.9999,0.939393939393939,33,0.966666666666667,30,0.899254401724757,33,0.838648341118697,33
"583",0.9999,1,33,1,33,0.995867768595041,33,0.995867768595041,33
"584",0.9999,1,33,1,33,1,33,1,33
"585",0.9999,1,33,1,33,1,33,1,33
"586",0.9999,1,33,1,33,1,33,1,33
"587",0.9999,1,33,1,33,0.889148841354724,33,0.889148841354724,33
"588",0.9999,0.96969696969697,33,0.967741935483871,31,0.894660894660895,33,0.838383838383838,33
"589",0.9999,1,33,1,33,0.994318181818182,33,0.994318181818182,33
"590",0.9999,1,33,1,33,0.95614262280929,33,0.95614262280929,33
"591",0.9999,1,33,1,33,0.655135773317591,33,0.655135773317591,33
"592",0.9999,1,33,1,33,0.917748917748918,33,0.917748917748918,33
"593",0.9999,1,33,1,33,0.991341991341991,33,0.991341991341991,33
"594",0.9999,1,33,1,33,1,33,1,33
"595",0.9999,1,33,1,33,0.962962962962963,33,0.962962962962963,33
"596",0.9999,1,33,1,33,0.547816091954023,33,0.547816091954023,33
"597",0.9999,1,33,1,33,0.924476270326073,33,0.924476270326073,33
"598",0.9999,1,33,1,33,1,33,1,33
"599",0.9999,0.96969696969697,33,0.96875,32,0.966450216450216,33,0.936147186147186,33
"600",0.9999,1,33,1,33,0.968574635241302,33,0.968574635241302,33
"601",0.9999,1,33,1,33,0.849962071305945,33,0.849962071305945,33
"602",0.9999,1,33,1,33,0.893762583485904,33,0.893762583485904,33
"603",0.9999,1,33,1,33,1,33,1,33
"604",0.9999,0.96969696969697,33,0.967741935483871,31,0.9337822671156,33,0.875420875420875,33
"605",0.9999,0.939393939393939,33,0.931034482758621,29,0.522865013774105,33,0.450137741046832,33
"606",0.9999,0.96969696969697,33,0.967741935483871,31,0.9337822671156,33,0.875420875420875,33
"607",0.9999,1,33,1,33,0.964085297418631,33,0.964085297418631,33
"608",0.9999,1,33,1,33,0.962962962962963,33,0.962962962962963,33
"609",0.9999,1,33,1,33,1,33,1,33
"610",0.9999,0.96969696969697,33,0.967741935483871,31,0.934904601571268,33,0.876543209876543,33
"611",0.9999,1,33,1,33,0.994172494172494,33,0.994172494172494,33
"612",0.9999,1,33,1,33,0.962962962962963,33,0.962962962962963,33
"613",0.9999,1,33,1,33,1,33,1,33
