"","quantile","score1.n","score1.w","score1_adj.n","score1_adj.w","score2.n","score2.w","score2_adj.n","score2_adj.w"
"1",0.9999,1,33,1,33,0.946236559139785,33,0.946236559139785,33
"2",0.9999,1,16,1,16,0.0346151757240331,33,0.0346151757240331,33
"3",0.9999,1,33,1,33,0.601848130583763,33,0.601848130583763,33
"4",0.9999,1,33,1,33,0.343298335798805,33,0.343298335798805,33
"5",0.9999,1,33,1,33,0.63939350985328,33,0.63939350985328,33
"6",0.9999,0.96969696969697,33,0.967741935483871,31,0.700947632614299,33,0.658647233992061,33
"7",0.9999,1,33,1,33,0.809467416363968,33,0.809467416363968,33
"8",0.9999,1,33,1,33,0.648416132611535,33,0.648416132611535,33
"9",0.9999,0.939393939393939,33,0.931034482758621,29,0.799959044786631,33,0.698268398268398,33
"10",0.9999,1,33,1,33,0.603134519801186,33,0.603134519801186,33
"11",0.9999,1,33,1,33,0.726995226995227,33,0.726995226995227,33
"12",0.9999,1,33,1,33,0.802753421546525,33,0.802753421546525,33
"13",0.9999,0.96969696969697,33,0.967741935483871,31,0.822947231567921,33,0.766670175290865,33
"14",0.9999,1,33,1,33,0.732650720327937,33,0.732650720327937,33
"15",0.9999,1,33,1,33,0.952908394287705,33,0.952908394287705,33
"16",0.9999,0.96969696969697,33,0.967741935483871,31,0.435381774882479,33,0.403315076149114,33
"17",0.9999,1,33,1,33,0.367245877798503,33,0.367245877798503,33
"18",0.9999,1,33,1,33,0.89718863511967,33,0.89718863511967,33
"19",0.9999,1,33,1,33,0.85548608479643,33,0.85548608479643,33
"20",0.9999,1,33,1,33,0.842376971687317,33,0.842376971687317,33
"21",0.9999,0.96969696969697,33,0.96969696969697,33,0.885891169762138,33,0.885891169762138,33
"22",0.9999,0.96969696969697,33,0.967741935483871,31,0.877673284569836,33,0.824887360816171,33
"23",0.9999,1,33,1,33,0.910567210567211,33,0.910567210567211,33
"24",0.9999,1,33,1,33,0.950850873264666,33,0.950850873264666,33
"25",0.9999,0.96969696969697,33,0.967741935483871,31,0.653599807453562,33,0.613125499153167,33
"26",0.9999,0.939393939393939,33,0.96551724137931,29,0.743296932952105,33,0.684108994453822,33
"27",0.9999,1,33,1,33,0.906840372580083,33,0.906840372580083,33
"28",0.9999,1,33,1,33,0.886010269547533,33,0.886010269547533,33
"29",0.9999,1,33,1,33,0.693533223049352,33,0.693533223049352,33
"30",0.9999,1,33,1,33,0.70927757135267,33,0.70927757135267,33
"31",0.9999,1,33,1,33,0.827251008786048,33,0.827251008786048,33
"32",0.9999,1,33,1,33,0.128746444352505,33,0.128746444352505,33
"33",0.9999,1,33,1,33,0.908849098003714,33,0.908849098003714,33
"34",0.9999,1,33,1,33,0.913450410669543,33,0.913450410669543,33
"35",0.9999,1,33,1,33,0.818757471260252,33,0.818757471260252,33
"36",0.9999,0.939393939393939,33,0.966666666666667,30,0.73802541544477,33,0.691104594330401,33
"37",0.9999,1,33,1,33,0.552456552890642,33,0.552456552890642,33
"38",0.9999,1,33,1,33,0.652515538674959,33,0.652515538674959,33
"39",0.9999,1,33,1,33,0.637328658995326,33,0.637328658995326,33
"40",0.9999,0.96969696969697,33,0.967741935483871,31,0.753353621686955,33,0.712949581282915,33
"41",0.9999,1,33,1,33,0.584668546210048,33,0.584668546210048,33
"42",0.9999,1,33,1,33,0.781968664722288,33,0.781968664722288,33
"43",0.9999,1,33,1,33,0.766613139946473,33,0.766613139946473,33
"44",0.9999,1,33,1,33,0.935094790267204,33,0.935094790267204,33
"45",0.9999,0.96969696969697,33,0.967741935483871,31,0.900104493207942,33,0.843573667711599,33
"46",0.9999,1,33,1,33,0.555651341913655,33,0.555651341913655,33
"47",0.9999,1,33,1,33,0.912575139605173,33,0.912575139605173,33
"48",0.9999,1,33,1,33,0.594555102766246,33,0.594555102766246,33
"49",0.9999,0.939393939393939,33,0.931034482758621,29,0.868686868686869,33,0.758292603453894,33
"50",0.9999,0.96969696969697,33,0.967741935483871,31,0.465621145645069,33,0.434797031487622,33
"51",0.9999,1,33,1,33,0.908073344280241,33,0.908073344280241,33
"52",0.9999,0.96969696969697,33,0.967741935483871,31,0.256387983517601,33,0.238750065879683,33
"53",0.9999,0.909090909090909,33,0.928571428571429,28,0.771052010651566,33,0.662952101661779,33
"54",0.9999,1,33,1,33,0.928388445073651,33,0.928388445073651,33
"55",0.9999,1,33,1,33,0.695432154052844,33,0.695432154052844,33
"56",0.9999,0.96969696969697,33,0.967741935483871,31,0.329037823941437,33,0.300249945153558,33
"57",0.9999,0.96969696969697,33,0.967741935483871,31,0.53511611653402,33,0.496857273927351,33
"58",0.9999,0.96969696969697,33,0.967741935483871,31,0.402421044503424,33,0.375192234665919,33
"59",0.9999,1,33,1,33,0.723854972188306,33,0.723854972188306,33
"60",0.9999,1,33,1,33,0.61732005368369,33,0.61732005368369,33
"61",0.9999,1,33,1,33,0.779963240536363,33,0.779963240536363,33
"62",0.9999,1,33,1,33,0.906882988473645,33,0.906882988473645,33
"63",0.9999,1,12,1,12,0.0661723753829017,33,0.0661723753829017,33
"64",0.9999,0.96969696969697,33,0.967741935483871,31,0.913285243986023,33,0.855709486410265,33
"65",0.9999,1,33,1,33,0.625186418519752,33,0.625186418519752,33
"66",0.9999,1,33,1,33,0.751627937834834,33,0.751627937834834,33
"67",0.9999,1,11,1,11,0.027133402995472,33,0.027133402995472,33
"68",0.9999,1,33,1,33,0.82018930409735,33,0.82018930409735,33
"69",0.9999,1,33,1,33,0.551954517764019,33,0.551954517764019,33
"70",0.9999,1,33,1,33,0.789072232646574,33,0.789072232646574,33
"71",0.9999,0.96969696969697,33,0.967741935483871,31,0.911045943304008,33,0.854349951124145,33
"72",0.9999,0.96969696969697,33,0.96875,32,0.761425232654953,33,0.741223212452933,33
"73",0.9999,1,33,1,33,0.612420708652593,33,0.612420708652593,33
"74",0.9999,0.96969696969697,33,0.967741935483871,31,0.298803367768885,33,0.268170358914461,33
"75",0.9999,1,33,1,33,0.695297728670588,33,0.695297728670588,33
"76",0.9999,0.909090909090909,33,0.964285714285714,28,0.719137720517031,33,0.650172203275652,33
"77",0.9999,1,33,1,33,0.68926027956331,33,0.68926027956331,33
"78",0.9999,1,33,1,33,0.35258088073633,33,0.35258088073633,33
"79",0.9999,1,33,1,33,0.631393656197044,33,0.631393656197044,33
"80",0.9999,1,33,1,33,0.939328771586836,33,0.939328771586836,33
"81",0.9999,1,33,1,33,0.737611473243657,33,0.737611473243657,33
"82",0.9999,1,27,1,27,0.0974077940769518,33,0.0974077940769518,33
"83",0.9999,1,33,1,33,0.922515477354187,33,0.922515477354187,33
"84",0.9999,1,33,1,33,0.935629695974524,33,0.935629695974524,33
"85",0.9999,1,33,1,33,0.811153062321027,33,0.811153062321027,33
"86",0.9999,1,33,1,33,0.745394791361354,33,0.745394791361354,33
"87",0.9999,1,33,1,33,0.910311120099774,33,0.910311120099774,33
"88",0.9999,1,33,1,33,0.889931573802542,33,0.889931573802542,33
"89",0.9999,1,33,1,33,0.904059264181622,33,0.904059264181622,33
"90",0.9999,1,33,1,33,0.930819878428332,33,0.930819878428332,33
"91",0.9999,0.96969696969697,33,0.967741935483871,31,0.869943676395289,33,0.813450169901783,33
"92",0.9999,1,33,1,33,0.829778352766859,33,0.829778352766859,33
"93",0.9999,1,33,1,33,0.822458405791739,33,0.822458405791739,33
"94",0.9999,0.96969696969697,33,0.967741935483871,31,0.471726634885223,33,0.4316031780951,33
"95",0.9999,1,33,1,33,0.845439111623761,33,0.845439111623761,33
"96",0.9999,1,33,1,33,0.889083139083139,33,0.889083139083139,33
"97",0.9999,1,33,1,33,0.886803519061584,33,0.886803519061584,33
"98",0.9999,0.96969696969697,33,0.967741935483871,31,0.940371456500489,33,0.883675464320626,33
"99",0.9999,0.939393939393939,33,0.935483870967742,31,0.735220150722868,32,0.698136817389535,32
"100",0.9999,1,33,1,33,0.838995189569902,33,0.838995189569902,33
"101",0.9999,1,33,1,33,0.777312614465006,33,0.777312614465006,33
"102",0.9999,0.96969696969697,33,0.967741935483871,31,0.549891841433343,33,0.518984946396014,33
"103",0.9999,1,33,1,33,0.879858019457574,33,0.879858019457574,33
"104",0.9999,0.8,5,0.8,5,0.00701264880952381,32,0.00701264880952381,32
"105",0.9999,1,33,1,33,0.937234413096482,33,0.937234413096482,33
"106",0.9999,1,33,1,33,0.889266336047945,33,0.889266336047945,33
"107",0.9999,1,33,1,33,0.904392861289413,33,0.904392861289413,33
"108",0.9999,1,33,1,33,0.765001175920716,33,0.765001175920716,33
"109",0.9999,1,33,1,33,0.90752688172043,33,0.90752688172043,33
"110",0.9999,1,33,1,33,0.337077078017832,33,0.337077078017832,33
"111",0.9999,1,33,1,33,0.33771293782354,33,0.33771293782354,33
"112",0.9999,1,33,1,33,0.831235792730046,33,0.831235792730046,33
"113",0.9999,0.939393939393939,33,0.967741935483871,31,0.902995471960989,33,0.87370254266806,33
"114",0.9999,1,33,1,33,0.926817435438125,33,0.926817435438125,33
"115",0.9999,1,33,1,33,0.921470545274772,33,0.921470545274772,33
"116",0.9999,1,26,1,26,0.0524488947793198,33,0.0524488947793198,33
"117",0.9999,0.96969696969697,33,0.967741935483871,31,0.911076280041797,33,0.852490421455939,33
"118",0.9999,1,33,1,33,0.938279345175897,33,0.938279345175897,33
"119",0.9999,1,33,1,33,0.947539915281851,33,0.947539915281851,33
"120",0.9999,0.96969696969697,33,0.967741935483871,31,0.788090846351716,33,0.741554049814919,33
"121",0.9999,1,33,1,33,0.831832180165514,33,0.831832180165514,33
"122",0.9999,1,33,1,33,0.788306749611097,33,0.788306749611097,33
"123",0.9999,1,33,1,33,0.756959151959152,33,0.756959151959152,33
"124",0.9999,1,33,1,33,0.661643394179626,33,0.661643394179626,33
"125",0.9999,1,33,1,33,0.848398621387127,33,0.848398621387127,33
"126",0.9999,0.96969696969697,33,0.967741935483871,31,0.862455934869728,33,0.805179877593671,33
"127",0.9999,1,33,1,33,0.923882396184955,33,0.923882396184955,33
"128",0.9999,0.96969696969697,33,0.967741935483871,31,0.490250620286852,33,0.458870148906381,33
"129",0.9999,1,33,1,33,0.924053064857663,33,0.924053064857663,33
"130",0.9999,1,33,1,33,0.879982889437839,33,0.879982889437839,33
"131",0.9999,0.96969696969697,33,0.967741935483871,31,0.91095133049156,33,0.852589938796835,33
"132",0.9999,0.96969696969697,33,0.967741935483871,31,0.745189682956481,33,0.69847251123931,33
"133",0.9999,1,33,1,33,0.935295991858839,33,0.935295991858839,33
"134",0.9999,1,33,1,33,0.880389510515576,33,0.880389510515576,33
"135",0.9999,1,33,1,33,0.929872698059572,33,0.929872698059572,33
"136",0.9999,1,33,1,33,0.853748210070049,33,0.853748210070049,33
"137",0.9999,0.96969696969697,33,0.967741935483871,31,0.737675835002172,33,0.693624207617211,33
"138",0.9999,0.96969696969697,33,0.967741935483871,31,0.794483989828817,33,0.742696271374432,33
"139",0.9999,1,33,1,33,0.915544332210999,33,0.915544332210999,33
"140",0.9999,1,33,1,33,0.853306922962095,33,0.853306922962095,33
"141",0.9999,1,33,1,33,0.657432567432567,33,0.657432567432567,33
"142",0.9999,0.96969696969697,33,0.967741935483871,31,0.88445175514141,33,0.82701780977643,33
"143",0.9999,1,33,1,33,0.704850617860465,33,0.704850617860465,33
"144",0.9999,1,33,1,33,0.25113563107816,33,0.25113563107816,33
"145",0.9999,0.96969696969697,33,0.967741935483871,31,0.69816437357301,33,0.655375372450675,33
"146",0.9999,1,33,1,33,0.881504702194357,33,0.881504702194357,33
"147",0.9999,1,33,1,33,0.714234312508357,33,0.714234312508357,33
"148",0.9999,1,33,1,33,0.886535771593243,33,0.886535771593243,33
"149",0.9999,1,33,1,33,0.900687391955468,33,0.900687391955468,33
"150",0.9999,NA,0,NA,0,0,33,0,33
"151",0.9999,0.96969696969697,33,0.967741935483871,31,0.883610296513522,33,0.827891821440209,33
"152",0.9999,1,33,1,33,0.906744868035191,33,0.906744868035191,33
"153",0.9999,1,33,1,33,0.939093942764688,33,0.939093942764688,33
"154",0.9999,1,33,1,33,0.767274367511668,33,0.767274367511668,33
"155",0.9999,1,33,1,33,0.418225462138506,33,0.418225462138506,33
"156",0.9999,1,33,1,33,0.951515151515151,33,0.951515151515151,33
"157",0.9999,1,33,1,33,0.822499765028501,33,0.822499765028501,33
"158",0.9999,1,33,1,33,0.780766593984985,33,0.780766593984985,33
"159",0.9999,1,33,1,33,0.329824255212231,33,0.329824255212231,33
"160",0.9999,0.96969696969697,33,0.96875,32,0.738893822227156,33,0.714202464202464,33
"161",0.9999,1,33,1,33,0.719675386342053,33,0.719675386342053,33
"162",0.9999,1,33,1,33,0.773411832952063,33,0.773411832952063,33
"163",0.9999,1,33,1,33,0.96969696969697,33,0.96969696969697,33
"164",0.9999,1,33,1,33,0.938123167155425,33,0.938123167155425,33
"165",0.9999,0.96969696969697,33,0.96969696969697,33,0.605707248563978,33,0.605707248563978,33
"166",0.9999,0.96969696969697,33,0.967741935483871,31,0.86612291497349,33,0.810816152770176,33
"167",0.9999,0.96969696969697,33,0.96875,32,0.200014676193859,33,0.195166191345374,33
"168",0.9999,0.96969696969697,33,0.967741935483871,31,0.713839802416878,33,0.675680430924173,33
"169",0.9999,1,26,1,26,0.0639701414856214,33,0.0639701414856214,33
"170",0.9999,0.96969696969697,33,0.967741935483871,31,0.929618768328446,33,0.871945259042033,33
"171",0.9999,1,33,1,33,0.93611981887844,33,0.93611981887844,33
"172",0.9999,1,33,1,33,0.642913361648994,33,0.642913361648994,33
"173",0.9999,0.96969696969697,33,0.967741935483871,31,0.875490813996561,33,0.81906448170816,33
"174",0.9999,1,33,1,33,0.935807462837496,33,0.935807462837496,33
"175",0.9999,0.96969696969697,33,0.96969696969697,33,0.701221026275999,33,0.701221026275999,33
"176",0.9999,0.96969696969697,33,0.967741935483871,31,0.930787294524781,33,0.874221637959124,33
"177",0.9999,1,33,1,33,0.96063639734385,33,0.96063639734385,33
"178",0.9999,1,33,1,33,0.33567807485807,33,0.33567807485807,33
"179",0.9999,1,33,1,33,0.752174975562072,33,0.752174975562072,33
"180",0.9999,1,32,1,32,0.22443299902526,33,0.22443299902526,33
"181",0.9999,1,33,1,33,0.415469101021767,33,0.415469101021767,33
"182",0.9999,1,33,1,33,0.789879154476856,33,0.789879154476856,33
"183",0.9999,1,33,1,33,0.802093713013253,33,0.802093713013253,33
"184",0.9999,1,33,1,33,0.374375659474474,33,0.374375659474474,33
"185",0.9999,1,33,1,33,0.887877182760386,33,0.887877182760386,33
"186",0.9999,1,33,1,33,0.932644577027224,33,0.932644577027224,33
"187",0.9999,1,33,1,33,0.903959265305205,33,0.903959265305205,33
"188",0.9999,1,33,1,33,0.907077120410454,33,0.907077120410454,33
"189",0.9999,1,33,1,33,0.924059280232806,33,0.924059280232806,33
"190",0.9999,0.96969696969697,33,0.967741935483871,31,0.873900293255132,33,0.819159335288367,33
"191",0.9999,1,33,1,33,0.938474848597207,33,0.938474848597207,33
"192",0.9999,0.96969696969697,33,0.967741935483871,31,0.908732486151841,33,0.852036493971978,33
"193",0.9999,0.96969696969697,33,0.967741935483871,31,0.881200855338786,33,0.821717129188394,33
"194",0.9999,1,33,1,33,0.935483870967742,33,0.935483870967742,33
"195",0.9999,1,33,1,33,0.954382535027696,33,0.954382535027696,33
"196",0.9999,1,33,1,33,0.343730551068012,33,0.343730551068012,33
"197",0.9999,1,33,1,33,0.913233318405732,33,0.913233318405732,33
"198",0.9999,1,33,1,33,0.404273088765067,33,0.404273088765067,33
"199",0.9999,1,33,1,33,0.817695841833773,33,0.817695841833773,33
"200",0.9999,1,21,1,21,0.0634299201179302,33,0.0634299201179302,33
"201",0.9999,0.96969696969697,33,0.967741935483871,31,0.755518619866446,33,0.709761907443067,33
"202",0.9999,1,33,1,33,0.914236918686307,33,0.914236918686307,33
"203",0.9999,1,33,1,33,0.820699892260886,33,0.820699892260886,33
"204",0.9999,1,33,1,33,0.960668981247402,33,0.960668981247402,33
"205",0.9999,0.96969696969697,33,0.967741935483871,31,0.82637844913707,33,0.772305978397932,33
"206",0.9999,0.939393939393939,33,0.931034482758621,29,0.320369363463782,32,0.288528536718064,32
"207",0.9999,1,33,1,33,0.926933405242638,33,0.926933405242638,33
"208",0.9999,0.96969696969697,33,0.967741935483871,31,0.755196152062719,33,0.703098824103322,33
"209",0.9999,1,33,1,33,0.918221625118177,33,0.918221625118177,33
"210",0.9999,1,33,1,33,0.910776283412546,33,0.910776283412546,33
"211",0.9999,1,33,1,33,0.197263165684218,33,0.197263165684218,33
"212",0.9999,0.939393939393939,33,0.931034482758621,29,0.663753020074859,33,0.573124512779685,33
"213",0.9999,1,33,1,33,0.918572825024438,33,0.918572825024438,33
"214",0.9999,1,33,1,33,0.510730356599922,33,0.510730356599922,33
"215",0.9999,1,33,1,33,0.852353585112206,33,0.852353585112206,33
"216",0.9999,1,33,1,33,0.838709677419355,33,0.838709677419355,33
"217",0.9999,1,33,1,33,0.865267484956028,33,0.865267484956028,33
"218",0.9999,0.909090909090909,33,0.928571428571429,28,0.540840328623937,33,0.485324856441798,33
"219",0.9999,1,33,1,33,0.907978562038629,33,0.907978562038629,33
"220",0.9999,1,33,1,33,0.845221509014612,33,0.845221509014612,33
"221",0.9999,1,33,1,33,0.868472906403941,33,0.868472906403941,33
"222",0.9999,1,33,1,33,0.505784800750323,33,0.505784800750323,33
"223",0.9999,1,33,1,33,0.465557767488632,33,0.465557767488632,33
"224",0.9999,1,33,1,33,0.948159009449332,33,0.948159009449332,33
"225",0.9999,1,33,1,33,0.932779406972955,33,0.932779406972955,33
"226",0.9999,1,33,1,33,0.50544252044252,33,0.50544252044252,33
"227",0.9999,1,33,1,33,0.929325513196481,33,0.929325513196481,33
"228",0.9999,1,33,1,33,0.807694281027614,33,0.807694281027614,33
"229",0.9999,0.939393939393939,33,0.931034482758621,29,0.404175463416521,33,0.354512446694681,33
"230",0.9999,1,20,1,20,0.0903598393923471,33,0.0903598393923471,33
"231",0.9999,1,33,1,33,0.937206323524455,33,0.937206323524455,33
"232",0.9999,0.96969696969697,33,0.967741935483871,31,0.640143806810473,33,0.604870438203772,33
"233",0.9999,0.939393939393939,33,0.931034482758621,29,0.67372010705344,33,0.5912177328844,33
"234",0.9999,1,33,1,33,0.891193357378007,33,0.891193357378007,33
"235",0.9999,1,33,1,33,0.652136012136012,33,0.652136012136012,33
"236",0.9999,0.96969696969697,33,0.967741935483871,31,0.569416186071451,33,0.537901034556299,33
"237",0.9999,0.96969696969697,33,0.967741935483871,31,0.831253581420433,33,0.780748530915383,33
"238",0.9999,0.939393939393939,33,0.935483870967742,31,0.912132073422396,33,0.86119257086999,33
"239",0.9999,1,33,1,33,0.822456185789519,33,0.822456185789519,33
"240",0.9999,1,33,1,33,0.913216705430276,33,0.913216705430276,33
"241",0.9999,1,33,1,33,0.608368415980232,33,0.608368415980232,33
"242",0.9999,1,33,1,33,0.792902499799052,33,0.792902499799052,33
"243",0.9999,1,33,1,33,0.289691053017411,33,0.289691053017411,33
"244",0.9999,0.939393939393939,33,0.931034482758621,29,0.752205104389012,33,0.664182866941488,33
"245",0.9999,1,33,1,33,0.797522443499455,33,0.797522443499455,33
"246",0.9999,NA,0,NA,0,0,33,0,33
"247",0.9999,1,33,1,33,0.891168941743654,33,0.891168941743654,33
"248",0.9999,0.939393939393939,33,0.966666666666667,30,0.787010830803934,33,0.734629878422982,33
"249",0.9999,1,33,1,33,0.956011730205279,33,0.956011730205279,33
"250",0.9999,1,33,1,33,0.225580766110956,33,0.225580766110956,33
"251",0.9999,0.96969696969697,33,0.967741935483871,31,0.744781391448058,33,0.695387452054119,33
"252",0.9999,1,33,1,33,0.917949236525432,33,0.917949236525432,33
"253",0.9999,1,33,1,33,0.893208217920862,33,0.893208217920862,33
"254",0.9999,1,33,1,33,0.892056028262925,33,0.892056028262925,33
"255",0.9999,1,33,1,33,0.844905094905095,33,0.844905094905095,33
"256",0.9999,1,33,1,33,0.932446585672392,33,0.932446585672392,33
"257",0.9999,1,33,1,33,0.831322590453025,33,0.831322590453025,33
"258",0.9999,1,33,1,33,0.883461742805458,33,0.883461742805458,33
"259",0.9999,1,33,1,33,0.640285575514408,33,0.640285575514408,33
"260",0.9999,0.96969696969697,33,0.967741935483871,31,0.752507071472589,33,0.70380577277129,33
"261",0.9999,0.96969696969697,33,0.967741935483871,31,0.890518084066471,33,0.833822091886608,33
"262",0.9999,0.96969696969697,33,0.967741935483871,31,0.763934915659054,33,0.713778175847141,33
"263",0.9999,1,33,1,33,0.849809953981255,33,0.849809953981255,33
"264",0.9999,1,33,1,33,0.752587798212928,33,0.752587798212928,33
"265",0.9999,1,33,1,33,0.730002741996745,33,0.730002741996745,33
"266",0.9999,0.903225806451613,31,0.884615384615385,26,0.484199111569613,33,0.406389007443719,33
"267",0.9999,1,33,1,33,0.830414000643886,33,0.830414000643886,33
"268",0.9999,0.939393939393939,33,0.931034482758621,29,0.777218694460074,33,0.673596263251436,33
"269",0.9999,0.96969696969697,33,0.967741935483871,31,0.654990961668078,33,0.615283542650314,33
"270",0.9999,1,33,1,33,0.651158866676108,33,0.651158866676108,33
"271",0.9999,1,33,1,33,0.888019235738924,33,0.888019235738924,33
"272",0.9999,1,33,1,33,0.934273772204807,33,0.934273772204807,33
"273",0.9999,0.96969696969697,33,0.967741935483871,31,0.79238307881986,33,0.743302529739311,33
"274",0.9999,0.939393939393939,33,0.966666666666667,30,0.864979847738468,33,0.809598447529482,33
"275",0.9999,1,33,1,33,0.937192118226601,33,0.937192118226601,33
"276",0.9999,0.96969696969697,33,0.967741935483871,31,0.927663734115347,33,0.869990224828935,33
"277",0.9999,0.939393939393939,33,0.966666666666667,30,0.799019201318052,33,0.753262488894673,33
"278",0.9999,0.939393939393939,33,0.966666666666667,30,0.915933528836755,33,0.859237536656892,33
"279",0.9999,1,33,1,33,0.848820719510375,33,0.848820719510375,33
"280",0.9999,0.96969696969697,33,0.967741935483871,31,0.860543309393884,33,0.803072045026068,33
"281",0.9999,1,33,1,33,0.62470342593531,33,0.62470342593531,33
"282",0.9999,1,33,1,33,0.90876282288963,33,0.90876282288963,33
"283",0.9999,1,33,1,33,0.368003896264766,33,0.368003896264766,33
"284",0.9999,1,33,1,33,0.935483870967742,33,0.935483870967742,33
"285",0.9999,1,33,1,33,0.662493849275458,33,0.662493849275458,33
"286",0.9999,1,33,1,33,0.951612903225806,33,0.951612903225806,33
"287",0.9999,1,33,1,33,0.617288446581527,33,0.617288446581527,33
"288",0.9999,1,33,1,33,0.930504552918346,33,0.930504552918346,33
"289",0.9999,1,33,1,33,0.93043993043993,33,0.93043993043993,33
"290",0.9999,1,33,1,33,0.86145842663084,33,0.86145842663084,33
"291",0.9999,0.96969696969697,33,0.967741935483871,31,0.829071583465354,33,0.778566532960304,33
"292",0.9999,1,33,1,33,0.928506421276165,33,0.928506421276165,33
"293",0.9999,1,33,1,33,0.69774472544926,33,0.69774472544926,33
"294",0.9999,1,33,1,33,0.905703030267361,33,0.905703030267361,33
"295",0.9999,1,33,1,33,0.938840013033561,33,0.938840013033561,33
"296",0.9999,1,33,1,33,0.947800586510264,33,0.947800586510264,33
"297",0.9999,1,33,1,33,0.26833285197871,33,0.26833285197871,33
"298",0.9999,1,33,1,33,0.935483870967742,33,0.935483870967742,33
"299",0.9999,0.96969696969697,33,0.967741935483871,31,0.825153007911629,33,0.773637856396477,33
"300",0.9999,1,33,1,33,0.680819664412545,33,0.680819664412545,33
"301",0.9999,1,33,1,33,0.728524668179841,33,0.728524668179841,33
"302",0.9999,1,33,1,33,0.663347219071857,33,0.663347219071857,33
"303",0.9999,0.939393939393939,33,0.931034482758621,29,0.899250570218312,33,0.784881068752037,33
"304",0.9999,0.96969696969697,33,0.967741935483871,31,0.776996432686088,33,0.724225869915525,33
"305",0.9999,0.909090909090909,33,0.892857142857143,28,0.817018387893434,33,0.692057824760828,33
"306",0.9999,0.96969696969697,33,0.967741935483871,31,0.55344038677372,33,0.518207101540435,33
"307",0.9999,1,33,1,33,0.678288422464516,33,0.678288422464516,33
"308",0.9999,0.96969696969697,33,0.967741935483871,31,0.905990943921978,33,0.848415186346221,33
"309",0.9999,0.939393939393939,33,0.931034482758621,29,0.877949445190825,33,0.765828233069612,33
"310",0.9999,0.96969696969697,33,0.967741935483871,31,0.87188009123493,33,0.816161616161616,33
"311",0.9999,1,33,1,33,0.927659239783823,33,0.927659239783823,33
"312",0.9999,0.939393939393939,33,0.935483870967742,31,0.867999922597624,33,0.813663454468052,33
"313",0.9999,1,33,1,33,0.611801544560165,33,0.611801544560165,33
"314",0.9999,0.96969696969697,33,0.967741935483871,31,0.816028909362243,33,0.762286355619689,33
"315",0.9999,0.96875,32,0.966666666666667,30,0.628083793601035,33,0.585114417298325,33
"316",0.9999,0.96969696969697,33,0.967741935483871,31,0.601145488465226,33,0.567151704471442,33
"317",0.9999,1,33,1,33,0.879977111011594,33,0.879977111011594,33
"318",0.9999,0.96969696969697,33,0.967741935483871,31,0.451323947081054,33,0.431121926879034,33
"319",0.9999,1,33,1,33,0.93430860327412,33,0.93430860327412,33
"320",0.9999,0.96969696969697,33,0.967741935483871,31,0.371337925316651,33,0.350895404874131,33
"321",0.9999,0.96969696969697,33,0.967741935483871,31,0.594506887045618,33,0.558182100720831,33
"322",0.9999,0.96969696969697,33,0.967741935483871,31,0.745514913895269,33,0.698136366516722,33
"323",0.9999,1,33,1,33,0.772990897990898,33,0.772990897990898,33
"324",0.9999,1,33,1,33,0.832289251829482,33,0.832289251829482,33
"325",0.9999,1,33,1,33,0.840829141059026,33,0.840829141059026,33
"326",0.9999,0.939393939393939,33,0.96875,32,0.683100372520662,33,0.683100372520662,33
"327",0.9999,1,33,1,33,0.721742085075418,33,0.721742085075418,33
"328",0.9999,1,33,1,33,0.749138140442488,33,0.749138140442488,33
"329",0.9999,0.96969696969697,33,0.967741935483871,31,0.753705868418512,33,0.706086820799464,33
"330",0.9999,1,33,1,33,0.844495223805569,33,0.844495223805569,33
"331",0.9999,0.96969696969697,33,0.967741935483871,31,0.642408005306556,33,0.595337298235849,33
"332",0.9999,1,33,1,33,0.589615768920889,33,0.589615768920889,33
"333",0.9999,0.96969696969697,33,0.967741935483871,31,0.9227761485826,33,0.863147605083089,33
"334",0.9999,1,33,1,33,0.604997979151811,33,0.604997979151811,33
"335",0.9999,1,33,1,33,0.807984114650781,33,0.807984114650781,33
"336",0.9999,0.96969696969697,33,0.967741935483871,31,0.862238655342104,33,0.804767390974288,33
"337",0.9999,1,33,1,33,0.77290394365107,33,0.77290394365107,33
"338",0.9999,0.939393939393939,33,0.931034482758621,29,0.388701343642282,33,0.326537357235872,33
"339",0.9999,0.96969696969697,33,0.967741935483871,31,0.759526624928924,33,0.714818459531103,33
"340",0.9999,1,33,1,33,0.748827854914811,33,0.748827854914811,33
"341",0.9999,1,33,1,33,0.548355348355348,33,0.548355348355348,33
"342",0.9999,0.96969696969697,33,0.967741935483871,31,0.889442815249267,33,0.832811990876507,33
"343",0.9999,0.96969696969697,33,0.967741935483871,31,0.694488889363031,33,0.652530847404989,33
"344",0.9999,0.96969696969697,33,0.967741935483871,31,0.63298947327683,33,0.592535674202341,33
"345",0.9999,1,33,1,33,0.681546788278638,33,0.681546788278638,33
"346",0.9999,1,33,1,33,0.851173147839814,33,0.851173147839814,33
"347",0.9999,1,33,1,33,0.671401919214831,33,0.671401919214831,33
"348",0.9999,1,33,1,33,0.486396532418665,33,0.486396532418665,33
"349",0.9999,1,33,1,33,0.751435252884528,33,0.751435252884528,33
"350",0.9999,0.909090909090909,33,0.96551724137931,29,0.766835072122428,33,0.721380526667883,33
"351",0.9999,1,33,1,33,0.761806095139429,33,0.761806095139429,33
"352",0.9999,0.96969696969697,33,0.967741935483871,31,0.678964701915953,33,0.637686535637787,33
"353",0.9999,0.96969696969697,33,0.967741935483871,31,0.673822702183522,33,0.626263779624599,33
"354",0.9999,1,33,1,33,0.741608540459115,33,0.741608540459115,33
"355",0.9999,1,33,1,33,0.619719468315959,33,0.619719468315959,33
"356",0.9999,1,33,1,33,0.946560151009539,33,0.946560151009539,33
"357",0.9999,1,33,1,33,0.860425805809566,33,0.860425805809566,33
"358",0.9999,1,6,1,6,0.0152178880249056,33,0.0152178880249056,33
"359",0.9999,1,33,1,33,0.864108428958262,33,0.864108428958262,33
"360",0.9999,1,33,1,33,0.843186073186073,33,0.843186073186073,33
"361",0.9999,1,33,1,33,0.830098902800052,33,0.830098902800052,33
"362",0.9999,1,33,1,33,0.749488326604314,33,0.749488326604314,33
"363",0.9999,0.96969696969697,33,0.967741935483871,31,0.795447825907596,33,0.744702275162045,33
"364",0.9999,1,33,1,33,0.553149011482345,33,0.553149011482345,33
"365",0.9999,0.96969696969697,33,0.967741935483871,31,0.747955747955748,33,0.701418951418951,33
"366",0.9999,1,33,1,33,0.859237536656891,33,0.859237536656891,33
"367",0.9999,1,33,1,33,0.476012392672472,33,0.476012392672472,33
"368",0.9999,1,33,1,33,0.770948088152389,33,0.770948088152389,33
"369",0.9999,1,33,1,33,0.741707396546106,33,0.741707396546106,33
"370",0.9999,1,33,1,33,0.757513848159009,33,0.757513848159009,33
"371",0.9999,1,33,1,33,0.633064516129032,33,0.633064516129032,33
"372",0.9999,1,33,1,33,0.86772010587361,33,0.86772010587361,33
"373",0.9999,1,33,1,33,0.904801952466024,33,0.904801952466024,33
"374",0.9999,0.96969696969697,33,0.967741935483871,31,0.847656767901484,33,0.790960775721621,33
"375",0.9999,0.96969696969697,33,0.967741935483871,31,0.937373737373737,33,0.878787878787879,33
"376",0.9999,1,33,1,33,0.935483870967742,33,0.935483870967742,33
"377",0.9999,1,33,1,33,0.953014011078527,33,0.953014011078527,33
"378",0.9999,1,33,1,33,0.946011842563567,33,0.946011842563567,33
"379",0.9999,0.96969696969697,33,0.967741935483871,31,0.873261349123418,33,0.816022291884361,33
"380",0.9999,0.96969696969697,33,0.967741935483871,31,0.512155421414835,33,0.480915751993347,33
"381",0.9999,1,33,1,33,0.785001743486592,33,0.785001743486592,33
"382",0.9999,0.939393939393939,33,0.935483870967742,31,0.271405845992243,32,0.252690186651584,32
"383",0.9999,0.939393939393939,33,0.966666666666667,30,0.632845871621484,33,0.591421778473253,33
"384",0.9999,1,33,1,33,0.733194823780775,33,0.733194823780775,33
"385",0.9999,0.96969696969697,33,0.967741935483871,31,0.793381291279842,33,0.743451221349772,33
"386",0.9999,1,33,1,33,0.735964134612311,33,0.735964134612311,33
"387",0.9999,1,33,1,33,0.5131845526898,33,0.5131845526898,33
"388",0.9999,1,33,1,33,0.274014616829453,33,0.274014616829453,33
"389",0.9999,1,33,1,33,0.928693337314027,33,0.928693337314027,33
"390",0.9999,0.96969696969697,33,0.967741935483871,31,0.245368208789261,33,0.232880696301749,33
"391",0.9999,1,33,1,33,0.51665235595257,33,0.51665235595257,33
"392",0.9999,0.96969696969697,33,0.967741935483871,31,0.516416546416546,33,0.485752765752766,33
"393",0.9999,1,33,1,33,0.707008267964886,33,0.707008267964886,33
"394",0.9999,0.96969696969697,33,0.967741935483871,31,0.889524836799586,33,0.834038943382659,33
"395",0.9999,1,33,1,33,0.824739477965284,33,0.824739477965284,33
"396",0.9999,1,33,1,33,0.42351290684624,33,0.42351290684624,33
"397",0.9999,1,33,1,33,0.648653774733235,33,0.648653774733235,33
"398",0.9999,1,33,1,33,0.902674528536598,33,0.902674528536598,33
"399",0.9999,1,33,1,33,0.656839592314194,33,0.656839592314194,33
"400",0.9999,0.96969696969697,33,0.967741935483871,31,0.934405632681495,33,0.876971687316515,33
"401",0.9999,1,33,1,33,0.970674486803519,33,0.970674486803519,33
"402",0.9999,1,33,1,33,0.725016745706401,33,0.725016745706401,33
"403",0.9999,1,33,1,33,0.584821479074353,33,0.584821479074353,33
"404",0.9999,1,33,1,33,0.829539397800267,33,0.829539397800267,33
"405",0.9999,1,33,1,33,0.606396082282912,33,0.606396082282912,33
"406",0.9999,1,33,1,33,0.752494310048715,33,0.752494310048715,33
"407",0.9999,1,33,1,33,0.726108204269124,33,0.726108204269124,33
"408",0.9999,1,33,1,33,0.70780745587206,33,0.70780745587206,33
"409",0.9999,0.96969696969697,33,0.967741935483871,31,0.644138025177733,33,0.600959201366498,33
"410",0.9999,1,33,1,33,0.874714578737567,33,0.874714578737567,33
"411",0.9999,1,33,1,33,0.899896293574455,33,0.899896293574455,33
"412",0.9999,0.96969696969697,33,0.967741935483871,31,0.663269248196784,33,0.629275464203,33
"413",0.9999,1,33,1,33,0.779745733194009,33,0.779745733194009,33
"414",0.9999,1,33,1,33,0.775186050225576,33,0.775186050225576,33
"415",0.9999,1,33,1,33,0.711201077505425,33,0.711201077505425,33
"416",0.9999,0.96969696969697,33,0.967741935483871,31,0.671369413615365,33,0.62464341234391,33
"417",0.9999,1,33,1,33,0.726585956614692,33,0.726585956614692,33
"418",0.9999,0.96969696969697,33,0.967741935483871,31,0.741630761745704,33,0.698340718455661,33
"419",0.9999,1,33,1,33,0.69710815104684,33,0.69710815104684,33
"420",0.9999,0.96969696969697,33,0.967741935483871,31,0.777923613210969,33,0.727083648577901,33
"421",0.9999,1,33,1,33,0.937373737373737,33,0.937373737373737,33
"422",0.9999,0.96969696969697,33,0.967741935483871,31,0.873140269691994,33,0.818739115290839,33
"423",0.9999,1,33,1,33,0.869846160650758,33,0.869846160650758,33
"424",0.9999,0.96969696969697,33,0.967741935483871,31,0.651533651533652,33,0.616300366300366,33
"425",0.9999,0.96969696969697,33,0.967741935483871,31,0.716649527569068,33,0.674852244392474,33
"426",0.9999,1,33,1,33,0.92016044763542,33,0.92016044763542,33
"427",0.9999,1,33,1,33,0.786158006291488,33,0.786158006291488,33
"428",0.9999,0.818181818181818,33,0.875,24,0.523206665057259,33,0.424279031664431,33
"429",0.9999,0.96969696969697,33,0.967741935483871,31,0.87148908439231,33,0.818703160638644,33
"430",0.9999,1,33,1,33,0.93880742913001,33,0.93880742913001,33
"431",0.9999,1,33,1,33,0.306810723453813,33,0.306810723453813,33
"432",0.9999,0.96969696969697,33,0.967741935483871,31,0.839328771586836,33,0.78654284783317,33
"433",0.9999,1,33,1,33,0.923784002426939,33,0.923784002426939,33
"434",0.9999,1,33,1,33,0.866689388009373,33,0.866689388009373,33
"435",0.9999,0.96969696969697,33,0.967741935483871,31,0.81909962488383,33,0.770419272977671,33
"436",0.9999,0.96969696969697,33,0.967741935483871,31,0.401336096644868,33,0.388545856581901,33
"437",0.9999,1,33,1,33,0.626199071256543,33,0.626199071256543,33
"438",0.9999,0.96969696969697,33,0.967741935483871,31,0.34251338726008,33,0.330356242691868,33
"439",0.9999,1,33,1,33,0.862856334810358,33,0.862856334810358,33
"440",0.9999,0.939393939393939,33,0.935483870967742,31,0.475139874879837,33,0.443317895689437,33
"441",0.9999,1,33,1,33,0.901592001017288,33,0.901592001017288,33
"442",0.9999,1,33,1,33,0.721303449628378,33,0.721303449628378,33
"443",0.9999,1,33,1,33,0.769348481399956,33,0.769348481399956,33
"444",0.9999,1,33,1,33,0.600822112043774,33,0.600822112043774,33
"445",0.9999,1,33,1,33,0.728121882559664,33,0.728121882559664,33
"446",0.9999,0.939393939393939,33,0.966666666666667,30,0.438526101922538,33,0.406255342379051,33
"447",0.9999,1,33,1,33,0.755125963189204,33,0.755125963189204,33
"448",0.9999,0.96969696969697,33,0.967741935483871,31,0.906125773867709,33,0.849429781687846,33
"449",0.9999,1,33,1,33,0.917758227435647,33,0.917758227435647,33
"450",0.9999,1,33,1,33,0.609674270853359,33,0.609674270853359,33
"451",0.9999,1,33,1,33,0.522788057066519,33,0.522788057066519,33
"452",0.9999,0.909090909090909,33,0.892857142857143,28,0.672488298807639,33,0.564431540750881,33
"453",0.9999,0.96969696969697,33,0.967741935483871,31,0.830595449675909,33,0.78081189989236,33
"454",0.9999,1,33,1,33,0.863081099402939,33,0.863081099402939,33
"455",0.9999,0.939393939393939,33,0.931034482758621,29,0.545427257215275,33,0.47562206241008,33
"456",0.9999,1,33,1,33,0.587428292075855,33,0.587428292075855,33
"457",0.9999,1,33,1,33,0.823387366145987,33,0.823387366145987,33
"458",0.9999,1,33,1,33,0.446357563390363,33,0.446357563390363,33
"459",0.9999,1,33,1,33,0.906158357771261,33,0.906158357771261,33
"460",0.9999,1,33,1,33,0.855996000044943,33,0.855996000044943,33
"461",0.9999,1,33,1,33,0.84952337998315,33,0.84952337998315,33
"462",0.9999,1,33,1,33,0.454722191388858,33,0.454722191388858,33
"463",0.9999,1,33,1,33,0.931823237941147,33,0.931823237941147,33
"464",0.9999,1,33,1,33,0.682457755257145,33,0.682457755257145,33
"465",0.9999,1,33,1,33,0.85650723025584,33,0.85650723025584,33
"466",0.9999,1,33,1,33,0.865230246209112,33,0.865230246209112,33
"467",0.9999,1,33,1,33,0.628803612309359,33,0.628803612309359,33
"468",0.9999,0.96969696969697,33,0.967741935483871,31,0.557872412385459,33,0.52677193391656,33
"469",0.9999,1,33,1,33,0.946424839528288,33,0.946424839528288,33
"470",0.9999,0.909090909090909,33,0.928571428571429,28,0.696800432432616,33,0.611610930576448,33
"471",0.9999,1,33,1,33,0.647232397232397,33,0.647232397232397,33
"472",0.9999,1,33,1,33,0.930317128592991,33,0.930317128592991,33
"473",0.9999,0.96969696969697,33,0.967741935483871,31,0.916330795641141,33,0.858859531273324,33
"474",0.9999,0.939393939393939,33,0.966666666666667,30,0.81174418599706,33,0.758601925958248,33
"475",0.9999,0.96969696969697,33,0.967741935483871,31,0.844233144740391,33,0.78620723345361,33
"476",0.9999,1,33,1,33,0.93513210927004,33,0.93513210927004,33
"477",0.9999,0.96969696969697,33,0.967741935483871,31,0.825005773281635,33,0.770669305152064,33
"478",0.9999,1,33,1,33,0.920330108650465,33,0.920330108650465,33
"479",0.9999,1,33,1,33,0.748582643595137,33,0.748582643595137,33
"480",0.9999,1,33,1,33,0.89783798576902,33,0.89783798576902,33
"481",0.9999,1,33,1,33,0.896312329645663,33,0.896312329645663,33
"482",0.9999,1,33,1,33,0.843386305052972,33,0.843386305052972,33
"483",0.9999,1,33,1,33,0.731992911303256,33,0.731992911303256,33
"484",0.9999,1,33,1,33,0.837503672582724,33,0.837503672582724,33
"485",0.9999,1,33,1,33,0.313559359604343,33,0.313559359604343,33
"486",0.9999,1,33,1,33,0.395462786371877,33,0.395462786371877,33
"487",0.9999,1,33,1,33,0.943295019157088,33,0.943295019157088,33
"488",0.9999,1,33,1,33,0.526326667224898,33,0.526326667224898,33
"489",0.9999,1,33,1,33,0.939387197896653,33,0.939387197896653,33
"490",0.9999,1,33,1,33,0.425045880898977,33,0.425045880898977,33
"491",0.9999,0.96969696969697,33,0.96875,32,0.912609970674487,33,0.885239491691104,33
"492",0.9999,1,33,1,33,0.919816390506046,33,0.919816390506046,33
"493",0.9999,0.939393939393939,33,0.96551724137931,29,0.780694598937091,33,0.714027932270424,33
"494",0.9999,1,33,1,33,0.387860163982491,33,0.387860163982491,33
"495",0.9999,0.939393939393939,33,0.96551724137931,29,0.795959595959596,33,0.733952427500815,33
"496",0.9999,1,33,1,33,0.869929453262786,33,0.869929453262786,33
"497",0.9999,1,33,1,33,0.845570354747218,33,0.845570354747218,33
"498",0.9999,1,33,1,33,0.780340349305866,33,0.780340349305866,33
"499",0.9999,1,33,1,33,0.777660548680039,33,0.777660548680039,33
"500",0.9999,1,33,1,33,0.632608375690982,33,0.632608375690982,33
"501",0.9999,1,33,1,33,0.896558635064382,33,0.896558635064382,33
"502",0.9999,1,33,1,33,0.436587853432039,33,0.436587853432039,33
"503",0.9999,0.96969696969697,33,0.967741935483871,31,0.882538534262672,33,0.829246998212515,33
"504",0.9999,1,33,1,33,0.583639825260379,33,0.583639825260379,33
"505",0.9999,0.9375,32,0.928571428571429,28,0.235416828807633,33,0.186249946307418,33
"506",0.9999,1,33,1,33,0.951612903225806,33,0.951612903225806,33
"507",0.9999,1,33,1,33,0.416030703460391,33,0.416030703460391,33
"508",0.9999,0.96969696969697,33,0.967741935483871,31,0.922710980775497,33,0.865070055392636,33
"509",0.9999,0.96969696969697,33,0.967741935483871,31,0.800789780674838,33,0.760666323884715,33
"510",0.9999,0.96969696969697,33,0.967741935483871,31,0.750854327433538,33,0.705680365592909,33
"511",0.9999,0.96969696969697,33,0.967741935483871,31,0.79328387661721,33,0.746318496318496,33
"512",0.9999,1,33,1,33,0.865791615791616,33,0.865791615791616,33
"513",0.9999,0.939393939393939,33,0.96551724137931,29,0.903193222548061,33,0.81524926686217,33
"514",0.9999,1,33,1,33,0.815959795844853,33,0.815959795844853,33
"515",0.9999,0.96969696969697,33,0.967741935483871,31,0.803612479474548,33,0.755545603821466,33
"516",0.9999,1,33,1,33,0.404564244602608,33,0.404564244602608,33
"517",0.9999,0.939393939393939,33,0.931034482758621,29,0.736884978820463,33,0.645975887911372,33
"518",0.9999,1,33,1,33,0.855642738903608,33,0.855642738903608,33
"519",0.9999,0.96969696969697,33,0.967741935483871,31,0.845672654293344,33,0.789475764763121,33
"520",0.9999,1,33,1,33,0.843605128032269,33,0.843605128032269,33
"521",0.9999,1,33,1,33,0.936070381231672,33,0.936070381231672,33
"522",0.9999,0.96969696969697,33,0.967741935483871,31,0.891949047121461,33,0.835560033835896,33
"523",0.9999,1,33,1,33,0.925633179081455,33,0.925633179081455,33
"524",0.9999,1,33,1,33,0.939458625665522,33,0.939458625665522,33
"525",0.9999,0.96969696969697,33,0.967741935483871,31,0.281430202020589,33,0.265779186369573,33
"526",0.9999,1,33,1,33,0.734519887227397,33,0.734519887227397,33
"527",0.9999,1,33,1,33,0.908319330733124,33,0.908319330733124,33
"528",0.9999,0.909090909090909,33,0.928571428571429,28,0.751644201209419,33,0.665863315428533,33
"529",0.9999,1,33,1,33,0.886456115191747,33,0.886456115191747,33
"530",0.9999,0.96969696969697,33,0.967741935483871,31,0.857820698643835,33,0.803275244098381,33
"531",0.9999,1,33,1,33,0.879723341792307,33,0.879723341792307,33
"532",0.9999,1,33,1,33,0.831762900580105,33,0.831762900580105,33
"533",0.9999,1,33,1,33,0.811647060145392,33,0.811647060145392,33
"534",0.9999,0.96969696969697,33,0.967741935483871,31,0.593188484602742,33,0.554400605814863,33
"535",0.9999,1,33,1,33,0.43141149205617,33,0.43141149205617,33
"536",0.9999,0.939393939393939,33,0.931034482758621,29,0.592989424647423,33,0.515184199569471,33
"537",0.9999,1,33,1,33,0.680500060382758,33,0.680500060382758,33
"538",0.9999,0.96969696969697,33,0.967741935483871,31,0.891949047121461,33,0.834408120615017,33
