"","quantile","score1.n","score1.w","score1_adj.n","score1_adj.w","score2.n","score2.w","score2_adj.n","score2_adj.w"
"1",0.9999,1,33,1,33,0.669602002935336,33,0.669602002935336,33
"2",0.9999,1,9,1,9,0.0505050505050505,33,0.0505050505050505,33
"3",0.9999,1,33,1,33,1,33,1,33
"4",0.9999,1,33,1,33,1,33,1,33
"5",0.9999,1,33,1,33,0.878914141414141,33,0.878914141414141,33
"6",0.9999,0.939393939393939,33,0.931034482758621,29,0.773370064279155,33,0.668067033976125,33
"7",0.9999,1,33,1,33,0.432237459510187,33,0.432237459510187,33
"8",0.9999,0.939393939393939,33,0.931034482758621,29,0.871212121212121,33,0.761363636363636,33
"9",0.9999,0.939393939393939,33,0.935483870967742,31,0.767602495543672,33,0.709160937102114,33
"10",0.9999,1,33,1,33,1,33,1,33
"11",0.9999,1,33,1,33,0.842148760330579,33,0.842148760330579,33
"12",0.9999,1,33,1,33,0.418449647995103,33,0.418449647995103,33
"13",0.9999,1,33,1,33,0.41495474222747,33,0.41495474222747,33
"14",0.9999,1,6,1,6,0.044268630475527,33,0.044268630475527,33
"15",0.9999,1,33,1,33,1,33,1,33
"16",0.9999,1,33,1,33,0.552429052429052,33,0.552429052429052,33
"17",0.9999,1,33,1,33,0.95,33,0.95,33
"18",0.9999,1,33,1,33,0.976584022038567,33,0.976584022038567,33
"19",0.9999,1,33,1,33,1,33,1,33
"20",0.9999,1,33,1,33,1,33,1,33
"21",0.9999,1,33,1,33,0.993730407523511,33,0.993730407523511,33
"22",0.9999,0.96969696969697,33,0.967741935483871,31,0.932828282828283,33,0.873665223665224,33
"23",0.9999,0.939393939393939,33,0.966666666666667,30,0.487373737373737,33,0.44949494949495,33
"24",0.9999,1,33,1,33,0.986868686868687,33,0.986868686868687,33
"25",0.9999,NA,0,NA,0,0,33,0,33
"26",0.9999,1,33,1,33,0.438035820388762,33,0.438035820388762,33
"27",0.9999,1,33,1,33,1,33,1,33
"28",0.9999,1,33,1,33,1,33,1,33
"29",0.9999,NA,0,NA,0,0,33,0,33
"30",0.9999,1,33,1,33,0.874931129476584,33,0.874931129476584,33
"31",0.9999,1,33,1,33,0.824567267098227,33,0.824567267098227,33
"32",0.9999,1,33,1,33,0.958677685950413,33,0.958677685950413,33
"33",0.9999,1,33,1,33,0.954545454545455,33,0.954545454545455,33
"34",0.9999,1,33,1,33,1,33,1,33
"35",0.9999,1,33,1,33,0.968686868686869,33,0.968686868686869,33
"36",0.9999,1,33,1,33,1,33,1,33
"37",0.9999,1,33,1,33,1,33,1,33
"38",0.9999,1,33,1,33,0.937356016303385,33,0.937356016303385,33
"39",0.9999,1,33,1,33,0.935353535353535,33,0.935353535353535,33
"40",0.9999,1,33,1,33,1,33,1,33
"41",0.9999,1,33,1,33,1,33,1,33
"42",0.9999,1,33,1,33,0.962566844919786,33,0.962566844919786,33
"43",0.9999,1,33,1,33,0.998106060606061,33,0.998106060606061,33
"44",0.9999,1,33,1,33,0.602374393283484,33,0.602374393283484,33
"45",0.9999,1,33,1,33,1,33,1,33
"46",0.9999,1,33,1,33,1,33,1,33
"47",0.9999,1,33,1,33,1,33,1,33
"48",0.9999,0.939393939393939,33,0.966666666666667,30,0.702598742846421,33,0.656346749226006,33
"49",0.9999,1,33,1,33,1,33,1,33
"50",0.9999,1,33,1,33,0.855519480519481,33,0.855519480519481,33
"51",0.9999,1,33,1,33,0.664307577943942,33,0.664307577943942,33
"52",0.9999,0.878787878787879,33,0.925925925925926,27,0.688057040998218,33,0.595365418894831,33
"53",0.9999,1,33,1,33,1,33,1,33
"54",0.9999,0.96969696969697,33,0.967741935483871,31,0.896498822814612,33,0.835892762208552,33
"55",0.9999,1,33,1,33,0.989177489177489,33,0.989177489177489,33
"56",0.9999,1,33,1,33,1,33,1,33
"57",0.9999,1,33,1,33,0.949475272202545,33,0.949475272202545,33
"58",0.9999,1,33,1,33,1,33,1,33
"59",0.9999,1,33,1,33,1,33,1,33
"60",0.9999,1,33,1,33,0.560606060606061,33,0.560606060606061,33
"61",0.9999,0.96969696969697,33,0.967741935483871,31,0.605519480519481,33,0.570887445887446,33
"62",0.9999,0.96969696969697,33,0.967741935483871,31,0.896969696969697,33,0.838787878787879,33
"63",0.9999,1,33,1,33,1,33,1,33
"64",0.9999,1,33,1,33,0.50889577594123,33,0.50889577594123,33
"65",0.9999,0.848484848484849,33,0.884615384615385,26,0.795897435897436,33,0.654871794871795,33
"66",0.9999,1,33,1,33,0.665534952377058,33,0.665534952377058,33
"67",0.9999,1,33,1,33,0.850126262626263,33,0.850126262626263,33
"68",0.9999,1,33,1,33,1,33,1,33
"69",0.9999,1,33,1,33,1,33,1,33
"70",0.9999,1,33,1,33,1,33,1,33
"71",0.9999,0.90625,32,0.925925925925926,27,0.607541868905505,33,0.561245572609209,33
"72",0.9999,0.96969696969697,33,0.967741935483871,31,0.909044289044289,33,0.853100233100233,33
"73",0.9999,1,12,1,12,0.0797979797979798,33,0.0797979797979798,33
"74",0.9999,1,33,1,33,1,33,1,33
"75",0.9999,0.96969696969697,33,0.967741935483871,31,0.579628536446718,33,0.548538414447505,33
"76",0.9999,1,33,1,33,1,33,1,33
"77",0.9999,NA,0,NA,0,0,32,0,32
"78",0.9999,1,33,1,33,1,33,1,33
"79",0.9999,1,33,1,33,0.997979797979798,33,0.997979797979798,33
"80",0.9999,1,33,1,33,1,33,1,33
"81",0.9999,1,33,1,33,1,33,1,33
"82",0.9999,1,33,1,33,1,33,1,33
"83",0.9999,1,33,1,33,1,33,1,33
"84",0.9999,0.96969696969697,33,0.967741935483871,31,0.94949494949495,33,0.888888888888889,33
"85",0.9999,1,33,1,33,1,33,1,33
"86",0.9999,1,33,1,33,0.944741532976827,33,0.944741532976827,33
"87",0.9999,1,33,1,33,0.947217270746682,33,0.947217270746682,33
"88",0.9999,1,33,1,33,1,33,1,33
"89",0.9999,1,33,1,33,0.941287878787879,33,0.941287878787879,33
"90",0.9999,1,33,1,33,1,33,1,33
"91",0.9999,1,33,1,33,0.745630453138193,33,0.745630453138193,33
"92",0.9999,1,33,1,33,0.8,33,0.8,33
"93",0.9999,1,33,1,33,0.895437895437895,33,0.895437895437895,33
"94",0.9999,0.939393939393939,33,0.966666666666667,30,0.933333333333333,33,0.872727272727273,33
"95",0.9999,1,33,1,33,0.865993265993266,33,0.865993265993266,33
"96",0.9999,1,33,1,33,0.519480519480519,33,0.519480519480519,33
"97",0.9999,0.96875,32,0.966666666666667,30,0.646022727272727,32,0.614772727272727,32
"98",0.9999,1,33,1,33,0.580808080808081,33,0.580808080808081,33
"99",0.9999,1,33,1,33,1,33,1,33
"100",0.9999,1,33,1,33,1,33,1,33
"101",0.9999,1,33,1,33,0.968531468531469,33,0.968531468531469,33
"102",0.9999,1,18,1,18,0.384545454545455,33,0.384545454545455,33
"103",0.9999,0.96969696969697,33,0.967741935483871,31,0.872053872053872,33,0.818181818181818,33
"104",0.9999,1,33,1,33,0.883151692362219,33,0.883151692362219,33
"105",0.9999,1,33,1,33,0.84297520661157,33,0.84297520661157,33
"106",0.9999,1,33,1,33,0.927738927738928,33,0.927738927738928,33
"107",0.9999,1,33,1,33,0.676430976430976,33,0.676430976430976,33
"108",0.9999,1,33,1,33,0.794737615325851,33,0.794737615325851,33
"109",0.9999,1,33,1,33,0.484676434676435,33,0.484676434676435,33
"110",0.9999,1,33,1,33,0.783838383838384,33,0.783838383838384,33
"111",0.9999,0.96969696969697,33,0.967741935483871,31,0.543890535770637,33,0.506149488938681,33
"112",0.9999,1,33,1,33,0.531216931216931,33,0.531216931216931,33
"113",0.9999,1,33,1,33,0.43938628711356,33,0.43938628711356,33
"114",0.9999,1,33,1,33,0.652754820936639,33,0.652754820936639,33
"115",0.9999,1,33,1,33,0.993157380254154,33,0.993157380254154,33
"116",0.9999,1,33,1,33,0.992179863147605,33,0.992179863147605,33
"117",0.9999,1,33,1,33,0.995112414467253,33,0.995112414467253,33
"118",0.9999,1,33,1,33,0.995112414467253,33,0.995112414467253,33
"119",0.9999,1,33,1,33,0.993939393939394,33,0.993939393939394,33
"120",0.9999,1,33,1,33,0.966666666666667,33,0.966666666666667,33
"121",0.9999,1,33,1,33,1,33,1,33
"122",0.9999,1,33,1,33,1,33,1,33
"123",0.9999,1,33,1,33,0.233475140557184,33,0.233475140557184,33
"124",0.9999,1,8,1,8,0.0707070707070707,33,0.0707070707070707,33
"125",0.9999,1,33,1,33,0.995151515151515,33,0.995151515151515,33
"126",0.9999,1,33,1,33,0.996089931573803,33,0.996089931573803,33
"127",0.9999,1,33,1,33,0.97979797979798,33,0.97979797979798,33
"128",0.9999,NA,0,NA,0,0,33,0,33
"129",0.9999,0.96969696969697,33,0.967741935483871,31,0.592063492063492,33,0.557431457431457,33
"130",0.9999,1,33,1,33,0.28961038961039,33,0.28961038961039,33
"131",0.9999,0.966666666666667,30,0.964285714285714,28,0.540935159116977,33,0.520733138914957,33
"132",0.9999,0.939393939393939,33,0.931034482758621,29,0.565538194444444,32,0.515625,32
"133",0.9999,1,33,1,33,0.786440159167432,33,0.786440159167432,33
"134",0.9999,1,33,1,33,0.96969696969697,33,0.96969696969697,33
"135",0.9999,1,33,1,33,0.952020202020202,33,0.952020202020202,33
"136",0.9999,1,33,1,33,0.739485766758494,33,0.739485766758494,33
"137",0.9999,1,33,1,33,0.888888888888889,33,0.888888888888889,33
"138",0.9999,1,33,1,33,0.941630591630592,33,0.941630591630592,33
"139",0.9999,0.96969696969697,33,0.967741935483871,31,0.775324675324675,33,0.71976911976912,33
"140",0.9999,1,33,1,33,0.947811447811448,33,0.947811447811448,33
"141",0.9999,1,33,1,33,1,33,1,33
"142",0.9999,1,33,1,33,0.593205690133758,33,0.593205690133758,33
"143",0.9999,1,33,1,33,0.953467481135465,33,0.953467481135465,33
"144",0.9999,1,33,1,33,1,33,1,33
"145",0.9999,1,33,1,33,0.942224442224442,33,0.942224442224442,33
"146",0.9999,1,33,1,33,1,33,1,33
"147",0.9999,1,33,1,33,0.829545454545455,33,0.829545454545455,33
"148",0.9999,1,33,1,33,1,33,1,33
"149",0.9999,1,33,1,33,1,33,1,33
"150",0.9999,1,33,1,33,0.962424242424242,33,0.962424242424242,33
"151",0.9999,1,33,1,33,1,33,1,33
"152",0.9999,1,22,1,22,0.141544230180594,33,0.141544230180594,33
"153",0.9999,1,33,1,33,0.56969696969697,33,0.56969696969697,33
"154",0.9999,1,33,1,33,0.444148906648907,33,0.444148906648907,33
"155",0.9999,0.939393939393939,33,0.931034482758621,29,0.777134986225895,33,0.677961432506887,33
"156",0.9999,1,33,1,33,0.134368572603867,33,0.134368572603867,33
"157",0.9999,1,33,1,33,0.41502083774811,33,0.41502083774811,33
"158",0.9999,1,33,1,33,1,33,1,33
"159",0.9999,1,33,1,33,1,33,1,33
"160",0.9999,NA,0,NA,0,0,33,0,33
"161",0.9999,1,33,1,33,0.756290174471993,33,0.756290174471993,33
"162",0.9999,1,33,1,33,0.968574635241302,33,0.968574635241302,33
"163",0.9999,1,33,1,33,1,33,1,33
"164",0.9999,1,33,1,33,1,33,1,33
"165",0.9999,1,33,1,33,0.550745550745551,33,0.550745550745551,33
"166",0.9999,0.96969696969697,33,0.967741935483871,31,0.875420875420875,33,0.818181818181818,33
"167",0.9999,1,33,1,33,0.875841750841751,33,0.875841750841751,33
"168",0.9999,0.96969696969697,33,0.967741935483871,31,0.896799188465855,33,0.84697401364068,33
"169",0.9999,1,33,1,33,0.75,33,0.75,33
"170",0.9999,1,33,1,33,0.862276612276612,33,0.862276612276612,33
"171",0.9999,1,33,1,33,0.935353535353535,33,0.935353535353535,33
"172",0.9999,0.939393939393939,33,0.966666666666667,30,0.805050505050505,33,0.75050505050505,33
"173",0.9999,1,33,1,33,0.954545454545455,33,0.954545454545455,33
"174",0.9999,1,33,1,33,1,33,1,33
"175",0.9999,0.96969696969697,33,0.967741935483871,31,0.964941724941725,33,0.906759906759907,33
"176",0.9999,0.96969696969697,33,0.967741935483871,31,0.656950395441444,33,0.619629821278765,33
"177",0.9999,1,32,1,32,0.0680698611733094,33,0.0680698611733094,33
"178",0.9999,1,33,1,33,0.79126109580655,33,0.79126109580655,33
"179",0.9999,1,33,1,33,1,33,1,33
"180",0.9999,1,33,1,33,0.469336219336219,33,0.469336219336219,33
"181",0.9999,1,33,1,33,0.898316498316498,33,0.898316498316498,33
"182",0.9999,1,33,1,33,0.776945276945277,33,0.776945276945277,33
"183",0.9999,1,33,1,33,0.835991974186274,33,0.835991974186274,33
"184",0.9999,1,33,1,33,0.625420875420875,33,0.625420875420875,33
"185",0.9999,1,33,1,33,0.897441381631105,33,0.897441381631105,33
"186",0.9999,1,33,1,33,0.848148148148148,33,0.848148148148148,33
"187",0.9999,1,33,1,33,0.524891774891775,33,0.524891774891775,33
"188",0.9999,1,33,1,33,0.638024727797455,33,0.638024727797455,33
"189",0.9999,1,33,1,33,0.905785123966942,33,0.905785123966942,33
"190",0.9999,1,33,1,33,0.940909090909091,33,0.940909090909091,33
"191",0.9999,0.96969696969697,33,0.967741935483871,31,0.61010101010101,33,0.564646464646465,33
"192",0.9999,1,33,1,33,0.820661157024793,33,0.820661157024793,33
"193",0.9999,1,33,1,33,0.785165302764637,33,0.785165302764637,33
"194",0.9999,1,33,1,33,0.963636363636364,33,0.963636363636364,33
"195",0.9999,1,33,1,33,0.823484848484848,33,0.823484848484848,33
"196",0.9999,1,33,1,33,0.657994864612512,33,0.657994864612512,33
"197",0.9999,1,33,1,33,0.729978354978355,33,0.729978354978355,33
"198",0.9999,1,33,1,33,0.753030303030303,33,0.753030303030303,33
"199",0.9999,1,33,1,33,0.468686868686869,33,0.468686868686869,33
"200",0.9999,1,33,1,33,0.891451277480689,33,0.891451277480689,33
"201",0.9999,1,33,1,33,0.279032976827094,33,0.279032976827094,33
"202",0.9999,1,33,1,33,0.973737373737374,33,0.973737373737374,33
"203",0.9999,1,33,1,33,0.837301587301587,33,0.837301587301587,33
"204",0.9999,1,33,1,33,1,33,1,33
"205",0.9999,1,33,1,33,0.570431588613407,33,0.570431588613407,33
"206",0.9999,1,33,1,33,0.587006427915519,33,0.587006427915519,33
"207",0.9999,1,33,1,33,0.617676767676768,33,0.617676767676768,33
"208",0.9999,1,5,1,5,0.0505050505050505,33,0.0505050505050505,33
"209",0.9999,NA,0,NA,0,0,33,0,33
"210",0.9999,0.96969696969697,33,0.967741935483871,31,0.653318903318903,33,0.592712842712843,33
"211",0.9999,1,33,1,33,0.857142857142857,33,0.857142857142857,33
"212",0.9999,1,33,1,33,1,33,1,33
"213",0.9999,1,33,1,33,0.877470355731225,33,0.877470355731225,33
"214",0.9999,1,33,1,33,0.763636363636364,33,0.763636363636364,33
"215",0.9999,0.96969696969697,33,0.967741935483871,31,0.416161616161616,33,0.383694083694084,33
"216",0.9999,0.96969696969697,33,0.967741935483871,31,0.734848484848485,33,0.681818181818182,33
"217",0.9999,1,33,1,33,0.887445887445887,33,0.887445887445887,33
"218",0.9999,1,33,1,33,0.792508417508417,33,0.792508417508417,33
"219",0.9999,0.96969696969697,33,0.967741935483871,31,0.733333333333333,33,0.687878787878788,33
"220",0.9999,NA,0,NA,0,0,33,0,33
"221",0.9999,0.96969696969697,33,0.967741935483871,31,0.898989898989899,33,0.848484848484849,33
"222",0.9999,1,33,1,33,0.97979797979798,33,0.97979797979798,33
"223",0.9999,1,33,1,33,0.843204775022957,33,0.843204775022957,33
"224",0.9999,1,33,1,33,0.840495867768595,33,0.840495867768595,33
"225",0.9999,1,33,1,33,0.944444444444444,33,0.944444444444444,33
"226",0.9999,1,33,1,33,0.777777777777778,33,0.777777777777778,33
"227",0.9999,1,33,1,33,0.98921028466483,33,0.98921028466483,33
"228",0.9999,1,33,1,33,0.565148607158421,33,0.565148607158421,33
"229",0.9999,1,33,1,33,1,33,1,33
"230",0.9999,0.96969696969697,33,0.967741935483871,31,0.934731934731935,33,0.876456876456876,33
"231",0.9999,1,33,1,33,0.991919191919192,33,0.991919191919192,33
"232",0.9999,1,1,1,1,0.0151515151515152,33,0.0151515151515152,33
"233",0.9999,0.96969696969697,33,0.967741935483871,31,0.842047930283224,33,0.789017627252921,33
"234",0.9999,1,26,1,26,0.409957063633534,33,0.409957063633534,33
"235",0.9999,1,33,1,33,0.884297520661157,33,0.884297520661157,33
"236",0.9999,0.909090909090909,33,0.928571428571429,28,0.78010878010878,33,0.675990675990676,33
"237",0.9999,0.96969696969697,33,0.967741935483871,31,0.810064935064935,33,0.757034632034632,33
"238",0.9999,1,33,1,33,0.272190772190772,33,0.272190772190772,33
"239",0.9999,0.96969696969697,33,0.967741935483871,31,0.854377104377104,33,0.80050505050505,33
"240",0.9999,1,33,1,33,0.783838383838384,33,0.783838383838384,33
"241",0.9999,1,33,1,33,0.812121212121212,33,0.812121212121212,33
"242",0.9999,1,33,1,33,0.603424353424353,33,0.603424353424353,33
"243",0.9999,1,33,1,33,0.936643356643357,33,0.936643356643357,33
"244",0.9999,1,33,1,33,0.922955040602099,33,0.922955040602099,33
"245",0.9999,0.909090909090909,33,0.96551724137931,29,0.893852813852814,33,0.836132756132756,33
"246",0.9999,1,33,1,33,0.916464646464646,33,0.916464646464646,33
"247",0.9999,1,33,1,33,1,33,1,33
"248",0.9999,1,33,1,33,1,33,1,33
"249",0.9999,1,33,1,33,1,33,1,33
"250",0.9999,0.96969696969697,33,0.967741935483871,31,0.922077922077922,33,0.862914862914863,33
"251",0.9999,1,33,1,33,0.743145743145743,33,0.743145743145743,33
"252",0.9999,1,10,1,10,0.0890725436179982,33,0.0890725436179982,33
"253",0.9999,1,33,1,33,0.666666666666667,33,0.666666666666667,33
"254",0.9999,1,33,1,33,0.440425338856242,33,0.440425338856242,33
"255",0.9999,1,33,1,33,0.987460815047022,33,0.987460815047022,33
"256",0.9999,1,33,1,33,1,33,1,33
"257",0.9999,1,33,1,33,0.957575757575758,33,0.957575757575758,33
"258",0.9999,1,33,1,33,0.966200466200466,33,0.966200466200466,33
"259",0.9999,1,33,1,33,0.986314760508309,33,0.986314760508309,33
"260",0.9999,1,33,1,33,0.926460089617984,33,0.926460089617984,33
"261",0.9999,1,30,1,30,0.253823953823954,33,0.253823953823954,33
"262",0.9999,1,33,1,33,0.854057864506781,33,0.854057864506781,33
"263",0.9999,1,33,1,33,0.665630402145554,33,0.665630402145554,33
"264",0.9999,1,33,1,33,0.623560782651692,33,0.623560782651692,33
"265",0.9999,1,33,1,33,0.680555555555555,33,0.680555555555555,33
"266",0.9999,1,33,1,33,0.338383838383838,33,0.338383838383838,33
"267",0.9999,1,33,1,33,0.469264069264069,33,0.469264069264069,33
"268",0.9999,1,33,1,33,0.748737373737374,33,0.748737373737374,33
"269",0.9999,1,33,1,33,0.93006993006993,33,0.93006993006993,33
"270",0.9999,0.96969696969697,33,0.967741935483871,31,0.860805860805861,33,0.809190809190809,33
"271",0.9999,1,33,1,33,0.898989898989899,33,0.898989898989899,33
"272",0.9999,1,33,1,33,1,33,1,33
"273",0.9999,0.96969696969697,33,0.967741935483871,31,0.524104683195592,33,0.493801652892562,33
"274",0.9999,0.96969696969697,33,0.967741935483871,31,0.862626262626263,33,0.808080808080808,33
"275",0.9999,0.96969696969697,33,0.967741935483871,31,0.825895316804408,33,0.774380165289256,33
"276",0.9999,1,33,1,33,0.798951048951049,33,0.798951048951049,33
"277",0.9999,1,33,1,33,0.613833136560409,33,0.613833136560409,33
"278",0.9999,1,33,1,33,1,33,1,33
"279",0.9999,1,33,1,33,0.812121212121212,33,0.812121212121212,33
"280",0.9999,1,33,1,33,1,33,1,33
"281",0.9999,1,33,1,33,0.944772399317854,33,0.944772399317854,33
"282",0.9999,1,33,1,33,0.654269972451791,33,0.654269972451791,33
"283",0.9999,1,33,1,33,0.977777777777778,33,0.977777777777778,33
"284",0.9999,1,33,1,33,1,33,1,33
"285",0.9999,1,33,1,33,0.875,33,0.875,33
"286",0.9999,1,33,1,33,0.972000708842814,33,0.972000708842814,33
"287",0.9999,1,33,1,33,0.980237154150198,33,0.980237154150198,33
"288",0.9999,1,33,1,33,1,33,1,33
"289",0.9999,1,33,1,33,0.898885918003565,33,0.898885918003565,33
"290",0.9999,NA,0,NA,0,0,33,0,33
"291",0.9999,1,33,1,33,0.978919631093544,33,0.978919631093544,33
"292",0.9999,1,33,1,33,0.968379446640316,33,0.968379446640316,33
"293",0.9999,1,33,1,33,1,33,1,33
"294",0.9999,1,33,1,33,0.972121212121212,33,0.972121212121212,33
"295",0.9999,1,33,1,33,0.646103896103896,33,0.646103896103896,33
"296",0.9999,0.96969696969697,33,0.967741935483871,31,0.552221515857879,33,0.520752984389348,33
"297",0.9999,0.96969696969697,33,0.967741935483871,31,0.654040404040404,33,0.621572871572872,33
"298",0.9999,1,33,1,33,0.813830613830614,33,0.813830613830614,33
"299",0.9999,NA,0,NA,0,0,33,0,33
"300",0.9999,1,5,1,5,0.0262626262626263,33,0.0262626262626263,33
"301",0.9999,1,33,1,33,0.867003367003367,33,0.867003367003367,33
"302",0.9999,0.909090909090909,33,0.964285714285714,28,0.860650953984287,33,0.775533108866442,33
"303",0.9999,1,33,1,33,1,33,1,33
"304",0.9999,1,33,1,33,0.997979797979798,33,0.997979797979798,33
"305",0.9999,1,33,1,33,0.560606060606061,33,0.560606060606061,33
"306",0.9999,1,33,1,33,1,33,1,33
"307",0.9999,1,33,1,33,1,33,1,33
"308",0.9999,1,27,1,27,0.115717027080663,33,0.115717027080663,33
"309",0.9999,1,33,1,33,0.438311688311688,33,0.438311688311688,33
"310",0.9999,1,33,1,33,0.931818181818182,33,0.931818181818182,33
"311",0.9999,1,33,1,33,0.926767676767677,33,0.926767676767677,33
"312",0.9999,1,33,1,33,0.846735209235209,33,0.846735209235209,33
"313",0.9999,0.96969696969697,33,0.967741935483871,31,0.593386841916254,33,0.562081137816432,33
"314",0.9999,1,33,1,33,0.970707070707071,33,0.970707070707071,33
"315",0.9999,1,33,1,33,0.8284165181224,33,0.8284165181224,33
"316",0.9999,1,33,1,33,0.763636363636364,33,0.763636363636364,33
"317",0.9999,1,33,1,33,0.888888888888889,33,0.888888888888889,33
"318",0.9999,0.96969696969697,33,0.967741935483871,31,0.861952861952862,33,0.808080808080808,33
"319",0.9999,1,33,1,33,0.947474747474747,33,0.947474747474747,33
"320",0.9999,1,33,1,33,0.948051948051948,33,0.948051948051948,33
"321",0.9999,0.939393939393939,33,0.966666666666667,30,0.834680134680135,33,0.78013468013468,33
"322",0.9999,1,33,1,33,0.897245179063361,33,0.897245179063361,33
"323",0.9999,1,33,1,33,0.911845730027548,33,0.911845730027548,33
"324",0.9999,0.96969696969697,33,0.967741935483871,31,0.93030303030303,33,0.872727272727273,33
"325",0.9999,1,33,1,33,0.848484848484849,33,0.848484848484849,33
"326",0.9999,0.939393939393939,33,0.966666666666667,30,0.772053872053872,33,0.717508417508418,33
"327",0.9999,0.939393939393939,33,0.966666666666667,30,0.790358126721763,33,0.735812672176309,33
"328",0.9999,1,33,1,33,0.844903581267218,33,0.844903581267218,33
"329",0.9999,1,33,1,33,0.933333333333333,33,0.933333333333333,33
"330",0.9999,1,33,1,33,1,33,1,33
"331",0.9999,1,33,1,33,0.84228650137741,33,0.84228650137741,33
"332",0.9999,1,33,1,33,1,33,1,33
"333",0.9999,0.96969696969697,33,0.967741935483871,31,0.917424242424242,33,0.864393939393939,33
"334",0.9999,1,33,1,33,0.836363636363636,33,0.836363636363636,33
"335",0.9999,1,33,1,33,0.903030303030303,33,0.903030303030303,33
"336",0.9999,1,33,1,33,0.905723905723906,33,0.905723905723906,33
"337",0.9999,1,33,1,33,0.8996632996633,33,0.8996632996633,33
"338",0.9999,1,33,1,33,0.939393939393939,33,0.939393939393939,33
"339",0.9999,1,33,1,33,0.908508158508158,33,0.908508158508158,33
"340",0.9999,0.96969696969697,33,0.967741935483871,31,0.892528223410576,33,0.839750445632799,33
"341",0.9999,1,33,1,33,0.786195286195286,33,0.786195286195286,33
"342",0.9999,0.909090909090909,33,0.96551724137931,29,0.80974580974581,33,0.755799755799756,33
"343",0.9999,1,33,1,33,0.948484848484848,33,0.948484848484848,33
"344",0.9999,0.96969696969697,33,0.96875,32,0.939393939393939,33,0.912121212121212,33
"345",0.9999,1,33,1,33,0.922943722943723,33,0.922943722943723,33
"346",0.9999,0.96969696969697,33,0.967741935483871,31,0.867243867243867,33,0.806637806637807,33
"347",0.9999,0.939393939393939,33,0.966666666666667,30,0.822895622895623,33,0.769023569023569,33
"348",0.9999,1,33,1,33,0.984848484848485,33,0.984848484848485,33
"349",0.9999,1,33,1,33,0.845117845117845,33,0.845117845117845,33
"350",0.9999,1,33,1,33,0.832671720023499,33,0.832671720023499,33
"351",0.9999,1,33,1,33,1,33,1,33
"352",0.9999,1,33,1,33,0.470737679828589,33,0.470737679828589,33
"353",0.9999,NA,0,NA,0,0,33,0,33
"354",0.9999,0.939393939393939,33,0.931034482758621,29,0.757851239669422,33,0.657851239669421,33
"355",0.9999,1,33,1,33,0.950089126559715,33,0.950089126559715,33
"356",0.9999,1,33,1,33,0.98533724340176,33,0.98533724340176,33
"357",0.9999,1,33,1,33,1,33,1,33
"358",0.9999,1,33,1,33,0.676767676767677,33,0.676767676767677,33
"359",0.9999,1,33,1,33,0.845454545454546,33,0.845454545454546,33
"360",0.9999,1,33,1,33,0.682828282828283,33,0.682828282828283,33
"361",0.9999,1,33,1,33,0.684559884559884,33,0.684559884559884,33
"362",0.9999,1,33,1,33,0.491031527395164,33,0.491031527395164,33
"363",0.9999,1,33,1,33,0.100104493207941,33,0.100104493207941,33
"364",0.9999,1,1,1,1,0.00104493207941484,33,0.00104493207941484,33
"365",0.9999,1,33,1,33,0.996969696969697,33,0.996969696969697,33
"366",0.9999,1,33,1,33,0.976767676767677,33,0.976767676767677,33
"367",0.9999,1,33,1,33,1,33,1,33
"368",0.9999,1,33,1,33,1,33,1,33
"369",0.9999,1,33,1,33,1,33,1,33
"370",0.9999,1,33,1,33,0.927894157779215,33,0.927894157779215,33
"371",0.9999,1,33,1,33,0.68001443001443,33,0.68001443001443,33
"372",0.9999,1,33,1,33,0.798648573648574,33,0.798648573648574,33
"373",0.9999,0.909090909090909,33,0.931034482758621,29,0.64418426691154,33,0.573477196204469,33
"374",0.9999,1,30,1,30,0.617712842712843,33,0.617712842712843,33
"375",0.9999,0.939393939393939,33,0.933333333333333,30,0.659090909090909,33,0.595454545454545,33
"376",0.9999,1,33,1,33,0.991341991341991,33,0.991341991341991,33
"377",0.9999,0.939393939393939,33,0.966666666666667,30,0.600091827364555,33,0.559014386287114,33
"378",0.9999,1,33,1,33,0.692640692640693,33,0.692640692640693,33
"379",0.9999,1,33,1,33,0.833057851239669,33,0.833057851239669,33
"380",0.9999,1,33,1,33,1,33,1,33
"381",0.9999,1,33,1,33,0.531473829201102,33,0.531473829201102,33
"382",0.9999,1,8,1,8,0.0281286894923259,33,0.0281286894923259,33
"383",0.9999,1,33,1,33,0.387910237910238,33,0.387910237910238,33
"384",0.9999,0.96969696969697,33,0.967741935483871,31,0.627295684113866,33,0.589416896235078,33
"385",0.9999,NA,0,NA,0,0,33,0,33
"386",0.9999,1,11,1,11,0.225806451612903,31,0.225806451612903,31
"387",0.9999,1,33,1,33,0.493433911767245,33,0.493433911767245,33
"388",0.9999,1,33,1,33,0.967452300785634,33,0.967452300785634,33
"389",0.9999,1,33,1,33,0.787828333282879,33,0.787828333282879,33
"390",0.9999,1,33,1,33,0.502702348156894,33,0.502702348156894,33
"391",0.9999,1,33,1,33,0.536054398244801,33,0.536054398244801,33
"392",0.9999,1,33,1,33,0.723538414447505,33,0.723538414447505,33
"393",0.9999,1,33,1,33,0.578754578754579,33,0.578754578754579,33
"394",0.9999,1,33,1,33,0.899678604224059,33,0.899678604224059,33
"395",0.9999,1,33,1,33,0.768793706293706,33,0.768793706293706,33
"396",0.9999,1,33,1,33,0.875291375291375,33,0.875291375291375,33
"397",0.9999,1,12,1,12,0.125,33,0.125,33
"398",0.9999,1,33,1,33,0.935064935064935,33,0.935064935064935,33
"399",0.9999,0.96969696969697,33,0.967741935483871,31,0.939393939393939,33,0.885521885521885,33
"400",0.9999,1,33,1,33,1,33,1,33
"401",0.9999,1,33,1,33,1,33,1,33
"402",0.9999,1,33,1,33,0.902356902356902,33,0.902356902356902,33
"403",0.9999,1,33,1,33,0.878787878787879,33,0.878787878787879,33
"404",0.9999,1,33,1,33,1,33,1,33
"405",0.9999,1,33,1,33,1,33,1,33
"406",0.9999,1,33,1,33,1,33,1,33
"407",0.9999,1,33,1,33,1,33,1,33
"408",0.9999,1,33,1,33,1,33,1,33
"409",0.9999,1,33,1,33,1,33,1,33
"410",0.9999,0.909090909090909,33,0.888888888888889,27,0.774998943297052,33,0.626709812249301,33
"411",0.9999,1,33,1,33,0.830575338639855,33,0.830575338639855,33
"412",0.9999,1,33,1,33,0.490836940836941,33,0.490836940836941,33
"413",0.9999,1,33,1,33,0.815062715062715,33,0.815062715062715,33
"414",0.9999,1,33,1,33,0.806060606060606,33,0.806060606060606,33
"415",0.9999,1,33,1,33,1,33,1,33
"416",0.9999,1,33,1,33,1,33,1,33
"417",0.9999,1,33,1,33,1,33,1,33
"418",0.9999,0.96969696969697,33,0.967741935483871,31,0.519480519480519,33,0.489177489177489,33
"419",0.9999,1,33,1,33,0.914600550964187,33,0.914600550964187,33
"420",0.9999,1,33,1,33,0.33951578724306,33,0.33951578724306,33
"421",0.9999,NA,0,NA,0,0,33,0,33
"422",0.9999,0.878787878787879,33,0.964285714285714,28,0.647474747474748,33,0.617171717171717,33
"423",0.9999,0.96969696969697,33,0.967741935483871,31,0.892568542568543,33,0.837734487734488,33
"424",0.9999,0.939393939393939,33,0.966666666666667,30,0.892424242424242,33,0.834848484848485,33
"425",0.9999,1,33,1,33,0.757214560465334,33,0.757214560465334,33
"426",0.9999,1,33,1,33,0.804342122523941,33,0.804342122523941,33
"427",0.9999,1,33,1,33,0.901731601731602,33,0.901731601731602,33
"428",0.9999,1,33,1,33,1,33,1,33
"429",0.9999,1,33,1,33,0.711575954145614,33,0.711575954145614,33
"430",0.9999,1,33,1,33,0.833333333333333,33,0.833333333333333,33
"431",0.9999,0.96969696969697,33,0.967741935483871,31,0.818181818181818,33,0.767676767676768,33
"432",0.9999,1,33,1,33,0.920469517307462,33,0.920469517307462,33
"433",0.9999,0.96969696969697,33,0.967741935483871,31,0.909090909090909,33,0.848484848484849,33
"434",0.9999,1,31,1,31,0.702020202020202,33,0.702020202020202,33
"435",0.9999,1,33,1,33,1,33,1,33
"436",0.9999,0.96969696969697,33,0.967741935483871,31,0.718855218855219,33,0.672558922558922,33
"437",0.9999,1,33,1,33,0.68629476584022,33,0.68629476584022,33
"438",0.9999,0.96969696969697,33,0.967741935483871,31,0.968574635241302,33,0.909090909090909,33
"439",0.9999,0.878787878787879,33,0.964285714285714,28,0.87012987012987,33,0.80952380952381,33
"440",0.9999,1,7,1,7,0.0423855556208497,33,0.0423855556208497,33
"441",0.9999,1,33,1,33,0.774071598336304,33,0.774071598336304,33
"442",0.9999,1,33,1,33,0.812121212121212,33,0.812121212121212,33
"443",0.9999,1,33,1,33,0.970959595959596,33,0.970959595959596,33
"444",0.9999,1,33,1,33,1,33,1,33
"445",0.9999,1,33,1,33,1,33,1,33
"446",0.9999,1,33,1,33,1,33,1,33
"447",0.9999,1,33,1,33,0.982144020853698,33,0.982144020853698,33
"448",0.9999,1,33,1,33,0.964841968067775,33,0.964841968067775,33
"449",0.9999,1,33,1,33,0.994004561746497,33,0.994004561746497,33
"450",0.9999,1,33,1,33,0.990909090909091,33,0.990909090909091,33
"451",0.9999,1,22,1,22,0.132756132756133,33,0.132756132756133,33
"452",0.9999,1,11,1,11,0.11448113680734,33,0.11448113680734,33
"453",0.9999,1,33,1,33,1,33,1,33
"454",0.9999,1,33,1,33,1,33,1,33
"455",0.9999,1,33,1,33,1,33,1,33
"456",0.9999,1,33,1,33,0.847330447330447,33,0.847330447330447,33
"457",0.9999,0.878787878787879,33,0.964285714285714,28,0.844191919191919,33,0.795707070707071,33
"458",0.9999,1,33,1,33,0.917424242424242,33,0.917424242424242,33
"459",0.9999,NA,0,NA,0,0,33,0,33
"460",0.9999,NA,0,NA,0,0,33,0,33
"461",0.9999,1,33,1,33,0.633838383838384,33,0.633838383838384,33
"462",0.9999,1,33,1,33,1,33,1,33
"463",0.9999,1,33,1,33,1,33,1,33
"464",0.9999,1,33,1,33,0.998556998556998,33,0.998556998556998,33
"465",0.9999,1,33,1,33,1,33,1,33
"466",0.9999,1,33,1,33,0.943722943722944,33,0.943722943722944,33
"467",0.9999,NA,0,NA,0,0,33,0,33
"468",0.9999,1,33,1,33,0.551707551707552,33,0.551707551707552,33
"469",0.9999,1,33,1,33,0.641414141414141,33,0.641414141414141,33
"470",0.9999,1,33,1,33,0.305627705627706,33,0.305627705627706,33
"471",0.9999,1,33,1,33,0.482467532467532,33,0.482467532467532,33
"472",0.9999,1,33,1,33,0.555555555555555,33,0.555555555555555,33
"473",0.9999,1,33,1,33,0.651515151515151,33,0.651515151515151,33
"474",0.9999,NA,0,NA,0,0,33,0,33
"475",0.9999,NA,0,NA,0,0,33,0,33
"476",0.9999,0.96969696969697,33,0.967741935483871,31,0.54978354978355,33,0.512987012987013,33
"477",0.9999,1,27,1,27,0.192929292929293,33,0.192929292929293,33
"478",0.9999,1,33,1,33,0.845286195286195,33,0.845286195286195,33
"479",0.9999,1,33,1,33,0.775252525252525,33,0.775252525252525,33
"480",0.9999,1,33,1,33,0.998917748917749,33,0.998917748917749,33
"481",0.9999,1,33,1,33,0.507166907166907,33,0.507166907166907,33
"482",0.9999,1,33,1,33,0.717508417508418,33,0.717508417508418,33
"483",0.9999,1,33,1,33,0.83030303030303,33,0.83030303030303,33
"484",0.9999,1,33,1,33,0.906371406371406,33,0.906371406371406,33
"485",0.9999,1,33,1,33,0.623421912624699,33,0.623421912624699,33
"486",0.9999,1,33,1,33,0.65494227994228,33,0.65494227994228,33
"487",0.9999,1,33,1,33,0.793939393939394,33,0.793939393939394,33
"488",0.9999,0.96969696969697,33,0.967741935483871,31,0.670646945646946,33,0.636014911014911,33
"489",0.9999,1,33,1,33,0.743867243867244,33,0.743867243867244,33
"490",0.9999,1,31,1,31,0.627836809654991,33,0.627836809654991,33
"491",0.9999,1,33,1,33,0.919191919191919,33,0.919191919191919,33
"492",0.9999,1,33,1,33,0.84297520661157,33,0.84297520661157,33
"493",0.9999,1,33,1,33,0.787144168962351,33,0.787144168962351,33
"494",0.9999,1,33,1,33,1,33,1,33
"495",0.9999,1,33,1,33,0.438508461235734,33,0.438508461235734,33
"496",0.9999,1,33,1,33,0.967676767676768,33,0.967676767676768,33
"497",0.9999,NA,0,NA,0,0,33,0,33
"498",0.9999,1,33,1,33,0.95684113865932,33,0.95684113865932,33
"499",0.9999,1,33,1,33,1,33,1,33
"500",0.9999,1,33,1,33,0.935606060606061,33,0.935606060606061,33
"501",0.9999,0.96969696969697,33,0.96969696969697,33,0.867559523809524,32,0.867559523809524,32
"502",0.9999,1,33,1,33,1,33,1,33
"503",0.9999,1,33,1,33,1,33,1,33
"504",0.9999,1,33,1,33,0.748512472506281,33,0.748512472506281,33
"505",0.9999,1,33,1,33,0.927738927738928,33,0.927738927738928,33
"506",0.9999,0.96969696969697,33,0.967741935483871,31,0.884848484848485,33,0.827272727272727,33
"507",0.9999,1,33,1,33,0.903030303030303,33,0.903030303030303,33
"508",0.9999,1,33,1,33,0.808080808080808,33,0.808080808080808,33
"509",0.9999,1,33,1,33,0.395995670995671,33,0.395995670995671,33
"510",0.9999,1,32,1,32,0.217258919531647,33,0.217258919531647,33
"511",0.9999,0.939393939393939,33,0.931034482758621,29,0.724390760754397,33,0.645348590803136,33
"512",0.9999,1,33,1,33,0.815365779002143,33,0.815365779002143,33
"513",0.9999,1,33,1,33,1,33,1,33
"514",0.9999,0.96875,32,0.966666666666667,30,0.804713804713805,33,0.787878787878788,33
"515",0.9999,1,33,1,33,1,33,1,33
"516",0.9999,1,33,1,33,0.669522396795124,33,0.669522396795124,33
"517",0.9999,1,33,1,33,1,33,1,33
"518",0.9999,1,33,1,33,0.653138528138528,33,0.653138528138528,33
"519",0.9999,1,33,1,33,1,33,1,33
"520",0.9999,1,33,1,33,0.514184048274957,33,0.514184048274957,33
"521",0.9999,1,33,1,33,1,33,1,33
"522",0.9999,1,33,1,33,0.805861646770738,33,0.805861646770738,33
"523",0.9999,1,33,1,33,0.509230163775618,33,0.509230163775618,33
"524",0.9999,1,33,1,33,1,33,1,33
"525",0.9999,0.96969696969697,33,0.967741935483871,31,0.58385150203332,33,0.544890463072281,33
"526",0.9999,1,33,1,33,1,33,1,33
"527",0.9999,1,33,1,33,1,33,1,33
"528",0.9999,1,33,1,33,1,33,1,33
"529",0.9999,1,33,1,33,0.966060606060606,33,0.966060606060606,33
"530",0.9999,1,33,1,33,0.8955463728191,33,0.8955463728191,33
"531",0.9999,1,33,1,33,0.897796143250689,33,0.897796143250689,33
"532",0.9999,1,33,1,33,0.715939700030609,33,0.715939700030609,33
"533",0.9999,1,33,1,33,0.890546772068511,33,0.890546772068511,33
"534",0.9999,1,33,1,33,0.974584555229717,33,0.974584555229717,33
"535",0.9999,1,33,1,33,0.488973063973064,33,0.488973063973064,33
"536",0.9999,0.939393939393939,33,0.931034482758621,29,0.913419913419913,33,0.792207792207792,33
"537",0.9999,1,33,1,33,0.977517106549365,33,0.977517106549365,33
"538",0.9999,1,33,1,33,0.581970102480938,33,0.581970102480938,33
"539",0.9999,0.96969696969697,33,0.96969696969697,33,0.834138376243639,33,0.834138376243639,33
"540",0.9999,1,33,1,33,1,33,1,33
"541",0.9999,1,33,1,33,0.715151515151515,33,0.715151515151515,33
"542",0.9999,1,33,1,33,0.986314760508309,33,0.986314760508309,33
"543",0.9999,1,33,1,33,0.720770316760998,33,0.720770316760998,33
"544",0.9999,1,33,1,33,0.638202582653383,33,0.638202582653383,33
"545",0.9999,0.96969696969697,33,0.967741935483871,31,0.962452107279693,33,0.902856147683734,33
"546",0.9999,1,33,1,33,1,33,1,33
"547",0.9999,1,33,1,33,0.788411963876035,33,0.788411963876035,33
"548",0.9999,1,33,1,33,0.613840541186079,33,0.613840541186079,33
"549",0.9999,1,33,1,33,0.9,33,0.9,33
"550",0.9999,1,33,1,33,0.87346189164371,33,0.87346189164371,33
"551",0.9999,1,33,1,33,0.835261707988981,33,0.835261707988981,33
"552",0.9999,0.96969696969697,33,0.96969696969697,33,0.895104895104895,33,0.895104895104895,33
"553",0.9999,1,33,1,33,0.737741046831956,33,0.737741046831956,33
"554",0.9999,1,33,1,33,0.905248133509003,33,0.905248133509003,33
"555",0.9999,0.939393939393939,33,0.96875,32,0.939393939393939,33,0.939393939393939,33
"556",0.9999,1,33,1,33,0.840909090909091,33,0.840909090909091,33
"557",0.9999,0.939393939393939,33,0.966666666666667,30,0.882828282828283,33,0.824242424242424,33
"558",0.9999,1,33,1,33,0.9375,33,0.9375,33
"559",0.9999,1,33,1,33,0.893642305407011,33,0.893642305407011,33
"560",0.9999,1,33,1,33,1,33,1,33
"561",0.9999,0.96969696969697,33,0.967741935483871,31,0.813131313131313,33,0.762626262626263,33
"562",0.9999,0.909090909090909,33,0.933333333333333,30,0.551515151515152,33,0.509090909090909,33
"563",0.9999,1,3,1,3,0.00757575757575758,33,0.00757575757575758,33
"564",0.9999,1,33,1,33,0.930704099821747,33,0.930704099821747,33
"565",0.9999,1,33,1,33,0.309151622787986,33,0.309151622787986,33
"566",0.9999,1,33,1,33,0.625295159386068,33,0.625295159386068,33
"567",0.9999,1,33,1,33,0.807359307359307,33,0.807359307359307,33
"568",0.9999,1,33,1,33,0.693181818181818,33,0.693181818181818,33
"569",0.9999,NA,0,NA,0,0,33,0,33
"570",0.9999,1,4,1,4,0.00944564694564695,33,0.00944564694564695,33
"571",0.9999,1,9,1,9,0.0405856769493133,33,0.0405856769493133,33
"572",0.9999,1,14,1,14,0.0676767676767677,33,0.0676767676767677,33
"573",0.9999,1,33,1,33,0.293778696051423,33,0.293778696051423,33
"574",0.9999,1,33,1,33,0.970959595959596,33,0.970959595959596,33
"575",0.9999,1,33,1,33,0.382683982683983,33,0.382683982683983,33
"576",0.9999,1,33,1,33,0.981427174975562,33,0.981427174975562,33
"577",0.9999,1,33,1,33,0.293617998163453,33,0.293617998163453,33
"578",0.9999,1,33,1,33,0.861471861471861,33,0.861471861471861,33
"579",0.9999,0.96969696969697,33,0.967741935483871,31,0.625908223445618,33,0.585607518183276,33
"580",0.9999,0.96969696969697,33,0.967741935483871,31,0.869468494468494,33,0.808862433862434,33
"581",0.9999,0.96969696969697,33,0.967741935483871,31,0.621212121212121,33,0.572727272727273,33
"582",0.9999,0.939393939393939,33,0.966666666666667,30,0.614430014430014,33,0.563924963924964,33
"583",0.9999,1,33,1,33,0.892316017316017,33,0.892316017316017,33
"584",0.9999,1,33,1,33,1,33,1,33
"585",0.9999,1,33,1,33,1,33,1,33
"586",0.9999,0.96969696969697,33,0.967741935483871,31,0.965909090909091,33,0.909090909090909,33
"587",0.9999,1,33,1,33,0.909982174688057,33,0.909982174688057,33
"588",0.9999,1,33,1,33,0.977777777777778,33,0.977777777777778,33
"589",0.9999,0.96969696969697,33,0.967741935483871,31,0.910533910533911,33,0.854978354978355,33
"590",0.9999,1,33,1,33,0.549447942629761,33,0.549447942629761,33
"591",0.9999,NA,0,NA,0,0,16,0,16
"592",0.9999,1,33,1,33,0.755633255633256,33,0.755633255633256,33
"593",0.9999,1,33,1,33,1,33,1,33
"594",0.9999,1,33,1,33,0.660606060606061,33,0.660606060606061,33
"595",0.9999,1,33,1,33,0.839126559714795,33,0.839126559714795,33
"596",0.9999,1,33,1,33,0.727253653115722,33,0.727253653115722,33
"597",0.9999,1,33,1,33,0.633968472604836,33,0.633968472604836,33
"598",0.9999,1,33,1,33,0.871212121212121,33,0.871212121212121,33
"599",0.9999,1,33,1,33,1,33,1,33
"600",0.9999,1,33,1,33,1,33,1,33
"601",0.9999,NA,0,NA,0,0,33,0,33
"602",0.9999,1,33,1,33,0.392217630853994,33,0.392217630853994,33
"603",0.9999,1,33,1,33,0.869107744107744,33,0.869107744107744,33
"604",0.9999,1,33,1,33,0.951048951048951,33,0.951048951048951,33
"605",0.9999,0.939393939393939,33,0.931034482758621,29,0.673836264745356,33,0.587748110475383,33
"606",0.9999,0.96969696969697,33,0.967741935483871,31,0.537037037037037,33,0.50976430976431,33
"607",0.9999,1,33,1,33,0.670707070707071,33,0.670707070707071,33
"608",0.9999,1,33,1,33,0.978879706152433,33,0.978879706152433,33
"609",0.9999,1,33,1,33,0.868181818181818,33,0.868181818181818,33
"610",0.9999,0.939393939393939,33,0.931034482758621,29,0.720110192837466,33,0.626446280991735,33
"611",0.9999,1,33,1,33,0.714285714285714,33,0.714285714285714,33
"612",0.9999,1,33,1,33,0.973599632690542,33,0.973599632690542,33
"613",0.9999,1,33,1,33,0.742424242424242,33,0.742424242424242,33
"614",0.9999,1,33,1,33,0.663636363636364,33,0.663636363636364,33
"615",0.9999,1,33,1,33,1,33,1,33
"616",0.9999,1,33,1,33,0.866883116883117,33,0.866883116883117,33
"617",0.9999,0.96969696969697,33,0.967741935483871,31,0.719291398836853,33,0.667776247321702,33
"618",0.9999,NA,0,NA,0,0,33,0,33
"619",0.9999,1,15,1,15,0.058008658008658,33,0.058008658008658,33
"620",0.9999,0.96875,32,0.966666666666667,30,0.293628593628594,33,0.277544677544678,33
"621",0.9999,1,33,1,33,0.570707070707071,33,0.570707070707071,33
"622",0.9999,1,33,1,33,0.703703703703704,33,0.703703703703704,33
"623",0.9999,1,33,1,33,0.325632262474368,33,0.325632262474368,33
"624",0.9999,0.939393939393939,33,0.931034482758621,29,0.785123966942149,33,0.696969696969697,33
"625",0.9999,0.96969696969697,33,0.967741935483871,31,0.811688311688312,33,0.759163059163059,33
"626",0.9999,1,33,1,33,0.918667191394464,33,0.918667191394464,33
"627",0.9999,1,33,1,33,0.87012987012987,33,0.87012987012987,33
"628",0.9999,0.96969696969697,33,0.967741935483871,31,0.778471528471528,33,0.737345987345987,33
"629",0.9999,1,33,1,33,0.992424242424242,33,0.992424242424242,33
"630",0.9999,0.96969696969697,33,0.967741935483871,31,0.811524334251607,33,0.755968778696051,33
"631",0.9999,1,33,1,33,0.902356902356902,33,0.902356902356902,33
"632",0.9999,0.939393939393939,33,0.931034482758621,29,0.823990897113427,33,0.722541621751108,33
"633",0.9999,1,33,1,33,0.926767676767677,33,0.926767676767677,33
"634",0.9999,1,33,1,33,0.75974025974026,33,0.75974025974026,33
"635",0.9999,0.96969696969697,33,0.967741935483871,31,0.846464646464646,33,0.799326599326599,33
"636",0.9999,1,33,1,33,0.828282828282828,33,0.828282828282828,33
