"","quantile","score1.n","score1.w","score1_adj.n","score1_adj.w","score2.n","score2.w","score2_adj.n","score2_adj.w"
"1",0.9999,1,33,1,33,0.512129845463179,33,0.512129845463179,33
"2",0.9999,1,1,1,1,0.0202020202020202,33,0.0202020202020202,33
"3",0.9999,1,33,1,33,0.903225806451613,33,0.903225806451613,33
"4",0.9999,1,33,1,33,0.903225806451613,33,0.903225806451613,33
"5",0.9999,1,33,1,33,0.715151515151515,33,0.715151515151515,33
"6",0.9999,0.939393939393939,33,0.96551724137931,29,0.740526476890113,33,0.679920416284053,33
"7",0.9999,1,33,1,33,0.728604728604729,33,0.728604728604729,33
"8",0.9999,0.96969696969697,33,0.967741935483871,31,0.567099567099567,33,0.536796536796537,33
"9",0.9999,0.96969696969697,33,0.96969696969697,33,0.783561536502713,33,0.783561536502713,33
"10",0.9999,NA,0,NA,0,0,33,0,33
"11",0.9999,1,33,1,33,0.733884297520661,33,0.733884297520661,33
"12",0.9999,1,33,1,33,0.487786960514233,33,0.487786960514233,33
"13",0.9999,1,33,1,33,0.645415190869736,33,0.645415190869736,33
"14",0.9999,0.96969696969697,33,0.967741935483871,31,0.435484566519049,33,0.400189082947704,33
"15",0.9999,NA,0,NA,0,0,33,0,33
"16",0.9999,1,33,1,33,0.453823953823954,33,0.453823953823954,33
"17",0.9999,1,33,1,33,1,33,1,33
"18",0.9999,1,33,1,33,0.920897284533648,33,0.920897284533648,33
"19",0.9999,1,33,1,33,0.903225806451613,33,0.903225806451613,33
"20",0.9999,1,33,1,33,0.903225806451613,33,0.903225806451613,33
"21",0.9999,1,33,1,33,0.96551724137931,33,0.96551724137931,33
"22",0.9999,1,33,1,33,0.982683982683983,33,0.982683982683983,33
"23",0.9999,NA,0,NA,0,0,33,0,33
"24",0.9999,1,33,1,33,0.952838732149077,33,0.952838732149077,33
"25",0.9999,NA,0,NA,0,0,33,0,33
"26",0.9999,1,33,1,33,0.925022689728572,33,0.925022689728572,33
"27",0.9999,1,33,1,33,0.96551724137931,33,0.96551724137931,33
"28",0.9999,1,33,1,33,0.96551724137931,33,0.96551724137931,33
"29",0.9999,NA,0,NA,0,0,33,0,33
"30",0.9999,1,33,1,33,0.744903581267218,33,0.744903581267218,33
"31",0.9999,1,33,1,33,0.860624824092316,33,0.860624824092316,33
"32",0.9999,1,33,1,33,0.913026367571822,33,0.913026367571822,33
"33",0.9999,1,33,1,33,0.895226777579719,33,0.895226777579719,33
"34",0.9999,1,33,1,33,0.933333333333333,33,0.933333333333333,33
"35",0.9999,1,33,1,33,0.935283873214908,33,0.935283873214908,33
"36",0.9999,1,33,1,33,0.933333333333333,33,0.933333333333333,33
"37",0.9999,1,33,1,33,0.933333333333333,33,0.933333333333333,33
"38",0.9999,1,33,1,33,0.933333333333333,33,0.933333333333333,33
"39",0.9999,1,33,1,33,0.877547403863193,33,0.877547403863193,33
"40",0.9999,1,33,1,33,0.801731601731602,33,0.801731601731602,33
"41",0.9999,1,33,1,33,0.933333333333333,33,0.933333333333333,33
"42",0.9999,1,33,1,33,0.933333333333333,33,0.933333333333333,33
"43",0.9999,1,33,1,33,0.99108734402852,33,0.99108734402852,33
"44",0.9999,1,33,1,33,0.798484848484849,33,0.798484848484849,33
"45",0.9999,1,33,1,33,0.452673925401198,33,0.452673925401198,33
"46",0.9999,1,33,1,33,0.933333333333333,33,0.933333333333333,33
"47",0.9999,1,33,1,33,0.933333333333333,33,0.933333333333333,33
"48",0.9999,1,33,1,33,0.903225806451613,33,0.903225806451613,33
"49",0.9999,0.958333333333333,24,0.954545454545455,22,0.300591049817056,33,0.287831879163149,33
"50",0.9999,1,33,1,33,0.933333333333333,33,0.933333333333333,33
"51",0.9999,0.96969696969697,33,0.967741935483871,31,0.532467532467533,33,0.502164502164502,33
"52",0.9999,1,33,1,33,0.747334820062093,33,0.747334820062093,33
"53",0.9999,0.958333333333333,24,0.954545454545455,22,0.465546218487395,33,0.413852813852814,33
"54",0.9999,1,33,1,33,1,33,1,33
"55",0.9999,0.909090909090909,33,0.96551724137931,29,0.729034707982076,33,0.677998025366446,33
"56",0.9999,0.939393939393939,33,0.966666666666667,30,0.878787878787879,33,0.824915824915825,33
"57",0.9999,1,33,1,33,0.903225806451613,33,0.903225806451613,33
"58",0.9999,1,33,1,33,0.852341597796143,33,0.852341597796143,33
"59",0.9999,1,33,1,33,1,33,1,33
"60",0.9999,1,33,1,33,0.903225806451613,33,0.903225806451613,33
"61",0.9999,NA,0,NA,0,0,33,0,33
"62",0.9999,1,33,1,33,0.603896103896104,33,0.603896103896104,33
"63",0.9999,0.96969696969697,33,0.967741935483871,31,0.785454545454546,33,0.732121212121212,33
"64",0.9999,1,33,1,33,0.869565217391304,33,0.869565217391304,33
"65",0.9999,1,33,1,33,0.588343326311241,33,0.588343326311241,33
"66",0.9999,0.96969696969697,33,0.967741935483871,31,0.84611736089997,33,0.792504307286916,33
"67",0.9999,1,33,1,33,0.712327438643228,33,0.712327438643228,33
"68",0.9999,1,33,1,33,0.753030303030303,33,0.753030303030303,33
"69",0.9999,1,33,1,33,0.933333333333333,33,0.933333333333333,33
"70",0.9999,1,33,1,33,0.933333333333333,33,0.933333333333333,33
"71",0.9999,1,33,1,33,0.933333333333333,33,0.933333333333333,33
"72",0.9999,0.88,25,0.952380952380952,21,0.517377235559054,33,0.490441208623027,33
"73",0.9999,1,33,1,33,0.926526806526807,33,0.926526806526807,33
"74",0.9999,1,3,1,3,0.0787878787878788,33,0.0787878787878788,33
"75",0.9999,1,33,1,33,0.903225806451613,33,0.903225806451613,33
"76",0.9999,0.96551724137931,29,0.962962962962963,27,0.422803795531068,33,0.385093357820631,33
"77",0.9999,1,33,1,33,0.903225806451613,33,0.903225806451613,33
"78",0.9999,NA,0,NA,0,0,32,0,32
"79",0.9999,1,33,1,33,0.903225806451613,33,0.903225806451613,33
"80",0.9999,1,33,1,33,0.933333333333333,33,0.933333333333333,33
"81",0.9999,1,33,1,33,0.903225806451613,33,0.903225806451613,33
"82",0.9999,1,33,1,33,0.903225806451613,33,0.903225806451613,33
"83",0.9999,1,33,1,33,0.903225806451613,33,0.903225806451613,33
"84",0.9999,1,33,1,33,0.933333333333333,33,0.933333333333333,33
"85",0.9999,1,33,1,33,0.898989898989899,33,0.898989898989899,33
"86",0.9999,1,33,1,33,0.903225806451613,33,0.903225806451613,33
"87",0.9999,1,33,1,33,0.70855614973262,33,0.70855614973262,33
"88",0.9999,1,33,1,33,0.930085165379283,33,0.930085165379283,33
"89",0.9999,1,33,1,33,0.903225806451613,33,0.903225806451613,33
"90",0.9999,0.96969696969697,33,0.96969696969697,33,0.728787878787879,33,0.728787878787879,33
"91",0.9999,1,33,1,33,0.903225806451613,33,0.903225806451613,33
"92",0.9999,1,33,1,33,0.751582834090574,33,0.751582834090574,33
"93",0.9999,1,33,1,33,0.8,33,0.8,33
"94",0.9999,1,33,1,33,0.646303191757737,33,0.646303191757737,33
"95",0.9999,1,33,1,33,0.8,33,0.8,33
"96",0.9999,1,33,1,33,0.597979797979798,33,0.597979797979798,33
"97",0.9999,NA,0,NA,0,0,33,0,33
"98",0.9999,0.966666666666667,30,0.96551724137931,29,0.388636363636364,32,0.365909090909091,32
"99",0.9999,NA,0,NA,0,0,33,0,33
"100",0.9999,1,33,1,33,0.903225806451613,33,0.903225806451613,33
"101",0.9999,1,33,1,33,0.903225806451613,33,0.903225806451613,33
"102",0.9999,1,33,1,33,0.92979020979021,33,0.92979020979021,33
"103",0.9999,1,33,1,33,0.634478114478115,33,0.634478114478115,33
"104",0.9999,0.96969696969697,33,0.967741935483871,31,0.703703703703704,33,0.663299663299663,33
"105",0.9999,1,33,1,33,0.858231437178806,33,0.858231437178806,33
"106",0.9999,1,33,1,33,0.59504132231405,33,0.59504132231405,33
"107",0.9999,1,33,1,33,0.618492618492619,33,0.618492618492619,33
"108",0.9999,1,33,1,33,0.496969696969697,33,0.496969696969697,33
"109",0.9999,1,33,1,33,0.682655579714403,33,0.682655579714403,33
"110",0.9999,1,15,1,15,0.254700854700855,33,0.254700854700855,33
"111",0.9999,1,33,1,33,0.585547785547786,33,0.585547785547786,33
"112",0.9999,1,33,1,33,0.426263722830005,33,0.426263722830005,33
"113",0.9999,1,22,1,22,0.408706108706109,33,0.408706108706109,33
"114",0.9999,1,14,1,14,0.282828282828283,33,0.282828282828283,33
"115",0.9999,1,33,1,33,0.904009794918886,33,0.904009794918886,33
"116",0.9999,1,33,1,33,0.926946888237211,33,0.926946888237211,33
"117",0.9999,1,33,1,33,0.926034538937765,33,0.926034538937765,33
"118",0.9999,1,33,1,33,0.928771586836103,33,0.928771586836103,33
"119",0.9999,1,33,1,33,0.928771586836103,33,0.928771586836103,33
"120",0.9999,1,33,1,33,0.933333333333333,33,0.933333333333333,33
"121",0.9999,1,33,1,33,0.933333333333333,33,0.933333333333333,33
"122",0.9999,1,33,1,33,0.96551724137931,33,0.96551724137931,33
"123",0.9999,1,33,1,33,0.96551724137931,33,0.96551724137931,33
"124",0.9999,1,33,1,33,0.526230403010589,33,0.526230403010589,33
"125",0.9999,0.5,2,0,1,0.0202020202020202,33,0,33
"126",0.9999,1,33,1,33,0.992727272727273,33,0.992727272727273,33
"127",0.9999,1,33,1,33,0.927859237536657,33,0.927859237536657,33
"128",0.9999,1,33,1,33,0.783838383838384,33,0.783838383838384,33
"129",0.9999,1,33,1,33,0.903225806451613,33,0.903225806451613,33
"130",0.9999,NA,0,NA,0,0,33,0,33
"131",0.9999,1,1,1,1,0.0173160173160173,33,0.0173160173160173,33
"132",0.9999,1,1,1,1,0.0202020202020202,33,0.0202020202020202,33
"133",0.9999,1,33,1,33,0.564936410390956,33,0.564936410390956,33
"134",0.9999,1,1,1,1,0.0138888888888889,32,0.0138888888888889,32
"135",0.9999,1,33,1,33,0.754208754208754,33,0.754208754208754,33
"136",0.9999,1,33,1,33,0.933333333333333,33,0.933333333333333,33
"137",0.9999,1,33,1,33,0.848080808080808,33,0.848080808080808,33
"138",0.9999,1,33,1,33,0.875910621365167,33,0.875910621365167,33
"139",0.9999,1,33,1,33,0.888888888888889,33,0.888888888888889,33
"140",0.9999,1,33,1,33,0.992784992784993,33,0.992784992784993,33
"141",0.9999,1,33,1,33,0.644155844155844,33,0.644155844155844,33
"142",0.9999,1,33,1,33,0.892057833234304,33,0.892057833234304,33
"143",0.9999,1,33,1,33,0.888888888888889,33,0.888888888888889,33
"144",0.9999,1,33,1,33,0.616608634502591,33,0.616608634502591,33
"145",0.9999,1,33,1,33,0.904299916157624,33,0.904299916157624,33
"146",0.9999,1,33,1,33,0.888888888888889,33,0.888888888888889,33
"147",0.9999,1,33,1,33,0.928737928737929,33,0.928737928737929,33
"148",0.9999,1,33,1,33,0.96,33,0.96,33
"149",0.9999,1,33,1,33,0.909090909090909,33,0.909090909090909,33
"150",0.9999,1,33,1,33,0.903225806451613,33,0.903225806451613,33
"151",0.9999,1,33,1,33,0.933333333333333,33,0.933333333333333,33
"152",0.9999,1,33,1,33,0.903030303030303,33,0.903030303030303,33
"153",0.9999,1,33,1,33,0.888888888888889,33,0.888888888888889,33
"154",0.9999,0.878787878787879,33,0.925925925925926,27,0.407346189164371,33,0.349954086317723,33
"155",0.9999,NA,0,NA,0,0,33,0,33
"156",0.9999,1,33,1,33,0.272888222888223,33,0.272888222888223,33
"157",0.9999,1,33,1,33,0.779063360881543,33,0.779063360881543,33
"158",0.9999,1,33,1,33,0.403848439142557,33,0.403848439142557,33
"159",0.9999,1,33,1,33,0.605642842006478,33,0.605642842006478,33
"160",0.9999,1,33,1,33,0.933333333333333,33,0.933333333333333,33
"161",0.9999,1,33,1,33,0.933333333333333,33,0.933333333333333,33
"162",0.9999,1,33,1,33,0.551423324150597,33,0.551423324150597,33
"163",0.9999,1,33,1,33,0.756290174471993,33,0.756290174471993,33
"164",0.9999,1,33,1,33,0.894068894068894,33,0.894068894068894,33
"165",0.9999,1,33,1,33,0.933333333333333,33,0.933333333333333,33
"166",0.9999,1,33,1,33,0.888888888888889,33,0.888888888888889,33
"167",0.9999,1,33,1,33,0.531697931697932,33,0.531697931697932,33
"168",0.9999,0.96969696969697,33,0.967741935483871,31,0.872053872053872,33,0.818181818181818,33
"169",0.9999,1,33,1,33,0.515632515632516,33,0.515632515632516,33
"170",0.9999,0.96969696969697,33,0.967741935483871,31,0.786583786583787,33,0.737632737632738,33
"171",0.9999,1,33,1,33,0.333333333333333,33,0.333333333333333,33
"172",0.9999,1,33,1,33,0.712509712509713,33,0.712509712509713,33
"173",0.9999,1,33,1,33,0.801731601731602,33,0.801731601731602,33
"174",0.9999,1,33,1,33,0.826262626262626,33,0.826262626262626,33
"175",0.9999,1,33,1,33,0.898395721925134,33,0.898395721925134,33
"176",0.9999,1,33,1,33,0.923076923076923,33,0.923076923076923,33
"177",0.9999,1,33,1,33,0.995244755244755,33,0.995244755244755,33
"178",0.9999,0.96969696969697,33,0.967741935483871,31,0.654679434124851,33,0.610979274635218,33
"179",0.9999,1,33,1,33,0.151067323481117,33,0.151067323481117,33
"180",0.9999,1,33,1,33,0.789837771655953,33,0.789837771655953,33
"181",0.9999,1,33,1,33,0.933333333333333,33,0.933333333333333,33
"182",0.9999,1,33,1,33,0.488696488696489,33,0.488696488696489,33
"183",0.9999,1,33,1,33,0.824242424242424,33,0.824242424242424,33
"184",0.9999,1,33,1,33,0.696547896547897,33,0.696547896547897,33
"185",0.9999,1,33,1,33,0.742230951675512,33,0.742230951675512,33
"186",0.9999,0.96969696969697,33,0.967741935483871,31,0.555555555555555,33,0.494949494949495,33
"187",0.9999,1,33,1,33,0.914053008914669,33,0.914053008914669,33
"188",0.9999,1,33,1,33,0.816835016835017,33,0.816835016835017,33
"189",0.9999,1,9,1,9,0.17027417027417,33,0.17027417027417,33
"190",0.9999,1,33,1,33,0.38497310770038,33,0.38497310770038,33
"191",0.9999,1,33,1,33,0.733884297520661,33,0.733884297520661,33
"192",0.9999,1,33,1,33,0.802551834130782,33,0.802551834130782,33
"193",0.9999,1,18,1,18,0.367676767676768,33,0.367676767676768,33
"194",0.9999,1,33,1,33,0.364738292011019,33,0.364738292011019,33
"195",0.9999,1,33,1,33,0.752393620294598,33,0.752393620294598,33
"196",0.9999,1,33,1,33,0.962424242424242,33,0.962424242424242,33
"197",0.9999,1,33,1,33,0.825589225589226,33,0.825589225589226,33
"198",0.9999,1,33,1,33,0.563943899238017,33,0.563943899238017,33
"199",0.9999,1,33,1,33,0.515151515151515,33,0.515151515151515,33
"200",0.9999,0.944444444444444,18,0.944444444444444,18,0.454545454545455,33,0.454545454545455,33
"201",0.9999,NA,0,NA,0,0,33,0,33
"202",0.9999,1,33,1,33,0.762477718360071,33,0.762477718360071,33
"203",0.9999,1,33,1,33,0.303654188948307,33,0.303654188948307,33
"204",0.9999,1,33,1,33,0.940160222918844,33,0.940160222918844,33
"205",0.9999,1,33,1,33,0.621212121212121,33,0.621212121212121,33
"206",0.9999,1,33,1,33,0.903225806451613,33,0.903225806451613,33
"207",0.9999,1,33,1,33,0.444811753902663,33,0.444811753902663,33
"208",0.9999,1,33,1,33,0.945270890725436,33,0.945270890725436,33
"209",0.9999,1,33,1,33,0.768831168831169,33,0.768831168831169,33
"210",0.9999,NA,0,NA,0,0,33,0,33
"211",0.9999,NA,0,NA,0,0,33,0,33
"212",0.9999,1,33,1,33,0.918470418470418,33,0.918470418470418,33
"213",0.9999,1,33,1,33,0.574314574314574,33,0.574314574314574,33
"214",0.9999,1,33,1,33,0.933333333333333,33,0.933333333333333,33
"215",0.9999,1,33,1,33,0.632411067193676,33,0.632411067193676,33
"216",0.9999,NA,0,NA,0,0,33,0,33
"217",0.9999,1,5,1,5,0.114478114478114,33,0.114478114478114,33
"218",0.9999,1,1,1,1,0.0303030303030303,33,0.0303030303030303,33
"219",0.9999,1,33,1,33,0.591630591630592,33,0.591630591630592,33
"220",0.9999,1,33,1,33,0.452861952861953,33,0.452861952861953,33
"221",0.9999,1,33,1,33,0.41038961038961,33,0.41038961038961,33
"222",0.9999,0.952380952380952,21,0.947368421052632,19,0.351515151515152,33,0.313804713804714,33
"223",0.9999,1,33,1,33,0.892255892255892,33,0.892255892255892,33
"224",0.9999,1,33,1,33,0.83982683982684,33,0.83982683982684,33
"225",0.9999,1,33,1,33,0.64907819453274,33,0.64907819453274,33
"226",0.9999,1,33,1,33,0.747107438016529,33,0.747107438016529,33
"227",0.9999,1,33,1,33,0.888888888888889,33,0.888888888888889,33
"228",0.9999,1,33,1,33,0.444444444444444,33,0.444444444444444,33
"229",0.9999,1,33,1,33,0.725436179981635,33,0.725436179981635,33
"230",0.9999,0.96969696969697,33,0.967741935483871,31,0.694389877120943,33,0.651965634696701,33
"231",0.9999,1,33,1,33,0.96551724137931,33,0.96551724137931,33
"232",0.9999,1,33,1,33,0.927645687645688,33,0.927645687645688,33
"233",0.9999,1,33,1,33,0.957715081853013,33,0.957715081853013,33
"234",0.9999,1,4,1,4,0.0837465564738292,33,0.0837465564738292,33
"235",0.9999,0.962962962962963,27,0.96,25,0.705090116854823,33,0.648049118637354,33
"236",0.9999,1,18,1,18,0.273301901109388,33,0.273301901109388,33
"237",0.9999,1,33,1,33,0.727272727272727,33,0.727272727272727,33
"238",0.9999,0.939393939393939,33,0.931034482758621,29,0.648795648795649,33,0.571095571095571,33
"239",0.9999,1,33,1,33,0.509379509379509,33,0.509379509379509,33
"240",0.9999,1,33,1,33,0.717060717060717,33,0.717060717060717,33
"241",0.9999,0.96969696969697,33,0.967741935483871,31,0.65993265993266,33,0.616161616161616,33
"242",0.9999,0.92,25,0.91304347826087,23,0.581818181818182,33,0.521212121212121,33
"243",0.9999,1,33,1,33,0.806060606060606,33,0.806060606060606,33
"244",0.9999,1,33,1,33,0.85041625041625,33,0.85041625041625,33
"245",0.9999,1,33,1,33,0.933146853146853,33,0.933146853146853,33
"246",0.9999,1,33,1,33,0.907902554961379,33,0.907902554961379,33
"247",0.9999,0.909090909090909,33,0.96551724137931,29,0.893852813852814,33,0.836132756132756,33
"248",0.9999,1,33,1,33,0.824242424242424,33,0.824242424242424,33
"249",0.9999,1,33,1,33,0.903225806451613,33,0.903225806451613,33
"250",0.9999,1,33,1,33,0.903225806451613,33,0.903225806451613,33
"251",0.9999,1,33,1,33,0.903225806451613,33,0.903225806451613,33
"252",0.9999,0.96969696969697,33,0.967741935483871,31,0.909090909090909,33,0.84992784992785,33
"253",0.9999,1,33,1,33,0.594516594516594,33,0.594516594516594,33
"254",0.9999,1,33,1,33,0.543862871135598,33,0.543862871135598,33
"255",0.9999,1,33,1,33,0.888888888888889,33,0.888888888888889,33
"256",0.9999,1,33,1,33,0.504480966907086,33,0.504480966907086,33
"257",0.9999,1,33,1,33,0.940438871473354,33,0.940438871473354,33
"258",0.9999,1,33,1,33,0.933333333333333,33,0.933333333333333,33
"259",0.9999,1,33,1,33,0.858181818181818,33,0.858181818181818,33
"260",0.9999,1,33,1,33,0.933333333333333,33,0.933333333333333,33
"261",0.9999,1,33,1,33,0.923076923076923,33,0.923076923076923,33
"262",0.9999,1,33,1,33,0.920560443141088,33,0.920560443141088,33
"263",0.9999,1,33,1,33,0.814156603630288,33,0.814156603630288,33
"264",0.9999,1,33,1,33,0.964790764790765,33,0.964790764790765,33
"265",0.9999,1,33,1,33,0.680074741220252,33,0.680074741220252,33
"266",0.9999,1,33,1,33,0.93933025448177,33,0.93933025448177,33
"267",0.9999,1,33,1,33,0.359468814014269,33,0.359468814014269,33
"268",0.9999,1,33,1,33,0.580808080808081,33,0.580808080808081,33
"269",0.9999,NA,0,NA,0,0,33,0,33
"270",0.9999,1,13,1,13,0.178354978354978,33,0.178354978354978,33
"271",0.9999,1,33,1,33,0.507455507455507,33,0.507455507455507,33
"272",0.9999,1,33,1,33,0.93006993006993,33,0.93006993006993,33
"273",0.9999,0.96969696969697,33,0.967741935483871,31,0.744588744588745,33,0.6999666999667,33
"274",0.9999,1,33,1,33,0.898989898989899,33,0.898989898989899,33
"275",0.9999,1,33,1,33,0.909090909090909,33,0.909090909090909,33
"276",0.9999,1,33,1,33,0.41538764266037,33,0.41538764266037,33
"277",0.9999,0.96969696969697,33,0.967741935483871,31,0.682251082251082,33,0.641847041847042,33
"278",0.9999,1,33,1,33,0.761310070400979,33,0.761310070400979,33
"279",0.9999,1,33,1,33,0.370629370629371,33,0.370629370629371,33
"280",0.9999,1,33,1,33,0.524399842581661,33,0.524399842581661,33
"281",0.9999,1,33,1,33,0.666666666666667,33,0.666666666666667,33
"282",0.9999,NA,0,NA,0,0,33,0,33
"283",0.9999,1,33,1,33,0.666666666666667,33,0.666666666666667,33
"284",0.9999,1,33,1,33,0.734618916437098,33,0.734618916437098,33
"285",0.9999,1,33,1,33,0.43801652892562,33,0.43801652892562,33
"286",0.9999,1,33,1,33,0.838095238095238,33,0.838095238095238,33
"287",0.9999,1,33,1,33,0.903225806451613,33,0.903225806451613,33
"288",0.9999,1,33,1,33,0.5,33,0.5,33
"289",0.9999,1,33,1,33,0.880549561664113,33,0.880549561664113,33
"290",0.9999,1,33,1,33,0.886333692657803,33,0.886333692657803,33
"291",0.9999,1,33,1,33,0.903225806451613,33,0.903225806451613,33
"292",0.9999,1,33,1,33,0.755496137849079,33,0.755496137849079,33
"293",0.9999,1,33,1,33,0.401731601731602,33,0.401731601731602,33
"294",0.9999,1,33,1,33,0.889926937357767,33,0.889926937357767,33
"295",0.9999,1,33,1,33,0.869565217391304,33,0.869565217391304,33
"296",0.9999,1,33,1,33,0.96551724137931,33,0.96551724137931,33
"297",0.9999,1,33,1,33,0.81010101010101,33,0.81010101010101,33
"298",0.9999,1,33,1,33,0.287157287157287,33,0.287157287157287,33
"299",0.9999,1,33,1,33,0.416585434767253,33,0.416585434767253,33
"300",0.9999,0.967741935483871,31,0.96551724137931,29,0.466089466089466,33,0.433621933621934,33
"301",0.9999,1,33,1,33,0.595493395493396,33,0.595493395493396,33
"302",0.9999,NA,0,NA,0,0,33,0,33
"303",0.9999,NA,0,NA,0,0,33,0,33
"304",0.9999,0.96969696969697,33,0.967741935483871,31,0.910774410774411,33,0.85016835016835,33
"305",0.9999,0.96969696969697,33,0.967741935483871,31,0.817586117586118,33,0.770897004230337,33
"306",0.9999,1,33,1,33,0.933333333333333,33,0.933333333333333,33
"307",0.9999,1,33,1,33,0.963566701497736,33,0.963566701497736,33
"308",0.9999,1,24,1,24,0.464646464646465,33,0.464646464646465,33
"309",0.9999,1,33,1,33,0.903225806451613,33,0.903225806451613,33
"310",0.9999,1,33,1,33,0.903225806451613,33,0.903225806451613,33
"311",0.9999,1,33,1,33,0.98989898989899,33,0.98989898989899,33
"312",0.9999,1,33,1,33,0.480039825494371,33,0.480039825494371,33
"313",0.9999,1,33,1,33,0.197691197691198,33,0.197691197691198,33
"314",0.9999,NA,0,NA,0,0,33,0,33
"315",0.9999,1,33,1,33,0.666666666666667,33,0.666666666666667,33
"316",0.9999,1,33,1,33,0.781601731601732,33,0.781601731601732,33
"317",0.9999,0.888888888888889,9,0.888888888888889,9,0.2,33,0.2,33
"318",0.9999,1,33,1,33,0.503343715108421,33,0.503343715108421,33
"319",0.9999,1,33,1,33,0.937234413096482,33,0.937234413096482,33
"320",0.9999,1,33,1,33,0.710071301247772,33,0.710071301247772,33
"321",0.9999,1,33,1,33,0.533333333333333,33,0.533333333333333,33
"322",0.9999,1,33,1,33,0.444444444444444,33,0.444444444444444,33
"323",0.9999,1,33,1,33,0.448292448292448,33,0.448292448292448,33
"324",0.9999,1,33,1,33,0.812121212121212,33,0.812121212121212,33
"325",0.9999,1,33,1,33,0.869130869130869,33,0.869130869130869,33
"326",0.9999,1,33,1,33,0.81952861952862,33,0.81952861952862,33
"327",0.9999,1,33,1,33,0.764738292011019,33,0.764738292011019,33
"328",0.9999,1,33,1,33,0.729476584022039,33,0.729476584022039,33
"329",0.9999,1,33,1,33,0.802693602693603,33,0.802693602693603,33
"330",0.9999,1,33,1,33,0.581818181818182,33,0.581818181818182,33
"331",0.9999,1,33,1,33,0.805387205387205,33,0.805387205387205,33
"332",0.9999,1,33,1,33,0.802693602693603,33,0.802693602693603,33
"333",0.9999,1,33,1,33,0.776247321701867,33,0.776247321701867,33
"334",0.9999,1,33,1,33,0.758616467707377,33,0.758616467707377,33
"335",0.9999,1,33,1,33,0.8,33,0.8,33
"336",0.9999,1,33,1,33,0.857142857142857,33,0.857142857142857,33
"337",0.9999,1,33,1,33,0.67584940312213,33,0.67584940312213,33
"338",0.9999,1,33,1,33,1,33,1,33
"339",0.9999,1,33,1,33,0.792424242424242,33,0.792424242424242,33
"340",0.9999,1,33,1,33,0.8,33,0.8,33
"341",0.9999,1,33,1,33,0.802693602693603,33,0.802693602693603,33
"342",0.9999,1,33,1,33,0.892255892255892,33,0.892255892255892,33
"343",0.9999,1,33,1,33,0.444781144781145,33,0.444781144781145,33
"344",0.9999,1,33,1,33,0.835016835016835,33,0.835016835016835,33
"345",0.9999,1,33,1,33,0.660733206187752,33,0.660733206187752,33
"346",0.9999,0.96969696969697,33,0.967741935483871,31,0.765864527629234,33,0.718894830659537,33
"347",0.9999,0.96969696969697,33,0.967741935483871,31,0.524050024050024,33,0.47017797017797,33
"348",0.9999,1,33,1,33,0.609733700642792,33,0.609733700642792,33
"349",0.9999,1,33,1,33,0.843097643097643,33,0.843097643097643,33
"350",0.9999,1,33,1,33,0.802693602693603,33,0.802693602693603,33
"351",0.9999,1,33,1,33,0.851948051948052,33,0.851948051948052,33
"352",0.9999,1,33,1,33,0.668109668109668,33,0.668109668109668,33
"353",0.9999,1,33,1,33,0.874074074074074,33,0.874074074074074,33
"354",0.9999,1,33,1,33,0.8,33,0.8,33
"355",0.9999,1,33,1,33,0.446127946127946,33,0.446127946127946,33
"356",0.9999,1,33,1,33,0.60804544599011,33,0.60804544599011,33
"357",0.9999,1,33,1,33,0.923076923076923,33,0.923076923076923,33
"358",0.9999,1,4,1,4,0.0554637281910009,33,0.0554637281910009,33
"359",0.9999,NA,0,NA,0,0,33,0,33
"360",0.9999,1,33,1,33,0.692011019283747,33,0.692011019283747,33
"361",0.9999,1,33,1,33,0.950089126559715,33,0.950089126559715,33
"362",0.9999,1,33,1,33,0.919648093841642,33,0.919648093841642,33
"363",0.9999,1,33,1,33,0.903225806451613,33,0.903225806451613,33
"364",0.9999,1,33,1,33,0.402693602693603,33,0.402693602693603,33
"365",0.9999,1,33,1,33,0.729476584022039,33,0.729476584022039,33
"366",0.9999,1,33,1,33,0.446945646945647,33,0.446945646945647,33
"367",0.9999,NA,0,NA,0,0,33,0,33
"368",0.9999,NA,0,NA,0,0,33,0,33
"369",0.9999,1,33,1,33,0.133472657610589,33,0.133472657610589,33
"370",0.9999,1,33,1,33,0.177339901477832,33,0.177339901477832,33
"371",0.9999,1,33,1,33,0.933333333333333,33,0.933333333333333,33
"372",0.9999,1,33,1,33,0.942110762800418,33,0.942110762800418,33
"373",0.9999,1,33,1,33,0.96551724137931,33,0.96551724137931,33
"374",0.9999,1,33,1,33,0.96551724137931,33,0.96551724137931,33
"375",0.9999,1,33,1,33,0.666666666666667,33,0.666666666666667,33
"376",0.9999,1,33,1,33,0.85458857872651,33,0.85458857872651,33
"377",0.9999,1,33,1,33,0.544011544011544,33,0.544011544011544,33
"378",0.9999,1,33,1,33,0.645559995559996,33,0.645559995559996,33
"379",0.9999,1,33,1,33,0.454025099479645,33,0.454025099479645,33
"380",0.9999,0.962962962962963,27,0.962962962962963,27,0.505483405483405,33,0.505483405483405,33
"381",0.9999,0.96969696969697,33,0.967741935483871,31,0.515610651974288,33,0.479247015610652,33
"382",0.9999,1,33,1,33,0.660894660894661,33,0.660894660894661,33
"383",0.9999,0.939393939393939,33,0.966666666666667,30,0.582307927762473,33,0.544597490052036,33
"384",0.9999,1,33,1,33,0.554112554112554,33,0.554112554112554,33
"385",0.9999,1,33,1,33,0.740495867768595,33,0.740495867768595,33
"386",0.9999,1,33,1,33,1,33,1,33
"387",0.9999,1,33,1,33,0.954698500153046,33,0.954698500153046,33
"388",0.9999,0.714285714285714,7,0.6,5,0.117556517556518,33,0.0704184704184704,33
"389",0.9999,0.962962962962963,27,0.96,25,0.429052765416402,33,0.39769018859928,33
"390",0.9999,0.96969696969697,33,0.967741935483871,31,0.627180899908173,33,0.606978879706152,33
"391",0.9999,1,33,1,33,0.228908128908129,33,0.228908128908129,33
"392",0.9999,0.6,5,0.75,4,0.0967741935483871,31,0.0967741935483871,31
"393",0.9999,1,33,1,33,0.262744416077749,33,0.262744416077749,33
"394",0.9999,1,33,1,33,0.888888888888889,33,0.888888888888889,33
"395",0.9999,1,33,1,33,0.661187297550934,33,0.661187297550934,33
"396",0.9999,1,33,1,33,0.425908434999344,33,0.425908434999344,33
"397",0.9999,1,33,1,33,0.469728256232619,33,0.469728256232619,33
"398",0.9999,1,33,1,33,0.701683501683502,33,0.701683501683502,33
"399",0.9999,1,33,1,33,0.293706293706294,33,0.293706293706294,33
"400",0.9999,1,33,1,33,0.7089072543618,33,0.7089072543618,33
"401",0.9999,1,33,1,33,0.791208791208791,33,0.791208791208791,33
"402",0.9999,1,33,1,33,0.593628593628594,33,0.593628593628594,33
"403",0.9999,NA,0,NA,0,0,33,0,33
"404",0.9999,1,33,1,33,0.571428571428571,33,0.571428571428571,33
"405",0.9999,1,33,1,33,0.892255892255892,33,0.892255892255892,33
"406",0.9999,1,33,1,33,0.888888888888889,33,0.888888888888889,33
"407",0.9999,1,33,1,33,0.8,33,0.8,33
"408",0.9999,1,33,1,33,0.902356902356902,33,0.902356902356902,33
"409",0.9999,1,33,1,33,0.517316017316017,33,0.517316017316017,33
"410",0.9999,1,33,1,33,0.903225806451613,33,0.903225806451613,33
"411",0.9999,1,33,1,33,0.903225806451613,33,0.903225806451613,33
"412",0.9999,1,33,1,33,0.903225806451613,33,0.903225806451613,33
"413",0.9999,1,33,1,33,0.903225806451613,33,0.903225806451613,33
"414",0.9999,1,33,1,33,0.903225806451613,33,0.903225806451613,33
"415",0.9999,1,33,1,33,0.903225806451613,33,0.903225806451613,33
"416",0.9999,0.96969696969697,33,0.967741935483871,31,0.689955864594352,33,0.638777413415901,33
"417",0.9999,1,33,1,33,0.932551319648094,33,0.932551319648094,33
"418",0.9999,NA,0,NA,0,0,33,0,33
"419",0.9999,1,33,1,33,0.828238428238428,33,0.828238428238428,33
"420",0.9999,1,33,1,33,0.806060606060606,33,0.806060606060606,33
"421",0.9999,1,33,1,33,0.903225806451613,33,0.903225806451613,33
"422",0.9999,1,33,1,33,0.903225806451613,33,0.903225806451613,33
"423",0.9999,1,33,1,33,0.903225806451613,33,0.903225806451613,33
"424",0.9999,1,2,1,2,0.0346320346320346,33,0.0346320346320346,33
"425",0.9999,1,33,1,33,0.73168044077135,33,0.73168044077135,33
"426",0.9999,0.96969696969697,33,0.96969696969697,33,0.722371904190086,33,0.722371904190086,33
"427",0.9999,1,33,1,33,0.854208754208754,33,0.854208754208754,33
"428",0.9999,0.878787878787879,33,0.964285714285714,28,0.752071439027961,33,0.703586590543112,33
"429",0.9999,0.96969696969697,33,0.967741935483871,31,0.751636667426141,33,0.705460621250095,33
"430",0.9999,0.96969696969697,33,0.967741935483871,31,0.784511784511784,33,0.72996632996633,33
"431",0.9999,1,33,1,33,0.851261844450699,33,0.851261844450699,33
"432",0.9999,1,33,1,33,0.77889857794164,33,0.77889857794164,33
"433",0.9999,1,33,1,33,0.78961038961039,33,0.78961038961039,33
"434",0.9999,1,33,1,33,0.903225806451613,33,0.903225806451613,33
"435",0.9999,1,33,1,33,0.875663907242855,33,0.875663907242855,33
"436",0.9999,1,33,1,33,0.666666666666667,33,0.666666666666667,33
"437",0.9999,1,33,1,33,0.711784511784512,33,0.711784511784512,33
"438",0.9999,1,33,1,33,0.880459022751513,33,0.880459022751513,33
"439",0.9999,NA,0,NA,0,0,33,0,33
"440",0.9999,NA,0,NA,0,0,33,0,33
"441",0.9999,NA,0,NA,0,0,33,0,33
"442",0.9999,1,33,1,33,0.511784511784512,33,0.511784511784512,33
"443",0.9999,1,33,1,33,0.400826446280992,33,0.400826446280992,33
"444",0.9999,1,33,1,33,0.88992488992489,33,0.88992488992489,33
"445",0.9999,0.96969696969697,33,0.967741935483871,31,0.89033189033189,33,0.836459836459836,33
"446",0.9999,1,33,1,33,0.584641719935838,33,0.584641719935838,33
"447",0.9999,1,33,1,33,0.499465240641711,33,0.499465240641711,33
"448",0.9999,1,33,1,33,0.812121212121212,33,0.812121212121212,33
"449",0.9999,1,33,1,33,1,33,1,33
"450",0.9999,1,33,1,33,0.903225806451613,33,0.903225806451613,33
"451",0.9999,1,33,1,33,0.903225806451613,33,0.903225806451613,33
"452",0.9999,1,33,1,33,0.903225806451613,33,0.903225806451613,33
"453",0.9999,1,33,1,33,0.927859237536657,33,0.927859237536657,33
"454",0.9999,1,33,1,33,0.931571555375782,33,0.931571555375782,33
"455",0.9999,1,33,1,33,0.931508634734441,33,0.931508634734441,33
"456",0.9999,1,33,1,33,0.93430860327412,33,0.93430860327412,33
"457",0.9999,1,33,1,33,0.606060606060606,33,0.606060606060606,33
"458",0.9999,0.95,20,0.944444444444444,18,0.256182973295273,33,0.209901981559736,33
"459",0.9999,1,33,1,33,0.933333333333333,33,0.933333333333333,33
"460",0.9999,1,33,1,33,0.903225806451613,33,0.903225806451613,33
"461",0.9999,1,33,1,33,0.940438871473354,33,0.940438871473354,33
"462",0.9999,1,33,1,33,0.562193362193362,33,0.562193362193362,33
"463",0.9999,1,33,1,33,0.786868686868687,33,0.786868686868687,33
"464",0.9999,1,33,1,33,0.786363636363636,33,0.786363636363636,33
"465",0.9999,1,10,1,10,0.0611570247933884,33,0.0611570247933884,33
"466",0.9999,1,32,1,32,0.328824476650564,33,0.328824476650564,33
"467",0.9999,1,33,1,33,0.47979797979798,33,0.47979797979798,33
"468",0.9999,1,33,1,33,0.903225806451613,33,0.903225806451613,33
"469",0.9999,1,33,1,33,0.96551724137931,33,0.96551724137931,33
"470",0.9999,1,33,1,33,0.998556998556998,33,0.998556998556998,33
"471",0.9999,1,33,1,33,0.903225806451613,33,0.903225806451613,33
"472",0.9999,1,33,1,33,0.761904761904762,33,0.761904761904762,33
"473",0.9999,NA,0,NA,0,0,33,0,33
"474",0.9999,1,33,1,33,0.551707551707552,33,0.551707551707552,33
"475",0.9999,1,33,1,33,0.626262626262626,33,0.626262626262626,33
"476",0.9999,1,33,1,33,0.765367965367965,33,0.765367965367965,33
"477",0.9999,1,33,1,33,0.651370851370851,33,0.651370851370851,33
"478",0.9999,NA,0,NA,0,0,33,0,33
"479",0.9999,NA,0,NA,0,0,33,0,33
"480",0.9999,NA,0,NA,0,0,33,0,33
"481",0.9999,NA,0,NA,0,0,33,0,33
"482",0.9999,0.916666666666667,12,0.9,10,0.186147186147186,33,0.153679653679654,33
"483",0.9999,1,33,1,33,0.953535353535353,33,0.953535353535353,33
"484",0.9999,1,33,1,33,0.97037037037037,33,0.97037037037037,33
"485",0.9999,1,33,1,33,0.983164983164983,33,0.983164983164983,33
"486",0.9999,1,33,1,33,1,33,1,33
"487",0.9999,1,33,1,33,0.453006253006253,33,0.453006253006253,33
"488",0.9999,1,33,1,33,0.802693602693603,33,0.802693602693603,33
"489",0.9999,1,27,1,27,0.654545454545455,33,0.654545454545455,33
"490",0.9999,1,33,1,33,0.66928021473476,33,0.66928021473476,33
"491",0.9999,1,33,1,33,0.494744139016585,33,0.494744139016585,33
"492",0.9999,1,33,1,33,0.619047619047619,33,0.619047619047619,33
"493",0.9999,1,33,1,33,0.806060606060606,33,0.806060606060606,33
"494",0.9999,0.96969696969697,33,0.967741935483871,31,0.688648388648389,33,0.643193843193843,33
"495",0.9999,1,33,1,33,0.591630591630592,33,0.591630591630592,33
"496",0.9999,0.870967741935484,31,0.92,25,0.366067602431239,33,0.301421137784774,33
"497",0.9999,NA,0,NA,0,0,33,0,33
"498",0.9999,1,33,1,33,0.74931129476584,33,0.74931129476584,33
"499",0.9999,1,33,1,33,0.787144168962351,33,0.787144168962351,33
"500",0.9999,1,33,1,33,0.96551724137931,33,0.96551724137931,33
"501",0.9999,1,33,1,33,0.557260920897285,33,0.557260920897285,33
"502",0.9999,1,33,1,33,0.93430860327412,33,0.93430860327412,33
"503",0.9999,1,1,1,1,0.0202020202020202,33,0.0202020202020202,33
"504",0.9999,1,33,1,33,0.697887970615243,33,0.697887970615243,33
"505",0.9999,1,33,1,33,0.857142857142857,33,0.857142857142857,33
"506",0.9999,1,33,1,33,0.534632034632035,33,0.534632034632035,33
"507",0.9999,0.96969696969697,33,0.96969696969697,33,0.620238095238095,32,0.620238095238095,32
"508",0.9999,1,33,1,33,0.666666666666667,33,0.666666666666667,33
"509",0.9999,1,33,1,33,0.666666666666667,33,0.666666666666667,33
"510",0.9999,1,33,1,33,0.626573564034864,33,0.626573564034864,33
"511",0.9999,1,33,1,33,0.927738927738928,33,0.927738927738928,33
"512",0.9999,1,33,1,33,0.805387205387205,33,0.805387205387205,33
"513",0.9999,1,33,1,33,0.8,33,0.8,33
"514",0.9999,1,33,1,33,0.686868686868687,33,0.686868686868687,33
"515",0.9999,1,33,1,33,0.645887445887446,33,0.645887445887446,33
"516",0.9999,1,33,1,33,0.395835141289687,33,0.395835141289687,33
"517",0.9999,0.939393939393939,33,0.931034482758621,29,0.492043982953074,33,0.427114972569518,33
"518",0.9999,1,33,1,33,0.72243648607285,33,0.72243648607285,33
"519",0.9999,1,33,1,33,0.933333333333333,33,0.933333333333333,33
"520",0.9999,0.96969696969697,33,0.967741935483871,31,0.626262626262626,33,0.599326599326599,33
"521",0.9999,1,33,1,33,0.96,33,0.96,33
"522",0.9999,1,33,1,33,0.631933722842814,33,0.631933722842814,33
"523",0.9999,1,33,1,33,1,33,1,33
"524",0.9999,1,33,1,33,0.621212121212121,33,0.621212121212121,33
"525",0.9999,1,33,1,33,0.903225806451613,33,0.903225806451613,33
"526",0.9999,1,33,1,33,0.440670777034413,33,0.440670777034413,33
"527",0.9999,1,33,1,33,0.933333333333333,33,0.933333333333333,33
"528",0.9999,1,33,1,33,0.769146005509642,33,0.769146005509642,33
"529",0.9999,1,33,1,33,0.693665930029566,33,0.693665930029566,33
"530",0.9999,1,33,1,33,0.903225806451613,33,0.903225806451613,33
"531",0.9999,0.966666666666667,30,0.964285714285714,28,0.419874065328611,33,0.385242030696576,33
"532",0.9999,1,33,1,33,0.96551724137931,33,0.96551724137931,33
"533",0.9999,1,33,1,33,0.903225806451613,33,0.903225806451613,33
"534",0.9999,1,33,1,33,0.903225806451613,33,0.903225806451613,33
"535",0.9999,1,33,1,33,0.805050505050505,33,0.805050505050505,33
"536",0.9999,1,33,1,33,0.677685950413223,33,0.677685950413223,33
"537",0.9999,1,33,1,33,0.755922865013774,33,0.755922865013774,33
"538",0.9999,1,33,1,33,0.823569023569024,33,0.823569023569024,33
"539",0.9999,1,33,1,33,0.780772946859903,33,0.780772946859903,33
"540",0.9999,1,33,1,33,0.909612251547735,33,0.909612251547735,33
"541",0.9999,1,33,1,33,0.779124579124579,33,0.779124579124579,33
"542",0.9999,0.96969696969697,33,0.967741935483871,31,0.729270729270729,33,0.677322677322677,33
"543",0.9999,1,33,1,33,0.903225806451613,33,0.903225806451613,33
"544",0.9999,1,33,1,33,0.419332662521517,33,0.419332662521517,33
"545",0.9999,1,33,1,33,0.804885654421258,33,0.804885654421258,33
"546",0.9999,1,33,1,33,0.903225806451613,33,0.903225806451613,33
"547",0.9999,NA,0,NA,0,0,33,0,33
"548",0.9999,1,33,1,33,0.916911045943304,33,0.916911045943304,33
"549",0.9999,0.96969696969697,33,0.967741935483871,31,0.728863475719164,33,0.70034297661043,33
"550",0.9999,1,33,1,33,0.720254567028022,33,0.720254567028022,33
"551",0.9999,1,33,1,33,0.963566701497736,33,0.963566701497736,33
"552",0.9999,1,33,1,33,0.903225806451613,33,0.903225806451613,33
"553",0.9999,1,33,1,33,0.865510479766729,33,0.865510479766729,33
"554",0.9999,1,33,1,33,0.730632025826534,33,0.730632025826534,33
"555",0.9999,1,33,1,33,0.8,33,0.8,33
"556",0.9999,1,33,1,33,0.563452708907254,33,0.563452708907254,33
"557",0.9999,1,33,1,33,0.744903581267218,33,0.744903581267218,33
"558",0.9999,1,33,1,33,0.774780774780775,33,0.774780774780775,33
"559",0.9999,1,33,1,33,0.368870523415978,33,0.368870523415978,33
"560",0.9999,1,33,1,33,0.846508563899868,33,0.846508563899868,33
"561",0.9999,1,33,1,33,0.933333333333333,33,0.933333333333333,33
"562",0.9999,1,33,1,33,1,33,1,33
"563",0.9999,1,33,1,33,0.80952380952381,33,0.80952380952381,33
"564",0.9999,1,33,1,33,0.75,33,0.75,33
"565",0.9999,1,33,1,33,0.670231729055258,33,0.670231729055258,33
"566",0.9999,1,33,1,33,0.933333333333333,33,0.933333333333333,33
"567",0.9999,1,33,1,33,0.680808080808081,33,0.680808080808081,33
"568",0.9999,NA,0,NA,0,0,33,0,33
"569",0.9999,0.916666666666667,12,0.9,10,0.141702741702742,33,0.117460317460317,33
"570",0.9999,1,33,1,33,0.724598930481283,33,0.724598930481283,33
"571",0.9999,1,8,1,8,0.131173203900477,33,0.131173203900477,33
"572",0.9999,1,33,1,33,0.525545498272771,33,0.525545498272771,33
"573",0.9999,1,27,1,27,0.701298701298701,33,0.701298701298701,33
"574",0.9999,1,33,1,33,0.5,33,0.5,33
"575",0.9999,1,7,1,7,0.0945491048257847,33,0.0945491048257847,33
"576",0.9999,0.848484848484849,33,0.928571428571429,28,0.645626051508404,33,0.594447600329953,33
"577",0.9999,0.833333333333333,30,0.875,24,0.616208707117798,33,0.524512524512525,33
"578",0.9999,1,33,1,33,0.581289081289081,33,0.581289081289081,33
"579",0.9999,1,33,1,33,0.384266911539639,33,0.384266911539639,33
"580",0.9999,1,33,1,33,0.844312692138779,33,0.844312692138779,33
"581",0.9999,1,33,1,33,0.417316017316017,33,0.417316017316017,33
"582",0.9999,1,33,1,33,0.903225806451613,33,0.903225806451613,33
"583",0.9999,NA,0,NA,0,0,33,0,33
"584",0.9999,1,33,1,33,0.574314574314574,33,0.574314574314574,33
"585",0.9999,1,33,1,33,0.494752744392363,33,0.494752744392363,33
"586",0.9999,0.96969696969697,33,0.967741935483871,31,0.535594035594036,33,0.500962000962001,33
"587",0.9999,0.833333333333333,6,0.75,4,0.133333333333333,33,0.0787878787878788,33
"588",0.9999,0.96875,32,0.966666666666667,30,0.552380952380952,33,0.514862914862915,33
"589",0.9999,1,33,1,33,0.517316017316017,33,0.517316017316017,33
"590",0.9999,1,33,1,33,0.429752066115702,33,0.429752066115702,33
"591",0.9999,1,33,1,33,1,33,1,33
"592",0.9999,1,33,1,33,1,33,1,33
"593",0.9999,0.96969696969697,33,0.967741935483871,31,0.787878787878788,33,0.757575757575758,33
"594",0.9999,1,33,1,33,0.805704099821747,33,0.805704099821747,33
"595",0.9999,1,33,1,33,0.93430860327412,33,0.93430860327412,33
"596",0.9999,1,27,1,27,0.526406926406926,33,0.526406926406926,33
"597",0.9999,1,33,1,33,0.419235646508374,33,0.419235646508374,33
"598",0.9999,NA,0,NA,0,0,16,0,16
"599",0.9999,1,33,1,33,0.941724941724942,33,0.941724941724942,33
"600",0.9999,1,33,1,33,0.96,33,0.96,33
"601",0.9999,1,33,1,33,0.4,33,0.4,33
"602",0.9999,1,33,1,33,0.719251336898396,33,0.719251336898396,33
"603",0.9999,1,33,1,33,0.54936889419648,33,0.54936889419648,33
"604",0.9999,0.96969696969697,33,0.967741935483871,31,0.591276400367309,33,0.567033976124885,33
"605",0.9999,0.96969696969697,33,0.967741935483871,31,0.575757575757576,33,0.515151515151515,33
"606",0.9999,1,33,1,33,0.903225806451613,33,0.903225806451613,33
"607",0.9999,1,33,1,33,0.903225806451613,33,0.903225806451613,33
"608",0.9999,1,33,1,33,0.62458349731077,33,0.62458349731077,33
"609",0.9999,1,33,1,33,0.940312213039486,33,0.940312213039486,33
"610",0.9999,1,33,1,33,0.722222222222222,33,0.722222222222222,33
"611",0.9999,1,33,1,33,0.951048951048951,33,0.951048951048951,33
"612",0.9999,0.96969696969697,33,0.967741935483871,31,0.415988052351689,33,0.394867758504122,33
"613",0.9999,0.833333333333333,6,0.8,5,0.0646464646464646,33,0.0525252525252525,33
"614",0.9999,1,33,1,33,0.345454545454545,33,0.345454545454545,33
"615",0.9999,1,33,1,33,0.719926538108356,33,0.719926538108356,33
"616",0.9999,1,33,1,33,0.921212121212121,33,0.921212121212121,33
